public/OST50/SN80.asc
ncols 200
nrows 200
xllcorner 280000
yllcorner 200000
cellsize 50
[rows 70 to 104 of 200, columns 0 to 79 of 200]
135.2 138.7 143.5 149.3 158.4 166.4 172.7 181.3 191.9 203.8 220.7 237 257.5 280.2 292.2 306.4 321.3 327.9 332.7 335 336.4 336.5 337.4 350.7 352.3 355.7 360.6 368.7 373 374.1 371.8 371 364.2 334.8 327.1 342.9 340.1 340.2 350.8 369.4 382.5 393.6 399.3 407.1 414.6 422.3 427.2 431.1 433.6 437.6 441.9 444.8 447.2 448.3 448.8 446.9 444.3 441.7 436.7 407.2 369.8 349.2 334 315.2 306.4 304.2 299.8 300.1 310 321.3 328.9 332.1 335.9 344.1 365 392.9 417 430.3 433.2 437.1
137.8 142.4 148.6 155.9 163 169.1 178.8 191.7 205.5 222.2 240 261 283.4 294.5 300.8 311 320.5 329.9 335.1 339.2 341.9 341.1 343.6 348.6 351.4 354.2 361.3 368.3 373.3 376.6 380.1 384.2 380.6 376.1 373.2 369.7 368.3 369.5 372.9 380.8 392.1 399.8 406.7 412.7 418.6 424.9 430 434.2 438 441.1 444.8 447.7 449.6 449.1 447.1 444.8 442.6 440.5 426 386.4 359.3 339.7 323.5 309 297 289.4 294.2 300.7 310.2 317.8 323.7 329.3 335 343.2 361.1 388.4 414.9 427.3 431.4 433
140.7 149 156.1 161.9 167.9 178.7 194.7 208.6 225.5 246.1 266.3 286.4 294.1 299.1 304.1 312.3 319.7 328.1 334 339.1 342.1 342.1 343.3 345.8 350.1 357 366 370.4 375 380.3 384.9 389.3 389.2 390.1 386.6 384.8 386 387.9 386.3 390.4 399.7 405.9 410.7 416.3 423.1 429.7 434.9 437.6 439.5 443 447.1 450.3 448.9 447.5 445.3 443.2 441.1 439.7 408.5 372.3 351.5 328.2 314.4 298.3 289.4 285.9 292.3 298.2 305.4 312.4 317 322.5 329.9 339.4 357.6 382.7 410.1 423 427.2 429.4
147.2 154 161.8 168.5 179.4 195.6 210.6 228.5 249.3 269 284.6 294.3 298.9 304.5 310.7 315.3 319.8 326 331.4 335.7 339.2 340.7 342.2 345.2 350.3 360.7 367.6 371.7 376.3 380.8 385.7 389 390.6 393.9 392.1 392.1 394.5 396.2 395.4 398.9 404.1 409.6 414.9 422.3 428.1 432.6 436 438.6 440.3 442.7 447.9 448.5 446.3 444.6 443 441.3 439.4 437.1 383.5 362.9 341.7 316.4 300.7 292 288.7 278 288.2 294.4 300.9 305.6 309 313.8 321.6 335.5 354.3 379.5 404.2 417.5 424.3 427.2
152.1 159.2 169.2 179.5 193.3 210.4 229.9 249.7 264.9 278.5 293.1 299.3 303.6 307.1 311.7 315.9 318.7 323.2 328.6 333.3 337 340.2 340.7 343.9 352.2 361.3 367.1 369.7 374.3 379.2 384.4 388.2 392.1 395.5 390.7 393.9 397.3 401.2 405.7 408.1 410.6 414.9 421.3 425.1 429.4 433.9 436.2 438.9 441 442 444.3 444.1 443.6 442.3 440.8 439.2 436.9 422.1 380.4 355.7 329.4 306.2 293.5 286.5 283.6 275.6 286.7 291.9 296.2 300.6 305.1 309.4 314 331.6 350.9 373.1 400.9 416 422.3 423.2
156.3 163.5 176.7 190.1 208 228.8 246.1 261.4 271.4 285.6 295.5 299.9 303.4 306 309.9 314.7 318.4 322.2 325.8 329.3 334 338.3 339.9 345.7 353.4 361.8 366.1 367.9 369.6 374.1 376.1 378.8 381.8 384.5 387.2 392 396.4 401.1 406.5 411 416.4 419.9 423 426.5 430.5 434.1 436.4 438.4 438.7 439.1 440.2 440.9 441 440 438.6 437.1 434.5 412.4 375.7 345.6 316.1 297.4 286.4 283.1 269.5 277.8 284.6 288.5 292.5 296.1 301 305.4 308.8 325.1 345.7 370.9 398.9 414.1 418.1 420.4
159.7 173.8 186.1 205.1 224.8 240.5 255.5 267.2 276.1 286.7 293.2 296.6 300.3 304 307.6 311.9 316.6 320.7 323.3 325.8 330.5 337.6 340.5 350.9 357.1 361.4 364.3 366.6 367.3 367.9 370.7 373.6 376.7 379.5 383.3 388.2 393.2 397.9 403.1 409.4 415.6 419.9 423.8 427.6 430.3 431 433 435.1 435.4 435.3 436.7 437.9 438.3 437.7 435.7 433.6 431.5 406.2 371.1 335.5 304.1 286.3 277.5 273.9 263.7 276.8 280.5 284.6 288.8 291.9 296.9 302.9 306.6 319.3 342 365.7 394.8 413.1 416 418.2
171.7 182.7 199.2 219.3 237.6 250.6 263.2 273.7 280 285.1 289.5 293.2 296.8 300.2 304.1 307.2 312.3 318.3 322.7 327.4 331.9 337.2 342.6 351.5 359.2 361.2 362.8 364.7 365.8 366.6 368.6 371.4 376 379.9 384.2 388.4 392.9 396.3 401.6 408.1 414.2 419.7 422.7 425.1 426.9 426.7 429 431.3 431.1 431.8 432.8 433.5 434 433.7 432.1 429 425 398.2 364.4 329.4 299.4 275.9 265.9 263 262.2 272.9 277.4 281.1 284.5 288.1 293.8 300.4 304.9 317.6 338.7 360.6 389 409.9 414.1 415.3
177.1 194 213.5 233 247.4 258.9 269.4 273.6 277.8 282.2 286.2 289.8 292.7 295.7 300.5 308.1 316.9 321.8 327.2 331.9 336.8 342 346.3 351.3 356.7 358.9 360.8 363.2 364.2 365.5 367.7 372.1 377.7 380.3 383.5 388.2 394.5 397.3 400.8 407.5 413.7 418.6 421.3 422.5 424.4 423.5 423.6 426.2 426.8 427.4 427.8 428.4 428.8 428.9 427.9 424.7 420.7 392 357.2 325.4 296.7 269.8 258.7 254 261.1 270 274.2 277.8 280.9 284.3 290.7 297 301.9 313.6 333.7 353.2 374 398.9 411.1 413.7
188.4 212 224.8 242.7 254.4 263.4 267.4 272.1 275.2 277.8 280.1 283.8 292 296.5 302.3 312.9 319.3 323.3 329.3 336.4 343.7 345.9 347.3 350.7 354.6 357.5 359.3 360.4 361.9 364.6 367.8 371.4 374.4 377 380.5 389.9 394.2 397 399 403.1 410.3 414.1 417.4 419.1 421.2 420.9 419.6 422.2 421.9 421.9 422.2 422.7 423.2 424.2 422.9 420.6 416.9 390.1 353 323.8 297 269.8 255.3 246.9 260.3 267.8 271.1 273.9 276.9 280 286.4 293 297.6 305.8 327.1 345.3 360.2 383.5 399.7 411.8
198.2 216.6 235.1 250.1 256 260.2 264.9 269.6 268.9 276.9 282.5 286.9 293 299.2 306.8 313.8 318.9 324.2 330.9 338.8 345 346.9 350.4 352.7 353.6 356.1 356.8 357.3 360.5 363.1 365.7 368.8 371 373.6 378.9 384.8 388.5 393.1 396.4 399.5 403.9 407.5 411 413.2 416 418.7 416.2 414.4 414.3 414.3 415 416 417.1 418 417.6 415.8 413.2 393.4 357.1 323.2 295.7 270 250.9 242 255.2 263.7 267.3 270.2 273.1 276.4 281.7 287.7 292.3 296.1 317.7 335.8 347.4 363 385.3 398.6
205.5 223.2 242.4 249.4 253.9 258.5 263.8 260.2 269.5 278.2 283 287.9 294.3 300.7 308.2 313.7 318.7 327.5 334.8 339.8 344.3 348.6 354.6 355.9 353.7 354.3 353.5 354.8 358.3 361.6 364.2 366.2 367.8 370.8 375.5 378.5 383 389 392.7 396.6 399.3 402.1 405.5 408.3 410.8 411.4 411.8 407.7 406.6 406.6 407.2 408.1 408.9 409.9 410.7 410.6 409.1 393 362.8 326.3 294.8 270.1 247.6 237.5 245.8 256.7 263.6 266.5 269.3 272.3 275.4 281.4 284.9 289.2 305.7 324.9 336.6 350.4 364.9 381.9
211 229.4 242.1 246.8 252.5 257.3 257.5 261.4 270.9 278.4 284.4 287.7 295.9 302.7 308.9 315.7 322.1 328.6 334.9 339.3 343.1 347.3 352.9 355.1 355.3 353.5 350.6 350.8 355.5 359.3 362.3 363.1 364.8 367.4 371 373.7 377.3 382.3 386.9 391 394 397.8 401.7 404.2 405.9 406.1 406.6 404.1 402 399.2 399.6 400.1 400.8 401.1 401.3 401.2 400.2 390.5 363.2 330.2 296.5 270.6 248.6 235 242.3 253.6 258.8 262.5 265.1 267.1 269.4 274.2 278.4 283.9 292.5 311.8 325.4 338.8 352.3 366.2
212.5 232 238.7 244.8 249.8 253.4 253.9 262 271.4 274.3 279.5 289 298.4 304.8 311.3 316.8 322.9 329 334.2 337.9 341 344.4 348.3 351.4 353.7 350.9 344.3 346.3 351.4 356.1 357.7 357.2 359.1 361.8 364.6 367.7 371.6 375.2 380.1 385.2 389.4 392.3 396.7 400.4 402.5 404.1 403.9 401.5 398.8 395 391 391 391.3 390.9 389.7 389.2 389.2 384.1 362.3 333.5 299.4 272.4 250.1 239.4 233.9 250 254.6 258.2 260.1 261.8 264 267.2 273 278.3 284.2 298.1 311.6 326.5 341.5 353.7
217.2 231.3 234.9 240.4 244.6 244.2 251.7 258.4 266.1 269.6 280.3 292.9 300.7 307.1 312.5 318 322.4 327.6 332.6 335.6 337.4 340.4 343.8 346.4 347 340 336.2 341.1 345.4 349.2 349.9 350.1 351.2 352.8 355.2 360.8 364.9 368.1 372.4 377.2 381.8 385.5 391 392.5 394.5 398.7 401.9 399.8 395.7 388.2 381.6 381.3 381.1 380.5 379.2 378.7 378.8 371 350.3 327 301.4 274.7 253 234.5 229.7 244.3 250 253.9 254.9 256.3 258.1 260.5 264.4 269.3 276.5 285.1 296.9 311.9 332.1 342.5
219 226.4 230.6 235.7 235.7 241.8 248.5 257.2 262.7 271.2 285.6 295.6 302.6 308.7 313.1 316.4 320.1 324.9 328.4 329.9 333.5 336 336.6 339.1 339.4 333.4 331.5 335.2 336.9 340.9 341.8 344.3 346.1 348.2 351 354.6 357.7 360.3 364.2 368.3 371.1 374.6 378.8 382 385.5 388.7 391.3 393.3 389.2 383.3 373.7 371.9 371.8 370 369.6 370.1 369 356 333.7 313.9 296.5 275.5 254.1 227.1 233.4 243.3 245.8 248.5 249.1 250.8 252.7 254.2 256.1 259.5 264.9 271.4 285.9 298.2 317.1 329.3
216.5 221.3 226.4 229.2 229.8 242.1 249.3 255.5 264.8 277.6 289.4 296.7 302.7 306.4 309.9 313.2 316.6 320.6 322.7 322.1 323.9 325.3 326.9 330.1 330 327.7 325.8 328.3 330.6 333.7 336.4 339.1 341.8 344 346.7 349.7 352.2 356 358.3 360.7 364.1 368.9 374 379.7 384 387 388.8 388.8 385.5 381.3 371.4 357.5 357.6 356.2 357.3 359 357.5 345.8 320 304.3 288.1 274 253.5 224.8 223.7 231.3 239.2 243.1 243.6 245.9 248.7 249.8 250 251.7 255 262.1 274.4 286.4 304 314.5
216.1 219.6 218.6 222.5 234.2 241.9 247.7 259.6 272.2 281.2 290.6 296.1 299.4 302.6 305.8 309 312.2 314.6 313 310.2 313.6 316.2 317.9 319.8 322.2 322.3 318.3 322.7 324.4 328.8 332.1 334.6 337.2 339.6 343 346.1 349 351.6 354.1 359.4 364.7 371.4 377.8 383.1 387 389.6 390.9 390.6 388.6 381.8 374.1 362 350.4 335.5 334.5 336 337.9 329.2 308.3 297.3 283.1 268.9 252.3 225.9 205.4 218.2 227.3 233.5 238.3 241 242.7 243.4 244.7 245.3 248 252 263 273.5 292.3 302.6
201.8 209.4 218.6 228.3 236.8 243.2 254.9 265.1 275.5 283.9 289.2 292.2 295.7 298.8 301.3 303.8 305.1 303.1 300.3 301 303.1 304.4 305.5 310.4 312.2 312.6 311.8 317.9 321 324.7 326.8 329.4 332.2 335.7 339.8 342.4 345.3 351 357.2 363.9 369.8 374.5 379.8 384.1 388.3 391.5 393.1 393.5 392.5 385.7 378.9 374.7 368.6 356.4 336.8 315.7 308.5 307.1 297.6 288.1 275.7 266.5 250.3 226.4 205.9 206.7 219.5 225.7 233.3 235.6 236.9 236.5 239.4 239.3 241.3 245.9 255.1 265.7 281 290.2
208.8 218.7 221.4 231.2 237.8 246.5 258.5 270.2 277.5 282.9 286.2 289 291.9 294.4 296 297.8 294.4 289 288.8 290.6 292 292.8 295.2 301.3 302.8 299.8 309.4 314.7 317.5 317.1 312.4 319.2 325.4 329.4 337.3 342.8 347.7 352.9 360.1 368.1 372.6 377.1 381.6 386 389.8 392.3 394.6 395.4 394.6 389.9 382.8 380.3 376.8 368.8 349.1 330 308.6 286.5 284.6 281.4 269.5 264.1 246.1 226.5 210.3 189.7 209.4 221.5 228.4 229.1 230.7 230.8 231.6 232.1 235.8 238.5 246.8 259.3 272.7 278.4
211.2 218.3 222.6 232.5 238.8 250.5 262.6 272.3 277.3 280.5 282.9 285.4 287.7 288.5 287.7 285.3 277 274.7 276.8 278.3 277.4 281.1 284.9 291.1 289 299.6 305.9 310.7 303.8 314.5 321.3 325.6 329.2 335 339.1 344 349.1 355.2 362.9 369.1 373.1 377.8 381.7 386.7 390 393.2 395.4 396.6 396.7 391.1 385 379.5 377.6 371.7 356.3 333.2 303.5 279.1 273.1 266.6 261.7 254.8 239.1 231.6 217.2 202.8 188.4 201.1 220.6 222.4 223.9 223.7 224.2 224.6 232 234.4 244.2 256.2 266.1 269
210.3 217 225.3 238.7 243.9 258.1 266.4 272.2 275.5 278.1 279.4 281.3 282.8 276.4 270.9 265.8 261.8 263.2 266.6 268.3 268.7 272.3 274.9 279.4 290.4 295.7 299.3 296.3 298.6 316 320.8 325.2 330.4 335.3 339.9 345.4 351.6 359.8 365.9 369 373.1 377.7 382.2 386.9 391 393.7 395.5 396.6 395.6 390.1 385.2 380.6 374.9 370.9 357.8 334 299.1 279 263.3 250.5 252 244.2 237.7 232.5 224.8 210.7 194.9 175 206.8 216.4 215.7 217 212.7 220 227 230.1 238.9 249.2 256.6 261.5
208.7 215.3 232.4 244.7 251.3 262.4 266.3 269.4 271.5 273.2 275 275.2 270.3 261.5 259.6 255.3 252.6 253.8 256.6 259.2 258.5 263.4 274.8 279.8 278.5 277.2 281.2 293.1 309.3 315.5 320.2 324.8 330.2 335.1 341.4 347.8 354.6 364.1 370.1 372 375.1 378 382 386.3 390.1 393.3 395.4 395.8 393.9 388.4 383.7 379.6 374.6 367.4 356.8 333.3 299.2 277.1 271.7 260 235.8 235.9 233 227 225.8 218.6 202.2 173.3 188.8 208.4 209.9 210.1 208.7 213.4 221.3 226.2 232.6 241 248.1 254.6
207.2 217.1 237.9 248.6 253.9 258.5 262.4 264.8 266.6 268.1 268.4 263 254.3 251.9 248.4 242.1 238.9 240.5 245.4 245.1 248.4 253.5 259.9 268.5 286.5 293.7 299.3 304.6 309.4 314.9 319.5 323.7 329.6 335.5 341.4 347.3 355.3 363.1 368.6 371.9 376.5 380.6 384.3 387.7 391.2 393.5 395.3 394.4 391 386.6 381.8 377.7 373.4 363.8 356.4 337.1 304.7 276.5 270.7 261.8 249.5 234.6 219.4 222.3 220.3 214.1 198.3 176.2 177.3 189.3 199.3 197.9 202.4 208 216 222.4 224.6 230.6 234.1 249.5
206.6 222.5 240.7 247.7 251 254.3 257.6 259.2 260.6 259 249.9 244.4 241.6 233.7 227.1 232.9 241.1 248.2 255.1 260.2 251.8 263.4 273.5 280.7 287.3 280.9 287.7 297.6 305.5 314.5 321.4 326.3 331 336.2 341.4 348.3 356.3 362.9 368.5 371 375 379.4 384.8 389 393 395.3 395.5 392.4 388.1 383.7 378.9 374.1 368.7 361.2 355.3 343.3 312.8 279.5 268.4 257.9 247.6 234.8 222 206.3 210.8 204.1 190.9 173.4 163.6 179.3 176 190.9 197.8 202 210.3 215.7 216.9 220.1 227.2 243.9
208.7 226.6 238.4 243 246.5 250 251.9 252.7 247.2 240.9 235.7 230.8 223 216.7 230.5 239.6 248.6 256 263.6 268.5 271.1 270.4 266.7 270.8 281.1 291.9 297.2 302.4 312.9 317.3 319.7 326.3 331.9 337.1 342.3 348.7 354.7 360.9 363.9 370.3 375.9 381.4 386.8 391.6 395.2 397.5 395.2 389.8 385.2 380.3 374.8 370.1 364.9 356.7 351.6 343.3 323.5 285.5 268.7 252.8 242.5 230.5 220.3 214.7 200.7 194.6 186.8 172.2 155.3 169.4 181.5 189.7 194 197.9 203.9 207.5 209.2 211.6 220.8 233.1
210.5 226.8 232.8 236.8 241 244.6 244.2 238.9 232.9 229.2 222.9 213.1 203.1 198 226.5 241 250.5 257.5 265.2 270.9 274.3 277.2 279.7 281.1 286.6 297.8 304.3 313.1 317.2 322.7 326.7 330.2 332.9 338.5 344.3 350.4 356.7 361.7 366.7 372.4 378.4 383.9 390.2 395.2 398.2 398.8 393.6 386.6 380.5 374.8 369.7 366.1 357.8 352.4 348.3 341.1 329.7 301.3 278.4 252.3 236.7 223.6 217.5 212.1 205 190.4 172.5 164.2 146.8 162.3 175.5 184.8 190.7 194.5 196.3 198.9 202.6 206.4 214.1 222.2
210.2 221.7 227.4 230.7 234.9 236.3 231.7 225.1 221.9 216.7 205.2 193.3 208.9 220.4 232 242.5 251.1 258.6 266.6 273.7 278.2 282.3 287.1 291.4 295.5 301.8 309.6 317.2 323.4 328.5 332 334.7 336.7 341.1 348.3 354.6 360.6 364.2 369.7 375.9 382.2 390.6 396.7 402.2 402.8 398.8 391.3 381.5 374.7 369 364.3 361.1 352 348.8 344.2 335.2 323.2 308.4 287.7 265.2 242.7 221 214.6 209 200.5 188.7 170.8 145 146.7 156.1 163.3 176.5 184.5 188.2 189.3 191.7 194.1 198.6 205.4 213.2
207.7 216.9 219.7 223.9 225.3 225 220.1 212.8 208.1 196.3 197.8 209.5 220.5 228.2 236.4 245.2 252.8 260.6 269.3 276.9 282.6 288.1 295 301.3 305.9 312.1 318.8 323.9 329 333.1 336.6 339.4 342.6 346.3 351.4 357.1 362 366.4 372.2 383.3 391.1 396.6 400.1 402.6 402 396.2 385.6 376 368.1 362.3 357.9 351.5 347.5 344.9 338.4 327.4 314.2 299.3 288.9 274.6 253.5 225.9 212.5 206 197.8 186.4 174.1 155.1 135.9 150.5 151.6 166.2 174.8 179.7 181 181.1 185.6 191 196.1 203.2
204.3 210.9 214.2 215.7 216.6 211.6 205.4 195.4 181.7 193.1 209.8 217.5 225 232.4 240.2 248.1 256 263.7 272.5 281.4 287.5 295.4 303.3 309.7 315.1 321.2 326.7 330.6 334.4 337.8 340.8 343.6 347.2 351.2 356.1 360.5 364.3 369.8 378.2 384.4 390.1 396.6 399.1 401.2 401.3 392.1 380.7 370.3 362.5 354 348.1 345.5 343 338.3 331 318.8 301.9 292.2 287 280.2 263 236.5 213.9 203.4 196.3 187.4 177.4 161.6 132.7 135.1 133.8 139.5 163.6 171.9 172.8 174.4 180.1 184.4 188.4 194.4
199 201.4 202.8 201.2 199.7 195 184.4 177 192.5 204 213.8 221.2 228.1 235.3 244 252.3 260.2 270 277.9 284.2 294.1 302.9 310.1 316.4 322.1 328.1 333.6 337.6 340.2 343.1 345.5 348.3 351.8 355.7 359.6 363.4 368.6 373.7 377.1 381 387.1 394.9 397.5 399.4 399.3 386.9 375.2 364.3 354.5 344.9 340.9 338.8 335.8 330.1 320.6 307.5 291.7 286.2 282.3 277.1 268.2 247 220.8 205.3 195.6 186.5 178.3 167.9 156.2 142.6 129.6 109.5 148.3 162.8 165.3 166.9 172 176.5 179.6 186
187.2 188.5 189.7 188.4 183.4 177.8 173.7 190.2 198.5 207 216.5 223.6 230.9 238.4 248.2 256.9 266.6 273.2 277.8 288.7 299.8 309.3 316 323 328.9 334.9 340.3 344.6 347.6 349.2 350.9 353.5 356.8 360.2 363.2 367.2 371.3 373.9 376.6 379 384.9 391.6 395.4 397.5 394.9 381.5 369.3 357.4 345 336.8 332.3 330.5 326.7 317.5 311 296 284.4 279.7 274.9 270.5 266.3 259.2 236.6 212 199 187.2 177.5 169.5 163 155.4 145.7 117.1 117.6 143.2 158.5 160.8 165.5 169.4 171.3 177.5
175 176.4 175.9 170.3 169.2 170.2 186.2 193 200 209.9 218.7 225.7 232 242 252.5 261.2 267.6 273.7 284.3 294.8 305.3 314.5 321.5 328.7 335.4 341.4 346.7 351.2 354.9 356.7 358.4 359.8 361.5 364.6 367.2 371.1 373.5 375.7 378 380.3 383.9 388.1 392.7 394 389.1 376.2 363.5 345.9 338.3 329.6 320.4 315.5 313.3 308.6 296.4 281.1 276.9 271.1 266 262.4 259.8 258.3 248.3 220.3 206.2 192.5 177.6 169.1 163.2 157.3 150 124.9 93.9 128.9 137.2 154.8 157.2 160.8 161.6 165.7
167.2 168.4 160.9 170.5 180.3 184.1 180.3 191.5 202.6 214.9 221.4 226.7 235.2 246 254 260.4 268.2 279.4 289.2 299 310.8 319.9 327.3 334.3 341.3 346.7 351.6 356.1 360.2 363.6 363.1 364.4 366.2 368.4 371 374.4 377 379 381.9 384.3 385.9 387.3 389.3 390.5 381.5 372 358.7 344.7 333.2 320.4 302.9 293.2 295.8 291.8 278.7 273.4 267.8 262.1 257.3 253.8 254.4 254.7 251.4 230.8 210.8 199.1 181.7 166 159.7 153.7 145.5 130.6 97.8 92.6 107.3 117.1 129.5 148.5 152.2 155
158.5 153.6 166 178.3 184.3 188.3 190.7 196 206.2 205.1 223.1 229.4 236.5 244.7 252.3 259.8 272.1 282.8 293.1 305.7 316.9 324.7 331.7 338.2 343.9 348.8 355.2 360.9 364.8 367.1 367.4 368.3 370.2 372.8 376.4 380.4 383.4 385.5 387.2 388.7 388.2 388.7 388.4 387 376.7 368.3 355.1 339.4 326.7 312.1 292.5 272.9 268 268.3 267.3 263 256.2 250.7 247.6 248.5 250.5 250.8 248.8 236.5 216.3 205.4 189.7 169 156.9 149.8 141.3 130.8 107.9 87.2 87.3 108 128.9 139.1 142.6 146.5
