public/OST50/SN81.asc
ncols 200
nrows 200
xllcorner 280000
yllcorner 210000
cellsize 50
[rows 140 to 174 of 200, columns 78 to 155 of 200]
162.3 164.3 166.4 168.7 172.5 176.2 177.3 179.5 182 184.6 189 193.4 198.2 204.6 211.3 221.8 232 242.4 252.7 263.7 273.3 281.1 285.7 289.4 295.3 303.4 308.4 312.2 320.1 322.8 323.2 322.1 321.1 322.8 324.9 328 331.1 332.8 334 334.1 334.5 332.3 332.6 335.8 334.7 334.8 334.1 332 329.8 303.2 300.1 313.3 320.6 322.5 319.8 322.7 323.4 321.9 319.8 318.2 316.9 313.1 310 306.8 300.6 303.1 312.4 314.6 316.3 316.7 319.7 323.6 327.2 329.7 332.5 335.1 339.6 345.2
164.2 170.6 172.1 174.5 177.2 179 180 181.4 184.2 187 190.7 195.3 200.9 207.5 214.9 225.5 234.4 243.1 254.5 262 268 274.1 281.7 288.4 297.7 304.6 307.7 310.3 313.5 315.2 315.4 314.1 314 317 320.2 323.5 325.8 327.7 329 327.9 327.9 324.9 325.3 326.9 328.3 328.6 328.3 326 314.5 293 308.4 319 322.9 323.3 319.7 317.5 317.1 314.9 315.1 314.6 311.3 307.9 297.7 301.1 304.6 310.5 314.6 317 319.5 322.3 325.4 329 331.9 334.6 337 339.6 345.4 349.8
161.3 169.8 173.3 174.7 176.5 177.7 180.8 183.9 186.5 189.4 192.4 197.4 203.9 211.5 220 228.6 237.4 247.5 255.4 259.2 264.3 266.2 279.5 285.8 298 301.9 302.9 303.8 305.6 307.2 306.7 306 308.4 312.1 315.3 318 320.3 322.6 323.7 322.1 320.3 319.8 319.9 320.8 320.4 320.3 318.4 316.5 293.9 301.4 317.3 319.4 319 317.5 316.2 316.2 316 314.7 309.6 309.4 302.3 297.4 303.1 306.6 308.2 312.6 315.9 319.2 322.4 325.7 328.9 332.3 335.4 339.7 343.3 346.6 351.3 355.9
169.4 166.9 168.5 171.9 174.8 178.8 180.3 183.8 187.6 190.5 194 198.3 205.4 213.9 221.5 230.6 240.7 250 259.7 265.8 270.5 273.2 278 285.6 291.8 293.6 290.9 293.2 295.5 297.3 298.1 300 303.4 307.3 310.1 312.8 315.4 317.8 318.9 317.9 317.4 316.5 315.5 314.7 314.4 314.3 313.8 310.4 288.8 304 314.8 313.7 312 310.2 308.4 308.5 307.9 301.6 298.3 296 298.6 306.5 308.4 308.8 309.3 312.9 316.7 320.8 325.5 327.9 329.9 333.4 336.9 341.2 344.8 349.6 354.3 359.3
167.4 169.4 170.1 171.1 173.4 176.4 178.8 181.7 186.2 189.9 194 198.8 207.2 215 224.3 235.2 244.9 253.8 261.8 268.1 272.9 277 279.3 280.6 282.2 283.6 287.2 287.6 287.5 289.9 292.2 295.6 299.8 303.3 306.6 309.5 311.7 312.9 313.7 313.9 314.2 312.8 312.3 311.6 311.4 311.1 310.8 302.8 287.5 302.3 308.5 306.2 304.1 303.8 300.5 296 294 293.1 293.2 304.8 309.1 308.7 308.9 308.9 309.7 311.5 317.1 322.5 327.9 330.6 332.3 334.7 336.6 338.8 342.9 349.8 356.3 361.7
168.6 170.9 173.5 174.5 176.4 178.8 181.8 187.3 190.2 191.4 193.4 199.8 208.9 219.6 230.9 240.1 248.4 256 262.3 265.2 268.8 271.1 273.3 275.4 278.2 278.6 279.5 279.5 280.3 284.1 288.3 293.2 297.5 301 304.3 305.9 307.3 308.2 309.1 310.4 310.3 309.2 309 308.4 308.2 307.9 307 298 285.2 299.8 301.2 297.6 294.5 289.6 287.8 290.4 290.8 306.9 312.8 311.1 308.8 308.8 308.7 308.4 309 310.5 317 324.6 330.7 333.8 333.9 332.5 330 332.9 341.1 350.2 357.1 361.2
169.8 173.1 175.8 178 180.6 184.7 187.6 190.6 196 202.1 202 203.2 213.6 225.6 235 243.7 250.7 255.4 258.4 259.1 262.6 264.6 265.6 264.2 265.9 277 270.9 270.7 278.2 283.4 287.4 291.6 294.7 297.5 300.5 301.4 303 303.8 305 305.9 305.9 305.7 305.6 305 303.5 302.6 300.4 292.4 284.8 293.3 291.1 283.8 288.6 294.3 301.1 307 309.2 310.4 310.7 309.3 308 307.8 308.1 308 308.7 310.5 318.2 325.8 329.9 330.9 329.5 327.2 326.9 331.5 341.7 350.5 355.6 357.4
172.6 175.6 180.1 183.9 188.4 190.2 191.8 196.3 202.1 208.8 213.4 214.6 218.5 226.9 235.7 242.5 246.6 250.1 252.2 254 256.9 259.2 259.9 260.3 261.5 266.3 267.7 270.1 276.8 281.3 285.5 289.1 292 294.2 296.6 298.4 299.8 300.9 301.8 302.5 302.6 301.4 299.6 298.8 296.1 294.1 292.1 284.3 281.8 282 282.6 290.5 299 301.7 302.2 306.9 308.6 309.3 308.8 307.4 306.7 307 307.4 307.5 308.7 312.8 319.7 324.4 326.4 326 324.6 325.4 326.9 333.8 342.3 348.5 351.2 352.1
180.3 185.1 189.8 192.6 196.6 198.6 201.5 204.9 207.9 211.6 218.2 221.5 219.5 221.8 228.6 235.6 241.6 246.8 252.8 256.9 259.3 260.2 260 259.7 260.4 264.1 273 270.9 276.4 280.6 285.2 287.9 290.7 293.3 294.9 296.6 297.5 298 298.5 298.5 298 294.9 292.7 290.6 287.2 283.6 280.9 279.8 280.1 281.7 291.6 295.4 300.6 302.5 301.9 303.8 305.9 306.7 306.6 305.9 305.5 306.3 306.8 308.1 310.3 314 317.7 320.9 321.9 322.5 323.9 325.7 330.9 337 341.8 345.1 346.7 348
192 194 197.7 202.2 204.9 208.1 211.2 214.9 217.9 218.4 220.6 226.1 226.6 226.8 235.9 241.5 247.2 251.8 255.8 258.7 258.5 258.7 258.7 259.6 261 261.2 266.5 272.9 277.6 283.6 287 288.4 289.8 291.2 292.4 293.8 293.9 293.9 294.2 293.4 291 288.6 284.5 276.8 273.5 274.4 275.4 277.3 277.2 291.7 295.8 299.3 301.5 302 302.6 302.8 303.5 304 304.4 304.9 304.5 305.6 306.9 309.7 312.4 314.2 315.6 318 320.6 322.9 324.9 327.7 331.4 335.1 338.5 340.6 342.6 343.6
203.5 206.5 208.5 212.3 214.8 215.8 217 218.7 220.5 221.2 225.8 231.9 235.6 236.9 243.2 248.9 252 254.8 256.1 255.9 256.5 257.7 261.3 267.3 269.6 268.7 268.5 272.1 276.5 280.7 283.4 284.5 284.5 285.9 287.5 288.5 288.9 289.2 288.4 286.7 284.6 276.3 271.8 271.2 271.8 273.3 275.9 282.6 290 293.3 295.9 298.1 299 300.6 301.2 302 302.7 303.3 303.4 302.7 303.5 305.6 307.2 309.6 311.9 313.9 315 316.9 319.1 320.5 322.6 324.8 327.8 330.7 333.9 336.9 338.9 339.1
211.6 214.1 216.1 216 217.6 218.6 219.4 221.1 222.4 223.3 229 235 240.2 244.6 246.8 250.6 252.8 254.5 255.9 259.4 262.4 266.1 269.7 273.4 275.6 275.2 274.7 274.5 276.4 279.5 280.9 281.8 281.9 282.5 283.1 284 284.2 284.2 282.8 281.1 273.5 268.1 269.3 273.5 282.9 284.4 286.6 288.1 290.6 292.4 294.1 295.2 296.2 298.3 299.7 300.2 301 301.4 301.5 301.2 302.5 305.1 306.7 309.1 311 313.2 314.5 315.7 317.8 318.9 319.8 321.3 323.6 326.6 329.4 332.9 333.2 337.6
211.4 213.9 214.6 214.4 215.9 217.3 218.9 220.9 223.5 227.8 230.3 235.9 241.3 244.5 248.8 251.9 255.5 258.6 262.5 266.4 269.5 271.9 273.3 273.1 271.8 271.8 271.5 273.9 276.9 277.3 278.1 279.2 279.6 279.2 279.6 280.6 280 278.8 277.4 273.4 264.9 268 274.3 282.1 284.4 285.7 286.8 287.9 290.1 290.8 292.2 293.3 295 296.3 297.2 298 298.3 298.4 298.4 298.7 301.7 304.4 306.4 308.4 310.2 312.1 313.5 314.6 315.5 316.5 317.5 319.2 321.2 324.1 327.1 328.2 331 334.7
210.6 212.6 215 217.3 216.2 216.3 220.5 224.1 228.5 234.9 241.3 242.4 247.1 252.4 255.6 258.9 261.2 264.2 267.6 269.7 269.6 269.2 267.3 266.8 265.4 265.3 265.1 268.2 271.4 273.5 274.9 275.1 275.9 275.7 275.5 275.2 274.7 273.5 267.6 267.2 274 277.8 279.2 281.5 283.1 284.5 286.1 287.7 288.4 289.1 290 290.9 292.3 292.8 293.1 294.7 294.8 294.3 296.2 298.5 301.3 303.9 305.9 307.7 309.5 310.2 311 311 311.8 312.5 313.7 315.9 318.6 321.3 321.4 325.6 330 332.3
205.8 212.5 213.4 216 217.3 220.2 224.6 229.4 233 237.2 242.4 246 250.6 254.2 259.8 264.5 266.3 265.2 265.7 265.3 263.9 261.7 259.8 258 257.3 257.2 259.2 263.8 268.2 270.3 271.8 272.1 272 271.4 271.5 271.4 269.6 260.8 270.9 275.2 278.4 280.5 281.7 282.8 283.2 283.6 284.4 285.4 286 286.5 287.4 288.3 289.6 290.3 291.2 292.8 292.9 294.3 297.2 299.6 301.7 303.4 304.9 305.9 306.4 306.9 307.1 307.3 307.2 307.7 309.2 311.2 314.1 317.6 322.5 325.7 328.7 330.4
185.7 189.7 186.3 187.8 200.3 212.4 219.5 225.7 232.4 238.8 243.3 248.6 254.8 258.5 260.1 261.3 261.1 259.7 258.7 257.9 256.2 254.6 253.7 253.4 254.6 255.9 262.2 267.4 272.1 273.6 270.5 269.3 267.9 268.1 267.2 264.2 266.7 272.7 275.9 278.8 281.1 282.2 282.5 283.2 283.1 283.2 282.5 283 283.3 283.6 284.6 285.7 286.9 287.9 289.2 289.9 289.8 292.7 295.3 297.6 298.9 299.8 300.7 301.7 301.3 301.6 300.7 300.7 301.3 302.7 305 307.9 311.9 316.7 321.1 324.2 326.1 327.1
165 162.8 171.2 168.3 169.1 182.8 203.1 220 228 239.4 244.9 250.6 253.6 254.2 254.3 253.9 254.3 252.7 251.3 250.8 249.2 250.9 254.3 258.4 262.7 263.3 262.6 267.9 272.2 271.2 267.7 266.1 265.5 265.9 263.5 264.8 271.6 275.1 277.6 279.3 280.5 281.3 281 280.8 280.4 280.5 280.3 280.6 280.9 281.3 282 282.9 284.1 285.1 286.5 285.6 288.8 290.3 291.3 292.2 292.8 293.8 294.4 294.9 294.4 293.7 295.2 297 299.4 301 303.7 308.1 313.6 317.4 319.9 321.6 322.4 322.2
193.8 197.2 197.7 202 200.8 191.4 169.6 200.2 215.6 227.4 235.7 240.5 239.3 239.9 242.1 244 246.5 246.4 245.4 244.9 247.7 254.2 259.3 263.7 267.4 269 266.2 264.3 266 264.6 263.6 262.8 262.9 263.4 256.3 264.9 270 273 274.6 275.5 276.2 276.8 276.7 276.7 277.1 277.7 277.9 278 278.3 278.7 279.3 280.2 281.3 282.5 281.7 284 285.8 286.4 285.6 287.5 287.1 288 288.8 288.1 290.9 293.3 295.3 297.9 300 301.5 306.5 310.7 314.4 316.3 316.7 317.1 316.6 314.8
220.3 223.5 221 227.9 226.4 216.4 201.4 170.9 194.3 206.7 211.2 214 221 226.5 229.1 232 236.3 236.8 239.8 244.6 250.5 256.3 258.9 262.8 265.8 265.9 264.8 262.4 260.7 260 258.7 258.6 258.2 256.4 257.4 260.8 264.8 267.7 269.1 269.9 270.4 270.8 272.5 273.3 274 274.8 275.1 275.2 275.6 276.9 277.4 277.5 277.8 278.3 278.5 279.9 280.2 281.6 282.2 283.8 281.9 284.7 288.3 291.3 293.6 295.4 296.6 298.7 301.3 302.7 305.3 308.1 309.9 311.2 310.6 308.1 310.5 313.7
235.3 237.7 233.6 236.6 239.1 233.7 228.3 208.9 187.6 183 182.9 193.4 200.4 206.1 208.8 211.2 217.9 223.5 232.5 242.1 248.4 250.8 253 256.9 258.9 259.2 259 257.7 255 254 253.3 253.3 251.7 250.3 254.9 257 260.3 262.5 263.9 264.5 264.9 265.8 267.8 270 272.1 271.1 271.9 272.8 274.1 274.7 274.6 274.5 274.8 275.1 275.7 276.1 276.3 276.8 274.8 280.8 284.1 287.4 290.4 293.4 295.8 298 299.4 299.8 300.8 302.6 303.4 304.2 305.3 306.3 305.2 309.5 313.1 315.1
239.7 241.1 241.9 241.3 243.4 244.2 244.5 234.6 224.9 221.6 223.4 214.4 200.7 186.6 185.1 195.2 185.7 196 196.3 205.7 208.5 226.4 242 249.4 251.1 251 249.9 248.4 244 246.8 247.9 247.6 246.6 251.2 253.7 255.1 256.2 260.1 259.8 261.8 264 265.5 266.9 267.7 269.3 270 270.9 271.4 271.3 271.8 271.7 271.6 272 271.9 272.2 272.4 272.5 272.5 278.9 282.4 285.5 288.9 292.1 295.1 297.4 299.6 300.5 302.1 301.9 301.3 300.5 300.8 301.7 301.5 305.5 308 310 311.5
242.5 243.1 243.2 243.3 244.4 244.9 245.4 246.1 246.9 248 247.3 239.2 243.2 220.7 209.9 231.9 239.7 224.9 222.8 219.8 221.1 196.6 209.7 230.6 227.8 231 230.1 225.7 213 230 244.3 245.6 249.5 251.7 253 254.5 256.6 259.2 261.3 264.2 266.3 268.6 269.9 269.9 271 271.9 271.6 270.8 269.2 268.7 268.5 267.5 268 267.5 268.1 268.9 271 274.8 278.9 282.7 287 290.3 293.6 296.2 298.3 299.1 299.6 298.9 298.3 297.2 296.7 297.4 298.4 298.3 302.9 304.8 306.5 307.3
246 245.2 245.5 245.8 245.5 246.2 246.8 247.6 248.5 250.4 251.3 251.4 251.1 240.2 218.9 238.5 244.5 244 242.9 243.3 243.4 222.4 216.7 202 214.4 203.4 211.6 229.6 239.3 246 249.3 251.3 253 254.1 254.6 256.8 259.4 261.7 263.3 266 267.9 269.3 270.5 270.9 271 269.8 268.5 267.2 265.4 264.1 263.5 263.3 264 264.5 264.8 266.9 270.8 274.8 279.1 283.8 288.1 291.8 294.9 296.7 297.4 296.5 295.2 294.5 293.3 292.9 293.1 294.8 296.3 295.7 299.8 301.3 302.8 303
247.4 248.2 248.6 249.1 248.2 248.3 248.5 248.9 250 252.3 252.4 252.4 251.8 251 241.7 225.1 240.5 241.7 240.1 241.5 242.7 242.1 237.1 242.1 244.3 243.2 242.3 246.2 249.4 251.8 253.2 254.4 255.5 255.9 256.2 258.2 260.8 262.8 263.6 266.1 267.9 269.1 269.4 268.9 267.9 266.5 264.8 263.5 261.8 260.4 260.6 260.8 261.9 262.5 265.9 269 270.3 274.5 279.1 283.2 287.9 291.8 294.1 294.7 293.7 292.4 290.9 289.6 289.2 290.6 291.5 292.2 293.5 295.9 298.4 299.7 299.9 300
245.5 249.1 250.1 250.7 251.6 251.2 251 251 251.5 252.9 253.3 252.9 251.3 249.7 247.6 241.4 231.3 236.2 240.2 243.2 245.8 247.1 249.5 252.3 251.3 248.3 248 248.6 250.9 252.2 253.6 254.7 255.8 256.8 257.2 258 260.5 262.1 263.6 265.6 267 266.8 266.3 265.4 264.6 263.1 261.5 259.9 258.7 258.4 258.3 259.1 262.6 265.1 268.8 272.6 275.7 277.7 277.7 279.7 285.2 289.6 290.8 290.3 289.4 288.5 287.3 286.6 286.9 287.1 289 292.2 294.5 296.4 297.8 298 297.9 297.7
251.3 250.2 248.6 251.6 252.8 253.6 253.8 253.1 251.1 251.5 252.7 252.7 250.4 247.6 242.9 236.6 240.1 242.8 244.5 247.4 250.6 253.1 255.9 256.9 254.2 251.1 250.2 251.4 251.9 252.6 253.8 254.9 255.7 256.5 257.2 257.7 259.2 261 262.1 263.2 263.5 263.4 263.2 262.5 261.2 259.8 258.2 256.8 256.5 256.4 257.2 260.9 264.8 267.9 272.1 276.1 279.2 281.4 282.4 281.9 282.4 285.5 285.8 286.1 285.2 284.6 282.5 284.6 285.9 287.5 289.3 291.1 292.8 294.5 295.4 295.8 296.2 296.7
253 251.6 250.8 252.2 252.6 252.7 252.6 251 248.9 248.9 249.5 251.3 250.2 246.9 239.2 241 244.7 246.8 249.5 252.1 254.8 256.5 256 254.7 252.5 252.7 255.1 255.2 255 254.6 253.8 255.1 255.5 256.1 256.5 256.7 257.6 258.9 259.5 259.4 259.7 259.6 259.6 259.3 257.2 255.9 254.8 254 254.3 256.3 260.3 264.5 268 271.5 275.7 279.8 282.5 284.1 284.5 283.7 284 283.9 283.4 281.8 281.4 281 285.7 287.6 289.4 290.1 292.2 293.8 295.1 295.7 296.3 297 297.1 299.5
255.8 253.8 251.6 249.7 251.4 249.9 250.6 248.7 247.9 247.6 247.2 247.9 248.1 244.2 240.9 243.8 246.5 249.6 252.2 253.7 254.2 254 253.7 251.7 251.6 253.5 255.2 255.7 255.5 256 253.9 253.9 254 254.1 254.5 254.2 254.9 253.9 255.4 255.9 255.6 255.3 255.1 254.5 253.2 251.7 250.8 252.7 255.6 259.7 263.8 267.8 271.3 275 279.1 282.7 285.1 286.1 285.3 284.1 282.9 282.6 282 279.9 278.4 282.8 286 288 290.4 292.2 294 295.3 295 294.9 294.7 293.8 293.8 294.2
258.6 256.6 253.5 249.9 247.8 248.3 248.4 247.2 246.7 246.8 245.9 244.8 244.7 245.6 240.3 245.1 247.4 251.3 251.7 250.6 250.4 249.9 249.2 248.8 249.5 250.1 251.2 251.9 252.2 251.9 251.5 251.4 251.2 251.4 251.5 250.9 251.4 251.7 252.1 251.9 251.4 251.1 251.2 250.5 249.4 248.7 252.5 255.3 257.9 262.3 266.9 270.5 274.1 277.1 281.6 284.7 286.3 286.2 284.5 282.2 281.2 280.2 278.8 275.9 273.7 278.5 281.8 284.1 286.1 288.1 289.4 289.3 289.4 289.2 289.1 288.6 288.6 288.4
259.7 256.9 253.8 250.4 247.5 246.1 246.1 246.4 247.4 246.1 245.7 245.1 244.7 244.8 243.3 244.7 247.2 247.2 247 245.8 245.7 245.5 246.5 246.6 247.1 246.6 247 247.5 247.4 247.3 247.2 247 247.5 248 248.2 247.7 249 248.7 248.5 248 248.2 248.3 248.1 247.5 246.8 251.4 254.9 257.7 260.8 264.8 268.8 272.5 274.6 277.8 282 283.6 283.4 281.9 279.5 277.6 275.7 272.1 269.7 269 268.5 274.4 277.3 279.2 280 280.8 282.4 282.4 282.9 283.8 284.1 284.3 283.8 283.8
260.3 257.1 253.2 249.9 247 245.6 244.6 244.7 245.4 246.5 246.1 245.4 244.2 243.6 244.3 245.7 245.7 243.6 243.1 242.8 243.5 244.4 245.8 246.5 246.6 245.8 245.9 244.2 243.3 243 242.9 242.9 243.3 244 245 248.1 245.4 245.4 245.4 245.6 245.7 246 246 243.8 247.8 252.6 256.9 259.9 262.1 264.9 267.7 271.7 274 276.2 277.4 276.3 275.2 274.5 269.2 265.1 262.3 261.8 267.8 271.9 274.6 276.7 278 278.3 278.2 277.8 277.4 277.7 278.4 279.3 279.7 279.9 280.4 280.8
261 257.1 252.7 248.9 246.6 245.1 244.1 243.8 244.8 246.1 245.9 245.7 244.6 244.8 246 245.8 244.9 244.2 242.3 242.5 243.6 244.8 246.8 247.8 247.4 246.4 245.1 242.6 241.3 241.2 241.6 242.2 242.7 243.4 245.1 244 244.1 243.2 243.2 243.3 243.3 243.7 241.9 245.4 249.4 254.2 257.6 259.8 261.8 263.8 265.6 267 268.8 270.3 270.7 269 266.2 258.8 256.2 260.3 263.4 270.9 274.3 277.4 279.8 280.5 280.1 278 276.6 274.7 273.8 273.9 274.4 275.2 275.7 276.1 276.8 277.5
260.9 256.5 251.8 248.6 246.7 245 243.8 243.2 244 245.6 245.5 245.4 245.4 245.4 245.6 245.2 244.7 243.8 241.2 241.2 241.7 242.9 244 245 245.5 245.3 243.9 242.2 241.4 243.3 244.7 245.2 246.3 246.4 245.7 244.7 243.4 242.4 241.6 240.6 239.3 239 242.2 246.3 250.2 254.1 256.9 258.9 260.2 260.7 261.4 262 262.9 262.9 261.8 259.7 253.7 253.1 263.1 267.2 270 273.9 276.7 278.7 280.3 280.4 279.3 277.6 274.7 271.8 270 270 270.5 271.7 272.5 273.4 274.3 275.5
260.3 256.1 252.1 248.8 246.5 244.2 243.2 242.7 243 243.6 244.5 245.8 246.5 245 243.7 242.2 242 240.8 239.1 238.4 238.6 237.8 238.8 239.9 239.8 240.1 239.4 237.4 239 241.3 242.7 244.4 246 246.8 247.1 246.6 245.3 243.5 241.2 235.4 235.7 240.6 244 247.5 250.6 252.5 255 256.2 256.1 256.8 257 256.7 255 252.2 250.2 249 258.5 262.7 266.4 270 272.7 274.8 276.3 277.4 278.1 278.2 277.4 275.4 271.2 267.7 266.1 268.8 271.4 272.8 274.2 274.7 275.5 277
259.5 256 252.5 248.9 245.6 243.3 242.6 242.4 242.3 243.5 244.1 245.1 246.6 246.8 244.4 241 239.5 239.1 238.7 237.7 237.1 236.5 236.6 235.2 234.5 234.7 235.3 235.2 236.7 237.7 239.1 241.2 242.5 243.6 243.6 243.6 243.7 243 239.3 233.8 238.2 242.7 243.8 246 248.1 249.3 250.5 251.9 251.4 251.2 251.2 250.9 247.3 244.6 248.5 256.6 260.5 263.9 267.7 270.2 271.7 272.7 273.7 274.5 274.4 273.9 273.2 272.1 267.7 263.8 265.8 268.7 270 271.3 272.5 274.7 276.1 277.5
