public/OST50/SN81.asc
ncols 200
nrows 200
xllcorner 280000
yllcorner 210000
cellsize 50
[rows 70 to 104 of 200, columns 0 to 77 of 200]
392.3 393.4 393.9 392.7 392.7 392.6 392.4 386.8 380 376.6 373.5 371.6 370.1 362.6 367.9 375.6 381.9 387.1 390.1 394.2 400.4 408.5 416.6 426.6 429.7 440.8 460.1 470.7 478.4 484.5 491.7 497.6 503.2 510.9 517.1 517.7 519.3 522 519.4 510.9 509.6 512.7 506.3 489.6 487.1 484.8 489.5 487.9 502.9 504.2 504.6 508.2 508.6 504 492.6 484.2 471.3 466.2 458.1 450.4 441.8 430.1 424.6 417.8 409.3 406.6 398.2 401.1 401.6 400.8 388.6 376.8 371.3 371 368 361.8 348.8 334.3
389 392.6 392.1 390.9 390.1 389.2 387.6 383.6 375 370.1 368.7 367.3 365.3 359.9 368.1 375.2 381.6 387.2 390.3 393.2 398.4 405.1 413.7 423.5 429.6 443.1 461.9 470.1 476.6 481.8 487.5 492.7 499.4 508.8 516.8 519.1 516.7 517.2 517.2 513.7 512.5 511.5 507 488.1 481.9 479.5 482.7 482.2 491.7 499.6 500.3 504 504.4 502.6 493 486.4 481.2 476.1 456.5 447.6 441.1 430.8 421.6 413.7 409.7 404.9 395.4 399.3 398 393 383.6 372.4 365.6 361.5 357 351.3 340.3 324.4
386 390 389.9 388.4 387 385.2 383.3 378.9 370.8 365.5 363.7 361.7 357.9 358.8 366.7 374.6 382.5 386.8 389.6 391.8 397.2 403.7 412.6 420.5 431.1 447.1 460.7 469.6 473.9 478.4 481.7 487.6 495.8 505.2 511.8 515.9 515.8 517.4 514.3 510.8 510.4 509.8 500.1 483.1 477.3 473.3 474.3 474.5 485.5 492.9 492.7 496.8 498.8 501.6 494.2 487.7 486.7 480.1 459.2 448.2 442.5 434 420.2 412.9 410.4 405 392.6 392.6 393.9 389.1 379.5 369.6 363.2 355.2 345.5 341.1 330.7 315.6
383.7 386.2 386.5 384.2 382.4 380.7 378.9 373.8 367.2 361.5 358.7 353.4 353.1 360.7 366.7 373.9 381.2 386 389 391.6 396 402.8 410.9 422.6 440.1 446.4 457.8 467.4 472.7 475.7 477.1 487.2 493.8 500.5 506.5 511 517.5 514.3 509.8 504.9 506.6 507 494.8 474.3 473.9 469.4 471.1 471.8 479.8 486.8 486.7 489.9 493 497.7 495.1 484.2 483.8 479.5 462.8 447.7 439.9 433.7 420 408.1 408.4 403.3 391.2 384.3 387.2 384.8 374.5 367.6 361.1 349.4 339.5 333.5 322.4 308.3
381.6 382.8 382 379.9 377.3 375.9 373.1 368.5 364.2 357.4 353.9 347.6 354.6 360.4 366.4 372.3 379.9 385.3 388.4 390.8 394.6 402.4 411.3 423.6 440.4 452.2 459.1 465.7 470.9 473.4 474.5 483.9 488.8 496.3 502.6 507.8 512.6 512.4 504.3 497.5 502.1 501.7 487 472.1 470.1 471.2 470.4 471 474.2 479.8 479.3 483.2 490.1 492.1 485.2 476.9 479.5 475 464.9 450.2 438.3 431.2 421.7 408 407.7 401.1 391 378.1 378.7 378.7 373.6 365.9 360.2 346.5 335.6 326.1 312 299
378.7 378.9 378 374.8 372.2 370.6 367.3 362.5 359.1 353.1 352.1 345.3 353.6 359 364.8 371.9 379.1 384.4 388.2 391.6 395.8 402.9 412 421.9 437.8 450.8 463.3 466.9 471.4 473.8 475 479.8 485.9 494 501.3 505.2 508.8 509.3 504 496.8 496.2 488.5 481.5 471.9 472.6 473.1 474.5 470.6 468.8 470.1 473.9 477.6 484.9 485.4 478.9 474.4 479.7 473.9 462.4 453.6 439.1 429.7 415.9 407.3 406.4 399 390.5 382.7 370.1 369 369.8 363.2 360.1 344.5 328.8 320.1 303.4 284.5
375.7 374.9 373.6 370.3 366.7 365.2 362.2 356.4 352.3 349.2 348.1 343 352.6 358.3 365.1 372.4 379.4 383.6 387.7 392.4 397.5 403.4 412.5 423.5 433.3 447.6 461.7 472.4 472.3 474.8 475.7 477.9 484.6 491.7 499 503.7 503.6 504.6 501.8 492.4 488.6 482.8 479.9 473.9 479.1 477.1 473.8 473.3 468.4 467.7 470.3 470.7 479.3 480.1 473.5 472.6 472.7 468.2 459.2 451.2 435.8 428.5 415.6 406.5 404 397.2 390 383.3 370.4 352.5 356.4 355.4 353.1 336.1 322.5 313.6 290.7 269.8
372.6 371.7 369.6 366.1 361.7 359.7 355.3 350.7 346.1 344.5 340.8 344.4 352.2 357.7 364.4 372.3 378.7 383.5 387.5 393 399.1 405.1 412.9 425.2 433.7 443.8 457.9 469.2 472.8 475.7 477.1 479.3 483 487.9 494.6 502.4 499.1 499.2 496.8 491.2 484.9 480.2 478.4 473.8 480.2 478 470.8 471.2 468.6 467.4 466.4 468.3 474.7 472.5 469.7 468.3 465.8 460.5 453 445.5 430.6 421.9 414 406 402.8 397.8 388.2 382 376.1 365.4 347.8 345.9 341 327.3 315.5 302.5 275 251.4
369.5 367.9 365.7 361.7 358 353.5 349.6 344.6 341.4 337.9 335.3 345.7 351.7 357.1 364.6 371.9 378.2 382.9 387.9 394.5 400.6 406.8 413.7 424.1 434.5 441.2 454.1 466.5 475.6 476.8 480.3 481.9 480.3 483.2 489.7 496.7 494.5 494.6 496.1 485.8 478.9 475.1 473 469.2 477.7 477.8 470.9 470.5 469 468 465.1 467.3 467.5 464.7 464.4 465.6 459.5 454.6 446.2 438 425.7 418.9 411.1 405.6 401.5 395.6 387.1 381.3 374.4 366.5 356.5 343.1 325.4 314.9 305.2 276.4 257.8 236.1
366.1 364.2 361.4 357.2 352.7 348.3 343.8 338.6 334.8 332.4 339.5 345.7 350.5 356.3 363.9 371.3 377.6 382.4 388.4 395.1 401.8 407.4 412.6 421.4 433.6 441.7 451.7 464.5 474.2 480.4 483.8 483 479.6 479.9 487.3 491.3 490.7 491.1 487.5 478.4 473.5 470.2 468.8 462.6 470.5 475.5 474.3 469.5 467.8 466.4 465.6 464.3 463.5 459.4 460.3 459.7 454.1 448.9 441.8 431.2 423.5 415.5 409.5 406.2 399 393.1 385 378.7 371.9 360.8 351.5 329.1 302.8 291.7 283.4 271.1 227.1 221.4
362.4 360.5 357.3 351.6 346.6 342.1 337.6 329.8 328.6 332.9 340 344.8 349.5 355.6 362.5 370.7 376.7 382.1 388.8 395.5 401.9 407.2 411.6 419 430.4 442.3 451.6 460.7 470.6 479.4 484.4 481.7 475.8 474.3 480.4 485.7 487.1 489.5 478.8 470.3 469.8 469.1 472.1 460.7 463.5 471.9 475.8 468.3 467.2 467.8 465.8 463.3 459.1 455.4 455.5 453.5 447.9 442.9 437.8 428.5 421.8 412.9 409.5 404.2 395.2 389.5 381.8 375.5 368 357.7 345.3 335 322 310.6 304.4 288.1 250.5 229.5
358.6 356.6 351.6 345.8 340.8 336.1 329.6 323.3 325 334.4 339.6 344.1 348.9 355.4 362.9 370.1 376.3 382.5 389.2 395.7 401.5 405.7 409.1 416.5 427.5 440.9 454.8 461.2 467.5 476.5 480.3 478.3 470.5 470.4 473.4 478.2 482.4 485.2 478.3 467.7 468.2 467.8 468.4 454.8 455.5 466.6 471.4 469.5 467.1 465.5 463.7 460.9 453.4 450.3 444.6 442.6 440.4 435.7 432.2 426.1 420.3 409.8 407 398.7 390.4 385.3 378.6 371.7 362.6 355 342.7 332.8 321.1 311.4 306 277 247.9 231.2
354.6 352.4 345.9 340.9 335.7 329.8 319.8 320.3 327.7 334.3 338.9 343.5 349.4 356.6 363.5 370 375.9 382.8 389.5 395.7 401 404.2 407.6 414.3 426.4 438.4 452.3 462.4 466.7 472.3 477.3 476.9 470 466.4 468 471.8 475 477.9 473.4 462.8 463 463.2 463 451 450.1 456.7 459.9 461.2 464 460.8 456.7 453.2 449.5 442.9 440 437.3 434.6 432.3 427.7 422.1 415.6 402.7 397.7 389.8 386.3 381.5 376.4 366.8 358.3 350 340.1 327.6 319.9 312 298.1 267.7 241.7 226.9
350.4 347 340.7 335.6 330 323.3 316.7 322.3 328 333.7 337.9 343.9 350.5 357 363.9 369.5 375.9 382.7 389.4 394.9 399.5 403.3 406.6 412.7 424.1 434.4 450.2 460.4 464.5 468 473.1 474.4 472.6 465.8 461.5 464.7 467.5 470.7 468.1 456.4 455.7 456.7 457.1 449.6 444.3 448.5 448.2 449.7 454.7 453.6 449.5 447.7 442.5 439.8 437.7 433.5 429.3 425.9 420.9 417.3 408.2 397.1 390.5 384.9 381.8 378 371.8 361.1 355 346.2 335.5 324.9 319.3 311.8 289.7 260.6 238.5 224.7
344.8 341.1 335.4 330.7 324.3 315.1 315.7 323 328.1 332.9 337.6 343.9 350.8 357.5 363.7 369.4 376.1 382.8 388.1 393.2 397.7 401.5 406.7 413.5 420.4 431.3 447.6 457.7 462.3 464.4 468.6 472.4 469.6 462.5 456.2 458.4 461.4 463.4 461.8 449.1 450 452.3 453.2 446 434.4 439.2 441.6 445.1 448.1 446.2 442.4 439.5 436.6 435.4 432.4 429.2 424.4 420.5 416.7 412.2 399.3 389.1 381.9 379.5 376.4 373.2 367.5 357 349.6 340.5 331.8 325 319.3 311.9 288.2 256.3 234.8 222.3
336.7 333.8 329.7 324.3 316.9 310.2 315.8 323.7 327.9 331.9 337.4 344 350.8 357.8 363.8 369.6 376.4 382.5 386.9 391.6 395.9 401.3 406.8 413.5 420 431 444.5 453.6 458.8 460 463.6 468.5 466 460.4 452.5 452.5 455.1 456.6 457.3 445.1 446.6 448.1 447.7 444.7 430.7 432.6 437.3 440.3 440.3 437.8 435.3 432.7 432.2 429.6 426.3 424.3 419.8 415.7 411.8 407.3 388.7 382.1 375.9 373.4 370.9 367.9 363.3 352.8 344.3 337.2 330 326.6 319.9 310.4 281.8 252.9 229.8 220.2
330.1 326.7 322.9 318.2 312.2 309.1 317.5 323 327.1 331.2 337.1 344 351.2 357.7 363.6 369.9 376.9 381.6 385.9 389.7 394.5 402.2 408.4 414.4 421.1 429.7 441.7 450.2 454.7 456.1 458.6 463.6 463.7 458.3 450 448.7 449.1 450.5 451.7 447.9 444.9 442.1 440.7 439.5 428.9 426.6 432 433.4 432.4 431.7 430.1 427.5 425.5 423.8 421 418.3 413.4 409.4 406.3 403.5 387.5 376.4 371 367.8 365.8 362.6 357 338.8 337.6 330.5 329.5 325 320.1 298.9 274 247.9 228.6 217.4
325.5 321.4 318.3 312.3 306.9 308.7 318.9 322.3 326.5 330.6 337.8 344.7 351.7 357.6 363.4 370.7 377 381.1 384.7 388.6 395 403.5 409.5 416.4 421.6 428.9 437.9 446.5 450.3 450.7 453.6 458.8 461.1 454.9 448.7 447.1 448.7 446.3 445 443.8 440.4 435.4 434.5 433.3 425.2 419.1 425.4 429.3 428.9 430.3 425.1 420.5 417.9 415.7 415.5 412.9 408.2 404.7 401.2 397.5 382.4 372.3 365.5 362.8 360.8 356.9 346.3 322.7 329.1 326.4 324.6 320.9 316 289.7 267.5 243.7 228.1 217.3
321.7 316.8 313.2 307.1 301.2 312.7 317.9 321.7 325.7 330.9 338.6 345.5 351.9 357.9 364.1 370.9 376.2 379.7 383.5 389.1 396.7 404.3 410.1 415.4 421.1 427.9 434.7 441.6 445.5 445.6 447.7 452.6 455.9 451.2 445.2 443.8 445.6 442.8 439.9 438 434.5 431.3 430.8 430.3 423 414.8 423.8 428.3 426.9 424.6 420.5 413.9 410.9 409.3 409.4 408 405.6 403 399.5 392.7 376.2 366.5 361.2 358.2 354 346.5 339.5 331.3 323.8 321 317.6 311.7 300.3 282.9 262.4 239.7 226.6 218.3
317.2 311.4 306.6 300.4 303.5 314.3 317.5 321.3 325.8 332.5 339.5 345.8 352.1 358.4 365.2 370.6 375.5 378.5 382.6 390.7 398.7 404.4 409.8 414.7 420 425.8 431 435.9 441.2 441.9 442.6 445.2 450.4 448.8 440.7 439.3 441.3 438.8 432.1 430.9 430.1 429.4 429 427.9 422.5 410.6 418.4 422.8 419.4 417.1 412.3 406.9 403.7 402.9 403.6 401.9 400 400.4 396.9 388.6 373.6 361.1 356.1 353.5 349 342.1 334.9 328.6 323.1 314.8 300 291.8 290.5 276.5 257.8 237.4 226.1 216.4
311.8 306 301.4 297.9 307.6 314.6 317.9 321.1 326.1 333 339.5 346.2 352.7 359.2 366 370.5 374 378 383.8 392 398.3 403.6 408.3 412.8 418.1 422.8 426.6 430 434.3 437.3 437 439.2 443.1 444.2 437.4 434.2 435.8 432.5 425.7 423.8 424.3 423.9 424.4 423.1 413.7 406.7 411.8 412.1 410.5 408.2 403.9 400.5 398.7 399.1 398.7 398.3 396.4 394.2 391 383.9 370.1 361 355.2 350.7 346.2 342.7 341.8 335.9 328.6 318.9 311.4 298.7 268.3 252.1 242.1 232.1 221.7 213.3
307.8 300.8 296.8 301.2 311.3 314.3 317.6 321.1 325.6 333.1 339.6 346.3 353.1 359.8 365.3 369.7 372.7 378.1 385.3 391.7 396.4 401.2 405.6 410.4 415.6 418.4 421 423.2 428 432.6 432.3 432.8 437 439.3 432.5 429.1 428.3 425.3 420.6 417.5 417 417.4 419.1 417.5 408.3 403.2 405.1 403.5 402.1 400.6 397.9 395.9 395.4 394.2 393.7 394.5 391.9 388.4 385.2 379.1 364.3 358 348.4 348.5 348.1 349.5 347.2 339.8 331.6 323.6 314.3 300.8 282.3 264.1 252.5 239.9 227.3 219.4
302.6 297.5 290.3 306.1 310 313.8 317.8 321.5 326.3 333 339.7 346.6 353.6 359.5 364.6 368.7 372.2 379.1 385.2 389.8 393 397.2 402.5 408.2 412.2 413.2 412.9 416.7 422.3 427.1 427.4 427.6 430.6 433.2 427.7 424.6 423.1 417.2 414.3 415.2 414.1 412.7 413.1 409.6 403.7 399.4 397.5 395 394.9 394.8 394.6 392 390.3 389.3 387.4 388.8 386.8 381.6 380.1 371.4 358.6 351.1 348.3 350 351.1 351.8 348.7 342.3 335.7 329.3 318.2 298.3 282.7 268.7 255.3 245.5 237.8 227.8
298.5 290.7 295.7 305.4 308.9 313.5 317.5 321.5 325.8 333.2 341.4 347.4 353.8 359.5 364.1 367.7 372.2 379 384.1 387.4 390.8 395 400.8 405.7 407.6 406.7 406.6 411.5 416.4 420.6 423.4 423.5 423.5 427.3 422.8 419.9 417.5 410.4 409.4 414.2 414.1 408.8 405.6 403.9 400.5 393.3 392.9 388.8 389.7 388.9 387.3 385.9 385.4 384.7 382.1 385 382.2 377.6 373.6 358.2 352.4 348.6 350.6 354.6 353.7 351.4 350.2 346.8 343.6 331.8 309 291.4 283 272.8 265.8 257.6 251 238.4
292.6 288.7 300 304.1 308.4 313.3 317.2 321.2 326.4 334.9 341.5 347.9 353.8 359 362.7 366.2 371.6 376.6 382.7 385.8 388.9 393.2 399.4 403 403 402 402.3 405.4 409.3 413.4 417.2 418 416.9 420.6 418.2 415 410.8 405 407.1 410 410.1 403.6 399.3 397.8 395 389 383.8 383 383.7 382.9 383 381.7 381.2 381.4 384.1 381.7 376.8 373.4 366 357.2 351.9 353.4 358 357.1 354.4 352.8 351.6 347.3 335.6 312.2 314.4 304.3 292.2 290.4 284.1 276.4 269.4 259.9
289.6 287.3 298 302.7 308.8 313.2 316.1 320.5 327.5 334.7 341.2 347.5 353.1 357.5 361.5 366.5 369.8 375.7 380 382.9 386.4 392.1 398 399.4 397.7 395.8 397.5 400.3 403.1 406.9 410.4 411.5 410.5 413.1 415.4 410.2 408.3 401.6 402.8 404.3 405.1 402.1 392.8 391.5 389.5 384.7 376.2 378 377.6 377.9 378.3 377.2 379.1 381.6 381.1 379 374.9 370.4 364.3 358.4 356.7 358.5 358.8 357 356.6 355 347.6 339.4 325.9 329.1 322.1 316.2 311.3 306.2 298.1 296 287.1 277.6
284.5 287.8 298.2 302 308.9 311 314.7 320.5 329.4 335.2 340.9 346 349.8 355.6 360.9 365.2 370.3 374 376.7 379.9 385.2 391.3 395.6 396 392 391 392.8 395.4 397.1 399.9 403.3 404.9 403.3 405.7 409.7 404.9 404.1 398.6 397.2 397.6 397.6 395.3 386.5 384.1 382.8 379.5 369.9 373.5 372.6 372.4 372.2 376 379.9 380.2 379.7 378.7 373.3 368.9 364.9 362.7 360.4 360 359.4 361.5 359.6 351.6 341.1 336.6 340.4 337.7 332.8 325.8 321.3 314 309.8 304.8 302.6 292.4
278.9 292.7 299.4 305.9 306.5 309.8 313.8 322.6 329.5 334.4 339.9 345.1 349 352.9 359.2 365.8 368.9 371.6 374.5 377.7 384.1 389.4 392.1 391.2 387.1 385.4 386.7 388.9 391.3 394.9 397.1 398.4 396.6 398.9 402.1 398.7 397.5 393.7 392.7 392.9 391.8 387.7 381.3 378 377.7 376.1 368.1 367.2 367.6 368.2 371.3 376.3 380.5 378.3 376.2 375.6 371.1 364.8 366.3 365 364 363.8 366.8 363.5 354.1 344.9 345.8 351.3 352.9 344.1 332.7 328.8 323.1 321.1 322.2 325 323.1 320.5
286.8 296.3 300.9 303.3 306.2 309.9 316.2 323.8 329.2 333.7 339.2 345.7 351.8 356 359.6 363.7 366.9 369.2 372.1 377 383 386.9 387.7 385.5 380.4 379.1 380.1 382 384.8 387.3 390.3 392.4 391.9 392.4 394.8 394 392.2 389.4 387.2 387 386.9 381.3 375.6 372.4 373.3 371.4 365.2 362 363.9 366.1 370.6 374 374.5 373.6 369.6 372 367.1 367.1 367.8 368.5 368.4 370.7 367.1 355.8 349.9 355.7 360.7 364 354.4 341.3 335.7 329.2 331.3 334.2 333.8 345.4 342.5 337.9
294.8 295.7 298.8 302.1 305.4 310.3 318.9 323.2 328.5 334 339.3 345.6 350.2 353.9 358 361.9 364.7 367 370.5 375.6 379.7 381.2 381 377.9 372.8 372.5 373.7 375 377.2 379.6 383.8 385.6 386.7 387.4 389.1 389.4 388 385.2 382.3 380.4 380.9 375.4 370.4 368.2 367.9 366.2 360.8 357.5 361 366.8 369.7 369.9 368.4 367.7 365.4 366.2 368.8 372.1 373 375 375.2 367 359.6 354.6 359.7 367.3 367.4 361.7 351.7 344.3 334.4 332.3 333.6 337.3 348 357.1 355.7 351.5
290.5 294.7 298.1 302 306.5 312.5 318.9 323.7 328.4 333.2 338.5 343.6 348.5 352.6 356.7 359.8 362.1 364.2 368.1 370.9 373.3 374.1 373.1 369.5 366.8 365.8 366.5 367.3 368.6 372.7 376 379 383.1 383.1 383.5 385.1 384 382.1 378.3 374.5 374.2 370.8 366 363.4 361.8 360 356.9 356.1 362.2 366 365.5 362.7 361.4 361 367.4 370.9 374.4 376.7 378.8 379.2 371 365.9 362.2 365.6 374.2 373.1 360.5 354.3 349.9 347.9 337.3 335.5 336.2 351.6 366.2 368.9 366.5 361.6
291.3 293.5 297.9 302.8 308.3 313.7 318.3 323 327 332.3 337.6 343.5 347.2 350 353.5 355.9 358.3 360.7 363.1 365.2 366.9 367.1 365.2 362.3 360 358.9 358.4 358.9 362.8 366.5 370.2 372.5 375.6 379.2 379.9 380.3 379.4 378.7 373.9 369.8 368 364.2 361.3 359.2 357.4 355.3 352.8 355 361.5 362.9 361.7 357.9 356.5 365.6 376.6 380.1 381.3 383.9 382.4 376.9 373.7 372.1 373 378.1 379.3 371.2 354.2 350.9 357.1 351.7 345.6 344.4 348.4 369 378.7 384 376.9 369.2
291.8 294.9 300.4 305.6 310.8 314.4 317.9 321.7 326.8 332.5 337.1 341.5 343.7 346.1 348.6 350.4 353.3 356 357.9 359.8 360.7 360.3 358.1 355.6 353.2 352.8 352.7 353.8 358.2 361.9 363.2 367.2 370.2 374.3 377.2 377.4 376.1 373.9 369 365.1 362.7 359.7 356.3 355.5 353.5 351.9 350.7 356.5 361.6 360.3 358.1 354.4 357.8 376.3 382.4 383.9 386.6 386.4 383 377.7 378.6 376.4 379.9 380.4 373 358.6 351.9 352.3 363 358.6 355.5 352 370.7 387.9 395.4 393.7 385.8 375.1
292.6 296.8 302.8 307.4 311 313.7 317.9 321.7 326.3 331.2 335.7 338.5 340.2 342.4 343.9 346.8 349.4 351.4 352.9 353.6 353.9 353.1 351.4 348.7 347.4 346.9 347.7 349.5 351.8 353.9 356.8 361.1 366.4 369.4 371.7 373.1 371.3 368 363.5 359.5 356.6 354.4 350.5 351.4 349.7 348.4 350 359 359.7 358.1 354 352.1 369 379.8 383.3 386.3 387.7 386.4 385.4 384.7 380.5 379.7 381.5 376.8 361.5 354.3 351.3 355.8 364.2 364.7 365.1 369.8 394.9 399.7 400.6 402.6 385.4 365.6
292.7 299.4 303.8 307.4 311 313.5 315.4 319.5 323.8 328 332.2 334.8 336.5 337.8 339.2 342 344.5 345.9 346.5 347.1 346.6 345.6 344.1 341.7 340.2 340.6 342.8 344.3 345.7 348.3 351 354.7 360.6 363.7 365.7 366.7 367.1 362.4 357.6 354 351.6 347.9 345.4 345.1 345.6 345.7 353.2 357.5 356.2 353.1 350.1 357.4 375 382.4 383 384.4 384.3 385.1 388.3 387.9 382.8 385.8 382.4 373.4 362.7 355.5 355.3 360 366 373.3 376.9 393.3 405 401.9 402.7 395.6 366.8 344.8
