public/OST50/SN81.asc
ncols 200
nrows 200
xllcorner 280000
yllcorner 210000
cellsize 50
[rows 140 to 174 of 200, columns 0 to 77 of 200]
214.5 216.2 218.4 220.1 223.3 230.2 240.2 248.3 246.4 240.8 232.7 224.3 216.2 209.2 205 203.7 201.8 199.2 195.8 193.4 192.5 189.8 191.2 187.9 185.6 182.2 180.3 177.6 178.4 171.6 172.5 175.1 178.9 178.6 178.8 177.9 175.6 175.5 177.9 177.2 174.9 172.3 169.2 170.1 168.5 160.9 164 167.2 164.2 160.3 161.2 155.5 152 151.7 151.1 150.5 150.5 151.1 151.5 152.9 153.2 154 154.3 154.3 155.5 158.5 160.3 160.9 157.8 154.7 153.1 151 142.1 136.7 138.7 153.1 154 158.1
211.9 213.5 215.3 218.5 223.8 231 235.3 228.4 225.4 217.8 209.6 203.7 197.7 193.7 195.8 196 193.7 189.5 189.6 185.5 182 180.7 178.2 178.5 178.4 174.3 170.8 169.3 167.9 163.8 163.9 166.7 166.9 163.8 164.7 164.8 164.4 163.2 160.3 156.4 156.4 160.1 157.1 159.5 159.3 154.4 157.4 155.2 151.3 150.3 148.1 148 148.4 148 147.8 147.5 148.1 149.2 149.6 149.9 150.5 151.9 151.9 151.3 152.6 153.1 153.5 152.9 151.9 150.4 146.2 135.6 142.1 151.9 154.4 157.3 158.9 159.9
208.2 208.2 211.4 215 220.4 220 214.7 209 204.6 199.7 193.4 188.9 186.4 185.6 187.4 187.5 183.6 180.7 180.4 179 175.9 172.5 170.2 173 167.3 164.2 164.6 164.4 158.6 154.3 154.5 150.9 148.3 147.2 148.2 149.1 150.1 149.5 148.9 147.1 147.6 152.7 149.8 150.5 148.5 145.6 146.5 147.8 144.5 144.5 144.2 143.5 142.8 142.8 143 145 146 147 147.5 147.7 148.2 148.9 149.1 149.3 142.6 140.7 141.2 141.6 141.2 141.5 135.3 142.4 150.7 154.5 156.7 160.2 164.5 167.4
202.7 202.2 206.9 209.3 209.5 206 201.1 197.5 192.7 187.1 182.7 180 179.2 179.4 179.6 179.4 177.6 173.5 174.2 171.8 170.7 170.8 167.2 167.5 157.2 155.1 156.6 157.1 150.1 145.3 143.2 141.1 140.5 140.8 140.3 142.7 143.4 141.4 139.6 140.1 140.9 141.3 141.4 141.2 140.4 137.3 137.6 136.4 131.1 130 130.8 132.5 134.2 139.7 142 143.4 144.3 145.1 145.3 145.9 146.5 147.8 148 138 138 138.4 139.4 140.3 139.8 134.7 140.9 146.8 153 155.2 158.1 162.5 167.5 170.5
195.8 195.2 199.9 201.6 200.6 196.7 191.8 187 183 178.6 175.5 174.8 174.5 174.5 174 172.5 169.8 166.5 165.5 163.2 164.8 165.1 157.8 150 146 145.8 145.3 141.7 141.3 141.2 138.6 137.9 138 137.9 138.9 138.7 138.5 138 136.9 135.4 134.3 132.1 132.3 132.1 127.5 125.5 125.2 124.6 125.3 126.6 126.8 125.6 127.7 130.1 134.6 139.6 140.5 142.7 144 144.4 145.6 143.6 137.9 134.8 134.8 135.5 136.2 136.8 134.4 142.4 149.8 152.3 154.4 156.4 159.3 161.6 164.1 166.4
185.8 189.8 192.8 194.2 192.7 187.1 181.9 177.1 173.6 172.7 170.6 170.5 170.4 170.2 168.1 164.2 157.7 159.1 156.5 155.5 153.1 151.4 143.4 134.5 135.5 136.8 135.8 135.5 135.6 136.3 136.8 136 136.3 136.7 136.9 136.5 137 135.7 132.9 129.9 128.6 126.4 125.8 124 121.9 124 124.5 125.4 126.4 127.3 127.4 128.4 127 129.6 129.9 127.5 129.4 128 131.1 131.2 131.7 132.4 133.2 133.6 133.7 133.5 133.3 138 139.3 151.9 153.3 154.8 155.8 156.7 158.3 159.6 161.6 165.7
181.8 184.8 188.2 189.3 185.6 178.3 175 171.1 168.9 169.2 167.1 167 166.9 166.9 163.5 145.7 131.1 137.8 145.2 147.2 142.3 141.5 135.3 131.9 132.6 133.6 133.8 133.3 132.7 133.8 133.8 133.9 135.1 135.4 135.5 134.3 132.7 130.6 120.8 116.8 120.2 122.8 121.3 124.1 124 124.1 126 128.2 130 130.2 129.3 130.4 131 129.9 126.8 129 129.7 130.4 130.8 129.4 131.7 130.1 132.4 138.8 144.6 148.3 150 138.7 140.6 151.5 155.6 157.2 157.1 158.2 159.7 161.3 164.3 168
179.6 183.1 186.2 185.4 179.8 172.6 169.4 166.7 166.2 164.9 164 164.5 164.6 163 157.7 132.1 119.8 117.3 120.1 127 129.9 130.7 129.8 127 130.4 130.9 130.1 128.9 128 129.6 129.6 131.9 133.4 131.9 125.1 118.6 115.2 126.8 128.8 130.7 129.4 128 130.5 132.3 134.6 135.4 135.8 135.4 133.1 138.7 141.4 143.1 144.5 144.4 143.6 140.2 135.3 131.6 131.1 132 132.3 133.4 138.9 147.5 149.2 150.2 151.7 150.7 143.6 147.5 157.5 160.1 161.8 163.6 165.3 166.9 169.2 170.5
177.8 182.1 184.7 182.2 175.9 168.7 165.1 163.6 162.2 161.4 160.8 159.7 159.4 156.8 150.7 132.3 113.8 112.3 113.2 114.1 114.7 115.1 115.3 116.2 118.6 118.5 119.3 120.4 121.8 123.2 123.8 122.4 125.5 122.6 122.5 130.1 134.7 137.7 138.5 138.2 137.8 137.9 138.9 139.5 142.5 145.4 145.5 144.9 143.6 140.4 148.5 151.1 152.2 151.8 150.9 149.5 149.5 147.6 143.4 145.9 147 147 151.2 152.1 154.2 155.5 157.6 158 151.5 143.2 158.4 166.1 168.7 171.7 174.1 176.7 178.4 178.2
176.7 180.9 181.1 177.1 170.9 165.2 161.6 159.5 158.3 157.2 155.7 153.6 150.9 147.1 140.6 133.7 112 110.6 111.4 107.2 111.4 112.9 114.9 115.5 116.7 116.4 113 111.1 114.6 121.7 121.7 121 121.3 117.5 138 141.4 144.5 146.4 148.1 146.9 147 148.3 147.5 146 148.4 148.4 152.4 151.5 146.5 138.3 149.5 153.9 156.3 156.7 155.2 154.4 155 156.2 155.8 154.8 157.1 160.1 161 160.4 160.8 160.7 161.9 164 164.3 161.8 152.7 170.3 177.3 181.2 184.3 187.1 189.3 190.9
174.8 177.3 174.8 170.4 165.4 161.1 157.5 155.2 152.9 150.9 147.7 144.6 137.5 127.2 125.2 116.1 106.7 109.4 110.6 114.5 114.9 115.5 116 118.1 121.6 124.3 122.6 129.2 129.5 126.8 119.7 118.7 139.9 144 146.3 148.8 150.5 152.7 154.1 155 156 156.8 156.2 155.5 154.8 156.2 158.1 155.7 152.2 147.3 151.1 154.4 157 159.8 162.5 165.3 167.1 168.1 170.2 169.7 170.2 171.5 171.1 170.6 169.8 171 172.3 173.6 175.3 170.9 153.7 173.9 181.3 185.9 190.7 192.5 195.4 199.1
172 171.5 168.1 163.9 159.4 156.1 152.1 148.7 146 142.7 140 136.3 118.9 114.7 112.8 107 108.5 109.2 109.8 114.5 115.7 119.7 126.7 131.3 133.5 131.9 131.4 132.6 133.9 135.8 134.5 132.2 133.9 139.2 142.8 147 152 153.7 156.9 158 159.8 161.2 161.4 161.8 161.6 159.1 158.6 159.4 158.2 150.1 153.8 157.3 161.8 167.5 170.9 175.6 179.8 183.3 185.6 185 183.3 181.6 183 177.3 176.7 180.1 181.7 182.3 182.4 169.9 148 170.1 184.3 192.6 197.3 201 206.2 209.5
166.8 165.3 162.9 158.7 154.2 150.4 146.2 143 139.5 136.2 133.8 123.7 112.6 112.6 111.4 107.6 105.1 110.7 118.4 122.3 129.2 136.7 140.7 142.4 140 136.5 135.7 138.1 139.8 141.9 143.8 144.2 145 146.2 146.5 149.2 151 152.5 157.1 157.9 160.2 161.7 162.9 163.6 163.3 161.9 161.1 161.5 159.4 162 160.9 164.2 171.9 176.7 180.4 185.6 190.2 194.8 196.2 195.1 192.7 190.4 190 188.4 183.3 185.5 186.9 188 187 178.3 159.6 163.4 182.5 190.8 194.3 202.3 208.7 209.6
161.4 160.2 156.7 153 149.7 145.9 141 137.1 133.6 127.5 122.6 112.2 111 110.6 110.4 110.1 104.3 118.3 121.8 128.4 136.3 141.1 141 140.5 141.1 139.8 141.5 145.6 149.2 152.3 154.6 156.7 156.7 156.6 156.6 156.4 158.5 157.2 157.8 158.1 159.7 161.3 163.2 164.1 163.8 163.9 164.9 165.4 162.6 160.7 167.2 172.8 178.7 185.7 189.9 194.3 197.8 198.8 198.5 198 196.9 196 194.9 191.8 187.9 189.8 190.8 191.7 189.5 184.6 173.9 150.8 170 176.7 184.5 194.2 199.8 206.4
155.5 152.8 150.4 147.5 144.6 139.2 134.1 130.9 124.9 112.5 110.3 109.8 110.3 110.2 109.9 103.4 118.1 123.5 129.1 132.8 135.2 137 138.3 140.5 141.6 144.3 147.2 151.8 156.2 160.4 163.5 165.6 165.8 166.2 166.5 164.7 164.5 165.7 165.1 162.7 161.1 164.1 166 166.1 166.3 167.7 169.2 169.6 172.2 164.5 165.7 169.2 175.4 183 187.9 193.4 196.3 194.5 192.5 192.6 194.4 195 194.4 191.2 190 190.8 191 191.6 192.4 191.6 189 166.5 155.4 156.5 167.8 172.6 187.8 202.5
149.9 147.2 143.1 139.6 135.9 131.2 126.8 121.2 110.3 108.4 108.6 108.7 109.1 109.2 103.7 116.4 124 125.6 130.6 133.5 136.1 137.9 139.8 142 145.2 148.6 152.1 154.3 159 163.7 168.1 170.6 172.3 173.6 174.8 173 173 172.6 172.2 172.8 173.6 171.4 172.3 171.5 173 173.9 175.2 176.6 173.7 174.9 171.6 171.9 172.2 172.5 178.3 184.6 187.2 186.6 185.3 185.9 187.9 189.1 189.6 189.9 189.9 190 190.9 191.6 191.9 192.2 192.1 190.8 185.3 182.6 167 159 174.2 184.5
143.1 139.5 135.3 131.1 127.1 122.2 113.9 107 106.7 106.5 107.1 107.6 107.2 101.2 114.7 125.3 129.6 130.7 131.3 134.6 138.6 140.3 142.7 145.2 149.8 153.8 157.5 160 161.5 166.4 171.7 175.9 177.8 179.5 179.9 178.4 179.5 180.6 181.3 181 181.3 181.7 180.4 182 182.3 182.9 183.5 183.6 183.4 184.5 185.6 182.7 182.6 180.5 178.5 178.9 181.4 183.5 185.4 186.8 187.5 189 190.8 191.1 191.3 191.2 191.9 193.4 195.3 197.2 198 197.7 202.3 203.4 182.8 183.5 165.5 165.4
135 132.7 130.4 124.3 109.5 105.4 103.2 103.6 105.2 105.7 106.1 102.7 104.5 117.9 126.7 131.4 135.2 136.7 138.3 140.6 143.1 145.4 148.2 151.5 156.5 159.8 163.7 167.2 170.5 174.4 177.5 181.3 184.4 186.1 185.7 185.6 186.2 189.9 191.8 190.5 191.4 191 190.8 191.9 192.9 192.9 192.1 191.2 190.4 192.8 192.5 192.1 193.1 191.3 189.6 186.9 188.1 189.5 189.2 189.1 193.2 194.9 195 196.2 198.1 200.7 201.6 203.4 206.7 208.7 208.8 208.9 211.7 205.8 196.5 211.3 201.2 194.8
130 128.7 127.8 124.6 105.5 99.4 104.8 105.4 103.9 105.7 106.7 112.3 123.2 125.2 136 137.2 140.3 141.2 143.8 146.7 149.9 153.2 154.8 159 163.6 167.5 172.5 179.2 184.3 186.1 187.4 190.6 192.8 195.4 197.6 199.4 201 203.3 205.1 205.2 203.8 201.5 201.5 201 200.6 199.4 196.3 195.9 194.8 196.1 196.2 198 202.6 203 202 202.4 200.3 198.4 196.6 195.2 197.1 200.6 201.5 203.8 206.3 208.5 209.1 209.6 210.9 214.6 217.9 216.6 217 213 213.6 219.4 223.1 221.2
129.8 129.3 127.3 109.8 103.7 104.9 106.2 106.4 106.6 107.6 108.3 116.5 125 131.3 134.9 140.1 143.2 147.3 150.8 153.9 157.9 162.7 165.2 166.8 174.5 182 189 193.1 193.4 193.1 193.9 198.3 204.5 210.1 212 213.8 216 216.1 216 216.5 214.9 211.6 211 210.8 210.6 208.3 202.9 198 198 198.2 198.2 199.6 205 211.3 215.4 215.4 213.7 209 207.1 206.6 205.4 207.7 209.5 212.4 214.5 218 219.2 219.8 221.4 220.7 217.3 222.2 222.3 223.6 225.7 227.1 230.7 233.3
131.6 129.3 122.1 103.5 98.2 105.6 105.4 105.5 107 107.8 109.5 121.8 126.7 133.3 140.1 142.9 147.2 151 155.6 161.1 165.4 171.4 177.2 181.8 188.8 193.9 197.6 201 200.4 197.3 201.3 209 216.2 221.8 224.4 225.9 226.7 225.1 223.9 223.4 221.4 223.4 223.9 222.4 220.7 219.2 214.7 210.4 209.2 209 206.6 204.2 213.1 221.4 227 230.1 224.8 216.3 216.2 218.5 217.2 219.1 219.6 221.8 224.7 226.1 226.8 227.1 227.2 227.3 228.6 228.7 223.4 227.6 230 230.6 235.7 238
131.2 127.7 106.2 101.7 104.6 105.3 105.4 106 107.4 109.1 115.3 124.1 131.3 138.8 146.2 151.2 152.7 155.1 161.8 169.1 175.6 181.7 187 193.4 198.6 201.3 203.3 206.2 205.8 203.1 206.2 216.8 224.3 231.6 235.8 232.4 232 229.8 229.5 228.4 233.8 236.1 236.1 236.1 233.4 230.8 226.9 224.9 223.7 222.3 220.2 218.5 221.3 229.4 234.9 236.5 233.2 224.1 223.9 225.8 228.5 228.4 228.2 228.7 230.9 233 234.1 234.3 234.3 234.1 234.3 235 236 232.2 232.2 235.8 238.7 241.4
130.4 120.3 96.2 103.6 104.7 105.3 105.6 107.1 109.6 113.5 121.5 130.4 138 145.8 153.3 156.9 159.3 162.4 167.6 176.5 183.1 189.7 195.4 201.2 203.9 206.7 209.3 211.3 212.1 210.1 211.7 221.7 230 236.2 239.4 238.5 235.6 236.2 238.3 241.7 244 245.8 245.9 246.1 244.2 242.1 240.6 239 236.9 234.6 230.9 230.4 230.6 233.4 239.3 248.1 239.8 232 229.5 231.8 233.4 234.4 234.1 233.6 236.4 239 240.5 242 243.3 244 244 245 245.3 244 242.8 236.6 240.7 245.8
127.8 116.4 98.2 103.6 104.5 105.3 106.5 112.3 114.4 118.4 125 135.6 144 151 158.1 163.4 167.1 174.3 173.2 182.2 190.1 196.5 201.8 205.4 208.9 212.8 214.7 216.3 216.8 217.1 216.4 222.6 232.1 239.1 241.5 242 243.2 243 245.9 249.5 251.7 253.6 254.3 253.7 252.1 252 252.7 251.1 249.1 246.6 242.7 242.2 242.4 243.2 248.8 250 242.1 235.8 235.5 237.5 238.5 239.4 240.6 240.5 242.8 247.5 250.6 251.6 253.2 253.8 254.3 255 255.5 254 252.4 251.5 247.6 241.2
124 113.6 99.9 103.7 104.1 105.2 110.7 113.6 115.8 120.4 130.4 140 149.2 157.2 164.6 171.3 175.3 177.5 183.1 188.6 193.6 200.7 205.9 210.2 214.9 217.3 216 216.4 223.9 225.9 226 228.7 240.7 244.9 249.3 251.9 250.9 250.7 253.5 255.4 257.7 260.5 261.8 264.3 263.5 262.3 262.4 260.6 258.2 255.2 253.3 253 251.2 251.7 251.2 250.7 248.3 245.1 242.3 243.4 244.2 245.4 247.6 250.2 251.6 254.7 257.4 260.6 262.9 266 264.4 263.4 262.2 260 258.2 256.1 253.3 249.5
113.2 99.3 100.7 103.5 104.2 107.1 113.2 115 117.6 124.4 135.6 146.2 154.9 164.4 173.5 177.1 178.9 182.4 188.9 194.2 197 204.2 209.5 215.4 219.4 220.8 221.6 225.3 231.2 236.3 244.4 246.5 246.7 255.2 257 258.3 261 264.2 268.3 272.6 265.7 267.6 269.4 268.8 271.7 272.6 272.3 270.4 268.6 268.4 266.8 265 264.2 264.3 264 264.8 261.4 256.5 252.4 252.3 253.3 254.7 256.6 259.6 260.9 262.5 268.1 270.7 273 275.4 272.3 269.7 267.1 264.1 261.3 258.3 255.4 252.9
100.2 97.9 100.5 103.7 105.5 110.2 114.6 117.5 119.8 132.6 142.6 151.6 160.5 172 178.7 185.8 187.5 186.6 192.4 197.3 203.2 211.4 214 215.9 221.3 223.5 232.7 243.4 251.4 259 266.6 267.7 266.7 272.1 274.1 275.4 274.5 273.3 273 277.8 280.8 281.9 280.7 279.8 278.7 275.3 279.8 281.4 279.4 278.9 277.5 277.2 276.9 277.2 278 279.1 275.5 266.3 260.6 264.6 265 266.3 267.5 269.8 270.4 269.7 274.3 276.9 279.3 279.4 275.9 272.5 270.7 268.6 265.7 262.6 258.6 255.8
100.4 95.1 100.9 105.4 108.4 111.8 117.3 121.7 127.1 138.6 148.1 156 165.3 175.3 186.5 193.9 192.1 192.7 195.5 198.1 205.2 210.5 214.5 222.3 223.5 229.1 235.5 253.5 265.7 271.8 277.7 283.7 284.8 286.3 287.9 291.7 290.4 288.3 289.1 285.6 285.6 293.3 294.8 294 291.2 285.6 283.5 288.2 288.5 288.2 287.1 288.1 288.7 289.4 290 291 287.9 280 270.8 272.1 274.3 274.3 274.6 275.7 276.1 274.2 278 280.3 283.8 282.9 277.4 274.4 272.9 271.3 269.2 266 261.7 258.7
99.3 98.8 104.2 105.1 113.2 117.2 120.6 125.3 133.8 143.3 151.2 157.5 166 178.4 191.7 193.6 193.7 194.3 196.7 205.7 208.2 212.4 218.9 221.1 223.6 234.3 235 247.9 270 284.9 290.5 292.5 295.3 295.5 299 301.4 302.4 304.1 302.6 299.7 295.3 293.7 296.7 296.8 296.7 291.8 287.3 293 295 297.4 297.8 298 298.1 298 299.4 299.5 297.5 289.1 283.2 285 287.1 287.3 290.2 285 279.5 279.1 280.4 281.2 282.7 282.1 277.7 277 276.1 273.3 270.9 267.5 263.1 260.8
94.5 102.2 103.5 112.2 120.6 123.7 125.8 130.5 136.2 144.2 151.7 158.5 165.4 178 189.5 193 193 195.9 200.7 205.2 210 214.7 218 219.7 225.2 233.6 238.3 242.3 258.8 285.5 299.6 303.3 304 306.9 311.5 315.8 318.8 319.8 313.8 303.9 303.3 302 301 304.2 304.9 303.5 302.6 296.9 300.5 302.4 303.8 305.1 305.5 306.3 307 306.4 303.3 298.9 297.3 292.8 292.9 291.4 295 288.4 283 282.1 281.5 281.5 282.9 282 278.2 278.3 278.2 276 272.9 268.2 264 261.7
94 102 112.9 116.7 124.6 127.9 131.2 135.2 137.3 144 151.6 158.7 166.2 173.2 183.7 189.3 190.3 199.9 206.1 207.9 212.4 216.9 220.3 224.1 227.2 234.2 241 245.8 249.5 272.5 297.9 307.9 309.9 312.3 319.5 321.8 322.9 324.5 322.9 311.8 315.7 315 310.1 310.2 313.4 313.5 313.1 302.6 300.1 302.5 307.1 310.3 308.2 306.5 307 308.2 309 306.8 303.3 288.7 288.2 288.2 297.6 291.1 286.5 285.3 284.9 282.7 282.8 280.8 279.6 280.5 280 278.5 274.4 268.7 264.6 262.4
93.8 106.6 117.3 119.8 128.1 133.1 136.3 142.1 144.4 148.4 154.6 160.7 167.3 177.4 163.9 167.3 188.2 190.5 196.2 208.3 214.4 218.3 222.6 227.6 233.5 237.1 242.9 247.3 252 257.7 282.5 304.2 309.5 314.3 318.4 323.6 326.7 328.5 328.6 324.7 319.1 316.9 312.6 313.9 314.9 314.2 316.4 314.4 302.2 303.9 311.5 311.2 308.4 307.2 307.6 308.9 309 309.3 309.1 295.4 290.8 291.1 295.4 292.9 289.8 288.3 286.8 283.4 281.4 280.5 281.1 282.5 283 280.4 275.7 270.8 265.9 263.5
95.1 108.9 118 124.2 132.9 136.9 139.4 145.2 149.2 153.1 159.6 167.6 171.9 152.8 133 143.4 167.4 185.9 185 189.3 206.2 219.6 224.4 230.8 238.5 241.8 244.3 248.3 252.1 254.9 268.7 293.6 310.7 314.1 318.8 328 329.9 331.9 331.4 329.5 327.5 316.6 310.3 309.7 312.5 317.7 315.4 313.6 305.3 304.8 308.9 308.5 307.9 308 308.9 309.9 309.9 308.2 304.6 299.9 292.8 294.5 297.5 298.9 292.1 289.6 286 282.2 280.1 281 282.4 283.8 285.3 281.8 276.6 270.8 266.4 263.8
98.8 116.5 125.3 130.5 133.2 136.3 139.2 143.7 150.5 156.3 164.4 172.7 150.4 118 109.1 133.2 145.6 168.2 178.9 182.4 185.1 208 227.1 232.5 238.9 244.1 246.4 248.6 252.9 259.8 265.3 278.3 304.3 312.1 315.2 329.2 332.5 334.4 334.4 333.1 329.9 315.6 312.6 313.2 298.5 295.9 303.1 309.3 305.8 303 304.3 304.6 304 303.4 301.9 298.9 296.8 295.8 296.9 296.1 295.1 293.9 294.9 295.1 293.2 290.9 285.8 281.8 279.5 281.5 282.9 284.3 285.9 281.8 276.4 270.9 267.4 264.4
116.6 123.9 127.3 129.8 132.3 135.6 140 145.9 152 160.2 167.7 163.4 127.4 99.2 99.2 120.4 130.4 147.3 169.6 173.9 178.6 186.3 215.5 233.8 237.1 242.8 248.3 250.7 255.1 261.9 266.4 274.1 292.5 306.4 310.4 328.8 332.4 334.7 335 333.5 326.5 311.5 309.3 313.5 307.3 294.7 284.7 289.3 290.7 289.4 289.2 288.6 287.7 289.3 290.8 292.4 292.9 293.8 294.8 295.4 294.6 294.7 293.8 295.4 292.6 292.3 289.1 280.6 278 280.4 281.7 282.7 284.5 281.1 275.9 271.6 267.8 264.1
