public/OST50/SN82.asc
ncols 200
nrows 200
xllcorner 280000
yllcorner 220000
cellsize 50
[rows 35 to 69 of 200, columns 0 to 77 of 200]
370.7 375.6 373.1 369.9 364.9 356.8 348 341 330.7 336.5 341.4 347.8 354.5 360.8 361.4 359.4 358.2 357.6 354.8 352.8 352.2 350.5 347.9 343 338.8 335.3 331.8 325.1 315.4 311.9 304.6 304.6 304.6 304.6 304.6 304.6 304.6 304.6 304.6 304.6 304.6 310.4 317 321.8 324.2 325.9 326 328.6 331.4 335.1 337.2 335.2 332.2 328.9 324.3 319.5 322 328.5 336 340.3 344 346.2 342.3 338.9 333.3 327.3 321.1 316.9 312.8 310.8 309.5 309.4 311.7 312.5 313.4 314.8 315.8 317.9
368.7 368.1 367.5 365.4 358.4 352.3 346.3 339.7 327.2 334.5 337.3 341.3 345.4 350.4 351.3 351.9 350.4 349.8 349.1 350.4 351.4 348 344.1 339.8 334.5 332 328.3 320.1 310.3 304.6 304.6 304.6 304.6 304.6 304.6 304.6 304.6 304.6 304.6 304.6 304.6 306.5 312.8 318.4 320.7 320.8 322 324.8 328.7 332.3 335.1 334 331.3 329 325.8 321.7 323.1 329.9 335.5 339.1 343.5 344.3 341.1 337.2 332.8 328.5 323.2 318 313.9 313.2 312.8 311.2 308.9 310.2 312 314.2 316.2 319.3
365 366.8 363.1 358.6 355.2 350.4 344.5 337.2 330.7 327.6 330 334.6 337.4 340.4 341.3 342.1 343.3 344.6 347.8 349.8 348.4 343.1 339.3 333.7 326.8 325.1 320.4 314.5 304.6 304.6 304.6 304.6 304.6 304.6 304.6 304.6 304.6 304.6 304.6 304.6 306.2 308.5 306.3 311.3 317.7 318.1 319.5 323.6 327.4 329.6 331.7 332.2 331.1 329.5 328.4 323.4 323.7 329.4 335.4 339.7 342.3 342.2 339.4 335.6 331.4 327.2 323.2 319 315.2 313.9 313.7 312.3 310.4 310.1 312.5 314.7 316.9 321.6
364.3 363.7 358.1 354.3 350 345.2 337 333.2 329.5 318.9 320.6 325.5 330.2 332.2 332.5 333.6 336.5 340.4 345 345.9 342.9 338.6 333.6 326.8 319.8 318 313.3 304.6 304.6 304.6 304.6 304.6 304.6 304.6 304.6 304.6 304.6 304.6 309.3 309.6 311.3 310.2 310.1 309.4 311.2 315 318.8 323.2 327.3 328.9 331.1 333 334.5 335.5 331.4 326.5 326.3 329.8 334.7 339.7 342.2 341.5 338.2 334 329.8 324.7 321.9 318.1 314.3 312.7 312.3 311 309.3 310.4 313.3 315.8 319 324.9
360.9 357.9 354.2 348.5 342.6 338 333.2 328.7 323.7 319.9 315.2 317.4 320.2 320.6 321.6 324.1 328.9 336.3 340 338.5 335.8 331.5 327.7 321 315.5 310.9 304.6 304.6 304.6 304.6 304.6 304.6 304.6 304.6 304.6 305.4 304.6 308.1 311.9 312.3 313.2 312.6 311.8 311.1 312.6 315.6 319.5 324.5 329.2 329.3 334.2 337 339 339.8 337.9 332 332.1 332.2 335.1 339.8 341.4 341.2 337 331.8 326.5 321.7 319.3 316.9 313 311.8 311.4 310.5 309.6 310.7 313.2 317.1 322.6 328.1
354.8 350.5 346.4 339.7 335.1 328.7 325.9 322.3 317 314 311.2 311.5 312.3 312.9 313.8 316.9 321.5 327.5 329.8 328.2 328.2 325 321.8 316.7 310.3 304.6 304.6 304.6 304.6 304.6 304.6 304.6 304.6 304.6 309.9 304.7 304.6 313.2 316.2 315.9 316.4 316.3 316.1 315.3 313.4 316.7 320.8 326.2 330.4 334.2 335.8 338.5 340.1 340.4 338.8 335.3 333.6 333.8 336.3 338.5 339 336.1 333.1 328.6 323.3 318.9 316.5 314.4 313.4 311.5 310.9 310.4 311 312.4 314.8 318 323.2 328.4
349.4 342.4 337 331.9 324 319 316.9 314.1 311.3 310.9 309.8 307.1 305.4 304.9 306.6 307.3 311.3 316.9 320.2 321.7 321.4 320.3 314.9 307 304.6 304.6 304.6 304.6 304.6 304.6 304.6 304.6 307.2 315.5 319.2 304.6 304.6 317.1 319.2 318.8 318.5 319.4 319.1 318.7 315.9 318.8 321.5 327 331.4 336.1 341 339.4 341.8 342 341.2 336.9 335.2 333.5 335.1 337.2 334.9 332.3 328.8 324.2 319.6 316 314.3 312.3 311.4 311.5 310.9 311.5 312.9 314.6 318.8 321.5 324.4 328.9
342 336.8 329.3 321.1 315.8 312.2 310.4 309.2 309.2 309.4 308.6 307.3 304.6 304.6 304.6 304.6 304.6 304.6 312.5 315.3 315.6 311.4 304.6 304.6 304.6 304.6 304.6 304.6 304.6 304.6 304.6 311.7 319.1 325.4 328.6 319.3 305.3 319.8 322.1 322.3 321.6 321.8 321.8 321.2 320 320.8 324.5 328.9 333.7 338.9 341.4 341.4 342.1 341.9 341.2 338.1 336.5 334.7 333.8 335.9 333.1 330.9 326.7 321.9 317 313.8 312.3 312.4 312.3 312.1 312.3 314.9 316.9 320.4 323.7 327 328.8 332.2
332.2 326 319.9 314 311.5 309.7 308.9 308.7 308.7 308.4 308.4 308.9 312.3 315.5 313.8 310.7 304.6 304.6 304.6 304.6 304.6 304.6 304.6 304.6 304.6 304.6 304.6 304.6 304.6 307.1 316 326.6 329.8 329 326.5 318.2 314.8 319.5 324.1 324.4 324.4 324.1 324.2 324.5 323.8 322.7 327.4 330.5 335.4 340.3 341.5 341.6 341.5 341.9 339.6 338.9 336.5 335.9 334.1 333.4 332 329.3 325.2 320.1 315.6 313.1 312.7 312.7 312.7 312.4 313.7 316.8 320.8 324.7 327.6 330.9 333.4 337.4
322.3 316.4 311.3 310.8 310.9 312.7 311.8 310 309.2 310.2 317.1 325.6 329.9 329 326 320.2 314.1 304.6 304.6 304.6 304.6 304.6 304.6 304.6 304.6 304.6 304.6 304.6 313.6 319.8 323.7 329.7 329.1 328.1 325.1 305.5 317.6 321 323.9 325.7 325.8 326.3 325.5 324.9 323.4 324 327.4 330.9 337.1 341 341.4 341.7 341 340 338.2 335.2 334.7 332.3 332.5 331.1 329.2 325.6 322.6 317.1 314.7 314 313.6 313.2 313.1 312.8 315.8 319.7 323.7 327.3 331.1 334.4 338.6 343.5
310.4 310.5 313.1 313.5 315.7 316.9 318.7 321.7 328.4 335.5 339.3 345.2 342.2 338.1 334.2 329.6 320.7 311.8 304.6 304.6 304.6 304.6 304.6 304.6 304.6 311.1 319 329.1 331.7 331.2 327.8 330.9 326.6 323 319 308.7 319.8 323.1 324.9 327 327 328 327.3 325.3 323.5 325.5 328.1 332.9 336.6 338.1 338.3 338.9 339.6 340.1 338.2 334.3 332.5 331 329.7 328.7 327.1 324.7 321.9 319.1 316.7 315.1 314.5 314.1 313.2 315 317.7 321.5 325.2 329.2 335.1 338.5 341.3 344.3
313.8 316 319.7 321.2 322.7 325.4 329.7 340 348.5 351.6 354.9 354 351.9 346.8 341.3 334.7 326.4 316.2 308.4 304.6 304.6 304.6 305.7 314.5 326.3 333.8 338.7 340 339.2 335.6 331.9 327.6 324.7 320.5 311.3 311.7 323 325.6 327.8 330 329.2 328.7 326.6 324.6 323.6 326 328.6 332.1 334.8 337.5 339.7 342.4 342.6 343.1 341.7 338.1 333.9 331.6 331.8 332.5 332.2 330.4 326.9 321.6 319.3 318.1 316.4 314.6 315 316.9 319.7 322.9 326.4 330.2 336 339 341.7 343.6
321.4 323.8 324.6 326.9 332.4 338.5 347.3 354.7 356.5 359.9 361.7 361.2 355.7 349 344.7 339.2 331.9 322 313.3 304.6 304.6 309 319 329.1 337.9 342.2 344 343.7 341.7 337.3 332.1 327.9 322.1 316.4 305.9 309.6 322.4 327.3 330.3 330.7 328.5 326.5 325.1 323.6 322.4 323.5 328.1 332.9 339.7 343.6 347.8 347.9 347.7 346.4 344.1 340.6 337.2 337.1 337.1 336.4 335.4 333.3 329.8 325.8 323 320 317.3 315.9 317.7 320.4 322.6 325.2 328.6 332.6 336.7 340 341 342.7
319.9 325.3 329 334.2 347.6 352.2 362 363 364.2 367 362.3 358.8 353.6 348.8 345.8 338.3 330.5 320.3 319.8 318.3 316.1 318.9 328.3 337 344.6 348.2 350.3 350.1 346.3 340.7 334.7 330.7 326.1 319.2 310.8 309 317.3 322.3 327.4 326.9 324.5 322.8 322 320.7 323.4 327.6 333 339 343.5 348.5 354.4 355 351.5 347.8 345.1 340.9 336.3 336.9 336.8 336.2 334.9 333.1 330 325.2 322.1 319.3 315.3 319.5 321.2 324.1 327.2 329 331.8 334.4 337.9 341.1 341.4 341.8
318.5 327.3 336.2 345.1 351.7 362.5 367.4 368.2 368.5 367 362.6 355.6 349.3 346.7 340.6 335.2 330.4 329.9 332.8 333.5 329.8 330.4 339.5 342.1 346.4 351 354.7 353.3 348.3 341.8 334.9 329.4 325 318.9 314.4 309.7 310.7 317.2 319 319.7 319.4 318.4 319.8 321.7 326.8 332.5 338.1 343.4 345.9 349.9 353.1 352.4 349.2 345.5 342.9 339.6 333.9 334 333.8 332.8 331.5 330.2 327.5 323.7 319.6 317.5 319 321.3 324.5 327 331 333.9 336.3 338.3 340.4 342.1 342.2 341.1
318.9 335.8 346.5 350.9 356.8 367 369.6 370.1 368.9 365.5 360 351.7 345.8 342 338.5 335.5 335.2 339.9 342.1 342.3 339.2 341.4 344.5 346.4 349.5 351.2 352.7 353 347.7 341.9 336.7 331.2 328 322.9 319.3 310.2 310.1 311.6 311.5 311.6 314.5 316.9 320 324.5 331.6 338.8 343 347.5 348.6 346.6 347.7 347.6 345.3 342.6 340 337.8 332.2 331.2 329.8 328.8 326.9 325 320.2 320.9 320.7 320.5 321.2 323.2 327.7 330.1 334.2 338 339.9 341.5 343.9 344.8 343.3 340.2
330.8 339.9 346.7 352.9 361.3 366.3 368.9 368.7 365.6 358.3 353.6 348.3 344.1 341.8 340.3 341.5 343.7 348.7 346.8 345.4 344.5 345.5 348.7 350.3 351.5 351.4 351.5 349.1 345.3 342 337.7 334 330.9 327 323 319.5 317.6 314.9 313.7 312.2 315.1 317.9 321.8 326.9 334.1 339.2 346.7 351.2 351.9 349.3 344.9 343.3 342.2 340.9 338.5 337.4 335.1 331.4 328 325.2 323.6 322.6 324.7 325.9 324.2 322 322.2 326.1 330.7 332.4 336.4 340 341.8 343.6 345.6 346.7 343.6 339.2
313.7 324.6 344.4 353 359.5 366.7 366.9 364.4 361.3 353.8 350.1 346.9 343.7 344.1 344.9 348.8 352.4 353.8 349.5 348.6 347.6 348.9 349.6 350.9 352.9 353.8 352.1 349.3 346.1 342.7 340.1 336.8 332.8 328.4 324 321.8 321.1 320 319 315.1 315.8 319.2 323.4 327.7 333.4 340.2 344.4 351.2 353.7 354.1 350.1 342.8 337 337.4 335.9 333.8 333 328.4 325.5 323.9 326 329 330.3 330.4 326.8 324.1 323.2 326.7 331.7 334 337.4 340.4 342.9 343.9 345.8 346.7 343.3 340.2
301.4 314 334.9 351.8 358 360.9 361.8 360.1 359.1 350.9 347.8 346.4 345.8 349 353.6 357.1 356.8 355.6 352.2 350.7 350.4 351 351.2 351.6 353.3 353.4 352.1 349.1 346 341.7 338.1 334.7 331.1 326.8 322.9 321.1 319.8 318.7 313.3 313.2 316.3 319.1 323.5 326.2 332.1 337 341.2 349.1 353.6 354.7 352 342.7 334.4 331.9 330.1 328.2 327.8 325.4 326.7 329.3 331.6 333.3 333.3 331.9 330.2 328.4 325.6 327.5 331.1 334 337.3 339.6 342.5 343.8 345.1 343.8 342.3 339.2
291.4 308.3 327.2 337.1 343.4 349.8 352.2 358.3 355.6 348.7 348.6 348.9 349.3 354.7 358.5 359.2 359.2 357.3 354 352.5 352.2 353.1 352.8 352.4 353.6 353.6 352.2 348.9 344.9 341.4 336 332 328.2 324.2 321.6 319.4 318.6 315.3 313.8 314.1 315.9 318.4 321.6 324.5 329.6 333.6 339 345.6 351.1 351.6 346.5 337.7 333.1 330.3 327.7 327.5 327.6 328.8 334.2 339.5 340.9 337.6 336.4 333.9 331.9 330.5 327.7 328.2 330.6 333.4 336 337.2 339 340.5 340.9 341.7 342.3 341.4
278.4 302.5 317.7 327 329.4 337.6 350.8 351.9 346.9 347.4 349.7 350.3 351.5 356.9 359.6 358.7 358.7 357.5 355.5 354.4 353.6 354 353.8 353.4 353 351.9 348.5 345 341.2 338 335.2 331.9 328.3 323.8 321.3 319.7 318.6 315.1 314.9 315.1 317.2 321 323.1 324.1 327.3 331.9 337.5 342.1 344.4 344.2 341 335.6 332.4 329.7 328.9 329.4 331.6 334.5 339.5 341.6 340.7 339.4 337.6 335.4 333.2 331.1 329.3 328.7 330.1 332.8 334.7 337.2 340.5 344.4 349.3 350 349.9 348.4
280.3 293.8 312 317.4 322.2 334.1 340.8 345.6 340.7 343.4 346.4 349.1 351.5 355.7 355.8 356.1 356.9 357.2 357.1 356.3 354.9 354.3 353.3 352 350.4 349 346.5 344.3 342.1 339.1 336.1 332.4 329 324.1 322 320.9 319.4 318.5 315.1 316.1 320.5 323.5 327.3 329.6 330.7 335.3 339 342 344 343.6 339.7 335 331.5 329.7 330.5 330.1 332.4 335.6 340.4 340.5 340 339.7 339.1 337.7 335.4 334.2 330.6 330.4 331.3 333.8 336.1 339.5 345 349.7 352.9 353.5 353.4 351
315.5 280.1 304.6 309 314 325.8 333.3 333.6 334.6 338.4 347 347.6 347.3 352.1 352.8 355 355.8 356.5 357.3 356.3 353.3 351.7 350.9 348.9 347.1 345.6 343.6 341.8 339.3 336.5 333.7 330.1 327.5 324.8 323.1 321.4 320.2 319.8 317.6 316.6 322.4 326.4 329.3 332.8 337 342.3 345.4 347.6 348.5 345.5 340.1 336.7 333.6 331.3 331.9 330.4 330.9 332.9 336.9 338.9 339.9 339.8 339.8 340.1 339.5 336.8 332.9 332.3 332.4 334.7 336.5 340.6 346.5 349.8 352.6 354.5 354.9 353
321.7 303.8 288.7 303.9 306.4 318.2 321.7 323.9 332.1 336.7 338.9 341 340.9 345.2 350.2 352.8 355.5 356.7 355.8 353.1 350.5 347.3 345.7 344.3 343.6 342.6 341.3 341 339.3 336.3 334.5 332.6 330.9 328.2 323.9 321.6 320.6 319.8 318.1 316.7 323.1 326.7 330.4 333 336.2 342 347.7 350.4 350.1 345 340.8 339.2 336.5 332.5 332.9 332.4 335.2 336.8 339.5 342.8 347.4 347.6 346.2 344.5 343.7 340.7 337 336 336.2 337.1 338.1 340.7 346.6 349.2 351.6 352.6 353.6 355
325.1 313.3 291.9 298.4 302.3 311.3 316.8 321.8 328.3 330.7 333.1 334.7 337.4 343.2 347.9 351.5 354.3 354.3 352.8 350 346.9 345.3 344.7 344.1 344.7 344.5 343.9 342.6 340.9 339 336.8 335.2 333.9 331 326.6 322.3 321.1 319 317.6 316.6 324.6 326.6 330.5 334.1 337.7 341.7 348.1 350.2 350.1 346.9 342.1 339.8 335.4 333.5 334 335.7 338.4 341.8 346.4 350.1 352.1 352.3 350.6 348.4 347.8 345.1 343.3 342.9 342.2 340.7 340.8 344.2 348.2 350.1 352.7 352 351.2 352.6
324.4 314 309.4 309.6 308.7 309.1 313.1 318.9 323.4 325.3 328.7 331.3 333.2 337.9 345 348.1 349.5 349.7 348.6 346.3 345.9 345.5 345.3 345 345.1 345.6 345.5 341.7 339.5 337.3 335.5 334.8 333.1 330.4 326.7 322.7 320.4 318.6 317.3 321.8 324.2 327.9 331.2 334.7 338.2 341.9 347.8 350.5 350.4 349.2 344.8 341.8 337 335.2 336.2 340.2 342.3 344.5 348.7 352.2 353.6 353.4 353.1 350.3 350.7 350.2 347.9 347.7 346.8 345.6 346 348.3 349.7 351.5 353 351.9 350.6 350.3
321.1 308.2 315.6 317.5 314.3 313.5 311.8 313.8 317.7 324 325.8 328.1 330.2 333 337.8 338.9 342.9 345.1 345.7 346.6 346.8 346.1 346.4 347.6 347.2 345.8 343.9 338.4 336.5 334.7 333.5 331.8 330.2 328.1 324.4 321.4 319.9 318.6 318.3 323.2 325.3 328.5 331.1 335.4 339.5 341.7 347.6 348.8 350.3 351 348.1 345.9 342.8 340 340.4 342.9 345.6 346.3 349.8 352.8 353.4 354.1 354 353.8 353.9 351.7 351.9 352.4 352.2 350.7 349.1 350.4 352.4 354.2 354.7 354.3 351.3 350.1
315.9 315.1 319.5 319.2 318 318.8 321.8 319.9 316.8 322.6 326.6 326.7 327.8 330.5 337.8 343.1 344.9 349.5 355 357.1 356.3 349.8 347.7 345.9 343.7 341.4 338 335.5 333.6 332.8 330.6 328.4 326.7 326.3 323.4 320.3 319.8 319.2 320.4 325.2 326.6 329.2 332 336.2 340.6 342.4 347.8 352.2 354.5 355.5 351.2 349.5 348.1 345.7 344.9 346.3 349.2 350.7 350.1 351.9 353.4 354.9 355.8 356.4 357.3 354.1 355.7 356.7 357.1 356.5 354.5 354.5 356.1 357.2 356.6 355.3 352.1 350.3
318.7 319.5 322.2 323.2 323.1 326.1 328 326.9 322 321.4 323.6 327.3 329.4 333.7 340.6 347.5 356.8 361.6 361.4 359.4 354.6 350.1 347.9 345.7 343 339.8 337.9 336 334.1 332.7 331.2 329.9 328.7 324.1 321.2 321 320.7 328.6 325.7 327.5 328.4 329.8 332.5 337.5 341.6 345.2 348.6 352.1 355.6 358.3 355.6 354.1 352 350.1 348.6 349.3 350.7 350.9 353.7 355.6 357.7 358.3 358.5 358.7 360.3 359 359.7 360.8 361.1 361 360.3 359.6 359.5 359.6 358.3 355.6 352.6 351.1
324.4 324.7 326.3 328 329.2 331.9 334.2 336.4 335.5 332.3 330.5 330.7 335.4 339.3 343.7 356.8 361.3 362.5 361.4 359.4 356.2 351.5 348.5 346.1 344.7 342.9 340.6 338.3 336.3 334.1 332.9 330.1 323.4 322.6 321.9 322.4 331.4 331.7 323.7 330.1 330.7 331.3 335 340.5 343.3 346.9 350.5 355.3 358 358.7 359.6 358.4 356.4 353.8 351.3 348.8 350.2 353.7 356.1 358.5 360.3 360.1 361.1 361.7 362.5 362.9 363.6 363.6 363.6 364.4 364.7 363.6 362.1 360.7 360.3 357.5 355 352.7
328.3 329.9 331.4 334.3 335.7 338.3 341.3 343.2 342.9 340.5 338.4 337.5 346.7 352.4 352.1 358.9 362.7 361.5 358.9 358.4 355.5 352.4 349.9 347 347.5 346.6 344.1 341.8 339.7 336.3 334.3 331.3 324.1 323.2 324 332 333.6 333.9 333.6 334.5 335.1 335.9 338.8 342.2 345.6 349.6 353.9 358.9 360.2 361.4 362.1 362.3 361.6 358.8 356.1 354.3 355.3 357.4 358.4 359.2 360.1 360.3 361.8 363 363.9 364.4 365.2 365.7 366.3 366.8 367.1 366.3 365.1 362.7 361 358.9 356.7 354.6
333.2 336.1 338.3 340.3 341.3 344.1 347 349.4 350.9 351.4 349.3 349.7 351.3 357.5 356.8 358.6 360.8 365.3 367.4 364 359.7 356.8 353.6 351.3 351.9 351.7 349.1 346.1 342.3 338.7 335.5 332.1 324.8 323.1 328.7 333.7 335.2 335.9 336.5 333.2 338.8 340.3 341.8 345.8 348.8 352.9 357.3 361.4 364.2 365.9 367.3 368.1 366.7 364.3 361.7 360.5 360.1 360.3 359.6 359.9 360.4 361.1 362.3 362.6 363.2 364.6 365.7 366.8 367.3 368 367.8 367.2 367.1 363.9 361.8 360.3 358.5 355.6
338.7 340.4 342.3 344.4 347.6 350.9 353.1 355.8 357.5 358.6 359.4 360 358.2 357.4 358.9 361.5 364.9 368.4 367.2 363.4 359.6 357.5 355 352.4 352.3 354.4 354.6 349.1 343.3 338.8 334.6 329.6 324.7 324.9 328.6 334.2 335.4 336.4 337.7 339.5 336.8 341.4 343.9 348.2 351.5 356.4 360.4 364.2 367.6 370.5 372 371.6 370 369.3 366.8 364.8 364 364 364.1 364.2 364.3 364.2 365.2 365 364.9 366 366.6 367.4 368.2 368 367.6 367.1 366.3 363.5 361.9 359.4 358.6 356.4
344.1 345.4 347.3 349.7 352.1 354.4 357.6 361 365.7 368.1 369.9 369.5 366.2 363.4 365.9 368.1 366.6 366.8 365.1 362.5 359.8 357.3 355 352.7 351.3 353.4 353.9 346.4 342.2 335.9 331.3 328 325.5 327.3 329.4 334.2 335.6 338.1 339.4 341.2 342.3 338.9 345.1 348.1 352.3 359.3 362.4 367 369.4 371.6 374.2 373.6 372.7 371.3 370.2 368.2 367 367.7 368 368.7 367.9 367.4 366.8 365.5 365.3 367.1 367.5 368.3 368.8 368.3 367.6 366.8 364.9 363.4 361.4 359.9 359 357.5
347.4 348.4 349.7 352.1 354.8 357.5 361.8 366.1 369.6 371.9 373.2 374.2 370.9 368.3 367.3 366.2 364.9 364.9 364.5 363.1 362.1 359 356.1 352.8 347.8 350.1 346.8 341.4 337.7 331.9 330.4 330.2 325.7 326.5 328.9 334.1 337.6 341.2 342.9 344.7 346.1 347.1 346.8 348.2 349.2 356 361.4 366.5 368.5 371.8 373.9 374.4 372.6 370.9 370.9 371.6 370.7 370.2 370.6 371.2 370.8 369.7 368.9 367.2 366.3 368.7 368.5 369.4 369.5 369.3 368.8 366.7 365 364 362.3 360.7 359.2 358.3
