public/OST50/SN82.asc
ncols 200
nrows 200
xllcorner 280000
yllcorner 220000
cellsize 50
[rows 140 to 174 of 200, columns 78 to 155 of 200]
492.1 497.8 508.5 519.5 531.6 545.9 556.7 565.1 570.6 574.3 579.6 583.3 585.7 585.4 586.8 589 589.2 588.6 587 587 581.8 579.8 578.4 576.8 573.2 573.6 570.1 563.2 551.6 539.4 530.2 519.9 510.9 499.9 488.2 476.2 466.6 458.9 453.8 449.1 444.4 439.4 434 428.5 422.6 416.7 410.7 404.2 397.5 392.4 387.2 382 376.1 368.5 361.3 353.1 348.2 342.4 334.4 324.6 317.2 309 305.8 305.6 302.7 297.5 292.2 287.6 284.3 280.7 276.3 273 270.4 259.5 252.8 251.1 249.8 246.9
494.7 501.7 511.5 521.8 532.2 542.4 553.9 561.8 567 572.8 576.4 581.3 584.7 585.1 586.2 588.2 587.3 585.2 584.2 582.3 577.6 576.2 574.2 571.5 570.3 569.6 563.4 557.7 547.9 534.2 528.4 520.2 510.8 500.1 490.4 477.7 468.2 460 454.6 449.4 444.9 440.7 436.9 429.9 423.9 418 410.9 404.7 398.2 391.8 387.3 382.1 374.1 366.7 360.4 354.1 347.7 340.2 329.8 321.7 312.2 312.3 311.7 308.8 304.4 299.2 293.4 288.8 284.3 282.2 278.1 274.6 270 257 254.3 252.5 252.2 248.2
498.3 505.1 512.8 522.7 532.5 542.4 550.2 556.6 561.9 568 574.4 578.5 581.7 583.6 582.9 584.6 584.2 581.1 579.9 576.3 573.9 569.6 566.5 564.6 564.6 562.1 558.6 552.9 540.8 530 525.2 520.1 512.2 502.3 493.1 478.5 467.9 460.7 455.1 449.7 447.4 443 437.8 430.5 424.8 419.1 411 404.8 397.9 391.7 385.6 380.2 371.6 365.5 358.1 352.6 345.7 340.3 325.2 319.6 320.2 317.6 314.8 310.4 305.4 300.2 294.4 289.6 284.7 281.2 277.8 272.1 263.2 255.4 256.6 254.8 253.9 253.8
500 507.6 514.1 521.6 529.5 539.4 547.4 553 557.6 563.9 572 576.1 577.9 581.9 581.7 581.6 580.6 578 574.9 570.9 569 564.5 560.3 559 557.8 555.3 553.9 547.3 535.8 527.2 523.3 518 511 499.5 491.9 478.8 466.7 459 454.2 452.3 448.7 443.8 438 430.9 426.4 419.1 412.4 405.7 398.7 390.2 383.7 377.8 371 361.6 356.8 348.9 340.1 330.2 332.9 329.3 325.3 321.5 316.8 311.5 305.7 300.7 295 290.4 286.4 280.4 276.7 266.3 262.7 265.2 261.2 259 259.7 259.5
504.3 509.4 514.4 519.8 527.4 535.2 544.3 548.7 555.1 562.3 569.3 572.8 574.6 577.9 577.5 577.1 575.3 572.4 569.5 566.7 562.8 559.2 554.5 551.4 552.4 550.4 545.9 541.9 529.8 524.2 520.4 517.4 511.6 500 488.4 477.5 467.9 460.3 456 452.8 448.5 444 438.9 432.1 426.7 419.3 412.2 405 397.9 390.3 382.5 376.8 369.3 360.5 352 338.5 341.6 341.9 338.2 333.8 327.6 322.5 318.6 311.5 306.2 301.1 295.5 290.7 285.7 278.8 270.3 267.9 270.6 272.3 267.8 267.4 266.3 262.8
509.8 509.9 513.6 519 525.1 531.9 540.2 545.6 551.5 559.3 565.5 568.8 571.6 574.8 574 571.6 569.3 565.6 563 559 555.3 551.7 547.6 543.9 544.3 541.2 539.2 532.9 525.6 520.8 518.7 515.9 511.4 501.1 487 478.5 468.5 460.7 456 452.1 448 443.8 438.8 432.1 425.9 419.1 410.8 403.5 396 389.1 381.6 375 366 358.4 343.5 349.4 347.3 344.5 341.7 335.6 330.1 323.6 318.3 311.6 305.3 299 295.1 291.2 283 269.8 271.9 274.9 275.5 276.5 273.2 273.1 270.6 267.8
513.2 511.3 513.7 518.4 522.9 529.2 537.5 542.6 547.8 555.6 561 566.5 569.8 569.9 570.2 565.5 562 558.7 555.4 551.2 547.8 543.8 540.6 538 537.3 534.3 532.8 526.2 520.6 518.2 515.7 512 508.2 500.1 485 477 469.6 460.3 455.6 451.6 447.7 443.8 438.3 430.4 424.3 417.7 409.2 401 393.3 385.5 379.2 372 360.7 350.2 356.3 355.7 352.5 349.4 344.7 337.7 330.5 324 318 310.9 303.8 299.1 294.9 290.4 279.5 275.7 282 281.6 281.8 280 279.1 278.2 274.8 273.1
516.3 513 512.8 516.5 521.5 527.2 534.8 539.7 543.9 550.7 557 562 564.8 564.7 563.5 558.4 554.3 550.2 546.4 542.8 536.3 535.4 531.3 530.6 530.7 527.9 525.7 519.6 516.8 514.2 510 507.7 503.8 497.6 482.8 475.2 469 459.7 454.3 450.4 446.5 442.3 437.7 430.1 422.8 414 405.5 398.2 390.4 383.8 376.8 368.7 359.2 364 362.2 361.2 357.5 353 346.8 338.9 331.7 324.7 317.2 311 303.3 298 293.6 288.6 278.4 281.4 286.5 287.3 286.5 284.1 283.1 280.5 278.7 277.7
516.6 513 512.4 514.7 519.2 524.7 530.6 535.4 540.4 545.4 551.8 554.3 556.2 556.7 554.6 551 544 541.9 538.3 533.6 528.6 526.6 525.4 522.9 523.3 521.4 518.2 513.2 510.9 507.3 504.3 501.7 498.7 494.4 483.5 474.6 467.6 459.1 453.3 449.2 444.5 440.7 434.8 429 420.2 411.9 403 394.6 387.8 380.8 374.7 364.8 369.5 369.6 367.8 365.6 361.4 355.1 348.6 341.3 333.9 324.4 317.4 311.1 303.5 297.3 292.2 283.1 279.8 289.7 290.9 291.6 289.2 289.2 288.4 286.4 283.9 281.3
517.8 511.8 511.1 511.9 514.8 520 525.7 529.4 532.8 538.3 543.2 545.6 547.4 547.4 545.7 540.7 535.3 534 530 524.3 520.1 519.7 517.8 516 516.4 513.7 509.3 506.3 503.6 500.6 499.4 497.5 492.5 489.3 481.9 473.5 466 458.8 453.2 448 442.6 438 433.1 424.7 414 407.7 400.3 391 383.7 378 371.2 377.4 377.5 374.8 372.8 369.7 363.8 358 348.9 341.9 333.1 324.7 317.5 311.8 301.6 294.6 288.7 280.6 288.6 293.9 295.9 295.1 293.1 293.8 292.8 291 292.2 290
515.3 510.3 508.9 508.7 510.2 514.3 520.3 522.7 524.2 530.1 534.4 536 537.1 537.2 537 532.6 529.3 524.7 521.3 517.4 512.9 512.3 510.3 504.4 507.6 504.3 501.3 499.5 496.5 494.9 494.5 494 488.8 484.6 477.5 471.8 465.2 458.9 453.4 446.6 439.9 434.7 429.6 421.6 411.3 403.2 394.1 386.3 377 380.5 383.5 385.1 384.3 380.3 378.2 373.1 365.6 356.7 347.7 338.5 328.8 322.1 316.1 309 297.9 291.2 284.2 287.9 294.5 298.5 299.4 297 297.5 298.3 298.2 298.1 297.3 294.9
515.8 509.3 506 505.5 506.6 508.3 513.4 515.5 517.5 522.7 524.8 526.9 527.2 528.5 528.3 524.5 521.1 514.2 512.8 508.7 504.5 504.1 501.3 496.5 497.3 495.7 492.3 492.1 490.8 490.2 490.1 489.1 484.2 480.4 476.5 471.8 465.2 458.1 452.8 446.7 438.1 431.7 424.8 416.8 407.3 395.8 387.3 386.5 386.8 391.3 393.1 393.2 390.8 386.8 383.1 376.3 367.6 357.4 346.7 336.7 327.2 320.7 313.8 306.3 296.8 288.9 286 292.6 299.4 301 301 300.7 302.4 303.5 304.6 302.5 303.2 299.9
516.2 509 504.7 502.4 502.3 503.1 506.8 507.5 509.2 513.4 514.6 516.9 518.5 519.7 518.6 514.5 511.5 506.5 503.8 500 496.1 494.2 491.8 487.9 483.4 487.7 486.2 484.8 482.8 484 485.2 485.3 482.4 478.7 475.7 469.5 460.8 454.8 451 444 436.3 430.3 423.8 412.8 402.6 400.9 397 397.2 398.3 400.7 401.6 400.6 398 391.2 384.2 376.3 366.9 355.8 343.6 334.7 325.2 317.7 312.5 304.5 297 286.8 292.3 298.4 303.3 304.5 304.6 304.2 306.2 308.5 310.2 307.8 307.4 303.9
516.9 510 504.5 501.1 498.5 498.9 499.7 500.1 503.3 504.6 505.3 507.8 510.2 511.1 510.1 505.8 502.6 498.6 494.8 491.9 486.6 485.2 482.1 478.2 474.4 476.8 475.6 475.8 477.8 478.4 479.4 479.8 478.3 476 472.7 465.7 459.1 452.9 447.9 441.2 434 428.3 419.2 415.3 411 410 408.6 408.8 409.4 410.1 409 406.5 402.8 395.7 386.8 376.3 365 351.6 340.5 331.6 324.7 316.5 310.5 301.2 294.5 293.6 298.4 304.9 307.9 308.2 308.7 307.8 309.9 312.8 314.1 313.3 311.4 307.8
518.1 512.3 505.2 501.8 497.9 493.9 493.9 494.3 495 495.6 497 499.6 501.6 502.3 501.8 497.9 494.2 491 485.9 481.9 478.1 474.3 471.9 469.2 463.9 465.1 466.9 470.1 471.4 472.9 474.6 473.3 471.8 473 470.8 463.7 458.4 451.2 444.2 437.1 433.5 429.2 424.1 422.7 420.8 420.2 419.5 419.3 417.7 416.1 414.6 410.9 406.1 399 389 376.6 363.6 350.1 340.4 330.6 321.8 313.7 305.7 294.8 296.4 300.9 306.4 310.9 314 312.7 312.9 311.6 313.3 317.2 319.4 318.5 316.3 313.4
521 514.3 507 502.9 499.5 495.4 490.2 489.6 489.7 489.7 489.6 492 493.4 494.5 494.5 490.3 485.5 481.7 478.6 473 470.7 465.9 463.5 461.1 457.5 457.4 460.4 463.6 464.5 467 468.1 466.9 468.5 468.5 467.7 461.1 455.5 451.1 444.8 441.3 438.8 434.9 431.4 429.9 428.6 427.4 427.1 425.7 424.5 422.3 418.8 413.8 406.5 399.1 388.1 372.2 358 348.4 337.9 328.2 319.3 312 302.4 297.1 303.5 308.6 312.3 316.4 318.5 318 319.6 317.7 318.7 323.6 326.7 325.8 325 322.5
524.8 517 510.1 504.4 499.9 495.5 491 483.9 484.4 485.1 484.1 485 486 486.8 487.2 482.1 477.6 474.5 470.7 466.9 463.6 458.3 454.9 453.6 452.3 452.5 455 456.1 457.9 461.1 462.6 461.7 465 466.2 464.8 459.4 456.7 452.4 448.4 446.5 444.9 441.9 439.1 436.6 434.8 433.7 432.9 431.6 429.4 426.8 422.1 414.4 404.8 399.6 393.2 376 360.4 348.7 336.6 326.5 317 308 299.4 303.2 307.8 312.9 317.3 322.1 325.3 326.6 328.6 328.3 328.1 332.4 335.7 335.1 334.3 331.2
528.6 521.2 513.3 506.7 500.5 495.4 491.1 485.7 478.9 480.5 480.1 479 480.1 479.8 479.2 474.3 469.2 466.6 464.1 460 455.3 452.1 448 447.1 446.9 445.5 448.6 449.7 453.1 455.8 457.3 457.7 459.8 463.1 463.1 460.6 458.3 456.1 452.5 450.5 450.1 447.7 445.3 442.6 440.7 439.6 438.3 436 433.4 429.8 423.1 417 408.2 403.1 392.5 375.8 358.7 346.7 337.2 326.3 313.9 308 302.2 308.4 312.6 317.9 323.2 330 333.8 338.2 343.1 343 340.1 343.2 347.6 346.9 345.2 340.6
533 525.9 517.4 510 502 495.5 490.8 485.8 477.7 476.6 476.3 475.3 474 473.5 472 466.5 462.5 460.7 457.2 453.3 448.4 445.1 443.2 440.9 442.2 440.9 442.4 444.7 448.8 452.2 453.1 453.9 456.4 459.7 462.1 461.5 460.2 459.3 456.8 455 454.5 453.6 451.3 448.4 445.6 443.6 441.7 439.3 436.7 433 427.3 420.3 412.3 402.2 389.5 373.1 354.8 341.6 332.4 326.8 319.8 314.1 306.7 312.1 318.7 324.4 332.4 339.1 346.3 353.8 356.8 355.8 352 354.6 356.6 354.8 354.9 349.9
537.9 530 521.3 513.2 503.8 495.5 490 484.7 477.5 471.5 473.5 471.4 469 467 464.8 461 455.9 454.4 450.6 446.1 441.7 438.8 438.9 435.7 437.5 437.2 437.3 440.2 444.4 448.4 451.2 450.9 454.6 460 463.1 462.9 462.7 461.8 461 460.2 459.6 458.9 456.3 453 449.6 447.1 444.4 441.9 439.4 436.6 431 421.5 414.3 406 392.4 374 356.3 345.5 337.6 330.6 324.1 314.1 311.7 316.9 325.6 333 341.3 351.7 362 369 367.8 366.2 363.8 365.7 363.9 363.6 363.2 356.4
541.8 532.5 524.9 514.5 505.8 497 490 484.3 478.6 473.7 469 465.2 465.2 462.3 459.8 456.1 450.6 448.5 444.9 440.5 435.8 434.4 435 430.5 433 433.2 433.7 438.2 442.1 446.9 448.3 448.4 453.2 457.8 462.4 465.3 465.6 465.8 464.9 465 465.1 463.4 460.7 457.1 454.2 450.6 447.1 444.5 441.9 437.9 433.7 431 422.1 408.2 394.5 373.6 359.3 347.6 338.8 332.1 324.5 313.6 318 324.7 334.8 342.5 353 366.2 376.5 380.4 379.1 375.9 375 369.8 367.3 367.3 364.7 360.7
546.3 533.6 525.9 516 506.3 498.2 491.3 484.4 478.3 474.7 471 465.9 461 459.6 455.8 451.2 446 444.7 439.8 435.1 429.7 429.7 429.8 426.5 430.3 429.8 430.8 435.2 440.4 443.8 445.2 447.3 452.3 457.1 462.7 466.4 468.9 469.3 469.3 469.2 469.1 466.6 463.7 460.9 456.9 453.1 449.8 446.8 443.8 440 439.1 434.8 424.6 411.5 396.1 375.6 359.8 348.6 341.2 334.5 326 322.9 325.5 331.8 344.3 353.9 368 380.2 388.1 387.7 386.5 385.3 378.7 371.2 371 368.2 365 364.3
549.8 536.4 527.7 518.6 507.9 498.3 491.7 484.9 478.5 474.5 470.7 464.4 460.8 455.5 452.5 445 444.1 442.7 436.2 428.2 424.9 423.7 423.9 422.6 430.8 428.4 427.6 435.4 441.3 442.6 442.7 446.2 451.4 458.3 463.3 467.7 469.3 470.9 472.1 472.5 472.4 470.9 466.8 463.2 459.4 456 452.7 449.5 446.1 443.7 442.7 436.8 425.9 413.2 395.3 372.8 359.1 349.7 343.5 335.5 324.5 328.2 333.6 343.8 353.1 361.9 376.8 388.5 393 391.1 390.2 384.8 375.9 372 370.4 367.5 364.8 363.4
551 539.1 528.1 519.3 508.4 496.9 493.8 487.5 482.3 476.1 472.1 469.5 463.9 457.9 453.4 449 445.9 444 438.5 431.5 426.4 421.9 418.2 419.3 426.5 425.8 426.4 436.6 437.2 436.4 441.6 444.8 451.3 459 465.8 468 471.6 473.5 474.4 474.4 473.8 473 469.8 466.2 462.7 459.3 456 452.7 448.9 448.5 446.1 437.2 427.4 412.9 393.3 370.2 359.5 351.5 343.6 334.6 327.8 333.5 344.6 355.8 364.2 373.9 385.1 392 391.2 390.9 388.9 379.7 375.9 372.9 369.7 367.6 365.7 365.1
551.7 539.9 530.2 521.5 513.4 504.4 498.5 490.9 485.9 481.7 477.9 474.1 467.2 460 456 451.7 447.3 444.9 438.3 431.7 425.9 423.1 421.2 415.1 422.2 423 423.8 433.4 432.1 434.3 441 446 453.1 461.6 466.7 469.1 472.9 475.6 476.7 478.7 476.7 475.4 474.5 471 467.2 463.7 459.3 456.1 453.4 452.3 449.2 442.3 428.6 412.2 390.6 370.4 361.2 352.8 344.9 331 338.4 343.3 356.1 364.2 373.5 381.3 388.9 393.9 392.7 390.4 384.4 377.9 375.8 373.5 372.3 369.1 367.5 365.3
551.6 540.7 532.4 527.9 521.7 514 508.3 501.3 495.3 491.7 487.1 482.4 477.4 468.9 461.4 452.8 448.4 443.8 438.4 432.9 426.6 423.1 416.5 413.2 417.1 420 424.8 429.7 427.8 434.2 440.8 446 450.9 463.1 468.7 473 476.3 479.1 481 481.8 479.5 478.9 477.2 475.6 471.9 467.3 464.1 461.6 459.2 455.4 451.2 444.2 431.9 412.1 392.7 370.4 360 352.4 343 338 345.4 353.4 365.8 372.1 380.3 386.3 394 396.1 393.4 389 384.3 378.8 376.9 376.2 374.8 372.3 369.7 365.9
552.4 547.1 541.6 534.9 527.6 520.8 514.6 508.6 502.8 496.9 493.2 487.8 482.3 475.4 469.1 454.2 449.8 445 440.6 433.8 428.3 423.9 418.7 414.9 412.7 415.5 420.5 423.5 427.3 434.5 440.8 446 452.9 462.9 470 476.1 478.7 481.1 482.6 485.3 485.3 485.2 483.8 480.8 476.2 472 469.3 467.5 464.9 459.9 453.4 445.9 433 415.4 394.7 374.7 366.2 358.8 344.1 347.6 359.6 368.2 374.3 380.9 386.1 391.3 395.5 393.5 391.6 387.5 383.5 380.3 378.9 378.2 377.1 373.9 370.4 365.4
557.6 553.2 546.8 540.4 531.8 525.2 519.6 512.3 507.2 502.7 496.8 491.2 487.2 482.2 473.5 458.8 450.9 448.5 441.1 434 427.9 424.7 418.9 413.2 408.5 412.1 414.6 419.1 427.6 435 442.5 449.5 456.2 464.1 470.5 476.8 480.3 483.2 486.5 489.6 491.6 493.3 490 486.5 481.4 477.1 474.1 471 469.1 463.1 455.8 447.3 433.5 417.9 397.1 379.6 369 359.6 354.4 360.5 370.9 379.3 385.9 389 392.6 394.3 393.8 392.2 389.4 387.7 385.9 381.8 379.6 379 377.9 375.7 371.6 363.5
562.6 556.5 551.3 545.7 537.1 529.8 525.2 519.7 513.3 509 502.2 496.5 493.3 487 477.8 461.7 452.1 451.1 441.8 435.1 428.2 424.4 418.2 410.9 409.5 410.7 414.2 420.9 428.1 435.2 444.5 451.3 458.4 465.3 471.3 477 482.9 488.3 493.3 496.5 496.9 498.1 495.9 491.4 486.4 481.9 479.9 475.9 474.3 466.7 456.8 448.1 435.7 418.5 399.1 381.7 373.1 367.9 368.1 375.3 382.1 389.9 392.4 393.9 396 396.6 394.1 392.2 390.5 390.1 387.9 384.8 382 377.8 376 373.2 364.4 360.4
566.4 560.7 555.4 550.3 542.8 534.8 528.8 524 518.7 514.2 505.7 504.5 499.8 492.7 482.1 465.4 454.3 450.8 441.4 434.5 428.5 422.7 416.6 409.5 406.4 413.2 414.1 421.9 431.2 438.4 446.7 451.1 458.1 466.3 473.2 479.1 485.2 492.2 498.7 502.4 503.4 503.4 503.1 498.5 492.4 484.6 480.7 477.8 475.1 469.2 461.4 449.6 437.8 420.9 399.9 386.5 378.1 377 381.6 387.5 393.2 396.4 398.5 400 399.8 399.4 395.9 393.7 392.7 392.6 389.8 386.4 384 380.3 379.1 374.5 366.7 360
569 562.8 557.6 552.9 547.8 539.5 533.6 529.3 523.2 517.1 515.6 511.1 507.7 499.7 485.9 469.4 456.5 451.2 441.6 435.5 429.5 421.2 418.6 412.6 406.6 413.2 416.4 424.4 433.6 441.3 448.9 452.4 459 468.8 477.2 482.6 491 496.7 499.9 507.7 507.3 506 504.6 501.4 495 486.6 482.8 479.7 474.7 467.8 462.7 451.5 440.9 425.6 403.7 390.7 390.8 391 394.3 397 400.9 403.1 404.2 403.9 402 401.2 399.6 397.9 397.2 395.6 391.6 387.4 385.8 383.8 380.5 372.4 366.7 360.5
570 565.4 560.3 554.4 549.9 542.8 537.8 533.1 527.6 522.6 523.5 522.1 517.3 509 492.7 475.7 459.4 451.7 443.6 434.8 430.3 419.3 415.7 407.1 406.7 411.6 419.1 427 435.2 440.8 448 452.8 461.7 471.4 479 488 496.5 499.2 501.9 513.2 515.6 511.9 509.6 505.1 498.7 491.8 487.3 483.4 476.8 470.7 462.1 452.5 437.6 423.3 407.7 403.7 404.1 400.7 401.4 404.9 407.5 408.8 410.2 408 405.9 403.7 402.9 401.5 398.5 395.2 392.1 388.7 387.8 384.9 380.2 373.3 368.2 360.6
570.3 566.6 562.7 556.6 551.9 545.7 541 536.1 531.7 530.1 531.3 530.8 526.4 515.4 500.9 478.4 462.4 451 444.9 433.9 429.1 416.1 414.4 409.3 404.4 410 419 426.6 433.3 441.9 450.4 454.2 462.9 472.1 481.3 491.7 500 501.4 504.2 515.4 524.2 521.8 523.6 516.6 506.6 498.1 493.5 487.5 481.5 473.4 464.5 455 438.9 425.8 417.8 411.1 411.8 410.1 410.6 410.6 411.6 412.9 413.5 411.3 407.9 406.7 405.4 402.1 398.1 396 392.8 391.2 389.3 386.4 379.6 374.8 366.5 356.4
571.7 568.6 563.5 559 553.4 549.8 543.5 540.3 537.6 536.9 536 534.7 529.8 520.7 506.4 481.4 462.4 451.3 444.9 436.1 427.6 415.6 413.6 407.9 401.7 408.5 416.9 425.3 432.7 441.1 449.8 454.6 461.9 470.7 482.2 493 501.7 504.1 506.4 518.2 530.9 532.8 532.6 529.1 520 511.8 505.2 492.8 484.7 476.5 466 454.1 441.7 429.1 422.8 423.6 419.3 416.7 415.7 416.2 418.4 417.7 415.3 412.9 411.3 409.1 405.6 402.2 398.7 396.3 397.4 395.8 392.6 387 380.2 373.5 365.4 355.1
571.4 569.8 563.4 559.4 555.3 550.5 545.7 543.1 541.5 540.4 540 537.5 530.6 524.1 509.2 487.5 465.1 453.5 445.6 436.7 424.1 414.1 410.6 406.4 399.7 408 415.5 424.7 432.3 440.2 448.9 456.3 460.8 469.3 481.2 493.8 501.6 505.2 509.2 522.2 532.7 536.4 536.3 536.1 527.4 519.7 511.4 501.4 487.8 477.6 467.3 456.7 444.5 439.7 433.8 431.7 428.9 424.3 422.1 421.4 421 420.8 419.4 418.5 417.3 410.7 405.5 402.4 399.5 402.1 403.2 401.3 395 386.6 380.5 370.9 362.5 354.2
