public/OST50/SN88.asc
ncols 200
nrows 200
xllcorner 280000
yllcorner 280000
cellsize 50
[rows 70 to 104 of 200, columns 78 to 155 of 200]
488.1 485.4 482.7 483.8 479.4 473.2 461.2 444.7 423.2 401.4 388.8 376.6 376.8 376.7 375.3 373.6 369.6 366.2 362.1 358.8 357.5 355.6 348.9 342.1 334.9 340 342.6 344.8 347.7 351 353 355.5 358.5 360.6 361.5 361.5 362.1 357.7 354 331.2 330.1 346.5 358 363 373.4 383.3 402.4 423.3 436 438.4 436.8 437.5 425.8 396.2 371.7 353.9 341.3 331.8 325.2 320 309 298.7 290.1 277.6 265.2 263.6 267.5 275.8 293.6 314.4 346.4 363 378.8 396.2 411.2 420 424.5 418.8
487.9 486.7 485.2 484 481 471.8 459 439.2 416.1 399.8 389.5 390.5 391.9 389.2 387.8 384.7 377.8 370.4 366.7 361 356.3 352 343.9 342.8 347.9 350.5 351.8 353.6 358.3 361 362.1 365.9 368.8 370.9 371.6 371.8 371.4 365.4 351.5 332.7 360.3 372.4 378.2 383.3 397.3 409.4 422.1 438.2 448.8 452.7 449.8 448.1 436.4 403.6 383.4 367.7 354 341.3 337.1 330.1 322.7 310.5 300.3 290.7 286.1 280.2 267.6 265.9 274.2 296.2 322.5 354.1 380.8 397.7 411.5 417.9 420 409.4
488 486.5 486.1 482.8 478.2 469.3 452.3 431.5 410.2 392.4 400 400.6 401.1 398.9 394.9 388.5 382.5 375.6 366.9 362.4 358 353.7 345.3 352.7 357.7 360.1 362.1 365 367.9 371.7 373.2 377.2 379.1 380.8 381.2 380.7 379.3 365.5 330.4 356.5 375.1 385.9 394 403.3 416 422.1 434.1 449.2 458.2 459.8 457.3 454.7 450.4 425 396.2 383.1 370.2 359.2 356 343.1 336.2 327.2 312.3 301 300.1 294.9 285.5 270.8 258.5 271.6 301.2 337.9 369.2 393.1 407.3 411.9 408.2 399.7
486.2 484.6 483.9 481 473.7 463.1 441.3 419.5 399.6 405.9 410.8 409.5 407.5 406.1 401.8 394 389.4 380.6 371.2 365.2 354.4 351.6 355.1 358.1 369.6 370.4 373.8 376.6 379.9 383.9 384.6 387.5 387.9 388.4 388.5 386.7 385 354.6 350.8 368.6 386.7 399.7 406.8 416.9 428.3 437.8 442.8 457.3 466.5 465.9 462.6 461.1 460.8 441.4 422.4 404.3 392.3 384.6 373.5 367.5 352.5 342.4 328.2 320 316 301.9 295.5 288.2 277.9 256.4 286.6 323.6 352.4 384.2 401 402.8 399.6 392.2
483.3 483.1 481.1 475.8 467.7 450.1 428 405 408.7 421.4 422.4 419.1 417 413.2 405.7 401.2 393.3 384.2 376.5 368.2 366.5 365.5 366.2 375.7 377.1 380.2 386.2 390.9 392.9 394.8 394.2 396 395.8 394.8 393.2 390.9 388.3 365.4 364.9 382.4 395 407.2 416.3 427.3 437.9 446.1 450.1 461.4 470.4 470.3 467.1 465.2 466.3 456.9 450.6 437.5 427.2 420.7 404.1 391.3 372.7 354.2 341.5 338.7 326.7 310.3 298.8 293.1 275.8 258.4 279.1 309.3 344 370.3 393.1 397.8 394.8 388.3
479.9 481.3 476.8 472.2 458.9 436.6 411.4 413.5 430.6 432.9 430.7 425 421 416.9 410 402.2 393.8 384.7 375.9 371.1 371.8 370.6 379.9 380.9 383.1 390.7 401.8 403.7 402.5 402 400.7 400.9 399.7 398.1 395.9 393.1 389.4 362.6 372.7 392.8 404.4 413.8 423.9 434.5 443.8 451.2 456.7 464.4 472.2 472.6 473.2 470.8 467.8 461.3 462.6 455.9 446.3 440.3 427.5 413.4 393.8 367.5 354.3 348.9 334.7 317.2 305.2 292.3 274.2 258.4 274.7 303.6 334.1 361.4 387.5 393.6 389.6 386.9
476.6 477.6 473.2 462.9 446.4 423.1 421.1 440.4 444.4 439.4 436 428.8 422.6 417 409.1 399.8 387.8 381.8 385 385.2 382.9 381.9 387.7 385.7 389.8 399.6 410 411.1 408.4 405.7 403.9 403 400.8 397.7 395.2 391.6 385.2 358.8 377.2 393.8 408.7 420.9 430.9 437.4 448 453.4 458.8 463.9 472.3 472.4 471.7 471.3 467.5 464.8 467.6 463.4 453.4 444.2 430.8 416.2 399.9 377.5 360 355.5 340.6 326.4 308.6 292.3 278.6 261.4 266.2 293.1 320.8 353.7 381.6 386.7 382.8 379.2
476.2 473.4 465.5 454.5 439.8 436.7 453.5 453.9 451.6 445.3 437.4 428.5 421.8 413.7 403.3 388 393.3 395.6 397.2 397 394.3 385.6 393.4 392.1 397.6 407.7 415.4 413.8 410.5 407.4 404.6 402.2 397.7 394.4 391.6 387.8 373.9 367 386.6 401.5 412.5 426 437.6 443.3 453.7 457.3 459.5 463.5 469.8 469.7 467.3 469.5 468.1 468 469.3 465.1 454.3 444.5 429.4 416.7 400.5 380.3 362 352 339.2 330.2 307.1 290.7 278.7 263.7 257.9 284.1 313.1 341.9 372.7 377.9 376.1 367.8
473.3 467.3 456.9 459.5 454.9 465 463.4 460.8 456.6 447.6 440.3 430.7 416.4 402.8 393.2 404.6 408.4 409.3 407.9 403.9 399.6 394.8 395.3 396.3 402.1 413 419.2 417 413.2 408.5 404.5 399.5 395.1 389.7 385.2 374.6 362 376 394.7 408.3 419.5 428.8 436.5 445.9 455.2 459.4 459.7 465.3 467.4 468 465.4 467.8 469.9 471.2 466.4 463.7 451.7 442.6 426.9 414.1 397.1 378.1 363.6 354.7 345.2 329.9 315.3 299.2 280.3 265.2 251.1 275.9 300.4 330.4 363 369.3 366.4 358.3
470 469 468.9 467.2 470.7 472.7 467.8 465.5 459 452.9 436 417.8 402.1 403.9 415.4 422.9 423.7 417.3 412.3 404.1 397.4 398.6 399.3 401.8 408.7 418.7 424.6 421 415.3 410.5 406.1 400.1 392.6 389.3 380.5 379.6 366.8 381.5 400.3 413.3 423 431 438.7 445.3 449.3 454.2 456.1 462.6 467.2 465.4 464.5 469 471.5 469.1 464.4 459.3 449.3 439.6 425.4 408.7 391.3 374.7 363.2 356.1 347.8 333.5 320.3 301.8 282.8 269.2 253.5 266.5 288.6 314.6 346.3 360.6 357 349.2
472.5 471.5 471.6 472.1 476.4 473.9 471.3 468.7 464.1 454.6 428.7 412.7 420.4 428.4 437.8 440.3 433.6 423 410.9 402.7 402.1 403.3 406.9 408.9 416.6 420.2 426 423.9 418.9 413.8 409 404 398.9 395.1 392.6 389.4 369.5 384.9 402.9 415.3 422.9 431.6 440 441.9 442.5 445.6 450.6 457 461.4 459.6 466.5 470.6 467 463 459.2 453.1 446.5 435.1 421.1 403 383.8 370.3 358.1 349.9 344.4 333.2 319.3 304.9 284.6 274.9 257 259.8 275.4 299.9 324.9 345 342 337.4
473.4 473.1 472.7 475.9 478.5 477.4 474.2 472.6 466.9 455.3 440.9 436.9 441.9 449.1 452 448.4 436.8 423.3 408.8 408.4 412.3 412.9 415.7 417.5 423.3 427.6 428.4 429.1 424.2 418.5 412.2 407.4 402.8 398.6 396 394.2 369.5 384.8 399.9 409.9 415.4 422.5 431.1 433.2 440.5 446.2 444.1 447.8 454.5 455.9 462.9 462.7 461 457.1 453.8 448.7 441.9 432.2 416.3 401.2 382.8 365 352.1 342.7 338.7 328.5 313.9 301.8 286.6 273.6 258 247.3 263.9 282.1 308.2 322.3 324.2 320.5
471.9 472.5 473.7 479.5 479.1 478.7 477.9 477 471.6 460.2 449 459.3 462.1 463.5 464.1 455 440.6 418.1 423.3 429.7 431.9 427.6 426.1 425.9 434.6 436.3 434.4 434.5 429.8 423.6 416.3 410.4 405.9 401.7 397.8 392.5 371.6 389.4 395.3 400.9 405.9 413.1 424.7 436.3 436.2 435.7 441.9 443.5 447 450.8 458 457.1 454.9 452.7 447.4 445.3 438.8 430.2 417.5 404.5 384 366.6 350.8 339.6 333.2 325.4 309.6 291.8 282.8 268.5 256.7 251.1 251.6 268.7 291.9 304.4 307.1 305.9
469.7 470.8 475.2 478.8 479.2 480.5 483.3 483.4 481.7 478.7 473 473.7 475.4 474.3 467.3 457.4 435 438.8 444.7 449.7 449.5 446.3 440.9 439 445.8 446.4 445.1 441.1 435.2 427.4 418 412.7 407.2 402.8 398.9 394.2 383.3 394.7 406.7 413.2 422.2 430.6 437.3 444.2 445.3 449.2 448.7 445.7 445 446.4 452.1 451.4 448.5 449.4 443.2 442.7 435.6 426.5 416.1 404.7 384.4 367.8 350.4 339.8 333.7 323.4 310.2 293.6 278.2 264.5 257 252.2 247 259.2 279.3 288.9 289.5 288.5
462.3 467.4 471.6 473.9 477.6 483.7 488.8 493.4 494.5 491.8 488.8 484.5 481.3 478.2 470 457.7 443.6 455 459.3 461.6 464 462.2 459.4 452.1 455.8 455.9 452.8 447.9 437.2 429.1 421.5 414 407.2 404.7 401.3 400 392.2 395.5 408.7 417.1 425 433.4 441.5 446.4 447.9 453.7 455.5 452.1 448.3 446.9 447.8 446.8 445.1 443.8 439.6 436 431.9 422.1 411.9 399.5 380.1 363.6 344 334.7 326.5 317.3 295.6 287.2 277.8 264.2 256.5 250.8 248.1 255.3 267.1 270.9 272.2 266.5
455.3 458.4 462.3 469 478.9 490.7 499.6 501.8 501.2 497 493.5 488.7 485.7 482.2 472.8 460.5 459.7 463.7 469.5 473.4 475.9 473.6 469.4 467.1 465.7 463.3 459.7 453.3 442 434.6 426 415.4 410.3 408.8 405.9 404.1 399.4 399 410.6 420.3 427.6 434.8 442.8 447.5 451.4 456.5 461.3 460.2 454 449.8 450.7 449.7 444.7 442.1 434.1 428.3 423.7 416.5 407 394.6 375.3 362.3 352.6 338.3 326.5 317.3 310 299.4 287.7 276.3 266.1 253.8 249.9 244.4 255.8 256.8 257.3 261
460.1 454.7 459.2 465.8 483.4 498.4 503.1 505 501.6 497.8 495.4 491.1 489.3 484.3 478.4 472.8 468.4 473.7 479.4 483.4 484.6 483.2 479 475.4 472.7 469.6 465.2 458.3 450.5 438.7 427.8 421.7 418.3 416.4 413.7 411.4 406.8 398.8 411.2 423.2 429.7 435.4 443.4 448.6 457.3 461.4 462.2 461.1 456.7 454.8 455.1 452.5 449.7 445.7 437.3 429.8 426.5 421.6 412.9 397 379.1 369.7 359 346.1 332.3 323.9 317.4 308.6 296.1 283.2 267 260 253.7 247.2 243 245.3 246.7 252.4
469.1 456.9 455.1 465.7 487.8 502.3 503.4 502.4 502.4 500.6 497 489.5 488 485 480.8 478.6 481.1 483.3 487.7 490.8 490.8 489.8 485.5 481.8 478.3 474 468.4 462 451 440.4 436 434.3 430.2 425.5 421.4 418.8 408.8 406.9 413.5 424.6 434.8 441.8 447.4 450.7 454.9 460.3 461.5 460.8 459.3 459.4 458.6 456.5 454.6 448.3 436.8 426.1 421.2 418.9 412.5 398.3 383.4 372.5 361.7 350.1 336.3 326.8 321.1 312.6 301.9 288.5 269 261.8 251.4 248.3 243.6 242.3 242.6 242
468.5 452.3 453.3 465.8 490.1 500.3 499.9 502.1 502.3 500.4 496.1 490.1 489 484.9 483.5 482.5 484.6 490.9 493.6 494.2 493.8 493.3 490.1 486.5 481.4 476.6 471.3 465.2 455.4 452.7 446 441.6 436.3 430.3 427.1 422.8 406.1 412.9 417 428.9 439.5 446 449.7 452.8 456.6 460.8 463 462.9 461.2 461.1 459.6 458.1 456.4 450.8 438.5 427.2 413.8 405 405.7 393.6 383.4 375.5 363.3 352.1 339.7 329.5 320.7 313.2 301.1 291.4 277.6 267.1 258.6 252.1 246 243.4 239.3 238.6
467.3 447.2 450.3 466.9 489.8 497.3 498.9 501.7 500 497.5 491.1 489.3 487.2 485.7 485.5 485.3 492.2 495.3 495.3 494.9 496 495.1 492.6 488.6 482.8 477.8 472.6 467.8 462.2 456.1 450.4 444.1 439.2 433.8 429 423.9 419.6 418.7 419.1 428.8 440.6 448.8 451.3 455.2 458 461 462.3 462.4 462 461.6 458.5 456.8 452.8 445.5 436.1 426 412.8 395.7 391.5 387.5 377.2 369.5 361.7 354.5 341 326.6 317.9 310.7 302.1 298.5 294.4 284.8 275.7 266.5 258.6 252.4 248.9 244.5
466.1 446.3 452.6 467.1 488.9 491.5 497.2 497.5 495.6 490.5 486.6 485.1 484.3 487.3 487.7 490.6 494.9 496.2 496.9 494.3 494.9 495 493 488.3 482.6 477.3 472.9 469.1 463.7 457 451.1 444.9 438.7 433.4 427.5 422.9 424.9 424.7 421.8 428.7 440 448.5 452 455.4 459 460.4 460 460.5 460.6 459.4 456.6 453.8 447.9 441.4 433.5 422.1 408.6 394.1 384 379.9 371.5 363.9 359.7 354.4 344.6 330.8 325.7 322.5 319.7 317 312 301.8 297.5 286.3 276.8 270.1 262.9 256.5
463.6 445.7 451.1 464.9 481.4 485.8 492.8 492 491 490 484.4 481.6 484.9 487.7 489.3 493.4 496.3 496.6 494.3 492.7 493.9 493.7 491.3 486.4 480.7 475.7 471 467.1 462.6 456.5 450 443.4 437.8 433.1 428.4 428.9 428.3 428.1 425.5 431.7 440.2 449.1 451.2 453.9 457.8 458 457 456.7 455.2 453.3 450 446.6 441.5 436.2 429.7 417.2 404.5 390.6 383.6 372.6 363.9 359.5 356.6 351.2 346.4 341.4 339.9 339.1 337.3 334.6 327.6 321.7 313.6 306 297.7 292.4 281.8 273.1
460.3 449.5 448.4 458.3 473 480.6 485.5 486.1 483.2 481.4 478 481.2 485.3 487 488.4 492.9 492.4 493 492.1 490.5 491.2 491.4 489.1 482.8 476.8 471.8 468.1 465.2 460.3 453.6 447.3 442.3 438.3 436.8 435.8 434.1 432.6 429.4 428.9 434.3 439.6 447.4 450.2 448.6 451.2 453.1 452.8 452.6 450.8 444.8 441.2 437.8 433.3 429 423.9 414.4 398.2 389.6 385 377.1 370.8 366.2 362.9 358.5 356.5 355 355.8 355.1 352.2 347.1 341.5 335.2 328.8 322.7 316.5 310.2 300 290.7
456.1 446.7 442.3 449.8 460.6 473.5 478.3 478.9 474.2 471.3 467.5 476.6 482.8 485.9 488 491.9 492 490.9 489.7 487.9 488.8 488.5 484 477.7 471.1 466.6 464.1 462 456.9 450.9 446.6 442.5 440.4 439.9 440.2 439.1 437.1 433.4 432.7 435.1 436.9 442.8 444.5 440.5 439.7 440 442.1 442.2 439.2 433.9 431.5 426.3 421.9 418 414.7 405.4 397.1 389.6 386.9 382.1 378.9 376.1 373.3 371 368.6 365.5 365.1 364.1 361 355.8 350.9 345.1 339.4 332.8 326.7 318.5 310.4 303.7
446.1 438.6 435.5 436.8 452.5 466.7 470.7 470.7 466 460.4 458.9 476.7 484.7 490 488.9 489.5 489.7 493 488 484.5 484.2 482.5 477.4 471.1 464.5 460.4 460.5 457.5 452.6 448.3 445.3 442.7 442.5 443.5 443.8 443.7 441.5 439.1 437.3 435.6 436.1 439.1 434.8 430.4 430 426.5 426.7 424 422.4 420.3 416.2 412.1 408.4 405.1 401.4 396.4 394.2 392.6 390.3 389 388.3 385.6 382.4 379.9 377 371.8 369.8 368.1 366.4 363 356.2 350.7 345.4 338.4 330.5 322.9 317.7 309.5
454.2 447.4 443.9 441.5 438.4 459 465 463.7 458.5 448.3 462.3 477.9 486.5 488.6 489.7 490.2 490.2 488.3 480 478.8 476.8 477 470.8 465.3 458.6 454.1 454.3 452.5 449 444.7 442.4 442 442.9 444.3 447.5 448.6 446.9 442.4 439.6 437.5 434.4 435.4 431.6 423.1 419.3 413.2 409.3 406.8 409.3 408.7 402.9 398.8 397 396.3 395.4 393.9 393.6 394.1 395.8 396.9 397 392.7 387.6 383.4 378.9 374.8 371.5 368.4 366.9 364.6 357.1 353.4 346.8 340.3 333.5 328.8 324.1 318.4
468.7 467.3 454.6 442.5 431.3 449.4 460.4 458.7 449.9 442.6 459.4 473.4 485 485.2 489.1 490.1 488.1 484.3 473.6 470.3 468.2 467.4 461.1 454.9 450.9 446.4 447.5 447.2 444.2 440 438 439.3 441.4 444.8 449.7 452.3 451.5 446.2 442.2 438.3 435.4 431.5 429 423.3 412.5 403.5 401.3 399.2 400.9 398.7 395.6 390.7 388.4 386.9 387.4 385.8 386.4 390.4 395.8 397.8 396.3 390.7 385.8 380.7 373.8 371.7 368.3 363.4 362.9 358.2 355.2 352.5 346.8 340.7 334.9 330.6 327 325.4
482.6 475.5 461.4 445.8 437.7 436.9 453.1 447.8 442.2 436.4 451.4 463.2 475 486 488.7 486.1 481.9 474.1 467 461.5 453.6 448.9 447.4 443.6 441.9 441.6 439.9 440.7 437.7 434.3 432.4 434.7 438.2 444.1 450 454.1 452.3 449.3 444.6 441 437.1 433.3 429.4 422 413.3 405.4 398.1 394.8 393.9 388.4 383.3 381.8 380.8 377.8 376.3 374.8 375.6 377.9 385.2 389.1 387.2 383.8 379.6 371.9 369.1 367.4 362.1 356.8 355.4 353.1 350.4 347 345.2 338.5 335.1 331.7 328.5 327.4
486.8 475.3 462.6 446.3 433.9 432.6 442 437.7 432.9 433 449.7 467.3 477.9 483.4 480.5 476.5 469.2 458.2 459.9 451.4 437.7 433.8 433.9 434.8 429.8 435.1 432.6 433.6 431 427.9 425.9 428.2 434.5 440.9 447.7 450.9 451.8 449.2 446.5 445.5 444.2 441.4 439.2 435.9 427.2 417.1 404.9 406.1 401.7 398 393.4 388.8 384.7 380.9 380.5 376.5 370.1 363.7 368.1 376.4 375.1 371 366.8 362.7 360.9 357.6 355.6 352.5 347.8 347.6 345.8 342.3 341.6 336.7 334.3 330.4 331.1 327.1
486.6 473.9 457.7 439.8 430.7 424 431.7 426.6 424.7 432.5 449.4 464.7 470.8 471.7 471.6 462.5 451.2 448.9 448.7 438.4 425.5 424.3 424.8 426.6 427.3 429.2 427.8 426.2 424.5 423.5 421 423.8 429.2 435.5 441.3 443.1 443.5 445.6 447.6 451.5 455.7 453.2 447.9 443.7 435.9 426.5 416 413 408.7 405.7 400 394.9 390.1 387.3 387.7 385.1 381.3 377.5 370.2 357.7 364.6 361.3 358.2 355.3 353.7 351.3 349.6 344.5 341.8 340.6 337.6 337.4 334.8 333.2 330.9 327 325.2 320.9
482.9 465.6 447.4 445.1 436.5 427.9 420.5 422.1 421.3 429.9 443.3 456.1 459.1 456.4 453.2 442.7 435.5 440.8 433.7 423.7 416.4 416.9 417 418.4 421.5 421.6 421 420.2 418.9 417.9 416.5 419.7 424.1 427.8 431.2 431.6 434.1 438.7 445.4 452.4 455.8 457.2 450.9 446 439.6 431.5 425.5 422.3 418.6 414.3 406.9 399.1 393.8 390.1 388.9 384.3 379.2 375.1 371.5 365.6 348.8 352.4 349.1 347.6 346.7 343.7 340.4 336.1 332.7 333.1 333.1 329.6 328.7 326.2 322.6 319.1 316.7 312.4
479.6 465.7 465.7 462.8 444.4 436.9 424.2 419.8 418.5 419.9 429.8 437.8 439.9 440.1 434.2 424.7 427.8 421.9 419.1 409.7 410.4 409.8 409.6 409 412.8 413.3 414 414 413.3 412.8 412.1 415.5 417.6 419.8 420.6 421.2 426.1 431.9 440.4 449.6 454.1 456.4 453.1 448.4 443.5 439.9 435.9 432.7 427.3 422.5 412.5 402.9 395.8 388.3 382.1 377.1 372.3 368.2 364.4 360.5 353.2 342.6 340.7 339.7 337.8 334 330.9 328.5 322.5 323.7 324.1 320.9 319 316.5 312.5 308.2 303.8 298.1
484.9 483.2 481.4 473.7 464.8 449.3 433.5 419.7 413.4 413.2 415.1 421.5 423.7 421.5 416.1 414.6 415.6 411.3 407.3 403.5 402.2 402.2 403.2 401.2 406.2 406 407.1 407.7 407.6 407.1 406.5 411.4 411.8 412.2 412.6 413.8 418 427.2 436.7 445.9 450.7 454.6 454.7 451.9 448.6 447.7 445.2 437.9 432.3 427 416.3 405.6 394.3 383.7 376 370.1 363.8 359.8 356.3 352.1 346.2 339.5 331.3 331.6 328.4 325.8 323.1 319.7 316.9 314.1 308.2 303.7 300.8 300 296.3 298.5 298.9 298.5
495.6 493.8 489.9 484.3 468 459.9 445.3 435.4 422.9 412.4 407.4 408.5 409.1 408 405.4 404.4 403.8 401 398.1 397.4 395.1 393.8 395.3 395.5 398.4 400.2 400.4 401.5 402.2 401.5 401.4 404.8 405.2 405.6 407.7 406.3 414 424.2 433.6 442.2 446.1 451.9 456.2 456.4 453.2 453.8 449.7 441.3 436 431 420.6 405.8 391.3 378.7 370.9 365.1 358.8 352.7 346.3 341.5 340 338.5 334.6 329.9 324 319.5 318 313.6 313.3 315.6 318 317.8 314.7 312.3 310.8 309.5 307.4 306.1
502.6 499.9 495.5 486.9 477.7 464.7 453.4 442.9 433.4 421.9 414 409.3 402.6 401.1 400.3 397.5 398.5 400.2 397.3 393.5 392.7 392.6 389.9 388.8 389.3 390.5 392.7 394.3 395.8 396.6 396.6 399.2 400 400.5 400.4 404.3 411.2 420.5 429.5 435.5 440.3 449.3 455.5 457.2 456 456.8 454 444.7 439.7 433.4 421 405.9 390.4 378.1 369.1 361.9 355.6 353.7 353.8 353.3 349.7 342.7 335.7 329 325 321.8 320.8 320.5 320.2 320.3 318.9 318.4 316.1 314.5 310.7 309 306.8 303.7
