public/OST50/SN88.asc
ncols 200
nrows 200
xllcorner 280000
yllcorner 280000
cellsize 50
[rows 35 to 69 of 200, columns 78 to 155 of 200]
392.1 389.1 382.3 373 377.5 385.8 388.8 398.2 408.6 418.1 430.2 437.2 442.8 448.1 456.8 454 446.6 437.3 426.4 414 414.5 421.3 427.3 430.4 435.8 439.2 438.3 438.2 437.4 435 431.9 426.9 419.5 414 406.8 399.9 388.2 375.8 358.6 340.2 333.9 333.8 328.5 328.9 334 339.3 347.4 356.8 370.8 386.2 393.3 397.8 398.8 400.8 401.5 405.3 415.4 417.1 420.2 422.4 422 420.6 421.5 420.8 419.6 419.1 415.3 409 402 396.2 392.7 389.3 386.8 383 377.3 371.7 367.8 363.7
395.8 391.1 387.2 380.5 370.1 375.1 384 390.2 398.7 406.4 415.8 425.4 433.7 445 455.5 453.5 446 436.9 427.4 421.4 424.9 432.2 435.2 438.3 442 444.6 442.7 439.7 436.3 432.9 429.2 423.3 416.4 409.7 402.1 392.1 380.9 367.3 347.2 339 342 336.1 326.4 333.3 339.3 348 359.4 370 378.8 384.5 394.2 398.9 402.4 405.4 408.3 415.9 424.4 425.5 428 430.3 428.6 426.3 425.7 424.8 423.8 421 414.9 407.5 401.5 396.6 393.3 388.9 380.3 372.9 369.4 368.2 370.3 368.3
397.7 393.9 393.8 389.7 373.4 366.9 374.2 385 390.7 395.9 403.5 418.6 430.2 446.6 456.4 453.5 444.4 436.3 431.3 427.3 434.2 439.3 441.4 443.6 445.8 446.2 443.4 439.4 435.2 430.1 425.4 418.8 412.6 404 393.6 383.3 373.1 353 353.3 352.5 342.1 336.2 331.9 337.8 345 358 369.6 381.8 388.8 393 398.5 405.6 409.9 415 419.4 427 431.2 433.3 434.1 436 433.8 430.1 429 427.2 424.4 420.2 413.9 406.2 399.9 396.5 390.6 379.6 371.8 377.3 378 374.5 376.6 373.7
398.2 394.5 393.9 393.4 386.2 373.3 369.2 377.9 383.9 390.7 403.5 418.3 429.9 447.1 457.1 452.7 444.3 438.4 433.8 436.2 443 445.3 444.8 445.1 446.1 445.8 442.1 437.6 433.1 427.5 421.4 415.6 408.5 396.1 388.3 380.3 378.8 375.7 365.8 351.6 342.8 338 338.6 342.4 353.5 365.9 379.6 391.1 397.5 401.8 407.5 413.2 420.4 424.6 430 437.4 438.6 439.1 440.2 441.1 437.5 433.5 431.2 427.5 424 419.3 411 404.6 399.4 390.2 376.1 378.2 383.9 389.3 386.7 384.1 383.3 381.2
396.6 392.8 390.6 388.3 384.1 372.9 365.7 373 377.9 387.9 401.2 415.4 427.8 447.6 458.2 452.8 443.3 439.8 438.1 443.5 446.9 443.7 442 441.9 445.5 443.4 439 434.1 429.3 424.6 418.6 412.9 406 396.7 392.5 388.5 386.4 379.1 359.7 349.5 345.6 339 342 347.3 358.5 373.1 388.9 399.6 404.6 410.6 415.2 422.1 428.9 433.1 438 445.1 444 444.2 446 445.1 441.5 438.7 432.8 428.4 423.7 416.7 410 402.7 391.8 380 383.2 388.5 392.2 397.1 396.8 394.1 390.7 387.1
394.1 390.3 387.2 385.3 382.1 375.8 360.3 367.3 374.3 385.2 394.8 410.1 425.9 442.1 456.6 451.1 443.6 440.5 443.2 447.2 444.5 439.2 436.6 439.9 444.4 441.7 435.7 431 426.3 421.6 416.2 410.1 404.4 398.1 396.2 389.9 386.3 376.4 360.7 350.7 346.7 338.7 345.3 351.3 364.2 380.8 396 406.5 410.6 416.7 424.2 430.1 435.6 440 446.8 448.9 448.5 449.2 450.4 448 446.1 441.6 435.5 429 421.2 415 408.2 397 385.3 386.6 394.1 398.1 402.4 405.3 405.4 402.5 397.8 393
390.3 386.3 385.2 383.8 380.3 374.8 359.7 364.5 372 381.2 390.2 404.4 418.8 433.3 449.3 447 442.5 442.1 442.8 442.9 437.7 432.4 432.5 435.7 438.1 438 431.6 427.3 423.5 419.3 414.6 410 403.6 398.7 397.6 390.4 385.1 372.4 356.5 352.7 348 340.8 348 354.6 370 386.7 402.4 410.7 417.8 424 430 436.3 442.4 446.6 453.6 452.5 452.3 452.7 453.8 449.9 448.8 444 437.6 427.6 418.9 414.2 406.2 392.9 389.1 395.5 404.1 407.7 411.7 415.6 414.7 410.2 404.2 400.5
385.4 383.2 383.4 382.4 376 371.2 359.8 361.7 369.7 378.1 386.3 395 410.1 423.1 437.8 442.2 439.7 439 439.5 434.7 427.2 422.5 426.6 432.2 435.3 432.3 427.7 423.5 421.2 416.9 412.5 407.1 402.4 398.3 392.5 388.9 381.9 368.6 356.8 351.6 347.4 342.3 350.1 360.5 378.7 393.2 404 414 424.4 427.8 434.1 441.8 446.3 454 457.1 456.7 455 456.7 454.9 452.8 449.9 445.7 436.5 425.2 418.1 412.4 400.6 391.7 398.9 405.4 411.6 417.2 421.2 423 421.5 417 412.7 411.3
381 379.1 378.8 375.5 371.7 367.9 359.1 357.6 365.3 374.2 379.4 388.3 398.9 408.6 418.3 426 430.1 427.7 424.1 419.3 417 415.8 422.1 425.7 430.5 427.3 423.1 418.7 417.2 414.1 409.9 404.5 400.5 395.9 390.8 386.3 376.6 363.6 356.4 351.3 345.4 346.2 353.5 364.9 383.1 393.9 405.3 417.3 423.8 428.8 438.7 444.6 449.4 457.1 460.2 459.6 457.7 457.4 455 453.6 450 443.9 433.3 422.4 418.3 407.9 399.2 401.3 409.3 413.7 420.9 426.6 430.4 430.4 429.7 424.7 422.4 422.5
378.2 373.5 371.9 370.6 368.3 365.1 359.8 353.3 359.5 366.2 372.7 381 387.3 394.4 400.1 410 412 409.8 406.9 407.4 407.7 411 415.9 422.3 425.9 423.1 419.7 415.4 412.7 410.4 406.3 402.1 398.8 391.7 388.4 381.5 371.3 359.1 354.5 349.8 346 349.5 357.9 372.4 384.1 394.5 405.4 416 422.1 433.2 440.2 446.5 454.8 460.9 461.5 460.9 459.5 460.4 455.7 453.3 449 440.5 431.1 422 414.6 401 409.5 412.2 418.5 424.4 429.6 434.1 437.7 438 436.3 433 432.3 433.1
369.7 367.5 366.9 367.5 364.5 361.3 358.6 353.9 352.7 360.2 365.9 371.9 376.3 381.6 382.7 387.9 390.2 390 394.8 398.8 404.2 407 413.9 420.2 422.2 419.9 416.3 411.9 408.4 405.9 402.9 398.9 393 387.9 385.1 376.4 361 355.4 353.1 348.3 348.7 352.3 360.8 372.9 382.1 394.6 403.8 413.3 425.6 436.6 444.2 452.6 459.5 461.9 463.3 463.2 462.9 461.6 457.3 453.9 448.1 437.9 426.8 420.4 411.2 413 420 423.9 426.3 431.8 436.3 441.4 444.2 446.3 443.6 442.4 442.8 444.4
375.5 371.5 366 360.4 358.4 356.3 354.1 351.7 349.5 354.3 361.3 364.2 364.6 370.9 369.7 369.6 376.4 381.5 385 394.5 397.3 406.1 412.5 417.7 418.9 417.1 413 408.5 405.1 402.3 399.8 395.1 388.7 384.8 379.4 368.3 357.1 353.2 351 349.3 353.2 359.1 366.9 377.2 385.3 397.5 405.4 416.5 428.8 442 456.7 462.2 465.7 467.5 467.2 466.6 465 463.1 459.1 454.9 448 432.8 423.8 422.7 420.6 424.2 429.6 432.6 434.7 438.6 443.6 447.6 451.1 451.7 450.1 451.4 452.9 451.2
382.1 377.8 372.3 366.3 362.5 361.3 357 348.8 349.6 348.6 354.7 356.5 359.2 361.5 359.5 363.5 368.6 372.6 381.7 386 394.6 402.5 409.3 414.1 415.4 413 409.1 404.6 400.8 398.4 395.5 389.3 386.2 381 373.6 359.3 354.9 352.7 351.2 354.2 357.5 365.8 374.6 383.2 391.1 402 412.1 423.7 436.5 453.7 464.2 469.7 473.4 471.1 470.8 468.4 466.9 464.1 460.8 455.9 445.2 429.6 429.1 428.6 428.5 434.6 438.1 441.3 444.1 445.9 450.3 455.2 454.3 455.5 457.3 459.6 462 457.2
387 382.1 376.6 370.7 367.8 364.7 359.2 349.1 347.4 346.8 348.4 352 354.4 353.7 352.7 357.4 360.9 366.6 375.7 378.4 388.3 395.5 404 410.5 411 408.4 404.9 400.5 395.8 391.4 387.8 386.8 383.2 376 366.8 357.1 354.2 354.1 355.3 358 364 371.7 377.9 386.9 396.6 409.9 424.2 435.7 445 461.2 469.2 474.5 476.9 475.1 472.5 470.7 469.7 465 461.1 455.3 440.6 431.2 436.1 437.6 439.2 443.2 446.2 449.4 452 453.9 456.6 457.7 459.2 460 462.1 464.9 467.1 463.8
390 385 379.9 375.1 370.4 365.9 360.1 352.2 348.4 347.9 345.7 348.1 349 347 347.2 350.6 355.7 360.6 366.7 373.7 381.8 387.7 394.2 401.8 397.1 402.3 399.4 395.2 391.6 387.5 384.4 381.1 378.5 371 360.7 355.4 354.6 357.4 359.5 363.5 369.9 375.1 383.1 392.7 400.8 418.1 438.1 447.6 452.7 464.3 473 475.8 477.8 476 474 471.2 468.9 466.1 461.4 454 438.9 443.7 445.1 447 449.2 453.3 455.6 457 459.4 459.4 462.3 461.8 462.9 466.8 466.9 468.6 467.9 467.6
392.3 386.4 381.4 376 370.1 365.9 360.4 353.4 348.5 347.8 346.8 343.3 342.5 342.9 343.7 347.5 351.3 354.3 360 367.9 374.3 378.1 384.2 394.2 397.8 394.7 392.9 389.6 386.6 385.2 384.5 381.6 372.9 361 356.3 355.8 357.3 360.1 363.5 368.9 374.1 381.3 387 397.6 408.4 429.6 449.4 455.1 460.7 466.7 473.8 476.2 476.3 476.5 474.5 472.2 467.9 468.1 462.8 455.9 448.9 452.8 454.4 458.2 458.7 460.7 461.8 463.9 464.7 463.9 465.6 465 467.2 469.6 470.2 471.1 470.5 470.4
391.9 386.1 380.4 374.6 369.1 363.2 356.7 352.1 349.2 347.7 345.7 344 341.2 338.4 340 342.2 346.2 348.6 356 362.3 364.2 367.2 372.3 381.3 387.5 384.6 385.5 383.8 382.2 383.1 383.3 379.4 371.2 360.1 352.4 357.8 359.2 363.5 367.6 372.4 378.1 385.1 393.6 400.7 416.4 439 454 460.6 466.5 470.6 473.4 477 476.5 477.6 475.1 474.1 470.1 469.7 466.5 457.8 459.1 462.3 463.9 465.2 467.5 467.2 468.5 469.9 468.3 467.1 468 467.6 469.1 471.2 471.3 473 469.7 468.6
389.6 384.2 378.8 374.1 368.6 363.3 357.2 351.4 350.1 349.3 347.2 345.6 342.9 337.6 337.6 338.7 340.8 342.3 350.7 354.5 354.6 356.6 359.9 367.2 372 373.2 374.2 376.1 376.2 377.7 375.8 369.5 364.8 353.2 351.7 356.9 359 365 369.6 375.7 382.5 387.5 395 406.6 423.8 442.2 455.5 466 469.6 473.1 477.5 478.5 479.2 479.3 476.8 474.1 470.6 467.1 467.6 464.4 467.5 467.2 471.1 470.4 473.8 471.7 471.5 472.3 469.9 468.6 468.5 470.9 470.4 469.8 470.1 470.6 469.9 470.6
386.7 381.2 376.5 371.8 367.1 362.2 356.1 352.3 352.9 352.6 349.4 346 343.1 336.6 336.3 336.6 337.5 337.4 341.4 344.7 343.8 347.1 348.3 354.4 358.3 360.9 359.2 364.1 368.8 367 363.9 361.7 354.5 344.2 349 353.1 358.2 365.7 371.5 377.8 386.6 392.8 399.6 409.9 429.2 444 459.4 469.8 472.2 476.4 477.8 477.9 477.1 479 475.8 473 470.6 467.9 468.1 469 471.4 474.5 475.9 474.9 476.7 475.1 473.6 472.5 471.4 469.7 468.8 469.9 470.2 467.3 468.4 470.3 469.8 472.1
384 379.6 373.9 368.7 364.7 360.7 355.2 350.1 349.8 351.5 347.3 341.2 337.8 336.2 335 334.7 335.5 334.3 334.4 335.2 335.9 336.2 337.2 342.4 345.6 347.6 349.4 348.3 349.7 351.6 352 348.5 338 338.5 344.9 350.2 357.9 365.4 373.6 380.3 391.1 395.2 403.1 417.8 431.4 446.8 460.3 468.3 474.8 477 478.8 474.3 472.9 476 472.4 471 468.2 466.4 468.2 473.6 478 478.6 477.1 477.6 477.8 477.3 474.6 472.8 471.7 471.9 469.6 468.1 465.1 466.7 469.3 468.1 467.9 474.8
379.1 376.1 369.8 365.7 362.8 357.5 351.2 345.3 345.2 347.4 347.8 345.1 342.7 339.9 338.7 338.1 336.8 335.2 335.5 334.1 335 332.2 329.3 327.9 332.9 333.9 333.6 335.8 336.7 337 335.5 328.5 327.6 333.5 342 348.5 355.6 363 370.7 378.8 389.1 392.1 401.4 419.8 435 450.1 461.6 469.6 475.3 477.8 478 468.7 465.9 468 467.2 466.2 463.7 463.5 469.3 475 478.7 477.1 476.9 478.4 477.3 477.7 474.2 471.3 469.3 471.3 468.3 466.3 460 465.1 466 465.4 467.9 469.6
376.6 368.6 365.3 360.8 352.8 347.8 349.5 348 354.4 355.3 354.2 352.1 350.2 346 344.8 344.5 343.9 343.5 343.2 343.8 342.5 340 335.1 335.2 334.3 329.2 326.8 325 325.4 322 320.2 321.2 323.4 328.3 335.2 344.6 352.4 360.3 367 374.6 383.9 391.1 401 416.6 437.5 452.2 463.8 469 475.4 475.9 471.8 459.3 455.4 459.2 459.5 457.7 453.6 457.3 465.4 473.4 478.3 473 475.1 477.1 476.7 476.5 472.6 468.4 465.9 463.7 462.5 460 452.3 459.3 460.8 463.5 466.4 463.6
370.9 365.4 357.1 350.9 358.3 362.2 363.5 366.2 369 369.4 366.2 362.4 358.4 354.6 354.9 354.5 354.7 356 354.1 352.6 349.6 347.1 344.1 343 339.3 337.6 337.8 333.6 331.2 324.8 319.1 318.8 320 323 331.7 341.5 348.8 356.7 362.9 370.7 375.1 387.9 399 419.2 440.6 456.3 465.1 469.7 471.9 468 462.7 453.1 444.2 449.6 450.1 446.8 440.4 448.8 456.8 466.9 469.5 466.6 471.1 473 471.5 472.7 467.1 464.4 461 457.9 455.6 450.9 445 450.2 454.8 461.7 465.8 454.9
357.9 359.4 365.3 369.8 374.9 378.7 381.5 386.5 390 389 384.4 377.3 370.9 372.1 370.9 369.6 370.7 371.7 368.8 368.1 365.4 362.2 358.7 352.3 351.2 347.7 347.2 343.8 337.2 329.6 322 319.7 317.3 319.8 325.2 333.6 341.8 346.8 357 365.3 368 386.4 401.4 424.9 442.2 456.3 463 463.1 460.4 457.7 450.9 439.5 433.8 435.9 433.6 430.6 419.1 429.7 439.6 451.7 455.8 458.2 464.1 465.6 464.3 463 459.4 455.9 452.2 447.8 445.3 441.3 435.5 437.9 446.8 456.6 460.7 445.6
371 375 380.1 387.5 399 404.5 409 412 414.7 415.9 412.4 407.5 399.5 395.5 396.6 394.1 393.6 391.8 386.3 386.4 381.7 374.5 372.7 370 364.3 359.4 355.1 349.7 339.9 331 326.5 321.6 317.2 317.2 320.3 327 333.4 340.4 349.4 356.7 367.7 383.3 403.3 424.4 441.1 448.8 455.1 451.1 448.2 447.7 434.1 418.3 412.7 408.3 408.5 399.2 394.2 403.5 419.9 425.6 431.3 444.4 453.4 457.7 456.6 455.2 451.5 447.5 443.1 437 432.5 428.8 422.3 421.6 435.2 449.6 451 435.2
384.2 392.3 400.7 408.9 423.3 429.7 432.3 434.9 436.6 436.2 433.5 430.4 429.8 430.5 428.6 424.6 424 418 408.1 402.9 389 388.6 388.5 384.3 374.2 367 359.3 349.6 338.5 329.8 325.4 321 317.9 315.2 317.4 326.1 328.3 334.1 344.4 351.5 366.4 381.8 406.6 421 429 428 434.5 433.6 435.7 425.5 406.7 394 383.9 381.3 379.1 369.5 366.8 378.8 386.9 393.4 399 416.5 439.5 446.5 448.5 447.9 444.1 440.1 433.3 425.5 417.6 413.1 411.4 406.5 419.9 431.6 436.9 421.5
400.3 412.8 421.3 428.8 437.2 444.9 452.1 452 451.2 450.7 449.9 448.8 450.3 449.2 444.9 440.5 434.9 426 419.1 409.8 405.6 402.5 395 387.8 379.2 370 359.9 348.7 336.1 331.2 325.8 322.5 318.8 315.2 312.8 325.5 326.4 326.9 333.5 348.1 359.3 372.1 387.8 403.1 402.7 403.1 408.1 413.3 406.9 395 378 371 363.9 356.6 352.1 344.3 346 349.6 355.7 361.6 372 395.2 414.9 431.5 439.1 439.6 437.4 432.2 425.8 417.6 410.4 405.3 399.5 392.8 397.2 407.7 417.1 413
418.5 430.8 440.2 447.2 453.8 464.8 466 463.5 461.2 460.1 458.2 455.7 452.3 449.6 445.7 441.6 434.4 427.7 420 416.1 409.4 400.5 394.5 387.6 377.1 367.8 359.6 348.1 336.9 331.6 326.8 325 323.7 312.1 322.8 326 325 320.7 329.2 335 341 350.7 360.8 368.3 371.5 375 378.4 376.5 371.2 359.4 353.5 348.4 343 334.7 328.7 321.4 322.4 323.1 326.9 327.1 350.4 375.6 401.1 421.9 431 435.6 434.2 430 427.2 419.2 412 402.8 392.8 380.7 382.9 385.8 392.7 407.7
430 444.9 454.6 460.4 465.7 476.5 475 470.3 467 464 462 456.8 450.9 445.4 440.1 433.6 429.1 424.4 417.9 410 403.6 393.7 388.8 382.6 370.8 365.5 356 341.5 335.5 331.8 329.2 326.6 318.6 324.1 325.6 322.1 319.1 315.5 314.9 314.7 319.6 328.5 335.5 343.1 344.6 350.7 347.8 346.2 338.5 332.4 325.4 319.3 312.1 308 300.4 294.1 297.1 292.3 296 312.8 327.2 346.9 368.4 388.4 419 429.5 428.8 425.7 425.7 420.8 415.6 409.6 399.4 390 372.3 379.2 392.7 406.9
452.5 458.4 463.8 467.3 471.3 476.1 473.9 469.4 465.6 461.6 459.1 451.1 448.1 440.2 434.5 428.8 420.6 413.9 408.2 400 391.9 385.8 379.9 370 366.1 359 345.5 338.2 335.5 333.1 329.9 327.7 325.4 311.9 319.5 313.6 307.3 315.6 319.2 313.2 301.7 311.6 316.3 316.4 315.9 320 318.8 313.2 308.8 305.3 297.8 284.6 285.9 282.9 277.7 275.8 275 274.7 279.2 286.6 304.8 321.6 339.7 359.8 384.9 409.7 413 414.4 419 418.6 413.4 404.2 392.1 379.2 370.4 387.2 403.9 417.8
467.2 468 469.3 468.1 468.9 469.7 466.7 462.7 459.1 452.8 448.8 443.6 439.1 433 425.6 417.5 412.9 405.1 396.5 386.1 379.6 374.9 369.2 361.7 359.5 347 339 334.7 332.5 329.3 327.9 325.5 322.7 313 311.7 321.9 326.3 331.7 331.9 323 313.1 301 301.2 300 300.3 299.6 298.4 294.3 295.8 299.7 298.3 310.1 306.8 304.7 300.7 295.5 290.4 285.8 275.6 274.9 283.4 298.6 316.4 333.9 353.2 381 392 391.7 398.6 400.8 398.9 392.7 379.2 369.4 370.9 393.3 412.1 427.5
474.1 472.5 469.8 467.4 464.1 463.4 459.5 453.2 447.5 439.1 431.2 426.6 421.2 417.5 411.5 405 400.7 394.1 385 376.1 368.8 365 357.9 352.9 346.3 339.5 338 335 328.4 321.3 319.5 320.1 324.4 326.2 327.5 333.6 335.7 339.2 336.9 333 323.7 310.3 305.2 301.1 300.5 303.3 310.6 317 322.5 329.3 336.9 339.8 334.9 329.3 320.7 313.7 302.7 298.6 286.7 275.7 272.1 279 294.5 308.7 326 345.9 361.3 365.1 367.9 376.5 380.4 379 363.9 360.9 371.5 396 417.2 433.1
479.3 476.5 473.4 468.7 463.4 456.8 446 438.9 430.2 418.5 407.3 406.7 404.4 400.1 396 392.9 385.1 378.9 371.8 365.4 360.3 356.5 348.9 344.7 340.5 334.4 330.5 324.1 322.3 324.9 327.4 330.2 332.5 335 335.8 342.2 344.5 344.9 340.8 335.9 322.3 314 308.4 309.3 317.2 326.8 336.6 346.9 357.5 367.9 372.9 374.6 363 347.2 338.7 327.5 314.9 309.6 302.9 296.6 276.5 269.5 272.8 286.3 299.5 316.3 330.7 341.2 342.2 342.2 348.3 362.3 352.3 348 373.9 401.3 423.4 435.6
483.2 480.1 476.8 473 472.8 466 447.2 434.1 424 412.4 396.8 388.5 386.1 381.3 382 379.5 373.1 366.5 359.2 353.9 349.2 340.4 342 340.8 339.2 336.6 332.7 325.4 329.1 331.9 334.7 337.1 343 343.9 345.9 347.7 350.9 348.9 344.7 339.8 327 310.5 317 323.1 332.8 347.3 362.1 373 384.4 397.8 407.3 410.5 389.3 367.2 352 339.8 325.5 319.5 313.6 303.9 289.5 274.6 269 270.5 276.1 292.4 306.7 318.7 316.6 315.4 316.8 327.9 339.8 354.3 384.8 409.3 428.1 435.2
485.9 483.4 478.9 479.9 476.5 468.8 454.3 437.3 416.6 403.2 389.9 378.7 374.2 367.1 364.9 366.5 359.1 359.2 357.6 355.1 352.4 352.9 348.1 343.2 341.7 336.6 329.5 335.7 338.5 341.4 343.8 346 348.2 351.8 355.1 354 355.5 353.3 349.4 342.7 319.5 327.1 336.1 342.3 350.8 364.7 386.4 404 416.1 422.1 423 425.7 411.9 383.7 362.1 347.1 333.8 328.1 319.9 312.7 296.8 285.8 272.8 267.1 266.7 273.3 285.6 294.5 300.1 314.8 339.1 351.8 360.9 379.6 401.5 419.3 428.3 428.3
