public/OST50/SN88.asc
ncols 200
nrows 200
xllcorner 280000
yllcorner 280000
cellsize 50
[rows 105 to 139 of 200, columns 0 to 77 of 200]
473.1 487.5 504.1 519.5 529.2 535.1 540.3 531.4 520 509.9 491.5 485.1 478.9 467.7 457 450.2 443.6 434.8 424.6 417.9 413.1 409.5 410.5 411.1 413.5 415.4 418.7 418.9 419.3 422.6 434.6 438.2 444 449.9 454 459.2 459.9 456.1 452.4 448.4 443 435.8 422.7 412.7 402.6 394.9 387.3 375.7 368.2 364.1 365.4 385.4 406.3 425.1 437.5 448.4 451.1 447.8 440.6 425.9 414.9 402.7 393.3 394 409.1 425.2 439.8 458.9 474 481.9 492.2 497.8 500.4 501 504.8 510.2 512.4 509.5
471 485.5 505.2 525.3 536.9 540.5 538.8 537.4 525.3 517.7 508.3 498.2 490 481.1 468.2 461.5 451.5 441.7 427.7 419.3 414.7 410.1 407.7 408.7 409.9 410.3 410.9 411.4 412.6 413.6 416.5 420.3 427.9 433.6 445 449.4 448.5 446.6 446.6 443.3 441.1 434.1 422.3 410.5 399.3 388.7 380 373 368.1 362.6 370.4 388.4 411 430.9 443.2 452.6 456.2 452.6 444.5 438.6 424.4 406.5 394.1 393.4 403 421.7 442.5 461.5 469.7 474.8 480.1 484.8 494.3 498.6 505.9 513.5 516.1 511.7
469 486.7 506.2 528.3 537 538 537.8 539.2 531.7 524.2 514.9 503.9 497.5 486.4 477.1 465.3 452.5 443.5 429.5 422.4 417.4 412 410.7 407.7 407.6 407.9 407.4 403 403.9 405.7 407.1 406.3 409.5 415.3 427.8 434.5 437.2 438 439.9 437.8 437.6 433 424.7 413.8 405 394.1 383.6 376.3 369.7 362.3 368.5 389.6 409.8 430.4 444.5 454.9 460.4 455.2 451.9 445.7 431.7 413.4 393.1 385.3 398.2 413.4 435.2 455.6 460.1 461.9 461.9 464.1 476.9 494.5 506.7 516.6 516.5 513.2
471.4 491.4 516.3 529 537.3 538.8 538 540.7 535.6 527.2 519 510.2 500.6 490 478.7 463.1 452.5 442.9 430 424.4 420.3 416.4 411.9 410.7 408.7 409.1 412.7 409.7 402 396.6 398.3 395.5 398.2 405.2 413 420.6 423.9 427.3 430 430.4 431.7 431.2 427.1 417.7 409.9 401.1 393.5 383.4 372.6 360.9 367.2 385.8 406.5 428.7 443 455 459.7 456.1 455.5 449.2 430.9 413.7 393.4 381.7 392.4 403.7 424.4 443.5 448.2 445 441.6 440.8 462.1 486.8 506.6 517.3 517.5 515.5
476 498.8 518.9 525 534.3 536.5 538.6 543 538.3 530.4 523.5 513.6 502.6 491 477.8 461.8 450.5 444.1 437.2 428.8 428.6 422.2 418.9 417.4 421.5 425.9 428.8 423.7 416.4 410.4 396.2 395.2 390 391.4 400 406.8 411 417.6 418.7 423.5 424.7 426.4 422.2 420.4 415.1 406.8 396.5 385.5 370.9 364.7 362.9 379.8 402.4 425 437.8 448.7 455.8 456.3 456.8 445.6 424.4 407.4 395.8 380.2 386.8 394.5 414.7 430.3 432.7 426.5 420.2 436.1 461.9 486 507.1 517.4 520.9 521
479.8 507.5 517.2 528 529.8 535.3 538.8 542.2 535.2 533.6 524.3 513.7 502.3 491.2 477.4 465 460.6 448.6 438.5 441.2 439.5 437.7 427.9 430 436.6 442 442.8 438.7 432.2 414.4 418.2 403.8 402.7 393.7 381.9 390.8 396.3 402.7 403.9 413.9 417.4 418.3 419.4 421 416.2 408.6 397.7 386.7 373.5 363.9 360.9 374.4 395 413.7 427.9 440.8 448.8 452.5 451 432.6 412.7 397.9 386.2 378.3 382.7 387.7 406.3 417.5 415 410.1 411.2 436.3 460.2 480 506.9 520.4 525.9 527.2
482.4 511.2 520.3 523.8 524.2 531.4 537.6 539.4 533.3 529.5 523.7 511.3 499.2 489.2 479.2 471.8 463.3 449.5 454.4 452.2 452.6 453 441.4 448.9 454.6 455 453.9 442.2 441.2 438.3 426.4 413.5 411.1 403.3 390 375.9 385.5 391.9 397.3 401.1 407 409.4 413.8 414.4 411.9 404.9 395.7 383.7 372 363.8 359 370.1 387.1 404 420.9 432.8 442.2 444.6 437.7 417.4 398.2 383.5 379.5 374.5 378.6 382.8 397.7 402.2 399 393.7 410.4 428.9 449.2 468.5 494.9 518.9 529.5 533.6
485.8 511.5 511.7 513.2 512.1 524.5 527.6 533.3 530.5 529.4 523.3 512 500.8 493.2 485.1 476.7 471.6 460.7 465.5 466.9 465.3 465.9 462.2 463.4 466.8 464.9 458.4 456.4 448.3 437.9 427.8 414 411.3 404.4 397.7 380.1 373.7 384.1 387.5 389.5 394.8 398.9 404.4 404.8 402.6 397.3 389.9 379.8 369.4 363.4 357.4 365.6 382.2 398.4 414.5 426.4 433.8 435.8 422.9 401.5 384.6 373.7 368.3 368.7 370.9 376.3 387.6 384.8 387.2 395.3 402.1 412 432.4 455.1 483.4 513.5 532.5 538.6
485.9 492.3 495.2 495.4 495.7 510.8 518.7 527.5 530.3 527.4 523.6 511.9 505.5 497.9 489.6 483.1 477.3 469.2 475 475.6 477 475.7 472.6 473.9 472.5 466 462.8 457.3 451.1 443.1 426 416.2 409.2 402.4 394 378.7 372.3 377.3 379 378.6 380.9 384.8 384.9 388.5 388.9 386.9 382.5 375.5 369.4 364.9 357.3 362.7 377 393.8 408 417.7 423.7 423 407.4 387.2 371.4 364.9 366.9 373.9 378.8 378.9 379.8 386 396 410.4 423.2 432.3 439.9 450.6 480.4 511.2 535.9 541.5
481 469.4 473 472.8 479.3 495.2 510 521.6 526.4 526.2 524.9 514.9 509.5 500.9 494.3 487.5 479.6 478.5 481.6 482.2 485.5 481.2 480 483.5 477.8 466.8 467.9 466.6 459.6 444.7 436.6 420 412.4 405 396.3 387.2 383.2 370.8 369.6 368.1 368.8 370.9 368.7 372.4 377.5 378.1 374 370.2 368.7 362.2 354.7 362 374.3 388.6 402 410.3 414.3 410.9 393.9 371.4 363.8 364.9 372.9 383.1 395.7 399 395.6 405.7 422 437.8 449.1 458.1 466.9 479.8 495.8 518.9 539.2 542.3
464.8 451.4 454.5 458.5 467.9 491.8 508 518.1 521.5 518.9 520.9 516.4 508.5 500.6 494.9 486.9 485 484.8 484.2 490.9 491.1 485.8 486.1 485.9 477.5 476.8 480.5 474 462 461 449.3 432.5 421.9 412.7 399.4 390.6 382 376.2 380 376.6 371.6 368.8 366.2 363.8 362.4 365.5 364.2 363.8 363.9 357.7 356.8 363.8 372.8 382.8 396.3 403.5 407.4 401.1 381.7 365.1 361.3 365.8 380.4 397.7 414.5 424.2 420.9 431.2 448.8 464.1 475.7 486.7 499.3 511.5 523.2 536.1 544.5 543.3
445.8 440.4 445.1 449.4 462.7 487.9 501.8 500.3 509.3 504.3 511.6 509.4 496.9 497.5 492.3 486.3 486.3 483.3 483.3 498.8 492.1 489.2 489 486.7 485.5 488.5 483.3 481.7 477.2 470.9 455.5 438.3 431 410.4 396.3 389.3 387.5 395.9 399.6 396.5 388.5 381.7 376.7 376.7 371.3 363.9 358.6 356.2 356.9 353.8 356.3 364.2 370.8 379.7 391.5 399.4 401.3 393.7 373.6 361.1 360.1 374.6 390.4 410.9 432.5 449.9 452.9 461.1 475.3 488.9 498.6 511.6 521.4 527.8 535.7 543.7 544 540.4
427 430.8 433.2 440.6 453.3 478.6 484.4 483.1 480.2 480.5 499 493 485.1 492.8 486.4 482 483.5 479.6 487.5 499.2 494.1 496.9 497.5 491.7 491.1 493.5 492.2 489.1 486.6 474.9 459.1 446.2 429 410.7 407.4 396.6 406.3 416.1 417.3 410.6 403.6 398.5 392.7 391.3 385.4 376.8 367.7 362.9 359.2 352.6 356.4 361.7 367.7 376.5 387 392.1 395.8 386.6 369.1 359 364 379.8 398.3 421.5 449.6 471.7 481.9 490.6 502.8 510.2 514.8 521.4 528.7 531.7 534.8 540.1 539.5 534.6
415.4 421.4 424.6 427.1 439.5 459.9 457.5 455.6 452.8 466.4 478.3 475.4 469.1 482.6 476.7 473.5 475.7 474.2 492.1 496.2 500.8 502.9 501.1 492.7 499.2 496 498.6 499.2 495.9 479.6 461.8 446 438.2 436.4 421.5 417.5 422.5 433 428.8 417.6 410.6 406 403.6 400.9 391.8 383.3 375.7 366.2 361.9 354.8 357.2 360.1 365.2 372.3 384 391.2 390 382 366.1 357.1 365.4 381.8 402.9 428.8 459.5 486.2 500.5 514.9 517.9 517.6 521.5 523.3 528.3 530.6 532.7 532.9 531.9 527.3
412 413.8 414.6 417.9 427.4 440.8 435.3 434.1 431.3 447.4 460.2 457.6 457 465 461.5 461.2 466.7 472 485.1 489.8 506.2 504.2 500.6 494.9 498.6 499.7 504.1 506.9 502.9 489.2 467.9 453.8 457.9 452.5 444 434.4 432.6 441 433.1 423.8 410.6 407.9 408.2 401.6 392 385.3 377 367.8 364.9 355.9 357.4 358.7 364.3 372.7 381.7 385.2 384 375 364.4 354.9 364.4 381.2 404.2 431 463.1 494.2 510.7 518.4 516.8 516.3 516 516.8 520.3 522.4 523.9 523.5 523.7 521
406 402.6 402.3 409.6 417.2 417.5 417 415.5 416.4 430.4 442.5 439.1 444.5 448.3 448.1 452.3 460.6 470.6 475.8 499.8 510.7 501.9 499.7 495.2 500.9 502.5 509.1 514.3 511.2 499.2 475.7 469.4 473.6 459.3 456 447.9 445.4 449.2 437.9 426.3 412.8 406.9 403.5 396 389.6 384.3 374.9 367.3 364.6 359.8 355 359.4 363.6 369.4 375.5 377.8 376.6 372.9 363.9 352.9 362.8 379.3 399.3 427.6 459.5 492.3 509 509.7 509.1 511.9 510.4 509.6 504.2 505.9 511.5 515.2 515.8 511.7
418.1 415.4 408.6 399.1 403.3 403.6 404.9 402.6 407.3 415.6 423.9 424.6 432.9 440.1 438.9 444.8 451.2 461.8 479.2 501 510.3 499.4 497.4 494.9 500.7 502.1 514.9 519.8 518.3 504.1 490.2 485.4 479.5 477.8 465.3 461.1 458.2 452.4 444.2 429.7 410.7 401.6 396.6 388.5 383.9 378.9 371.8 364.2 359.5 355.7 351.3 360.2 360.9 362.3 367.2 371.2 371.7 370.1 363.6 353.7 357.7 373.6 393.1 417.6 444.8 470 484 491 493.2 496.5 496.2 491.1 481.4 483 492.6 504 507.1 505.3
432.5 424.2 415.6 407.4 404.2 400.5 394.6 392.9 399.9 406.9 410.5 417.3 424.8 431.1 427.2 435.3 446.8 457.3 478 500.5 509.8 498.4 496.5 491.7 498.6 505.8 517.6 525.1 525.6 510.1 506.3 496 491.6 486.5 476.7 470.8 465.7 453.5 443.8 422.5 401 393.1 385.1 377.6 376 370.8 368.1 360.3 355.5 352.9 356.7 356.7 356.5 357 362.1 365.5 365.5 365.8 362.2 352.7 356.7 369.3 382.9 404 421.9 441.4 452.6 460.4 468.2 473.4 474.5 469.1 456.9 458.8 471.8 489.3 496.3 496.4
457.7 445.2 430.3 415.8 414.2 410.6 404.1 395.9 393.6 398.2 402.4 409.5 417.4 422.7 418.8 430.6 436.7 453.2 473.9 498.9 502.6 489.8 485.8 488.9 494.1 504.9 517.7 529.8 529.8 513.9 512.4 500.3 500.2 494.6 484.4 475.6 468.1 453.3 437.4 417.7 397.6 390.7 380.4 373.6 371 370.4 365.6 361.6 359.7 358.4 352.7 347.4 349.4 352 356.3 359.6 360.4 360.8 359.6 352.7 356 362.9 371.5 387.5 399.6 412.2 422.5 428.6 439.1 446.4 450 442.4 432.6 434.4 454.4 475 481.7 484.2
479.4 469 454.5 442.7 433 420.7 413.8 408.3 391.8 391.3 397.5 398.5 404.4 409 419.5 421.8 435 451.1 471 494.7 488.4 474.4 475.8 480.9 486.1 501.1 518.3 533.3 530.8 517 515.6 506 504.6 500.2 486.6 478.3 470.6 451.6 432.3 411.9 393 383.6 377.5 377.3 378.7 378.4 376 367 364.2 360.7 359.8 354.7 348.3 345 348.5 351.1 353.9 355.3 354.4 346.5 352.8 354.7 358.1 367.8 378.5 387.5 395 402.9 411 418.3 421.1 417.9 408.5 417.1 437.9 458.9 464.1 471.3
491.8 481.8 473.2 465.2 455.6 437.5 423.3 412.3 400.4 393.8 384.8 390.5 394.3 401.7 407.2 417.9 433.3 448.7 470.2 480.8 469.5 461.8 463.1 466.5 478.9 496.2 520.2 537.4 529.5 522.8 511.7 508.2 508.2 500.4 485.7 479.6 469.1 446.2 423.4 402.4 386.4 386.1 389.6 391.8 396.1 395.9 389.5 375.2 370.2 367.6 363.1 356.1 352.3 351.2 350 346.5 342.1 346.3 346.7 344.5 347.6 348.2 347.4 350.6 355.8 362.3 370.6 378.5 385.9 393.7 396 395.3 384.5 400.9 416.9 434.1 442.6 453.8
493.6 484.7 480.2 478 471.7 452.7 432.4 420.3 409.6 399.6 391.5 383.1 385.6 394.3 405 416.1 429.7 442.7 456.2 460.3 447.1 442.1 446.6 448.3 469.4 490.7 517.3 538.7 526.8 519.5 509.2 505.7 501.4 494 483.9 479.5 466.2 437.6 413.7 395.9 396.6 401.4 409.6 415.9 419.2 417.1 405.1 387.8 381.2 372.8 362.5 356.5 358.4 354.7 353.1 350.7 346.8 343.4 340.7 342 341.8 341.2 339.2 341.4 342.3 343.7 349.8 355.7 363.4 370.7 374.7 376 369.7 383.6 395.7 407.4 422 432.7
497.6 487 489.3 483.5 471.8 459.5 446.4 432.2 416.5 404.1 392.2 392 382.3 386.3 399 410.1 420.2 430.1 435.9 438 423.7 426.1 432.2 445.5 460.9 481.5 511.2 536.4 525.1 515.5 504.8 499.6 495.5 491.6 483.5 481.1 465 437 412.9 406.6 416.9 421 432.4 442.3 444.1 437.6 421 400.4 382.3 373 366.6 368.1 365.4 363.3 358.7 353.5 349.5 347.3 345.6 343.6 342 344.3 343.3 342.2 340 336.5 338.8 340.3 345.3 350.4 354.3 358.4 358.5 366.1 375.9 384.1 397.7 410.6
491.5 489.5 488.1 478.1 470.1 464 449.8 432.9 415.5 402.8 393 389.7 389.8 380.4 387.1 401.1 409.6 416 418.7 416.8 405 414.2 426.1 440.5 453.4 475.9 509.3 532 518.9 502 493.2 489.1 486.8 485 480.5 479.4 466.5 439.8 421.5 429.1 440.2 449 458.7 469.9 468 453.1 427.6 399.5 388 391.4 389.5 389 383 381.3 374.4 366.5 357.8 355 352.4 352.3 354.1 356.8 353.7 351.5 346.4 342.4 337.3 335.8 336.3 336.9 341.4 343.8 347.4 351.6 360 367.4 377.9 393.7
489.8 485.9 480.8 472.6 467.2 460.5 444.1 425.6 409.1 398.9 398.9 398 395.9 391 382.5 390.2 399 403.3 403.6 400.1 394.2 409.2 422.7 435.5 446.7 470.3 505.4 524.3 508 487.1 481.6 473.9 476.2 476.1 478.5 481.1 476.1 455.5 449.6 455.7 466.8 478.7 485.3 489.3 479.9 457.6 426.8 398.9 411.3 419.9 419.6 415.1 410.4 405.1 396.5 386.7 380.6 375.8 373.7 372.4 373.8 371.9 364.8 359.3 353.5 349.8 343.8 339.1 336.6 333.9 332 333.9 339.4 341.2 347.1 352 364 375.9
486.3 478.4 472.7 463.7 460 450.8 434.8 411.4 411.4 418.5 411.9 408.9 403.3 395.6 387.7 375.2 388.6 395.4 393.3 385.7 392.6 405.5 417.8 427.4 437.2 461.7 496.9 512.8 494.4 473.5 463.3 456 464 468.3 478.7 486.4 487.6 477.8 477.5 482.3 493.2 499.7 503.1 502.1 485.6 462.8 436.6 418.9 436.3 447.7 449.9 449.3 443.5 434.2 424.4 416.1 409.7 404.8 403 402.3 400.7 392.7 382.9 377.2 373.1 365.6 356.5 345.9 341.9 337.9 335 332.8 332.5 335 338.7 342.2 349.6 359.4
475.2 469.6 464.6 461.6 451.4 455.7 449.2 442.6 435.9 427.5 423.8 419.4 409.6 398.8 392.5 389.2 374.5 384.5 382.9 381.1 391.4 401.5 411.3 414.6 426.8 450.4 483.4 489.5 475.6 456.3 446.9 440.8 453 463 479.9 493 497.8 495.3 499.2 502.8 513.6 512.4 515 511.3 496.4 476.4 451.7 445.2 458.9 469.2 471.9 468.9 466.4 463.7 457.9 451.3 446.8 444.4 438.1 432.3 426.1 415.3 406.8 394.6 390.1 378.5 369.7 358.5 351 342.5 340.8 338.1 331.6 331.3 334.3 336 339.4 345.7
470.1 468.4 466.7 464.3 462 470.6 468 453.9 448.4 438.4 437.1 430.5 418.1 405.8 403 397.9 388.4 370.9 372.3 376.4 387.9 396.7 401.8 405.5 416.8 436.1 459.7 461 452.1 437.3 427.3 429.9 443.7 456.9 479 499.1 504.6 505.7 512.1 517.5 524.5 521.6 520.8 519.9 510.3 496.3 481 472.9 480.3 483.6 484.2 478.8 477.5 477.8 473.4 473.5 469 463.8 456.9 450.6 445 435.2 423.1 410.4 398.8 388.6 376.9 366.9 359.5 350.8 344.8 339.4 335.1 331.1 330 330.8 330.6 336.8
471.7 470.1 468.9 465.6 470.3 481.1 475.6 461.5 453 451.2 451.9 447.5 429.4 421.6 415.2 406 393.6 386.7 380.9 374.3 370.6 386.2 391.6 396.3 404.8 417.9 436.9 433.4 428.1 413.6 407.7 423.2 439 452.2 476.5 496 503.5 511.4 522.1 534.3 529.7 528.6 528 524.4 519.5 509.4 499.3 492.9 491.8 493.6 489.3 483.7 483.8 482.7 482.9 479.7 474.4 470.4 463.6 462.8 454.2 446.6 436.4 421.8 403.6 391.9 379 371.4 364.6 355.9 348.5 340.2 334.9 333.5 331.7 331.7 329.5 324.1
473.9 473 471.4 470.7 476.9 483.5 475.1 463.3 462.4 466.1 465.2 453.7 442.5 435.6 426.1 413.8 401.5 390.6 384.6 381.5 370.5 371.6 380.8 386.5 391.9 401 409.3 408.7 407.3 402.4 400.1 416.1 429.1 446.1 464 485.7 496.8 511.6 524.4 533.7 532.8 531.6 529.8 529 525 515.6 506.4 500.7 498.6 496.8 487.2 484.3 484.1 482.9 479.4 476 472 467.4 465.7 463.3 457.8 448.8 434.9 420.3 405.7 392.2 380.1 376.5 368.2 358.5 346.3 345.8 341.5 339.6 335.2 333.2 330.5 326.1
477.5 475.6 474.4 474.1 480.7 487.6 473.2 472.3 473.3 473.1 468.1 457.7 452.7 447.9 434 420.5 407.2 394.6 387.5 383.7 380 370.9 368 375.8 380.4 385.1 388.7 391.9 394 392.2 396.2 408.5 417.9 436.3 451 468.8 480.4 496.5 518.1 523.7 532.3 535.4 531.2 530 523.6 516.1 509.2 502.8 500.3 492.7 485.7 481.3 478.4 475.4 469.4 466.3 461 457.8 458.4 458.6 450.6 442.7 429.5 414 399.5 390.6 380.3 375.3 365.5 362.2 363.5 356.8 349.2 344.4 339 334.7 331.3 328.7
480 477.2 477.3 477 487.4 493 478.3 479.7 476.7 476.9 469.6 460.9 459.6 454.6 442.6 428.2 411.3 397.7 388.3 381.8 374.8 369.8 365.7 364.6 369.3 371.7 373 378.9 380.9 382.2 386.5 395.7 405 421.3 432.3 445.3 457.2 472 490 508.9 529.6 534.5 530.1 527.1 522.8 517.8 511.3 502.7 497 484.9 480.4 474.1 465.8 459.9 453.4 447.9 444.5 441.2 443.8 448.4 441.7 431.9 419.7 403.7 399.3 389.2 377.4 371.6 375.2 379.1 377.4 369.4 356.3 351.2 347.3 340.2 335 332.3
482.6 481 480.6 483.1 494.1 493.6 489.3 485.4 479.4 477.5 467.2 463 462 452.2 441.2 426.6 412.8 396 382.2 378.8 380.3 379.5 376.4 365.3 361.9 362.7 364.6 368.3 370.2 369.7 378.9 382.1 391.2 401 412.9 421.9 433.8 449.2 464 491.6 517.2 528.6 526.5 526.7 522.8 518 509.8 500.6 492 481.4 476 464.1 451 448.9 444.9 435.8 432.4 421.6 420.2 430.1 430.5 422.3 408.4 397.6 393 380.7 384.4 389.9 394.1 388.8 383.9 377.3 366.9 358.6 356.8 349.6 342.4 337.3
486.5 490.8 489.2 492.3 501.2 497.9 493.9 488.9 477.9 475.4 462.3 457.9 452.4 435.4 420.6 408.5 401.7 394 391.7 390.8 385.4 382.7 379.7 375.6 370.2 359.5 361.2 361.7 363.4 363.3 366.5 370.7 375.7 382.7 391.9 399.2 414.3 428.3 445.8 467.9 498.2 515.3 522.1 527 523.3 518.9 510.5 499.5 487.9 476 464.8 457.7 463.3 464.6 462.7 454.9 447.4 434.6 426.2 414.6 415.2 406.5 398.6 390.2 389.4 393.6 399.7 402.3 403.6 396 390.5 379.3 370.5 363 359.3 352.9 346.2 339.1
492.5 499.7 498.6 499.6 508.6 501.1 494.8 481.8 473.3 468.3 459.5 450.4 441.4 445 442.9 432.2 426 411.4 396 397.7 393.2 387.8 384 380.7 377.2 373.9 368.2 358 357.9 359.3 360.2 361.6 364.6 369.8 374.8 383.2 396.1 409.7 428.2 454 478.8 499.7 510.8 526.1 525.9 522.6 514.7 503.7 491.4 478.9 469.3 467.3 473.4 478.9 480.6 478.1 468 455.7 440 424.1 408.1 394.4 392.7 402.7 410.2 409.6 409.4 411.9 406.5 399.6 390.6 378.9 371.1 365.4 358.9 352.1 345.8 337.8
