public/OST50/SN89.asc
ncols 200
nrows 200
xllcorner 280000
yllcorner 290000
cellsize 50
[rows 35 to 69 of 200, columns 0 to 77 of 200]
108.8 93.9 83.3 98.9 112.5 119.4 132.1 147.1 161.1 174.1 180.9 186.4 184.8 179.6 171.4 160.6 161.1 170.2 174.6 179.5 185.6 192.5 200.7 207.6 215.4 224.7 231.9 232.8 234.9 237.6 233.5 224.4 218.1 213.6 208.6 206.9 205.3 202.7 198.9 194.1 188.6 181.6 173.9 175.5 173.7 171.7 169.3 167.4 154.9 151 150.7 159.4 168.7 177.2 185.2 195.4 203.1 210 217.8 221.2 229.9 237.9 240.9 244.8 248.3 248.7 245.3 238.2 236 223.8 221.4 220.6 225.1 235.8 249.6 254.4 256.4 257.1
122.3 105.3 84.7 93.7 105.9 116.7 129.1 144.5 159.5 173.5 185.5 195.5 193.2 185.8 179.1 174 165.1 165.2 174.7 181 185 188.7 195.3 202.6 210.1 217.9 224.3 229.9 236.5 245.5 233 222.7 217.9 214.8 213.8 213.4 213.7 211.5 208.5 203.7 198.3 192.6 189 186 183.4 181.3 178.1 175.6 163.2 174.8 168.4 153.9 151.4 162.3 172.1 184.4 195.9 204.4 215.3 223.5 236.1 245 248.4 251.6 255.1 258.7 254.9 248.1 243.7 234.4 239.7 243.6 248.5 253.9 257.2 259.9 261.4 262.1
136.3 109.5 87 96.5 108.1 116.2 126.4 142.4 156.3 170.9 186.1 196.6 200.2 194.4 186.7 183.1 179.5 168.7 173.5 179 183.4 187.8 191.2 195.9 202.9 209.6 217.1 224.1 231.3 236.6 228 221.8 219.2 218.4 218.1 218.5 218.6 218.7 216.4 212 207.1 203.7 199.4 196.4 193.1 190.4 186.7 183.5 171.3 182 183.1 178.7 170.1 156.3 154.6 170.9 183.9 195.3 211 223.2 234.3 250.5 256.1 258.9 264.2 269 264.5 257 250.3 246.9 247.6 250.4 254.4 258.3 261.7 264.3 266 266.7
144.2 109.7 87.5 102.3 110.8 116 123.7 140.2 153.9 166.4 183.7 195.9 204.1 198.2 195.1 192.1 188.8 181.9 172.5 178.2 183.1 187.2 190.9 194.8 199.7 204.4 209.2 216.2 224.2 226.4 221.6 220.4 220.1 221.2 221.9 223.1 224.7 225.4 223.8 219.1 215.8 213.8 208.8 205.5 203.4 200.2 195.3 191.2 181.1 188.4 190.2 185.9 182 175.8 161.5 155.5 170.4 187 203.6 218.2 228.1 243.2 254.9 259.3 271.7 277 272 263.7 256.1 252.4 253 255.8 259.7 263.6 265.3 267.6 270.5 270
143.5 109.1 87.8 99.4 108.3 112.5 122.2 138.7 151.6 162.4 180.6 193.4 205.7 201.3 199.8 199.6 196.6 193.6 188.5 179.6 175.8 185.4 189.5 193.4 197.2 200.2 203.8 208.7 214.3 216.8 216.5 217.6 220.3 222.9 225 227.4 228.8 231.1 230.8 226.9 223.1 221.6 217.1 214.1 211.9 208.3 203.9 199 193.2 191.9 194 191.1 190.8 190.2 184.2 163.2 158.4 175.4 192.3 205.6 218.3 232.6 244.7 254.5 273.2 281.8 277.1 267.1 258.1 253.1 257 260.3 265.2 266.9 265.6 271.3 274.1 271
145.1 111.1 88.2 95.4 106.3 111.6 120.1 135.3 147.9 160.9 176.2 190.4 205 204 205.1 203.3 202.8 200.7 196.5 192.7 189.2 185.1 188.4 191.5 195 198.5 201.7 204.7 207.7 210.8 212.1 215.7 219.3 222.9 227.2 230.4 233 236.2 237.5 233.1 229.5 228.4 224.5 222.3 220.5 216.1 211.7 206.7 203.4 197.3 198.1 195.4 196.5 197.9 195.5 182.7 163 162.7 180.4 197.3 209.7 225 233.5 247.5 264.5 277.5 278.5 261.3 258.9 255.2 247.6 245.2 249.7 253.7 263.1 270.4 265.7 264.9
148.8 117.9 92.8 93.6 104.8 110.5 118.7 131.7 143.8 157.2 172.7 187.4 199.6 205.8 206.9 207 208.6 207.2 204.3 199.8 196.3 192.8 190.2 187.9 193.3 195.6 198.4 201.4 204.6 207.1 209.8 213.6 218.2 222.7 228.2 232.3 236.4 239.4 242.6 238.5 235.6 234.4 231.6 229.7 227 223.2 218.4 213.5 209.1 205.7 203.7 201.8 201.7 202.6 201.9 201.9 178.7 156.4 173.5 189.8 204.8 218.6 221.3 221.3 238.6 245.3 247.6 245.5 238.4 221.7 211 210.2 216.2 228.8 246.4 254.8 253.2 255.8
155.3 127.4 99.4 93.9 103.2 108.5 116.2 126.8 137.6 153 169.4 185.4 195.6 204.4 205.5 209.1 212.3 213.3 212.4 207.3 202.8 199.2 195.7 194.2 194.5 195.4 197.1 200.2 202.6 204.9 208.5 211.8 216.7 221.8 227.1 232.2 237 243.2 246.6 242.7 240.7 238.8 237 235.2 232 228.5 222.7 219 214.8 213 210.7 208.9 208.8 208.1 209.4 210.5 190.7 160 170.6 188.7 202.5 196.5 189.8 187 193 197.7 207.7 214.5 204.3 188.4 176.6 176.6 179.6 198.3 218.2 227 231.8 239.9
165.1 137.4 111.3 92 97.8 107.2 115.4 122 131.6 147.7 163.7 179.3 193.3 200 205.1 213.2 219 221.7 221 212.7 210.1 208.8 201.8 198.3 198 198.5 200.1 201.1 201.8 203.9 206.8 210.5 214.3 219 223.9 228.7 234.3 240.9 243.5 245.3 245.1 242.3 241 239.1 235.9 230.6 226.1 222.6 220.7 219.3 217 215.4 214.9 213.8 216.4 217.8 205.3 175.9 169.6 182.7 181.3 165.9 166.6 168 168.6 170.1 176.1 183.9 173.7 176.9 186.3 191 188.9 179.1 198.6 206.3 210.9 221.6
175.1 148.8 122.6 102.4 94.4 105.4 113 118.2 128.3 143 158.9 171.9 188 197.9 204.4 217.5 223.3 229.4 226.8 216.9 213.8 213.1 207.4 204.4 202.4 202.3 201.8 202 202.7 202.7 203.8 206.4 210.3 213.8 219 223.4 228.2 233.6 237.2 242.1 244.1 245.2 243.7 240.5 236.1 230.1 227.5 225.2 224.5 224.2 222.2 221.4 220.6 219.3 222.3 223.6 222.4 198.3 171.6 163.8 172.7 180.5 182.6 184.8 185.1 183.4 180.9 182.5 191.2 201.7 204.1 205.1 195.6 190.4 198.1 199.2 202 202
178.1 156.9 133.5 109.8 95.8 101.8 109.5 114.2 125.6 138.2 154.1 164.4 184 194.3 203.3 214.2 227.1 234.2 228.8 222.7 217.4 215.9 213.3 211.9 208.6 207.2 205 202.5 200.8 200.7 200.8 199.7 202 204 206.3 213.2 219.1 223.3 230.6 235.6 239.7 243.3 243.3 240.9 233.8 229.8 228.1 227 227.7 227.7 227.3 226.6 225.8 225.8 227 228.6 229.5 223.9 207.4 190.9 203.9 207.7 205 209.7 208.7 209.5 209.6 212.1 216.8 219.9 219.8 217.9 199.6 190.6 211.5 222.5 226.6 229.5
183.1 164.7 143.5 120.2 101 98.9 107 112.6 122.8 132.2 147 157.2 175.5 185.6 199.9 211 224.7 233.9 231.4 224.9 221.2 218.7 217.5 216.6 213.1 209.4 202.3 198 194 187.8 183.3 180.6 184 185.4 184.6 188.2 195.6 201.5 216.3 223.5 228.6 234.2 237.5 232 229.1 229.6 228 229.3 231.4 231.3 231.3 231.6 230.8 231 231.5 233.1 234.9 234.6 230.9 222.3 227 228 227.1 229.1 231.5 232.6 233.7 234 233.9 234.2 233.3 231.2 210.3 183.4 203 221.1 230.8 236
187.4 173.7 155.2 132 109.7 96.6 102.5 110.6 118.6 125.9 138.9 147.8 163.5 178.8 191 203.9 216.7 225.5 223.9 219.9 216.6 215.6 215.9 210.3 194.6 183.6 175.6 170.3 166.4 163.9 160.7 157.4 158.7 159.5 162 167.2 171.5 185.3 193.4 202.5 209 217.8 220.3 221.5 225.4 225 225.9 229.7 232.7 232.8 234.3 234.6 234 234.4 235.5 237.8 239.9 241.5 241.1 237.8 239.3 239.1 239.1 240.2 242.5 244.1 244.9 245.4 245.9 246 245.4 243.6 224.1 196.8 191.6 210.3 228 236.9
191.2 183.7 167.7 144.8 121.4 100.8 99.4 105.7 113.5 120.1 127.7 135.3 148.6 165.9 176.3 188.7 197.8 197.9 197.7 197.2 196.1 195.8 189.4 177.7 167.1 156 147.2 143.4 140.9 138.4 133.4 139.3 137.8 140.6 146.7 149.8 159.1 165.4 175.6 186.9 194.1 201.6 208.1 213.9 216.4 217.1 225.1 230.4 232.6 234.7 234.5 235.2 236.2 237.6 239.2 242.2 245.8 248.3 248.9 248.1 250.5 250.8 250.3 251 253.2 254.6 255.5 256 256.2 256.8 257.1 256.9 239.4 213.9 189.5 199.7 217.8 232.7
189.7 188.5 181.1 158.5 135 113 97.9 101.1 106.8 114.4 118.6 125.1 134.8 148.6 156.7 166.1 171.7 167.9 169.5 176 176.3 169 160.7 150.9 138.7 130.1 130.1 131.2 131.7 132.2 138.9 145.9 160.2 159.9 149 149.3 146.8 149.3 155.3 168.9 181.6 191.1 197.7 202.9 208.3 214 220.5 221.9 222.5 228.2 234.3 237.2 239.9 241.1 243.9 247.2 251.7 254.8 256.5 257 259.6 260.3 260.9 261.5 263.6 265.6 266.1 266.1 267.4 268.3 269.1 268.8 256.9 231.3 206.8 188.7 207.4 225.5
181.2 185.5 185.3 173.4 152.4 129.1 113.2 100.1 100.8 106 108.3 113.1 121 129.6 136.4 142.3 144.4 142.5 143.5 147.1 149.1 140.2 129.1 127.7 127.8 135.2 139.1 143.4 149.2 153.1 155.3 157.5 165.8 169.2 170.7 169.8 151.9 148.3 151.5 155.6 169.5 176.6 190.2 199.6 204.9 208.7 212.9 213.9 224.5 230.1 232.9 236.6 240.1 243.3 247.1 250.7 255.2 259 262 264.6 268.5 270.6 270.7 272.5 273.9 275.9 276.8 277.4 279.1 279.1 280.5 279.6 272.9 249.9 223.1 196 200 217
167.9 174.8 183.9 186.9 169.9 151.2 133.8 117.6 109.2 101.3 103.4 105.4 109.7 118.8 121.2 119.3 122.5 127.9 128.6 125.8 122.9 131.8 136.1 137.2 143.7 147.9 155.7 159.2 162.7 164.5 167.4 170.2 173.1 175.8 177.9 178.7 178 167.3 155.2 150.7 160 175.2 186.6 195 202 204 206.1 213 223.2 229.1 227.9 236.7 242.2 245.8 249.8 256.6 262.4 265 269.1 272.9 278 281.4 281.5 282.3 284.5 286.7 288.6 288.1 290 290.5 292.4 291.6 286.4 266.2 238.3 210.3 193.6 208.7
153.2 159.8 178.1 191.6 185.2 171.3 154.3 138.7 125.4 111.1 107.1 108.7 109.1 115.2 114.5 119 114.2 116.1 117.2 119.3 118.7 124.7 133 137.5 143.3 151 159.3 165.6 169 171.8 174.6 177.8 180.9 182.8 185.2 186.2 184.9 185.1 179.2 162.8 153.1 163.2 175.4 190.2 197.6 201.9 204.2 208.5 214.5 218.3 229.6 236.7 244.1 249.3 254.4 262.5 267.7 271.7 275.3 282.9 288.4 290.2 294.1 293.9 295.6 297.7 299.5 300.1 302.6 303.4 304.6 307.1 303.8 283.1 253.5 224.1 196.7 200.9
135.3 145.3 166.3 180.4 185.5 189.5 178.6 160.1 147.6 134.3 120.1 116.2 124.7 129.1 129.1 130.4 129.8 124.8 122.7 123.3 130.4 122.9 121.7 130.5 141.8 151.7 160.7 168 174.5 177 180.6 185.3 187.8 188.6 191.3 192.5 193.5 192.7 191 181.8 162.8 156.7 166.2 182.3 197.8 202.1 200.9 202.8 208.6 218 227.9 236.3 244.6 251.5 259.4 267.9 274.4 276.1 282.1 292.6 297.5 300.4 303.3 305.2 307.6 309.5 313.2 312.4 313.5 315 316.3 318.4 316.6 297.8 268.5 241.4 217.8 210.6
118.1 129.9 150.2 162.6 172.1 185.1 192.4 186.6 169.1 157.7 147 143 139.9 137.3 136.9 137.5 139.2 140.6 143.7 142.4 144.7 140.7 137.3 129.6 138.3 149.8 162.2 171.7 178.4 181.7 186.2 190.1 193.1 194.6 196.8 197.9 198 199.3 199 197.3 188.3 164.9 157.5 164.5 178.3 191 193.8 201.5 206.2 214.1 223.2 233.5 242.3 252.3 260.9 268.7 274 280.9 289 301.3 308.4 311.7 315.4 320 322.6 323.2 323.1 325.5 328.4 329 330.2 330.6 330.5 314.3 287.6 261.4 236.5 221.5
102.1 112.6 128.8 143.4 153.6 167.8 186.8 196.9 188.6 175.8 167 161.1 156.7 153.1 148.8 145.7 145.5 147.1 148.5 148.7 149.7 149.9 143.9 135.3 131.2 145 160 172 180.1 185.1 189.3 192.5 197.7 199.5 202.5 202.4 202.6 203.8 204.4 204.3 203.1 189.5 165.9 154.7 163.3 171.8 183.1 197.9 204.2 209.3 217.6 226.8 237.8 245.8 258 270.2 272.9 283.2 296.2 311.6 319.5 324.9 328.6 336.9 324.8 326.5 335.4 337.4 343.7 342.5 340.9 341.2 344 333.2 306.5 283.1 262.6 242.9
90.9 93.7 108.8 126.8 139.3 154.2 172.5 190.7 199.2 191.2 181.7 176.4 170.9 166.2 162.6 157.9 154.7 152.7 153 153.8 153.8 155.1 146.9 147.4 131.7 134.5 150.5 161 173 182 188.9 195.5 200.2 203.7 205.5 204.2 205.5 208.1 208.9 209.5 210.1 205 192.8 177.8 162.7 160.2 170.1 178.5 192.5 200.9 206.6 216.4 228.6 238.2 249.3 259.7 267.5 281.1 294.4 312.7 329.9 331.4 324.3 318.1 312.6 326.5 338.1 337.4 343.3 342.2 340.8 347.2 354.8 350.6 330.1 309.9 293 271.2
105.1 102.3 93 110.3 128.1 142.1 156.4 173.6 194.5 198.8 193.3 188.3 181.9 176.2 172.1 168.4 164.4 161.8 159.9 159.4 158.8 159.2 158.2 156.4 144.3 133.9 138.9 150.7 160.4 170.4 183.4 192.3 199.8 203.7 204.5 206.7 209.4 212 213.8 213.2 212 209.8 206.8 199 193.9 184 169.6 162.4 172.1 185.2 194.8 206.2 215.8 228.2 242.9 252 260.6 275.9 291.9 309.5 320.9 312.7 306.5 303.7 306 327.1 323.8 321.8 328.2 328.5 333 342.6 354.6 352.7 344 332.3 314.1 297.2
112.2 111.4 105.3 95.1 117.9 133.8 146.8 162.8 182.5 199.6 202.5 196.7 189 182.4 180 176.6 173.6 170.9 168.9 166 164.8 162.1 163.3 162.3 161.9 147.2 137.1 139 149.2 159.4 169.9 182 193.4 199.9 203.8 207.8 212 216.4 219.1 216.6 213.5 213.7 210 208.3 208 205.2 196 188.9 176.7 165.6 181.8 193.2 205.1 217.1 228.8 237.6 252.5 272.3 287.3 300 299.4 293.1 290 287 295.5 297.8 300.6 302.8 311.3 315.9 322.5 331.6 340.3 345.7 347.7 345.5 332.5 319.8
120.1 120.3 113.1 94.3 112.6 127.3 139.8 153.3 169.6 189 201.6 200.3 191.2 186.7 185.3 183.3 180.7 179.2 176.7 172.9 170.2 167.6 166 169.4 169.7 167 156 136.7 137.6 148.5 161.6 172.3 183.9 189.9 199.5 207.5 214.1 219.3 220.9 218.6 216.1 214.7 215 215.7 215.9 213.7 211.7 209.5 199.5 185.3 168.5 183.7 195 204.7 219.6 227.3 242.6 262.9 273.2 279.6 277.8 271.1 263.7 259.6 259.7 263.5 271 278.2 289.5 296.6 308.7 324.8 333.2 339.5 346.6 348.9 342.3 334.6
125.3 126 120.4 98.6 108.1 121.4 133.7 145.2 159.7 177 195.4 197.9 189.4 186.9 188.8 188.3 187.3 186.1 183.6 179.1 175.5 172 170.9 174.5 176.8 174.6 158.6 152.9 148.3 140.8 147.1 158.3 165.8 175.8 187.9 201.6 208.9 215.6 220.6 220 218.6 218.2 221 223.1 224.1 221 220.6 219.6 217.1 204.1 187.8 172.9 185.8 198.4 205.6 218.9 233.1 249.9 258.9 263.4 258.1 245.9 235.1 229.5 235.6 239.5 250.3 256.8 265.2 272.4 284.6 301 319.2 337.2 350.9 354 350.8 345.1
127.8 129.9 127.2 106.4 100.9 116.7 127.4 138.7 151.5 168.5 184.4 189.3 185.8 185.2 189 191.5 192.2 190.9 189 186.1 180.9 178.5 176.5 180 183 177.1 179.1 176.3 173.5 164.5 150.8 142 157.6 168.8 177.8 189.1 200.3 210.5 216.6 219.4 219.6 220.7 223.7 228.2 230.6 228.9 228.9 229.3 227.2 222.8 206.5 188.7 175.1 188.1 200.1 210.7 225.7 234.2 240.2 240.8 230.6 220.9 210.5 222.1 237.8 253.8 253.6 254.7 264.6 262.9 277.1 290.5 301.1 312.7 328.8 342.6 356.3 355.1
131.5 134.9 135.6 113.4 97.5 110.5 120.3 132.7 144.4 159.2 175.5 180.5 179.5 181.6 187.5 192.4 194.7 193.6 193.6 191.5 187.2 186 184.9 185.5 188.1 187.2 186.2 187.5 186.3 181.8 174.2 159 145.7 159.4 171 181.2 192.3 203.3 213.1 220.7 223.7 224.6 227.1 230.5 232.6 234.5 235.9 237.5 235.5 232.5 223.8 204.8 191.3 177.3 190.2 204.5 208.5 214.7 214.8 216.4 204.5 209 227.4 243.8 252.9 263.3 270.4 265.8 267 282 281.8 292.8 313.8 326.1 334.9 339 349.5 361.5
135.4 140 142 123.6 104.4 101.2 113.3 125.1 136.5 149.4 161.6 166.7 171.4 177.6 184.3 190.3 193.4 195.1 196.3 194.7 192.2 191.6 191 191.6 193 190.9 193.1 195.6 196.2 193 188.3 178.4 165.1 150.9 159.7 174.4 186.5 196.7 208.6 218 225.7 230.2 231.2 233.6 236.5 239 242.5 244.6 244.3 241.2 233.1 219.9 205.2 183.5 184 186 190.2 194.6 202.7 206.2 224.4 237.7 250.9 261.9 270.6 277.7 282.6 282.9 292.4 299.2 304.9 305.4 321.2 330.9 345.9 355.1 362.1 369.2
138 144 145 133.1 111.2 99.9 104.1 117.2 127.7 138.5 146.1 154.4 165.1 173.4 181.2 188.2 192.1 194.7 196.9 196.6 196.6 197.7 198.1 197.9 198.5 196.3 199.6 202 203.2 202.8 199.1 194.2 181.2 167 149.6 164.7 179.5 191.9 204.6 216 223.8 229.4 234.1 237.2 240 243.9 247.1 249.8 250.2 246.9 239.8 231.4 214.4 185.8 203.9 209.7 218.7 226.4 232.5 240.1 246.7 255.5 264.7 273.1 281.9 290.7 295.8 300.7 305.1 313.3 321.7 330.5 339.7 349.3 358.9 368.8 377.2 385.4
140.7 148 151 138.1 118.9 107.4 99.4 107.1 119.2 127.2 134.1 145.7 157.2 167.9 179.5 187.9 191.7 194 195.6 197.6 199.8 201.5 203.1 204.2 204.5 203 205.8 208 209.3 209.8 208.8 207.1 198.6 180.7 169.1 153.3 176.3 186 196.9 209.9 220.5 229.4 235.2 239.6 243.8 248 252.1 257 257.1 252.3 246.3 236.8 216.6 185.6 207.2 218 228.1 237.5 245.3 252.6 259.8 266.8 275 283.4 294.6 304.3 310.6 314.2 317.2 325.7 334.5 344.4 355.7 367.3 376.3 386.8 395.9 404.6
144.5 149.9 154.4 142.4 126.6 114.2 104.9 99.7 108.3 116.6 124.4 137.1 150.1 161.2 170.8 180.6 185.7 190.1 194.2 199.3 203.6 206.2 208.3 209.9 210.2 209.8 211.2 214.3 216.5 217.8 218.8 218.2 214.5 198.9 180.3 154.2 174.3 184.4 192.5 204.3 215.8 227.2 236.2 243.1 248.7 253.7 256 258.3 259.3 257.9 254 240 217.5 187.6 210.4 226 237.9 246.4 254.8 262.2 270.1 278 285 294.8 308.6 319.6 326.2 329.4 331.8 337.8 346.9 356.7 369.5 383.7 392.4 403.3 409.7 417.2
144.1 150.3 154 146.9 135 120.6 110.4 101.5 100.2 102.7 109.7 126.4 138.6 151.7 162.5 169.3 174.1 185.3 192.9 200.1 206.2 210.5 213.7 215.7 215.5 214.9 215.4 219 224.2 226.9 228.6 228.8 225.3 216.4 192.4 164.6 173.8 183.2 192.2 203 215.1 226.7 236.8 245.7 254.8 259.4 262 263.6 263 265 260.1 243.4 219.1 190.4 213.3 230.3 245.1 256.3 264.2 271.6 281.4 289.2 295.3 305.8 320.2 333.6 341.5 344.2 346.9 352.3 359.1 369.7 383.5 397.8 408 415.1 419.8 424.9
147.7 153.4 156.7 154.3 143.2 130.4 116.5 104.7 112.4 101.2 103.5 114.3 127.2 138 149.6 156.4 168.5 182 190.7 198.3 206.6 213.3 218.4 221.2 220.8 220 220.9 226.2 233.6 236.3 238.1 238.5 235.6 224.8 207 175.9 167.1 180.4 188.3 203.2 215.6 228.2 237.8 246.8 256.5 262.6 266.1 268.5 269.3 272.7 268 250.3 221.9 193.5 216.1 232.4 242.5 259 272.7 280.9 293.9 298.4 306.6 317.6 331.6 344.5 353.8 358.4 360.7 366 372.7 382.5 395.7 409.3 422.2 425.3 427.8 429
149.5 156.7 160.5 160.7 152.6 141.2 122.8 113.6 112.4 117.4 108.1 103.8 115.6 126.2 137.3 147.4 159.8 173.2 186.7 195.5 204.3 212.7 220.7 224.3 225.5 225.1 227 233.8 242.6 246.4 247.5 247.2 242.9 236.2 222.5 194.6 168.9 176.4 183.7 196.7 211.5 225.3 236.5 248 258.6 264.8 269.2 272.8 276.1 279.4 276 258.6 228.4 200.7 213.9 224.5 237 251.4 269 281.4 295.6 305.2 317.2 328.2 337.2 347.1 356 362.8 369.2 379.9 386 394.9 407.5 420.6 430 432.9 432.3 429.3
