public/OST50/SN89.asc
ncols 200
nrows 200
xllcorner 280000
yllcorner 290000
cellsize 50
[rows 140 to 174 of 200, columns 78 to 155 of 200]
437.9 440.7 444.2 446.4 453.6 452.1 448.7 445.2 443 440.6 436.7 435.4 433.8 429.8 423.7 422.3 408.7 389.9 379.5 371.2 365.1 385.8 413.7 409.2 396.4 390 386.6 407.3 413.3 416.4 416.2 413.4 409.4 408.1 405.5 404.2 403.2 402.5 399.6 389.5 385 395 407.7 419.3 428.5 432.1 431.7 429.7 430 428.3 423.9 419.4 414.1 411.7 408.1 404 399 398.5 398.7 401.2 400.5 401.8 401.8 398 401.7 406.1 402.1 398.3 393.6 386.6 378.9 370.1 357.9 347 347.8 341.1 336.1 335
451.2 456.8 462.2 464.4 465 462.6 460.5 454.1 449.6 446.7 443.7 443 439.4 435 434.4 429.3 422.8 413.9 397.5 379.4 366.6 376.7 389.9 401.2 395.5 385 378.2 400.2 408.5 415.3 418.1 415.9 414 412.2 410.5 411.1 411.7 410.4 404.9 397.2 389.1 406.5 418.4 427.3 428.4 430.5 430.6 428.8 427.8 427.1 421.4 416.3 412.4 410 406.9 402.3 395.7 389.6 391.2 392.9 392.2 394.4 398.3 394.7 401.8 404.5 399.7 394.9 388.8 382 373.4 359 352.2 341 340.2 335.8 333 331.8
455.9 464.1 470.4 474.5 474.2 471.7 467.9 463.4 459.4 455.2 452.3 449.7 445.4 445.1 439.9 437.9 432.8 429.8 412.4 392.1 372.6 361.5 366.9 378.2 378.2 378.2 367.4 379.7 395.7 407.5 415.3 418 419.3 415.7 415 416 415.7 414.5 407.7 399.5 381.3 403.3 421.2 427 430.9 427.6 427.5 426.1 423.7 422 417 413 409.4 409.1 406.9 403.7 400.1 394.4 371.4 380.2 379.6 388 388.3 395.5 402.1 399.6 395.2 390.1 384.3 375 367 356 344.6 337.1 330.4 330.9 329 328.3
465.2 470.8 476.8 481.3 482.2 479.8 476.8 473.6 469.8 464.6 461 457.1 453.1 450.3 448.3 447 444.7 441.8 437.3 416.5 394.6 376.7 364 359.5 359.5 359.6 362.7 359.5 378.9 388.9 403.2 417.5 420.5 419.4 418 418 418.2 414.5 408.6 401.3 380 393.4 416.3 425.8 428 424.5 421.6 421.1 417.9 416.9 412.2 408.3 407.8 407.7 406.4 403 398.1 391.7 375.5 366.2 365 372.8 385.1 399 399.8 395.1 389.9 384.9 379.5 370 359.4 348.1 339.3 333.2 327.3 326 325.9 325.1
472.9 477.5 482.6 486 487.8 486.4 484.5 480.4 474.7 469.9 465 461 457.7 455.8 455.4 453.7 452.7 451.4 448.6 443.1 428.1 405.4 388.8 381.1 373.8 368.5 366.1 360 354.2 361.7 379.9 404.7 416.7 421 418.6 417.4 416.8 415.9 412.1 404.2 388.1 383.7 406.2 420.8 423.9 419.4 418.4 418.1 413.8 412.5 408.3 406.3 405.9 405.5 404.5 398.8 395.7 389.9 384.3 376.4 353.6 363.6 385.7 399.1 393.2 387.9 383 378.3 371.4 361.9 350.4 341.5 332.2 327.3 323.6 322.6 323.5 322.3
481.4 484.6 489.4 493.2 494.1 490.8 487.6 482.1 476.2 470.2 465.6 462.9 461.7 461 460.2 459 458.4 457 455 452.4 447.7 438.6 423.2 411.7 398.3 388.3 379.3 372.8 369.7 361.2 355.4 376.7 395.3 415.9 419.1 416.9 414.2 413.6 412.7 405.1 394.3 376.2 396.8 411.9 417.5 415.7 416.9 415 412.8 407.9 405.9 406.3 403.9 403 399.8 396.4 393.5 388.4 381.7 374.4 350.4 360.6 380.8 388.3 384.8 379.5 375 369.2 361.9 351.7 341.9 333.7 326.6 319.7 318.3 319.5 320.2 319.3
490.2 491.8 496 497.5 495.3 490.7 486 480.5 474.5 468.5 464.3 464 464.2 464.6 463.4 462.7 461.6 460.3 457.3 454.6 449.9 444.3 436.8 427.6 418.8 409.5 398.3 389.9 383.6 367.9 366.9 351.8 371.2 398.9 416.1 413.8 411.5 406.6 403.9 399.7 396.5 376 389.1 403.7 408.7 415.2 413.6 413.3 411.8 404.3 403.8 403.6 403.4 399.8 397.2 395.3 389.7 384.8 377.1 370.7 351.1 354.7 376.8 374.4 372.2 369.1 364.5 359 349.8 340.8 332.8 326 319.8 316.5 312.3 314.8 315.8 316.2
496.1 498.9 496.9 495.6 491.9 487.5 482.6 477.3 470.2 464.5 461.7 462.9 465.6 465.7 464.8 463.5 462.3 460 457.8 455 449.9 444.2 435.3 427.9 422 415.8 407.8 400.9 395.3 390.1 384.2 368.4 351 369.2 393 409.6 405.9 403.6 406.1 406.8 400 388.6 379.4 392.6 404.2 412.4 410.2 408.5 400.8 401.7 399.3 398.8 399 394.9 392.6 390.4 382.6 374.1 368.2 363.8 356.5 348.5 365.7 364 360.5 357.4 353.5 347.1 338.4 332.3 324 314.4 313 310.9 305.2 311.2 309.2 314
499 496.7 494.9 490.8 486.2 479.9 473 465.9 458.1 457.7 459.7 462.1 464.9 464.9 462.2 460.6 460.2 458.4 456.2 453 446.5 440.7 429.6 423.5 417.6 413.7 408.9 404.7 402 399.1 394.4 386.9 371.9 351.8 365.5 389 401.4 400.6 402.7 403.2 398.3 391.3 369.4 380.2 397.9 407.4 402.8 398.2 393.2 394 390 393.3 390.2 386.7 384.5 380.5 371.5 363.9 358.8 355.9 348.1 345.3 354.4 352.7 350.4 345.3 341.9 335.7 328.6 322.2 311.8 304.3 304.1 302.9 301.4 302.7 303.3 310.4
490 487 483.4 479.2 474.7 468.7 461.1 454.9 451.9 449.8 455 457.5 459.5 459.1 457.5 455.7 455.4 455.8 453.2 448.2 437.7 433.4 425.4 416.9 411.9 411.8 409.4 406.8 403.6 402.4 401.4 396.9 389 370.6 348.1 361.4 397.9 400 398.5 396.9 396.5 389.8 373.2 367.6 389.6 396.8 393.7 388.9 386.6 387.6 382.3 381.3 380.1 374.3 370.3 367.4 358.9 350.1 348.8 345 334.8 340.2 344.6 341.9 338.3 334.1 327 320.7 312.7 307.4 300.2 299 298.1 298.8 298.5 298.7 300.1 305.7
481.2 477.2 473.1 469.6 466.3 461 451.8 445.2 443.7 440 448.7 451.5 452.1 452.5 452 451.1 451.9 451.4 447.8 442.9 433.3 425.9 418.6 412.6 408.4 408.5 408 405.3 403.7 403.2 403.3 400.5 393.4 386 363.1 349.5 377.4 399.2 396.9 396.8 397.9 390.8 382.1 357.8 372.9 384 381.2 378.9 376.6 379 372.3 371.1 369.5 363.7 359 351.2 343.7 338.3 334.5 335.7 318.5 333.4 331.6 327.6 323.2 318.4 312.7 306.6 303.6 302.2 299.1 302.7 299.3 296.5 297.9 296.4 293.5 293.6
474.4 471.2 468.8 465.2 459.8 453 442.6 438.4 436.7 435.3 443.5 447.2 447.5 448.5 447 444.8 447.6 448.2 443.3 437.3 428.2 416.9 411.2 407.6 403.3 401.9 404.2 402.9 402 402 401 396.1 393.4 387.2 369.5 349.4 362.2 384.7 392.6 400.8 399.1 390.8 382.5 371 355 370.7 366.3 369 366.1 369.2 366.1 362.1 359.6 357 347.5 336.3 327.3 326.8 327 322 313.7 313.3 314.3 314.3 309.7 308.6 304.1 303.3 306.7 305.5 309.3 308.2 306.2 297.8 294.9 294.2 296.5 296.3
471.1 468.3 464.2 458.8 452.5 440.9 433.8 431.8 429.4 431.8 439.2 442.4 442.1 444.9 443.2 441.6 443.8 446.1 442.3 434.2 426.3 417.2 409.6 405 400.1 399.6 399.4 399.3 398.7 398.3 396.6 391.2 390.5 388.7 379.2 359.7 345.7 358.6 371.9 394.8 393.5 387.5 379.5 370.7 361.9 353.8 352 354.3 354.4 356.9 354.2 348.9 350.1 345.9 337.4 330.2 323.1 316.5 311.7 315.7 311.1 318.4 315.8 309.8 310 309.8 315.4 316.6 316.5 316.3 315.8 312.6 308.3 306.8 297.4 297 296.9 296.8
466 462.6 458.1 453.9 445.2 435.6 425.2 423.4 424.7 428.7 433.2 436.1 438.4 438.7 438.2 440.7 443.9 445.7 442.7 435.9 427.3 417.9 409.4 404.8 399.3 395.1 390.4 393.8 392.6 391.3 390.5 383.9 386.6 383.7 378.9 372.9 362 352.8 353.3 380 384 379.2 373.2 370.5 363.2 352.5 331.4 336.1 341.4 338.7 335.6 333.8 335.3 332 325.6 319.2 315.7 312.2 314.7 324.7 329.4 340.4 347.5 341.7 335.5 331.8 330.8 324.2 320.9 320.8 321.2 316.7 309.2 307 306.2 303.7 304.4 304.2
458.3 455 450.6 442.4 438.6 433.7 427.8 423.7 419.2 419.3 425.6 431.1 428.5 437.7 442.5 444.2 446.4 447.1 441.2 433.7 423.9 418.5 411.6 405.9 399.4 397.7 393.8 388.9 383.9 382.7 381.9 377.3 379.5 377.9 374.4 369.9 371.5 367.1 352.4 364.4 372.3 367.6 364 357.3 348.9 340 335.5 329.9 323.5 320.6 318.1 316 314.9 317.9 315.6 314.7 314 323.8 329.9 339.1 351.1 358 358.5 355.7 346.3 343.9 342 336.6 332.1 326.7 324.4 319 308.6 306.3 305.6 305 304.4 303.9
446.1 443.2 440.8 435.8 434.3 431.5 425.9 419.1 411.5 413.3 419.2 425 431.8 438.3 444.1 447.9 449 449.2 444.4 439.2 432.4 425.7 419 411.9 405 400 391.9 393.6 391.2 388.9 384.4 380.3 379.4 370 369.8 365.5 372.1 365.8 353.9 348.8 340.3 345 335.6 329.4 334.8 337 333.7 330.9 334.6 328.9 335.3 339.1 334.5 330.3 321.1 322.5 330.3 338.6 346 351.3 362.6 365.8 365.5 363.8 361 357 355.2 352.5 348 339.3 332.2 323.3 310.2 305.5 304.8 304.2 303.9 303.3
443.4 440 431.3 426.6 422.6 425 421.6 414.6 407.2 411.3 419.8 427 431.6 436.9 446.1 450.8 451.5 451.5 447.7 441.8 435.5 429 422 414.5 406.8 396.1 400.7 399.2 395.2 389.1 386.1 385.5 382 381.8 384.3 384.3 385 373.9 383.4 369.6 373.5 370.5 374.8 375.5 372.7 368.1 365.5 363.3 364.6 368.7 366.8 363.4 361.3 359.4 354.5 352.8 349.4 351.5 357.9 362.4 367.9 372.4 373.4 372.9 372.5 370 367.8 364.4 357.9 351.7 341.5 328.2 312.1 305 304 303.5 302.9 302.4
445.7 442.5 437.9 433.3 429.4 422.2 418.2 415.4 405.1 407.1 416.6 420.4 429.9 439.1 448.3 453.2 452.6 453 449.1 442.9 435.4 428.9 423.6 414.3 402 409.5 407.1 403.5 397.6 391.5 392.5 390.9 395.3 393.9 397.6 402.4 397.7 405.4 402.8 404.5 406.1 399.5 402.3 403 396.4 391.3 386.3 390.5 387.2 387.1 380.4 381.7 378.6 377.5 371.5 366 360.5 363.2 366.5 372.2 376.5 379.6 382.7 383.9 383.3 381.1 377.6 373.2 366.4 357.7 342 327.5 310.7 304.3 303.6 302.7 302.1 301.5
449.4 443.2 437.9 433.8 429.8 425.5 421.7 414.7 410.9 404.2 414.4 424.7 432.9 440.7 448.1 453.6 453.3 453.1 449.2 443.1 435 428.3 415.5 415.4 418.3 415.8 411.9 406.1 393.7 398.8 402.1 403.8 410 411.9 417 421.5 425.6 430.4 429.6 432 431.7 420 428.5 425.1 419.4 418.3 417.7 413.2 406.3 397.8 393.1 392.8 388.8 385.5 380.3 373.3 367.1 372.9 379.2 382.5 386.1 390.5 394.6 394.5 392.9 389.1 384.8 379 371.2 361.5 341.1 326.2 310 304.3 303.3 302 301.4 300.8
449.8 442.7 437.9 433.7 429.6 425.7 422.2 419.5 403.2 406.6 419 425.6 432.4 440.5 445 451.3 452.3 451.5 447.9 442.7 434.1 430.4 426.9 427.6 424 421.4 416.9 409.4 403.3 410.5 412.4 416.8 423.4 425.7 433.1 439.8 446.6 449.6 452.3 453.7 452.7 451.3 448.3 445.2 444 440.5 434.5 427.9 417 415 409.8 405.3 399 393.3 384.9 376.7 379.3 387.2 390.6 394.6 398.4 403 404.3 403 400.3 395.7 390.1 382.5 373.4 361.3 337.1 323.7 308.1 305.4 304.2 302.3 300.9 300.2
448.7 443.2 438.9 435.6 432.2 428.6 423.8 416.9 400.6 406.7 419 424.2 427.5 434.9 440.5 445.2 445.3 447.8 445.2 441.8 441.2 434.3 435.4 431.5 428.6 425.1 419.5 410.1 415.5 419.7 425.1 429.6 435.8 441.2 449.1 458.1 462.9 466.7 469.3 469.1 467.5 463.9 459.9 457.7 453.8 448.1 442.5 436.7 431.1 424.2 419.7 411.7 404.1 395.4 385.2 390.5 394.9 399.3 402.5 406.9 410.7 412 411.6 409.1 405 399.7 392 382.7 372 352.4 327.4 316.8 309.5 306.7 304.7 302.7 301.1 300
450.5 446 442.6 438.7 435 431.1 426.3 419.3 403.2 399.3 412.5 417.4 419.6 423.2 430.1 434.6 435.2 444.5 446.7 447.6 443.7 440.4 438.3 435.1 431.6 427.6 416.8 418.4 425.1 428.8 434.1 440 446.7 453.9 462.9 470.1 474.7 478.4 478.5 478.2 475.3 471.7 467.6 462.9 457.9 453.6 448.7 442.5 438.4 431.1 424.3 415.8 409.4 401.5 400.3 401.9 406 410 413.3 416.4 417.7 418.1 416.1 411.7 406.3 399.2 389.6 377.2 361.6 342.9 326.1 316.3 311.4 308.3 305.4 302.6 300.4 299.2
451.9 447.8 445.4 441.2 437.3 433.1 428.4 421.3 411.4 395.7 404.3 406.5 410.5 412 415.9 421.2 426.6 444.4 448.7 448.2 446.3 442.9 441 437.5 434 429.8 423.1 428.9 432.1 436.5 440.6 448.4 456.2 465.7 473.9 479.7 483.4 484.5 483.8 482.5 478.5 475 470.8 465.1 460.4 456.2 451.8 447.5 440.6 431.7 423 417.8 413.4 410.2 410 412.5 417 419.8 419.9 421.7 422.3 422.3 417.2 412.2 405 394.9 382.6 364 346.8 336.9 325.4 316.8 313 308.2 304.5 301.6 299.4 300.3
448.4 445 444.4 439.8 436.8 432.4 427.9 421.5 413.1 404.9 392.9 399.5 403.4 404.6 408 413.5 428.1 445.1 450.1 448.7 447.5 443.8 441.9 439 435.7 431.6 431.2 434.6 437.9 442.1 448.4 455.6 464.2 474.6 481.4 486.3 488 487 484.6 481.5 478.6 474.2 468.7 464.6 460.5 458.2 451.7 446.4 438.6 428.8 422.9 420.9 419.1 416.1 415.8 422.7 424.2 425.5 425.8 426.6 424.7 422.5 417.3 411.9 402.2 389.2 366.8 352.5 340.8 329.2 328.1 321.4 312.2 307.8 304.3 301.1 299.2 301.1
442.4 441.8 438.5 435.8 433.7 430.4 424.8 417.9 411 405.1 399 390.8 394 398.1 403.4 416.5 431.6 442.9 449.6 448.8 447.4 443.9 440.7 438.1 436.1 434 434.5 438.7 442.6 448.5 453.8 461.7 471.1 480.2 485.8 488.6 487.7 486.5 483.7 481.1 476.8 472.6 467.1 463 460.5 454.6 449.1 442.4 435 428.4 423.9 421.6 420.5 420.4 424.5 428.1 428.5 429.6 428.4 428.5 426.7 423.2 418.3 410.7 400.7 382.8 366.5 356.1 352.2 345.5 336.4 321.2 309.6 305.5 303.1 300.3 299.1 299.7
437.9 435.1 430.7 422.4 418.8 419.4 417.7 398.5 401.6 396 393.5 392.5 389.1 389.4 403.5 418.6 429.7 437.3 444.9 445.9 445 443.2 441 438.1 435.3 434.9 434.9 440.7 445 450.1 457.3 465.9 475.2 485.6 487.3 487.5 486.7 485.4 482.6 479.8 474.9 469.8 464.3 459.5 457.2 451.8 442.7 438.7 429.3 425.6 421.3 420.1 420.3 425.3 428.5 430.9 431 430.4 430.3 429.4 428.6 424.6 418.8 411 401.9 393 383 373.2 362.7 349.2 333.7 316.5 306.3 302.4 300.8 299.2 298.1 301.1
436.3 430.3 429.3 433.9 431 425.6 417.8 406.4 407.8 405.4 401.7 393.7 390.9 384.9 401.1 414.8 422.7 428.8 433.8 437.8 439.6 438.9 437.3 435.7 430.9 427.9 426.6 431.6 437.6 447.6 459.6 467.8 478 484.5 486.5 486.1 485.6 483.8 480.3 476.4 471.6 465.5 459 453.3 448.7 443.8 437 428.4 423.6 420.2 418.8 419.3 423.9 427.8 430.8 431.1 431 430.5 431.6 430.4 429.2 425.6 419.2 410.9 404 396.1 384.7 375.6 362.9 345.4 329.2 311.2 304.4 300.5 298.5 297.2 299.2 301.2
428.8 428.6 434.4 436.1 432.6 427.2 415.9 404.2 403.4 402.3 399.8 392.4 390.6 381.9 392.4 406.9 412.2 417.5 421.9 424.6 427 427.6 426.9 421.8 411.6 406.3 407.4 414.5 426.8 439.9 455.7 465.8 478 482.8 485.5 484.3 483.7 481.2 477.8 472.1 467.8 460.9 451.7 444.7 440.4 433.7 427.4 418.9 415.4 413.7 415.9 419.6 426.2 429.8 430.9 430.7 430.6 431.5 432.4 430.3 428.9 424.1 417.9 410.9 404.5 395.2 383.9 372.6 356.8 336 325.3 309.4 302.2 299.1 296.7 296.1 299.1 301.6
432.7 433.7 437.9 440.7 437.6 433.8 424.2 407.3 399.6 398.8 395.7 391 388.2 384.7 383.2 393.8 398.9 407.4 408.3 412.1 412.9 412 405 396.7 393.9 403.6 413.3 421.9 429.3 438.5 455 467.6 477.1 480.2 482.8 481.9 479.8 477.6 473.7 468.2 463.3 454.8 443.5 430.4 428.7 422.5 416.5 409.2 406 404.9 414.8 419.1 424.2 427.6 427.9 430 429.8 432.3 432.4 429.9 427.6 422.4 416.2 408.7 402.8 391.5 379.5 366.7 350.8 330.7 316.3 306.4 301.1 298.1 296.6 295.8 298.6 300.9
436 442.2 445.2 445.1 442.5 438.7 427.4 412.3 398.8 394.5 392 388.2 385.8 384.2 380.7 381.4 387.5 394.3 399 399.1 399.6 398.3 390.3 389.5 397.2 411.1 420.5 428.3 437.8 448.7 461.7 471.7 477.3 478.3 478.9 477.8 476.6 473.9 468.9 463.6 458 450.8 442.8 433.4 420.7 414.7 407.1 399.8 399 405 409.5 414.4 417.4 420.3 423.9 426.4 429.4 431.3 429.1 427.4 425 419.1 411.6 405.2 398.2 385.7 373.4 359.7 343.4 325.7 311.7 304.3 299.6 297.5 295.8 295.8 297.2 300.3
447.4 449.9 449.5 448 445.6 438.5 430.1 414.7 399.4 393.8 393 394.8 393.7 391.3 387.7 385.6 379.3 384.3 385.6 387.1 386.7 385 383.1 390.2 402.1 415.8 425.1 433 442.7 454.7 465.9 473 473.1 475.1 474.1 472.8 471.4 467.4 463 457.9 452.5 446 441 434.3 423.3 410.6 401.9 398.7 396.9 396.4 399.6 404.7 407.9 412.4 420.2 423.9 427.5 427.9 424.8 423.1 420.7 412.8 405.2 397.8 390.6 379 365.3 349.5 331.9 317.2 307 301.6 298.8 297 295.5 294.9 296.8 300.2
458.2 456.9 454.3 449.7 444.8 436.2 427.1 417.6 404.6 396.6 396.3 397.6 397 394.5 390.4 395.8 395.2 379.4 371.1 375.5 377.5 379.8 386.5 392.6 407 418.3 427.8 436.5 446.4 458.7 467.2 471.4 467.8 468.1 466.6 466.6 464.7 461.6 455.1 452 447 441.8 437.3 429.5 418.1 407.2 399.8 397.9 396.2 394.1 392.5 396.7 400.1 407.4 415.3 419.5 423.6 422.3 420.9 415.5 411.9 403.5 395.7 388.9 380.1 367.8 353.3 336.4 322.1 312.8 304.7 300.2 297.7 296 295.1 294.4 296.5 298.9
468 466.9 464.3 458.6 453.4 441.6 433.1 417.5 405.1 397.7 395.5 395.5 395 393.3 388.8 391.9 391.5 383.5 375.7 363.3 364.9 377.3 380.6 389.7 408.9 420.3 427.1 438.1 449 457.4 465.2 466.4 463.4 460.9 460 460.2 457.8 454 450 446.7 440.8 436.6 431.9 422.7 412.2 403.8 399.4 396.7 395.8 395.9 396.6 388.4 391.5 399.7 407.2 414.8 416 416.3 414 409.2 401.7 393.1 385.4 376.5 365.8 354.4 339.5 325.4 315.8 308.2 302.6 299.4 297.7 296.2 295.3 293.7 295.2 296.6
476.4 474.3 470.6 465.8 461 450 438.7 423.5 410.7 399.6 394.1 392.1 391.4 389 386.2 384.4 382.5 379.9 375.8 368.2 363.1 368.6 371.2 384.6 403.1 409.5 423.3 436.6 448.9 455.5 461.3 460 455.5 452.7 452.1 451.5 450.7 447.2 443.3 441.2 437 432.3 426.5 417.4 408.7 404.3 402.2 402 403.2 404.1 403.3 400.4 383.8 393.1 399 405 406.8 410.1 405.4 399.7 391.3 385.3 378.3 364.9 355 342.2 329.3 316.4 309.7 305 301.4 299.4 298.3 297 295.5 294 292.7 295
480.3 478.5 476.4 468.7 464.5 454.4 444.9 428.9 412.5 400.1 392.6 389.1 385.8 384.8 382.2 377.7 376.6 373.5 367.3 365.8 364.7 358.4 358.7 371.5 382.9 400.9 418.3 432.1 447 454.7 454.5 451.1 446.1 442.7 441.7 442.7 442.4 440.2 438.8 437.6 433 431 425.2 417.3 410.2 407.2 408.4 407.7 409.3 408.9 406.5 403.4 394.2 381.6 388.8 391.6 400.2 402.4 398.7 392.1 383.4 377.9 370.1 356.9 345.3 332.1 318.5 312.2 308.6 303.4 301.3 299.6 298 296.8 295.7 294.2 291.8 294.2
