public/OST50/SN90.asc
ncols 200
nrows 200
xllcorner 290000
yllcorner 200000
cellsize 50
[rows 140 to 174 of 200, columns 0 to 77 of 200]
535.1 536.2 539.4 549.4 562.5 571.2 576.5 580.5 583.1 585.4 587.6 589.1 589.9 590.6 590.5 590.2 588.8 585.8 581.9 577.7 573.9 571.2 568 564.1 560.3 556.4 551.5 547.5 545.7 544.5 541.4 537 533.9 531 527.9 512.6 504.3 505.6 505.6 504.2 503.1 503.1 504 502.1 499.9 498.8 499.2 502.2 503.7 504.5 504 501.6 498.5 494.9 491.6 488.7 487.1 485.4 483 479 474.9 473.2 472.1 469.9 467.1 465.3 462.2 458.8 455.1 451.3 450.6 451.2 453.4 458.3 463.9 469.7 475.1 479.4
532.9 534.8 538.3 546.9 559.5 568.2 573.5 577.1 579.6 582 584.1 585.5 585.7 586 587.1 587.3 585.2 581.8 577.4 572.9 568.9 565.6 562.5 559 554.9 550.9 547.9 544.9 543.2 542.5 541.2 537.2 532.4 529.4 526.2 517.8 504.5 500.3 501.9 500.2 500.3 500.7 502.2 502.7 502.2 501.3 501.5 502.4 503.1 503.1 503 501.4 499.8 497.2 494 491.4 489 486.8 483.9 479.7 474.7 471 468.9 465.8 462.9 462.3 461 459.2 456.5 453.6 450.8 448.7 450.8 455.4 461.1 466.8 471.9 475.8
531.4 533.8 536.9 546.1 558.3 565.6 570.1 573.7 576 578.1 579.8 580.4 580.8 583.5 586.1 586.1 582.7 577.4 572.2 567.5 563.1 558.8 555.6 552.3 548.2 544.5 543.3 541.4 539.9 539.5 538.8 536.7 532.6 528.4 524.5 519.8 510.8 495.9 496 496.5 497.4 498.3 499.9 501.2 501.5 503 503.5 503.5 502.9 502.6 502.2 501 499.6 497.6 495.7 493.1 490.8 488.8 485.7 482 475.4 471.8 470.9 465.4 462.3 460.8 460.1 458.6 457.2 455.9 453.6 451.3 448 452.8 458.6 464 469.2 473
530.8 533.2 536.4 545.4 555.7 562 566.4 570.2 572.4 574.1 574.8 575.4 577.2 581.4 584.7 583.2 580.9 574.2 568 561.9 557.1 552.4 548.5 545.4 541.4 538.7 537.7 536.8 537.6 537.3 536.6 535 532.2 529.3 523.9 519.6 515.5 503.6 492.4 491.3 495 496 497.4 499 500 500.5 501.5 501.9 502 502.8 503.8 502.5 500.3 498.2 496.3 494.5 492.4 490.5 488.5 484.7 481.8 477.8 477.9 475.9 464.4 462.7 460.3 459.1 457.8 456.5 454.9 452.2 447.7 449.4 456.1 461.7 466 470.1
531.5 534 536.5 544 553.3 558.9 563.3 566.7 568.8 570.1 571.5 572.5 574.9 579.8 580 578.4 576.2 570.9 564 557.7 551.5 546.2 541 537.2 534.8 533.2 533 533 533.1 533.4 533.4 533.2 532 529.6 525.8 518.1 516.2 511.3 498.8 490.9 489.8 492.6 493.9 495.2 496.3 496.7 498.1 499 500.2 502.4 503.8 503.1 501.6 499.1 497.4 496 494.4 492.6 490.2 488.1 485.9 482.4 480.1 477 472.9 468.2 464.7 461.1 458.8 457.2 455.5 452.9 448.6 444.3 452.8 458.5 462.5 466.6
532.2 535.6 538.2 543.7 550.7 556.1 560.2 563.5 564.9 566.3 567.7 569.6 572.5 577.3 574.7 573.7 571.2 567.1 560.5 554 546.8 539 533.2 530.3 529.3 529.5 530.4 530.9 531.1 531.1 531.2 531 530.3 528.8 526 521.8 515.1 512.2 505.5 497.8 486.5 487 489.7 491.3 492.4 493 493.6 495.5 497.6 499.6 501.1 501.8 502.3 501.8 498.8 497.7 496.3 494.7 494 492.1 489.8 485.7 481.2 478.4 475.3 471.6 469 466.1 462.6 459 455.7 453.5 449.7 441.5 447.2 454.7 459.3 463.1
533 536.3 540.2 544.5 549.4 554.4 558.1 559.9 561 562.2 564 565.5 569.8 572 570.2 568.9 566.2 562.8 557.7 551.2 541.6 532.9 527.6 524.8 524.4 526.2 527.1 528.7 529 529.1 529.2 529.3 528.3 527.1 525.1 522.9 518 512.5 508.7 500.4 490.2 485 484.7 485.7 487.8 487.9 490.2 494.2 495.3 496.5 498.1 499.4 499.8 497.7 497.6 496.8 496.2 496.4 495.7 494.3 492.3 488.8 483.5 479.7 476.7 473.8 470.8 467.9 464 460.1 456.3 453.5 451.2 443 443.6 450.1 455.5 459.1
532.7 536.1 540.1 544.3 548.9 552.6 554.7 556 557.1 558.2 559.8 566.2 563.8 565.8 565.6 564.2 561 558.3 554.6 548.3 538 529 522.2 519.3 520.1 522.1 524.1 525.6 526.9 526.7 526.9 526.7 525.7 524.3 523.2 521.8 519.2 513.5 507.1 504.9 498.5 484.5 483.4 483.2 484.2 484.6 493.3 497.5 498.4 498.2 498.1 497.5 496 494.7 493.1 492.1 490.8 490.6 491.5 490.5 489.4 488 485.6 481.1 477.2 474.6 472.1 468.6 465.3 461.3 457.3 452.9 450.7 444.7 438.6 446.7 451.3 454.7
531.7 534.9 539.2 543.3 547.2 550 551.4 552.3 553.2 554.3 554.8 561.5 561.1 562 561.2 559.5 556.6 554 551.6 545.4 536.4 527.4 517 516.5 517.7 519.7 521.5 522.7 523.6 523.8 524 523.7 523.2 521.1 520 519.5 517 512.5 508.7 502.7 500.4 486.9 482.5 482.8 486.4 490.8 494.1 497.4 499.9 501.3 501.5 499.1 496.3 494.5 495.9 496 494.8 488.6 484.4 482.1 481.9 483 482.7 479.7 476.2 473.8 470.9 468.4 465.3 461.7 458.4 452.4 446.3 444.6 436.4 441.9 446.5 449.9
530 533.3 537 541.2 545.1 547 547.9 548.8 549.7 550.7 552.3 554.4 557.8 557.6 556.8 554.5 552.3 550.4 547.4 542.4 535.4 526.3 516.6 512.5 514.8 517.2 518.6 519.7 520.2 520.5 520.1 520 519.6 517.5 515.6 516 512.8 509.5 506.6 497.8 495 487.4 481.6 484.3 488.2 488.5 491.1 493.6 496.3 498.9 501.3 501.6 499.5 500.1 501.4 498.6 496.5 494.1 490.5 487.5 477.9 475.4 475.2 475 473.4 472.9 468.8 466.4 464.4 460.1 457.3 450.9 444.9 443.4 435.8 434.7 438.8 442.5
527.1 531.5 534.7 538.7 542.2 543.6 544.6 545.7 547 547.8 550.2 551.7 551.8 552.6 551.8 550.3 549.7 546.1 542.5 537.7 531.9 526.6 518.7 508.8 509.2 513.3 514.8 516 516.6 516.8 516.4 516.5 515.6 514 510.8 511.8 509.4 507.9 502.4 498.9 489 480.4 479 481.9 485 486.9 487.7 489.5 491.9 494.7 497.3 498.3 499.5 500.7 500 498 496.3 495 494 491.5 489.8 486.2 479.3 472.8 472.4 472.4 467.3 464.1 461.1 458.3 453.5 454.5 451.1 446.1 438.1 432.7 430.1 434.3
525.2 529.2 532.2 535.5 538.9 540.2 541.2 542.3 543.3 545.2 549 548.6 548.5 547.7 547.3 546.7 544.5 541.2 537.8 534.9 531 527.2 520.5 511 505 508.2 510.3 511.5 512.4 513 512.8 513.3 512.7 510.3 507.2 505.9 505.6 495.9 497.6 494.1 485.2 472.6 476.8 480.8 483.5 485.9 487.6 487.9 488.8 491 492.6 493.4 493.8 494.9 495 494.3 493.9 494.3 493.2 493 490.5 489 487.4 484.2 479.5 473.5 470.2 466.8 460.2 456.8 456.7 456.3 454.3 448.2 441.9 438.1 438.7 435
522.3 526.5 529.5 532.1 534.6 536.3 537.7 538.7 540.1 544.9 545.5 545.9 546 545.2 543.5 541.5 538.8 535.9 533.8 531.6 528.9 525.2 519.9 513.6 502.7 503 505.4 506.8 507.9 508.5 507.9 507.6 507.4 505.2 504.6 502.3 501.5 496.7 493.2 489.4 479.1 470 475.3 480 484.4 486.9 490.5 491.4 490.5 489.1 490.4 490.8 490.5 490.7 491.4 492.7 496.7 497.6 495.8 493.1 490.9 488.9 486.1 482 477.6 472.8 470.7 469.3 465.3 462.4 458.8 456.9 455.4 451.5 447 442.5 440.4 438.5
518.4 523.3 527 528.6 530.2 532.5 534.1 535.8 538.3 541.1 541.5 542.8 541.4 540.6 539.3 537.4 534.4 530.6 529 527.8 525.5 521.6 517 511.8 506.2 493.8 499.1 501.7 503.7 503.9 503 503.1 503 499 498.8 497 496.6 491.7 488.8 484.3 474 467.5 474.3 480.3 487.5 491.9 491.2 492 491.6 490.4 490.3 490.3 490.1 489.8 490.3 493.5 494.6 494.9 494.9 493.7 490.6 488.5 484.9 479.5 475.3 471.9 470.1 467.8 468.9 468.7 463.9 459.1 454.2 452.5 451 447.3 441.5 439.1
513.2 519.3 523.3 524.3 526.9 529.6 530.6 531.9 536.4 533.6 534.5 534.4 535.6 537 535.8 533.7 530.3 527.1 525.1 523.6 521.6 519 513.9 509.8 505.2 495.2 492.3 493.7 498.3 500.5 500.5 499.7 499 494.4 492.3 491.7 491 486.7 482.7 478.5 466.5 465 473 479.2 487.3 492.1 491.8 489.8 490.2 489.3 488.8 488.7 488.7 488.3 488.3 489.2 490.4 490.6 489.7 487.9 487.2 486.4 485.6 483 477.2 474.1 473.2 470.6 470.5 471.1 468.2 465.1 461.1 456.1 451.2 448.6 444.9 441.1
508.8 514.3 518.4 522.2 524.2 525.2 528.3 530 532.8 533.4 534.1 533.6 533.8 534.1 532.6 530.2 527 524.5 522.2 520.6 518 514.4 512.1 508.7 502.9 491.8 486.4 487.8 490.4 493.4 494 495 494.6 490.6 487.9 486.5 485.2 480.8 477.3 470 455.2 466.3 472.2 478.8 483.9 488.8 491.6 489.3 488.4 487.7 487 486.5 486.1 485.7 485.7 486.1 486.9 486.8 486.1 484.8 484.2 484.6 484.6 483.9 481.1 478.4 476.3 473.9 474.1 472 469 465.9 463.1 460.8 457.5 452.2 447.3 443.5
510.9 517 519.1 519.4 522.1 524.7 526.6 528.1 529.7 531.8 533.8 533.1 532 531.4 529.8 527 524.5 522.3 520 517.9 514.3 510.6 509.4 506 500.2 488.7 473.8 481.2 483.1 485.6 485.4 484.8 485.4 483.5 482.4 480.6 479.3 475 470.7 460.5 453.5 465.1 472.2 476.9 480.5 485.7 488.4 487.7 486.6 485.5 484.7 483.9 483.4 483 483.1 483.5 484.1 484.7 485.3 485.3 484.8 484.6 484.1 483 482.5 480 477.5 476.1 474.1 471 466.5 464.3 463.5 462.5 458.1 452.7 448 443.8
510.2 514.8 514.4 518.5 522.4 524.7 525.7 528.5 529.8 531.5 533.4 533 530 528.5 526.9 525.1 522.9 520.7 518.4 514.1 509.5 507.5 505.7 501.5 495.2 483.3 470.8 474 477.3 479 476.8 476.8 477.9 477 477.3 475.8 473.9 469.7 461.6 446.7 452 462.6 470.2 474.1 478.5 482 484 484.1 484 483.1 482.5 482 481 480.4 480.7 481.3 481.9 483 484.6 486.7 486.8 485.7 484.9 484.3 483.4 481.2 479.1 476.7 474.7 471.1 465.6 462.8 460.5 459.1 458.1 453.3 448.4 443.5
502 505.8 513.6 517.7 521.5 524.2 526.2 527.6 530.2 531.9 533.2 532.8 528.7 527 525.2 523.5 521.4 519.1 516.8 512.3 503.1 497 494.9 489.9 482.1 472.5 466.6 465.3 469.8 470.5 468.5 469.1 471.5 472.4 472.5 471 468.5 464.6 455.8 439.9 450.6 459.9 467.1 471.3 475.1 477.5 479.6 479.9 480 479.8 478.9 478.4 478.2 477.9 478.3 479.1 479.8 481.6 483.8 486.4 488.7 488.7 486.9 485.8 484.2 482 479.3 476.5 474.1 471.6 468.5 465.9 461.8 458.3 456.6 452.5 448 443.8
501.2 511.4 515.9 518.7 520.4 522.9 525.4 527.9 530.1 531.6 531.9 531.3 528.7 526.5 524.4 522.7 520.5 518.3 516 512.3 506.3 498.9 489.4 483.4 479 478.2 475.4 465.2 458.4 462.1 461.8 462.5 466.1 467.4 467.2 466.6 463.5 460.5 450.1 432 448.5 456.8 462.7 467.6 471.8 473.4 475.1 475.2 474.9 474.4 473.8 474.1 474.8 475.4 475.9 476.8 478.7 481.1 484.1 486.8 489.3 490.1 489.6 488.2 485.3 482.2 479.3 476.6 473.9 470.9 468.2 465.7 462.4 458.5 454.9 450.8 446.7 443.9
508.4 513.8 518 520.8 522.3 523.6 524.5 526.9 529 530.5 530.9 529.7 528 526 523.9 521.8 519.6 517.6 515.5 513.1 508.7 504.3 499.7 494.2 490.7 486.6 483.1 477.6 462.6 448.1 453.1 454.9 457 460.7 462.5 462.5 459.4 448.3 430.5 428.6 446.7 451.4 457.6 462.1 466.8 469.3 469.6 470 469 468.5 468.4 469.2 471.1 473.1 473.7 475.9 478.9 481.6 484.6 487.9 490.1 491.2 491.6 490.9 487.1 483.5 480 477 474.1 471 467.8 465.3 461.4 457.4 453.3 449.4 445.3 443.1
509.5 515.4 520.2 521.7 523.3 524.7 525.6 526.8 528.4 529.4 529.9 528.7 527 524.9 522.8 521 519 516.9 514.9 513 510 507.2 504.1 500.7 495.5 490 485.5 481 475.4 462.9 444.8 440.5 438.2 450 457.2 458.7 455.5 434.7 415.2 437.6 445.5 447.5 450.9 457.3 461.9 464.4 462.6 462.2 462.5 462.5 463.1 465.1 467.4 469.5 472.2 475.7 479 482.1 485 489.5 491.3 492.1 492.3 491.9 489.2 485.9 482.4 478.4 474.2 470.9 467.8 465 460.3 455.7 451.7 447.9 444.4 442.2
509.5 515.4 520.1 522.3 523.8 525.3 526.3 527.4 528.9 529.4 528.8 527.4 525.7 523.6 521.9 520.3 518 515.6 513.7 512.2 510 507.4 503.9 500.8 496.6 490.5 486.6 482.9 477.5 471.1 461.1 450.3 438.2 430.9 449.6 453.1 451.8 431.3 399.5 430.5 441.8 443.3 445.8 454.4 458 458.5 457.7 457.8 456.9 455.6 459.2 463 465.3 467.8 471.2 474.3 477.4 480.5 484.5 489.1 491.7 492.4 493 492.9 491.8 488.8 484.9 480.8 476.8 473 469.2 465.2 460.5 455.9 451.3 447.4 444.4 442.3
509.3 514.6 519.2 522 524 525.4 526.4 527.9 529.1 529.6 528 526.1 524.5 522.7 521.1 519.5 517.3 515 513 511.4 509.8 507.8 503.5 499.4 495.6 490.3 487 482.5 478.2 473.1 467.5 459 446.6 424.6 437.1 447.1 445.6 424.4 396 411.4 425.7 428.7 432.1 447.6 453.1 452.3 451.4 451.1 447.7 442.8 451.7 459.1 462.9 466.2 469.4 472.4 475.5 478.5 482.6 486.6 489.7 492.2 493.5 493.7 493.7 491.3 487.4 483.4 479.6 475.8 472 467.4 461.9 457.1 452.2 448.2 445.2 442.4
510.6 515.2 518.7 521.4 523.5 525.2 526.8 528.5 529.6 530.2 527.8 525.3 523.2 521.5 519.7 516.2 513.3 511.7 510.6 508.6 506.6 503.7 497.6 495.2 493.3 489.7 485.6 481.6 478.2 474.4 469.4 462.1 452.3 425.7 417.5 435.3 438 420.9 390.9 396.1 401.5 407.3 416 420.9 435 442.8 443.6 441 431.2 423.3 441.8 451 458.7 462.8 466.7 470.3 473.5 476.7 480.8 484.2 487.5 490.8 492.9 494.5 494.8 493.3 490 486.9 483.2 479.1 474.9 469 463.5 458.7 453.9 449.5 446.2 443.4
512.2 516.6 519.7 522.6 524.5 526.1 528.7 530.2 530.3 531.1 529.1 525.3 522.7 520.4 517.6 514 511.3 508.7 506.3 503.2 500.7 496 490.7 490.4 489.5 486.9 482.6 480.1 477.9 474.4 470 464.8 455.9 439.7 401.6 400.6 405.4 396.4 383 383.1 388.8 392.6 396.2 403.9 412 417.4 422.5 421.9 408.2 405.4 418.3 437 451.4 459.2 463.7 467.5 471.3 475 479.6 483.5 486.7 489.7 492.4 494.6 495.4 494.5 492.9 490.4 487.5 483.4 477.1 470.6 465.1 460.3 455.5 451 447.3 444.4
513.9 517.6 521 524.1 525.7 526.8 531.7 531.6 531.1 531.3 529.4 526.1 522 518.8 515.6 512.3 509.1 506.2 503.1 499.9 496.1 491.4 487.6 484.6 482.1 480.4 480.2 478.3 476.3 473.2 469.2 461.8 452.8 444.2 422 393.8 385.4 381.4 377.1 371.9 378 380.9 384.8 393 393.5 392.9 395.9 397.4 388.7 386.8 400.1 410.8 433 452.6 459.5 464.8 468.7 472.8 477.7 482.7 486 488.9 491.5 493.8 495.4 495.7 494.1 491.4 488.9 484.3 477.7 471.3 466.2 461.5 456.8 452.3 448.2 445.4
515 518.7 522 525 526.8 532.6 533.5 533 532.5 531.2 529.6 525.9 520.9 516.7 513.9 510.9 506.6 502.9 500 497.8 495.3 492.7 489 484 479.8 477.7 477.2 476.1 473.6 469.7 462.8 454.1 446.1 433.7 417.6 391.7 393.8 396.1 392.3 379.6 368.4 369.9 374 368.6 371.7 374.6 375.2 377 372.8 372.8 387.2 396.8 406.7 433.3 453.2 460.4 465.6 470.7 475.7 480.8 485.1 488.1 490.6 492.9 494.7 496.1 495.7 493.3 489.2 484.3 478.2 471.8 466.8 462.6 457.7 453.5 449.6 446.2
516.6 519.9 522.9 528.3 533.7 534.7 535.3 535.4 536.2 535.1 531.2 527.3 521.4 514.8 511.7 508.4 504.1 499.6 496.1 493.7 493.2 491.6 485.8 484.7 478.4 475.2 473.1 470.2 467 463.3 455.1 440.1 426.3 420.7 404.1 417.6 433.2 419 398.5 391.2 377.3 356.2 357.6 351.9 354.5 361.1 359.4 356.6 354.8 349.7 367.6 382.7 392.2 405.5 433 453.6 462 468.2 473.4 478.7 483.6 486.8 489.7 492 494.1 495.8 496.9 496.3 492.7 487.9 482.3 476.7 471 465.8 460.7 455.9 451.8 449
519 521.7 525.6 533.9 536.4 536.9 537.3 537.5 536.1 534.5 532.4 528.1 521.7 514.7 509.6 505.9 501.7 497.2 492.4 488.8 487.5 486.7 484.5 481.3 476.2 473.5 470.7 467.6 463.1 456.3 440.8 436.8 441.4 444.8 446.8 448.5 450.8 449.7 433.2 410.4 394.6 378.1 366.5 354.1 339.2 327.2 328.4 327.9 325.2 319 338.7 359 378.8 390.3 405.7 435.5 456.2 465.4 470.7 475.9 481.4 485.2 488.2 491.4 493.6 495.4 497.5 498.6 497.9 493.7 488.8 483.4 477.8 471.7 465.8 460.7 456.9 453.4
521.5 523.7 530 534.7 536.8 537.3 537.2 536.8 535.4 533.7 530.6 527.5 521.6 514.4 508.6 504.6 500.2 495.5 489.6 481.7 482 482.6 481.8 477.2 473.9 470.5 466.7 456.5 446.1 443.3 448.5 454 457 458.6 457.9 458 459.3 459.7 457.9 445.4 414.5 395.4 381.8 367.7 357.7 329.1 298.5 288.2 294.8 300.4 317.8 336.2 362.5 379.1 390.8 415.2 446.1 460.3 467.4 473 478.6 483.2 487 490.2 494 496.3 498 499.6 500.2 499.6 496.3 489.9 484.7 478.5 472.6 469 465.4 462.1
525.1 527.9 533.3 535.2 537.4 537.7 537.6 536.5 535.2 532.5 528.9 525.4 520.2 514.2 508.3 503.7 499.8 495.4 490 481.6 477.7 477.2 475.9 472.4 467.5 462.3 454.8 456.7 460.8 460.8 461.6 462.9 464.5 465.3 465.5 466 466.9 467.7 466.9 463.1 443.3 413.8 390.4 375.7 365.7 356.2 330.1 303.6 286.1 283.4 298.6 318.4 337.6 360 383 396.8 421.1 451.7 464.5 471.1 476.4 480.9 485.9 490.3 494.6 497 498.8 500.6 501.7 501.5 499.3 495.2 490.5 485.3 481.8 479 477.4 475.1
530.3 533.5 535.3 536.3 537 537.2 537.1 535.4 533 529.9 525.6 521.6 517.3 513.8 509.7 504.9 500.8 496.7 492.1 486.6 479.7 473.4 467.9 463.8 462.5 463 464.8 467.1 470.6 470.6 470.4 470.5 471.1 471.7 472.3 472.8 473.8 474.3 474.2 470.4 461.5 430.7 398.5 380.9 369.7 359.3 349.8 311.3 298.4 295.9 296.9 309.2 325.3 339 365.8 381.4 403.2 426.7 458.9 469.1 474.7 479.9 485.3 490.5 494.6 497.2 499.4 501.2 502.4 502.7 501.7 498.4 495.4 491.9 488.8 486.9 485.2 483.9
532.8 533.9 534.3 535.1 534.5 534.3 534.4 532.8 529.7 525.6 522.6 518.7 516.9 514.2 510.6 506.7 502.4 499 494.8 490.9 486.7 482.1 475 472.2 474.1 475.3 476 476.5 476.9 477 477.4 477.8 478.1 478.5 479 479 479 479.2 479.9 477.1 470 437.7 403.8 380.7 370.2 360.4 348.5 316.3 312.7 312.2 307.5 308.2 315.1 329.6 347 371.7 390.1 410.3 453.2 466.8 473.2 479.3 485.3 490.5 494.8 497.3 499.7 501.8 503 503.5 502 500.7 499.6 496.8 494.5 492.8 491.1 489.7
532.3 533.7 533.5 532.9 532.4 531.5 529.9 528.4 525.4 523 520.3 518.1 516.8 515.2 513.1 509.5 505.1 501.1 497.1 493.9 490.6 487.7 480.8 482.1 482.2 482 482.2 482.2 482.1 482.5 482.9 482.9 482.9 483.1 483.5 483 483 483.1 483.5 480.8 475.4 439.3 400.2 378.3 367.9 359.1 346.1 311.6 310.5 311.3 301.1 296.8 304 317.4 337.7 363 382.5 401.5 430 461.7 470.4 478.6 485.5 490.7 494.9 497.8 500 502.3 503.6 504.8 504.3 503.7 501.7 501.2 500 498.7 497 495.6
