public/OST50/SN90.asc
ncols 200
nrows 200
xllcorner 290000
yllcorner 200000
cellsize 50
[rows 105 to 139 of 200, columns 0 to 77 of 200]
297.1 297.4 294.5 284.5 281.5 278.6 286.5 295 298.7 301.7 307.3 295.4 265 273 288.1 302.6 313 315.9 311.8 310.7 303.9 297.6 292.3 289.4 285.8 280.3 284.4 283.1 280.2 275 269.9 265.1 261.7 260.4 260.4 261.2 262.3 263.5 265.4 266.5 268.2 267.6 264.5 260.6 256.2 254.8 256.8 259.8 263.1 266.4 270.8 275.1 279.4 284.2 289.6 294 300.1 303.3 307.5 311 311.3 314.3 321.8 334.6 342.7 343.1 340.9 336.2 331 324 320.9 320.4 307.1 308.9 304.9 298.4 291 281.4
300.3 298.1 291.6 288.2 292.6 299.5 298.5 301 304.6 308.4 311.1 280.9 279.4 284.7 298.3 314.6 323.5 327.7 327.3 325.2 321.6 315.7 309.5 304.2 298.8 295.3 288.8 287.2 290.5 284.7 279.7 272.9 269.9 269.7 270.4 270.9 271.5 271.9 272 272.8 272.7 270 266.2 261.3 257.4 256.4 259.1 261.6 264.4 267.3 271.9 277 282.2 287.1 292.4 297.3 303.5 307.6 312.1 316.1 321.2 327.5 339.6 352.9 360.4 358.9 356.5 350.9 346.4 340.8 333.8 330.5 320.7 317.9 317.7 311.6 303.9 299.8
311.7 309.5 309.8 303 306.2 309.6 308 308.1 311.7 315.1 312.7 297.6 296.1 297.6 311.1 327.4 337.7 342.8 342.4 339.2 335 329.5 324.9 317 309.7 304.2 301.6 296.8 289.7 294.1 287.7 280.2 281.5 282.3 282.8 283 283.1 281.6 280.7 280.4 277.9 274.2 271.2 266.5 261.5 260.4 261.3 263.4 265.8 268.9 273.7 279.5 285.1 290 295 299.5 306.9 313.4 317.3 319.6 327.5 341.1 356.6 373.8 380 378.9 375.9 368.4 362.8 358.6 354.6 348.1 335.7 335.1 328.7 327.7 322.7 316.6
327.2 322.3 318.2 317.1 313.3 316.2 316.5 316.5 320.1 319.9 307.7 311.5 311.9 310.5 327.1 340.8 353.8 356.9 356.2 353.3 348.9 342 334.1 326.9 319.2 313.7 310 306.9 301.4 290.7 283.6 287.5 291.6 292 293.7 295.6 295.6 294 291.8 290.2 286.7 281.8 278.3 273.2 268.1 264.5 263 265.3 267.3 270.4 275.6 281.7 287.9 293.7 298.3 303.7 309.9 313.6 319.6 324.8 336.5 351.5 371.5 385.9 388.6 388.1 386.2 385.2 381.5 376.1 371.5 365.7 359.6 356.6 349.6 338.1 338.3 337.4
345.1 332.5 326 321.9 318.7 321.7 323.6 326.4 327.7 327.7 315.3 325 324.5 323.1 341.4 356.8 368.2 372.8 372.4 370.8 363.6 352.8 342.2 333.8 325.8 320.5 315.2 312.6 309.3 300 290.3 297.2 302.4 301.7 302.7 304 304.9 304.4 302.7 301 296.7 292.3 286.9 281.5 276.1 270.8 267.6 266.7 269.2 272.3 277.2 284.5 290.6 296.7 301.9 305.3 310.2 314.6 321.1 329.8 344.2 360.9 379.4 388.5 391.1 390.8 390.4 390.7 391.2 391.9 389.3 387.5 384.5 379.4 372.6 364.2 357.1 355.6
363.5 349.3 340 332.1 325.1 329.9 335.5 345.4 345.7 333.6 325.8 337 336.6 335.7 350.8 368.4 380.9 385.6 386.8 387.3 376.3 362.5 349.3 339.4 331 324.8 319.6 317.2 314.8 308.1 296.5 303.4 309.1 309.6 311.7 313.7 313.7 312.6 311.6 309.7 306 300.8 294.6 288.3 282.7 277.5 272.7 269.8 271.1 275 280.3 287.2 293.3 299.7 304.5 307.9 313 317.2 322.8 335.4 349.9 366.4 382.2 390.3 394.3 396.3 396.8 399.3 402.1 404.8 404.9 406.7 404.3 401 395.3 389.4 382.4 373.2
379 365.3 351.4 342.5 337.5 343.2 351.6 362 360.4 345.7 337.8 349.3 347.8 346.6 359.6 375.9 389.5 391.1 394.2 397.6 385.6 370.3 355.9 344.2 335.8 329.7 324.1 321 318.6 315.2 308.3 308.3 313.5 315.6 318 320.2 320.8 321.2 319.9 317.3 313.4 308.3 301.5 295.2 288.7 282.9 277.5 274.1 273.7 277.6 283 290.6 297.1 302.7 306.4 313.2 317.6 319.9 327.4 339.6 354.5 371 384.7 392.2 398 402.9 406.7 410.5 415.9 419.5 421.9 421.4 419.5 417 411.7 404.3 400.8 392.8
399.6 387.1 371.4 356.9 353 365.4 373.5 377.3 377.7 353.9 359.3 360.3 359.5 358.4 370.2 382.6 392.9 396.2 399.7 403.6 394.3 377.7 362 348.6 340.4 333.6 327.9 324.5 321.4 317.7 312.9 310.8 316.4 319.7 322 323.6 325.7 327.3 327.4 324.7 322.6 317.2 308.3 301.9 295.3 288.8 283 277.2 276.7 280.2 286.9 294.2 300.6 303.1 308.3 314.6 318.4 322.2 330.3 343 357.5 375 388.1 393.6 404.1 411.5 416.7 421.8 428.7 433.4 436.3 439.5 437.7 433.7 428.4 423.6 419.6 417.9
417.3 403.5 389.3 376 370.6 383.1 388.1 390.5 390.2 366.3 376.7 374.1 372.6 370 376.2 385.6 396.2 401.2 408.4 411.3 400.8 387.5 367.7 352.4 344 337.1 332 328 323.3 319.6 316.3 312.5 316.6 320.8 323 325.7 328.2 330.3 332.6 332.4 331.7 326.6 318.6 309 301.9 295 288 282.6 279.7 283.7 291.7 301.4 301.5 304.1 309.2 314.2 318.7 323.6 332.1 345.2 360.8 379.3 390.8 398.2 409.6 418.8 424.9 430.9 436 448.4 461.1 467.6 465.3 456.8 446.9 442.3 440.8 438.1
421.3 408.2 398.2 387 384.2 394.8 397.7 399.9 401.9 378.4 386 386.2 385.9 382.6 382.3 389.8 397.7 404.6 417.3 418 406.9 395 376.5 357.9 348.4 341.3 336.1 331.2 326.2 321.9 318.8 316.3 316.7 319.7 322.7 325.8 329.7 333 336.4 338.5 339.7 336.1 328.6 318.1 308.2 301.2 294.1 286.9 280.4 286.5 297.6 302.5 302.2 304 309.7 313.9 319 324.5 333.6 348.2 364.1 382.2 392 404.2 415.9 425.3 432.7 438.8 451.6 472.7 485.4 486.1 487.1 484.7 475.1 467.4 458.1 455
425.5 410.1 401.3 394.3 396.7 402.6 406 409.6 409.8 390.4 401.2 405.6 401 398.5 397.1 398.3 403.4 409.7 421.6 421.8 413.2 401.9 382.5 364.1 352.9 346.3 340.8 335.2 330.3 325.5 321.7 317.1 317.7 318.7 322.9 326.6 330.8 335 338.9 343.9 344.4 343.5 337.9 328.3 318.4 308.2 300.7 293.2 285.9 288.7 297 301.9 302.5 306.8 310.7 315.9 320.7 326.2 335.4 352.1 366.3 383 393.8 408.5 420.6 431.1 441.1 456.1 476.1 484.2 486.2 487.1 487.8 486.8 486.4 486.1 483.4 479.6
436.5 414.9 406.9 404.5 406.1 410.4 415.1 418.6 418.8 404.5 415.3 417.8 413.9 411.9 414.1 415 415.7 420.4 427.6 428.6 419.5 406.1 389.9 370.1 359.3 352.4 345.9 339.6 334.4 328.9 323.8 321 320 320.5 324 327.5 331.7 336.4 342.1 347.2 351 350.8 346.1 337 327.8 317.6 307.1 299.1 292.7 289.4 293.6 301.9 305.1 308.8 312.5 317.7 322.3 327.9 336.7 354.7 369.5 385.9 396.6 411.5 424 439 458.7 474.6 484.8 486.7 487.5 488 489.2 488 488.1 488.1 487.8 487.9
445.7 428 418.5 416.6 418.4 420.8 422.9 424.4 424.6 422.6 414.1 429.6 429.4 429.9 431.2 433.5 434.7 432.7 437.4 436.6 429.9 412 395.1 378.9 367.9 359.2 352.4 345.3 339 332.6 326.6 322.9 321.5 321.9 325.1 328.6 332.9 338.8 344.7 350.7 356.5 358.4 354.1 346.1 337.1 326.5 316.3 305.3 299.3 296.3 293.6 299.1 305.3 309.9 314.3 319.3 324.4 329.6 338.8 357.6 375.1 390.6 402.1 416.8 428.7 450 478.1 485.1 487.6 489.2 490.7 490.7 490.7 490.8 491 491.2 490.8 490.6
457 440.4 433.1 431.7 431 433.5 435.6 433.9 433.1 430.7 421.4 427.4 434.3 437.5 440.9 445.8 447.3 443.9 446.6 444.8 438.5 425.2 406.4 392.3 379.7 368.8 361.8 354.3 346 338.4 332.7 329.4 328 327.2 324.4 329.5 334.2 339.8 345.7 352.5 359.6 363.2 361.5 356.6 347.1 336.8 326.1 313.9 307.4 301.4 297.3 298.5 304.3 308.2 314 319.7 324 330.1 342.2 360.5 380.8 395 410.6 423.1 438.8 461.5 483.8 488.2 489.4 491.3 493 494 495.5 496.6 495.7 495.1 495.7 495.2
470.8 456.1 446.1 443.9 442 443.1 441.7 441.2 438.3 435.6 433.3 426.5 437.7 442 446.9 453.5 456.4 456 459.4 458.1 449.2 438.6 424.4 410.7 399 389.6 379.4 369 354.9 344.2 338.3 333.9 332.8 331.6 330.8 331 335.7 340.9 347 353.8 361 367.1 369.3 365.3 358.9 347 334.5 322.1 316.8 312.4 306.3 304.5 308.6 312.6 316.6 319.1 325.3 331.7 345.5 363.4 387.2 402.2 417.9 436.6 459.2 481.3 488.5 490.4 491.5 492.5 494.8 497.2 499.9 500.3 499.7 499.4 499.8 499.7
492 474 463 458.2 454.1 449.3 447.5 444.9 443 440.7 439.1 436.1 435.9 444.4 449.4 454.7 460.6 462.8 470 476.6 467.5 452.7 442.3 433.9 425.9 417.8 406.5 389.6 368.6 351.2 343.1 338.4 339.6 341.1 340.9 340.1 341.2 343.2 348.1 354.9 362.1 370 372.7 370.2 366.2 354 342.7 331.8 326.5 321 315.1 309.3 313.4 317.6 321.3 323.6 327.5 333.3 347.2 363.7 388.7 411.6 430.6 455.2 480.5 488.4 490 491.1 492.2 494.4 497.3 499.6 500.6 500.8 500.5 501.3 502.3 504.5
512.6 494.5 478.7 465.4 457.8 453.9 452.3 450.8 449 446.7 444.6 441.6 437.9 447.5 452.4 455.8 459.6 468.4 478.4 495.5 493.7 474.7 461.5 455.9 451.2 445.5 433.6 407 379.5 359.1 348.5 344.3 347 346.2 347.2 344.5 344.3 347.3 350.1 355.8 363.1 371 375.8 374.3 371.4 361 348.5 338.6 332.9 327.4 320 312.8 318.5 322.4 325.8 328.9 332.1 336.4 346.6 364.2 387.8 414.6 441.8 475.3 487.6 489.3 489.4 490.1 490.7 493.4 496.9 499.8 500 500.4 501.2 502 504.4 507.2
526.3 515 498 476.8 459.4 454.4 453 453.1 452.6 451.5 449.6 447.8 445.7 447.3 452.8 456.9 462.6 475.9 492.8 508.6 513.9 503.1 490 484.5 479.6 469.7 445.4 413.7 385 367.1 352.3 348.2 354.8 351.8 350.8 344.9 349.1 350.8 353.1 357.2 364 371.7 379.4 378.8 376.1 367.4 354.1 344.3 338.4 332.6 324.7 319 323.4 327.2 330.3 333.1 337.5 341.6 347.2 363.3 387.7 414.9 445.5 479.8 487.4 487.5 487.5 487.8 489.5 491.2 494.6 497.6 498.8 499.6 500.8 502 504.4 506.8
544.8 535.4 523.4 500.3 470.1 456.4 451.2 450.7 451.1 447.3 447.3 447.3 449.9 452.3 454.9 458.7 468.2 486.4 504.8 523 538 536.9 523.2 518.4 514.3 486.2 451.6 418 391.9 371.2 356.5 354 358.6 353 351 348.9 353.6 355.3 356.7 359.8 366.4 373.9 381.4 384 380.6 368.9 355.7 348.6 343.2 337.3 328.5 325 329.1 333.4 336.7 340.6 344.9 350.1 354.7 363.2 386.1 412.4 441 475.2 484.2 484.6 484.3 484.8 486.5 488.7 491.7 495.3 497.4 498.9 500.3 501.7 504.2 505.5
557.1 554.1 544.7 520.6 491.6 464.4 450.9 448.2 447.3 447.3 447.3 447.3 447.3 452 459 462.6 471.6 497 516.9 543.5 554.3 555.5 555.1 554 536.6 493.2 454.2 429.2 397.2 372.5 361.3 360.4 360.3 355.2 351.9 354.5 358.5 359.4 360.6 362.7 368.6 375.7 382.9 387.1 384 370.8 359.4 352.5 347 340.3 329.7 331.8 336.7 341.3 345.1 348.8 354.2 359.5 363 370.1 386.5 408.1 429.3 467.9 480.5 481.5 481.6 482.4 483.5 485.5 489.7 493.6 495.8 497.2 499.1 500.6 502.6 503.5
559.7 558.4 557 540.9 512.7 483.1 463 450.2 447.3 447.3 447.3 447.3 447.3 447.3 462.8 469.6 481.9 503.8 535.7 555.2 557.4 558 558.1 557.9 549.7 495.5 458.3 433.7 401.8 375.9 366.3 365.5 362.9 355.2 356.9 361.3 362.3 363.2 364.5 366.2 370.6 377.3 383.7 388.3 386 374.2 363.2 356.4 350.2 344.5 335.5 339.3 344.7 349.1 352 356 361.6 367.4 377.6 387 392.6 407 422.9 459.6 476.3 478.2 478.9 479.7 481.3 484 487.2 490.2 492.8 495 495.6 496.9 499.3 501.5
562.1 561.7 560.1 559.8 527.6 510.7 490.4 460.4 450 449.1 449.9 448 448.7 451.8 463.2 480 494.8 521.1 547.4 556.8 558.5 559.2 558.8 557.6 554 504.9 463.8 435.1 407.8 383.4 367.4 367.5 367.8 365.4 365.7 365.6 365.8 365.9 367.6 369.7 372.8 378 383.5 388 387.6 377.8 367.1 360.3 354.2 347.9 338.3 345.6 352.4 357 361 364.7 372.7 384.5 396.7 405 411.6 417.4 427.8 451.5 472 474.6 475.9 477.8 479.1 481.7 485 488.8 491.2 491.5 491.4 492.4 496 500.4
562.9 563 563 563.1 553.6 527 515.2 493.9 467 459.6 456.3 456.6 457.1 457.6 474.8 497.2 519.2 549.4 555 557.8 559.1 559.8 559.7 558.1 552.3 514 471.3 444.6 422 397 373.1 367.4 367.4 367.4 367.4 368.9 367.7 367.8 369.5 371.3 374.5 378.2 382.9 387.3 388.7 379.4 370.6 364.5 357.2 349.5 347.1 353.4 359 365.6 372.8 379.1 393.1 405.6 416.9 426.6 434.7 451.8 466.5 465.9 468.7 472.7 474.7 476.4 477.5 479.6 482.7 485.8 487.5 488.5 488.7 489.7 493.6 499.8
564 564.8 566.2 567.2 568.5 557.4 536.9 524 512.1 489.3 478.1 472.1 473.3 481.6 505.1 546.5 553.5 554.5 559.4 560.2 561.1 561.7 561.5 559.9 558 534.9 478.4 448.4 426.5 407.1 378.3 367.4 367.4 367.4 367.4 367.4 367.4 367.4 370.4 372.8 375.2 377.5 382.3 386.7 388.6 381 374.7 367.8 360 351.6 355.6 360.4 366.3 374.3 382.1 395.2 409.9 426.3 444.6 459 464.1 469.8 472.6 470.5 470.6 472.9 474.8 475.5 475.8 477.6 480.1 482.4 483.5 483.8 485.4 487.5 492.1 496.9
564.7 566.6 569.2 570.4 571.4 573.5 574.2 551 539.2 524.8 514 499.6 496.6 510.9 537.7 562.5 564.4 561.5 563.8 565.8 563.7 563.5 563.1 562.1 560.8 553 498.7 458.1 435.3 412.4 390.3 367.4 367.4 367.4 367.4 367.4 367.4 367.4 369.3 372.1 374.8 377.8 381.7 386.2 389.3 386.3 379.4 372 365.1 360.5 363.5 368.3 373.9 383.1 394.9 407.9 427.3 452.6 469.6 481.2 477.3 475.5 474.3 472.7 472.7 474.1 475.8 475.1 474.9 475.6 477 478.5 478.8 479.8 481.9 486.2 491.5 496.1
564.3 567.2 570.6 573.4 575.3 577 578 577.4 574 557.5 552.8 534.6 535.2 543.4 560.7 567.1 567.9 567.2 568.4 569.8 567.4 565.4 564.7 562.8 558.4 554.9 515 471.9 445 419.7 397.6 379.1 367.4 367.4 367.4 367.4 367.4 367.4 369.2 372.5 374.8 377.6 381.3 386 389.9 389.4 384.4 377.8 371.2 370.8 373.2 377 382.6 391.2 401.8 417.1 445.1 473.7 485.3 485 480.7 478.3 475.8 475.3 476.1 476.4 476.1 474.6 473.9 473.1 473.9 475 475 476.8 480.5 485.3 491 495.3
562.8 567.3 570.8 574.8 577.3 578.9 580.6 582.2 582.6 579.2 577.8 571.9 565.7 562.1 566.1 567.7 569.9 570.3 571.3 571.8 570.9 568 566.1 564.1 561.9 559.6 541.2 494.6 457.3 433 408.9 386.8 372.8 367.4 367.4 367.4 367.4 367.4 369.3 374.6 376.2 378.2 381.1 385.8 389.5 391 388.3 383.2 379.3 379.7 382.6 384.8 392.8 400.5 409 431.5 461.8 479.6 488.9 487.8 483.8 480.4 477.5 478.6 480.6 480 477.2 474.2 472.5 471.5 471.2 471.8 472.5 474.3 478.2 484.3 490.5 494.3
559.6 565.8 571.5 575.8 579 581 582.8 584.4 585.6 583.9 581.8 580.3 574.7 570.4 569.6 570.1 572.4 572.9 573.4 574.1 573.1 571 568.8 566.2 562.9 559.5 550.4 521.7 488.4 455.5 428.3 403.8 386 370.2 367.4 367.4 367.4 367.4 369 374.7 377.9 380 382.1 385.9 390.4 392.6 393.1 390.7 386.1 386.8 389.5 394.7 403 409.1 419.4 442.2 466.8 482.3 493.8 491.3 486.7 483.6 479.9 481.5 481.9 480.5 477.8 474.4 471 470.1 469 469.3 470 472.6 475.8 483.4 489 493.1
557.1 563.8 571.1 576.9 580.4 582.7 584.7 586.6 588 588.1 586.8 586 586.2 587 587.2 589.3 582.3 579.4 578.2 578.8 576.5 576.4 578.5 575.3 565.4 560.8 557.8 548.6 519.9 481.3 453.1 424.5 403.2 383.9 367.4 367.4 367.4 367.4 367.4 374.8 380 382.8 384.7 387.4 392.2 396.8 401.8 397.7 395.2 396.2 398.9 405.5 416 423.3 436.7 452.8 472.9 482.5 494.5 493.8 488.9 484.9 483.4 482.5 480.9 479.9 477.6 473.8 470.4 468.3 466.5 466.5 468.2 471.5 475.5 482 487.3 490.7
553.4 559.3 568.3 576.5 581.4 583.9 585.7 587.6 589.8 590.9 591.4 591.7 592.1 593 594.1 594.5 593 591.2 589.2 588 584.6 580.5 579.6 576.7 570.3 562.4 559.2 553.3 539.3 517.6 474.9 457 433.7 410.4 391.6 377.1 367.4 367.4 370.8 377.7 383.7 387.8 388.8 391.5 395.7 402.4 403.7 404.1 405.5 407.2 412.1 419.9 429.5 441.5 456.6 469.4 476.5 484.6 492.6 492 486 485.4 482.9 480.5 479.1 477.7 475.6 472 468.8 466.4 464.1 463 465.8 470.2 475 481 486.3 490.3
550.7 553.8 562.4 572.3 580.1 584.2 586.5 588.5 590.4 592.5 594.2 595.7 596.9 597.5 597.1 596 594.8 592.9 591.6 587.5 583.2 582.1 578.9 577 572.1 569.5 564.2 558.7 549.6 538.2 519.1 506.5 471.8 443.7 420.3 403.4 390.8 381.1 380.2 385 391 394.8 396.1 397.3 401.5 405.2 411.9 413.7 417 422.4 426.7 435.3 444.9 460.2 475.4 478 479.4 487.5 489.7 486.3 486.1 484.4 481.9 478.9 476.6 475.3 472.6 469.7 467.2 465.2 462.3 460.3 464.3 468.7 474.1 480.1 485.1 489
547.9 548.5 553.8 566.2 576.3 582.9 586.1 588.4 590.8 592.9 595.3 597.1 598.2 598.3 597.6 596.3 595.2 594 592.4 589.2 583.9 579.2 577 574.7 571.7 567.7 563.3 559.2 555.2 553 544.2 533 522.7 486 454.9 438.1 424.4 411.9 404.5 400.5 401.4 404.5 406.4 408.5 411 415.3 419.8 425 431.7 439.7 445.4 455.7 463.8 474.1 480 481.6 482.9 486.2 486.1 486.4 483.9 482.4 480.5 477.4 474.4 472.7 469.5 466.4 464.5 462.4 460.1 458.5 462.8 468 473.5 478.7 483.7 487.8
543.5 544.6 547.5 559.8 572.3 580.3 585.2 587.7 590 592.6 594.9 596.9 597.7 598.1 597.5 596 594.7 593.5 590.8 588.3 585.4 581 576.3 571.6 569.2 566.1 562.2 557.7 553.1 549.8 546 543.4 539.1 524.1 509.9 492 469.5 450.6 438.2 431.4 428.4 427.1 427.4 431.7 431.2 434.4 441.1 451.4 457.4 465.2 472.2 477.1 481.6 484.1 484.3 485.3 484.4 484.5 484.8 484.8 482.5 480.8 478.9 476.1 472.9 470 466.4 463 460.9 456.7 457.1 456.8 461.1 466.1 471.5 476.8 482.1 486.5
540.2 541.5 545 556.7 569.1 577.2 583.1 586.7 588.9 591.4 593.5 595 595.8 596 595.8 595.1 593.6 592 588.7 585.7 583.2 579.7 575.5 570.6 565.8 561.9 558.4 554.5 551.4 548.1 543.7 541 538.3 534.9 518.2 512.6 510.2 502.1 489.6 479.8 467.9 470.9 476.8 470.9 470 467.2 475.6 487 494.1 499.3 498.3 494.3 492.5 490.8 489.3 487.3 485.4 484.8 484.3 483 481.2 479.2 477.2 474.7 471.5 468 463.8 459.1 457.2 455.8 454.9 454.8 458.5 464 469.3 474.6 479.8 484.6
537.6 538.8 542.4 553.4 566.5 573.6 579.6 583.6 586.4 588.7 591 592.5 593.7 593.9 594 592.8 592 589.4 585 582.2 579.4 576.1 572.2 568.3 563.5 559.2 554.3 550.4 548.4 546.5 542.3 538.6 535.8 532.6 525.4 508.9 508.9 509.7 506 503 500.1 501.2 500.9 498.4 496.1 493 496 500.5 503.3 504 502.4 499.4 495.6 492.8 489.9 487.9 486.4 484.9 483.1 480.7 478.6 476.7 475 472.7 469.6 467.1 462.4 457.6 454.9 452.9 452.5 452.9 456 461.2 466.8 472.3 477.5 482.1
