public/OST50/SN91.asc
ncols 200
nrows 200
xllcorner 290000
yllcorner 210000
cellsize 50
[rows 105 to 139 of 200, columns 0 to 77 of 200]
390.6 392.8 387.4 380.9 386.5 387.2 385.8 380 377.3 372.4 367.4 362.4 360.6 358 358.4 355.7 352.5 345.9 340.9 334.3 330.6 325.9 314 322.7 332.2 341.3 353.4 369.5 384 389 393.4 397.9 398.2 392 389.7 394.8 398.4 395.5 389.5 381.1 376.8 380.4 381.6 380.3 375.4 370.7 367.9 366 365.4 364.4 361.1 356.7 352.2 348.2 344.4 341.1 336.7 332 330.7 328.1 326.6 321.5 315.7 307.3 301 291.3 282.6 277.1 274.5 286.3 294.2 299 297.2 293.5 290.3 287.3 288.6 285.6
387.5 387.2 384.9 378.6 382.9 383.6 383.6 376.3 374.1 370.5 365.8 362.1 359.7 359.2 360.5 357 352.9 348.9 341.2 335.6 332.3 325.4 313.7 321.5 330.8 342.3 354.6 372.5 388.1 389.8 395.7 399.5 397.8 391.6 387 390.4 391.7 391.7 389.4 383.2 381.1 381.8 383.4 384.6 378.5 374.1 369.6 366.4 365.1 364.4 362.5 356.8 350.7 346.9 343 339.6 335.9 330.1 326.7 326.3 324.3 318.9 314.2 306.4 297.6 288 280.7 277.8 270.9 284.6 289.9 295.1 292.8 288 281.7 277.7 278.1 275
383.1 382.8 380.8 376.7 377.5 379.5 378.4 374 371.7 368.4 365.4 362.4 360.9 360.5 362.4 360.2 354.3 350.6 346.1 336.5 331.5 324.2 311.9 319.8 329.6 340.7 355.1 378.3 387.7 388.5 395.4 395.9 395.4 389.1 384.2 384.6 385.1 387.1 388.5 386.8 382.6 383.8 391.3 394.1 381.1 376.7 371.5 366.7 364.9 364.6 362.9 358.2 351.1 345.2 341.5 337.8 334.9 329.1 322.7 321.6 320.7 316.6 310.9 304.3 294.6 285.2 279.9 275.3 272.4 280.8 286.3 289.2 287 281.6 276.2 274.7 273 267.8
381.2 378.3 378.4 374.6 375.2 376.1 374.6 372.8 371.7 370.1 368.4 364.5 362.4 363.1 363.7 361.8 357.3 352.7 347 338.9 326.6 318.7 310.9 318.9 328.4 339.4 354.7 374.5 383.8 385.4 393.2 391.3 390.5 386.6 381.1 379 379.8 384 392.3 389.5 383.6 390.5 396 394.5 383.1 376.7 370.3 366 363.7 362.6 362.2 358.2 350.5 343 339.8 336.3 333.1 327.8 322.9 317.5 315.6 313.4 306.3 300.5 291.9 282.6 278.4 272.3 271.3 275.7 281.5 283.8 280.1 275.8 269.2 266.5 264.5 267.1
377.8 374.7 376.1 372.9 373 372.7 374 374.2 373.9 374.1 370 366.2 363.6 362.8 364.2 362.9 359.5 353.6 346.4 339.6 327.4 317.3 313 318.2 327.2 338.3 355 370.7 378.9 382.9 389.5 387.5 386.2 386.2 378.1 374.1 375.4 385.5 398.1 389.8 381.8 392.5 392.2 390.5 383.1 375.3 369.3 365.6 362.9 360.7 359.8 358.4 350.8 341.8 338 334.4 330.3 326.9 322 315.1 310.8 308.2 302.8 295.8 288.3 280.4 276.4 271.9 266.5 271.2 276.3 279.2 274.8 267.7 264.8 264.9 266.2 266.3
374.6 372 371.9 372.4 371.9 372.3 374.7 374.2 373.4 374.7 372.1 366.9 362 361 362.6 362.2 359.6 352.9 345.8 338.4 328.9 315 313.2 317.8 326.6 336.5 354.8 366.6 376.1 384.2 384.8 382 385.6 384.7 376.1 369.1 369.5 385.6 396.6 387.5 380.9 388.7 387.9 387 383.5 374.6 368.3 365.1 362 358.5 357.5 356.9 351.9 339.4 335.4 331 326.6 323.9 320.9 312.6 306.2 302 297.8 291.7 284.8 279.3 275.2 272 267 264.6 265.8 275.7 270 263.3 263.7 264.2 265.9 278
374.5 372.7 371.6 371.9 370.6 373.3 375.7 375.7 374.5 374.8 372.2 366.6 360.7 358.5 359.3 360.9 359.1 353 345.2 339.4 330.7 311.9 313 317.5 324.4 336.4 353.5 363.1 379.3 382.4 381 377.5 384.9 383.6 374 364.4 362.6 376.6 387.9 382.6 377.9 383.5 383.4 384.1 384.7 374.3 368.6 364.6 361.1 355.3 355.2 354.8 349.8 341.6 333 328 323.6 321.5 318 310.9 303.2 297 292.4 287.6 281.7 277.5 273.8 269.9 266.2 263.4 262.1 263.6 262.2 262.6 263.8 266.2 274.1 281
376.5 372.9 372.7 371.8 372 372.9 374.7 374.7 374 373.6 370 364.7 358.7 355.8 356.4 357.4 358.5 353.2 346.5 340.7 331.2 311.4 312.3 315.4 321.8 336.4 351.9 360.4 374.6 379.2 375.5 371.2 380 379.1 372.7 362.3 358 365.2 382.6 376.3 375.1 378.7 379 382.3 384.8 375.2 368.3 363.9 359.7 353.8 353 353.2 349.6 340.6 331.6 326 321.3 319.3 314.6 309.5 300.2 293.6 288.3 283.5 278.9 275.3 272.3 270.1 267.9 265.7 262.8 259.6 256.9 264.2 265.1 269.7 278.7 287.9
380.6 379.2 374.9 373 372.8 371.4 370.9 371.4 372.4 370.9 365.9 360.5 356.8 353.5 353.8 355.4 358.7 352.9 347.5 341.6 333.6 317.5 308.8 313 319.3 335.9 347.9 356.4 370.1 377.5 372.5 367.1 376.4 375.6 370.1 360.5 356.3 357.8 373.9 369.4 373.6 374.2 375.7 382 383.8 377.6 369.1 363.1 358.2 352.3 351 351.4 348.5 339.2 329.6 323.2 316.4 317.8 311.7 305.6 296.9 289.9 285.3 280.4 275.8 272.1 270.3 269.8 268.4 266 262.4 260.6 255.6 264 264.8 274.6 285.8 294.4
381.8 379.5 375 372.9 374.9 376.6 372.3 370 370.1 365.8 361 356.3 352.9 351.2 350.4 353.8 358.3 353 348 342.1 337.1 327.7 305.6 308.7 313.9 334.5 343.9 355.5 366.4 370.8 365.8 365.8 373.3 373.8 370.6 362.5 354.5 355.7 366.7 365 370.1 370.3 373.5 380.9 383.1 382.1 372.7 364 355.7 350.9 348.2 347.6 344.5 336.7 328.5 321.6 311.3 314 308.6 302.2 295.8 287.8 283.7 277.5 272.7 269.5 268.6 267.8 267.3 265.7 261.2 259.8 257.5 263.7 271.9 282.2 291.5 298.7
382.2 376.9 373.1 371.5 372.2 373.3 371.4 366 365.3 361.7 357.4 352.6 350.4 348.6 347.6 351.6 356.6 351.7 347.8 342.6 337.4 331.1 315.1 305 312.8 331.9 341 354.4 368.3 368.1 364.2 364.4 369.7 370.9 372.1 363.8 355.2 351.6 362.3 361.8 366 366.6 371.9 377.8 379.3 379.8 376.8 363.2 353.5 348.5 345.4 342.6 339.8 332.8 326.3 319.8 309.6 309 304.8 299 292.2 285 279.8 274 269.9 266.9 266.1 266.1 266.4 266 261 258.8 260.7 269.2 278.5 285.4 292.6 299.2
383.8 377.4 369.7 368.3 368.3 368.7 369.3 360.9 361.5 356.6 353 349.8 347.7 346.6 345.7 350.8 353 348.2 346.3 341.6 336.1 330.7 317.2 305.1 311.2 329.1 338.1 354.9 368.4 369.5 364.7 362.7 366.4 366.9 375.1 366.5 356.1 354.7 357.5 359.4 361.6 362.4 368.4 374.2 375.3 375.6 375.9 365.7 355.2 346.8 342.1 337.7 334.8 328.8 322.9 316.7 306.1 301.8 300.3 294.8 289 282.4 278.4 271.1 267.1 265 264 264.6 265.2 265.3 259.1 258.6 264.4 275.7 281.3 288.1 295.1 301.8
390.2 383.7 367.7 366 366.6 366.2 364.8 358.1 355.2 352.5 350 347.6 347.2 345.2 344.3 348.3 348.8 344.7 343.6 340.2 333.7 329.4 316.2 304.4 308.8 327.1 335.5 354.6 364.7 366.9 363.3 361.4 362.2 364.7 373.7 367.8 360.1 357.8 355.3 357.8 358.1 359.7 364.7 370.3 371.7 371.3 370.6 367.7 357.8 345.8 338.8 334.2 329.7 324.4 319.7 314.3 306.5 292.5 290.6 289.1 284.8 280.9 275.4 268.8 264.3 263.7 263.1 263.9 264.2 258.8 257.9 253.9 270.5 278.4 285.8 293.5 300.6 304
394.7 381.5 369.1 370.8 363.7 361.8 360.4 357.6 351.4 347.5 346.8 345.6 342.9 343.5 344.4 345.7 343.7 341.7 341.2 337.5 331.5 326.9 316.1 303.4 307 325.8 333.6 351.3 361.6 362.7 361.3 359.7 359.5 360.5 374.8 371 364.7 360.8 355.7 353.6 355.1 356.6 361.7 366 367 366.6 365.9 364.5 360.1 346.2 337.9 331.6 328.3 320.6 316.6 311.1 303.9 295.5 288.9 284.5 280.9 278.3 272.7 264.7 262.4 262.3 262.2 260.2 256.8 256.4 254.8 263.7 274.2 281.2 292.1 298.7 302.7 305.7
391.7 378.6 374.6 374.7 363.7 359.6 357.4 354.1 351.9 353.6 350.3 346.7 344 342.8 341.7 342.5 339.1 339 338.6 334.2 329.1 324.4 312.7 298.6 313.9 324.2 330.3 345.9 356.6 359.3 359.9 358.2 358.7 361 378 372.7 364.9 359.9 354.5 350.7 351.9 352.9 355.9 360.3 362.4 362.1 361.7 360.1 355.8 345.7 336.5 329.4 325.7 317.7 313.2 307.4 301.1 295.3 290.5 282.6 275.8 274.5 267.5 261.7 261.4 261.3 260.8 256.4 255.6 252.9 257.7 268.2 277.7 286.4 297.4 301.6 303.6 308
390.7 378.4 375.2 371.7 363.8 359.7 358.9 359.9 358.4 352.4 351.8 349.6 345.8 341.8 340.6 337.7 337.4 337.8 335.7 330.7 327.1 323.7 309 314 322.4 321.9 326.6 342.1 354 357.8 360.6 357.3 358.7 362.6 377.7 372.8 363.2 357.4 351.7 346.4 347.9 349.2 351.4 355 358.7 358.1 357.5 355.1 351.5 343.6 334.2 327.7 322.5 315.8 309.9 304.3 298.4 293.1 288.7 282.2 272.9 269.1 263.4 260.6 260.4 260.5 258.9 255.7 254 255.5 260 273.4 281 292.7 299.5 301.7 303.5 309.9
390.1 378.4 374.7 370.9 367.5 364.2 363.2 354.3 354.4 352.3 352.7 349.7 345.3 343.3 340.5 337.8 334.7 335.9 333.2 327.8 324.2 320.7 307.2 317.7 321.9 321.9 327 340.8 352.4 361.3 358.9 356.3 358.6 363.2 372.9 367.9 359.4 353.2 348.6 342.7 343.7 345.5 347.3 350.5 354.1 353.9 352.8 349.8 346.8 339.8 331.9 326.1 321.1 313.3 307.5 301.8 295.4 291.2 286 278.2 271.4 265.6 260.8 259.9 259.3 260.2 254.2 253.6 251.1 255.1 266.5 276.6 284.7 294 297.7 300.8 306.5 315.7
388.8 384.1 378.7 378.8 377.3 372.6 368.1 361.9 358.6 353.4 353.6 352.1 346.3 342.4 339.8 337.1 335.9 331.3 326.2 324.6 319.5 313.4 302.8 312.7 320.7 322.8 326.9 342.2 356.5 361.6 358.4 356.9 358.2 363.7 368.8 362.5 355.5 350.8 346.5 339.6 339 340.6 342.5 345.9 349.4 349.3 347.9 345.2 341.9 336.5 331.4 328.4 323.2 311.2 305.2 299.5 293.7 289.3 284.1 275.7 269.3 263.4 260.1 259.2 258.6 255.6 253.5 253 251.1 259 269.4 280.7 291.2 295.4 296.2 300.4 310.7 320.2
394.5 388.2 380.7 380.9 378.8 375.1 372.1 369.3 364.8 360.1 356.2 352.9 348.3 344.1 341.9 339 337.9 337.7 340.1 334.6 329.3 319.9 305.1 309.9 323.8 324.4 327.9 346.1 368 361.9 356.8 354.9 358.4 362.3 363.7 357.9 351.4 348.5 342.7 335.8 334.7 335.9 338.1 340.7 342.8 344 342.8 340 337.9 335.4 331.1 329 324.3 311.3 302.8 296.2 291.7 287.5 282 273 266.1 260.5 258.6 258.9 258.3 254.1 252.8 252.7 254.6 268.3 274.8 281.6 287.8 292 299.5 305.4 314.3 325
399.7 397.7 389.2 385.5 382 378.7 379.8 381.3 374.9 368.2 362.8 358.8 353.3 346.6 344.8 343.2 341.2 342.2 342.2 335 327.1 318.5 302 314 326.8 327.1 330.2 349.3 368 360.9 354.7 353.2 357.3 359.1 359.6 349.1 347.3 344.9 339.7 334.2 332 332.2 334 335.5 336.1 336.8 337.8 336.1 335.6 334.2 329.9 328.6 323 311.4 301.8 293.5 289.9 286.2 278.7 269.5 263.8 258.9 257.6 258.8 257.1 252.6 252.3 251.7 263 271.7 278.4 288.3 295.4 299.9 305 310.8 318.8 327.7
402.5 402.6 400.8 396.6 391.1 387.3 385.8 385.7 385.3 380.1 376.4 369.8 362.6 354.9 354.6 352.8 347.1 342.9 340.8 334.2 326 312.9 297 320 327.4 328.3 332.1 348.6 361.8 360 352.3 349.9 353.9 355.4 347.4 342 342.7 342.5 338.4 333.3 330.4 329.3 329.8 330.6 330.9 332.6 333.5 333.8 335.4 334.6 328.8 325.2 320.2 309.3 299.3 290.5 287.6 283.9 275.8 266.9 262.2 257.6 257.6 258.4 254.3 251.8 251.7 254.2 268.3 275.9 284.7 292.3 298.2 303.7 309.3 314.7 322.9 330.7
398 397.5 397.2 396.9 397.7 397.6 385.6 383.7 383.1 382.8 383.2 381.9 376.3 370.5 365.6 360.7 350.8 341.2 337.3 331.8 322.7 306.9 303.7 323.8 327.6 331.1 331.3 344.1 357.1 356.6 349.7 345.3 347.3 345.4 337.1 337.9 339 340 336.8 332.9 327.5 327.4 326.4 326.5 327.6 331.3 332.5 333.6 335.6 332.4 326.5 321.5 314.9 305.5 296.4 287.7 285.6 280.6 271.8 263.8 259.7 256.9 257.6 258.3 251.9 251 249.8 261.9 272.1 280.2 287.5 294.3 299.6 305.7 311.6 318.7 326.2 333.7
393 392.8 392.5 392.1 393 393.6 393.5 383.1 379.3 379.8 379.9 379.4 378.6 375 367.2 363.5 353.8 340.4 333.3 327.8 314.1 293.5 312.9 324.7 325.1 326.7 327.1 337 350 351.5 344.9 340.9 337.2 334.2 333.4 335.3 336.6 335.4 338.1 332.7 327.3 325.1 325.2 322.6 327 332.2 335.8 335.3 334.2 330 323.9 316.2 309.8 300.8 291.9 285.4 280.9 276.6 268.7 260.4 256.7 256.6 257.2 254.5 250.5 250.1 256.2 268.3 276.2 284 291.1 296.3 301.5 309 315.6 323.2 328.6 335.9
391 388.7 387.4 387.4 388.9 389.1 389.5 388.7 377 376.7 376.6 376.2 374.4 372.4 366.3 360.3 351.6 339.6 330.5 323.3 301 302.4 314.2 322.4 323.4 323.2 323.1 329.3 341.8 345.1 340.3 337.2 334.1 332.2 331.6 333.7 332.1 333.6 339.2 332.4 326.6 321.7 320.6 323.5 328.8 337.6 338.7 333.9 331.6 327 322 312.7 304.5 297.3 286.6 282.1 277.7 271 263.7 257.1 256 256.1 254.4 250 249.6 249.6 263.4 272.1 280.3 287.1 293.1 298.2 304.2 311.6 319.6 325.9 331.1 338.5
388.3 386.6 384.2 383.6 384.3 383.5 384 384.4 377 374.6 373.9 373.3 372 369.3 363.9 357.5 349.7 339.7 327.5 318.5 296.6 302.6 312.3 319.4 321.8 320.4 319.5 322.8 331.1 337.1 336.7 335 332 330.3 331.9 330.8 328.2 332.6 337.2 332.3 325.8 318.1 318.4 324.5 331.6 341.1 340.1 332.4 328.2 323.8 318.6 308.7 299.4 293.5 284.1 278.1 273.4 267.4 260.5 256.7 255.6 256.3 250.3 249.1 247.5 257.9 268.2 276.2 283 289.8 295 301.1 308.6 315.9 322.7 327.2 331.5 339.6
383.5 384.2 382.9 380.6 379.6 379.2 379.3 380.2 377.3 373.2 371.3 370.2 369.1 367 362.1 355.7 348 339.6 324.4 313.9 297.7 298.4 309.5 315.5 318.4 319.2 315.6 318.1 323.7 329 334.2 333.6 330.2 329.3 329.4 324.4 325 329 337.6 332.5 326.3 322.5 322.8 325.6 334.1 344.8 341 332 325.8 321 314.3 305.2 296.5 290 281.5 274.1 268.9 263.8 256.3 254.2 253 250.7 248.5 247.7 250.9 262.3 271.4 279.5 286.8 292.7 297.8 304.9 311.7 318.8 324.4 328 332 340.8
379.6 380.7 380.8 378.2 375.7 375.4 375.4 375.9 374.6 371.5 368 366.7 365.4 363.9 360.2 353.8 345.9 335.9 321.8 310 291.7 298.3 306.3 311.7 314.5 314.4 311.1 313 317.4 324.7 332 331 326.7 326.6 327.8 325.3 322.8 326 337.7 334.8 328.4 325.9 324.1 327.5 334.8 341.3 339.2 332.3 325.6 318.9 310.1 301.6 293.1 286.4 279 271.6 265.8 259.2 251.7 250.1 249.8 249.1 247.5 246.9 258.2 266 272.3 281.8 291.3 295.5 301.1 308.7 315.6 320.7 326.1 328.6 332.8 341.2
378.9 376.5 376.5 376.6 374.2 371.5 371.5 371.6 371.3 368.5 363.8 361.8 360.9 360.4 358.3 351.8 343.8 334.6 320.4 306.4 283.2 298 302.7 307.6 309.5 309.5 307.8 307.8 313 322 328.5 326.1 323.3 324.2 332.6 327.1 322.6 325.2 337.1 336.7 331.6 327.7 324.7 328.8 332.9 337.6 336.7 333.5 325.8 318.1 306.7 298.7 288.5 283.1 277 270.1 262.2 255.2 250.7 248.6 248.2 247.7 246.8 245.6 263 269.3 277.2 291.6 295.5 298.7 304.9 311.7 318.6 324.9 328 329.1 333.1 341
376.1 372.2 372.2 372.5 371.8 369.5 368 367.7 367.3 366 361.4 358 356.9 357 355.1 349.5 342.1 334.7 318.6 302.1 276 295.8 298.9 302.2 304.4 305.6 303.9 304.1 309.3 317.8 323.7 320.5 321.6 326.3 339.3 329.4 324.9 326.5 334.6 337.3 334.7 330.7 326.1 327 330.1 332.3 332.6 332.4 326.1 317.5 307.3 296.9 288.4 279.9 273.2 265.9 257.3 254.3 252.7 247.2 247 246.9 245.6 255.2 266.3 271.6 290.1 296.4 299.8 302.8 308 314.6 321.6 327.1 328.3 329.3 332.6 339.5
371.8 368.5 368.5 368.4 368 367.3 365.1 363.8 363 362.2 360.8 356.3 352.9 351.8 350.7 347 339.9 333.7 319.9 300.7 274.3 294.2 295.1 297.3 299.6 300.9 301.3 302.2 307 313.7 316.2 325.1 324.1 324.5 337.7 332.2 326 327.4 334.5 338.1 336.1 331.8 326.4 323.3 324.8 325.8 327.4 330.3 327.6 318.4 306.2 296.5 287.6 277.2 269.7 262 254.7 253.5 248.5 246.2 245.8 245.8 249.5 263.1 270 285.1 300 301.7 303 305.8 311.7 317.6 324.3 327.8 328.1 329.2 331.2 339.4
366.9 366.7 366.4 365.8 365.1 365.1 363.7 360.7 359.6 358.5 358.5 357.7 350.6 347.1 345.9 343.7 337.2 331 318.7 300.7 268.8 288.6 291.4 292.5 295.3 298 299.2 300 303 307 315.6 333.3 329.6 323 327.6 332.3 321.5 328.4 333.8 337.2 336.1 331.3 327 322.9 320.2 321.9 323.5 324.5 322.6 316.2 304.3 295.7 286.2 275.2 266.8 258.9 252.4 249.1 244.6 244.6 243.8 245.1 258.8 267.5 272.9 297.1 301.7 304.7 305.3 307.7 313.3 319.6 324.9 327.7 327.9 327.3 331 339.3
366.8 366.5 366 364.9 363.7 362.4 361.5 359.1 356.4 355 355.6 355.9 351.4 345.1 341.9 339.8 335.2 327.3 316.5 300.2 280.1 278.5 287.7 288.4 291.1 295.1 297.6 298.8 300.1 304.2 325.1 330.1 328.3 323.3 328.8 332.5 327.3 328.6 333 336.3 335.3 332.9 329.6 325.5 320.6 317.7 321 319.3 317.3 312.7 302 293.7 284.7 274.6 266.1 256.2 249.2 245.2 243.6 243.2 243.2 253.1 263.7 270.8 294.6 305 307.6 305.6 306 309.8 314.7 320.6 325.2 326.4 325.6 326.1 329.9 338
368.8 368.5 367.7 364.5 362.5 360.8 358.5 356.8 352.7 351.8 351.4 351.2 350.3 344.5 339.6 337.4 333.7 327.5 319.1 306.8 288.4 267.1 284.1 284 287.4 292.2 296.2 298.2 299.2 307.3 324.8 326 326.4 325.4 328.3 328.1 326.7 326.9 330.6 334 333.8 338.3 334.6 329 323.2 317.4 314.3 314.8 313.1 309.1 300 291.9 283.6 273.2 264.8 254.7 244.6 243.7 242.5 242.5 247 258.2 265.3 273.1 293.8 307.8 307.6 304.9 306 311.3 316.6 322 324.7 324.4 323.5 325.3 328.8 335.8
366 366.1 365.4 365.1 361.6 358.5 356 353 349.1 348.8 347.8 347 347.2 343.3 338 335.3 331.8 327.8 321.8 309.6 291.5 264.9 274.2 279.3 283.4 289.8 294.8 297.5 299.2 309 321.1 323.4 323.8 325.6 326 325 325 322.3 325.2 328.4 335.4 345.7 338.6 332.2 326.2 322 316.3 305.5 306.8 303.6 295.5 288.1 279.1 272.2 264.8 255.3 242.9 239 242 243.1 250.1 259 266.5 279.4 298.7 306.3 306 305.2 306.2 310.8 318 321.5 323.1 322.3 322.4 324.1 327.4 334.3
362.7 362.3 361.9 361.3 360.2 356.3 353 349.9 347.1 344.8 343.9 343.2 343.6 343.6 338.1 333.1 329.4 326.5 322.7 315.3 303.7 289.7 261.4 274.4 281.2 288.2 294.4 297 300.2 307.9 315.2 319.6 322 323.8 323.8 320.8 318.7 315.9 316.8 323.5 343.4 354.1 345.4 336.7 329.1 324.5 320.6 312.7 301.9 296.3 289 281.5 271.7 265.7 262 254.5 238.3 241.8 241.9 244.1 254.4 259.9 269.6 286 298 303.8 304.1 305.1 306.4 310.8 316.4 320.1 322.2 321.3 320.9 322 325.8 331.5
