public/OST50/SN91.asc
ncols 200
nrows 200
xllcorner 290000
yllcorner 210000
cellsize 50
[rows 140 to 174 of 200, columns 0 to 77 of 200]
359.5 358.7 358.2 357.8 357.4 353.9 350.5 347.3 345.1 342.3 339.8 339.4 339.7 339.3 338.2 333 327.3 323.4 321.3 317.8 308.7 295 281.7 259.2 277.5 287.5 295.9 297.4 300.2 304.7 310.4 316.9 319.9 320.9 323.5 316.6 310.3 308.6 311.5 324.5 342.4 349.4 349.9 340.7 331.5 322.3 320.3 318 309 296.7 289.7 286.1 279.5 272 265.4 259 238.9 241.1 242.1 247.9 258.2 262.6 269.8 283.7 293.1 300.2 305.4 305.3 306.7 310.9 316 319.6 322 320.6 319.8 320.1 323.2 326.2
356.7 355.5 354.8 354.8 353.9 351.8 348.3 344.8 342.3 339.9 337.4 335.5 335.3 335.1 334.3 331.6 326 321.9 318 315.4 308 294.8 281.1 252.2 276.7 290.2 297.5 296.3 298.1 301 306.1 313.1 315.8 321.2 324.6 314.6 305 304.9 311.2 324.7 338.7 344.4 345.9 343 331.3 319.5 316.1 315.7 310.1 298.5 290.4 286.2 281.9 275.3 271.1 265.1 239.1 240.1 240.7 249.3 259.3 264.6 272.9 289.1 299.2 304.2 310.7 306.7 306.7 311.1 317 320.9 322.7 320.5 318.4 319.8 321 323
354.4 353.2 352.3 351.8 350.6 349.1 346.3 342.5 339.4 337.1 335.3 332.4 330.5 330.7 330 328.3 323.7 319.3 315.2 311.3 304.7 292.2 279.6 254.9 274.8 291.2 294.3 294.7 295.2 298 301.9 308.1 314 323.1 322 312.3 299.3 301.5 312 323.6 335.5 341.7 343.7 341.6 334.7 317.3 313.7 313 309.2 296.4 289.3 285.1 282 277.5 273.5 268.1 244.1 239.3 239.7 250.2 259.7 266.9 279.9 295.6 305 307.7 309.1 307.2 307 311.9 317.8 321.2 321.3 318.6 317.4 319.3 319.5 322.5
352.4 351 349.4 347.9 346.8 345.5 343.6 340.2 337.1 334 331.8 330.1 326.2 326.2 325.6 323.8 320.8 316.5 312.6 308.1 299.6 286.5 268.7 249.9 268 288.2 290.8 293.5 292 294.6 298.8 306.2 312.5 319.2 315.9 309.5 296.3 301.7 311.3 320.8 334.1 339.8 340.9 339 335.9 320.5 312.9 309.7 303.8 293.5 289.1 285.4 282.4 278.2 271.9 265.4 244.1 238.7 241 252.6 260.5 270.8 288.4 301.1 308.2 309.1 308.3 307.2 308.3 313.1 317.7 320 319.2 317.3 319.6 321.6 321.2 323.9
350.2 348.4 346 344.1 343 341.9 340 337.5 334 330.8 327.8 326.3 324.2 321.6 320.8 320 316.6 313.4 309.7 304.6 296.8 282.3 261.2 248.5 264.3 285 289.9 292.7 288.9 291.4 295.4 303.2 308.7 310.6 309.4 305.2 299.3 302.6 308.8 320.1 332.3 338.4 337.4 336.3 334.4 325.3 310.3 305.9 298.5 293.7 289.7 286.9 281.7 277.4 273.5 264.7 246.7 238.8 244.7 254.8 262.6 275.5 295.4 303 305.1 307.6 308.4 306.8 309 313.8 317.2 317.9 316.5 318.6 322.9 327.4 322.8 325.1
347.8 346.1 343.7 341.7 340.4 339.4 337.4 334.8 331.3 327.8 324.5 322.2 320.2 317.2 315.8 315.2 313.7 312.1 307.4 302 294.7 280.1 257.8 246.4 262.9 282.2 289.1 288.3 286.1 288.7 293.3 300.3 304.6 306.7 304.5 301.8 300.8 302.3 309 319.5 330.4 335.5 334.3 333.2 333.8 329.2 310.4 304.5 298.4 294 291 286.3 279.6 278.1 273.4 266.6 251.3 238.2 247.1 255.3 264.1 283.6 297.1 302.1 305.9 312.5 312.1 307.8 309.1 313 315.6 315.1 317.1 320.9 326.4 328.2 325.1 326
345.5 343.5 341.2 339.6 338.2 336.1 333.9 331.7 328.6 325.1 321.7 317.9 315.6 313.9 311.8 311.1 310.1 308.6 305.8 300.4 291.7 280.9 257.4 243 261.9 279.6 286.7 284.8 283.6 285.5 291.5 296 300.7 302.4 301.6 300.7 300.6 302.5 309.5 318.4 328.9 332.5 331.2 329.2 328 322.2 307.8 301.6 297.4 292.8 288.5 283.6 277.6 277.6 271.1 263.9 253.2 237 248.3 259.8 273.2 290 297.4 303 315.8 326.4 319.5 310.9 310.1 311.8 313.1 315.6 319.8 323.7 325.6 326.3 327.2 326.7
343.1 341.4 339.3 337.6 335.1 332.6 330.1 328.4 325.8 322.6 318.8 314.6 311.7 309.8 308.5 307.3 306.6 305 302.8 297.2 290.6 280.7 257.2 240.3 262.3 278.7 282.4 281.8 281.2 284.6 290.8 294.6 299.5 301.1 301.1 300.2 299.9 302.8 309.1 317.8 327.9 328.8 327.4 326.3 324.3 319.4 305.2 300.3 297.7 295.2 289.5 280.5 275.2 274.1 266.9 260.2 252.5 235.5 251.1 264.1 278.5 289.6 297.7 310.3 327.5 337.3 329.7 315.1 312.2 311.8 314 318.2 323.9 324.6 324.4 326.2 329.1 327.8
340.7 339.1 337.4 335.4 332.9 329.3 326.6 325 323.1 321.4 318.2 313.6 309.1 306.6 306 304.3 303.4 302.2 299.7 295.2 287.9 277.8 259.1 240.1 264.4 275.7 277.8 278.5 278.8 283.3 289.4 295 299.6 300.5 301.5 301.7 298.6 302 307.9 319.3 325.8 325.1 323.5 327.8 327.2 315.2 301.9 300 301.3 297.9 290.1 281.5 272.2 267.4 261.4 255.8 245.2 232.6 255.3 271.9 281 288.8 300 316.6 330.2 339.3 337.5 325 314.6 313.7 317.4 323.2 325.4 323.5 323.8 328.3 330.5 328.3
338.7 337.2 335.7 334 331 327.8 323.1 320.6 320.7 319.4 317.1 313 306.8 303.7 302.6 300.6 299.8 299.3 297.4 294.4 285.1 275.9 262.6 239.5 261.2 271.6 273.2 274.1 277.4 282.5 289.4 295.3 299.4 299.9 299.4 298.7 296.8 301.3 308.4 314.2 322 321.2 321 325.4 318 309.8 302 303.3 306.6 299.9 291 280.1 268 261.1 258.1 253.1 237.4 241.5 263.8 275.7 281.6 289 303.2 319.4 330.1 335.3 336.8 334.4 324.2 319 322.3 325.3 325 323.8 326.5 330.1 329.4 328.3
337.7 335.8 334.1 331.8 329.1 326.2 323.7 319.3 315.9 314.7 312.6 307.5 304.2 301 298.7 297.1 295.9 295.8 294.2 291.1 283.2 274.9 264.1 235.7 258.3 267.3 268.8 271.2 276.1 283.4 290.8 296.1 299.3 298.8 296.3 295.4 294.2 300.7 306.2 310 315.7 316.2 320.8 318.4 308.5 300.8 304.5 311.4 310.8 305.6 292.6 276.6 265.5 258.9 256 236.2 237.5 256.8 267.9 276.5 283.3 294 304.6 318 329.6 332.1 333.8 336.1 333.9 327.2 324.7 324.9 324.6 327.2 329.4 329.4 328.3 328.9
337.8 336.4 333.7 331.1 327.9 324.6 322.1 319.4 315 310.5 308.4 303.3 300.3 298.2 296.5 295.6 293.1 292.2 290 287.3 280.8 272.7 262.4 231.4 253.6 263.2 265.8 269.7 276.9 285.7 291.7 296.6 298.5 297.6 294.2 292.7 292.9 297.8 302.5 304.8 309.1 314 313.4 304.1 297.2 303.3 309.8 311.3 310.3 306.9 288.9 272.5 263.3 257.5 252.9 246.2 248.9 258.5 266.4 276.1 291.4 301 306.4 314.7 323.8 329.6 332 334 334.2 331.4 325.5 325 326.1 329.2 328.5 326.7 327.8 328.7
341.6 339 335 331.6 328.7 324.9 321.1 318.2 313.2 308.7 304.6 300.1 297.5 296 294.9 293.7 291.6 288.6 286.4 283.3 277.9 269.6 257.3 232.3 245.8 257.1 264.2 270.1 279.1 285.9 291.9 296.8 298.2 296.8 293.4 291.2 291.5 294.3 297.1 299.3 304.4 310.6 297.5 289.6 296.3 305.5 309.6 308 308.9 306.2 284.2 270.9 262 255.7 250.9 232 251.4 259.3 265.8 278.5 296.3 302.2 306.6 312.5 319.7 327.3 329.7 331.4 333 332.6 325.9 325.3 326.5 327.7 326 326.5 327.1 330.4
339.7 339 336 332.2 328.9 324.4 320.7 316.7 310.6 304.6 301.9 299.6 296.9 294.5 293.3 292.2 290.2 287.2 284 280 276.5 268.8 256.2 235.8 237.3 253.5 263.8 272.5 279.6 285.9 291.4 294.3 294.9 294.5 291.8 290 289.3 290.6 292.4 294.8 296.2 292.3 285.4 288.4 297.6 304.1 305.9 305 307 302.5 282.5 267.3 259.4 253.4 247.9 246 254.3 259.7 268.5 283.1 295.3 301.6 306.6 311.6 316.9 323.4 326.8 329.4 330.4 330.1 325.8 325.5 326.1 325.6 325.5 326.8 329.9 336.9
336.2 335.7 334.9 332.4 329.2 324.6 318.9 313.5 307.7 303.4 300.4 298.1 296.3 293.7 291.7 290.3 288.4 286.3 283.2 278.8 274.3 268.7 254.7 240.3 234.3 254.1 265.2 273.4 279.3 285.7 289.6 292.5 293.4 292.8 291 289.5 288.3 287.8 289 289.4 286 283.4 282.9 288.8 296.2 302 302 302.3 302.5 299.2 281.7 265.2 257.5 250.8 238.8 248.6 255.1 261.1 271.5 284.6 294.1 299.5 306 309.7 313.7 319.5 324.7 328 328.5 328.6 326.6 326.2 324.2 325.1 325.6 328.8 337.2 341.3
332.6 332.6 331.5 332.1 332.9 327.3 316.6 310.5 305.4 302.2 298.8 296.3 294.5 293 290.9 288.5 286.8 284.5 281.9 278 273.6 268.8 254.6 241.7 226.9 250.8 265.9 271.9 279 284.5 288.3 291.3 293.5 292.4 291.3 290.9 287.4 286.5 286.2 284.1 283 282.1 283.5 288 295 298.5 297.1 299.2 297.3 294.7 277.3 263.1 252.7 243.6 227.6 245.6 253.2 260 270.7 283.7 292.8 300 303.8 306.9 310.4 315.1 321.8 325.8 326.4 327 327 324.5 323.7 324.3 327.9 335 339.8 341.2
329.9 329.7 329.6 330.4 331.2 327.2 314.5 307.7 303.8 300.4 297.1 295 293.5 292.4 290.4 288.5 285.7 283 280 275 270.6 264.7 251 220.1 235.9 253.9 263.8 271.6 278 282.6 286.4 289.7 290.3 292 294.6 294.8 289.8 288 284.3 282.7 282 282 284 287.5 290.6 291.4 291.4 292.2 292.5 291.4 273.6 259.8 243.8 225.8 236.9 248.2 254.5 259.8 274.6 283.2 293.1 299 301.7 304.1 307.6 311.9 317.8 322.8 323.8 324.3 324.2 321.9 323.2 325.7 331.7 336.8 339.2 340.6
329 327.7 327.5 327.7 327.7 323.5 311 305.6 302.1 298.6 295.4 293.8 292.7 291.8 290 288 286 281.3 277.9 273.2 267.5 261.5 252.1 218.8 246.6 255.2 264.2 270.9 276.2 279.5 283.3 285.7 291.5 293.7 295.8 296.3 293.8 288.8 287.5 285.1 282.2 280.5 284.1 287.7 287.6 287.3 288.1 289.4 287.4 281.9 268.3 256.9 232.9 228.8 239.5 248.9 255.3 269 281.6 288.2 291.2 296.4 300 303.6 308.5 312.5 316 318.7 320.4 321 321.8 321.7 323.4 326.6 328.8 334.8 337.2 338.6
327.9 326.4 325.4 324.4 321.8 313.7 308.3 304 300.6 297.2 293.7 292.6 291.8 291 289.5 287.6 285.7 281.5 274.7 271.1 264 259 250.9 230.4 227.8 244.3 262.1 269.2 267.2 267.9 277.4 285.7 292.3 296.7 297.7 296.4 294.3 291.4 292.8 290.5 286.3 282.1 280.4 285.1 284.7 282.7 283.1 283.6 282.2 276.6 266 255 232 229.8 240.3 249 258.8 272.9 283.9 290.5 294.3 297.7 301.3 304.5 308.2 311 313.3 315.6 317 318.2 320.1 320.9 325.2 328.3 329.2 330.1 334.3 336.6
326.6 326.4 323 320.1 315.3 309.9 306 302.4 299.1 295.7 293.3 291.8 290.9 290.1 288.5 286.3 284.1 279.1 272 268.2 262 256.2 246.8 233.9 215.3 235 253.9 263.4 258.6 264.1 278.1 287.9 294.7 298 297 295.7 294.8 294.1 293.8 291.9 288 288.8 282.3 276 278.4 278.2 278.9 278.6 278.4 275.2 263.8 252.1 225.4 231.4 241.9 249.8 261.3 274 284.3 290.1 294.2 298 302.3 306.7 309.5 310.2 311.3 305.1 315.1 316.5 318.7 320.8 322.2 327.5 328.5 328.8 331.8 334.9
325.2 324.6 323.4 318.7 311.7 307.3 304 301.1 297.7 295.2 292.9 291.4 290.3 289.4 287.1 284.1 280.9 273.7 268.7 265.4 260.7 255.1 244.2 231.6 217.7 223.4 243.6 255 260 270.9 282 288.3 293.9 296 295.7 296.2 295.9 295.7 294.2 292.8 292.3 289.3 283.6 275 274.4 274.8 274.7 274.4 273.3 271.2 260.3 246.8 223.1 232 240.1 249.7 262.3 274.5 282.9 288.9 294.6 299.7 304.4 308.1 310 311.7 312.7 312.5 314.7 317.4 320.8 322.2 323.6 325.2 326.1 328 331.1 335.7
322.3 321.6 319.8 316.4 309.4 305.7 302.8 299.9 297.4 294.9 292.8 290.9 289.5 287.6 284.8 281.1 275.9 269.8 265.7 262.3 258.4 252.4 244.5 228.5 218 215.6 241.3 256.8 267.3 276.4 283 287.7 292.4 292.9 294.6 295.1 296.1 296.1 295.6 296 294.5 289.6 284.5 276.2 271.8 271.3 271 270.4 271 270.3 258.1 243.6 221.5 231.4 241.1 250.6 262.8 273.7 282.6 289.5 296.1 302.8 307 309.2 312.2 313.8 314.4 314.7 315.7 319.1 320.1 320.4 320.9 321.8 324.5 327.7 332.5 335.3
318.6 317.7 315.7 312.9 308.4 305.9 303 300.1 297.2 294.7 292.6 290.4 288.3 285.2 281.8 277.8 269.8 266.3 262.8 258.9 254.8 247.8 240.9 227.3 214 218.7 247.7 263.7 272.8 278.6 283.8 287.9 288.7 291.5 293.6 294.5 296.2 296.3 298.1 298.1 294.3 293.8 288.3 277.5 268.9 268.2 268.1 267.9 269.6 268.1 256.5 241.9 220.7 229.5 241.3 250.1 263.8 274.3 282.5 290.4 297.8 304.1 307.7 310.6 313.9 316.7 316.3 316.3 316.9 317.7 317.8 317.2 312.9 317.1 325 330.2 334.9 335.3
314.3 313.6 311.6 310.4 307.5 305.4 303.2 300.4 297.5 294.6 292.2 289.7 286.9 284 278.4 273.1 267.5 263.6 260 255.2 250.1 243.2 237.3 228.8 215.4 211.7 242.7 258.6 272 278.7 281.8 283.3 285.3 289.9 292.2 294.5 296.2 297.8 298.8 296.6 294.7 291.9 288.2 278 269.3 264.1 265.2 266.1 264.9 262.4 255.8 243.9 220.5 229.4 239.7 249 263.7 273.7 282.3 291.3 297.8 303.3 308.7 312.9 315 316.7 318.1 317.5 317.1 316.8 316.7 316.5 315.3 319.3 326.5 332.4 336.1 335.9
309.4 308.8 308.5 307.5 306.7 304.5 302.4 300.2 297.6 294.7 292.1 289 285.8 281 275 270.3 265.8 261.8 257.2 252.1 247.1 240 233.1 228 216.2 206.1 234.4 254.4 266.8 273.1 276.2 278.3 282.2 286.8 291.5 294.6 297.7 299 298.2 295.8 293.4 288.6 283.3 277.5 267.8 263.5 262 263.8 262.7 258.8 256.5 245.4 224 226.4 238.2 247.8 261.9 274 283.5 291.6 298 304.2 310.8 314.1 315.6 317.2 318.5 317.5 316.9 316.2 316 316.1 317.6 322.2 328.2 333.5 336.3 335.5
304.6 303.6 304.2 304.9 304.5 303.6 301.3 299 296.9 294.4 291.4 288.3 284.9 278.9 273.6 268.9 264.1 259.9 254.8 247.4 243.9 238 230.2 224.4 215.4 203.5 229.9 252.6 263 267.2 270.4 274.1 279.2 285.1 290.1 294.3 297.2 297.4 295.1 293.1 289.8 284.8 279.8 274.9 265.7 261.8 256.7 260 258.2 254.4 254.3 242.7 228.9 219.7 239.3 248.1 261.2 275 286.5 293 296.6 305.8 311.1 314.1 316.4 317.6 318.1 317.4 316.7 316.5 316.2 316.5 317.7 323.6 327.8 331.6 335 335.1
299.6 299.4 300.9 301.3 301.9 301.7 300.1 297.8 295.7 293.2 290.3 287.3 284.6 280 274.8 268.8 263.6 257.6 251.1 244.2 239.3 234.2 226.7 223.7 214.1 204 227.7 246.4 256.8 261.2 265.9 271.5 278.1 283.6 288.8 292.1 293.7 293.9 292.8 290.2 285.6 280.8 277.3 273 263.8 259.7 250.4 256.3 254.5 250 245.3 238.4 226.3 225.4 238.9 248.4 264.1 276.4 287.9 293.1 298.6 306.9 313.5 316.1 317.4 318.6 318.7 317.8 317.3 316.9 316.6 316.8 318.5 322.9 326.7 329.9 332.8 334
298.7 298.3 298.4 299 299.5 299.5 298.5 296.6 294.4 292.1 289 286 283.9 280.7 276.5 269.1 262.2 255.8 248.9 242 236.2 232.1 223.8 218.8 211.6 203.9 228.2 243.6 251.7 257.2 264.1 271.2 277.4 283.1 286.5 288.3 290.1 291.1 290.4 286.9 282.4 279.2 275.4 269.3 262.5 259 255.5 247.9 238.3 242.2 236.8 233 220.1 227.7 238.2 249.7 263 274.9 285.5 295.9 304 310.2 316.2 318.8 319.1 319.6 319.3 318.6 318.1 317.6 317.3 317.1 319.2 322.3 325.3 328.7 330.7 331.4
296.9 296.8 297.1 297.2 297.5 297.3 297 295.2 292.9 289.8 286.6 284.5 282.4 280.3 277.8 270.6 261.4 253.6 246.8 239.6 233 228.5 222.7 214.2 203.7 208.2 230 242.6 249.2 255.8 263.5 270.6 276.1 280.1 282.9 284.8 287 288.9 287.6 283.8 280.3 276.2 273 265.6 259.9 256.8 253.9 254.3 244.6 225.3 229.6 224.4 216.3 230.9 239.7 249.7 262.1 275 287.4 298.3 307 313.5 317.1 318.6 319.9 320.4 320.1 319.5 318.7 318.3 317.8 317.6 319 319.7 322.3 324.2 323.9 324.2
295.8 296.1 296.4 296.5 296.5 296.6 295.5 293.4 290.3 287.3 284.3 282.3 280.6 278.6 276.4 269.9 261.3 252.4 245 237.5 230.7 225.4 220.2 210.7 201.7 210.5 231.8 240.3 249.2 256.2 264 269.7 274.6 276.9 279.6 281.5 282.9 283.1 284.1 282.3 278.7 274.4 271.6 262.4 257.6 254.4 248.4 248.1 237.9 229.6 220.3 218.5 223.4 233.6 241.3 251.7 264.7 277.4 289 300.1 308.6 314.3 317.7 319.2 320.4 320.6 320 319.5 319.1 319 318.2 318 318.7 318.7 318.7 319.7 320.6 322.1
295 295.4 295.7 295.6 295.5 295 292.9 290.3 287.7 284.9 281.9 280 278.1 276.7 274.5 268.8 259.5 250 242.6 236 227.1 220.8 216.3 207.8 201.1 212.2 231.6 241.2 250.3 257.5 263.1 267.7 271.6 274.8 276.4 277.2 278.2 279.5 280.3 281 277.5 273.1 267.5 258.8 255.5 251.8 243.8 237.8 230.5 220.2 218.5 215 228.9 234.8 243.7 255.6 268.6 281.3 291.5 301.3 309 314.3 318 319.8 320.6 320.6 320.1 319.5 319.4 319.6 318.8 318.2 318.3 318.3 317.6 317.4 318.9 321.5
294.8 295.2 295.4 294.8 294.7 292.9 290.2 287.4 284.7 282.1 279.4 277.4 275.5 274.6 272.3 266.4 256.1 247.1 241.2 234.2 225.2 218.1 212.4 205 196.1 214.7 235 243.7 251.6 257.7 262.8 266.5 269.6 270.9 271.6 272.4 274.4 276.2 279.5 278.7 275.3 269.7 262.9 256.6 252.7 247.7 240.7 232.7 224.4 217.6 217.5 221.7 230.2 235.8 246 258.6 271.5 282.9 292.6 302.4 309 314.2 318.3 321.1 321.2 320.8 320.5 320.4 320.9 320.5 319.6 318.3 317.8 317.8 317.8 319.1 321.6 321
295.3 295.4 295.2 294.6 292.9 290.3 287.6 284.6 281.9 279.2 276.5 274.4 272.5 271.1 267.9 262.5 253.2 245.1 239.8 233.6 225.4 214.5 207.9 201.2 191.4 221.6 237.6 245.4 252.4 257.6 261.6 264.4 265.9 266.3 267.2 269.8 272.3 275.7 277.6 277.1 273.5 266.5 259.9 253.4 246.7 242.1 236.2 230.7 219.4 217.3 213.5 226.6 233.4 239.5 248.7 261 273.6 285.3 294.9 303.3 309.2 314.2 318.3 321.5 322.2 321.9 321.8 321.8 321.3 320.8 320.7 318.8 317.4 317.4 317.2 316.7 315.8 312.9
294.8 296.1 296.1 294.5 291.3 288 284.8 281.8 279 276.3 273.6 270.9 269.4 267.5 266.7 258.2 248.9 243.4 237.9 230.7 222.7 207.5 201.3 194.5 199.1 226.6 240.6 247.3 252.5 256.6 259.5 261.5 262.9 263.3 264.1 267.4 271.6 276 276.9 275 270.8 263.8 255.9 249.3 241.5 237.7 233.7 228.7 216.5 215 220.5 227.7 234 241.1 250.7 263.1 275.7 287.9 296.5 304.2 309.6 314 317.9 321.2 323.3 323.2 323.1 322.1 321.6 321 321 318.7 316.7 316 315.1 314.3 311.1 309.2
294.2 295.6 294.5 292.1 288.8 285.5 281.8 278.9 276 273.2 270.3 267.3 265.6 261.7 257.4 251.8 244.7 240.9 235.8 228.4 220.1 206.4 191.2 192 211 230.3 241.8 247.4 251.4 254.4 256.3 257.8 259 259.9 261.7 266 272 274.5 274.4 272.8 269 261.2 252.2 244.4 239.2 235.7 231.8 214.3 213.6 215.8 220.3 228.1 234.7 242.5 251.8 265.1 279 290.1 298.5 304.7 309.7 313.8 317.6 320.8 323 324.6 324.3 322.4 321.2 320.3 319.3 318.2 316 314 313.5 312.6 309.3 308.2
