public/OST50/SN92.asc
ncols 200
nrows 200
xllcorner 290000
yllcorner 220000
cellsize 50
[rows 70 to 104 of 200, columns 78 to 155 of 200]
337.5 341.7 344.8 348.6 348.5 347.5 348.2 351.9 354.5 356.7 358.2 358.6 358.4 358.1 354.7 347.6 339 326.4 315.6 302.8 289.5 271 261.7 256.1 254.7 252.7 255.7 261 269.9 279.5 290.9 303.4 312.7 317.9 320.9 322.7 323.8 324.2 324 323.4 323.1 322.4 321.8 315.8 314 312.4 312.3 319.5 328.8 335.1 340.8 345 346.5 346.3 347.1 347.9 347.6 350.1 353 356.6 356 353.4 353.7 353.9 353.8 353.1 352.8 351.5 348.9 343.3 341.4 341 341.8 341.8 341 340.8 341.1 340.1
332.2 337.4 340.4 341.2 342 343.3 345.8 349.9 352.2 354.7 357 357.7 357.6 354.9 348.8 343.2 334.8 321.4 308 298.6 284.1 270.7 261.1 257.4 256.7 254.5 257.3 263.5 272.2 282.3 293.3 302.7 310.8 316.2 319.3 323.6 327.2 324.5 323.7 323.4 323.1 323.3 322.6 320.3 317.8 314.8 312.8 319 328.4 334.7 341.3 344.8 344.2 342.3 341.6 341.7 342.1 344.4 347.6 350.4 353.3 351.8 352.2 353.2 353.3 352.7 352 349.4 346.2 342.1 339.8 339.6 339.5 338.1 337.4 337.4 336.7 334.8
325.3 330.3 332.4 335 337.2 341 344.3 348.1 350.2 352.5 353.7 353.8 352.3 349.6 343.8 338.6 331.3 319.6 307.8 298.4 285.9 274.7 263.3 258.6 258.2 256.7 259.6 266.3 276.5 285.4 294.8 303 309.2 315.5 319 322 323.3 323.3 323.8 323.4 322.9 323.2 323.5 322.5 319.9 317.3 314.8 319 326.4 332.7 338.4 339.7 338.5 337.9 338 337.5 337.8 339.8 342.4 345.4 348.9 349 350.8 350.4 350.9 351.5 351 349.9 347.2 343.6 341.5 340.6 339.8 338.6 337.6 336.8 335.8 332.1
316.8 323.3 326.1 328.6 332.9 336.9 342 345.6 347.7 349.1 350.5 350.1 348.7 344.5 339.5 335.3 328 319.2 309.7 297.9 289.6 278.3 268.2 261.5 260 257.4 262 271.5 281.6 289.5 298.3 305.7 309.9 314.4 320.4 322.6 324.4 326.5 327.1 326.9 323.4 322.4 322.9 324.1 321.6 320.7 320.1 317.1 324.6 330.3 332.5 334.4 333.5 334 333.7 333.5 334.2 336.1 337.8 341.5 346.4 347.5 349.2 348.1 348.6 349 349.3 347.5 345 342.3 342 342.2 341.3 339.3 337.9 337.2 336.1 332.1
310.2 317.3 320.6 325.6 330.3 335.5 342.1 345.6 347.3 347.4 346.8 345.6 344 340.1 335.6 331.1 325.2 318.1 309.1 299.2 289.5 281.4 271.1 265.7 262.4 259.5 267.5 278.1 286.8 295.1 303.8 309.4 314 316.6 320 323.5 326.6 327.6 327.6 327.4 324.7 322.2 322.7 324.5 324.3 322 320.7 317.5 321.6 324.4 326 326.6 328.5 329.2 329.4 329.2 330.8 334.2 336 340.2 344.3 345.5 345.1 345.2 345.4 346.4 346.5 344.8 342.5 340.1 340.7 339.7 339.7 338.8 338.1 337.8 336.2 331
305.4 310.9 316.5 322.9 329.5 335.4 340.3 341.9 343.2 343 341.8 340.7 340.1 337.8 333.5 327.5 321 314.3 307.9 297.8 290.6 284.1 277.4 272.2 269 262.5 272.3 283.2 292.9 300.7 307.5 312.9 317.2 320.1 322.2 322.9 323.8 324.6 324.2 324.8 322.7 321.2 322.3 321.9 321.6 320.5 319.8 318.7 319 320.1 321.5 323.5 325.9 327.1 329.7 332.2 334.5 335.2 335.2 337 339 340.5 341.1 340.8 341.6 343 343.8 342.7 341.6 339.9 338 337.3 337.8 337.1 335.6 334.4 333.6 331.1
304.7 308.9 314.2 321.1 327.7 332.6 335 336 336.9 337.8 338.6 338 337.6 335.4 330.3 325.3 320.4 313.8 308.4 298 294.2 291.2 283.8 277.9 275.3 264.7 277.9 287.9 296.3 302.6 309.1 314.4 318.6 320.8 321.8 322.1 322.8 322.9 323.1 322.2 321.7 321 320.1 320.3 320.1 319.7 319.2 318.7 319.3 318.2 319.4 322.9 326.5 328.6 330.9 332.2 333.5 333.2 332 332.2 333.3 335 338.3 340.3 342 343.5 343.3 341.1 338.4 336.2 334.8 334.9 334.9 333.1 332.6 331.8 331.1 330.9
304.2 307 313.2 318.8 324.3 327.3 329.9 332.6 333.8 334.7 336.3 336.7 337.1 334.4 330.2 326.1 322.7 318.8 312.6 303.9 298.1 295.6 289 282 273.9 273.2 284.7 292.6 300.4 308.2 314.7 318 321.3 324 326.2 325.8 326 326.2 323.7 322.8 322.8 323.3 321.6 320.3 319.9 319.2 319.4 319.4 319.2 319.5 321.1 324 326.4 327.1 327.8 326.8 327.6 328.1 327.2 328.4 330.4 334.2 339 341.7 342.9 343.4 341.3 338.7 336 333.7 334.2 333.8 334.5 333.5 332.6 331.7 330.4 330.3
306.2 309.9 313.7 317.6 320.4 322.8 325.4 328.5 331.8 333.7 335.2 335.6 335.5 334.6 331.1 327.5 324.3 320.1 313.1 306.8 300.1 296.4 290.1 284.8 270.9 279.8 289.5 299.6 309.2 315.4 320.2 324.2 329.5 336.7 333.5 330.7 329.5 329.1 327.4 324.8 324.7 325.5 324.9 322.9 322 321.8 321.6 321.2 321.4 319.8 322.5 323.2 324 324.3 324 322.7 323.1 323.7 325.6 328 330.5 333.4 338.4 341.2 342.5 341.4 338.3 337.1 334.3 332.3 333.7 334.9 335.4 333 331.3 330.8 328.4 329
312.2 311.8 312.6 314.3 316.7 319.2 323.9 327.9 332.3 332.6 334.1 334.3 333.2 333 331.8 329 326.4 323.2 314.7 305.9 299.4 295.3 290.4 282.4 277.4 286.1 292.3 302 311.1 317.7 323 327.9 331 331.4 330.9 330.2 331.1 329.4 327.8 327.4 326.5 328.7 329.6 328.9 328.7 328 326.8 323.5 322.3 321 322.5 323.7 323.7 323.5 322.1 322.2 322.5 324.1 325.6 327.4 330 332.9 336.5 338.8 339.9 337.4 335 334.1 334 332.3 333.7 334.2 333.8 332 330.8 330.8 330.1 325.9
309.4 309 310.5 312.3 315.9 319.5 324.3 328.3 329.7 329.6 331.5 330.9 329.8 329.6 329.2 327.8 325.2 322.2 315.7 305.2 297.1 291.7 286.4 276.7 284.7 290.7 296.9 304.9 311.4 317.6 321.7 327.3 330.9 331.3 330.7 327.1 327.7 328.9 328 327.5 327.9 329.8 329.9 329.8 330.8 332.2 332.9 329.6 325.4 323.5 321 323.2 323.2 322 321.8 322 322.4 323.9 324.6 324.8 326.9 329.3 333.1 336.2 336.2 333.7 332.7 332.7 333.1 331.9 332.4 332.3 332.1 331.1 330.4 328.7 327.8 325.7
306.7 307.4 308.6 311.6 314.9 317.4 321.3 323.3 324.5 324.5 325.5 325.5 325.5 325.4 325.1 323.9 322.1 319.6 312.9 301.9 293.5 288.3 283.8 278.2 287.4 293.6 301.1 305.8 311.3 315.9 318.7 324 327 327 326.3 325.7 324.3 326.1 326.3 325.6 325.7 327.4 329.4 330.1 332.5 335.4 337.5 335.1 330.4 325.9 322 321.7 322.2 322.2 322 321.9 322.2 322.7 323.2 323.8 324.8 328.3 332.5 334.9 334.1 332 331.9 332 332.5 332.5 332.3 332.3 331.7 330.8 331.2 331.6 330.7 328.6
303.5 306.5 308.7 310.2 311.7 313.2 315.1 317 319.1 320.4 321.6 322 322.2 321.8 320.6 320.3 318.5 313.6 307.9 298.9 290 285.6 284.7 281 285.9 293.6 298.8 303.2 307.9 312.7 315.2 318.7 320.6 321.9 324.2 324.9 323.4 322.6 321.6 321.7 324.2 326.5 329.5 331.2 334 336.7 338.2 337.1 332.9 329.3 325 321.2 321.8 321.8 321.8 321.9 320.8 322.3 322.9 323.3 325.3 328.4 331.4 333.3 333.5 331.4 331.4 332.4 333.4 334.4 334.5 334.4 333.9 333.5 335.3 337.4 336.2 332.8
301.9 305.2 306 307.3 308.5 310 310.5 313.5 317.5 318.7 318.8 318.9 319.3 319 317.9 316.5 313.7 310.9 304.6 297.5 291.7 290 287.8 286.3 282.1 284.6 293.4 300.1 304.9 308.5 310.5 313.5 315.8 318.1 320.4 320.9 321.9 321.8 321.7 322 325 327 329.2 329.9 332.4 334.6 336.4 337.1 335.2 332.4 328.5 324 322.3 321.8 322.1 322.4 322.5 321.9 323.1 322.9 325.4 326.6 329.5 331.9 331.4 330.7 330.9 332 333.6 335 335.8 337.2 338.5 341.2 340.4 339.8 337.8 334.3
298.4 301.2 303.2 304.7 306.7 308.6 310.8 312.1 313 314.2 314.8 316.7 317.7 317.6 316.5 314.1 311.1 308.7 304.5 299.1 295.5 294.5 291.3 289.7 290.1 290 287.9 289.3 294 300.5 304.5 309.8 312.5 315.3 317.5 320 322.3 321.9 321.7 321.7 322.7 326.1 327.8 328.3 330 332.6 334.4 335.4 335.8 332.5 328.8 326.6 325.6 322.2 322.4 322.1 321.7 321.8 322.5 323.5 324.4 325.2 327.5 329 328.5 329.1 330.2 331.1 333.6 335.2 337.1 339.3 342.6 344.4 342.4 340.3 335.5 331.5
294.9 298.2 300.2 302.1 303.2 305.8 306.5 308.3 310.2 311.9 312.6 313.5 314.9 314.6 313.1 312.1 310.3 307.9 306.2 302.6 300.7 297.4 294.6 295 295.8 296.2 295.9 295.9 295.2 293.8 305.2 309.6 314.2 318.2 319.9 321.6 323.1 323.3 323.1 321.8 322.3 325.3 328.7 327.6 328.2 329.9 331.1 332.2 333.2 331.1 329.8 328.4 326.6 322.9 321.9 321.8 321.5 321.7 322 322.6 322.9 323.3 324 325.5 326.3 327 329 330.9 333.7 335.8 338.6 341.9 345.1 345.4 342 338.3 331.1 326.5
291.7 295.4 296.9 297.5 299.2 301.2 302.8 305.7 307.5 309.9 311.5 311.1 312.7 312.6 313.1 313.6 313 310.7 309.7 308.3 305.9 303.3 302.4 303.3 301.8 301.2 302.8 303.4 304.3 304.1 301.6 312.8 317.4 320.9 322 323.5 325.1 326.2 324.2 322.2 323 324.7 326.4 326.5 327.7 329.3 331.7 332.7 332.5 332.3 330.8 328.5 325.2 322.1 322.3 321.8 321.2 321.4 321.8 322.1 322.5 322.9 323.4 325 325.5 327.4 329.7 331.7 333.6 335.3 339.8 343.9 344.9 343.8 339.7 334.8 328.3 321.2
286.7 292.5 293.2 294.4 296.2 299.4 301.5 304.3 307.1 308.6 309.1 310.1 311.9 314.2 314.4 315.5 315.7 314.8 313.6 311.9 313.1 314 313.6 308.8 307.1 307.2 308.1 310.5 311.6 311.7 302.4 308.4 316.2 320.3 320.3 319.8 322.3 322.8 320.5 320 322.8 325.6 327 330.2 332.4 332.8 334.1 331.5 330.1 330.5 329.6 328 325.9 324.1 322.7 321.9 321.1 321.3 321.8 322.2 322.4 322.7 323.1 324.6 326.2 328.4 329.5 331.8 334.3 335.9 338.5 344 344.3 340.2 336 331.2 324.3 317.3
281.9 288.7 290.3 291.7 296.4 299.5 301.3 304 307.7 309.1 310.7 313.8 316.3 316.8 317.1 318.6 319.5 320.3 319.7 318.6 319.5 320.9 320.7 316.3 312.2 311.7 311.5 314.1 315 314 310.7 303.1 312.3 315.3 315.2 315.4 316.5 316.2 316.9 316.6 318.8 322.5 326.2 329.5 330.5 331.5 331.5 329 327.5 328.4 328.3 327.4 327.5 325.7 323.3 322.6 322 321.7 321.9 322.2 322.5 322.8 322.6 323.2 324.9 327.1 329.3 331.4 332.9 333.7 336.6 342.1 341.7 336.9 332.7 325.7 318.9 311.8
276.1 282.9 288.2 293.2 298.1 300.3 302.1 304.6 309.4 312.9 314.7 317.3 318.8 319.3 320.8 322.9 325.9 326.6 325.8 326.5 328.9 328.9 327.6 323.3 317.3 316 315.4 315.8 315 312.4 309.2 303.4 306.9 309.6 309.6 310.2 311.8 311.3 311.9 312.1 314.9 318.9 322.4 324.4 326 327.5 327.9 326.8 325.7 326.9 326.6 327.5 327.2 324.8 323.6 323.1 322.5 322.2 322.1 322.3 322.5 322.7 322.3 323.8 327.3 329.8 330.8 330.6 331.2 330.5 332.6 338.4 337.7 334.3 327.6 320.5 313.3 306
271.4 280.8 289.6 295.1 298 301.4 304.8 308.9 312.8 315.9 316.9 318.5 321 323.2 325.3 328.8 329.7 329.9 329.3 329.7 329.9 329.8 330.5 329.4 324.3 320.5 317.5 316.7 314 311.7 308.2 304 304.1 306.6 305.8 305.6 307 308.6 311 312.2 313 316.4 319.6 321.1 322 323.3 323.6 324 324 325.4 326 327.3 326.8 324.2 323.3 323.2 322.9 322.7 322.9 323.8 324.5 328.2 326.7 329.2 330.5 331.1 331.3 331 329.9 328.5 330.1 336.3 334.3 330.2 323.4 316.4 307 299
270.9 280.2 287.1 293 297.2 301.2 305.4 309.4 312.4 316.2 320.4 323.1 325.6 327.5 328.5 331 332.6 332.3 331.7 332 331.3 331.2 331.8 331.3 328.1 324.2 319.6 317.8 314.2 310.6 308.1 305.2 305.9 307.3 308.7 309.1 310.2 308.8 312.4 314.4 315.4 315.4 316 317.8 319.3 321.1 321.5 321.8 322.2 324.6 326.2 327.6 328.4 326.5 322.6 324.2 324.2 324.8 324.8 325.7 328.6 329.1 329.3 329.8 330.3 331.6 331.7 331.1 328.6 326.8 329.7 333.4 331.3 326.8 320.7 312.9 300.7 295.3
268.9 276.6 284.6 289.7 296.6 301.7 307.5 312 315.2 319.3 323.3 327.2 329.3 331.4 332 332.6 333.2 333.4 335.1 336.1 335.2 334.9 336.3 335.8 333.7 328.7 322.7 317.7 313.8 310 307.1 307.2 308.5 310.2 312.6 314.1 315.7 312.1 319.8 320.9 320.2 319.1 320 320.5 321.9 322.4 322.3 321.7 321.6 321.9 322.5 323.8 324.1 322.6 322.4 323.3 323.8 324.7 326.8 326.7 327.8 327.4 328.1 329.2 329.4 330.7 330.9 329.6 326.1 325.5 328.7 330.4 326 321.3 314.6 307.5 298.2 291.5
267.7 274.1 282.5 288.9 297.1 302.7 308.8 314.2 319.2 322.4 325.1 328.4 330 331.5 332.3 332.5 333.8 334.5 336.6 339.9 342 342.8 339.8 335.6 331.2 328.2 323.8 318.2 313.5 308.7 310.3 309 313.4 316 319.1 320.9 321.2 318.8 319 323.1 324.1 323.7 323.5 322.8 324.3 326.1 327.2 326.6 325.9 324.4 322.9 321.9 321.7 321.9 322.2 322.5 323 323.8 324.7 325.1 325.5 325.6 326.9 328.4 329.1 329.7 330.2 327.7 323.4 324.4 325.7 325.5 319.6 314.4 306.1 299.3 292.4 287.9
265.7 271.4 278.4 287.3 296.9 302.5 309.9 316.7 321.5 325.7 328.5 330.2 330.5 331.2 333.6 334.7 334.7 336.9 341.3 341.7 343.2 342.9 338.9 333.6 329.1 325.7 321.8 317.3 313.9 311.2 312.8 309.6 314.8 317 320 323.1 323.6 319.7 315 320 321.5 322.9 322.8 323.2 325.1 327 327.7 328.5 328.8 327.7 324.6 322.1 322.1 322.8 322.7 322.6 323 322.5 322.1 322.8 323.1 324.1 324.9 326.6 327.8 328.1 328.2 324.1 320.2 321.3 319.1 315.7 312.2 305.7 298.5 293.4 288.3 286
261.1 270.2 276.3 284.3 293.4 302.3 310.7 317.6 321.3 325.2 327.8 330.4 332.7 332.7 333.9 335.1 338.4 341 342.2 341.2 340.2 339.1 336.9 332.8 328.6 325 319.8 314.8 311.6 309 309.5 310.9 312.9 315.8 318.8 322 320.8 318.7 316.3 316.2 318.1 319.3 320.2 322.6 325.3 327.6 329.4 331 331.7 331.4 329.6 325.3 323.7 323.9 323.4 323.3 323.1 322.9 322.9 323 323 323.6 325.7 327.3 327.3 326.6 325.2 320.3 317.4 314.6 312.6 309.2 304.4 299.9 294 289.2 288.3 286.1
257.1 267.7 273.8 281.3 291.1 302 310.2 316.9 320.5 326 329.8 332.7 334.6 333.8 337.2 338.6 335.9 337.2 338 338.9 340.7 338.5 335.9 333.1 329.2 324.3 318.8 314.8 311.7 309.9 310.2 311.9 313 315 318.3 320.7 319.8 317.3 316.4 316.8 317.9 318.1 320.2 324.2 327 329.7 331.7 332.9 334.4 334.3 333 329.3 326.7 324.3 324 323.6 323.6 323.7 323.6 323.6 324.9 325.4 327.7 328.3 328.8 326.9 322.8 317.4 313.3 309.6 306.3 303.3 300.5 296.5 291.7 288.2 288.7 286.3
257.2 265.4 270.7 279 288.8 296.8 307.8 315.3 320.4 325.5 329.6 331.7 333.7 334.8 335.9 335.1 334.8 333.8 335.2 337.7 340.5 338.4 334 332.2 327.9 323.8 319.7 317.6 313.3 309.6 310 311.5 314.4 317.8 320.5 320.5 318.6 316.7 317 317.4 318 319 320.7 325.9 328.7 331.4 333.1 333.4 334.7 335.5 332.5 329.6 326.9 324.5 323.8 324.1 324.2 324.7 324.8 326.4 327.3 327.4 328.8 329 327.6 324.1 319.5 314.4 308.9 306.5 303.2 299.5 296.2 292.6 289.5 287.4 285.2 283.1
259.7 259.1 272.4 274 284.4 292.9 305.5 314.2 319.3 323 327.1 329.3 332.7 334.5 333.4 333.4 333.6 334.8 335 335.1 335.1 335 332 329.8 326.3 320.7 317.5 314.7 312.8 310.1 310.3 312.1 314.5 317.2 320.2 321.1 318.5 317.7 317.7 318 318.5 319.5 320.5 327.7 330.2 331.8 332.7 333.5 333.1 333 331.1 328.6 326.9 326.2 325.3 324.6 324.9 325.6 326.9 327.8 328.3 329 327.8 326.8 325.7 322.9 318 312.5 305.5 302.3 299.8 295.5 293.5 291.9 291 289.2 287.4 286.3
260.7 259.5 263.8 273.8 281 288.3 300.8 311.1 317.2 321.4 325.8 330.2 332.3 332.7 332.1 332.8 333.2 334.2 335.7 333.6 328.9 329.1 328.4 325.5 321.6 317.2 316.1 312.4 311.4 310.5 310.9 312.8 316 318.7 319.4 320.5 319.5 319 318.6 318.6 319 320 322 326.9 329.5 331.2 331.8 332.1 333.3 332.7 330.9 329.4 328.7 328.3 327.4 326.3 325 325.7 326.6 326.9 328.6 328.3 327.3 326.4 324.9 319.6 314.3 309.8 303 299.9 297.7 297.2 295.9 293.9 292 290.5 289.2 286.8
264 259.8 260 267.9 276.8 283.6 296.6 308.4 313.8 319 324.1 327.4 329.4 329.5 330.1 329.9 329.7 330.5 331.6 330.4 323.9 321.7 321.5 320.7 319.5 315.3 313.8 311 310.2 310.9 312.1 315.9 318.9 321.4 321 321.4 322.1 320.5 320.5 320 320.8 320.9 321.6 323.3 325.9 330.9 332.6 335.7 335.8 334 332.9 331.1 330.7 330.2 328.9 327.6 326.5 326.7 327.1 327.6 327.9 328.2 327 325.6 323.3 318.8 313 309.2 305.5 301.7 301.8 301.9 299.1 296.5 294.1 292.7 290.8 287.6
268.8 268.7 267.4 265.3 268.1 278 289.3 303.9 311.5 317.6 321 323.2 325.1 325.9 326 326.3 326.3 326.8 327.9 326.6 320.9 318.9 319 318.1 316.7 315.5 313.6 311.8 310.1 311 313.2 318.1 322.8 325.4 324 324 325.5 326.1 325.3 324.8 324.8 323.8 323.3 323.6 325.1 329.2 333.8 337.5 338.9 337.2 335.3 333.6 332 331.6 330.6 329.4 328.8 328.3 328.6 329.1 329.6 328.5 327.4 326.3 324.1 319.3 313.7 310.8 305.7 306.1 306 303.9 301.1 298.4 296 294 292.6 288.5
275 275.4 276 278.2 273.2 272 286.8 298.9 308 313.1 316 317.4 319.4 320.5 321.4 321.9 321.8 323.2 324.6 324.6 323.5 322.5 323.1 323.1 321.6 317.8 315.4 313 310.5 310.9 313.3 318.7 326.9 328.9 327.5 327.5 328 328.6 328.1 328.3 327.5 327 326.6 324.7 325.3 327.2 331.9 336.4 338.1 337.3 336 335.5 334.1 332.8 332.8 331.8 330.8 330.3 331.5 331.1 330 329 327.6 326.6 322.9 318.5 314.2 311.5 308.4 310.8 308 305.2 301.5 299 297.5 295.6 292.9 288.3
281.8 283.6 283.2 283.4 281.3 269.1 283.9 294.7 303.3 307 309.8 312.4 313.4 315.2 316.8 317.3 318.5 320.8 322.5 323.9 324.7 326.4 324.8 321.7 318.5 316.2 315.5 313.5 312 312.3 314.5 322.1 329.6 332.8 332.8 331.7 329.8 330 330.1 330.3 330 329.8 329.2 327 327 327.7 331.1 335.1 336.8 337.3 337.1 336.6 336.3 336.9 336.1 334.1 332.3 332.1 332.1 331.5 330.7 329.5 328.7 326.4 321.5 316.2 314.2 311.4 311.2 310.2 308.6 306 302.6 299.7 298.3 296.7 292.2 287.8
286.3 286.9 285.8 284.1 280.8 268.9 281.3 290 297.3 302.1 305.2 306.6 308.7 311.1 312.9 313.6 315.2 317.4 319.4 320.6 321.6 323.2 322.1 318.8 315.7 314.6 314 314.7 314.5 315.7 318 325.7 330.5 331.7 333 333.3 333.7 333.1 332.5 332 331.3 330.7 330 329.4 327.8 328.5 331.7 334.8 337 338.7 338.9 338.2 337.4 336.2 335.7 334.3 333.6 333.7 333 332.8 331.9 330.2 329.4 325 319.6 316.9 315.1 312.9 314 311.8 309.5 307.1 304.8 301.7 299.2 296 292.8 289.4
