public/OST50/SN92.asc
ncols 200
nrows 200
xllcorner 290000
yllcorner 220000
cellsize 50
[rows 0 to 34 of 200, columns 0 to 77 of 200]
235.4 226.1 238.9 259.2 279.3 290.7 299.7 310.3 317.3 318.4 317.4 313 306.9 295.8 288.8 281.2 273.6 262.1 256.3 252.6 248.2 241.8 243.9 245.1 245.6 247.6 248.7 250.4 251.5 252 248.5 243.8 242.3 241.8 236.7 226.1 214.9 210 209.4 210.2 216.5 220.3 215.4 209.1 209.2 215.4 212.4 209.9 213 211 210.6 215.4 229.3 239.6 243.8 241.8 236.5 235.1 237.3 229.7 219.6 221.5 228.5 227 224.5 222.3 215.3 209.4 202.6 198.1 194.9 192.6 191.1 189.9 186 179.4 175.8 178.2
240.1 224.7 233.1 262.1 276.6 285.2 294.8 302.6 307.3 309 308.7 306.9 302.2 295.2 287.4 279.6 271.8 261.4 254.8 248.4 246.3 246.5 250.1 251.3 252.2 253.9 254.9 257 259.9 261.5 261.3 255 247.8 245.4 239 228.1 216 212.8 212.8 214.1 216.4 222.1 216.9 211.5 211.1 217.6 214.9 212.7 217.4 218 218.8 226.7 232 238.4 241 237.6 232.8 230.2 231.6 224.5 216.8 212.2 219.1 219.5 218 210.1 204.9 202.2 198 191.7 185.2 179.3 176.1 174.9 177.1 175.3 174.6 176.8
238 223.1 235 257.7 270.9 279.5 288.8 296.4 297.3 298.7 299.6 299.5 298.5 294.3 288 279.1 271.8 263.4 256.4 248 248.9 252.2 255.9 258.2 259.1 260 263.8 267.3 270.2 271.5 271.6 266.2 255.7 249.5 241.1 234.3 220.2 221.3 221.8 225 229.1 229.6 221.5 216 217.7 219.7 217.5 215 219.7 224.5 226.5 226.1 227.9 231.3 232.2 230.1 229.2 226.8 220.2 216.3 213.3 208.4 205.8 205.3 206.7 200.8 197.3 196.1 195.1 189.7 180.6 173.4 174.5 174.8 172.7 170.2 171.6 174.4
237.7 222.1 234.6 252 265.6 273.8 279 281.3 283.3 285.6 286.3 289 290.3 287.9 283.4 277.6 265.7 256.4 250.8 250.1 255.6 262.1 265 267.9 272.3 272.8 279.3 287.6 291.2 290.7 288.6 279.9 269.6 257.7 250.9 241.6 233.3 233.4 232.4 238.9 236.7 230.5 222.4 225 227.7 222.6 217.5 216.1 222.7 227.5 223.3 221.8 223 218.3 216.7 217.5 217.8 215 210 201.7 201.8 202.2 206.4 200.7 196.9 193.2 190.2 189.6 189.6 186.7 176.1 171.6 176.8 176.2 174.5 174 169.8 172
236.9 222.5 227.8 246.2 259.4 265.8 268.1 268.9 270.4 269.2 270.7 273.6 274.9 270.3 264.6 257.1 251.2 252.8 256.8 263.6 270.3 273 277.6 280.2 285.1 290.5 299.5 304.4 305.4 304.6 301.5 295.2 286.4 271.2 261.7 254.3 249.9 243.3 239.7 244.7 240.8 232.1 227.2 228.4 230.3 229.8 217 217.3 221.3 218.6 215.7 216.3 218.3 215.4 209.2 205.9 203.7 203.4 199.3 189.6 186 189.5 192.1 199.3 197.1 193.1 186.7 185 184 179.1 171.3 183.3 182.9 177.3 174.3 173.6 173.8 169.7
236.3 222.6 219.5 239.4 251.7 254.6 256.7 257 259.2 260.7 259.3 259.3 256.7 247.9 247 250.2 256.1 267.4 277.8 286.9 291.7 294.5 295.9 296.6 301.3 312 318.8 322.1 322.2 319.7 314.8 312.1 304.7 291.3 274.7 265.1 261.9 248.6 244.7 248.7 243.3 235.2 228.9 229 229.7 228.7 221.2 217.9 221.4 210.1 207.6 211.7 212.6 210.7 205.1 196.3 196.9 197.7 193.3 188.1 182.5 183.3 184.7 188.6 193.7 191.9 186.8 184.1 180.1 174 177.5 189.6 185.3 178 174.4 173.4 173.4 173.3
237.3 221.9 218.4 228.2 243.2 244.9 247.3 248.9 250.4 249.6 249.8 249.8 245.3 244.9 251.9 261.6 277.2 288.8 299.1 307.4 312.9 314.6 316.4 315.1 319.5 326.6 330.9 331.4 332.9 332.4 328.1 323.2 317.8 307.7 289.2 278.3 265.1 251.4 250.6 251.9 244.3 236.6 230.4 228.3 223.1 222.3 219.3 215.4 210.4 197.2 192 191 193.4 195.4 192.4 189.9 192 194.9 192.8 188.9 184.3 181.6 181.7 184.9 190.9 192.8 190.3 186.3 172.9 175.6 184.2 188.1 185.9 179 174.8 173.7 173.3 172.9
235.8 223 214.4 219.6 233.1 236.9 238.9 239.9 238.1 237.6 237.3 241.7 243.9 253.1 266.1 283.2 299 310.7 321.4 325.8 328 329.5 328.9 329.4 331.7 336.7 340.1 340.9 341 340.5 337.3 333.1 324.6 319.1 303.1 287.4 272 256.7 251.3 248 239.4 234.8 231.7 224.8 216.6 214.5 211.8 209.4 200.4 179.8 177.5 177.9 176 175.6 175.4 175.1 175.7 177 180.1 184.7 183.8 179.8 179.8 182.2 185 186.4 185.2 179.3 175.3 178.4 184.6 183.7 181.5 179.2 175.6 173.8 173.1 173
233.2 228.3 212.7 215.2 226.5 230.7 233.5 232.6 232.5 235 236.9 240.8 248.4 262.2 281.8 298.3 313.3 323.5 331.2 335 335 335.5 335.5 335.9 338.2 342.2 347.5 348 347.5 346.9 343.9 339.4 332.4 324 309.4 290.2 272.4 253.4 245.3 236.9 229.8 224.1 221.8 219.4 213.2 207 202.6 201.8 196.1 178.6 188.2 196.3 193.9 191.5 187.8 186.6 183.2 181 179.6 175.3 174.7 174.4 175.2 179.2 181.3 178.3 177.6 172.8 179.1 183.2 185 184.4 185.2 186.1 181.5 178.3 175.9 174.7
229.9 227 212.4 212.1 218.4 226.4 228.6 230.1 231.8 233.5 237.4 243.1 247.6 257.9 276.6 299.1 317.5 327.3 332.8 337.4 337.2 337.4 338.2 339.5 341.6 344.5 349.4 350.5 350.8 350.6 348.8 343.3 333.9 323.8 306.4 288.3 268.5 248.7 237.8 229.1 219.9 210.8 211.2 211.2 207.5 200.3 197.5 196 191.3 181.9 182 199.7 200.7 200.4 197 191.8 187.8 184.1 180.8 178.8 178.9 178.6 178.4 176.3 178.5 177.9 173.3 179.2 181.4 183.9 186.2 192.6 194.2 189.7 190.1 190.9 191.7 190.7
227.5 224.8 215.7 208.6 212.8 221.5 223.8 226.2 228.3 230.5 234.5 240.2 244.5 252.7 266.1 286.7 310.2 324.1 329.1 335.8 336.2 336.4 336.4 337.8 340.5 343.3 346.5 348.8 350.8 350.3 349.9 344.4 333.5 321.2 302.7 281.3 259.8 245.8 235.6 226.8 217.2 206.1 200.9 201.3 200.4 198.6 196.3 194 186.8 182.5 179 196.8 201.2 197.4 196.1 193.8 192.1 185 182.4 180.1 179.4 178.7 178.4 178.4 175.9 173.2 182.7 182.9 184.3 186.6 189.8 191.3 195.6 197.8 200.4 200.5 203.7 203.8
226.3 221.7 215.5 205.6 210.8 221 222.1 223.6 223.3 225 229.8 234.2 242.2 249.6 258.7 277.9 300 314.6 323.7 331.7 331.7 330.6 331 330.6 334.5 338.1 340.9 343.6 346.2 348.2 347.4 341.8 329.9 315.4 293.6 271.1 258.1 248.9 238.4 226.5 215.2 203.8 198.2 196.7 195.8 196.4 197 194.8 187.7 182.3 178.6 193.7 201.4 197.6 198.4 195.9 194.1 185.5 181.4 180.5 180 179.4 178.7 178.2 182.4 186.4 185.8 188.5 190.8 192.6 195.8 201 205.4 210.3 215.5 218.5 219.3 219.7
222.3 217.6 213.2 207.4 207.4 220.1 219.5 220.8 216.6 218.4 223 227.3 235.9 244.2 253 269.6 289.9 305.5 317.4 326.6 327.2 324.1 324.2 322.3 325.8 329.1 333 336.1 339.9 343.2 344.2 339.7 327.7 305.8 285.5 262.5 251.7 245 235.4 223.7 214.6 206.9 198.9 195.5 194.4 192.3 193.1 193 189.7 181.9 180.4 189.6 194.9 194.8 199.5 200 199.1 189.9 181.3 180.7 180.7 179.8 179.1 189.3 191.1 192 193.1 196.8 200.9 204.9 209.1 212.7 221.8 228 235.6 239.9 246 247
213.1 212.3 209.7 205.6 205.8 212.3 214 215.1 213.9 213.7 216.5 221.5 228.5 238.5 247.7 260.6 278.6 293.4 305.6 317.9 320.9 316.1 315 313.8 314.1 317.7 321.6 326.8 330.9 333.2 336.9 332.9 323.4 295.7 275.5 255.1 245.8 235.9 227.8 219.2 212.1 205.4 199.9 197.1 192.9 191.2 191.4 190.2 185.5 181.3 183.7 187.1 185.8 191.2 197.2 201.7 202 200.1 187.4 183.3 185.3 189.2 194.3 197.2 202.2 204.5 209.1 213.1 218.1 221.9 225.7 228.5 240 247.7 254.9 259.5 262.4 261.1
213 210.9 210.5 204.8 205.2 211.4 210.1 208.6 210.8 206.6 207.1 212.7 221.2 232 241.4 255.1 271.7 283.1 293.6 305.3 310.1 306.3 305.4 305.5 301.7 305.7 308.5 313.7 320.6 327.5 326.6 321 306.5 285.8 264.3 246.2 233.9 224.4 219.3 211.8 206.7 201.7 198 195 192.6 190.9 190.1 190.6 183.2 178.3 188.6 198.5 188.7 186.8 192 193.7 197 199.6 196.6 196.3 197.6 202 209.2 215.3 218.2 221.5 223.7 226.1 231.6 235.2 239.2 245.1 249.7 256.8 263.8 269.4 268.6 267.9
214.2 211.2 210.8 204.2 201.4 205.9 201.7 199.8 198.7 198.8 198 197.3 211.3 225.6 234.1 246.6 260.3 274 285.7 294.5 298.5 295.5 297.2 296.1 293 296.3 300.4 303.7 308.6 310.6 309 301.4 288.1 270.7 252.8 238.1 224.3 216.4 211.4 206.2 202.7 198.9 194.9 192.9 190.8 189.5 187.4 184.7 182.5 180.4 197.4 198.2 194.3 189.1 191.5 193.5 196.2 198.1 201.3 204.2 210.1 217.3 223.8 226.9 228 231.3 235.7 240.8 244 246.6 248.7 253.6 256.5 259.9 266.1 268.8 270.1 272.7
206.6 205.9 204.3 199.4 195.1 194.6 193.1 194.9 198.1 198 198 197.5 197 219.9 229.4 242.6 252.6 264.3 276.6 282.8 285.7 286.6 287.9 286.1 283.8 284.7 288.1 290.6 294.8 291.5 287.2 279.1 267.7 256.2 243.3 230.1 217.4 211.6 207.2 204.4 200.3 196.8 191.7 186.3 185.1 186.1 184.8 183.5 181.6 185.5 196.7 197.2 194.2 194 194 197.6 202.9 207.3 212 215.9 220.4 224.6 231.2 234.5 238.6 239.7 243.1 249.2 250.6 253.5 255.6 258.7 261.2 263.6 266.6 267 270.1 275.2
201.2 199.7 197.1 200.3 201.7 202.4 202.1 204 204.2 206.4 202.9 199.8 193.7 209.6 224.7 237.5 247.8 256.5 265.2 272.1 275.8 276.7 278.2 277.5 274.6 274.8 277.1 277 278.8 276.8 271.2 261.5 254.6 243.5 234.9 222.1 212.4 206.7 204.3 202.8 198.7 195.2 187.2 185.2 184.7 184.3 183.9 183.5 179.3 186.3 193.9 193.8 195 196.9 195.9 199.8 205.8 211.3 217.5 223.1 226.6 229.8 234.9 238.7 243.1 247.2 251 254.4 257.8 259.7 261.2 263.2 265.9 268.1 268.9 268.8 271.1 276.3
200.4 199.2 199.5 204.2 210.8 214.5 213.3 210.8 211.8 212.7 205.3 202.2 199.1 194.4 207.3 229.7 242.2 251.2 258.2 262.9 266.3 267.7 268.5 268.4 265.8 264.4 266.3 267.6 264.4 259.7 254.8 248.7 243 234.3 226.6 214.7 208.7 202.5 200.7 198.5 195.8 190.4 187.1 184.8 184.3 184 183.6 183.9 179.9 189.2 191.6 193.6 199.2 197.5 197.5 202.8 209.4 215.1 221.8 225.5 229.9 234.9 239.9 244.1 249.7 255.6 259.1 262.4 262.9 264.1 266 267.9 270.4 270.6 270.1 269.8 271.4 275.7
199.8 199.7 202.6 210.8 213.7 215.5 214.5 215 213.8 211.7 206.6 205.4 202.8 198 192.5 205.8 235.1 244.4 249.5 253.4 255.3 259 260.6 260.6 259.1 258.5 257.7 256.7 253.9 248.9 245.5 240.2 234.5 227.8 216.8 209.7 203.1 200.3 198.5 196.7 194 188.6 186.3 184.8 184.1 183.7 183.6 181.9 184.1 189.8 194.2 197.1 199.6 203.6 204.3 206.5 214.5 219 225.2 229 233.7 238.8 245.5 252.3 260.5 263 264.8 265.5 266.5 268.2 270.9 272.8 272.6 271.5 271.2 270.8 271.4 274.5
201.7 200.9 210.6 214.5 216.1 216.3 216.3 218.3 216.3 210.7 209.6 209.7 207.3 205.8 200.1 193.8 220.9 235.1 239.8 242.3 244.9 250.3 252.7 254.1 251.8 248.1 245.9 245.1 241.6 238.9 237.1 234.1 228.4 221 211.6 206.8 201.5 199.1 197.5 196.7 195.7 186.8 185 183.6 180.9 180.6 184.1 184.9 185.6 193.2 200 203.8 206.3 211.4 213 207.5 218.7 224.6 229.4 232.8 237.5 244.3 252.8 259.7 265.7 268.3 268.3 268.9 271.7 274.3 276.4 275.6 274.6 272 271.4 271.3 272 274.8
202.4 200.9 211.7 217.6 219.6 218.6 221.3 221.3 218.4 212.4 211.3 210.2 208.7 211.2 204 189.8 207.7 224 229.6 231.1 236.2 240.7 243.5 244.8 244 238.7 238 235.5 232.5 230.6 229 226.8 221.8 214.5 208.5 203.7 198.9 197.4 196.6 192.3 181.8 181.8 183 183.6 184.2 184.4 184.4 188.7 195.1 199.1 207.1 210.7 213 217.2 218.6 215.7 217.9 227.3 231.7 236.4 241 250.6 258.8 265.9 269.9 270.3 271.1 272.4 275.4 278 278.4 276.1 274.4 272.4 271.2 271.3 274.7 276.2
199.6 207.8 221.5 223.6 223.8 225.6 224.1 224.1 220.7 214.4 213.1 209.9 211.2 211.6 202.4 190.4 206.4 214.8 220.1 224 227.8 232.2 234.7 235.8 233.3 232 231.5 227.4 224.3 222.6 219.6 216.3 212.2 207.6 204.6 201 197.5 194.9 192.6 188.5 184.9 184.9 185 184.7 184.6 185 187.9 195.6 202.7 208.4 210.9 214.9 218.4 221.5 224.1 224 217.2 223.1 231.1 237.3 243.6 254.4 260.8 268.5 271.7 272 274.4 275.2 277.6 280.6 279.2 276.9 274.4 272.8 271.3 271.1 275.1 275.3
203.6 212.8 227.3 232.1 230.2 230.3 227.4 225.8 228.5 221.4 215.7 211.7 210.4 206.9 201.5 194.7 201.6 210.7 213.8 216.9 220.1 224 225.8 227.1 227.4 226.5 223.5 222 219.7 216.6 214.7 210.7 206.7 203.1 201.1 199.5 194.3 190.9 189.5 188.2 184.5 185.3 185.5 185.9 185.5 188.6 195.5 201.7 206.2 208.9 211.5 219.4 224.5 223.8 226.8 230.6 227.3 222.2 227.1 235 242 253.4 261.7 269.3 271.7 274.1 276.3 276.6 281.1 281.8 279.5 276.9 275 273.1 271.6 270.6 274 274.5
207.8 217.8 228.9 234.7 234.8 235.9 231.6 228.5 231.1 227.6 218.3 212.9 209.6 205.5 201.4 196.5 196.1 203.7 207.9 210 211.8 213.6 217 219.2 220.2 219.4 219 215.8 213.6 211.6 209.5 206.3 203.5 201.6 202.7 203.6 196 189.9 187.6 186.2 182.8 185.3 185.4 188.9 193.2 199.2 201 202.1 207.9 207.5 213.1 222.5 228.6 229.7 232.2 233.9 232.5 227.9 221.9 231.3 240.1 249.2 259.8 269.3 271.1 273.5 276.5 275.7 278.2 279.9 278.2 275.6 273.1 270.7 270.1 269.6 272.9 274.1
214.2 223.4 229.3 233.8 237.5 239.1 236.4 233.8 233.3 231 223.7 215.4 210.6 205.6 201.2 196.2 194.1 196.9 198 199.1 204.2 205.9 208.7 211.2 211.8 211.6 212.3 211 209.6 207.6 205.3 206.5 202.6 203.5 204.1 202.8 194.1 188 187.3 186.5 182.2 186.6 190.9 194.2 198.9 201.9 202.3 203.4 207.5 208.3 211.8 222.4 227 232.7 236.2 235 232.7 228.7 223 230 238 245.1 254.7 266.4 270.1 270.7 272.5 273.1 273.7 275.3 273.6 272.3 270.8 268.2 269.6 268.8 272 272.8
217.8 228.4 232.8 236.8 240.9 242.8 242.7 240.5 235.7 232.9 229.4 219.3 210.8 205.9 201.7 196.8 187.6 195.1 196.1 196.6 196 195.3 199 201.7 203.3 202.8 206.7 207.6 206.6 204.4 202.2 203.1 202.6 204.4 204.1 199.7 189.2 187.3 187.2 186.8 182.6 189.4 195.5 198.9 201.6 202.4 204.8 207.1 206.8 208 211.1 218.7 224.5 232.6 236.7 234.1 232.1 229.9 227.7 228.2 234.6 242.8 249.5 256 263.5 266 266.2 267 266.7 268.3 267.4 267.3 266.7 265.9 269 267.8 269.5 271.6
221.3 232 237.6 240.3 244.2 244.9 246.7 244.8 240.3 236.6 233.2 224 213.2 207.6 204.4 201.4 188.8 194.2 194.3 194.7 194.5 194.6 193.7 192.4 193.5 195.1 192.9 198.2 203.2 202.5 200.1 199.2 200.4 201.1 199.1 190.9 188.1 187.2 187.6 187.9 183.5 190.1 196.1 198.4 201 202.9 208.6 206.8 207.8 209.1 216.7 219.5 222.7 231.8 236.7 233.3 231.3 230.4 229.3 226.4 230.3 237.1 243.1 245.6 252.3 255.9 257.4 259.4 260 261.2 261.9 262 262.8 263.1 266.8 268 269.6 271.4
226.6 232.9 241.2 245.7 246.9 248.4 250.9 250.5 247.9 243.5 238.4 227.4 216.3 212.2 210.8 208.1 196.9 194 194 193.8 193.4 193.1 192.9 191.6 190.2 185.8 190.4 190.4 190.3 190.2 195 196.8 196.7 192.3 189.8 188.5 186.3 187.1 183.7 185.5 188 189.6 195.2 195.9 196.1 202.1 206.9 206.8 210.7 212.5 217.9 226.7 230.5 230 234.5 233.1 232.1 230.1 230.2 229.8 229 234.1 239.5 241.6 243.7 247.2 249.4 250.5 254.2 256.4 258.3 258.8 260.6 262.2 264.9 267.1 268.7 271.2
230.7 236 242.9 248.8 250.7 253 255.4 256.6 255.1 249.8 246 236 222.9 216.8 213.3 208.8 201 192.4 193.7 193.4 193.1 192.9 192.7 192.2 187 193.5 192.9 190 186.8 186.9 187.5 189.1 188.9 188 188.3 187.9 185.1 186 188.2 189.2 188.8 189.6 196.9 197.4 197.2 196.6 198.8 206.5 207.5 210.4 217.8 226.5 231.4 231.5 234.2 235.8 234.8 233.7 232.8 233.5 235.2 236.5 236.4 237.6 239.9 241.3 244.4 246.8 251 253.8 257.1 258 259.8 260 261.9 265.3 267 270.1
233.4 238.9 245.8 252.3 256.6 260 262.5 263.4 262.5 257.9 254.3 244.2 229.1 222.7 217.5 211.5 205 195.7 192.4 192.4 193 192.3 191.8 192.2 195.5 196.4 194.9 193.7 192.7 192 191.5 188.2 188.1 188 189 190.2 190.2 190.3 196.5 198.5 189 189.2 194.9 197 198 195.9 196.9 200.7 204 211.7 213.8 221.2 227.1 230.9 236 236.7 236 237.4 237 236.9 240.7 239.5 240 242 245.3 247.1 250.6 252.5 255 256.1 258.3 260 261.1 261.7 262.4 264.7 266.2 268.5
240 244.5 248.9 258.1 262.8 266.5 268.8 271.4 270.9 267.1 262.6 254 236.5 231.3 222.7 215.5 211.4 207.9 201.9 190.5 189 188.8 188.6 195.1 204.3 201.9 198.9 197.1 195.6 193.4 193.1 192.2 192.2 192.6 195.6 194.1 193.4 193.9 200.7 202.5 193 187.9 187.5 188.5 190.2 191.5 199.8 201.8 209.1 216.6 220.6 222 223.9 230 235.7 238.3 240.2 241.5 240.5 240.3 243.2 242.5 242.7 244.7 249.5 252.6 255.7 257.6 258 259.3 262.2 264.2 265 265.3 265.4 266.6 267.4 268.8
245.6 250.3 254.8 262.7 269.6 272.8 275.4 277.6 279.3 277.6 272.6 263.2 252.2 243.5 231.3 220.7 216.9 213.8 210 205.6 198.1 203.1 205.9 208.7 207.1 204.2 202.7 202.1 203.7 199.1 199.4 203.4 204.8 202.2 201 199.3 199.1 195.2 196.2 197.8 193 191.3 191.6 191.5 189.6 189.7 199.6 204.9 212.4 219.1 218.6 222.9 227.4 229.8 235.8 242.5 245 244.4 243.3 243.6 245.7 246.4 247.2 252.3 254.5 257.5 260.1 260.8 262.2 267.8 268.3 269.2 269.6 270.4 269.2 269.5 270 272.2
250.5 256.2 261.7 268.2 273.3 277.2 281 285.1 287.3 287.5 284.1 273.5 261.9 252 240.9 229.9 224.8 220.4 215.3 207.4 208.7 210.3 211.8 212.3 210.5 208 208 208.9 211 209.4 210.1 210.6 213 211.5 208.5 205.1 200.5 196.8 194.9 193.9 193.2 192.3 195.7 199.1 194.1 190.4 189.9 201.1 203.8 209.2 212.4 219.6 228.1 234.4 236.6 243.7 247.1 246.2 245.5 245.6 247.6 249.4 254.4 256.9 259.7 263.1 264.8 267 269.7 274.5 276 276.5 277.5 275.5 274.2 273.6 273 277
253.1 260.2 268 274.2 279.2 282.8 288.9 294.7 298.2 298.3 294.7 287.1 276 263.5 251 242.6 234.8 225.7 217.7 214.3 218 219.1 218.8 218 217.4 215.2 213.5 214.7 217 218 216.9 217.8 218.7 215.8 211.1 205.6 201.9 198.2 196.4 194.9 193.5 193.1 198.1 200.2 198.9 190.1 190.3 193.6 199.1 201.3 208.2 218.4 230.1 238 241.2 243.5 245.9 248 248 248.7 250.9 255.6 257.8 261.5 266.6 270.2 274.2 276.9 280.7 281.5 282.6 283.9 280.8 278.7 277.8 278.1 280.1 283.1
