public/OST50/SN98.asc
ncols 200
nrows 200
xllcorner 290000
yllcorner 280000
cellsize 50
[rows 70 to 104 of 200, columns 0 to 77 of 200]
295.4 288.1 282.7 275.2 270.8 265.4 263.3 258.8 256 263.2 261 256 249.1 245.4 248.4 255.1 267.4 287.8 310.6 300.7 286.1 272.2 264.3 258.4 247.7 245.4 245.3 246.8 242 238.1 230.8 225.8 214.7 211 203.2 198.2 200.1 206.6 215.2 219.9 221.7 221.6 222.5 218.1 234.4 245.8 255.3 253.9 246.9 238 232.6 228.6 226.5 224.8 225.7 228.5 228.7 236.8 250.4 257.8 261.6 266.2 274.1 289.7 294.5 297.5 296.9 295.4 289.5 283.8 282.4 280.6 279.9 275.9 275.9 272.1 270.5 267.4
274.9 267.9 261 257.2 259 258 258.5 257.8 256.3 255.9 252.8 248.3 238 239.5 237.8 237 242.4 257 285.5 307.1 293.9 281.2 266.6 255.2 245.6 242.1 243.2 244.8 241 238.4 231.3 224.9 215.3 212.2 204.8 200 198.7 203.3 203.2 208.9 212.9 213.6 214.1 218.8 228.3 234.4 241.3 243.8 237.3 227.9 223 221.9 219 218.2 221.6 222.5 233.4 245.3 252.3 256.1 256.5 260.6 274 284.4 290.1 294.1 297.9 292.4 284.7 279.9 280.5 275.7 272.7 270.9 271.2 266.5 263.9 262.6
267.8 268.4 269.1 268.2 270.3 272.1 272.7 273 272.2 268.7 263.6 258.3 254.2 245.8 242.1 239.3 236.1 236.2 254.9 277.9 292.5 278.6 263 253.2 245 237 243.6 241.8 236.7 235.4 232.6 225.7 215.7 211.6 207.5 202.3 195.9 203.4 202.8 201.2 207.8 209.5 209 217.1 219.6 224.7 230.1 229.4 223.5 217.7 216.2 215.7 213.8 213.3 214.8 223.9 234.9 243.1 243.8 247.7 248.2 257.5 271.7 283.6 288.1 294.3 293.9 288.2 280.8 273.1 271.1 264.3 263.3 265.4 264.5 260.4 255.6 259.5
279.1 281 285.9 290.2 294.4 298.2 300.4 298.8 297.8 293.5 287.3 281.2 278.7 272.9 259.8 251.1 243.4 241.2 235.3 244.9 265.4 262.9 254.1 245.9 239.1 234.2 235.8 239.1 232.8 228.1 225.9 217.3 213.9 208.8 201.8 198.8 194.9 194 197.2 198.8 203.1 205.2 208.6 211.4 213.1 215.9 215.6 212.8 213 212.4 210.6 210.5 209.6 209.2 205.8 216.8 224.6 233.7 237.7 238.9 237.5 248.4 268.9 277.1 279.4 286.7 289.5 282.7 275.2 267.1 259.5 252.5 255.6 262.5 260 254 248.8 254.8
296 298.6 306 313.1 317.3 317.3 318.1 319.2 316.2 312.8 310.6 306.3 301.5 293.5 280.5 266.9 252.7 244.6 240 232.5 236.6 252.3 244.5 237.2 233.4 230.7 229.2 230.6 227.1 223 218.2 213.8 210.3 209.9 207.5 206.8 206.8 205.3 197.3 197.6 196.3 199.8 201.5 204.9 208.2 209.2 207 206.1 207.2 206.1 205.9 205 204.6 204.1 202.1 204.6 212.1 222.1 225.5 230.2 225.6 238 254 264.6 272.1 281.4 283.2 277.2 268.1 258.7 245.5 241.6 254.9 258.5 256.5 247.3 242.3 252.8
310 311.9 317.5 323 325.6 326 325.4 324.7 323.4 321 319.4 317.2 311.8 307.3 305.2 285.1 267.4 248 239.8 233.7 229 231.9 230.7 228.9 227.6 226.6 224.9 225.2 222.2 218.4 214.2 211.6 217.3 218.3 217.5 213.7 210.6 206.2 204.2 200.7 194.3 195.8 196.1 196.2 196.5 200 199.4 198.7 199 199.9 201 199.8 198.7 197.8 197.9 198.3 201.6 207.5 211.8 218.9 216.5 225.6 233.1 249.8 257.1 264.9 268.9 264 256.7 247 234.8 239.7 253.5 251.3 250 241.5 235.4 242.6
318.2 319.7 324.4 328.9 330.4 329.6 328.6 326.8 325.6 323.3 321.6 320.1 317.2 313.1 312.5 308.1 284.4 266.2 248.7 236.4 230.7 226.6 223 222.6 222.2 221.1 220.1 219.8 216.6 214.8 213.3 216.4 227.5 227.2 229.8 219.8 212.7 207.6 206 204.5 201 194.6 190.8 194 193.8 193.6 194.2 193.2 193.6 194.7 192.5 190 188.9 188.4 188 187.8 188.1 201.3 200.7 207.2 207.6 213.5 219.3 226.5 236.1 242.5 244.9 246.5 242.6 233.7 225 242.4 246.9 242.2 240.4 231.2 230.7 243.3
323.4 324.3 327 329.3 329.4 329 327.3 326.3 324.1 321.5 319.7 317.7 314.4 308.9 309.7 301.3 289.4 271.4 248.3 234.5 230.5 228.3 226.4 224.4 222 220.1 219.4 219.5 217.9 222.3 223.8 227.6 230.7 230.5 227.4 221.9 212.2 210.7 209.3 207.7 206.9 203.1 202.4 197.6 192.3 192.8 192.4 191.9 191.5 190.8 187.3 191.3 191.6 191.8 191.2 189.2 187.9 187.4 192.6 197.5 202.6 204.8 207.1 209 214.2 218.9 222.1 225.7 225.4 217.4 224.5 234.9 229.6 227.8 225.1 218.4 234.6 245.7
325.1 324.2 324.8 325.1 324.5 323.7 322.5 321.6 319.1 315.9 313.1 309.8 305.2 297.9 297.6 281.7 270.1 250.5 237.5 237 236.9 234.5 230.5 230.3 229.6 227.5 228.4 230.6 235.8 236.5 237.8 236.3 233.4 230.6 226.3 222 220.7 216.6 213.5 211.6 210.6 208.2 206.5 204.2 202.6 201 195.5 189.3 195.4 195.9 198.5 196.8 196.1 195.4 193.1 191.9 190.5 187.8 184.4 192.5 196.1 197.9 198.5 197.8 198.1 199.8 205 211.3 210.8 210.6 215 218.7 215.2 215.1 212.1 222.3 231.5 241.9
322 320.5 320 319.7 318.3 317.2 317.5 313.7 311.4 307.4 302.9 297.2 286.1 271.7 272.1 262.9 249 249.9 258.8 265 263.5 255.7 246.6 249 250.8 248.6 247.8 248.3 255 252.7 250.8 242.3 236.4 233.8 232.4 232.5 236.1 230.5 230.3 218.9 219.2 214.6 212.3 210.4 208.4 206.1 205.3 199.6 202.9 202.7 201.7 199.7 199.5 199 197.5 196.5 194.9 192 188.8 185.7 187 190.7 189.6 189.4 189.5 190.1 194 199.5 198.7 201.3 205.1 201.7 202.9 203.6 201.5 217.5 226.2 235.7
318.7 318 316.7 315.1 313.3 311.1 308.8 303.9 293.5 291.9 282.8 274.5 269.7 273.8 268.6 260.7 269 284.2 291.3 295.9 292.6 284.3 279.1 280.9 283.6 277.2 273 270.6 269.5 265.5 257.3 248 242.8 240 239.3 238.4 244.9 245.6 241.5 238.7 233.9 233.1 229.6 225.5 219.8 214.5 210.3 205.8 209.8 207.2 206.5 205.2 204.3 203 201.2 199.6 197.7 196.2 193.3 190.5 188.4 186.4 184.7 182.2 183.1 183.8 185.9 188.8 189.8 190.8 193.8 192.9 192.8 191.4 203 212.1 210.1 233.2
318 319.6 320.1 321.5 322 320.3 320.1 317.8 316.8 314.8 301.2 305.4 300.9 301 297.3 288 299.9 308 312.7 314.8 312.2 310.6 310.4 305.3 315.7 302.9 297.8 292.1 283.6 271.5 267.6 262.5 259.6 255.8 251.7 248.9 251.3 249.5 243.5 245.8 252.4 254.6 246.6 238.1 231.9 228 220.1 213.9 212.7 210.6 211.3 210.2 208.4 207.5 205.1 205.7 203.1 199.1 195.9 194.6 193.6 192.4 190.2 189.3 183.5 181.7 181.3 179.1 179.2 183.5 184.7 184.2 185.5 186.7 195.5 199.7 200.9 214.5
320.2 323.8 325.7 327.8 328.1 328.8 329.4 329.2 327.7 326.9 324.4 324.2 322.3 322.6 320.4 317.7 323.4 323.9 321.8 321.3 319.7 319.9 319.1 316.8 317.6 318.4 309.7 304.2 298 290.2 287.2 282.2 278.4 275.2 271.7 267.3 263.2 253.6 253.2 261.1 271.2 266.2 257.1 245.9 243.3 238.4 232.5 224.1 221 221.3 219.6 216.4 215.3 212.9 209.8 212.5 208.2 202.3 200 199.6 197.7 195.4 193.8 192.7 190.9 189.5 189.1 188.8 187.8 182.3 178.1 179 178.3 179.6 179 183.9 190.7 199.2
326.7 329.8 332.5 334.2 335.1 335.6 336 335.3 334.9 333.7 332.9 332.7 332.4 331.4 328.2 327.1 327.7 327.3 325.4 322.6 322.4 320.6 320 319.1 317.8 320 320 316.4 310.5 303.7 298.3 294 290.9 287.9 282.2 275.8 270.1 256.6 265.7 276.1 277.7 271.8 265 260.2 257 252.5 240.8 238 237.4 238.9 236.8 233 226 220 215.9 215.2 213.3 205.6 206.1 203.9 201.9 199.1 197.6 196.7 195.7 196.1 198.2 200.7 200.3 195.2 186 184.1 185.2 186.7 183.8 179.2 176.6 187
332.7 335.9 338.2 339.6 340.9 341.2 340.4 339.6 338.5 337.3 336.5 335.6 334.7 332.3 329.4 327.1 327.4 327.8 325.6 322.7 321 320.9 319 318 317.3 318.7 320.3 319.9 317.8 311.8 308.2 305.5 300.5 295.5 289.1 282.5 272.8 264.6 271.6 279.6 281.9 277.3 273 272.1 268 261.6 259.6 258.1 257.8 256.4 252.4 244.7 235.5 227.7 224 220.2 216.8 215 214.8 211.7 208 208.6 208.5 208.4 203.2 203.1 204.7 210.3 210.3 205.4 200.5 194.1 190.6 191.6 187 184.2 180.5 174.8
339.3 341.5 343 343.8 343.9 343.2 341.9 340.3 338.6 337 335.3 333.6 332.5 329.1 326.2 324.4 324.8 325.1 324.1 321.8 319.9 317.9 317.1 316 316 316.3 318.3 318.1 319.2 319.5 318.5 312.7 305.6 299.3 291.8 284.6 276.5 272 274.8 279.5 280.6 279.9 280.5 278.5 275.2 274.8 274.6 274.5 276.9 270.6 262.3 252.3 241.7 233.6 231.1 226.3 221.5 224.5 222.6 221.1 223.8 226.6 229.2 224.4 213.4 209.9 207.8 208.9 208.2 203.8 198.5 195.7 199.3 200.4 196.8 192 185.7 184.7
345 345.7 345.5 345.2 344.1 342.6 340 337.6 335.2 333.6 331.4 329.4 326.9 324.1 320.7 320.6 322.1 322.3 321 318.9 317.8 316.1 313.1 312.1 312.6 312.9 313.5 315.7 318.5 321.4 320.1 313.9 307.5 300.5 293.7 286.2 281.7 280.6 282.5 283.8 283.6 285.7 284.9 281.8 281.9 287.2 286.4 287.2 286.8 278.8 269.3 252.9 250.1 245.6 238.4 233.4 230 234.6 234.8 232.7 239.2 245.3 245.3 242 232.8 225 218.2 213.4 207.8 205 201.6 201.1 201.8 199.6 196.6 193.9 189.9 185.3
348.2 347.6 346.5 344.9 342.3 339.3 335.9 332.2 330.8 329 326.1 323.8 321.1 319.1 316.1 317.7 318.6 317.8 316.7 315.1 313.5 311.8 310.2 308.2 308.9 308.7 310.1 313.2 317.2 321.9 320.5 315.1 308.2 300.5 295.9 292 287.3 287.5 290.8 290.3 288.6 290.9 288.1 287.5 292.9 294.6 294.2 294.9 291.3 284.8 276.1 273.8 266.8 259 253.6 252 249.4 248.8 244.1 249.6 255.8 260.9 258 256.4 248.9 242 232.4 220.5 212 208.2 207.2 206.4 203.3 198.6 196.1 193.7 190.9 190.3
348.8 347.5 345.5 342.2 338.2 334.5 331.4 327.6 326.1 324.7 321.6 318.5 316.4 315 312.9 313.8 314 312.9 311.8 310.5 308.9 308 306.7 306 305.2 305.2 307.3 310.3 317 320.9 316.9 312.9 309.8 306 301.1 295.9 293.4 292.1 293.6 290.6 288.5 288.9 292.1 293.9 298.7 297.5 296.4 296.5 295.9 293 291.4 284.5 277.5 266.3 269.7 266.5 265 262.9 260.2 265.6 272.4 268.5 266.8 267.6 259.2 248.9 235.6 225.4 228.3 224.6 219.3 212.9 209.5 204.7 201.1 197.8 196.1 197
347.1 344.4 341.7 338.1 334 330.3 326.4 323.3 321.5 320.2 317.6 315.2 312.8 311.4 310.4 307.9 309.8 309.5 308.8 307.8 307.2 306.6 305.9 304.9 305 303.4 303.8 307.8 310.6 314.1 312.5 311.9 311.8 307.5 304.1 300.1 297.4 295.2 294.9 291.2 285 286.3 292.2 296.3 298 297.6 298.6 299.4 300.7 301.1 299.9 292.9 286.6 282.3 281.8 278.8 277.8 274.7 272.8 278.5 280.2 278.7 280.1 275.9 265.8 256.7 240.3 247.9 246.1 240 230.2 229.5 226.6 222.1 217.1 214.9 216.4 215.2
343.1 340.6 337.5 333.5 329.4 325.9 323.2 319.8 317.3 315.8 314.7 312.1 310.8 307.8 306.9 301 308.3 307.6 307.8 308.2 307.7 307.2 306.8 306.3 305.6 304.3 297.7 303.1 305.2 306.9 306.2 306.7 308.6 307.9 306.6 303.7 301 298.3 297.3 292.6 280.6 282.1 290.2 296.3 294.6 298 301.6 303.8 306.9 308.3 306.7 299.1 292.8 291.3 288.3 290.2 286.5 281.7 284.8 287.5 289.3 292.8 286.4 280 272.5 261 260.9 261.4 257 245.4 249.1 246.8 243.1 239.7 234.4 238 239.9 235.1
338.7 335.5 332.3 328.6 324.8 322.1 319.9 318 315.2 312.2 310.5 308.5 307.5 306.5 301.8 292.1 305.1 306.5 308.9 309 309.2 309.2 308.8 306.5 304.8 303 299.9 296.1 299.8 300.9 300.7 299.6 302.2 303.3 303.7 303.8 305.3 302.4 298.4 291 274.6 276.5 284.7 290.9 290.2 297.7 305.5 308.6 313 314.1 310.8 303.7 299.8 299.4 299.6 294.3 293 288.2 292 295.6 300 297.7 291.5 284.9 277.2 265.5 270.1 269.3 265.4 261.5 260.8 258.3 256.6 255.3 254.9 256.4 253.1 237
334 330.6 326.2 322.9 320 318.8 317.5 316.2 314.1 311.4 308.8 300.5 302.7 300.4 290.4 290.8 305.4 307.4 309.5 309.8 310.1 308.6 307.4 305.3 303.3 302.3 298.9 294.9 291.2 293.8 294.2 290.9 293.7 297.4 298.6 298.9 300.8 298.3 296 279.2 267.2 269.5 279.7 281.9 287.7 299.2 308.4 312.9 317.5 317.2 311.9 306.4 304.6 302.9 298.8 296.2 293.5 292.6 297.3 300 301.6 299.9 294.1 287.6 278.9 271.2 274.9 274.5 272.1 271.5 271.6 267.9 268.2 266.6 265.6 261.6 253.3 255.2
329.6 324.8 321.9 319 314.7 314.2 313 310.4 309.3 307.9 305.8 300 287.7 288 278.9 294.9 303.9 306.5 310 309.4 308.4 305.6 304.5 303.3 302.2 301 299.5 289.8 277.8 281.8 285.5 277.2 286.1 288.5 290.8 290 287.2 287.3 279.1 269.3 262 263.5 274.8 275.3 284.3 298 308.8 314.3 318.1 314.5 311.2 307.6 304.3 299.9 296.7 295 293 296.1 297.2 298.6 302.3 300.9 294.5 287.4 279 277.1 280 279.1 279.2 279.4 277.4 274.8 274.3 271.7 268.7 264.8 266.7 265
325.4 320.6 316.1 312.8 310.9 306.2 307.2 305.1 303.5 301.6 298.5 293.3 286.7 273.5 285.6 298.6 300.9 304.8 308.8 307.7 305.8 303.3 303.7 303.5 301.5 301.4 300.6 296.5 291.3 277.7 263 269.3 271.9 273.8 277 276.2 275.6 275.4 269.5 261.5 259.3 259.2 261.6 266.4 274.8 293.9 301.4 310.5 313.8 311.9 308.2 302 296.9 293.2 293.4 293.2 290.5 290.6 289.1 297.6 301.7 299.8 292.6 285.5 280 280.5 282.5 284.1 284.1 283.8 281.4 278.6 277.8 276.3 267.7 275.4 271 270.4
321.3 316.4 312.2 308.6 304.9 301.5 299.1 298.9 295.6 293 288.3 283.8 272.9 273.8 286.8 291 299.1 303.5 304 304 302.5 302.6 302.5 301 299.8 300.2 300.7 298 293.5 289.2 276.2 256.5 250.8 251.6 255 258.7 263.5 262.1 256.5 252.5 255.7 253.3 252.5 258.7 269 281.9 293.3 305.8 305.8 307.6 295.5 291 288.2 288.1 289.6 287.4 280.9 276.7 280.2 292.8 299.2 296 289.1 284 281 281.7 286.1 284.9 285 286.5 283.3 281.6 280.3 276.7 272.6 275.2 273.9 275.3
318.6 314.2 311.2 309 306.9 304.6 302.4 297.8 295.3 291.9 284.8 281.3 282.2 271.1 273.4 278 292.1 299.1 299.5 298.2 299.8 294.8 299.6 295.9 298.2 299.1 301.4 296.7 292.1 288.7 280.9 267.8 255.8 246 239.2 243.1 245.3 251.3 246.7 243.1 246.6 246.7 247.9 254.3 263.9 268.5 284.6 294 291.7 287.6 282.1 285.2 280.7 279.7 277.4 274.8 268.8 257.4 270.5 288.9 295.6 290.8 284.9 281.2 278.9 279.4 282.4 280.8 285.4 286.6 284.6 283 276.4 273.1 273.6 275.9 277.5 280.8
318.6 314.6 312.1 310 307.6 305.5 302.8 300 298.3 296 293.4 285.5 282 282.1 261.9 263.3 280.5 290.1 293.6 290.2 288.2 287.1 289.9 287.4 293.6 295.4 297.9 292.1 288.6 285.8 278.3 269 260.9 259.1 251.2 237.5 233.7 240.2 238.1 234.3 234.9 231.5 241.1 243.7 251.5 255.5 265.2 272.5 271.4 268.5 272.8 272.5 267 263.5 263.8 261.3 253.1 249.4 265.9 286 287.5 284.2 280.3 273.1 263.6 263.3 267 277.8 286.6 284.3 284.3 276.1 273.3 273.1 275.2 278.7 281 283
316.9 314.3 313.1 310.9 308.5 307.3 305 302.4 299.6 297.3 294.4 291.6 292.5 291.2 284.8 265.8 266.3 278.2 280.1 276.4 275.1 271.9 270 272.6 284.6 288.7 291 286.1 283.5 281.3 273.7 260 253.9 247.4 241.9 233.9 220.7 231.6 230.4 228.4 225.3 222.5 226.1 229.3 234.1 235.1 241.4 245.4 247.6 249.2 254.8 253 250.6 252.1 249.3 246.3 233.6 244.8 262.2 277.7 279 275.3 267.5 259.7 249.3 247.4 262.6 277 281.1 284 276.2 272.9 273.2 274.6 278.7 282 283 283.1
314.3 312.2 312.4 311.8 311 309.1 306.2 302.8 300.3 297.8 295 294.8 295.1 293.9 289.3 272.2 256.4 263.7 265.3 264.5 262.4 258.9 248.2 252.8 262.9 276.7 282.7 278.9 274.6 273.3 261.7 252.1 247.1 241.5 233.9 227.2 217.5 222.7 221 215.9 214.5 213.8 215.9 217.2 216.9 216.7 220.6 224.5 225.9 229 230.9 230.7 230 231.3 230.7 229.7 224.5 237.1 253.2 261.2 270 264.9 255.9 245 235.7 246.2 263.1 276.6 279.6 275.5 270.7 270.6 272.8 276.4 278.9 282.3 283.5 285.8
310.8 309 309.8 311.4 310.7 310.9 307.4 301.1 298.5 295.1 293.7 294.5 294 292.4 288.8 277.9 256 248.7 249.4 247.4 247.5 239.9 234.9 234.9 237.7 252.1 261.9 261.8 257.4 252.2 244 238.3 238.6 232.9 224.9 221.3 216.5 209.9 211.5 209.4 207.2 206.4 207.1 208.4 207.7 206 205.5 209.1 210.5 211.5 211.4 212 212.7 213.7 213.8 214.5 217 223 231.1 241.6 252.3 251.4 242.6 230 229.2 243.9 265.6 261.6 274 266.7 266.3 267.8 269.7 273.6 278.5 284.6 287.5 289.8
302 293.5 304.4 306.7 309.1 308.9 300.2 289.1 290 283.9 286.3 287.8 288.2 287.3 285.1 280 275.3 269.3 261.8 259.1 253.2 252.4 249.4 241.8 233.4 227.7 239.3 241.2 239.4 233.3 227 225 224.2 219.8 216.3 217.9 214.9 208.6 206.4 205.3 203.5 201.6 201.9 201.3 196.2 196.5 197 197.9 199.9 199.9 198.8 200.3 200.6 200.9 201.1 202.4 204 207.4 212.8 219.3 229.6 230.2 226.8 220.1 226.2 244.1 254.5 255 259.5 261.9 260.4 257.6 258.6 275.3 285.4 288 289.6 290.5
276.8 282.2 285.7 292.9 302.3 287.1 273.1 269.4 266.2 266.2 268.3 268.8 271.8 273.6 272.3 268.4 266.2 274.9 275.9 268.4 260.5 250.3 242.9 237 233.5 231.8 218 223.3 224.4 219.5 214.8 212.3 212.6 210.9 209.6 211.1 209 205.5 199.6 201.9 199.5 198.1 196.1 193.3 191.3 190.7 188.9 188.9 190.5 190.5 190.3 191.5 191.8 191.9 191.2 193.1 193.8 196.8 201 205.9 209.7 210.8 212.7 213.3 222.9 238.8 237.3 253 251.6 253.3 247.3 245.7 268.9 282.1 288.3 291.5 292.3 291.3
240.9 252.2 258.4 269.4 264.2 255.2 250.7 248.5 246.3 246.7 246.9 248.4 251.4 253.6 254 251.2 253.5 261 259.2 254.7 244.7 237.2 233.1 229.1 225 223 216.7 208.6 212.4 210.3 208.5 206 203.1 204.3 204.9 205.9 204.2 202 198.7 196.2 195.5 194.2 192.8 191.1 188.3 191.5 193.2 193.5 192.3 191.4 191.2 189.7 188.8 188.3 186.2 184.6 185 186.7 188.5 197.4 199.6 201.2 201.7 207 219.3 226 230.3 238.9 237.8 236.4 240.6 259.9 280 285.8 291.3 293.4 294.3 292.7
230.8 232.8 234.2 235.3 234.4 234.7 234.1 233.8 232.1 231.8 232.2 232.9 233.8 234.9 238.3 235.9 237.7 244.8 240.3 234.8 229.2 224.4 221.7 219.4 216 213.5 211.5 206.9 206.4 206.1 203.9 200.8 199.2 198.9 200.7 198.3 197.8 196.9 196.5 193 193 190.9 189.1 194.4 195.5 197.2 199.5 200.1 201 200.6 202.2 201.7 200.1 198.7 195.2 192.6 192 190.4 189.1 184.2 190.1 195.7 196.1 202.1 210.6 212.5 226.2 225.2 218.3 236.9 254.6 277.4 286.7 291 294.3 297.4 296.9 296.3
