public/OST50/SN98.asc
ncols 200
nrows 200
xllcorner 290000
yllcorner 280000
cellsize 50
[rows 140 to 174 of 200, columns 0 to 77 of 200]
399.3 399.1 403.3 418.5 425 427.5 429.1 430.9 432.1 431.9 433.5 434.7 436.1 435.1 432.1 427.9 428.1 426.7 420.7 413.8 399.8 396.1 392.8 388.4 382.3 373.2 364.5 362.9 357.9 351.8 347.4 346.2 343.2 340.2 337.6 336.5 335.6 336.5 337.3 337.6 336.5 336.1 334.7 331.9 326.7 318.8 311.7 300.7 282.7 272 262 252.6 242.1 234.8 230.5 225.7 220.5 213.9 211.6 210 208.5 206.5 204.4 203.4 206.6 209 210 209.7 208.4 206.6 204.9 200.3 202.2 201.7 201.2 199.7 195.2 196.3
409.5 414.4 417 418.2 424.4 428 429.5 430.3 430.9 430.9 431.5 432.7 434.3 434 431.5 428.8 429.9 430.3 427.1 423.1 419 414 409.7 402.8 394.8 386.4 384.2 380.7 376 370 364.9 360.9 357.7 355.9 354.7 354 352.8 352.4 350.2 347.9 343.4 339 333.6 323.3 315.9 305 292.7 276.9 260.8 249.2 243.6 236.5 231.2 228.1 222.9 217.5 213.7 211.9 211.3 209.5 207.7 205.7 210.2 216.2 217.2 217.5 216.6 212.8 209.5 207.3 203.7 204.7 204.5 204.1 202.6 199.4 200.7 200.4
419.5 422.6 424.3 426 428.3 428.9 429.6 430.1 429.8 429.8 430 431.2 432.2 431.7 430.8 430 434.1 433.6 431 426.8 423.4 420.8 417.3 408.8 404.7 403.2 401 396.9 392.4 387.5 382.3 378.7 375.4 374.2 372.5 370.3 367.6 362.4 357.2 350.3 342.9 333.9 323.4 312.3 301.3 286.7 270.6 257.9 245.6 241.2 234.8 231.4 227.3 222.9 216.7 214 216.7 220.4 217.4 215.4 216.8 216.2 218.7 221.9 221.9 221.7 219 214.2 210.4 207.6 208.6 207.6 206.9 206.4 205.3 204.3 205.6 207.5
426.5 427.8 429.2 429.4 429.8 430.4 430.2 429.6 429.3 428.9 429 429.5 430.4 430.6 431.1 432 434.8 433.1 430.7 428 425.3 425.9 420.5 416.4 415.1 417.5 413.8 410.7 408.4 403.9 397.2 391.8 388.8 387.5 383.7 379.6 371.6 364.8 355 344.9 335.4 325.7 313.4 290 279.6 265.8 254.6 245.2 237.9 233.3 229.3 225.7 221.4 216.8 228.3 232.2 230.5 229.9 224.3 223.7 225.7 229.4 230.4 228.6 229.3 225.8 221.2 214.2 212.3 212.4 212.8 212.5 211.3 209.5 210.6 210.3 212.9 215.9
431.2 431.8 431.2 431.2 431.3 431.5 431.5 430.7 429.7 428.4 428.3 428.5 429.2 429.4 429.4 431.2 430.6 429.5 429.3 427.5 425.6 425.9 423.7 421.1 419.8 423.1 421.6 418.1 416.7 409.9 403.1 397.6 395.3 392.9 387.6 379.6 370.9 359.9 349.5 336.8 326.1 314.2 299.1 281.3 278.1 267.4 257.4 248.3 241.8 238 231.7 220.5 220.9 242.1 249.1 247.5 243.2 242.8 236.5 234.1 241.1 243.8 240.6 237.4 234.5 228.1 219.8 220.5 217.9 219.8 221.2 219.8 218.1 217.5 218.7 221.1 226.4 232.2
435.8 435.2 434.4 433.5 433.1 433 432.4 431.5 430.1 428.4 427.1 427.3 427.3 427.1 426.9 426.1 426.7 426.4 426.6 424.2 425.1 425 425.2 424.2 423.8 426.6 422.4 421.9 417 410.6 404.7 401.6 397.9 393.8 385.8 374.7 364.2 352.5 338 325.6 313.1 296.3 292.8 292.5 282.7 271.8 262.3 253 246.6 239.5 222.9 222.1 249.6 264.5 262.8 258 254.1 255.9 253.6 250.2 252.3 253.5 250 243.3 237 228.4 226.8 226.9 227 227.9 230.7 228.4 228.3 231 229.3 235.7 247.4 256.5
440 438.4 437.4 436.4 435.7 434.7 433.2 431.9 430.3 427.8 425.6 423.8 422.1 423.1 423.1 421.2 420.8 420.8 421.2 419.5 421 420.2 422.9 427.4 423.7 424.3 422.3 419.9 414 409.9 405.3 400.6 396.6 389.1 379.8 368.1 355.7 341.1 329 315 303.6 306.7 304.8 296.3 283 272.9 262 253.1 246.3 230.5 221.8 243 265.3 273.2 271.7 269.4 269 269.9 265.4 262.5 262.9 259.3 251.7 242.4 234.2 233.3 232.8 232.6 239.4 241 242 241.1 241.3 246.4 253.5 255.6 278.1 279.3
443.4 441.8 440.1 438.8 436.9 435.4 433.5 432.1 430.7 429.1 425.9 421.4 418.9 413.3 416.2 416.5 415.8 416.2 414.9 412.8 414.3 415.8 419.5 423.1 420.2 419.5 416.8 414.4 411 404.9 400.7 395.9 389.6 380.6 370.7 359.5 346.3 332.1 320.8 311.2 314.9 316 309.6 295 279.7 270.6 261.1 252.7 246.2 229.2 223.8 247.4 271.2 280.3 282.7 282.1 280.8 278 273.7 270.3 266 259.5 250.8 247.4 244.6 240.2 238.6 242.5 245.7 250.4 252.6 254.3 256.4 264.3 278.9 288.3 292.6 284
445.8 443.3 441.7 439.9 438 436.1 434.1 432.2 430.8 428.9 425.4 420.8 417 412.1 406.2 410.4 409 409.4 408.2 405.7 406.3 407.7 414.3 417.6 415.2 412.9 411.4 407.9 405.4 397.9 392.5 390.5 383.4 373.8 363.3 349.7 336.7 326.1 323.5 326.2 326.1 322.7 308.2 290.9 277.2 269.8 259.5 251.6 246.3 241.5 225 251.9 277.9 287.3 292 291.6 288.1 283 277.3 272.2 263.9 260.3 256.1 256 254.1 248.6 253.9 255.5 253.3 259.2 265.5 266.8 274.4 284.8 292.7 293.8 293.7 285.9
446.1 443.6 442.1 441 438.4 436 433.8 431.5 429.8 426.1 422.6 419.2 412.8 408.4 402.9 401.1 402.2 402.3 402.3 399.6 398.1 402.1 408.5 410.4 409 405.5 405.3 402.4 396.9 392.6 389.8 386.2 378.4 367.9 357 343.3 339.4 337.1 339.3 339.9 332.8 322.1 302.7 286.4 276 269 259.9 252.3 247.3 233.4 235.2 261 283.9 294.8 298.8 297.2 291.3 286.2 279.8 273.6 274.1 269.4 267.6 268.3 266 260.3 265.7 261.4 263.5 272.7 279.7 281.9 291.3 298.2 300.5 300.7 295.1 282.7
445.5 444.2 441.9 440.4 438 434.9 432.2 429.5 426.1 422.2 418.4 413.7 408.2 404.2 400 397.7 396.5 395.9 396.4 394 393.2 396.7 401.7 400.8 399.3 395.1 398.5 394.1 390.3 387 385.4 380.6 373.2 365.5 358 353.1 348.3 347.8 351.3 346 333.4 315.4 296.8 281.3 272.1 266.9 258.4 251.4 246.5 228 249.8 268.6 289.6 300.8 302.9 300.3 297.3 293.1 280.4 283.9 280.3 280.3 281.8 281 272.8 278.1 276.7 269.9 275.5 286.1 292.5 296.6 306.9 310.4 309.8 304 294.5 285.6
444.6 443 440.8 438.3 434.4 431.1 427.8 424.5 420.6 416 411.8 406.8 402.4 398.7 396.7 395.9 394.4 391.9 390.4 389 388.2 390.1 391.3 390.5 389.4 386 389 383.9 383.7 379.7 380.2 377 372.5 368 364 359.9 356.1 356.5 356.5 345 328.3 306.2 287 274.6 268.5 263.7 256.6 250.3 235.3 238.2 261 277 297.9 307.5 309.6 307.6 304.4 298.4 291.1 294 294.5 297.2 295.6 293.4 284.4 290.5 288.3 283.5 291.6 298.9 306.9 314.3 319.7 320.8 314.5 302.4 294.6 297.7
442.6 440.3 437.6 433.7 429.6 424.5 420.6 417.4 414.7 409.6 406.3 403.5 400.7 398.4 395.6 394.5 393.9 393.5 392.6 391.6 388.5 384.6 385.9 383.1 380.3 378.5 379.4 377.5 374.7 367 373.6 376.9 374.1 371.3 368.4 365.4 361 361.1 354.8 340.7 318.3 296.6 280.1 268.6 266.2 259.5 252.5 245.7 229.6 257.5 272.4 290.3 309.9 316.9 317.1 315 310.5 304.7 304.7 308.1 310.4 310.7 309 299.1 297.2 300.7 300.7 300.2 310.9 313.8 323.6 327.1 330 325.7 314.9 312.7 309.1 311
438.3 436.7 432.2 426.6 423.1 418.7 416.1 412.8 409.7 406.3 403.7 400.7 400.6 399.3 398.1 400.7 402.9 402.5 400.2 395 392.9 390 381.9 375.4 379.1 373.5 359.4 364.3 345.5 343 362.9 376.8 373 373.1 371.4 364.7 365 362.8 351.6 330.2 306.6 285.8 270.6 264.3 262.1 255.3 249.5 231.5 249.5 265.9 284.7 305 321.2 325.3 324.4 322.4 319.1 310.6 316.3 323.9 323.7 322.4 317.8 309.2 311.4 312.3 314.9 320.4 324.9 329.7 333.9 335.7 336.3 332.1 327.1 322.6 321.8 323.5
431.2 430.2 424.9 419.7 417.2 415 413.1 411.2 406.5 404.3 404.2 403.6 403.6 404.8 407.9 410.6 413.8 412.5 409.6 404.6 403.2 400.6 396.9 391.9 381.4 374.6 369.1 335 323.1 323.7 348.3 364.3 369 369.8 365 363.2 363.8 355.9 335.8 314.1 292.6 275.5 262.5 260 254.9 247.5 238.4 237.3 265.7 278.9 301.3 318.7 330.6 333.4 332.8 331.4 326.2 322.9 331.3 336.1 335.1 331.9 324 322.5 323.9 325.5 328 331.5 336.4 339.7 340.9 342.2 343.2 339.9 335.3 331.3 328.9 332.2
423.3 422.2 420.1 417 415 411.6 410.7 410.4 409.7 408 408.9 409.9 412.2 415.5 419.7 422.7 422.8 420.6 417.3 415.6 412.8 409.4 403.9 397.5 389.9 381 373.3 363.2 340.6 312.6 333.5 348.2 359.5 361.8 355.7 355.1 358.5 337.6 319.6 299.3 282.4 265.5 257.7 257.1 253.7 239.2 238.2 251.2 278.7 294 317.4 333.9 340.8 342.6 342.7 340.1 335.3 339.5 349.7 346.3 344.4 340.1 332.1 331.6 334.2 335.3 335.5 337.9 344 344 346.3 348.3 349.9 347.1 339.3 330.2 335.4 333.4
420.6 419.3 418.7 417.2 416.8 415.5 414.4 413.7 414.4 416.8 419.7 423.1 426.4 427 426.7 428.8 427.1 424.2 421.4 419.6 416.3 411.9 405.7 396.7 387.9 378.6 368.8 359.2 347.1 309.5 314 316.5 328.7 329.5 329.5 340.6 332.9 323.7 303.3 285.7 270.9 260.3 255.3 253.5 247.5 256 239.1 265.8 292.5 312.3 333.3 347.1 352.1 354.2 353.1 350.2 351 361.7 362.4 354 348.5 342.9 337.9 338.4 340.4 340.6 337.4 344.4 345.4 347.4 351.2 352.9 354 342.6 330.4 330.1 334.1 317.8
422.4 422 422.2 420.8 420.2 419 419.9 423.6 426.6 429.5 431.8 433.9 433.4 432.1 431.5 431 428.5 425.7 422.3 419.8 415.8 410.1 401.4 392.5 380.9 371.6 361.9 352.9 348 324.1 299.9 298.6 297.6 291.9 295.6 305.9 305.5 301.2 284.4 274 264.5 250.8 252.8 258.2 258.8 247.6 245.9 280 307.8 326.7 348.1 356.8 362.5 364.9 364.9 362.3 366.6 370.5 362.7 351.3 345 339 335.8 342 337.4 335.7 337.7 342.4 344.7 347.3 352.3 352.8 343.4 329.1 327.2 329.8 322.9 301.7
429.1 430.1 428.8 427.5 424.9 426.9 431.3 433.3 437.5 438.4 438.5 438.1 436.7 434.4 432.5 430.6 427.3 424.2 421 417.6 412.9 405.3 396.7 386.9 376.3 366.7 351.6 346.1 340.1 324.7 313.4 299.7 298.5 291.2 286.3 288 278.2 282.2 274.4 268.2 259.9 256.1 266 267.2 266 246.2 252.4 288.3 315.6 334.5 353.3 362.7 370 372.3 370.6 368.7 370.4 369.4 356.9 344.9 337.9 332.5 331.7 336.3 327.6 328.5 330.1 332.7 335.2 341.5 342.1 340.7 328.3 321.5 324.2 324.9 311.1 292.5
436.4 436.4 435.8 434.2 433.6 435.5 438.5 440.4 443 443.2 442.5 440.5 438.1 435.8 433.4 431.1 428.5 424.8 420.6 415.5 408.3 399.7 388.9 379.8 372 363.3 347.4 343.2 327.7 315.9 312.1 313.2 307.4 302.1 299.8 294.3 282.9 266.4 267.1 265.4 257.5 265.4 271.9 273.2 270.2 246.3 259.7 294.7 313.9 330.6 354.5 366.5 372.6 366.9 368.4 374.3 369.3 361.6 346.6 335.3 331.6 330 329.2 325.4 322.3 320.9 318 318.1 320.5 325.3 323.2 318.9 311.3 311 314.8 311.8 296.3 288
444.5 443.5 441.2 440.5 439.9 441.6 444.2 445.4 445.7 445.2 444.1 441.9 439.5 437.3 435.2 432.9 429.6 424.7 419.1 413.1 405.6 396.2 388.1 379.1 371.8 360.8 356.8 344.9 343.5 342.5 339.5 337.8 326 311.3 305.2 298.2 291.9 285.6 279.5 274.4 272.9 274.5 277.6 275.7 263.4 245.4 268 278.2 283 306.1 334.8 365.3 357.9 356.4 368.5 374.8 363.8 347.4 337 332.8 330 329.3 323.7 320.3 316.4 313.6 312.8 306.7 307 307.7 302 297.7 298.3 301.1 300.4 294 286.1 281
448.2 446.5 443.6 442 442.8 445 446 447.3 447 447 445.6 442.9 440.3 438.7 436.7 434.3 430.2 424.3 417.3 409.6 402.1 394.4 386.9 379 371.3 368 362.2 359.2 360 362.4 362.3 357.3 343.2 326 318.6 311.8 304.7 300.3 292 288.1 282.1 282.3 280.6 272.3 252.6 264.6 253.8 259.6 259.7 286.3 316.9 347.1 344 353.8 368.7 364 349.4 340.3 336 333.5 331.9 330.5 328.5 327.2 324.5 323.4 322.6 313.9 309.6 303.7 305.1 304.7 298.5 292.7 299 289.8 279.3 277.4
448.9 446.4 444.3 443.4 443.6 445.8 447.3 447.5 448.4 447.7 445.2 443.1 441.6 439.9 437.6 434.6 429.3 421.7 412.7 404.8 397.8 390.2 385.3 382.3 380.3 376.5 369.9 370.4 370.5 374.8 374.7 371.1 361.9 347.8 343.1 336.1 323.2 314.4 306.5 300 292.1 287.1 283.4 279.9 264.1 276.3 283.8 290.7 281.2 271 301.9 318.9 335.8 351.1 359.6 351.4 342.5 339.2 337 335.7 333.3 332 330.9 329.5 327.2 325.5 323 314.4 311.3 304.6 308.4 306.2 302.6 295.9 294 285.9 277.2 270.7
448.3 446.6 445.2 445 447.1 447.3 447.4 447.7 447.1 445.6 444.7 443.6 442.6 440.6 437.8 433.5 427.7 420.5 414.3 407.6 403.7 400.3 396 392.2 388.8 385 382.3 382.6 384.7 386.2 384.5 380.6 371.3 364.7 354.8 343.5 333.7 325.7 317.9 309.5 300.1 293.5 295.9 294.3 268.2 287.3 296.7 303.6 299.1 266 285.3 299.4 325.7 349.3 351.3 345 342.2 341.2 339.8 338.5 336.4 333.4 332.2 330.7 328.3 326.6 324.2 317.3 312.3 312.5 311.4 306.5 303.6 300.7 293.7 288.4 283 274.9
447.9 446.5 445.5 448.5 446.8 445.7 446.4 446.3 445.4 444.2 443.3 443.1 441.6 438.9 437 433.5 430.1 425.9 419.5 414.1 411.1 406.7 402.7 398.9 395.3 392 391.4 393.5 395.4 394.3 391.2 386.5 378 369.9 358.1 347.1 337.9 331.1 322.1 312 305.9 305.8 306.3 292.8 269.2 284.7 295.3 305.9 312 293.1 289.6 288.5 322.1 344.4 345.8 343.5 344 344.1 343 341.5 339.4 336.4 333.4 332.7 330.5 328.9 327.1 320.5 313.7 315.3 314.7 314.6 311.9 307.2 300.1 293.9 285.5 278.5
446.4 444 444.2 444.7 442.9 444.2 444.8 444.3 443.4 441 438.9 440.2 439.2 437.4 435.6 432.7 429.6 425.4 420.9 416.2 413.7 410.3 407.2 402.7 397.9 399.6 400.9 402.2 402.3 399.5 394.2 389.5 380.6 369.7 358.4 347.3 338.7 331.2 323.1 315.6 312.7 313.4 312.2 297 274.4 295 300.4 308 315.2 315.6 300.6 294.5 312 330.9 341.8 346.7 347.4 347.1 346.3 344.4 342.4 341 338.7 334.8 333.3 332.2 329.2 322.5 319 322.2 325.8 326.4 321.9 315.7 308.3 298.4 288.5 274.2
442 438.3 438.8 438.1 441 440.4 440.1 440.7 439.6 436.7 435.2 436.3 435.4 433.9 432.2 429.2 427.4 423.7 419.1 416.3 415 412.5 407.3 402.4 402.8 405.7 407.4 408.4 407 400.8 396 389 378.5 367.6 357.3 347 338.2 332.5 328.7 318.7 318.6 319.5 321.4 303 274.9 292.2 307 311.8 316.2 317.3 302.5 289.5 302.9 318.7 332.5 345.3 348.8 351.1 350.1 351.1 350.3 347.2 342.6 338.7 335.7 334.4 328.9 325.2 326.2 339.2 339.7 334.8 332.1 323 316 306.7 291.6 275.8
434 434.2 434.4 434.7 435.6 435.7 435.5 435.5 434.5 433.1 432.8 430.4 430.2 429.3 426.9 424.5 421.7 418 415.3 416.1 415 411.7 406.8 403.7 408.2 409.8 411.3 410.7 406.2 398.9 394.1 386.6 376.5 366.9 356.6 346.4 338.9 334.6 330.3 323.3 323.6 328 322 306.9 286.9 278.3 310.4 317.2 320.4 322.5 316.8 303.6 306.8 328.6 333.1 343.4 351.2 355.7 357 357.4 356.3 351.8 347.2 343.2 340.2 337.7 332.8 332.5 343.9 352.8 347.1 345.8 339.3 336.3 327.1 311.7 294.2 276.4
430.6 428.7 431.8 428.6 430.3 431.2 430.5 431.5 431.9 432 430.4 427.7 427.2 425.1 421.9 420.2 417.3 414.2 413.1 414.3 413.9 411.1 407.2 405.9 411.8 411.2 412.3 410.5 402.5 396.4 391.1 383.4 375.6 367 357.1 346.8 338.9 334.5 330.7 325.8 325.8 313 302.9 283.3 286.6 298.9 317.3 321.4 323.6 325.3 326.4 303.8 321.4 329.7 335.8 344.2 355.1 361.9 363.7 363.9 361.7 357.6 353 349 346.4 344.1 343.4 348.7 358.7 354.8 352.9 350.6 351 344.2 333.6 314.2 290.9 278.1
426.4 423.6 423.5 422.7 425.6 425.2 426.4 430.7 432 431.1 427.8 424.4 422.9 421.5 419.3 416.9 413.4 411.3 411.4 412.4 412.5 407.4 404.2 406.9 409.4 408.3 409 405.6 399.7 395.6 388.8 381.5 373.1 364.4 355.2 345.2 339.1 334.6 330.2 325.8 312.7 287.1 297.8 303.3 309.6 316.2 323.9 328.3 330.9 329.9 331.9 330.6 306.8 324.2 339.3 346.8 361 366.5 369.6 370.5 367.9 364.1 359.8 356.2 355.4 354.1 354.8 356.2 362.3 357.3 354.2 362 355.9 347.7 336.9 320.3 289.7 278.1
425.4 421.8 419.5 419.1 419.5 421.4 426.4 430 429 425.4 422.5 421.8 420.6 417.7 415 412 408.9 407.9 409.1 409 405.8 399.7 400.5 402.7 404.1 403.9 405.1 403.1 399.5 392.3 385.1 376.2 367.7 358.1 347.8 343.7 339 333.7 330.2 316.9 292.3 307 331 331.3 330.6 329.8 333.1 334.3 335.2 336 336.5 334.2 321.3 329.9 343.8 350 359.2 370.5 376.2 376.5 374.9 371.4 368.2 365.7 364.1 364.6 357.8 357.4 366.1 357.7 363.3 367.3 358.2 348.2 333.7 315.7 288.3 274.5
423.6 419.9 417.6 415.9 417.2 421.2 421.1 420.4 421.2 421 420.4 419.6 416.8 412.2 409.4 406.3 404.4 403.2 404.3 403 399.3 393.4 392.3 396.9 398.7 403.7 405.3 401.6 394 387.1 377 368.8 358.4 345.3 342 340.8 337.3 332.6 314.3 294.6 290.4 322.2 332.3 333.2 333.3 334.2 336.1 337.8 339.2 339.2 338.3 335.7 312.9 336.2 341.5 346.8 358.1 378.9 382.6 384.3 381.6 377.6 375.3 374.4 374.6 361.4 359.3 366.8 363.4 360.9 363.8 364.4 355.2 344.5 329.6 312 294.6 278.3
423.7 420.2 416.5 412.7 413.9 412.8 411.4 413.9 420.5 420.6 417.3 415.7 412.2 405.9 402.2 400 399.6 397.2 398.9 395 390.3 386.3 385.9 392.1 398.7 403.6 400.5 392 385.7 380 372.3 363.8 353.4 343.1 337.2 335.2 329.3 318.8 314.2 322.3 298.3 325.3 331.2 332.3 334.9 336.8 338.9 340.6 342.6 340.5 338.7 335.6 318.3 331.5 333 341.6 362.7 377.5 386.6 389.6 387.3 383.2 381.4 383.2 367.7 362.4 371.8 370.7 364.4 363.8 360.8 360.2 349.6 339.2 326.6 306 297.5 277
423 420.1 415.3 413 409.6 408.4 409 413.5 419.3 415.3 411.7 410.1 406.9 400.7 395.1 392.8 393 387 388 385.7 383 379 383.2 386.6 393.3 394.2 387.9 382.9 380.4 375.5 367.9 359.5 349.6 340.9 335.5 324.3 312.7 311.5 319.5 318.1 317.4 326.6 329.2 332.3 336.5 340.3 341.8 343.2 343.3 341.1 336.6 325.9 323.6 323.6 326 340.9 352.6 368.2 387.6 391.1 386.6 385.2 386.3 379.7 367.4 371.7 374.2 371.4 366.3 364.7 358.5 353.3 344.2 333.3 317.2 303.7 291 267.3
423 417.9 415.2 412.2 408.9 406 405.3 410 406.4 404.5 404.8 401.5 398.2 393.2 382.4 384.4 383.9 376.6 378.2 377.1 369.1 372 370.3 368.8 376.3 379.6 375.8 374 371.5 368.5 362 353.4 341.1 327.2 318.5 312.7 319.3 320.7 319.3 313.5 320.3 326 330.7 336.3 342.2 344.4 344.7 344.8 343.2 338.6 331.7 325.1 323.6 323.6 323.6 328.2 338 355.4 380.1 386.1 386.2 387.9 385.5 375.3 372.6 371.4 371.6 370.7 370.1 360.9 346.2 345.2 337.9 325.7 315.6 300.9 276.8 260.4
