public/OST50/SN99.asc
ncols 200
nrows 200
xllcorner 290000
yllcorner 290000
cellsize 50
[rows 0 to 34 of 200, columns 78 to 155 of 200]
246.5 248.8 249.7 249.9 251.9 252.4 255.2 257.4 259.6 263.8 269.9 270.5 274.2 277.2 278.9 280.1 279.5 277.4 272.7 270.3 270 269.7 270.5 272.3 267.9 269.9 271 275.1 282.7 284.7 284.1 287.1 289.5 291.1 292.6 293.7 294.9 296.6 296.7 298 298.8 301.5 302.7 301.3 294.3 294 289.7 289.2 288.8 285.9 281.3 275.8 271.3 271.1 268.4 266.2 261.7 258.5 258 256.6 255.1 251.7 239.2 237.4 234.1 231.2 242.4 249.8 256.8 272.5 287.8 302.5 323.8 343 357.3 370.6 375.8 377.5
243.4 245.7 246.9 247.6 248.2 249.6 252.8 254.4 256.6 262.7 264.8 267.7 271.2 273.4 274.9 276.1 274.5 270.4 266.9 266 265.8 266.9 267 267.3 266.6 267.5 270.6 274.5 277.7 279.3 280.6 283.7 286 287.1 289.5 291.8 292.8 294.2 295.1 292.7 295.4 297.3 298.5 297.8 292.9 288.9 287 284.4 282.8 282.1 280.4 275.1 267.8 269 266.8 264.2 258.1 256.3 255.4 255.4 254 251.5 244.8 236.3 232.6 227.6 236.8 249.8 256.9 275.4 290.7 309.2 334 350.2 363.2 370.5 370.4 368.8
237.9 242 243.3 244.9 244.1 248.4 250.2 252.8 254.6 260.7 263 266.4 269.4 270.7 271.5 271.2 268 264.3 261.6 262.4 263.2 264.4 264.6 264.7 262.6 267.1 270.5 273.1 274 274.2 277.8 281.4 282.8 286.1 288.3 290.3 291.7 294 293 290.5 292.3 293.2 294.4 293.1 290.2 285.2 284.4 282.2 280.5 279.8 277.2 275.2 270.7 262.7 265.7 261.7 257.1 254.2 252.8 253.3 252.5 250.4 245.3 238.7 232.1 228.7 232.3 245.7 257.5 274.7 290 309.5 333 354.9 364.6 363.7 358.7 353.3
234.8 239.4 240.7 241.1 243.6 245.9 248.6 249 255.9 259.1 262.5 265.7 267 267.5 268.8 268 263.5 258.8 256.8 258.4 260.2 261.3 261.5 261.9 263.2 266.3 269.3 270.9 271.1 274.1 275.2 278.8 283.1 286 288.2 289.6 291.3 293.1 291.1 286.1 288.9 287.4 290.3 286.4 285.8 285 281.5 279.5 278.3 278.2 276.9 273.5 270.6 267.4 260 260.2 257 253.6 250.8 251.1 250.5 248.8 245 240.7 234.9 228.1 232.1 241.3 261.5 276.7 290.7 307.1 329.3 346.7 349.7 348.3 345.4 340.5
232.5 236.6 238.2 238.6 241.1 244.6 246.9 248.6 251.5 254.7 258.1 262.4 263.9 264.4 264.4 263 259.3 255.3 254.2 256.5 257.6 258.2 258.8 257.4 261.9 265.2 267.4 268.2 270.1 270.6 274 278.8 284 286 287.8 289.8 291.8 291.9 288.2 284.2 284.5 280.7 282 281.2 281.7 282 279.3 276.6 276 276.5 275.6 273 268.2 265.5 261.9 254.4 253.5 252.5 249.5 248.4 248.1 246.6 242.1 239.4 235.6 227.3 227.1 238.3 264.6 279.2 290.3 308.5 327.6 338.1 340.4 339.4 335.1 329.8
230.8 233.1 232.5 236.9 239.4 242.3 241.4 247.5 250.1 252.3 251.6 253.8 259.1 259.5 259.3 256.3 252.3 250.1 253.1 254.4 254.5 254.5 255.7 254.4 261 263.3 265.7 266.4 267.9 270.8 273.7 280.4 286.1 287.9 289.1 290.7 292.4 293 288.1 282.4 276.5 276.9 274.4 274.9 279.1 278.8 276.7 274.7 273.5 273.9 271.4 269.4 266.6 264 260 254 248.2 247.2 248 246.6 244.8 239.6 237.9 237.2 233.6 225.5 228 241.4 256.2 281.8 291.3 306.4 318.5 328.2 331.2 327.7 323.4 318.1
228 229.6 232.9 234.3 236.3 238.4 243.6 247.9 249 247.7 248.3 246.2 248.6 248.5 250.3 248.5 247.2 248.5 250.9 251.7 251.8 251.6 253 256.9 259.4 261.6 260.7 264.8 267.3 269.8 274.9 284.7 288.6 290.6 291.6 293.8 294.6 293.8 287.5 279.4 274.3 269.5 268.5 269.6 272.8 273 273 270.3 270.8 270.3 269 266.3 264.5 260.6 255.6 252.6 249.8 245.7 244.7 243.6 243.2 236.1 234.8 234.4 226 225.6 235.5 242.9 257.6 281.3 290.8 299.1 310.3 318.3 321.2 318.5 311.5 304.8
224.9 227 230.2 231.7 233.2 231.7 240.1 243.2 245.1 245.3 244.3 242.9 241.2 239.9 240.3 241.6 241.6 246.9 248.6 247.8 249.1 250 245 252.8 257.1 259.8 262.1 264.3 267.1 270.6 277.1 284.3 288.6 291.7 293.8 296.1 294.3 290.6 285.9 275.7 270.5 261.5 262.4 263.4 261.9 264.4 265.9 268.4 266.6 266 266.9 265 263.7 260.5 254.9 250 248.6 246.5 240.2 238.5 238.3 233.1 229.8 230.9 223.4 228.2 234.4 245.2 271.2 284.1 294.3 299.9 309.7 313.9 312.5 306.3 301.1 296.5
222.3 223.9 226.6 227.4 230 228.1 233.8 235.4 237.3 240 239.2 237.8 236.2 235.1 236.3 237.8 240.8 243.4 244.1 245.3 247 248.1 249.9 253.1 256.7 258.2 261.8 265.1 271.1 276.1 282.1 287.4 291.1 292.6 293.9 293 288.4 283.7 278.4 270.4 265.4 258.4 255.5 256.6 256.5 257.9 261.9 264.6 263.5 262.2 265.2 264.3 262.7 260.2 257.4 250.2 246.4 242.4 238.2 233.7 230.6 232.2 227.6 221.8 222.6 228 235.2 251.1 275.6 285.2 291.8 299.3 305.8 303.5 299.9 297.1 289.9 290.1
219.7 221.2 223.2 223.6 224.4 226.1 230 230.6 231.6 230.7 230.9 232.3 232.9 232.8 234 233.9 238.7 240.7 242 243.4 244.8 239.6 247.9 250.1 253.8 258.5 263 268.8 275.6 281.6 287.7 292.6 293.2 293.9 292.8 289.4 284.4 279.5 275.7 270.6 265.7 261.4 257.9 251.6 252.1 253 255.1 258.1 257.5 259.3 261.4 263.3 261.2 258.2 256.1 249.1 245 242.5 240 236.7 231.4 228 227.6 221.8 222.8 225.3 238.7 257 271.6 280.6 287.7 293 295.9 292.8 292 288.3 282.3 282
216.6 217.6 218.4 220 219.5 219.9 223.8 223.9 225.3 226.4 227.8 229.3 229.5 229.5 230.3 235.1 237.2 238.3 240.5 241.1 240.9 240.3 246.3 249.7 253.8 257.1 265.9 272.8 280.7 288.2 293.8 294.7 293.9 293.6 291.1 287.6 281.8 278.1 274 269.7 266 261.7 255 253.3 247 249.1 249.7 252.3 252.2 255.8 259.5 260.3 258.1 254.7 252.4 247.5 243.8 240.9 238.4 235.2 231.7 226.1 222 221 222.9 226.4 238.8 257.9 269.3 277.1 282.7 285.5 286.5 284.1 281.9 278.6 277.2 282.7
214.6 214.4 214.9 214.9 215.4 216.6 218.5 220.7 222.2 223.6 225.1 226.5 225.3 225.8 228.3 232.3 235.1 235.7 237.4 239.1 233.5 243.2 246.5 248.6 252 257 269.3 277.4 286.3 292 294.9 295.6 294.3 292.5 289.5 286.7 283.5 278.8 274.7 271.3 267.4 263.3 257.6 253.8 247.4 243.5 246.2 246.6 251.1 254.3 255.5 255.7 254.3 252 247.9 244.8 240.9 238.3 236.3 232.6 230.6 226.2 220.4 219.1 223.8 227.4 238.3 254.3 263.9 269.1 271 273.8 274.6 273.6 268.3 271.6 276 279.9
211 212.1 212.1 212.7 212.8 213.9 215.4 217.3 219.4 220.6 221.5 222.4 222.3 224.8 226.7 229.3 232.2 228 228.9 229.9 239.8 243.6 247.6 249.7 252.6 256.5 266.3 277.3 287.5 292.8 295.4 296.5 295.7 291.7 287.9 285.2 282.9 277.6 272.9 269.3 266.5 263.3 258.1 254.1 250 240.3 240.1 238.9 246.4 249.2 249.5 250.8 249.9 246.6 243.9 240.1 237.2 235.3 231.9 228.8 221.7 218.8 218.3 222.3 227.6 230.2 232.1 246.6 253.8 256 259 261.5 261.5 260.8 268.1 271.9 273.4 276.2
208.7 210 209.8 209.3 210.6 212.3 213.2 215.1 217.4 218.7 219.5 219.6 221.4 224.6 224.4 221 224 230.2 232.8 235.7 238 241.6 248.1 250.4 251.7 256.1 269.2 282.5 290.4 294.6 296.6 297.1 294.8 290.3 286.7 284.8 282.9 278.9 270.4 267.8 264.6 259.9 257.3 251.9 249.8 245.2 234.4 234.3 234.6 244.1 243.4 245.3 244 241.6 237.9 234.5 233.6 232.6 229.1 220.2 217.4 214.9 216.6 225.7 229.6 232.9 237.8 237.7 241.8 245 250.8 254.4 259.6 265.6 266.8 269.7 272.2 274.4
207.1 208.1 207.7 206.8 207.9 209.6 212 213.6 215.4 217 217.6 217 220.2 222.1 218.9 224.9 227.1 229.3 231.3 233.9 235.2 237.1 245.2 247.3 251 257.9 271.5 282.9 290.4 293.6 294.6 295.5 292.2 288.4 286.5 283.7 281 276.9 270.6 266.8 263.4 260.4 257.5 251.5 247.2 242 237.9 232.4 230.3 228.2 234.6 240.4 238.8 236.1 233.6 230 228.8 229 219.3 216.5 215.3 217.4 220.9 223.5 229.5 237.1 240.5 244.1 246.8 248.8 252.3 256.8 260 262.9 265.7 267.3 270.4 274.8
205.7 206.3 205.7 203.5 205.5 208.3 209.8 211.9 213.3 214.9 215.4 216.6 218.4 220.3 220.8 223.7 225.7 227.1 228.8 230.8 231 235.8 239.4 246.6 250.9 261 276.5 283.6 288 289.7 290.6 290.7 284.9 284.6 285.1 283.4 280.2 277 273.4 267.9 263.2 259.9 254.7 251.9 246.4 241.8 236.9 234.8 231.4 230.5 223.2 233.3 232.1 231.2 229.1 227.7 226.1 223.7 214 214.3 213.7 219.9 228.8 231.9 226.6 237.2 241.2 243.4 245.8 248.4 251 255.1 258 260.3 264.1 267.1 271.1 276.3
203.6 203.6 203.1 201.8 204.2 205.6 207 207.2 211 212 213.4 215.2 211.1 218.8 221.2 222.3 223.1 224 223.8 225.2 228.2 231.4 239.1 245.9 253.2 264.7 277.4 283.3 284.4 286.3 284.4 281.8 278.7 280.9 282.3 281.4 278.5 274.9 271.9 267.9 262.3 258.6 254.3 249 244 239.8 237.4 234 231.9 229.7 227.4 220 226.7 227.5 226.6 224.2 224.1 217.3 213.7 213.2 219.2 225.9 232 237 234.2 232.4 238.5 241.1 244.3 249.3 252 254.3 257.5 260.4 264.1 267.4 273.1 280.2
200 196.7 198.5 199.3 200.4 202.6 200.8 202.9 205.4 207.6 210.6 210.2 209.6 217.3 218.3 219.9 217.7 219.1 219.6 220.3 223.7 229.1 238.4 244.7 254.1 265.5 275 279.3 278.4 277.9 273.6 272.8 274.8 278.3 278.8 279.4 277.3 274 268.3 264.8 260.7 257.3 255 252 247.8 242.6 238.8 235.1 231.7 228.8 226.5 225.3 218.7 222.2 224 223.1 220.9 210.8 213.7 219.7 223.3 228.2 233.9 239 241 239.5 242.4 245.4 247.1 249.3 252.8 255.6 258.9 262.4 266 269.9 273.5 286.1
197.6 196.2 196.4 197.2 197.9 198.7 198.1 200.8 204.1 206.8 207.9 207.3 213 214.7 215.8 216.7 212.5 211.5 215.4 218.6 221.8 226.1 233.7 241.7 250.8 262.2 271.7 273.4 269.5 267.8 266.1 268.7 272.1 275.2 276.8 276.9 276.5 272.8 268.5 265.6 262.9 259.9 256.2 252.2 246.9 243.3 240.4 236.4 231.7 228.5 225.5 224 220.3 215.4 218.6 220.8 216.2 211.8 212.8 221.4 226.3 230.7 236.4 241.5 245 249.2 252 255.1 255.5 256.7 260.5 265.9 265.9 266.1 270.1 273.6 278.2 290
195.4 194.8 194.8 195.6 196 195.7 196.4 199.3 201.4 203.9 206.1 204.4 210.4 211.8 213.1 213 208.9 208.5 212.3 217.9 221.1 224.2 229.6 236.5 245.9 258.6 265.6 265.4 261.8 260.9 261.2 264.4 268.1 273 275.2 275.4 275 272.7 269.9 266 262.5 259.1 253.8 248.7 244.2 241.2 238.4 235.5 231.3 227.5 224.9 221.7 218.7 213.6 213.2 215 209.2 211.6 218.7 226.7 229.8 233.5 239.4 244.1 248.3 253.2 257.9 261.3 263.8 263.3 271.1 277.2 277.3 272.1 279.8 278.4 281.6 292.6
195.2 194.7 194.6 194.4 194.1 194 194.5 198.9 200.2 202 204.9 202.2 207.7 208.6 210.2 208.2 205.4 206.3 207.3 215.3 218.1 222.4 227.6 233.6 242.4 252.6 256.8 256.3 254.1 257.2 259.5 262.2 268.8 273.7 274.9 274.9 274 272.3 268.1 263.5 259.1 254.2 247.4 242.5 238.9 237.2 234.5 232.3 229.3 224.9 221.8 220.6 218.4 212.9 211 211.2 210 211.1 226.1 231.5 237.3 241.8 244.6 246.6 251 257.2 264.1 269.4 276.3 277 281.2 287.7 289.2 284.6 284.7 284.4 289.6 300.6
197.2 196.2 194.2 193.6 193.4 193 194.3 195.9 197.7 200.4 202.3 201.3 205.7 206.8 206.6 206.4 202.8 203.2 204 209 213.8 217.9 223.4 229.6 236.7 244.6 247.8 245.4 251.1 252.1 258.6 262.6 268.8 274.7 275.4 274.5 273.3 270.8 265.2 261 254.2 246 240.2 236.3 233.7 230.4 228.3 227.4 224.7 221.1 219.3 218.4 217.1 210 209.2 209.4 207.6 223.5 230.2 237.8 243.4 249 251.1 252.2 254.7 262.3 269.7 277.6 284.4 289.6 294.2 299.9 300.5 290.6 290.5 288.7 296.7 312.3
199.3 198 196.2 193.7 193.3 192.8 193.8 196.2 197.1 198.6 199.4 198.5 203.4 203.7 204.4 204.1 201.3 200.5 202.7 206 211.9 216.2 220.8 225.2 230.3 234.4 235.4 241.2 248.2 256.2 265.8 270.4 275 275.6 274.5 272.4 271.5 270.6 266.7 258.7 251.8 246.3 240.6 235.9 231.4 227.6 225.7 223.5 220.7 218.3 217.1 215.8 212.4 208.6 207.9 207.1 226.7 234.2 239.3 242 244.9 249.5 254.4 257.8 261.3 266.6 274.5 283 290.5 298.1 305.7 312.2 306.2 296.7 295.1 293.8 301.3 321.5
199 197.4 196 193.8 193.7 192.8 192.4 194.9 196.3 196.6 197.6 197.3 197.2 200.3 201.2 201.4 199.9 199.4 201.1 203.2 207 213.7 217.9 221.3 224.1 229.7 237 244.2 256.5 265.3 272.9 274.9 275.7 275.5 273.4 271.1 271.2 271.7 269.8 263.3 256.2 249 240.3 234.7 231.2 227.9 224.8 220.5 219.4 216.9 214.3 213.8 207.5 206.2 208.3 221.1 228.1 235.5 241.7 244.9 247.3 250.3 254.8 260.1 267.7 275.4 281.4 287.9 296.9 308.6 316.1 321.6 315.7 300.5 298.4 297.4 306.4 330.6
198.1 195.5 193.7 192.4 193.5 192.9 192.5 192.5 193.7 194.9 195.7 196.2 195.4 196 197.9 198.4 196.7 197.8 200.3 202.7 207.9 211.2 213.5 218.2 223.3 230.2 241.4 253.7 264.8 272.2 277.5 278.5 277.6 276.4 273.4 270.3 270.8 271 268.5 264.4 258.8 250 241 234.7 230.8 226.6 224.2 221.5 217.3 213.6 211.2 207.4 205.5 206.8 218.9 224.9 229.9 235.2 240.1 243.7 247 251.5 255.6 263.2 270 278.4 285 292.5 302.7 313.8 322.7 328.5 325.7 308.5 301.2 301.2 308.9 331.3
197.4 196.3 194.8 193.1 192.3 194.4 192.7 192.5 193 194.3 194.5 194.5 194 194.1 195.2 195.5 195.1 196.4 197.9 201.2 205.4 208 213.1 218 225 233.3 245.3 257.8 268.2 277.2 279.2 279.6 279.1 277.2 273 269.2 270.7 269.3 265.9 263.3 259.5 250.5 243.2 236.4 231.6 227 222.2 218 215.4 214.5 212.3 204.6 203.7 209.6 222.3 226.9 231.5 236.4 240.7 243.7 247.2 251.8 258.8 266.4 271.9 277.4 286 295.1 306.2 317.5 326.4 334.6 335.8 324.8 305.8 303.8 308.8 327.2
199.9 198.1 196.7 195 192.8 192.5 192.6 192.8 192.7 193.6 192.8 192.7 192.9 192.9 192.7 193.2 193.9 195.1 197.2 199.9 203.7 206.9 211.8 216.9 223.6 233.3 245.6 255.6 266 273.6 275.7 275.7 276.6 275.7 273.4 267.5 271 268 264.5 261.4 258.3 254.6 247.4 240.9 235 228.4 223.5 217.8 214.4 210.5 204.1 203.7 205.7 216.2 221.9 228.6 232.8 236.7 240.1 243.6 247.5 252.3 258.5 265.3 271.2 276 285.5 294.4 309.8 323.2 329.5 335.6 342.7 337.2 316.9 309 311.2 319.3
203.8 201 198.8 196.4 193.1 192.3 192.1 192.5 192.5 192.9 192.3 191.8 191.9 191.8 192.2 192.4 193 194.3 195.2 197.3 201 204.6 208.9 215 220.9 229.7 237.6 245.4 254.9 264.5 268.5 267.3 270.3 271.6 270.7 264.3 268.2 265.8 263 261.1 257.3 251.1 247.7 242.2 236.7 229.3 222.7 215.5 211 207.9 203.1 204.7 207.9 214.5 224 227.5 231 234.7 239.4 243.1 247.8 251.1 256.9 263.3 269.8 274.8 285 294.2 307.4 318.5 330.3 338.3 347.6 349.8 331.2 317.9 318.4 321.1
206.9 204.2 201.8 198.8 194.2 192.3 191.9 191.7 192 191.5 192.2 191.7 191.5 191.5 191.7 191.8 191.7 192.6 192.9 194.4 197.5 201.4 205.1 212 217.4 223.9 229.7 235.6 243.4 251.7 256 257.9 262.8 266.9 267 260.3 262.9 261 259.1 258.1 254 249 243.5 239.8 234.4 227.1 220.6 214.6 210.1 203 202.6 204.5 207.3 214.1 222.2 227.7 231.9 236.9 241.4 245.1 248.9 252.1 256.3 261.7 269.6 273.6 280.9 290.6 299.2 310.9 331.5 341.2 348.7 356.4 349.5 338.5 331.2 330.1
210.2 206.9 204.7 201.2 197.9 194.6 192.2 191.6 191.7 191.8 192.5 192.1 191.4 191.3 191.6 190.9 190.9 191.1 191.3 191.6 193.8 195.5 202.6 209.8 215.2 219.1 221.3 227.7 232.6 237.3 239.5 253.4 256.8 258 259.4 259.1 249.6 253.6 253.2 253 250.5 246 239.8 237.9 232.5 223.7 217.3 212.6 208.1 201.5 202.7 204 209.8 217 222 227.9 231.4 236.3 241 243.6 246.6 251.2 255 261.2 267.6 271.3 277.3 287.1 294.5 306.9 321.7 333 341.7 353.1 358.4 357.2 350.5 341.6
218 213.1 210 205.9 199.7 195.3 193 192.1 192.5 193.2 193.3 192.7 191.9 191.6 191.6 190.6 190.2 190.7 191.1 191.4 191.7 194 198.4 206.6 211.9 216.4 218.4 221.3 224.6 227.6 232.3 241.1 246.5 248.4 250.5 250.4 246.9 244.1 246 246 245.4 242.1 238.5 229.9 228 220.8 214.2 210.3 206 200.1 201.9 203.9 210.1 218.7 222.5 225.7 229.3 233.4 238.2 240.6 244 248.6 253 259.5 265.2 265.3 271.4 278 285.6 296.4 305.8 320.6 335.5 349.9 359.8 361.6 360.7 361.4
226 222.7 219.2 212.6 206.2 201.1 196.8 194.9 195.2 196 197.5 195.6 192.1 191.6 191.2 190.8 190.8 190.6 190.9 190.6 191.4 193.4 196.9 203.6 210.6 214.9 216.6 217.5 219.6 222.9 226.6 232.3 237.7 239.8 241.1 240.8 238.9 235.5 239.4 239.4 239.1 236.7 232.3 222.9 220.7 216.8 212.4 209.1 205.7 200.4 201.4 203.3 211.3 218.7 221.9 224.3 227.2 229.9 234.3 238.2 241.5 244.9 248.2 253.6 257 262 265.3 271.6 279.5 286.1 301 319.2 329 346.5 358.1 363.4 364.3 367.3
236.2 231.6 229.2 229 217.2 211 207.8 203.1 200.3 200.1 199.2 196.9 195.6 192.5 191.3 191.2 190.7 190.7 190.5 190 191.1 191.6 195 201.6 207.2 212.2 214.2 215.4 216.6 218.6 220.1 223.4 228.2 232.5 232.2 231.1 230.6 232.7 234.7 234.9 233.2 228.9 227.5 219.9 215.4 212.5 209.2 206.1 200.7 197.7 201.1 202.6 210 214.5 218.5 222.2 225.7 228.5 232.1 236.6 239.7 242 245.5 249.3 252.8 256.6 260.3 268.5 277.7 282.8 295.9 312 326 336.1 351.5 359.5 361.1 365.7
247.8 244.9 247 246.3 241 228.2 219.3 214.2 209.5 204.3 201.4 198.8 196.8 194.8 191.6 191.4 190.7 190.4 190.2 190.4 190.3 190.8 194.2 199 204.3 208.2 210.3 210.8 212.8 213.8 215.6 217.5 220.8 224 222.5 222 224.9 231.3 231.7 229.8 228 225.2 221 215.9 212.4 210.8 208.6 205.9 200 198.7 200.3 202.3 206.6 211.4 215.9 220.1 223.7 226.5 229.8 234.2 237.3 241.2 243.5 246.8 250.6 255.5 261.8 269.9 277.4 282.6 290.3 303.5 319.3 332.4 345.2 352.9 351.8 356.7
265.4 267.1 266 263 256.2 245.2 235 224.9 218.5 211.3 205.2 200.3 197.6 194.9 192.1 191.1 190.5 190.3 190.1 190.9 190.4 191.2 193 198.1 202.3 205 205.9 207.2 208.8 210.1 210.8 212.4 213.5 213.4 215.1 218.4 226.4 229.8 228.4 224 222.1 217.8 215.3 213.3 211.8 210.3 208 205.5 202 197.1 199.8 201.6 205.5 210.9 214.9 218.4 221.6 224.6 229.4 232.9 228.5 239 243.8 247.4 249.9 254.6 258.1 265.9 275.9 283.1 289 296 310.1 320.5 334.3 338.1 338.2 341.8
