public/OST50/SN99.asc
ncols 200
nrows 200
xllcorner 290000
yllcorner 290000
cellsize 50
[rows 70 to 104 of 200, columns 78 to 155 of 200]
353.3 349.1 344.9 336.2 330.6 323.5 319 314.5 311.3 307.6 301.7 297 293 289.8 288 287 283.9 279.6 273.9 269 263.3 256.5 256.2 252.1 247.5 241.3 236.7 233.3 229.1 222.2 217.6 212.1 206.9 204.6 202.8 200.8 199.5 197.2 193.8 193 192.2 190.9 189.4 188.2 186.9 186 185 183.9 182.9 181.4 179.8 178 177.7 177.3 178.7 183.3 187 190.9 193.8 195.6 198.2 199.9 198.6 197.3 197.4 198.1 197.4 197.8 198.4 196.2 197.5 196.6 195.5 195.8 195.9 195 193.3 193.6
353.9 349.5 345.3 339 331.9 325.1 319.8 315.5 312.8 309.6 304.5 298.4 294.6 292.1 290.7 290.6 288.6 285 278.6 272.4 263.7 263.4 260.2 254.7 250.9 244.6 239.5 234.8 229.2 224.4 219.6 213.9 206.7 204.8 203.4 202 200.6 196.9 195.1 193.9 193 191.4 190.4 189.4 187.7 186.4 185.4 185 183.6 181.9 180.7 179.2 178.2 177.9 177 180.3 182.8 184.5 186.1 185.6 188.7 191.7 190.8 191.9 189.5 188.8 189.2 190.1 191.6 191.7 194 191.3 190.1 192 192.3 191.1 189.8 190.3
355.8 349.8 344.1 336.3 330.9 326.1 320.5 316.5 313.6 311 307.5 300.8 299.7 299 295.9 295.3 292.7 287.7 280.8 272.3 270.8 267.3 263 258.3 254 248.6 241 236.9 232.7 228.1 226 217.5 210.4 205.3 204.1 202.8 201.3 197.6 196.3 195.1 193.5 191.8 190.9 189.3 187.5 186.8 185.9 185.5 183.6 182.3 180.3 179.3 177.6 177.3 177 174.1 176.2 179 179.9 179.9 177.9 181.9 178.7 180.7 179.3 180.4 181.3 181.9 183.5 186.6 187.3 187.7 186.1 187.7 189 187.8 187.1 187.2
353.7 349 341.8 335.3 330.4 325.6 319.9 316.7 314.3 311.8 307.3 303.5 302 301.1 299.5 295 293.7 290.5 286.1 282.7 278.5 276.2 270.9 266.6 260.2 252.2 244.6 243 246.3 242.3 232 224.3 214 206.7 204.7 203.3 200.2 198.5 197.2 195.6 193.2 195.3 196.2 190.4 188.3 186.8 184.3 185.7 182.3 181.1 178.9 179.7 178.1 177.4 176.8 176.3 175.5 175.8 175.9 175.9 176.9 174.9 174.8 174.9 175.4 175.7 177 178.4 179.3 180.6 181.7 182.6 183 184.5 185.4 185 184 183.7
355.9 347.9 337.9 334.5 329.2 325.4 322.2 318.5 315.2 312.1 307.9 305.9 303.4 301.2 296.4 299.1 298.3 296.8 294.2 289.7 286.7 283 275.9 273.8 268.2 257 254.4 257.2 255.1 249.8 238.6 224.8 215.6 208.6 206.3 204.2 201 199.6 199 201.4 200.8 200.1 198.7 198 196.4 193.7 192.2 189.4 188 185.8 183.8 179.9 178.7 177.6 177.3 176.1 176 175.1 175.4 175 174.8 174.4 173.8 174.2 175.2 173.9 174.1 174.3 176.1 177.7 178.7 179.5 180.3 181.5 181.5 181.4 177.2 180.2
354.7 339.9 334.1 330.6 326.2 324.1 322.4 319.5 315.9 311.1 308.5 306.4 304.3 299.7 299.5 302.9 305.2 305.6 303.8 299.4 297.1 290.9 288.6 288 278.9 266.3 264.1 260.1 257.4 250.6 230.4 221.1 217.4 212.9 209.4 204.5 201.8 201.2 200.9 202.6 201.9 201.4 201 200 198.5 196.7 194.8 192.8 191.3 189.9 187.6 180.5 179.9 178.3 177.5 177.1 178 175.7 174.2 174.8 174.1 173.9 173.3 173.4 172.7 172.8 172.2 172.9 173.8 174.9 176.6 177.4 177.7 177.5 176.8 171.4 171.2 173.9
347.1 337.2 332.1 329.6 326.6 323.6 321.4 319 315.1 311 308.6 307 305.4 303.7 301.6 306.3 307.4 307.8 309.7 307.6 308.3 305.7 301.4 295.1 285 269.6 264.5 257.4 253.3 235.1 223.3 219.7 217.5 214.3 210.5 205.4 203.8 203.2 202.3 203.7 203.2 202.4 201.8 200.9 199.6 198.1 195.9 194.4 193.1 190.9 189.6 186.2 183.9 180.3 179 178.5 178.9 181.3 181.5 174.4 171.8 173.5 173.7 173.5 172.5 172.8 171.6 171.8 171.5 173.1 175.3 175 172.6 171.5 173.4 170.5 169.5 168.5
342.5 335.8 331.1 328.7 326.3 323.9 320.8 318.2 314.9 312.8 308 307.2 306 303.7 303.6 311.4 313.2 314.2 315.4 319.3 323.2 314.3 302.2 289.4 280.2 270.2 260.9 253.7 245 231.7 224.6 220.7 218 215.2 211.3 206.8 205.1 205 205.8 205.5 204.9 203.9 203.1 201.8 200.2 198.7 197.2 195.3 194.1 192.6 191.4 189.9 186.3 184.9 180.2 179.6 181 183.4 184.2 183.2 180.8 175.1 173.2 172.2 171 170.8 172.4 172.2 172 170.3 171.1 170.5 172.4 177.7 178.2 176.8 172.3 173.1
340.6 336.2 330.7 328.6 326.7 324.7 321.9 316.5 313.7 311.4 308.9 307.2 305.7 304.1 309.7 314 314.2 313.7 313.2 318.2 315 304.8 293 282.3 273 264.6 255.5 248 241.4 236.6 230.2 223.8 221 216.7 207.4 207.6 207.4 208.6 208.7 207.7 207.2 206 204.4 203 201.2 199.2 197.6 195.9 194.4 193.7 192.7 191.5 188.8 187 180.3 181 181.6 185.6 185.9 183.6 181.3 179.7 175.6 179.1 180.7 179.8 174.7 173.1 172.4 171.5 169.9 177.6 180.9 182.1 182.7 181.8 178 179.3
340.3 336.3 331.2 328.8 326.9 324.4 320.9 315.1 312.9 310.8 309.2 307.1 305.2 306.8 310.5 309.7 305.8 304 302.2 301.6 296.4 288 279.2 272.2 264.9 257.3 251.3 246 241 236.5 233 229.2 224.2 213.3 210.1 210.3 210.6 212.2 211.8 210.8 209.7 208.4 206 204.2 202.2 199.7 197.5 196.4 196.5 195.9 195 193 191.9 189.6 181.9 183.4 184.6 186.8 187.6 187.4 186.7 183.3 182.5 185.6 186.5 186 178.6 178.5 177.9 176.1 181 182.2 184.6 184.7 184.8 183.8 183.2 182.9
340.8 337 332.3 329.4 326.7 324.1 320.8 318.3 311.8 310.4 308.9 307.3 305.7 306.6 305.2 300.6 298.4 295.7 293.7 291.5 285.4 279.1 271.2 266.3 261.4 257.8 252.3 245 240 235.8 231.8 228.4 224.9 213.3 212.3 213.1 220.2 220.7 216.5 214.5 213.4 211.5 208.6 207 205.2 202.3 198.7 199.3 199.1 198.2 197 195.5 194.2 188.1 183.9 185.2 186.7 187 190.7 191.6 192.4 192 191.2 191.7 191.7 189.6 178.9 183.8 184.3 180.9 182.2 184.9 185.6 185.8 186.3 185.5 184.8 184.9
341.9 337.9 333.1 330.6 327.3 324.3 320.2 317.9 315.6 308.8 307.7 305.8 306.4 305.5 302.7 300.1 296.6 290.4 289.1 283.9 278.7 271.2 267.4 265.1 260.5 257.5 253.2 247.5 241.1 236.1 232 228.8 219.3 213.9 215.9 225.6 224.3 224.6 222.3 219.4 216.8 213.9 212.5 210.9 208.9 204.9 202.7 202.7 201.8 200.9 199.4 197 198 192.6 189.1 187.1 191.1 191.1 194.2 195.6 196.6 197.6 197.6 196 195.4 188.6 182.7 187.2 188 188.3 187.6 185.4 186.5 187.3 187.7 187.5 187.5 187.6
343.1 338.5 336.6 334.2 330.2 326.1 320.3 317 312.1 308 306.7 306.6 306.3 305.4 301.9 299.6 296.9 291.4 284.5 279.9 276.2 270.9 266.9 263.8 259.6 256.2 251.4 246.9 240.8 236.4 232.5 229.5 218.7 216 230.4 229.7 228.4 229.7 229.5 223.3 221.9 220 218 215.7 210.2 208.8 211.3 207.2 205.2 203.8 202.5 201.3 200.4 194.2 197.4 197.8 197.8 197.8 194.7 197.5 198.1 198.9 198.7 198.3 197.6 188.6 186.7 188.9 190.3 190.6 190.1 188 188.2 189.2 189.5 189.5 189.7 189.6
343.4 338.7 337 335.1 332.4 327.5 324.2 321.6 313.1 307.2 306.3 306.5 305.9 304.2 300.6 298.9 296.8 293.5 283 278.4 275.6 273.3 268.3 263.9 260.9 257.9 251.2 246.4 239.2 234.9 224.8 222 219.9 229 237 235.4 237.2 236.4 233.7 236 236.4 234.9 231.8 225.2 220.8 218.7 215.4 212.4 210 207.5 205.3 204.4 203.3 201.8 202 202.7 201.7 201.2 198.8 197.5 199.6 200 199.9 199.8 199.7 192.6 192.9 192.3 192.1 192.3 190.8 190.8 191.5 191.7 191.8 191.2 191.8 191.7
342.9 338.7 337.1 335.4 332.7 328.4 325.4 322.5 312.4 307.7 306.7 305.8 304.7 302.9 300.3 298.4 296.2 290.5 281.5 277.5 274.8 272.3 270.1 264.3 261.2 257.8 250.8 244.6 236.2 227.7 223.1 221.9 223.3 248.6 246.8 245.9 246.5 245.1 241.1 248.2 247.9 245.1 240.2 234.4 230.8 226.1 218.6 218.9 214.9 211.1 208.6 207.1 206.5 207.3 206.7 206.2 205.3 203.7 200.6 199.6 199.9 200.6 201 201 200.6 192.9 195.7 195.2 194.7 194.1 192.8 193.1 193.8 193.9 195.3 193.2 194.3 194.4
343.2 340.1 337.7 336.3 334.4 328.5 325 321.9 318.7 308.3 306.6 305.2 303.6 302.1 300.3 298 292.6 291.3 282.7 277 273.5 270.7 268.5 266 259.5 254.2 248.3 236.7 231.2 227.3 236.9 253.3 261.5 265.1 263.9 264.1 259.5 252.2 251.3 256.6 256.2 252.5 248.8 244.1 237.9 231 225 224.3 222.2 215.6 211.9 210.1 210.3 210.4 209.5 208.3 206.1 204.8 203 201.8 201.7 202.3 202.5 202.4 200.1 195.8 198.1 197.8 196.8 196.4 197.2 197.9 196.6 197.3 199 199.4 198.5 198
343.6 341.2 339 337.5 335 332.5 325.3 321.3 318.6 309.2 307.4 306 305 302.9 300.9 297.9 294.1 286.3 282 276 270.2 267.8 264.9 258.1 250.3 244.2 237.3 232.7 230.3 240.3 255.6 270.9 274.1 274.4 271.7 273.2 265.3 259.1 260.5 264 263.9 261.3 256.2 249.6 243.5 232.5 231.8 230 226.9 219.9 216 214.2 214.4 213.3 211.1 209.7 208.2 206 204.5 203.7 203.5 204 203.9 204 202.9 203.2 201.5 200.3 200.1 202 202.1 202.9 203.5 203.4 202.6 203 201.8 202.4
344.5 341.8 339.5 337.4 335.2 332.4 327.8 318.9 317 310.6 308.5 307.1 304.6 302.7 299.8 297.2 291.7 280.9 276.4 266.9 264.6 261 252.1 248.4 239.4 238.1 234.4 239.9 251.8 268.3 278 281.6 283.4 283 280.2 276.4 271 265.2 268 270.5 268.3 265.6 261.4 252.2 243.1 242.9 241.2 236 231.6 227.1 222.3 219.4 218.1 216.2 213.9 211.5 209.6 208.2 206.7 205.7 205.8 205.8 205.9 205.7 204.8 205.4 204.5 204.4 206.9 208.3 208.7 211 208.3 210.2 206.5 207 207 206.6
347.3 343.7 340.7 338.2 335.5 332 322.2 317.4 314.3 310.7 308.2 307.1 305.3 302.7 299.3 295.4 288.4 282.6 279.1 268.8 260 256.1 249.4 242.7 244.1 244 245.3 254 273.5 285.8 293 293.7 294.1 292.3 284.9 280.2 274 272.9 274.2 273.8 270.2 263.8 258.1 257.1 257.4 253.5 246.9 239.6 240.3 234.1 230.4 225.3 222.8 221.6 217.3 213.3 211.7 210.2 208.9 207.1 207.7 207.9 208 207.5 207.6 207.5 207.1 207.6 210.8 214 215.2 217 213.7 214.2 215 211.6 211.8 211.2
351 347.2 345 339.2 335 330.5 322.6 317.1 313.8 311.1 309.2 307.1 305.2 302.1 297.7 292.3 282.9 280.4 277.2 273.3 264.7 254.9 248.1 255.1 256 250 258.4 276.9 284.6 291.2 299.7 300.5 300.7 295.3 287.2 282.5 278 279.3 280.4 281.5 279.6 276.1 270.6 264.6 265.4 257.5 252.7 251.2 249.7 245.6 242.5 233.7 228.8 225.6 220 216 213.9 212.4 212.1 214.5 211.1 211.9 211.6 210.2 211.7 211.8 209.9 214.6 218.6 218.1 221 220.1 219.1 219.2 219.9 217.8 216.7 215.8
353.4 349.7 346.5 339.6 333.7 327.4 320.7 316.4 313.8 311.6 309.4 306.6 304 300.7 295.5 290.8 286.7 277.2 272.4 271 263.7 252.5 260.3 264 257.2 258.3 278 288.3 291.4 296.4 302.3 304.8 305.4 296.9 290.6 288.5 285.4 287.4 286.6 287.6 289.2 282.9 276.9 276.3 268.8 260.8 255.4 255.7 256.1 254.3 248.6 239.9 236.1 230.4 223.3 218.9 217 215.9 216.7 217 214.5 218.3 216.1 213.1 215.5 217 215.1 220.7 222.1 225.9 227 225.4 224.9 224.4 224.5 224.8 222.8 220.3
355.7 351.6 348.7 342.4 338.3 332.9 326.1 319.4 316.1 313.2 310.5 307.5 299.1 295.3 292 288.9 279.4 278.5 273.8 266.9 255.1 254.5 268.3 269.4 265 274.3 291.2 297.4 300.5 302.9 306.3 308.1 308.8 299.3 293.4 294.5 296 292.3 293.9 298.1 294.9 288.3 283.6 279.6 272.1 266.3 261.8 261.5 260.8 256.6 252 244.3 241 234.5 227.3 225.1 223.8 220.7 222.8 223.9 218.8 221 220 218.3 220.2 221.5 221.7 226 229.2 230.6 231.5 229.7 232.1 230.2 231.2 229.5 229.2 224.4
356.4 353 349.8 346.1 343.4 340.4 329.2 322.6 318.8 316.7 314.1 309.8 304.6 294.4 291.4 289.7 288.2 282.4 272.1 266.1 257.5 261.3 277.7 287.3 277.4 290.1 300.7 307.4 308.3 311.4 314.1 315.4 310.1 303.1 297.9 299 300.6 299.2 302.5 306.3 299.8 294.4 288.6 281.1 275.9 271.2 267.4 268.5 263.3 258.6 254.2 248.3 245 237.4 233.4 232.8 231.8 224.7 228.8 227.5 223.3 225.5 227 224 226.5 227.1 227.6 231.3 235.2 233.9 233.6 233.9 236.4 237.1 236.3 237 234.9 230.7
356.9 352.3 350.6 347.9 344.8 340.7 329.4 324.7 320.8 318.4 315.1 311.2 304.9 299.1 296 293.3 288.4 278.5 269.7 262.7 274.2 283.2 291.9 298.5 297.6 305.2 309.8 313.3 314.8 316 317.5 319.2 314.1 305.8 304.4 304.3 304.5 305.5 309 309.6 304.3 297.9 290.4 282.7 276.5 275 273.8 271.6 268.7 260.2 257 251.7 247 238.6 238.6 236.4 234.6 230.2 232.5 227.8 231.5 231 233 231.9 234.7 233.7 234.1 237.1 239.2 237.1 237.3 238.1 240 241 242.4 243.1 239.9 240.8
357.5 354.5 351.8 349.1 346 342.8 328.7 324.1 321.6 319.3 316.3 310.6 307.6 303.9 300.3 288.5 281.2 269.8 280.8 283.9 288.1 296.3 305.1 308.5 307.4 316.2 321.6 320.6 320.4 321.2 322.5 322.9 318.6 310.3 308.7 308.7 309.1 309.5 315 312.1 304.8 298 288.5 284.8 283 279.5 276.9 274.7 267.3 266.9 262.6 254.6 244.9 244.2 242.2 240.7 240.7 237.9 238.4 235.2 239.4 238.9 237.8 241.1 240 241 241.4 240.3 243.3 244.1 243.6 244.6 245 246.1 247.8 249 243.7 257
359.7 356 353.2 350.5 347.5 342.3 332.1 326.1 322.4 320 316.6 314.4 312.4 304.9 282.6 276 290 289.5 290.5 291 299.8 310.7 316.7 312.7 317.7 327.9 328.5 328 328.4 327.2 329 328.9 321.9 315.4 312.6 314.6 312.4 314.8 318.1 312.5 304.5 299.8 291.7 288.6 285.4 282.8 279.9 277.7 273.4 270.6 263 251.6 252.1 250.5 247.9 248.9 247 244 243.5 243.1 243.3 244.2 246.2 247 245.7 247.3 248.2 245.7 248.9 248.6 253.2 253.3 251.8 252.2 253.8 254.8 254.5 273.7
361.9 357.8 354.4 352 349.4 345.7 338.8 330.8 324.8 321.5 317.3 316.8 312.9 294.8 286.8 296.2 298 299.3 298.6 300.3 314.8 319.1 321.5 321.8 324.8 330.4 331.5 332.4 331.5 332.5 333.8 332.3 324 323.8 320 318.7 317.2 319.8 319.2 314 305.8 301.7 296.9 291.9 288.2 285.5 283.4 282.6 279.4 273.9 264 259.5 262.9 258.7 254.8 255.3 254.1 251.7 250.3 248.4 247.4 248.9 250.2 251 249.7 252.4 253.8 253.5 255.8 255 258.8 259.5 258.7 257.9 258.2 256.1 266.6 285.9
364.3 359.2 355 352.2 350.3 346.9 340.6 334.6 329.4 321.3 319.2 317 304.4 286.8 300.4 302.3 305.6 306.5 307 313.6 325.6 326.2 326.4 327.8 328.2 330.6 331.9 333 334 334.5 334.6 331.3 328.8 328.3 326.3 322.7 322.3 326.3 324.4 317.4 309.7 307.4 303.6 296 292.2 290.3 289.3 287.6 284.4 282.9 276.2 273.7 274.2 267.6 268.1 265.1 262.8 260.4 258.6 256 254.1 252.6 252.4 253.4 253.3 255.5 256.9 257.7 259.9 261 261.2 262.2 263.3 262.4 263.6 262.2 271.9 294.6
365.2 360.1 357.3 353.9 352.2 346.1 339.2 333.8 329.8 323.5 318.5 313.4 301 292.2 303.8 306.6 311 313.5 315.6 324.9 333.7 332.8 331.7 331.5 331.1 331.6 332.7 333.8 334.8 335.8 336.2 333.7 332.6 331.6 331.2 329.3 330.6 331.4 328.4 321.2 315.2 315.3 309 301.5 296.6 294.8 292.2 290.7 290.5 289.8 284.4 282.7 285 278.9 279.7 275.6 271.9 268.6 266.1 264.1 264.5 260.1 257 256.1 257 257.9 260.5 261.7 263.6 265.1 265.2 265.5 266.2 267.1 267.8 268 274.7 291.3
368.8 365.7 361.8 358.4 354.7 347.4 343.2 334.3 331 327.6 323 319 302.7 306.6 309.7 315.1 320.7 322.2 325.1 334.2 337 335.3 334 332.9 332.5 332.6 333.7 334.6 335.7 336.8 337.2 337.1 335.6 334.6 335.2 335.3 335.6 335.4 330.4 323.5 322.9 322.8 318.9 313.9 305.8 300.6 297.7 294.8 294.4 294.8 291.7 291.4 292.4 287.9 286.8 285.9 279.3 278.8 275.8 276.4 277.3 272.1 264.6 261.4 261.6 263.3 264.9 266.7 268.4 270.5 269.5 269 269.9 270.5 271.4 270.8 280.2 297.5
370.8 367 363.5 359.1 353.9 348.6 343.8 337.8 332.7 329.4 324.9 321.8 298.4 311.1 317.2 323.6 325.5 326.9 330.1 338.2 339.3 339.1 336.9 335.2 334.5 334.3 334.8 335.7 336.6 337.8 338.2 338.4 338.2 337.5 338 339.2 338.6 338.6 334.1 327.1 327.9 332 326.3 320 316.6 313.2 307.6 302.7 299.9 298.2 296.9 298.2 297 296 293.9 292.6 287.8 286.1 282.5 287.7 286.9 282.2 274.2 271.6 269.1 270.8 272.6 272.1 272.3 273.8 273.2 272.8 273.9 274.5 275.1 276.7 283.3 295.2
370.8 368.1 364.6 357.8 351.7 346.7 343.5 340.2 331.8 328 325.1 322.1 306.9 315.6 324.7 327.1 328.4 329.8 336.4 338.7 342.6 340.5 338.9 337.3 338 336 336.3 337 337.5 338.7 339.6 339.8 340 339.5 339.4 340.6 341.4 340.6 336.5 332.5 335.1 335.7 330.3 326.7 323 321.8 317.3 311.1 305.8 302.6 303.5 306.5 305.1 303.5 300.8 297.9 294 291.6 291.5 296.6 294.5 289.6 286.4 279.3 276.1 277.2 277.3 277.2 276.2 277 278 276.2 277.4 279.5 279.9 278.7 285.8 294.3
371.4 368.9 362.2 357.3 353.1 348.5 344.8 340.7 334.2 330.3 319.9 311.5 308.9 321 326.1 328.3 331 334.9 337.8 341.3 342.3 341.6 341.4 342.6 342.1 341.3 339.5 340.4 339.9 340.9 341.3 341.6 341.6 341.4 341.5 342.2 342.4 340.7 337.8 336 338.4 340.7 337.8 331.3 328.7 325.6 320.9 315 309.1 306.8 310.7 311.5 308.6 305.2 303.5 300.7 299.8 298.6 302.3 302.7 300 296.1 292.6 286.7 281.3 285.8 285.6 282.7 281.5 280.8 281.1 281.6 282.5 282.2 282.7 282.4 288.7 295.4
371.6 367.9 365.1 363.4 355.8 349.5 344.9 341.1 337.2 334.8 327.4 324 310.5 322.3 326.9 329.9 332.7 335.4 338.8 340.7 342.2 343 343.7 344.6 344.2 342.9 342 341.8 342.2 342.6 343 343.3 343.5 343.1 343.5 343.9 343.9 341.6 339.4 338.8 339.8 343.2 343.7 340 337.1 332.3 325.7 318.8 315.1 312.3 315.4 315.8 312.4 307.6 306.6 305.5 304.5 306.1 309 309.4 304.6 300.7 298.3 294.5 288.3 292.4 290.7 285.8 284.3 284.5 284.4 284.6 285.3 285.4 285.6 287.3 288.8 296
372.3 369.9 367.4 364.4 355.1 351 348.3 342.2 338.8 336.6 330.9 327.6 312.3 322.5 327.1 328.1 333.8 336.7 338.2 339.7 342.2 344 345.6 345.7 345.8 344.6 343.6 343.7 343.8 344.1 344.5 344.9 345.2 345.6 346.5 347.1 346.4 344.5 342.9 342.3 342.5 345.4 348.3 344.4 341.7 338.2 333.9 329.3 321.4 318.6 320.2 318.7 316.2 315 314.5 310.5 312.2 311 313.4 314.1 310.6 307.1 303.3 301.1 296.7 297.2 293.8 289.7 288.1 289 289.3 288.4 288.1 288.3 288.6 290.7 291.6 294.4
