public/OST50/SO01.asc
ncols 200
nrows 200
xllcorner 300000
yllcorner 210000
cellsize 50
[rows 70 to 104 of 200, columns 0 to 77 of 200]
530 534.9 540.5 545.3 548.1 550.6 551.7 550.3 545.9 540.1 536.2 532.2 520 504.9 489.1 471.6 454.8 439 426.3 416.2 403.9 385.7 391.8 414.5 432.4 449 467.1 486.5 504.9 518.3 528.4 537.6 538.4 542.2 543.7 543.7 544.2 546.1 546.8 549 549.1 549.5 549.5 549.8 549.2 548.1 547.6 547.4 546.6 546.2 544.6 543.3 544.2 543 540.6 537.5 534.1 530.6 527.5 524.6 520.1 515.2 507.6 495.9 480.8 468.4 457.7 445.1 432.1 421.5 411.6 403.6 390.2 384.8 378.5 373.1 369.2 362.7
528.5 533.7 537.9 541.4 543.9 545.3 543.7 539.5 536.7 533.4 530.4 520.6 504.5 489.1 474.4 459.4 444 429.7 418.4 407.5 392.9 378.8 401.5 421 437.7 454.7 473 491.5 507.3 519.6 529.3 533.5 537.1 539.4 540.4 540.8 540.7 542.2 543.3 544.3 544.5 546.1 545.4 545.5 544.6 544.3 544 543.7 543.2 541.8 540.4 539.7 539.4 537.9 535.4 532.9 529.4 526.4 524.9 523.2 519.7 516.2 511 502.1 489.1 475.6 466.4 452.7 440.3 429.7 419.6 410.2 398.3 390.4 384.2 378.5 371 365.3
526.4 531.4 534.1 535.4 536.3 536.6 534.4 533.8 530.4 526.6 520 506 490.6 474.8 461.4 448 434.6 421.6 410.2 397.4 380.6 385.1 406 425.9 442.6 459.9 478.4 495 507.7 520 526.7 529.5 534.1 536.5 536.9 537.6 537 538.9 539.9 540.2 540.1 541.2 541.7 541.8 540.9 539.9 539.6 539.1 538.9 537.8 536.4 535.4 534.4 533 530.2 527.5 524.9 523.1 521.7 520.9 518.3 516.1 512.1 505.9 496.4 485.9 475 461.7 449.3 439.6 429.6 418.6 406.7 397.8 390.7 386.2 381.4 375.2
524 528.2 530 530.5 530.9 530.4 530.4 528.2 524.4 518.7 505.5 491.7 476.4 461.3 449.2 436.9 425.1 413.2 401.2 386.4 374.8 389.3 411.4 430.7 446.9 465.6 483.1 497.5 508.4 519 521.7 526.2 530.8 532.4 534 534.8 534.9 534.9 536.2 535.8 536.3 537.3 537.5 537.8 537.4 535.9 535 534.6 534.2 533.1 532.1 530.6 529.8 528.1 525.6 523.3 521.1 519.9 518.5 517.8 517.1 515 512.5 507.7 502.3 492.3 481.8 469.3 458.4 449.5 439.3 428.2 419.2 408.7 400.4 394.2 389.3 385.6
521.8 525.1 527.2 527 526 525.5 525.1 522.8 518.9 505.9 491.5 477.7 462.1 450.8 438.2 428 416.9 406.1 392.5 376.7 375.9 402.7 413.9 435 450.6 470.9 487.3 497.8 507.2 514.9 517.4 523 526.8 529.6 530.5 531.5 531.7 532.1 532.1 531.9 532.1 532.9 534.7 534.6 534.3 532.9 532 531.1 529.7 528.3 528 525.8 524.6 523 520.9 519 516.9 515.9 515.8 516.3 515.9 514.8 512.4 508.1 503.7 498.3 488.9 479.3 471.8 462.5 453.4 444.3 432.7 421.3 411.4 403.6 397.8 393.9
519.4 523.3 524.6 522.7 521.1 520.8 520.3 518.2 508.2 491.9 477.5 463.8 451 439.2 429.2 419.6 408.4 398.2 382.6 362.1 389.4 405 417.9 439.7 457.2 474.9 487.8 498.7 508.2 512 514.7 519.5 523.5 525.5 527.8 528.4 529.3 529 528.6 528.4 528.7 530 530.7 530.2 530.3 529 528.3 527.7 525.4 524.1 524.1 521.9 519.8 519.2 519 517.7 514.9 513.9 513.7 513.8 514.9 514 512.2 508.1 505.7 502.8 496.7 490.1 484.5 476.9 465.1 454.8 445.3 435.1 424 415.3 409.6 403.7
514.7 520.2 518.8 517.1 516.8 516.4 515.3 507.1 492.7 477.9 464.9 452.5 440.8 428.4 419.5 409.6 399.2 387.5 369.2 375 397.2 406.6 429.7 446.2 460.9 479 489 499.3 507.1 509.5 513 517.1 519.7 523 524.7 525 526.5 526.2 525.1 525.6 526.1 526.3 526.6 527.1 527.2 526.5 524.1 523.1 521.7 520.1 518.7 517.6 517.1 517.1 517.3 516.1 513.3 512.6 511.8 511.5 512.5 512.8 511.6 509.8 507.9 505.2 503.1 499.2 494.6 489.5 481.1 470.3 460.9 451 439.7 429.9 422.3 416.5
507.8 512.1 511.2 511.6 511.5 510.6 504.7 491.5 477.9 464.6 454 441.2 429 418 410.3 401.8 388.7 375.1 362.9 384.1 406.3 421.1 431.2 451.1 468 480.9 491.1 501.9 506.1 507.8 511.3 515.2 517.7 519.8 521.6 521.5 523.4 523.8 522.2 523.4 523.3 523.5 523.4 524 523.9 523.3 520.4 518.8 518 516.6 515.3 514.5 514.3 513.5 513.7 511.7 510.8 510.4 509.8 509.7 510.3 511.4 512 510.9 508.9 506.5 506.6 505.6 501.6 498 493.6 485.7 477.6 470.9 458.6 445.2 436.2 428.6
500.8 503.7 505 507.3 504.1 501.4 489.6 476.3 464.6 453.2 442.9 429.3 417.5 407.7 399.3 391.3 378.8 355.5 368.4 392.8 410.5 429 444.1 457.4 472.9 484.1 493.5 500.1 503.9 506.1 508.7 511.9 514.4 516.5 518.1 518.3 519.5 520.8 520.2 520.1 519.8 520.6 520.1 520.8 519.8 519 517.5 514.9 514.2 513.7 512.7 512 511.1 510.4 509.6 508.6 509.1 508.3 508.5 508.6 508.5 509.7 511.7 511.1 508.8 507.2 507.5 507.9 505.5 502.4 500 496.4 492.9 484 475 462.7 451.4 443.4
493.9 496.4 499.9 499.9 496.2 488.2 475.1 462.7 452.8 443.6 430.1 418.2 408 397.8 388 377.5 363.9 353.1 381.3 396.3 416.2 433 449.3 463.6 476.9 487.8 495.7 499.2 501.7 503.1 505.3 508.1 511.8 514 514.8 515.5 516.3 518.1 518 517.3 517.4 517.8 518 517.6 517.2 515.7 514.3 511.7 511.8 511.6 510.6 509.2 508.4 508.7 508.1 507.5 508.1 506.5 505.9 506.1 506.7 508.4 510.3 510.5 509.6 508.9 508.9 508.7 508.3 507.3 505.8 504.1 501.4 496.2 488.2 479 468.6 457.1
486.4 490.4 493.5 490 485 474.9 461.9 451.2 443 432.1 417.5 406.9 400.8 389.1 376.1 367 350.4 369.9 388.9 407.1 423.7 439.7 456.4 469.2 480.5 490.5 495 497.4 499.7 500.8 502.2 505.3 509.5 511.6 512.5 512.5 513.5 514.4 514.4 514.6 514.2 515.3 514.1 514.6 514.2 512.5 510.1 509.7 509.3 507.6 507.6 506.6 506.8 507.2 507.2 506.8 505.5 503.4 503.8 504.6 505.3 507.3 509.1 509.6 509.6 509.7 509.4 509.4 509.7 510.3 510 508.6 506.4 503.4 499.1 491.7 482.8 472.2
475.5 482.4 484.6 478.1 470.2 461.6 451.5 440.8 430.7 421.8 406.7 398 392.2 380 365.9 353.4 358 381.1 400 415 429.6 446.4 461.7 474.8 485 491.2 494.3 496.9 497.8 499.2 500.5 502.4 506.5 508.7 510.1 510.3 510.4 511.3 512 512.2 512.8 512.5 512.4 511.6 510.3 509.1 507.7 505.9 504.1 503.2 503.6 504.1 504.8 505.2 505.6 503.6 502.9 502.3 502.7 503.5 504.3 506.3 507.9 508.9 508.5 508.7 509.2 510 510.3 510.8 510.9 510.7 508.8 507.6 505.6 502.2 492.5 482.3
467.6 471.8 470.2 463.6 456.8 449.7 441.1 430.4 420.3 410.3 397.5 391.4 383.7 368.4 351.7 350.3 370.4 393.4 408.8 422.9 438.2 455.8 470.3 480.4 488.1 490.9 494.1 495.4 495.6 497.2 499 499.9 504 507.2 507.3 507.8 507.7 508.1 509.1 509.6 509.9 509.2 509.7 509.5 508.3 507.1 506 504.2 502.3 500.6 499.8 500.1 501.4 502.8 502.6 500.8 500.7 501.4 502.1 502.9 503.5 504.6 506 506.7 506.3 507.3 508.3 509.3 510.3 511.2 511.3 511.3 510.5 510.1 509.1 505.6 500.9 492.7
456.9 458.1 456 451.4 446.2 438 428.7 419.8 410.5 400.9 388.9 384.5 371.8 352.9 344.4 366.2 386.2 402.6 417.8 433.2 450.7 465.2 476 484.8 488.5 490.6 493.7 494.1 493.6 495 497 498.2 501.8 504.2 503.6 504 505.1 505.2 506.2 506.4 506.7 505.4 504.9 505 505.2 504.8 503.3 501.7 500 497.7 497.9 498.1 499.5 500.9 498.7 498.2 499.3 500.7 500.6 500.6 501.2 502.4 503.7 504.8 505.9 507.4 508.3 509.1 510.1 511.1 511.7 511.8 512.4 512.4 511.8 510.4 508.8 504.2
445.2 444.7 442.8 440.8 434.8 425.4 419.3 411.7 401.4 389.7 380.7 369.4 356 339.3 356.4 379.2 395.8 410.5 426.8 446.4 462.8 472.8 480.9 487.1 488.9 490.3 492.3 492.6 492.7 492.9 494.3 495.9 498.3 500.5 500.9 500.6 502 502.1 502.2 502.6 502.7 501.3 501.7 500.6 500.6 501.3 500.2 499.3 497.2 496.2 496 496.3 497.8 499.5 497.7 495.2 497.4 498.4 498.3 497.9 499.5 500.9 501.9 502.6 504.5 506.3 507.4 508.6 509.8 510.9 511.9 512.7 513.5 513.8 514.4 515.6 515 512.6
432.1 431.1 431.6 428.4 422.9 416.7 411.1 402.5 391.4 380.6 370.8 358.1 338.8 341.7 361.6 387.2 403.2 418.9 438.4 458.5 470.5 478.1 483 487.8 488.6 490 490.2 490.7 490.3 489.5 490.6 492.1 493.9 496 496.9 494.8 497.7 498.5 498.1 499.1 499.4 499.4 499.1 498.6 497.6 497.5 497.1 497.1 495.2 493.6 493.6 494.4 495.8 497.1 495.5 493 494.1 496.3 495.8 496.1 497.9 499.4 500.3 502.1 503.6 505.3 505.5 507.4 508.9 510 511.6 512.6 513.5 515.3 516.7 519 519.9 518.2
419 420 420 416.7 412.6 408.2 401.9 392.9 380.6 371.4 364 342.3 330.9 357.6 378.8 394.9 409.9 427.3 450.6 464.9 475.4 480.6 485 487.3 487.9 488.4 488.2 488.5 487.9 486.7 487.6 488.3 489.8 490.8 492 491.2 491.9 491.6 494 495.1 496.3 497 496 495.9 495.3 493.2 493.6 494.8 493.3 491.7 491.3 492.8 492.7 493.3 491.4 490.1 492 493.4 494 495.7 497.5 498.3 499.3 501 501.6 504.4 504.8 507.1 508 509.8 511 512.2 514.3 515.7 517.8 519.9 522.1 521.3
407.3 409.7 408.4 405.9 402.1 398.7 391.6 381.5 370.7 359.8 350.5 332.4 343 369 385.6 402.2 418 436.9 457.9 469.2 477.6 481.9 485.7 486.3 486.1 486.4 486.4 485.4 485.1 484.2 485.6 485.6 486.2 485.3 485.3 486.2 481.6 485.6 487.7 490.7 491.8 493.9 493.6 492.4 492.7 491 490.4 491.8 491.7 488.8 488.7 490 489 488.7 488 487 489.7 491 493.2 494.2 495.9 497 498.7 499.5 502 504.9 506.3 507.1 508.2 508.7 510.3 512.1 514.4 516.9 519.2 521.4 523.7 524.6
396.2 398.9 398 395.5 392.5 388.5 378.7 370 359.2 347 333.9 331.3 355.8 376.1 393.9 409.3 426.1 445.1 460.3 472.9 478.2 483.3 484.7 484.6 484.3 484.4 484.4 483.5 481.9 481.9 482.4 481.1 480 475.6 473.9 474.2 471.8 478.3 482 486.2 489 491.3 491 488.3 488.2 487.6 487.1 488.4 487.6 485.9 482.6 483.6 484.6 484.7 483.9 484.8 488.6 491 491.9 492.5 493.9 496.8 498.1 499.4 501.4 505 505.6 506.7 507.8 508.3 509.7 511.7 514.8 517.3 519.7 523.1 525.7 526
386.4 388.6 386.9 384.7 383 375.8 367 358.9 348.1 334.8 326 347.3 368.3 385 400.1 416.9 434.4 453.1 465.4 474.1 478 482 482.7 482.8 482.3 481.8 481.7 479.8 477.9 477.6 477 473.8 468.1 464.2 462.7 462.2 463.9 470.2 474.7 480.4 484.4 488.1 487.6 485.8 483.8 482.3 482.5 483.4 481.4 481.1 478 480.7 481 480.7 481 485.7 487.8 489.8 490.5 493.3 496.1 494.5 495.6 498.2 500.8 502.6 504.5 506.5 507.8 509.3 509.5 511.2 514.2 516.7 519.4 523.2 526.2 527.5
376.8 379.2 378.8 376.2 374 364.8 357.4 345.9 336.3 321.2 337.5 358.5 376.8 392 406.4 423.6 442.5 456.8 467.7 473.8 477.1 480.1 480.9 480.9 480.7 479.6 478.6 476.5 474.4 472.3 468 460.3 458.3 455.5 453.5 452.9 452.3 461.6 467.1 474.1 478.2 483.2 484.2 480.3 478.9 478.3 478.3 478.7 475.7 473.5 475.2 477.1 478.3 472.9 482 484.9 486.5 487.3 490.6 492.3 492.8 495.8 497.3 498.4 499.3 502.5 505.3 507.6 509.3 510.1 510 512.3 513.7 516 519.1 522.6 525.8 526.7
367.4 370.2 370.2 366.5 362.5 356.5 348.6 338.8 323.6 327.5 347.8 366.4 382.9 397.4 415.8 431.2 449.3 459.5 467.2 472.3 475.3 478.1 478.9 479.2 479 477.4 475 473.1 469.7 462.5 453.3 448.5 450.7 447.2 443.8 438.2 445.6 454.3 460.7 469.5 474.8 477 480.2 476.7 475.3 474.5 476.2 476.2 473.8 461.2 472.2 472 464.2 476.8 479.6 482.1 485.1 487.7 490.6 492.9 494.8 495.3 497.4 499 501 504.5 507 508.8 509.8 510.6 510.9 511.4 513 515 518.7 522.1 525.2 527.2
357.7 360.7 361.2 357.4 353.2 348.4 338 326.7 314.1 335.3 356.7 373 387.5 401.6 415.4 435.1 453.7 459.9 463.4 468.9 472.9 475.4 477 476.9 476.6 474.6 471.4 467.4 459.8 449.6 441.2 439.6 441.4 438.7 432.5 422.5 434.4 446.7 453.5 461.1 467 467.8 470.1 471 470.4 468.8 468.8 467.7 464 453.5 458.6 446.9 454.8 470 477.5 483.3 486.5 488.3 490.1 492.1 494.3 496.3 498.1 500.4 503.9 507 508.5 509.3 510 510.1 511.3 511.5 512.7 514.5 518.1 521.3 524.3 526.4
348.6 351.3 352.1 350 344.1 337.8 330 315.4 317.4 341.6 360.5 376.5 389.5 402.3 418.4 434.6 454.6 458.1 458.6 465.2 470.1 472.9 474.1 474.2 473.2 470.9 467.6 459.8 448.2 439.1 433 429.4 431.7 429.7 421.5 409.2 425 441.3 449.7 454.5 460.9 462.8 463.3 464.1 462.7 459.8 455.7 453.5 450.3 440.1 446.2 464.1 474.3 479.2 482.7 486.9 490 489.7 492 493.3 495.4 497.8 500.4 503.5 505.5 507.9 508 508.9 509.5 509.7 510.6 511.5 512.5 514.5 517.5 520.9 524.2 525.5
338 343.7 341.3 339.4 337.3 328.8 318 310.5 327.4 343.6 360.8 376.1 389.6 400.8 417.4 433.3 450.6 455 452.8 461.8 466.2 470.5 471.3 471.1 470.2 466.8 461.9 447.6 437.1 433.5 429.2 418.1 422.2 418.1 407.6 399.9 423.3 436.3 447 453.6 457.4 459.8 457.9 455.5 453.9 451 442.1 436.6 423.9 442.1 461.9 474.3 479 481.9 484.8 488.6 490.8 491.8 492.5 493.6 495.1 497.8 501.4 503.6 505.4 506.4 507.3 508.4 509.1 509.3 510 510.9 512.6 514.7 517.4 521.5 524.4 525.2
317.5 328.3 328.8 327.5 328.1 320.9 306 315.8 328.7 341.7 359 373.5 386.4 398.2 412.6 428.3 443 446.5 446.3 456.9 463 467.5 468.4 467.4 465.4 460.9 451.2 432.9 429.5 429.2 424.4 414 409.8 406 393 397.5 416.3 429.9 440.9 447 450.3 450.9 450.7 450 442.2 438.8 420.5 423.6 444.1 458.4 471.3 476.5 480 484 488.1 490.6 491.6 492.4 493 494 495.7 498.5 501.1 502.9 504 504.1 506.6 507.9 508.5 507.1 509.2 510.7 512.2 514.3 517.3 521 523.3 525
301.5 308.8 315.1 315.8 315.8 310.5 299.2 315.8 327.2 339.3 355.4 371 381.9 392.8 407.4 421.9 434 440.2 441.6 449.4 459.6 463.4 464.3 463.5 459.5 450.4 436.9 421.8 418.3 416.6 414.1 401.8 387.5 390.6 380.5 402.1 418.4 430.2 439.4 444.2 447.3 446.9 445.5 445.4 433.2 418.7 423.4 445.4 458 468.9 475.1 478.3 481.3 485.8 490 491.3 492.3 492.5 492.5 493.1 494.5 497.1 499.7 500 504.1 504.3 505.7 507.2 507.8 506.3 509 510.3 512 513.8 517.1 519.9 522.4 525.1
300.8 298.2 301.9 312.6 308.8 300.6 302.9 314.3 321.4 334.7 350.9 365.9 377.2 389.7 401.7 417.2 429 435.8 438.2 441.9 453.3 456.9 457.7 455.1 447.2 438.5 424.6 411.1 404.5 404.7 401.5 389.4 384 377.4 378.7 403 415.7 429 436.7 440.4 443.5 445.5 441 429.4 415.3 414.1 439.7 456.6 467.9 473.3 477.4 480.1 483.3 488.1 490.5 491.3 491.7 491.5 491.5 491.6 492.6 494.2 496.2 499.7 502 503.8 505.3 506.8 507.5 506.8 507.7 510 511.6 513.2 515.5 518.7 522 524.8
310.5 298.3 297.6 298.8 299.8 297.8 302.6 310.6 318 328.6 345.1 359.5 372.7 387 400.1 413.6 424.9 430.9 434.2 436.9 446.9 449.4 448 444.4 436.7 427.1 413.7 399.1 391 391.3 389 378.8 372.2 364.3 383.2 399.8 413.3 425.6 431.8 435.9 433.3 432 415.1 401.5 409.9 434.7 452 464.4 470.6 474.4 478.1 481.7 485.5 488.9 490.2 490.7 490.9 490.7 490.5 490.3 491.1 490.6 494.8 497.7 499.3 502.7 504.7 505.9 506.5 507.4 507.6 509.2 510.8 512.4 514.4 518.2 522 524.3
324.9 307.8 296.8 296.2 296.2 296.8 300.8 308.3 315.6 325.9 339.8 354.6 368.7 384 398.9 411.1 419.8 426.2 429.8 432.4 440.8 442.1 438.9 433.9 428.1 418.5 405.1 388 380.1 375.7 373 367.1 356.1 367 380.5 395.5 407.8 408 410.8 411.2 402.6 400 391.8 409 430.7 450.2 461.1 468.2 473 475.9 480.7 483.3 486.6 488.8 489.2 489.3 489 488.8 488.7 489.2 489.5 489.8 493.5 496 497.7 500.7 502.8 504.3 504.9 505 506.6 508.4 510 511.4 514 518.4 521.9 524.2
333.9 322.5 303 294.9 294.7 297.9 299.5 304.7 311.4 323.1 334.5 348.2 363.6 381.4 395.9 407.9 416.5 422.8 425.8 429.6 434.6 435.3 431.9 426.9 421.8 411.2 395.4 378.2 370.7 358.5 359.3 354.4 359.3 368 379.4 384 387.6 374.2 375.7 383.2 381.9 392.4 411.6 431.5 450 462.1 468 471.7 474.7 479.1 482.2 484.3 486.3 487.7 487.9 487.7 487.5 487.2 487.6 488.1 488.5 489.5 492.4 493.9 495.9 499.1 500.1 502.5 502.7 503.3 505.7 507.7 509 510.4 514 518.7 521.4 521.3
339.5 329.1 315.8 294.4 292.3 295.5 296.8 300.7 307.2 317.5 328.1 341.4 360.1 378.5 394.4 409.2 414.7 419.5 422.4 425.9 430.9 431.1 426.4 421.4 414 402.2 386.4 370.9 361 351.1 343.3 344.3 359.7 364.1 360.6 359.4 362.7 380.5 390.8 399.8 408.4 420.9 435.1 450.5 461.7 468.6 471.8 475.3 478.1 480.8 483.4 484.2 485.8 486.8 486.8 486.7 486.3 485.8 486.6 487 487.5 488.4 490.3 491.2 493.9 496.7 497.8 499.3 500.1 503.2 505 507.1 507.8 509.1 512.5 516.8 518.9 518.5
345.6 334.7 323 308.3 291.8 291.9 294.2 298 304.8 312.4 321.7 336.7 355.6 375.8 391.6 405 410.6 415.6 418.9 422.4 428.5 427.1 423 415 405.7 393.3 378.5 363.2 351.6 336.4 341.6 345.4 351.5 361.5 374.8 385.8 393.9 404.1 415.4 425.6 434.7 444.7 454 462.1 468.6 472 474.9 477.6 480.2 482.7 483.2 484.1 485.4 485.7 485.8 485.8 485.3 485.4 485.6 486.1 486.7 487.2 487.9 489.1 491.8 494.1 495.9 495.5 498.7 501.6 504.1 505.1 506.1 506.9 509.9 514.5 516.6 516.9
349.9 339.6 327.9 316.5 303.6 289.6 290.9 295.9 304.4 310 315.6 331.2 353 371.5 386.7 399.8 406 410.8 413.8 417.5 420.8 419 415.8 407 395.5 383.5 371.2 356 342.7 337.4 348.7 358.3 366.3 376.5 388.6 400.3 410.7 420.2 429.2 438.5 448 456.1 463 467.4 471.9 474.8 477.2 478.9 481.6 483.5 483.6 484.4 485 484.8 484.8 484.8 485 485.1 485.1 485.6 486 486.1 486.5 487.3 489.9 492.1 493.3 494.7 497.5 499.9 502.3 503.1 505.2 506.7 509.2 513.5 515.6 515.6
352.2 343.4 332.1 320.2 310.4 296.4 285.9 290.5 303 306.7 311.7 325.2 345.5 365.3 380.7 395.7 400.9 405 407.7 410 410.5 410.4 406.7 398.8 385.5 373.7 363.2 347.4 332.8 337.4 354.3 365.1 376 388.3 401.2 414 424.5 432.2 438.7 446.7 455.7 461.5 467.9 471.6 474.7 477 478.3 480 482.7 483.8 483.9 483.5 483.6 484.1 484.3 483.9 484.7 484.8 484.7 485.1 485.3 485.1 485.4 485.7 486.7 490.2 490.6 494 496.7 498.8 500.8 503.1 504.4 506.6 510.9 514.4 515 514.7
