public/OST50/SO01.asc
ncols 200
nrows 200
xllcorner 300000
yllcorner 210000
cellsize 50
[rows 0 to 34 of 200, columns 78 to 155 of 200]
587.1 578.4 572.5 568.4 560.9 552.3 549.8 550.2 556.8 563.8 576.9 595.3 621 649.1 685.3 727.4 728.5 730.8 731.4 730.6 731.2 730.9 731 731.7 732.2 732.9 734.1 735.7 738.6 740.9 740.1 714 682.5 655.4 634.9 619.5 607.4 593.2 592 601.6 616.1 644.5 664.8 671.2 695 706 725.4 742.6 745.7 747.3 748.7 749.4 750.3 751.2 752.5 752.6 752.6 752.6 752.3 750.6 748.4 745 736.7 718.8 680.7 649.9 624.5 606.5 597.4 586.1 576.9 568.6 559.6 549.9 540.1 531.7 521.6 513.4
605.2 585.3 576.5 571.9 571 560.2 553.8 555.9 561.9 572.1 583.8 605.6 632.1 665.4 707.1 727.6 727.8 728.6 729.3 729.3 728.7 728.6 728.7 729.6 730.5 731.1 732.4 734.8 735.6 736.7 718.9 690.2 663.8 641.9 624.5 611.3 600.1 588.6 578.4 594.6 612 643.9 664.8 669.7 684.6 695.6 709.6 740.9 744.4 745.5 746.2 746.6 746.4 747.5 748.6 749.2 749.3 749.2 748.7 747.3 745.6 742.5 735.6 702.3 668.2 639.5 617.6 600.6 590.2 582 574 564.4 556.5 546.7 537 528 515.8 506
631.1 607.7 594 582.5 581.2 574.1 564.8 564.3 571.1 579.3 595 619.5 647.7 683.3 726.1 726.9 726.5 726.3 727.2 726.6 727.1 726.5 726.8 726.9 727.9 728.8 730.2 731.5 732.9 727.6 696.8 667.2 647.1 630 615.5 602.7 592.6 581.6 567.9 587 607.6 636.2 661.7 667.1 682 686.1 698.6 730.8 742 743.2 743.6 743.7 743.8 743.7 744.4 745 745.7 745.5 745.1 743.9 742.4 739.4 732.1 693.5 660 633.7 613 596.3 585.6 581 571.5 562.5 553.1 542.9 532.2 522 508.6 497.4
669.1 640.8 620.9 605.3 597.3 592.9 586.9 582.9 587.6 595.2 612.2 638.6 670.8 719.6 725.2 725.4 724.9 724.2 725.2 725.1 724.6 724.3 724.4 724.7 725.3 726.1 727.9 728.6 729.9 710.1 676.1 650.5 632.4 618.9 606.7 594.3 584.9 573.1 558.2 581 603.2 626.4 647.1 655.9 674 679 687.4 712.1 738.3 740 739.8 739.7 739.7 739.6 740.1 740.8 741.5 741.4 741 740.6 739.2 736.3 727.1 689 656.3 631.5 610.3 593.8 583.7 578.5 568.5 560.2 549.4 538 524.5 513.3 497.7 486.1
701.6 682.4 658.4 636.5 624.5 620.1 615.4 612.3 614.4 618.6 634.7 665.3 711.9 718.1 722.4 723.3 722.6 721.5 721.4 722 721.1 720.6 721.4 721.6 722.2 723 724.3 725.6 721.7 690.8 657.7 635 619.6 609.2 598.2 586.8 576.9 565.5 554.8 577 597.5 622.1 640.4 651.4 665.2 673.3 677.5 701.7 734.6 737.1 736.9 736.6 736.3 736.1 736.1 736.6 737.3 737.2 737 736.8 735.7 733.6 724.6 687.9 655.5 628.1 606.9 588.7 582.1 577 568.2 557.7 544.6 535 522 509.9 499.5 488.2
716.5 715.2 701.8 672.4 666.4 659.5 650.6 646.5 646.3 651.8 657 690.7 715.4 717.1 720.6 721.1 720.2 718.8 717.6 717.4 717.4 716.9 717.3 718.1 719.2 719.4 720.6 723.9 706.5 671.9 643.1 624 609.7 599.5 590.2 579.1 568.9 558.6 553.2 572.7 591.7 612.6 634.7 644.2 655.5 666.7 668.1 689.8 728.9 733.4 733.6 733.4 732.9 732.5 732.5 732.4 733 733.1 733 732.9 732.4 731.2 722.3 687.6 654.9 627.9 606.1 590.5 583.9 578.9 568.1 558.2 546.7 533.6 522.7 510.7 498.3 487.5
718.9 725.7 724.7 719 722.2 713.6 698.3 693.1 689.2 691.8 691.7 711.2 715.4 716 718.5 718.4 717 715.7 714.5 713.8 713.3 712.8 713.4 713.8 714.7 714.8 716.2 715.6 687.1 655.2 631.5 613.9 601.7 591.2 581 571.2 561.2 548.5 548.8 565.8 583.4 605.8 625.5 637.6 647 657.7 667.2 684.6 713.2 728.2 730.2 730 730 728.9 728.5 728.4 728.4 729 729.2 729.2 729.2 728 724.4 692.4 658.5 630.4 607.2 592.3 585.5 579.1 569.6 558.7 546.8 534.8 524.5 512.8 500.4 488.4
717.7 725.8 725.7 724.2 726.6 726.7 725.2 722.4 720.2 717.1 715 715 715 715.4 716 715.7 714.6 713.1 711.6 710.5 710.5 709.3 709.6 710.7 711.4 712.3 713.3 698.8 665 639.7 620.3 605.4 594.6 583.9 573.3 563.4 553.7 545 544.8 560.2 573.1 594.7 613.8 630.6 634.6 645.1 662.2 681.6 698.5 724.2 728.2 727.7 726.3 725.1 724.4 724.3 723.8 724 724.9 725.4 726.1 725.3 723.8 698.2 665 634.9 611.9 595.9 586.9 579.2 570 559.7 548.8 538.3 526 514.4 503.1 491.9
713 722.2 723.7 722.8 722.8 724.1 723.9 722.7 720.3 717.7 715.5 715.8 715.5 714.4 713.7 713.3 712.2 710.7 709.1 707.9 707.5 706.3 706.7 707.6 708.7 710 707.7 676.5 646.9 626.6 611.6 596.8 586.4 576.4 566.4 556.6 547.7 539.6 537.4 554 565.9 582.9 600.3 621.2 623.1 627.5 648.9 668.6 684.3 715.8 723.9 723 722.1 720.9 719.9 719.6 719.5 718.4 720.3 721.2 723.1 722.5 721.4 706.1 672.3 643.2 619 600.1 588.4 578.6 570.7 561 551.5 541.6 528.9 517.3 506.7 498.6
709.2 716.9 719.5 719.8 719.2 720 720.4 720.6 718.8 716.3 716.2 716.2 714.2 713.7 712.5 710.6 709.8 708.1 706.6 705.9 704.7 703.8 703.7 706.1 706.6 706.3 677.4 651.1 628.4 614.2 602.1 590.6 580.7 569.5 560 550.5 542.9 534.1 530.9 546.6 554.9 568.9 584.1 603.1 611.6 612 633.1 651.8 668.5 697.8 718.1 718.5 717.5 716.5 715.7 715.4 714.4 696.4 702.9 702.2 707.6 715.7 719.3 715.2 685.9 654.4 629.6 606.2 589.6 579.9 571.6 561.8 552.1 543.1 532.3 520.7 511.5 504.8
706.3 713.1 714.8 715.4 715.4 715.8 716.2 716.3 715.9 714.4 714.9 714.1 712.8 711.8 710.9 709.5 708.4 705.8 704 703.1 701 698.6 701.4 704 704.7 681.2 648.3 626 610 603.6 592.6 584.2 574.6 562.9 552.5 544 538 530.5 524 538.9 546.5 558.4 569.5 584.9 601.3 606.5 619.9 639.6 659 677.6 709.2 713.8 713 712.1 711.7 711.5 710.7 690.3 666 664.9 671.8 683.1 698.6 709.2 699.3 667.3 637.6 613.8 593.2 581.3 572.4 563.3 554.8 546 536.8 527 517.9 511.1
701.9 708.8 710 710.4 711 710.5 710.9 711.8 711.6 711.4 711.7 711.6 710.3 709.3 708.5 707.9 706.5 703.6 702.4 700.2 696.7 695 697.4 699.8 696.8 657.2 626.2 605.8 596.8 591.8 586.2 574.6 565.7 555.9 546.4 538.4 532.5 526.3 512.7 527.1 536.3 547.3 560.4 571.3 585.9 600.2 609.1 631.4 648.8 662.9 689.1 708.5 708.6 708.1 707.5 707.7 706.8 672.6 639.2 632.5 640.1 651 667.1 680.9 687.8 678.8 650.4 624.1 602 587.8 575.2 565.7 557.2 549 540.9 533.2 525.2 517.8
697.9 704.3 705.6 706.5 706.7 706.4 705.7 707.1 707.7 708.3 708.8 708.8 708.4 707.1 706.1 706 704.5 701.9 700 697.5 694 692 692.8 696.7 681.1 637.8 610.4 595.3 588 581.4 574.1 565.8 555.4 549 540.6 533.6 526.9 521.9 515.5 516.3 526.4 536.9 547.9 560 572.3 585.1 598.4 610.1 630.3 647.1 669.7 695.1 702.4 703.4 703.9 703.7 687 649.9 621.1 599.8 610.7 622.1 635.6 652.4 663.4 664.6 657.9 633.7 610.6 595.1 580.7 569.2 559.7 551.7 544.8 538.6 531.1 524.5
693.2 699.4 701.2 701.8 702.3 702.2 701.1 702.6 703.4 704.1 705.2 705.8 706.7 705.4 704 703.9 702.3 700.4 697.5 695.1 691.1 688.5 688.5 691.8 668.7 624.7 598.5 584.9 581.1 571.4 562.8 554.2 546 540 534.8 529 522.9 517.3 512.4 505.5 515.8 526 536.3 548.4 558 567.3 581.4 595.1 615.2 635 649.9 673.7 694.4 698.9 699.1 698.9 666.2 629.8 602.2 572.9 587.2 594.6 607.4 622.6 637.2 644.4 647.2 644.3 625.3 603.2 588.9 577.2 565.9 557 549.8 543.6 537.1 531.6
688.3 694.5 696.5 697.2 697.9 697.1 696.6 697.9 699 700.2 701.9 702.3 703.4 703.1 701.4 701.1 700.5 698.7 696.8 694.5 690.9 685 684.2 681.4 662 616.6 590.7 579.3 577.4 566.6 554.3 544.7 537.9 531.7 527.4 522.8 517.5 512.9 508.8 498 504.7 512.2 520.5 530.8 543.6 557.2 570.9 583 597 614.6 631.3 649.1 672.9 689.5 693.5 692.4 649.9 615.1 588.7 563.4 560.9 571.2 580.7 594 609.7 622.7 629.6 636.8 639.5 620.6 599.8 586.1 575.9 566.2 557.9 550.1 544 539.3
682.5 689.8 691.8 693 692.9 692.8 692.1 693 694.8 696.6 698.5 699.4 700.8 699.7 699.1 698.4 697.8 696.3 694.4 692.7 690 683.7 678.5 670.8 653 612 587.1 576.4 574.4 560.4 545 537.2 529.6 523.8 518.2 513.4 509.9 507.3 503 497 498.8 505.6 512.3 523 534.8 548.2 560.9 570.7 583.6 597.8 612.4 627.2 643.4 659.3 683.4 684.7 638.2 603.2 574.8 551.9 542.3 547.7 557 567.6 583.8 597.9 609.9 618.6 628.2 632.3 615.7 599.5 588 578.2 569.2 561.7 553.9 548.1
674.9 684.2 686.9 688 687.6 687.9 688.4 688.9 690.6 692.4 694.8 696.7 697.5 696.5 696.5 695.6 694.8 694.5 692.7 690.8 688.4 685.9 679.3 674.2 649.1 605.3 585.8 574.8 561.4 546.5 545.6 533.1 514 513.4 507.4 503 500.2 499.7 498.2 492.9 495.8 501.1 506.7 516 525.7 538.7 551 562 571.3 582.5 595 608.7 622.5 641.2 662.4 655.5 624.3 591.3 562.7 538.6 526.2 526.3 534.9 545.4 558.3 574 590.8 601.7 609.7 621.4 627.2 618.9 606.5 593.8 583.5 575.2 567.3 561.4
667.3 678.1 681 682.1 682.6 682.9 683.8 683.1 685.8 688 690.6 692.5 694.1 693.6 692.8 692.4 691.6 691.5 690.3 687.9 686.9 683.9 678.6 676.9 653.9 612.1 586.7 579.1 573.9 563.6 549.7 533.3 516.2 500.6 497.6 493.7 492.2 491.6 491.6 487.4 492.4 498.1 503 508.9 517.5 529.4 541.6 553.7 563.3 571.3 581.3 592.8 611.3 629.4 641.5 626.4 602.7 577.2 551.6 525.2 515.5 504.4 517.6 525.5 537.2 549.8 566.4 582.2 593.3 603.8 617.6 625.5 624.1 614.5 604 592.7 584.7 579.2
660.5 671.8 674.7 677.2 678 678.7 680.6 679.6 679.7 683.1 685.5 688.6 689.6 689.9 690 689.2 689.1 688.6 687.1 685.9 684.1 681.1 675.8 674.9 654.9 619.9 593.8 581.4 574.1 566.2 555.3 539.8 521 504.9 488.8 484.4 483.3 483.8 483 479.8 489 494.9 498.7 502.8 510.1 520.8 533.3 544.7 553.8 561.6 570.1 582.4 598.5 613.3 612 598.5 579.5 560.4 540.3 518.4 504.5 499.8 499.1 507.1 516.9 528.5 541.3 556.8 573.3 586.5 600.4 614.8 621.5 626.4 627.1 617.5 607.6 602.5
654.5 665.1 668.7 671.3 672.5 673.9 674.9 676.1 673.6 676.9 680.7 683.6 684.9 685.5 687.1 686.8 686.2 684.7 683.8 682.8 680.2 677.9 672.4 672.9 667.7 629 604.1 586.9 575.5 570.7 564.3 548.4 528.3 508.6 494.1 485.1 475.9 477.2 475.7 477.6 484.4 492.5 494.6 497 503.7 513.8 525.8 536.4 544.5 552.2 561.3 569.3 577.4 584.2 581.3 572.2 559 542.8 528.7 512.4 495.8 490.5 482 492 496.6 507.3 519.1 530.9 548.6 566.6 582.9 598.6 611.2 619 627.1 632.1 635.6 634.1
647.8 658.6 662.2 665.3 666.4 669.4 670.3 670.3 668.1 670.1 675.9 679.1 680 681.5 683.4 683.9 682.8 681.4 680.6 678.8 674.6 673.1 667.6 672.9 677.6 643 612.1 591.6 577.3 573.2 568.8 555.6 534 513.7 497.3 485.1 476.9 471.3 471.7 474.3 478.7 486.7 487.4 491.2 498.1 507 518.5 528.1 538.2 546.4 552.9 558.5 562.2 561.5 558.6 551.5 538.8 528.3 516.5 503.1 488.5 481.6 475.7 478 481.5 488.8 499.7 510.8 524.5 542 560 579.5 595.6 607.4 617.9 627.5 635.8 647.5
641.7 651.7 656.8 659.3 660.9 663.2 664 663.9 664.7 664.7 669.3 674.6 677.3 677.1 677.9 679.1 680.2 678.1 675.1 672.5 667.6 663.7 663.6 671.5 679 660.4 623.8 599.1 583.1 574.3 569.4 559.6 538.8 518.9 501.7 487.9 477.8 466.7 467.1 470.7 473 477.8 479.7 485.1 490 500.2 512.1 524.1 533.3 539.9 545 549.5 549.7 547.5 542.9 534.6 525.8 517.1 507.1 495.2 481.2 474.4 466.1 464.4 468.3 475.5 484.6 494.9 506 520 537.4 557.3 577.7 592.2 607.6 619.8 629.3 640.9
636.8 646.4 651.2 654.6 655.7 657.6 660.5 659.8 658.3 659.7 663.9 670.5 674.5 673.9 673.9 674.4 673.8 670.2 667.2 663.1 658.2 655.6 661.3 669.7 676 679.6 642.2 611.8 593.9 582.4 571.9 562.4 545.1 524.6 505.9 491.1 479.1 469.9 460.6 464.6 468.3 470.3 473.3 480.5 487.1 496.7 508.3 519.5 527.5 533.3 538 541.1 542.2 537.6 533.5 528.1 518.6 509.4 500.1 488.7 476.1 468.5 460.6 453.8 457 463.2 471.4 480.7 490.8 502.8 518.3 535.8 556.1 575 592.8 608.9 620.1 632.8
629.4 641.1 645.6 649.5 650.9 653 656.1 656.4 655.6 656.4 658.8 665.2 670.8 670.6 670.2 669.7 668 662.8 659.2 651.4 645.1 650.5 657.9 665.2 671.9 679.2 669.6 635.6 613 597.5 583 569.1 552.4 530.5 510.4 494 480.6 470.8 459.4 461.1 462.5 467.8 471.8 475.6 481.5 491.9 504.2 514.2 521.6 526.6 531.2 534.4 535.3 531.2 528.3 523.6 515 504.3 492.9 480.5 470 461.9 453.8 441.3 444.7 450.8 458.8 467.6 476.5 486.7 500.6 517.2 535.7 557.3 577.3 596.4 610.8 622.8
620.6 634.4 639.7 643.7 645.1 646.3 649.1 650 649.2 649.7 654.3 660.8 667 667.8 665.5 664.7 662.2 656.3 650.8 642.9 633.2 641.1 651.2 658.1 665.8 674 680.2 674.6 645.1 622.9 603.8 585.8 565.9 540.8 517.7 498.4 483.2 472.8 463.8 454.9 459.1 464.2 467 470.7 476.9 485.3 498.9 508.8 516 520.9 525 527.7 528.7 526.6 521.8 517.6 511.9 502.4 490.1 477.1 464.4 456.6 449.2 441.3 424.2 438.7 445.8 454.1 462.6 473.6 485.1 500.1 519.6 539.7 561.3 582.2 600 613.2
614.7 627.1 633.9 638 640.3 640.8 642.6 645.6 646.4 646.4 649.9 656.3 663.7 664.4 661.1 658.4 655.4 652.2 645.3 635.9 627.5 630.2 644.9 650 656 664.7 677.1 677.3 672.5 659.4 632.4 606.8 580.9 552.1 526.3 504.6 485.3 473.5 464.4 458.1 450.1 460.1 464.1 468.7 472.8 480.8 491.5 501.8 510.1 515.3 518.4 520.3 522.1 519.9 515.1 511.3 506.4 499.3 487.6 475.6 462.9 451.2 442.2 433.5 420.1 426.1 433.6 441.6 450.3 459.2 470.8 484.2 501.8 521.8 542.8 564.3 585.7 602.8
609.6 620.8 628 632.2 635 636.8 638.7 642.5 644.3 644.9 648.5 654.1 660.1 662 658.8 652.6 648.4 642.9 638.3 629.2 620.7 621.5 635.3 644.9 648.9 656.3 672 674 671.3 669.1 663.4 630.7 595.4 561.3 534.1 509.3 487.5 474.4 466.3 460.2 453.1 455.4 461.7 465.9 469.2 476.4 485.7 494.5 502.9 508.8 512.4 513.6 514.4 513.1 509.3 505.9 500.5 492.4 482.9 471.6 461 449.7 437 427.7 418 412.8 422.3 429.9 438.1 447.1 458.3 470.7 486.2 504.9 525.4 548 572 591.1
604 613.6 620.9 626.3 629.5 632.8 635.6 638.8 640.8 642.9 645.8 651.9 655.5 658.5 656.4 649.7 642.3 634.4 627.8 621.1 611.4 612.5 623 636.4 643.6 648 665.4 671.4 670 666.3 666.1 648.2 606.9 569.2 540.4 513.4 490.1 476.7 467.9 461.4 455.3 448.3 457.5 461.3 465.1 472.8 480.6 489.1 494.9 502.5 505.4 507.2 508.6 507.9 503.4 498.2 493.6 485.4 477.1 467.5 458.2 448.7 436.4 424.6 417.4 400.1 409.7 419.1 426 435.9 446.3 457.6 471.6 489.4 510.8 533.7 557.2 576.4
596.8 606.5 613.7 619.4 623 626.7 632.2 635.2 637.3 640.6 643.7 649 652.2 654.9 653.1 644.2 636.3 627 620.5 612.1 603 598 609.6 619.2 633.4 640 653.2 667.2 667.2 664.5 663.2 653.7 610.7 572.3 543.8 516.3 493.6 480.1 469.8 462.4 457.2 448.7 451.8 456.4 461 469.1 477.2 484 490.2 496.1 498.1 500.9 502.9 502.1 497.5 491.5 485.9 478.4 470.3 462.9 454.4 445 432.9 421.4 415.3 402.6 393.5 405.7 415 425.7 435.1 445.3 457.9 476.3 496.8 518.3 540.5 558.9
588.1 597.7 605.3 611 615.1 620.9 628.8 631.6 634.5 638.7 642.1 646.6 649.8 650.3 649.2 641.9 630.6 622.1 616.7 606.9 592.8 584.8 590.9 602.8 613.7 628.1 639.3 659.2 663.1 662.4 661 654.7 612.2 575.4 547.3 521.5 496.1 482.5 472.5 465.2 459.5 451.7 439.8 452 457.9 465.6 473.1 479.7 485.6 488.4 490.7 493.5 495.3 495 489.4 484.5 479.5 471.6 465 457.6 448.6 438.8 428.3 417.8 408.6 399 383.3 390.5 403.9 414.8 423.9 433.6 445.8 462.4 482.1 501.9 520.6 539.5
577.4 588.4 597.3 602.4 602.5 615.4 623.4 628.8 631.4 634.9 639.3 643.5 645.9 646.3 643.4 640.9 630.6 622 616 607.9 591.1 581.7 572.8 581.7 596.4 608.5 623.1 642.6 659.7 660.3 658.7 655.6 615.8 576.9 546.6 523.9 498.1 485.5 476.3 468.5 462.3 455.9 442.4 443.3 455.2 460.1 466.9 473.1 477.9 480.3 483.2 486.5 489.1 489.3 485.3 480.3 473.5 466.2 458.7 448.1 439.6 430.3 419.2 409.9 403.1 397.4 391.1 378.3 391.9 402.2 412.6 423 433.8 448.4 466.1 483.3 500.8 518.4
570 579 587.3 592.2 586.8 608.1 621 625.7 628 631.6 635.3 639.8 643.9 642.3 636.2 632.9 628.1 621.4 614.2 606.7 590.5 579.2 566.4 564.8 577.1 595.1 607.4 625.4 647.2 657.3 656.2 651.8 614.3 575.3 546.5 525.8 502 487.7 478.5 471 463.5 455.8 446.8 428.6 448.1 454.4 462.7 468.7 473.2 475.1 478.6 481.5 484.7 486.3 483.3 476.8 469.5 461.9 451.2 438.7 427.8 418 408.7 402.2 397.2 393.4 387.9 366.5 380.4 391.2 401.8 411.9 422 434.4 448.9 464.3 481.1 496.2
562.8 570.9 578.1 582.3 588.2 602.5 617.8 621.8 625.9 628.7 633.2 638.4 640.9 638.5 630.9 626.7 624.9 620.7 611.8 605.8 592.8 576.9 562.5 551.4 561 579.7 594.4 608.4 626.3 648.9 652.1 645.4 614.4 574.7 545.2 527.4 504.9 488.2 479.8 472.1 464.1 456.5 448.8 418.3 432.4 445.7 458.8 464.1 469.5 472.3 474.5 478 481.7 482.8 479.8 475.6 467.5 458.4 448.1 436.1 421.6 405.6 399 394.2 390.3 387 381.4 362.6 371.8 381.3 391.2 400.6 409.7 420.1 432.1 445.4 461 475.2
557 564.1 566.3 577.1 586.4 600.6 614.8 619.3 622.3 626.2 631.5 635.8 638 636.3 628.5 624.1 622.6 619.5 613.5 607.9 600.5 584.3 563.6 546.7 546.7 562.3 581.2 594.2 606.9 626.7 642.3 643.2 614.9 573.5 541.8 525.1 505.3 489.6 481.3 473.2 464.8 457.6 452.1 432.3 416.3 440.4 454.4 460.4 465.7 469 471.2 475.2 479.2 479.8 479.7 476.8 468.4 459.3 449.4 437.8 423.1 406.2 390.4 384.3 379 377.8 372.5 362.1 362 372.1 380.4 388.2 397.7 407.5 418.4 429 440.9 454.2
550.8 558.6 566.9 574.2 584.8 599.5 610.6 616.2 619.6 624.8 630.5 634.6 633.4 632.3 623.8 622.1 620.6 618.7 616.1 610.1 601.8 590.7 568.7 548.1 540.7 544.5 564 580.5 592.1 605.8 625.6 632.8 606.7 567.8 539.8 522.6 503.6 490.8 481.4 472.6 464.9 458.3 452 427.4 416.4 433.2 446.9 456.2 461.6 465.9 469.6 474.3 477.8 479.3 478.6 476.1 469.9 460.4 451.2 440 426.2 411.9 397.3 384 371.5 359.1 361.2 358.7 352.5 358.9 365.5 374.3 384 392.8 403.2 412.6 423.1 433.4
