public/OST50/SO02.asc
ncols 200
nrows 200
xllcorner 300000
yllcorner 220000
cellsize 50
[rows 105 to 139 of 200, columns 78 to 155 of 200]
266.5 261.5 256.2 254.5 252.3 249.5 247 244.8 243.8 240.1 234.7 229.4 225.1 220.8 213.2 211.9 215.8 218.5 214.4 209.9 218.8 218.7 219.3 220.1 221.4 222.7 224.3 224.5 224.6 226.3 225.8 225.9 225.9 225.6 225.5 225.2 225.3 226 225 224.2 222.5 219.8 217.4 214.8 210.9 207.9 208.5 208.7 208.2 207.3 206.8 206 205 193.4 180 186.5 188.6 190.4 203.4 206.6 205.7 205.6 205.8 205.4 203.4 203.2 203.1 203.7 205.4 206.7 210.2 215 220.6 222.5 224.6 225 228.7 228.8
268 263.8 259.2 253.9 249.9 245.5 242.6 238.7 237.5 236.2 232.8 223.9 218.5 216.6 220.2 219.6 219.8 219.5 215.3 212.9 222.5 223.7 224.6 224.7 226.9 226.8 227.3 227 226.7 225.7 226.6 226.5 227 227.8 227.8 227.1 227.2 227.5 227.7 228 227.5 222.9 220.4 216.6 215 212.6 213.4 212.9 211.6 210.2 208.8 207 205.5 182 189.1 199.1 202.4 201 206.7 207.3 207.5 208.1 207.4 206.7 206 207.3 207.4 209.9 212.4 215.6 219.8 224.1 228.3 230.5 230.9 234.1 237.1 238.1
267.1 264 260.2 255.6 249 241.5 237 230.6 226.7 223.5 220.4 222.1 222.7 223.5 223.7 223.5 222.1 221.6 217.2 221.7 227.7 228.9 229.7 229.4 230.3 230 229.6 228.8 228.3 227.6 227.7 228.4 229.3 230.3 230.7 229.4 229.4 230.4 229.7 227.2 224.6 222.7 220.7 220.2 218.6 217.2 215.9 214.2 212.9 211.3 208.4 203.9 188.9 185.6 195.2 204.4 206.4 206.5 206.6 210 211.3 211.7 210.1 210 210.2 211.8 213.9 217.5 220.3 224 228 231.2 235.1 237.8 241.2 243.2 244.7 244.2
262 259.9 256.3 252.1 247 235.8 231.5 227.3 227.7 227.5 227.8 229.6 229.2 229.6 229.2 229.8 228.9 223.6 217.3 228.6 232.1 233.1 233.7 233.2 232.8 232.3 231.5 231.1 230.7 230.6 230.8 231.2 231.7 232.7 233.3 232 232.5 232.5 230.1 229.9 227.9 225.9 223.2 220.9 219.2 217.8 215.7 214 212.8 211 208.9 200.1 185.9 194.5 201.7 206.1 208.9 210.5 210.6 212.5 214.4 213 213.7 214.9 216.3 217.4 219 223 226.6 231.9 235.3 239.4 242.7 247.8 249.5 250.9 252.1 252.2
259.2 253.8 248.9 241.1 236.5 233.8 237.8 233.8 233.9 232.2 232.4 233.8 234 233.8 234.5 234.6 232.4 220.9 223.1 233.9 235.6 236.3 237 236.6 235.6 234.6 234.4 234.7 233.9 233.9 234 234.4 234.4 235 234.9 234.6 234.5 233.8 233.6 233.1 231.6 227.6 224.6 222.1 219.9 217.5 215.4 214.2 213.8 212 209.4 189.1 189 198.8 206 210.6 213 214.5 214 215.7 219.1 217.9 218.6 220.1 221.5 222.8 225.5 229.8 234 238.2 243.1 246.2 252.1 255.5 257.8 262.5 264.2 263.3
256.9 247.4 240.3 241.8 242.6 242 240.1 239.2 238.4 237.3 237.1 239 239 238.9 238.6 239.1 234 218.5 232 237.2 238.9 239.7 240.1 239.6 239.4 238.3 238 238.3 238.4 237.6 237.3 237.5 237.6 237.6 237.6 237.7 238.7 238.2 237.3 235.7 233.2 229.5 225.8 223.2 221.3 219 216.9 215.7 214.6 212.1 195.8 189.7 202.9 205.6 209.2 213.7 215.9 217.8 218.7 219.9 222.7 221.4 222 223.2 224.8 226.7 230.1 236.6 241.6 246.4 252.5 258.8 261.5 264 269.7 273.9 273.7 271.1
250 242.9 245.7 246.1 245.6 244.5 244.5 244.9 243.8 243.3 243.1 244.2 244.6 243.8 242.8 241.1 227.4 228.9 240.7 241.6 242.2 242.9 243.1 243.3 243 241.8 241.6 241.8 242 241.7 241.1 241.1 240.9 241.1 241.7 241.1 240.9 239.2 236.9 234.7 231.6 228.3 225.2 224.1 223 221.2 219.4 217.7 215.7 208.7 194.7 196.2 208.3 211.9 213.5 215.2 217.8 220.3 222 225.3 226.2 227 227.3 228.5 230.6 233.5 237.8 244.4 250.1 256.4 262.2 267.6 271.9 277.7 282.3 283.6 283 280.5
245.4 250 251 250.7 251.3 251.4 251.1 251.5 252.3 251.4 250.2 249.4 248.9 248.7 247.1 244.2 226.2 238.5 244.4 245.9 246.1 246.2 246.4 246.1 245.7 245.3 245.1 245.3 245.5 245.7 245.9 246 246 246.5 246 244.9 242.9 240.2 237.7 234.9 234.4 233.1 231.2 229.2 227.5 225.5 222 219.7 213.8 202.2 193.7 206.2 214 216.2 217.3 218.9 221.5 224.1 225.6 228.3 232 232.3 235 238.3 240.3 242.9 247.8 251.4 257.5 265.3 270.3 277 282.6 288.7 291.8 292.1 290.4 286.3
252.8 256.3 257.2 257.6 257.7 258 258 259 256.7 255.8 254.5 252.7 252.9 252.3 250.5 241.8 226.3 241.6 248.6 250 250.9 249.8 249.9 249.8 249.9 249.9 249.2 249.3 249.8 250.5 250.7 250.8 250.7 250.3 249.7 247.2 244.5 242.1 239.7 237.6 236.4 236.5 235.5 234 231.5 227.5 222.7 222 212.8 203.1 200.3 214 218.1 220.6 222.5 224.1 226.4 230.3 232.2 236.3 237 239.1 243.2 245 248.8 251.3 256.8 260.2 269.4 275.4 283.5 289.7 294.5 298.3 298.3 297.6 294.6 289.3
260.7 262.5 263.7 265.1 266.5 266 264.1 264.4 262.5 259.7 258.4 258.1 257.6 256.4 252.7 234.6 235.3 249.8 253.3 254.5 255.5 255 254.3 253.8 253.7 254.2 254.6 255 256.2 255.4 255.3 255.4 254.9 254.1 252.5 250.1 245.6 244 244 243.2 242.7 241.5 240.1 237.5 233.9 228.5 223.9 221.8 210.5 200.8 208.7 220.2 224.3 226.9 229.6 231.5 236.4 241.7 244.5 245.8 243.8 244.2 250.2 252.5 255.6 259.3 266.2 274.3 283.2 287.3 294.5 301.3 303.6 305.5 304.2 299.7 293.9 286.8
267.5 269.7 271.8 273.3 273.1 271.2 270.6 269.5 267.6 264.1 263.6 263.4 262.5 260.2 254.2 235 246.4 256.2 258.4 259.7 260.3 259.8 258.5 258.5 259 259.4 260.4 261.1 260.7 260.4 260.2 259.3 257.6 256.5 254.3 252.5 249.9 249.6 250 249.5 248.8 246.8 244.4 240.3 234.6 230.5 226.8 220.9 206.2 197.6 219.6 228.6 229.1 233.4 235.1 240.1 245.8 252.1 253.5 253.6 251.7 251.3 257.3 261.7 267.8 272.5 279.9 287.9 295.2 300.2 309 312.6 313.7 312.2 307.3 300.7 293.4 284.5
274.5 276.9 278.8 279.6 277.9 275.8 275.7 274.9 271.1 268.5 268.2 267.7 266 262.5 247.8 236.4 256.4 263.1 263.8 265.2 265.2 264.9 263.3 263.4 264.2 265.2 266.4 267.1 266.6 266.1 265.2 263.2 261 259.8 259.3 257.6 258.5 259 259.3 258.8 255.9 252.5 247.6 242.2 237 232.5 227.5 218.8 201.5 206.9 224.7 233.6 234.4 238.4 242.8 250 255 259 260.3 260.5 259.5 256.1 263.9 270.5 278.8 286.4 293.2 302.5 310.2 319.6 326.8 328.2 326.4 321.4 314.2 300.3 289 281.3
282.2 285.9 286.3 285 282.1 280.8 280.7 280.2 276.3 274.9 272.2 269.7 264.9 250.8 238.4 252.5 262.5 268.3 269.2 269.9 270.1 269.6 268.4 268.4 269.6 271.5 272.5 273.3 272.1 272.4 270.9 268.6 265.9 266.5 267.9 268.8 269.8 271.3 269.4 264.7 260.4 254.6 248.4 243.9 239 235.5 229.1 213.3 203.1 214.4 233.7 239 239.6 245.6 253.6 259.7 264 266.4 266.5 265.6 266.1 263.9 273.2 280.8 289.1 297.6 307.4 318 329 338.7 341.7 340.8 336.4 330.4 322.3 309 292.8 281.2
289.9 291.9 290.9 290 288.2 288 287.3 285.7 282.4 276.1 259.6 248.4 244.9 247.5 260.9 266.1 270.5 273 273.6 274.5 275 274.4 273.9 275.2 277.1 278.7 279.7 279.7 279.4 278.8 276.6 275.9 274.1 276.5 279.9 279.7 281.5 281.1 275.9 268.6 262.6 255.8 249.7 245 241.9 237.9 233.3 209.1 208.1 225.1 239.1 244.8 248.3 257.3 264.2 269.4 271.4 274.1 274 273.4 274.4 272 280.7 287.7 298.1 309.8 323.9 338.2 349.8 355.4 354.5 349.2 346.3 340.9 330.8 318.4 302.8 291
297.3 298.7 297.7 296.7 295.7 294.1 290.3 286.8 283.2 266.5 249.2 264.4 267.4 266.3 270.5 273.6 276.4 277.6 279.1 279.9 280.2 280.3 282.2 283.2 284.1 285.6 286.4 286.6 287.4 285.7 285.9 285.9 289 292.6 294.1 294 291.9 285.7 277.7 270.2 263.3 257.3 252.2 248.1 245.3 242 227.6 208.6 217.1 237.6 247.1 250.2 257.5 266 272.4 277.4 280.5 284.4 287 287 287.3 282.5 288.1 297 310 323.9 342.2 358.9 365 365.3 363.3 361 356 347.3 336.1 322.9 307.2 294.7
305.4 305.8 305.6 303.3 298.9 294.4 290.3 284.2 274.5 257.5 268.8 277.7 277.8 276.5 278.1 280.8 282.8 282.8 285.4 288.1 286.4 289.1 290.2 292.2 292.6 293.8 294.8 295 294.6 293.9 296.8 300.2 303.8 306.9 306.8 302.2 296.8 286.9 278.4 270.6 264.4 258.7 254.6 251.1 248 233.9 211.3 208.5 226.7 245 252.3 257.9 262.9 273.7 281.4 286.6 292.5 295.8 298.3 297.1 296.1 289.1 295.2 306.1 323.7 340.4 360.2 374.3 374.3 374.9 373.6 369 361.5 350.5 337.1 322.6 307.7 295.4
312.1 311.5 310.2 304.8 298.6 293 289.4 275.7 260.4 273.5 282.1 284.7 283.8 283.7 283.8 286.3 288.1 289.5 291.9 295.5 297.4 300.2 301 301.5 302.6 302.9 303.5 304.2 303.2 307.1 311.3 315.9 319.5 321.8 315.2 311.6 301.6 290.7 280.7 269.1 264.8 259.9 255.3 252 244.4 219.5 212.1 217.1 236.4 249.6 259.9 267 273.3 281.7 292.3 295.2 304 306.2 307.6 307.3 304.7 297.9 302.8 313.7 337.1 360.6 376.4 381 383.5 383.5 381.6 375.6 366.3 354.8 340.9 325.5 312.7 300.1
318.4 315.9 311.1 304.3 297.8 292.9 283 267.3 281.6 286.4 287.7 289.7 289.7 288.4 289.3 291.2 293.8 296.5 300.4 304.5 307.6 308.9 311.6 313.5 314.7 314.3 316.3 318.6 320.9 326.1 331.8 336.3 338.4 333.8 318.7 311.3 302.7 292.2 282.5 272.2 265.6 259.4 255.3 244.1 222.2 214.4 228.7 238.7 246 257.7 267 275.2 287.4 293.8 305.8 308.2 314.7 316.3 316.6 316.4 310.4 308.6 309.7 327 355.2 376.7 384.6 387.7 390.9 390.8 385.9 378.5 368 355.8 342 328 312.7 297
322.4 318.3 311.4 304.8 297.9 291 271.5 277.3 290.5 292.3 293.6 295.1 295.5 294.7 294.6 298.1 301.4 306.6 312.7 316.6 319 323 324.5 327 330.1 332.2 335.9 337.6 340.2 345.6 349.2 352.5 350.2 338.9 324.7 310.4 301.4 292.4 281.6 272 265.2 258.6 253.5 232.7 217.3 233.5 245.2 248 252.3 264.4 274.8 286.4 299.1 310.8 313.5 320.4 327 327.5 326.6 323.7 319.9 320.1 323.3 335.3 360.7 382.8 388.1 391.2 392.8 392 385.6 377.9 367 354.8 340.8 326.8 319.4 314
322 314.9 308.7 302.3 295 282.3 276 289.8 295.8 298.1 299.3 300.9 301.9 301.9 303.4 307.6 313 318.1 322.5 326.9 330.9 336 339.8 341.3 344.8 348.9 354.1 357.3 359.3 363.4 367.5 365.6 358.2 341.7 330.1 315.3 298.5 288.2 279.7 272.2 265.5 258.1 246.2 227.4 225.4 244.8 251.9 254.9 261.6 270.9 282.4 295.4 312.4 327.1 331.4 330.9 332.9 335 334.8 336.4 334.7 334.4 338.3 346.6 364 384.3 390.9 393.3 394.2 392.6 387.6 378.2 368.9 359 349.1 340.8 334.5 327.7
318.3 311.6 305.9 299.7 286.2 278.2 288.2 297.8 302.1 304.1 305.6 307.6 311.3 315.8 317.4 319.4 326.1 331.4 335.3 341.7 346.2 350.5 355.5 361.9 366.2 369.2 370.7 374.1 377.7 380.7 379.8 373.9 363.7 343.9 329 320.3 305.1 290.5 278.4 271.2 265.3 257.4 238.1 223.3 239 249.2 254.6 259.7 267 277.5 292.9 306.3 322.8 338.7 342.5 338.3 340.3 343.7 345.4 347.1 347.5 350.4 357.1 362.2 370.3 387.7 394.8 397.1 398 396.7 393 384.8 376.9 368.9 360.6 354 349.4 343.2
315.9 310 304 296.4 279.1 288.5 297.6 303.1 308.5 310.4 313.3 316.8 320.4 324.5 329.2 335.3 338.9 345.5 351.1 357.8 363.9 367.3 371.7 378.3 380.8 382.2 386.6 390.3 392.9 393.1 388.1 379.4 365.9 347.4 328.9 319.9 306.7 292.1 282.2 272.9 264.7 254.4 230.7 226.7 248.3 254.3 259.6 265.7 274.1 287.2 302.4 313.2 332.3 345.9 347.3 347.6 348.2 351.4 354.3 358.8 363.1 369.7 371.3 377.5 382.4 393.6 400.3 402.7 404 402.4 399.4 394 388.2 382.3 375.2 373.2 366.9 361.8
314.2 308.2 302.5 290.6 280.9 298 302.5 309 314.1 317.5 320.3 325.9 330.8 335.6 341.4 349.7 355.6 361.7 369.2 377.4 386.1 390.3 391.4 393.5 395.4 399.3 404.3 406.2 407 401.8 393.7 381.3 365.2 349.6 333.9 318.8 305 293.1 285.2 273.8 267.1 250.8 228.5 238.8 253.9 260 265.5 272.4 283.5 293.9 306.1 320.4 338.8 351.7 353.3 354.1 356.4 360.8 367.7 372 376.9 381.5 385.6 392.2 397.1 402 407.3 410.1 411.2 411.1 409 405.8 401.5 397.1 390.7 387.4 383.2 378.2
312.8 304.8 293.4 284.5 297.7 303.2 309.9 316.1 322 326.6 331 336.5 341.4 347.3 356.3 363.2 372.1 381.5 392.4 404.1 410.2 413.4 414.5 415.1 416.8 418 419.2 419.3 416.4 409.1 396.8 379.7 363.8 348.3 336 319.4 305.2 293.2 284.2 274.2 265.2 242.9 228.9 246.7 260.2 265.2 270.2 277.9 289.3 300.4 311.1 324.3 345.9 358.2 359.9 362.1 366.7 372.3 378.2 381.1 384.4 391.2 397.3 402.3 407.1 411 414.1 417 417.8 417.5 416.5 413.9 409.4 405.6 401 398.6 396.5 396.2
310.6 302.4 286.1 294.9 304 310.1 316 322.3 328.6 336.3 344 347.7 353.6 359.8 368.8 379.1 392.7 407.9 421.2 430.4 434.6 437.5 436.7 436 436.6 434.5 432.4 430.3 423.8 412.3 395 374.1 361.1 349.3 333.7 316.7 305.5 291.5 281.9 272.5 260.4 238.8 236.5 255 263.7 269.4 273.8 285 293.6 308.6 321.8 333.2 349.8 364.6 367 371.8 377.3 383.5 387.5 390 392.4 402.4 410 412 415.3 418.1 421 423.6 424.6 424.6 423.9 421.9 418 415.1 411.4 409.8 408.3 408.6
306.4 291.7 290.4 303 308.6 317.9 323.8 331.6 340.2 349.4 355 360.1 368.3 376 383.9 398.1 415.5 435.7 445.9 451.3 453.2 453.1 452 450.3 448.5 447 441.9 436.4 425.6 410.9 392.6 369.5 358.7 348.3 331.8 317.1 303.5 289.1 279.9 270.3 251.8 236.1 246.3 263 266.7 271.3 282 293.3 302.4 313.7 331 337.9 351.6 370.4 376.8 382 385.9 390.9 395.8 398.3 402.5 412.1 418.8 420.6 423 425.3 427.5 430.2 431.4 431.3 430.3 428.2 426.3 424.3 422.6 420.5 419.4 418.3
302.1 288.5 303.6 308.8 317.4 326.1 335.1 344 354 360.4 367.6 377.2 385.6 393.2 403.7 416.2 435 455.4 464.3 466.2 466.5 465.4 463.3 462.1 458.5 455 448 438.7 425.9 407 390.2 370.5 357.6 343.8 333 317 300.6 287.5 275 266.1 244.5 237.2 255.1 267.2 270.5 280.3 289.6 301.6 314.1 326.3 334.7 344.6 359.1 377.2 385 390.6 395.8 398.4 402.5 407.7 414.1 422.6 426.4 426.8 428.9 431.2 432.5 436.1 437.6 438.6 438.4 436.2 433.6 431.3 430.8 430.9 430.5 428.9
297.6 303.4 308.1 316.6 324.1 334.6 344.4 354.9 364.6 372.1 384 392.6 402 412.4 425.1 440.4 458.2 473.3 476.8 478.4 477.8 475.6 473.9 470.7 466.2 458.9 449.9 438.6 421.4 403.5 386.2 368.6 354.5 341.3 327.8 311.6 297.8 282.2 272.1 254.9 239.3 243.9 261.7 268.8 276.6 287.3 299.5 312.8 325 337 349.3 358.5 369.2 383.3 392.7 400.8 403.6 408.9 413 417.8 423.9 429 431.7 433.1 435.3 437.7 440.2 442.6 443.3 444.5 445.4 444.1 442.2 440.1 439.7 439.7 439.4 438.4
298.5 307.6 313.6 321.9 331.1 342.1 352.9 365.3 376 386.4 399.8 410.2 423.9 436.6 452 467.6 479.7 484 486.6 487.6 487.1 484.3 480.9 475.9 468.6 458.8 448.4 437.8 419.6 401.6 384.1 366.7 351.9 336.6 322.7 308.5 290.6 279.8 269.8 248 240.9 255.3 266.2 273.2 283.9 297 309.9 321.1 334.7 348.3 362.2 374 380.1 387.5 400.8 409.7 415.3 418.5 422.4 426.1 430.3 435.9 438.8 440.5 443.2 445.9 448.6 450.1 450.9 451.2 451.4 451.9 451.3 449.2 449.2 447.6 446.6 445.1
307.2 313.4 319.8 329.1 339.8 351.3 361.4 373.5 386.2 404.5 419 431.5 447.6 467.2 480.2 491.1 492.7 493.2 494.8 494.8 493.2 489.9 485.8 478.3 468.7 459 447.9 433.7 416.3 397.4 379.7 362.1 346.7 330.6 315.7 303.4 287.9 278.8 264.1 246.9 247.7 265.3 272.2 279.5 291.9 304.8 317.7 331.9 346 365.5 373.9 381.6 390.7 399.5 411.7 420.9 424.8 426.3 429.5 432.7 436.8 441.6 446.5 450.3 452.7 455.7 456.8 458 459.4 460.3 460.6 460 459.4 458.6 457.2 455.7 453.8 453.4
313.5 318.7 325.5 336.6 349.5 358.6 372.6 385.5 403.1 422.6 440.3 463.1 483.2 492.6 501.1 502.7 501.3 501 501.7 501.2 497.7 492.8 487.3 478.7 468.2 457 445.3 431.5 413.1 393.2 375.3 359.7 343.5 324.5 311.4 298.9 285.4 274.1 250.1 247.7 257.6 270.5 276 286.2 301.8 315.8 329 342.2 358.7 374.9 383.5 390.8 402.6 412.8 421 427.3 431.4 434.8 438.1 441.3 445.5 451.1 456.7 460.3 463.3 465.3 466.2 466.9 467.4 469.5 471.5 472.1 470.5 468.3 465.5 463.4 461.3 460.1
318 323.1 333 345.9 357 368.7 381.4 398.1 420.2 443.4 469.8 490.8 498.5 505.8 508.9 508.2 507 506 506 504.2 499.8 494.3 487 477.8 466.3 453.2 440.2 426.8 406.5 389.2 371.5 357.5 339.2 322.5 306.9 293.8 282.3 264.7 247.2 254.2 269.9 273.4 283.7 296.9 310.3 323.5 336.9 351.9 368.3 381.8 392.6 405.7 417.4 423.4 427.7 433.7 438.4 445 448.2 449.3 454.2 460.4 465.8 468.8 472.2 474.4 474.9 474.8 477.3 480 484 483 478.6 475.5 472.7 469.8 467.3 465.6
322.1 330 340.8 351.1 364.9 377.9 391.5 411.2 434.7 464.2 485.5 496.9 505.9 511.5 513.8 512.7 511.2 509.5 507.9 505.7 500.6 493.9 485.5 475.2 463.2 450.4 438.1 420.6 402 384.9 368.8 352.1 334.6 318.3 303.4 288.1 278.4 255.7 252.2 268 273.9 281.7 290.8 303.8 319.1 331.5 344.6 360.4 376 393.3 408.9 418.4 425.8 430.4 433.9 440.3 447.1 451.2 454 458.5 463.3 468.8 473.8 477.7 479 481.7 484.8 486.3 487.5 489.5 493 490.3 486.7 483.3 478.1 475 471.6 468.9
327 334.6 346.4 360.7 373.1 387.1 402.1 423.6 448 471.9 487.7 499.8 508.3 515.3 518.5 517 514.4 512.5 508.4 505.6 500.5 491.8 482.8 472 458.8 447.1 432.8 412.7 397.3 379.1 365.6 347.2 328 315 298.4 284.6 265.4 254.8 261.9 273.8 278.3 286.5 297.3 311.8 327.3 339.3 351.6 367.9 384.5 402.8 421.7 427.7 431.5 436.9 443.6 450.5 454.4 457.5 461.5 467.1 473.4 477.9 481.8 485.8 491.3 495.2 496.5 498 498.1 497.9 497.5 496.4 491.8 488.7 483 478.9 474.3 470.5
329.5 338.3 352.3 366.6 381.4 397.5 414 433.6 455.6 473.7 488.6 501 509.9 517.6 520.8 520.3 518.6 514.9 510.7 505.8 498.7 489.4 479.3 468.9 455 442.6 427.6 407.9 391.7 376.2 361.4 341.6 326.5 308.5 292.9 278.4 258.1 259.7 269.7 277.8 284.8 294.7 307.2 320.5 334.2 347.7 359.3 377.3 391.9 410.8 427.4 432 438.7 447.1 453.3 457.9 461.1 464 468.3 477.8 484.1 488 493.5 500.3 506.7 506.9 508 509.2 509.2 507.6 506.4 502.1 497.9 492.1 487.6 481.9 476.3 471.5
