public/OST50/SO02.asc
ncols 200
nrows 200
xllcorner 300000
yllcorner 220000
cellsize 50
[rows 35 to 69 of 200, columns 0 to 77 of 200]
237.3 232.8 228.5 223.7 219.2 212.2 206.2 201.5 197.2 192.2 188.8 184.2 180.4 177.1 172.9 169.3 165.2 161.8 159.3 155 152.8 151.4 150.1 151.3 152.5 152.7 152 151.8 151.6 151.2 151.2 151.7 151.8 153.2 153.9 156.1 158.3 160.7 161.2 162.8 166.2 168.6 168.7 168.6 169.7 169.8 170.1 168.6 167.2 164.3 162.5 161.9 158.8 153.8 149.8 147.4 147.5 144.8 144.3 143.9 143 142.7 140.7 139.8 134.8 139.8 142.2 137.4 137.6 137.5 136.9 136.4 135.5 134.4 134.8 132.9 133.6 132.1
247.1 242.9 237.1 231.6 225.9 219.6 212.7 208.2 202.6 196.4 193.1 188.7 183.3 179.1 174.7 170.9 167.1 164.6 161.8 158.7 155.5 154.2 154 154.8 155.5 154.8 154.8 154.9 154.9 155.2 155.7 156.7 158 159.8 161.8 162.7 164.7 166.1 166 166.2 169.4 171 171.6 171.9 172.8 173.1 170.9 168.5 166 162.5 160.2 158.2 156.5 153.2 149.1 148.3 148.5 148.2 147.5 146.4 145.4 142.1 139.5 140.4 140.5 139.8 140.2 143.3 138.9 137.1 135.9 135.8 134.8 134.2 134.6 133.8 135.2 134.5
255.9 251.4 245.8 239.6 232.6 225.8 219.4 212.2 207.4 200.9 195.9 190.5 185.1 180.7 176.2 173.8 170 166.6 163.4 160.2 160 158.8 158 158.9 159.5 158.9 158.8 158.9 159.1 160.6 163.3 163.3 165.5 167.9 168 169.5 171.9 173.2 173.4 173.8 174.7 175 176.6 176.8 175 173.4 171.1 168.2 165.8 162.1 159.4 156.9 156.3 153.9 151.2 151.1 150.7 150.5 150.3 148.2 144.3 136.6 142.4 141.5 140.6 140.6 141.2 141.2 144.3 137 135.4 135.6 135.2 134.2 138.4 138.4 140.5 140.8
262.4 256.3 251.8 245.3 238.4 231.2 224.5 216.9 211.4 204.5 198 191.5 187.4 183.5 180.3 177.3 173.9 169.6 165.6 164.3 163.6 162.7 163.5 162.8 163.5 164.1 163.5 164.1 165.9 167.1 169.1 171.6 172 172.9 176.5 179.6 180.9 182.5 179.9 181.7 180.6 180.7 180.4 179 176.7 174.1 170.2 168.1 166.1 163.5 161.1 158.7 156.9 156.4 156.7 153.4 152.2 152.5 151.5 146.1 136.8 142.7 142.3 142.3 142.1 142.1 141.8 141.2 138.6 142.7 145 141.7 141 143.6 146.2 143.5 145.8 145.5
265.7 260.5 256.1 249.8 241.7 233.9 227.4 220.1 214.3 205.5 200.4 195.7 191.2 188.3 184.6 180.5 176.6 172.5 168.2 168.4 167.5 167.3 167.6 166.9 167.1 168.2 170 171.4 175 177.5 177.7 177.5 179.5 182.3 185.4 186 188 188.8 187.4 189.5 185.1 185.7 183.5 180.5 177.4 174.4 171.7 169.7 167.8 165.2 163.3 161.9 161.2 161.8 161.2 156.6 153.7 152.6 149.5 138.6 143.9 143.8 143.7 143.7 143.1 142.6 142.1 143 146 147.5 147.8 146.1 148.4 151.2 151 148.1 149.5 149
267.7 262.4 256.4 250.4 243.5 235.8 227.5 220.8 214.3 208.3 204 199.6 194.6 192.2 188.3 184.7 181.1 176.7 174.1 173.7 173.3 173.6 173.3 173 172.9 174.2 178.8 181.6 185.7 188.4 191.8 192.8 193.4 195.6 197.1 199.8 199.5 197.6 194.1 193.5 188.5 187.9 184.8 180.8 177.6 175.2 174.1 172.2 170.5 169 166 166.3 165.4 164.5 160.8 156.7 153.9 150.5 139.5 143.3 143.8 143.1 143.3 143.3 143.4 143.7 145.9 149.2 150.3 152.2 152.8 153.2 152.1 146.6 146.7 153.7 154.5 149.1
267.1 261.8 256.4 250.3 241.5 236.1 228.7 223.1 218.1 212.5 207.2 203.3 199.6 196.1 192 187.3 183.4 179.6 178.8 178.6 178.6 179.2 181.2 180.7 182.9 186.6 188.5 193.5 196.7 198.1 200 203.2 206.4 209.4 209.5 210 208.7 202 199.8 196.9 192.5 189.2 185.1 180.1 178.4 177.6 176.5 175.9 174.5 173.2 170.2 168.5 166.4 163.3 158.9 155.2 151.1 138.8 143.9 143.5 143.6 143 143.2 142.8 146.2 149.3 152.3 155.8 157.4 159.6 159.3 157.8 158.7 158.1 156.8 156.3 150.5 149.3
267.2 261.1 256.8 249.9 243.2 237.5 232.1 226.6 220.6 214.4 210 205.7 201.9 197.2 193.3 189.2 186.5 185 183.7 184.4 185.5 186.2 188.8 188.8 191.8 196.6 198.7 201.5 203.6 205.9 208 215.8 219.3 217.9 216.2 214.8 211.3 204.8 202.3 197.4 192.5 187.8 184.1 181.9 180.8 180.1 179.6 179.4 177.9 176.1 174.1 171 166 161.1 156.8 151.9 146.2 142.7 144.3 145.3 144.3 143.6 146.1 148.1 151.3 153.2 156 160.3 162.8 163.5 161.9 161.5 163.6 162.8 159.5 161.5 161.9 160.5
268 263.7 258.7 254 247.8 241.2 235.1 228.7 222.3 216.2 211.1 207.1 202.6 198.2 195.1 192.2 190.9 190.7 190 192.2 194.9 195.5 198.6 198.4 200.1 204.5 206.1 208.3 210.9 213.5 215.4 223.1 225.3 222.3 218.7 214.8 211.4 207 201.3 195.9 191.6 187.4 184.2 182.6 181.7 180.7 180.1 179.6 178 174.6 172 168.2 163.4 158.5 155 147.6 146.2 144.1 142.2 148.7 150.1 151.3 152.2 152.8 155 158.5 161 164.3 167 165.5 165 165.6 167.6 166.5 162.9 163.8 163.9 163.3
270.7 268.1 262.5 255.9 249.3 242.6 235.3 228.8 223 217.7 212.3 207.3 202.8 200.1 198.8 196.9 196.2 197.5 200.2 200.6 203.4 204.6 205.9 206.9 207.1 209.7 211.6 214.4 217 219.9 222.1 226.6 227.5 223.1 219 215.1 211.4 207 201 194.6 191.1 187 184.5 182.8 181.8 179.9 179.6 177.2 174.7 171.7 167.5 163.8 159.2 156.9 151.5 145.6 146.1 144 150.2 151.2 153 153.8 153.6 156.7 161.1 164.3 165.8 168.3 169.2 169.1 168.2 169.3 168.9 167.7 166.6 165.5 165.4 164.1
274.2 268.8 263.8 256.4 250 242.4 233.3 226.6 221.6 216.2 211.9 207.6 205.2 204.8 203.7 202.4 204 204.8 207.4 209 210.9 212.2 212.7 211.4 211.8 214.6 217.4 219.6 221.5 224.8 226.9 229.1 227 223.5 219.3 215 210.2 205.6 199.5 193.6 189.6 186.4 184.3 182.7 180.5 178.6 176.6 173.9 169.8 168 164.1 159.1 157.3 154 148.8 144.3 144.4 145.6 150.6 154.3 156 156.6 159.4 164.3 167 169 171.8 172.8 172.5 173.5 172.6 172.9 170.2 168.4 168 168.9 169.9 169.3
277.3 271.1 264.4 256 248.5 239.9 232.5 226.9 222.1 218 215.7 213.3 211.2 210.6 209.4 208.8 210.3 210.6 214.7 216.7 216.8 216.7 216.8 216.9 217 218.8 222.3 224.9 225.8 229.7 230.9 230.3 227.1 222.6 218.8 212.8 208.1 203.8 197.6 192.2 188.1 185.6 183.2 180.9 178.6 176.3 173.7 170 166.8 162.8 159.3 157.1 155.1 148.5 145.5 149.3 149.3 146.4 153.1 156.1 158.5 161 165.3 168.8 170.9 172.3 173.8 175.2 176.5 177.8 177.8 177 175.1 171.6 171.6 177.9 174.3 173.9
278.5 272.5 264.9 257.2 249.3 241.7 236.7 232.4 227.5 223.8 221.8 219.7 218.9 218.1 218 215.7 216 216.2 220.1 221 221.1 221.1 221.3 220.9 222.7 225.6 228.1 230.3 232.7 233.4 233.6 230.3 226.6 222.1 216.3 209.9 205.6 200.3 195.9 191 186.9 184 180.8 178.4 175 173 170.2 166.8 162.8 159.4 157.3 156.1 150.8 145 150.6 153.8 150.5 149.7 155.9 158.9 161.7 162.4 167.7 172 173.7 174.2 175.9 177.7 181.9 183.2 182.4 180.8 179.6 176.3 178.7 181.4 183.3 181
280.2 272.8 265.1 258.5 251.5 245.5 241.3 237.9 234.2 232.2 229 227.2 226 225.4 222.8 218.9 221.4 221 222.3 222.1 223.4 223.8 224.9 225.7 228.3 231.8 233.8 235.6 236.7 236.4 234.9 231.3 227.9 221.1 214 207.9 202.7 196.8 193.4 189.5 185.5 181.5 178.7 175.3 171.5 168.9 165 162.3 160.1 158.8 156.8 152.7 145.3 151.6 156.4 155.4 151.3 151.4 157.9 161 164.1 165.9 168.6 173 174.7 176.7 178.5 180.8 185.2 188.8 188.1 187.5 188.2 188 189.1 187.4 184.9 186.3
279.2 273.7 267.7 261.4 256.1 251.4 247.2 244.3 240 238.2 235.5 231 231.3 227.6 224.7 222 223.5 223.5 222.9 222.4 224 226.1 228.1 230.3 233 236.1 238.4 240.4 239.6 237.8 236.1 231.6 226.3 219.1 212.2 205.1 199 193.9 190.9 187.1 183.1 179 175.7 172.1 168.6 164.6 162 160.3 158.6 157.4 152.3 146.2 150.1 157.8 157.8 155.3 153.4 152.8 157.8 162.2 165.4 166.7 169.9 173.2 176 178.6 182.4 185.2 190 194.4 196.7 197 197.5 197.4 195.7 195.3 193.8 190.6
279.3 274 268.6 264.2 259.3 254.1 250.8 246.9 244.3 240.8 237.2 233.2 230.1 226.5 224.5 222.1 221.7 220.7 220.9 222.4 224.8 229.1 230.8 234.8 237.5 240 242.1 242.4 240.3 237.9 233.7 228.3 222.7 216.5 208.8 201.9 194.2 190.6 188 184.1 180.4 175.1 172.1 167.8 164.1 162.2 160.2 158.2 156.4 153.3 147.9 148.9 157.2 158.4 157.9 156.6 154.7 153.2 158 163.3 166.5 169 171.4 175.4 178.9 182.8 188.4 194.2 199.5 202.2 205.5 204.7 203.9 203.9 201.9 200.2 198.9 196.6
276.2 272 267.4 263.6 258.6 254.5 250.1 246.3 242 238.9 234.9 230.6 227.3 224 221.3 219.2 218 217.2 218.4 220.9 225.1 229.5 233.1 236.3 239 240.7 240.3 238.8 235.8 231.9 228.7 224.4 219.7 213.9 207.2 199.2 190 187 183.2 179.7 176.1 171.6 168.3 164.6 162 159.5 155.7 152.6 152.5 150.1 146.2 155.9 159.6 159.3 158.3 158.5 156.5 155.2 160.6 164.1 166.3 169.2 172.6 178.7 184.5 189.6 195.3 203.3 208.4 210.5 211.2 211.3 211.9 210.9 207.7 206.5 204.1 203.2
271.4 267.6 262.9 258.1 252.9 248.9 245.1 241.1 237.6 233.4 229.8 227 223.7 221.2 218 214 213.4 213.5 215.7 218.5 224 228.6 232.2 234.2 234.9 234.7 233.5 231.5 229.1 226 223.5 221.5 216.6 211 203.8 196.3 187.7 183.7 179.3 175.1 171.3 167.1 164.1 162.5 160 155.1 153.8 152.4 146.4 147.7 158.7 158.8 158.8 158.9 159.2 159.6 156.9 157.4 162.6 165.5 168 169.7 175.7 182.4 187.8 195.9 204.6 209.8 214.1 216.1 216.3 217.3 216.5 217.1 215.1 214.6 210.7 212
264.9 260.5 254.4 249.8 244.7 241.5 238.5 234.7 231.6 227.3 224.5 222.2 219.1 215.9 213.1 211 210 209.8 211.8 214.9 220.4 224.6 226.3 227.8 228.2 226.8 224.2 221.8 219.9 219 219.6 216.1 210.8 204.6 199.3 191.3 185.1 178.8 174.4 170.8 167 164.5 162.8 159.3 154.8 152.6 151.6 148.9 148.9 151.2 158.6 158.7 159 159.6 160.3 160.5 157.8 157.9 162.4 166.1 169.7 172.3 179.4 185.2 191.5 200.9 209.3 218.1 223.3 225.1 226 225.3 224.8 222.7 220.2 221.1 220.9 220.1
256 250.6 245.1 242.6 238.3 235.6 232.7 228.9 226.3 222.3 219.6 216.8 213.9 210.9 208 207.2 206.5 205.7 208.1 210.5 211.9 215.3 216.6 217.7 218.8 217.6 216 215.1 211.2 210.5 210.5 210.6 205.4 199.7 194.8 188.9 180 174.8 170.4 168 164.5 162.3 159.2 153.9 153.1 152.4 150.4 146.3 150.3 158.6 158.9 159.6 159.5 159.8 160.8 162 160.1 157.6 160.7 165.8 171 174.1 181 187.4 194.9 206.6 214.5 227.2 234.7 238.6 239.4 237.8 236.5 232.3 228.1 229.8 227.9 225.3
244.2 240.3 239.5 237.6 234.2 230 227.4 224.2 221.8 218.6 214.6 211.8 209 206.6 204.1 201.4 200.5 200.6 202.4 202.8 203.5 205.4 205.9 207 207 206.4 205.9 205.5 202.4 203.3 201.5 201.1 199.5 193.6 188.4 183.6 177.4 171.2 167.1 163.5 161.7 157.9 151.6 151.2 152.3 151.1 148.3 149.2 155 158.5 159.2 160.4 160.8 161.7 163.6 165.4 162.7 159.3 167.6 167.6 170.2 175.6 181.7 189.1 197.3 209.5 220.2 233.1 243.5 248.5 248.4 245.9 243.5 239.4 234.7 236.2 233.7 230.8
238.1 235 234.7 232.5 229.9 225.9 221.5 219.1 216 211.8 209.7 207.1 204 201.2 198.9 196.8 194.7 194.5 195.6 194.4 193.3 193.3 193.5 194.8 195.3 195.3 196.5 194.7 195.1 196.6 196.6 193.6 190.5 186 180.7 176.3 172.4 167.6 164.7 156.8 155.4 153.6 153.6 152 149.1 148.8 149.9 153.4 158.4 159.6 161.3 164.1 165.1 166.7 168.4 169 164.9 161.8 172 172 170 175.7 181.7 191.2 200 211.3 222.2 235.7 247.3 252 251.8 249.7 246.4 242.9 239.4 239.7 237.1 235.4
232.9 231.5 230.6 229.1 226.2 222 217 215.3 210.9 206.4 205 203 200.1 196.6 194 190.9 188.7 189.3 188.2 186.8 184.7 184.9 184 183.7 184.4 185.6 185.3 184.7 186.4 186.2 185.6 185.3 181.3 175.8 172.7 170.8 168.3 165.7 159.6 156.7 154.8 152.8 157.4 156.7 155.4 154.2 155.5 157.6 160.3 164.2 166.7 169.2 171.2 173.7 173.1 170.8 167.2 164.7 170.8 174.1 170.9 175.9 183 191.7 202.3 212 223 234 246.7 252.7 252 250.3 248.2 245.1 243.6 242.9 241.3 239.4
230.5 226.7 225.1 224 222.4 217.6 212.4 209.6 205.3 201.9 199.2 197.2 194.6 192.3 189.3 186.9 183.7 181.9 179.1 177.8 177.2 177.1 177.4 176.5 177.1 177.3 176.9 176.8 175.6 175.6 174.2 173.2 172.6 170.1 167.5 164.8 163.6 161.8 158.4 156.3 154.8 156.3 159.5 159.1 158.5 159.2 161.5 162.8 167.3 170.8 173.9 176.8 177.9 178.7 177.9 174.3 166 166.6 170.8 173.2 176.6 179.2 180.4 190.8 203.2 210.5 220.7 230.9 244.7 251.3 251 249.7 249.4 249.2 248.3 247.4 247.2 246.2
231.3 227 221.6 216.4 214.3 211.1 206.8 203.9 200.6 198.1 194.2 191.8 188 186.1 184.6 182.3 179.7 177.5 175.4 175 173.7 171.9 171.9 170.7 169 169.7 170.1 169.9 170.1 169.2 168.2 166.7 166.2 163.3 161.2 158.7 157.6 155.8 155.4 155.4 160 160.4 160.9 160.6 161.7 163.3 166.1 171.3 175.2 179 180.9 182.8 182.8 182.8 181 174.5 164.3 172.8 176 176.6 179.4 182.8 187.2 190.7 200.1 209 218.8 227.9 241.2 247.8 249.4 251.3 253.6 254.7 255.5 256.5 254 254
229.1 224.9 219.9 212.4 208.4 205.9 202.2 199.4 195.7 192.4 189.3 185.5 182.7 182.3 179.7 176.8 173.4 170.7 168.7 169 169.3 167.9 168.3 167.8 167 166 166.2 165.9 165.9 164.7 163.8 162.5 162.1 160.5 159.1 159.7 159 156.3 159.9 162.6 162.7 163.3 164 166.1 168.6 171.7 175.7 179.9 182.9 184.6 185.6 185.6 185.2 183.5 182 172.9 166.8 177.1 178.7 179.6 181.3 185.8 192 196.8 199.6 205.5 214.6 224 237.5 245 250 254.8 259.7 262.2 265.7 264.4 261.1 262.4
224.1 218.6 212.1 208.2 204.5 200.4 197.9 194.9 191.1 187.7 184.1 181.9 179.2 175.8 173.7 171.4 170.4 171.3 173.5 171.8 170.2 169.7 167.6 165.2 165.7 164 163.2 162.7 164.4 163.6 162.7 161.9 160.9 163.7 164.4 163.3 162.7 159.7 158.5 162.2 164.4 166.1 168.2 172.6 176 180.7 183.6 185.2 186.5 187.6 187.7 186.9 185.1 183.5 180.1 171.7 172.6 179.3 180.7 182.9 186.8 188.8 194.1 200.2 203.2 206.2 210.1 219.2 231.8 241.8 248.2 258.2 265.3 270.2 272.2 271.3 268 267.4
217 212.8 208 203.7 200.9 196.1 193.5 190.9 186.7 184.5 182.1 178.3 175.1 173.2 171.3 175.4 175.3 175.3 175.8 174.9 173.9 172.3 170.7 167.9 165.9 165.5 165.8 165.5 166.9 162.3 162.6 168.1 167.5 167.3 166.7 166.1 165.6 165.7 163.3 160.5 168.6 171.7 175.9 179.2 183 185.7 187.1 187.8 187.6 188.1 187.7 187 185.9 183.6 179.1 170.8 179.5 182.4 183 186.3 190.6 192.8 194.5 200 204.1 208.2 210.9 215.8 228.3 236.9 245.7 259.8 268.3 274.5 277.9 273.7 271.2 270
211.9 207.4 202.3 199.1 196.4 194.4 190 186.4 182.8 179.4 176.1 173 173.4 174.7 175.9 178.4 177.8 176.7 176.1 175.4 175 173.8 172.4 171 168.4 168.1 169.2 168.4 171.1 171.5 169.8 169.2 169.2 168.6 168.3 168.9 169.2 169.9 169.8 169.1 171 177.7 182 184.6 186.6 188.1 188.5 188.3 188.3 187.5 187.4 186.9 185.8 179.5 174.7 176.1 179.4 183.3 184.8 187.7 193.6 197.2 198.9 202.2 205.2 208.4 213.6 216.7 223.3 232.7 240.5 256.9 266.4 273.2 276.6 274.5 272.5 270.4
207.7 203.3 199.3 195.8 192.3 189.8 186.8 183.2 179.4 176.3 174.1 177.7 177.6 180.6 180.4 181.6 180.6 178.8 179.2 178.7 176.3 174.9 173.7 172.3 172.1 172.4 171.2 171.6 171.8 171 171.1 170.6 170.4 170.7 172 172.1 173.3 173.9 174.5 175.8 174.1 183 185.4 187.7 188.8 189.1 189.1 189.1 189.1 188.1 187.1 186.2 180.6 178.1 181.9 181.6 177.6 186.3 187.7 191.9 197.3 201 203.3 204.2 206.8 209.1 212.5 217.6 218.8 228.8 235.1 248.9 258.1 269.2 274.1 272.7 270.7 268.7
203.2 200.1 196.5 192.9 189.5 186 183.6 178.2 176 178.3 181.1 181.1 181.7 183.1 186.1 185.4 185 184.1 185.3 182.6 179.6 177.9 175.5 174 174.1 174.1 172.9 173.1 172.7 172.7 172.4 172.1 172 173.5 175.7 176.3 177.6 178.7 180.2 181.4 178.8 184.8 187.7 189.2 189.9 190.7 190.5 190 189.7 188.8 187.2 180.9 181.2 184.9 185.8 182.2 180.1 189.6 192.3 197.2 202 204.9 207.1 208.5 209.4 215.4 218 218.1 219.3 223.5 233.9 241.8 249.7 264.8 271.5 270.6 269 267
199.8 197.3 193.9 191 187.6 183.8 176.6 179 180.6 182.3 183.3 183.8 185.6 189.4 189.8 190.7 190.4 189.1 187.5 185.8 183.3 182.2 179.3 177.8 177.2 175.7 174 173.8 174.3 174.6 174.6 174.5 174.8 177.2 179.1 180.2 182.3 184.1 184.6 185.8 183.2 186.7 189.9 190.7 191.5 192.3 192 191.4 190 188.4 183.3 184.7 188.9 190 190.4 179.7 189.9 192.2 196.2 200.5 203.8 207.9 212 214 214.7 221.2 223.3 222.5 219.6 222.9 232.4 239 245.6 259.4 268.3 268.8 267.9 266.2
195.1 192.3 190.4 188.4 183.3 177.1 179 182.7 183 185.2 187.4 189 191.5 195.4 195.9 197.4 194.6 193 191.1 187.3 186.4 185.2 183 181.1 179.8 176.2 175.2 177.2 177.7 177.4 177 177.6 180 181.5 181.8 184.2 186.6 187.9 188.4 189.4 189.8 185.2 192.2 193.7 193.1 193.9 192.2 190.6 188 185 187.3 190.7 191.7 192.7 192.9 189.3 195.2 196 198.3 202.2 207.7 214.6 219.1 220 220.5 223.3 224.4 222.5 221.9 224.6 230.6 235.5 241 253.9 265.9 267.5 266.4 264.4
191.2 188.6 188.8 182.2 179.4 182.4 184.7 186.7 187.3 190.6 192.3 195.4 197.3 198.2 200.3 199.7 197 195.2 192.6 189.5 188.6 187 185.4 183.4 180.7 177.1 179.7 180.9 181.6 181.5 181.5 182.8 185.9 187.6 188.1 190.3 190.9 192.5 192.6 194.8 193.8 183.2 192.6 196.9 195.6 193.6 191.1 190.1 189.8 191 192.6 193.8 194.5 195.2 188.2 193 197.6 198.9 202.3 206.6 213.2 218.3 221.3 222.5 222.1 223.1 223.8 223.9 223.6 224.7 230 232.8 237.2 250.9 260.4 264.3 263.5 261.8
190.6 189.4 184 180.8 181.3 185.9 189.2 191.4 193.9 196.9 199.6 200.6 200.6 200.7 201.7 200.6 197.8 196.1 194.2 191.5 189.9 188.8 186.6 182.8 178.7 181.2 182.6 184.6 184.4 187.1 187.8 189.3 192.1 193.3 194.3 194.9 195.4 197.7 197.5 199 196.5 184.3 193.5 196.9 193.2 193.4 193.5 194.1 195.3 196.2 195.7 196.5 197.2 197.7 190.5 198.2 199.8 201.4 205.4 210 214.4 219.1 222.3 224.3 224.4 223.9 224.3 225 224.5 225.8 227.8 230.8 235 242.6 252.5 258.4 258 260.9
