public/OST50/SO05.asc
ncols 200
nrows 200
xllcorner 300000
yllcorner 250000
cellsize 50
[rows 35 to 69 of 200, columns 78 to 155 of 200]
178.4 187.6 191.3 194.8 198.6 202.2 204.5 206.5 208.4 209.5 208.7 209 207.8 204.3 199.8 199.9 203.4 206.1 207.4 209.4 211.5 213.4 215.7 218.1 220 218.5 216.5 214.4 216.3 220.1 222.4 224.2 227.3 227.3 227.9 230.3 229.5 225.1 220 215 211.6 218.7 222.4 225.7 228.8 232.8 235.5 230.9 220 216.5 217.7 218.1 220.6 222.7 223.1 223.9 225.9 232.4 237.5 241 244.5 246 246.2 246.5 248.7 251.1 252 253.2 258.8 267 275.5 282.2 292.7 293.4 297.3 298.7 299.4 299.8
188.2 189.4 192.5 196.5 201.2 204.7 207.5 209.2 211 210.8 208.7 206.3 203.4 200.8 199.7 201.2 204.4 206.6 208.3 211.5 213.3 215 216.8 219.4 222.2 221 218.9 216.6 211.4 220.4 223.5 225.4 225.8 226.3 228.3 229.3 227.8 224.1 218.8 213.8 212.8 218.6 223.9 227 230.6 234.6 239.1 235.6 224.4 216.5 217.6 219 219.9 220.8 222 226.5 231.2 235.8 239.7 244.4 248.9 253.7 254.6 252 249.7 253.1 254.8 263.4 267.1 275.3 290.5 299.9 305.2 306.4 315.5 320.2 316 316.4
184.8 189.3 192.7 197.4 201.9 205.9 210 212.3 211.6 208.7 206 203.4 201.3 200.8 201.1 202 205.1 207.2 209.1 213.7 215.2 216.6 218.1 220.1 223.1 223.4 221.3 218.7 215 217.4 222 222.4 222.9 224.1 225.4 225.6 224.7 220.5 215.8 215.8 213.1 220 225.8 230.1 233.1 236.1 241.4 239.4 230.6 220.5 217.3 218.7 219.8 220.6 222.1 226.6 231.6 237.4 241.8 246.5 251.4 255.7 254.8 251.6 251.9 254.6 258.4 262.7 268.9 276.1 288 302 309.6 315.1 325.6 332.1 337.4 336.1
180.8 187.7 191.8 196.8 202.7 206.6 210.8 213.4 210.7 207.1 203.5 202 203.4 202 204.1 203.7 205.6 208.9 211 215.5 217 218.3 220.5 222.4 224.1 225.2 223.3 220.7 217.9 213.3 216.4 217.4 220 223 225.4 226.5 226.1 222.8 219.2 217.1 213.8 221.1 226.8 231.2 234.4 239.6 243.9 241.4 233.1 223.6 217.4 218.5 219.3 219.6 221 225.5 230.7 237.7 243.1 248.1 253.1 255.4 253.4 253.8 253.3 256.2 261.8 264.7 271.5 279.2 292.1 302.8 312.6 320.1 330.8 336.8 346.3 346.7
174.3 181.2 189.8 196.5 202.2 207.5 210.6 212.3 209.5 206.3 202.4 203.8 204.7 203.1 204 206.3 209 211.1 213 215.8 219 220.8 222.6 224.6 226.4 227 223.7 220.6 216.7 213.5 214.8 219.7 223.1 226.7 228.7 230.1 230.7 228.3 225 220.1 215.9 220.1 227.5 231.6 234.8 239.7 244.9 243 236 227.7 218.8 217.9 218.3 218.7 219.9 224.4 229.1 236.6 243.1 249 253.9 254.5 254.4 256.3 255.4 258.1 264.9 269.2 276 287.6 296.6 302.6 312.5 320.7 333.1 346.8 348.8 349.2
173.1 183 191.7 196.1 200.8 206.2 209.9 210.7 207.8 204.8 202.3 205 206.2 204.6 207.7 209.6 210.8 212.4 214.6 216.7 220 222.5 224.4 226.4 228.2 227.8 223.7 219.4 214.9 213.9 214.2 220 224.3 228.7 230.3 232.7 233.9 233 229.6 223.5 219.7 216.3 227 230.9 234.8 239.5 245.3 244.6 238.5 231 221.6 217.9 218.1 218.5 219.8 223.1 227.4 234.2 241 247 250.6 253.1 255.4 259.4 262.2 262.8 266.6 272.8 280.4 292 300.5 311.5 320.2 325.1 330.1 340.4 352.5 356.2
179.4 184.2 192.6 196.3 200.1 204.9 208.2 207.1 204.7 203.9 204.7 208.8 208.6 207.4 208 209.9 209.8 213.1 215.1 217.4 220.8 222.8 224.8 226.8 228.7 228.1 221.9 216.1 214 214.1 215.2 219.6 225.1 230.2 232.6 235.5 239 237.2 234 228.7 223.4 218.4 222.3 226.7 232.7 238.5 243.6 243.8 239 232.3 225 218.5 218.4 218.7 220.7 222.6 226.4 235.4 239.7 246.3 251.6 256 259.8 262.5 265.3 268.1 269.2 277.8 285.3 294.9 304.9 320.4 330.9 338.3 339.3 335.4 342.8 355.1
181.1 189 193.3 197.7 202.4 207.3 209.5 208.4 206.8 205.4 206.7 208.9 209.6 209 208.2 208.4 208.5 212.9 214.8 217.5 220.6 223 224.8 226.2 228.1 227 219.3 214.3 214.4 215.2 216.2 219.6 225.7 230.8 234.1 237.6 240.5 239.8 235 229.7 223.2 219 218.2 223.2 229.1 234.8 239.3 241.4 238.1 233.8 228.4 221.3 218.9 219.1 220.8 223.7 227.4 234.4 241.9 248.8 253.9 258.8 262.8 265.4 268.8 273.2 278.4 286 294.1 300.1 308.3 320.4 332.7 342.3 342.6 338 340.3 346.5
188.5 191.7 195.5 199.1 204.6 209 211.4 212.8 211.8 209.6 211 211.5 211.6 210.2 208.3 208.1 207.7 212.6 214.5 217.6 220.1 222.6 224.8 226.4 228.5 227.1 220.5 214.9 215 216 217.4 219.2 225.1 230.3 234.2 237.2 239.9 238.8 233.9 227.4 222.3 221.3 219.8 219.5 225 230.3 234.4 236.6 235.3 233 230.9 226.4 221.9 219.6 220.5 222.8 226.6 231.8 243.7 247.3 252.1 256.2 264.1 269 274.3 278.1 282 288.1 298.4 307.9 310.9 317.5 326.5 335.3 341.7 342.2 347.7 360.4
192.9 196 198.3 202 206.2 209.1 212.7 215 215.4 214.2 214.2 214.5 214.8 214 212.2 210.2 207.5 209.9 214.4 217.2 220.1 222.3 225.7 228 229.8 227 220.3 215.5 215.4 216.2 217.5 220.9 221.9 228 232.8 236 237.8 237.1 233.8 228.5 227.2 224.3 221.9 220.5 219.9 224.8 228.7 231.1 230.7 229.1 229.8 229.2 226.3 222.9 220.5 221.3 224.3 230.9 243 251.2 258.5 263.4 265.5 270.8 277 282.7 287.2 293.4 302.3 308 312.7 318.2 325.1 331.7 337.8 343.8 351.2 362.5
193.1 198.2 200.5 203.9 207 210.9 213.9 215.9 216.1 215.2 216.3 216.9 217.4 217.6 215.6 212.6 208 206.7 212.8 216.5 219.6 222.3 226.3 230.2 230.5 225.7 218.5 216.1 216.2 217.3 218.8 221.2 224.1 224.1 224.9 229.2 233.1 235.5 235.1 233.6 231.6 228.4 225.6 222.7 222.3 220.7 223.3 225.9 225.6 223.7 227.7 230.8 230.1 227.9 223.4 221.6 223.8 233.9 244.9 251.3 258 265.1 270 273 276.1 284.1 292.3 301 308.3 312.3 313 315.7 327.1 333 339.3 347.8 352.7 367.3
194.1 198.5 201.4 204.4 207.2 210.7 215 216.2 216.3 215.5 215.6 215.5 215.8 216.6 215.3 212.4 207.7 205.5 211.2 215.2 219.1 223.3 227.7 231.3 228.6 222.4 216.9 216.8 218 219.8 221.7 223.3 225.6 228.5 230.8 230.9 235.9 239.3 238.7 236.8 234.7 232.3 228.9 226.8 227.5 225.9 223.1 221.4 222 222.5 227.9 232 233.7 231.8 227.6 223.4 228.4 238 244.4 250.5 254.5 264.3 275.1 278.6 283.5 285.5 292.9 299.5 303.7 310.2 309.3 310.5 324.4 334.8 341.5 348.1 355.4 371.8
196.7 198.9 201.7 204.4 207.5 211.5 213.9 213.8 213.4 212.9 212.9 213.1 213.4 213.9 212.5 209.8 206.2 204.9 208.1 214.4 219.2 224.9 229.5 231 227 219.1 217.7 218.9 220.3 221.9 224.3 227.1 230 233.1 234.1 234.2 237.5 242 241.9 240.1 238 235.7 232.2 229.6 229.4 229.2 228.3 225.5 222.5 222.5 228.2 233.3 235.9 234 231.6 227.2 237.1 242.1 246.3 249.7 255.2 264.9 276.8 282.5 287.9 289.9 292.6 297.3 300.5 303.2 305.5 306.2 332.6 343.2 346.6 352.5 361.8 374.8
197.8 199.7 202.5 205.5 208.4 212.3 214.4 211.8 209.2 208.7 208.9 209.8 210.6 210.8 210 206.8 203.7 203.9 207.4 214.1 219.5 225 229.1 228 222.8 218.2 218 219.9 222.6 225.3 228.8 231.5 235 237.9 239 238.7 238.7 243.1 245.1 243.4 241.4 239.5 236.2 231.3 227.5 225.5 224 222.4 222.1 223.1 227.1 231.1 234.2 234 234.7 235.5 239.3 243.8 247.4 251.5 256.4 269.3 279.3 283.5 288.9 295.4 291.3 295 297.8 300.9 304.6 314.3 334.4 343 346.4 353.7 364.1 375.2
197.4 200 203.1 206.6 209.3 212.3 213.6 210.8 207.5 204.6 205.3 206 207.4 207.9 207.9 205.9 203.4 204.3 207.5 212.7 218.9 223.4 224.4 222.6 220.1 224.4 228.8 228.6 228.9 231.6 234.9 237.8 241.2 242.4 242.7 241.6 239.7 242.2 245.3 246 242.5 238.4 235.9 231.5 226.5 223.6 223.4 222.5 222.8 223.5 224.6 227.7 231.2 234.2 236.7 239.1 242.5 245.2 248.1 253.9 261.6 274.2 279.3 284.1 290.8 300.6 296 293.4 296.5 302.2 314.5 326.8 326.8 332.9 343.7 352.8 365.4 374.3
196.2 199.5 203.5 207.1 210.5 212.6 210.9 208.3 205.6 202.5 201.6 201.7 204.1 205 205 203.4 203.2 204.2 207.9 214.3 219.4 222.6 222.4 224.6 230.8 237.8 242.9 241.9 234.9 237 242 245.4 245.4 244.8 244 242.3 240.1 239.9 242.6 244 241.5 236.6 232.8 228.2 224.4 223.7 223.3 224.3 225.2 226.4 225.8 226.4 229.9 234 237 240 243.8 246.9 250.1 256.3 265.6 272.4 277.5 284.2 293.7 303.1 298.3 296.3 302 313.7 324.4 330.2 328.5 330.8 336.1 337.5 359.8 370.5
195.4 198.2 203.5 207.6 211.2 210.8 208 205.5 203.5 201.1 200.9 201.4 201.6 202.5 203 202.8 203.6 204.9 207.2 211.8 221 220.9 224.1 230.1 239.8 248 251.7 249.7 243.5 243 248.3 249.9 248.7 246.5 245.4 243.1 240.5 238.2 239.6 240.4 238.5 233.8 229.1 225.9 224.7 224.3 226.7 231.5 232.5 232.8 233.2 227.5 232.4 233.3 240.9 243.7 246 249.2 253.5 258.2 267.3 274.1 280.7 290.7 300.7 305.8 304.8 301.2 306.3 318.7 327.5 328 327.4 333 333.9 335.9 342.5 349.5
195.8 198.1 202 206.3 208.2 207.1 204.8 203.4 201.4 200.8 200.7 201.1 200.8 205.3 204.2 203.1 204.1 205.3 208.4 211.3 222.9 224.9 233.6 241.6 249.8 255.8 258.3 256.4 250.7 250.3 253 252.5 250.5 248.3 246.2 243.8 241.1 238.8 233.6 236.5 233.3 228.5 227 225.9 225.3 226.5 235.3 239.3 238.5 237.7 237 231.8 235.3 240 243.4 246.2 248.8 251.2 256.1 262.9 270.8 278.8 286.7 297.8 301.2 304 303 302.2 308.6 319.2 324.1 325 324.8 327.4 332 346.5 351.9 353.6
196.3 196.2 200 203.4 202.8 202 201.4 200.7 200.4 200.5 200.6 201 205.8 203 205.8 204.4 205.7 206.8 217.6 225.4 231.6 236.6 244.3 252.5 260.6 263 263.3 261.8 259 256.3 255.4 253.5 250.9 248.7 245.9 243.6 241.2 238.5 234.3 229.9 229 227.9 227.3 226.5 226 231.4 239.6 240.4 238.4 235.7 235.9 233.8 235.4 240.3 244.8 250.1 251.3 253 256.8 263.4 270.4 281.3 284.6 290.1 293.6 292.4 293.9 300 310.9 318.6 320.7 321.8 322.9 326.4 331.5 348 354.1 360.8
198.2 195.1 197.5 198.6 199.2 203.3 203.9 202.3 201 200.9 200.9 202.1 203.3 204.8 206.3 207.8 210.4 212.3 226 235.8 241.3 247 252.9 261.3 267.6 268.9 267.3 265.4 263.2 258.5 256.8 254 251.2 248.7 245.8 242.5 239.7 234.8 237.2 231.3 231.3 233.6 233.7 231.6 229.6 233.6 236.5 235 232.6 230.6 229.3 230 236.5 243.2 247.6 253.3 254.9 256.1 258.5 262.7 268.7 273.5 276.9 282.2 280.9 276.6 289.6 298.2 307.9 311.1 316.6 317.8 322.4 327.5 331.6 338.7 355.2 357.9
196.7 194.8 197 199.8 202.8 208 208.2 206.9 204.9 202.1 202.4 203.3 203.9 206.6 208.9 211.2 215.5 222.6 230.7 244 250.7 256.2 261.1 266.6 271.1 272.6 270.5 267.9 265.3 260.4 257 253.7 251.4 248.6 245.3 241.8 238.1 238.6 240.1 234.5 238.2 241 240.6 238.4 237 236.6 235.8 231.3 226 224.1 228.7 232.5 241.8 247 250.4 254.8 259 260.5 261.5 261.5 265 267.9 271.2 270 269.9 280.9 294.8 306.8 310.5 319 317 319.3 323.2 329.1 336.1 339 344.8 351.2
195.5 194.9 196.3 198.9 204 209 210.4 209.3 207.5 205 204.7 206.3 208.3 209.6 211.3 217 221.5 229.3 238.8 250 258.6 265.1 268.8 272.1 274.2 274 272.1 269.2 265.8 261.7 257.7 254.3 251.5 247.8 244.4 240.3 239.3 242.4 244 241.9 243.7 247.7 245.9 242.6 240.4 239.2 235.9 230.6 222.6 224.1 229.7 235.1 241.4 247.6 251.7 255.9 261.5 265.7 262.6 259.3 261.3 265.4 263.1 266.9 268.3 280.4 296 307.4 317.6 316.8 317.9 327.9 334.1 331.6 335.4 338.6 340.7 344.6
194.1 196.8 198.8 200.3 203.1 206.8 207.3 206.9 205.8 205.9 206.9 206.8 211 213.6 216.7 222.1 228.8 235.7 248.8 255.9 263.4 268.7 272.2 274.8 276.4 274.8 271.8 268.9 265.7 261.5 257.5 253.7 251.2 248.1 244.9 241.9 244.2 246.6 248.3 248.5 248.5 248.8 246.1 242.3 238.1 234.2 229.9 224.4 220.5 221.9 227.1 237.3 241.9 247.5 252.3 257.4 263.5 267.9 260.9 255.9 257.2 259.1 260.8 265.8 275.9 291.2 299.2 306.1 313 314.3 318.6 332.3 333.5 341 337.6 336.8 338.6 342.7
195.9 197.7 199.8 201.7 203.4 204.4 204.1 204.7 205.8 207 207.6 210.2 213.5 218.8 223.1 227.2 234.1 245.7 254.8 262.3 266 270.3 273.5 275.7 276.4 274.4 271.4 268.2 265.1 259.1 256.4 252.7 249.3 246.5 243.5 244.8 248.4 251.7 253.5 253.5 251.3 247.3 241.8 238 233.4 228.1 221.8 218.1 218.7 220.1 228 237 243.4 248.3 254.4 259.5 264.2 264.3 256.9 255 259.1 273.4 273.1 277 294.6 307.6 311.7 310.1 311 314.8 318.7 328.1 338.2 347 343.8 340.4 342.7 345.3
195 196.7 199.7 200.8 201.8 201.8 204.6 204.8 207.7 208.2 209.9 213.4 217.6 222.8 229.5 232.4 240.2 249.5 259.2 265.4 269.1 271.3 273.9 275.9 275.9 273 270 267.8 263.9 259.9 256.1 252 249.5 246.6 243.7 246.8 251.4 254.7 256.7 254.9 249.7 244.1 238.6 233 228.1 222.3 218.6 217.3 218.2 222.1 230 237.7 244.8 249.3 255.9 262.1 263.1 259 252.1 258.4 268.7 278.6 281.4 294.9 309.6 317.8 325.3 323.8 320.2 322.3 326.1 332.3 336.1 350.2 357.7 346.9 347.7 351.2
194.8 196.9 201.6 201.8 203.5 203.2 205.1 206.1 207.8 211.8 214.8 218 221.2 226.4 231.4 237.8 244.4 252.3 261.1 266.1 270.6 271.9 272.6 274.4 274.1 271.8 269.1 266.4 262.8 259.7 255.8 251.7 248.7 247.2 245.7 247.9 252.8 255.6 255.9 251.8 246.5 240.2 235.6 229.4 223.5 219.2 216.8 217 218.2 224.4 230 237.1 244.8 249 255.4 260.3 260.4 253.1 252.3 263.9 277.3 282.7 290.5 309.7 317.4 321.5 327 323.4 319 320.9 328.2 332.1 337.8 352.3 361.1 362.5 353.6 352.5
200.6 202.6 205 208.6 208.7 207.1 209.4 211.7 213.6 216.6 220.6 222.9 227.4 231.4 236.3 241.6 250.3 256.9 263.8 269.3 270.9 271.4 271.7 272.8 271.9 269.6 267.4 264.9 262.4 259.6 255.3 251.3 248.2 245.2 246.3 247 249.8 251.8 251.3 247.7 243.2 236.8 231.6 225.4 219.8 217.3 216.6 217.4 218.9 223.2 232.2 241.1 248.5 254.7 258.4 260.8 257.8 249.7 259.7 278 294.8 309.8 306.5 319.3 326.1 323 319.6 316.5 318.7 322 331.3 330.5 343.4 353.6 354.6 354.5 358.6 361.6
199.3 202.4 207.1 208.8 207.9 209 213.2 217.3 220.8 222.4 225.9 227 230.8 235.4 240.2 245.1 254.3 260.7 265.1 269.2 270.3 270.3 270.9 270.8 269.2 267.2 265.3 263.8 261.8 259.3 254.8 248.8 246.7 244.6 240.9 242.1 243.6 246 245.7 243.6 238.7 232.4 225.9 221.1 217.8 216.4 217.3 218.3 221 227.8 234.5 241.7 250.5 257.1 259.2 259.5 257 248.8 260.8 282.4 307.1 325.9 320.8 323.1 324.8 322 318.2 317.2 320.3 324.5 326.4 328.4 329.3 338.3 343 348.2 354.2 356.6
198.5 202.4 206.2 207.3 205.8 209.1 211.4 216.6 220.2 223.5 227.8 229.3 231.4 237.1 242.4 249.4 256.8 261.4 265.1 267.8 267.8 268.6 269.6 269.2 267.5 265 262.3 261.5 260.9 258 252.8 244.7 242 240.5 239.3 236.7 237.4 239.4 240 237 232.4 227.4 221.6 217.7 215.7 216.8 217.9 219.3 221.1 226.9 234.7 244.4 251.4 255.7 255.2 250.3 246.7 251.4 262.4 277.5 301.6 317.4 316.8 321.1 321.2 319.8 315.2 317 317 318.7 321.1 321.6 328.5 331 335.5 341 348.8 354.6
200.7 203.3 204.8 204.4 206 208 211.9 215.2 220.3 224.8 227 228.7 233 237.6 242.9 250.4 256.6 260.6 264 264.7 266.2 267.5 268.2 267.3 266 264.5 261.1 259 259.3 254.7 247.4 243.4 235.7 234.8 233.7 234.9 238.5 238.7 237.3 233.6 227.3 220.9 217.2 215.5 216.3 216.7 217.6 218.8 220.3 225.2 235 241.8 248.5 254.1 251.7 244.7 262.5 272.1 270.8 282.3 291.5 300.3 305.2 308.8 310 306.9 307.6 307.9 312 312.9 313.6 316.7 320.8 325.8 329.6 335.7 344.3 350.4
202.5 203.4 203.4 205.1 205.6 208.1 209.8 215.3 217.1 223.3 224.3 228.5 230.7 235 242.3 250.4 254.3 259.9 262.3 264 264.8 265.9 265.5 264.8 264.1 263.4 261.9 256.6 255.2 249.5 245 239.3 233.3 230.3 234.9 240.4 243.6 244.2 241.7 237.6 231.8 224.5 216.7 215.5 218.9 222.5 223.6 223.1 219.8 222 231.6 237.8 244.8 252.3 246.5 244.3 262.7 273.2 276.2 285.2 291.7 291.3 294.8 294.9 302 299.9 300 304.3 305.9 306.4 306.9 310.6 315.5 317.9 324.3 332.8 341.5 349.2
204.2 203.9 203.1 199.9 204.5 206.5 209 214.6 215.2 218.9 224.2 225.7 228 231.4 237.3 242.5 252.6 258.2 263.3 264.5 264.3 263.7 262.6 261.6 261.5 262.3 261.7 259.1 254.9 249.2 242.4 234.2 229.8 231.6 238.5 243.8 247.3 244.9 240.3 235.4 229.9 223.3 215.9 217.3 222 225.6 229.7 230.3 230.3 222.3 223.7 234.2 243.3 247.3 239.9 249.3 280.4 281.2 279.4 285.5 285.5 285.5 286 289.9 292.4 294.9 292.8 291.5 294.9 299 300.9 305.8 310.7 312.7 319.4 329.1 335.5 345.9
204.3 202.7 201.5 200.8 203 205.4 208.2 210.9 213.4 220.2 224.2 227 230.8 238.1 245.6 253.2 256.4 260.2 263.3 263.2 261.5 261 259.5 258.1 258 258.9 258.5 254.5 249.6 245.4 239.8 229 226.1 235.2 240.9 246 249 243.5 237.4 231.7 224.9 218.1 215.7 221.7 226.2 232 236.5 238.9 237.4 233.3 227 226.1 240.3 247.2 239.1 262.9 283.5 281.7 283 285.9 286.6 284.6 285.3 286 284.7 286.1 283.2 283.9 287.1 292.6 295.7 301.8 305.2 307.8 315.7 324.5 333.4 342.1
207.9 201.6 200.4 199.3 202.1 205.2 206.3 208.1 215.1 218.7 224.4 229.5 237 246.8 254.8 258.6 261.6 262.7 262.5 260.9 259 257.6 256.3 254.9 254.5 255.2 254.2 248.9 243.2 240.2 234 224.6 229 235.3 240.5 245.3 245.5 240.7 234.1 225.6 217 218.7 223.2 226.2 230.2 236.8 242.5 245.8 244.7 239.8 235.9 231.6 233.4 241.2 245.9 267.7 275.7 274.9 280 284.3 282.8 280.8 277.5 275.7 277.2 276.6 275.6 277.6 281.2 286.3 290.9 297.3 301.3 304.5 315.4 322 332 345.4
209.5 202.8 197.7 198.1 200.4 201.9 203.2 207.7 213 221.7 229.9 235.7 244.6 253.2 258 260.8 262.3 262.5 260.8 258.8 256.8 255.2 254.9 253.5 252.1 253 251.2 246.6 240.9 235.7 230.6 222.6 228.9 234.4 238.8 242.9 240.3 235.3 228.5 219.4 213.1 218.6 225.6 229.7 235.7 241 246.7 250 247.9 246.7 241.7 236.2 230.2 233.8 252.8 270.4 270.2 269.6 274.9 276.2 273.8 271.2 266.6 268.3 268.2 269.4 269.8 271.9 274 278.7 283 292.4 298.5 308.5 318.2 319.4 326.5 340.6
