public/OST50/SO05.asc
ncols 200
nrows 200
xllcorner 300000
yllcorner 250000
cellsize 50
[rows 105 to 139 of 200, columns 0 to 77 of 200]
146.2 139.9 137.1 139.8 140.4 140 139.7 139.6 139.8 144.2 150 154.1 158.6 160.6 161.3 168.9 173.1 176.6 180.2 180.4 177.8 178.9 178.2 173.9 173.2 176 177.9 180.8 180.4 179.3 182.5 182.5 178.1 181.5 183.1 182.5 178.5 172.5 167.9 170.5 169.1 166.1 163.9 162 161.3 162.8 170.9 175.2 180.1 186.7 190.5 196.7 200.9 198.8 195.6 187.2 182.9 181.2 179.8 174.4 168.5 167.9 163.2 163.8 163.5 175 193.9 195.2 199.6 205.2 209.3 209.8 203.7 197.1 195.8 197.8 198 196.8
143.2 139.9 136.8 140.4 140.1 140.1 139.8 139.5 139.5 140.2 147.6 152.6 159 157.7 161.2 165.7 169.9 173.3 177.5 180.9 177.1 174 174.5 171.5 175.4 173.9 174.9 175.8 177.5 177.9 177.7 177.6 175.5 178.8 180.9 181.2 177.4 170.9 166.8 168.2 166.2 162 159.1 159.9 161.1 162.4 168.9 173.9 178.7 185.7 190.8 197.7 201.9 200.8 197.3 190.4 182.8 179.1 178.6 173.7 172.6 166.9 162.4 164.6 182.6 197.2 197.9 198.7 201.5 204.3 206.7 207.5 203.1 197.1 196.6 197.2 198 196.8
141.2 139.8 136.8 140 139.9 139.8 139.6 139.4 139.3 139.8 146.1 150.2 154.4 154.3 158.6 162.4 166.4 170.1 173.5 177.5 176.8 171.1 168.9 173.6 170.9 173.7 172 174.7 175.6 174 172.7 172.3 173.8 175.7 178.1 180.4 178.3 177.1 169.2 165.1 164.6 160.5 158.3 159.1 158.8 160.9 165.5 172 176.6 183.8 190.5 195.9 197.4 195.9 193.3 187.5 180.9 177.1 174.4 174.9 173.5 162 161.5 171.3 196.5 200 200.2 200.1 201.2 201 202.1 202.7 200 197.4 196.1 196 195.8 194
140.9 138.6 136.8 139.8 139.7 139.6 139.5 139.4 139.2 139.6 145.1 148.4 150.6 152.2 155.4 159.1 162.5 166 168.9 172.7 173.5 167.5 170.1 169.3 167.1 169.8 171.8 171.4 170.1 167.8 167.9 170.1 171.5 169.9 174.3 178.7 181.5 179.8 174.8 167.3 161.6 160.3 157.1 157.2 157.8 159 163 169.7 175.3 185.3 189.4 192.5 192.6 191.1 188.8 184 176.4 173.6 172.1 174.6 174.2 162 160.6 172.3 187.1 190.8 198.4 199.3 198.8 198.2 197 196.4 195.3 195.3 194.6 192.2 191.7 190.6
141.2 138.2 136.8 139.7 139.4 139.4 139.3 139.2 139.2 139.6 144.1 147.4 148.6 149.3 151.7 155 158.9 161.6 164.7 167.5 170.5 168.2 165.9 163 166.4 167.7 168.7 168.5 167 166.2 167.8 168.1 166.7 167.1 169.6 173.9 176.3 178.5 173.2 164.5 160.7 160.4 161 160.4 156.7 159.3 162.7 168 175.7 183.5 189.1 190 187.8 186.1 184.1 181 173.8 171.7 171.5 174.8 173.9 165.6 159.4 161.1 173.4 182.8 196.5 198.9 197.3 195.8 193.9 192.4 190.5 192.2 190.6 188.8 189.7 187.2
140.8 137.6 138.7 139.6 139.2 139 138.8 138.7 138.5 139.3 147.7 150.7 150 147.4 147.7 150.5 153.8 156 157 161.5 166 169.9 165.7 164.5 164.8 165.5 166.2 165.8 166.7 166.5 167.6 166.7 164.7 166.3 166.5 168.6 170.2 170.3 165.8 160.6 161.2 165 165.4 163.1 162.9 156.9 160.3 167.4 174.9 182.9 186.2 189.8 185 179.4 177.6 176.3 172 172 175.2 178.7 175.3 168.8 158.4 159.4 177.1 191.1 196.8 201.5 200 195.6 192.1 192.9 192.2 188 188.1 185.9 186.7 183.5
139.3 136.8 139.2 139.4 139.2 139.1 139 138.4 138.7 140.3 147.4 153 153.9 150.8 146.3 146.7 148.2 152.3 154.2 155.1 156.7 162.5 163.3 159.6 164 164.8 164.7 163.9 164.9 165.8 166.5 165.8 164.2 163.8 164.7 166.4 168.3 166.6 161.7 160.4 164.2 169.6 171.1 167.9 163.8 155.2 164.6 166.7 173.6 180.1 182.3 186 183.6 175.5 171 173.1 170.4 175.6 181.4 184.2 177.9 170.9 161.3 158.3 178.8 187.6 193.2 198.6 202.5 200.4 198.9 197.6 195.6 192.9 188.2 185.7 181 179.3
138.7 136.8 139.3 139.4 139.2 139 138.8 138.7 138.6 140 144.4 152.3 154.1 152.7 149.8 143.7 145.9 147.9 149.2 149.7 151 155.6 158.6 152.7 154.7 155.1 159.7 160.8 160.4 164.5 164.6 163.5 163 162.8 162.5 165.5 167.5 167 161 160.4 164.7 171.7 174.3 170.9 166.2 154.6 164.9 166.8 171.1 175.7 180 179.6 180.4 176.5 171.2 171.4 167.9 174.6 180.4 184.5 179.3 172.4 161 160 175.9 181.3 188.3 193.4 198.6 202.8 204.8 202.7 198.4 194.5 190.1 185.1 180.8 175.2
139.7 136.8 139.6 139.6 139.2 138.9 138.9 138.8 138.2 137.7 143 151.2 153.3 152 148.8 144.7 142.4 146.3 146.5 149.1 147.7 150 154.6 154.9 150.2 153.3 156.1 154.5 154.4 160.5 161.6 161.2 161.4 161.5 158.7 164.4 167.2 166.1 161.9 161.2 165 172 174.8 172.2 167.2 156.5 162.3 165 167.5 170.6 178.7 172.1 172.3 171.8 170.6 170.3 167.8 171.1 175.8 179.1 178.3 171.2 160.6 156.9 173.5 178.3 183.9 188.7 193.9 198.8 204.6 204.5 199.5 193.6 190.4 184.9 178.1 173.2
139.2 136.8 139.3 139.3 139.1 138.8 138.8 138.8 138.3 138.2 139.6 146.7 148.9 151 151.9 149.3 143.6 141.6 142.8 144.9 145.7 144.3 148.8 151.3 147.9 150.8 151.6 152.7 150.5 154.4 156.4 159.3 160.3 160.1 158.4 164.7 167 167 164.5 164.5 165.1 169.4 172 170.2 165.8 157.6 160.4 162.7 161.9 162.9 177.5 163.5 162 163.6 168.4 169.5 166.6 166 170.6 173.6 173.7 167.6 159.2 154.9 169.7 174.9 180.7 185.3 189.5 194.9 201.2 203.5 199.1 192.8 186.1 182.1 175.7 178.1
145.5 136.8 137.9 139.1 138.9 138.7 138.7 138.7 138.2 138.1 138 138.3 143.2 146.6 148.1 148.4 144.3 140.5 140.3 140.8 143.7 141.9 142.5 144.7 148.9 148.9 147.7 149.3 147.9 148.2 154.2 157.7 159.2 155.5 159.7 165.1 166.9 168 166.2 165.5 164.1 165.7 166.7 164.5 161.4 158.9 154.6 159.3 157.4 156.1 175.3 159.2 160.9 167 168.1 167.4 165.7 162.5 164.1 165.8 166.5 161.5 155.1 155 167 172.8 178.2 182.6 186.6 192 197.9 195.6 193.1 189.8 182.5 176.6 171.1 180.5
156.1 141.3 136.8 136.8 136 138.5 138.7 138.6 138.2 138.2 138.1 137.7 137.7 140.7 143.2 143.6 142 140 139.7 139.5 140 140.7 141.8 144 146.4 146.3 147 146.7 146 145.1 152 154.4 156.4 152.8 162 166.2 167.2 168.3 166.8 164.3 162.3 160.2 159.9 156.6 154.5 155.1 152.8 155.7 154 153.5 171.2 160.2 165.1 168.1 168.4 167.1 165.1 162.4 160.3 158.8 159.7 158.7 153.7 155.4 165.1 171.9 176.6 180.5 185.6 190.7 192.6 188 185.5 182.9 178 168.9 171.1 174.8
164.3 155.6 145.6 135.9 135.9 136.7 137.4 137.9 138.4 138.3 138.2 138 137.6 137.6 138.5 139 138.9 139.3 139.4 138.9 139.1 139.7 140.5 143.4 144.4 144.7 143.9 142.7 147.7 145.7 148.5 150.7 148.6 156.2 162.7 167.6 167.5 168.5 165.7 162.8 164.2 161.8 160.4 158.8 156.2 153 153.4 151.8 152 155.7 167.7 167.2 168.3 169 169.4 166.5 163.7 160.5 158.5 157.6 157.9 157.7 152.3 154.3 154.5 165.4 174.2 179.8 181.7 186.3 185.8 182.5 180.7 177.4 167.4 169.9 172.2 172.9
171.4 166.7 164.4 151.9 137.7 135.4 135.4 138.1 137.7 138.3 138.1 137.9 137.5 137.6 138.1 138.3 138.1 138.6 138.2 138.4 138.7 138.5 138.9 139.2 143.9 146.2 144.3 141.7 141.7 144.9 145.6 144.9 150.3 156.7 161.5 165.3 165.3 166.1 163.5 164.1 164.4 163.5 161.5 161.1 158.9 155.9 154.3 150.4 154.3 163.6 170.3 175.1 175.4 173.6 171.7 167.9 162.5 158.7 156.7 157.1 157.4 152.3 151.7 159.4 164.4 155.9 170.5 176.5 176.5 179.7 180.8 177.9 175 172.1 166.4 169.9 172.1 175.1
178.2 175.3 171.7 156.9 142.1 138.6 135 135.1 136.5 138.1 138 137.5 137.1 137.2 137.8 138.2 138.1 138.2 138 137.9 138 138.2 138.1 137.8 137.4 137.7 141.8 141.7 140 140.6 141.8 145.1 149.7 153.6 156.7 158 158.7 159.8 159.9 163.6 164.4 162.8 160 158.4 158.3 152 155 151 158 167.8 174.9 177.4 182.2 179.3 175.3 170.8 162 156.8 154.5 153.9 150.6 150.9 162.5 166.9 168.2 169.7 157.4 160 168 169.5 167.8 165.6 165.4 164.6 167.4 170 172.2 180.6
181.1 177.7 171.8 163.2 156.3 141.9 137.9 135 135.4 137.4 138.5 137.7 137.2 137.1 137.8 137.8 138.2 138.2 137.8 137.8 137.9 138 137.7 137.3 137.1 136.8 136.7 141.2 142.6 138.4 140.4 141.2 143.5 145.7 147.7 151.2 150.5 153.5 158.3 162 164 162.6 162.4 159.1 153 158.8 159.7 156.4 150.3 164.5 176.5 174 185.1 185.7 180.1 173.3 164.6 155.7 152 151.2 149.6 158.7 168 173.9 175.7 172.1 170.3 172.1 172.9 173.9 172.9 170.5 170.2 169.3 169.2 170.6 172.3 178.6
179.7 175.4 172.4 168.3 162.5 146.8 140 138.6 134.2 134.2 136.5 136.9 136.7 136.8 137.3 137.2 136.6 136.8 137.7 137.8 137.7 137.2 137 137.2 137 136.6 136.4 136.4 140.9 137.5 138.2 138.3 138.2 139.5 141.2 143.5 144.4 150.9 151.8 155.6 158.2 158.3 158.2 155.3 155.6 156.6 157.1 158.7 148.1 157.7 173.9 170.5 182.9 187 183.7 176.3 166.3 155.4 151.3 151.7 160.4 167 173.5 179 182.7 178.6 170.7 176.5 178.6 180 181.7 177.7 173.7 173.7 170.6 172.9 177.6 178.5
175.8 171.8 171.4 158.4 150.3 156.1 155.9 139.5 137.8 136.4 133.7 134 136.5 136.7 136.8 136.9 136.9 136.3 136.3 136.3 136.1 136.6 136.9 136.7 136.4 136.3 136.1 136.1 136.3 136.7 138.6 138.6 138.2 138.4 140.8 140.3 142.6 145.3 145.8 150.9 152.6 153.8 154.6 154 148.5 151.7 152.3 154.4 147 157.5 170.1 166.6 180.8 181.5 179.3 174.5 165.6 154.4 148.7 153.9 165.1 172.1 177.8 183 187.6 184.1 175.4 177.5 181.8 183.7 186 183.2 178.1 177.7 173.6 178.2 181.4 185.1
168.6 164.2 157.7 164.1 172.3 173.3 168 160.1 155 145.4 137.4 137.1 133.7 133.7 133.9 135.6 137.1 136.7 136.6 136.6 136.4 136.2 135.9 135.6 135.6 135.9 136.1 135.9 136 136.1 140.2 144.1 141 138.7 138.8 138.3 138.8 139.4 142.5 146.5 148.1 151.3 152.8 153.7 151.5 151.1 150 150.4 145.6 154.1 166 165.1 175.9 176 173.1 168.8 159.2 147.5 148.9 162.1 170 176.5 181.8 188.1 192 187.3 178.7 180.9 183.5 185.3 186.5 185.4 184.1 182 178.1 182.4 186.6 190.3
172.8 172.9 169.9 180.4 184.2 183.6 179.7 174.2 167.2 157.9 147.9 137.3 137.1 137 136.3 133.1 132.8 133.2 136.9 136.8 136.6 136.4 136.1 135.6 135.5 135.3 134.7 135.4 135.6 135.6 135.7 135.5 137.5 139.9 138.1 137.2 136.9 137.5 138.9 142.1 145.1 148.9 151.1 152.7 150.2 150.1 148.6 147.7 146.1 153.8 161.1 164 167.2 167.8 166.4 161.1 148.8 146.4 152.1 166 171.3 177 183.3 190.1 194.2 189.1 180 182.3 186.5 188 189.9 192.9 192.2 184.7 186.1 186.1 192.4 195.8
172.8 179.8 182.8 181.8 187.9 188.9 186.9 180.7 176.1 170.7 162.4 153 140.3 138.1 137.6 136.4 136.5 132.8 132.8 137 136.8 136.5 136.3 135.7 135 134.9 135.1 135.2 134.4 135.2 135.1 135 135.2 135.2 135.2 136.2 136.7 138.7 138.4 139.3 143.3 146 149.2 150.9 149 145.5 144.9 144 145.7 154.3 159.3 164.4 166.2 161.9 158.7 152.7 145.6 148.3 162.4 169.2 169.4 175.8 182.3 188 190.7 186.4 178.6 183.6 189.5 190.7 191.6 194.5 195.6 189.4 186.9 190.8 199.3 200.9
177.5 184.3 188.1 187.3 188.1 189.3 188 186.2 182 181.1 172.6 162.9 156 148.9 149.1 143.1 136.4 136.2 135.2 132.8 137.1 136.8 136.3 135.6 135.1 134.8 135.1 135.4 135.1 134.1 134.7 135.1 134.8 135 134.9 135 135.4 141.1 140.8 140.3 141 142.7 146.4 150.1 150.6 148.2 146.8 143.7 144.9 153.8 157.6 162.3 165.3 159.8 151.5 145.9 145.7 157.6 168.1 168.8 167.8 172.4 179 183.7 184.4 181.1 176.2 181.6 189.3 192 193.5 196.2 194.4 189.4 194.9 198.9 203.8 208.6
182.7 188 190.9 191.6 193.2 192.3 190 187.6 186.2 183.3 175.7 168.6 155.7 155.1 159.3 153.7 154.5 145.1 137.2 136 132.8 132.8 132.8 132.8 132.7 132.4 132.4 132.3 132.2 133.9 134.4 133.9 133.5 134.8 134.7 134.8 134.7 137.1 142.2 145.2 145 146.1 147.9 150.4 150.1 149.2 141.8 143 148.1 154.1 155.6 157.6 159.6 152.5 144.4 144.7 160 169.7 168.3 165.8 172.6 173.9 174 178.7 177.6 175.7 175 178.2 185.2 190.2 194.2 197.3 193.6 191.6 196 202.4 209.3 219.3
182.1 188.7 192.3 195.1 196.4 195.4 193.3 191 190.8 185.2 178.2 165.7 164.6 161.8 166.5 167.5 166.9 159.8 153.6 146.5 140.2 136 133.4 133.9 137.5 139.2 135.5 134.6 133.7 131.6 131.7 131.3 132.4 133.8 133.1 134.2 134.2 134.4 139.8 145.3 145.4 146 147 148.4 148 146.9 140.9 143.5 150.3 154.7 155.6 151.7 149 143.6 144.6 162.4 167.7 165.6 165.3 174.4 177.1 178 177.5 174.2 170.6 171.2 173.8 178.2 181.5 184.9 190.6 193.7 191.3 192.5 203.3 207.7 214.1 227.8
185.8 191.6 193.4 196.3 198.5 199.5 199.2 197.1 195.3 188.1 180.4 175.8 173.4 164.2 173.6 175 175 170.2 164 158.9 158.2 158.1 158.9 154.8 146.7 140.8 138.4 137.2 136.2 135 133.6 133.9 131.4 131.2 131.3 132.8 133.1 133.4 134 143.6 143.4 145.3 145.5 144.6 146.5 146.5 141.9 140.7 144.7 143.8 143.1 141.9 147.8 145.2 154 163 163.8 164 172.9 177.2 179.1 178.9 177.2 169.9 169.4 172 174.7 178.1 180.2 182.5 186.3 188 185.4 190.6 205.1 214.5 223.5 227.2
193.1 192.6 193.6 198.5 201.3 203 201.7 200 196.9 190.2 182 181.9 179.7 175.9 177.4 180 179.8 176.3 169.6 166.7 167 167.8 164.1 157.5 149.9 142.9 140.4 138.4 137.3 136.3 135.1 134.7 133.9 133.8 133.1 131.1 131.1 132.6 132.9 134.5 142.8 144.4 143.9 144 146.2 148 142.1 138.9 139.2 139.5 142.4 148.4 154.2 154 153.3 161.7 155.3 163.5 173.1 177.2 177.9 176.6 171.8 164.9 168 166.9 170.1 170.9 174.2 177.2 178.9 181.8 185.1 197.7 207.6 218.5 230 234.6
199.2 199.2 198.7 202.1 204.5 204 202.9 201 198.1 189.6 189.4 188 183.9 179.5 179.9 182.3 181.7 178.9 173.7 168.6 166.1 167.1 164.6 158.9 150.7 146.6 140.8 140.1 138.6 137.3 135.7 134.5 134.7 134.6 134.2 133.5 131.3 131 132 132.4 143.3 142.9 142.1 141 142.8 142.5 139.3 138.3 141.2 143.2 148.2 155.7 155.4 155.9 155.7 155.1 153.9 165.8 171.6 175.5 176.3 171.6 165.2 164 170 177.5 179.4 179.5 180.5 185.2 184 182.3 188 201.3 214.3 225.7 234.4 234.5
204.4 205.9 205.8 205.4 205.5 204.1 203 200.9 198.2 198 195.7 192.7 189 185 182.3 181.7 182 180.4 176.1 171.9 165.6 161.2 160.1 157.9 154.3 144.2 144 142.6 140.6 140.2 139.8 135.6 135.2 134.1 133.9 133.9 134 130.8 130.9 131.8 141.1 142.6 141.4 140.7 140.5 138.4 142.4 139.4 142.1 145.4 147.7 158.7 150.7 152.2 152.4 148.6 160.3 165.5 172.4 170.8 169 168.2 162 174.3 179.3 184.7 187.3 188 184.9 187.6 187.8 185.1 199.8 202.6 215.9 227.6 229.9 232.1
208.2 211.8 211.7 210.7 208.4 205.7 203.5 202.6 200.5 199.7 199 197.7 196.3 191.6 188.9 186.2 183.1 179.9 174.1 170.7 166.3 162.7 159.3 153.8 145.3 153.7 150 144.1 143 141.5 138.7 136.9 136.2 134.9 134.8 133.6 133.8 133.7 130.2 130.3 137.4 142.2 140.5 140 138.5 136.6 139.2 142.2 142 147.2 156.7 156.3 148.9 145.4 147.1 150.3 158.3 160.6 160.3 162.3 169.3 159.9 164.8 177.9 184.6 189.7 193.7 195.5 195 192.9 196.9 195.4 202.7 218 225.8 220.5 227.8 230.5
208.6 213.7 215.8 214.5 211.8 208.9 205.5 202.6 200.7 199.9 199.2 197.8 198 198 196.6 192.7 186.9 181.6 168.3 168.7 165.1 160.3 157.8 155.6 156.6 157.5 154.3 152.7 149.2 144.1 141.9 138.8 136.6 135.2 134.9 134.7 133.7 133 132.5 130.1 140.4 141.4 139.2 137.9 135.4 138 140.9 141.6 142.1 144.9 149.7 145.3 142.7 143 144.6 149.6 149.8 150.9 156 158.1 153.2 155.9 170.1 182.2 189 195.2 200.2 202.8 201.2 195.4 200.3 201.5 212.3 225.5 228.7 223.2 222.5 225.5
207.7 211.9 215.9 216.9 215.5 211.8 207.9 204 200.7 198.1 197.4 196.5 196.9 197.6 197.5 194.5 187.8 185 179.3 172.7 162.6 162.9 165.2 164.6 164 163.3 161 160 156.4 147.9 143.8 143 137.7 135.1 134.9 134.7 134 132.6 133.3 130.2 141.5 139.8 137.6 135.6 135.7 140.3 140.5 140.5 141.5 146.3 141.2 141.1 141.2 142.7 145.2 144.9 146.3 147.9 147.8 153.8 159.4 165.2 174 181.5 190.1 198.2 206.4 208.1 201.5 196.7 201.4 209.8 215.9 223.1 222.2 223.7 222.4 222.6
206.1 209.6 212.9 215.7 216 213.3 209.5 206 202.7 199.1 196 194.6 193.9 193.8 193.9 192.7 186.5 187.5 181.9 168.4 172.9 164.4 174 175.9 174.1 172.2 169.2 165.4 159.1 151.5 150.9 148.2 145.4 137.1 134.8 134.7 134.1 133.6 132.1 129.9 139.5 138.5 133.7 133.5 139.2 139.7 140.2 140.1 142.1 144.5 140.7 142.4 146.3 147.9 141.5 142.5 145.5 146.4 149.6 157.1 164.4 169.9 174.2 180.2 188.6 197.8 206.9 207.6 200.1 202.8 213 216.4 216.9 222.7 220.8 225.1 231.9 226.6
205.5 207.1 208.6 211.3 212.3 212.2 209.1 206 203.1 199.6 195.8 193.3 192.2 191.3 189.7 189.2 189.6 189.1 171.3 184.7 181.6 174 182.7 186.5 185 181.2 177.9 171.4 168.1 160 158.7 155.2 150.5 146.1 135.4 134.6 134.1 133.6 132 129.9 138.3 135.1 132.3 135.5 138.9 139.5 139.5 139.6 142.6 139.5 140.6 142.1 145.4 142.7 141.5 142.3 146.2 147.2 153.1 160.3 168.8 174.9 180 184.6 188.6 196.6 202.9 203 200.4 212.5 217.8 217.3 219.5 221.6 225.8 229.7 231.5 228.9
203.1 205.2 206.9 208 208.2 207.9 206.1 204 201.3 198.5 194.9 193 191.8 191.9 192.3 191.7 191 188.4 188.5 189.5 178 186 192.4 195.6 193 189.4 187.6 185.5 177.7 174.9 170.8 163 157 152 143.7 136.2 134 133.7 133.5 129.6 130.5 134.3 131.3 135.2 139.5 140.4 139.3 139.2 142.4 138.7 139 140.2 139.6 140.5 140.9 141.6 145.8 150.7 155.9 161.2 171.1 177.8 185 191.9 197.2 193.6 196.8 198 204.9 218.5 218.5 222 223.4 222.9 231.3 235.8 233.3 229.2
197.8 202.7 204.4 206.5 206.7 204.7 201.8 200.8 198.9 196.5 194.1 193.4 192.5 191.7 191 190.9 190 184.4 192 191.4 191.3 194.4 198.4 203 201.4 199.1 193 196.9 191.8 187.9 186.6 176.6 166.6 158.3 150.7 144.2 136 133.6 133.3 132.2 129.2 131.5 133.1 134.3 141.3 139.4 139 138.9 141.9 138.6 138.7 138.9 139.8 139.7 140.2 140.2 146.8 151.8 157.5 164 170.9 178 188 195.6 203 197.9 194.7 198.7 209.4 219.2 220.3 226.5 224.7 227.8 231.8 234.8 233.1 228
