public/OST50/SO06.asc
ncols 200
nrows 200
xllcorner 300000
yllcorner 260000
cellsize 50
[rows 0 to 34 of 200, columns 0 to 77 of 200]
297.4 303.6 306.7 311.9 315 317.9 319.9 319.7 318.4 317.3 316.1 313.7 310.6 306.5 300.5 293.1 284 284.8 292 294.1 295.8 296.7 297.2 297.1 293.1 289.8 285.9 283.1 280.5 276.9 271.5 268.1 275.7 286.9 296.9 306 321.1 329.8 341.4 360 380.6 390.2 388.2 381 369.3 356 342.8 327.7 316.7 314.6 313.6 312.6 317.1 325.9 332.3 338 346.3 352.6 356.8 351.9 334.9 329.9 332.2 339.3 344.8 354.8 368.5 388.3 409.5 427.7 448.7 465.7 484.1 492.9 496.5 489.5 469.1 453.8
293.5 299.2 302.3 304.4 306.6 309.4 310.4 310.1 310.1 309.4 307.7 306.9 306.5 304.5 299.5 293.3 285.2 280.7 278.2 282.5 285.7 289.2 291.2 292.5 289.1 287.1 284.3 279.9 278.7 275.4 272.9 268 276.5 288.6 297.1 306.9 312.1 318.5 335.9 355.8 369.1 375 374.1 369.4 362.2 352.3 342.7 331 319.8 313.1 309.9 307.6 315.4 319.7 325 335.9 344.8 352.6 355.5 353.5 336.6 330.1 325.3 329.2 336.6 346.6 362.2 379.9 400 418.6 441.2 463.1 482.3 493.5 498.9 495 483.4 464.8
291.1 292.2 294.5 297.9 300.5 301.7 302.1 302.5 302.4 301.4 302.1 304.6 304.4 300 294.6 288.9 285.6 280.7 277.6 275.1 274 278 282.7 285.5 284.9 285 281.6 277.2 274.9 273.4 272.5 265.6 268 285.1 295.3 305.6 308.8 313.7 333.8 348.2 359.4 362.6 361.7 357.9 352.1 345.2 338.1 328.9 319.3 311.7 308.7 302.2 309.1 313.6 322.7 332.5 342.7 348.2 351.2 349.7 343.1 330.6 322.2 322 327.9 339.4 353.3 369.3 389.9 413.6 439.8 463.4 482.7 498.4 502.1 498.2 490.4 470.3
286.8 286.6 289 291.3 293.8 295.3 295.3 295.3 295 295.9 297.2 297.9 295.4 291.7 287.5 284.7 283 281.2 276.8 274.1 272 270.5 275.3 279.1 282.1 282.8 278 274.3 273 272.1 271 264.9 264.5 278.1 288.7 300 306.3 318.6 331.4 341.4 346.9 351.6 351.2 347.8 342.4 336.6 331 323.8 316 309.9 306.3 301.1 305.3 308.8 318.7 330.2 336.1 340.6 343.6 341.9 338.5 331.8 318.8 314.5 322.8 333.9 347.3 364.2 388.4 414.2 441.6 465.2 485.7 502.2 504.5 499.7 493.6 483.5
280.8 282.3 284 284.8 286.9 288.4 287.8 289.8 290.3 289.6 286.1 284.2 282.7 282.2 280.8 281.6 279.8 279 279.4 274.6 270.8 268.1 267.8 272.7 276.7 277.4 273.7 271 270.4 270.2 269.6 264.1 263.2 276.6 285.2 298.1 310.6 321 329.7 333.4 336.1 339 339.4 336.7 331.8 327.8 321.6 316.9 311.5 306 302.5 298.4 302.7 305.2 316.3 323.9 327.9 331.4 334.1 333.7 330.2 322.5 314.4 307.8 318.3 330.1 347.2 362.6 386.1 412.2 439.8 464.3 486.9 502.6 507 500.9 495.3 490.8
274.4 277.5 278.9 280.4 282.2 281.6 284.7 286 286 283.6 280.4 276.9 275.3 275.1 275.8 275.2 274.3 276.3 277.4 273.8 269.2 266.4 265 267.5 270.7 270.2 267.6 267.9 268.2 268.5 267.6 262.6 262 271.6 283.1 297.1 310.7 319.1 323.2 325.7 326.4 326.8 326.6 325 320.5 317.5 313.6 310.3 306.2 300.9 298.1 295.9 300.9 304.4 314.2 316.6 318.9 323 325 325.4 322 315.1 311.9 302.6 315.4 327.6 344.3 363 383.1 409.8 434.4 460 484.8 502.3 507.1 500.8 495.2 491.8
269.9 270.6 274.1 275.4 276.7 277.4 279.3 281.3 282.4 280.7 277.2 273.8 271.7 269.3 270 270 270.2 271.7 273.4 271.7 267.2 263.8 263.5 262.3 264.3 262.6 264.3 265.5 266.4 266.6 264.7 260.7 261.1 272.3 282.9 296.8 306 314.2 317.2 317.2 316.3 316.5 318.4 317 312.9 309.2 303.9 300.7 298.3 296.3 291.8 296.8 301.6 307.8 310.6 310.6 312.1 315 316 316.7 314.9 309.5 307.9 300.3 310.4 322.1 337.8 356.9 380.2 406.4 430.4 458.4 482.1 497 500.8 497.5 496 488.7
263.9 268.5 271.4 272.7 272.6 273.6 275.4 278 277.8 276.8 273.3 271.2 269.7 268.1 266.2 266.7 267.3 268 268.8 268.6 265.2 261.9 261.6 261.3 259.9 259.2 262.3 263.8 264.4 262.2 259.9 259.4 266.8 271.4 284.5 293 300.5 306.8 309 308.8 307.3 308 310.4 308.3 304.3 301 295.7 289.7 290.5 289.7 289.3 298.8 305.6 309.2 307.9 306.3 306.4 308.6 309.6 310.5 308.1 304.6 304.6 294.4 307.3 314.7 328.9 350.5 376.8 405.5 429.9 459.2 478.6 491.1 496.5 493.9 489.7 484.8
261.8 263.9 264.4 263.1 268.6 271.1 272.8 274.9 275.2 274.8 272.1 269.2 267.7 266.1 264.7 264.4 264.6 264.3 265.5 264.9 262.9 260.1 260.2 259.4 258.5 258.1 257.7 258.5 257.3 257.1 258 258.1 266.7 270.8 282.6 288.1 299.3 303.3 304.3 303 299.5 299.9 299.9 298.2 296.4 292 287.1 284.8 285.2 282.3 293.1 299.7 304.5 304.7 303 301.2 302.4 303.8 304.6 304.7 302.3 299.8 297.1 299.2 306.6 315.5 332.1 352.3 376 402.6 429.3 457 477.7 490.7 491.9 488.8 485 482.3
255.5 258.9 259.1 263.8 267.8 269 270 272.7 272.6 272.1 268.9 266.7 265.9 264 264.1 264.8 264.3 261.8 259.9 260.8 259.2 258.7 258.7 258.3 257.4 257.2 256.5 256.2 256.3 256.1 256.8 260.3 263.9 271 284 290 298.6 302.3 302.7 299.7 295.1 293.1 290.5 289.6 286.4 283.2 281.8 281.8 278.7 285.3 292.2 294.6 295.8 296.8 296.3 294.7 296.7 298 298.7 297.8 296.9 297.2 293.3 295.3 304.2 317.1 335.4 355.7 379.1 405.2 434.1 459.5 478.2 489.3 490.4 488.7 484.1 479.9
252.4 253.1 257.1 260.4 263.2 265.7 266.9 269.4 268.9 268.9 266.7 264.5 262.7 262.6 263.4 266.4 265.6 263.4 259.6 259.1 257.7 257.9 257.2 256.8 256.4 255.5 255.4 254.9 254.8 254.8 255.6 256.8 262.6 275.7 284.4 292.4 296.7 300.2 301.1 297.7 293.1 290 288.2 287.4 281.8 279.4 278 276.5 279.8 285.3 287.8 287.5 287.9 289.4 289.8 288.1 291.2 293.1 294.5 293.9 293.5 292.4 286.4 294.4 304.8 320.3 342.6 365.2 387 409.2 436.1 461.1 478.2 488.2 486.9 482.2 476.8 474.6
250.1 250.4 251.1 255.9 260.4 262.1 263.7 264.7 264.6 264.3 263.6 261 261.2 261.4 262.9 265.1 265.4 264.6 262.8 261.2 262.7 260.8 260 256 255.2 254.5 254.4 253.8 253.7 253.7 254.8 254.9 263.1 275.4 282.6 291.2 295 297.8 299.6 297.7 291.7 288.1 286.7 285.8 282.6 277.9 274.9 269.6 276.3 279.8 280.4 280 281.4 283.2 283.8 282.5 287.2 290.2 290.7 290.2 290.1 285.2 284.4 294.6 306.5 327.1 350.9 370.8 396.4 417.8 441.2 463.9 477.7 483.5 481.7 478 473 469.9
257.4 247.9 248.4 250.2 256 257.7 259.9 261.2 258.9 259.8 259 260.1 260.5 261 262.6 265.4 267.9 268.4 269 264.5 268.8 266.4 264.6 261.8 256.7 254.7 253.2 252.6 252.7 252.8 253 253.7 260.3 272.9 280.4 286.4 291.1 295.3 296.1 295.6 291.5 287.1 285.1 284.2 280.6 276.7 273.6 267.2 272.1 271.1 271.8 273.5 277.7 278.2 279.5 281.6 285.5 286.2 285.7 286.1 285.8 280.8 285.1 295.4 309.3 332.9 354.9 375.1 404.4 426.4 447.1 469 476.5 477.8 477.7 473.2 471.5 468.1
248.9 245.7 256.3 258.4 255.7 251.9 257.5 261.2 262.9 263.7 263.6 261 261.2 262 266 270.3 274.8 278.7 281.5 279.9 279.3 275.9 273.8 268.1 262.6 257.9 255.7 253 251.8 252 252 252.6 255.7 268.8 276.8 281.2 285.1 288.3 289.4 290.5 289.9 286.5 283 282.3 279.7 275.8 271.6 269.8 267.2 267.5 266.7 269.3 271.7 273.3 272.1 281 284.9 285.3 284.1 282.6 279.6 278.5 285.7 296.3 309.9 332.9 358.4 381.1 409.8 435.2 455.3 470.7 477.9 474.7 474.4 472.6 469.6 466.9
248.5 258.7 260.4 259.9 258.7 254.6 261.3 264.6 267.1 267.7 266 262.5 262.5 266.1 271.8 277.9 283.3 287.6 289.9 289.6 288.2 285.1 281.6 272.8 263.3 260.9 257.8 254.5 251.4 251.1 251.2 251.6 251.4 262.5 272 277.1 280.1 281.7 282 281.7 283.2 283 280.6 279.9 277.8 274.5 271.1 266.9 263.3 265.9 263.1 263.1 264.7 266.1 272 277 278.5 281.5 279.9 277.6 274.5 280.8 286.6 297.5 311.4 332.9 359.9 383 414.2 441.6 459.8 474.9 476.6 476.6 473.6 470 468.1 464.9
254.3 258.7 261 261.6 262.5 262.2 262.8 268.1 271.2 272.3 270.3 265.2 264.1 267.2 275.8 282.5 287.5 292.2 294.6 295.2 294.7 290.8 287 278.9 267.1 263.1 259.2 254.7 251.4 250.2 250.3 250.1 250.4 257.4 266 270.8 273.1 273.7 273.8 274.5 275.5 276.3 276.6 277.3 275 272.9 269.8 266.9 260.6 263.2 261.7 259.3 260.6 264 268.3 271.8 272.6 273.1 272.5 272.7 279 283.1 289.1 299.7 313.2 334.2 359.1 383.3 416.1 447.5 463.8 472.3 477.9 474.5 472.1 465.4 464.8 455
253.5 257.5 261.6 264.8 267.4 268 262.5 270.5 276.3 278.4 275.1 270.9 266.8 268.3 279.1 285.7 291.2 296.5 299.9 300.7 299.3 295.5 290.4 280.5 272.2 265 260 256.5 253.1 252.5 250.9 248.9 248.6 250.8 260.2 262.5 263 264 264.4 266 268.5 269.5 271.2 272.6 271.2 270.2 267.3 264.5 262.1 258.2 259.4 257.1 257.7 260 262.5 264.3 265.3 264.1 271 276.5 280.9 285.2 294 304.1 318.7 335.4 359.4 384.6 415.6 443.5 463.6 475.2 474.2 470.2 466.1 464.6 460.5 444.2
252.6 256.9 262.3 269 271.7 270.3 263.7 271.5 276.4 278.7 277.3 274.4 270.5 273 281.6 289.4 296.6 302.3 305 305.8 303.2 298.5 293.4 284.3 274.9 267.4 261.6 258.3 255.3 254.8 253 248.3 247.6 248.1 249.4 252.6 254.5 254.8 255.8 258.4 261.3 262.8 264.8 266.3 267.1 267.2 262.4 261.4 260.4 255 257 254.4 254.5 258.6 257.6 257.2 267 269.6 273.8 279.9 285.5 289.9 298.8 308.8 321 335.8 358.1 381.8 410.4 431.9 454 465.6 465.3 469.1 465.6 462.8 456.5 439.6
251.9 256.5 263.6 271.1 275.1 272.9 267.9 269.5 273.5 276.1 277.2 276.4 274.7 277.2 286.4 295.4 303 308 311 310.6 307.6 303.5 298 289.9 277.7 270.8 264.4 260.7 258.6 256 251.1 247.8 247 246.9 246.9 246.9 247 248.6 250.4 251.8 254.5 257.1 259.8 261.4 262.7 261.5 259 258.5 257.6 256.1 252.2 251.5 250.8 252.8 257.7 263.4 266.7 269.7 274.4 280.4 288.1 294.2 302.1 311.2 321.6 334.4 350.8 373.2 395.7 421 437.8 444.1 448.3 452.6 450.8 447.5 441.1 431.8
252.4 255.8 264 271.9 276.7 274.4 270.6 266.3 269.7 272.4 275 277.8 278 281.2 291.5 300.2 307.8 314 315.8 316.4 313.4 308.6 304.7 294.4 283.7 277.7 269.9 264.2 261.6 257.3 251.8 247.9 246.6 245.8 245.8 245.3 245.1 246.1 247.1 249.2 251.3 252.9 256.8 260.3 259.8 257.5 256.5 256.1 255.8 255.2 250.7 248 254.3 257.1 260.2 263.5 267.1 269.8 274.3 281.6 290 297.3 305.6 313.8 322.1 332.6 345.8 362.6 377.5 397.3 412.2 421.3 430.6 433.1 436.6 436.2 429.5 424.8
249.4 255.9 265.1 273.9 278.4 276.9 274.1 270 268.5 270.5 274.6 277.6 280.3 283.4 291.4 302.6 312.4 320 323.1 323 321.1 318.6 313.3 303.4 296.4 288.1 278.7 269 263.5 257.1 252.5 249.8 247.2 245.8 245.4 245 244.1 244.6 246 247.9 249.9 252.5 254.9 258.9 258 255.7 254.2 254 253.7 252 248.9 247.1 254.2 256.3 258.7 262.3 266.1 269.5 273.4 281.9 291.5 298.7 306.6 313.2 321.3 328.9 340.7 352.3 362 374.1 387.3 399.3 407.5 412.6 416.5 416.7 414.9 414.2
249.7 258.2 265.7 274.3 281.2 279.3 276.1 272.3 269.2 270.5 274.4 278.5 282.6 286.7 295.8 307.4 320.2 326.8 332.4 331.8 329.6 329.1 323.8 310.2 310 303.2 295.7 283 272 260.1 254.9 251.8 248.5 245.6 244.4 243.5 243.5 243.4 244.2 246.2 247.7 250.3 252.9 255.3 255.1 253 251.5 251.5 252.2 251.1 246.1 249.1 253.4 255.3 258.1 262 264.5 267.7 273.5 282.5 290.7 297.9 302.7 308.9 318.7 323.8 334.6 347.7 356 364.3 373.4 381.9 388.5 392.8 395.7 399.2 402 404
250.8 260 267.5 274 283.8 281.1 278 273.3 270 271.2 277.8 284.2 287.9 295.7 305.3 315.7 327.7 335.4 339 340.4 340.6 338.9 334.9 325.5 324.3 318.4 314.1 300 285.4 268.3 258 254.5 250.6 247 245.4 243.7 242.9 242.6 242.1 244 245.9 247.7 249.7 251 251.7 250.1 248.5 248.5 248.4 247.7 244.4 245.1 252.9 254.7 258 261.5 263.4 267 273 280.7 289.5 296.2 302.1 307.9 312.3 318.3 330 342.1 348.6 355.2 361.8 367.9 373.3 377.9 382.9 387.1 381.4 390.7
249.7 259.4 266.5 274.3 283.3 281.9 278.7 273.3 270.9 275.2 286.2 293.8 299.8 308.2 317.2 325.7 335.8 344 347.8 351.1 352.7 349.9 345 338 336.2 331.1 324 312.1 296.6 274.2 263 256.3 252 249.1 246.2 243.7 242.6 241.8 241.4 241.3 241.8 245 246.8 248.2 248.8 247.1 246.3 244.1 244.5 244.6 242.1 245.6 252.2 254.3 257.1 260 262 266 273.5 281.9 289.2 294.8 300.9 307.4 309.9 311.7 321.8 332.8 340.7 346.8 354 360.3 365.1 369.5 373.1 368.5 386 392.4
247.4 257.5 265.1 273 280.8 281.6 278.3 273.7 276.9 287.1 298.5 307 316.1 323.1 332.1 339.6 346.5 352.6 356.4 359.1 358.9 356.5 349.7 347.1 343.8 338.6 330.6 318.6 304.1 288.4 273.6 260.1 254.8 251.5 249.1 246.3 243.3 241.8 240.9 240.1 239.8 240.8 243.3 245.6 246 245.3 243.2 242.5 241.6 241.1 241.1 246.9 251 253.7 256.3 257.7 260.3 264.6 273.6 282.2 288 293.4 298.4 304.7 306.5 309.9 316.6 327.3 332.7 337.2 344.9 350.9 355.4 355.2 362.6 374.6 379.7 386.7
246.2 255.5 263.9 270.4 276.7 281.8 279.9 276.9 285.7 298.4 309.3 317.9 326.9 335.2 344.5 350.6 359.1 364.8 366.3 366.2 364.9 361 354.6 351.1 347.2 341 333 322.3 308.6 293.8 279.1 264.5 256.9 254 251.8 249.4 247.1 245.7 245 242.3 240.4 238.9 238.8 242.1 243.4 242.5 240.3 240.1 239.8 239.3 238.8 245.1 247.8 249.1 251.2 254.4 258.8 264.9 275.1 282 287.2 291.9 296.9 302 303.8 306.5 313.2 321 326.4 330.3 334.6 334.9 333.1 353 363.2 369.1 376.2 383.6
245.2 253.7 261.9 268.3 273.6 279.5 282.1 286.2 295.4 304.7 313.6 326.1 336.8 346.2 351.1 362.8 371.1 373.9 373.3 372.4 367.9 362.1 357.6 353.4 347.6 340.1 331.8 321.7 308.9 294.7 278.8 264.3 259.3 256.4 253.6 251.1 249 248.3 247.4 246.2 244.4 241.8 238.7 237.8 237.7 238.1 237.4 237.3 238.1 238.2 238 242.2 246.7 249.5 253.4 255.8 260.8 267.3 275.4 281.4 286.4 290.8 295.1 298.5 300.3 306.4 310.2 316 319.8 320 324.8 337.3 344.8 351 357.6 366.9 376.4 384.7
245.3 251.9 258.8 265.8 274.4 285.1 291.4 297.6 304.6 310.4 321.8 332 343 353.7 361.8 372.9 377.6 379.2 378.4 373.6 367.6 361.4 356.4 352.3 345.8 336.7 327.6 317.8 306.4 290.3 274.2 264.5 260.3 257.6 255 252.5 248.3 247.1 246.9 247 246.6 244.4 240.9 238.2 236.7 235.8 236.1 236.5 236.9 236 237.4 240.7 245.9 249.1 254.1 258.4 262.6 266.9 274 279.2 284.2 287.7 290.6 293.3 299.7 304.3 306.6 304.7 310.3 321.2 330.6 335 340 348.2 357.6 367.9 375.1 383.3
243.9 249.1 259.2 277.2 293.4 300 298.4 298.5 303.2 312.5 322.7 336.2 348.3 361 373.1 380.9 383.6 383.7 378.8 371.7 364.8 359.6 354.4 348.8 340.9 331.9 322.3 312.8 299.6 283.6 271.6 264.9 261.5 258.8 255.8 253.2 250.4 246.6 244.4 246.5 246.6 244.3 240.6 238.2 237.1 236 235.6 235 234.8 235.3 238.8 241.7 244.3 248.7 254.3 260 264 268 272.4 276.2 279.1 283.8 286.2 290.1 295.1 300.6 295 306.7 314.4 322.5 325.8 327.8 334.7 346.4 355.4 366.2 376.9 387.8
251.1 265.1 278.6 293.3 304.4 303 297.4 295.2 298 309.2 322.7 337.8 351.7 367.8 382.4 385.8 385.7 380.7 374 366.3 361 356.7 351.1 343.4 333.9 323.9 315.3 304.1 287.5 277.5 270.9 267.5 263.4 260.1 256.2 253.7 251 248.2 245 243.7 243.5 242.4 239.8 238.8 237.5 238.1 238.3 237.5 233.8 234.3 236 240.6 242.9 246.9 251.7 256.4 263.1 266.7 269.9 271.8 273.3 272.8 274.5 281.5 287.8 292 302.6 306.7 313.3 317.3 318.5 323.1 334.7 344.8 355 368.3 379.1 388.3
257.5 276.9 285.1 291.9 295.4 292 286.5 282.9 283.9 292.3 309.5 327 344.3 360.3 371.7 373.6 371.5 369.1 365.4 359.6 355 349.4 345 337.7 326.4 314.5 302.5 288.8 278.9 274 270.7 267.2 264.4 261.9 258.4 254.5 252.2 250.1 246 243.8 242.5 242 243 242.7 240.4 239.8 239.5 240.5 238.1 233.6 234.5 240 241.6 243.9 248.4 252.3 254.2 260.6 265 263.4 261.2 272.7 281.6 286.8 291.4 295.8 299.1 301.7 308.6 306 311 318.4 334.1 343.6 358.7 369.6 381.1 392.4
252.5 263.6 265.9 265.8 265.2 264.9 264.6 265.2 271.2 280.6 297.1 315.4 331.7 344.3 349.9 355.1 357.6 358.8 357.2 353.9 349.7 344.1 337.9 329.9 315.4 296.2 290 281.8 277 273.1 269.7 266.8 264.2 263 259.9 256.9 254.5 252.8 250.6 249.3 248.1 246.6 246.3 245.4 244.5 240.5 237.9 237.1 236.6 233.2 233.2 238.8 240.8 241.5 243.8 247.2 248.1 248.3 256 258.5 267.7 275.6 281.9 285.6 287.5 291.8 294.3 295.9 298.4 301.3 308.8 319.6 330.8 343.5 355.8 370 383 396.6
231.8 236.3 238.2 240.1 241.5 245.2 248 251.5 262.3 275.4 290.3 304.4 318.1 330.5 340 347.3 350.6 351.9 351.4 350.7 347.7 342 334.6 324.1 313 299.7 287.4 281 277.5 273.5 268.9 265.2 263.2 261.3 260.2 258.2 255.8 253.9 253.4 251 250.2 250.6 249.3 248.2 246.1 243.7 239.1 238 236.9 231.9 232.3 235 238.6 239.2 242.3 245.7 250 256 262.4 268 271.9 276 279.8 283.5 285 288.5 290.5 292.1 293 299.3 306.7 316.8 330 343.8 359.7 376.4 389.1 403.5
227.7 227.7 228 228.9 230.8 235.1 238.4 244.7 256.6 271.6 282.3 292.7 305.4 319.6 330.6 337.3 343.1 345.7 346.1 345.8 344.6 338.7 330.6 320.6 310.5 300 288.4 282.5 277.4 272.4 267.8 263.6 260.2 259.5 258.8 256 255.5 253.8 252 251.4 254 253.5 251.9 251.3 250.2 246.9 243.7 240.9 237 231.7 231.9 234.1 235.9 239.6 244.4 252 257.1 261.2 264.5 267.8 269.9 269.7 273 277.4 280 282.1 285.2 289.2 292.7 298.2 306.4 316.1 331.8 346.7 363.2 379 395.3 411.2
227.4 227.5 227.5 227.6 229.2 231.3 232.9 239.5 249.8 263.2 271.9 281.1 289.3 302.4 316 328.3 336.2 340.3 340.8 341.8 340.9 334.6 326.6 317.8 308.5 298.7 287.8 282.9 274.7 270.6 265.8 262.3 257.6 256.8 256.6 254.8 255.6 253.4 250.9 253.2 255.3 255.9 254.9 253.5 252.1 249.7 245.8 239.6 232.8 231.6 231.7 235.1 236.5 238.8 242.4 249.5 256 260.1 259.9 265.9 271 273.4 275.6 278.5 280.7 283.7 286.3 289.4 293.1 300.3 306 316.7 330.7 347.5 364.1 381 399.3 415.6
