public/OST50/SO06.asc
ncols 200
nrows 200
xllcorner 300000
yllcorner 260000
cellsize 50
[rows 70 to 104 of 200, columns 0 to 77 of 200]
302.7 301.6 298.6 294.5 290.9 287.9 285.2 278.2 273.5 270.5 267.9 264.7 260.8 257.9 255.3 248.9 240 237.2 234.8 231.9 232 229.9 228.4 227 225.3 225.5 224.8 225.5 228.4 234.7 239.8 236.6 231.9 227.7 220.6 217 218.9 219.8 219.2 216.6 213.9 214.5 214.3 215.7 214.6 214.4 223.5 231.5 240.7 251 257.4 266.7 277.3 285.6 294.2 300.1 304.8 288.5 280.4 271.7 265.4 262.5 263.8 265.7 266.5 264.5 258.1 258.2 259.7 260.1 261.6 262.9 259.6 251.3 265.4 279 285.8 289.9
306.5 303.9 300.4 295.1 291 288.1 285.2 277.7 274.8 271.5 268.7 265.6 263.2 260.1 256.4 249 240.4 237.8 235.6 232.9 229.7 227.9 226.6 225.7 224.3 223.4 222.9 223.7 229.1 234.9 238.6 235.3 230.2 225.9 218.2 215.4 213.8 215 214.8 213.9 213.6 214.2 213.7 213.7 214.2 215.1 218.9 228.6 235.3 242.1 250.3 262.1 270.5 278.9 279.7 276.6 266.2 254.2 248.3 247.3 245.8 247.4 251.4 257.2 259.7 258.3 254.9 249.2 252.4 252.5 251 250.7 245.2 260.4 271.4 278.3 282 283.5
308 304.1 300.3 296.7 291.5 287.5 284.3 276.8 274.2 272.9 270.7 268.5 266.5 262.8 258.2 252.8 242.2 238.9 236 233.4 228.6 227 225.5 224.9 223.4 222 222.3 224 228.4 230.8 231.9 229.9 227.4 222.4 214.8 213.2 213 213.3 213.5 213.5 213.2 214.1 213.5 213.3 213.7 213.4 215.5 220.8 228 234.4 243.7 254.5 260.4 262.6 261.4 251.3 238.8 230.6 228.5 228.9 234 236.1 240.6 245.5 249.9 251.5 248.3 242.2 247 245.9 242.3 232.2 256.4 267.8 273.5 273.9 275.7 275.9
306 302 298.6 295.7 290.7 285.8 282.7 276.8 275.2 272.9 270.8 269.1 266.5 263 258.1 253.5 244.9 240.5 236.5 232.4 229.3 227.3 226 227 226 223.2 221.8 221.8 224.5 225.1 225.3 224.4 223.1 219.3 213.5 213.1 212.9 213 213.2 213.2 213.5 213.2 213.1 213.3 213.5 213.1 214.4 218.3 224.2 229.4 236.5 244.8 247 246.4 236 224.6 215.8 212.7 213.1 215.4 219.1 223.9 229.1 233.3 237.6 242 239.6 235.6 239.9 239.3 232.4 229.2 252.4 263.9 268 267.1 254.6 266.1
302.7 298.9 296.2 293.3 289.8 283.4 280.8 278.3 274.7 271.8 270 269.4 266.5 263.4 260.5 256.9 253.2 244.9 239.5 237 234.1 230 229.1 229.4 226.9 223.9 222 220 219 219 217.6 217.1 216.4 214.8 213.7 213.1 212.8 212.8 212.8 213 213.4 213.1 212.8 212.9 213.1 212.9 216.8 217.9 224 219.3 232.4 237.3 233.4 224.1 216.9 211.6 208.3 207.6 207.9 212.6 211.3 214.3 218.6 223.6 227.3 229.3 227.8 227.4 231.3 232.2 223.3 239.1 249.7 255.3 257 250.6 241.9 268
299.7 296 292.2 290.3 287.1 281 278.4 275.8 271.5 268.3 266.6 267 265.8 263 260.6 257.7 254 246.5 243.1 239.8 235.8 234.3 232.6 230.6 227.6 226 226.7 223.2 220.6 221.1 220 215.6 214.6 214.2 213.7 213.1 212.9 212.5 212.5 212.6 212.7 213.2 212.6 212.6 212.5 212.7 215.4 219.5 228.2 227.1 218 218.8 215.1 213.5 209.5 208 207.5 207.6 207.2 206.6 207.2 207.6 211.4 216.2 219.8 218.6 216.4 216.4 219.9 217.6 227.2 233.6 235.8 240.3 243.6 230.2 248.3 257.8
296.7 292.7 288.7 286.2 284 278.9 276.2 273.1 268.7 265.8 263.6 261.7 261 260.1 259 256.6 250.6 245.8 242.8 240.1 237.5 233.5 231 228.8 227.5 227.6 229 226.9 223.6 221.3 220.5 216.5 215.8 213.9 213.3 213 212.7 212.3 212.2 212.4 212.9 212.9 212 212.2 211.7 215.6 216 220.2 219.3 216.4 213.1 210.5 209 212.6 213.3 212.4 211.3 211.4 209.1 209.2 209.1 208.9 208.6 208.7 208.8 210.9 210.9 211.5 212.7 213.7 219.4 221.7 223.5 226.8 229.9 225.1 241.4 244.1
292.3 289.5 285.3 283.5 280.5 276.6 274.6 271.8 266.9 264.3 261.5 258.7 257.6 257.2 256 251.6 247 244.2 241.6 236.7 236.9 235.1 231.1 229.4 228.3 228 228 225.3 222.8 221.2 217.8 215.6 213.7 213.3 213.1 212.9 212.7 212.1 212 212.4 212.4 212.5 212.3 211.7 218.1 220.8 212.8 211.8 213.6 210.2 209.6 209.3 208.7 208.3 208.5 208.2 207.8 206.8 206.6 206.2 206 206.3 206.1 205.5 205.1 205.2 207.1 209.8 208.3 210.9 210.6 211.7 214.3 217.2 219 221.8 226.4 231.2
286.8 284.6 282 279.6 277.7 275.3 273.1 270.1 266.3 263.3 258.2 254.8 253.8 254.1 254.1 251.1 246.4 247.9 245.6 244.8 242.7 240.8 235 231.6 228.5 227.6 225.8 225 223.3 220.2 219.1 216.6 212.7 212.7 212.7 212.4 212.2 211.4 211.8 211.9 212 212.1 211.9 211.5 211.9 210.6 210.6 210 210 209.4 209.5 208.7 209.2 209.1 208.5 208.3 207.7 207.5 208.6 207 207.9 210 206 205.4 205.6 205.3 204.6 206.7 207.7 207.8 207.5 209.6 210 212.2 214 215.4 219.5 222.5
280.5 280.1 278.4 276.6 275.1 274.2 273.6 273.1 271.9 267.6 263.7 258.3 254.7 251.2 249.5 250.4 253.4 255.3 253.7 252.7 250.3 247.1 241.4 236.1 232.7 228.5 226.2 225.3 223.7 220.1 218.8 217.1 212.4 212.1 211.6 213.1 214.1 215.2 210.8 211.5 212 211.6 211.3 211.1 210.8 210.5 210.4 210 209.9 209.4 209.2 218.7 219.2 216.9 215.3 213.6 211.7 211.1 211.6 211.5 213.6 212 211.6 209.5 206 205.8 204.6 205 205.4 206.1 205 204.8 206.8 210.4 211 212.2 214.9 216.5
275.7 275.7 274.6 273.5 273.4 275.5 277.1 276.7 274.2 270.8 265.3 260.1 257.3 253.7 252.3 255.8 259.8 262 261.4 259 254.5 250.6 245.8 241.2 235.5 230.3 227.5 225.3 224.1 222 217.9 215.4 213.3 215.7 216.9 217.3 218.1 217.6 215.5 210.5 211.1 210.8 210.9 210.9 210.3 210.4 210.3 209.9 209.1 210.8 222.4 223.2 222 219.6 218.3 216.4 216.1 215.1 215.4 214.8 214.3 214.7 217.1 213.7 212 210.8 206.3 210.6 210.5 205.4 204.2 204.3 205.1 207.3 208.6 211.5 211.2 211.9
272.1 272.5 271.5 271.6 274.1 278.1 280.7 278.3 274.3 270.9 266.1 261.4 258.3 254.1 251.4 255.5 259.6 263.7 266.7 263.8 257.3 251.8 247.1 242 237.5 233.1 228 224.7 221.7 220 216.2 213.6 212.4 213.7 215.9 217.2 218.1 217.8 215.9 211.3 210.6 216 216 214.4 211.3 210.6 209.7 210.4 213.5 225.8 227.3 227.1 226.5 222.7 219.4 219.6 219 218.1 218.6 219 219.7 221.3 220.9 220 216.2 213.2 210.6 212.5 213.2 210.3 205.4 203.8 203.9 204.9 206.3 206.7 208.1 212.4
270.9 271.5 271.3 271.3 272 275.1 276.8 276.9 273.5 269.7 265.5 261.4 257.4 251.6 249.4 252.2 256.3 259.9 262.3 262.7 257 252 247.6 242.4 237.7 234.2 228.3 224.2 220.6 217.5 214.8 214.4 214.5 214.6 215.4 216 216.8 216 213.4 213.4 228 227.4 224 221.2 221 221.3 219.3 216.6 221.5 228.1 229.9 227.3 225.2 223.7 223.1 223.3 223.6 223.4 225.4 226 226.3 227.3 227.8 226.4 223.8 220.9 220.8 222.5 222.4 218.1 212.7 203.9 202.6 203.1 204.1 204.5 205 205.8
269.2 268.5 268.2 268.1 267.3 269.3 272.5 273.2 272.1 268.5 264.5 260.5 255.7 251.6 246.7 248.8 251.9 254.8 257.1 258.3 255 251.1 247.8 243.3 237.7 232.6 227 223.4 220.7 217.4 216.4 215.9 215.3 214.4 214.9 215.5 215.4 212.5 212.5 229.2 238.1 233.9 232.2 228.5 225.5 226.1 225.6 224.6 224.4 223.8 226.3 227.5 229 229.2 229.8 230.6 232 234.7 236.5 234.7 234.2 236.8 235.2 235.5 236.2 233.1 237.1 238.4 235.7 230.8 223 216.8 210.8 202.4 202.9 203.1 203.1 203.2
264.9 264.4 264.9 264.6 264.4 266.1 268.7 269.5 269.7 267.7 262.5 258.3 255.1 251.9 249.7 244.8 246.4 249.2 252.4 254.3 252.4 249.4 246.1 242.3 236.6 232.1 229.5 222.8 219.9 220 220 219.4 217.6 216.5 215.4 214.8 214.1 211.5 225.6 237.7 234.8 233.2 233.7 236.5 234 232.9 231.9 229.3 228.9 225.9 227.4 231.7 236.8 238.8 240.3 243 246.5 249.5 248.8 247.6 241.5 244.6 244.4 246 244.8 247 251.7 253.9 253.8 249.5 240.2 229.6 224.8 218.3 208.1 203.1 201.8 202.3
258.3 260.2 261.4 261.4 261.7 263.4 265.1 266.2 266.3 264.1 261 256.9 253.7 251.3 249 243.7 243.6 244.4 248.6 250.5 250.8 249 245.9 241.9 235.3 231.1 229.1 223.8 224.2 225.3 224.1 223.5 221.7 220.8 217.8 214.6 211.5 227.3 232.5 232.3 231.4 232.2 233.8 237.4 241.4 238.7 236.4 230.9 229 229 231.2 235.3 241.2 244.6 247.3 250.6 256 257.7 257.3 255.7 252.6 252.7 251.6 252.2 254.8 259.8 264.5 266.8 269.6 274.1 267.5 254.6 244.2 234.2 222.9 212.5 205.3 205.6
252.8 256.2 256.4 257.3 258.6 258 262.5 264.7 266.3 265.3 262 258.3 254.1 250 245.7 242.3 242.2 244.2 244.3 246.6 246.6 245.8 242.5 238.3 233.4 229.8 226.6 225.3 227 227.9 227.2 225 223.8 222.3 221.2 215.4 216.6 227.6 231.9 233.6 232.6 233.7 236.4 242.1 241 238.9 236.8 231.9 233.6 235.3 237.6 241.3 245.2 248.8 253.8 260.1 263 265.7 265.4 262.6 262.7 259.2 256.9 257.8 260.9 267.2 275.1 279.5 283.6 288.3 291.1 287.2 271.8 259.1 242.2 225 212.4 210.6
243.5 246 249.8 249.5 252.8 256.7 260.5 262.6 264.9 264 261.3 258.3 254.5 247 241.8 241.2 241.6 244.2 244.4 243.2 242 240.4 237.7 234.4 231.1 229.4 226.9 226 226.5 228.4 229 227.8 225.9 224.3 219 214.6 221.8 235.6 244.7 246.5 246 244.2 241.2 240.1 240.2 237.2 234.7 236.3 238.8 240.2 242.4 245.6 249.5 255.3 261.2 265.9 268.5 271.1 269.5 267.8 268.2 267.8 268.5 267.1 268.4 278.4 285.4 290.4 292 295.5 303.3 307.8 299.7 283 263.8 236.2 219.7 214.3
238 239.2 245.7 251.6 254.7 256.5 258.2 260.6 260.9 260.9 259.3 256.4 251.8 246.9 242.2 240.1 241.3 241.8 241.5 240.3 238.3 235.7 232.9 231.3 229.7 229.3 229.2 228.8 227 227.2 227.6 225.2 225.5 220.2 215.9 218 230.5 241.7 247.7 248.3 246.7 245.7 244.2 242.9 240.4 237.6 236 237.6 240.5 242.4 245.3 251 257.6 264.1 268.6 270.9 271.9 272.6 271.7 271.2 273.4 276.8 280.2 282.1 283.5 292.5 295.5 296.1 300.4 302.7 301.9 300.4 300.1 292.6 269.3 240 223 217.8
237.5 237.3 243.2 249.4 254.1 259 261.6 262.3 261.8 260.3 258.1 255.3 251.9 247.6 242.9 239.5 237.3 238 236.1 235.9 233.1 232.3 229.7 227.1 227 226.5 226.7 226.4 225.4 224.4 223.9 223.6 220.2 217.7 218.2 231.6 241.8 245.1 246.8 246 244.9 244.5 242.7 241.8 238.9 237.1 237.1 239.1 241.2 244 249 255.6 262.2 267.5 271.7 275 275.8 275.4 274.3 276.3 284.6 291.5 295 295.6 296 299.1 301.3 302.4 303 299.9 299.2 300.1 299.7 292.9 268.5 240.3 227.7 222.8
236.3 236.3 241.3 246.5 253.4 259.2 262.2 263.1 261.2 259.6 258.9 255.7 252 248 243.7 239.4 235.8 235 233.9 232.7 230.5 227.5 225.4 224 222.9 222.8 223.4 223.4 222.7 222.4 220.2 220.5 217.9 217.7 224.6 236 239.7 241.9 242.4 241.6 240.3 237.7 237.5 236.3 233.9 235.6 237.6 241.5 244.5 247.9 251 254.9 260.8 268.8 274.4 278.7 278 277.6 276.8 284.6 295.1 300.7 303.9 303.9 301.3 300.1 300.9 299.1 297.7 296.1 295.1 295.3 299 295.3 272.6 248.1 234.6 229.8
235.1 234.6 239.7 245.5 251.4 256.8 260.3 260.6 259.3 257.3 255.5 252.9 249.7 246.5 242.2 236.2 235.6 236.3 236.8 236.6 233 229.1 225.6 223.8 221.1 220.2 220.8 220.9 219.8 217.6 217.9 217.3 218.4 221.1 235.9 240.2 240.6 240.7 239.6 239.9 239.5 237.1 233.3 232.2 233.4 235.9 239.5 242.6 245.2 248.6 251.8 255.2 260.1 267 274.5 278 277.3 279.1 281 288.7 298 299.9 303 303.1 301.5 298.1 295.6 292.8 291.6 291 291 295.3 302.1 295.6 274.6 253.5 242.7 233.9
232.9 236.6 241.7 246.4 251.1 254.7 257.7 257.9 255.6 253.4 251.4 249.5 247.2 242.7 237.4 236.2 238.4 239.9 239.5 238.5 235.7 232.3 226.6 224.2 221.1 219.6 218.8 218 217.8 217.6 217.6 219 222 233.8 242.2 242.3 241.9 240.4 239.2 237.9 237.1 235 232.1 231 231.5 233.5 237.3 240.3 243.4 245.9 248.5 251.6 256.9 263.1 268.7 271.8 272.4 275.5 280.3 287.3 292.1 293.9 297.6 299.7 297.8 294.6 291.5 289.9 290.2 292.1 296 300.9 298.2 288 269.8 253.4 244.2 239.6
231.6 236.3 240.3 243.6 246.7 249.3 251.3 251.7 250.9 249.2 248.2 246.2 244.4 241 237.7 238.7 240.9 241.5 240.6 238.4 234.4 229.5 225 222.5 220.3 219.2 219 218.4 218.4 217.9 218.8 221.9 231.7 243 243.9 243.8 242.9 241 239.2 235.6 234.3 232.8 231 230.8 231.3 232.3 234 237 239.9 243 245.6 249.5 253.6 257.5 261.2 264.6 266.6 271.4 279.5 285.2 286.6 288.2 291.3 294.2 295.1 292.3 290.1 288.9 290.5 293.8 298.6 296.9 289.3 280.5 268.9 258.7 252.5 247.1
230.8 233.1 236.7 240.2 242.4 244.9 247.2 249.1 248.9 247.5 248.8 250.9 251.5 248.3 245.2 243 241.8 240.7 239.4 235.8 231.3 226.6 223.7 221.9 222.6 221.3 219.4 219.3 219.8 220 222.1 229.8 239.8 242.8 245.3 244.7 242.1 240.7 238.1 235 232.2 231 230.4 230.8 231.3 232.5 233.8 236.4 240.3 243.4 245.9 248.4 250.8 253.7 256.8 262.5 267 272.3 279 283.5 283.4 283.9 286.7 288.5 291.1 292.3 291.3 288.5 293.8 297.3 298.9 292 281.9 274.2 272.2 267.3 266.4 263.4
229.8 230 233.5 236.3 239.3 241.5 244.8 248.6 252.7 253.7 251.9 252.6 252.3 250.3 246.5 243.1 241.4 239.2 236.4 232.9 228.7 225.4 223.8 225.3 225.2 224.4 221.1 220.7 222.1 222.6 225.8 235.1 240.8 243.8 244.5 243 241.3 238.9 236 233.3 231.3 231.1 231.2 231.3 231.7 233.9 236.2 238 239.4 242.2 244.7 247 249.4 252.4 257.7 262.8 269.2 276.2 281.4 281.8 279.7 278.4 279.9 282 283.2 285.4 288 288.1 296.1 303.2 299.5 290.8 283.3 280.8 280.5 283.2 285.4 281
232.9 230.3 229.6 232 236 239.2 242.6 246.2 251.2 255.8 255.9 253.9 251.4 247.8 242.7 240.9 240 237.5 234.6 230.4 227.4 224.7 226.2 227.3 227.3 226.8 224 221.5 223.3 224.5 229.4 238.7 242.6 242.8 242.6 241 239.6 236.8 233.6 231.6 230.7 230.9 231.5 231.8 232.7 237.2 238.9 240.3 241.8 244.2 248.5 251.9 255.3 257.5 260.3 264 269.2 273.6 276.6 276.6 275 274.4 276 276.8 278 280 282.9 289.9 296 302.9 301 292.1 288.4 289.8 296.5 298.1 293.8 287.7
239.3 231 228.5 230.3 233.5 237.6 240.8 243.6 247.3 251.9 252.4 251.2 249.6 247.4 244.2 239.6 237.9 235.3 232.1 228.2 226 225.8 227.7 228.7 229.3 228.6 226.3 222.7 223.4 225.6 238.9 242.4 243.3 242.5 240.9 239.5 238 234.8 230.9 230 229.9 230.8 231.6 232.3 233.1 237.6 238.6 240.6 243.9 247.1 252 257.4 262 265.6 267.1 266.4 266.7 269.4 269 272.1 276.1 280.4 282.2 279.4 278.4 279.2 281.5 288.2 294.4 301.2 300.7 297.8 301.4 302 304.3 302.2 297.1 290.4
237 233 228.4 228.9 231.8 235.9 239.3 241.6 244.3 247.2 248.1 247.3 245.6 244 241.5 237.4 234.1 230.9 227.5 226.3 225 226 227.3 228.2 228.6 228.5 227.1 223.3 222.1 229.8 245.1 245.1 243.9 242.1 240.3 238.2 235.6 231.5 228.9 229.7 230.4 231.1 231.8 232.2 233.2 236.4 238.3 240.5 244.5 249 252.7 257 261.7 263.8 264.9 265.8 262.8 268.6 272.3 275 278.4 281.8 282.9 282.1 281.1 281.4 282.6 286.6 292.2 297.7 302.3 306.9 310 308.6 307.6 303.6 298.5 291.9
234.7 233.4 227.2 227.7 230.2 234 237.9 239.7 242.1 243.7 244.2 244.1 241.9 240.6 237.2 233.4 230.8 228.3 226.9 225.9 227.5 227.5 227.5 227.5 226.1 227 226.9 225.4 225 243 246.9 245.7 244.1 241.8 239.7 236.9 232.3 228.8 229.1 229.8 230.4 231.1 231.9 232.3 233.3 235.6 238.1 239.8 243.3 248 250.9 254 257.1 256.5 257.2 258.5 265.3 268 270 275.2 280.9 283.9 284.5 284.2 283.8 285.6 287.7 291.1 295.4 299.4 303.9 309.9 313.3 312.8 308.4 303.1 298.3 291.1
231.6 231 226.2 226.1 227.8 230.7 234.8 238 239.5 240.5 240.3 239.1 237.1 236.1 228.8 228.7 230.8 231.1 230.2 228.3 227.5 227.5 227.5 227.5 227.5 227.5 226.1 228.1 231.9 247.4 246.2 244.3 241.8 239.8 236.6 231.6 228.3 228.2 229 229.5 230.1 232.2 233.2 232.5 233.7 236 238.9 241.5 243 245.1 246.5 247.9 249.2 249.6 256.5 261.6 264.5 268.5 269.3 277.2 286.9 288 288.4 288.1 288.1 291.9 294 299.5 303.3 306.5 310.3 311.6 312.2 308.6 303.9 299.3 292.9 285.6
227.9 227.4 226.3 225.1 225.5 224.6 228.4 231.1 234.7 236.3 236.4 234.1 232.2 231.7 228.1 232 233.5 234.4 234 232.5 230 227.4 227.5 227.5 227.5 227.5 227.5 228.3 246.1 246.6 244.9 243.1 239.7 235.5 231.7 228.2 227.6 228.4 229.3 230.7 232.5 234.5 235.9 236.6 235.4 237.1 236.9 238.8 242.2 241.1 243.4 244.4 248 252.7 261.1 265.1 269 272.6 278.8 284.8 285.1 288.5 290.7 291.4 293 296.8 299.4 302.9 307.7 310.6 309.5 306.7 305.6 306.2 303 299.5 295.5 291.2
222.2 223.7 224.6 225 225.4 224.3 225.9 227.6 227.8 228.5 228.7 225.8 228.8 227.6 230.8 233.9 235.3 235.9 236.8 237.1 234.9 227.8 227.5 227.5 227.5 227.5 227.5 242.4 245.4 243.7 243.5 241.3 236.4 232.2 229.3 227.7 226.7 228.9 230 232 234.7 236.7 238.7 239.6 238.2 239.5 240.4 241.3 242.7 244 246.3 247.2 248.5 250.9 256.8 265.3 270.3 274 282.9 288.9 289.9 285.5 294.5 296 297.3 301.5 304.5 305.4 308.7 308.3 305.2 302.7 303.1 305.6 305.2 300 295.7 289.5
218.7 220.1 221.2 222.5 223.9 225.1 224.1 218.9 221.9 223.3 221.2 220.5 223.3 227 230.3 233.8 236.4 237.3 237.8 239 236.9 228.6 227.5 227.5 227.5 227.5 240.7 244.9 242.5 241.2 239.9 236.2 232.8 229.3 226.7 226.3 227 228.7 231 233.8 236.4 238.5 240.8 241.2 240.8 241.6 242.9 245.5 244.7 250.7 253 255.2 257.7 260.5 260.2 263.1 270.2 276.2 284.1 290.2 292 286.8 293.8 298.2 302.3 306.7 310.5 310.6 308.4 305.7 303.3 303.2 303.7 299 294.5 294.3 288.6 283
215.2 216.3 218.7 220.1 221.5 223 223.8 221.9 216.7 217.8 216 217.8 221.8 225.2 228.1 231.4 233.5 236 236.9 239.3 236.9 227.2 227.5 227.5 227.5 237 242.6 240.7 239.2 238.3 236 231.8 228.6 226 226.3 226 226.9 230 233.7 238.3 240.9 242.5 242.6 243.2 243.7 246.6 247.3 254.5 251.4 255.6 258.4 263.3 265.5 267.2 264.7 266.5 269.6 273.5 281.9 288 293.2 290 292.8 300.6 305.9 309.9 313.2 312.1 306.9 304.1 303.7 307.7 307 304.4 299.1 292.1 287.9 283.8
