public/OST50/SO07.asc
ncols 200
nrows 200
xllcorner 300000
yllcorner 270000
cellsize 50
[rows 105 to 139 of 200, columns 0 to 77 of 200]
338.4 331.3 327.3 325.9 325.2 323.5 322.4 322.2 320.9 319.9 319.9 314.8 313.7 315.5 318.3 319.2 320.1 321.1 321.2 321.5 321.8 323.2 324.9 326.8 327.6 328.4 329.6 331.6 333.4 336.4 339.3 343.9 349.7 356.3 361.2 362.5 363.4 365.7 369.8 370.7 370.1 364.9 360.3 358.6 361 363.4 366.2 369.3 370.2 369.8 369.1 366.2 363.5 362.8 362.3 364 368.1 372.5 381 388.8 402.9 405.9 409.5 406.7 407.8 399.9 392 387.2 390 391.7 393.3 391.1 384.7 376.3 362 369.9 379.1 386.9
345.6 339.8 337.2 334.8 331.3 329.1 329.6 328.8 325.7 323.6 322.3 318.7 316.1 316.6 319.1 320.5 321.8 322.4 322.5 322.7 323.6 324.8 326.8 328.7 329.5 330.3 331.1 332.9 335 338.3 343.1 348.2 355.8 361.7 364.1 367.1 371.5 376.6 379.3 380.4 379.2 374.3 369.8 366 364.1 363.5 365.5 368.8 370.6 370.6 369.9 368 365.4 364.7 365.2 369.8 374.2 380.3 385.4 392.1 403.7 402 398.7 396.7 395.6 389.1 380.1 372.5 373.3 375.7 376.1 374.9 371.4 364.8 352.7 366.1 372.2 379.8
347.7 345.4 341.6 337.7 334.7 334.9 334.5 330.6 325.7 324.5 323.3 320.3 317.1 318 322.1 322.4 323.5 323.7 324 324.2 324.6 326.4 328.8 330.8 332.2 332.8 333.3 335.2 337.7 340.7 345.8 353.7 361.6 365.5 367 371.5 381.1 387.2 390.8 391.1 388.5 384.2 379.8 374.8 369.8 367.2 367 369.5 371.5 371.3 370.9 369.5 367.7 366.7 368.8 373.2 382.8 386.4 390 395.3 397.9 394.2 389.4 385 381.1 375.7 369 362.3 358.8 359.1 360.2 359.9 357.1 352.6 349.8 358.6 364.4 372.3
350.7 347.4 342.9 339.2 337.5 337 334.3 330 325.6 324.2 323 320.2 318.8 323.6 324.2 324.6 324.4 325 325.5 325.7 326.6 329.4 330.4 332.3 335.2 335 335.7 338.2 341.3 344.1 349.3 358.1 362 367 370.9 380.1 391 396.7 400 401 398.1 394.1 389.4 382.6 374.8 371.2 369.1 370.9 372.5 372.2 372 370.9 369.5 369.3 375 380.9 390 392.2 391.6 396.2 391.1 386.7 380.9 372.3 368.9 364.1 358.7 353.4 349.7 346.5 345.5 344.5 343.5 342.1 343.4 347.8 354.3 360.9
352 347.4 343.1 340.3 339 335.5 333 326.6 323.3 322.5 321.2 321.8 323.6 324.4 325 325.4 325.1 325.4 326.2 327.2 329.6 332.3 333.4 334.5 337.5 338.5 342.1 344 346.1 348.3 356.8 360.8 366.7 371.4 376 386.1 398.7 404 408.7 410.7 408.3 404.5 398.3 389.5 381.1 376.8 373.1 373.2 373.9 373.9 373.9 374 372 372 378.4 386.8 398.1 393.9 386 384.2 382 379.2 374.3 368.2 363.8 356.3 349.9 346.8 344.6 341.6 338.4 336 335.7 336 336 338.3 340.1 345.5
350 344.8 341.1 339.8 336.3 332.5 331.2 324.6 321.8 321.3 320.8 322.6 323.8 324.7 325.3 326.2 326 326.3 327.7 328.9 330.9 333.5 334.7 337.4 340.6 344 347.3 349.3 351.3 355.4 359.3 362.2 369.2 374.5 380 392.4 405.1 410.3 417.4 418.2 416.5 413 406.4 398 387.9 380.6 376.5 375 375.2 375.3 375.4 376.3 380.4 377 376.4 383.3 391 382.8 377.4 376 376.7 375.7 364.6 356.5 355.9 350.9 347.8 345.3 342.8 341.2 339.4 338.1 334.9 332.5 332.6 331.6 332.9 337.1
345.8 340.3 338.3 334.3 331.4 329.1 328.3 326.1 322.1 321.2 321.3 322.6 324.1 324.9 325.7 326.6 327 327.3 328.6 330 331.8 334.1 336.6 339 343.3 346.8 349.2 353.1 356 359.2 362.9 367.6 370.7 376.3 381.2 396.7 408.8 415.8 422.5 424.3 423.9 421.4 415.8 405.2 397 387.1 380.9 378.3 376.9 377 376.9 378.7 388.4 387.5 378.9 379.4 379.1 378.3 377.5 373.5 376 374.6 366.1 357.1 352.7 349.9 347.5 346 344.4 342.6 341.1 339.5 336.7 334 331.5 329.6 330.9 334.3
338.8 335.5 332.7 330 327.9 327.2 326.4 325.4 323.5 322 322.2 322.7 324.1 325.2 326.1 326.9 327.9 328.3 329.8 331.5 333.4 335.4 337.8 341.2 345.6 348.5 350.6 354.5 357.9 362.3 365 370.7 373.5 380.1 385.3 402 413.3 420.2 425.8 429.1 431.4 430.1 422.3 418.2 408 396.8 390.7 386.4 382.6 379.5 379.3 380.8 389.9 391.8 383.4 380 379.5 378.2 377 372.2 370.3 366.4 360.7 356.9 359.6 360 358.7 354.6 351.3 348.4 348.3 343.3 341.1 338.7 337.4 328.6 327.8 329.3
333.1 329.8 326.8 324.5 325.2 325 324.9 323.9 323.3 323.4 323.4 323.2 323.8 324.7 325.8 327.4 328.3 329.8 331.5 333.1 335.2 337.2 339.2 341.8 345.3 348.9 351.8 355.7 360.6 364 369.2 376.5 382.9 385.5 391.6 408.6 417.5 423.6 428 433.7 438.8 439.6 432.1 430.3 423.5 412.4 401.9 395.6 390.7 386.3 383 383.9 386.9 386.4 383.8 383.3 380.8 378.5 375.9 371.7 368.1 368.4 372 377.6 383.7 384.2 380.9 374 367.4 360.3 356 348.2 344 339 336.5 337 326.3 326.4
327.8 324.4 323 321.7 322.6 323.2 323.3 322.5 323 323.4 323.6 323.6 324.2 325.2 326.8 328.2 328.7 331.6 333.2 334.4 336.7 339.1 341.2 343.9 346.6 349.5 352.7 357.7 363.6 369.5 376.1 382 386.2 391.3 401.3 413.1 420.4 430.3 434.1 440 446.8 444.8 442.8 443.2 436.6 425.4 414.6 405.6 400.3 394.3 388.8 388.9 390 389.5 388.5 388.5 387.9 384.1 381.4 378.6 379.7 386.4 395.5 396.1 399.3 399.1 395.6 387.9 377.3 368.1 358.7 350.4 342.7 334.3 331.6 329.6 326.8 325.1
323.6 321.5 320.3 320.2 321 321.4 321.7 322.2 322.7 323.2 323.9 324.5 324.9 326.2 327.8 328.6 329.2 331.9 334.3 335.8 337.7 339.7 341.8 345.6 348.7 352.5 355.8 360.2 365.2 372.4 378.7 384.3 388.9 395.7 408 416.9 425.8 436.5 440.9 447.5 450.6 450.4 450.2 452.5 448.1 439.2 427.5 418.7 410.6 404.5 398.5 395 397.3 396.8 397.2 397.9 398.3 396.1 395.5 389 393.5 405 408.5 407.8 409.2 406.4 402 393.5 382 367.7 358.7 347.2 337.3 330.3 329.6 327.6 326 324.3
319.6 318.2 317.6 318.6 319.4 319.8 320.7 321.2 321.7 322.5 323.6 324.7 325.7 327 328.2 329.7 330.8 332.9 335.3 336.8 338.4 340.4 342.9 346.4 350.5 354.4 357.7 363.3 368.7 375.7 381.3 387.5 391.6 402.4 413 420.3 429.5 439.5 448 453 455.3 458.8 456.3 459.6 456.5 451 443 432.1 423.4 411.9 410.7 406.3 407.1 406.8 406.9 408.3 409 409.7 408.3 404.2 403.9 412.6 413.4 414.2 413.5 412.7 406.8 396.8 382.1 369.6 357.4 342.4 333.9 328.7 327.9 327.7 323.9 323.9
312.6 314.2 311.4 313.9 317.3 318.5 319.7 320.3 320.9 322 323.1 324.6 326.1 327.3 328.7 330.1 331.6 332.9 335.1 337.4 339.1 341.2 344 347 351.6 355.9 360.4 365.9 373.5 378.9 382.2 389 394.6 406.8 416.9 425.4 434 440.5 452 457.1 458.4 463.4 462.6 465.3 463.9 458.4 450.8 442.1 433.1 424.6 420.5 416.3 416.4 416.1 416.7 419.9 421.1 421.7 420 417 412.8 417.5 418.7 420 419.8 416.5 409.3 398.3 384.5 372.7 356.2 339.8 332.5 327.5 326 323.8 321.9 322.5
305.9 308.2 312.2 314.6 315.3 315.2 317.5 319.4 320.3 321.8 323.3 324.8 326.3 327.7 329.1 330.5 331.9 333.3 335.3 337.5 339.7 342.5 345.1 348 352.3 356.8 362.1 368.1 374.6 381.6 389.4 392.3 400.1 413 422.4 428.5 434.6 441.6 452.4 459.8 465 470.7 471 472.9 469.7 462.5 455.8 448.5 439.8 433.5 424.9 424.7 424.7 428.9 431.4 434.3 434.4 433.4 430.7 428.8 424.7 425.4 427.6 428.1 424.9 419.4 412.7 402.9 388.7 375.5 357.2 339 330.5 326.6 324.2 322.3 320.8 320.8
308.9 312.4 314.3 315.9 317 318 318.8 319.1 320.5 321.9 323.3 324.8 326.3 327.8 329.2 330.6 332.5 334.3 336 338.2 340.8 344.5 347 349.2 353.7 358.4 364.5 371.5 380.4 385 390.4 395.4 405.9 418.7 427.4 432.6 437.4 443.6 452.4 461.7 471.9 478.9 479 478.5 473.6 465.9 457.5 450.2 443.2 439.8 433.3 435.8 439.3 442.4 445.8 448.2 445.7 444.3 441.7 440.5 437.8 437.8 435.5 430.6 425.1 420.6 412.6 400 388.7 374 356.5 338.5 328.4 325.2 323 321.2 319.7 319.9
309 312.4 314.3 316 317.3 318.2 319 319.3 320.8 322.4 323.7 325.1 326.4 327.8 329.4 331.3 333.2 335 336.7 338.8 341.2 344.3 347.2 350.9 355.8 361.3 370.4 377 383.5 387.3 392.8 400.7 413.2 422.8 431.5 437.2 442.5 447.2 457.8 467.5 479.5 482.7 482.1 481.7 473.2 466.1 458.2 447.3 444.5 444.2 444 447.6 451.5 455.4 457.7 457.9 456.6 454.3 452.1 449.3 446.7 442.5 437.2 430.7 423.2 416.5 407.4 396.3 383.3 368.4 349.2 335.8 328.3 325.3 322.7 320.5 318.7 317.4
307.2 310.2 313.3 316.2 317.6 318.3 319.1 319.6 320.9 322.5 324.1 325.6 327 328.3 329.7 331.5 333.6 335.7 337.4 339 341.7 344.5 348.5 352.8 358.8 367.9 376.1 380.2 383.8 389.1 397.7 408 417 426.1 434.3 441.1 447 453.3 464.1 475.1 483.8 484.1 483.4 480.9 474.2 466.9 454.2 437.8 442.1 445.4 449.9 457.4 460.2 464.5 463.9 463.1 462 460 457.5 454 449.6 444.1 436.9 428.5 420 410.9 400.6 388.4 372.1 352.4 340.7 331.5 326.3 324.3 322.5 319.9 319.1 316.8
307.1 309.6 311.4 315.6 317.6 318.3 319.1 319.8 321 322.6 324.3 325.9 327.5 328.8 330.2 331.7 333.6 335.6 337.4 339.3 342.2 345.6 350.4 353.9 361.3 369.8 376.2 381 383.7 394.6 403.3 412.1 421 431 437.9 444.7 451.8 459.6 469.6 479.7 486.3 485.8 485 480.9 472.5 461.6 442.7 431 434.3 436.8 448.6 461.1 465.6 466.3 464 466.2 465.8 462.6 458.9 454.9 447.4 442.7 434.7 425.9 415.7 403.9 392.9 372.7 350.7 338 334.1 329.7 325.9 323.6 321.2 319.4 318 315.6
308.7 309.6 311.1 313.8 317.1 318.3 319.2 320 321.2 322.8 324.4 326 327.7 329.3 330.9 332.5 334 335.4 337.3 339.4 341.8 345.4 350.1 354.5 362.7 372.7 376.9 381.4 386.7 395.3 404.2 414.7 426.1 436.9 445.9 451.4 459.3 465.7 471.7 479.5 488.4 488.8 486.2 478.1 463.9 447.2 433.8 425.5 423.6 430 442.1 454.8 460.7 464.6 462.3 465.1 463.3 460.5 456.6 449.8 440.1 436.1 430.3 421.9 411.4 398.4 375.8 357.1 347.6 346.4 338.7 332.8 326.4 324.2 322.1 320 318.5 317.4
311.6 311.7 313 314.2 315.7 317.4 318.9 319.9 321.3 323 324.7 326.4 328.1 330.3 332.3 334.3 336 337.5 339.1 340.5 343.4 346.7 347.7 351.8 363 374.4 377.7 380.5 387.2 397.8 404.8 416.3 427.6 440.7 449.6 458.1 465 470.3 477.9 482.3 489.1 488 481.9 471.4 459.8 445.8 431 422.5 419.5 426.5 436.6 445.5 452.4 456.9 454.6 453.8 451.5 449.9 449.1 442.7 435.5 429.1 427.2 416.7 406.1 391.4 373.6 366.4 360.2 351.7 344.4 337.7 331.7 327 324.2 321 318.3 317
314 314.1 314.6 315.3 316.6 318 319.3 320.5 321.6 323.6 325.2 326.8 328.9 331.2 333.7 336.6 338.4 339.8 341.5 342.5 344.3 348.4 351.7 354.3 358.7 370.8 378.7 382.8 386.7 399.6 409 418.3 432.5 445.4 456.3 463.6 468.8 476.3 484.9 487.8 487.4 482.7 475.8 464.6 448.4 439 427 419.8 417.1 422.2 429.6 443.4 451.2 450.6 445 438.5 433.2 431.8 431.9 429.2 425.3 420.2 418.4 411.1 403 393.3 381.9 373.6 365.1 358.2 350.5 344 337.5 331 326.3 319.7 317 315.5
315.8 315.5 315.5 316 317.4 318.9 320 321.4 323.1 325.3 327.8 330.5 333 335.2 337.3 339.7 341.1 342 344.5 346.2 347 349.1 353.5 358.3 361.4 371.5 379.9 386.8 391.9 400.2 410.8 424.3 438.7 453.4 460.9 468.3 475.4 483.6 489.2 489.2 484.3 478.2 470.2 459.9 449.4 430.9 422.2 417.3 414.7 417.2 427 440.8 449.3 443 432.7 423.7 417.2 409.2 408.7 410.5 409.2 404.1 406.3 403.6 397.1 389.1 379.8 372.1 367.9 362 357.1 349.8 341.4 333.4 324.5 317.7 315.9 313.7
318.2 318.5 319.4 319 319.8 320.9 322 324.4 327.6 330.2 332.2 334.6 337.1 339.4 340.6 342.7 343.8 345.2 348.4 350.3 353 351.4 357.4 362.9 366.7 374.6 384.5 393.3 399.4 403.3 410.7 421.1 441.2 455.8 465 475.2 482.4 488.5 492 488 480.6 472.8 463.5 453.2 441.6 429.1 418.8 414.9 412.6 414.1 424.9 437.4 445.1 438.6 426 409 399.9 393.5 389.8 387 385.5 382.5 384 383.4 382.2 378.6 373.5 369.5 369 364.1 358.2 351.1 343.5 334.7 323.5 318.4 316.6 314.2
328.6 326.1 325.6 325.7 326.5 328 329 332.6 335.1 336.6 338 340.6 342.2 344.3 345 345.9 346.9 348.4 352 356 359 359.6 364.2 371.2 375 378.1 386.8 396.6 400.9 410.7 419.2 426.9 441.7 455.9 465.3 475.5 484.4 491.4 492.3 485.3 475.8 463.8 452.4 444.7 432.9 422.1 416.8 413.2 411 409.7 422 433 442 440.7 432.1 415.1 395.4 384.3 374.9 370.3 367.1 365.8 364.7 362 357.7 357.7 358.9 362.7 366.4 358.9 353.7 349.1 342.1 335.6 323.5 319.7 318 316.6
338.7 335.4 332.8 333.4 333.5 336.2 338 341.1 342 343.2 344.6 346.5 348.1 349.2 349.8 351.7 353.3 354.6 356.8 360.6 365.2 368.1 371.6 379.2 383.5 387.7 389.7 397.1 404.8 413.4 422.5 432.1 440 449.9 459.8 472 481 486.1 489.3 483.6 463.8 450.4 441.8 433.7 427.5 421.3 415.8 411.8 406.8 404 410.5 424.1 437.3 442.4 438 426.2 411.9 397.5 385.1 375.1 366.3 362.3 359.7 356.7 353.9 350.2 348.8 348.5 349.8 347.3 346.5 343.3 339.9 332.7 324.5 321.6 319.2 317.7
344.6 341.5 339.6 340.8 342.5 344.4 344.5 345.7 346.9 348.4 350.1 351.5 353.5 354.6 357 359.1 360.3 362.3 365 368.5 372.6 376.3 381.5 387.8 393 397.6 401.1 403.3 405.8 411.3 420.3 431.6 441.4 445.9 453.7 465.1 474.5 481 488.4 485.1 474.1 458.7 444.5 436.2 427.6 421.4 416.2 413 408.8 399.2 402 415.4 433.6 443.6 442.5 435.3 425.6 415.9 406 393.5 381.9 370.3 362.3 356.4 353 347.7 344.2 340.5 339.3 338.6 337.4 338 336.7 329.9 324.5 321.4 318.9 317.4
347.4 344.4 345.7 348.6 349.3 348.4 347.6 349.5 349.7 350.7 353.6 354.4 356.5 359 361.1 363.6 365.5 367.7 369.9 372.3 376.2 381.7 387.5 393.2 399.1 405.8 411.4 414.9 419.2 419.6 422.3 428.9 434.8 441.7 449.2 460.1 472.9 482.9 488.7 485.4 477.6 469 462 449.6 435.8 425.8 418.8 412.4 406 398.9 396.1 406.1 425.2 438.3 442.1 439.9 434.3 427.7 420.4 412.9 402 394 383 372.3 364.6 356.8 348.9 342.7 339.1 334.7 331.7 332.7 330.1 326.8 322.9 320.4 316.5 315
344.8 344.1 348.1 351.5 350.3 348.8 347.8 348.9 349.3 350.5 351.9 354.8 356.7 360.3 363.5 365.5 367.5 370 371.5 374.3 378 383.7 389.8 395.5 402.7 409.8 416 421.6 429 435.4 437.4 439.8 443 448.2 451.4 464.9 476.9 485.5 485.9 483.5 475.9 468.6 461.1 449.4 437.2 429.9 423 415.8 403.8 394.9 390.7 398.5 419.2 432.2 439.9 440.2 435.6 430.2 424.2 416.6 409.2 402.6 394.5 385.5 376.2 365.3 355.7 347.2 340.1 336.4 334.1 326.3 325.9 322.5 320.5 317.6 315.3 314
338.7 338.5 343.4 343.7 342.5 342.5 342.5 343.4 344.3 346.7 349 351 354.2 356.9 359.2 362.3 365.9 369.7 369.6 370 375.1 381.2 389.7 395 404 411.1 417.4 423 435.7 441 443.5 449 455.2 458.6 461.7 474.8 480.8 483.6 482.3 475.9 468.5 459.6 451.2 439.7 429.6 425.3 420.4 410.9 399.6 393.6 388.3 390.6 410 426.9 438.5 439.6 433.7 428.9 422.8 418.5 411.8 404.5 397.2 388.3 378.3 366.7 355.7 346.6 339.3 336.3 334 330.3 326.2 321.3 319.2 317 315.6 312.3
329.5 329.8 327.8 327.9 329.7 330.3 332.3 334.6 337.3 339.9 342.8 343.5 344.3 346.5 353 357.5 363.7 365.5 364.7 365.1 366.9 374.8 385.7 394.2 404 410 417.2 424 437.8 442.3 443.9 457.7 463.2 466.7 472.6 481.5 481.5 478.9 473.1 464.7 457.4 447.3 437.9 424.1 420.6 424.6 424.9 414.3 404 391 386.8 388.7 409 424.1 435.3 435.5 428.7 426.3 423.3 419 412.6 403.9 396 385.1 373.6 362.4 350.7 341.9 338.8 337.3 335.3 332.3 329.9 325.2 320.9 317.4 316.1 314.5
319.4 318.4 315.3 315.5 317.6 319.2 320.7 325.5 327.5 330.5 332 333.5 335.2 337.2 345 353 357.1 358.8 360.3 363.2 365.3 369.6 381.4 393.3 402.3 407.1 414.9 424.6 438.9 442 449.4 464.5 470.1 475.1 481.5 482.5 478.7 470.3 461.5 455.4 443.5 433.2 423.5 415.4 416.8 421.8 423 419.1 407.6 390.4 383 385.9 404 418.4 426.2 429.4 425.8 424.7 421.7 417.1 410.5 401.2 391.2 379.5 367.3 354.4 347 343.5 340.5 340.8 343.7 343.6 341.5 336 325.8 319.8 316.1 314.8
311.2 309.8 311.3 313.7 315.9 317.2 318.2 319.8 321.9 322.6 323.8 326.2 329.4 331.5 337.3 344.7 348.4 351 357.1 360.1 363 366.4 376.2 392.3 400.2 404.8 413.8 423.9 436 441.4 456.1 468.3 474.3 480.5 483.7 479.2 473.4 464.3 454 436 429.1 421.5 414.7 409.6 413.9 419 420.3 418.9 411 389.4 380.3 379.6 391.6 408.4 414 412.8 414.6 419.8 418.1 413.7 407.7 400.1 387.3 373.3 362.6 358.2 354.7 351 350.8 355.6 357.2 358.7 355.4 346.5 332.5 321.5 317 314.5
308.4 310 311.7 314.1 315.4 316.8 317.9 319.1 320.1 321.1 322.3 323.8 325.5 327.9 332.1 337.1 342.9 347.5 350.9 353.5 358.6 364.5 374 387 394.8 404.4 413.1 423.9 432.9 441.6 460.4 470.2 478.7 482 479 474.4 466.2 455.5 443.7 428.1 418.7 413.3 409.1 406.8 409.9 415.1 418 416.6 408.5 389.1 378.8 374.7 379.6 388.2 396.8 397.7 401.2 408.7 412.5 407.9 404.2 400.8 393.4 384.2 374.5 369.2 365.2 364.7 365.7 366 366.7 364.5 359.5 350.1 337 324.7 317.9 314.9
310.5 311.7 313.5 314.5 315.7 317.1 317.3 318.5 319.6 320.5 321.4 322.3 323.9 326.5 330.2 332.6 337.6 341.6 345 348.8 356.4 363.7 374.1 386.3 397.4 406.7 415 429.2 438.7 447.4 462 472.9 478.2 479.3 474.4 468 458.7 447.3 431.5 420.8 411.9 407.4 404.7 405.1 408.2 412.9 416.2 413.8 402.1 388.6 377.4 371.3 371.5 373.4 379.9 383.2 391.1 396.5 401.1 401 403.3 400.2 394.3 387.8 382.2 379.1 377.4 373.7 370.5 369.8 368 365.9 360.7 352.7 341.5 330.1 321 316.1
311.8 313.2 314.5 315 316.1 316.6 316.7 317.9 319.1 320 321 322.2 323.5 325.5 328.2 331 333.9 338 342.9 348.8 355.4 364 375.5 387.3 399.6 410.3 421.9 433.7 444.3 454.4 465.5 472.4 475.6 475.4 467.7 459.5 449.4 435 423.4 413.4 407.2 402.9 401.6 402.7 412.3 418.8 421.3 420 413.6 399.5 378.2 371.2 366.6 368.4 367.8 367 370.1 378.2 383.3 389.3 393.6 392.6 388.3 382.8 378.4 376.8 374.6 371.7 369.9 367.3 365.6 365 360.4 355.1 346.8 334.4 326.6 320.3
