public/OST50/SO07.asc
ncols 200
nrows 200
xllcorner 300000
yllcorner 270000
cellsize 50
[rows 105 to 139 of 200, columns 78 to 155 of 200]
398.2 403.7 405.2 404 399 388.7 405.5 422.7 433.9 441.8 443.8 441 435.7 429.1 425.4 426.5 419.8 412.4 401.2 381.1 363.7 352 337.1 332.4 328.5 326.2 324.9 324.6 326.9 328 330.7 332.8 334.9 337.9 353.7 369.5 387.4 401.9 405.1 402.8 396.4 389.6 376.2 372.5 382.2 401.5 419.5 432.4 441.3 443 441.6 440.4 432.8 420.7 406.7 398.5 392.1 386.8 379.6 369.1 358.7 348.7 338.3 330.6 322.9 316.5 311.6 306.5 302.1 297.5 290.2 286.5 287.9 312.7 339.6 357.5 369.6 371.7
385.8 389.8 389.7 382.8 373.3 383.2 404.3 423.4 436.9 441.1 442.4 439.7 437.2 432.2 430.4 430.1 427.2 422.5 415.5 401.2 379.9 362.1 345.9 335.6 329.8 326.3 323.1 320.9 320.3 320 320.5 322.6 322.3 324.1 333.6 350.4 364.3 378.6 385.1 387.1 384.9 379.9 369.6 359.7 366.2 382.7 404.2 420.3 430.6 437.5 442.8 438.8 426.2 412.8 403.7 396.5 390.6 387.1 379.5 369.4 358 348.2 338.7 332.4 326.5 319 311.7 306.3 302.9 301 297.7 286.1 282.9 284.9 314 341 346.8 349.8
376.5 376.1 371.3 357.5 369.8 388.6 410.3 424.8 437.3 439.3 440.1 439 438.4 435.8 439.6 436.7 432.2 426.2 420 410.4 399.5 385.2 366.6 349.2 336 329.2 324 321.2 318 315.9 315.2 315.6 316.1 315.7 319 329.1 343.2 353.6 363.4 369.5 372.7 369.4 362.9 349.3 354.6 370.1 391.2 411.5 428.3 437.4 439.6 428 414.9 406.9 398.5 389.1 383.7 381.7 374.1 364.7 355.3 345.8 336.5 329.6 324.6 320.1 313.8 307.6 303.2 301.5 299.2 295.1 289 282 289.8 317.5 334.1 334.2
363.1 361.6 351.4 357.8 373.8 397.2 413.5 422.5 433.6 439.5 440.7 438.3 436.3 438.6 436.5 434.6 430.2 422.9 415 407.7 398 388.9 379.3 369.8 355.8 338.8 329.8 325.4 322.1 317.2 313.7 312.4 311.6 311.2 311.4 314.1 323.6 335.3 341.3 346.5 351.5 353.2 351.3 340.5 345.6 360.9 381.4 402.3 417 425.5 419.2 410.4 401.8 392.8 384.3 378.2 374.9 371.8 365.1 357 348.7 339.1 330.1 323.3 319.7 317 312.8 307.8 302.8 300.8 298.8 295.5 291 283.5 280.8 301.4 323 321.7
349.7 349.2 344.4 356.8 378.1 396.7 409.5 419.4 430.3 435.5 435.2 434.8 436.8 436.8 433 427.1 423.2 415.5 407.2 400.1 392.8 386.1 378.7 371.6 361.8 352.2 342.2 336.3 332.3 327.3 324.9 317.9 311.6 308.8 307.8 311.4 316.3 321 323.8 328.3 333.9 336.6 336 332.2 336.2 352 370.4 387.6 400.8 404.4 396.8 391 384.7 377.8 372.2 367.5 363.9 360.6 354.6 347.3 339.2 331.9 323.9 316.7 312.7 313.4 311.6 307.7 302.3 300 298 296 292.3 285.3 280 279.7 299.6 309.8
339.5 340.4 345.9 363 383.5 396.6 406.7 413.4 422.5 426.5 426.7 427.6 429.4 427 421.7 415.6 411 404.5 398.8 392.6 387.2 380.8 374 366.5 358.4 351.2 343.8 338.7 332.1 328.7 324.7 319.9 313.7 308.5 306.5 307.9 313.3 316.5 318.3 319.3 320.2 321.8 321.9 324.4 329.8 342.9 356.7 371.3 378.1 376.1 376.8 373.3 369.5 365.6 359.9 359 356.3 350.8 345.1 339.6 333.4 327 320.9 312.7 307 307.7 307.8 305.2 301.4 299.3 297.2 295.5 293.2 290.6 285.6 277.4 278.3 301.8
334.6 340.2 351.3 369 380.6 391.2 400.9 407.8 411.2 415.5 416.9 414.5 414.3 412 408.4 405.1 400.7 394.9 390.2 384.9 380 373.7 367.8 358.1 343.7 337.4 329.9 323.7 323 320.6 317.1 313 309.7 307.3 305.6 304.9 307.6 310.1 311.7 313 313 313.1 313.5 314.7 319.6 328.5 340.8 349.5 353.8 356.8 359.9 359 357.9 354.8 354.3 352.6 350.3 345.8 340.7 334.4 329.1 324.5 319.7 313.2 306.5 302.2 302.2 301.7 299.4 298 296.4 294.8 293 291.1 287.9 278.6 275.6 288.1
333.7 340.6 360.8 370.8 377.2 382.6 390.1 397.5 401.2 402.2 403.5 403.2 400.1 399.7 397.1 393.1 389.5 387 382.6 378.2 372.9 365.9 352.6 338.1 339.2 337 333 328.8 325 321.2 319.3 316.4 312 308.7 306.1 304.6 302 302.6 305.4 306.9 308 307.4 307.7 307.7 309 313 321 327.2 331 338.8 344.1 345.5 345.2 345 348.7 348.1 346.9 345.3 340.2 337 332.7 327.7 321.4 316.3 310.7 304.9 300 298 295.1 294.6 294.4 292.5 291.7 290.1 287.2 284.7 276.1 275.4
331.7 345.7 360.5 367.8 371.8 377.2 380.4 384 387.3 388.6 390.2 392.6 394.5 392.8 387.9 386 383.4 381.1 376.4 372.1 366.3 351 349.3 351.6 351.1 347.5 343.6 341.2 338.3 334.6 330.8 325.5 317.2 312.3 308.3 304.7 302.2 301.2 299.8 300.9 301.3 301.9 302.3 300.9 300.8 301.3 303.6 307.4 310.7 318.1 327.1 329.2 329.2 337.3 342.5 344.4 344.5 343.6 341.3 339.4 336.8 332.4 326.8 321.1 315 308.9 302.7 296.6 294.5 292.3 292.2 290.6 288.7 287.2 283.2 282.4 277.5 274.3
328.4 346 356.3 361.9 365.6 370 373.1 374.7 376.9 379.2 381.1 385.1 385.1 382.1 381.2 378.9 377.5 375.8 370.6 366.4 354.4 355.1 358.4 358.4 357 355.6 352.5 349 344.6 340.5 335.3 325.1 322.2 317.1 312.7 307.6 304.2 301.9 299.2 297.2 296.7 296.5 296.2 295.2 295.1 292.6 291.6 292.5 294.9 297.7 302.2 308.2 313.3 321.9 333 337.8 338.5 338.8 340.5 340.5 339.4 336.2 331 325.1 319.3 313.3 306.9 299.4 294.9 291.5 289.5 288.1 287.3 284.9 282.5 280.6 277.7 275.7
327.8 345.2 357.2 361.2 362.6 362.8 362.3 370.3 372.1 372.4 374.6 374.7 372.8 373.1 375.1 373.6 371.8 369.6 367.1 360.4 360.8 362.8 365.9 364.7 362.7 360.6 357.9 353.5 349.3 342.4 333.4 331.6 328.6 324.5 319.3 315.3 311.4 308.9 307 303.9 302.9 300.3 296.3 292.6 290.1 289.5 289 286.8 285.7 287.1 290.6 294.3 300.4 306.3 317.1 324.5 331.7 335.9 340 340.5 340.1 339.2 334.3 328.7 322.6 316.2 310.3 303.3 297 292.6 290 288.4 286.5 283.7 282.2 280.4 279.3 275.3
329.8 351 360.3 363.9 363.9 356.3 354 359.1 362.8 362.3 364.9 365.7 366.1 367.3 370.2 372.1 369.5 368.6 368.8 368.3 369.8 371.9 371.9 370.7 368.6 366.3 362.4 357.8 351.3 344.4 341.2 338.4 335.4 332.3 328.9 325.3 321.4 318.7 316.5 315.1 312.3 309.8 308.1 306 303.2 297.5 294.1 289 286.3 284.7 284.7 289.5 294.8 299.2 304.5 311.1 323.4 332.6 337.5 339.6 341.3 340.9 335.8 329.3 324.3 318.5 312.4 306.5 300.1 293.5 290.3 288 286.9 285.3 281.5 278.1 277.1 275.7
334.5 353.6 363.7 363.2 360.6 352.8 346.9 354.9 356.2 355.9 360 362 363.5 364.6 367.5 372.8 374 376.1 375.6 376.2 377.7 378.8 378.7 376.3 374.1 370.5 366.7 362.4 357.6 353 348.8 345.4 341.6 337.7 334.8 331 328 325.1 323.4 320.8 317.6 314.2 310.7 307.4 304.5 301.2 297.5 293.2 288.9 286.5 283.5 287.2 294.2 294.1 295.7 301.2 314.8 327.7 335.4 338.8 338.7 336.8 333.8 329.1 324 318.9 314 307.9 301.3 295 290.4 287.6 286.3 285.2 282.8 279.4 279 275.7
332.3 355.3 357.9 357.1 354.2 347.8 340.7 351.6 348 349.1 358 362.2 360 362.3 369 374.4 377.2 379.3 380.1 382 384.1 384.4 383.4 381 378.4 374.5 370.4 365.9 362.2 357.8 353.1 348.9 345.1 340.6 336 332.9 329.7 325.9 322.4 319.4 316.4 313.5 309.9 305.8 303.7 298 294.3 290.5 288 286.2 283.6 281.8 289.3 289.8 289.6 292.4 300.9 318.9 325.8 328.5 328.2 329 328 325.4 322.2 318.8 314 307.6 302.1 296.7 291.7 287.8 285.2 284.4 283.2 280.9 279.4 276.3
324 345 350.4 346.3 344 338.8 332 338.5 339.9 341.5 349.7 352 353.9 360.1 368.9 377 381.6 383.7 386.8 389.2 390.3 389.4 387.7 384.8 381.3 377.5 373.6 369 364.5 359.8 354.3 349.2 344.9 339.3 334.2 330.6 325.9 321.9 317.9 315.6 312.4 308.7 305.5 301.8 299.1 294 290.2 287.5 285.1 283.4 281.6 280.5 280.4 283.5 285.2 287.8 291.5 299 306.8 312 316 320.3 321.5 319.3 317.1 314.2 309.5 304.8 300.2 294.6 290.4 287.1 283.6 283 282.8 281.7 279.1 276.3
318.9 329.1 332.6 330.2 331 330.6 328.2 331.7 333.5 334.2 340.3 345.3 353.8 364.5 374.1 380.6 386 391.4 395.5 397.1 395.7 392.9 390.1 386.6 382.4 378 373.4 368.9 364.2 358.8 353 347.1 341.4 335.8 330.3 325.3 320.7 316.2 312.5 309.4 306.9 302.7 299.8 295.6 291.3 289.3 287.9 287.3 286.6 286.6 284.6 281.4 279.1 278.4 278.5 283.1 283.8 286.4 289.7 295.9 302.3 309.6 311.9 310.4 307.7 305 302.1 299 295.4 290.9 288.3 284.5 281.9 281.7 281.4 279.8 277.6 274.9
316.4 319.5 321.3 321.2 321.5 322.8 324.8 329.2 333.3 339.8 345.7 352.8 362.5 372.8 381 386.6 393.8 401.6 402.8 401.5 398.7 395.3 390.7 385.3 381.3 377.1 371.4 365.4 359.6 353.7 347.8 340.9 335.2 329.4 324.3 318.9 314.6 311.5 308.3 304.1 300.3 297.2 296.7 296.9 295 294 292 290.3 289.1 288.9 287.7 284.7 280.7 278.4 277.4 276.4 279.5 281.7 281.4 279.5 283.5 291.7 295.5 296.5 296.3 295 291.8 289.9 288.4 284.9 282.9 281.6 280 280.3 280.1 277.9 275.6 273.9
315.8 315.6 316 317.4 318.3 322.8 328.6 334.5 346.3 356.9 363.2 371 379.1 385.1 393.1 399.5 406.1 408.1 406.8 403.3 400.7 396.6 390.6 384.6 379.4 373.3 365.3 357.7 351.5 345.4 338 331.9 326.5 321.2 316.7 313.3 309.9 306.9 303 300.8 298.2 300.7 302.6 304.2 303.1 301.1 297.4 293.6 290.8 288.9 288.7 287.1 283.3 280.2 278.4 276.2 274.8 274.6 275.3 274 274.1 274.7 277.6 282.1 285.4 283.6 281.7 281 281.4 281 280.6 279.2 278.8 278.4 277.8 275.9 273.2 269.8
314 314.1 314.6 315.4 317.4 323.5 331.8 347.4 363.1 375 381.6 387 393.5 399.6 407.2 411.6 413 412.2 408.2 404.8 402.1 396.7 390.2 383.4 376.2 368 359.4 351.6 345.5 337 329.9 323.8 319.8 315.8 311.2 308.1 305.7 304.9 303.7 305 307.4 308 309.2 309.8 307.1 303.6 299.6 295.5 292.3 289.6 288.3 287.6 284.3 281.3 279 276.9 275.2 274.4 274.2 271.9 271.3 272.5 272 272.2 275.1 275.3 275.4 275.2 277.4 276.1 276.6 274.3 274.6 275.1 274.5 273.8 272.2 269.4
315.4 312.9 313.5 315.1 322.1 329.9 343.8 361.4 378.8 387.7 394 400.9 407.3 413.1 416.4 416.5 416.1 412.6 408 403.6 401 395.3 390.3 383 371.1 356.1 349.3 344.7 338.2 332.6 326.8 322.3 318 314 313.4 310.5 311.7 315 318.9 317.9 316.5 315.1 313.5 311.7 309.1 305.4 300.5 296 293.1 290.6 288.1 284.8 282.1 280.7 279.4 279.1 279.7 279.3 276.4 274.5 271 270.4 270.2 270.5 271 271.7 272.9 273.2 274 274 272.7 271.3 272.7 273.2 271.9 270.6 269 266.6
314 312 316 327.5 336.4 342.6 356.7 372.9 385.7 396.4 403.9 410.5 416.3 421.3 422.1 419.7 416.2 412.5 407.7 404.4 401.5 397.7 392 388.7 380.8 372.5 363.3 354.4 346.5 338.4 330.7 324.2 320.2 319 321 323.4 327.6 328.3 325.9 322.8 321.2 318.3 315.8 313.1 308.9 306.8 302.3 297.3 293.4 290.1 286 283.8 282 281.5 281.5 281 281.2 280.7 278.3 276 273.3 272.4 270.2 270.2 269.1 269.7 270.4 271.9 273.4 272.8 271.4 269.2 270.2 272.1 270.2 267.8 266.5 265.4
311.2 311 327 338.4 349.4 356.9 367.1 380.2 390.6 403.8 411.1 418 423.1 424.1 423 419.6 416 411.5 406.9 403.5 401.6 399.4 395.3 390.1 383.3 375 365.4 356.6 347.3 339.2 330.6 325.9 323.6 325.8 333 332.8 330.4 328.8 327.2 324.4 321.5 318.4 315.9 311.7 309.6 305.9 301.3 296.3 292.6 288.7 285.2 284.4 284.4 283.6 282.3 280.9 280.1 279.6 277.3 274.8 273.7 272.9 270.9 268.6 267.4 267.3 267.3 268.3 270.5 270.2 269.9 266.7 270.3 270.2 268.2 266.8 265.3 264.8
310.6 310.5 332.8 347.2 360.5 368.4 375.9 386.1 397.1 407.5 416.9 424.1 424.4 423.2 421.5 418.6 413.1 410.4 405.9 404.2 402.8 400 397.4 390.8 380.6 371.4 361.8 352.9 343.7 336.3 336.1 337.2 339.8 340.2 338.6 335.4 332.4 330 327.7 324.3 321.6 318.3 314.4 310.7 307.6 304 299.8 295.8 290.7 287.7 288.7 287.6 286.7 284.4 282.3 281.9 282.2 279.5 277.5 275.7 272.2 271.6 270.5 268.9 267.7 266.5 266.5 265.9 265.4 264.2 264.7 264 264.2 263.4 263 262.7 262.4 263.5
311.8 310.4 336.7 353.8 368.1 376 383.5 392.9 401.4 409.5 420.1 424.3 423.1 421 418.3 413.7 409.8 408.3 406.9 405.4 404.9 403 400.6 392.4 382.5 371.1 359.7 357.1 354.8 351.8 351.2 352.8 348.6 344.5 341.1 337.9 334.6 330.7 326.5 323 319.4 315.5 311.2 308.2 305.2 301 296.7 291.9 292.2 292.8 290.8 289.6 287.9 285.4 284.1 283.1 283.2 281.4 279.1 276 272.5 271.4 270.7 270.4 270.2 269.7 268.6 267.9 265.9 263.3 262.9 261.9 261.5 260.8 259.9 259.8 260 259.3
314.5 309.1 333.5 354.1 369.3 380.5 390.9 399.1 406.5 414.4 422.2 420.2 419 419.4 413.5 410.4 406.7 407.1 407.1 406 406 405.3 402.1 394.7 387.1 379.5 374.5 371.6 368.4 363.4 361.3 354.5 348.8 346.5 342.7 336.4 331.7 327.6 322.8 319.3 315.8 311 307.2 304.1 299.1 295.9 293.4 293.7 294.8 293.5 291.4 288.8 287.9 287.3 286.4 285 283.9 282.4 281 278.4 274.2 272.4 271.9 272.2 272.3 272 271.1 269.6 268.2 267 266.4 265.2 263.2 263.9 262.6 261.6 261.4 259.1
314.1 308.3 319.8 348.9 368.5 383.9 394.5 403.5 410.4 415.5 415.4 412.5 413.7 411.8 406.3 401.6 400.7 403.5 405.5 407.3 407.5 408.2 404.7 398.8 393.8 388.3 382.3 378.1 373.1 367.2 361.4 354.2 348.3 342 335.9 330.1 324.8 321.1 318.8 316.2 309.9 306.2 306 303.7 301.7 298.7 296.4 296 296.5 294.6 292.9 292.2 291.3 289.4 289.3 288.4 286.5 285.5 282.9 279.2 276.2 274.6 274.1 274.3 274.2 274.2 272.7 271.4 270.3 270.1 270.9 269.1 265.9 264.3 264 263.9 262.5 261.9
313.9 312 306.6 332.2 359.9 381.4 394 404.1 409.1 407.9 405.7 404.5 402.7 397.6 389.8 384.8 387.9 394.5 403 407.6 410.5 411.1 406.4 402.3 397.4 391.8 385.6 380.6 375.7 368.7 361.6 352.9 344.3 336 329.3 324.5 320.3 318 315.7 313.4 311.6 310.2 308.7 306.9 303.2 300.3 300.2 299.9 298.4 297.5 297.9 298.6 296.5 299.5 297.7 294.5 291.8 288.7 286.1 282.5 279.9 277.6 277.9 278.9 277.5 276.2 274.6 273.3 272.6 272.9 272.7 271.4 267.5 264.9 265.5 264.5 263.4 262.8
314.4 313.4 306.9 317.3 353.3 375.9 392 400.4 401.3 396.8 395.1 391.5 387.6 379.4 370.2 364.9 371.2 389.6 401.2 409 411.9 410.3 407.3 403.5 397.8 391.9 386.6 380.6 374.2 366.1 356.4 346.4 337.8 330.6 327.9 324.7 323.3 321.7 319.1 318.3 316 313 310.1 307.4 302.2 304.6 306.4 304.5 302.2 303.1 304 304.7 300.8 305 304.5 301.8 299 295.8 292.4 287.5 283.9 281.3 282.1 282.1 280.7 278.4 277.6 276 275.5 275.9 275.3 273.7 270.8 268 265.5 264.9 264.1 263.1
313.6 313.4 306.8 314.9 348.6 371.1 385.1 393.8 390 386.2 381.7 378.4 370.5 360.9 354.3 358.5 376.1 392.4 402 410.3 412.1 408.1 404.6 400.8 396.9 391.8 385.5 378.8 368.8 356.2 345.3 340.7 340 333.8 331.1 332.1 329.1 326 325.4 322.4 318.9 313.6 310.3 307.4 309.1 313.3 313.9 311.7 307.4 310.6 309.5 309 306.3 310.3 311 310.9 307.6 302 298.1 292.8 287.2 284.8 286.1 285.2 284.1 280.7 280.4 279.4 279.2 279.4 279.1 277.8 276.2 270.6 266.6 264.4 263.7 263.1
309.6 312.4 306.8 303.9 339.3 360.8 376.1 377.9 376.5 373.1 367.9 362.1 354.5 346.8 352.7 366.2 382.4 394.7 402.4 408.2 407.1 404.2 401.7 399.8 396.7 391.2 382.1 371.7 365 359.1 355.8 353.2 350.6 348.2 347 344.3 341.1 338.3 333.4 327.8 321.6 313.7 310.3 313.1 320.6 322.9 322.4 319.9 312.8 318.7 316.6 314.3 312.7 317 316.5 314.6 310.9 309.2 305 297.7 292.3 291.9 290.2 287.9 286.2 284.8 284.3 282.3 284 284.4 282 280 278.8 273.9 267.8 265.7 264.5 263.7
310.7 305.7 303.7 301.9 321.9 346.5 357.6 363.6 364.8 361.6 356.8 346.3 340.5 345.5 360.9 377.9 390.3 395.8 398.6 403.3 402.6 400.3 398.3 398.5 397.7 393.7 389.2 385.1 380.1 374.2 371 368.5 366 363.2 360 355.9 351.6 345.1 339.1 330.8 321.8 316.1 319 325.9 329.2 331.2 331 329.7 324.2 324.2 323.9 321.7 319.5 324.6 324.9 322.1 318.1 314.7 308.6 302.4 298.5 296.5 294.2 290.7 289.4 288.9 287.6 286.3 287.4 286.4 283.6 280.8 278.5 271.3 269.2 267 264.3 263
312.4 310.2 309.6 304.3 304.6 327.3 337.3 347.6 350.6 350.3 339.7 330.8 333.4 353.6 371.9 386.2 392.3 393.5 393.7 397.4 396.5 394.8 396.8 399.7 399.6 399.6 397.8 393.8 390 386.6 384.6 381.3 376.8 373 368.8 364.2 356.8 350.5 343.5 330 322 323.9 330.6 337.3 342.2 342.2 342.6 341.1 336.7 332.1 333 331.1 328.7 331.5 328.5 326.3 321.2 318 312.5 306.5 304.5 302.4 300.7 296.1 292.7 292.5 292.6 291.4 290.5 287.1 283.5 280.3 278.6 275 272.1 267.1 264.3 262.3
311.8 309.7 308.7 305.9 299.8 302.5 318 330.3 333.7 331.6 323.5 321.7 342.3 363.8 381.5 391.6 390.9 388.1 389.2 389.1 389.6 393.2 397.7 401.1 402.5 403.9 403.9 401.1 398.3 395.5 392.7 389.9 386.7 381.9 376.6 369.8 362.1 354.9 339.7 327.5 326.1 331.7 339.5 349.9 354.9 355.8 355.8 353.9 350.9 347.4 344.5 342.6 338.2 339.2 335.9 330.8 327.9 327.7 325.5 322 317.9 314 311 306.6 300.1 297.1 297.4 296.4 294.1 291.2 284.8 283.1 281.9 279 274.4 268.6 265.3 263.1
312.5 309.7 308.6 307.3 305.2 297.8 307.9 315.9 315.8 313.2 310.7 326.9 353.3 374.7 390 390.6 383.2 382.8 383.7 382 386.3 390 399.9 404 406.5 409.4 409.9 408.3 405.1 401.8 398.8 395.3 391.1 387.2 381.4 374.8 364.7 350.7 334 327.1 332.5 340.8 352.1 360.1 365.3 367.7 369.2 367.5 365.1 362.1 358.8 355.7 351.6 348.9 345.8 343.1 347 343.8 339.5 334.7 330.9 326.6 322.5 315.8 303.9 302.2 303.8 301.3 300.3 297.9 291 285.5 284.4 283.5 278.1 269.3 265.4 264
315.1 310.2 307.4 306.9 307 304.6 296 295.3 297.9 307.4 318.4 338.6 363.9 380.1 384.6 378.9 374 375.6 372.1 373.7 377.5 386.6 395.2 403 411 414.6 414.4 412.9 410.3 407 403.4 399.3 394.6 389.6 383.6 375 362.1 343.4 332.4 331.8 338.1 352.3 361.5 370.8 377.2 382.4 383.9 381 378.3 375 371.3 368.9 366.2 363.6 361.2 361.3 359.8 356.5 352.3 347 343.4 336.8 330.2 321 305.3 311.8 315.5 313.3 311.1 308 299.7 293.4 288 286.6 281 270.8 267.1 266.3
