public/OST50/SO09.asc
ncols 200
nrows 200
xllcorner 300000
yllcorner 290000
cellsize 50
[rows 140 to 174 of 200, columns 78 to 155 of 200]
130.7 129.8 129.3 128.4 128.6 130.6 133.7 136 137.3 139.1 141.7 140.8 138.7 135.9 134.3 133.1 130 129.6 129.1 127.7 124.8 120.2 119.5 119.6 119.7 119.6 118.5 118 118.1 117.9 115.5 117.6 117.5 117.9 118.3 118.4 119.8 118.1 119.7 120.7 120.9 121.2 121.4 121.5 122.7 124.5 128.8 132.3 135.9 143.2 158.1 182.6 185.5 185.2 186 201.5 217.6 228.2 231.6 226.9 221 213.2 203.6 192.6 180.4 167 157.2 151.3 147.1 146 146.3 148.8 151 151.5 152.3 150.2 154.7 146.6
127.4 127.3 127.5 127.4 126.9 128 132.1 133.8 134.9 135.6 135.6 135.5 134.6 130.8 131.2 129.2 126.8 127 122.3 120.1 120.1 118.8 118.3 118.2 118.2 118.2 116.8 117.1 114 115.7 115.6 114.1 117.1 117.5 118 118.4 116.9 118.8 120.2 120.3 120.4 120.5 120.7 121 121.7 122.1 123.1 127.7 130 139.4 158.6 168.3 165.9 171.4 183.4 201.1 213.8 224 222 217.4 211.4 201.5 192 183.4 171.5 159.7 152.6 147.8 143 142.8 142.7 139.7 137.7 136.8 137.2 144.6 150.2 143
126.2 126.7 127 126.7 126.2 125.9 129.7 131.1 132.5 132.3 130.9 130.9 128.8 127.3 126.5 124.2 121.9 120.4 118.5 118.7 118.4 118.2 118.1 118 117.9 117.6 115.1 115.3 117 116.5 116.1 115.2 113.6 118 118 116.8 116.1 119.5 119.9 120 120 120 120 120.3 120.7 121.1 121.6 123.9 129.4 137 150 154.2 159.1 167 183.2 198.4 212.5 215.9 214.8 209.2 200 189.8 182.2 173.2 163.1 155.2 148.1 142.7 139.1 138.6 137.8 134.3 132.2 131.2 133.4 136.7 136.7 135.4
125.4 126.2 126.4 126.1 125.7 125.6 125.1 128.3 128.8 128.4 129.7 130.2 129.3 127.6 124.9 121.7 119.7 118.8 118.6 118.6 118.6 118.3 118.2 118.1 118 115.8 114.4 117.3 117.1 116.8 116.5 116.3 113.8 117.2 117.5 116.4 120 119.3 119.3 119.2 119.2 119.2 119.4 119.7 119.9 120.2 120.8 123.3 128.8 135.8 142.7 146.8 152.2 162.3 178.7 195.3 207.6 208.9 204.4 195.7 187.1 178.3 170.7 163.2 155.2 149.6 143.5 139.2 134.5 133.2 131.6 129.6 129.4 133.3 138.5 143.9 147.8 151.4
125.6 125.4 125.9 125.5 125.4 125.5 125.7 126.7 127.9 128.6 130.2 129.7 128.1 125.5 122.2 119.9 119.1 119 118.9 118.8 118.7 118.4 118.2 114.9 114.4 117.3 117.4 117.2 117.1 117 116.9 116.7 116 113.4 115.7 119 118.7 118.1 118.1 118.4 118.4 118.5 118.8 119.1 119.4 119.5 120.2 122.4 126.2 133.8 137.9 139.6 142.7 148.1 166.7 186.5 194.9 196.3 191.1 183.6 174.7 167.7 160.4 153.9 148 143.1 138.2 134.8 131 129 127.2 128.4 131.8 136.3 141.4 150 154.9 158
126 125.5 125.3 125.3 125.3 125.5 126.6 128.3 129.4 130.4 129.3 128 126.2 123.1 119.9 119.7 119.1 118.8 118.8 118.8 118.6 118.1 117.1 117.3 117.2 117.3 117.3 117.2 117 117 117 116.1 116 113.7 116.2 117.5 116.8 117 116.8 117.2 117.5 117.9 118.2 118.6 118.9 119.1 120.1 121.4 122.2 125 128.9 130.6 136.5 143.3 156 173.1 180 182.5 179.1 170.7 165.1 158.5 152.8 147.4 142.3 138.1 135.5 133 131.5 126.5 125.8 129.1 132.7 137 142.1 150 157.7 160.5
125.8 125.5 125.7 125.7 126.6 127.5 128.5 130.8 131.2 130.8 129 125.8 124 121.5 119.8 119.5 119.1 118.7 118.6 118.4 118.3 117.7 117.6 117.1 117.3 117.3 117.3 117.3 117.3 117.1 116.5 116.2 116.3 114.9 115.8 116.3 116.2 115.8 115.7 116 116 117 117.8 118.1 118.4 119.6 121 120.8 120.2 121 123.7 126.2 132 137.5 149.6 156.3 163.5 164.6 161.1 157.7 153.9 151.3 147 142.2 138.4 134.9 133.9 132.7 131.7 124.6 126.2 129.3 133.4 137.7 142.6 147.6 154 158.6
124.9 125.4 125.7 126.8 128.6 130.1 132.7 133.6 132.4 130.7 127.2 122.9 120.9 119.4 119.6 119 118.9 118.7 118.2 118.3 118.1 118.4 117.6 116.8 116.1 117.3 117.5 117.5 117.2 116.9 116.6 116.4 116.6 115.1 114 116.6 116.5 115.9 116 116.1 116.1 115.8 116.2 117.4 119.9 121.3 122.6 120.4 119.4 119.9 121.4 123.3 129.8 133.8 140.8 141 142.5 146.9 146.9 145 142.8 142.3 139.4 136.5 134.6 132.8 133.2 132.5 126.9 125.8 128.8 132.6 135.8 138.5 142.5 147.3 153.4 156
124.8 127 128.6 129.8 130.5 132.8 134.6 134.7 132 128.8 124.3 120.3 118.5 118.1 117 117.5 117.9 117.6 116.3 115.6 116.2 118.4 117.8 117.6 117.3 114.2 117.8 117.6 117.3 117.1 116.8 116.6 116.5 114.2 113.8 116.4 116.3 116.2 116 116.2 116.1 115.8 115.6 115.3 119.1 119.9 119.1 116.7 118.8 119.3 118.8 122 126.3 127.4 127.8 132.6 135.7 136.8 138.5 137.8 137 134.4 132.5 130.9 132.2 132.7 132.5 128.5 123.6 127.7 133.7 137.6 140.8 142.2 144.4 148.2 151.8 153.2
128.6 129.7 131 133.4 133.3 132.9 132.5 131.9 130 124.8 121 118.5 118.3 118.4 117.3 117.2 116.8 116.9 116.3 118 117.9 116.7 118.1 117.7 117.6 117 117.1 117.8 117.7 117.4 117.1 116.8 116.6 114.3 114 116.1 116.1 116.3 116.2 116.3 116.1 115.9 115.4 115.1 116.3 116.6 115.4 115.3 114.9 115 114.1 117.5 119.4 118.8 119.3 122.5 130.3 133.3 135 135.6 133.9 129.9 127.3 127.5 132.1 132.4 129.5 122.7 126.1 133.3 138.4 141.5 144.7 146 150.1 152 152.5 153.2
130.7 131.5 132.1 133.8 133 131.3 129.7 128 125.5 119.5 118.8 118.5 117.5 116.8 117.8 118.1 118 118 117.5 118.3 118.2 118 115.2 117.7 117.6 117.1 117.2 117.7 117.6 117.6 117.5 117.7 117.9 116.5 114.3 114.4 113.5 116.4 116.3 116.3 116.2 115.6 115 114.9 116.6 116.3 115.8 115.6 115.3 115.5 114.3 114.1 115.4 115.3 115.7 120.5 127.1 130.9 132.4 132.1 130.1 126 125.8 129.8 132.7 131 125.5 121.5 131.1 137.6 143.6 149.4 150.5 151.8 156.2 157.9 155.3 153.3
120.5 128 129.6 130.4 127.8 128.5 126.8 120 119.2 118.6 118.6 118.6 118.2 117.2 118 117.1 118 117.1 116.8 118.8 118.4 118.1 118.5 115.4 116.8 114.7 117.9 117.6 117.5 117.5 117.7 117.7 117.8 117.9 116.2 113.7 114 113.6 116.1 116.2 115.8 115.1 114.7 114.9 116.2 115.9 115.7 115.6 115.1 115.7 114.3 114.5 115 115.2 115.3 117.7 126.9 130.5 130.1 129.1 126.6 124 124.6 129.4 128.8 126 120.8 123.6 131.6 137.8 144 152 157.8 163.5 160.1 158.3 154.6 150.8
119.6 117.1 116.8 119.7 119.6 119.7 121.8 119.2 119.1 118.8 118.8 118.7 118.7 118.1 117.9 117.8 117.9 117.7 118.4 118.6 118.4 118.4 118.5 118.6 114.7 118.1 117.9 117.5 117.5 117.4 117.7 117.8 117.9 117.9 117.9 117.3 117.7 116.4 115.8 113.4 113.4 114.1 113.3 113.3 115.5 115.8 115.7 115.3 115.5 115.5 114.1 114.5 114.7 115.7 115.4 115.4 122.1 122.9 122.8 126 123.4 123.8 127.3 126.2 124.5 120.9 121.5 127.2 129.6 135.1 139 145.5 148.4 152.8 152.1 151.5 149.8 146.7
119.6 119.3 119.4 117.3 117.6 119.9 119.6 119.4 119.2 118.9 118.6 118.4 118.7 118.5 118.3 118.3 118.4 116.3 118.9 118.7 118.4 118.5 118.6 118.8 118.5 118 117.8 117.4 117.4 117.6 117.8 117.9 117.9 117.9 117.8 117.8 117.4 116.9 116.4 116 115.9 115.8 115.8 116 113.4 113.5 113.1 115.4 115.6 115.2 114.7 113.7 114.3 115.8 115.8 115.6 115.2 115.6 115.6 118.1 122.4 128.3 126.8 122.6 120.7 119.8 121.8 124.5 125.9 128.7 134.3 138.6 140.2 140.5 140.3 141.4 142.4 140.3
119.6 119.2 119.2 119.1 117.3 117 119.5 119.5 119.2 118.6 118.2 118.4 118.7 118.7 118.7 118.6 117.5 119 118.9 118.8 118.6 118.6 118.7 118.7 118.6 118.2 117.7 117.4 117.3 117.7 117.9 118 118 117.8 117.8 117.6 117.3 117 116.7 116.3 115.7 115.1 115.4 114.9 114.7 114.6 114.4 113.8 114.5 114.3 114.6 114.6 114.5 115.7 115.8 115.5 115.3 115.5 115.4 115.4 116.3 117.3 117.9 118.5 118.6 118.5 119.1 121 122.6 124.7 126.9 129.5 130.5 131.8 132 132.8 134.3 134.5
119.9 119.2 119.3 119.4 118.7 118.4 117.4 119.6 119 118.4 118.2 118.5 118.7 118.8 116.3 116.2 117 118.6 118.6 118.8 118.8 118.7 118.7 118.5 118.4 118.1 118.1 117.5 117.5 117.9 118 118.1 118 117.7 117.8 117.4 117.2 116.9 116.8 116 115.4 115.5 115.8 115.7 115.7 115.8 115.7 114.6 113.7 114.6 114 113.6 113.5 113.5 115.7 115 115.4 115.4 115.4 115.4 115.4 115.5 115.9 117.4 117.5 117.2 117 118.4 119.4 119.6 120.5 121.7 123.2 124.9 126.5 127.6 129.9 132
120.3 119.4 119.4 119.6 119.2 118.5 118.4 119.1 118.6 118.3 118.6 118.6 116.3 117.7 117.4 118.6 118.7 118.8 118.8 118.8 118.8 118.7 118.5 118.4 118.2 118 118.1 118.3 118.1 118 117.9 117.9 117.8 117.5 117.6 117.2 117.1 117.1 116.6 115.8 115.6 115.9 115.6 115.6 115.7 115.7 115.6 115.5 113.4 113.8 114.2 114 114 113.9 113.2 115.3 115.4 115.4 115.3 115.3 115.3 115.2 115.7 116.4 116.2 116 115.8 115.8 116.9 117.3 118.6 120.8 123.3 125.4 126.4 126.9 128.9 132.7
120.4 120.4 119.3 119.3 119.4 117.5 117.1 118.5 118.9 118.7 118.8 117.3 119.4 118.7 118.9 119 119 118.9 118.9 118.8 118.8 118.6 118.4 118.3 118.1 118.2 118.5 118.2 117.8 117.7 117.6 117.3 117.2 117.3 117.2 116.9 116.9 117.3 116.5 116 116.8 116.1 115.7 115.6 115.7 115.6 115.3 115.1 114.3 113.4 113.6 114.2 114.5 114.4 112.9 115.8 115.8 115.7 115.5 115.3 115.1 115 115.4 116 115.7 115.3 115 114.7 116 117.3 117.9 118.4 118.8 122.1 126 127.5 129.9 133.7
120.6 120.5 120.5 120.5 119.8 117.5 117.3 118.1 117.7 118.1 116.8 118.7 118.7 118.9 119.1 119.2 119.1 118.9 118.9 118.9 118.9 118.6 118.4 118.2 118.4 118.5 118.5 118.1 117.7 117.4 117.3 116.9 116.7 117 116.8 116.6 116.4 116.4 116.5 117 117 116.8 116.4 115.9 115.6 115.5 115.4 115.4 115.1 114.4 113.3 113.8 114.3 113.7 115.1 115.6 115.5 115.4 115.2 115 114.8 114.8 115.1 115.6 115.2 114.8 114.5 114.2 114.6 115.2 115.7 114.9 114.9 117.9 122.1 127.6 132.3 136.2
120.6 120.6 120.6 120.7 120.1 119.3 119 118 119.5 119.1 119.9 119.2 119.1 119.2 119.4 119.3 119.1 118.9 118.8 118.8 118.9 118.6 118.3 118.2 118.1 118.3 118.5 118.1 117.7 117.2 116.9 116.5 116.2 116.8 116.6 116.4 116.4 116.4 116.5 116.8 116.5 116.9 117.1 116.3 116 115.9 115.8 115.7 115.6 115 113.1 114.4 114.7 113.8 114.9 115.1 115.1 115 114.8 114.7 114.5 114.7 114.9 115.1 114.8 114.4 114 113.7 114.2 114.8 114.9 114.3 114.3 116.6 120.6 126.6 131.4 136.2
120.7 120.7 120.7 120.7 120.4 119.6 119.4 119.2 119.3 119.3 119.4 119.7 119.5 119.5 119.5 119.4 119.2 119 118.9 118.7 118.7 118.5 118.3 118.2 118.1 118.1 118.2 118.1 117.7 117.3 117.1 116.8 116.5 116.7 116.7 116.4 116.4 116.4 116.5 116.9 116.2 116.7 117.1 116.5 116.4 116.2 116.2 115.8 115.8 115.5 114.6 113.1 113.6 112.9 114.5 114.5 114.6 114.6 114.5 114.3 114.2 114.5 114.8 114.7 114.3 113.9 113.6 113.3 113.9 114.5 114.4 114.2 115.4 118.4 122.8 125.8 127.7 132.2
120.8 120.8 120.8 120.7 120.6 120 119.8 119.5 119.4 119.5 119.6 119.6 119.4 119.3 119.1 119.5 119.3 119.1 118.9 118.6 118.6 118.4 118.3 118.2 118.1 117.9 118 118.1 117.7 117.3 117.3 117.1 116.7 116.6 116.7 116.5 116.5 116.4 116.5 116.7 116.3 116.6 116.9 116.1 116 116.3 116 115.7 115.9 115.9 115.8 114.3 112.4 113.7 114.3 114.1 114.1 114.1 114.1 114 114.1 114.2 114.4 114.4 113.8 113.4 113.6 113 111.9 114.1 114.1 114.1 115.4 116.2 117.7 119.3 121.6 126.7
120.8 120.8 120.8 120.7 120.6 120.3 120 119.7 119.5 119.4 119.2 119.1 118.9 118.7 118.5 119.7 119.5 119.2 118.9 118.7 118.6 118.4 118.3 118.2 118.1 117.9 117.8 118 117.7 117.3 117.5 117.3 117 116.8 116.8 116.6 116.7 116.6 116.5 116.5 116.3 116.5 116.6 115.8 116 116.2 116 115.8 115.7 116.3 115.8 114.9 113.6 112.6 112.1 113.3 113.4 113.7 113.7 113.1 113.3 113.9 114 114.2 113.3 113.5 113.8 113.7 113.7 114.6 114.4 115.1 114.6 114.7 115.9 117 121 126.2
121.1 120.8 120.3 120.5 120.7 120.6 120.3 120 119.5 119.3 119.2 119.1 118.9 118.9 118.8 119.6 119.5 119.4 119 118.8 118.6 118.6 118.4 118.2 118.1 117.9 117.8 117.7 117.7 117.4 117.7 117.4 117.3 117.2 116.9 116.7 116.8 116.6 116.6 116.4 116.6 116.6 116.5 116.2 116.4 116.1 116 116 115.7 115.8 115.4 116.5 115.4 115 114.8 115 111.4 112 111.6 112 112.2 112.6 113.1 113.7 113.4 113.4 113.7 113.6 113.1 113.2 114.4 114.5 114.1 115.5 118.6 119.3 122.4 130.9
121.7 121.1 120.7 120.8 120.7 120.5 120.7 120.3 119.6 119.3 119.2 119 118.9 118.8 119 119.5 119.4 119.3 119.2 118.9 118.7 118.7 118.7 118.7 118.4 118 117.8 117.7 117.7 117.6 117.8 117.6 117.5 117.6 116.9 116.9 117 116.5 116.3 116.2 117.5 118.4 117.3 117.8 117.4 116.2 116.3 116 115.5 114.4 114.1 115.2 115.5 116.2 114.2 114.6 114.1 114 111.8 111.7 111.4 111.5 112.2 112.6 113.3 113.7 113.5 113 112.5 112 113.9 114.3 114.2 115.6 121.4 122.1 125.6 133.6
121.6 121.3 121 120.8 120.7 120.5 120.6 120.4 119.8 119.2 119.1 119.1 119.2 119.2 119.3 119.4 119.3 119.2 119 118.9 118.8 118.8 118.8 118.8 118.9 118.6 118.3 118 117.7 117.7 118 117.8 118 117.7 117.1 117.8 118.4 120 122.2 133.2 136.2 132.5 132.6 134.4 132.1 121.1 120.7 122.1 124.3 126.1 124.1 124.6 120.5 118.6 116.2 117.9 118.1 115.5 115.2 114.5 114.5 113.7 112.7 112.3 111.8 111.6 112.8 112.3 111.8 112 112.2 114.9 114.4 115.6 118.2 120.8 124 130.2
121.3 120.9 120.6 120.4 120.3 120.4 120.2 119.8 119.3 119.3 119.3 119.4 119.4 119.5 119.6 119.6 119.5 119.4 119.2 119.1 119 119 118.9 118.9 118.9 119 118.9 118.6 118.4 118.1 117.6 117.5 118.5 118.8 117.8 119.4 123.3 127 131.6 146 144.4 139.6 141.3 146.7 141.5 136.9 136.5 140.4 142.2 144.2 146.3 146.7 146.3 136.5 130.5 124 121.6 121.5 117.6 115.2 115.2 114.6 114.1 113.3 112.7 111.7 111.9 112.1 112.4 112.3 111.7 114.3 114.5 114.4 116.8 118.8 123.2 128.5
121.2 120.9 120.5 120.4 120.4 120.4 120.3 120 119.8 119.5 119.5 119.6 119.6 119.7 119.8 119.8 119.7 119.6 119.5 119.4 119.2 119.2 119.2 119.3 119.1 119.1 119.1 118.9 118.7 119.2 118 118.2 119 121 121.8 123.6 129 131.5 136.6 148.1 147 145.7 152.3 156.5 149.3 147.8 150.4 153.3 155.4 161.6 163.6 164.1 162.9 154.9 143.3 133.8 127.7 123.5 121.6 116.1 115.9 114.4 114.4 114.1 112.7 111.1 111.4 112.3 112.1 111.6 113.2 113.7 113.9 114.1 114.9 116.6 124 129.5
121 120.9 120.6 120.5 120.4 120.4 120.4 120.5 120.1 119.9 119.8 119.8 119.9 119.9 120 120 120 119.8 119.7 119.6 119.5 119.5 119.4 119.5 119.6 119.4 118.9 119 119 119.4 122.2 124.5 126 127.9 128.3 131.5 136.2 139.1 144.2 150 160.7 166.9 172.4 170.8 163.8 160.9 160.5 163.9 170.9 175.4 177.4 178.8 182.5 171.9 154.1 143.9 135.9 129.6 125.8 121.7 118.6 115.9 114.5 114.7 112.9 111.2 111.5 111.5 111.7 113.1 113.5 113.4 113.7 113.9 115.2 117.6 125.2 131.6
121.1 120.8 120.6 120.4 120.3 120.4 120.4 120.5 120.5 120.3 120 120.1 120.1 120.2 120.2 120.2 120.2 120.1 120 119.8 119.8 119.8 119.7 119.8 119.5 119.4 119 120 123.7 128.3 130.9 134.2 137.7 139.1 138.2 140.6 149.6 159.4 158.7 177.9 182 184.9 188.3 187.7 179.2 180.7 177.2 177.2 183.7 185.6 190.5 199.4 200.8 188 163.7 153.4 142.6 135.3 131.1 127.2 121.9 118.5 115.1 114.1 112.9 110.7 110.4 111 111.8 114 113.6 113.5 113.7 113.8 116.2 120.9 126.6 132.7
121.1 121 120.5 120.3 120.3 120.4 120.4 120.5 120.5 120.5 120.5 120.3 120.3 120.4 120.4 120.4 120.4 120.3 120.2 120.1 120.2 120.2 120.3 120.1 119.3 119.3 121.6 128.1 133.4 139.1 142.3 148 153.2 152.9 148 157.6 168.2 182.2 181.4 189.5 192.2 197.6 199.1 197.1 195.7 192.4 189.5 190.7 196.8 202 207.7 215.9 214.5 194.7 172.4 160.2 147.8 141.2 136.3 132.3 127.7 120.2 115.9 114.2 112.7 110.1 110.3 112.1 113.1 113.7 113.9 113.7 113.9 114.3 118 122.6 127.8 133.2
121.3 121.2 120.8 120.5 120.5 120.5 120.5 120.5 120.5 120.5 120.6 120.6 120.6 120.6 120.6 120.6 120.5 120.5 120.4 120.4 120.6 121 121.2 121.4 119.6 122.2 132.5 137.1 147.3 150.4 156.4 165 166.3 163.9 165 171.1 186.7 201.2 200.2 202.8 206 204.6 204.1 202.9 203.2 203.5 201.4 203.5 211.3 212.6 218.6 226.9 223.7 199 183.1 173 158.8 147.1 139.9 134.7 130.1 121.7 118.1 116.5 114.7 109.8 110.4 111.8 112.9 113.3 113.8 113.9 114 115.4 120.2 124.9 129 134.5
121.5 121.4 121.1 120.9 120.9 120.9 120.9 120.9 120.9 120.9 120.9 120.9 120.7 120.6 120.6 120.6 120.7 120.7 120.8 121.4 121.7 122.3 123.4 124.2 125.1 133.4 145.3 150.6 159.6 160.2 167.1 169.6 171.6 180.6 183.4 187.4 197.2 214 214.5 208.9 213.7 214 216.1 217.3 214.3 212.9 219.9 221.7 223.7 230.4 237.8 237.3 228.6 219.7 204.8 189.4 174.4 159.1 149.8 136.6 129.3 123.7 121 117.6 115.7 114.1 110 110.1 111.3 112.8 113.2 113.5 113.3 115.8 121.2 128.8 131.4 135.5
121.8 121.7 121.3 121.3 121.3 121.3 121.3 121.3 121.3 121.3 121.2 121 120.9 120.8 120.9 120.8 120.8 121.3 122.3 122.8 123.2 123.8 126.2 128.5 135.3 145.5 155.9 160.8 167.9 168.3 171.3 177.9 186.5 197.9 203.2 203.5 208.6 211.5 215.6 218.8 220.5 225.9 233.3 237 233 233.7 236.1 234.5 230.8 238.7 247.3 243.4 243.2 238.9 218.8 202.7 189.6 172.8 158 142.5 131.2 125.8 121 117.1 114.8 114.3 115.5 112.6 111.4 110.2 111.5 113.2 113.6 115 122 129.6 132.3 135.7
122 121.9 121.7 121.7 121.7 121.7 121.7 121.7 121.6 121.5 121.3 121.2 121.1 121.2 120.8 121.5 122.2 123 124.1 124.9 125.2 126.5 129.9 132.4 140.8 155.4 165.9 165 170.3 174.9 181.3 189.3 201 214.5 222.7 221.4 223.6 222.2 222.9 225.2 225.4 233 240.4 241.8 243.8 245.2 245.3 245 243.2 251.7 258.6 259.7 263.7 251.4 229.3 218.8 200.4 179.5 162.5 146.7 133 126.8 122.1 116.9 114.6 114.2 114.1 114.6 113.8 111.6 110.4 112.4 113.1 114.6 123.5 130 132.3 135.5
