public/OST50/SO09.asc
ncols 200
nrows 200
xllcorner 300000
yllcorner 290000
cellsize 50
[rows 35 to 69 of 200, columns 78 to 155 of 200]
384.6 382.5 379.4 374.6 371.4 369 365.6 358.1 352.8 351.7 350.5 349.4 349.6 347.1 341.4 339.7 334.1 329.1 335.3 330.1 326.3 321.4 316.2 311.2 309 307.3 306.7 301.2 298.1 293.7 290.5 288.6 288.3 288.8 289.1 288.5 287 283.1 281 281.4 278.5 275.6 269.4 262.5 260.2 260.1 259.6 258.8 257.8 255.7 255.3 256.2 255.6 251 243.9 239.9 243.3 246.2 247.1 247.8 247.9 247 246.4 246.6 244 240.3 241.6 246.2 243.4 233.7 229.5 227 227 229.1 233.3 237.4 235.1 228.4
381.5 378.5 375.7 369.8 367.1 364.9 362.5 355.5 353.5 352.4 352.2 350.7 350 344.7 337.4 327.8 324.4 323.9 326.4 320.9 313.9 310.2 307.2 305.4 304.3 302.6 301.1 297.7 294.9 291.7 286.9 285 284.8 284.4 284.7 283.7 282.1 280.4 283.3 285.6 283.7 279.8 273.4 269.1 264.1 263 262.1 261.1 260.2 260.1 259.9 257 250.7 244 243.4 248.8 250.8 251.9 252.8 252.9 254.8 252.4 252.6 253.4 252.1 245.6 245 242.5 237.7 231.2 229.9 227.9 225.8 229.6 233.7 236.4 232.8 226.5
377.9 372.9 370.7 366.1 363.1 360.5 357.5 354.6 354.1 354.7 354.6 348 344.3 339.1 330.9 322.4 310.9 318.9 316.2 310.4 303.6 301.6 300.3 299.7 298.8 297.8 296.3 292.3 286.7 282.9 280.1 280.3 281.4 281.6 280.6 279.6 277.9 278.9 283.2 286.3 285.5 282.9 277.8 272.6 270.3 268.4 267.2 265.5 262.6 259.5 256.5 248.3 245.6 255.8 259.5 260.7 258.7 258.8 259.5 259.7 260.2 259.5 258.9 259.2 254.3 244.9 241 238.7 235.4 233.9 229.4 226.9 225.9 228 231.2 231.6 228.3 222.3
379.3 378.7 376.9 372.8 368.1 363 359.3 356.8 355.3 348.6 348.1 339.4 336.3 330.3 323 318.9 312.1 301.8 303.5 300.5 297 294.8 293.9 293.7 293.3 291.5 286.5 280.8 275.6 275.6 275.6 276.5 278 278.3 277.7 276.6 273.7 276.1 280 280.6 280.1 278.8 276.5 275 270.5 268.7 265.8 262.3 258.8 253.3 247.4 248.5 262.1 266.1 269.1 268 267.2 266.8 266.9 265.5 265.1 265.1 264.7 259.5 253.8 245.2 240.8 240 239.8 238.6 236.1 229.8 225.4 223.8 225.4 224.8 221.4 216.9
384.3 382.4 379 375 371.2 367.7 364.7 362.3 358.6 352 338.9 331.6 327.1 321.8 317.1 314.5 310.6 303.3 292.9 291.2 288.9 288.3 288.5 287.6 284.7 280 276.3 275.6 275.6 275.6 275.6 275.6 273.6 273.2 271.7 270 269.4 273.3 274.6 275.3 274.7 274.2 271.8 269.9 267.5 264.6 260.9 254.5 251.4 250.7 259.5 266.4 269.7 272.3 273.2 273.4 272.9 273.6 273 270.7 270 268.7 263.5 259.7 255.4 252.3 248.4 245.6 243.6 241.4 238.6 234.2 231.6 227.7 220.4 217.4 215.8 212.1
381.5 379.4 376.6 373.1 369 367.6 365.9 362.2 356.8 349.9 344.4 333.7 328 323.4 312.3 307.3 304.2 295.5 297.4 290.1 284.6 282.5 283.3 282.9 281.1 276 275.6 275.6 275.6 275.6 275.6 275.6 274.3 273.4 272.1 270.4 267.1 267.2 269.6 269.9 267.3 265.6 264.7 263.7 260.9 255.7 256.5 259.1 260.7 263.7 267 269.7 271.9 273.8 275.6 276.8 276.9 276.9 277.7 276.4 273.8 269.1 264.6 263.2 261.6 258.8 255.4 251.1 248.2 244.9 240.9 237.1 233.7 230.3 225.9 215 211.3 208
379 376.7 373.8 369.7 366 364 362.6 359.6 354.2 348.4 343.5 335.7 330.1 325.9 320.3 315.4 311 305.3 298.3 291.6 284.3 280.6 280.5 280.2 277.9 275.4 275.6 275.6 275.6 275.6 275.6 275.5 276.2 276.8 277.3 276.9 275.2 270 268.1 268.9 269.6 266.4 262.6 262.3 262.9 264 266.6 266.2 265.9 267 269.3 271.2 273 274.5 275.8 277.2 276.6 276.6 275.7 274.1 271 266.9 267.2 267.5 266.4 265.1 261.3 258.1 256.5 249.7 247.3 240.8 237.3 234 227.4 220.8 218 214.9
376.2 373.9 370.1 366.1 363.6 361.6 359.7 357 354.3 349.4 342.8 335.7 330.5 326.6 321.6 316.7 310.5 302 294.5 290.2 283.4 279.8 278.2 277.7 276 275.6 275.6 275.6 275.5 277.1 279 280.7 282.5 283.3 283.4 282.3 282.8 278.2 277.2 276.6 276.4 275.2 274.6 270.8 269.9 267.8 270.5 271.3 271.1 271.1 271.4 272.6 272.7 274.1 275.4 274.9 274.4 273.1 271.3 269.5 266.9 265.1 266.9 269.2 270 269.5 265.8 262.6 260.2 254 249.6 245.8 242.4 238.2 233.8 229.8 226.1 222
374 371.5 365.6 363.2 360.8 358.8 356.4 352.8 351.4 346.8 337.7 336.8 331.2 324.6 320.1 315.9 308.1 300.6 293.5 290.1 284.4 278.7 277 276.1 275.3 275.6 275.6 276.9 279.1 280.5 282.8 285.1 287.2 288.6 289.6 289.9 289.4 288.7 285.2 283.2 281.8 282 282.3 279 276.7 274 275.7 275.9 275.9 275.4 275.4 274 272.9 272.6 272 270.6 269.4 268.2 266.6 264.9 262.8 261.3 263.7 266.1 267.9 271.2 270.5 268.4 265.5 260.3 254.6 251.6 249.5 244.6 238.1 233.2 227.3 220.4
370.2 368.3 362.9 360 357.7 356.3 350.9 348.9 348.2 340.5 337.1 334.5 329.1 322.6 317.6 313.8 305.2 300.1 293.8 291 283.3 277.9 276.8 276.5 275.7 275.5 275.3 281.8 284.7 283.7 288.6 289.1 291.3 292.3 293.4 294.5 294.6 294.7 292.4 290.2 288.4 286.9 287.8 287.2 282.1 281.6 281 280.3 279.8 278.2 276.7 275.4 273.6 271 269.1 266.6 265 263.7 263.1 261.7 258.3 256.4 258.9 261.8 264.9 268.4 272 271.2 267.8 263.5 259.6 254.4 249.9 244.9 238.3 231.1 223 216.1
365.5 363.9 361.2 357.9 355.1 352.7 346.9 344.6 341.9 335.3 332.8 329.4 325.8 319.5 315.3 312.7 304.8 296.7 293.6 290.8 281.2 279.1 277.7 277.9 279.9 281.4 286.8 293.6 295.2 288.8 290.9 292.8 294.7 295.8 296.9 299 299.4 301.6 299.4 295.4 294.5 295 294.2 291.3 290.1 289.5 286.7 285.3 283.6 281.2 279.3 277.5 275 271.2 267.2 263.9 261.1 260.1 259.2 258.4 254.8 254 255.6 257.6 261.5 264.5 265.7 265.2 263.3 259.9 257 253.4 246.1 241.2 236 229.8 220.5 217.2
364.7 362.1 359.3 355.6 351.4 348.6 344 341.9 338.6 332.1 327.4 324.4 321.5 315.7 312.3 309.8 300.2 296 293.3 289.3 281.8 281.7 283.4 288.5 293 298.6 304.1 306.8 303.5 295.4 293.1 296.6 299.1 300.3 300.8 303.3 304.6 308.3 307.5 303.9 299.9 300 297.2 294.7 295.9 295.3 293.8 292 288.2 285.5 282.6 280.6 278 274.9 269.9 264.4 260.8 258 256.2 255.1 254.7 253.6 252.5 252.5 257.4 260.2 260.6 259.8 258.5 256.5 253.6 250.5 243.2 239.1 230.8 223.8 222.9 224.8
364.8 360.2 354.9 352 345.3 343.1 340.1 338.8 334.7 327.4 321.5 319.4 317.9 312.7 307.9 303.8 299.1 295.7 293.7 287 288.3 291.1 296.1 302.2 308.6 312.7 315.5 316.2 311.4 304.2 300.5 302.3 305.2 308.3 307.7 308.4 309.6 309.8 307.6 305.3 303.2 301.3 299.7 300.2 300.8 300.3 299.3 298.7 296.8 293.1 288.5 286.1 281.8 278.8 275.2 267.8 262.3 258.9 259 258.9 256 254.9 253.7 250.8 252.3 255.9 256.4 255.4 255 253.2 249.8 244.2 239.8 231 227.4 232.5 231.3 229.1
364.6 357.9 351.1 347.2 342.5 339.1 338.3 335.1 330.2 322.2 316.6 314 311.7 308.3 303 300 297.7 295.2 289.4 291.4 297.9 303.9 308.3 314.6 319 323.1 323.7 322.1 319.4 312.9 309.2 306.8 309.7 311 311.3 312.2 311.8 309.5 307.2 305.2 303.4 301.1 301.8 303.3 304.7 305.9 305.9 305.7 303.4 298.5 294.4 291.9 287 283.1 279.3 271.4 266.6 265 264.3 262.4 257.9 256.4 255.6 254.9 249.9 251.5 252.8 251.7 251.5 250.2 244.7 240.6 239.3 240.4 241.2 243.7 239.7 236
362.1 353.1 347.2 342.3 338.2 336.7 336.7 334.4 327.6 321 312.1 310.5 308.8 305 301.2 298.7 296.2 293.4 295.4 298.6 302.4 315.3 320.2 323.8 328.6 329.6 328.8 327.2 324.4 318.6 314.6 309.1 313.5 314.8 314.6 314.5 312.3 310 308.4 305.7 303.6 301.6 302.4 306.1 308.9 312.6 310.8 310.9 307.8 302.7 299.6 296.9 291.8 287.1 282.4 276.1 274.3 273.4 270.6 264.8 260.4 258.2 259.6 256.4 252.5 249.1 247.2 245.6 245.9 243.3 246.9 248.7 249.9 250.6 250.4 248.1 244.2 239.3
357.3 347.7 343.2 341 337.6 334.9 334.8 332.5 328.1 317.4 308.9 306.4 305.9 303.1 300.2 296.8 294.8 295.2 306.3 311.5 310.8 318.7 328.9 331.3 332.2 334.3 334.8 332.1 328.9 324.3 320.2 314.4 318.5 317.5 316.7 315.4 313 312.1 310.6 307.8 305.2 303.3 303.3 307 310.2 312.5 310.5 309.5 306.7 303.9 301.3 298 292.5 288.4 285 282.5 281.3 278.6 273.5 265.9 261.6 261.1 260.9 256.9 253.4 251.4 252.5 249.3 253.8 253.8 255.4 256.1 256.3 256.2 253.7 250.8 247.5 241.5
354.6 346.9 341.3 339 337.6 338.4 337.6 332.8 327.4 319.2 308.6 303.1 301.5 299.6 298.4 299.2 299.1 300.9 311.1 321.5 327.7 328.1 332 337.6 341.3 342 339.9 336.4 333 329.4 325 319.9 322.7 320.2 318.7 318.1 317.6 316.8 314.7 311.1 308.6 306.1 303.3 305.7 307.4 307.3 306.4 304.9 302.3 299.7 297.3 294.9 292.8 288.7 287 287.4 284 279.3 272.7 266.4 263.8 263.7 262.3 256.8 256.4 256.5 253 255.8 257.5 259.2 260.6 261.9 262.2 261.4 258.4 255.4 251.6 245.8
357 348.3 341.8 340.1 342.1 343.6 341.7 335.1 331.2 319.6 309.6 303.9 303.8 306.2 306.5 306.5 306.3 306 315.6 330.6 333.4 332.8 334 338.8 350.3 350.4 346.1 340.5 336 332.6 327.6 323.1 325.7 326.5 326.1 326.1 325.5 322.6 319.2 315.3 311 308.5 304.8 302.7 302.9 301.8 300 298.6 298.1 295.8 293.7 291.4 288.7 290 289 285.5 282.1 277.5 271 269.1 268.8 267.3 262.7 261.4 261.6 260.2 255 259.7 262.3 265.5 266.6 267.7 267.8 267.1 264.2 261.2 255.6 248.4
356.9 347.6 345.1 346.5 347.5 346.9 342.2 336.6 331.9 324.3 316.8 314.7 314 315.3 317.7 317.9 314.7 311.5 313.8 325.9 332.4 338.3 341 344.1 348.8 355 351.1 346.8 342.5 337 330.7 326.7 330 332.3 334.3 335.4 333.2 329.1 324.9 320.4 315.4 310.4 306.2 302.1 298.8 296.9 296 295.2 294 292 290 287.2 284.1 286.5 285.3 282 279.4 275.4 273.7 272.1 270.3 266.9 266.6 266.1 263.7 257.5 260.4 263.2 266.2 269.8 271.5 272.8 272.9 272.5 269.6 266 259.8 250.7
354 353.3 351.1 351 352.2 348.5 342.1 337.3 332.9 325.9 325.5 324.1 325 326.6 328.6 326.6 323.2 318.8 317 319.9 328.1 340.2 354 356.6 354.9 354.4 354.7 353.9 345 336.8 332.2 329.2 329.4 331.9 340.9 342.6 339.3 335.1 329.9 325.1 319.5 313.7 308 302.9 297.7 295.3 294.2 293.1 291.5 288.5 287.1 283.1 282.5 282.2 280.8 277.1 277.3 278 274.7 270.3 269.5 269 267.5 265.1 262.7 259.6 264.4 267.9 270.6 273.3 275.3 276.8 276.7 275.7 272.9 267.9 259.9 257.1
358 354.3 350.9 350.2 352 347.9 343.1 338.1 333.1 327.7 332.5 334.7 337.8 336.8 335.7 334.3 333.3 330.1 326.9 323.3 329.2 341.4 355 364.1 365.5 363.1 357.2 350.5 341.4 336.4 332.9 331.7 331.5 333.1 337.4 343.5 344.5 340 334.7 328.1 321.9 315.7 309.9 304.6 297.9 294 292.4 291 289.3 287.7 285.5 284.7 282.6 279.1 277.3 275.4 274.4 274.6 273.8 271.7 270.1 266.9 264.9 263.2 260.8 263.4 267.8 271.4 272 273.9 276.9 278 278.6 278.2 276.2 270.4 267.2 262.6
357.3 350.2 346.6 346.7 347.7 345.6 341.6 337.3 331.8 330.9 332.2 339.8 346 345.9 345.3 343 341.5 337.2 332.6 328.4 333.8 341.6 352.7 364.1 370 364.1 354.4 349.9 346.5 343.9 346 346.2 344.4 341.3 338.8 338.7 343.9 342.2 336.1 329.8 323.6 317.3 310.5 302.4 295.5 292.7 291 290 288.6 286.9 284.2 282.2 281.3 280.5 280.1 278.2 277.3 277.9 275.4 270 267.1 264.9 263.5 263 263.9 266.7 270.7 270.9 270.1 272.8 275.9 279.2 279.9 277.3 276.2 272.5 267.2 260.8
355.4 347.8 342.6 342.6 343.4 342.2 338.4 336.5 336 333.1 334.6 337.5 346.3 352.7 352.5 348.5 346 338.4 331.3 332.9 336.3 345.6 356.7 363.1 364.6 358.3 356.5 354.8 353 356.3 360.4 357.6 357.3 354.5 345.7 339.1 338.4 336.6 333.9 327.3 323.2 316.6 307.8 301.1 296.1 293.6 290.4 288.3 287 286.1 286.5 287.1 287 286.3 284.8 282.4 280.3 278.2 271.8 267.8 265.7 264.4 263.9 263.4 266 268.4 267.8 267.1 266.7 268.6 272.5 276.3 276.9 271.7 269.4 266.6 262 257.1
353.5 345.9 340.3 339.3 340.9 340.7 339 340.1 339.1 336 335.1 338.5 342.1 350.8 358.3 353.6 347.9 334.2 330.3 331.6 341.2 349.7 358.9 364.1 361.3 357.8 357 357.5 358.6 357.1 356.6 357.8 363.3 362.8 358.3 345.3 334.4 329.4 325.1 321.8 319 312.9 308.7 302.4 296.8 293.1 289.4 286.9 287.9 290.9 292.9 294.7 294.3 293.2 290 285.4 279.4 274 272.2 268.9 266.5 265.9 264.6 264.3 265.3 264.8 263.1 262.7 263 264.7 266.4 269.9 269.6 265.8 261.7 258.7 254.6 250.3
349.9 343.6 338.2 337.8 340.4 342.1 342.6 343.9 342.9 338.6 337.1 338.9 343.2 346.3 353.4 357.2 348.3 330.1 330.1 334.3 347.4 352.2 357.6 360.6 360.3 357.7 358.9 360.4 357 355.1 354.2 354.5 355 359.3 360.8 342.6 335.7 331.3 325.8 320.9 315.8 312.1 309.2 304.1 295.4 293.2 289.6 283.5 283.3 292.4 297.8 299.4 299.6 294.6 288.6 283 281.7 277.7 274 272.1 269.4 268.1 265.9 264.6 264.2 262.8 260.9 259.3 256.5 261.5 262.6 262.8 261.9 258.9 256.3 253 244.9 235.3
346.1 340.3 337.1 338.2 340.9 342.9 345.3 345.2 343.1 341.3 340.1 340.1 341.4 341.5 340.5 345.4 335 330.1 330.6 336.8 348.9 352 355.7 356.9 357.3 357.4 355.9 355.1 351.7 347.4 347.7 350.3 350.8 347.1 343.3 338.3 336.9 335.7 329.2 323.3 318.9 315.4 309.3 302.6 293.7 288.9 284.3 281.6 282.5 284.5 289 295.1 293.6 285.3 283.2 288.7 281.2 279.1 277.9 275.8 272.9 270.8 268.4 266.1 264.3 261.8 259.9 256.4 252.2 256.7 257 256.3 255.1 252.3 245.1 238.2 219.9 202.8
343 340.3 336.3 336.8 339.8 342.9 343.7 341.4 339.1 337.7 337.3 337.1 337.3 336.6 335.9 333.4 330.1 329.6 331 338.3 347.4 351.9 351.5 355.3 354.9 350.8 346.5 341.8 339.4 339.4 341.3 344.7 342.7 339.3 335 333.3 334 334.9 334.2 329 323 315.4 306.9 299.9 291 286.4 284 281.6 280.3 279.7 280.2 280.4 279.5 278.1 277.6 277.9 280.4 284.2 282.7 279.8 277.4 274.8 271.8 268.7 264.5 261.5 255.9 252.3 248.6 246 246.7 244.9 241.7 237.4 225.1 222.1 224.7 220.5
342.7 339.2 334.2 334.3 337.2 338.4 339.1 336.9 334.4 333.1 332.8 332.7 333.4 333.4 332.4 328.4 326.7 330.4 333.9 337 342.9 345.1 345.1 349.5 348 341 335.7 331.4 330.3 331.3 333.4 335.5 335.7 330.4 326 327.4 329.5 329.9 328.8 331.8 323.7 314.5 306.3 297.2 291.2 287 284.4 286.8 288.8 287.1 283.5 281.5 280.3 279.4 278.1 276.4 281 289.7 287.2 285.5 282.6 278.8 272.8 266.5 264 259.2 251.4 256.5 256.9 255.1 251.4 248.4 245.5 243.9 242.5 242.6 239.9 228.7
342.3 338.8 334.2 329.7 333.2 334.2 333.7 331.8 330.5 328.6 328.1 328.9 329.4 330.2 324.6 320.8 328 333.9 338.3 336.3 337 336.6 337 336.9 335.5 331.1 326 323.3 323.9 324 326.8 328.5 326.2 323.1 319.9 319.2 321.6 322.5 322.3 321.6 319 313 304.7 297.2 292 288.3 290.6 295.7 296.7 292 289.6 287.4 287.7 286.3 282.9 277.3 276.5 286.1 292.8 290.7 283.3 274.8 265.9 265 261 254.6 260.7 262.4 258.9 255.7 255.1 254.4 252.7 251.2 247.5 243.3 235.3 223.7
343.3 337.9 333.7 328.4 329.4 330.5 329.3 326.5 325.2 324 322.2 319.9 320.8 318.4 316 318.4 330.3 337.3 329 329.6 329.5 328.1 326.1 323.2 323.1 320.9 318.6 316.4 317.5 319.3 320.2 321.7 319 317 314.7 312.4 312.5 314.1 317.1 317.6 315.1 311.2 302.4 295.9 291.4 288.5 293.1 294.6 293.8 292 289.7 290.7 292.4 291.9 286.8 281.7 275.9 279 288.1 286.2 274.7 264.1 260.5 258.2 256.9 261.9 266.4 262.9 260.1 260.2 257.9 255.8 254 250.8 246 239.2 227.7 214.7
340.5 337.2 333.8 329.4 326 326.6 323.6 316.8 316.1 315.7 311.7 310.9 311.3 307 305.3 316.8 329.1 320.1 322.9 323.7 322.8 322.4 318.7 315.6 314 312.8 311.3 308.4 310.1 311.6 313.2 312.5 311.3 311.4 309.8 309.6 310.9 310.4 311.3 311.6 312.7 308.4 296.8 291.9 288.2 293.1 298.1 296.8 295.3 289.9 283.6 285.9 292.1 289.5 286.7 286.6 280.1 273 273.3 271.9 264.4 263.7 263.8 261.2 262.6 265.2 264.1 265.3 265.7 263.4 259.2 256.1 252.6 247.6 241.1 230.9 215.3 207.6
340.5 337.7 333.9 329.5 324.7 320.2 315.7 308.4 308.9 306.7 305.4 303.9 302.1 299.4 299.7 304 305.4 307.1 313.1 312.4 311.1 314.3 316.2 314.2 306 305.4 300.4 302.5 305.3 305.4 305.5 305 305.6 303.9 306.5 309.9 311.3 308.1 304.6 304.8 305.2 295.7 291.8 287.2 287.4 294.5 298.7 297.2 292.2 283.2 279 285 287.4 284.8 281.6 279.4 276.2 270.5 267.9 266.2 265.9 266.8 267 263.3 264.1 265.5 270.2 271.3 269.1 264.9 260.5 254.9 249 240.8 231.6 220.3 211.2 195.5
341.2 338 334.7 331.1 326.4 319.6 306.4 298 301.3 300.5 296.6 298.1 295.2 290.3 290.6 294.5 296.7 298.8 299.4 300.2 302.4 305.5 305.5 303.8 298.2 296.5 294.7 298.7 301.6 303 303.3 303 300 299.8 305.1 311 309.1 304.6 300.8 293.8 289.4 286.3 283.3 278.6 279.9 289.2 296.4 292 285.1 278 276.7 282.6 282 279.6 276.2 273.2 270.6 269.5 270.1 269.3 268.7 269.4 266.5 265.7 264.8 270.3 275.1 274.9 268.8 263.9 258.8 250.6 242.3 232.3 222.8 214.5 201.4 187.1
341.1 338.2 336.8 333.1 326 316.2 299.1 290.5 290.3 288.2 287.7 289.9 288.2 284.8 282 284 283.2 284 280.6 283.1 287.6 288.9 288.4 287.4 292.6 284.5 287.5 296.5 301.3 303.9 300.4 296 295.1 296.2 302 307.1 305.1 299.5 291.9 286.8 284.2 281.2 277.2 273.6 273.9 275.6 281.9 280.2 277 277 278.3 278.7 276.4 274.5 272.8 270.4 270.8 271.5 271.9 270.8 270.4 269.4 270.5 269.1 265.7 269.6 274.6 271.6 266.4 261.4 253.1 244.3 235.5 227.2 218.8 204.9 190.6 179.9
341.3 341.2 338.5 330.3 321.5 307 291.8 283.2 284.1 281.7 280.3 280.7 278.7 275.5 275.4 277.7 274.5 270.1 270.9 272.2 270.5 270.5 271.9 276.9 278.5 273.9 272.1 287.4 302.5 300.4 292.7 289.2 290.3 293.7 297.5 299.9 295.4 291.7 288.4 285.2 282.8 280.6 279.2 278.4 275.6 271.8 272.3 275.9 276.4 277.5 277 274.5 273.5 272.8 271.4 272.3 272.9 273.3 271.2 270.5 270.4 273.1 275.3 268.4 268.4 268.9 270.7 266 262.1 255 246.5 237.3 230.6 218.2 201.4 186.7 177.8 176.2
