public/OST50/SO10.asc
ncols 200
nrows 200
xllcorner 310000
yllcorner 200000
cellsize 50
[rows 35 to 69 of 200, columns 78 to 155 of 200]
351.4 345.9 338.4 333.2 326.5 326.2 325.7 316.8 298.2 291.6 291.2 287 277.7 288.1 286.6 289.4 296.6 301.1 305.5 307.2 309.8 309.5 310.9 309.9 321.8 331.1 341 350.5 360.8 370.1 380.5 385.9 391.6 397 403 409.4 412.5 416 423.2 430.8 441.3 448.6 453.2 455.8 459.2 456.5 452.3 449.8 447.7 446.1 442 437.6 428.2 412 387.7 374 359.1 341.3 322.2 304.7 289.1 280.7 278.1 277.4 274.4 272.3 256.7 255.7 262.8 262.8 263.3 273.4 284.8 293.4 304.9 319.6 337.7 354.2
357.2 356.3 345.6 337.9 330.1 326.1 325.7 321.9 304.8 292.6 291.6 286.9 282.5 287.2 286.7 286.6 290.8 295.9 299.2 300.8 301.2 304.5 314 324.8 331.4 338.7 346.5 352.2 359.9 369.5 378.4 384.8 390.6 395.6 401.8 407.6 409.8 414.1 421.5 430.2 440.3 447.4 451.5 454.3 456.1 451.1 448.1 445.7 443.5 440.4 436.1 428.7 417.9 395.2 377.3 371.5 356.5 336.8 317.1 303.8 289.9 280.6 274.9 274.8 274.4 271.6 258.2 254.7 261.2 262.6 263.1 273.7 276.2 292.2 303.3 322.6 338.3 356
361 356.8 350.6 345.8 338.1 328.3 326.3 325.7 318.3 298.8 291.7 291.1 285.1 286.1 286.5 287.5 288.6 290.7 294.8 295.8 303.8 313.4 320.8 327.4 339.2 344.4 347.5 351.9 359.3 369.5 376.5 382.5 387.2 392 397 402.8 406.6 411.7 419.7 429.7 439.8 446.3 450.4 451.1 450.5 446.5 442.9 440.6 437.9 434.3 430 421.3 407.9 388 370.4 363.6 352 332.5 314.2 299.7 289.2 280.2 271.5 271.9 270.8 270.5 261.2 253.6 261.3 262.1 263.1 272.7 275.3 290.1 304.2 323.1 338.6 355.2
365.8 360.1 354.8 350.9 345.1 335.1 326.7 326.1 324 306.7 291.3 290.9 285.2 281.9 285.9 286.5 287.4 288.3 291 294.4 306.4 316.8 322.4 333.7 339.1 339.4 344.2 349.6 359.2 368.4 374.8 379.2 383.5 388.4 392.2 398.6 404.3 409.2 417.4 427.9 438.2 445 448.6 450 446.8 443.4 440.2 437.7 433.9 428.7 422.6 411.6 393.9 379.5 365.6 354.5 342.6 326.3 310 298.9 287.9 280.6 270.8 270 269.7 270.2 260.9 252.6 258.1 262 262.9 271.2 275 291.4 306.9 323.1 340.4 356.5
372.2 367.3 361.8 356 350.3 340.2 329 326.4 324.5 308.7 293.3 291.8 290.7 283.1 285.8 286.3 287 287.8 288.7 293.4 305.3 316.1 324.3 336.5 337.3 336.7 340.2 347.1 355.1 364.1 370.7 377.3 380.1 385.9 388.8 396.9 402.6 407.1 415.4 426 436.6 442.5 447.1 449.6 444.8 441.6 438.9 436.1 432.2 425 414.6 398.3 386.9 371.5 360.6 348 330.8 320.1 310.5 301.2 293.5 281 270.3 268.4 266.1 268.4 255 251 254.9 262.2 263.1 267.6 276.4 292.6 307 322.8 339.7 355.3
377.8 372.6 366.1 359.7 353 345.1 335.5 326.9 325.4 312 296.6 292.5 292.5 284.3 274.7 285.4 286.5 287.1 287.7 291.1 301.5 312.9 318.1 328.2 333.4 335 336.4 343.6 350 357.6 367.3 376.4 376.7 379.8 385 394.4 400.2 405.5 413.9 424.7 433.7 439.9 445 447.2 443.9 440.8 438 435 431.5 422.5 410.6 397.1 379.1 362.2 352.5 340.8 327.4 318.3 310.7 297 292.4 288.7 271.7 268.5 267.3 266.3 255.1 251.7 252 262.7 263.2 266.4 275.2 290.1 307.1 321.5 338.4 351.5
380.3 376 369.6 361.9 356.2 347.2 336.9 327.4 325.7 311.5 301.3 293.4 292.7 292.4 282.8 280 285.5 286.1 287 288.8 299.2 308.7 313.3 321 322.7 330.1 333.1 338.5 345.7 354.9 366.8 377 375.4 375.4 382.4 390.6 396.7 404.6 412.8 421.9 429.8 437.7 443.4 443.9 441 440.6 439 436.1 431.9 422.6 410.7 395.7 379.9 362 347.5 337.4 327.8 321.5 311.5 304.7 294.5 290.2 277.2 267.9 261.5 260.7 261.4 264.6 255.7 263 263.1 264.8 275.1 287.5 305.9 320.4 337.3 349.3
380.9 377.1 371.8 364.4 356.7 348.2 340.9 332.1 322.9 307.3 305.4 296 293 293.8 288.4 281.2 284.9 285.5 286.6 287.5 290.2 301.2 307 310.9 318.2 323.5 326.9 333.6 341.4 351.5 366.3 377.1 375.4 375.4 381 387.2 394.2 402.8 411.2 420.4 427.3 434.8 439.9 440.5 441.8 442 441.1 437 431.5 422.2 411.5 399.8 381.3 360.1 346.1 337.8 327.6 321.2 314.7 308.4 294.7 286 281.6 267.7 264.8 257.8 255.2 253.6 253.9 263 263 263.8 275.1 290.4 305.9 318 335.1 347.6
383.2 379.2 375 370.1 363.4 354.7 344.9 334.1 323.8 308.5 305.8 301.2 301.4 303.8 298.3 281.9 271.7 285.2 285.7 286 286.7 290.9 299.6 303.5 308 318.5 322.2 328.9 337.1 343.6 358.2 375.9 375.4 375.2 381.1 385.7 393.1 401.3 410.2 419.3 426 432.9 438.2 439.1 442.3 442.1 440.1 436.2 431.8 423.7 409.6 399.7 382.1 363.3 348.6 340.4 333.1 325.5 316.6 308.2 292.6 285.5 280.5 269.2 268.4 255.4 255.3 253.9 250.1 253.3 262.5 263.1 274.8 288.9 304 315.5 333.5 346
382.9 382 379.7 376.2 369.9 361.3 350.4 335.8 329.5 317.1 305.6 304.2 304.4 304 303.5 291.6 280.4 279.8 284.6 285 285.7 287.3 289.2 294.2 299.6 308.7 315.3 319.5 322.4 337.5 356.6 367.1 375.6 375.4 380.3 385 392.4 400.5 408.8 416.5 422.3 430.9 435.1 437.4 440.9 440.5 439 435.3 432 424.8 412.8 399.8 382.7 361.7 351.6 345.1 340.3 327.7 316.3 308.9 294.6 284.3 278 269.5 265.2 254.2 255.5 254.5 252.8 250.6 256 262.9 273.7 284.9 300 314.1 333.2 344.2
381.4 381.1 380.2 377.9 373.7 362.7 347.4 348.2 337.9 325.8 313.5 305.4 304.9 304.5 304 301.2 284.4 279.2 284 284.4 285 285.5 285.8 286.6 290.1 301.1 310.2 311.8 324.4 337.8 356.2 364.2 370.8 374.8 380.3 384.9 390.8 398.8 406.7 413.3 419 428.5 432.6 435.2 438.6 438.9 440.5 437.6 431.1 424.3 414.9 399.5 385.6 367.5 356 347.8 339.2 328 315.6 303.3 290.2 279.8 275.2 267.1 254.4 253.5 253.8 254.3 253.2 249 253.5 259 270.4 279.7 296.4 315.8 334.3 342.2
379.1 379.1 377.4 378.3 371.6 373.8 367 358.2 348.5 338.3 327.8 314.1 305.5 304.6 304.1 303.6 294.7 279.2 270.8 283.1 284.4 284.9 285 284.9 284.4 289.8 297 303.9 318.6 333.1 349.3 361.3 368.1 375.9 378.4 383.6 389 396.2 403.6 410.9 416.4 428.1 430.8 433.9 437 438.2 440.1 438.9 432.6 425.7 416.8 402.7 387.6 372.6 362 348.9 338.8 328.6 319.4 306.7 294.6 281.7 272.9 265.5 252.4 252.5 253.1 253.8 253.3 248.1 251.2 255.7 266.3 276.9 295.1 313 331.8 339.7
378.9 377.4 377.4 379.2 380.7 378.7 374.4 368.3 359.1 348.1 337.1 324.2 311.7 305.7 304.5 303.9 292.1 279.3 278.2 269.1 283.2 283.6 284.5 284.1 283.6 285.2 289.3 296.7 310.6 325.2 341.2 357.2 364.7 372.5 374.8 380.4 385.6 392.9 400.1 407.4 414.3 424.6 429.3 433 435.7 437.6 440.8 440.1 435.6 428.5 419.5 403.8 391.7 377.9 366.5 352 343.4 335.3 324.9 313.3 299.9 285.5 273 266.9 252.3 252.5 252.7 255.2 255.3 252.2 247.9 254.9 263.4 276.2 290.4 307 326.9 335.8
376.4 377.2 377.6 381.5 383.9 384.5 378.8 373.6 367.1 357.6 347.5 334.6 323 315 305.5 300.9 292.5 285.3 277.6 275.2 266.2 282.4 283.1 283.8 283.3 283.5 284.4 287.6 296.1 315.1 331.5 349.4 358.5 365.9 370.7 376.5 381.6 389.1 396.5 403.9 411.6 420.4 427.4 430.8 435 438 442.1 442.8 440 434.2 425 409.7 394.8 381.2 367.8 355.8 348.1 340.7 329.5 316.8 304.9 289.1 272.9 264.3 253.8 252.2 252.6 253.7 255.1 255.3 247.5 250.2 260.4 274.3 285.2 301.8 320.3 331.6
372.9 374.3 377.3 383.1 387.6 387.3 382.9 377.5 371.5 364.9 354 342.8 335.9 327.5 317.1 306.6 298.2 294.3 280 277.1 268.7 263.1 280.7 282.9 283.5 283.6 283.8 284.5 286.6 305.2 323.9 338.5 350.5 358.9 365.8 373.2 378.2 386.1 393.8 400.4 408.3 418.4 425.9 430.1 434.5 439.1 443.5 445.4 444 440.1 431.5 418.4 402 391.6 380.2 367 358.2 350.2 339.4 323.8 310.7 293.5 276.7 262.4 257.7 252.5 252.7 254.7 255.2 255.1 246.9 251.1 258.9 271.4 285.6 299.3 317.2 328.3
370.2 372.3 376.8 386.1 391.2 391.4 387.7 381 375.4 369.7 364.2 356.9 349.4 341.9 326 312.5 303.4 294.2 287.9 277.5 272.1 267.3 264 272.3 282.5 283.7 283.8 284.3 285.4 289.1 311 326.7 339 350.6 359.6 367.7 374 383.9 389.3 398.3 408.2 418 424.9 430.8 434.8 441.4 446.9 449.7 452.1 451.3 442.8 427.7 415.2 405.1 395.2 384.6 373.5 362.5 351.4 335.1 317.3 298.2 280.6 264.8 257.6 252.3 252 255.5 255.3 254.4 245.9 254.1 258.1 270 282.1 297.1 313.9 323.9
367.3 370.5 378.2 388.5 393.6 393.9 390.7 387.3 383 377.3 371.6 365.8 359.9 353.9 343.6 328.7 311.6 301.8 290 282.3 276.2 273.9 270.2 266.8 281.1 283.8 284.3 284.5 285.4 286.8 295.6 315.5 330.2 341.5 349.9 356.2 363.9 377.9 386.6 398.7 408.9 418.8 425.3 431.1 436.6 447.4 455.7 460.7 467.1 468.2 457.7 444 429.2 421.3 411.6 399.7 388.6 375.2 362.5 348 327.2 304.4 285.4 272.1 258.4 252.9 251.9 256.1 257.1 256.4 245.4 253.7 258 267.7 278.3 294.5 309.3 320.1
364.8 369.7 379.2 388.3 392.9 395.4 394.5 392.9 389.8 385.4 380.5 375.7 369 361.1 352.2 340.4 324.5 309.1 297.9 287.6 280.2 280.2 280.1 276.1 274.8 283.2 284.5 284.9 285.4 286.4 285.4 302.9 322.1 331.5 339.5 346.3 363.5 379.3 390.9 402.9 412.2 419.9 427.5 433.7 444.8 454.6 460.9 471.1 474.9 475.2 470.7 459.3 449.6 445 432.9 417.2 402.4 389 373.4 356.5 329.4 306.7 290 278.4 264.8 258.6 251.7 251.6 250.7 250.9 251.9 253.5 254.4 264.1 277.1 291.2 302.7 315.5
364.1 370.9 379.8 386.5 392.2 397.3 399.2 398 394.9 391.6 388.7 384.4 378.1 370.1 359 350 336.4 322.6 310.1 296.1 284.2 279.8 280.2 278.1 259.9 283 283.4 284.5 285.4 286.1 286.6 292.5 307.3 318.3 330.7 347.2 364.8 381.3 396.9 407.7 414.7 422.6 430.8 442.2 451 457.9 466.7 473.4 476.1 475.5 473.1 470.7 469.2 467.6 451.9 432.4 414.5 398.5 382.6 365.6 339.4 313.7 296.2 278.7 264.4 259.2 254 251.8 251.8 250.6 250 249.9 253.1 262.8 274.3 288.3 301.7 314.2
363.9 372.4 379.5 385 392.3 400.4 405.7 406.9 405.4 403 399.1 394.1 387.5 380.1 371.1 358.7 348.5 337.5 323.5 308.7 291.4 279.8 277.5 271.2 262.3 280.2 283.2 284.3 285.6 285.4 287.3 285.9 300.4 316.9 333.9 350.3 369.2 387.4 404.6 411.5 420.2 430.3 439.5 447.1 453.3 458.6 469.1 472.9 475.1 475.3 474.3 474.9 477 478.5 467.3 444.1 424 405.5 389 371.5 348.7 320.4 302.5 284.1 269.4 259.6 252.2 252 251 250.1 247.7 245.9 249.7 261.9 273.4 287.5 300.3 312.8
365.4 372.3 378.2 383.4 392.2 404.3 411.6 414.2 414.1 412.8 410.3 405.8 400.3 392.6 383.8 372.6 358.9 346 334 318.2 300.7 286 272.1 271.8 260.7 268.4 282.1 283.6 286.4 287.5 288.7 289.3 295.6 313.7 333.3 353 372.4 393.2 407.5 416.5 433.3 439.9 444 449.1 453.6 459.6 468.1 471.6 473.6 474.5 476.4 479.6 484.3 492.7 482.6 456.5 432.3 409.9 392.5 375.8 353 324.8 307.2 289.3 270.4 261.3 252.6 251.1 250.1 249.5 244.7 245 245.8 258.2 271.5 284 296.2 309.6
366.2 371.6 375.9 382.5 393.7 408 415.5 418.6 419.1 418.7 417.8 415.7 412.3 406.8 397.6 383.5 370.9 356.3 340.2 327.7 312.3 296.2 279.8 271.6 261.1 261.7 274.4 285.9 287.5 288.2 289.2 289.2 288 309.4 331.3 353 374.1 395 408.5 424.7 437.9 442.8 445 448.1 451.5 457.2 465.3 468 470.6 473.9 476.3 481.2 487.9 498.9 494.9 467.5 439.7 415.1 395.7 377 356.1 331.6 309.9 291.4 271.1 261.7 252.7 250.7 249.4 248 244 241.8 240.8 256.2 271.5 280.8 290.2 303.4
364.9 369 374.1 382.2 395.6 410 416.6 421.4 423.8 426 425.7 424.6 421.3 416.2 408.8 396.5 380.9 365.4 349.8 332.5 322.5 307.8 293.5 279.2 272 259.4 270.9 282.8 286.7 288.6 289.7 290.2 290.5 301.7 326 348.8 371.7 394 408.2 429.4 438.2 442.4 444.3 444.7 446.7 450.7 459 462.8 466.3 471 474.9 480 487.3 498.3 499.4 476.6 446.8 421 390.6 380.6 358.6 336.2 312.3 293.8 272.1 264.1 252.9 250.6 249.6 248.5 246.2 239.9 238.2 253.2 268.4 276.8 287.6 298.9
362.2 367.4 373.1 383.3 399.3 409.7 415.9 421.7 428.5 430.7 430.2 429.3 428.2 421.7 414.2 405.1 390.6 374.4 358 340.6 324.7 314.1 301 289 273.9 260.7 261 275.4 281.2 281.3 284.4 289.3 290.7 296.3 317.5 342.2 366.6 390.7 405.7 427.6 435.4 439.4 439.9 439.5 440.5 442.6 446.8 455.3 460.6 467.1 472 476.9 486.9 496 498.8 485.3 454.8 427.3 399.9 383.4 361 338.1 315.4 296.5 277.7 265.5 254.5 253 250.4 248.9 247 240 238.4 253.1 265.1 273.7 282.6 294.1
359.3 364.7 372.6 383.5 399.6 407.8 415.7 424 428.9 431 433 432.4 430.8 427.1 419.1 408.7 398.2 382.8 367.7 348.9 327 316.2 304.2 293.3 280.5 269.7 259.1 261.7 264.8 272 286.6 290.2 291.1 293.3 311.8 332.5 357.6 384.7 399.6 421.6 430 432.9 433.9 433 431.6 433 435.6 441.4 451.7 461.6 467.4 473 483.4 492.2 495.3 490.8 461.5 431.7 405.6 377.9 362.1 340.3 317.9 298.6 279.7 266.3 256.8 253.9 251.7 248.5 246.5 244.6 237.1 246.1 260 268.2 278.9 290.6
355.8 363.3 371.2 382.6 396.9 404.1 413.8 424.4 427.9 432.1 435.3 436.5 435.5 430.8 423.6 414.2 400.7 388.2 370.5 353.7 332.7 315.4 304 294.5 283.3 272.3 265.8 255.2 255.1 262.8 275.5 289 291.1 291.1 305.3 322.7 348.3 373.1 390.5 411 421.9 425.6 426.2 425.2 421.4 419.8 424 432.3 440.5 455.9 462.9 468.6 480 489.2 492.3 491.7 470.6 437.7 413 380.8 365.3 343.1 321.1 301.7 282.4 269.6 259 254.9 251.4 248.3 245.9 242 238.1 243.7 254.7 264.4 275 285.1
352.7 361 368.9 379.9 394.1 401.2 411.3 422.2 426.9 432.7 436.5 442.9 441.5 434.6 426.4 414.7 402.5 389.7 373.1 353.8 334.3 319.2 305 294.2 279.9 273.2 267.4 258.7 254.6 254.8 262.1 278.5 290.4 291.1 297.8 311.9 334.2 354.3 379.3 395.8 412.9 416.7 417.5 415.5 409.9 403.6 403.9 419.9 432.3 449.9 459.3 465.5 477.4 486.8 490.3 490.9 479.3 446 417.9 392.6 368.5 346.4 323.1 304.9 285.3 272.8 260 261.2 257.2 251.7 246.2 244.1 240.2 242.1 251.6 259.9 272.1 282.7
351.2 359.1 366.2 378.5 390.9 399.2 409.4 419.8 427.4 432.8 441.6 451.6 447.7 437.4 425.6 413.5 402.8 390.1 376.3 356.9 334.7 321.6 304.1 294.3 283.4 277.1 267.7 266.6 252.7 253.8 254.6 266.1 279.7 285.3 290.5 305.4 321.1 338.6 360.7 381.4 395.9 406.5 406.6 403 394.9 384.7 390 408.7 424.6 443.9 456.5 463.1 476.3 484.7 488.9 489.6 484.9 454.1 422.3 396.4 373.6 350.6 327.1 307.7 289.2 275.7 264.4 261.6 261.2 251.7 246.8 245.7 242.7 238.8 244.4 256.8 268.4 278.4
349.2 356.3 365.2 377.3 389.1 398.1 406.8 418.8 427.6 434.8 449.8 455.9 451 438.4 424.8 412.9 402.1 389.7 377.1 359.3 335.8 319.5 304.6 296.5 286.5 277.5 268.4 267.6 262.7 252.7 252.7 254.4 266.8 275.1 283.3 296.1 306.9 323.8 341.4 363.9 376.8 385.8 384.2 379.1 371.8 368.8 382.2 403.9 421.8 442.7 454.3 461.9 475.2 482.5 486.2 486.9 483.8 460.7 427.6 397.7 376.7 353.8 330.8 312.6 295.5 280.1 269.1 262.2 261.7 253.1 246.8 245.8 244.3 236.3 241.4 249.7 263.7 273
346.3 352.5 363.2 377.2 386.6 395.6 405.8 419.1 428.3 440.3 455.5 455.8 451.4 439.5 424.5 412 401.7 387.6 375.1 357 340.6 321 308.3 298.6 286.8 278.5 269.6 267.8 267.9 255 251.9 251.4 260.9 271.4 277.7 287.6 297.6 307.1 324.9 343.4 362.1 364.1 362.6 359.4 354.3 370.9 391.1 407.7 427.7 444.6 452.7 461.2 474 479.8 483.2 483.4 480.9 467 434.8 405.2 377.8 357 335.9 315.1 298.5 286.6 275.3 267.3 262.1 260.7 253.1 245.4 244.5 241.2 239.3 246.5 258.3 269.2
345.9 354.1 363.3 376.2 385.6 394.8 408 420.6 430.4 448.9 454.2 453.9 449.9 439.3 424.7 411.5 401.1 386 374.8 360.8 343.4 327.5 310.2 296.7 286.3 279.5 270.1 268 267.6 262.2 251.8 251 255.8 266.7 272.8 279.8 287.8 297 308.2 324.6 337.2 340.3 343.7 340.5 357 384 404 422.9 434.8 443.9 451.7 461.7 471.7 476.6 479.5 480 477.5 472 443.4 413.2 384.4 361.1 340.4 320 301.9 292.3 279.1 269.5 266.9 261.6 257.2 244.7 242.8 241.8 235.6 243.8 254.4 267
341.3 353.3 364.1 376.4 385.6 396.1 409.3 421.6 436.6 451.3 452.8 451.6 446.6 438 426 412.3 400.6 387.3 374.9 363.4 343 329.7 314.7 299.8 289.3 280.3 271.7 268.6 267.5 266.2 251.5 250.6 252.2 259.8 267 271.4 278.2 286.4 296 306.5 318.7 320.6 323.8 343.4 366.9 392.9 414.1 428 437.7 445.1 452.1 461.6 468.4 472.9 475.3 476.2 474.5 471.2 451.9 421.8 393.3 364.9 345.4 326.1 306.5 297 288.5 274.4 272.2 265.9 257.8 245.1 242.3 241.3 240.9 241.5 244.7 258.3
341.2 352.4 365.2 376.4 385.7 397.6 410.5 423.8 444.2 449.9 451 449.5 446 437.4 425.7 412.5 398.4 388.1 375.4 362.8 344.9 333 314.3 301 293 281.4 272.6 268.9 267.6 266.5 261.9 249.9 249.9 253.4 260.3 266.2 270.4 278 285.7 295.7 304.3 312.2 328.6 352.9 379.6 404.2 420.8 429.6 439.2 446.1 452.6 459.4 465.1 469.3 471.7 472.4 471.8 469.6 460.1 433.7 401.8 371.4 349.4 330.8 313.3 298.6 294 279.1 273.6 272.9 266.8 251 243.7 241.1 240.5 234.9 242.2 249.3
339.6 349.3 363.8 375 384.5 398.1 408.9 425 443.4 448.1 449.6 448.7 445.9 440 427.6 414.7 400.3 387.1 378.2 364.6 350 332.2 315 303.3 293.1 282.7 274.5 269.4 268 266.9 265.4 251.1 248.2 250.6 254.2 259.7 265.7 271.2 277.9 283.3 295.1 311.1 338.4 363.2 390.6 412.5 421.6 429.4 437.8 445.3 451.9 457.7 462.5 466 468.3 469.3 469.1 467 461.8 444.3 413.9 377.8 351.2 338.1 320 302.9 298 282.6 278.3 274.9 274.1 261.3 251.2 240.5 240.5 238.4 241.2 243.3
336.9 347.8 362.2 373 383.4 396.5 408.7 426.9 443.3 447.6 450.3 451.3 448 443.1 432.9 419.5 405.5 391.6 380 365.7 354 338.9 322.1 307.4 296.5 286.7 278.2 269.8 268.6 267.5 265.9 260.4 248.2 248.4 250.6 255.6 261.6 266.7 272 278.2 289.8 307.3 338.8 365 393.6 411.1 419.6 426.3 435.2 442.5 449.1 455.3 459.1 462.6 464.9 466.6 466.4 464.5 461.1 449.1 418.8 386.1 353.2 338.1 320.9 307.5 302.7 292.4 279.4 278.3 276.7 271 254.3 240.4 240.4 239.5 234.4 242.3
