public/OST50/SO10.asc
ncols 200
nrows 200
xllcorner 310000
yllcorner 200000
cellsize 50
[rows 140 to 174 of 200, columns 0 to 77 of 200]
422.6 419.3 419.8 418 415.8 416.8 420.5 424.4 427.8 429.6 429.7 430.1 430.6 430.5 429.8 426.5 422.5 419.7 419.7 420.8 422.4 422.2 422.7 422.4 418.7 413.6 406 397.3 384.1 367.3 353.4 341.3 326.9 316.5 305.6 294 282.7 277.1 269.2 269.1 272.2 273.1 278.1 284.4 277.4 282.8 285.8 296 303.3 307.9 313.4 321.5 329.2 342 359.3 377.9 394.6 403.8 411.3 415.1 415 414.5 413.4 409.5 404.7 400.5 397.9 397.6 403.4 406 406.4 404.4 402.7 400 393.2 382.1 358 329.8
421.2 417.3 415.5 412.9 410.8 409.5 411.9 416.3 422.1 425.7 427 427.6 428.8 429.1 428.3 426.4 423.2 420.4 419.7 419.9 421.8 420.8 420.3 420.9 419.4 416.1 410.2 402.4 391.8 377.6 362.5 349.8 338.7 328.4 318.2 306.2 295.6 283.1 275.1 267.8 262.3 268.1 273.3 274.9 272.8 271.3 274 282.9 291 297.3 304.2 311.6 319.2 329.8 345.5 364.5 382.4 395.9 404 409.9 413.5 415.3 414.9 410.7 406.1 401.5 395.8 393.9 395.3 400.2 402.3 402.7 401.6 400.4 396.1 387.5 374.7 352.6
414.2 413.8 411.4 410.3 406.3 403.4 404.7 407.4 413.9 420.8 423.7 424.8 425.6 426.1 426.2 424.7 422.4 420.6 418.8 418.4 420.3 420.7 418.3 418.6 419.7 418.1 413.6 406.7 398.1 385.2 371.5 358.4 346.7 338.8 329.5 319.6 308.5 297.9 287.5 279 270.9 265.3 260.4 255.6 259.5 263.1 261.2 269.5 275 282.1 288.7 297.8 309.5 319.6 333.1 352 370.7 387.5 396.4 405.5 410.8 414.4 414.5 411.8 407.1 402.4 397.5 391.4 390.7 393.8 397.3 400.1 400.2 399.6 399.2 390.2 382.6 367.9
406.4 407.5 406 407.2 404.5 398.6 397.7 400.2 404.8 411.4 418.2 421.3 422.5 423 423.3 422.8 421.9 420.6 419 417.7 418.4 418.3 417.6 415.9 416.7 416.1 413.8 408.7 401.8 392 380.5 370 359.6 348.4 341 330.9 320.5 310.6 301.1 291.9 282.7 278.9 275.2 270 262.4 255 252.2 254.6 259.4 265.9 272.4 283.5 297.7 310 323 340.5 359.7 377.5 391.3 400.7 407.2 412.3 413.4 411.3 407.1 402.6 397.4 390.6 387.3 387.9 391.8 396 397.8 397.7 398.1 394.6 385.9 373.6
400.7 401.7 401.2 399.8 399.5 394.3 391.8 393.8 397.9 403.8 410.9 416.6 418.7 419.6 420.1 420.5 419.6 418.8 418.4 417.1 416.2 416.1 416 414.8 414 413 411.9 408.5 403.9 396.5 389.5 384 376.9 366.8 353.8 343.5 334 324.2 314.9 305.7 298.4 291.4 285.3 281.3 276.6 263.9 255.4 252.3 249.4 254.7 260.7 272 285.7 298.5 313.1 330.1 349.9 368.7 386.3 397.3 405.1 409.8 411.3 410.1 406.6 402.8 397.1 390 385.8 384.2 387.2 391.2 393.4 395 394.9 392.3 388.6 376.6
401.3 395.8 395.7 392.9 391.2 389.7 388.3 388.3 391.6 396.9 402.6 410.1 413.6 416 416.6 417.3 417.5 417 416.6 416.3 415 414.4 414.1 412.9 411.4 410.3 409 407 404.3 401.6 397.2 393.6 389.1 383.2 373.5 359.7 346.2 336.3 327 319.2 312.7 306.9 300.2 294.9 289.4 279.2 266.3 257.4 252.2 251.1 252.7 262.8 273.3 288.3 304.4 321.5 342 362.4 381.8 394.6 402.7 407.9 408.8 408.6 406.6 402.3 397.9 390.2 383.9 381.8 383.4 386.2 389.2 392.5 392.2 390.5 387.3 377.1
402.1 394.2 388.8 387.4 386 385 384.2 382.9 385.7 390 395.3 401.2 407.4 410.2 412.7 414 414.9 414.7 414.7 414.6 413.6 412.6 411.8 410.8 409.6 408.8 406.9 405.2 405.2 405 403.1 400.3 397.7 392.3 385.3 375.2 363.8 350.9 339.6 330.7 322.9 316.3 311 304.9 298 288.4 273.8 262.4 254.8 251.1 247.2 250.5 262.1 278.2 297.3 316.6 337 358.4 376.9 392 400.4 406.6 407.1 407.2 406.2 402.9 398.2 392.1 384.6 376.8 378.4 381.6 385.8 389.7 389.8 389.5 386.6 379.6
396.7 388.3 383.1 381.5 379.7 379.1 378.6 377.1 379.4 382.8 387.9 393.2 400.4 405.4 408.3 410.3 411.7 412.4 412.6 412.9 412 411.2 410.5 409.5 408.2 407.1 405.4 403.7 404.2 405 404.9 403.8 402.4 398.5 392.9 387.7 378.2 370.1 358.3 346.4 336 327.7 317.7 309.3 301.7 290 279 270 257.3 252.4 248.1 242.3 254.1 268.2 290.1 310.8 331.6 353.3 374.2 388.6 398.1 403.2 405.7 405.8 405.3 403.5 398.6 393.1 385.9 378 374.1 376.9 381.9 384.8 386 384.5 382.8 378.2
388.1 381.8 378 376.6 375.1 372.6 372.9 371.7 373.6 376.6 381.2 385.5 392.9 398.7 403.5 405.6 407.7 409.6 410.9 411.2 410.9 410.1 409.3 408 406.7 405.2 403.7 401.9 399.3 401.7 404.4 405 405.6 405 402.5 398.5 392.4 386.5 379.5 370.2 360.7 350.3 339 320.6 303.9 293.3 281.5 272.8 264 255.3 248.7 242.9 247 259.5 281.4 303.4 325.1 349 372 385.9 395.1 399.7 402.8 404 403.9 402.9 398.9 392.6 386.2 380.1 371.4 371.8 376.6 379.3 381 379.8 379.6 377.8
381.4 376.5 372.9 371.4 370 367.3 367.1 365.7 367.7 370.5 374.2 378.8 384.6 391.8 397.3 400.7 403.5 406.4 408.5 409.7 409.8 408.8 407.8 406.5 405 403.4 401.7 398.9 396.8 396.5 400.9 404.9 407.6 409.2 409.1 408.1 404 399 395.9 390.5 382.9 373.4 363.5 342.6 312.1 295.7 282.8 273.4 266 257.3 249.7 246.3 241.6 251.6 273.2 296.3 320.5 345.8 369.8 384.4 393.2 397.5 400.2 402.5 402.4 401.2 398.4 392.2 386 379.8 369.1 361.7 371 373.7 375.4 375.9 377.7 377.7
375 371 368.7 366.7 364.4 362.5 361.1 360.7 362.5 364.7 368.4 372.8 378.8 384.8 391 395.1 398.9 402.6 405.2 407.4 408 407.5 406.4 405 402.9 400.2 397.8 395.2 394 393.9 396.1 401.1 407.3 411 416 417.1 414.8 409.1 406.2 402.3 397.2 391.4 381.2 365.3 329.7 302.5 286.9 273.8 264.9 258.9 253.4 248.5 240.2 244.6 264.3 290.9 314.5 340.5 365.9 381.7 390.9 396 399.3 400.9 400.6 399.9 396.9 391.9 385.4 379.1 371 361.8 363.2 367.5 367.9 371.5 374.8 376.2
369.3 366 363.9 361.9 359.2 357.8 356.2 355.9 357.5 359.4 362.8 367.1 371.9 378.5 384.7 389.8 394.2 398.6 401.2 403.1 404.8 404.7 404.3 402.9 399.4 396.1 392.9 391.6 391.2 391.2 392.3 396.8 401.9 409.5 418.4 419.7 420.3 416.9 413.2 410.3 405.9 401.2 392.5 378.7 347.7 312.4 294 276.9 265.5 255.8 251.5 246.7 243 239.4 255.8 283.5 309 335.9 362.4 378.7 389.6 396 399.2 400.2 399.9 398.3 395.9 391 385.1 378.1 369.5 360.1 354.7 358.7 363.3 367.4 371.1 373.2
363.1 360.8 358.9 356.2 353.9 352.5 353.3 351.2 353.3 354 356.5 360.1 364.8 371.8 378.2 384.5 390.1 394.5 396.9 398.3 400.3 401 400.5 398.8 396.4 393.5 390.6 388.1 386.9 387.6 389 390.3 394.5 404.5 414.5 419.6 420.4 420.8 417.2 414.7 411.5 406.5 399.3 385.1 359.1 319.6 299.3 282.9 266.7 255 249 244.3 240.4 237.9 250.1 275.5 303.5 331.2 358 376.3 387.8 394.2 397.3 399.2 398.4 396.5 394 389.5 383.8 376.7 367.4 358.2 348.8 353.8 358.2 363.9 367.6 369.6
357.3 354.4 353.5 351.4 347.2 348.5 347.2 344.5 348.3 349 351.5 354.5 359.5 366.4 373.1 379.6 385.8 390 393 394.5 396.6 398.4 397.8 396.1 394.4 392 388.9 385.5 383.6 383.2 385.3 386.4 385 392.6 405.1 412.8 416.3 417.5 417.1 414 412.6 408.3 402.1 391.5 364.5 328 304.3 287.3 271.4 257.4 248.4 242.5 237.5 237.3 244.9 269 296.9 326.7 353.8 373.7 386.3 391.8 395.1 397.1 396 394.4 391.7 387.4 381.8 374.9 365.1 357.4 348.2 349.5 352 358.4 361.3 363
351.8 347.9 346.7 346.3 341.8 340 339.6 341.8 342.5 343.8 347.1 350.6 355.3 360.8 367.9 374.3 381.2 385.9 389.4 392.4 394.7 396.8 397.8 396.1 394.1 392.3 388.6 384.9 381.4 380.4 380.6 381.4 379.4 379.2 388.4 401.5 408.5 412.1 413.2 410.3 408.2 406 400.9 395.1 371.3 333.7 309.1 290.2 274.3 261.5 248.2 241.3 235.6 237.3 243.7 266.6 293.9 323.5 351.4 370.9 383.5 389.6 392.2 393.7 393.4 391.7 389.4 385.2 380.3 373.8 367.3 359.3 351.4 343.1 345.3 347.7 350 355.1
344.5 341.1 339.5 339.7 335.8 334.8 338.2 338.4 338.1 338.7 343.2 347.4 352.5 357.1 361.8 368.9 376.6 382.2 386.3 390 392.8 394.9 396.9 396.3 395.4 393.8 390.5 384.6 380.8 377.9 376.6 375.9 375.9 373.7 374.7 383.1 396.2 403.7 406.8 404.7 401.3 401.8 399.9 395.4 383.3 339.9 311.8 292.3 278.8 266.2 247.7 241 234.6 236.3 242.8 264.3 291.8 320.2 348.2 368.5 381.3 387.8 389.8 390.5 390.1 389.2 387.4 384 380.1 374 368.7 362.6 354.5 348.3 342.5 338.8 340.7 345.4
335.8 333.6 331.6 330.2 327.3 328.2 332 332.5 333.8 334.4 340.3 345.7 350.9 356.2 360.4 366 372.6 377.8 382.9 386.9 390.8 393.5 395.7 396.3 395.3 393 389.7 385.5 381.2 377.3 375.2 373.6 373 371.7 370.1 371.7 380.7 391.1 397.2 397.4 394.4 396.9 397.2 394.9 388.9 353.8 319.5 293.7 282.5 268.6 255.3 245.3 233.8 236.5 240.4 261.3 289 316.6 342.7 365.8 378.9 385.5 386.6 386.8 386.7 386 385 383.1 380 374.6 370.2 365.3 359.5 352.4 344.4 337.4 331.4 338.3
327.1 325.5 323.8 323.1 316.1 321.1 320.6 327.1 330.9 337.6 341.2 344.1 348.9 354.9 359.6 364.9 369.4 373.6 379.4 384.1 388 391.9 394.5 395.3 394.3 392.4 389 384.9 381.6 378.5 374.3 371.3 370.1 369.5 367.6 366.5 368.7 377.3 387.1 388.6 388.2 390.1 392.6 393.3 388.2 359.4 323.7 295.8 283.2 272.4 258.9 245.3 237.6 234.8 238.4 256.4 283.5 310.9 337.9 360.9 374.4 380.6 382.9 383.1 383.1 382.7 382.7 382.8 380.5 377.6 373.3 369.3 364.9 358.5 349 338.1 323.7 330.9
316.5 315.7 315.4 311.4 307.9 310.9 323.7 332.5 339.8 343.3 347.1 351.1 355.9 359.8 361.3 363.1 366.6 370.6 376.6 381.3 385 388.8 392.6 394.6 394.5 393.1 388.4 384.8 382 379.7 375.8 371.7 368.4 365.1 364.4 363.7 362.6 363.7 371 375.1 378.3 380.7 385.6 385.4 381.4 362.5 328.3 301.5 285.2 274 262.4 248.9 241.4 233.6 236.7 250 276.6 302 328.4 352.1 367.8 374.6 378.3 379.5 380.1 380.3 381.1 381.7 379.7 377.8 375.2 372.2 368.8 363.7 356.1 342.9 328 322.6
310.2 306.5 299.6 295 312.5 324.5 333.1 341.3 348.2 355.1 367.2 370.5 376 377.1 372.5 367.9 369 371.8 375.4 379.4 382.6 385.8 389.9 393.2 393.8 391.8 388.8 385.6 382.3 380.4 377.6 372.7 368 362.8 361.3 360.2 358.3 355.8 358.2 364.1 367.4 370.3 374.3 376.9 375.5 361 335.2 305.2 289.3 277.3 266.7 254.6 246.3 234.1 233.8 244.3 266.6 292.9 318.8 339.8 357.6 368.1 373.3 376.7 377.8 378.1 379 380 379.5 377.7 376.2 373.5 371.3 367.7 361.3 352.9 334.5 316.9
299.4 289.1 299.8 313.6 325.8 334.8 341.7 349.4 363.1 374.6 382.1 390.8 393.2 392.9 386.8 380.1 377.2 377.2 377.9 380.3 381.3 382.3 384.8 390.5 392.2 391.6 388.3 385.1 381.4 380 377.5 374.1 367.8 362.1 357.3 355 354.1 351.3 350.4 354.1 357.8 360.9 364 365.8 365.4 356.6 339.8 310.2 294.3 280.7 270.9 257.9 247.6 236.4 230.9 241.1 254.9 278.4 303.6 327.2 344.2 359.4 367.5 372.8 375.5 376.3 376.8 378.1 378.4 377.1 376.4 374.8 372.3 368.8 364.2 357.9 344 325.7
286.4 299.2 313.5 325.7 336.5 343.8 351 365.5 379.5 388.2 400 402.7 402.9 401.4 397 390.4 383.4 381.7 382 381.9 382.6 380.7 381.5 384.1 389.7 389.5 386.7 384 381.6 379.3 377.3 374.6 371.4 362.9 356 351.2 348.9 348.4 345.8 347.5 350.5 353.5 355.5 357 356.1 351.6 339.8 315.9 295.1 282.6 268 259.5 250.3 242.6 230 237.1 245.8 261 280.6 307.5 329.5 344.9 359.2 368.3 372.4 374.2 375.2 376 376.8 377.3 376.2 374.7 372.3 369.3 365.5 360.1 349.9 331.5
291.1 307.7 321.7 333.2 342.5 351.6 364.4 378.5 392.1 401.1 407.6 409.7 407.9 407.1 403.5 398.8 391.3 386.6 385.2 384.4 382.7 380.6 379.5 379.9 383.7 387 385.1 382.8 380.4 378.2 376.1 373.9 370.1 363.7 357.9 353.1 347.5 343.3 341.8 341.7 343.7 347.4 349.8 350.5 349.3 347.1 339.6 322.9 301.8 281.7 269.4 259.6 251.8 243.5 231.8 229.2 240 251.7 265.7 289.9 310.5 326.7 344.6 361 367.9 371.3 372.7 374.8 375.4 375.7 375.7 374.5 372.3 369.4 365.8 361 354.5 338.5
296.2 314 326.4 337.1 346.1 360.6 376.8 390 399.3 406.1 409.7 411.5 410 407.5 406.4 404.1 400 392.5 385.7 383.5 382 381 379.6 376.9 377.4 382.5 383.8 381.5 379.2 377 374.6 372.7 369.1 364.9 359.6 354.2 349.7 343.1 337.5 334.9 336.6 340.6 343.4 344 344.5 342.4 337.1 322.5 303.8 283.3 267.6 259.3 251.3 244.4 237.8 227.5 233.2 244.3 255.8 271 289.6 309 328.9 346.7 361.8 367.3 369.9 371.9 372.9 373.6 374.1 373.6 372.3 369.3 365.8 360.8 355.7 342.9
299.7 316.4 328.9 338.7 350.6 367.6 385 397.3 404.2 406.6 408.3 411.1 409.5 407.5 405.8 405.3 403.5 398.9 390.3 383.1 381.1 381.8 381.4 379.1 372.9 374.5 380.2 378.9 377.5 375 372.5 370.9 368 365 361 355.8 351.5 345.4 337.7 333.2 331.2 333.5 336.8 339.3 340 337.7 329.8 319 305.3 288.7 271.4 261.1 250.7 244.1 236.9 230.7 225.2 233.7 249 259.5 271.2 291.9 311.9 332.2 349.7 362.1 366.5 368.9 370.5 370.8 371.5 372.2 371 368.6 365.1 360.5 355.4 345.6
306.3 318.9 330.5 340.9 356 375.2 390.2 400 405.4 406.4 406.6 408.1 407.5 405.9 404.5 404.2 404.8 402.5 398.4 391.1 385.4 383.5 382.7 380.2 377.3 369.9 373 376.9 375.6 373.1 370.6 368.8 366.8 364 360.9 357.7 353.5 348.3 340.2 332.8 328 326.9 330.4 333.6 334.6 331.7 323.9 316.5 303.5 291.4 272.3 257 245.6 239 235.5 232 227.3 224.1 238 248.2 257.7 273.8 294.3 315.3 337 353.4 361.1 364.8 367.4 368.2 368.3 369.4 369.3 367.6 364.1 359.7 354.8 345.5
310.5 322.8 332.7 347 365.5 382.4 391.9 399.7 404.9 404.8 403.9 404.8 404.6 403.7 403.1 402.7 402.9 401.3 399.6 397.6 391.6 386.5 383.7 381 377.7 373.6 367.6 372.5 373.6 371.6 369.8 367.6 365.7 363.5 360.3 357.4 354 349.6 344 335.9 328.4 320.7 323.5 326.6 328.6 326.3 319.5 307.4 297.8 282.7 263.3 265.4 255.9 247.3 241.6 236.9 231.4 225.5 230.3 240.7 250 262.4 277.6 300 322.1 343.6 355.1 360.6 363.6 365.6 366 366.2 366.3 366.1 362.4 358 352.8 343.5
314.8 326 336.5 355.1 375.2 386.7 394.6 398.2 401.9 402.9 401.1 400.4 400.8 400.8 401 401.2 400.2 398.1 399.9 399.2 396.9 389.4 385.2 381.8 378.5 374.8 368.9 366.6 371.2 370.6 368.9 367 365.1 363.2 359.4 356.4 353.5 349.8 345.4 339 330.8 323 317.7 320 321 319.9 310.8 297.2 286.1 288.5 291.2 288.2 277.5 260.9 246.4 239.7 235.3 224.7 224.5 232.3 243.3 254.9 268.5 286.7 308 330.4 348.2 355.3 359.6 362.5 363.1 362.7 362.9 362.9 360 355.9 350 341.4
319.6 328.5 341.8 363 380.8 389 395.7 398.2 399.2 400.5 398.1 395 393.8 395.1 395.5 396.4 397.6 398.2 399.2 399.6 398 394.9 385.4 382.3 379.3 375.1 371 363.4 362.8 367.8 367.3 366 364.8 362.1 358.6 354.7 351.5 348.8 345.4 341 333.5 324 318.5 310.6 315.8 312.9 301.8 298.4 308.1 316.1 318.3 316.4 303.9 286 267.6 249.1 236.9 230.4 224.5 221.5 235 246.9 259.9 275 297.1 318.3 338.7 351.2 355.9 358.8 360.4 360.5 360.7 360.1 357 353.1 348 339.5
328.6 340.2 354 369 383.1 389.7 394.3 396.4 396.5 396.1 393.6 386.3 384.7 387.5 390.5 391.4 393.3 394.6 396.4 397 396.3 394.2 387.8 381.3 378.3 375.2 371.3 364.6 359.1 362.2 363.9 363.1 362.8 360.9 357.9 353.8 349.4 345.5 342.7 339.6 335 326.1 320.1 314.8 309.8 308.9 308.6 315.5 325.4 335.7 338.7 334.8 325.8 311.6 289.4 269.2 247.5 232.7 226 218.2 227.1 237.7 251.6 265.4 286.1 310.2 331.2 345.7 352.3 355.5 357.5 358.5 358.8 357.4 354.3 350.7 345.3 336.2
327.7 341.1 357 373 381.8 387.8 391.2 393 392.2 390.9 384.1 380.8 378.3 378.3 382.3 386.3 387.5 389.2 391.3 393.9 394 393.7 388.1 381.4 377 372.7 370 364.5 359.6 356.6 358.3 359.2 359 358.5 356.4 352.3 347.6 343.3 339.9 336.8 332.8 326.1 321.6 317.6 315.1 313.7 312.4 315.2 324.9 337.9 347.3 348.9 341 328.1 310.2 288.8 263.2 242.5 230.1 221.9 219.3 229.3 241 256.4 275.4 300.4 326.6 341.3 348.6 352.2 354.4 356.1 356.5 355.5 351.9 348.6 342.8 334.3
321.5 337.1 357.4 369.2 377 383.5 386.8 388.3 388.3 382.4 377.8 375.4 372.3 371.8 372.9 377 381.4 384.2 386.9 391 391.5 390.4 387 382.3 377.3 370.7 365.1 360.3 357.8 354.9 352 354 355.1 354.8 353.2 349.7 345.4 340.2 337.2 334 330.6 325.6 320.4 317.1 315.6 314.6 313.4 313 316.3 327.3 341.1 348.9 349.8 342.8 327.8 304.6 280.3 254.3 237.8 223.7 217.9 219.2 230.9 245.5 264.8 290 318.3 337 344.6 348.4 351.3 353.4 355 354.3 351.1 347.3 343.2 337.8
320.9 336.3 351.5 360.2 370.1 376.8 381.3 383.6 379.6 375.4 373 370.5 367.1 365.5 366.8 370.5 376 378.9 382.4 386.2 388.6 387.3 386 383.1 378.9 373.3 367.6 364.5 359.5 354.7 350.4 345.2 349.3 350.1 349.4 346.3 342.6 337.7 334.4 331.6 328.7 324.6 320.3 316.4 314.9 314.6 312 311.4 312.1 317.5 328.6 342.1 348.1 348 338.4 318.3 295.8 270.5 246.5 230.3 218.6 217.3 223.5 237.5 255.6 279.4 306.8 331 340.4 345.5 349.2 351.2 353.1 353.1 350.7 348.2 344.2 340
318.8 329.5 340.8 349.6 358.9 367.1 372.3 372.8 371.4 370.6 368.6 364.2 361 359.6 359.4 364.9 370.9 373.3 376.4 380 383.5 384 383.8 382.9 382.2 379.9 372.7 367.8 363.5 357.4 352.6 346.3 341.8 345 345.2 342.7 338.3 334.4 331.2 328.8 326.1 324.2 320.3 315.2 312.3 311.4 310.4 310.3 310.9 312.5 318.6 328.5 342.2 350.1 345.3 329.2 309.7 285.7 258.8 237.3 222.7 216.3 214 230.4 246.9 269.9 297.7 324.6 336.7 342.6 346.4 349.2 351 351.1 350 348.1 344.7 340.6
312.9 322.3 328.3 336.8 347.1 355.6 360.5 363.3 364 364 361.2 358 355 353.5 351.4 356.8 364.2 368.8 371.4 375.3 378.6 381.7 383.7 384.9 385.8 385.6 383.2 372.3 365.8 359.6 353 347.9 341.4 338.3 340.7 339.7 335.8 331.9 327.1 324.8 323.7 323.4 320.6 313.1 309.8 308.6 307.9 308.9 308.1 309.9 312.4 317.7 327.1 337.5 342.5 334.3 319.7 296.5 270.1 244.1 228.9 217.6 215.3 222.8 238.1 261.3 290 318.2 333.2 340.3 344.4 347.7 348.9 348.9 348.7 347.2 344.3 339.7
