public/OST50/SO12.asc
ncols 200
nrows 200
xllcorner 310000
yllcorner 220000
cellsize 50
[rows 105 to 139 of 200, columns 0 to 77 of 200]
114.5 114.2 113.7 113.2 112.6 113.7 114.9 114.3 113.9 113.7 110.8 113 112.7 112.2 113.5 113.2 112.6 112.5 111.6 110.2 111.9 112 111 114 119.3 123.7 129 131.1 133.2 136.5 140.1 144.3 148.8 153 159.6 167.3 177 188 196.6 204.9 216.6 227.4 240.2 250.8 263.9 286.4 304.4 325 350.1 349.9 337.8 317.4 301.7 287.3 274.8 263.7 253.6 245 235.8 226.6 215.4 205.4 197.5 187.4 177.8 169.7 162.8 159.7 158.2 157.2 157 156.7 156.3 156.6 156.6 156.7 156.7 156.9
114.4 113.8 113.3 112.9 112.5 114.7 114.4 114.1 113.9 113.7 113 112.7 111.6 112.6 113.1 112.9 112.7 112.7 112.7 111 110.2 110.4 109.6 109.5 111.8 119.1 123.7 125.9 130.5 133.2 136 139.6 143.3 149.4 156.3 163.6 172.7 185.7 194.8 202.4 213.3 223.6 233.8 244.9 258.6 281.2 303.2 322 350.9 356.3 349.4 331 309.9 294.6 281.8 269.9 258.8 250.2 243.2 231.5 221.7 210.4 201.7 192.3 181.4 172.4 164.6 161.1 158.7 157.6 157.3 157.1 156.8 156.9 157.1 156.8 156.9 156.7
114 113.8 113.1 112.4 111.9 113.8 113.9 113.6 113.6 113.7 112.2 111.7 112.2 113.4 113.2 113.1 112.9 112.9 112.9 112.8 109.7 109.7 110.4 111.1 110.2 111 118.9 123 125.1 129.3 132 135.4 139.2 145 152 160.3 168.9 181.8 192.3 200.4 209.9 219 230 239.9 257.7 277.6 298 314.3 339.9 360.3 359.3 348.1 324.7 306.5 290.4 274.8 262.4 254.1 245.5 239.6 227.6 216.6 205.9 196.7 184.3 178.2 168 162.8 159.3 158 157.6 157 156.6 156.4 156.6 156.8 157.1 157.5
113.8 114 113.7 113.2 112 114.8 113.6 113.1 112.9 113 110.9 111.9 112.6 113.4 113.4 113.2 113.1 113.1 112.9 112.5 112.2 112.4 112.6 112.3 111.4 109.7 112.9 118.5 122.2 126.1 128.8 132.5 135.2 139.5 148.6 155.8 164.9 176.7 186.9 194.8 205 216.3 225.8 236.8 255.4 276.1 295 307 330.4 358.2 363.5 358.7 343.8 321.2 302.2 284 268.1 258.8 248.2 241.2 231.4 221.9 211.5 200.6 190.8 181.3 172.2 164.5 160.7 158.6 158.4 157.8 156.6 156.7 157.2 157.5 158 158.5
118.1 113.7 113.3 113.7 112.6 113.7 113.3 112.6 112.7 113.5 113.3 111.7 112.1 113.3 113.5 113.3 113.3 113.1 112.7 112.4 112.4 112.6 112.8 112.8 112.8 112.2 109.6 113.3 117.1 121.1 126.6 129.5 133 135.8 143.4 151 158.4 168.4 180.9 193.1 203.4 213.4 223.2 234 253.4 272.1 289.6 302.7 324.7 355.9 368.2 371.8 361.3 340.5 315.8 297.4 282.1 268.3 254.2 242.6 233.1 225.5 216.9 206.8 196.6 186.8 177.1 168 164.2 161.1 159.4 158.4 157.4 156.4 157.4 158.3 158.9 159.6
127.4 119.8 113.4 113.5 114.7 112.3 112.3 112.1 113 113.6 112.7 111.8 111.6 113.3 113.3 113.5 113.3 112.8 112.6 112.6 112.5 112.6 112.8 112.8 112.8 112.6 112.4 110.2 113.2 115.7 119.7 126.7 129.5 133.1 139.1 147 155.8 165 179.9 191.2 200.5 210.1 220.1 231.9 248.9 265.6 282.8 297.1 319.3 349.4 368.9 382.5 376.9 357.3 331.1 311.1 292.3 280.3 262.9 250.2 236.1 226.2 220.6 210.7 201.1 191.2 181.1 172 166.6 163.7 160.6 159.7 158.7 156.7 157.1 158 158.7 159.7
135.7 129.7 120.6 113.2 113.3 112.6 112.7 112.5 112.6 112.3 112.7 112.1 112.7 112 111.6 113.4 112.9 112.7 112.7 112.7 112.7 112.7 112.8 112.8 112.5 112.2 111.5 110.5 111 112.9 114.4 118.8 126.4 130.5 134.3 140.9 149.5 161.4 174.1 186.5 197.8 209.2 218.8 233 247.6 261.3 276.7 293.8 314.9 346.4 366.6 385.1 383.4 367.4 347.9 321.2 301.2 286.5 271.2 257 243.6 229.4 220.2 211.2 204.2 194.1 184.8 175.7 169 164.3 162.8 161.1 159.7 157.3 156.7 157.7 158.8 159.7
142.9 138 130 122.8 114.3 113.1 113.1 113.1 112.8 112.5 112.1 112.8 112.4 112.7 111.9 113.1 112.8 112.8 112.8 112.8 112.8 112.8 112.8 112.5 112.3 112.1 112 111.6 109.9 112.8 112.4 114.4 119 126.8 130 136.8 143.3 151.8 167.7 184.1 195.4 207.5 218.5 234.7 248.6 258.1 270.2 286.8 305.8 340.4 362.9 385.9 386.9 377.5 359.1 334.4 309.9 293.1 280.3 265 250.3 234.6 222.7 214 206.8 198.8 189.6 180.2 172.8 165.6 163.9 162.6 160.1 158.4 157.5 157.8 158.8 159.7
151.5 144.5 137.4 130.4 125.3 117.3 114.6 113.6 113.2 112.8 112.2 112 112 112.1 112.2 112.3 113 113 113 113 113 113 112.7 112.6 112.4 112.2 112.2 112.1 109.6 109.7 110.5 113.1 112.9 119.3 128.6 132 138.5 147.5 164.8 179.8 193.1 205.8 220.5 236.7 248.1 254.9 266.5 281.5 295.1 332.3 357.6 377.5 390.3 380.3 368.5 348.1 319.8 297.5 286.5 271.9 257.4 242.1 226.8 216.5 209.4 202.3 194.4 186.2 178.1 170.4 165.7 163.4 160.7 159.1 158.4 157.3 158.6 159.7
158.1 150.8 143.6 137.1 130.9 124.9 120.3 115.5 113.7 113.2 112.7 112.4 112.2 112 112.1 112.3 112.9 113.1 113.2 113.2 113.1 112.9 112.7 112.6 112.5 112.3 112.5 112.3 110.1 108.6 109.3 109.4 112.5 112.3 118.6 128.9 132.7 143.2 155.6 170.3 186.7 202.2 221 234 243.1 247.5 256.4 273.4 287.5 323.1 349.2 368.2 381.3 382.4 370.4 358.3 331.5 303 290.3 277.3 264 247.7 232.9 220.9 212 204.8 197.4 190 181.4 175.2 169.2 164.6 161.8 160.6 159.8 158.7 157.6 159
167 158.3 151.6 144.1 136.6 130.1 125.2 121.2 118.2 114.7 113.3 113.1 113.1 113.2 113.2 113.1 112.7 113 113.2 113.3 113 112.7 112.6 112.5 112.5 112.4 112.6 111.7 110.4 108.5 109.7 109.9 109.4 111.8 112.3 120.1 128.2 138.1 149.1 160.6 177.2 195.6 216.1 230.6 237.5 244.7 249.9 262.2 279.5 305.3 337.9 355.4 369.7 381.1 376 362.8 338.7 309.7 292.2 279.5 266.6 254 239 226 214.9 207.6 199.6 193.8 184.6 178.8 172.3 166.8 164.2 162.4 161.6 159.8 158 158.9
176.1 168.1 160.7 152 144.6 135.3 130.2 126.2 122 118 115.6 114.4 113.6 113.3 113.6 113.5 113 113.2 113.6 114 113.5 112.9 112.5 112.3 112.1 112 112.6 112.4 111.2 110.2 110.2 108.4 108.3 108.5 111.9 112.6 124.4 130.1 143.3 153.6 167.7 187.2 211.7 230.6 236.4 240.2 245.4 254.7 272.9 290.4 320.3 343.5 359.2 369.2 377.7 366.5 345.5 317.7 297 281.3 266.8 256.4 244.3 231 218.9 211.1 204.3 196.2 191.2 183.2 176.3 170.6 165.7 164.6 163.3 161.7 160.3 158.7
188 180.5 170.5 162.3 152.4 143.4 135.5 130.9 127.5 121.7 118.7 116.8 115.7 115.5 114.6 113.7 113.2 113.5 113.7 113.6 113.7 113.1 112.7 112.6 112.4 112.2 112.7 112.8 112 111.4 111.8 111.4 111.5 110.1 109.2 111.4 112.5 126.4 135.1 148.9 159.1 173.4 199 225.5 229.7 232.7 236.3 242.1 258.7 275.3 306.5 329.6 344.8 358.6 368.9 366.1 352.5 325.2 301.1 284.1 269.4 256.5 246.8 237.1 224.7 216 209.7 201 194.6 189.4 181.7 175.2 170.2 165.5 164.5 162.8 161.2 159.6
198.5 191.1 182.6 172.4 162.8 151.2 142.5 137.1 131.7 128 122.2 119 117.1 116.7 116 114.9 113.4 113.4 113.3 113.3 113.5 113.3 112.9 112.8 112.8 112.5 112.6 112.8 112.7 112.4 112.3 112.2 111.9 112.6 109.4 108.6 111 118.3 126.9 140.8 151.3 163.5 182.6 212.2 222.1 225 229.7 232.6 247.3 265.5 291.4 317.4 331.7 345.5 357.9 363.6 357.1 333.7 306 287 272.8 258.2 248.3 238.5 229.6 218.8 213 205.2 199.2 193.2 186.3 180.1 174.1 168.8 165.8 163.6 162 160.4
210.6 201 191.2 180.3 169.7 159.8 151.7 144.7 136.7 131.7 127.5 122.3 119.4 117.8 116.8 115.9 113.9 113.4 113 112.9 113.1 113.4 113.1 113.6 113.7 113.4 112.4 112.6 112.9 112.8 112.8 112.8 112.7 112.6 112.5 111.3 107.9 110.7 124.1 133.5 144.1 154.3 170.9 192.6 211.4 215.7 221.4 226.2 236.8 253.5 280.7 309 322.5 334.7 345.4 355.3 355.5 340.6 312.1 290.2 278.7 261.6 249.6 241.7 232.5 222.9 214.8 209.5 202.8 197.1 192.7 187 180.5 173.7 168.1 164.9 162.7 161.2
221.7 209.9 201 191.9 179.1 167.8 158.1 150.2 142.3 136.6 131.3 127.5 122.4 120.5 117.1 116 114.3 113.7 113.3 112.9 112.9 113.1 113.1 112.8 113.4 113.1 112.5 112.7 112.7 112.6 112.6 112.6 112.5 112.6 112.6 112.2 110.6 107.9 116.7 125.8 138.3 148.4 160.1 182.3 199.1 208.5 215.1 216 226.4 244.9 268.3 298.5 312.9 322.4 336.3 348.5 351.9 343.1 319.5 293.5 280.4 268 252.5 243.3 234.8 226.1 218.2 212.5 205.9 200.4 195.3 191.3 186.7 180 170.8 166.7 163.8 162.4
231 220.2 210.8 200.6 190.2 179.1 168.4 157.2 149.6 142.3 135.8 131.8 127.9 122.9 118.3 117 114.6 114 113.5 113.2 113.7 113.6 112.9 112.8 113.2 113.3 112.7 112.5 112.5 112.4 112.4 112.4 112.4 112.4 112.4 112.4 112.3 111.3 108.6 123.9 131.2 141.9 150.9 166.1 184.4 200.3 206.5 210.9 221.9 236.5 254.1 280.9 302.4 315 326.2 341.7 347.7 342.3 324.6 297.9 282.9 272.3 256.4 245 237.5 230.2 222.9 215.6 209.9 204.9 200.6 196.1 193 186.3 177.7 170 167.3 164.3
238.9 228.4 220.7 209.2 200 190 177.3 167.6 157.8 147 142.2 137.1 132.8 128.3 122.2 118.8 115.7 114.1 113.6 113.8 114.9 114.3 112.9 112.8 113 112.7 112.4 112.4 112.3 112.3 112.2 112.2 112.2 112.2 112.2 112.2 112.2 111.6 108.7 119.4 126.1 135 142.9 154.3 169.3 187.5 201.6 205 212.7 228.6 243.1 262 289.1 308.2 319.3 335.9 343.6 342.2 327 304.3 284.2 272.7 261.3 246.3 239.1 232.3 227 219.5 214.4 208.9 203.8 199 194.4 189.9 183.2 174.3 169.5 167
248.9 237.1 226.5 215.5 207.1 197.3 185.4 176.7 165.9 154.9 148.7 143.4 138.4 132.5 127.1 122.9 117.7 115.8 113.9 113.8 114 113.9 112.9 112.6 112.4 112.1 112.3 112.2 112.3 112.3 112 112 112 112 111.9 111.9 112.1 111.7 109.4 111.4 122.8 129.1 137.7 147.1 157.1 171.3 188.6 198.5 206.2 220.3 233.2 251.1 274.2 299 311.8 325.9 337.4 340.3 330.4 307.8 285.4 273.6 262.5 250.4 241.1 234.3 229 223.8 218 212.4 207 201.6 196 191.5 187 179.8 174.2 168.9
251.7 242.7 232.3 223.3 212.7 204.5 193.9 184 172 162.9 155 147.2 141.6 135.6 129.7 124.3 119.8 117.7 115.3 113.8 113.4 113.6 112.8 112.6 112.5 112.2 112.2 112.1 112.4 112.3 112 111.8 111.8 111.7 111.6 111.7 111.8 111.7 109.7 108.3 118.7 125.4 132.6 140.6 150.5 161 175.7 187.5 197.3 208.6 224.9 239.4 261.4 282.9 303 317.9 332.7 337.6 330.7 311 289.1 275.5 262.1 252.7 242.2 236.2 229.9 225.1 219.8 214.8 208.4 203.7 198.5 193.2 188.6 184.3 178.2 171.4
257.9 247.3 238.2 227.1 219.3 211.5 201.1 189.6 179.2 170.6 160.2 151.6 145 140.4 134.2 128.3 121.8 119.6 117.6 115.6 114.2 112.9 112.6 112.6 112.5 112.2 112 112.2 112.4 112.3 111.9 111.2 111.5 111.4 111.4 111.5 111.6 111.7 110 108.3 113.2 123.4 127.8 135.2 143.3 151.1 162.5 176.5 184.7 197.9 211.4 226.9 248.5 268.5 292.8 310.9 326.9 334.7 330 314 290.2 276.2 264.4 253.8 244.9 237 230.8 225.7 220.7 216.1 211.5 205.9 199.8 194.8 190.3 185.3 180.1 174.4
261.3 250.9 240.7 230.6 222.9 215.8 204.4 192.3 183 175.4 165.8 154.9 147.1 142.6 137.9 132 127.3 122.4 119.8 117.5 115.5 113.4 112.5 112.2 112.9 112.6 112.2 112.3 112.5 112.8 112.1 110.6 110.5 110.8 111.5 111.2 111.3 111.3 110.4 108.3 112.2 118.3 124 129.6 136.2 144.9 155 165.2 178.3 189 202.4 215.9 238.7 256.6 284.2 301.4 319 333.7 329.9 312.7 290.8 278.2 267.6 256.5 246.5 239.2 230.9 225.9 221.9 216.9 211.9 206.6 200.2 195.9 192 186.5 181.7 176.6
264.2 254.1 242.9 233.7 227.4 219.6 207.4 196.4 186.6 179 170.9 158.1 149.4 144.1 140.2 135.2 130.3 126.3 124.2 127.3 127.8 120.1 113.1 113.3 112.9 113 112.6 112.4 114 113.3 112 110.8 110.1 110.6 111.1 111 110.8 110.9 110.9 108.8 109.2 114.6 121.7 125.7 131.6 138.6 148.6 160.4 172.2 182.8 192.6 207.2 224.3 247.1 266 293.5 310.9 330.5 330.9 313.5 294.2 278.7 268.2 258.1 248.4 239.9 232.3 226.2 222.1 216.9 212.6 207 201.6 198.2 193.2 188.1 183.5 179.6
268.4 256.2 244.9 237.4 230.7 220.1 209.1 198.5 190.5 181 173.4 164.1 153.7 146.5 142.7 138.7 134 131.2 130.4 135.5 138.5 137 123.7 112.9 112.6 112.8 112.7 113.1 114.5 113.6 113.5 112.5 111.8 111.1 111.4 111.2 111 110.8 110.6 109.9 107.6 111.9 117.9 123 129.1 134 142.7 151.7 164.7 175.1 185 197 210.9 230.8 253.2 277.3 302.3 323.5 329.2 312.3 296.5 280.6 269.4 258.3 248.9 240.9 234.1 227 222.4 217.2 212.7 208.5 204 200 194.3 188.9 184.9 181.9
269.8 259.1 248.6 240.6 231.6 221.3 212 200.2 192.5 183.8 175.7 167.3 156.9 149.5 144.8 142.3 137 132.3 130.6 136.2 138.9 138 127.8 117.4 114 113.1 112.8 113 114.8 114.1 113.5 112.8 112.4 112.1 111.7 111.5 111.4 111.2 110.7 111.2 107.8 110.9 114.5 120.2 123.4 129.9 136.7 144.2 155.8 167.8 179.1 191.1 204.4 218.4 241.6 261.6 293.3 316.1 327.5 312.2 298.2 282.9 270.6 259.9 250.8 244 236.4 228 222.7 218.1 214.2 210.7 205.9 201.7 196.3 191.6 185.9 182.4
268.4 260.2 249.6 240.8 232.1 220.5 212.2 201.5 193 186.4 178.5 171.4 161.4 152 145.9 143.4 138.1 132.8 130.2 132.6 135 134.3 128.8 122 118.3 114.5 113.4 115.4 117.1 116.8 115.5 113.4 113 112.6 112.3 111.9 111.8 111.2 110.4 110.4 110.4 110.2 112.6 117.6 119.5 125.3 131.6 134.5 148.9 161 171.9 183.5 197.2 207.3 229 253 283.7 305.3 324.7 309.4 297.3 285.2 272.4 262.5 254.3 246.2 238.5 230.9 224.8 220 216 212.2 207.6 203.8 198.4 193 186.7 183.1
265.4 258.3 248.9 240.5 231.7 220.2 211.2 202.9 194.1 187.7 180.1 171.4 164.2 157.4 148.8 143.8 139.4 135.1 131.4 131.5 134.1 133.1 132.7 127 122.4 117.5 115.9 120.5 125.6 121 116.4 114 113.5 113.2 112.8 112.4 111.9 111.1 110.7 111.4 111 108.7 109.3 111.6 114.7 121.2 126.5 131.7 141.9 154.4 165.7 176.8 188.7 202.2 218.8 241.3 269.2 295.4 316 308.2 297 285.6 274.3 265.5 256.3 247.4 240.5 233.7 226.9 221.7 217.5 213.3 209.8 205.9 200.8 194.9 189.5 184
261.1 254.3 247.7 239.1 230.1 219.8 209.6 202 194.1 188.1 181.7 172.8 166.2 160 151.3 146 141.6 136.8 134.2 132.7 134.9 136.6 136.4 129.8 127.5 127.4 125.1 129 125.5 119.3 116.3 114.9 114.1 113.5 113.1 112.7 112.2 111.6 111 111.4 111.4 111.7 110.7 107.6 110.2 114.1 122 129 136.5 146.9 158.9 169.5 181 196.3 212.3 228.6 256.5 287.9 305.1 305.2 295.5 284.4 274.6 265 257.9 249.9 243 236.5 229.9 223.3 219.1 214.9 211.9 207.9 202.6 196.6 190 185.1
254.6 248.5 242.8 234.8 227.3 217.6 207.5 199.4 193.1 187.7 181.9 173.7 167 161.7 154 148.5 144.8 139.9 136.5 136 134.4 137 137 133 130.1 131.3 131.6 127.7 117 117.5 117.2 115.4 114.9 114.1 113.4 113 112.5 111.9 111.2 111.3 111.2 111.6 112.1 111.1 108.9 106.4 112.8 123 130.9 140.8 150.3 162.5 176 188.7 200.6 223.4 246.5 276.5 294.6 296.8 293.1 284 274.5 265.9 258.3 250.4 244.5 239.4 232 225.6 220.9 217.2 213.8 209.9 205.2 200 193.3 186.1
247.7 240.8 236.5 229.9 223.5 215.8 206.3 198.8 191.9 186.7 180.6 173.3 168 163 156.3 149.9 146.5 142.5 139.3 136.7 136.4 136.6 136.6 133.5 132.7 130.2 127.9 117 117 117.4 117 115.4 114.8 114.3 113.8 113.3 112.7 112.2 111.6 111.5 111.4 111.5 111.8 111.8 109.9 108.8 106.6 118.9 125.5 134.1 144.3 156.4 169.5 180.3 191.8 216.8 237.6 259.7 282 286.8 285.9 281.1 272.6 265.7 260.4 254.3 248 242.3 234.6 227.8 223.2 218.6 215.2 211.9 206.8 201.5 195.9 187.9
241.7 235.1 230.2 224.7 219.5 213.1 205.4 197.8 190.5 185.6 180.3 174 168.9 163.1 157.5 150.6 147 144.4 141.3 138.5 137 136 137.6 135.2 132.9 125.5 118.9 117.3 117.5 117.7 116.7 115.9 115.6 115.1 114.4 113.7 113 112.4 111.8 111.9 111.8 111.2 111.3 111.2 110.9 110.1 109.1 109 120.9 129 138.9 151.7 163 173.8 187.8 208.6 230.7 249 266.6 273.5 276.4 274.1 270.1 265.7 261.7 255.9 248.1 243 236.8 230.5 225.4 221 219.1 213.1 208.5 202.9 197.8 191.2
242.3 233.2 225.8 219.5 214.9 210.8 203.3 196.2 189.8 184.1 178.8 173.2 167.9 163.4 156.9 151.4 147.9 145.1 142.3 140.2 137.5 134.4 136.8 136.4 130 119.1 118.1 117.4 117.2 117.3 116.8 116.4 116 115.5 114.7 114 113.5 112.6 112 112.4 112.2 110.9 110.6 110.6 110.4 110.6 108.6 107.5 117 125.5 134 144.7 155.1 168.8 177.8 203.3 228 238.1 252.4 262.2 267.1 265.1 265 263.9 262.4 257.1 249.3 242.6 237.7 232.3 227.6 220.7 219.5 214.4 210 205.2 199.6 193.3
243 234.3 226.1 219.6 212.6 207 199.9 193.3 187.5 181.7 175.9 171.8 165.9 162.1 156.4 151.9 149.1 146.7 144.1 142 138.7 134.7 130.6 133.9 127.5 119.3 118.4 118.1 117.9 117.7 117.2 116.7 116.4 115.9 115.1 114.4 113.6 113.4 112.4 113.7 112.3 111.3 111.4 110.3 110.4 108.9 108.1 109.6 109.8 120.8 130.1 139.1 149.7 163 172.6 193.7 218.9 228.4 235.7 248.1 258.1 259.1 259.9 259.9 259.5 257.3 250.9 243.9 239.2 234.2 229.1 224.5 220.7 216.2 211.6 206.9 201.6 195.2
243.8 233.4 225.9 219.9 212.2 206.2 200.1 193.8 187.4 180.8 175.2 170.7 166.3 161.3 157.5 153.6 148.2 146 144.1 142.2 139.6 135 130.5 130.2 125.5 123.1 120.2 118.8 118.6 118.2 117.7 117.1 116.7 116.2 115.5 114.8 114 113.4 113.8 114.7 112.9 111 109.7 109.4 109.2 109.4 109.8 109.1 106.8 115.5 125.4 134.2 145.6 156.7 167.3 184.6 208.8 220.1 224.8 235.2 247.2 251 253.1 254.8 255.2 254.4 251.1 244.8 239.5 234.8 229.8 225.6 221.9 217.8 213.1 208.4 203.5 197.4
246.3 237 225.7 218.1 210.2 204.2 199.3 192.4 186.5 180.1 176.4 171.1 167 161.5 156.4 152.7 148.6 145.4 143.6 142.5 140.9 136.7 131.7 127.4 123.6 121.4 121 120 119.2 118.7 118.2 117.6 117 116.6 115.9 115.1 114.7 114.5 116 112.5 111.2 110.9 110.7 110.5 110.3 110.2 109.7 109.3 108.8 109.5 119.4 131.6 140.4 152.4 162.4 179.7 197.2 209.3 213.3 220.2 230.5 239.2 244.5 246.7 248.6 249.9 248 244.8 239.5 236.9 230.8 226 222.1 218.4 214.7 210.1 205 199.2
