public/OST50/SO12.asc
ncols 200
nrows 200
xllcorner 310000
yllcorner 220000
cellsize 50
[rows 105 to 139 of 200, columns 78 to 155 of 200]
157.7 158.6 159.9 161.8 164 167 171.1 175.7 182.8 188.9 195.3 200 206.1 212.7 220 226.4 235.9 244.8 256.2 266.6 278.8 294.1 309 325.9 340.3 350 354.5 358.6 360.6 357.3 356 357 360 359.9 360.8 364.3 369.9 376.7 390.4 406.1 412.8 416 417.7 424.1 426 421.3 415.5 410.2 404.3 397.5 388.8 377.2 360.2 337.7 312.7 291 274.9 258.4 241.4 232.7 222.3 214.5 207 208.3 216.3 237.4 259.8 284.5 308.1 333.4 352.3 366.5 374.8 373.9 352.8 319.6 291.4 265.3
157.7 159 160.4 162.4 164.5 167.4 171.3 175.9 181.8 188.6 193.8 198.7 205.5 212.3 218.2 224.6 233.2 243 252.5 264.1 275.3 289.3 307.2 326.5 340.5 347.2 346.6 348.1 349.5 348.1 347.3 346.7 347.7 350.8 354.5 359.8 364.1 374.6 389 403 411.1 413.9 414.8 420.4 423.7 420.4 414.5 409 403.3 396.9 389 378.6 363 338.3 314.5 291.4 273.3 256.2 242.4 231.9 222.7 213.6 206.7 203.3 211.7 229.8 249.8 272.7 295.8 322.7 342.6 355.2 368.3 371 347.9 317.1 288.1 261
158.2 159.5 161.1 163.5 165.8 168.2 172.3 176.6 181.7 186.6 191.4 197.1 203.9 210.2 216.9 223.3 231.4 239.4 250.5 262.8 273.9 289.1 305.5 326 337.1 343.6 342.6 340.6 340.1 339.5 339.6 339.6 340.5 343.3 348.1 354.5 362.2 373.1 389.8 401.7 407.9 412.5 412.4 416.1 419.6 418.1 413.1 407.3 402.4 396.4 389.1 379.2 366.6 342.1 316.1 294.1 274.5 256.8 243.2 231.5 220.8 212.9 206.2 199.6 206.3 218.4 237.9 258.4 287.6 309.7 331.6 346.6 358.5 366.6 345.8 314.9 284.4 258.4
158.8 160.3 161.7 165.1 166.9 169.3 172.9 176.1 180.4 185.2 190.6 195.2 202.1 208.9 215.2 220.5 228 235.1 246.5 261.7 274.5 289.1 303.5 319.8 328.3 334.2 337.4 336 335 333.3 332.5 333.2 334.1 337.5 341.6 349.2 356.2 369.5 386.3 399.9 405.6 410.3 409.8 412.5 415.6 414.5 410.9 405.2 399.7 395.9 389.5 380.9 369.2 347.9 320.8 295.4 277.1 260.7 245.1 231 220.7 213.4 206 199.8 200.6 210.9 227.5 247 267.9 290.6 316.3 335.7 348.5 359.3 342.1 314.7 280.2 256.8
160.6 161.6 162.6 165.7 167.3 169.6 172.5 175.1 179 183.4 188 193.6 198.7 206.2 213.1 218.5 224.1 231.1 243.3 257.2 270.1 284.7 297.6 307.6 317.6 321.7 324.1 328.2 328.4 327 326.6 327.1 328.8 332 336.9 344.5 357.1 371.3 385.3 394.7 404.4 408.7 407.8 407.8 411.7 410.8 406.5 400.3 396.6 393.5 388.8 380.8 370.7 354.6 327.8 301.5 279.5 261 246.4 230.5 219.6 211.3 204.8 197.5 195 206.2 217 235.6 255.9 279.3 301.4 326.1 339.9 351.8 339.4 312 280.5 254.6
160.8 162.2 163.7 165.4 167.4 169.5 171.9 174.4 176.9 180.5 185.2 188.3 196 203.5 210.3 216.5 220.6 228.5 237 249.6 265.4 279.2 289.2 297.2 304.1 312.2 312.3 314.5 318.7 320.1 320.7 321.2 323.3 328.7 334.3 340.5 356.7 370.3 383 391.3 398.5 404.9 404.7 403.4 406.7 406.4 401.7 396.2 393.5 390.8 387.3 381.3 370.6 357 333.9 308.8 284.9 265.1 247.7 232.4 221.6 212.1 203.9 195.5 191.6 202 210.5 224.5 248 266.7 287.6 314.2 331 343 336 309.1 275.9 251.4
160.3 161.8 163.2 164.8 166.7 168.7 171.1 174 176 179.6 179.8 185.9 193.1 200.5 206.8 213.4 218.9 225.4 232.7 242.2 255.4 266.6 278 287.1 291.2 296.2 304.2 306.1 307.5 309.6 312.7 314.9 319.7 326.2 331.1 337 354.1 365.5 381.4 389.5 393.7 398.7 402.2 401.4 400.9 399 395.5 392.3 390.8 388.2 385 378.9 369.2 357.6 336.1 311.9 288.1 268.8 249.9 233.6 222.2 211.7 203.8 196.6 186.9 198.7 207.6 218.9 237.8 258.7 276.5 297.3 320.6 333.3 329.3 305.9 272.5 246.5
160.2 161.4 162.7 164.3 166.2 168.3 171.1 175 181.1 185.4 185.6 184.7 191.6 195.2 203.2 209.7 215.7 221.6 229.1 238 247.8 256.3 267.9 275.3 280.8 284.9 291.2 296.2 299.5 301.7 303 309.4 316.7 322.4 329.6 336.3 345.8 359.5 376.9 384.9 390.3 391.7 397.9 399 396.7 394 391.1 388.8 387.5 385.5 381.8 375.2 366.6 354 334.3 313.5 289.1 268.6 252.4 235.2 223.3 212.2 204 196.2 186 194.6 202.8 214.1 230.6 246.2 266.6 285.4 305.8 324.6 324.3 301.4 271.1 244.2
160.2 161 162.1 163.9 166 167.9 170.7 175.8 183.1 187.3 189.2 187 188.7 194.6 202.5 208.2 213.5 219.4 225.2 234.2 242.1 249.4 257.9 265.4 272.4 275.4 280.1 283 290 292.6 297 304.1 309.3 318.2 325.3 332.7 341.2 351.2 367.1 378.9 384.9 389.9 391.7 396.5 393.9 390.9 388.3 385.9 384.4 382.5 376.7 370.2 361.4 348.4 333.3 313.4 289 270.3 254.4 237.9 223.4 212.3 203.4 195.8 185.6 191.4 199.3 208.2 221 235.4 254.8 271.3 291.5 309.9 316 293.9 265.9 238.8
160.1 161.6 162.7 164.4 165.7 167.4 171.3 176.3 183.3 188.2 191.2 191.6 192.6 193.4 199.3 206.5 211.6 216.9 222 229.3 236.4 242.3 248.5 253.6 259.1 266 271.3 275.4 278.8 282.3 290.5 297.7 304.3 311.1 320.5 328.3 337.5 346.2 361.9 375.8 382.4 387.6 388.2 389.4 392.2 389.6 386.4 383.7 382.3 379 371 362 352.6 339.7 326.1 306.8 286.5 271.3 251.4 238.1 227 216.5 205.9 195.2 186.4 184.2 193.5 201.4 211.6 228 242.8 259.1 276.8 293.9 302.7 289.4 258.5 233.4
160.7 162.2 163.2 164 165.1 167.1 172 177.8 183.6 189.1 193 194.2 195.7 197.2 195.9 201.1 209 214.1 218.8 224.4 230.4 236.4 241.9 247.7 253 258 262.6 267.3 271.7 277.2 285.9 292.2 298.6 306.9 314.3 322.8 332.9 343.3 359.1 375.2 382 386 386.9 386.5 388.1 387.3 384.9 381.8 378.4 373.6 365.7 355.1 341.7 327.5 317.1 301.8 284.5 267.2 251.9 237.9 226.2 215 204.8 195 185.6 178.8 187.8 195 203.1 217 232.5 246.9 262.5 274.9 285.8 277.8 248.8 223
159.3 160.8 162.4 163.3 164.2 167.9 172.9 180.3 186.2 191.8 196.1 198.6 199.8 201 202.7 204 204.7 211.1 215.4 220.5 225.6 230.5 236.3 240.8 245.7 250.7 256 257.5 265.7 274.3 281.2 287.4 294 302.2 310.6 319.8 329.7 342.5 357 374.5 381.1 381.3 383.6 384 382.6 381.9 381 379.5 376.2 369 359.8 351.5 335.5 319.8 306.5 293.4 280.5 266.6 250.9 237.1 224.6 215.2 203.2 193.8 184.8 175.3 180.4 189.8 197.4 210.1 224.1 238 249 260.5 268.5 260.6 238 211.2
158.5 159.6 160.3 162.5 163.6 169.1 173.5 181.1 187.4 193.5 198.4 201.6 204.2 207.2 208.9 210.2 210.1 209 212.3 217.3 221.7 226.7 230.2 235.4 241.2 246 249 252.3 262.4 270.4 277.8 285.3 293.4 300.4 310.1 319.7 332.3 344.7 359.2 372.7 376.2 375.5 377.2 381.2 379.3 377.9 375.9 374.3 372.8 370 361.2 352 336.6 317.5 296.9 276.6 268.4 256.9 247.5 236.8 224.5 211.4 201.1 191.9 184.7 175.6 172 185.5 193.5 203.2 215.9 227.6 235.9 245.8 250.9 246.9 223.4 200.6
158.8 158.7 159.6 160.9 163.7 167.9 174.3 180.9 186.9 194.1 199.7 203.9 209.8 213.5 215.7 217.3 217.3 217.8 219.4 221.2 222.7 225.4 229.5 232.6 238.7 241.6 247.8 253.9 262.2 269.1 276.9 285.2 293.2 303.6 318.7 331.3 340.9 352.3 363.4 370.9 372.7 373 374 375.7 376.7 375.1 372.7 370.3 368.2 365.8 361.8 353.8 343.6 325.1 303.4 279.8 267.9 256.6 242.8 231.4 218.9 211.1 200.6 191.9 184.3 176.4 170.1 177.6 187.2 198.1 208.5 218.1 226.5 235 238.2 232.7 209.2 188.2
159.9 158.8 159.9 161.1 163.4 167.7 173.8 180 186.4 195 199.5 207.8 212.6 217.6 221.1 223.7 224.5 224.5 225.5 226.6 228.9 232 233.2 236.8 241.7 246.5 251.9 257.8 264.2 271.8 279.3 287.8 298.1 317.1 330.6 340.7 349.9 358.7 364.7 369.6 373.9 374.8 374.1 375.1 375 373.4 370.3 367.5 365.1 362.8 359.4 353.9 344.7 330.1 310.4 288.5 266.4 254 243.3 231.9 219 209.6 200.6 191.9 185.4 178.8 170.1 163.3 179.7 190.9 199.5 207.8 215.3 224.6 227 220.6 195.4 179.2
161.2 159.7 160 161.2 163.8 167.6 172.8 180.2 186.3 194.8 201.1 208.4 216.3 222.6 227.3 231 232.6 233.4 233.2 234 235.2 236.5 239.3 243.7 247.1 251.7 257.8 263.4 270.1 276.5 282.2 296 309.2 325.6 336.9 345.2 355.1 362.1 366 369.9 375.1 371.9 371.6 372.1 370.4 369.4 367.1 364.7 362.4 359.1 352.7 345.4 338.6 332.9 313.1 292.9 272.7 255.6 241.1 229.3 218.4 207.6 198.9 191.6 186.4 180.8 176.1 162.7 162.4 178.7 187.9 197.1 202.5 212 218.1 200.7 180.9 167.6
163 160.8 159.8 161.1 163.9 167.3 171.3 177.3 186.7 194.1 202.4 211.3 220.9 229.1 235.5 239.6 240.9 240.5 240.2 241.6 242.9 243.5 245.7 248.4 253.6 258.2 264.2 269.9 277.9 284.2 292.7 308 323.4 332.3 340.8 348.1 358.7 364.7 369 369 369.9 367.7 366.1 366.7 364.8 363.9 359.7 353.1 345.1 342.1 337.1 335.3 330.9 322 305.4 290.3 275.7 258.6 243.7 228.1 217.8 208.7 200.1 192.1 186.8 181.6 176.7 170.8 155.3 162.2 176.7 182.8 187.9 194.3 194.4 180.1 167.9 157.2
164 161.8 160.1 161.2 163.5 166.3 170.4 176.7 186.3 195.7 204.2 213.7 224.5 233.1 240.7 246.6 248.7 248.4 247.9 248 247.3 252 258.2 261.4 262.8 266 271.3 277.3 283.9 290.1 300.8 316.2 330.3 337.7 344 351.9 361.8 366.1 370.9 366.8 365.5 365.1 361.9 360.5 358 353.9 342.7 338.7 336.1 333.1 331.1 325.7 321 306.3 295.2 285.4 273.4 257 242.1 230.3 217.9 208.5 200.2 192.6 186.1 179.4 173.4 169.7 164.6 149.9 159.6 169.8 175 174.5 173.4 166.8 156.8 149.9
165.2 163.2 161.2 160.7 162.8 165 170.2 175.1 185.8 195.3 204.2 215.3 226.5 236 245.5 252.9 258.9 260.7 260.1 260.4 260.9 266.6 272 274.6 275.8 278.2 282.3 287.4 294.4 300.8 311.6 324.4 335.6 342.3 349.3 356 361.2 364 367.8 364.7 359.2 357.6 357.4 355.9 352.6 345.5 336.5 333 331.7 329.4 324.7 309.6 299.6 291.9 285.3 277.3 266.4 254.5 240.4 229.5 217.3 207.9 199.5 191.3 184.2 177 170 165.6 163.3 154.9 144.4 155.4 161.6 160.6 158.5 153.7 147 143.5
167.6 164.2 161.9 160.7 162.1 164.1 168.8 175.5 185.3 195.3 203.3 216.1 226 236.3 246.7 258.2 264.5 269.2 271.8 274.8 277 278.4 280.5 281.1 284.5 289.6 293.5 298.5 304.7 311.9 322.4 333.9 341 349.3 357.3 359.7 360.1 360.5 364.2 360.3 353 347.3 350.1 348.5 345.6 338.4 326.5 320.1 313.4 308.5 300.2 288.5 282.7 277.5 270.7 264.5 257 247.5 236.3 226.6 214.5 205.7 196 188.5 181.8 174.2 168 161.2 158.8 155.6 148.1 141.8 150.8 150.3 147.8 143.6 140 137.9
169.3 164.9 162.6 161 162 164.3 167.8 174.7 184.6 195.4 202.3 214.5 226.1 236.1 245.3 256.8 267.2 272.9 278.4 282.8 284.9 285.4 286.1 287.5 292.3 300.9 304.3 307.7 313.9 325.1 335.6 343.4 351 356.8 361.9 361.2 357.3 356.5 356.4 353.5 349.2 340.7 338.1 335 327.9 317.2 304.9 300.1 293.9 284.4 276.7 272.8 268.8 263.4 257.6 252.1 243.9 239.4 231.9 222.4 210.7 201.5 192.3 184.5 177.9 170.4 164.7 158.1 154 151.8 148.6 141.7 137.6 142.7 140 136.9 136.1 134.2
171.1 166.3 163.5 161.5 162 163.8 167.6 173.2 185.3 195 202.5 212.7 225.4 233.9 243.2 254.6 265.1 270.3 277.7 283 284.5 284.2 286.3 289.4 298.2 306.9 311.4 315.7 323.3 335.2 345.7 353.7 357.9 361.6 362.2 360.5 356.1 350.1 350.5 345 340.4 336.4 331.5 315.4 304.8 300.4 295 291.4 279.4 273.1 268.8 262.4 252.3 248 241.2 237.4 235 230 224.2 215 205.6 196.3 188.5 180.5 174 166.6 161.4 155.5 150.8 147.2 144.4 140 134.7 135.6 134.6 131.9 131.5 128.2
174.1 168.7 164.6 162.3 161.5 164.2 166.9 172.2 182.8 193.3 201.7 211.1 224.2 232 240.6 252.8 262.1 267.3 272.1 278.4 280.8 280.9 284.7 289.1 300.4 311.1 316.2 325.6 334.8 343.4 352.9 359.3 361.1 361.9 361.5 359.1 355.6 347.5 342 339.3 335.7 333.5 324.8 299.6 296.5 288.6 281.5 276.6 270.1 266.7 258 246.8 239.2 233.8 229.4 225.4 224 220.8 216 207.8 199.9 190.7 182.9 176.1 170.5 163 157.3 152.5 148 144 140.5 136.6 132.7 131.9 130.7 128.5 127.2 125.5
177.6 171.7 166.2 163.3 161.7 163.6 166.4 170.2 180.8 190.5 200.3 210 221.5 230.2 237 246.4 257.9 262.5 264.4 269.1 274.8 279.2 283.2 289.6 300.5 311.7 326.5 337 346.1 352.6 355.8 361.7 362.4 361.6 359.7 356.9 352.5 347.9 341.2 336.5 332.3 326.8 306 293.2 281.7 275.2 269.9 264.8 262.5 253.5 244.8 235.9 227 223.1 216.9 213.4 215.7 212.5 207.3 199.3 192.5 183.8 177.1 170.1 164.9 160.5 155 149.6 145.1 142.4 138.1 134.4 129.8 130.2 129.5 127.1 126.2 124.2
178 172.8 168 164.5 162.9 163.3 166.2 169.6 178.3 189.8 199.5 208.2 218.7 226.3 232.9 239.1 250.5 255.9 258.1 261.5 268.9 275.3 282.1 293 306.2 321.3 332.4 342 352 355.4 358.8 361.5 363.8 361.8 359.3 354.3 349.4 345.8 340.8 333.8 327.1 307.1 293.7 281.3 268.9 260.9 255.9 251 245.7 239.7 232.1 226.4 219.6 207.7 207.3 205.8 204 202.3 198.7 191.7 186 176.9 170.8 165.3 159.6 157.4 151.9 146.2 142.9 139.1 134.9 131 126.8 127.8 127.5 126.3 124.8 123.5
178.3 174 169.2 166 164.4 162.7 167.1 170 175.8 187.6 197.3 205 214.8 222.1 228.3 233.8 240.8 249.8 252.3 258.2 266 273.6 283.7 296.9 312 322.9 333.7 342.9 351.4 357.1 360.9 360.9 363.4 361.9 359 352.9 346.1 342.5 337.7 322.5 307.5 294.1 282.8 269.9 255.2 246.3 244.5 243.4 238.8 229.9 223.4 217.7 210.5 203.8 198.9 197.1 195 190.2 186 182.4 177.6 170.5 162.4 159.4 155.3 151.4 147.4 144.4 141 137.4 132.7 128.7 124.1 125.9 125.6 124.9 123.2 122.2
179.7 174.9 170.5 167.6 165.7 163.9 166.4 169.7 173.9 183.3 194 202.9 211 216.8 223 227.7 234.5 241.2 248.4 255 263.5 272 286.1 301.2 315.5 325.9 333.3 342.9 350.5 357.4 360.4 360.4 360.9 359.9 353.2 346.9 341.6 338.7 332.9 312.6 296.2 283.5 271.7 259.7 244.2 235 232.9 231.5 229.1 222.9 216.6 211.9 205.1 200.2 195.1 191.6 185 180.4 174.8 172.1 168.3 162.5 156.4 152.7 150 147 144.2 141.8 139.6 135.4 130.7 126.6 122.2 123.1 123.9 123.5 122.2 121.1
180.6 175.8 172.1 168.8 166.6 164.9 167.1 169.6 173.2 179.6 189.2 199.8 206.3 212.9 218.6 223.9 227.6 235.2 242.5 251.5 261.2 271.6 289.5 303.6 317 326.5 333.5 341.6 350.7 357.1 358.3 360.3 359.7 357.8 349 341.8 338.6 336.8 328.3 306.1 291.6 276.1 267.7 251.2 236.5 224.3 223.3 222.6 220.2 215.8 212.2 207.8 201.1 194.6 190.4 185.4 179.9 175.3 167 161.6 158.7 156.7 152.5 147.8 145.6 144.2 141.1 138.8 136.6 133.3 129.1 124.9 120.1 121.2 121.8 121.5 121.1 121.2
180.8 176 173.1 170.4 168.1 165.8 166.3 169.6 172.8 177.4 185.8 195.8 201.6 208.4 213.1 218.4 223 229.8 237.8 247.9 257.4 269.7 287.8 303.8 315.6 327 333 340 349.9 353.7 358 359.8 357.8 355.6 349.8 341.5 335.3 332 325.9 307.5 289.1 271.5 262.3 246.5 231.7 220 213.5 215.2 215.9 213 209.7 206.1 202.7 195.2 185.4 178.5 174 170 162.7 157.9 153.1 149 146.5 143.6 141.7 140.3 137.7 135.4 133.5 131.1 127.4 122.5 118.7 120.3 120.1 120.2 120.3 120.8
181.3 176.3 173.6 170.8 168.4 166.8 165.3 168.3 171.8 174.7 181.3 190.8 198.2 204.9 209.2 213.4 219.5 226.6 235.2 244.5 253.4 267.5 286.4 301.1 312 324.4 332.7 338.6 344.8 349.7 353.1 357.5 355.6 353.4 350.4 346 337.1 329.8 323.2 310.3 291.4 270.6 258.2 244.4 230.4 218.7 206.8 207.5 210 208.3 205.9 203.9 200.9 196.7 188.2 180.8 170.7 163.7 158.6 153.7 150.9 145.1 140.1 139.1 137.3 135.3 133.6 132.8 130.7 127.3 123.3 119.3 117.2 118.9 119.6 119.5 119.5 120.2
183.5 177.4 173.7 170.6 169.1 168.4 166.4 167.5 170.9 173.6 177.5 185.7 193.5 200.7 205.4 210.5 216.7 224.2 231.7 240.9 251 264 282.5 297.2 307.3 321 329.5 337 340.8 344.2 349.2 356.1 354 353 351.1 347.5 343.9 332.2 319.5 312.3 299.6 274.8 256.6 246.1 231.1 219.7 205.8 198.8 202.8 202.7 200.4 199.3 197.4 193.7 188.9 180.7 174 165.8 156.9 148.8 144.1 140.2 137.2 135 134 131.9 130.3 128.4 126.6 124.2 120.7 117.4 115.5 117.3 118.1 118.4 118.1 117.8
186 179.3 174.9 172.2 170.5 169.4 167.9 166.3 169.9 173.2 177.7 182.9 188.7 195.8 202.4 208.4 214 221.4 229.4 238.8 249.5 261.6 276.7 290.4 301.5 315 324.9 333.8 337.2 340.2 345.1 354.2 355.4 351.9 349.8 347.1 343 338.2 319.3 310.1 305.2 281.8 258 249.4 237.3 224.4 210.2 197.8 191.8 195.3 194.4 193.1 192.3 189.2 185 179.5 173.5 166.7 159.6 151 145.4 140.3 134.1 130.2 130.2 128.4 126.2 124.3 122.2 120.5 116.9 115.3 115 116.5 117.3 116.9 115.4 115.5
189 181.8 176.6 174.2 172.2 171 169.3 167.3 169.3 173.2 176.6 181.1 186.8 193.4 200 206.3 212.2 218.2 227.6 237.2 247.7 258.9 272.6 287.3 298 308.8 319.5 332.8 336.7 338.4 343.2 354.6 360.3 352.8 349.8 345.5 342 338.7 325.7 309.6 303 286.2 262.4 248.7 240 229.2 216.2 205 193.3 185.9 185.1 186 185.2 183.7 180.3 174.6 168.8 163.6 157.4 150.2 144.4 138.6 134.4 130.7 126.5 125.9 124.8 121.4 118.3 116.4 115.1 114.3 114.9 115.6 116.5 116.2 114.6 114.3
191.5 185.2 180.8 176.5 174.6 172.8 171.4 169.2 170.5 173.8 176.6 179.6 183.9 190.4 196.9 204.9 211.9 217.5 226 234.5 245.1 258.3 268.6 283.1 295 306 316.7 330.9 336.6 339.4 343.4 353 361.9 358.1 349.4 343.6 340 335.9 331.1 316.8 303.1 290.8 266.6 247.5 241.1 231.5 220.7 209.5 197.7 187.4 180.6 176.4 176.7 176.8 173.4 170.6 163.4 157.9 151.7 146.2 141.2 136 132.2 128.6 125.2 123 121.5 118.7 115.7 114.3 113 113.5 114.2 115.1 115.6 115.4 114.5 113.9
194.7 191.3 185.1 178.9 176.9 174.9 174.4 171.4 171.3 174.4 177.4 179.6 182.8 187.7 192.5 203.2 211.7 217.9 226.3 234.4 244.8 257.4 268.4 279.8 294.6 306.4 315.2 327.6 337 340.3 344.9 355.1 360.7 356.8 352.5 345.9 340 335.4 330.3 324.8 308.7 294.8 277.7 252.4 240.5 233.6 223.1 211.3 203.7 193.8 185.5 178.3 173.1 166.9 165 160.5 154.7 149.2 145.3 140.9 137.6 133.6 131.3 128 125.8 123.1 119.3 116.4 113.8 112.6 112.1 112.6 113.7 114.6 114.7 114.7 113.7 113.2
