public/OST50/SO15.asc
ncols 200
nrows 200
xllcorner 310000
yllcorner 250000
cellsize 50
[rows 70 to 104 of 200, columns 0 to 77 of 200]
315.5 306.1 298.1 293.4 286.2 278 269.3 265 261.6 258.6 256.1 252.6 263.2 265.6 262 260 260.6 254.8 249.4 244.8 240.2 237 233.9 228.6 224.3 220.6 219.2 218.4 217.7 217.1 215.6 215.8 225.3 230.5 235.7 243.7 254.1 257.7 261 263.4 262.5 260.5 257.9 253.8 247.4 244.6 241.7 237.8 234.3 235.2 234.3 230.8 238.9 247.2 252.2 254.4 252 248.1 239.7 236.4 241.8 246.4 261.2 270.7 280.9 294.7 307.1 315.9 324.9 336.1 342.6 347.4 352.6 357.4 360.3 363.5 367.9 371.6
312.7 306 303.5 297.8 292.6 284.8 277.4 270.6 266.1 263 258.8 253.4 247.4 247.6 250.1 251.9 250.7 248.2 244.6 241 237.7 234.8 229.9 223.6 221 219.7 218.2 216.9 216.8 216.1 215.6 216.1 223.4 228.7 234.7 241.4 248.1 251.7 256 257.4 256.6 253.7 251.4 246.5 242 240.1 237.8 236.6 234.8 233.5 230.2 232.4 240.8 245 247.6 249.1 246.6 239.3 234.6 239.4 247.3 257.7 267.3 275.4 281.4 294 308 318.7 330.1 336.4 340.7 345.6 350.5 354.7 357.6 360.9 365.4 370.3
309.4 303.3 301.2 300.5 296.7 290.6 282.6 275.8 270.9 267 262.6 258.3 255.3 252.1 247.5 242 241.7 238.8 238.1 236.6 233.4 228.2 224.1 223.3 221.7 220.2 221.6 220.8 217.9 215.5 215.4 215.3 223.4 228.6 233.8 239.5 243.7 247.7 251.8 251.9 251.2 248.9 245.8 242.1 237.4 236.1 234.5 233.4 231.5 228.1 232.9 238.8 241.7 241.1 242.8 243 241.7 232.9 237.7 245 254 263 270.4 277.2 280.2 290.8 304.7 318.2 328.2 333.7 339.6 344 347.2 350.7 353.2 356.6 361.6 367.1
306.8 302.2 301.5 310.1 307.8 300.4 294.3 283.5 276.1 271.8 266.6 261.4 258.5 254.1 248.7 243.8 237.7 234 231.9 230 235.9 235 232.9 228 224.1 226.8 229.7 228.3 223.6 217.3 214.1 215 222.5 227.6 231.8 236 240.4 244.2 247 247.1 246.6 243.9 242.1 238.8 235.9 233.4 230.1 226.1 226.4 233.5 239 243.3 240.5 238.7 238.2 237.9 233.7 233.4 241.4 249.4 258.8 268 274.8 274.4 280.3 290.1 300.1 315.7 324.8 329.4 333.6 337.3 341.2 345.1 347.9 351.8 356.8 363.3
310.2 306.9 304.4 314.5 315 308.6 303.5 295.8 285 276.6 269.9 263.5 258 253.2 248.4 243.4 238.5 234.2 231.7 234.5 244.1 246.5 241.6 235.9 230.1 233.5 235.4 231.5 226.2 219.5 213.5 214.6 222.8 226.6 230.6 234 238.5 241.7 243 243.1 243 241.9 239.6 234.2 231.6 228.6 225 225.2 228.5 235.2 241.8 243.3 238.9 238.6 236.7 234.6 231.4 235.2 243.5 252.8 262.8 272.5 275.2 274.3 278.9 287.9 295.6 306.2 315.1 320.9 325.9 331.4 335.7 340 343.2 348 353.3 360.1
309 313 313.8 316.4 317.3 312.6 310 308.2 297.6 285.8 275.7 268.5 260.4 254.9 250.7 243.3 236.1 233.4 233.6 239.9 247.6 253.4 248.9 242.8 237.5 240.4 241.2 235.9 229 222.6 213.1 213.7 221.7 224.8 228.5 232.8 237.4 240.9 240.6 239.4 239.7 240.2 241 239.8 234.4 229.5 225.2 224.1 226.1 233.6 239.9 239.5 237.2 237.2 235 234.1 229.9 235.3 243 250.9 263 272.5 263.3 272.9 281.5 287.9 293.6 299.9 307.7 315.6 322.3 328.9 333.5 337.5 341.5 345.9 350.9 355.9
303.4 307.2 309.4 312.5 313.7 315.3 316.8 316.7 308.3 301.1 291.6 289.9 278.3 272.7 266.4 257 242.3 235.2 236.3 242.9 249.7 256.6 253.5 247.3 241.9 241.2 244.2 239 232.1 224.9 213 213.4 219.5 222.7 227 232.1 235.3 238.4 238.5 237.9 240.1 243.2 244 241.1 236.4 232.1 227.5 223.7 223.6 229.9 235.2 235.5 233.6 233.7 233.5 232.1 228.8 234.6 241.4 251.4 260 265.2 265.3 273.1 277.3 286.5 292.4 298.3 303.3 310.7 319.8 326.2 331 335.1 339.1 343.4 346.7 351.4
298.9 303.8 307.9 312 315.8 318.2 328.1 334.2 332.9 326.4 315.2 314.1 306.7 297.7 286 275 257.8 247.5 246.9 244.5 252 258.4 257.7 251.5 244.6 240.2 240.3 237.9 232.9 226 218 212.2 216.2 221.4 225.9 231.1 234.7 237.7 238.2 238 241.4 244.6 243.4 239.9 236 232.9 228.8 223.8 224 230.7 235.2 233.5 230.7 230.6 231.9 228.1 230.8 234.2 237.9 242.8 249.1 259.2 269.2 275 281.8 288.5 293.6 298.1 302 309.5 318.1 324.3 328.9 333.5 337.2 339 342.6 346.4
299.2 304.8 309.2 313.3 318.8 327.6 336.8 344.8 344.8 337.1 334.7 338.6 332.1 317.3 307 291.1 271.2 262.1 257 252.5 255 259.4 259.7 254.6 248.2 242.1 238.9 234.6 229 224.1 220.6 212 214 220.3 225.3 230.6 234.1 238.3 239.6 238.6 242.1 244 241.5 238.2 234.5 231.6 228 223.1 224.6 231.6 236.2 232.3 229 226.5 227.9 228 231.3 234.8 241.8 252.3 261.2 271.5 275.1 277.7 285.6 291.9 296.2 298.9 302.3 311.4 317.6 322.4 326.7 330.7 334.3 335.7 336.8 339.8
300.9 305.4 311.6 317.8 325.6 334.6 343.5 349.8 349.6 340.3 346.5 352.3 346.7 332.8 313.8 297.2 277.1 269.8 265.6 262 260.2 258.6 256 252.6 248.2 243.8 238.8 233.5 225.9 219.9 218.1 212.4 213.2 217.2 223.1 230.6 236.5 240.6 242.5 239.7 241.4 242 239.3 236.1 233 230.3 227 222.9 222.5 228.8 232.7 229.1 225.1 226.1 226.8 231 234.4 238.8 246.7 255 263 273.6 279.1 287.7 292.5 294.9 299.2 302.7 307.2 312.6 317.4 320.3 323.8 327.6 329.9 330.8 331.2 332
301.5 308.1 314.1 325.5 334.2 341.7 350.2 352.2 347.7 344.1 355.4 353 348.9 336.8 315.7 295.1 283 275.2 268.4 263.9 259.9 256.1 251.8 247.2 243.9 240 237.3 232.4 225.7 218.6 214.9 212.2 211.8 217.2 222.9 234.8 244.6 247 246.6 243.5 240.5 240.2 237.9 234.5 231.4 228.4 225.3 222.1 220.7 222.8 224.7 223.5 227.2 231 233.6 237.8 240.6 244.1 248.3 252.7 260.3 271.9 280.8 291.3 296.3 298.8 300.6 303.7 307.7 311.7 315.2 317.1 319.7 322.1 323.4 323.7 324.3 323.4
300.7 309.5 322.2 332.9 339.8 347.7 352.8 350.2 348.8 345.2 347.7 349.9 346.8 328.3 309.6 294.1 282.7 273.5 266.1 260.3 255.6 250.6 246.5 242.6 238.4 234.4 232.3 228.9 224.3 219.3 213.4 211.6 211.1 216.6 223 236.2 242.8 247.4 248.9 246.1 242.2 238.9 235.7 232.3 228.8 225.8 223.8 220.9 220.6 220.6 221.4 226 232.4 236.5 240.8 245.8 248.8 248.9 248.5 247.7 252.7 263 278.1 290 293.2 296 299 302.2 305.4 308.6 311.4 312.9 314 314.7 314.3 314.4 313.7 314.2
300.9 314 326.1 337.8 344.9 348.4 344.7 345 347.2 346.1 344 342.5 336.2 318.1 301.5 288 278.4 269.7 261.6 254.7 249.5 244.7 240 236.3 233 228.2 225.8 222.4 219.8 216.4 211.4 211.7 211.9 217.3 223.8 233.5 238.4 241.9 246.2 247.4 242.8 238.2 233.7 228.9 225.2 222.5 220.4 218.8 221.1 222.1 223.6 226.7 235.1 239.8 244.8 251.8 253.6 249.1 244.8 243 249.4 261.9 273.6 285.6 288.5 291.2 294.1 297.2 299.6 302.7 305.3 306.7 305.8 306 305.9 304.4 302.7 302
299 313.4 326.1 337 341.9 337.6 337.9 341.3 343.6 343 339.1 332.7 321.5 299.8 287.5 280.1 270.9 262.8 256.2 249.9 244.5 238.6 233.5 229.3 225.8 222.4 219.1 217.4 215 212.8 209.6 211.2 213.3 217.8 224.7 232.5 237 239.9 243.6 245.6 241 236.3 232.2 227.4 223.1 219.5 217.8 219.7 220.8 221.6 223.2 225.3 234 243.5 250 254.4 253.3 247.1 242 241.4 245.9 253.4 266.5 276.6 282.7 285.8 289 291.5 293.5 296.8 298.8 300.2 299 297.6 297.4 296.8 295.6 294.3
297.8 303.8 313.7 321.7 327 331.2 333.9 336.4 340.1 338.3 335.1 321.2 307.2 286.3 278.9 271.7 264.2 257.9 252 246 240.3 234.3 228.9 223.6 221.3 220.2 221.8 221.5 216.2 211.1 211 210.9 214.5 218.1 223.6 230.5 234.7 237.6 241.2 241.7 238.4 234.3 229.6 225.4 222 216.4 217.4 218.9 219.4 219.7 227.4 223.7 227.8 241.7 245.1 247.3 246.9 241 236.6 239.8 242.2 246.3 254.5 265.8 273.1 277.6 282 283.8 286.8 289.5 291.3 293 290.1 289.9 289.9 289.4 288.2 287.2
297.6 303.6 310.7 317.9 323.8 326.4 328.3 330.8 332 333.3 330.5 315.9 291 281.2 273.1 266.7 259.6 253.9 249 244.4 239.4 235.5 231.6 227.7 221.5 220.7 220.9 221.6 219.4 214.4 209.9 211 214.7 218.1 223 227.6 232.1 235.8 240.5 239.2 235.6 231.9 226.8 223.3 220.2 216.2 216.7 218.5 222.6 228.3 234.5 237.4 228.4 230.7 237.9 238.6 237 234.4 235.7 237.1 238.3 241.5 246.6 256.2 264.4 270.2 273.3 274.8 278.5 281.6 281.7 279.8 280.4 281.9 282.1 281.4 279.9 279.2
298.2 305.7 313.4 317.6 319.8 320.9 321.4 321.8 325.1 330.6 327.7 304.4 286.7 278.3 268.4 262.6 256.1 251 247 242.3 237.1 234.1 231.3 228.2 224.2 222.7 221.9 219.2 216.2 214.9 209.1 210.1 214.2 217.8 221.3 224.6 230.6 236.9 242.1 237 232.6 229.1 224.4 221.3 214.4 215.2 216.5 219.3 226.6 232.4 237.8 246.2 244.5 229.1 229.7 231.8 234.5 238.4 239.9 242.6 242.7 244.7 242.8 243.9 246.5 256.5 261.6 264 266.1 266.6 269.7 272.8 273.9 274.8 273.6 268.3 268 272.4
298.2 305.8 313.9 317.7 314.6 315.6 313.8 316.5 325.8 336 323.4 298.5 283.2 273.9 266.4 259.7 255.2 250.8 245.7 241.5 237 232.7 229.2 226.8 225.1 223.4 221.2 217.7 215.1 213.4 210.5 209.3 210.2 216.3 218.9 221.7 228.8 234.6 238.1 233.7 229.4 225.6 221.8 218.8 213.7 214.8 216.9 222.1 228.3 236.8 243.6 249.5 244.4 236.3 231.4 235.9 240.4 245.6 247 251 251.7 254 254.5 255.3 254 253.3 252 251.1 253.4 254.8 258.5 260.6 260.6 263 268.5 276.9 280.7 284.3
301 308.7 315.1 313.8 308.2 307.4 309.3 317.6 329.1 331 319 295.1 281.4 272.1 264.6 259.1 256.1 253 248.1 242.3 237 232.6 228.9 225.9 223.5 221.6 218.6 216.5 214.8 213.2 210.4 208.5 208.7 213.8 215.2 220.5 228.2 232.8 235.4 230.7 226.4 223 219.7 216 213.1 214.9 218.2 224.9 230.8 237.4 245.1 246.5 241.7 236.7 236.5 239.2 248.6 253.1 254.7 258.4 260.4 260.6 261 262 262.3 260.1 260.4 264.8 268 267.3 260 267.1 273.3 277.9 281.6 284.7 289.9 298.9
304.5 313 313.3 308.6 301.3 303.3 306.6 319.9 328.6 329.8 314.2 292.4 279.9 272 265.3 262 259 254.4 248.4 243.3 238.6 236.4 232.5 228.2 223.3 220.2 217.8 216.9 216.8 215.7 212.3 209 208.8 208.8 211.7 220.2 227.9 232.3 231.3 227.9 224 220.6 217.6 211.3 213 215.5 219.9 225.6 230.7 238.4 245.1 242.8 236.7 232.8 237.5 251.4 257.2 258.9 260.9 265.4 269.8 270.8 268.4 268 269.8 267.8 267.4 263.8 272.7 274.4 269.4 273.1 281.3 287 292.4 298.4 302.7 316
310.3 314.9 311.2 302 295.9 299 310.1 321.3 331.3 326.5 315.6 291.3 279.5 271.6 265.3 261.5 258.2 253.5 248.3 243.7 241.5 239.7 238.9 232.7 224.8 219.9 217.3 215.8 216.7 217.6 216.6 214.7 209.3 207.9 209.3 218.5 225.4 227 226 224 221.3 217.6 213 211.4 213 216.6 221.4 226.4 233.5 240 244.9 241.1 235 236.4 244.5 258.1 265.2 266.8 270.6 277.6 281.3 282.5 282.2 280.6 278.7 275.2 273.4 275.2 275.1 280.4 276.1 276.6 288.6 296.5 306.2 314.4 324.4 335.6
312.9 313.5 308.6 299.4 292.3 301.5 310.9 323.2 329.6 331 320.4 289.4 278 270.2 263.1 259.8 257 253.3 248.6 245 243.7 243.3 240.6 235.6 229 222.5 216.4 214.5 214.5 214.8 216.8 217.9 216 207.5 208.5 220.9 223.5 223.2 221.4 220.1 217.6 213.3 210 211.2 212.7 217.8 224.3 229 234.4 241.2 241.5 238.1 236.4 240.9 255 266 273.8 277.5 280.3 286.5 289.4 291 291.7 292.1 292.5 290.3 285.2 283.8 283.9 286.8 288.3 288.5 295.3 307.5 318 330.8 341.4 351.3
308.8 309 304.2 297.1 291.1 300 306.8 324.6 331.9 330.9 319.8 293.5 276.8 269.7 262.6 258.5 255.6 252.7 248.8 246.4 245.6 244 239.8 234.8 229.1 224.6 217.8 214.1 212.8 212.4 213.3 213.9 214 207.6 208.6 217.8 222.2 220.7 217.4 215.7 212.9 209.3 210 212.2 216 220.6 227.5 232.1 237.1 242 238.7 236.2 238.5 246.5 260.4 272.4 280.6 284.1 288.5 293.3 297.2 299.4 300.7 301.2 301.4 300.9 298.7 296.5 294.1 295.8 296.7 297.4 296.4 312.2 322.4 338.4 350.9 361.4
301.4 299.4 296.3 292.5 290.3 296.5 309.4 321.1 330.9 328.8 315.7 288.5 276.6 268.7 262.2 257 254.1 251.5 248 245.4 244.1 242.5 237.7 233.2 228.6 223.5 218.5 214.3 212.4 212.1 211.3 211.9 211 206.7 207.4 212.9 217.2 217.2 214.5 211.1 208.8 208.5 217.8 219.5 221.7 227.3 232.9 238.1 243.2 240.2 237.3 237.8 242.6 255.1 267.9 277.5 283.1 289.2 293.9 298.1 303.1 305.6 307.5 308.9 309.4 309.2 309 307.4 302.3 303.2 304.3 304.7 301 311.8 321.2 342.5 357.4 369.4
294.5 290 285.4 283.8 287.7 294.7 306.9 319.6 326.3 323.4 308.2 284 275 268.2 262 256.3 251.6 247.5 245.8 243.3 241.4 239.9 235.4 230.8 226.8 222.6 216.7 214.9 212.3 211.8 213.3 217 217 208.5 206.7 207.3 210.8 212.9 211.7 206.7 207.7 217.8 222.4 226.2 229.8 234.7 240.6 244.3 242.7 238.2 239 240.6 247.5 258.3 273.1 281.6 286.3 292.7 298.7 302.2 305.4 309.7 312.6 314.3 316.3 317.8 318 315 312.7 311.9 312.5 312.5 309.7 314.7 333.7 350.5 363.7 376.7
288.1 281.1 274.9 279.1 289.3 296.2 305.2 321.3 330.2 322.1 299.8 279.3 273.5 265.9 260.3 255.1 250.2 246.5 242.3 238.2 235.6 232 232.8 228.7 225.1 220.4 216.6 214.8 213.4 213.5 216.6 218.9 218.1 215.5 207.2 205.1 206 208.4 209.5 207 213.2 222 227.2 231 234.2 241.4 246.8 248.5 240.7 240.4 241.6 244 251.7 261.7 271 283.5 290 295.3 300.8 304.7 308.8 313 316.3 319.6 323.7 326.3 325.8 322.1 320.8 320.1 320.8 320 315.9 323 340.4 357.4 371.3 383.4
282.1 272.7 266.8 280.8 287.2 295.4 308.4 321.8 325.6 310.9 287.4 276.7 271.3 265.7 259.6 254.5 250.6 247.1 244.2 241.8 238.5 233.9 228.1 224.3 220.8 218.8 216.4 214.4 213.3 215 218.3 219.3 216.1 213.9 212.8 211.3 205.5 204.5 205 211.7 220.4 228.1 232.8 236.6 241 247.8 250.3 246.7 240.6 242 243.4 248.6 257.8 264.4 271.2 279.9 289.8 294.1 299 305.4 311.1 316.1 320.3 324.7 330.1 332.9 332.5 330.1 328.9 326.5 327.6 327.5 320.4 326.3 342.6 362.6 379.1 390.3
275.2 267.8 266.6 281.2 289.1 296.6 304.1 310.7 304.3 288.7 275.7 273.1 269.6 265.8 260.3 254.5 251.7 249.3 245.8 244.2 239.3 232.9 228.6 228.3 225.9 221.1 215.7 213.9 212.2 212.9 214.1 215 213.9 211.5 209.8 209.5 208.5 205.2 205.1 218.3 224.4 232.1 238.5 243.8 251.3 251.6 247.6 242.2 240.9 243.4 246.5 249.5 260.2 265.9 271.1 274.7 282.8 293.8 301.7 308.7 314.4 319.1 323.7 330 335.1 338.9 340.1 337.2 337.5 336.9 335.3 333.5 333.7 340.7 356.3 369.7 385.6 397.5
268 263.2 264.9 278 281 284.7 287.4 283.4 276.6 271.6 270 268.9 268 265.6 260.2 254.5 253.6 251.4 247.6 242.8 238.8 232.6 226.4 229.4 228.3 223.4 217 213.9 212 210.5 210.8 210.3 209.1 208.2 206.5 205.5 205.2 204.2 216.6 223 229.8 239.6 244.4 251.4 254.7 250.5 244.1 240.9 241.7 244.5 249.6 252.2 255.2 259.9 266.1 276.3 283.6 293.8 303.6 311.8 318 323.2 326.8 334.1 341.6 346.7 347.6 344.6 345.2 345.3 344 346.3 355.1 367 375.2 385 395.6 405.2
260.6 257.9 263.6 279.7 268.5 266.1 266.6 268 267.5 266.2 266.5 267.2 268 266.4 260.9 254.3 252.7 249.7 245.2 240.1 235.6 231.4 225.6 225.7 226.6 223.7 217.4 213.2 211.8 210 207 206.2 205.3 204.3 204.3 204.4 204.5 210 221.4 227.7 235.8 244 251.6 256.9 253.8 247.5 242.8 243.7 244.5 252.9 256.5 258.6 264.2 266.6 274.9 281.7 288.3 299.7 310 318.7 325 330.2 336.4 342.4 350.3 354.8 355.7 354.1 353.8 354.3 354.4 361.1 371.4 382.4 390.8 399.2 406.6 414.8
255.2 256.9 262.1 262.4 262.4 261.3 261.1 260.6 264.2 265.3 267.3 270.3 271.2 268.7 262.2 255 248.6 245.2 241.1 236.4 232.3 229.7 225.1 220.5 221.1 220.2 216.3 214 211.4 210.2 207.5 204.5 204 203.2 202.4 201.7 213.8 220.9 224.1 231.7 239.7 246.3 254.5 257.4 250.6 244.9 246.6 249.4 257.8 264.3 267.1 267.5 272.8 276.8 281.8 287 294.2 303.7 316.6 326.5 333.6 339.4 347.2 354.6 359.8 363.5 365.1 364.7 365.3 365.6 369.3 376.1 383.6 393.8 401.9 409.6 416.1 425.4
253.6 254.7 265 258.7 257 256.3 256.9 261.3 265.4 269.4 272.5 273.2 271.9 269.1 264.1 256.5 248.6 239.5 236.5 233.2 229.4 227.3 223.8 219 217.1 216.8 214.2 213.4 210.6 209.5 207.8 203.8 203.7 201.6 208 213.8 219.4 225.3 227.5 234.6 243.3 249.9 256.4 256.6 248.4 247.7 251 262.2 269.7 277.2 280.1 281.2 283 286.9 289.6 296.3 302.2 309.4 322.1 333.3 341.5 348.6 357 363.6 367.9 370.9 373.6 376 379.1 381.4 382.2 386.9 395.2 404 410.8 418.1 425 434
256.7 248.5 255.9 258.9 254.4 252.2 255.4 260.5 265.4 270.4 273.8 273 270.4 266.4 261.6 255.9 248.9 239.6 232.6 230.3 226.7 224 222.5 218.7 216.2 214.2 212.9 212.4 210.4 207.4 203.6 203.3 201.6 204 208.7 214.4 221 224.4 228.1 234.8 242.1 248.8 256.3 253.2 248.1 251 262.9 272.6 281.5 287.1 288.3 290.6 293.2 296.2 302.3 307.2 313.1 319.6 328.8 339.9 350.1 358.5 365.6 371.7 375.1 377.4 380.2 384.6 386.8 391.1 393.4 398.7 406 412.8 419.4 424.2 433.6 442.8
256.7 251.7 247.8 252.1 252.3 250.7 253.2 256.7 260.8 263.2 266.3 268.9 268.4 264.7 260 254 245.9 239.4 232.5 228.2 226.5 225 222.5 218.1 215 213.4 211.6 211.5 209.1 202.5 202.4 203 201 203.2 207.3 215.5 219.5 222.1 227.8 233.6 240.7 248.2 255.2 250 248.3 256.2 266.3 280.3 288.5 291 293.1 296.7 301.9 306.7 313 316.1 322.1 328.6 336.4 347.8 358 367.2 373.4 378.8 381.6 382.4 385.5 390.1 393.9 398.6 402 407.8 413.9 419.8 424 431.8 442.1 449.3
253.2 250.6 242.7 246.3 246.4 244.2 248.6 251.8 254.7 255.9 257.3 260.9 263.1 261.3 256.5 250.2 242.7 235.8 229.9 226.4 225.3 226.9 224.5 219.6 213.6 210.7 209.4 208.9 206.8 200.1 201.7 202.4 202.3 204.3 207.9 213.5 217.2 220.8 227.1 232.1 239.5 247.7 253.2 247 249.1 262.7 275.5 289.1 290.4 293.3 297.9 302.9 309.8 316.3 322.4 326.8 329.7 336.9 344.6 355.3 366.1 373.1 377.6 383.3 384.7 385.8 390.1 394.1 398.3 403.8 409.8 414.5 418.6 423.5 428.6 438.7 448.3 453.3
