public/OST50/SO15.asc
ncols 200
nrows 200
xllcorner 310000
yllcorner 250000
cellsize 50
[rows 105 to 139 of 200, columns 78 to 155 of 200]
460.7 461.9 461.2 459.6 457.2 451.3 447.1 448.3 449.5 450.6 451.9 455.1 456.1 460.3 465.7 472.5 476.5 480 481.4 482.3 483.1 485.8 486.9 488.3 488.4 485.2 478.6 471 460.8 447 426.1 415.6 405.8 416.8 422.1 426.2 441.1 454.1 461.1 466.2 467 470.3 470.2 469.4 468.7 467.9 468.1 466.4 461.8 458.5 454.8 450.3 445.6 441.8 440 436.5 431.1 427.1 424.1 423.2 419.7 416.5 412.4 403.4 405.9 407 409 410.2 406.2 403.8 400 394 387.9 381.1 372.8 366 361.8 359.2
461.3 460.7 457.9 454.8 451.6 443.7 439.1 441.9 442.4 442.2 444.6 448.4 449.3 454.3 461.7 468.1 471.7 473.6 474.2 474.9 477.9 480.4 482.5 483.2 482 478.7 473.8 467.6 458.2 445.1 428.2 410.3 396.1 407.7 412.4 415.8 432 444.2 449.9 453.4 455.3 457.4 457.8 457.4 458 457.6 455.2 451.9 447.6 445.5 442.1 437.7 435 432.2 430.8 426.2 418.9 415.8 414 413.1 408.7 405.5 401.4 395.3 393.1 395.3 395.1 395.4 395.3 393 389.2 385.1 381.6 376.8 372.3 369.5 363.7 355.3
453.9 452.8 455.3 453.4 445.3 437.3 430.8 432.7 435.3 433.7 435.9 438.4 440.5 447.8 456.7 462.9 466.7 467.6 467.8 469.4 472.8 475.9 478.4 477 475.6 472.2 468.5 463.1 454.5 443.5 430 414.1 396.3 390.4 401.9 406.5 421.2 431.6 437.1 439.9 442.7 445 445.9 445.6 446.3 446.3 444.6 442.4 439.4 436.6 432.9 429.8 427.5 424.7 419.8 415 409.6 407.7 407.1 405.7 404.8 398.9 390.4 388 383.5 384 383.6 384.2 385.6 384.3 380.9 376.4 374.3 372.5 369.8 368.1 364.7 354.6
446.9 449.3 453.2 450.5 444.6 438.5 427.4 422.4 426.3 422.3 426.5 425.6 431.4 440.2 447.3 453.1 459.6 460.5 460.8 464 466.7 470.2 471.7 470.7 469.5 466.5 462.6 458 451.2 442.3 429.9 418.1 403.9 383.5 383.4 392.9 405.9 418.1 424.7 428.2 429.9 432.7 433.7 434.9 436.1 436.8 437.1 434.6 432.3 430.4 427.9 425.2 421.3 415.2 410.2 405.8 401.8 401.3 402.4 401.2 398.5 393.8 386.2 380.6 377.9 375.7 375.3 375.1 375.4 375.3 374.2 372 368.6 365.1 364.3 363.1 361.8 350.3
442.8 448.6 449.7 450.9 444.3 438 426.4 416.7 417.6 415.7 417.6 408.3 421.2 427.9 434.6 440.7 446.8 451.1 452.6 457.9 460.1 462.7 464.9 464 463.1 460.8 456.9 453.2 447.7 439.4 429.2 418.4 409.4 393.9 372.2 376.4 388.3 398.6 406.1 409.8 416.2 419.4 422.9 424.7 427.3 428.3 428.4 428.4 427.4 426 425 421.6 416.1 409.5 405.1 401.2 398.8 393.3 395.9 393.4 388.1 382.4 377.7 371.7 368.4 365.6 365.5 365.5 366.5 367.3 368.8 368.2 363.7 358.9 358 357.3 356.7 352.9
439.2 444.8 448.4 447.3 443 436.3 423.4 413.5 408.6 406.3 409.7 405.5 412.1 415.5 421.9 428.7 434 439.3 446.1 450.1 453.3 454.5 457 458.5 458.2 456.5 452.9 448.8 443.8 436.5 425.5 416.2 408.4 398.8 384.9 363.8 372.8 379.1 385.2 395 401.6 408.2 412.1 415.4 419.5 421.1 421.7 423.2 424.1 425.5 424.3 421.7 416.9 411.5 407.3 400.9 399.9 395.1 387.2 382.8 379.9 380 379.7 376.5 371.5 366.5 362.6 356.6 358.3 361.6 362 366 365.7 359.2 354.3 353.3 349.6 348.9
436.4 442.7 446.8 445.6 441.3 433.9 422.9 413.7 410.1 398.4 400.6 396.1 403.7 404.4 410.1 414.6 422.1 429.2 435.7 441.7 444.9 445.8 450.3 452.7 453 451.8 449.6 446.1 441.4 434 423.5 412.1 402.7 397.3 385.3 372.3 355 364.6 371.9 376.9 382.6 385.7 394.3 404.3 410 414.8 417.9 420 422 423.3 422.6 421.4 417 412.5 408.8 409.6 408.9 411.5 407.6 403.4 397.1 393.8 386.8 378.7 372.6 370.4 364.9 361.6 357 353.1 352.8 357.3 361 359.3 355.2 349.4 347.8 345
437.9 443.1 446.9 443.8 439.4 433.9 424.5 417.1 408.8 401 384.7 388.5 395 393.3 394.8 400.6 404.8 415.7 419.8 429.3 432.3 436.4 443.3 446.3 447.7 446.7 446.4 443.3 438.1 433.2 424 413.2 400.5 389.7 381.9 373.6 362.7 348.7 355.4 364.8 368 371.8 376.6 386.3 395.6 404.8 411.5 417 421.2 423.7 425.2 425.1 421.7 418 415.1 418.1 422.2 423.4 422.6 419.7 415.9 409.6 396 389.2 378 373.5 369.2 365.1 362.2 358.2 352.9 345.8 350.8 353.7 352.1 345.5 345.3 342.8
439.6 445.3 447.7 445.8 441.9 435.9 427.7 419.5 408.5 398 386.7 373.9 383.3 383.5 381.7 383.9 391.5 397 406.7 417.3 421.9 427.3 433.6 438.4 440.9 441.8 443 442.1 437.9 432.7 424.9 417 406.6 394 379.4 367.2 362.4 358.5 343.2 348 355.7 358.7 366.2 372.8 382.2 389.7 401.2 410.8 416.9 421.2 423.9 425.7 424.7 420.8 423.6 428.4 431.9 431.8 431.2 429.8 426 422 412.9 401.7 394 383.8 374.2 369.9 366.1 361.2 355.5 350.1 344.2 343.7 343.9 342.8 341.4 340.6
442.5 448.3 450.8 450 446.3 440.4 432 421.9 412.8 400.7 388.3 378.4 368.1 374.6 371.8 370.5 375 380.4 390.2 400.4 407 417.4 424.1 429.6 434.2 435.5 437.8 440.4 438.1 433 426.4 419.1 409.8 397.5 381.3 370.8 363.3 357.4 351 337.5 343.6 349.4 355.5 361.6 372.7 386.1 396 405.8 411.9 417.1 420.9 425 427.1 425.9 430.1 436.5 437.5 438.9 439 438.2 436.5 433 429.4 422.3 408.7 394.4 386.3 377.5 372.3 364.7 357 352.8 347.4 342.4 338.6 340.5 339.3 338.3
446.6 452.7 455.7 455.7 452.5 446.3 437.1 427 419.1 405.3 394.4 382.6 376.8 361.6 361.9 357.5 363.9 368.9 376.7 384.6 391.4 402.4 404 417.4 420.8 426.2 431 435.7 437.2 435.3 429.6 421.9 414.6 404.2 391.4 376.8 365.8 358.2 352 342.1 332.4 340.2 344.3 357.3 373.2 384.3 395.1 404.2 408.4 414 418.7 423.4 426.1 428.9 436.3 441.9 442.9 443.9 446.3 446.3 446 445 439.9 435.2 425.1 412.6 404.4 388 381.2 369.7 364.3 357.6 350.4 344.6 339.6 335.5 336.8 336.2
451.6 457.3 460.5 461.6 459.9 452.8 442.4 433.1 420.9 413.6 402.2 394.9 386.4 375.2 363.8 357.1 353.6 357.6 363.6 370.3 378.3 384.8 396.4 405.4 405.8 414.2 422.5 430.7 434.8 434 431.8 427.2 420.2 410.6 399.5 385.1 372.5 362.2 352.9 345.9 339.4 328.3 342.3 356.7 372.5 385.5 396.2 404.9 409.7 416.6 421.6 424.7 426.6 433.7 442.2 446.4 447.9 449.9 451.9 453.8 454.5 453.7 450.1 445 437.9 430.9 407.3 405.4 395.6 382.8 374.1 363.6 353.6 348.1 342.1 337.5 333.5 333.6
457.1 462.1 465.3 466.6 466.7 460.1 452 442.2 435.1 425.6 414 402.3 391.9 379.1 369 361.6 353.4 351.1 355.9 360.2 365.3 370.5 381.5 388.2 398.4 403.1 413 423.5 429.6 430.1 430.1 427.4 421.5 414.9 404.1 393.1 383.9 371.2 360.3 351.7 346.6 340.8 325.8 351.4 372.9 386.7 397.6 406.6 415.1 422.4 425.5 426.8 429.8 439.4 446.7 451 453.4 455.8 458.5 460.6 461.2 459.7 456.7 452.5 446.7 439 429.1 424.4 413.6 399.1 382.6 369.5 362.4 353.5 346.1 340 335.8 332.5
461.9 466.8 469.2 470.5 470.8 465.2 458.7 454.2 448.9 438.9 429.2 414.8 400.7 386.2 374.3 363.7 355.6 348.3 348.8 352 356.3 360.1 367.5 375.8 387.5 391 402 414.3 420.8 423.3 424.9 424.1 420.8 415.1 407.2 397.6 387.5 378.1 366.3 357.7 352 346.1 325 346 372.6 387.9 398.9 407.7 420.4 426.1 425.7 428.6 433.6 441.7 448.5 453.6 457.2 460.2 462.9 464.9 464.8 462.9 460.1 456.2 452 446.6 441.6 435.5 428.1 415.9 400.9 386.4 370.6 359.3 349.9 342.8 336.8 331.2
466 470.5 472.2 473.2 473.8 470.3 466.8 463.6 459.9 454 444.6 432.4 416.2 398.6 384.7 373.6 360.9 350.3 344.4 345.8 348.6 350.9 356.8 363.2 372.9 379.3 387.7 402.9 410 413.1 415.3 415.1 413.5 411.2 405.1 395.7 386.1 377 366.7 355.1 348.7 341.1 322.5 344.4 369.8 391 399.1 410.2 423 423.2 421.3 428 435.9 441.8 448.1 453.5 458.8 462.9 464.1 465.1 465 464.3 461.9 459.3 455.4 452.4 449.2 444 437.7 430.3 420.7 405.2 385.8 366.3 354.2 345.5 337.8 331.7
469.9 474.7 475.1 476.4 476 474.1 472.8 469.3 467.3 463.8 458.7 449.5 435.9 416.8 399.8 385.3 372.6 359.2 349.9 342 339.2 343.1 346 351.9 359.9 367.5 373.2 387.2 399.3 404.2 405.5 404.2 403.8 402.8 398.8 386.6 376.2 370.4 362.4 348.4 342.2 334.2 317.5 342.1 365.2 383.8 395.3 404.8 413.2 416.5 417.3 426.9 437 441.9 445.7 450.8 456 460.2 462.5 464.3 464.7 464.4 463.3 460.9 459.3 457.6 455.3 451.6 446.6 439.4 431.6 421.9 406.7 385.3 365.1 348.4 338.2 332.5
471.5 477.3 477.7 479.5 477.9 478.9 476.7 473.9 472.8 471.3 469.1 462.5 454 439.9 420.5 401.9 387.7 374.2 363.8 352 341 336.2 336.1 341.5 348.1 354.6 362.4 371.3 383.8 387.6 391.6 392.9 395 395.8 391 378.5 369.4 361.8 355.1 341.6 335 324.5 320.2 343.5 363.8 374.8 388.3 399.5 408.8 412.2 415.3 425.6 435.7 441.2 445 448.1 452.8 457.1 460.2 462.6 463.9 464.4 463.9 462.6 461.8 460.7 460.2 457.5 452.7 447 439.7 431.3 421 404 380.4 358.8 346.3 336.1
471.4 475.4 478.9 479.2 480.3 481.7 480 478.1 476.8 479.2 476.4 471 464.3 456 442.7 424.1 405.4 389.5 377.5 365.1 353 347.3 340.8 335 331 339.1 349.2 357.2 367.8 373.1 378.7 381.6 381.8 381.7 380.1 373.1 363.3 354.4 345.9 337.1 327.5 316 324.9 347 364 371.9 384.7 397.9 408.4 409.2 411 422.8 433.3 439.2 443 445.7 449.5 453.2 456.7 460 461.9 463.3 463.6 463.9 463.4 463.3 462.6 461.8 457.6 452.6 446.9 439.1 430.3 417.9 397.1 373.2 356.6 345.4
470.6 475.2 479.1 480.5 482 482.9 482.8 482.3 481 482.3 479.7 475.4 469.5 462.1 453.4 442.1 425.7 406.3 393.5 382.3 368.2 358.2 349.3 349.4 341.6 327.1 337 347.4 353.9 359.2 366.3 370.3 372.2 370.9 368.7 363.9 353.8 345.2 338.3 333.5 324.9 310.7 325.3 344.9 360.8 368.9 379.1 392.4 401.8 403.7 409.5 421.2 431.9 437 440.4 443.2 446.3 449 453 456.5 458.7 460.6 462.2 463.9 464.7 465.2 466.1 465.7 460.8 456.2 452.5 444.6 436.7 427 413.7 395.4 375.4 359.9
469.5 475.1 479.6 481.7 483 484.1 485.4 486.5 484.5 483 481.5 477.7 472.2 465.4 457.4 448.7 438.4 421.9 407.2 393.4 378.1 366.9 355.7 354.4 350.1 332.7 329.4 338 343 346.1 353.9 360.4 364 363.7 359.1 352.3 344.7 335.9 331.1 327.4 323.3 308.7 324 335.4 353.9 364.5 375.3 384.8 392.4 397.9 407.2 418.4 428.3 434.3 437.9 440.8 442.9 445.9 448.9 452.1 454.7 457 459.6 462.1 464.9 468 468.1 468 461 456.4 452.7 447.8 441.3 433.6 424.1 413 395.6 375.8
469.8 474.7 479.5 481.7 483.6 484.7 486.9 490 486.7 484.2 483.1 479.1 473.3 466.8 459.6 452.1 442.6 431.7 418.6 401.7 385 368.7 360.6 357.5 350.7 337.1 322.7 323.7 332.9 336.8 342.3 349.3 355.2 357.3 350.6 343.8 335.9 329.2 324.5 320.9 317.4 306.1 318.8 329.2 348.7 355.7 366.2 376.2 390.5 396.3 400.8 410 426 434.4 432.1 439.1 440.9 442.7 445.3 447.4 449.4 452.2 455.7 459.5 463.9 467.6 465.7 461.6 456.2 453 451.3 448.5 443 436.6 429.4 419.9 407.4 392.9
468.4 472.8 477.7 480.8 482.8 485.1 486.1 487.1 485.2 484.5 485.8 481 474 467.1 460 452.4 444.9 434.8 422.7 409 393.5 375.4 365.9 360.4 348.5 341.2 337.5 327.5 317.6 329.9 335.4 339.6 343.5 345.3 339.7 333.7 327.9 323.4 315.8 312.8 310.5 303.4 314.8 323.7 345.6 364.5 376.2 376.9 381.6 387 395 404.5 417.7 424.2 431 437.9 437.9 438.9 440.6 442.7 443.9 445.9 448.4 452.7 457 459.9 458.1 453.6 449.3 447.5 446.8 445.5 441.8 437.6 431.6 424.3 414.2 402.8
466.4 471.1 475.5 479.5 482.1 484.7 485.9 485.7 484.6 484.1 485.2 480.2 473.3 466.3 459.7 452.5 444.9 435 424.1 412.1 398.6 382.8 370.5 357 343.8 338.9 336.2 334.7 323.5 323.3 328.8 331.8 333.4 334.7 331.5 327.4 321 316.7 309.7 307.2 304.5 305.6 311.6 318.2 335.6 358.7 377.8 387.1 376.3 378.2 388.8 404.1 413.1 415.8 422.4 427.3 430.1 431.7 434.1 435.8 436.8 437.1 439.6 443 446.3 448.8 448.7 444.3 440.8 440.8 440.4 440 438.8 435.8 431.5 426 418.1 408
464.5 469.6 473.7 477.8 481.1 483.6 485.4 485.2 483.3 481.6 482.7 479.1 471.7 464.7 457.7 451 443.2 433 422.4 410.4 397.6 384.4 367.6 350.9 338.2 333.5 333 331.7 322 307.3 321.5 326.1 327 326.3 324.5 320 315.1 310.7 305.5 303.6 298.2 305 307.7 313.8 324.9 344.3 363.8 378.2 378.1 370.2 377.4 398.9 406.2 410.8 414.5 416.8 419.9 421.4 424.1 425.3 425.7 426 428 431.3 432.5 432.7 434.6 433.4 432.9 433.5 433.2 433.2 433.3 432.2 429.7 424.9 418.4 410.1
462.1 468.3 472.7 476.7 480.2 482.6 483 482.8 480.8 478.7 478.6 476.5 468.8 462 454.6 447.5 439.6 429.7 418.8 403.4 391.1 379.8 362.1 344.6 332.5 326.5 326 322.6 317.2 301.5 318.9 321.4 324.1 323.4 320.8 316.5 311.5 305.9 302 298.5 298.7 303.1 306.5 311.5 317.3 328.1 343.9 359.3 371.2 370.7 366.4 389.5 402.8 408.5 409.6 408.2 408.2 410.8 412.7 411.9 411 413 414.3 417.3 418.4 417.4 417 418.1 422.4 425.1 425 425 426.6 426.9 425.6 422.6 417.4 410.4
460.1 466.5 471.2 475.3 478.8 478.4 477.9 476.8 477.2 476 474.1 472.8 465.5 458.9 451.9 444.8 436.8 425.9 414.2 399.7 382.9 372.5 357.4 339.2 324.6 316.1 314.6 311 308.2 303.9 312.4 315.4 317.8 318.4 316.1 315.6 310.3 302.7 297.4 291.9 299.3 301 303.9 306.9 308 315 324.4 338.2 349.3 355.8 365.4 376.9 390.1 394.3 396.3 399.7 400.1 400 399.7 397 394.7 394 396.6 399.4 397.9 398.4 399.6 402.7 408 412.5 414.9 418.1 420 421.3 420.6 418 414.1 406.9
456 464.2 469.5 473.5 475.9 473.6 471.6 470.8 468.9 469.3 468 468 462.5 455.8 449 441.5 433 422.4 409.7 393.5 376.9 367.1 351.6 336.1 322.7 310.2 305.5 300.5 289.3 301.6 302.5 304.4 305.6 308.3 309.8 310.3 307.6 300.4 295.1 290.9 296.4 296.9 300 303.9 306.6 313 319.3 327.7 337.8 349.6 366.5 371.9 382.1 389.3 392 394.1 393.7 392.5 390.6 386.3 382.7 381.5 381.8 384.1 381.8 380.3 381.1 383.7 391 396.1 400.1 408.3 412.9 415.1 414.9 413.5 408.7 401.8
453.4 461.2 466.6 470.3 471.8 469.2 467.7 465.7 463.6 461.4 460.3 460.4 457.2 451.9 445.1 437.5 428 416.8 404.5 386.5 372.4 361.4 345.9 332.4 319.2 307.3 299 290.3 284 292.6 292.8 292.9 294.8 300.4 303.4 302.7 302.2 296.2 290.5 289.8 291.3 296.6 300 305.2 311.9 320.1 327.8 340.6 354 361.4 376.3 386.4 392.2 394.2 395.8 392.8 390.6 388.2 380.2 375.7 372.6 370.1 369.1 371.2 371.5 368.8 369.3 371 372.8 376.5 383 392.4 401.7 407.1 409.1 408.4 404.3 398.2
452.6 461.1 463.5 463.6 465.4 464.6 462.8 460.7 458.5 456.1 453.6 455 450.8 445.4 438.8 431.5 421 408.9 396 378.2 364.6 353 337.2 326.9 318 306.5 297.1 288.8 282.2 285.1 285.2 282.7 284.6 290.1 293.2 292.2 292.2 288.7 287.6 292.2 296.2 298.6 303.5 310.7 323.8 337.5 351.7 363.6 369.5 379.3 390.8 398.5 400.7 402.2 403.5 404.1 401 396.5 388.9 383.8 376.7 372.6 366.7 362.2 362.1 361.2 360.3 361 361.6 364.5 367.7 373.3 383.4 393.3 399 402.4 399.2 394.2
451.6 457.3 458.5 458.8 457.7 458 458 456.4 453.7 450.7 446.6 446.1 442.8 437.7 431.5 422.6 412.6 399.1 382.4 367.9 355.6 341.7 327 319.5 314.4 306.9 296.4 289.6 280.8 279.8 280 278.4 280.1 282.8 284.9 282.3 282.3 287.4 289.3 293.5 297.6 305.4 313.2 328.3 347.3 361 372.9 379.8 382.8 395.3 407.1 411.5 413.5 413 414.3 415.3 414.1 408 400.3 392 382.9 379.9 372.3 368.2 364.3 361 357.3 353.9 353.6 356 356.8 359.5 365 374.1 381.2 390.6 391.4 388.4
448.2 453.5 454 453.7 452.9 452.4 452 451 449.3 445.2 441.2 437.2 432.6 427.6 420.9 411.7 400.3 384.3 370.5 356 343.3 329.7 318.3 310.7 306.5 303.1 298.8 292.5 286.8 281.5 276.3 276.5 277.4 279.4 280.9 282.3 286.9 290.4 292.6 298.4 305.5 312.7 324.2 346.4 367.2 377.4 382.8 385.7 396.5 410.4 419.4 421.4 424.4 419 423 424.1 423.1 417.2 410.6 402.5 396.3 390.9 382.6 374.6 371.5 368.6 363.3 360.5 357.6 356.9 354.6 345.8 352.1 355.4 363.4 372.8 379 379.7
440.3 450.4 451.1 450.2 450.7 450.1 448.7 445.3 440.4 439.5 436.9 428.8 420.1 412.2 403.2 392.8 382.2 367.2 355.9 341 329.5 320.8 311 303.8 301.1 302.7 303.7 302.3 289.2 274.7 275.1 284.7 286.2 289.1 293.3 288.7 291.9 297 295.7 307.4 318.1 325.3 335.8 355.6 372.1 382.5 389.6 397.9 410.6 421.3 426.8 431.1 431 430.2 432.4 431.9 432.1 429.5 425.2 418.2 413.7 408.7 400.9 393.2 385.3 380.4 372.7 368.5 366.1 365 360.7 356.7 352.1 343 344.8 354.6 361.5 368.4
430.6 444.8 449.2 449.4 449 448 445 440.5 436 432.6 431.8 420.5 406.9 397.1 386.2 376.5 365.5 352.4 339.9 330.3 317.2 310.6 304.6 297.2 298.9 306.6 310.5 296.6 272.6 282.2 289.7 285.8 292 295.3 295.9 297.9 302.2 306.6 304.8 315.8 313.5 333.5 344.2 355.4 374.4 387.3 397 409.7 422.6 431.6 434.4 435.5 438 440.9 441.7 442.4 443.9 443.2 442 437.5 433.8 429.5 422.4 415.6 406.1 399.7 392 385.5 379.5 373.7 368 363.4 361.3 355.3 352.6 344.4 340.5 352.2
419.6 433.8 444.4 446.4 446.2 444.5 441.1 436.2 430.2 424.9 419.8 408.2 396.8 382.9 370.9 360.8 352.6 339.3 327.7 321.4 309.6 298.2 295.4 292 295.9 302.3 302.7 287.3 271.2 288.5 300.3 292.9 295.9 302.9 309.2 315.3 318.1 325.6 329 332.5 335.3 326.5 340 354.6 372.2 389.8 403.6 417.8 430.4 436 437 441.6 446.3 449.9 452.7 455.4 455.5 455 455.7 455.6 454.2 449.4 446.4 439.4 431.8 424.6 416.7 409.7 404.2 398.1 390.9 382.7 376.5 369.1 362.4 355.6 348 334.6
410.9 424.6 437.3 441.2 440.8 439.5 436.5 431.3 424 413 402 392.9 381.1 368.5 355.6 348.3 341.4 329.4 317.1 309.5 302.7 289.5 284 283.9 290.8 290.2 286.4 272.8 281.4 292.8 302.4 302.6 307.5 314.8 325.7 335.4 339.4 343.5 344.1 338.1 352.4 350.8 344.8 351.8 366.1 385.4 403.2 420.9 433.1 434.4 440.3 448.5 454.6 458.7 462.9 466 463.7 463.7 466.6 468.6 469.5 469.5 467.6 462 456.8 452 446.7 439.4 435.4 431.4 419.7 408.3 396.9 385.9 374.9 366.6 352.2 347.8
