public/OST50/SO17.asc
ncols 200
nrows 200
xllcorner 310000
yllcorner 270000
cellsize 50
[rows 105 to 139 of 200, columns 78 to 155 of 200]
306.1 308.7 315.7 316.9 320.6 323.5 326.2 329.2 329.7 335.1 332.4 341 345.8 347.5 353.2 357.8 360.7 362.5 363.9 364.6 364.6 364.3 363 361.5 358.7 354.3 347.5 341.2 339.5 333.6 319.8 319.6 326 339.1 348.2 366.3 379.8 392 401.1 408.5 414 422.9 433 444.6 452.4 455.5 464.3 468.1 473.4 479.4 486.3 489.3 492.6 492.5 488.3 485.6 482.9 480.3 478 475.5 471.6 468.2 467.8 471.8 471.8 472.7 476.5 479.3 482.9 484 481.2 476.4 470.5 465.5 468.9 473.1 480.6 488.4
304.3 305.6 309.1 312.1 313.2 316.1 318.2 321.1 326.8 323.8 333.7 337.3 341.6 346.9 350.7 353.8 357.1 358.3 358.5 359.4 360.3 359.9 358.9 357.4 354.7 350.6 343.9 334.2 334.1 329.6 318.6 319.1 328.6 338.8 355.1 376.4 390.5 402 411 419.7 425.3 434.3 444.1 456.4 461.5 463.6 468.5 472.7 479.8 484.9 482.8 484.7 489.5 491.7 488.7 488.5 488.4 488.1 487.1 483 477.4 470.2 464.4 468 466.8 467.1 467.2 469 472.8 475.4 475.7 470.5 461 458.7 463.2 471.6 480.9 489.5
303.1 303.6 304.7 307.3 307.8 310.2 313.9 316 316.9 323.6 326.8 334.5 340.9 344.6 347.6 350 352.8 354 354 354.3 355.2 355 354.6 352.6 350.3 346.8 340.8 333.2 327.9 324.1 317.9 317.7 329.1 339.8 360.3 384 397.5 408.9 417.9 426.6 431 442 449.4 458.8 462.2 464.5 469.1 473.9 475.2 470.1 468.4 474.1 481.3 485.7 488.4 491.6 494.9 495.9 492.9 487.8 481.5 473.3 468.6 465.2 456.6 455 460.7 462.6 464.9 465.9 467.3 465.8 458.6 457.8 461.3 473 479.7 488
301.8 302.7 303.9 303.8 305.4 306.6 308.6 310.3 315.4 323.2 328.3 335.3 340.4 344.3 346.5 345.6 349.5 349.5 349 349.4 349.7 350.2 349.7 347.7 344.9 340.3 335.5 329.7 324.6 321.8 316.5 318.7 332.2 344.8 367.4 387.4 400.7 412.1 420.6 426.6 434.8 443.6 447.5 451.8 449.6 450.2 453.6 449.9 447.5 447 446.4 456.6 466.6 477 486.6 494.3 498.2 499 496.1 491.8 485.8 478.9 475.1 474.4 468.3 464 457.2 445.1 458.5 460.8 461.5 461.1 457.4 457 461.1 472.7 481.2 487.8
300.9 301.4 302 304.2 305.1 308 314.8 315.2 311.4 321 326.9 332.8 338.6 341 342.8 340.7 344.2 343.2 342.8 343.4 344.1 344.5 343.8 342.2 338.7 334.2 328.6 326.1 320.9 318.3 315.5 321.9 338.1 356.2 373.3 386.9 398.6 410.5 420.9 426.3 433.6 438.4 439.4 439.1 433.6 424.4 423 420.1 420.5 421.9 424.7 443.4 462.1 475.6 487.9 496.3 499.8 500.9 500.3 496.6 491.1 486.6 483.8 484.5 477.5 469 462.2 453.6 452 458.3 460.5 459.2 456.9 456.2 460.1 471 477.6 482.5
302.2 302.6 303.3 305.1 307.7 310.4 318.6 322.8 321.4 317.9 326 331.8 336 337.1 336.6 335.6 337.6 337.1 337.3 338.8 339.1 338.1 337.8 336.3 332.6 326.9 322.5 320.3 319.1 315 314.4 328.6 346.1 362.9 374.2 383.9 394.2 404.3 415.5 421.8 428.7 430.5 428.7 423.1 416.7 414 405.1 400.6 401.7 404.4 422.2 445.4 466 478.6 489.6 498.9 503.1 502.9 501.9 499.9 497 493.7 491 488.5 483.1 473.7 463.5 454.7 441.3 455.8 458.5 459.9 458.1 456.3 460.6 470 475.9 478.2
306.4 309.3 309 309.2 313.7 314.4 321.7 327.5 326.4 319.3 321.6 328.7 331.4 331.4 330.5 329.7 332.7 332.8 331.9 333.2 333 332.1 331.2 329 327.6 322.8 319 317.7 316.7 314.6 315.5 334.1 347.8 359 369.8 380.1 388.7 397 403.9 410.8 416.7 417.4 411.8 403.2 401.4 402.6 398.3 390.3 392.4 409 432.6 457 475.1 483.3 491.3 501 505.9 504.9 502.6 501 500.9 497.3 493.2 490.3 483.2 473.2 461.5 452.3 437.1 449.8 451.2 455.9 458.9 458.4 464.6 470.5 473.7 475
304.9 308.9 313.3 317.5 320.7 316.8 326.4 332 331.2 326.1 321 320.1 325.9 325 324.7 325 327.7 327.3 325.9 325.8 325.9 325.4 323.3 323.2 322.1 318 316.9 316.4 315.9 313.6 314.5 327.8 340.5 348.5 361.4 373.3 381.6 387.5 393 397.1 402.8 405.2 402 391.7 393.1 393.2 387.9 382.9 403.5 427 448.5 467.9 479.4 485.8 492.3 501.2 506.2 502.1 497.9 495.7 495.2 493.1 491.6 488.4 482.1 472.3 459.3 449.2 435.3 440.9 443.1 446.6 452.5 457.5 464.5 468.1 470.3 471.3
300.9 311 319.6 325.6 330.2 323 329.8 336.3 336.2 332.6 328.2 321.3 323.9 326.1 326 322.7 324.3 324.1 321.8 321.6 320.8 319.5 318.7 319.8 318.1 316.9 316.5 315.4 315.4 313.1 312.2 321 331.5 340.5 348.6 360.9 371.4 377.7 381.9 385.9 391.3 393.6 393.7 386 385.5 385.3 375.6 390.8 415.1 437.5 456 468.6 476.1 483.5 490.6 497.6 500 494.7 490 487.6 488.8 493.6 493.4 489.7 482.3 472.8 458.6 443.4 436.5 428.2 433.2 438.1 438.2 452.9 460.3 466.3 470.9 475.7
305.8 318.8 326.8 332.3 334.4 327.9 326 333.3 335.6 335.4 331.1 323 328.2 332.2 326.9 323.1 320 319.5 319.5 318.1 317.6 316.9 316.4 315.2 314.1 314 314.7 313.7 314.3 312.8 311.7 318.1 326.2 334.8 341.9 346.1 356 364 368.8 373.6 379.1 381.9 380.5 377.4 377.6 379.1 366.9 393.8 417.3 436.5 452.8 461.3 466.7 474.2 482.4 487.9 487.9 482.4 480 484 492.7 497.4 496.4 491.6 482.3 469.2 453.6 440.8 432.5 421.4 419.5 417.4 433.5 442.2 455.7 465.6 472.8 475
313.8 325.3 329 334.1 335.8 336.3 334.8 333.3 334.7 334.8 329.7 326.2 332.2 334.7 330.2 324.3 320.8 319.2 318.2 317.6 317.2 316.5 315.9 315.7 315.9 317.3 316.4 319.2 314.6 311 310.5 313.5 320.7 328.2 335.1 340.4 342.1 345.4 353.3 359.9 367.4 369.2 368.6 367.6 370.2 368 368.3 391.8 413 429 439.3 448.2 453.4 458.2 463.7 467.8 466.2 461.4 466.5 478.9 489.4 495.4 495.2 490.6 482.3 470.4 453.9 441.2 432.7 426 407.6 411.6 427.6 437.7 446.5 458.6 470.1 474.4
316.9 322.4 330.3 335.4 338.4 340.5 339.8 338.3 339.1 337.9 332 329.6 333.8 333.3 329.3 324.2 322.5 320.2 320.5 321.5 319.3 318.3 317.2 319.6 323.4 323.8 325.5 325.7 322.6 312 310.3 311.7 315.6 325.7 331.3 336.9 335.9 336.8 340.1 344.9 349.3 355.9 359.9 360.6 363.3 353.4 371.2 392.3 407.3 417.8 424 428.7 430.9 431.8 435.7 437.3 436.1 435.1 453.2 467.9 479.8 490 494.2 491.5 485 472.4 458.8 447.2 436.3 428.1 420.9 407.6 416 430.9 438.9 451.5 468.4 472.1
315.8 327.6 336.4 340.8 342.7 342.4 340.7 340.7 341.8 340.3 334.3 333.2 332.2 330.5 328.4 328.8 326.6 326.4 326 323 321.5 321.2 323.9 325.5 327.9 328.2 329.8 328.3 326.4 318.5 310 310.2 312.7 322.4 327.6 331.1 327 329.6 334.1 340.1 346.8 351.6 354.7 354.8 354 358.1 376.5 389.2 400.7 407.5 408.8 405.3 402.8 402.9 404.9 405.8 406.1 418.8 439.2 461.4 475.7 485.9 492.3 494.6 488.5 477.5 464 454.3 441.1 432.2 425.5 410.6 396.3 419.7 432.1 442.5 461.2 466.2
316.2 331.3 338.6 342.6 344.5 344.4 343.4 342.6 343.3 340.9 336.5 331.8 335.9 333.7 333.4 334 335.5 332.4 327.4 328.1 324.9 327.9 330.7 328.5 327.5 328.2 327.9 325.1 320.6 315.1 310.5 309.2 310.1 317.5 320 324.9 332.5 334 335 341.5 345.9 347.9 346.9 346.3 351.9 361.3 373.4 382 390.6 390.2 388.8 388.3 389.3 387.7 386.8 395.6 406.8 421 440.9 461.5 473.4 481.9 489.2 492.4 487.7 479.9 469.2 458 443.3 433.7 425.3 418.2 396.3 410.1 426.2 437.2 453.8 461.8
324.8 332.5 338.2 342.1 344.5 345.3 344.2 342.7 342.1 339.7 336.1 336.2 336.8 338.2 341.3 342.1 341 337 331.4 332.6 329.3 335 335.5 330.4 327.3 324.8 325.8 324.8 318.4 313.6 311.6 308.4 309.6 311.9 322.5 333.1 335.8 335 336.3 342.1 342.1 342.4 336.5 343.1 357.6 362.8 368.5 373.7 378.8 376.1 374.6 378.2 378.8 376.9 379.6 398 415.3 432.9 445.5 462.4 474.4 482.7 487.8 488.3 485.6 479.7 472.4 460.3 447 435 426.4 419.3 400.6 398.1 419.5 428.3 446.3 453.5
327.8 330.9 335.9 340.6 342.4 343.7 344 343 341.4 341 337.3 339.8 342 345.5 346.1 348.3 346.9 341.7 336.6 333.6 333.8 336.9 335 330.6 328 327.2 324.3 322.4 322.5 317.6 314.8 307.4 308 308.9 321.8 330.4 331.9 329.9 332.4 336.5 338.4 334.8 332.6 345.9 354.5 358.6 360.3 362.3 365.4 366.8 366.7 368.3 370.7 379.4 391.3 412.1 430.9 445 455.1 470.5 480.9 483.3 482.9 481.3 477.7 474.2 469.9 459.8 447.2 437.1 429.1 417.8 395.2 390.9 411.6 422.8 441.5 450.7
324.2 327.9 331.9 335.5 340.7 343.3 344.6 345.3 346.5 346.9 344.8 344.2 347.7 351.4 352.3 352.3 351.3 346.1 341.3 337.2 336 335.7 333.8 333.6 332.3 327.6 325.4 325.7 323 319.5 314.7 310.9 306.6 305.4 316.1 320 325.4 330.9 334.5 337.7 337.2 330.7 331.9 339.2 347 351.5 350 352.3 355.5 354.3 359.6 369.2 377.4 389.7 406.5 425.6 444.9 454 462 472.7 484 481.9 478.7 477.2 473.5 470.1 468.1 460.5 449.3 435.3 419.4 402.2 385.1 390.8 409.7 425.7 438.7 447.6
315.2 318 319.5 326.8 335.8 340.8 346.2 348.4 351 351.3 351 348.4 351.7 354.3 355.9 357.3 356.9 355.1 349.9 342.4 340.1 337 335.7 335.6 333.4 328.7 324.6 323.7 321.9 317.9 314.1 311.5 308.5 305 313.9 318.1 324.8 331.6 336.4 339.5 336.1 328.9 326.8 330.1 334.4 333.8 337.2 340.7 347.8 357.7 371.4 377.9 393.6 406.5 419.3 438.7 453.1 461.1 467.1 473.4 487 486.1 479.2 474.5 471.6 466.4 457.7 450.1 437.4 425.4 408.3 387.5 376.3 396 407.1 425.9 436.1 442.8
306.3 309.4 315.1 323.3 336.5 347.4 350.7 351.8 354.4 355.2 353.9 353.3 356.2 356.2 359.1 360.1 360.1 357.9 353.5 348 345.8 344.4 339.6 334.2 333.6 331.1 324.4 320 318.9 318.3 317.7 313.4 309.2 303.3 315.6 319.3 324.2 330.4 336.1 339 335.2 327.9 322.6 328.9 341.4 346.2 343.6 343.8 346.2 363.4 376.3 390.5 405.4 414 423.5 446.1 458.2 464.8 469.6 473.3 480.8 479.4 476.2 471.8 466.4 457.1 449.7 441.5 430.2 418.4 401.9 379.6 372.7 389.9 401.9 418.3 430.3 439.7
310.9 312.3 323.2 338.1 345.3 352.1 355.7 357.3 356.9 357.2 355.3 357.2 359.7 361.1 361.3 361.7 360.4 358.3 354.2 350.1 348.7 345.8 339.8 332.2 330.7 327.9 324.9 322 321 317.7 311.3 310.5 307.5 303 313.1 318.6 322.6 326.9 330.5 333.8 331.5 322.8 326.8 334.2 344.1 348.8 347.2 340.5 344.3 366.4 381 400.4 408.6 415.7 427.3 447.2 457.7 463.5 468.3 471.9 473.1 471.8 469.2 466.9 463 456.4 449.5 442.3 436 424 409.3 387.2 364.1 375.2 389.9 400.3 418.1 428.7
315.2 318.7 336.5 349.7 355.9 358.8 361.1 361.4 360.9 360.1 358.5 358.6 361 361.9 362.4 361.3 359.6 357.1 353.7 349.7 345.3 342.5 338.6 332.1 327.9 327.2 324.6 325.6 320.9 316.1 309.8 308 303.9 302.6 310.4 314.3 317.3 319.2 323.5 325.4 317.1 324.5 336.4 339.5 347.5 350 348.6 338.7 345.2 370.2 386.2 404.5 411.4 418.1 427.8 438.1 449.5 458.7 468.6 472.9 474.4 471.6 470.7 467.8 462 457.4 455.8 452.4 445.8 428.9 412.2 388.5 372.4 361.9 376.9 385 397.3 409.6
331 335.6 347.8 356.8 360.4 363.1 364.5 364.7 364.1 361.8 359.1 359.2 360.5 361.2 361.5 358.7 356 352.1 348.3 344 342.3 338.8 334.7 331.4 329.1 326.1 321.6 320.1 316.3 310.7 306.5 306.7 303.3 301.6 305.5 308 308.8 313.4 320.1 314.5 326.9 334.6 338.2 339.8 344.2 344.2 342.5 335 345.4 370.8 389.3 405.7 410.4 415 422.2 428.7 434.9 444.7 455.5 461.1 465.7 469.5 470.6 471.4 469.2 463.6 459.9 456.2 448.1 433.3 416.4 395.2 379.7 358.9 362.6 367.6 376.4 385.9
344.7 350.8 355.5 360.9 363.6 365.2 366.1 365.6 363.4 362.8 362.8 363.6 362.4 359.9 358.1 353.7 346.1 338.6 330.4 328.4 330.9 328.9 327.1 324.9 323.8 319.9 314.6 311.3 315.9 311.8 307.1 304.7 302.5 301 303.5 306.2 307.1 312.7 316.9 321 328.6 334.9 339.4 335 338.6 336.5 334.8 328.3 343.8 364.6 380.4 397.4 399.3 404.9 413.9 422.7 427.6 432.1 440.2 449.2 453.8 457 460.6 463.7 465.3 463.6 460.6 456.7 448.8 434.5 419 401.9 385.5 367.4 352.5 351.3 359.2 362.4
356.2 359.8 359.6 364.6 366.1 366.5 366.8 366.5 366 367.3 368.5 368.6 367.1 362.5 356.4 351.1 344.7 338.4 332.1 327.4 325 321 319.5 318.9 316.8 315.2 316.3 317.7 318.9 314.5 307.3 306.5 305 301 301.9 302.5 307.7 314.4 319.7 321.8 326.1 329.9 331.6 329.9 332.5 331.4 324.9 330.2 340.9 354.4 366.1 378.9 384.3 392.8 400.4 411.3 417.4 423.6 429.9 437.4 443.1 448.6 453.4 456.5 457.9 458.8 458.1 451 443.7 434.8 422.7 409.6 394.2 376.1 361.5 355.3 342.9 341.1
362.5 365.2 365.6 367.3 369.1 369.4 369.4 370.1 370.8 373.1 374.8 374.1 374.1 367.7 360.8 354.4 348.2 340 331.7 330 329.9 329.3 329 324.8 323.5 324.6 323.9 322.5 319.3 312.5 307.7 305.2 304 301.2 301 302.7 304.2 307.5 315.1 316.9 323.7 325.3 326.4 325.9 325.7 325.8 319.6 328.3 336.3 344.4 350.1 357.1 369.5 381.4 393.7 402.7 409 413.9 419.1 423.2 427.8 432.5 439.8 446.7 450.4 452.9 450.6 446.1 442.2 437.6 427.9 416.7 404.4 389.7 374 367.8 359.8 353.5
362.3 367.6 369.1 369.7 372.3 374.1 373.6 371.8 372.6 375.8 380.2 380.9 378.5 371.1 363.2 356.1 345.5 338.5 341.2 339.5 340.4 341.5 339.6 333.3 334.6 333 328.7 325.2 319.4 313 309.6 305.6 304.4 303.4 300 300.7 301.3 301.5 305.9 311 317.3 319 321.5 323.8 319.1 324.5 315.9 324.3 331.4 337 340.1 344.9 344.7 372.5 395.5 405.7 411.5 411.3 412.9 414.5 416.6 419.5 423.3 427.9 432.6 439.7 439.1 437.9 437.5 433.7 427 418.5 410.6 402.3 391.3 379.6 373.3 367.5
360 365.9 371.3 372.9 377.1 376.8 374.6 372.9 372.8 375 375.8 375.3 373.4 368.3 360.1 347.6 349.4 346.7 346.9 347.1 348.7 349.8 348 344.1 342.1 336.2 332.7 328.6 323.3 324 320.3 308.4 305 304.8 307.4 298.6 299.7 300.1 300.1 303.2 308.2 310.6 312.5 315.3 313.3 315.7 312.8 320.2 324.8 329.1 332.9 336.4 349.4 375.2 393.2 403.4 407.2 406.2 402.2 401 400.8 401.4 404.7 409.2 419.6 427.2 429 431.6 429.8 427.9 428.3 424.3 418.7 412.4 402.9 394.6 386 379.4
352 368.7 374.5 378.4 379 377.6 375.5 373.8 374.2 373 369.9 368.5 366.8 356.5 359.2 361.4 358 353.9 353 354.1 354.5 354.1 352.4 349.8 346.5 341.7 338.5 335.6 333.9 331.5 323.3 314.5 309.1 309.6 308.7 305.7 298.5 298.5 298.9 298.9 302 303.6 303.1 304.6 306.8 308.1 310.4 314 318.2 321 328.2 338 352.8 371.1 380 383.7 384.3 384.7 384.9 385 379.1 381.3 389.5 401.7 409.2 413.8 420.9 422.1 423.2 422.1 422.6 424 423.9 417.6 410.2 399.5 392.1 386.7
356.6 369.2 377.7 380.4 379.9 378.5 376.8 377.4 377.5 376.2 372.4 369.9 366.9 368.8 368.9 367.6 366 363.4 361.2 359.3 357.9 355.8 353.3 349.9 345.8 341.4 339.4 337.2 335.4 332.9 330 325.9 318.4 318.4 318.1 316.4 310.2 299.5 297.9 297.9 298.1 299 300.2 302.5 303.6 306.3 307.6 311.2 316.5 322.2 329.4 337.3 348.7 357.5 368.3 366.8 365.9 367.4 369.3 368.5 364.5 366.9 385 397.9 401.9 404.5 408.9 412.8 416 415.9 415.9 417.6 416.2 412.6 408.3 402 395.6 390.1
365.6 377 381.3 381.4 380.7 379.9 380.1 380.4 379.3 377.3 374 370.4 369.9 369.4 370.9 370.8 368.7 366 363.5 360.9 357.3 354.8 351.4 347.5 343.3 339 335.9 334.7 334 333.3 332.2 333.1 325.4 322.6 319.8 316.4 312.4 305.4 295 296.9 297.1 298 298.8 300.5 302.6 303.8 305.7 308.6 316.4 322.8 327.5 332 337.5 344.8 352.6 351.7 351.8 351.2 351.6 352.8 355.4 362.3 375.3 384.7 391.1 396.1 399.5 403.4 406.5 405.9 407.5 407.4 406 403.6 400.1 395.1 389.8 385.3
377.4 380.9 383.2 382.8 382.9 383.1 382.8 381.1 379.1 376.3 374.3 372.4 369.9 366.3 366.9 365.2 364.2 362.2 361.6 359.1 355.2 351.4 347.6 342.8 339 337.5 333.9 330.9 329.7 330.3 328.7 330.9 323.8 317.2 316.2 317.3 314.6 309.9 299.4 295.8 296.4 296.8 297.4 298.8 300.5 301.5 303.5 306.2 314.6 321.4 325 326 328.2 330.4 336.6 340 340.8 341.7 341.8 343.7 341.5 351.1 359.7 364.8 373.7 381.6 387.9 392.1 393.6 394.4 397.2 393.6 392.7 390.8 386.6 383.5 381.9 378.9
384.1 384.3 385.6 385.4 385.6 384.7 383.1 381 378.3 377.2 374.8 372.1 369.1 363.5 360.1 353.4 356.4 354.6 355.5 354.2 347.4 341.5 336.3 334.3 333.1 335.3 331.3 324.2 323.8 324.9 322.6 320.9 314.2 308.8 311.4 313.5 310.7 302.7 294 295.5 296 296.8 297 298.3 299.4 299.9 302.4 305.6 311 314.1 316.8 320.5 321.7 319 323.6 326.9 328.8 329.9 332.4 333.1 332.3 338.3 344 353.4 360.4 370 377.5 382.7 384.3 386 387.5 386.7 385.7 383.1 380.8 378.3 376.9 375
388.4 388 387.7 388.6 387.5 385.1 382.3 380 378.2 375.4 372.1 369.1 365.4 360.2 348.2 341.7 340.9 344.3 344.9 344.7 338.4 331.2 328.7 328.4 324.6 327.7 323.7 318.4 317.6 317.4 313.2 309.4 302.2 300.8 304 304.4 300.7 295.6 293.5 294.8 295.5 295.8 296.5 297.2 297.8 298.6 300.5 303.5 303.4 305.8 308.9 310.8 310.6 311.5 314.3 318.1 322 320.7 322.1 324.6 326.8 330.2 334.2 342.1 353.3 359.6 364.9 368.9 371.4 375.7 377.3 378.5 377.5 377.5 376 373.8 373.1 373.8
389 387.9 388 388.9 386.1 383.1 380.3 377.4 375.1 371.9 368.4 364.6 360.1 353.4 344.8 333 326.9 333.9 334.8 336.3 329 320.9 323 323 317.3 317.5 313.7 311 306.8 305.6 301 298.5 295.6 296 297.3 298 296 293.3 293.9 294.7 295.5 299.5 301.6 297.9 297.2 297.6 298.3 299 300.6 301.1 304.1 305 305.2 307 307 310.8 314.9 315.6 316.7 319.5 321.7 325.2 329.7 334.2 342.2 349.4 356.6 359.4 361.6 364.7 365.9 367.4 370.8 372 372.9 370.8 367.6 367.6
386.2 384 387.1 386.4 383.5 380.8 378.3 374.9 370.8 367.2 364 359.2 355.6 347.4 338.1 329.7 322.8 322.1 324.2 325.3 317.4 308.6 313.3 310.5 307.8 305.3 301.4 297.9 295.5 293.1 290 290.8 290.1 288.8 293.9 295.2 293.5 292 296.6 306 307.3 307.7 306.4 300 297.9 297.7 298.4 298.8 299 299.6 300.3 301.6 302.4 303.8 306.6 306.2 308.8 311.8 314.3 316.1 318.5 322.8 325.6 329.3 335.3 343 348.5 350.8 356.3 357.4 357.7 363.6 364.2 363.6 363.2 361.1 358.4 356.7
