public/OST50/SO17.asc
ncols 200
nrows 200
xllcorner 310000
yllcorner 270000
cellsize 50
[rows 35 to 69 of 200, columns 78 to 155 of 200]
465.3 468.5 469.7 470.7 471.2 472.6 472 468.9 463.3 454.9 444.8 429.1 416.4 409.3 401.4 401.4 400.6 399.4 398.6 398.6 398.6 399.3 400.3 400.3 399.2 396.1 395 390.7 384.2 374.7 366.3 360.9 355.9 350.5 340.3 329.4 335.3 349.6 359.2 370.8 386.6 394 399.7 405.7 411.9 414.6 415.7 414.4 411.1 406.4 402.5 398.3 393.1 388 382.7 376.5 367.8 358.3 364.4 364.8 360.2 358.3 361.4 378.6 388.7 399.3 406.7 411.4 413.9 413.6 411.5 407.9 403.9 400.6 401.4 403.5 406.7 412.5
470.7 473.7 475.5 474.9 474 472.6 468.8 463.6 454.1 440.1 425.5 416.3 409.2 408.3 411.2 412.6 409.6 408.4 412.4 413.1 414.8 417.3 419.3 417 407.4 403.5 402.1 394.7 387.2 380.9 369.4 365.4 359.7 348.2 338.3 330.8 343.8 359.9 372.8 382.8 391.1 396.3 401.7 409.1 414.8 416.9 416.4 413.5 409.2 404.1 399.7 395.4 388.7 383.3 377.1 367.2 367.5 370.1 372.3 370.6 375.7 370.2 361.3 370.6 389.5 399.5 406.6 410.1 411 410.2 408.7 406.4 405.7 408.3 410.3 415 418 420.7
473.4 478.1 477.7 476.1 472.3 468.9 462.9 453 438.8 427.6 418.5 416.8 417.6 422.6 428.1 429.9 430.2 429.4 432.3 433.7 435.1 432.8 428 419.4 411.7 407.8 402.8 394.2 388.4 380.9 368.4 359.1 352.4 343.5 331.4 335.5 356.6 377.1 383.9 390.1 396 401.3 407.2 413.7 416.9 416.7 414.1 410.2 406.8 403.7 398.5 392.6 386.2 379 368.7 376 380.6 383.5 386 381.5 384.4 374.9 375.4 376.3 390.4 399.5 406.7 409.4 410.3 409.5 408.8 410.3 414.1 417.7 419.8 422.6 425.1 427
474.2 479.6 477.1 474.3 471 465.9 455.3 442.8 432.1 431.8 432.8 437.2 440.6 445.4 449.2 452.8 452.8 451.3 452.7 450.4 445.4 438.6 427.3 418 411.1 405.2 400.9 394 386.2 375.1 363.4 355.2 346.8 335.5 333.9 349.5 371.1 387.4 390.3 396.6 401.4 406.2 410.4 414.7 415.7 413.7 411.1 406.9 403.8 400.6 395.9 388.9 380.2 378 384.7 389.3 394.5 395.1 393.9 391.2 389.8 383.5 376.3 379.8 390.6 400.6 406.6 408.8 410.4 410.9 412.8 416.2 420.8 424.2 426.8 428.7 430.9 432.6
474.1 474.6 472.7 471.4 470.1 463.3 451.5 450.6 449 451.7 457.6 462.1 466.9 471.4 472.8 473.8 470.8 467.1 462.1 456.8 449.5 437.5 425.4 421.4 412.3 403.2 393.4 387.3 378.3 369.9 360.9 350.2 340.5 336.7 342.3 359.1 382.3 392.1 395.1 400.2 406.9 409.2 411.5 413.6 413.3 411.4 408.1 403.7 400.1 395.8 388.6 380.1 387.3 392.3 396.4 398.4 402.6 403.1 398 398.5 397.8 395.6 373.7 381.4 390.1 400.8 404.5 408.4 411.8 414.4 417.2 421.3 426.3 430 433 434.7 436.4 437.7
469.8 471.3 475 472.2 469.4 468.1 467 467.1 468.7 476.9 481.4 484.5 486.6 486.4 485.1 482.2 478 472.1 465.8 459 451.9 444.1 432.2 420.1 406.2 393.1 382.7 376 371.1 365 352 344.1 335.9 340.7 348.5 370.1 389.3 396.2 400.1 403.8 407.6 409.2 409.2 409.2 409.3 408 404.6 400.3 395.4 391.8 390.4 393.4 398.4 402.6 406.1 408 409.3 409.8 406.4 406 405.3 401.4 390.9 377.5 388.2 399 404.2 408.6 414.6 419 422.8 426.9 431.8 435.9 438.2 439.2 440.1 440.9
470.4 471 473.8 474.1 474.6 476.2 477.6 480.7 483.7 487.8 491.8 495 495.6 493.4 490.5 486.4 479.9 473.1 466.7 459.4 451.7 442.9 429.8 413.7 393 379.2 370.9 364.4 358.5 350.9 339.7 337.2 339.8 343.2 358.9 366.7 393.7 399.8 401.4 403.5 405.6 406.9 407 406.1 404.3 402.7 400.7 397.5 396.2 396.8 398.1 402.2 407.1 411.2 413.7 415.5 415.8 413.6 411.5 410 405.8 400.5 392.6 381.5 383.8 396.9 403.4 412.5 417.7 423 427.5 433 437.5 441.3 443.6 444.3 444.2 444.1
464 467.2 471.1 473.8 478.7 481.8 484.2 486.6 490.4 495.5 498.9 500.9 499.2 495.3 490.9 485.7 480.1 473.3 466.2 458.9 450 438.7 422.9 401.9 383.2 369.7 363.3 356.9 350.6 343.4 340.1 343.9 350.1 352.2 369.4 379.3 385.7 398.2 397.6 397 400.1 401.1 401.4 399.6 400.3 399.6 399.1 397.6 400 401.9 406.5 412.1 414.7 418.2 420.1 420.9 420.2 417.7 415 412.7 408.8 401.6 382.9 386 390 398.1 404.5 414.6 420.5 426.9 432.8 438.4 442.9 446 448.2 449.3 447.9 445.6
461.1 464.1 469.5 475.3 480.7 485.6 489.5 492.3 496.5 501.5 503.1 501.8 498.6 494.4 489.3 484.2 478.4 471.6 464.7 456.5 445.1 426.9 403.9 383.6 376.2 368.9 361 352.2 344 340.5 343 347.2 353.2 360.7 374.1 383.3 390.5 392.3 395.7 398.2 397.1 396.2 397.7 398.1 399.6 400.7 401.8 403.2 405.2 409.3 415.2 418.8 421.4 424 424.8 424.3 423.6 421.6 419.7 415.5 411.3 401.2 384.2 386.2 397.7 404.6 410.7 417.8 424 432 438.8 444.1 448 450.9 452.7 452.5 449.8 445.4
453.2 461.1 470.6 476.4 483.1 488 493.7 497.2 501.5 504.5 502.4 499.6 495.1 490.7 485.5 480.3 474.1 467.3 459.5 448.9 431.7 412.2 390.4 382.6 372.8 364.4 354.8 346.5 343.5 342.4 350.8 356.4 359.1 360 373.9 380.6 388 395 400.1 402.3 400.5 401.2 400.9 401.6 402.7 403.7 405 407.5 413 418.9 422.5 425.9 427.5 428.7 428.9 429.4 429.5 427.6 422 415.1 406.9 398.7 386.7 396.4 404.5 410 416.3 421.2 428.9 436.9 443.7 449 453.1 455.1 454.9 453.1 449.5 444
450.1 466.4 475.9 480.1 485.4 489.7 495.3 499.2 502.8 501.1 497.9 494 490.4 486.4 481.6 476.1 469.5 462.5 454.3 439.6 405.6 393.7 383.5 377.3 370.3 361.9 350 346.5 345.5 348.4 357.8 364.8 365.8 365.7 378.6 382.7 387 393.6 403 404.6 404 404.9 405.6 406 407.3 408.5 412.5 418.7 423.5 427.5 430.6 433.2 434.6 435.7 436.9 438.4 436.7 430.7 419.1 410.1 404.3 393.5 391.5 405.5 411.3 416 422.2 429.2 435.7 442.4 448.2 452.4 456.9 458.6 456 451.6 447.8 443.3
454.6 470.7 480.1 483.2 486.4 490.9 493 496.3 499.7 497.1 493 489.4 485.4 480.7 475.8 469.9 464.7 457.9 447.3 430 411.8 386.3 377.4 371.9 365 355.9 356.2 350.6 346.1 356 362.5 370.6 375.5 379.5 379.8 386.1 390.2 396.7 404 406.9 408.1 408.6 410.6 412.4 416.5 420.9 424.9 429.8 433 436.5 439.1 440.3 442.4 443.8 445.2 444.9 441.1 431.8 416.1 407.8 402.2 390.4 397.4 401.7 410.1 416.8 425.6 436.8 443.7 449.4 453.8 456.8 458.8 459.1 458.1 455 450.5 445.3
460.7 472.3 482.7 485.9 487.4 488.1 488.9 491.6 494.2 492.6 489 484.1 478.2 473 469 463.9 459.1 450.5 435.7 416.6 397.5 385.8 380.6 369.9 363 354.3 357.5 355.4 346.9 356.8 367.3 375 380.5 386.1 388.6 389.8 392.9 398.6 403.6 409 411.6 414.2 418.4 423.1 428.3 433.7 436.6 440.1 442.4 444.8 446.2 447.7 448.4 449.5 450.2 448.7 442.5 429.7 415.7 405 397.9 391 403.2 408.3 415 423.2 433.6 443.1 450.7 455.8 459.2 461.6 461.2 461.3 460.4 456.6 451.6 446
461.1 473.3 482.8 487.7 487.5 484.9 483.8 486.1 485.7 483.1 479.4 475.8 472.3 469.6 466.3 460.1 453.1 441.8 424.4 407.2 396 389.2 379.3 368.8 359.6 359.9 359.9 349.7 352.3 365.5 371.9 380.7 386.9 392 397.2 400.7 403.8 407 410.9 414.5 419.2 424.1 429.2 434.6 439.4 444.7 446.6 449.5 450.6 451.9 452.6 452.9 453.2 453.5 453.7 451.2 441.3 428.3 413.5 405.3 395.6 399.4 410.7 423.1 430.4 436.8 441.9 447.8 454.3 460.1 463.6 466.4 465.4 463.1 460.5 456.3 451.5 445.1
463.8 473.4 481.8 484.9 485.3 483.8 478.8 481 477.4 475.1 471.2 468 464.6 461.8 458.7 453.6 445.5 428.5 413.1 401.7 390.8 380.9 367.6 366.6 365 362.2 360.9 350.2 362.2 373.4 381.9 387.1 392.5 399.1 404.3 409.8 414.1 418.1 421.1 424.6 428.7 433.8 439.9 446 450.5 453.3 455 456.3 457.3 457.7 457.6 457.6 457.7 457.6 456.5 449.9 436.1 422.1 414.5 404 394.3 406.4 422 434.6 440.9 446.3 450.8 455.5 460.2 464 467 469.3 468.4 466.4 462.8 458.1 452.3 442.9
465.2 471.7 475.8 478.7 480.2 475.2 471.7 470 467.1 466.3 464.3 460.9 458.4 456.2 452.7 446.2 432.4 416.5 394 393.3 384.4 383.3 375.7 370.4 366.9 363.8 357.5 354.8 371.4 382.1 389.2 393.6 399.2 407.1 412.7 418.8 423.5 427.7 430.4 433.7 438.3 445.8 450.4 454.5 458.4 460.4 461.4 461.6 462.4 462.4 462.5 462.4 462.3 462.5 459.1 446.5 433.4 422.7 416.1 404.1 399.5 409.4 429.3 442.1 449.2 454.3 458.5 462.5 466.4 471.4 474.3 473.6 472.2 470 465.3 459.4 452.7 443.9
462 464.4 467.4 470.7 471.3 467.8 465.8 463.4 460.1 458 457.4 454.9 452.5 451.1 448 433.7 423.3 416.1 413.7 406.1 395.6 394.7 378.9 372.9 366.7 366.9 360.6 362.3 379.8 388.1 395.4 400.5 407.6 415.3 422.7 427.9 432.1 436.5 439.8 442.4 450.3 454.4 458.6 461.8 464.5 465.7 465.4 466.3 467 466.9 466.9 466.7 466.6 466.5 460.7 446.3 433.9 422.3 411.9 398.2 405.2 413.7 434.4 447.7 455.5 461.1 465.3 468.5 472.2 477.7 480.9 481.5 478.7 476.5 471.7 464.5 456.9 450.1
456.7 459.5 460.8 461.8 462.4 464.7 465.4 462.6 458.5 454.8 453.6 455.2 453.2 449 445.8 443.2 433.7 421.4 417.9 414 413.2 407.3 387.2 375.2 370.7 369.3 362.5 372.2 385.4 393.6 401.6 407.4 415.5 423.8 430.9 436.1 440.3 444.4 446.9 451.3 458.1 461.9 465 467.9 469.4 469.8 469.8 470.3 471.1 470.8 470.9 470.5 469.2 467.2 461.8 448.2 433.3 419.8 413.8 399.3 409.5 418.7 439.5 453 461.1 467.1 471.1 474.6 478.5 483.8 488.3 489.4 489 487.3 480.5 473 465.9 459.4
453.2 455.3 457.8 457.2 456.9 457.6 457 453.1 450.8 449.9 454.3 455.6 453.4 455.2 453.4 447.9 436.7 430.8 427.4 426.6 425.1 413.6 390.7 376.8 372.4 370.3 359.3 378.4 389.3 397.9 407.9 414.7 423.2 430.2 438.3 443.6 447.7 451.9 455.1 459.5 464.4 467.6 470.5 473.1 474.3 475.4 474.2 473.9 474.6 473.9 472.6 471.2 469.6 466.7 461.6 448.9 435.7 420.2 410.5 400.5 413.4 422.9 443.5 458.2 466.4 473.3 478.9 482.6 485.9 489.9 494.4 496.2 497.1 497.1 492.9 485.2 476.9 470
448.6 450.7 451.6 449.9 444.2 442.4 441.5 442.1 445.4 451.6 456.2 456.1 455.8 457.5 456.4 449.4 442.9 435.7 434.7 432.9 429.7 415.9 390.9 377.8 372.6 370.8 360 381 393 403.1 412.6 420.3 429.6 438 445.2 450 454.3 458.4 460.6 465.1 469 472.4 475.8 477 477.8 477.8 476.5 475.1 474.8 473.7 472.2 470.9 468.8 465.4 460.2 448.2 434.2 418.2 406.5 402.7 414.4 427 447.5 459.9 470.5 479 485.4 489.2 492.2 495.5 499.8 502.5 504.1 504.7 502.7 498.7 491.1 484.1
441.9 440.7 436.6 430.5 429.3 431.5 438.1 443.1 451.7 455.4 461 456.9 454.5 454 452.9 448.6 444.2 441.7 441.5 438.2 431.5 415.4 388.6 378.6 374.2 368.8 368.8 384 396.6 407.2 416.7 426.9 435.9 443.3 450.4 455.9 459.5 462.7 465.2 469.5 473.6 476.5 478.9 480.3 480.7 479.6 477.5 474.9 472.2 471.1 469.7 467.9 466.1 462.5 456.9 441.5 424.4 412.4 404.3 413.7 422.2 430.8 447.7 461.8 474.2 483.2 490.2 494.2 497.7 501.3 505.3 509.2 511.7 512.5 512 509.8 505.2 499.5
431.2 429.1 425.9 422.9 423.6 430.5 444.2 450.3 454.2 457.3 458.3 456.3 455.4 456.3 453.9 448.9 445.5 446.7 443.4 439.5 433.2 412 387.7 382.4 376.3 369.8 372.8 386 400.7 411.6 421.6 431.6 440.5 447.9 454.6 460.1 463.7 466.5 469.1 473 476.3 479.1 480.2 480.8 481.8 479.2 476 472.8 469.4 467.7 466.2 463.5 461 457.3 450.2 432.8 420 406.5 410.8 415 423.8 433.4 451.8 467.2 479.9 486.8 493.6 499 503.7 507.5 511.8 514.7 516.7 519 519.6 518.4 515.9 511.3
422.5 423.9 419.3 418.3 427.3 440.2 451.7 457 458.3 459.4 460.8 459.9 457.4 458.5 454.3 449.5 448.5 448.7 444.1 439.2 430.6 410.2 389 383.7 378.1 372.4 374.7 388.1 403.8 414.3 424.6 435.1 443.7 451.1 457.6 463.4 467.5 470.4 473 475.5 477.4 479.3 480 478.5 478.6 476.9 472.9 469 466.8 464.6 462.3 459.2 454.7 445.1 434.9 423.5 413.8 407 413.1 418.8 425.2 440.5 456.3 471 484.4 492.2 496.5 503.3 509.8 513.7 517.5 519.7 521.7 524.2 526.1 525.7 523.6 521
415.1 417.6 412.3 425.9 437.6 454.3 460.9 462.9 463.6 464.4 465 462.3 461.1 460.3 455.9 450.7 450.4 447.9 442.6 434.3 418.1 400.1 391.4 386.7 380 374.6 375.8 389.4 404.4 416.9 426.6 436 445.6 453.9 460 465.6 470.8 474.5 475.7 475.2 476 477.7 476.8 475.3 474.2 470.6 469.1 467.2 465.2 463 458.4 450.1 442.7 432.8 423.3 414.4 414 412.2 414.5 422.2 428.4 444.4 458.5 472.4 487.2 497.9 502.8 506.7 514.8 519.8 523.1 525 526.4 528.7 531.5 531.8 529.7 527.9
403.9 412.1 426.1 440.6 454.4 465 468.3 468.7 469 469.9 467.2 465.3 462.6 459 453.9 450.7 449.6 445.7 434.9 429 423.8 418.3 404.6 390.7 382.1 378.5 382.2 387.6 405.3 417.5 426.3 436.8 447.4 455.2 461.8 467.6 472.5 475.5 474.6 470.7 468.6 471.8 473.3 470.8 468.2 467.1 465.6 463.7 462.3 460.5 454.3 446 429.7 421.8 425.5 420.8 419.7 414.9 415.2 422.1 431.1 442.9 456.5 476.5 490.3 502.1 509.2 511.4 518.6 524.4 528.3 530.4 531.5 532.9 536.8 535.8 533.9 533.7
413.3 424.3 439.2 454.8 466.8 472.8 474.8 474.6 474.4 472.6 467 462.6 458.6 453.2 449 446.1 443.8 439.3 440.4 438.7 437.2 427 414.6 396.6 385.6 379.9 381.2 391.8 404.9 415 426.1 437.2 447.7 455.8 463 468.5 472.4 472.3 468.1 465.6 466.9 468.9 467.9 465.5 463.6 463.4 461.2 459.5 459.8 456.8 450.2 440.8 441.2 441.7 435 427.2 422 418.7 416.8 421.3 433.1 445.8 459.3 476.6 493 505.3 513.6 517 520.1 527.5 532.1 535.3 536.8 538.2 540.4 539.1 538.1 536.8
424.9 437.6 454.2 467.3 476.1 480.4 482.2 479.2 475.4 469.8 463.8 458.5 452.9 448.6 442.8 443.6 444.1 448.3 451.5 447.9 442.1 432.7 416.6 400.5 388.1 381.8 384.1 396.3 404.8 412.7 425.1 436.9 447.8 456.6 463.4 468 469.9 466.2 463.7 465.2 466.5 465.1 462.6 460 459.1 458.3 457.4 457 455.2 457.9 454.9 453.8 450.7 448.1 443.2 436.9 432.1 427 419.1 423.1 436.2 449 460.5 475.5 492.3 506.7 515.8 520.8 525.5 531.1 536.6 540.2 543 543 541.8 539.5 538.7 537.1
435.7 452 467.9 477.5 480.5 483.9 485.3 478.9 473.1 467 458.8 452.7 446.3 439.8 438.2 446.1 450.9 454.5 454.7 449.7 442.8 433 417.3 399.9 390.9 385.6 387 397.6 406.3 413.2 423 436.6 447.5 456.7 462.4 465.7 464.6 463.4 464.7 464.7 463.1 459.6 458.1 455.2 454.7 456 455.6 455.2 456.3 460 458.9 458.9 455.9 454.6 447.9 442.6 439.1 431.3 422.7 426.1 437.6 450.8 460.7 470.7 489.3 503.6 516 521.6 525.7 532 535.4 541.6 544.2 544.5 542.4 540.7 539.8 537.4
448.1 462.4 473.3 477.7 477.3 482.7 481.1 475.8 471.6 462.2 453.7 446.5 438.3 432.1 437.5 450.2 454.8 456.8 455.8 448.7 439.2 426.8 415 399.7 392.5 388 388.5 396.7 405.8 412.4 422.3 435.6 446.8 455.2 459.7 461.5 461.5 460.7 461.4 459.1 454.9 453.5 452.8 452.7 455.6 457.4 456.6 455.6 457.8 463 464.2 464 461 456.9 451.1 447.4 445.8 438.5 430.3 427.9 440.4 452.3 463.2 469.8 480 494.7 505.5 516.3 522.2 527.8 533.2 537.8 542.8 543.6 544.6 543.3 541.2 538.8
456.2 465.6 470.7 473.3 476.4 482.5 476.7 471.6 464.8 456.3 447.6 437.1 431 428.7 439.6 450.8 453.6 456.7 451.6 447.1 434.9 422.4 412 400.1 394.2 389.1 390 395.9 405.4 414.1 421.3 433 444 451.5 455.6 456.6 457.4 456.2 454 449.6 446.7 445.1 448.8 452.5 455.4 456.9 456.8 457.6 462.5 466.7 467.9 468.8 464.4 460.5 456 454.9 452.3 447.3 439.1 434 443.8 450.9 459.9 466.4 472 480.1 487.6 498.4 509.9 523.6 530.3 537.2 541 543.2 544.5 543.5 543.3 541.1
462 464.8 468 470.4 474.2 475.9 468.4 464.9 456.6 447.6 437.5 432.6 433 429.4 432.6 440 444.7 446.5 444.5 440.1 431.7 423.3 409.1 400.8 395.4 394.7 389.9 396.7 405.3 414.1 421.7 430.9 439.2 446.4 449.9 451.5 450.6 446.4 443.4 439.6 439 439.7 442.4 446.4 449.9 453.5 457.3 460.8 467 470.8 473.1 474 469 465.7 462 459.3 456.2 450.9 444.8 435.4 445.1 450.7 455.8 463.1 469.4 475.4 478.9 486.9 501 517.3 527.4 534.9 539 539.1 537.8 537.2 539.1 542.9
458.7 459.8 462.9 464.2 469.9 469.8 462.9 457.1 450.6 441.7 436.6 437.2 438.8 432.2 423.7 427.8 429.8 433.2 433.6 431.1 426.5 420.7 408.6 400.4 397.9 397.7 395.1 396.8 402.9 413.8 420.2 427.2 435.2 440.1 442.6 443 441.1 438 434.9 432.1 427.8 435.3 438.7 443 448.4 456.6 464.7 467.4 471.4 474.6 478.9 480.4 474.6 471.1 467.1 463.6 459.9 455 447.2 441.4 445.4 449.5 456.4 459.9 466 474.5 480.7 488.2 503.3 513 522.1 531.8 534.7 535.2 534.8 534.6 536.6 539.2
448.6 448.8 451.1 457.8 464.6 459.6 456.9 452.7 446.8 445.1 444.7 443.4 442.3 436.5 429.8 419.2 418.4 421.5 423.2 424.8 421.5 415.5 405.7 400.7 398.9 397.7 398.7 401.7 401.3 412 419.1 425.7 430.1 433.3 434.5 433.6 431.6 428.9 426 423.5 427.5 430.3 434.6 446.1 456 464.6 471.8 476.1 478.8 481 485.5 485.9 480.3 476.4 472 467.1 463.3 458.3 453.1 449.3 447 454.2 461.3 466.3 471.4 477.7 483.8 493 500.6 507 515.4 521.7 526.2 528.7 529.5 532 535.7 536
425.5 429 440.9 447.8 458.7 457.7 457.5 457.8 453.9 451.4 447.8 446.2 445.4 440.6 431.9 423.8 411.2 412.5 417.1 417.6 416.4 412 405.5 403.3 402.3 401.1 403 405.1 407.3 412.7 415.1 422 425.8 427 425.4 425.7 423.7 420.1 417.9 414 424.4 430.2 439.9 456.1 466.1 473.8 479.1 485.2 488.2 491.2 492.9 492.9 486.2 481.9 477.1 471.8 468 463.9 458.4 455.1 454.5 458.6 464.1 471.1 476.4 482.4 487.6 492.8 497 501.7 506.2 511.3 516.5 519.9 525.1 529.9 533.1 530.4
404 416.3 425.5 440.5 453.8 456.6 461.1 464.1 458.6 454 451.4 449.7 446.5 441.4 433.8 424.1 413.9 404.8 410.2 413.7 415.1 411.8 407.8 408.3 408.4 404 406.9 404.7 406.4 414.2 416 416 418.4 420 417.9 415.9 413.8 413.1 409.8 419.7 426.3 435.3 452.6 466.9 475.4 481.5 487.3 492.5 495.3 498.7 499 499 493 487 484 479.8 474.2 471.3 466.3 463.7 463.3 467.4 471.1 475.1 479.7 483.3 486.9 490 493.2 495.7 497.6 496.4 498.2 514 520.8 527.8 533.3 528.6
