public/OST50/SO18.asc
ncols 200
nrows 200
xllcorner 310000
yllcorner 280000
cellsize 50
[rows 70 to 104 of 200, columns 0 to 77 of 200]
280.8 283.9 289.4 290.8 296.1 304.3 317.7 332.5 353.6 366.8 374.9 375.5 373.3 369.5 362 362.8 365.5 365.2 364.7 364.8 370.5 375.4 379.3 379.4 378.9 377.3 375.1 372.1 367.3 365.7 364.7 363.3 360.8 355.3 345.4 328.5 314.1 335.2 344.5 336.2 334.7 339.9 336.9 348.8 361.1 370 379 388.5 394.4 399.7 404.8 409.1 409.3 406.4 402.1 397.7 392.7 385.6 375.2 365 358.9 352.1 341.5 334.9 324.5 316.1 325.4 333.9 337.9 343.3 348.5 352.1 356.9 361.9 366.9 371.9 378.3 384.6
288.3 295.1 302.8 305.5 310.1 317.1 334.3 354.1 367.6 377.5 380.8 378.3 373.8 367.4 369.4 371.7 370.6 371.5 371.8 369 380.2 382.4 384 383.6 383.4 381.4 379.2 377.5 376.8 375.1 372.8 367.5 359.8 349.1 341.5 332 313.8 331.9 346.4 352.4 348 354 338.1 352.6 363.6 372.7 380.8 388.5 394.8 400.8 405.7 406.7 404.5 401.4 396 389.9 382.1 372.6 362.9 356.7 352.7 343.7 335.9 329.6 318.5 328 335.8 338.7 343.8 349.8 356.5 362.4 366 370.6 376.5 382.6 386.2 392.1
298.3 303.5 315.3 320.8 327.2 336.9 355.4 368.5 380.6 385.9 383.3 377.5 372.5 374.2 376.5 377.4 377.9 381.3 382.6 383.3 387.2 389.1 390.4 390.9 388.1 386.8 384.5 384.5 383.5 379.7 374.9 365.3 354.8 345.3 339.5 327 316.7 332.5 345.4 359.6 360.5 357.3 343.5 352.5 360.9 370.6 378.1 387 394.3 400.6 402.9 402.6 398.9 390.8 387.4 378.5 367.3 360.3 354.4 347.6 343.2 335.7 329.6 321.3 332.8 337.4 342.8 345.4 351.2 358.9 368.2 371.4 375.1 381.4 387.1 392.8 396.3 402.7
309.3 317.1 325.1 333.3 341.4 357.5 372.5 382.7 388.2 389.5 384.7 378.7 380 382.1 382.2 382.1 383.9 390.8 390.9 393.4 396.3 398.7 398.1 396.5 394.2 393.6 389.7 383.4 380.9 376.8 371.4 363.8 352.1 345.1 333 315 326.9 335.6 347.9 357.1 356.9 354.8 344.6 348.2 361.2 368.4 377.5 387.6 395.2 399.3 399.9 397.7 393 386.6 381.2 368.5 361.1 353.7 346.2 337.9 331.2 327.7 327.7 331.6 338.3 342.5 347.3 352.1 359 369 375.6 379 385.4 392.9 398.1 403.1 407.7 413.6
320.8 327.9 334.2 343.6 359.8 378.4 388.6 392.1 392 388.4 384.5 386.2 387.8 384.2 385.5 395.4 399.4 398.8 402.1 404.9 405.1 404.9 404 401.4 399.5 393.1 386.9 380.1 375.4 372.8 366.5 360.7 350 339.7 319.5 334.6 338.6 344.9 356.2 359.5 355.6 352.9 346.2 355 357.6 370.4 379.5 388.7 394.6 396.5 396.2 395 392.6 388.1 381.9 374.1 362.9 354.9 347.7 343.8 334.7 332.3 332.1 337.2 342.9 347.7 353.7 360 366.1 373.8 381.8 387.1 396.2 404.6 409.1 413.8 419.3 425.1
332.6 338.3 347 364.9 382.1 395.7 401.5 399.3 396.5 393.6 389.2 388.3 390.1 392.2 403.7 408.4 410.4 411.5 411.9 412.4 410.4 410.6 407.2 401.8 398.5 393.1 386.6 377.2 371.6 368 359.9 349.7 340 326.2 328.2 341.7 346.2 358.3 365 364.9 361.2 358.4 351.8 366.1 369.4 371.2 380.6 387 391.5 395.1 397.2 398.5 396.1 389.9 382.2 372.7 365.6 358.9 352.4 345.8 342 342.4 342.5 343.3 349.2 356.2 363.5 369.9 374 380.7 390.3 400.9 410.5 415 420 423.6 429.3 433.8
340.3 348.9 363.5 387.8 403.6 411.1 409.4 405.3 402.5 399 397.3 394.8 403.5 411 416.2 419.3 420.1 420 418.1 418.1 415.4 412.9 407.2 401.3 396.7 391.7 382.1 375.4 367.9 363.4 353.6 345.9 332.6 326.5 337.9 348.2 352.7 359.8 368.2 367.7 366.6 364.8 353.9 368.2 375.7 379.9 383.2 388.8 393.2 396.2 399.5 402.5 398.9 392.4 385.9 380.7 369.8 361.5 354.3 342.1 350.6 349.9 350.3 350.4 354.4 364.6 375.7 383.5 387.8 397.6 404.9 416.2 422.2 426.7 430.7 435 438.7 442.4
349.8 362.7 383.1 407.5 417.1 418.9 416.2 413.1 410.9 407.5 406.4 410.6 416.4 420.6 424.9 425.6 427 426.2 423.5 422.5 418.6 414.1 407.9 402.1 394.7 388.5 382.8 372 365 356.5 349.1 340.6 324.2 341.4 348.6 354.2 359.2 363.9 372.8 372.9 371.7 360 367.3 374.2 374.8 382.1 384.1 390.8 394 398.8 402.3 406.7 403.7 397.5 390.7 384.8 373 362.6 353.9 355.2 358.4 358.1 357.6 360.9 370 380.9 389.9 396.4 402.5 412.7 421.5 428.6 433.4 437.5 440.5 444.3 447 450.3
360.5 376 398.8 422.9 428.7 427.1 425.2 424 420.5 411.5 418.7 422 425.6 430.4 431.5 432.4 432.7 432.3 428 423.4 419 414.3 407.2 400.2 392.7 382.2 378.1 370.1 359.1 349.1 343.7 328.6 334.2 345.7 352 356.7 361.9 368.2 373.9 378.2 375.8 373.3 375.4 378.4 380.9 384.9 388.4 392.1 395.6 401 405.5 410.2 410.1 403 395.5 387.3 374.1 362.8 350.7 355.7 364.3 365.7 368.1 376.7 391.8 409.7 417.8 417.6 421.5 428.8 435.8 440.1 444 447.4 450.8 452.8 455.1 457.4
373.6 389.6 415.1 436.3 439.5 435.3 437.2 434.4 430 421.9 429.4 432.5 435.4 437.7 438.6 438.1 437 433.9 429.4 424.1 418.8 412.1 405.8 396.1 384.7 370.5 367.5 359.9 350 345.4 336.4 328.9 342.2 340.1 353.4 359.9 365.1 370.4 379 380.8 376.5 379.8 381.8 382.6 385.3 387.5 390.4 395.5 398.6 402.9 407.4 412.6 411.7 405.6 399.1 388.5 372.7 360 352.9 359.5 365.4 372.7 379.8 395.6 417 428.7 432.1 433.1 436.4 442.7 446.9 450.5 454.3 457.7 460.1 461 462 463.2
381.4 397 424.6 446.7 446.5 443.7 443.1 440.5 435.4 437.6 438.5 442 443.6 445.2 444.8 443.3 439.7 435.9 430.2 424.2 417.2 409.2 400.3 389.4 377.6 365.2 353 347 343.3 339 332.1 340.7 340.3 349.6 358.9 363.1 366.9 372.9 380.3 383.6 383.9 386 387.6 389.5 391.1 394.3 399.6 400.7 404.8 408 410.8 415 410.8 405.9 398.8 382.7 367.5 352.6 362.6 366.5 372.9 383.2 401 423 435.1 440.6 440.7 443.6 447.3 452.8 456.3 459.7 462.7 465.3 466.1 465.8 465.8 465.9
389.1 401.1 429.1 452.2 452.1 449.3 447.4 444.4 443.7 446.2 448.2 449 450.3 450.5 449 445.8 440.9 435.7 430 423.9 416.4 405.6 393.2 381.6 371.7 351.4 364.7 346.6 338.2 333.1 342.7 344.9 347 348.9 363.3 367.4 371.5 377 385 387.8 389.9 392.1 394.1 396.8 399.8 405.1 409 410 409.3 411.5 415.4 416 409.6 404 389.6 374 360.2 368.3 372 377.6 386.9 403.3 427.5 439.7 446 450.3 450.5 452.7 457 461.3 464.2 466.8 468.7 470.1 469.2 468.5 468.1 467.2
394.3 405 429.7 454.3 456 453.9 451 450.6 450.6 454.8 453.8 454.6 454.4 453.5 450.7 445.8 439.9 434.5 428.6 421.3 412 399.6 386.5 374.5 357.5 370.6 362.8 350.2 337.6 345.6 347.8 353 360.3 359.1 363.9 371.3 378 384.2 389.2 392 394.9 397.2 400.7 406.4 412.5 417 418.2 417.8 417.2 415.3 418.2 415.1 407.6 394.1 370.1 366.8 380.6 382.6 386.3 395.1 406.1 431.5 442.6 449.9 454.1 457.2 458.2 461.5 465.7 468.1 470.3 472 472.5 472.1 470.8 469.9 467.7 465.3
399.5 411.2 431.4 454.3 458.6 456.6 453.3 455.3 455.2 456.3 456.8 457.5 456.3 453.7 448.7 443 437.7 432.7 425.4 417.6 405.2 392.4 377.9 361 373.2 366 357.5 349.5 346.6 352.4 359 368.7 373 369.4 368.6 374.1 383 391.1 395.9 396.5 399.9 403.2 410.9 419.4 424.4 426.8 427.6 426.5 424.1 420.9 420.4 413 401.5 380.2 388.1 380.8 393.4 399.4 405.2 412.2 432.4 445 452.8 457.8 460 463.1 465.2 468.3 471.2 473.1 474.4 475 474.4 472.4 470.6 468.7 465.5 462.8
412 411 431.3 449.5 456.7 456.4 454.8 459.1 458.5 457.8 455.5 454.2 453.3 450 444.8 439.5 434.2 428.3 420.4 410.2 399 384.5 372.5 377.6 372.5 363.4 353 351 356.2 361.4 372 380.4 379.4 379.2 378.6 381.8 393.6 398.7 403.2 403 407 415.9 424.7 431.7 435 436.6 436.4 434.8 429.5 426.4 418.6 399.2 403.1 403.5 406.4 389.1 401.7 416.8 422.6 435.6 445.1 452.9 458.6 462.2 465.9 469.2 470.1 473.2 475.6 476.5 476.1 475.4 474.1 472.3 470.3 467 463.3 460.7
427.3 433.5 440.4 448.9 456.9 456.8 455.6 458.5 456.1 454.8 453.3 451.3 448.8 445.6 440.9 436.5 431.2 423.6 415.7 404.7 394.2 382 371.9 378 369.8 360.2 360.9 354.9 365.8 373.9 382 386.6 387.5 384.3 392.3 398.3 403.2 409.5 411.1 412.5 417.2 430.8 437.9 441.5 443.9 444.2 444.4 441.3 434.7 422.3 415.2 416.9 416.3 416.1 414.9 410.5 421.1 431.7 440.3 447.5 453.7 459.2 463.6 468.1 471 473.1 474.4 476.1 476.2 476.5 476.2 475.1 473.6 471.8 469.1 466 461.8 458.3
449.3 449.5 449.3 450.6 455.9 455 455.4 456.3 453.2 451.3 450.3 447.7 443.8 441.5 437.6 433.6 427.7 420.8 412 401.3 390.2 380.3 372.3 373.1 372.1 367.4 364.4 369.7 373.5 378.6 385.3 391.2 396.4 400.4 404.3 410.6 413 420.5 424.7 428.6 434.7 443.5 448.4 451 452.9 451.4 449.3 442 435.1 430.8 428 431.8 430.6 429.2 433.8 434.5 442.2 447.1 451.3 455.8 460.6 465.8 470 472.8 474.4 475.3 476.3 476.5 476.8 476.7 476.1 474.7 473.2 470.8 467.7 465.1 461.5 458.7
455.4 454.5 451.4 448.9 448.5 450 451.1 450.2 447.9 447.2 445.9 443.5 440.2 437.1 432.4 428.8 423.6 416.7 407.1 395.9 387.8 380.4 375 378.5 376.1 373.3 374.4 376.8 380.8 386.2 390.5 397 404.4 409 409.2 421.7 425 433.4 439.9 445.1 448.5 454.1 458.5 460.6 460.4 455.3 452.2 448.8 442.8 441.1 445.6 449.3 449.7 451.1 452.3 454.4 453.3 456.3 458.9 463.1 467.7 472.3 474.7 475.8 476.3 476.8 477.4 477.1 477.3 477.2 476.5 474.8 472.7 470.4 466.9 465 463 460.8
460.5 458.3 453.6 449.2 446.9 444.6 445.2 443.4 441.7 441.8 441 439.4 436.5 432.2 427.2 422.3 417.5 408.8 400.9 391.4 386.4 381.2 376.6 380.7 379.8 379.7 382.1 384.8 389.4 393.1 399.8 404.8 411.3 415.5 418 431.9 439.1 446.5 451.1 454.5 457.9 461.7 465.7 467.2 464.1 460.6 459.5 456.3 453.6 454.5 458.8 461.1 462.5 463.8 464.4 463.8 458.7 462.1 465.2 469.3 473.7 476.1 476.4 476.6 477.2 477 478 478.1 477.9 477.6 476.2 474.2 471.9 469.6 467 465.5 463.8 461.7
463.3 460 453.1 450.8 448.7 442.9 438 436.3 436.7 437.5 437.4 435.8 433.7 428.3 420 416.7 410 403.3 396 390 386.1 380.3 379.9 383.3 384.6 385.1 389.4 392.5 398.4 401.9 406.5 418.6 423.6 425.5 426.7 440.7 450.1 454.4 458.5 461.9 465.8 468.2 470.2 470.6 465.7 466.9 466.3 464.7 464.3 465.9 468.9 470.5 472.1 471.8 469.9 468.5 465.6 467.7 470.9 475.4 476.2 475.6 475 474.4 473.5 474.4 477.1 478.2 477.7 477.1 475.2 473.2 470.9 468.1 466.2 464.9 462.8 460.5
463.6 458.1 452.1 448.9 445.3 440.5 434.2 432.2 433 435 437.3 431.9 428.4 424.2 418.8 412.4 403 395.7 392.4 386 382.8 380.8 382.7 387.7 385.2 391.1 396.7 400.5 407.4 412.8 423.6 431.3 436.6 440.3 438.1 452.4 459.2 457.9 465.6 468.3 472.6 474.8 474.4 472.3 473.8 474.9 475 472.8 473.1 474.5 476.3 477.8 477.7 475.6 472.1 468 469.6 473.2 476.1 476 474.9 472.2 470.2 469 470.1 471 473.1 475.1 474.9 473.9 472.7 471.4 469.2 467.1 465.9 463.7 461.5 460.6
460.6 455.5 449.5 446.2 440.7 436.7 431.9 428.8 430.8 432.8 432.7 428.4 425.1 421.1 413.1 406.1 399.6 394.5 392.3 385.1 384.2 387.4 388 391.7 391.3 396.3 404 407.8 417.3 427.9 436.1 440.7 447.2 454.6 453.7 463.4 466.3 469.3 473.1 476.5 479 480.4 479.1 478.6 479.3 480.7 481.3 480.1 480.3 481.2 482.7 482.4 480.8 476.2 473.9 469.4 473.7 475.6 475 473.8 470.5 467 465.5 465 465.4 466.7 468.3 469.6 469.3 468.8 469.8 467.1 465.9 463 462.5 462.1 460.5 459.6
456.8 452.3 447.6 442.4 436.4 431.4 428.8 426.6 428.5 431.1 428.6 427.2 424.3 420.4 417.1 411 402.5 401.7 396.6 389.9 390.7 393.7 393.7 396.1 396.9 406.1 414.8 415 422.8 437.9 444.2 451 459.1 466.3 467.9 468.4 472.2 478.7 478 482 485.2 483.8 482.7 482.7 484 484.6 485.2 484.9 486 487.4 486.2 484.2 480.3 477.2 473.5 474.1 474.6 473.7 471.4 468.8 466.2 464.4 463.6 462.6 462 462.8 463.2 463.1 462.8 463.6 463.6 460 457.2 456.6 457.3 459.3 458.4 456.1
452.9 448.5 443.8 437.4 430.8 426.7 423.2 421.5 423.3 424 422.4 423.1 420.9 419.3 416.8 407.1 406.3 397.4 398.2 398.8 398.5 395.1 398.7 402.1 407.8 417 426.4 428.5 430.3 444.7 453.7 463.4 470.3 472.5 473.5 474 480.3 481.6 483.7 486.3 487.7 486.5 489.2 491.3 490.1 489.2 489.9 491.2 490.5 491.4 488.4 484.9 480.8 477.6 474.6 475.5 474.5 472.4 470.3 467.4 465 463 462.5 461.6 460.6 459.7 459.5 459.2 455.8 453.7 448.4 448.5 444.8 447.5 449.5 452.9 453.2 450.2
446.9 442.6 436.8 430 426.6 422.7 420.1 420.3 419.2 418.7 418.5 418.9 418.2 416.8 416.5 414 411.6 407.9 405.9 405.1 403.4 400.6 403.6 411.9 420.5 427.4 435.8 440.1 438.4 453.5 464.6 471.8 475.9 477.4 478.5 483.5 485.5 490.3 490.5 490.8 493.2 495.2 494.7 494.4 493.7 493.4 494.2 494 492.9 492 489.3 485.7 481.3 476.6 477.9 477.7 475.4 472.2 469.7 466.6 465 462.9 462.3 461.8 461.3 460.8 461.9 461.9 460.3 459.9 456.2 450.5 441.1 435.2 436.4 444.3 444.1 441.5
438.9 433.2 429.6 426.4 423.3 419.5 416.9 416.3 415.3 414 413.5 416.1 416.2 417.5 418.2 416.5 415.2 412.2 410.9 408 408.4 406 411.3 422.5 431.3 437 442.9 448.6 448.5 464.7 471.4 476.6 480.8 482.4 489.9 492.5 498.1 497.1 496.6 496.1 498.9 498.9 497.6 498.7 497.8 496.7 496.8 496.8 495.2 493 489.6 484.9 480.4 481.8 482.1 480.8 478.1 474.8 471.9 468.6 466.4 465.5 464.5 463.5 463 462.7 463.2 462.9 461.7 459.5 455.6 451.5 446.9 437.5 426.2 430.1 432 429.3
428.7 426.1 425.6 423.8 419.9 415.9 411.4 410.1 409.8 411 409.6 412.1 417.7 421.4 418.6 417.6 416.8 417 414.9 413.9 411.9 412.8 423.8 433.4 441.7 446 450.1 458.1 465 472.1 476 481 485.5 491.9 496.4 501.8 503.3 502.3 500.9 500.2 500.4 500.3 501 501.2 500.8 500.9 500 499 496.5 494.4 488.8 484.1 485.7 486.9 489.9 487.9 484.2 480.7 476.3 473.6 471.6 469.7 467.7 466.4 465.5 465.5 464.5 462.7 460.7 457.7 453.8 449.7 445 438.6 430 420.8 420.5 417.9
423 423.9 423.9 421.8 418.2 413.5 406.3 402.1 404 405.9 405.3 410.9 418.5 420.1 420.5 417.9 419.2 420.7 418.5 416.3 418 426.6 432.9 440.1 447.9 452.3 460.1 467.4 474 477.6 480.5 485.3 490.8 497.9 501.1 505 505.7 504.3 502.4 501.1 502.1 502.7 504.4 503.2 503.2 502.7 502.6 500 496.8 491.6 487.9 488.9 491.4 494 494.8 494.1 491.8 488.4 485.8 480.3 476.7 473.5 470.6 470.1 469.1 467.4 464.6 461.8 458.7 455.1 450.7 446.1 441.1 434.8 426.9 421.3 418.6 411.3
419.7 422.8 420.3 418.1 415.4 410.3 402.9 397.1 397.7 399.8 402.8 410.5 418.3 420.8 417.7 418.5 420.5 423.1 422.1 421.3 427.4 435.2 440.7 446.3 453.2 459.7 467.9 476 480.5 481.6 484.1 489 497 503.2 503.7 505 505.8 505.3 503 503.6 503.1 504.3 504.8 505 505.2 502.8 502.8 499.7 495.7 491.9 493.6 496 497.4 500.2 501.7 501.6 499.5 497.9 492.2 483.3 479.9 476 474.8 473.9 470.9 467.3 463.9 460.3 456.1 452 447.3 443.2 438.3 432.1 427.3 423.2 416.9 409.9
417.9 418 415.5 414.4 411.1 404.7 397 394.9 396.6 398.8 402 410.5 418.1 417.6 416.5 419.1 422 425.3 426.1 426.4 433.9 441 447.8 452.5 459.5 467.3 475.3 480.6 484.4 486.2 488.4 494.2 498.9 504.5 503.2 504.3 504.5 504.8 502.4 502.5 501.1 502.7 502 502.7 502.3 502.1 500.5 497.8 497 498 501.4 503.6 504.1 504.6 505.5 505.7 505.8 503.4 496.8 486.8 481 478.6 477.9 474.8 470.6 466.7 462.7 458.3 453.7 448.6 444.7 440.6 436.4 429.9 425 420.3 414 403.2
416.4 411.3 411.6 409.9 406.3 397.7 392.2 394.4 395.4 397.9 403 411.3 413.5 415 417.3 420.2 424.2 428.7 427.9 431.3 440 447.3 453 458.3 465.7 474.2 479.9 483.9 487.6 490.2 493.1 497.3 500.4 501.8 500.8 502.3 503.4 503.5 501.1 498.8 498.3 498.2 497.5 498.1 500.1 500.3 499.4 499.4 501.2 505 508.5 510.4 509.2 509.2 510.4 510.7 512 507.9 498 489.3 484.3 479.9 476.8 472.9 469.7 465.9 461.9 457.5 452.5 446.8 442.7 439.2 433.3 424.8 419.9 412.9 407.9 398.3
413 411.4 403.8 404.3 397.7 391.7 391.5 396.4 395.7 398.2 405.3 410.8 415.1 418.4 420 421.4 427.8 430.6 429.9 436.3 445.6 452.2 457.5 463.8 471.6 478.4 483 486.8 489.8 493.1 495.2 497.7 499.3 499.6 498.2 499.9 500.3 500.6 496.6 493.9 494.6 493.4 491.9 493.7 499.6 498.7 502 501.7 508.2 511.8 515.5 515 514.5 514.3 514.2 514.6 512.2 507.3 497.5 490.8 486.7 482.3 476.7 473.4 468.4 463.8 460.5 456.3 451.9 447.5 442.5 438.1 431 422.7 411.6 406.3 401.2 395.5
409.8 406.6 401.8 395.1 390.6 387.4 390.5 393.5 396.8 399.2 408.9 413.2 418.6 422.4 422.4 424.3 428.2 431.9 433.9 441.9 450.1 456.5 463.1 470.1 476.3 480.8 484.1 488.1 491.5 493.2 494.8 496 496.1 496.5 495.1 498.1 496.5 495.1 490.9 487.7 487 485.4 480.8 489.3 493.3 497.7 502.2 508.6 512.8 517.3 517.6 517.1 517.2 516.3 516.5 513.8 511.2 505.6 498.1 493.7 489.4 483.6 477.7 473.2 469.2 464.7 459.8 454.1 450.2 446.8 441.6 436 427.8 416.6 406.9 401.4 402.8 404.3
405.6 400.4 395.4 387.6 386.3 391.7 393.5 394.5 396.8 405 408.7 415.8 422.8 425.2 426.5 427.6 432.4 434.8 443.4 447.5 455.7 461.4 467.2 473.1 478.1 481.9 484.3 488.6 490.9 491.8 492.2 492.6 491.5 493.1 493.4 494.4 492.3 490.8 485 480.6 475.7 471.3 474.7 486 491.6 498.8 506.8 512.2 515.6 517.9 516.7 517.6 517 516.7 515.6 510.8 509.4 502.2 497.1 493.8 488.1 482.6 477.4 471.9 468.1 463.1 459 453.7 450.1 443 436.4 429.1 419.1 407.9 405.9 410.8 415.6 426.7
400.7 394 387 385.6 389.4 392.7 393.3 396.4 401 407.9 413.2 420.7 426.6 428.7 429.2 430.3 435.7 441.4 449.5 451 460.8 464.9 470.3 475.2 479.7 482.1 483.7 487.7 488.5 488.9 489.3 489.1 489.5 488.8 489.1 488.4 486.4 483.6 479.7 473 463 458.4 470 483.9 492.9 502.4 509.2 513.7 517.7 516.1 515.6 515.6 515.5 514.6 510.8 507.2 503.3 498.1 493.8 489.8 484.2 478.9 473.3 468.1 464.4 459.8 455.6 450.5 446.1 439.8 429.6 420.1 411.1 416.8 419.9 422.7 432.6 435.4
