public/OST50/SO18.asc
ncols 200
nrows 200
xllcorner 310000
yllcorner 280000
cellsize 50
[rows 105 to 139 of 200, columns 0 to 77 of 200]
394.1 386.7 381.8 392.2 391.3 392.9 394.9 398 404.8 410.3 416.5 423.7 428.2 432.3 432.1 433.5 440.8 446.8 450 454.5 460.9 465.2 470.7 475.9 480.2 481 482.2 483.9 484.5 485.7 485.6 485.7 485.9 484.8 484.3 482.4 479.6 477.1 473.2 461.2 450.8 451.5 471.3 484.4 495.3 504.2 509.4 514.5 516 514.3 512.8 512.1 510.6 509.3 505.3 502.7 498.8 492.8 488 483.2 478.4 473.2 467.2 461.9 458.6 453.9 448.7 442.6 438.5 429.5 421.4 421.1 426.8 427.3 429.7 436.6 440.3 442.2
384.2 380 385 389 391.1 394 394.8 402.3 408 415.6 420.9 424.9 431.4 433.8 434.2 438.2 444.9 447.9 450.6 454.4 460 463.9 469.5 473.5 478 477.8 478.4 479.1 480.5 482.6 481.5 481.9 481 480.2 479.5 474.8 472.3 468 463.1 451.8 443.7 449.2 472.9 485.8 497.9 504.2 507.9 512.1 513.9 512.3 510 507.2 505.4 503.1 500.3 497.8 492.5 485.6 480.7 475.4 471.1 464.9 458.3 452.4 447.5 442.8 436.8 430.5 430.1 433.1 431.5 432.3 435 438.3 442.2 444 445.3 446.6
380.5 376.2 382.2 386.4 389.6 391.4 397.4 406.1 413.3 418.8 424.2 428.7 430 432.8 437 439 444.7 449.1 449.1 450.7 457 461.6 467.4 472.8 474.6 475.2 475.1 475.9 477.1 479.1 477.4 478.2 477.1 475.6 470.3 470.5 466.6 459.5 449.4 440.4 439.1 448.5 474 489.1 498.5 503.1 505.7 507.8 509.3 508.6 506.6 503.1 500 497.6 494.9 490.9 483.5 477.2 470.7 466.4 458.8 452.1 445.2 441.3 441.1 440.3 438.8 441.9 440.1 441 440.3 442.5 445 448.5 449.4 448.7 448.1 447.8
378.5 374.5 379.8 382.3 387.6 392.8 400.2 410.5 419 423.1 427.5 431.7 430 431.2 434.7 436 439.3 442.4 442.6 449.4 454 459.7 466.5 470.2 472.6 473.3 473.3 474.4 474.9 475 473.1 474.1 472.6 470.8 466.3 464.7 454.1 443.4 440.2 436.6 436.7 447.6 476.2 489.6 497.9 501.4 502.7 503 503.8 504.1 501.7 498.2 494.9 492.4 488.5 482.2 474.5 468.4 461.2 452.6 452 453.2 451.2 452.8 450.5 450.5 447.7 449.3 448.6 450 452.1 455.2 456.2 455.8 453.8 451.6 449.2 447.5
376.4 373.3 376 380.8 388.6 395.6 403.9 416.6 425 429.1 430.8 428.5 426.6 425.7 427 431.6 433 440.6 444.6 447.7 452.3 461 465 468.6 472.3 472 473.1 472.7 472 471.2 469.4 467.9 467.2 464.2 457.9 449.6 440.9 436.2 435.4 434.9 435.1 449.2 476.4 487.6 495 497.1 498 498.3 499.1 498.5 496 492.7 489.4 486.2 480.8 474.2 466.8 462.3 462.6 461.5 461.3 461.3 462 463.1 463.3 457.5 456 459.6 461 462.6 463.4 464.2 462.7 460.6 457.5 453.2 449.7 445.6
374.4 372.8 375.1 381.9 393.2 397.3 408 416.7 426.4 431.2 426.9 424.5 420.9 421.2 423.6 425.2 430.2 438.1 441.4 447.8 455.5 460.5 466 470.5 471 471.8 471.3 469.9 468.5 467.5 465.7 462.4 460 455.8 449.1 444.1 438.3 434.6 433.3 433.4 434.1 455.7 472.8 480.9 486 489.5 492.2 493.2 493.2 491.7 488.8 486.9 483.7 479.5 474 472.3 472.4 471.9 473.5 472.8 474.5 475.6 474.8 474.1 470.3 469.1 470.5 470.7 468.8 470.7 470.5 469.4 467.5 464.4 459.8 454.8 448.7 442.8
371.9 374 377.1 387.4 394 389.6 400.3 404.2 413.4 415.8 413.3 416.7 417.9 419 422.4 426.9 435.9 441.4 442.8 452.8 456.6 462.7 468.9 470.4 470.6 471.4 469.7 468.2 465.5 463.2 461.2 458.2 453.9 450.5 444.4 438.4 436.3 433.3 431.9 432.7 438.9 457.7 467.6 472.4 476 480.1 483.2 485.9 486.2 484.7 484.8 483.6 480.8 477.6 478.2 481.2 484.4 485.7 487.7 489.4 489.5 488.6 487.5 482.1 481.1 481.8 479.2 476.6 475.1 476.1 476.2 472.7 469.7 465.7 459.7 453.6 447.9 442.4
371.4 374.1 374.9 380 389.6 400.8 406.6 412.9 414 416.5 422 423.9 422.5 422.9 425.3 429.7 440.5 446.6 451.1 452.6 458.5 465.8 468.5 470.6 469 469.3 469.4 465.6 461.3 457.3 455.8 453.6 450.9 446.5 441.2 437 433.9 431.8 430.9 433.2 448.6 458.4 465.7 468.9 469.1 471.4 474.9 476.5 476.8 478 480.3 481.8 481.6 481.4 485.7 491 494.4 496.6 500.7 501.4 500.8 497.9 493.9 491.2 492.8 489.3 485.2 481.4 478.7 479.7 478.7 474.7 469.9 464.2 456.3 450.5 445.8 441.4
371 377.2 381.4 383.5 393.1 403.9 410.3 416.8 422 426.9 430.1 427.1 423.9 427.7 431 442.8 449.5 453.2 455.6 458.3 458.1 460.7 464 467.9 468.3 470.3 466.9 462.3 457.7 454.6 450.4 448.7 447.1 443.9 438.1 435.8 434.5 433.4 432.5 442.4 455.2 462.4 464.5 462.6 462.6 466.4 467.1 466.2 464.5 473.2 478.6 481.9 483.9 488.6 494.4 499 503.7 507.6 508.6 507.9 505 501.1 497.9 500.8 498.7 492.7 487.8 484.2 481.3 481.3 479.5 475.5 469.6 461.2 454.4 449.2 444 439
373.6 377.7 383.4 389.1 392.5 404.7 411.7 416.2 421.3 427.5 432.8 428.5 428.5 432 443.9 452.6 457.7 459.6 460.8 463.5 465.2 464.9 465.9 469.3 469 467.7 462.5 459 454.8 452.2 450.5 448.7 448.2 446.3 440.6 437.1 438.3 429.4 446.8 457.6 462.2 462.1 459.2 456 454.5 456.1 456.3 456.9 465.2 473.8 479.4 483.9 488.3 496.5 501.9 508.1 511.4 511.9 510.2 508.6 505.6 503 502.6 502.8 499 493.8 490 485.5 482.1 481.7 480.8 475.1 469.1 462.5 457.4 451.8 446.3 441.5
378.5 377.5 384.3 389.9 395.5 402.7 408.6 414.6 421.4 428.1 431.4 430.1 432.2 440.8 450.8 461.2 463.9 463.9 464.8 468.2 467.4 468.1 469.6 469.4 468.4 465.9 461.2 458.2 457.5 456.7 453.6 452.8 452.7 447.7 443.6 441.7 436.1 437.5 454 459.9 459.8 453.4 446.8 443.1 438.7 439.5 445.5 458 467.1 476.6 482.3 488.4 494.8 504.5 510.9 514 516.6 515.4 511.6 508.8 507 505.3 503.8 502.9 499.8 495.5 491.7 487 483.1 481.7 478.8 474.2 469.9 464 458.8 453.4 447.7 440.7
378.1 382.3 383.1 387.4 394 400 410.9 417.7 424.1 431.2 430.3 431.9 441.5 450.7 459.8 467.9 469.5 470.3 468.7 472.4 470.2 468.5 469.7 467.7 465.8 463 459.9 460.7 462.4 460.8 457 455 451.2 447.6 446 443.7 427.9 446.4 458.8 457.9 450.2 438.7 435.2 432.4 435.1 443.4 456.6 467.5 474.1 482 490.4 497.5 505.3 512.1 515.6 517.9 520.4 518 514.4 511.8 509.3 507.3 505.2 504 500.7 496.4 492.3 488 483.5 482.1 477.5 474.3 469.6 463.2 458.4 452.3 444.3 438.6
377.6 382.5 387.8 391.8 395.7 399 413.2 421.8 428.1 429.9 431.2 439.3 451.5 461 469.7 472.7 475.1 475.2 474 473.6 470.9 470.1 468.1 465.4 462.1 460 459.6 461.5 463.3 461.5 456.7 452.1 446.5 444.8 443.5 438.7 425.5 447.2 452.3 446.8 437.3 435 432.7 427.5 439.4 454 466 473.3 479 487.6 498 505.5 512.4 517.6 519.9 521.7 524.1 520.8 515.8 513.9 512.4 507 504.4 502.8 500.2 495.8 491.7 486.6 481.8 479.7 476.4 473.4 468.2 462.2 456 449.1 443.4 440.4
377.2 383.5 388.9 394.9 403.4 410 414.3 422.5 427.3 430.1 435.5 449.9 458.9 469.8 471.7 474.8 478.1 477.9 476 473.9 469 466.2 465.2 462.5 459.9 459.1 458.5 459.6 459.2 457 452.5 448.4 444 441.5 438.1 431.2 424.1 442.5 440.9 434.2 429 430.2 424.3 433.6 456.3 463.8 470.8 476 480.8 489.2 499.4 508.3 516.7 522.5 523.5 526 526.4 517.4 515.4 514 510.1 505 502.5 501.3 498.3 493.6 489.4 484.5 479.8 478.5 475 471.7 466.1 460.4 454 450.4 446.7 445.4
378.4 385.7 392.4 401.7 409.3 415.8 422.2 425.3 428.3 431.9 442.2 454.6 466 470.2 470.5 474.1 477.8 479.2 476.3 471.6 467 464.5 462.2 461.8 460.5 459.1 456.1 454.3 453.7 450.5 443 438.9 436.1 435.4 435.5 430.1 423 428.7 428.5 422.5 420.4 420.1 429.3 443.8 461.4 466.6 470.4 475.2 480.6 488.5 498.4 507 515.9 521.3 522.2 521 519.3 512.3 510.7 508.4 505.9 502.2 499.7 498.2 494.4 490.6 486.6 481.6 477.7 475.5 472.3 468.6 463.7 459.9 456.2 452.5 451.1 449.2
379.6 388.1 399 410.1 416.5 425.4 430 428.2 430.3 434.4 446.3 458.7 466.6 470 470 472.1 471.3 472.6 473.8 469.5 466.5 465.5 466.2 463.6 462.3 460.3 458.1 456.4 454.1 452.5 449.9 447.2 444.1 440.5 436.4 433.4 426.9 421 418.4 417.4 415.7 424.5 435.7 453 462 464.8 467.3 470.6 476.4 483.4 492.5 501 507.9 513.7 515.4 513.8 508.2 506.6 505.2 502.9 501.2 498.8 496.3 493.8 490.8 487.2 483 478.8 474.4 471.5 468.5 465.2 461.5 459.2 457.4 455.6 454.2 451.2
383.3 392.4 407.1 417.5 426.9 430.8 434.3 430.9 433 437.1 449.2 459.3 466.3 468.5 466.5 466.3 467.7 469.7 469 466.4 466.4 469.3 468.5 466.3 465.5 463.1 462.7 459.2 457.9 454.9 452.8 449.2 446.5 443.5 442.2 431.6 431.5 427.6 428.2 421.5 422.4 430.3 441.7 451.1 456.7 461 463.4 465.9 471 475.8 483.2 490.3 497.1 504.2 507.1 506 502.5 502.2 500.7 498.2 497.1 495 491.6 488.8 486 482.6 478.5 474.3 470.1 466.2 463.8 460.7 457.9 458.3 457.8 456.3 453.4 449.3
387.4 399.4 414.9 423.6 429.8 432.7 432.6 432.1 435.1 437.6 447.6 455.1 461.3 461.1 458.6 460.4 465.1 469.9 468.4 463.7 465.5 471 470.4 470.1 467.5 466.7 464.4 463.5 461 458.9 455.2 450.7 447.9 445.5 439.4 440.3 436.8 433.2 432.1 421.1 423.6 432.9 441.2 445.5 445.5 451.6 456.1 458.4 461.9 467.7 471.7 478.3 485.5 492.5 497.3 497.8 495 495.3 494.6 493 491.7 489.4 486.4 483.8 481.1 477.7 473.1 468.5 463.6 459.3 457.7 454.9 453 455.6 454.9 452.6 449.4 445.7
390.7 408.4 422.4 429.1 432.4 431.1 430.9 435.1 437.2 437 443.7 448.9 454.6 454.2 450.1 457.9 462.5 467.7 465.3 461.6 464.4 471.1 470.8 470 470.2 469.5 467.8 466.9 464.4 460.4 455.1 451.5 449.6 448.5 446.8 447.3 446 442.3 435.8 422.7 417.7 424.6 430.6 435.7 433.8 434.6 440.7 446.4 449.5 452.8 460.1 464.6 470.5 478 485.6 487.7 486.1 487.8 487.8 487.2 486 483.9 481.4 479.4 476.1 472.9 468.8 463.1 457.7 453.7 450 447.4 447.5 450.3 449.8 447.4 444.3 441.4
393.8 408.6 420.3 424.6 426.1 426.3 430 433.4 436.9 434.7 437.3 441.9 445.9 445 447.5 456.2 459.5 464.1 462.2 460.6 464.8 471 471.9 472.5 473.8 472.6 472.6 471.9 466.6 461.1 456.4 454.5 453.4 453 454.7 454.5 454 450.7 431.4 414.9 405.5 410.9 415.6 418.6 418.3 420.8 421.9 427.4 432.8 434.6 442.8 450.7 453.7 461.6 471.8 478 477.8 480.3 482 481 480 478 476.3 474.4 471.7 468.6 464.7 459.8 454.3 446.6 443.5 440.5 439.9 442.8 444 441.4 437.7 435.5
391.3 401.9 411.7 416.4 421.1 425.5 423.5 423.8 424.5 427.3 425.2 428 436.2 438.8 447.8 452.2 456.4 459.6 458.9 461.9 466.7 471.2 473.8 476.3 476.9 477.2 476.9 474.4 469 463.9 461.5 459.1 459.5 461.7 461.6 460.5 459.1 448.1 421.2 412.8 405.5 393.7 400.2 403.2 394.8 397.6 392.5 404.5 410.3 414.3 420.4 428.9 439.6 450.2 464.3 471 471.1 474 474.8 474.5 473.2 471.5 470.6 469.3 466.8 463.6 460 454.6 449.8 445.2 438.7 432.4 432.2 434.6 436.4 432.9 428.7 426.2
383.9 393.3 402.2 412.7 417.6 410.7 410.5 416.7 417.5 425.8 433.1 434.2 434.6 439.2 445.1 448.5 452.3 455.5 460.8 464.9 467.7 473.2 476.1 480 480.8 481.4 479.2 475 471.1 469.2 468.3 467.2 468.5 468 465.9 464.5 463.3 456.3 430 418.5 421.8 407.5 403.3 394.8 399.6 396 397 392.6 377.7 394.8 399 409.6 423.2 441.6 458.3 464.1 466 468.6 468.7 468.7 467.4 466 465.4 464 461.3 458.4 455.1 449.5 446.1 442 434.7 429.4 425 422.1 423.3 419 416.2 414.5
391.2 386.1 393.5 402.1 399.7 409.3 414.3 416.9 422 433.8 436.7 439.9 439.8 439.1 437.4 444.2 450.1 457.1 463.5 466.5 470.2 475.8 479.5 483.4 484.4 483.9 480.9 479.3 477.7 476.8 476.5 476.9 475.1 471.6 469.8 467.7 465.6 462.6 457.1 448.3 447.2 436.8 422.3 417.4 413.6 414.8 404 387.2 373.1 394 410.4 417.5 425.9 442.4 454.2 459.3 460.4 462.9 462.6 463.2 461.8 460.7 459.9 457.4 454.9 452.4 448.2 443.8 439.7 435.1 429 424.8 421 415.6 412.7 410.9 409.1 406.6
395.7 399 404.7 399.3 413.5 419.1 420.9 424.2 435.6 440.2 440.9 442 443.1 443.2 443 446.6 452.3 460.6 465.8 468.4 474.2 479.8 484.4 486.2 487.1 486.3 484.6 484 483.6 482.4 481.1 479.6 477.1 474.5 472.8 470.6 468.4 465 460.9 455.7 449.2 441.2 433 428 422.7 418.4 406.6 381.1 371.2 392.1 406 418.5 429.9 442.4 449.6 452.4 453.9 455.6 457 457 455.9 454.6 453.4 451.9 449.2 446.3 441.2 437.5 434.1 429.8 425.6 420.8 415.9 410.9 407.9 406.1 403.3 399.9
401.9 405.1 409.1 413.4 418.5 424.4 431.5 435.5 437.5 442.1 442.6 443.4 444.9 446.9 448.8 451.5 456.1 462.7 467 471 477.7 483.9 485.8 487.3 487.6 487.2 486.8 486 484.8 483.4 481.6 480.4 478.3 476.5 474.7 473 470.6 467.5 463.2 456 448 439.9 432.9 426.3 422.4 417.1 410.2 380.1 369.5 390.4 403.2 422.9 428 438 444.2 448.2 448.8 449.9 453.5 452.9 451.3 449.9 449 448.4 445.5 442.1 438 434.1 430 429.4 424.8 421.4 418.3 416.2 413.1 410.1 407.4 405.5
401.1 407.5 414.1 420.7 425.7 431.8 437 439.3 439.3 441.5 443.1 445.5 447.5 452.1 454.2 456.3 460.5 464.7 469.3 474.8 479.2 482.7 483.8 486.1 485.6 485 485.3 485 484.3 483.2 481.7 480.2 478 475.9 473.9 472.5 470.4 468.1 462.4 454.7 445.8 436 429.9 424.9 416.5 409.9 401.6 379.4 367.2 382.3 400.6 418.7 422.7 429.6 436 439.4 443.2 446.3 449.5 449 446.4 445.2 447.3 447.2 443.9 442.7 440.4 436.4 435.1 433 429.7 427.5 425.6 422.6 419.7 419 416 413.3
402.5 411.3 420.9 429.4 435.4 439 441.3 440.9 441.4 443.4 446.8 449 452.1 456.3 458.3 461 464.1 468.8 471.7 475.1 476.1 477.3 478.7 482 482.1 482.3 482.5 482.4 481.6 480.6 479.6 477.8 475.4 473.2 471.3 469.1 467.2 465.2 460.3 451.3 441.4 429.7 422.8 421.3 413.2 403.8 392.1 380 366.5 379.4 397.5 413.4 419.1 422.8 428.1 432.9 438.8 441.3 443.7 442.8 440.7 442.9 444.3 442.2 441.6 444.5 441 437.7 437.6 437.6 434.9 431.1 428 426.3 425.5 423.9 421 420.3
408.9 421.1 431.8 439.4 441.9 442.4 442.7 443.3 444.7 447.4 449 451.7 455.2 458.4 460.8 463.3 466.8 469.9 471.2 472.4 472.3 471.9 473.5 475.9 477.4 478.2 478.4 478.1 477.5 476.3 474.9 473.4 471 467.6 464.2 460.7 461.8 457.6 451.7 444.3 435 424.8 415.8 408.1 403.8 394.7 388.6 377.3 363.7 378.8 399.6 411.7 417 419.8 423.5 428.1 432.6 433.4 435.3 434.6 431.7 437.7 438.3 436.4 439.3 441.7 439 437.2 439.5 440.7 437.3 436.5 432.9 431.7 431.1 428.3 426.2 426.1
416 429.4 441.7 444.6 445.4 445.1 444.2 445.4 448.9 448.5 448.6 451 453.8 458.3 460.2 460.7 464.4 468.5 470.8 470 468.2 466.2 466.8 470.4 472.3 473.7 473.8 473.2 472.1 470.7 469.3 467.1 465.3 462.4 458.3 454.6 453.7 449 443.7 438.7 428.1 418.3 410.4 403.2 394 388.2 378.5 365.6 371.1 391.1 403.6 412.1 414.6 416.4 419.3 421.5 426 426.8 426.5 427.2 428.2 431.4 431.2 429 433.3 434.8 438.9 436.9 440.3 439.4 438.3 438.1 437.2 435.5 434.6 431.9 432.2 433.5
423.6 439.2 445.4 447.4 446.5 445 445.5 446.8 447.5 446.5 445.8 447.5 451.9 454.5 457 457.1 458.6 463.6 466.2 465.5 462.4 460.7 463.1 465.9 468.1 469.5 469.4 468.7 467.8 467.1 466.1 464.6 462.6 459.8 453.8 447.2 442.3 439.3 437.5 429.7 424.8 412.5 405.7 398.7 389.7 380.8 373.3 359.9 385.9 400.6 399 406.3 409 413.8 416.1 418.8 422.5 423 420.3 419.5 421.7 421.7 421.6 421.1 425.1 429.9 434.6 432.6 436.1 435.5 437.4 438.5 438.1 436.1 435.3 434.3 435.1 438.8
428.5 442 446.7 446 443.7 444.2 444 444.5 443.5 441.7 440.6 442.9 446.3 448.8 452.2 451.9 450.1 451.2 454.9 454.8 455 455.5 459.3 464 466.3 467 467.2 466.7 465.9 464.9 463.9 462.5 460.5 458.2 457.1 454.2 449.1 441.8 433.1 424.5 417.9 408.1 403.1 391.4 383.7 374.8 369.6 357.5 378.5 386.1 387.9 395.7 406.7 413.5 415.2 416.7 418.7 419.9 417.1 413.4 413.3 415.1 413.2 412.2 415.7 423.5 426.7 426 426.6 430.1 434.7 436.4 436 434.2 434.5 434.5 436.9 440.7
429.3 440.7 442.9 440.7 441.5 439.3 438.6 439.1 438.1 433.6 431 433.6 437.3 441 445.1 445.1 441.3 437.8 437.9 439.8 445.3 458 460.8 463.9 464.7 465.9 465.7 465.1 464.3 463 461.8 460.7 459.9 458.5 455.8 452.2 447.9 442.6 436 428.4 416.5 409.1 401.6 400.1 396.1 390 380.7 364 355.3 360.2 371.4 393.2 406.2 412.2 413.5 412.1 414.9 416 411.5 408.7 406.8 405.4 406.4 401.1 403.7 414.2 417.8 417.4 417.7 424.7 431.5 432 432.3 431.5 432 433 435.8 441.1
424 435.1 434.8 434.6 432.9 430.3 432.3 433.8 429.9 419.6 421.1 424.9 425.3 430.4 433.2 431.8 426.8 426.6 432.9 440 454.7 464.2 463.5 464.4 465.5 466.1 465.2 464.4 462.9 461.3 459.8 459.4 457.8 454.2 450.1 447.2 443.6 438.5 431.5 424.9 415.3 407.2 408.9 403.5 396.1 386.4 384.2 377.9 370.5 353.3 378.6 395.2 404.9 406.2 406.8 408.4 409.4 411.8 410.6 401 394.7 385.5 389.8 384.4 396.8 403.8 406.6 407.2 408.9 417.4 426.1 427.1 427.8 426.9 427.1 428.8 433 439
415.6 423.4 425.2 424.9 423.2 424.5 429.1 430 425.1 417.2 412.1 415.6 415.9 416.7 418.8 419 422.1 429.5 433.9 448.1 460.8 465.4 464.7 465.6 466.9 466.6 464.1 462.9 461.8 460.4 458.2 457.2 455.1 451.6 448 444.5 439.4 434.4 428.7 425.2 415.2 412.6 405.4 401.6 396.5 391.1 387.2 380.3 371.1 350.8 374.8 387.3 390.8 392.1 401.1 399.1 402.9 404.2 403 397.1 383.6 370.7 366.9 372.4 384 391.8 398.5 399.9 402.3 409.6 417.5 421.8 421.6 420.4 420.4 422.7 425.5 431.9
405.8 412.9 415.3 415.5 414.7 419.2 424.1 427 423.2 415.9 409.6 408.2 408.9 411 413.4 418.7 429.1 429.6 439.7 455.4 461 464.3 467 467.8 466.7 463.2 462.1 461.1 459.9 457.9 455.5 454.6 452.1 449.1 446.4 443.1 438.6 436.9 432.7 425.9 416.4 410.8 406 400.6 393.6 390.4 383.9 375.6 367.8 351.8 360.3 367.9 370.7 373.1 376.7 381.5 388.8 386.9 384.3 385.1 380.6 369.5 360.2 357.9 367.8 376.1 380.4 387.9 391.2 396.3 408.9 413.6 413.6 411.6 411.3 414 416.8 422.7
