public/OST50/SO20.asc
ncols 200
nrows 200
xllcorner 320000
yllcorner 200000
cellsize 50
[rows 0 to 34 of 200, columns 0 to 77 of 200]
422.8 428.6 436.3 442.8 455.1 469.3 471.4 471 466.6 460.8 454.6 447.5 445 441.3 449.5 461.1 476.5 483.3 484.9 484.5 484.4 487.5 492.7 497.1 502.1 511.6 517.7 521.9 519.5 512 504.3 496.4 488.1 479.1 471 465.8 459.2 451.8 446.5 442.4 439 436.3 434.7 432.7 430.6 428.4 426.1 423.8 421.3 419.2 417.9 416.2 413.7 411.4 409.7 407.1 404.1 401.6 398.7 395.2 391.9 389.7 389.5 388.9 382.8 377.3 376 379.7 387 392.1 394.2 395.4 396.2 396.7 399.4 401.3 403.2 406
417.7 423.9 430.8 439.4 449 463.1 466.3 465 461.4 454.1 448.3 443.4 440 436 442.8 450.4 466.7 477.3 480.6 480.8 480.3 482.7 488.6 495 499 510 517.4 527.6 526.4 519.4 508.7 500.9 491.3 482.9 475.8 469.4 462.9 456.3 450.3 444.9 441 438.9 437.7 435.7 433.1 430.3 428.4 426.3 423.5 421.4 418.9 416.6 414.1 411.4 408.3 405.4 403.8 401.6 398.9 395.4 391.6 387.4 386.6 384.2 377.8 374.3 374.3 375 382.7 388.7 390.4 393.9 394.3 394.1 396 400.1 401.6 401.4
412.5 420.4 426.2 435.9 444.8 459.2 463.5 460.9 457 451.5 445 440.2 434.7 432.7 436.8 440.4 453.9 469.2 475.2 476.9 476.4 477.7 485.3 491.2 497.1 508.5 523.3 532.5 535.3 531 518.8 504.6 495.8 488 482.7 478.3 468.4 462.3 455.8 450.1 445.5 442.9 441.7 440.4 437.2 433.6 431.9 429.9 425.8 421.9 418.6 416.8 414.7 412 408.8 405.3 403.3 401.6 398.5 395.7 392.2 388.1 384.6 380.4 373.5 374.3 374.3 373.6 378.1 381.5 387.2 390 392.6 392.4 392.2 394.3 399.8 402.3
407.7 416.6 422.1 432.5 441.2 458.3 463.5 460 454.3 449.1 442.5 436.6 431.8 425.9 429.5 431.9 440.6 457.8 466.6 469.7 470.9 473.8 481.9 488.4 496.6 509 526.8 536.2 539.4 540.5 535.9 518.5 501.1 492.9 485.7 481.4 474.9 468.2 462.4 457.3 452.8 449.8 448.9 446.7 441.6 439.1 436.8 432.8 428.1 423.6 420.8 417.6 415.4 412.6 409.7 407.3 403.3 401 398 395.4 392.8 389.9 388.7 380.9 374.7 374.3 374.3 373.6 376.2 377.2 382.5 387 388.9 389.9 391.2 395.3 397.8 398.9
403 414.1 419.8 428.7 439.3 457 463.8 460.7 456 448.4 441.6 435.4 429.2 418 423 424.6 429 440.2 452.1 459.8 461 470 479.1 488.7 497.8 513.7 528.9 537.9 541.7 544.4 543.3 536.5 516.6 501.7 490.7 485.5 480.1 474.9 469.5 466.6 461.9 457.8 454.4 451.5 447.4 443.9 441 436.8 432.8 428.2 424.7 421.2 416.7 414.5 412.3 408.8 404.2 401.9 398.4 395.6 392.7 390.6 386.9 382.6 369.1 372 374.3 373.6 374.9 375.3 381.9 383.5 383.6 383.7 384.7 390.6 396.7 392.7
399.5 408.3 417.2 425.9 437.5 456.8 464.4 460.9 456.1 449.7 441.6 434.3 429.1 423.1 410.6 417.2 420.7 428.1 434.7 443.1 463.8 474.9 484.3 492.6 501.6 519.3 532.3 538 543.2 546.2 547.2 545.4 536 515.1 498.5 492 487.6 481.8 477.1 475.5 471.4 465.3 461.7 459.2 453.8 448.4 446.6 442.1 438.1 434.6 430.8 425.6 419.8 416.8 414.1 410.9 406.2 400.9 399.1 397 394.3 390.4 388.4 385.1 379.3 370.9 370.1 372.3 374.8 378 382 383.4 383.7 383.7 383.8 383.4 386.9 388.8
394.6 404.3 412.8 424.6 436.4 454.6 463.1 459.7 455 449.6 443.2 436.3 429 424.1 416.1 408 413.5 416.2 432.1 456.5 470.4 483.1 494.4 500.7 511.9 525.8 534.1 539.7 544.3 547.6 550 550.9 548.5 537.1 517.6 501.3 493.6 488.1 484.7 481.5 478.9 474.5 471.2 468.2 463.4 458.4 456.2 452 447.1 441.3 437.5 432.6 425.2 420 416 412.4 409.2 405 400.9 397.9 395.3 393.7 390.1 386.2 383.2 378 368.1 368.8 372.8 376.9 382.2 383.7 383.7 383.7 383.8 383.4 382.8 382.5
389.4 397.7 408 422.7 439.5 451.3 459.4 458.1 453.4 448.6 443.5 437.8 430.8 422.9 416 401.7 404.2 415.2 432 456.7 470.6 487.2 501.2 512 521.5 529.8 535.7 541.1 545.6 549.2 551.8 553.9 553.5 548.6 540.6 524.6 509.9 502.5 492.1 490.1 486.8 484 481.6 479.9 476.2 470.2 466.6 460.7 456.3 450.2 445.5 440.8 435.3 428.4 421.9 416.8 412.9 410 404.7 401.4 398.3 396.6 392.5 389.9 386.2 382.2 375.4 368.6 369.6 377.1 381.2 383.1 383.5 383.4 383.6 383.8 383.5 380.9
385.3 392.6 403.6 417.7 434.4 444.8 454.7 456.4 452.1 447.8 443.1 438 431.7 423.7 414.8 403.6 398.5 410.5 424.8 450.9 467.9 487 503.9 517.8 525.2 532 537.9 541.6 546.2 550.7 553.4 555.2 555.6 554.3 551.7 547.3 538.6 527 517 508.8 503.4 498.1 492 490.7 490.4 484.9 479.4 473.9 468.5 462.4 457.2 451.5 445.6 440.1 432.3 423.6 417.9 413.5 410.3 405.1 401.3 398.5 395.9 393.3 389 384.9 380 374.4 370.7 367 376.4 380.7 382.4 383.4 383.8 383.8 384 382.6
381.8 388.1 397.6 410.6 424.2 437.2 447.3 453.7 449.5 445.9 442 436.3 430.8 423.2 413.5 404.3 391.3 403.7 414.7 440.1 462.9 485.1 505.7 521.5 529.2 533.5 538.8 542.5 546.6 550.3 553.7 555.7 556.7 556.9 557 556.8 555.2 553.6 549.1 541.4 534.2 524.4 513.6 507.4 503.1 500.8 496.8 492.9 487.5 479.8 472.7 466.1 459.8 450 442.3 434.6 427 418.4 414.1 409.2 404 400.9 397.9 395.1 391.2 387.4 381.4 378.3 373.9 369.4 365.3 374.8 379.9 382.4 384 383.3 382 380.8
377.3 382.4 390.9 402.2 413.7 427.7 438.8 449.3 448 444.5 441.1 435.4 429.5 421.6 410 396.4 384.3 398.2 409 429.2 459.1 483 506.4 524 532.6 535.4 538.2 542.5 546.2 549 551.9 554.5 557.3 558.1 559.5 559.5 560 560.9 562 560.8 558.6 555.4 549.4 539.9 531.8 524.9 519.4 513 507.8 499.6 490.2 480.5 472.6 461.9 451.6 442.5 434.2 425.4 418.2 412.8 406.5 402.7 399.5 396.1 392.7 386.7 384.3 381.1 377.3 375.7 370.6 364.3 373.8 379.6 381.7 382.6 380.8 379.6
373 378.4 386.3 396.2 407.2 419.2 430.9 444.8 447.1 444.1 440.5 435.7 428.6 419.2 404.6 391.1 384.1 394.9 405.5 428.9 457.6 481.3 506 524.3 533.9 537.5 539.5 541.7 545.5 547.4 549.7 551.9 554.6 557.8 559.3 560.4 562.1 563.6 564.7 565.6 565.1 564.7 563 559.8 555.6 549.9 542.3 534.2 526.1 514.8 504.9 492.7 482.3 471.8 460.9 449.4 439.3 431.4 421.4 413.6 408.4 403.9 400.9 397 391.6 391.5 387.3 383.4 379.2 376.5 375.2 372.8 364.4 372.6 379 381.3 381 379.7
367 374.7 382.2 389.9 401 412.9 424.9 438.8 445 444.4 439.6 434 425.3 412.7 397.4 385.4 374.9 390.7 405.4 426 455.5 479 504.1 523.4 533.9 538.3 539.8 541.1 543.7 545.8 547.6 549.3 552.1 554.7 557.2 558.9 561.1 563.1 565.4 566.8 567.7 567.5 567 565.3 561.9 558.1 553.5 549.7 543.8 531 516.6 504.1 492.4 480.2 468 456.7 444.3 435.6 426.5 417.5 411 407.1 402.3 399.3 397.4 395.2 391.3 386.2 382.3 376.9 374 373.4 371 365.2 371.7 378.3 383.2 382.1
360.5 369.7 377.9 383.8 393.7 405.6 419.8 432.2 441.1 441.6 437.1 430.2 421.5 406 392.2 381.6 375.6 390 406.4 426 451.5 475.4 500.9 521.2 533.4 537.4 539.9 541 542 543.8 545.3 546.3 548.2 550.5 552.7 555.5 558.4 561 563.4 566 567.9 569 568.9 567.4 565.2 561.2 559.2 557 552.5 544.8 526.5 512.1 498.7 487 474 461.5 448.6 439.4 429.2 421 415 411.8 408.8 403.7 400.7 399 395.7 391.1 385.2 380.8 374.9 373.8 374.1 373 365.2 371.1 378.5 383.1
355.9 366.6 372.7 378.7 387.4 400 413.2 427.1 437.1 438.3 435.7 428.7 415.1 399.4 389.8 378.6 376.5 389.8 404.6 422.1 445.8 470.9 498 516.8 529.6 535.7 538.5 540.1 540.7 540.9 541.8 541.8 543.6 545.4 546.9 548.8 552.3 555.9 559.9 563.4 566 567.6 568.1 567.8 565.8 563.4 561.6 559.7 557 550.6 539.9 521 504.4 492.8 477.7 465.7 453.5 443.7 433.8 424.9 419.3 415.8 412.7 409 405.1 400.8 397.1 392.1 389.4 386 381.2 372.6 373.8 370.5 368.9 362.9 368.1 375.5
351 359.6 367.3 373.5 383 395.4 409 424.8 434.2 436.1 430.2 421.3 409.6 396.4 383.5 371 375.6 387.7 400.3 417.5 442.4 466.5 492.6 513.9 525 532.4 536.6 538.5 539.3 539.1 538.2 537.4 536.1 535.9 536.4 538.1 541.3 548.4 554.2 559 563.1 565.4 566.9 566.6 565.4 563.6 561.9 560 557.9 552.9 545.6 527.5 510.4 495.6 481.8 468.5 456.9 449.4 438.1 429.9 424.4 419.9 415.5 413.2 407.2 403.1 398.9 395 392.6 389.7 383.3 378.6 370 371.1 371.3 367.3 361.2 367.7
346.2 353 361.4 368.9 378.8 391.7 404.5 419.8 430.2 430.9 424.1 414.8 405.4 390.9 376.9 364.7 372.6 384 395.3 412.7 433.8 458.6 483.7 505.7 520.7 527.7 533.4 536.4 537 537.3 535.6 533.9 530.5 530.6 531.6 532.5 534.1 537.1 544.7 552.7 558.4 562.1 564.1 565 564.9 563.6 561.9 559.9 557.8 554.4 548.2 533.1 515.7 499 486.5 473.5 460.6 453.9 444.3 434.6 428.5 423.7 417.3 415.2 413.3 407.3 401.9 397.1 393.9 390.9 387.3 380.9 378.4 370.9 368.7 367.8 362 359
339.4 347.9 356.4 362.5 373.1 386.1 399.4 414.8 423.5 424.9 421.3 412.7 400.4 386.5 370 357.4 372.2 380.2 391 405.7 424.6 446.8 470.7 494.3 511.8 523.3 529.4 533.7 535 535.9 533.5 531.4 525.7 526.5 526.8 527.3 528.6 530.3 534.7 542.1 550.8 556.5 560.2 562 563.6 563.5 561.8 559.7 557.5 554.5 550.6 540.5 521.2 506.9 492.2 478.5 470.6 459.9 447.6 438.9 430.9 426 421.1 416.7 415.2 412.6 405.9 399.7 396.2 394.2 390.5 388.4 384.2 379.7 371.9 365.1 364.3 357.4
332.3 342.9 350.9 357.2 367.4 379.1 393.5 410.1 421.5 422.3 419.3 409.9 394.8 379.4 365.4 351.1 368.6 375.6 385.4 398.9 413.8 433.9 456.3 477.5 501.2 515.9 526.5 530.2 533.2 534.2 532.2 529.4 525.3 517.6 520.9 522.4 523.9 525.5 529.1 533.4 540 548 553.3 558 560.5 562.3 562.4 559.1 557.1 554.6 551.5 544.9 530.8 512.1 496 487 476.8 465.6 453.6 445.7 436.9 429.7 426.1 421 416 415.2 411.1 404.2 399.8 401.2 394.1 410.2 407.9 388 382.5 375.7 367.3 357.1
326.9 337.9 344.8 352.7 360.9 374.6 387.7 405.3 418.6 420.4 418 407 392 377.4 360.5 347.7 363.2 371.8 380.6 393.7 406.1 423.4 446.9 469 492 510.1 522.7 527.7 530.6 532.1 532 529.1 525.6 518.3 512.5 516.6 518.8 521.2 524.2 527.9 531 535.9 544.4 550.6 555.5 558.7 560.1 556.8 554.8 554 552 547.5 537.6 511.4 501.9 492.8 484.2 473.1 461.2 453 444.2 435.4 430.1 425.9 421.7 415.2 415.2 410.2 408.4 409.9 401 405 406.2 402.2 392.2 384.1 373.2 363.9
325.9 334.5 340.3 347.9 358.4 371 381.4 396.9 409.8 414.9 414.6 404.3 394.9 375.1 358.6 344.2 357.6 367.1 375.9 387.2 400.1 413.4 433.3 460.6 484.8 505.1 518 526.3 529.3 531.1 531.5 529.8 526.2 521.5 508.5 504.6 511.7 516 519.5 522.9 525.9 529 532.8 536.9 542.6 547.6 550.1 550.5 551.5 551.8 551.9 549 543.7 533 515.9 501.6 493.5 483.6 473.8 465.4 457.2 446.3 437.8 431.9 427 421.5 415.2 415.2 410 409.4 405.1 397 406.3 406 404.4 393.9 378.5 369.9
323.9 328.3 336.1 342.8 350.9 364.1 377.3 389.3 399.7 405.2 404.1 400.6 394.3 377.7 359.8 343.5 349.5 361.6 370.9 380.8 394.2 406.9 426.6 448.7 474.3 498.2 513.6 522.7 528.2 530.2 530.8 530 527.4 523.8 517.3 497.6 499.4 508.9 513.6 517.8 520.6 523.6 526 529.5 534.6 539.3 542.8 545.9 547.9 549.4 551 550.3 546.3 542 535 521.3 508.5 497.5 490.6 481.4 469.6 460 450.4 438.2 431.1 425 421.1 415.1 415.2 409.7 405.9 398.8 405 404.6 406 393.8 380.4 373.4
323.6 325.9 331.7 339 348.9 351.4 368.2 378.4 389.3 398.6 399.4 397.3 390.6 377.2 361 346 342.7 356.6 365.9 374.7 385.5 402.6 420.4 443 466.3 491.1 510 521 526.3 529.9 530.8 530.5 528.5 525.2 521.2 506.8 477.8 495.1 505.2 511.2 515.1 518.9 521.6 524.4 528.6 533 537 540.8 544.5 546.4 547.6 549.7 547.7 544.9 542 537.6 526.3 515.6 506.3 493.2 479.7 467.1 456.8 445 434.2 428.5 425.4 421.5 415.2 412.6 407.4 400.3 402.7 401.5 398.8 389.4 380 374.9
323.3 324.1 329.1 335 343 348.7 357.4 366 373.8 382.5 387.5 386.6 379.6 369.7 358.9 343.6 339.1 351.6 359.9 370.1 378 396.3 414.8 437.3 459.1 484.5 505.5 519 525.5 529.3 531 531.1 529.2 526.4 522.4 514.6 489 474.7 488.2 500 509.7 514.2 518.3 521 524.5 528.7 532.9 537 540.2 543.5 545 546.7 547.9 546.1 544.9 542.6 538.2 530.8 515.8 499.8 485.4 471.9 460.4 449.2 437 431.6 428.2 424.8 419.7 413 409.2 404.2 399.6 401.4 398.8 387.1 380.5 376.9
311.3 316.8 324.5 331.7 336.3 341.9 348.1 353.5 360.5 365.3 369 371.4 369.1 362.8 351.4 341.1 330.3 347.4 356 366.1 374.8 390.9 408.3 425.8 453.9 479.9 501.4 515.7 524.2 528.8 530.2 530.8 529.6 527.4 523.3 517.2 501.9 473.1 469 484 499.5 510.3 514.8 517.8 520.6 524.8 529 532.9 536.2 539.6 542.9 544.5 545.3 546.4 545.3 544 540.4 535.4 521.5 502.9 487.4 475.3 462.6 451.2 440.6 434 429.7 426.2 421.4 413.2 410.3 408.7 404 401.9 398.1 392.5 384.8 382.6
309.8 315.5 320.7 328.4 332.6 337 341.9 346.9 350.5 354 357.8 360.7 359.1 352.6 342.7 335.5 328.4 344.1 351.8 364.5 374.2 386.2 402.3 421.5 447.4 475.4 499.9 513.2 522.2 528.4 530 530.2 529.2 527.4 523.1 517.6 506.3 478.2 460.4 474.5 495.2 504.6 510.8 514.4 517.2 520.8 524.7 528.6 532.1 535.7 539.4 542 542.4 544.7 543.8 543.2 540.5 536 523.1 503.9 488.8 478.2 464.9 453.4 444.1 436.4 431.6 427.7 422.1 415.9 412.8 411.8 409 405.7 402.5 399.9 391 385.7
310.5 315 319 324.9 329.1 333 337.5 343.4 345.7 347 348.5 348.9 348.1 344.8 336.9 329.8 321.5 342.4 349.5 360.5 371 383.1 399.3 420.8 446.4 473.5 499.2 514.3 522.7 528 530 529.6 528.6 526.8 522.9 516.7 501.2 472.4 449.8 467.8 483.5 497.7 505.6 510.3 513.7 516.5 520.2 524.2 528.9 532.5 535 537.7 539.8 541.3 542 541.6 539.9 535.6 521.9 504.9 491 479.3 468.3 457.7 447.5 439.1 434.5 429.9 424.1 419 415.7 415 413.3 409.3 404 399.8 393.2 386.3
310.1 315.3 318.3 322 325.3 327.7 331.1 338.3 341.4 342.5 343.2 341.8 340.6 336.9 329 323.6 323.8 339.9 348.5 357.8 368.2 382.6 399.4 419.9 444.2 471.4 497.7 514.8 522.8 527.7 530.1 529.8 528.5 525.9 521.8 515.4 492.7 465.3 446.3 458.3 470.8 489.5 500 505 508.8 512.1 515.8 520.7 525.8 529.1 532 534.8 536.4 537.5 538.4 539.7 538.9 534.9 523.6 506.6 493.8 483.4 474.3 464.1 454.2 444.6 437.9 433.1 427.6 421.9 420.7 417.5 414.6 411 407.4 404.5 397.3 388.8
306.9 313.5 318.3 319.7 323 325.9 326.9 330.5 332.4 333.9 336.3 336.2 333.1 329 324.4 316 325.6 338.5 346.9 355.9 368.6 381.1 399.3 419.4 443 471.2 497.7 515.1 523.3 527.7 529.7 529.8 528.1 524.8 520.7 513.4 486.3 456.7 442.9 450.6 460.9 477.1 492.7 497.2 500.9 504 512 517.2 522.5 526.4 529.4 531.4 532.8 534.1 536 537.2 537.6 534.3 526.2 509.6 498 489.7 482.2 472.9 462.5 453.6 444.4 435.8 432.1 428.4 423.8 420.9 415.9 411.7 408.6 406.9 398 398.8
301.2 309.2 316.4 318.9 320.9 324.2 323.6 327.1 329 329 329 329 327.4 324.6 314.6 316.7 329.6 340.6 348.8 358.1 369.5 380.9 400.2 418.2 442.4 469.9 498.7 516.1 523.6 526.8 528.8 529.2 527.2 524 519.4 510.7 482.6 453.3 440.5 443.1 450 461.3 477.5 481.3 484.8 498.6 507.2 513.1 519.2 523.8 526.3 527.9 529.5 531.7 533.7 534.7 535.2 534 528.4 518.2 508.2 499.8 491.7 483.5 472 461.4 450.3 442.4 437.4 433.9 428.6 422.7 418.6 414.4 410.4 407.3 405.8 405.8
294.5 303 310.9 315.1 317.6 319.1 318.6 319.6 321.6 324.6 324.4 325 324.6 323.1 313 322.3 331.4 341.3 352.1 362.2 371.3 381.6 399.5 417.8 443.5 469.9 497.9 517.1 523.3 526.4 528.1 527.8 525.9 522.4 517.2 509.2 481.3 450.2 436.2 439.6 440.8 450 459.2 463.5 470.9 487.7 500.1 509.5 515.7 520.7 523 524.4 526.6 528.9 531.6 533.7 535.5 534.9 531.9 528.4 522.6 508.4 500 492.7 480.2 470 458.7 449.1 443.6 438.2 432.9 428.5 422.5 418.2 413.4 410.7 409.5 408.9
289.4 295.9 304.4 310.3 312.1 313.1 313.9 314.1 313.8 316.4 322.8 324.2 323.8 315.9 319 323.3 334.6 343 353.2 364.7 372.6 382.7 401.3 420.3 448.2 475.5 501.9 519.5 524.3 526.1 527.2 526.3 524 520.3 514.8 507.7 484.2 448.9 429 438 433.7 437.4 447.1 454.9 465 476.1 496.2 505.9 512.1 516.6 518.8 521.2 524.9 527.9 530.7 533.3 535.7 536.6 536.3 534.5 531.2 524.3 514.1 503.3 489.7 478.6 470.2 460.2 451.8 446.1 439.1 435.4 428.7 423 418.6 414.4 412.5 411.5
287.5 289.6 296.9 304.1 305.9 310.2 311.2 310.5 312.1 316 319.3 323.5 322.1 318.4 319.8 328.6 335.5 346.2 356.3 369.2 378.8 385 402.8 424.8 454.1 482 507.7 522.4 525.3 526.1 526.2 525 522.3 518.3 512.8 506.3 489.1 456.6 429.6 431.9 429.7 432.7 443.8 453.3 462.7 472.6 493.6 501.7 507 511 514.3 519.6 523.5 527 530.4 533.4 536.6 538.8 539.3 539.9 538.1 534.4 528.1 516.7 498.8 488.3 482.3 473.1 468.2 460.2 451.6 445.1 439.2 434 427.5 421.7 417.3 413.6
286 288.6 292.7 298.6 302.4 308.1 313 318.1 320.2 319.9 319.9 321.8 313.6 319.2 324.7 330.6 336.3 348.4 357.7 370.4 379.2 387.8 408.8 430.6 460.5 488.7 513.3 524.5 527.4 526.7 525.5 523.4 520.9 516.4 510.8 503.9 493.7 468.3 440.8 415.3 416.6 431.8 446.6 458.5 470.1 481.6 489.7 495 495.1 507.8 513.7 518.6 523.1 527.1 530.5 535.1 540.6 544.8 545.4 544.3 543.5 541.4 537.1 530.7 514.3 503.7 496.7 490.8 484.6 478.3 468.9 459.9 452.7 445.2 437.6 428.5 423 419.3
285.2 289.2 291 295.5 299.6 305.6 313.8 319.5 319.5 318.8 316.8 312.7 315.9 321 326.8 335 339.2 345.7 360.2 371.1 383.3 398.3 415.7 438.2 467.6 496.1 517.4 525.6 527.9 527.3 525.3 522.4 519.4 514.5 508.1 500.9 490.4 465 440.2 422.4 414.6 434 448.4 459.8 469.1 477.5 481.1 476.5 490.6 504.4 513.2 518.5 523.3 527.4 532.3 539.7 550.6 555 557 556.3 551.8 547 544.3 540.9 534.2 511.2 516 505.9 502.2 497.3 490.5 478.2 462.9 459.3 447.9 439 430.3 425.1
