public/OST50/SO20.asc
ncols 200
nrows 200
xllcorner 320000
yllcorner 200000
cellsize 50
[rows 140 to 174 of 200, columns 0 to 77 of 200]
302.6 319.8 330.5 339.3 344.2 344.2 342.6 338.4 324.4 300 274.2 247.4 217.4 219 243.4 267 291 315.7 331.1 337.3 340.4 340.9 341 339.8 336.6 330.2 320.7 301.2 302.1 307.6 307.6 302.5 290.7 274.8 252.5 234.3 218.9 205.7 203.1 192.2 183.1 181.8 184.4 192.7 205.2 214.6 225.5 238.5 255.6 273 290.6 307.3 323.3 341.5 357.2 373.8 387.3 400.2 407.4 414.1 420.5 425.5 430.6 435.4 439.2 443.1 445.3 444.7 443.8 442.7 441.6 441.6 442.1 442.2 442.5 442.3 443.1 443.9
284.7 306.9 322.4 332.3 339.9 341.4 340.2 336.4 328.3 306 280.1 254.3 227.5 207.2 230.9 256.7 281.9 306 325.6 332.4 335.2 336 335.1 332.4 326.8 319.7 304.9 282.8 281.4 291 289.1 283.7 273.1 257.3 235 217.2 204.7 201.2 195 183.5 180.7 180.8 184.8 190.4 198 209.3 218.9 233.1 249.4 267.6 285.2 303.3 319 336.7 354.9 372.1 386 398.3 405.6 412.1 418.3 423.4 428.8 433.7 438.7 443.4 445 443.7 441.1 438.8 437.9 437.6 437.1 436.4 436.9 437.2 436.9 437
265.6 290 310.4 323.8 332.4 336.9 336.8 333.1 327.8 310.8 285.8 261.1 236.2 210.6 218.8 246.2 273 297.4 320.8 328.2 330.2 330.4 328.9 325 318.2 310.2 292.5 266.6 261.1 271.3 271.6 264.7 253.9 238.3 218.7 205.4 199.7 193.4 185.7 180.2 179.6 183.6 192.9 199.1 201.3 202.9 210.7 224.6 241.4 255.1 270.2 290.3 306.8 325 348.2 369.2 381.7 394.3 402.1 409.3 416.1 421.3 426.7 432.4 438.2 443.1 444.5 443.1 438.8 436 432.8 431.6 430.8 430.4 429.7 429.4 428.6 429
249 273.4 295.3 313 324.1 330.1 332 329.5 325.4 315.7 292.4 268.6 243.5 215 209.2 238 265.9 291.4 315.3 324.1 325.8 325.3 322.9 317.6 308.9 302.3 283.2 256.6 243.9 249.9 251.1 245.3 233.5 219.5 215.1 200.3 197.2 186.5 182.7 175.9 181.3 193.1 202.9 213.3 218.9 221.7 223.4 223.9 225.3 242.6 258.8 278 295.8 313.7 334.4 359.7 375.7 388.6 398.9 406 412.9 419.5 424.7 432.2 437.4 441.1 442.1 439.7 435.1 432.4 429.7 425.6 424.5 423.5 421.9 420.5 421.2 421.1
229.9 254.5 277.5 298.2 313.6 323.3 325.9 325.1 323.1 317.3 296.2 273.8 248.3 219.9 202.4 231.6 260.8 287.1 310.1 319.9 321.2 320.3 316.6 309.4 301.8 293.3 274.8 249.8 226.3 228.2 226 218.6 210.7 206.5 206.5 197.9 187.7 182.5 171.2 179.2 190.8 205.2 220.4 232.7 241.8 246.3 247.5 246.9 245.1 245.6 246.2 265 284.9 304.1 322.5 345.5 369.2 384.7 395.1 403.1 411.5 417.1 424.1 431.6 436.4 439.2 439.8 435.1 430.3 427.9 422.8 418.3 418.3 416.8 415.2 413.1 411.4 411.1
210 235.2 258.7 281.2 300.9 312.5 318 320.4 319 313.9 294.4 272.5 247.5 218.9 197.7 226.6 258.6 286.5 307.7 315.6 316.5 315.3 309.8 302.1 295.4 283.2 265.5 243 221 211.9 212.4 208.8 204.4 201.5 197.5 186.2 175.2 172.4 178.1 188.8 205.7 225.4 241.9 256 265.6 271.4 272.5 271.1 269.3 267.7 266.5 266.8 270.4 293.2 313.3 336 358.5 378.7 391.4 400.3 407.6 415 423.1 430.4 435.8 438.9 438.3 433 428.4 420.7 415.9 412.3 410.4 410.3 408.9 405.1 402.7 400.7
195.8 217.7 240.9 263.8 286.7 304.9 312 314.5 313.9 308.7 289 265.6 240.4 213.4 194.9 223.6 256 285 305.3 311 311.8 309.9 302.9 295.3 285.8 268.7 248.3 229.8 210.2 208.7 210.6 211.8 203.2 191.7 179.3 169.7 171.8 178.6 190.4 204.9 225.1 246.2 263.3 276.8 286.5 293.3 295 295.8 294.5 292.7 291.3 288.8 286.7 284.7 304.1 325.2 349.7 372.5 387.4 398.1 405.2 413.4 421.9 428.8 434.9 438.3 437.1 433.3 427.2 418.3 406 402.4 402.6 402.9 401.3 396.6 392.5 384.7
178.1 196.3 221.4 246.5 270.5 293.7 305.6 308.4 308.5 300.1 277.5 254.4 230.4 206.1 194.4 225.6 255.4 283.7 302.4 306.9 306.9 303.6 294.6 285.6 270.3 250.3 231.3 211.4 206.4 210 211 203.9 188.7 174.8 165.2 171.9 180.6 194 211.9 226.3 247.5 267.4 283.4 296 307.2 316.1 319.3 322.8 320.3 315.6 314.1 311 307.6 306.2 307 320.6 344 367.3 385 396.1 405 413.1 421.5 429.2 435.2 437.8 436.7 432.8 425.9 417.7 404.9 388.5 392.6 394.6 393 389.6 379 366.2
166.9 182.7 202 228.8 253 278 297.1 301.8 301.2 288.8 267 244.2 220.4 196.1 201 234.6 262.5 286 299.1 302.4 300.7 293.8 282.9 266.8 249.8 231.1 209.8 204.8 207 207.4 195.3 183.6 170.7 166.9 172.6 182.1 199.5 218.8 232.2 249.1 271.1 288.9 304.1 316.2 326.9 335.7 342.3 344.8 343.7 340.4 337.3 334.4 331.8 330.8 330.3 334.8 345.1 367 384.2 396.1 405 414.1 422.6 430 435.4 436.7 435.4 433.2 425.7 417.7 404.6 386.4 374.7 381.6 382.7 377.3 363.3 348.3
165.8 168.2 185.9 210.2 234.7 260.5 285.2 296.6 295 280 256.9 234.3 209.7 187.6 213.2 243.7 267.8 287.4 294.8 295.9 291.1 279.7 263.7 247 229 210.3 203.6 204.4 205.2 190.5 173 167.1 167.9 179.4 189.2 207.2 221.4 238.1 255.4 275.1 293.9 310.3 324 334.9 344.2 350.8 354.8 356.7 358.2 358.4 358.8 356.1 353.6 351.6 352.4 356.6 363.4 376.1 387.9 398.7 407.8 416.5 425 431.3 435.1 435.1 434.7 432.9 427.4 418.6 403.5 382.6 359.5 362.7 360.6 355.5 344.3 330.7
175.7 165.5 169 189.3 217.2 243.3 268.6 287.2 287.3 271.2 242.6 219 196.8 189 223.9 251.9 272.9 286.9 289.3 287.7 277.8 262.3 243.3 225.9 209.5 196.6 202.5 194.7 183.2 166.7 165.3 174.5 186.3 201.2 216.1 227.9 242.9 261.4 281.4 301.4 319.3 330.5 340.7 349.8 356.9 363.2 367 368.7 370.4 371.1 371.4 370.9 369.8 370.7 371.4 375.8 380.5 386.8 394.1 401.4 411.4 420.2 428.8 432.5 434.7 434.7 434.1 431.9 427 420.5 406.8 387.2 365 345.4 334.5 329.2 322.1 317.3
190.4 170.1 165.1 173.4 198.9 226.1 251.5 272.6 279.2 266.4 236.3 210.8 186.5 197.8 227.7 254.5 275.1 283.4 281.4 274.4 261.6 242 223 206.3 192.8 178.4 178.6 170 160.5 170.7 181 196.2 210.8 227.4 235.8 249.1 264.6 283.1 305.3 323.3 333.8 342.8 352.9 363.1 371 377.3 382.7 385.3 387 388.1 388.1 387.5 386.1 387 387.2 388.6 391.2 394.7 400.5 409 416.9 425.1 429.6 432.2 434.3 434.6 433.8 429.5 424.7 420.3 414.8 395.9 380.3 369.8 357.7 344.7 330.7 311.6
202.5 181.9 165.4 162.3 183.9 208.6 233.2 256.5 269.4 258.4 233.7 206.8 180.5 200.7 228.7 254.6 275.2 276.4 269.5 259.6 241.9 222 202.7 190 173.9 163.9 162.1 164.1 179.8 191.1 206.5 223.9 236.7 248.9 257.6 267.7 282.5 300.2 319.9 332.4 342.1 353.8 363.9 375.4 383.2 388.1 393 396.7 399.5 401.3 402.7 401.3 401.8 400.4 398.8 397.8 397.5 400.4 406.6 413.7 421 425.9 429 431.9 433.9 437 434.9 429.5 424.1 420.2 417 411.6 398.3 389.2 381.8 369.8 352.8 327.3
213.2 192 171.6 164.5 168.6 191.9 215.2 237.2 253.8 247.6 228.6 201.7 174.1 203.7 229.7 254.6 270.1 266.9 258.9 241.6 222.1 202.8 187.8 170.5 161.1 161.5 169.4 183.4 201.1 218.4 234.7 247.8 261.5 273.8 279.6 282.6 295.5 312.2 327.7 340.4 352.8 366.1 376 384.1 387.4 389.7 392.4 395.6 398.8 400.9 402.8 404.6 405.7 405.7 405.4 403.6 402.1 407.7 413.5 418.3 423.5 427.9 429.9 432.7 436.5 438.9 436.5 432.8 426.2 420.8 417.1 413.5 409 403.4 397 387.7 375.2 348.1
221.6 202 183.2 166.7 161.4 178.2 198.9 219.4 236 236 222 194.9 173.9 203 229.2 253.1 264.6 257.4 244.5 224.2 204.1 188 171.8 161.4 160.8 172.2 188.6 205.6 224.1 239.8 256.2 270.4 281.7 289.5 295.9 298 305.8 320.6 335.2 348.7 362.8 373 378.3 381.7 384.8 388 390.8 394 397.2 399.4 401.5 404.1 406.1 408.1 408.6 408.8 409.3 412.7 417.4 422 425 428.1 431.1 434.1 436.3 437.1 436.2 433.7 428.4 422.9 418 414.4 410.6 406.7 402.9 395.2 386.6 369.2
230.5 210.5 191.8 176.9 163 166 183.5 202.7 217.9 224.1 212.7 188 173.4 201.3 227.6 248.9 257.9 245 228.2 208.9 189.3 173 161.5 160.4 172.9 191.1 209 226.9 242.7 261.5 277.2 288.4 296.7 302.7 306.1 312.2 317.6 331.1 344.8 357 368.6 373.9 376.8 379.2 382.2 385.8 389.3 393.4 396.7 400.3 402.3 403.8 405.8 408.4 410.9 412.5 413.9 415.9 418.5 421.8 425.3 428.8 431.5 433.1 434 434.9 434.3 433 430 425.8 420.6 416.3 412.1 409.3 405.7 400.3 395.2 383
241 222.4 202.5 184.7 169 162.4 171.4 186.5 199 209.4 203.6 184.3 172.8 198.8 223.8 239.8 245.2 228.6 210.9 192.6 175 161.5 160 171 193 210.9 229.8 246.1 264.1 277.6 290.2 299 305.1 311 318.1 325.1 332.4 343 355.3 364.4 369.8 372.8 375.4 377.3 380.6 386.5 391.9 395.9 399.1 402 404.3 405.9 407.4 409.5 411.1 412.6 414.3 416.1 418.8 421.5 423.6 425.5 428.2 429.5 430.7 431.8 431.5 430.6 429.3 427 423 418.8 415.2 412 408.4 403.1 399.3 391.2
255.4 235.3 214.2 195.3 178.1 163 161.7 170.5 182.2 192.5 194.2 179.7 171.4 195 214.1 225.7 226.9 212.9 195.8 174.8 160.5 156.7 171.2 193.6 213 231.4 247.6 264.9 280.3 290 297.6 305.3 313.9 321.9 328.3 335.6 343.8 349.8 358 364.4 369.9 372.9 375.2 378 383.1 389.1 394.6 397.9 400.1 401.9 403.5 405.6 407.3 409.2 410.6 412.3 414 415.1 414.8 417 419.2 421.2 423.4 425.3 426.6 427.9 428.5 428.3 426.9 425.5 424.3 420.5 417.4 413.9 409.5 404.6 400.6 397.1
270 247.8 226.5 205.1 188.9 174.1 160.7 160.6 167.1 175.8 181.7 170.5 169.5 188.8 199.7 206.1 204.3 194.1 176.1 161.1 155.9 164.5 190.4 213.8 233 249 266.3 281.1 288.9 296.8 305.5 314.6 323 331.2 340 346 352.2 356.2 360.8 366.7 370.9 374.5 376.7 380.6 386.5 390.8 393.7 395 396.5 398.5 400.4 402.3 404.4 405.5 407.1 409 410.1 410.2 410.8 412.4 414.7 417.1 419.2 421.4 423 424.4 425.3 425.5 425.4 423.9 422.9 421.5 418.4 415 411.6 407.7 402.4 400
277.1 256.6 237 220.8 204.7 187.5 170.1 159.9 160.6 164.8 166.8 166.5 166.7 178.4 184 185.8 181.7 173 162.4 157.7 160.1 185.3 207.9 231.9 249.5 262.7 277 287.2 294.7 304.7 314.4 322.9 331.7 342.9 348.5 353.5 356.8 358.5 361.5 366 369.9 374.2 377.8 381.5 385.3 386.3 387.9 388.5 389.7 391.7 393.9 397 399.1 400 402.3 403.3 403.9 405.1 406.1 407.7 410.1 412 414.4 417 419.1 421.1 422.4 422.7 423.1 422.4 421.4 420.2 418.8 416.2 414.4 411 404 403.2
281.1 265.3 254 238.8 222.7 205.6 184.9 167.3 158.9 165.1 164.2 162.2 161.4 164 165.7 166.6 167.8 161.8 159.7 158.4 162.5 193.8 219.1 242.7 257.1 270 282.2 292 301.1 312.2 321.5 329.9 341.3 348.7 353.8 356.8 356.8 357.2 359.4 362.6 366.8 371.9 376.8 379.5 381.1 380.8 379.5 378.7 379.9 381.8 383.9 386.4 388.2 389.7 391.4 394.3 396.5 398.4 399 401.1 404.2 406.4 409.1 412.2 415.1 417.4 419.1 420.1 420.4 420.6 419.8 419.3 418.6 417.1 415.3 413.7 408.3 404
292.7 280.9 269.9 257.2 240.6 222.2 201.7 181.1 166.5 156.9 162.4 161.4 159.1 158.8 162.1 160.4 157.6 156.3 160 158.1 172 198.2 223.5 247 260.6 273.6 285.3 296.9 309.3 318.9 326.6 337.3 346.8 351.3 354 355 354.9 354.1 354.7 357.1 360.4 364.5 369.2 371.9 373.7 372.8 372.4 373.7 374.7 375.7 377.1 379.3 381.3 382.8 383.9 385.2 385.4 385.9 387.3 390.7 395.6 400.1 403.9 407.5 410.6 413.4 416 417.1 417.9 418 418.1 418 418.1 417.5 416.2 415.3 412 406.9
307.7 294.9 282.1 270.9 255.1 234.4 215.6 199.4 185.2 174.4 171.4 166.3 162.8 162.1 162.4 162.7 162.9 158 156.3 156.2 172.9 196.8 221.3 247.5 261.7 277 288.7 302.6 314.1 321.7 331.8 340.8 347.7 351.1 353 352.2 350 348.9 348.3 350 352.2 353.8 354.9 359.6 363.4 365.2 366.5 368 368.9 369.6 370.1 371.4 373.4 375.7 376.2 378.6 378.7 378.7 379.3 380.3 384.1 390.5 398 402.7 405.7 409.2 412.2 414.1 414.9 415.7 415.9 416.2 417 416.7 416.7 416.3 414.8 410.1
320.2 311 294.4 280 264.1 244.4 226 211.9 201.4 197.5 193.6 186.1 181 188.2 192.4 189.9 182.6 164.8 156.6 154.2 167.5 191.7 216.3 244.6 264.5 278.7 291 306.7 315.6 324.9 335.8 342.2 346.9 349.2 349.5 347.7 345.2 341.3 337 335.4 335.8 337.9 339.7 342.7 347.1 351.1 355.2 358.3 361.4 362.7 363.3 364 364.9 366.7 366.8 367.8 369.1 370.6 370.8 372.3 376.4 380.8 387.9 397.2 401 404.9 408.3 410.5 412 413.1 413.8 414.4 415.3 415.9 415.9 415.6 415.8 415.2
326.1 318.6 305.9 288.3 271.9 253.4 235.9 221.6 212.2 208 205.8 200.9 207 212.9 216.2 211.5 189.1 168.6 156.5 153.8 157.8 184.3 210.5 241.3 261.7 280.4 293.3 309.5 316.3 327.7 336.7 341.5 344.8 346.3 344.8 342.6 339 333.2 325.7 324.2 323.6 325.2 328.7 332.5 335.9 339.9 344.1 348 351.8 355.5 357.3 357.9 358.7 358.3 358.6 359.3 358.5 356.2 356 361.8 367.3 372.9 379.8 390.2 397.1 402.6 405.8 408.3 409.9 410.5 411.6 412.6 413.7 414.6 414.9 414.5 414.9 415.3
331.8 322.8 313.6 298.8 280.5 261.8 245.7 231 222.4 217.6 214.5 213.7 215.6 218 220.6 214.2 190.7 167.2 155.3 153.7 157.3 177.5 206.5 238.1 262.6 284.9 294.5 309.2 316.2 328.2 335.6 339 340.8 341.2 340 336.5 331.7 322.8 314.1 311.7 309.2 313 318.1 323.1 327.2 331.4 334.8 337.8 340.8 344.9 348.1 350.4 350.9 349 347.7 346.4 345.6 348.4 349.2 348.9 358.4 366.1 373.7 381.1 389 398.6 404.5 406.9 408.1 408.8 409.9 411 411.9 412.6 413.3 413.3 413.7 414.2
334.2 327.2 317.3 306.4 290 272.6 256.3 243.3 232.2 224.6 220.7 218.2 217.9 218.2 217.5 211 189.2 167.5 152.8 153.1 156.9 177.9 206.8 237.9 262.1 280.7 293.8 307.8 312.7 324.9 332.1 334.8 336 336.4 334.2 329.1 319.9 313.3 305.1 294 292.7 300.9 309.7 315.5 319 322.6 326.4 329 331 333.2 337.1 340 339.8 337.6 337.9 338.3 335.7 327.5 342.3 347.9 360.2 363.7 349.9 365 375.8 388.6 399.9 404.4 406 406.4 407.2 408.6 409.8 410.3 411 412 412.3 412.3
334.5 329.1 319.9 311.1 299 281.4 266.1 254.3 243.8 233.1 226.3 222.5 219.1 215.9 212.5 207.3 189.1 167.4 150 152.3 156.5 178.4 211 241.4 266.2 279 291.2 304.7 309 316.4 324 328.2 329.4 329 325 317 311.3 305.5 294 277.8 279.2 292.6 302.2 307.1 310.6 312.8 316.7 320 322.2 323.6 326.5 330.1 328.2 328.4 328 325.9 318.1 319.5 334.1 355.7 362.4 367 361.7 355.6 352 353.8 373.1 400.6 403.1 403.7 404.5 405.3 406.2 407.4 408.7 409.8 409.9 409.8
332.1 329.4 322.5 313 305.6 289.8 276 267.1 256.6 243.2 233.7 226.7 220 212.2 204.6 200.7 187.3 167.7 151.8 153.1 155.7 178.6 215.6 246.6 268.2 277.1 284.8 300.5 304.7 307.6 310.8 315 315.9 315.2 312.5 308.7 305.3 297.1 282.9 263.4 266.3 282.2 291.4 297.6 300.2 302.4 306.7 310 313.1 315.9 318.3 319.4 319.3 318.9 315.1 307.5 307 323.7 336 352.8 359.7 366.5 369.7 370.2 367 357.1 351.2 377 399.6 400.7 401.5 402.3 403.9 405.1 406.3 407.6 407.4 408
329.9 327.6 323.6 314.6 307.5 298.3 284.7 275.7 267.3 255.3 242.5 231.9 222 210.6 197.6 190.3 180.4 165.2 153.7 152 155 183 221.6 252 266.6 272.8 278.2 290.2 297.9 301.9 304.4 306.3 307.3 307.7 306.7 304.4 296.3 286.6 275.1 254.4 246.7 267.3 278.9 282.8 285 287.2 292.3 296.8 301.2 305.9 308.9 310.1 309.5 305.2 297.2 289.9 313 324.4 333.3 348.2 356.6 363.9 368.1 370.7 372.7 369.5 359.1 351.3 383.9 397.6 398.5 399.3 401 402.7 404 405.4 406.2 410.4
326.1 325.8 322.9 314.7 308.4 302.8 292.5 282.4 274.5 264.1 250.3 237.8 225.8 213.3 197.4 180.5 169.8 159.7 153.4 150.9 154.8 190.4 227.8 250.4 263.8 269 272.4 278.1 285 291 295.3 299.1 301.3 301.7 299.7 292.9 284.4 279.2 268 246.4 227.7 249.7 260.4 260.5 260.6 262.6 268.4 277.5 286.1 290.3 293.7 295 294.9 288.1 275.1 298.3 312.6 322.1 329.3 341.4 351.5 359.5 365.4 365.8 368.2 368.6 367.5 357.4 353.2 389.6 396.3 397.7 399 399.9 401.5 403.7 403.3 404.6
320.8 321.4 319.6 311.7 307.6 303.3 295.8 287.8 277.5 267.2 255.9 242.7 230.7 217.3 199.2 180.4 165.2 155.7 151.6 149.8 153.6 194.6 232 248.4 258.4 264.2 268.5 270.5 273.3 276.6 280.9 284 286 287.3 283.7 279.5 276 270.8 255.8 234.1 211.9 229.5 234.3 232.9 232.1 233.2 238.8 250.7 264.5 275.7 281.5 284.9 282 261.9 285.2 300.1 310.5 318.1 324.9 333.5 346.7 352.5 357.4 356.4 356.7 367.1 371.3 367.1 348.7 359.1 391.4 396.6 397 397.6 400.1 402.3 398.6 374.4
312.8 316 315.1 310 307.1 303.1 296.3 291 279 270 260 245.5 232.6 215.9 195.3 177.8 161.9 152.7 149.5 147.6 161 196.9 230.2 244.3 252.1 258.4 263.3 265.5 274.9 275.2 275.8 275.4 275.1 274.9 273.8 271.5 265.6 255.3 240.2 220.5 202.3 208.3 207 205.6 204.3 209.2 216.4 224.2 237.9 251.3 260.8 267.6 255.4 263.2 282.3 296.1 305.7 313.8 321.3 327.3 337.6 347.3 350.2 347.6 344.2 359 370.5 370.1 365.7 350.3 352.2 381.1 394.9 394.9 396.5 396.7 391.8 356.7
308.8 310.4 310.5 308 305.9 302.5 296.3 291.5 279.4 270.8 260.6 245 229.9 213.9 191.9 174.8 160.8 153.9 144.1 147.4 166.5 196.3 225.1 238.4 245.8 251.6 256.8 260.6 265.9 266 267.6 266.7 269.1 268.5 266.3 261.4 250.2 237.1 226.1 206.1 186.4 187.2 193.7 208 219.6 231.5 236.9 240.1 238.8 238.5 240.1 250.1 267.8 280.3 290 298.9 305.9 312.7 317.5 323.4 329.6 340.6 342.3 337.7 333.7 354.3 367.6 374.3 377.8 370.5 349.3 347.9 360.9 374.6 382.1 392.5 387.1 357.2
304.5 305.3 306.8 306.6 304.4 301.4 295.2 290.3 279.3 268.7 255.3 239.5 228.8 211.5 192.5 175.2 162.4 153.4 145 147.9 166.2 187.7 209.1 230 238.1 245.6 249.3 253.2 255.3 265.3 264.7 262.9 262.6 260.9 256.8 246.1 232.6 224.3 210.8 191.9 179.5 200.6 217.8 233.8 247.6 257.6 260.6 264.4 266.9 268.2 271.2 278.3 287.6 296.5 301.8 305.1 309 312.1 315.3 319.1 324.5 329.2 336 329.9 340.8 354.6 364.7 371.9 379.2 384.3 374.4 367 363.3 361 355.8 373.6 379.4 360.2
