public/OST50/SO21.asc
ncols 200
nrows 200
xllcorner 320000
yllcorner 210000
cellsize 50
[rows 36 to 71 of 200, columns 0 to 81 of 200]
207.7 202.1 198.7 196.9 195.1 193.6 190.6 183.6 173.9 163.6 154.6 146.5 135 120.2 110.1 96.2 86.3 83.1 80.7 79.1 72.7 70.3 68.4 68.3 68.1 68 67 65.9 63.5 62.8 66.3 68.6 77.9 85 88.5 89.4 89.1 87.7 85.6 83.4 83.1 83.3 83.8 84.3 88.2 93.4 100.4 110 117.6 126.1 134.1 138.4 144.9 152.7 159.7 165.1 170.7 175.3 179.4 183.5 187.7 192 197.5 203.4 206.8 209.3 213.3 219.6 220.6 217.2 210.5 201.1 190.3 175 157 141.1 129 118.1 107.4 96 91.5 102.6
210.5 205.6 201.7 198.5 196.3 192.6 189.4 185.1 176.7 164.5 151.4 139.1 128.1 117 107.2 94.8 86.7 83.6 80.9 77 73.6 72.4 71 70.2 69.5 68.7 67.5 66.5 63.6 62.5 66.6 66.1 71.9 80.1 85 86.2 86.1 86.1 84 82.3 81.1 80.2 80.5 80 82.1 84.5 87.8 94.1 103.3 113 122 130.6 136 143.7 152.6 158.8 164.2 171.1 176.4 180.5 185.1 189.4 195.6 201.2 203.8 206.8 210.3 213.8 213.4 212.3 213.1 203.6 192.3 177.5 156 140.8 125.8 114 101.9 95 92.5 99.1
212.3 208.6 205.1 201.2 196.5 192.8 188 180.9 174.6 165.8 154.2 141 127.1 112.2 103.2 94 87.6 84.5 82.2 79 74.7 73.3 73 72.1 71.2 70.4 69 66.5 65.8 65.8 61.9 66.1 66 68.6 73.4 78.3 81.1 83.9 82.1 79.9 79.3 77.6 75.6 76.1 77.8 78.6 80.3 83.5 89.3 98.6 109.8 125.1 127.7 134.6 143.2 151.5 157.5 163.3 168.4 173.4 178.1 182.6 188.2 194 198.5 202.4 205.1 205.6 204.4 202.8 204 201.9 192.9 177.2 157.7 142.8 124.5 111.1 98.2 93.4 91.4 98.8
211.3 207.9 204.9 200.8 195.9 190.8 185.3 178.9 169.7 162.1 154.1 143 129.6 111.7 101.5 94.3 89.1 86.2 84.3 80.3 75.8 75.2 74.4 73.1 72.5 72 71.2 69.5 66.6 65.8 65.2 61.9 66.1 65.7 67.1 71.5 73.6 78.7 75.4 73.7 73.4 72.1 73.4 70.7 73 74.1 74.1 75.8 79.4 84.8 94.7 105.3 114.5 123.3 131.5 140.4 147.4 153.4 159.1 164.5 168.6 173 178.5 184.7 190.3 194.3 199 200.6 198.4 194.4 191.8 188.9 184.6 172.7 159.1 144.8 124.6 110.4 96.3 91.9 91.4 98.7
207.7 205.7 202.6 198.7 194.3 189.6 184.3 177.8 171.2 159.3 149.8 140.9 131.2 113.7 102.7 95.4 90.4 87.4 85.9 82.5 77.8 76.5 75.8 73.5 74 73.3 72.4 70.9 70.1 69.2 68.8 65.3 61.9 66.1 64.9 65.7 66.7 66.8 66.1 66.1 66.2 66.2 66.5 66.7 66.3 65.9 66.6 67.9 71.6 75.9 82.4 90 101.5 112.8 119.9 126.4 134.5 141.8 147.6 153.9 158.7 163.2 166.9 172.3 177 180.7 185.9 191.7 195.7 188.8 181.6 176.8 172.1 165.9 155.4 144.7 127.8 111.7 96.1 90.7 90.4 101.6
201.9 199.9 198.4 194.9 191.9 187.7 182.2 174.8 167.8 159.1 149 140.6 130.3 116.1 104.6 96.2 91.6 88 86.1 82.9 79.5 78.6 77 74.8 76 74.4 73.5 72.4 71.3 70.6 70.1 68.9 67.6 62.5 64 65.1 65.1 65.6 65.9 65.8 65.7 65.1 65.1 65.3 65.4 65 66 65.2 65.4 67.8 73.5 78.7 86.6 97.2 107.6 115.7 124.1 131.5 138.6 143.8 148.8 152.8 155.3 157.7 161.9 166.3 171.2 177.1 182.4 183.3 175.4 169.7 162.9 156.2 148.5 141.3 128.5 114.4 95.1 89.9 89.7 96
198.1 195.7 193.4 190.4 187.2 183.1 178.1 170.9 163.6 154.6 146.1 138.5 129.4 119 107.1 97.6 91.7 88.1 85.9 82.7 80.9 79.8 78.2 76.3 76.7 75.6 75.2 74.3 72.9 72.1 71.3 70.5 69.7 67.8 65.2 61.9 64.4 64.9 65.5 65.8 65.7 65.5 65.1 65.2 65.3 65.1 64.8 66 65.3 65.2 65.4 67.8 74.3 82.4 92.3 101.7 110.9 122.1 128.2 133.3 138.7 143.8 147.3 149.4 151.8 153.8 156.3 160.9 163.7 166 166.8 163.3 155.4 149.2 142.1 137.2 132.3 119.1 101.1 90.4 85.4 92.3
194.7 192.4 190 187.1 182.4 178 172.7 166.6 158.8 150.5 143.5 135 126.9 119.8 109.1 99.9 93.8 89.2 86.1 83.2 81.6 80.3 79 78 78.2 77.8 77 75.6 74.7 74 73.1 72.3 71 68.9 68.4 67.5 61.4 62.9 65 65.6 65.8 65.6 65.1 65.5 65.4 65.1 64.9 64.7 64.3 65.7 64.8 64.4 64.6 67.7 77 86.4 97.7 107.7 116.9 124.5 129.4 133.9 138.4 141.7 144.3 145.3 146.2 146.8 147.4 149.3 152.6 153.4 150 144.9 138.2 133.1 129 121.5 110.1 90.2 86.3 88.7
190.5 188.1 186.3 184.2 180.2 174.9 167.8 160.4 153.7 145.6 138.6 130.8 123.6 117.4 112.2 101.9 95.2 90.3 86.3 84.5 83 81.1 80.2 80 80.1 79.3 78.5 77.8 76.7 75.8 75 74 71.3 70.7 70.2 69.4 68.3 66.8 60.7 64.2 65.2 65.1 65.3 65.7 65.4 65.2 65 64.8 64.7 64.7 65.2 65.1 64.1 64.5 64.8 74.3 83.2 91.1 101.8 111.8 119.1 124.9 129.9 133.1 136.1 138 138.7 138.6 138.4 138.9 138.9 139.2 141 140.3 135.8 131.1 124.4 121.9 118.6 96.3 88.1 86.9
185 182.1 181.3 178.8 176.2 172 167 160.1 153 145.2 136.5 128.2 121.4 115.8 109.7 103.2 96.1 90.5 87.4 85.6 83.9 83 82.7 82.3 81.4 80.8 80.2 80.2 79.4 78.2 76.4 74.9 73 72.8 72 71.1 69.9 68.5 67 61.7 60.5 64.6 64.8 65.5 65.4 65.3 65.1 65 64.9 64.9 65.1 65.3 64.4 64.2 64.3 63.8 68.3 74.4 82.7 94.6 107.9 116.4 123.3 126.2 128.7 131.3 133 133.6 133.3 132.7 131.8 131.6 132.4 133.5 132.6 127.9 122.8 118.8 116.3 113.4 89.9 82.8
177.5 175.2 173.8 172.5 170.1 167 162.8 158.6 152.6 146.6 138.8 131.3 125.3 119.3 113 108.2 99.4 92 88.3 86.6 85.5 85 85.3 84.7 83.3 82.3 82 81.9 80.9 78.9 77.3 75.9 75.3 74.7 73.7 72.6 71 69.8 68.5 67.5 67.2 60.2 60.9 64.9 65.5 65.4 65.3 65.2 65.1 64.9 64.7 64.5 65 64.3 63.9 63.6 63.7 65.9 70.3 79 91.9 105.2 113 120.8 124.5 126.7 128 128.8 129.4 129.4 128.3 127.7 127.5 127.7 126.5 124.9 120.8 116.2 113 110.6 93.5 82.7
170.7 168.7 166.7 165.1 163.4 160.7 157.9 153.9 150.2 144.4 138.2 132.1 126.4 121 115.7 112 104.8 96.2 89.3 88 87.7 87.3 87.3 86.5 85.1 84.7 84.1 83 81.7 79.8 78.3 77.7 77.5 76.5 75.2 73.6 72.1 70.9 69.5 68.3 68.4 65.5 63.5 59.6 64.4 65.2 65.3 65.2 65 64.5 64.5 64.2 63.9 64 63.7 63.4 63.5 63.6 64.7 69 77.2 89.6 100.9 113.2 118.2 121.1 123 124.6 126.4 127.7 126.7 125.6 124.4 123.5 123.1 120.5 118.2 114 109.9 104.1 88.3 81.5
167.8 163.6 161.4 158.8 157.2 155.4 153 149.8 146.4 142.3 136.2 132.5 127 121.5 116 113 106 96.4 90.6 90.1 89.5 90 88.6 88 87.3 86.5 85.6 84.5 83 81.4 80.1 79.7 78.9 77.8 76.2 74.6 73.2 71.8 70.4 69.1 68 66.5 65.3 64.8 61.3 59.6 63.8 65 64.8 64.5 64.6 64.4 64.2 65.3 63.5 63.5 63.5 63.4 63.5 64.4 67.3 74.5 90.3 100.4 107.8 115.2 119.5 121.1 122.6 123.9 124.4 124 122.7 121.1 119.4 116.4 114 111.3 107.8 99.3 84.2 83.7
163 160.3 156.9 154.2 152.3 150.5 148.3 146 143.3 139.8 134.9 131.1 126 120.7 115.5 110.9 101.6 91.4 92.6 91.8 92.4 91.3 90.4 90.2 89.3 88.2 87.1 85.6 84.4 82.9 81.8 81.4 80.3 78.8 77.2 75.7 74.1 72.7 71.3 70 68.6 67.1 66.4 65.7 65.6 64.9 59.8 59.6 63.6 64.6 64.6 64 63.9 63.9 64.1 63.9 63.6 63.4 63.5 63.7 63.8 65.3 73.8 87.3 101.7 110.3 114.6 117.1 118.9 120.7 122.2 122.4 121.7 119.8 116.7 113.4 109.5 107.2 105.2 96.6 83.7 83.4
156.9 155.7 153.6 150.6 147.5 145.3 143.2 140.8 138 135.2 131.7 128.4 123.8 118.8 111.6 100.7 94.4 94.8 94.6 94.7 94.5 92.9 92.5 92.3 91.1 89.9 88.7 87.3 85.8 84.5 83.8 82.6 81.5 80 78.3 76.6 75 73.6 72.2 71 69.9 68.8 67.5 66.6 65.8 65.2 64.8 64.6 59.8 59.6 63.8 63.6 63.5 64.2 64.4 64.2 63.9 63.5 63.3 63.4 63.6 63.5 65.1 74.4 89.4 100 107.5 113.8 116.7 118.2 119.7 120.4 120.5 118.8 115.7 111.4 106.4 102.7 99.9 95.6 83.5 82.4
147.2 146.6 144.4 140.4 138.5 137.8 136.8 133.7 131.5 127.3 122 116.7 112.4 107.3 102.1 99.1 98.2 97.4 97.3 96.9 96.1 94.7 94 94.3 92.8 91.1 90.5 89.1 87.3 86.2 85.1 83.9 82.4 81 79.3 77.6 76 74.6 73.3 72 71.4 72.6 68.7 67.4 65.8 65.1 64.8 64.8 64.4 63.2 59.6 59.6 63.3 63.7 63.9 64.4 64.1 63.8 63.2 63.3 63.2 63 63.3 66.7 76.4 89.4 100.2 108.2 113 115.4 117.2 118.4 118.8 117.8 115 110.9 104.5 99.1 95.8 89.7 81.9 82.1
129.3 128.9 131.2 126.9 125.2 124.2 121.6 118.3 114.5 107.7 106.8 109 110.1 103.8 101.9 102.2 102.1 100.1 99.2 98.5 97.5 96.8 96 96 93.9 92.4 91.4 90.2 88.9 87.5 86.8 85.2 83.5 81.6 80.3 78.6 77 75.8 74.5 73.2 75 76.1 69.7 68.9 68.1 65 64.7 64.6 64.5 64 63.7 63.5 59.6 59.5 63.2 63.9 64.3 63.9 63.3 63.1 62.8 62.6 63.1 64.1 68.3 79.3 91.3 104.2 110.5 113 114.5 114.7 116.3 115.6 113.2 108.9 103 97.2 92.3 85.7 76.9 82
138.2 134.5 132.9 130.7 129.7 126.6 120.9 118.2 115.9 113.6 113.2 116.2 111.4 109.4 106.8 105.6 104.6 102.2 101.3 100.7 99.9 98.9 97.6 96.8 94.9 93.5 92.6 91.5 90.4 88.8 87.2 86 84.5 82.8 81.2 79.5 77.8 76.4 75.5 79.3 87.4 82.6 78.4 78.3 75.1 70.4 65.1 65 64.5 64.2 63.8 63.8 63.6 63.1 59.5 63.1 64.2 64.1 63.5 62.9 62.6 62.3 63.3 64.3 66.3 71.4 84 97.3 107.8 111 110 110.7 111.9 112 109.5 105.7 100.4 95 89.6 81.3 80.1 81.1
152.1 151.9 148.6 142.7 144.1 139.2 134.8 133.6 129.8 125.6 120.7 120.2 119.5 111.4 109.9 108.1 107 104.9 103.1 102.5 101.7 100.5 99.2 97.5 95.9 94.5 93.8 92.7 91.1 89.7 88.2 86.8 85.4 84.1 82.4 80.7 78.9 77.7 82.3 90.3 91.7 89.2 82.2 82.2 81.6 79.1 77.5 68.7 64.6 64.3 64 63.9 63.8 63.5 62.2 59.5 63 64.3 64 63.6 63.6 64.5 64.9 66.1 65.7 66.7 76.8 89.1 101.3 107.5 105.1 105 106.9 106.9 105.3 101.4 97.5 92.8 85.5 79.3 79.9 80.6
157.4 155.3 153.3 151.7 148 145.2 141.8 138.2 135 130 123.7 122 118.7 115.3 111.8 111.2 108.9 106.2 104.9 103.8 102.9 101.6 100 98.3 96.7 95.5 94.7 93.4 92.6 90.7 89.1 87.6 86.2 84.7 83.5 81.8 82.2 87.1 87.2 88.5 88.6 90.6 84.4 82.8 82.1 80.4 78.6 74.3 69.3 65.6 65.3 64.3 64 63.5 62.3 62.5 59.5 64 64.4 63.7 64.7 69 70.4 70.1 66.5 65.3 69.1 79.2 90.9 98.7 99.9 100.8 102 102.1 100.4 97.8 94.1 89.1 76.3 78.6 79.3 79.5
160.8 158.6 156.5 153.6 150.4 147.1 143.8 140 136.4 131.7 128 125.8 120.1 116.3 115.2 112.7 110.2 107.7 106.5 105.2 103.6 102.2 100.7 99 97.7 96.6 95.4 94.2 93.7 94 95 93.9 93.2 92.1 90.7 88.2 90.5 91.3 91.2 91 89 88.8 86.3 82.3 82.1 81.4 81 80.1 73.3 68.5 64 64.8 64.2 63.6 63.1 63.3 62.1 62.9 63.9 64.4 65.3 69.2 68.4 65.9 64.6 65 66.2 71.2 80.7 89.6 94.5 96.2 97 96.9 95.5 94.3 91.4 83.3 74.8 77.5 78 80.2
164.6 162.4 159.8 156.3 152.7 149.4 145.9 142.1 138.7 135.4 133 129.8 124.7 119.6 116.3 113.2 112.2 108.9 107.9 106.2 104.2 102.5 101.2 100.2 99.1 99.5 99.7 103.3 109.1 109.4 104.2 103.6 104 103.5 102.4 99.8 97.3 95.1 93.9 94 93.4 93.1 90.1 84.7 83 83.2 84.3 81.2 75.7 75.4 67.7 65.8 64.1 63.6 63.3 63 62.8 59.5 63.3 64.2 64.4 65.3 63.4 63.8 64.3 64.9 66 67.7 72.2 79.3 85.6 89.7 91.4 92.4 91.6 91 87.9 81.1 76.3 77.5 77.5 80
167.6 165.9 163 160 155.7 151.8 148.1 144.6 141.6 137.3 134.6 131.4 127.2 120.7 117 114.4 112.3 110.1 108.5 106.6 105 103.9 102.6 101.6 102.3 105.1 105.5 109.2 115.6 118.2 116.1 110.6 114.3 112.8 109.4 106.6 102.4 98.7 97.2 98.4 94.9 94.6 91.8 87.5 84.8 82.5 80.8 77.5 75 71.1 68.9 66.3 63.9 63.3 63.1 62.9 62.9 61 62.4 64.2 64.2 62.7 63.3 64 64.6 65.3 65.8 67.1 69.3 73.3 78.3 83.8 85.9 86.8 88 88 84.6 79.4 77.9 73 76.3 74.3
167.8 165.9 164.2 162.2 159.1 155.8 152.2 147.8 144.4 139.5 135.9 132.7 126.4 121.1 117.4 114.9 112.5 111 108.8 107.8 106.3 105.4 104.2 106.7 109.4 111.4 111.7 111.5 113.5 115.4 112.6 110.8 113.2 111.5 108.5 106.2 103.1 99.2 97.3 96.5 92.6 91.4 88.1 90.2 86.3 82.9 78.8 75.7 74 73.3 70.1 65.9 64.2 63.2 63 62.7 62.6 62.4 59.5 64.2 64.1 63.6 63.5 64.1 64.7 65.5 66.3 67.5 68.8 71.5 75.4 78.4 80.7 81 82.2 84.5 80.3 77.3 77 75.7 75.3 75.4
168.7 166.1 164.5 161.8 159.4 157.5 154 150.3 146.9 142.3 136.8 132.8 123.8 119.5 117.3 114.4 112.6 112.1 110.5 109.3 109.5 111.1 111.4 118.2 119.8 120.7 119.9 118.4 117.2 116.4 111.4 110.4 109.4 107.8 106 104.1 101.6 99.6 97.9 95.7 93.5 91.8 87.6 86.3 88.2 83.5 78.9 76.8 74.8 74 71 68.2 64.3 63 63.2 62.9 62.6 62.7 59.5 64 63.9 63.6 63.4 64.2 65 65.8 66.8 68 69.1 70.1 71.7 73.9 76.5 77.7 78.4 79.7 77.7 76.5 75.7 74.7 71.5 72.6
171.7 168.3 164.5 163.2 161.2 158 154.8 151.8 146.8 141.9 134.4 126 122.2 120 118.3 116.4 114.6 113.5 111.4 111.4 111.8 124 125.6 126.8 128.7 129.8 128.5 126.2 124.9 122.5 119.4 115 110.7 109.1 108 106.3 104.4 103.6 102.3 103.4 101.2 97.7 95.9 94.1 92.6 88.8 84.9 81.8 78.4 74.7 71.3 68.2 63.9 62.9 63 63.2 62.5 62.2 59.5 63.4 63.8 63.4 63.1 64.4 65.2 66.1 67.2 68.1 69.1 70.1 71.1 72 73.2 74.3 75.3 75.3 75.7 75.7 74.9 72.6 73.9 74.9
172.8 168.7 166.9 165.1 163.2 159 155.7 151.6 146 135.5 127.6 124.7 122.4 120.7 119.2 117.7 116.2 115.3 114.9 124 128.6 128.9 130.5 132.3 133.8 134 131.9 130.5 127.7 123.8 120.2 117.3 114.6 111.7 111.3 109.1 108.6 109.7 108.9 108.1 106.5 104.3 103.5 101.4 97.9 96.6 94.9 90.1 86.6 82.5 77.4 71.6 65.8 62.7 62.8 62.9 62.6 61.4 59.5 63.2 63.6 63 63.5 64.6 65.3 66.3 67.2 67.9 69 70 70.9 71.8 72.5 73.5 74 74.7 74.7 74.5 71.5 73.3 73.7 73.9
174.7 171.1 168.7 164.8 160.6 157.1 151.4 144 137.2 130 126.9 124.7 122.4 121.1 119.9 119.1 118.8 121 132.1 132.8 132.6 132.2 133 133.9 134.8 134.1 132.6 130.3 127.5 123.5 120.1 118.1 116.6 115.7 114 112.6 111.4 112.5 112.1 110.9 109.5 107.8 107.3 106.3 105.5 104.8 101.5 102.3 99.1 91.5 89.3 83.1 73.5 64.7 62.5 62.5 62.9 62 59.5 63.6 63.3 62.9 63.6 64.5 65.4 66.4 67.1 67.7 68.7 69.8 70.7 71.6 72.4 73.5 73.4 73.8 74.3 73.6 72.4 72.6 72.9 74.9
178.3 174.7 169.3 165.6 158.2 145.8 136.8 132.5 130.6 128.8 127 124.7 122.8 121.4 120.7 121.5 123.8 133.3 137.1 137.2 136.7 136 135.6 134.3 133.4 132.6 131.1 128.9 126.5 123.2 121.3 119.8 119.1 118.9 117.2 116.7 115.8 114.8 113.7 111.3 112.5 111.3 111 110.6 110.3 110 111.9 111.3 112.3 108.9 104 92.6 90.1 76.2 66.4 62.7 62.7 62.7 59.2 63.2 63 62.9 63.7 64.6 65.6 66.1 66.7 67.5 68.6 69.6 70.4 71.3 72.1 73 73.2 73.1 73.5 72.7 71.7 71.8 72.2 77.9
180.6 176.2 169.5 156.7 143.6 135.6 133.8 131.7 130.4 128.5 126.9 124.9 123.2 124.2 127.2 134 130 137.3 141.5 141.8 141.8 141.1 139.8 137 134.1 133.2 131.1 128.7 127.1 125.8 124.1 122.5 122.4 122.4 122 121.7 120.2 117.5 116.1 115.3 114.2 116.4 114.6 111.3 111.3 111.3 116.7 118.3 119.7 120.6 116.2 111.7 96.6 88.5 75.2 63.2 62.5 62.6 61.8 61.2 63.3 63 63.7 64.8 65.7 66.7 66.6 67.8 68.6 69.4 70.2 71 71.9 72.6 72.6 72.5 71.5 67.6 70.9 71.5 70.9 83
183.5 177.1 160.1 144.6 138.2 136.5 135.2 133 131.3 129.1 129.5 127.9 132.5 137.4 146.6 148.2 138.4 148.5 149 148.7 147.9 146.8 146.5 144.5 139.2 136.5 135 132.2 131.5 129.8 127.5 126.5 125.9 127.1 126.9 125.9 125.1 123.9 123.8 123.5 122.5 120.2 118.3 117.1 115.1 117 121.2 121 123.4 127.2 125.9 122.8 111.4 103.7 89.4 71.3 62.4 62.2 62.2 58.9 63.3 63 63.5 64.9 65.7 66.5 67.2 68 68.5 69.3 69.9 70.5 71.2 71.8 71.9 71.7 68.8 70 70.2 70.9 71.7 87.4
182.2 166.8 147.9 141.2 139.5 137.9 136.5 134.8 134.1 133.6 138.6 143.4 149.3 157.4 157.9 153.3 146.5 155.8 156.2 156.4 155 153.6 151.8 150.1 146.6 144.4 143 141.7 140.3 139.9 137.7 133.2 132.6 132.2 130.9 130.6 133.3 133.6 134 133.6 132.1 130.3 129 127.5 123.2 122.4 125.8 128.4 131.1 132.1 130.7 127.7 122.9 112.5 100.8 85.2 64.1 62.1 62.5 58.9 62.8 63 63.3 64.9 65.6 66.1 66.8 67.8 68.4 68.8 69.4 69.9 70.4 70.9 71.2 70.6 65.2 69.1 69.4 70 75.7 85.5
168.3 151.9 144.4 143.2 144.8 147.4 150 148.4 151.3 154.9 158.5 160.3 164.1 164.8 163.9 157.2 157.2 161.7 161.5 161.5 161 158.9 157.1 154.6 151.1 148.8 148.3 148.7 147.8 147.3 146.2 144.4 140.9 138.6 135.6 137.5 140.8 143 144.3 144.2 142.5 140.7 140.2 139.5 137.6 132.8 133.7 135.3 137.1 138.5 137 131.7 127 121.5 111.6 96.8 76.1 61.8 61.6 58.9 62.5 62.7 63.2 64.6 65.2 65.7 66.3 67 67.9 68.4 69 69.6 70.1 70.2 70.2 69.1 65.6 68 68.5 69.2 80.3 83.8
155.5 148.1 146.6 152.6 157.3 164.2 169.1 168.4 171.5 173.5 173.5 172.6 171.7 170.8 168.7 164.1 164.7 166.1 165.4 165.8 165.6 163.3 160.6 158.6 156.3 154.7 154.5 154.3 153.4 153.2 151.5 150.1 147 144.2 141.6 145.4 148.2 150.6 152.3 153.6 153.2 150.5 150 149.6 147.6 145.2 143.6 144.7 145.4 144.6 144.2 139.9 131.1 125.7 117.2 106.3 91.5 66.8 61.7 58.9 61.8 62.3 63 64 64.6 65.3 65.9 66.5 66.9 67.9 68.4 69.2 69.8 70.2 70 68.1 66.7 67.2 67.7 76.1 82.2 82.2
151.3 149.5 151.5 161.3 167 174.5 183.1 184.5 182.9 181.8 180.3 178.6 176.8 175.8 174.3 167.1 171.5 173 171.3 170.8 169.7 167.7 165.7 163.5 161.9 160.2 159.5 159.7 158.6 158.1 156.3 154 151.5 148.4 147 152.1 155.7 158.1 160.1 161.4 161.9 159.6 159.3 158.3 155.8 153.9 153 153.5 154.7 155.7 155.2 153.3 143.1 130.8 122 111.4 98.7 80.5 62.5 58.9 62.3 62 62.7 63.4 64.1 64.8 65.3 65.8 66.4 67.2 68.3 68.8 69.3 69.6 69.2 66.7 65.4 66.7 68.1 72.5 80 80.7
154.6 156.1 162.6 170.6 174.7 183.6 194 195.5 192.9 191.6 189.7 187.3 185.1 183.3 180.2 177 179.8 179.4 178.5 177.7 177.1 174.6 172.8 170.2 168.7 166.5 165.6 165.2 163.7 163 161.7 159.7 157 152.8 153.6 158.7 161.9 165.1 167.1 167.4 168.4 168.1 167.5 165.7 163.8 162.7 161.8 161.5 162.6 165 166.5 165.6 156.9 141.6 130.2 118 107.5 93.2 73.3 58.9 62.3 61.9 62.5 63.1 63.7 64.3 64.7 65.2 65.9 67.1 67.5 68.1 68.5 68.8 68.5 65.4 65.6 66.5 67.2 67.7 74.8 78.7
