public/OST50/SO21.asc
ncols 200
nrows 200
xllcorner 320000
yllcorner 210000
cellsize 50
[rows 72 to 107 of 200, columns 82 to 163 of 200]
72.5 72.9 73.5 73.2 71 70.8 71.5 73.6 70.7 69.3 75.1 77 78.8 81.9 84.7 87 90.8 95.6 101.8 110.3 117.5 124.3 133.6 139.9 144.3 151.9 160.4 169.8 180.2 191.2 203.4 214 214.6 209.2 215.2 229.7 246.7 256.2 263.7 267.9 267.6 260.4 248.6 231 210.8 198.8 192.8 199.2 205.4 217.6 228.1 242.5 257.3 266.5 272.3 275.6 280.2 284.5 291.1 296.9 301.5 305.7 309.8 313.8 317.8 321.3 322.4 321.7 320.1 317.1 312.8 307.2 301.9 296.6 285 261.5 239.4 222.8 202.9 188.5 176 195.1
61.1 58.7 59.4 64.3 68.9 70.4 70.2 70.6 71 71.1 70.5 73.1 74.8 77.5 79.9 81.1 84.1 87.5 90.7 94.6 100.8 106.6 109.3 113.2 116.1 121.4 130.2 140.4 150.7 158.3 172 183.8 187.4 192.8 202.1 211.5 221.5 236.2 243.1 252 254.6 250.6 242.1 227.2 209.4 197.3 189.3 188 194.7 199.1 208 221.4 236.1 248.6 261.8 265 265.5 269.3 275.8 281.7 285.3 292.5 296.7 302.9 307.7 311.3 314 315.5 314.4 312.5 307.2 301.1 295.8 290.5 278.6 259.2 239.6 225.5 210.3 194.3 177.9 181
55.8 57.1 56 54 52.7 61.4 62.4 60.6 59.4 61.8 62.5 62 64.3 66.5 68.3 70.7 76.4 79.2 83.8 88 91 92.9 97 102.4 108.7 109.5 110.8 118.6 123.2 126 139.4 158.4 163.7 175 187.7 195.9 202.4 212.9 225.3 233.6 238.2 237.6 231.3 220.9 206.6 193.5 189.4 181.9 178.1 188.6 194 203.9 215 232.5 247.8 251.1 252.1 254.4 259.8 265 271.3 276.3 284 290 295.1 298.1 301.5 304.9 304.8 302.9 297.5 293.3 289.5 282 271.4 253.8 237.1 224.9 214.3 202.7 184.4 167.8
57.8 57.5 56.9 56.9 56.7 55 51.9 51.8 54.3 55.3 55.4 54.5 54.7 51.8 51.8 51.8 51.8 61.7 69.9 75.9 81.4 84.4 87.6 93 98.9 104.5 110.4 111.8 109.7 111.1 115.6 129.5 141.2 154.1 166.6 180.5 188.2 193.7 205.8 216.5 224.7 223.1 220.3 213.1 201.4 191.4 187.1 183.7 175.3 170.5 181 190.8 200.2 215.3 227.9 231 232.4 236.1 241.1 245.4 249.6 258 263 270.2 276.4 281 284.2 285.3 285.4 283.9 282.1 277.8 271.6 265.4 258.9 246.5 234.5 223.5 214.1 205.4 197.1 182.9
57.6 57 56.8 56.7 56.7 56.6 56.1 56.4 56.1 55.3 55.3 55.1 55.3 56 55.7 56.7 54.7 51.5 51.4 61.3 73.8 73.9 77.2 82.4 86.1 91.4 97.4 103.3 107.8 113 116.9 118.6 121.5 132.1 144.6 158.4 171.5 179.2 189.4 198.6 205.4 208.6 210.7 210.2 202.6 193 186.6 181.1 176.9 162.5 162.2 178.7 187.1 197.3 206.8 210.5 213.2 217 225.5 227.9 227.9 233.2 241.8 243.8 252.2 257.8 263.5 264.9 263.9 262.3 259.2 256.9 252.8 248.9 242.4 234.2 226.8 218.1 208.8 202.2 198.6 191.4
57.2 57.1 56.8 56.6 56.5 57 56.5 56.5 56.1 56 56 55.6 55.1 55.4 56.1 56.5 56.2 55.8 55.8 52 51.4 59.8 69.9 70.8 75.6 78.8 82.5 89.7 98.1 105.8 114.8 117.5 113.8 112.6 121.6 131.6 141.3 158.9 171.4 183.3 188.5 193.1 194.9 195 194.6 193.4 188.5 180.9 175 163.3 147.5 165.4 173.1 183 189.1 194.7 198.8 202.5 205.9 207.7 211.2 214.4 218.9 224.2 228.3 233.6 241.6 244.3 242.9 240.4 238.7 234.8 232.7 227.1 223.6 220.4 217.2 211.6 201.4 194.1 191 188.3
57.3 57.1 56.8 56.5 56.5 57.5 57.6 57.5 57.3 56.6 56.7 56.9 56.5 56.2 55.9 56.3 56.2 56.2 56.2 56.3 56.5 51.4 51.4 57.8 68.1 69.5 70.3 70.5 83.6 93.1 101.7 109.6 114.1 111.1 107.8 109 113.5 133.5 149.9 160.5 167.8 174.2 177.6 178.9 181.4 183.9 183 179.4 174.2 167.6 151.5 145.5 158.8 167.4 174.4 178.6 181.2 186.7 191.5 194 198.3 201.4 203.5 207.1 211.4 214.6 217.8 219.1 219.9 220 219.8 220.1 219.6 217.7 217 215.4 212.2 204.9 194.7 186.8 183.1 180.7
57.6 57.3 56.9 56.6 56.7 57.8 57.8 57.8 57.7 57.6 57.5 57.3 57.2 56.9 56.3 56 56 56.1 56.2 56.4 56.7 56.6 56.5 51.4 52.4 59.9 69.5 68.4 70.4 77.8 85.2 93.3 100 106.7 103.5 101.4 103 109.2 124.2 136 143.3 149.4 151.9 151.2 165.9 173.3 174.4 172.2 169.8 166.4 158.9 139.9 142.9 153.6 159.9 162.4 164.7 170.6 174 177.8 185.1 191.3 195.1 197 199.7 202.1 203.2 204.4 207 208.9 211.5 214.6 215.1 214.2 213.4 210.6 207 200.3 190.8 180.2 175.6 173.9
57.3 57.1 56.9 56.7 58.3 58.3 58.3 58.2 57.9 57.8 57.7 57.5 57.4 57 56.6 56 55.9 55.9 56.4 56.5 56.8 56.6 56.3 56.3 54.3 51.3 54.5 55 56.6 63.1 66.9 75.7 83.6 89 91.6 91.9 93.5 91.5 92.8 101 112.3 120 123 126.3 136 150.5 157.8 160.8 162.6 160.1 155.5 139.8 127.7 142.1 145.3 146.3 149.2 153.5 156.8 161.3 165.8 171.6 176.3 179.6 184.1 186.9 189.9 192 194 193.2 197.1 199.5 201.7 202.4 202.7 199.9 197 193.6 186 176.9 169.5 168
58.4 57.1 57 56.4 58.7 58.7 58.7 58.5 58.2 58 57.9 57.8 57.7 57.4 56.9 56.3 55.9 55.9 56.5 56.4 56.6 56.6 56.3 56.3 56.2 55.9 52.3 51.1 54.6 55.4 55.4 60 63.6 72 76 77.6 80.8 80 79.9 83 88.1 95.8 100.6 103.8 109.2 121.6 132.4 143 147.3 147.6 144 134 113.2 120.2 134.3 133.5 138.8 140.9 142.5 144.7 150.5 155.8 159.6 163.7 167.3 170.3 172.9 175.2 177.3 179 180.9 183.4 185.4 185.9 185.7 186 185.7 183.7 179.2 172.1 165.8 162.2
58.2 57.4 56.6 56.6 58.8 59 59.3 58.8 58.6 58.7 58.6 58.5 58.4 58.2 58.2 58.3 57.5 56.7 55.4 55.2 55.6 56.4 56 55.9 56.1 56 55.6 55.4 51 50.8 54.2 54 54.6 56.7 60.4 64.1 65.3 65.4 66.7 68.7 73.4 78.1 85.5 88.8 90.1 95.8 103.4 114.8 123.5 124.3 125.5 119.3 111.2 99.3 117.6 111.9 127.6 129.5 129.5 131.8 135 138.3 142.9 145.7 149.3 152.4 155.4 157.8 159.6 162.5 164.4 165.3 166.5 169.3 171.9 172.6 172.9 172.3 170.1 167.3 162.1 158.1
58.7 57.8 58.5 57 59 59.5 59.8 59.8 59.8 59.8 59.6 59.5 59.4 60.1 60.4 60.4 62.7 62.5 61.7 60.6 55.5 55.4 55.2 54.8 55.1 55.9 55.8 56 55.5 55.3 50 49.9 52.2 53.5 54.2 54.1 54.1 54.1 55.1 56.7 60.6 67.7 71.4 74.4 76.8 77.7 83 88.9 94 96 100.4 106.5 98.3 90.7 101.7 102.5 115.8 112.9 110.4 113.4 121.2 124.2 128.5 131.5 135 136.9 138.6 141.5 142.9 145.7 148.2 148.9 151 152.3 153.6 155 155.6 155.5 155.3 152.9 150.8 149.9
59.3 58.2 57.4 57 59.3 59.7 59.7 60.3 60.7 61 60.7 60.3 60.4 60.8 60.8 62.4 65.9 65 64.4 65 64.7 54.5 54.6 54.2 54.2 55 55.7 55.7 55.8 55.6 54.8 55.6 54.9 50.2 49.6 52.8 53.8 53.7 53.5 53.3 52.8 57.2 61.1 62.2 62 63 69.2 72.9 77.5 81.6 87.3 93.5 86.1 84 86.2 92.9 97.6 96.5 97.8 98 104.7 107.6 112.8 118.1 122.6 124.3 124.4 126.7 128.8 131.8 133.8 135.8 136.8 137.3 137.5 139.1 140.1 140.9 139.4 139.2 139 139.3
55.3 58.2 57.8 58.7 59.3 60.5 60.9 60.9 61.7 62.1 61.8 61.5 61.3 61.6 61.9 63.5 68.7 68 66.7 66.8 67.3 66.7 55.9 54.2 52.4 54.1 55.4 55.5 55.5 55.4 55.3 55.2 55.2 55.3 54.8 49.8 52.1 53.3 53.2 53 52.8 52.8 52.7 55 54.6 54.1 55.4 57.4 62.9 69.6 75.6 75.9 76.1 77.4 78.2 83.7 85 86.1 86.8 88.3 92.4 93.4 95.6 99.3 104.3 109.6 112.3 116.2 118.4 118.7 119.3 121.2 124 125.1 126.6 128 128.6 128.7 129.1 129.2 128.6 127.9
55.3 58.9 58.4 57.7 60.2 61.2 61.8 61.7 62.4 63.1 62.8 62.5 62.2 62.5 62.9 65.3 70.9 70.4 69.3 69.2 68.8 68.6 69.6 66.9 59.6 59.1 56 55.4 55.2 55.1 55 54.7 54.8 54.9 55.1 55.4 52.7 50.7 53 53.1 53 52.8 52.8 53 52.8 52.6 52.4 52.2 54.9 60.6 64.9 67.4 70.7 72.1 71.7 71 72 75.1 76.1 78.9 81.7 81.9 84.6 89.6 93.2 98.3 99.4 102.4 106.4 109.3 109.9 110.8 112.5 113.9 116.1 117.1 118.1 118.6 119.1 119.1 118.7 117.3
58.4 57.7 59.3 58.9 59.1 62.2 63 62.7 63.5 64.1 63.9 63.5 63.3 63.6 64 67.4 72.8 72.5 71.8 70.9 70 70.3 71.2 73.1 74.5 75.2 76.3 63.7 54.7 54.8 54.8 54.3 54.4 54.5 54.7 55.1 55.4 51.3 53 53.3 53.2 52.8 52.9 53 52.7 52.5 52.4 52.6 52.3 52 55.4 63 65.5 67 66.3 65.6 66.1 67.1 68.1 68.7 69.9 71.1 74.3 79 81.1 85 87 87.7 90.5 94.1 100.2 101.1 103.1 104.9 107.2 108.8 109.4 109.7 109.8 110.7 110.5 108.8
58.4 56.7 59.7 59.6 61.7 63.2 64 64.3 64.8 64.6 64.7 64.7 64.6 64.5 65.3 67.5 71.9 71.1 68.6 67.6 67.3 71.6 72.9 73.7 75.2 76.9 75.9 74.5 64.3 54.7 54.1 53.9 54 54.1 54.4 54.7 54.6 54.6 49.6 53.2 53 52.6 52.5 52.5 52.3 52.1 52.1 52.2 52.3 51.6 51.6 55.7 61.3 62.5 62 61.8 61 61 61.8 63.1 63.6 64.6 64.3 69.2 70.8 72.9 74.3 74.7 77.5 80.3 84.2 88.6 93.6 94.9 97.9 99.5 100.9 101.9 102.6 103.2 104.7 102.6
58.9 55.9 57.5 60.4 61 63.8 64.4 64.3 65.1 65.5 65.7 65.9 66.1 66.2 66.3 68.2 69.8 72.7 69.3 64.3 63.2 68.1 72.3 75.7 77.8 76.1 74.2 70.2 69.1 56.7 53.2 53.7 53.6 53.7 53.9 54 54.2 54.3 51.3 52.6 52.5 52.3 52.3 52.2 52 51.7 51.6 51.3 50.9 51.3 50.9 51.6 52.1 54.2 56.7 58.3 57.5 56.4 56.6 58.2 58.8 59.4 58.9 61.8 64.2 67.1 67.6 68.1 68.4 69.6 71.1 74.5 79.5 84 87.4 90 92.3 94.6 96.6 97.6 98.8 97.6
59.5 56.8 57.4 57.3 61.4 61.7 65.1 65.8 65.8 66.3 66.7 67.1 67.5 67.9 67.7 69 76.6 77.3 73.9 67.7 63.4 65.2 67.2 71.3 72.3 69.8 67.6 66.8 65.7 65.4 53.9 53.6 53.9 53.8 53.5 53.7 53.8 54 54.1 49.6 52.5 52.3 52.2 52.1 51.8 51.8 51.8 51.8 51.9 51.7 51.5 51.1 51.3 50.8 50.9 50.8 50.9 50.9 51.1 52.7 52.6 50.4 51.2 51.6 52.4 54 55.7 59.3 61.1 62.2 63.6 66.4 70.4 74.3 78.5 81.6 84.6 87.6 89.1 91.4 92.8 92.1
59.2 57.7 57.5 60.4 60.4 62.4 62.3 67.2 66.6 67.2 67.6 67.8 69.6 69.9 69.6 69.7 73.5 78.7 78.7 74.6 72.9 73.9 72.5 71.2 70.7 70.7 70.9 67.4 66.3 65.1 61.4 53.5 53.6 54 53.2 53.3 53.4 53.2 53.8 49.6 52.5 52.3 52.1 52 52 52.1 52.1 52 51.9 51.6 51.4 51.1 50.8 50.8 50.9 50.9 50.9 50.9 50.9 51.9 52 50.5 50.9 50.4 50.6 50 50 50.6 51.4 52.9 54 58.3 61 66.1 70 73 75.7 78.8 81.3 84.3 86.7 86.8
58.2 56.5 62.2 66.5 66.5 60.6 63.3 62.6 67.6 68.7 68.7 68.9 70 70.6 70.5 70.5 71.7 76.3 77.9 77.8 74.9 72.5 71.1 70.8 70.9 70.5 70.2 68 66.8 66.5 65.4 56.2 53.7 54.3 54.3 53.6 53.4 53.5 54.3 49.6 52.4 52.3 52.1 52.1 52.1 52.1 52.1 52 51.9 51.6 51.3 51 50.7 50.7 50.9 50.9 50.9 50.8 50.7 51.2 51.3 50.9 50.6 50.3 50 49.4 49.2 49.4 49.1 49.3 49.7 50.3 51.5 56.3 60.5 62.7 65.7 69 71.5 74.9 78 79.9
76.4 75.4 72.7 76.1 83.4 76 63.2 63.6 65 70 69.7 70.2 70.2 71.1 71.8 72.2 72.4 73 74.4 74.3 71.1 70.1 69.7 69.3 68.7 68 67.4 67 66.9 66.2 65.4 64.7 57.6 54.3 54.4 53.5 53.4 52.4 52.8 49.4 52.7 52.4 52 51.9 51.9 52 52 52 51.8 51.6 51.1 50.8 50.6 51 51.1 50.8 50.8 50.6 50.4 50.5 50.6 50.8 50.4 50.2 48.9 49.5 49.2 49.2 49.3 49.3 49.2 49.1 49.1 49.2 49.3 52.7 59 60.6 63.2 67 70.4 72.7
81.9 85.2 86.1 88 88.9 88.6 78.8 67.5 65.4 70 71.3 71.3 71.5 73.4 73.4 73.4 73.3 72.4 71.5 70.9 70.1 68.8 67.5 67.1 67.8 67 66.5 65.9 66.2 65.9 65.3 64.6 63.6 57.3 54.1 53.8 53.9 53.1 53.6 49.4 52.4 52.3 52 51.8 51.9 51.9 52 52.2 52.4 52.3 51.8 51.8 51.3 51.4 51.1 50.7 50.5 50.3 50.8 50.5 50.5 50.6 50.5 50.3 50.1 49.8 49.4 49.4 49.4 49.5 49.3 49.1 49.2 49.1 48.6 48.8 50.1 58.2 62.1 64.7 67.4 69.3
80.9 87.1 87.4 87.5 87.6 87.6 86.2 68.7 66.2 69.8 72.2 72.4 72.9 75.5 74.7 74.3 74.2 73.4 72.5 71.5 70.3 68.9 67.7 67.1 66.9 66.4 65.5 65 64.3 63.9 63.7 64.3 63.9 64.6 59.3 53.1 53.6 53.6 52.6 49.4 52.1 52.2 52 52 52 52.2 52.3 52.6 52.6 52.1 51.9 52 51.7 51.5 51.2 50.8 50.4 50.8 51.5 51 50.5 50.5 50.6 50.4 50.5 50.1 49.7 49.5 49.5 49.5 49.2 49.2 49 48.9 48.5 48.6 48.7 56.2 60.7 62.4 66.7 68.1
79.4 80.2 81.8 82.5 83.5 85 82.6 66.6 68.2 70.7 74.2 74 73.9 76.3 76.2 75.8 75.3 74.6 73.4 72.2 71.1 69.8 68.8 68 67.4 66.8 65.7 64.6 64.1 63 62.3 61.8 61.6 62.4 61.8 53.7 53.4 53.5 53.5 49.4 51.9 52.2 52.2 52.2 52.3 52.5 52.7 52.9 52.5 52 51.9 51.9 51.7 51.4 51.2 50.9 50.9 51.2 50.6 50.3 50.1 50.1 50 50 50.3 50.3 49.8 49.4 48.2 49.4 49.1 49 48.9 48.7 48.7 48.6 48.8 56.6 59.1 60.8 63 66.4
88.5 82.8 80.9 80.8 81 81.5 80.9 76.6 64 71.4 75.1 75.2 75.1 76.4 77.4 76.5 76.3 75.4 74.3 73.1 71.9 70.7 69.8 68.8 67.7 67.3 65.7 64.6 63.8 63.3 62.1 61.4 60.6 59.8 59.3 59.7 53.4 53.4 51.3 52.3 52.3 52.2 52.4 52.4 52.5 52.7 52.7 52.8 52.4 52 52 51.9 51.6 51.3 51 50.7 50.8 50.1 49.4 49.4 49.5 49.5 49.5 49.6 50.1 50 49.7 49.2 49 49 49.1 49 49 48.9 48.8 48.5 48.7 52.3 56.2 59 61.7 63.5
98.9 92.2 86.2 82.8 82.2 82.6 82.5 81.9 77.2 66.1 76 76.3 76.2 78.3 78.6 77.4 76.6 76 75.2 73.9 72.6 71.5 70.6 69.3 68.1 67.2 66.3 65.2 64.7 64.3 63.4 61.6 60.7 59.9 58.9 59.9 52.8 51.9 49.4 52.8 52.3 52.2 52.1 51.8 51.7 52.1 52.2 52.6 52.2 51.9 51.8 51.6 51.4 51.2 50.7 50.3 49.7 49.7 49.8 49.7 49.7 49.7 49.5 49.5 50 49.9 49.5 49.1 48.8 48.8 49 48.9 49 48.7 48.5 48.4 48.5 50.1 53.4 56.4 58.7 60.6
109.7 104.6 100.5 94.1 91.7 84.2 84.4 84.7 82 71.7 74.7 77.2 78.2 80.1 79.8 79.4 78.1 77.5 76 74.6 73.2 72.2 70.9 69.5 68.4 67.5 66.6 65.6 65.3 64.4 63 62 60.9 60.1 60.1 62.3 62.9 51.9 49.6 52.2 52.1 52.1 52 51.9 51.8 51.7 51.7 51.9 52.1 51.9 51.7 51.5 51.4 51.1 50.6 50.1 50.1 50.1 50.1 50 50 49.8 49.6 49.5 49.7 49.9 49.4 49 48.8 48.8 49 48.9 49.1 48.7 48.4 48.1 48.1 48.8 49.5 53.3 55.1 57.6
111.3 113 114.5 106.8 95.9 89.6 86.2 86.2 86 74.3 73.8 78.7 81.7 81.9 81.1 80.3 79.3 78.4 76.8 75.4 73.9 72.4 71.1 70.3 69.4 68.6 67.7 66.5 64.9 63.7 63.6 62.4 61.3 60.2 59.5 60 62.6 52.8 50.6 52 51.9 51.8 52.2 52.1 51.9 51.8 51.7 51.7 51.8 51.8 51.7 51.5 51.3 50.9 50.4 50.4 50.3 50.3 50.5 50.3 50.2 49.9 49.7 49.5 49.5 49.7 49.5 49.3 49.1 48.8 48.9 49 49.1 48.8 48.6 48.4 48.2 48.3 48.7 49.3 52.2 55
111.3 108.9 109 110.5 95.3 91.5 90.8 86.3 86.6 78.5 77.1 81.1 83.6 83.5 82.3 80.8 79.9 79.2 77.3 76 74.5 73.1 71.9 70.8 70 69.2 68.4 67.6 65.9 64.6 64.2 63.3 61.6 60.6 59.3 59.2 61.1 62.5 49.4 50.7 51.8 51.6 52.3 52.2 52.1 52 51.9 51.7 51.8 51.7 51.6 51.5 51.2 50.7 50.6 50.6 50.6 50.5 50.5 50.4 50.3 50 49.7 49.5 49.6 49.7 49.5 49.4 49.3 49 48.9 49 49.1 48.9 48.9 48.7 48.5 48.5 49 48.9 50.5 53
111.2 108.1 105.1 101.7 100.4 98.1 97.1 89.3 87.9 83.6 79.7 85.4 85.5 84.6 83.2 81.5 80.4 78.8 77.6 76.4 75.2 73.7 72.7 71.6 70 70.2 69.7 66.7 68.2 66.3 65.3 65.2 64.3 62.7 60.7 59.7 61.2 63.3 60 54.7 50.9 49.4 49.4 52.2 52.3 52.2 52 51.8 51.8 51.6 51.5 51.4 51.1 50.8 50.9 50.8 50.8 50.7 50.6 50.6 50.4 50.1 49.8 49.6 49.7 49.8 49.5 49.4 49.3 49.3 49.7 49.5 49.2 49.2 49.2 48.9 48.3 48.1 48.5 48.7 48.5 48.9
111.3 110 107.1 104.6 102.6 101.3 100.9 96.5 89.5 83.1 81.4 87.4 86.6 85.2 83.7 82.6 81.1 79.6 78.4 77.6 76.4 75.2 73.9 73.1 72.8 74.2 74.3 73.3 68.8 66.5 67.4 67.2 66.7 66.4 64.9 64 63.8 63.8 63.1 62.5 62.1 62.2 57.5 51.6 48.6 52.3 52 51.6 51.2 50.8 51.6 51.3 51.2 51.1 51.1 51.1 51 50.9 50.8 50.7 50.5 50.1 49.8 49.7 49.5 49.4 49.1 49.2 49.2 49.3 49 49.2 49.1 49 48.5 48.4 48.7 48.2 48.3 48.4 48.5 48.5
117.1 112.5 112.5 107.6 104.4 103.4 102.8 100.7 91 83 91.1 91.2 90.2 88.6 88.7 87.2 83.9 81.7 80.1 82.1 83.2 82.6 80.1 78.1 78 78.6 77.9 77.4 77.4 75.7 73.5 71.7 69.6 68.8 67.4 66.5 66 65 64 63.4 62.2 61.6 61.3 59.6 53.9 48.6 49.9 51.2 51.1 50.7 50.7 50.3 50 49.6 51.3 51.3 51.2 51 50.9 50.7 50.5 50.2 50.1 49.8 49.5 49.3 49.4 49.3 49.5 49.2 48.9 48.8 48.8 48.6 48.7 47.8 48.9 48.7 48.4 47.9 48.1 48
122.4 117.6 113.9 111.9 107.7 105.6 105.3 103.3 92.2 87.9 93.6 96.7 95.9 95.3 94.7 92.2 91.9 92.1 90.7 90.6 89.1 88.3 86.9 85 84.5 83.8 83.6 83 81.7 81.1 79.1 76.3 74.3 72.5 70.6 69.2 67.6 66.5 65.4 64.4 63.8 63.3 62.6 60.8 58.6 51.9 49.3 50.3 51.6 51.1 51.7 50.7 50.1 49.5 49.2 50.5 51.7 51.1 50.8 50.6 50.6 50.3 49.9 50.4 49.9 49.8 49.7 49.6 49.6 49.3 49.1 48.9 48.8 48.4 48.1 47.8 48.6 48.8 48.8 48.3 47.9 47.9
127.1 124.3 118.4 113.8 112.2 110.5 108.3 105.2 92.2 84.3 99.3 100.4 99.6 99 98.3 97.1 96.7 96.5 95.3 94.1 94.4 93.1 91.9 91.1 90.9 90.5 88.6 87.5 86.5 85.8 84.6 82.4 80.3 77.9 75.6 74.1 72.8 71.1 68.9 66.8 65.8 65.7 64.1 62.3 60.4 57.2 47.9 50 51.2 51.7 51 50.2 49.8 49.7 49.6 48.8 47.1 51.7 50.7 50.6 50.5 50.4 50 50.2 50.4 49.8 49.8 49.7 49.7 49.5 49.3 49.1 48.7 48.2 47.8 48.5 48.2 48.7 48.9 48.6 48.2 48.2
130.6 126.4 122.8 118.9 115.6 113.5 111.8 109.7 92.3 90.3 106.6 105.1 103.5 102.6 101.9 102.1 101.7 100.8 99.8 98.7 97.9 98 97.3 96.1 96 95.5 94 92.8 91.8 91.1 89.9 87.7 85.2 83.2 81.4 80 78.3 77.4 75.1 71.4 68.9 68.3 66 63.7 62.1 60.9 59.8 49.8 47.9 49.6 47.9 48 48.1 47.7 47.7 48.4 47.1 46.8 46.6 49.6 50.1 50 50.1 49.9 50.1 50.3 49.8 49.9 49.8 49.6 49.4 49.2 48.7 48.3 48 48.6 48 46.5 48.3 48.1 48 48.3
