public/OST50/SO22.asc
ncols 200
nrows 200
xllcorner 320000
yllcorner 220000
cellsize 50
[rows 35 to 69 of 200, columns 78 to 155 of 200]
702.9 695.6 688.2 677.3 665.2 653.9 640.4 626 610.3 589.7 573.3 561.1 546.5 538.2 528.9 520.5 513.2 504.6 496 486.5 474.8 453.3 421.7 408.9 408.7 411.8 409.1 393.8 377.4 369.9 388 412.4 433.7 452.9 471.1 483.5 493.1 503.2 509.7 520.6 528.2 537.6 547.1 556 563.4 577.4 591.5 605.4 624.5 617.8 605.6 593.1 582.1 569.3 556.2 546.2 534.1 522.8 513.8 507 499.9 492.9 486.3 477.8 468.2 456.1 440.7 427.2 411.1 388.9 359.6 327.7 307.9 283.8 271.5 264.7 262.2 258.3
700 692.2 683.5 673.4 660.3 647.3 631 613.5 593.1 576.4 563.9 554.3 542.1 533.1 524.7 515.7 507.6 502.4 491.5 483.1 461.1 431.5 424 435.2 437.4 436.1 424.8 405.9 374.7 367.7 383.7 406.1 427.6 448.6 465.7 477.5 487.3 497.1 504.7 514.8 522.6 531.5 540.7 549.8 556.9 572.2 583.7 598.2 611.4 621.2 610.7 598.9 586.3 573.3 559.8 549.6 536.6 525.9 517.3 510.3 503.9 497.1 489.5 482.9 471.3 458.5 441.9 427.4 409.6 388.7 352.4 325.5 305 287.3 277 266.6 266.5 261.9
695.9 687.4 676.7 667.2 653.3 641.8 621.7 600.2 580.4 567.1 556.2 547.2 538.8 526.8 519.7 512 505 498 487.4 473.2 443.9 436.9 454.8 456.4 452.9 446 432.7 408 371.7 367.1 381 405.1 426.2 444.6 459.1 470 483.1 491.4 501 509 519 527.6 535.8 543.8 551.2 568 578.5 591.8 603.7 621.1 616.2 602.7 590.1 577.5 563.2 552.2 540.9 529 520.7 512.6 506.1 498 492.2 483.5 469.9 456.8 439.2 421.9 397.3 366.7 341.6 314.8 300.5 287.7 279.1 274.3 270.3 266.5
692 684 672.8 661.4 648.4 633.2 613.1 586.6 570.1 559.3 549.4 540.2 531 520.5 514.9 507.5 501.2 491.8 479.2 458.7 444.2 458 463.1 464.4 460.3 453.3 434.9 408.4 373.3 365.9 380.5 403 420.2 440.2 450.8 464.1 477.4 487.3 496.9 504 514.3 522.5 530.8 538.4 547.8 559.8 573.9 587.1 599.1 619.8 618.4 605.2 592.6 579.8 567.5 554 542.6 531.4 521.7 512.7 506.6 499.1 492.2 481.4 467.7 451.3 430.8 407.1 378.2 349.3 328.6 309.8 297 288.3 284.2 280.5 277.3 274
688.1 679.6 667.7 655.5 641.9 622.6 597.9 580.8 565.4 552.2 538 531.5 521.4 515.7 509.5 500.3 490.7 477 465.9 452.3 464.1 471.7 475.6 473 466.9 458 438 405 371.2 364.9 378.7 398.8 415.9 434.8 448.6 460.1 472.5 483.1 492.9 500.6 509.6 517.8 526.6 534.7 544.7 554.3 569.7 582.5 591.8 612.1 620.1 610.7 595.7 583 571.2 557.8 545.5 532.8 522.5 513.5 506.4 499.3 490.7 479.6 465.8 443 414.3 387.3 362.4 334.6 312.6 307.1 303.3 300.4 298.2 294.3 291.4 285.2
686.7 675.1 663.3 650.9 632.2 613 589.1 576.5 556.3 541.9 535.3 519.5 510.6 502.3 496.8 487.7 481.8 478.9 479.1 482.1 484.2 482.8 480 476.1 470.8 460.5 437.2 404 368.8 363.2 374.8 395.7 410.3 428.7 441.5 455.9 468.8 480.9 489.4 498.1 505.8 514.2 522.5 530.7 540.3 550.2 565.4 576.8 588.1 603.9 620.4 613.1 596.8 585.5 572 558.1 545.5 535.3 523.1 515.2 507.3 498.1 488.9 478.9 464.4 438.1 408.2 374.7 343.1 344.3 340.6 324.2 326 322.1 317.6 310 304 298.4
683.7 673.9 663.6 646.1 614.1 590.9 573.6 558.9 549.7 545.8 535.7 526.4 518.4 513.1 506.9 500.4 496.6 494.6 492.3 491.1 491.7 490.4 485.6 480.1 472.2 461.9 442.9 406.1 377.7 361.3 369.9 387.3 402.4 419.9 434.8 448.9 463.9 476.9 486.8 495.6 503.1 510.5 518.5 527.8 535.9 546.1 560.3 571.1 583.2 596.5 618.4 612.6 597.4 586.9 572.8 560.5 546.8 534.7 524 515.9 507.7 498.6 488.2 478 462.9 434 400.4 376.8 376.7 375.9 367 352 353 347.1 339 331.5 324.1 313.4
683 673.4 662.9 648.3 633.4 610.6 593.4 580.9 570.5 557.6 547.5 538.3 530.8 521.5 514.8 509.3 503.8 501.5 498.2 496.4 495.1 493.5 487.6 481.2 472.8 464.9 445.3 411.9 386.1 364.2 362.7 379.3 392.5 410.2 427.9 444.1 459.4 471.2 483.5 491.9 499.1 505.4 515.4 524.1 534 542.6 554.2 563.8 578.3 591.7 614.6 612.4 599.7 588.3 575.9 562.7 547.2 536.5 526 518 508.7 498.3 488.6 479.5 466 436 403.2 405.3 405.2 400.2 388.8 387 385.8 382 370.9 357.4 347.5 336.3
683.5 674.5 666.8 653.4 642.5 632.2 617.4 603.2 590.6 576.6 563.6 551.7 543.3 534.4 524.5 516.4 510.7 505.9 502.5 500.5 498.9 495.3 488.6 481 473.3 466.1 447.8 415 394.9 366.6 359.6 369.7 385.5 400.8 422.2 437 454 468.7 481 488.1 494.5 500.8 510 519.5 528.3 537.2 547.4 557.3 571.5 583.1 606.3 613.6 604.9 588.3 577 562.7 549.9 539.3 529.9 519.3 511.4 500.2 491.4 480.5 469.8 448.2 429.9 431.2 425.9 419.5 413.9 414.4 414.1 411.1 404.2 394.4 379.2 363.3
684.5 677.3 669.4 660.4 651.1 641.5 632.6 624.7 613.3 597.1 583.6 570 558.9 548.1 537.3 527.7 519.6 512.2 506.6 505.1 502.4 495.9 488.3 482.1 474.6 462.9 452.8 421 398.8 373.2 360.2 357.6 377.6 398.9 418.3 432.1 450.4 465.3 476.9 484.1 491.6 497.3 504.7 513.9 522 530.9 539.9 550.4 565.9 577.5 590.7 612 606.7 589.5 578.9 564.6 554.4 543 534.3 523.4 513.5 503.4 494.7 484.7 475.4 463.1 454.3 449.9 445.6 439 437.7 438.4 438.4 435 430.9 423.2 410.6 396.7
685.3 677.7 672.4 667 659.4 650.3 644.4 636.3 627 617.3 605.9 593.2 580.7 567.4 555.2 543.5 534 524.5 515 508.8 502.9 496.4 488.2 480.4 472.2 458.8 455.7 431 407.3 379.4 366.1 354.4 368.9 389.4 408.8 428.1 445.7 461.2 473.6 480.5 487.3 492.1 500.5 508.9 517.2 525.9 534.3 543.1 555.2 570.1 583.4 595.7 607 592.5 582.7 570.6 558.7 545.7 536 527.7 516.6 506.2 497.8 489.2 480.3 474.4 468.3 463 457.9 454.3 454.1 455.9 457.3 458.1 456.6 449.2 437.9 425.6
686.4 679.1 674.3 669.4 666 660.1 653.6 645.8 637.5 630.1 620.8 611.6 600.6 588.8 576.9 563.5 551.3 539 527.8 515.8 505 497.4 489.6 481.4 472.5 460.9 454.6 439.4 413.2 386.4 369.5 353.8 357.2 377.8 402.3 422.8 442 457.2 469.4 476.5 482.8 486.8 493.8 502 511.1 519.3 526.6 535.8 546.8 561.7 572.4 584.7 593.8 600.2 587.3 576.8 562.9 550.8 540.3 531 519.6 512 503.1 495.3 488.2 482 478.1 473.1 469.2 467.1 466.7 468.4 470.1 472.3 473.4 468.7 464 452.2
685.7 680.8 676.7 672.8 668.9 665.7 660.8 655.5 647.1 639.3 630.2 621.7 614.3 605 592.8 579.9 565.5 552.8 538.6 523.6 509.6 500.2 492.3 481.3 471.1 463.2 455.1 438 415.2 393.8 370.8 359.2 352 371.6 394.3 416.9 434.1 451.6 463.5 471 477.1 483.2 488.8 497 504.1 512.9 521 528.8 537.6 553 561.7 574.1 586.9 604.8 593.9 581 569.3 556.1 543.6 534.6 524.4 516.7 507.3 500.1 494.4 490 484.7 480.3 477.5 476.5 476.2 476.4 478.6 480.1 480.4 479.8 477.3 473
680.4 679.4 677.5 673.8 669.7 667.7 663.2 660.2 653.4 644.6 635.6 628.2 620.3 613.9 604.5 589.1 573.1 558.7 543 527.8 513.4 501.3 492.1 479.3 472.2 464 452.1 440.2 415.8 397.2 377.3 362.5 349.6 358.2 384.9 408.1 427.9 445.1 455.5 466.9 471.6 478.1 484.3 489.5 498.6 506.6 515.3 522.8 532.9 541.1 553.9 565.2 578.7 598.6 601.7 587.9 575.5 560.6 548.8 538.5 529.1 521 513.5 505.5 500 495.1 490.5 487.7 484.9 483.4 482.5 483.3 484.1 486 486.7 485.9 484 479.9
671.4 673.1 675.8 675.6 670.2 666.5 663.7 661.4 657.2 649.2 639.7 630.2 623.3 615.8 609.6 595.7 576.3 558.4 543.2 527.9 513.2 501.1 492.1 479.4 474 465.3 453.3 444 425.8 403.1 382.2 365.4 351.6 349.2 375 399.4 419.6 437.1 448.7 458.1 464.2 470.7 478.9 484.7 492.7 500.8 508.8 516.7 524.9 534.1 543.7 556.5 570 584.6 603.7 596.3 581.2 568.8 555.1 545.9 533.9 526.3 518.7 510.1 505.9 500.6 496.7 493.3 491.2 489.7 489.8 490.3 490.9 491.5 492.1 491.3 489 484.6
664.3 666.3 671.9 673.1 669.1 664.1 661.1 659.7 655.6 647.9 638.5 627.4 621 613.4 606.5 593.5 573.2 555.6 538.6 524.8 510.7 499.7 492.4 479.7 471.7 460.2 453 445.3 433 413 389.6 368.2 356.3 345.7 366.4 390.3 411.5 427.9 442.2 448.4 456.7 464.3 470.9 478.9 484.3 493.4 502.4 510.6 518.3 526.9 534.7 547.3 558.9 575.1 594.8 600.8 588.1 575.7 563.3 553 541.4 531.5 524.6 517.8 510.6 507.3 502.7 499.2 496.4 494.3 493.8 493.9 494.6 494.7 495.8 494.4 491.1 485.1
657.8 661.2 662.1 663.8 663.5 661.4 658.6 655.4 651 643.4 631.1 622.7 614.9 607 599.2 583.2 564.8 547.9 533.1 519.4 508.8 496.9 489.8 479 472.4 463.1 454.8 446.2 436.6 422.6 397.4 376.8 358.4 346.4 357.5 380.3 402.3 417.2 430.4 439.8 447.6 457.7 464.2 472.7 479.5 486.5 496.1 504.2 511.4 520.7 528.3 538.5 551 565.1 579.9 600.4 595.9 581.4 571.7 560.1 549.2 538 531.3 525 518.6 511.2 508.4 504 501.9 499.7 498 497.1 495.6 494.6 495.6 493.9 489.9 482.5
650.8 654.2 656.6 658.3 658.7 657.6 655.2 650.7 645.6 636.7 624.8 616.3 608.5 600.1 588.7 574.5 557.9 540.5 526.9 515.2 505.8 495.3 486.9 478.3 469.8 462.7 455.9 447.2 435.9 427.3 408.6 385.2 364.6 347.5 348 370.5 390.8 404.3 419.8 430.1 439.2 448.5 457.9 466.5 472.8 479.2 487.9 496.6 505.7 513.8 522.7 532 545 558.1 574.6 594.4 599.5 591.4 577.5 568.3 555.5 546.5 536.1 530.2 524 517.8 511.7 509 505 502.3 498.8 499.1 497.7 494.6 493.6 491.1 486 479.6
642.8 647.4 651.3 653.6 654.3 653.2 650.9 646.3 639.4 630.5 619.1 610.7 601.9 592.3 577.9 567.8 550.7 533 520.6 510.9 501 494 486.5 478 469.9 460 455 446.2 436.2 429.6 418.2 394.6 370.5 350.5 343.6 351 375.4 395 408.6 420.5 431 439.8 449.7 457.1 465.1 472.9 480.7 490.2 499.4 507.9 518 525.1 539.9 551.7 568.1 591.1 602 595.4 586.5 573.8 563.6 549.6 541.9 533.2 528.6 522.4 516.4 510 507.5 504.1 500 498.6 496.9 493.3 491.6 487.7 482.3 475.6
631.7 641.1 645.9 649.5 650.7 649.6 648.1 642.4 635 625.9 615.1 605.2 592.9 582 570.3 556.4 540.8 525.9 515.1 505.8 498.1 490.7 484.2 476.1 467.5 459.7 452.2 444.8 436.8 429.2 420.6 404.8 384.8 358.4 343.1 339.1 364.8 379.9 396.5 409.1 420.1 430.8 439.3 449.9 457.6 466.6 473.5 482.9 492.5 503.2 512.7 522.2 533.3 546.6 562.2 583.1 602.5 598.7 591.6 580.1 568.7 555.2 544.9 536 530.8 525.4 518 512.1 508 504.5 500.5 497 494.7 491.5 488.7 484.1 477.3 469.3
621.5 634.4 640.6 645.4 647.4 647.3 645.6 640.2 632.3 622.2 610.4 596.2 584.8 571.9 561.1 543.8 531.3 516.8 507.5 498.3 492.6 485.4 478.5 473.2 465.2 454.3 448.6 442 434.4 428.1 421.8 411.9 395.5 369.3 346.5 336.9 346.7 367.1 382.2 397.8 409.6 418.6 430.1 441.2 450.3 460.2 467.3 477 486.2 496 508.2 517.2 528.8 541.8 559.4 582 602.5 602.4 594.6 586 571.3 560.5 548.1 540.1 532.4 527.4 520.3 512.5 506.7 503.4 498.9 495.2 492 488 484.2 478.9 471.2 463.9
613.2 627.2 635.2 640.1 644.1 644.7 642.7 637.5 629.8 618.8 607.3 583.2 565.2 554.1 543.2 532.9 521.6 510 499.3 488.7 484.5 479.3 473.5 466.8 458.2 445.4 444.7 441 433.2 425.7 420.7 413.7 402.9 382.7 364.7 341 338.1 353.9 370.1 382.4 395.6 409.9 420.1 432.5 442.5 452.4 462.2 471.2 481.3 491.9 503.6 512.9 526.4 539 556.5 579.8 603.7 604.5 597 587.9 575.2 564.5 550.1 541.9 534.1 527.3 521.9 512.4 505.5 502.3 497.3 493.6 487.8 484 480.4 472.9 466.9 458.8
603.8 618.8 629.9 636.4 640.9 641.8 640.6 636.7 627.9 618.4 605.7 581.1 556.5 536.8 523.9 516.2 505.9 497.1 485.9 479.8 473.7 469.1 462.6 454.9 444.3 439.1 437.6 434.1 428.2 420 417.2 412.6 405.1 394.7 375.6 353.5 335 337.7 355.6 366.1 382.9 398.5 410.7 424 434.5 446.7 456.9 466.4 477.8 488.5 500.2 510.4 525.2 538.2 554.5 578.7 602.1 604.8 597.8 589.2 578.4 566.4 554.1 542.5 535.9 528.9 522.1 513 504.7 500.4 496.3 491.1 485.1 481.2 476.8 468.6 462.8 453.4
593.9 613.7 626.1 633.8 638.4 640 639.5 635.9 627.7 619.5 607.9 596.3 574.4 550.4 529.1 514.8 506.1 495 481.1 471.8 461.5 452.8 445.4 430.8 429.1 423.1 419.1 412.2 408.2 411.3 409.9 406.5 401.3 396.8 388 370.9 344.4 335.9 337.9 352 370.2 388.2 400.3 413.5 427 441.5 453.4 464 475.2 486.7 498.6 508 523 537.4 552.4 574.2 597.9 605.3 598.1 589 579.7 566 556.3 545.1 537.2 530.4 521.2 512.2 504.3 499 494.4 489.2 482.3 477 471.3 465 458.4 447.5
587.3 610.5 622 631.3 636.5 640.2 640.2 636.7 630.1 622.2 612.4 601.5 589.6 567.4 548.9 536.9 524.2 510.8 497.2 483.3 474.5 463.8 455.5 448.9 434.2 423.9 411 404.7 396.4 388.7 388.2 391.1 389.1 390.6 387.7 377.7 360 336.6 333.2 345.4 352.9 375.5 392.5 408 423.4 437.8 450.8 462.5 473.2 484.5 495.7 508 521.1 534.2 550.3 568.9 593.1 600.6 596.7 588.6 579.2 566.3 557.9 547.2 537.6 530.5 520.6 511.8 504.3 497.5 492.7 487.8 479.7 474.1 466 460.6 451.7 435.8
585.7 609.3 621.8 630 635.2 645.4 644.4 638.7 633.5 626.3 618.9 609.6 597.3 585.4 571.4 554.3 542.3 525.8 511.9 497.4 483.5 474 463.1 455.2 444 437 432.2 426.4 418.5 407.9 391 378.6 371.2 377.5 380.5 379.1 367.9 344.1 329.4 337.8 349.9 373.4 389.6 405.1 422.1 434.8 448.1 460.2 471.6 481.5 494.1 506.8 518.3 533.2 549 566.1 589.4 597.5 594.9 587.8 579.2 567.1 557.6 548.5 537 530.5 521.1 512.8 505.7 497.6 492 486.1 478.2 468.7 457.9 451.8 438.6 413.3
590.6 610 622.3 629.3 637.4 646.5 647.4 643.4 635.3 630 623.9 615.5 606 595.7 586.4 576.4 560.4 544.1 528.7 512.7 499.1 482 468.9 461.7 452.9 446.8 440.8 435.7 428.4 422.7 412.1 399.6 382.5 361.4 358.4 371.2 361.2 344 329.5 335 349.9 371.9 387 404.4 418.6 432.2 446.4 457.7 468.6 479.9 491.6 504 517.3 531.6 547.4 565.9 586.3 593.5 592.8 587.1 579.4 565.6 555.7 548 535.8 530.5 523.2 515.8 508 500.3 493.9 487.9 480.9 470.8 454 441.7 432.1 432.4
593.2 610.9 622 628.6 641 648.3 649.1 646 640.5 632.7 626.9 620.9 612.9 606 595.6 586.7 575.5 563.9 547.9 533.9 515.6 498.5 484.1 467.6 461.5 455.3 447.3 437 430.4 425.5 418.6 408.6 395.5 377.1 358.4 346.9 344.1 339.1 328.5 337.9 356.9 372.7 388 404.6 420 432.8 446.1 457.1 467.5 479 490.8 503 518.1 529.2 545.7 561.5 583 589.3 589 585.7 577.5 561.1 553.3 546.5 536.3 531.1 523.9 516.7 509.4 500.8 494.4 488.7 482.3 474.5 468.3 460.9 454.1 452.8
592.8 611.2 621.5 628.6 642.2 647.4 648.3 647.9 643.5 636.3 629.6 624.5 619.3 612.7 603.5 594 584.7 574.9 564.8 552 536.5 518.8 503.9 484.3 466.4 461.1 451.1 439 431.5 425.5 418.5 408.2 387.7 370.5 353.2 341 336.1 332.2 326.2 344.1 362 378.2 392.9 408 421.7 434.1 446.7 456.9 467.4 478 490.6 501.2 516.3 529.7 543.2 559 577.2 581.6 581.7 578.3 565.1 555.2 549.3 544.2 536.7 530.8 525.6 516 509.5 503.3 496 490.5 484.6 479.6 474 470 466.5 463.7
594.4 610.9 621.1 631.7 643.8 647.5 653.9 649.3 645.8 640 634.2 627.4 623 617.4 610.5 600.9 592.1 582.6 571.6 561.9 546.1 527.6 511.3 483.8 469.6 460.9 451.5 441.7 432.3 423 414 399.8 374.5 356.4 342.6 334.8 330.7 327.7 333.7 351 367.5 381.7 397.4 412 424.2 434.8 447 457.7 468.1 479.5 490.7 501.3 516.1 527.3 541.4 554.3 569.1 570.7 567.2 557 551.2 546.5 543.2 540.6 534.9 529.7 525.8 517.2 510.2 504.4 497.4 491.9 488.2 483.2 479.4 476.8 474.3 472.2
595.9 610.7 620.3 636 643.4 649.1 656.8 653.9 646.4 642.3 636.4 630.4 623.6 618.7 612.1 606 595.9 586.9 575.4 566.8 550 526.8 511.2 489.7 467.5 460.9 448.4 439.1 429.5 420.6 408.8 379.8 361.3 338.2 333.4 326.7 322.5 328.9 347.3 364.8 376.2 390.7 402 413.4 426.1 435.8 447.5 456.9 468.6 479.4 490 499.2 513 522.5 534.6 541.5 546.5 547.4 545 543.9 541.7 538.8 535.6 533.9 529.5 527.1 524.1 519.2 511.5 506.6 501.2 496.1 490.2 487.6 484.8 482.3 480.2 479.2
599.6 610.8 622.1 638.6 644.1 654.7 656.7 653.7 646.1 640.8 636.2 629.7 621.8 617 612.2 605 596.6 584.4 574.7 564.9 546.7 522.4 503.1 486.1 467.7 455.3 442.7 433.1 423.6 412.8 400.1 371.5 345.9 330.1 321.6 323.9 331.3 345.4 363.8 377.4 384.6 398.8 407.3 417.1 426.9 437.8 447.6 457.1 468 478.7 488.9 499 509.6 516.1 525.8 531.3 534.6 533.3 533.5 532.2 530.6 525.6 525.2 523.6 523.2 521.9 521.4 520.7 514 508.6 504.9 500.7 497 491.6 488.7 487.4 486.1 484.6
602.3 613.2 626.7 639.3 647.9 653.5 653.7 651.2 643.8 638 632.1 625.6 618.1 613.7 607.4 599.7 588.9 578.8 568.2 558 534.6 509.2 494.2 474.2 463.6 447.4 437.5 429 420.1 407.8 388 364.5 338.2 323.4 321.1 331.5 345.1 361.9 378.9 386.9 398.2 405.3 413.4 421 428.6 437.8 447.6 457.7 467.2 477.6 486.2 494.4 505.3 510.1 514.4 519.5 521.2 520.3 519.8 519.5 518.4 517.4 517.1 516.6 516.6 516.4 517.1 518 516.4 511.9 508 504.8 502.6 499.1 495 492.8 490.8 489.6
606 613.5 631.7 638.9 648.2 649.3 649.4 648.2 640.3 635.2 629 621.8 613 607.4 598.9 591.8 581.2 571.9 559.9 541.9 521.7 503.1 484.6 468.5 457.4 444.5 433.8 425.4 415.7 403 383.3 354.3 337.7 316.5 319.8 335.4 353.1 370 383.1 392.3 400.8 409.9 414.7 421.1 429.1 437.5 447.8 457.4 465.1 474.9 484.2 489.7 498.2 504.2 507.6 510.2 511.4 511.3 510.8 510.7 510 509.4 508.6 505.9 506.1 505.3 507.2 508.6 512.8 515.2 514 509.9 507.7 504.7 502.1 499.7 497.9 495.2
607.4 622.6 632.4 638.5 645.6 646.5 646.3 644.1 635.1 631.3 625.3 616.9 608.8 600.8 592.9 582.2 570.1 559.8 543.8 527.7 506.2 491.1 474.2 462 450.9 439 429.7 421.6 412 402.4 381.2 352.1 332.8 315.8 320.1 337.8 355 370.2 386.4 394.1 400.8 409 415 421.2 428.6 438.2 445.7 455.6 462.5 472.6 481.6 485.8 490.4 496.7 500.8 502 502.8 501.6 500 497.9 495.4 496 496.6 496.9 497.3 497.8 498 499.4 503 509 514.2 515 515.8 512.2 509 506.6 503.7 501
