public/OST50/SO22.asc
ncols 200
nrows 200
xllcorner 320000
yllcorner 220000
cellsize 50
[rows 70 to 104 of 200, columns 78 to 155 of 200]
610 626.1 631.6 637.3 642.7 643.4 643 640 630.2 626.8 618.5 612.3 604.5 594 583.9 571.4 558.4 545.7 528.3 511.1 495.8 480.3 467.1 455.3 445.4 434.9 425.5 416.9 407 396 378 352.7 329.9 314.8 319.2 338.8 354.4 368.4 385.3 390.9 398.7 404.9 411.9 417.2 426.8 435 442.6 450 458.9 469.1 475.3 481 483.7 486.2 488.5 490.1 491.2 491.6 490.2 488.9 486.9 489.1 490 491 491.5 491.7 492 493.6 496.2 499.6 504.7 513.4 517.4 519.1 519.2 515.5 509.6 505.8
615.3 626.4 629 634.3 639.9 640.2 638.4 632.8 627.9 623.4 614 606.7 597.5 588.3 574.5 559.4 542.4 527.3 513.3 495.9 484.8 470.8 459.9 450.7 440.6 432 423.4 413.4 402.2 392.8 376.9 355.3 331.2 314.7 316.5 335.4 350.8 357.1 371.9 384.6 393.5 399.3 404.7 412.5 420.4 429.8 437.8 445 454.2 465.4 469.3 474 478.7 481.8 483.4 483.7 482.7 481.5 480.1 480 479.2 479.5 479.3 481 480.4 482 484.5 488.1 490.9 494.2 498 504.8 514.7 518 519.7 520 515.4 508.4
615.8 624 625.6 626.7 627.7 628.4 629.5 628.4 625.6 619.6 609.2 598.9 593.2 575 566.9 543.8 525 507.7 495.1 486.1 471 459.4 449.4 442.3 437 428.2 420.1 409.3 400 390.9 376.4 354.2 335.3 313.6 311.6 328.2 341 350.5 359.2 372.2 384.2 393.6 398.2 406.4 414.7 423.8 434.1 441.4 450.2 460.8 465.2 467.4 471.2 474.1 476.7 475.9 473.8 471.7 469.2 468.9 468.6 469.1 468.3 467.9 469.9 470.4 475.1 479.1 484.7 489.2 493.7 498 507.6 515.3 517.3 518.8 517 507.8
609.4 616.8 621.2 623.3 623.6 624.3 624.6 624.1 622.3 615.2 605.2 598.8 589.8 575.6 558.4 532 503.4 490.3 486.7 472.8 457.5 449.1 442.4 438 433.4 426.5 417.3 407.2 399.1 389.6 377.4 360.6 341.4 314.7 307.4 311.8 327.4 338.7 346.2 357.4 371.1 382.3 392.3 399.2 407.6 417.8 428.3 437.4 446.2 456.6 461 462.6 464 467 467 467.6 464.8 462.4 459.4 458.4 457.6 458.4 457.8 459.1 460.6 462.9 466.2 470.6 477.4 482.8 487.6 492.2 498.2 512.7 514.5 516.2 513.4 506.5
597.9 600.8 608 613.6 618.3 621 621 620.9 619.8 612 602.6 596.9 588.2 574.7 558.5 534.8 509.1 486.4 466.6 453.4 444.5 439.1 436.2 432.9 429.3 421.5 416.2 406.6 400.1 392.4 380.8 370 354.6 320.7 311.7 304.7 310 321.4 328.4 339 352.9 368.6 382 392.6 402.7 414.6 424.3 433.9 442.4 451.9 457.1 458.4 460.3 461.2 461.3 462.5 458 452.7 450.3 448.4 449.3 448.7 449.7 451.4 453.9 457.9 461.3 464.3 470.5 476.9 481.5 487.5 493.2 499.2 508.8 513.7 510.5 504.7
592.1 594 596.9 601.4 608.6 614.9 617.7 617.8 615.7 608.9 601.5 594.2 585.4 573 558.2 537.6 514.5 493.8 471.6 449.2 437.7 427.4 426.6 424.5 419.7 415.1 410.2 404.8 398.8 389.2 379.4 371.9 362.4 344.3 320 311.3 305.4 308.3 314.2 324.5 338.4 352.1 370.3 385.2 398.7 410.1 422 431.5 441 449.3 453.8 455.8 456.6 456.5 455.8 452.9 447.7 442.2 440.4 437.4 437.4 439.6 442.3 444.7 447.4 451.3 455.7 459.4 464.1 469.6 476.9 481.3 488.6 493.9 499.5 506.2 506.7 502.5
583.1 585 589.2 593.2 597.4 605.6 613 614.8 612.8 607.2 599.3 592 583.7 571.5 556.8 536.6 511.2 490.4 470.6 449.6 436.7 426.5 417.1 408.1 405.8 403.5 398.4 396.4 391.7 384.7 380.5 372 364.7 355 335.6 316.2 313.1 304.1 305.5 309.3 327 344.7 362.8 381.5 395.7 408.1 419.5 429.2 439.1 445.7 450.3 452.2 452.5 451.7 450.9 446 440.4 435.8 433.6 430.3 427.4 427.9 429.1 433.5 438.9 444.8 449.4 454.1 459.4 464.9 470.3 477.3 482 488.4 494.2 498.9 500.7 500
571.6 573.4 578.3 584.4 588.7 594.8 604.9 611.1 610 605.4 597.6 590.3 582.4 572.2 557.9 534 498.9 486.1 472.8 458 444.6 434.9 424.5 417.6 405.7 400.6 388.6 378.9 374.7 371.2 368.2 362.3 358.9 349.8 333.6 325.6 325.5 315.2 301.1 305.3 324.2 342.1 363.1 381.2 398.4 408.8 418.3 426.6 435.3 441.1 445.4 447.4 447.8 446.8 442.7 440.7 435.1 430.6 428.2 422.5 420.7 420.6 421.1 424.1 430 437.9 443.9 449.5 455.3 460.7 465.9 472.3 477.6 483.3 489.1 493.5 494.7 495.4
552.2 557.8 566.5 575.1 583.7 588.8 598.8 605.8 607.5 603.9 597.8 589.6 582.5 573.6 558.9 540.1 517.8 502.1 487.1 475 459 445.1 433 423.4 416.5 408.6 401.7 393.8 385 378.9 371.4 364.1 356.3 351.2 348 348.2 342.2 320.9 302.3 299 314.4 340.1 363.3 381.9 396.5 405.7 417.4 424 432.1 436.2 439.4 441.8 442.8 440.9 437 433.1 429.3 426.7 420.3 413.8 407.9 410.6 412.4 416.3 424.8 430.5 437.6 444.6 449.7 455.7 461 466.6 473.3 478.3 485.2 488.8 491 492.5
534.9 541.3 552.8 566.5 577.2 584 591.2 602.4 603.8 603.3 597.5 590.3 584.1 575.4 566.1 554.9 538.3 524.8 508 489.2 474.5 458.2 444.7 431 422.9 415.6 408 402.2 393.8 387.8 381.8 376.3 373.7 367.2 360.5 353.6 345.4 328.3 305.8 299.2 310.6 339.1 364.1 381.3 394.3 402.5 413.2 420.1 426.6 433.2 437.2 438.5 438.7 436.1 432.4 428.5 425.1 422.7 413.4 400.9 398.2 398.3 399 409 415.6 423.7 431.8 440.2 445.9 452.2 457 461.2 466.6 474.1 480.5 484.7 487.7 489.4
509.9 522.1 544.4 559.5 570.8 580.4 586.5 598.9 603.7 603.2 598.6 592.1 586 578.8 572.1 562.7 552.1 539.6 526.3 507.9 490.3 476.1 457.9 442.8 430.4 420.4 414.1 406.3 398.7 394.7 391.1 384.2 381.1 374.2 366.6 357.1 344.7 328.2 309 298 312.1 340.9 363.7 379.4 389.3 397.2 408 415.4 420.5 427.5 432 433.9 432.7 430.9 427 424.9 420.6 417.4 405.5 393.5 387.8 386 390.3 397.3 408.5 420.5 427.1 435 442.8 448.4 453.2 457.7 461.4 468.2 475.6 481.1 484.5 487
486.1 508.3 533 550.3 566.1 576.8 584.2 598.9 602.9 603.9 602 597.1 589.1 582.6 575.9 569.9 561.4 551.6 537.3 523.8 510.4 491.5 474.6 456.6 437.6 425.8 417.2 410.4 404.4 399.8 394 389 383.3 373.9 363.6 353.8 340.1 324.5 304.8 298.7 318.8 345.7 363.6 375.2 384.5 392 402.3 410.2 415.1 422.2 425.1 426.2 424.1 423.1 422 418.2 415.9 411.4 399.9 387.2 379.4 370 377.3 391.5 401.3 414.9 423 431.6 439.2 444.7 449.4 454.2 457.1 462.3 469.4 477.1 480.5 483.3
479.6 500 525 546.1 564.3 573.9 582.3 596.2 601.3 606.3 604.4 600.7 593.9 586.5 580.9 574.7 568.1 558.3 548.1 535.1 521.7 505.4 489.1 468 446.8 427.8 420 410 404.4 398.2 393.6 387.8 381.1 370.6 361.3 349.4 335.9 317.7 301.4 299.5 327.6 342.2 355.7 367.8 378.6 386.2 393.8 402.9 410.9 416.2 417.5 417.4 415.8 414.5 415.6 412.9 408.1 404.6 394.9 381.7 366.5 359.6 376.8 387.6 400.2 411.3 419.5 428.5 435.4 440.3 445.3 450.4 453.9 457.6 462 469.7 475.2 478.9
477 495 520.1 543.2 561.2 571.7 578.7 592.6 598.5 604.7 605.4 603 598.5 592.7 585.2 578.3 571.3 563.4 551.9 542.4 530.1 512.6 495.2 473.1 451.8 430.8 418.6 409.1 401.5 395.3 390.7 383.7 376 367.7 357.3 342.5 329.5 313.1 299.3 294.2 316.7 330 343.8 356.7 365.6 377.3 384.4 395 404.6 409.7 410.8 408.6 407.5 408.6 407.9 405.5 398.7 394.7 387.8 369.8 351.2 358.2 376.7 388.7 400.5 409.5 417.2 424.9 431.7 437.8 442.6 447 450.4 454.2 458.3 462.6 467.5 472.7
473.7 492.5 518 539.2 558.4 570 578.2 589.4 595 597.9 598.8 599.7 598.8 595.6 590 582.4 575.7 566 556.3 543.4 529.6 515 496.3 471.3 450 430.1 417.9 406.2 398.5 391.8 385 377.7 369.6 359.8 343.7 329.4 312.6 310.2 299.6 294.7 304.5 315.9 330.1 341 352.6 366.5 375.8 383.7 391.7 400.4 403 402.7 401.4 401.7 399.5 397.4 390.9 382.7 370.6 356.8 345.7 362.4 378.5 391.4 399.7 407.7 414.7 422.6 429.3 435.3 439.4 443.3 447.1 451.1 454.8 458.7 462.6 465.5
472.1 491.2 516.4 536.6 556.9 568.6 577.6 588 591.4 593 593.6 595.1 595.3 593.8 590.3 584.6 578 570 560 544.7 531.5 514.8 492.5 468.4 445.5 427.3 416.9 404.7 395.7 387.4 377.7 363.4 351.8 340.4 337.9 335.5 330.6 320.6 304.3 292.9 293.5 304 313.6 326.7 338.3 353.1 365.9 375.2 380.6 386.6 389 391.3 394.1 395.1 393.2 390.4 379.4 368.1 352.2 341.2 350.3 370 384.6 394.5 401 406.9 418.1 422.6 427.4 433.2 437.7 441.7 445.3 448.9 452.5 455.3 458.3 462
470.2 489.3 513.5 534.9 555.4 566.5 575.3 583.8 587.7 589.7 589.7 590.1 591.1 590.4 588.6 582.4 578.3 569.6 560.3 543.8 532 512.3 485.2 460.2 442.8 425.7 413.3 403 391.9 383 373.3 366.5 360.1 357.2 353 348.7 341.1 331.3 315.7 298.9 290.6 289.3 301.2 307.4 320.2 335.7 349.1 360.3 368 373.7 381 384.2 384.6 385.9 384.6 377.6 367.8 351.9 338.6 341 361.4 374.8 387 396 403.2 406.7 415.1 422.7 426.4 431.4 435.8 439.6 443.1 446.7 450.2 453.4 456.9 462.3
470.8 489.3 513.7 532.7 555 564.8 573.1 581.1 581.8 582.6 582.1 581.7 583.9 583.4 579.4 575.8 572.4 567.8 559.4 545.5 532.8 513.7 483.9 459.3 442.7 426.8 415.3 407.2 397.9 387.9 384.3 378.9 373.3 368.2 365.2 357.5 349.4 340.6 328 313.7 301.7 292.3 288.5 289.8 304.2 316.5 328 339.8 346.6 352.7 365.4 373.8 379.2 380.1 375.9 368 350 334.8 330.7 351.3 365.2 378.8 387.6 394.1 400.3 405.1 412.1 418.4 423.7 428.4 432.7 436.2 439.9 443.3 446 450.2 455.1 461
472.5 491.5 515.3 532.4 555.1 562.6 571.8 574.1 572.2 570.3 568.9 570.4 571.9 571.9 572 571.7 570.1 565.4 558.2 547 532.6 515.4 483.9 463.9 452.7 438.6 426.6 413.2 405.4 397.5 390 386.8 383.9 377.7 369.7 364.7 358.9 347.3 338.2 325.4 311.8 303.3 297.2 288.3 289 298.6 306.5 316.8 325.2 332.9 345.3 364 367.6 369.8 363.6 354 338.1 321.6 333.1 353.6 366.6 378.6 386.6 392.4 396.6 401.6 410.3 414.8 418.9 423 427.2 430.6 434.5 438.9 443.8 448.4 453.1 457.4
475.7 498.3 518.2 539.5 554.1 559.6 566 563 561.5 560.8 560.2 560.6 562.1 562.5 563.4 565.1 567.8 563.4 558.4 548.7 537.6 522.3 502.7 482.4 464.1 449.6 437.8 426.6 415.3 407 400.2 394.8 389.5 384.6 376.9 368.4 362.1 353.9 343.2 327.4 318 314.8 308.4 299.9 286.8 287.5 289.2 299.3 307 317.2 327.4 338.8 353.4 361.4 357.3 343.9 320.1 312.8 338.4 356.6 368.1 377.6 384.5 390 393.8 396.8 403.5 410.1 413.5 417.2 419.8 421.9 423.4 432.9 439.6 444.6 449 454
481.1 503.8 521 543.5 551.8 555.1 557 556.7 554.8 553.2 552.4 552.9 554.7 557.2 558.6 559.8 562.1 563.5 558.6 551.8 542.1 530.4 521 503.9 486.9 467.8 451.1 441.4 427.7 416.5 409.1 403.7 397.5 389.3 381.3 373.5 365.5 356.5 344 331.5 329.1 325.3 318.4 308.7 301.8 286.5 286.3 287.9 287.9 295.1 307 320.3 334.3 348 345.5 327.3 309.7 317.2 338.2 354.7 366.5 375.3 381.5 387 392.1 394.2 396.2 399.2 404.5 408 413.6 409.9 418.6 426.4 432.7 439.7 445.9 450.1
490.8 510.9 531 543.7 547.9 550 549.9 547.7 544.4 542.3 541.1 542.1 545.5 548.6 552.3 556.2 559 561.8 560.3 554.6 548.3 539.2 528.7 519.2 506.9 490.7 471.5 453.5 441.3 425.9 416.6 410.2 404.6 394.5 385.4 377.1 369.2 358 337 343 342.8 340 330.2 320.8 312.6 301.1 289.8 285.9 286.1 284.9 286.8 300 313.1 329.3 330.3 313.2 306.3 317.7 335.3 352.9 365.6 372 377.3 381.5 385.8 389.1 391.9 393.7 394.7 396.8 398 400.4 408.1 418.1 425.3 433.6 441.2 447
495.7 515.4 536.3 541.8 543.2 543.6 541.5 534.9 529.2 525.9 522.9 526.3 532.5 538.9 546.3 552.2 558.3 561.9 562.2 557.8 553.1 545.4 538.5 529.4 521.4 510.9 496 479.4 458.7 440.8 427.5 415.1 409.1 400.6 390.1 380.5 371.4 351.6 352.9 356.8 355.2 348.3 341.7 333.4 322.3 313.2 304.6 295.6 292.1 283.8 280.9 282 301.8 313 315.1 306.9 302.2 320.8 329.7 347.6 358 365.1 369 374.2 377.2 379.7 383 384.9 386.2 385.8 385.2 390.7 399.1 407.2 418.8 428.6 436.8 443.8
503.3 523.8 535.6 537.9 536.4 532.8 520.1 515.7 512.8 508.9 507.7 512.4 519.1 529.9 540 547.3 552.8 560.1 562.9 563 558.1 551.2 545.5 540.4 531.8 524.8 513.6 498.8 481.7 457.5 443 428.5 414.8 406.6 394.4 385.1 371.9 366.7 365.5 365.2 362.5 357.3 349.7 342 332.4 323.7 317.7 308.1 300.5 295.2 283.3 277.2 275.3 296.9 299.5 293.2 304.7 317.5 324.6 334.4 344.9 353.3 356.7 362.3 365.5 368.7 369.7 371.5 371.8 369.1 368.1 372.5 389.4 402.2 413.8 425.1 433.5 441.5
509.3 528.9 531.9 529.4 519.1 508.6 502 497.2 492.5 491.2 489.7 493.5 508.1 518.8 533.9 542.6 549.5 557.7 564.9 566.8 564.1 558.6 554.6 547.9 541.7 533.1 525.4 514.3 502.5 484.5 460.4 443.4 425.9 411.9 400 388.2 379.1 380.4 377.3 378.6 374.4 367.7 361.2 354 345.3 335.2 325.1 317.5 310.6 304 294.5 283.2 276.7 276.1 292.8 289.3 298 308.8 313.7 319.3 326.2 331.1 338.5 343.2 348.6 352.5 353 352.7 352.8 348.3 348.8 365.3 384.5 400.1 412 423.1 431.4 439
507.6 510.8 509.8 507.2 498.8 491.9 487.8 480.9 476 470.7 466.7 481.2 496.9 511.2 526.9 537.7 545.8 554 564.5 568.1 568.3 567.8 564.5 557.3 550.3 542.7 534.9 523.3 513.6 499.7 482.3 458.5 438.9 423.6 408.7 397.5 393 389.4 387.9 387.4 383.7 377.2 371.6 365.6 357.5 348 337.7 329.6 320.6 314.6 307.6 296.9 283 273.3 277.9 283.1 289.8 296.7 302.2 306.8 312.4 316.9 321 326.3 331.6 335.9 335 334.6 333.1 332.3 349.5 370.2 386.7 399.2 411.2 421.3 430.2 437
493.3 491.1 488.2 484.6 480.7 472.7 468.2 462.4 457.7 452 451 471.1 488.7 505 521.9 533.3 542.5 550.7 562.8 568.5 573.7 573.1 570.6 566.1 559.1 549.7 542.2 531.9 520.9 509 496.1 473.9 449.1 430.1 419.1 408.7 402.9 399.3 396.4 395.3 392.5 386.5 380.6 374.1 367.2 359.6 351.1 341.1 333.6 326.2 318.8 309.6 297.4 281.8 271.5 276 280.3 285 291.1 295 299.4 303.6 306.7 312.8 316.2 319.6 318.2 315.9 316 336.1 357.8 373.8 389.5 398.8 409.7 420 429.1 435.1
474.1 470.2 465.7 462.2 458.3 456.1 452.6 447 441.8 434.4 445.3 462.6 483.4 499.4 516.4 529.3 538.7 548.4 561.1 568.5 574.3 576.5 574.2 570.6 564.9 557.4 549.7 538.5 527.6 516.6 505.4 484.8 457.8 442.4 428.9 421.2 413.6 408.9 405.5 402.3 399.7 396.4 390.2 382.1 375.4 367.7 361.2 354.5 343.9 334.8 326.4 318.7 310.7 297.9 280.6 273.2 273.5 274.8 277.9 281.7 286.1 289.1 291.4 299.7 301.7 304.5 301.8 304 325 343.3 361 377.7 388.6 397.9 409.2 418.5 425.8 432.7
455.9 452.6 449.6 447 442.8 440.7 435 431.2 426.5 419.1 438 455.1 476 493.6 508.4 525.6 536.5 546.3 559.1 567 575.1 578 577.9 574.7 571.2 563.8 556.6 545.4 536.7 523.8 514.5 498.1 475.7 461.9 446.2 433.6 424.2 419.7 414.9 412.3 408.1 403.9 397.9 391 384.2 376.6 370.1 363.7 355.3 346.1 337.2 328.9 317.5 307.8 288.2 278.9 274.4 270.6 268.6 269 270.5 274.3 273.8 279.5 286.1 288.8 295.3 313.8 330 347.3 364.9 379.3 388.6 397.7 407.6 415 422.4 429.4
441 438.5 435.1 430.3 427.9 423.3 418.9 415.3 409.1 416.6 433.3 449.2 468.4 489.6 504 522.8 534.4 545.7 557.4 564.4 573.9 578.4 578.8 577.4 575 570.4 562.4 554.2 544.2 534.7 524.2 512.4 500.9 485.5 468.2 456.9 443.4 434.8 424.8 420 415.6 410.5 404.5 398.3 391.9 384.9 378.1 371.6 363.3 356.2 347.4 337.4 323.7 310.7 295.4 293.1 290.8 284.6 273.1 269.6 267.7 266.8 265.3 267.7 272.6 283.7 300.3 316.7 336 351.1 366.8 379.9 387.8 396.5 405.2 412.4 419.4 425.8
425.2 422.1 418 413.7 411.9 407.4 401.5 399.5 394.6 409.8 426.7 444.4 465.8 485.8 504.5 521.3 532.7 545.4 555.4 562.1 571.8 576.6 577.8 577.5 576 573.4 568.2 560.6 551.4 542.6 534.1 523.1 513.6 507.5 496.2 485 467.7 454.4 443.2 434.4 428.6 421.6 413.5 405.5 398.1 391.4 385.6 378.6 370.7 363.6 355.3 344.7 328.3 313.4 307.3 308.5 304.9 301.2 296.1 292.8 285 274.9 265.9 259.8 265.1 275 294.8 313.6 333.2 351.8 366.9 379.7 386.7 395 402.7 408.8 415 421.8
410.1 404.6 400.4 396.6 396.5 393.2 390.7 389.6 388.8 406.6 425.1 443.2 465.3 485.7 505.6 520.4 531.4 544 554.8 563.3 571 574.1 575.1 576 576.5 574.7 571.3 566.7 559.3 550.5 542.6 533.6 526.7 519.5 511.2 505.3 497.4 485.6 467.6 455 443.2 436.6 428.4 418.4 406.4 398.4 392.2 384.9 376.8 368.6 361.2 347 328.9 319.6 321.6 323.6 322.1 320 313.5 306.1 300.2 291.8 277.9 265.2 263.7 265 287.4 307.8 330.6 350.1 366.6 377.1 384.5 391.6 398.4 403.3 409.8 416.9
393.9 389.5 388.4 384.9 382.4 381.4 378.8 375 390.3 408.1 426.3 444.4 467.7 486.7 506.9 520.3 530.6 543.6 552.7 563.3 567.8 570.4 572.4 573.5 574.7 574.9 573.1 569.6 564.3 558.1 551.1 542.9 537.4 531.2 525.4 520.2 513.2 508.2 498.5 486.5 469.3 456.3 443.3 433.6 422.2 405.2 398.5 390.1 383.4 373.4 363 342.5 325.9 335.4 336.5 335.8 335.4 335.4 327.6 318.6 311 303.8 289 270.7 259.8 262.5 280.6 304.8 326.8 349.3 362.2 373.8 380.9 386.3 393.9 399 405.4 411.3
381.4 378.6 376.7 374.5 370.1 367.4 364.3 378.9 396.7 414.5 432 449.3 470.7 487.6 507.8 520.6 529.7 543.7 549.2 557.3 562.3 563.8 566.2 569.2 570.8 571.4 570.7 569.8 567 562.4 556.8 552.3 546.8 542.8 537.6 531.8 524.5 519.6 512 505.1 492.6 480.4 462.8 448.1 436.8 422.4 406.6 397.5 389.6 376.8 357.9 336 344.5 349.3 348.7 348.6 346.5 341.9 334.7 327.6 317.8 308.6 294.5 275.4 261.3 262.4 279 302.9 324.1 346.7 358.5 368.8 376.1 380.8 387.5 394 398.8 405
371.2 368.8 366.9 363.5 355 357.9 371.7 385.6 403.1 421.2 438.4 458.2 474.4 492.5 510.2 522 531.8 542 545.9 549.1 552 553.9 558.2 561.4 563.9 566.3 567 567.2 565.4 563.6 562 559.2 555.5 551.5 546 538.4 532.4 527.9 522.3 513.6 502.3 491.6 478.4 461 447 430 416 402.4 388.2 368 348.9 353.2 359.1 361.2 360.5 357.4 352.9 347.4 339.4 332.9 319.1 309.4 296.5 276.8 262.1 256.8 280.1 304.3 322.5 341.3 355 363.1 369.9 374.8 381.6 386.7 393.1 398.6
