public/OST50/SO22.asc
ncols 200
nrows 200
xllcorner 320000
yllcorner 220000
cellsize 50
[rows 0 to 34 of 200, columns 78 to 155 of 200]
529.2 521.3 513 499.3 471.4 452.2 461.3 488.3 511.9 529.1 538.8 546.3 555.6 562.1 568.1 573.7 580.6 586.5 595.1 603.5 609.3 613.3 618.7 626.6 634.4 638.3 632.3 626.1 621.7 617.8 613.6 608.2 602.7 598.2 594.4 589.2 584.2 578.6 573 568.5 562.8 553.9 543.7 535.5 525.2 514.4 496.7 476.5 453 430.6 410 390.5 369.3 352.5 341 329.8 321.3 309.3 301.9 296.4 290.7 285.9 280.8 269.1 266.9 267.1 266.9 274.6 281.2 287.5 292.8 297.6 305.5 315.6 324.4 334.5 344.2 351.3
508.2 496.2 485.7 477.5 469.9 455.8 451 473.5 495.8 519 533 541.1 549.2 557.6 563.8 569.9 576.8 582.3 591.3 599.6 605.5 609.4 615.4 621.7 630.6 642.2 643.8 637.5 630 623.3 618.4 614.2 609.1 603.7 598.4 594.3 590.5 585.2 579.3 575.3 569.8 562.9 556.2 548.2 539.3 528 514.8 495.6 472.4 450.4 423.3 399.6 374.6 364.1 347.5 339.3 328 317.8 306.6 301.1 294 289.7 284.4 279.2 272 269.2 266.1 264.7 272.5 281.8 287.1 291.6 297.2 305.3 312.8 322.4 330.5 339.8
493 492.6 489.4 481 474.1 460.8 444.8 457.4 482.9 506.8 525.3 534.9 542.9 552.4 558 564.2 571.5 578.2 585 593.2 600.7 606.2 611 618.7 625.4 632.2 646.6 646.8 639 632 625.6 620 615.2 609.8 604.3 599.8 594.5 590.5 585.8 579.7 575.2 570.5 564.2 558.2 549 537.7 525.1 510.5 488.5 456.3 424 409.7 393.9 369.1 362.1 347 336.6 325.5 314.5 305.8 298.7 292.3 287.5 282.8 278.2 273.1 267 265.8 264.2 276.1 281.4 286.7 291.6 296 302.9 310.8 319.3 326.9
518.8 518.3 516.4 508.5 493.9 470.6 452.3 446.1 464.6 491.6 515 526.8 535.8 545.1 551.6 558.4 566.3 573 578.6 587.8 595.7 601.8 606 613.8 621 626.5 641.4 647.2 646.7 643.2 637.3 630.2 621.8 615 610.8 607.4 601.8 595.9 590.2 584.9 581 575.4 570.8 563.9 556.1 546.8 533.4 520 498.9 470.3 447.2 426.9 404.2 389.7 371.4 357.1 343.8 330.7 324.2 313.1 304.4 296 290.6 285.7 280.5 275.8 271.2 265.5 264.2 265.5 277.4 282.3 286.4 289.4 294.2 300.9 307.2 314.3
540.9 536.2 528.8 520 503.3 478.7 455.9 440.3 453.9 477.5 501.7 516 526.2 535.9 544.5 552.3 560.4 567.9 572.9 581.3 587.8 595.5 601.1 607.9 615.9 621.7 631.4 644.7 648.8 651.6 647.6 640.6 632 623.8 616.4 612.9 609.2 603 596.4 590.7 585.5 581.3 575.5 569.8 562.4 553.6 543.5 530.2 514.7 491.5 468.4 445.4 422.9 402.4 384.1 366.4 352 341.4 332.8 323.1 311.9 302.7 295.7 289.2 283.2 277.8 274.1 269.1 264.9 262.5 271.8 277.6 280.9 284.1 287.1 291.9 297.8 303.4
549.2 544.4 537.4 525.2 508.7 483.9 459 442.1 442.9 459.8 480.7 501 514.1 526.7 537.4 546.4 554.1 561.3 567.2 573.7 581.4 589.1 594.1 600.6 608.2 615 622.1 637.4 644.5 650.3 654.7 649.7 642.9 633.9 624.9 617.9 613.8 608.8 603.8 597.8 591.2 585.6 580.9 575 568.4 560.3 552.2 540.2 527.1 510.3 489.5 466.9 442.8 417.7 396.3 379 363.9 352.3 341.5 331.9 322.7 311.3 301.2 293.6 287.2 281.6 276.9 273 266.3 263.4 261.9 271 275 277.6 281.1 283.4 287.7 295.2
554.6 548.6 543 532.3 515 490.7 464.9 446 435.1 445.2 459.4 480.1 501.5 514.2 529.8 538.4 546.7 554.6 561.4 568.1 575.1 579.3 587.4 593.5 600.5 608 614.8 622.8 638.1 643.2 651.7 657.5 653 645.6 637.5 629.7 621.9 614.9 609.7 605.3 598.2 591.5 584.9 579.3 572.5 566.1 558.3 549.4 537.8 525.3 510.3 489.2 464 437.3 412.2 392.7 375.5 360.9 351 339.8 329.2 320.1 309.3 299.7 293 285.9 280.8 275 270.5 263.5 260.5 261.1 267.2 271.9 274.5 276.5 281.8 288.3
559.7 552.3 545.7 539 521.3 497.3 472.3 450.9 437.3 436.5 445 462.2 483.4 501.4 515.6 529.3 537.8 546.3 553.2 560.4 566.7 572.1 578.7 586.4 593.9 600.8 608.6 614.9 624 638.6 643.8 654.1 658.6 657.9 649.9 643.9 636.4 625.5 617.3 612.1 606.3 598.3 590.6 584.1 577.8 570.9 564.1 556.8 548 537.2 524.7 507.7 483.5 457.3 430.1 405.6 385.8 371 358.6 347.5 335.7 326.6 317.1 307.3 298.4 291.2 285.3 280 275.4 268.7 262.7 259 259.8 263.4 269.5 275.1 278.5 286.1
563.1 556.8 549.8 542.1 528.7 508.1 484.4 463.9 445.8 432.1 436.2 444.8 461.9 482.1 499.7 515.2 528.1 536.3 544.8 550.8 559.4 564.6 570.9 578.6 585.2 593.4 602 608.9 614.7 625 636.1 643.7 654.3 661.7 663.6 655.5 646.7 638.2 626 618.4 612.2 606.1 597 589.4 582.3 574.8 568.3 562.7 555.1 545.3 535.2 521.5 500.7 474.4 449.2 424.2 402.3 384.1 371.3 355.7 342.6 331.2 321.1 312.2 302.3 295.3 290.3 285.9 281 275.3 269.2 257.6 259.1 259.3 262.2 270.1 273.6 282.6
567.2 560.9 554.5 547 538.7 520.4 501 479.1 461.8 443.2 429 432.5 442.7 459.3 480.2 500.4 514.4 525.2 533.4 542.6 550 557.9 564.2 570.6 577.9 585.8 594.5 602 609 614.8 623.7 635 642 650.9 659.8 667.2 660.4 648.5 639.1 629 619.8 610.8 604.5 597.1 589 580 573.8 568 560.6 553.2 543.8 532.4 517.3 493.4 467 444.3 419.6 400.9 384.8 369.2 352.9 338 326.8 316.6 307.1 300.3 294.4 289.4 284.6 279.7 275.9 267 256.7 256.3 257.2 264.7 272.5 279.3
570.2 564.3 557.4 550.4 542.8 532.4 515 495.1 478.3 460.6 443.6 429.2 430.5 440.5 459.4 481.3 497.6 512.2 523.1 531.6 541.5 549.7 557.6 563.1 571.7 578.7 587.6 595.6 601.9 608.8 613.8 624.4 634.1 639.8 652.3 662.3 670.9 666 654.5 644.3 634.9 621.3 612 604.1 595.7 587.3 579.3 574.2 567.1 559.7 552 541.7 529.7 512.8 488.4 463.9 441.4 420.3 401.1 380.7 364.9 346.8 329.9 319 311.7 305.1 298.6 293.3 288.3 283.4 281.7 277.4 270.9 260 255.5 258.4 267.5 276
572 566.8 559.2 551.6 544.4 536.7 526.6 514.4 495.7 477 459.4 441.6 423.8 428.7 439.4 463.4 483.1 496 511.1 521.9 530.5 540.8 549.2 556.8 563.6 571.7 580.4 589.3 596.2 602.3 607.6 613.4 622.5 631.1 638 651.3 660.4 668.5 676 662 650.8 636.8 624.9 612.9 603.8 595.8 587.5 579.7 572.9 565.7 557.5 549.6 540.1 526.8 509.6 488.8 466.5 445.4 420.1 396 375.4 355.4 338 324.5 317.6 310.8 302.5 296.8 291 286 282.6 279.1 273.1 266.1 257.4 254.2 258.8 273.3
573.7 567.4 560.5 551.7 544.7 537.4 529.1 520.6 510.3 495.7 477.1 459 440 419.9 425.6 444.3 465.1 484.9 497.7 510 519.4 530.6 540.5 548.9 555.9 564.8 573.7 583 589.9 595.1 600.9 606.3 613.4 621.5 629.1 637 649.9 657.6 664.9 678.8 664.3 652.3 639.5 628 614.8 604.5 595.6 586.1 577.7 570.8 562.9 555.4 547.8 538.1 527.6 508.9 487.7 463.5 436.6 406.8 384 363.1 345.2 332.1 322.6 314.3 306.3 299.7 292.3 287.7 282.3 278.2 271.9 265.7 260 256.3 254.7 271.3
574.7 567.1 559.8 551.3 544.1 536.9 528.5 520.5 513 504.4 493.5 475.7 456.8 438.2 417.6 427.6 449.2 471.5 486 498.7 508.5 520 532 540.6 548.4 558.7 565.1 575.4 584.1 589.7 595.2 599.6 603 607.9 618.5 627.1 633.9 646.1 653.9 662.6 676.6 666 652.6 638.5 628.9 614.8 602.9 593.3 583.2 575.7 568.1 559.7 552.7 546 537.3 524.5 504.5 477.8 447.3 416.9 392.1 369.6 351.8 337.8 328 318.2 308.6 302.7 295.3 288.1 281.6 277.1 271.3 264.8 260.7 253.8 252.3 269.2
573.8 564.3 557.7 549.1 541.8 534.3 525.6 518 510.4 503.7 496.5 486.2 472 453.6 434.1 416.8 427.8 454.4 472.7 484.3 497.9 509.8 523.1 534.1 543.8 551.7 559.8 568.9 575.6 583 587.6 592.4 597.1 601.4 605.2 614 623.4 631.3 640.2 650.9 661.5 675.1 662.3 649 636.4 626.8 610.6 599.5 588.6 578.6 571.7 562.6 555.4 549.7 541.3 533.5 515.3 486.8 453.6 423.2 396.4 373.5 356.7 341.6 329.5 318.1 310.3 303.6 295.7 288.8 282.1 276 270.2 264.5 259.4 252 253.1 267.8
570.4 560.8 553.7 545.4 537.9 529.8 520.4 511.2 502.5 494.6 487.8 483.5 477.6 466 448.7 423.8 416.3 434.4 454.3 469.1 483.8 501.8 515.9 526.6 536.2 547 554.8 562.5 568.5 576.5 580.6 585.8 589.4 593.4 598.2 602.5 611.7 621.9 629.2 639 650.2 665.8 670.6 657.2 644.9 630.6 619.4 604.2 593.1 582.5 573 565.3 556.3 550.1 543.4 534.2 519.7 491.6 457 426.5 398.2 378.2 361.8 345.3 328.1 317.8 310.8 304.2 296.7 288.5 280.4 274.8 269.6 264.4 258.8 251.1 253.6 268.8
565.2 556 548.6 540 531.4 521.7 501.5 482.6 473.5 466 464.3 466.6 467.6 466.7 458.1 441.9 416.8 415.5 435.3 453.9 472.4 493.7 506.9 521.6 531 538.9 549.1 556.3 561.5 569.3 574.7 579.1 581.9 585.7 590.8 595.8 601 611.2 621.8 629.6 642.1 653.4 670.5 665.1 650.6 637.4 624.3 608.2 596 584.7 574.1 565.2 556.8 550.6 543.4 534.1 521.5 495.4 463.7 432.4 402.7 380.1 363.9 346.2 330.3 319 311.6 304 295.5 285.9 278.5 272.8 267.4 262.4 258.1 249.2 253.2 267.5
559.4 550.8 541.2 533 520.2 499.4 500.2 505.7 500.4 493.6 479.5 467 448.8 441.1 446.9 437.7 420.7 409.8 413.9 439.9 460.1 482.1 497.3 513.9 524.1 535.5 543.8 550.4 556.6 560.6 565.6 569.8 573.9 577.2 582.9 587.7 593.9 601.5 613.6 621.8 632 644.6 656.9 669.3 656.7 642.5 628.3 613.7 598.5 586.1 574.2 564.6 556.2 549.3 542.4 533.4 521.4 501.3 469 434.9 402.9 380.8 364.8 345.6 331.8 320.6 312.7 303.1 293.8 285.1 277 271 264.4 260.1 254.3 248.7 252.8 267
554.8 545.1 531.2 514.4 512.3 517.9 519.8 516.8 514.7 510.5 499.7 487 478.1 463.5 448.3 445.9 444.5 421.8 406.2 425.8 451.5 472.2 491 504.9 516.2 529.2 536.6 541.9 548.5 553.6 558.7 561.8 565.2 569.5 576.1 579.7 587.5 594.5 601.8 615.2 622.9 636.6 648.3 668.3 662.6 646.1 631.4 616.7 600.4 586.6 573.9 564.6 555.4 548.5 541 531.6 518.3 496.8 465.5 431.5 399 378 364 347.7 333.4 322.7 312.9 302.9 294.5 287.5 278.1 270.7 264 260.3 251.1 250.4 249.3 263.8
548.7 530.2 531.4 533.4 532 531 528.1 523.3 520.3 516.9 511.7 501 492.4 486 474.8 466.7 458.1 432 408.5 416.8 443.3 465.8 477.8 493.7 508.8 520.3 530.1 535.8 539.3 546.5 550 554.5 556.1 560.8 566.9 574 580.1 586.5 596.4 609.9 616.4 629 641.6 663.5 664.2 651.5 634.5 618.5 602.1 587.5 573.9 563 554.4 546.8 538.9 529.1 516.6 487.1 455.9 422 390.6 370.4 356.3 342 330.7 320.8 311.3 302.4 294.8 287.1 279.8 272.9 266.3 260.4 253.1 248.7 248.4 261.1
545.4 546.4 545.5 545.8 541.1 537.8 533.7 528.6 524 519.6 513.9 507.6 501.8 493.5 485.1 474.8 461.6 440.2 411.3 406.9 435.6 451.3 473.7 483.4 500 509.8 517.7 528 532.3 536.4 540.6 546.8 549.7 552 558.7 564.9 572.5 580.6 589.6 600.9 611.8 621.9 636.3 656.1 664.7 653.7 636.2 618.3 603.6 589.1 574.8 562.3 553.8 544.3 536.6 526.8 515.6 492.7 460 430.9 399.2 377.9 362 348.6 333.7 321 310.3 301.3 292.4 285 277.8 272.1 266.8 260.9 255.6 248.8 248.7 259.6
563.1 562.3 555.6 553.3 547.6 543.7 540 535.1 530.6 524.4 519.1 512.8 507 500 492.1 478.5 468.2 442.1 413.4 402.8 421.8 441.5 458 474.1 488.6 500 507.7 515.3 521.7 528.4 531.8 536.3 540.7 546.1 550.2 559.1 567.7 575.9 585.5 593.8 606.6 616 630.7 651.2 665.1 655.6 636.3 618.8 603.5 587.3 575.5 562.5 553 542.8 534.9 526.2 515.6 501.8 479.3 450.3 420.4 394.2 372.7 355.4 338.9 322.1 310.4 299.8 290.8 284.3 276.2 271.3 265.7 260.7 251.8 246.3 246.1 250.2
570.4 567 564.7 562.7 557.4 551.6 547.8 541.3 536.1 530.4 524.8 518.2 512 505.9 499.2 484.3 471.1 443.7 415.8 400 412.6 430.8 447.5 457.9 471.8 488.1 498.5 505.2 509.3 516.1 519 524.9 529.3 537.8 544.3 553.5 563.3 573.2 581 589.5 601.8 611.3 626.7 642.6 663.5 656.4 636.9 617.2 602.9 587.6 575.2 561 551 541.7 533.3 525.6 515.5 504 488.9 469.4 443.9 415.2 386.9 363.9 348.7 326.8 311.8 300.2 289.6 282.5 276.2 269.7 265.4 259.9 250.8 246.8 245.7 244.6
584.6 581.1 575.5 571 564.8 560.4 553.7 550.4 543.8 539.2 532 523 516.3 511.1 501.9 490.2 471.4 445.2 423.2 397.4 401 417.1 431.9 443.8 454.3 465.9 481.1 490.7 495.1 499.7 503.2 507.5 513.6 527.7 540.6 550.3 558.9 569.5 579.1 586.9 596.6 607.6 622.3 638.3 660.4 654.7 635.1 616.3 603 588.7 573.4 560.3 550.1 540.2 531.6 525 515.1 504.8 492.6 476.5 459.6 436.8 411.4 381.3 357.9 335.4 313.3 299.1 288.3 280.2 274.6 268.6 262.9 259.1 254.7 249.9 247.1 243.7
596.3 593.5 588.6 585 578.7 571.7 564 556.9 551.8 547.3 541.4 530.9 520.2 513 507.4 494.2 476 449.2 429.1 409.3 395.2 403.5 412.8 423.1 437.5 447.3 454.6 464.1 469.6 473.2 473.3 484.8 509 524.4 536.8 546.1 555.1 565.4 576 583.8 591.1 605.5 619.4 633.4 657.9 652.6 632.7 614.1 600.5 587.2 571.5 560.1 548 539 530.2 522.9 512.4 503.5 492.3 478.2 462.2 448.4 427.1 398.8 364.4 341.9 318.4 300.7 287.7 277.8 271.9 265.5 262.3 258.6 254.3 251.2 246.1 243.8
613.9 608 602.9 594.7 590.1 583.4 577.2 570.7 563.3 554.3 547.7 540.8 529.3 517.9 511.7 498.9 483.9 457.7 436.8 421.5 401.4 394.8 400.7 406.2 414.7 427 440.4 443.3 444.7 446.2 466.9 494.5 512.6 522.6 533 541.8 550.5 561 571.4 580.4 586.9 601.8 613.5 628.1 651.2 649.6 630.1 613.1 599 582.5 571.8 560 547.1 538.5 528.7 520.3 510.1 500.8 488.7 475.2 460.8 448.9 430.9 406.9 377 349.6 321.8 302.6 288.4 276.1 273.3 269.8 265.3 259.8 256.5 250.9 247.6 242.8
638 630.7 623.1 614.8 606.5 599 592 585.5 577.8 568 557.2 546.7 536.6 525.8 515.7 507.7 490.7 470.5 451 432.7 418.8 398 392.4 396 399.7 406.4 425.9 431.9 429.1 451.2 477.7 499.1 510.9 519.5 529.2 538 546.4 555.1 565.9 574.7 582.6 594.4 608 622.1 636 646.3 627.8 612.1 599.1 582.1 572.6 562.2 548.4 538.8 527.7 518 507.1 496.2 482.4 468.5 454.7 443 424.3 403 373.5 344.5 323.4 304.5 286 283 278.4 272.3 266.6 261 257.7 253.1 249.1 241.4
661.6 655 648.5 642 634.5 626.6 614.2 604.6 594.2 584.8 572.1 562.1 546.4 535.4 521.1 513.7 496.6 482.8 465.8 447.8 432.9 405.4 393.8 390.5 392.3 396.2 405.4 413.6 439.8 462.3 480.5 495.4 505.5 515 524.9 532.8 540.5 548.9 559.5 568.9 577.7 585.9 601.3 614.2 628.2 643 626.3 612.5 597.8 582.7 572.4 563.4 548.4 538.9 527.9 518.6 504.9 490.8 474.2 458.7 444.5 426.5 409.1 383.5 356.4 340.2 321.3 297.9 293.7 287.1 279.9 271.9 267.5 262 258.1 253.9 250 239.9
677.7 675 672.1 662.7 654.6 647.2 636 625.1 609.7 599.2 584.8 571 556.8 541.6 530.3 517.1 504.6 489.9 478.3 460.2 449.2 427.3 406.1 393.4 385 388.9 398 422.6 441 457.6 472.8 487.3 500.3 508.7 519.4 527.9 534.5 543.8 554 563.8 572.1 580.5 594.1 605.7 621.3 632.4 627.3 615.4 600.5 584.5 573.8 563.9 552.2 542.2 530.2 518.9 504.6 488.7 468.6 448 424.5 405.7 382.5 362.4 340.8 326 309.2 304.4 297 288.8 281.9 274.9 268.7 263.1 257.8 254 249.3 242.9
693.2 686.6 680.6 674.9 667.7 659.1 648.9 638.5 622.1 607.2 594 576.4 564.9 546.4 533.5 519.4 511 495.5 483.5 473.8 461.7 449.7 431 411.1 393.6 383.4 387.3 403.3 425.7 449 462.9 478.9 491.7 504 513.1 521.9 529 538.5 547.3 557.7 566.1 574.5 585.2 599.2 614 625.2 631.7 616.9 603 589.7 575.6 566.8 555.2 544.8 534.6 521.9 510.4 490.2 465.8 437.2 413.1 384.8 363.6 353.1 342 334.2 322.5 312.1 303 293.5 286.1 278.4 272.9 266.3 260.1 254.7 250 244.4
703.3 697.3 688.3 680.3 673.1 665.6 656 645.3 629.6 612.1 597.6 579.9 565.8 551.3 536.8 522.1 513.3 498.9 490.1 479.9 471.4 461.3 447.4 427.8 407.3 389.3 382.8 386.1 408 431.4 452.1 467.6 484.2 496.9 506.3 514.8 522.3 531.6 540.4 550.8 560.3 568.5 576.9 591.9 604.1 618.2 633.6 620.2 607 594.4 580.1 570.6 559.4 549.1 538.4 526.1 514.7 498.4 477.4 452 432.4 412.7 392.7 381.6 369.4 355.4 339.8 323.5 311 301.6 290.7 282.1 275.1 268.5 261.8 254.6 250.2 246
709.8 703.9 693.3 684.1 675.5 668.5 659.5 647.8 633.2 616.7 598.2 578.8 565.5 551.7 536.9 525.1 514.2 503.4 494.4 482.7 475 466.7 458.3 445.2 424.6 402.4 379.9 381 390.7 415.6 438.9 456.7 473.3 487.8 500.4 508.2 516.7 525.1 534.2 543.5 553.6 561.9 571.2 582.8 594.6 608.8 622.2 623.3 610.8 597.9 587.3 573.9 563.5 552.8 542 528.6 518 505.8 490.9 474.2 456.5 436.4 421 408.1 396.6 379.5 360.8 341.4 327.2 310 296.7 288.4 279 268.9 261.5 254.4 250.3 246.4
709.3 705.2 696.2 685.3 675.7 667.5 659.9 646.8 633.6 617.9 599.8 576.1 563.9 550.2 536 524.7 515.7 505.5 496.3 485.4 476.8 468.6 460.1 452.4 438.4 416.3 399.9 378 376.7 400.7 424.9 445.1 461.2 478 491.6 502.8 510.3 518.5 528.5 537.9 548 557.2 564.2 573.7 587.6 601.3 613.9 628 614.4 603 592.1 580.6 566.3 556.8 545.9 533.7 522.3 510.9 499.6 488.3 475.6 460.3 448.7 438 425.5 407.3 385.2 363.2 345 327.9 311.3 296 283.4 272.5 261.6 255.4 251 246.3
708.4 702.7 692.4 684.5 674.3 664.4 656.9 644.4 629.7 613 588.7 573.4 560.3 546 533.7 523.7 514.9 506.1 496.6 487.6 478.1 468.9 460.8 451.4 439.5 427.5 407.4 385.4 375.3 384.2 411.2 432.2 450.6 467.4 482.2 495.3 504.1 513.3 523.7 531.6 542.1 551.9 558.5 565.9 580.9 592.7 606.7 621.3 617.3 606.6 594.3 585 571 560.1 549.3 537.2 526.1 514.8 505.3 495.9 485.8 475.9 467.4 457.2 446.3 434.2 413.3 388.8 366 346.8 326.6 307.1 289.7 275.5 263.3 257.4 252.9 250
705.3 698.9 691.2 681.7 670.4 661.6 650.3 635.3 620 603.8 582.3 567.4 553 541.7 530.5 523.1 515.1 505.9 495.7 488.1 479.6 466.2 450.4 430.9 415.6 404.3 394.2 384.2 375.3 373.9 398.7 419.9 441.6 459.9 474.9 488.9 498.6 508.2 515.7 526.5 535.1 544.4 553.8 560.6 572 584.7 600.1 611.5 625.1 610.5 600.5 589.6 575.5 564.1 553.5 541.1 529.3 518.3 509.9 502 492.9 486.6 478.3 469.8 459.4 447.9 433.9 416.1 389.6 367 344.4 321.6 300.3 280.4 266.4 260.8 255.8 254.5
