public/OST50/SO25.asc
ncols 200
nrows 200
xllcorner 320000
yllcorner 250000
cellsize 50
[rows 0 to 34 of 200, columns 0 to 77 of 200]
249.9 262 271.5 284 294.3 303.4 311.8 320.4 332.7 346.9 360.3 368.3 379.3 386.9 391.5 394.6 398.4 398.1 398.4 399.2 400.9 402.8 406.4 414.9 420.1 417.6 418 418.3 414.5 411.2 402.2 390.8 378.9 367.4 355.9 344.5 332.7 322 314.5 310.2 304.1 289.2 285.3 281 283.1 280.6 275 268.2 260.2 251.8 247.5 247.1 243 235.9 229.7 226.3 224.4 221.8 218.4 216.5 215.5 214.4 213.7 213.2 212.6 211.8 211.5 211 210.2 209.4 208.6 208.3 207.9 207.3 205.9 205 206 205.6
270.5 285.1 302.5 315.8 326.8 335.4 342.5 350.7 359.5 369.9 380.7 392.9 398.4 397.6 399.5 403.4 405.8 405.9 404.7 404.1 404.8 406.1 410.1 416.2 420.1 422.3 423.1 422.9 421.4 414.1 404.1 393.3 383.2 371.7 361.6 351.2 340.3 329.2 323 316.1 310.4 306.9 300.2 295.4 291.5 288.6 283.3 278.4 269.2 264.5 257.5 241.4 238.1 235 233.3 231.6 229 223.9 219.8 217.8 216.1 214.3 213.4 212.7 212 211.9 211.8 210.7 210.1 209.3 208.1 208.2 207.9 207.1 206.8 206.3 205.7 205.7
301.6 319.1 327.9 336.3 343.3 350.3 359.3 369.1 381.4 394.5 401.1 403.7 402.3 401.9 404.9 408.7 411.6 413.4 411.1 409.1 409.1 410 412.4 416.4 421.3 424.4 425 426.7 423.2 413.7 404.5 394.9 386.1 378.4 368.9 357.3 346 337.9 331 325.4 322.3 315.8 307.9 302.3 297.5 291.9 287.9 281.4 271.7 265.1 259.3 252.3 246 242.4 239.1 235.3 231.9 225.4 223.1 219.5 216.9 214.7 213.5 212.8 212.1 211.8 210.8 210.5 209.9 209.1 208.3 207.6 207.6 206.7 206.6 206.1 205.4 205.1
322.5 331.3 338 345.3 355.4 366.5 377 389.8 401.6 406.5 407.9 406.5 405.9 408.2 410.8 412.7 415.1 416.7 413.4 412.1 412.4 412.9 415.2 417.8 420 423.2 423.9 423.4 418.4 411.9 403.6 394.9 387 379.7 373 362.9 353.5 345.7 339.2 333.1 327.4 320.9 314.4 306.9 299.9 293.9 287.9 281.9 271 265.9 259.2 253.4 247.8 243.8 239.5 235.5 232.2 230 229.8 225.4 218.7 215.9 213.2 212.3 211.9 211.6 210.7 209.8 209.7 209.3 209.2 207.3 207.6 206.8 206.6 205.9 205.3 204.8
332.6 341.3 351.4 361.5 372.6 381.1 392.8 403.7 407.2 409.1 408.8 408.4 410.5 411.1 414.1 415.6 414.1 411.4 410.9 411.4 412.6 414.5 416.1 417.5 418.5 418.6 419.4 418.4 416.5 409.9 401.8 392.7 385.1 379 372.3 364.7 357.7 349.9 344.6 337.3 331.5 323.9 316.1 308.8 301.2 293.1 287.3 280.8 274.1 267.8 261.6 255.1 249.5 243.7 237.8 233.8 232.3 231.3 229.9 224.1 220.3 216.5 213.6 212.5 212.3 211.6 210.8 210.1 208.9 208.5 208.4 207.8 207.4 206.9 206.3 205.9 205.4 205
346 357.6 369.1 378.8 385.6 391.6 398.9 406.8 409 408.3 407.7 406.8 407.5 408 407.6 406.3 406.5 406.6 407.3 408.8 412.1 414.6 414.6 414.7 415.2 415.6 415.8 417.2 417.8 405.7 394.8 387.4 382.2 379.5 373.4 366.5 357.8 350.2 344.5 338.2 330.6 323.8 315.8 308.7 300.7 291.9 285.6 280.2 274.1 268.1 261.9 254.6 247.6 241.5 236 232.2 232 231.4 229 223.3 219.3 215.5 213.5 213.2 212.5 211.7 210.9 210.2 209.2 208.3 207.9 207.7 207.1 206.7 206.2 205.8 205.5 205
357.3 376 383 388.4 390.4 393.8 399.6 402.5 405.4 404.5 402 399.9 400.2 401.4 402.2 402.6 401.7 403.1 405.5 409 413.4 413.7 412.9 412.1 414 415.2 409.2 406.6 397.3 390.5 385.3 381.9 381.1 380.1 370.6 363.1 353.7 346.1 340.8 335.2 328.7 321.5 314.1 306.3 299.2 291.4 284.2 278.3 272.3 266.1 259.8 252.1 244.8 238.6 234.4 230.5 230.9 229.9 226.3 221.3 217.1 214.6 213.9 213.5 212.8 211.9 211 210.2 209.2 208.4 208.2 207.6 207 206.2 205.6 205.2 204.9 204.6
348.3 366.8 382.1 389.4 388.8 388.9 388.6 387.4 386.9 388.7 390.3 392.4 395.8 397.8 399.2 399.3 400.3 403.2 405.1 407.1 409.6 409.5 408.1 411 406.1 396.2 389.8 385.6 382.8 379.8 377.7 376.3 371.4 365.9 361.2 353.2 346.3 340.2 336.4 330.8 324.9 318.4 311.4 303.9 296.8 289.9 282.6 275.5 269.3 262.4 255.1 247.4 241 235.3 230.5 227.3 228.9 227.2 223.6 219.3 216.8 215.4 214.1 213.7 213.2 212.6 211.9 209.3 209 208.3 208 207.4 206.7 206 205.3 204.7 204.3 204.2
332.4 344.9 357.2 369.7 379 380 379.7 379.4 380.8 382.8 385.4 390.3 390.1 390.9 391.5 397.4 398.1 397.7 399.1 400.7 400.9 399.7 390.8 387.9 382.7 378.9 376.4 374.9 373.4 371.7 369.5 364.3 359.1 354.5 348.8 343 337.6 333.3 329.9 323.6 318.4 312.7 305.2 298.6 291 284.5 278.1 271.4 264.3 257 251.2 244.5 238 232.5 228.1 225.5 225.1 223 220.7 217.7 216.5 215.6 214.5 213.7 213.3 212.1 209.5 209.8 209.6 209.1 208.1 207.2 206.5 205.8 205.1 204.5 203.4 202.6
320.9 330 338.6 346.3 356.7 366.7 371.8 374.7 376.1 380.4 384.5 387 384.9 384.1 381.6 383.8 390.5 388.2 385.9 383.9 379.9 376.3 371.9 370.2 368.8 367.4 368.1 368.5 366.2 364.2 358 352.2 346.5 341.9 337.4 332.4 328.2 324 320.2 315.4 308.9 304.6 298.9 291 283.6 277.4 271.6 264.7 259.5 253 246.3 241 235.6 230.5 226.6 223.9 221.9 220.4 218.8 217.9 216.6 215.8 214.7 213.6 213.1 211 210.9 210.4 209.2 208.5 207.6 206.8 206.1 204.7 204.5 203.9 204.2 203.5
311.7 320.9 329.4 336.9 343.8 350.2 356.7 365.1 369.2 372 374.7 377.8 378.3 376.1 373 372.3 372.1 372.4 370.8 366.3 362.1 359.9 357.6 358.4 358.1 358.9 357 353.3 352.2 349.7 346.1 341.1 335.3 328.9 321.9 322 318.2 314 309.3 305.1 301.4 296.9 290.1 284.1 278.2 271.4 265.6 259.8 254.2 247.9 242.4 237.3 233.3 229.3 225.4 223.1 221.1 220.1 218.9 218.1 217.2 216.2 215.1 214.4 211.9 211.8 211.7 210.9 209.9 208.7 207.8 206.4 206.5 205.9 205.6 204.5 204.1 203.5
305.8 314 321.7 329 335.2 341.8 348 353.1 359.6 364.1 366.5 367.7 367.8 367.2 365.3 362.9 360.9 357.6 353.4 350.5 347.1 344.2 343.3 342.3 341.2 341.1 340.3 338.5 336.7 334.1 331.3 326.9 321.7 319 316.4 312.3 307.9 304.6 300.5 296.3 292 286.7 281.7 276.8 271.4 266.6 260.8 255.5 250 244.5 239.6 235.1 231.6 227.7 224.7 222.7 221.7 220.6 219.6 218.7 217.7 216.7 215.3 214 213.8 212.8 211.8 210.9 209.9 207.9 206.9 207.2 206.7 206 204.9 204.3 204.3 203.7
298.9 303.2 309.8 319.2 325.8 332.5 338.6 346.9 352.7 356.6 361.7 363.3 364.9 363.9 359.9 354.7 352.5 342.3 337.6 333.5 330.1 326.2 323.8 321.7 321.3 322 322.8 322.2 321.1 319.2 317.4 315.1 313.2 309.7 306.2 302.6 299.1 295.4 292.7 288.1 283.7 279 274.4 269.6 264.7 260.2 255.7 251.1 246.2 241.4 236.9 233 229.5 226.4 224.3 223.4 223 220.8 219.9 218.9 218.1 215.2 215.3 215 214.1 212.6 212 210.5 209.6 208.9 208.5 207.8 206.9 206 205.5 204.9 204.3 202.9
301.4 304.1 304.7 304.2 312 321.5 329.7 339.7 351.1 358.8 364.1 365.7 366.9 366.6 363.1 359.1 354.5 347.6 340.3 322.1 307.6 311.7 311.5 310.4 307.1 304.9 304.9 305.9 305.5 305.4 305.7 306.8 304.9 301.1 297.7 294.5 291.3 286.7 284.2 280.1 275.9 270.4 265.4 260.9 256.7 253.2 249.4 245.5 241.7 237.8 234.2 231.2 228.4 225.8 224.2 223.2 222 222.5 219.7 217.4 216.6 215.8 215.8 215 214 213.1 211.4 211.2 210.4 209.5 208.9 207.8 206.7 206.3 205.7 205 204.6 203.6
315.9 314.5 316.2 318.3 323.3 331.2 341.3 350.9 357.8 364.5 367.7 369.9 370.9 370.6 368.9 365.7 360.6 353.7 346.7 338 325.3 314.9 300.7 295 290.4 285.7 284.2 289.9 290.8 291.9 296.2 297.4 295 293.3 290.9 286.8 283.3 278.8 275.2 270 266.1 261.6 257.3 253.3 249.8 246.5 243.6 240.8 237.9 235.1 232.3 229.2 226.8 225.6 225 223.7 222.6 220.7 218.3 218.9 217.9 216.8 215.7 214.9 214.1 213.2 212.2 211.8 210.9 210 209.2 208.1 206.8 206.1 205.3 204.7 203.6 203.5
324.2 326.4 327.3 329.9 334.5 341 350.4 359.2 365.4 370.4 373.9 376.4 377.7 377.9 375.9 372.7 366.6 359.4 353.4 346.8 337 327.9 315.6 305 306.1 303.8 297.3 287.7 275.3 279.1 284.8 286 285.9 283.6 281.3 278.8 274.9 270.3 265.8 261.8 257.7 254 250.5 247.3 244.1 241.5 238.9 237.1 235.2 232.4 230.3 228.2 227.5 226.5 224.9 224.3 220.2 221.4 220.8 219.9 218.3 217.2 216.3 215.5 214.7 213.8 213 212.1 211.1 210 209.1 208.2 207 206.4 205.4 204.6 202.6 202.8
335.9 335.5 337.7 341.3 347.3 354.8 363.9 371.5 377.2 380.7 382.1 383.5 384 383.6 382.2 377.7 371.8 367.1 365.1 357.2 349.8 341 331.7 319.2 305.9 303.5 300.7 294.5 289.9 279.4 269.5 275.5 276.8 275.7 273.8 271.4 267.9 263.7 259.5 255.7 253 250.1 248.2 246.5 244.3 241.8 238.2 234.8 233.4 231.4 229.9 229.3 228.2 227.1 225.8 224.5 223.3 222.3 221.5 220.5 218.7 217.7 216.9 216 215.2 214.2 213.2 212.1 211.1 210 209 208.1 207.1 206.4 205.1 203.2 204.4 204
348 350.9 352.5 359.2 366.9 374.9 382.8 388.5 393.3 396.7 398.1 397.2 395.1 392.1 388.2 382.8 376.4 371.6 371.7 370.6 363.1 353.6 344.2 334.1 323.6 304.5 295.5 284.3 278.6 274.5 271.4 264.8 273.3 276 272.1 268.3 264.5 262.1 261.9 260.3 257.5 254.2 250.9 247.4 244.2 240.9 237.7 235 233.6 232.3 231.1 229.7 228.6 227.3 226 224.7 223.6 222.5 221.4 220.3 219.5 217.4 217.2 216.3 215.3 214.3 213.2 212.1 211.1 210.1 209 208.1 207 205.3 205 206.5 206 204.9
364.3 369.4 373.6 379.8 387.1 393.2 397.6 401.7 405.6 408.8 409.3 407.9 404.2 400.5 393.7 386.4 381.4 379.9 379.8 378.8 374.3 365.4 354.9 344.2 332.9 321.9 311.8 300.3 293.8 287 279.7 267.2 265.6 278.5 276.4 271.5 268.4 265.1 262.3 258.5 254.5 251.4 247.9 244.6 241.5 239 237.7 236.5 234.4 232.9 230.9 230.1 228.9 227.3 225.9 224.7 223.4 222.2 221.5 220.6 219.7 218.4 218 216.8 215.3 214.3 213.2 212.1 211.1 210.1 209.1 208 206.9 205.9 208.1 208.7 207 205.4
380.9 385.6 389.1 396.7 403.3 407.9 411.2 414.8 417.5 419 418.9 417.4 414.2 408.5 399.8 391 387.4 385.3 384 383.7 379.3 371.4 360.7 345.6 335.9 322.7 310.9 302.7 296.9 291 283.3 267.9 261.5 262.8 262.4 259.4 256.8 254 251.6 249.4 247.9 245.9 244.3 242.9 241.4 240 238.4 237 235.4 233.4 231.2 230.3 228.8 227.2 225.7 224.1 224 223.2 222.5 221.8 221.2 220.3 219 217.6 215.6 214.5 213.5 212.4 211.1 210.1 209 207.6 206.9 207.6 209.4 209 207.2 205.8
392.3 395.4 399.8 406.2 412.5 416.7 419.2 421.3 423.1 424.4 426.2 425.8 423.4 418.9 405.1 394.7 390.9 388.8 387.4 387.5 383.6 374.8 361.6 347.3 331.1 317.9 307.5 299.9 290.8 278.7 270.2 270.1 267.2 262.6 258.5 255.6 254 255.9 253.4 251.5 249.5 247.9 246.6 246.3 245 244.2 243.2 240.5 237.6 234.9 231.6 229.8 228.6 227 225.7 225.7 226 226 225.5 223.8 222.1 220.9 219.7 218 216.6 215.4 214.5 213.4 211.6 210.1 208.8 207.9 206.8 207.7 208.2 208.1 207.4 207.1
400.1 403.2 407 412.8 418.4 422.3 424.5 426.1 427.8 428.9 430.2 427.8 422.1 412.6 402.4 398.7 395.1 393.1 391.4 390.2 386 378.3 366.4 350 334.9 321 309.1 299.9 285.6 294 289.9 287.3 283.6 279.2 275.9 273.5 271.5 269.2 267.9 265.2 260.7 257.4 254.4 251.3 249.5 247.3 244.9 241.8 237.9 234.6 232.4 231 229.3 228.4 228.5 228.8 228.8 228.1 226.5 224.6 222.9 221.3 220 218.9 217.6 216.3 215.3 214 212.3 210.5 208.8 207.5 207.4 207.7 208.2 208.9 209.4 208.7
406.5 411 411.9 417.3 422.9 426.8 428 428.6 430.2 430.6 428 423.5 417.8 418.1 413.3 402.1 399.2 397.7 395.6 393.7 389.3 381.4 370.5 358.6 342.1 327 316.1 309.2 307.6 302.2 302.2 300.3 297.3 293.4 291.9 288.5 282.9 278.3 273.1 268.4 263.8 260 256.2 252.8 251.2 248.6 245 241.3 237.5 236 234.2 232.5 230.7 231.4 231.7 231.6 230.4 228.9 226.7 224.7 222.8 221.3 219.7 219.7 218.6 217.3 215.7 214.1 212.3 210.3 208.7 208.5 208.5 208.7 210.1 210.6 210.5 209.8
410.5 415.4 417.5 421.1 425 429.3 430.8 431 432.1 428.3 424.5 421.4 420.3 424.1 418.8 406.5 401.9 400.3 398.4 395.8 392.9 387.5 376.5 358 347.4 335.2 325.5 318.8 311.5 310.2 308.2 305.2 302.5 299.4 295 287.6 284.6 279.5 273.8 268.5 264.5 261.1 257.1 253.8 251.3 247.9 244.1 240.5 238.2 237 235.7 233.8 233.4 233.7 233.5 232.5 230.7 228.1 225.9 223.4 221.5 221.1 220.8 220.4 219.3 217.3 215.1 213 211.3 209.8 210.2 211.3 211.7 211.6 212.4 212.1 211.6 211.3
415.2 419.5 421.9 424.3 426.8 430.5 432.5 431.6 428.7 425.2 422 426 429.7 429.1 427.9 410.5 402.8 400.8 400 398.6 396.3 391.9 379.9 363.8 347 338.7 330.3 323.9 319.4 316.1 311.9 308 303.7 299.3 294.3 289.5 283.5 278.1 272.3 268.1 264.1 260.8 256.1 254.2 250.1 246.3 243.5 242.5 240.1 237.8 236.3 234.6 235.5 235.6 234.8 232.9 229.6 227.2 224.2 222.4 221.1 220.4 220.3 219.6 218.6 216.3 214 211.8 210.3 210.6 212.6 214.1 214 213.7 213.9 213.7 213.1 212.7
419.4 423 425.2 426.4 429.2 432 432.3 429.3 426.4 425.8 430 437.2 441.4 439.7 433.1 412.2 403.9 402 401.7 401.2 400.1 392.3 378.5 363.4 347.5 338.7 332.2 327.2 323.3 317.8 312.2 306.8 302 297.6 292.9 287.8 281.6 276.1 270.6 266.3 261.7 258 254.5 251.1 248.3 244.8 242.4 241.7 240.2 238.5 236.7 236.9 236 235.8 233.5 231 228.3 224.9 223.1 221.8 221.1 220.9 220 218.8 217.5 215.1 212.9 211.6 211.2 212 214.4 215.7 215.5 215.4 215.3 214.7 214.3 214.4
423.5 426.2 427.5 428.4 431.4 432 429.6 426.7 427.8 432.5 438.9 444.1 443.9 437.9 420.1 408.7 404.6 403.6 403.4 402.3 399 385.6 372 357.6 343.1 335.4 332.2 329.1 324 317.9 311.1 305.1 300.6 296.5 291.7 286.1 279.6 273.7 268 263 258.7 255.2 251.9 248.1 246.6 244.3 242.4 240.8 239 238.2 237.6 237.3 236 233.2 231.4 228.8 225.4 223.7 222.2 221.4 221 220.4 219.4 218.1 216.2 214.3 213.1 212.1 212.3 213.5 215.1 215.8 215.9 215.9 215.6 215.9 215.7 215.6
426.4 428.3 429.9 430.6 431.6 429.7 427.8 428.9 434.7 439.9 446.9 441.5 430.3 418 410.5 406.6 404.2 404.4 402.7 398.9 387.3 374.8 359.8 345.5 336.2 332.4 331.3 329.1 322.8 316 308.5 302.8 299 295.2 291.5 285.5 279.4 272.5 265.5 261.2 257 253.6 251.8 249.3 246.5 244.2 241.9 239.4 238.9 237.7 236.7 235.9 234 231.7 229 226.4 224.5 222.7 221.6 220.8 220.1 219.3 218.4 217.2 215.8 214.2 213.1 212.5 212.8 214.2 214.6 214.6 214.4 214.6 214.9 216 216.1 216
429.2 431.2 433 432.2 428.6 428.3 431.3 433.4 435.1 428.2 422.1 416.3 412.4 409.5 406.6 403.6 403.9 402 397.2 387.2 374.4 359.3 345.9 336.3 331.5 329.4 328.6 324.8 319.4 311.6 304.2 298 293.1 289.3 284.9 280.6 274.9 268.4 263.7 260.3 257.2 254.1 251.3 248.4 245.4 243.4 241.5 239.4 236.8 235.7 234.5 233.2 231.4 229.3 226.7 224.9 223.1 221.4 220.4 219.5 219 218.6 217.6 216.5 215.2 214 212.8 212.7 213.2 213.2 212.9 212.4 212.5 212.6 213 213.6 214.5 214.3
433 435.4 435.3 429.4 428.7 432.5 430.3 419.5 412.7 409 409.4 409.4 408.1 407.6 404.1 400 397.7 390.5 383.7 372.4 357.9 344.1 335.4 329.9 327.4 324.5 323.1 318.7 312.9 306 299.7 294.3 288.4 283.4 278.6 274.5 269.8 265.9 261.8 258 255.1 252.5 249.9 246.9 244.3 242.3 240.4 238.1 236.3 232.4 232.1 230.1 228.8 226.9 225.3 223.5 221.8 220.4 219.2 218.2 217.2 217 216.1 214.9 214.3 213.2 212.7 211.5 211.6 211.2 210.7 210.5 210.5 210.5 210.6 211.1 211.7 211.9
434.5 435 431.5 428.8 429.6 427.9 413.8 407.7 406.2 405.9 406.7 406.7 407 406.2 400.7 393.1 384.1 376.4 366.7 354.7 343.2 332.7 327.5 325 322.5 318.1 315.4 310.4 304 298.3 293.6 288.1 283.2 278.8 274.4 270.4 267.1 263.5 259.4 255.7 252.6 250 247.1 245.9 243.5 241.4 239.9 237.9 235.8 233.4 229.8 227 225.8 225.3 223.5 222 220.7 219.7 218.6 217.1 216.4 215.8 214.9 213.5 213.6 213.5 212.7 211.5 210.2 209.7 208.9 208.5 208.4 208.4 208.5 208.8 209.3 209.9
436.6 432.9 429.1 430.2 437.6 423.9 408.3 405.5 402.9 402.2 403.7 404.5 405.4 401.7 394.3 383.9 370.8 359.2 348.1 337.6 328.9 324.4 320.1 313.9 312.8 309.2 303.9 300 294.9 290.5 286 281.5 276.7 273.3 269.4 265.7 262.8 259.3 255.9 252.6 250.3 248.3 246.8 245.8 244 242.1 239.9 237.5 235.3 232.8 230 227.4 225.4 222.9 221.2 220 218.8 218.2 216.7 216.4 215.6 213.6 214.2 213.8 212.4 211.6 211.3 210.3 209.5 209.1 208.2 207.3 207.1 207.2 207.1 207 207.7 209.4
436.2 432.3 430.1 433.9 427.1 413 406.2 404.5 403.9 401 396.7 397.5 396.7 391.7 381.9 364.3 350.5 337.8 330 322.9 318.2 314.4 308.9 305.1 302.5 298.7 293.4 288.8 285.3 282.1 277.6 274.4 270.8 267.6 263.9 261.3 258 255 252.4 250 248.4 246.8 245.4 244.5 243.2 241.4 239.4 237 234.3 230.5 227.6 225.3 222.4 223.7 223.1 221.9 220.9 220.1 219.2 217.8 216.4 214.2 214.1 212.5 211.9 210.5 209.5 208.1 207.3 207.6 207.7 207.4 206.3 206.1 207.2 206.3 205.5 209.4
427.7 427.9 424.3 418.6 411.5 406.9 404.1 404.2 402.6 396.9 389.3 381.2 376.4 364.3 350.7 338 327.6 319.7 313.8 310.9 306.9 303.2 296.7 291.8 288.9 285.8 280.6 276.3 273.5 272.2 270 267 263.8 260.7 257.8 254.6 251.6 247.9 245.3 246.3 244.1 242.8 242 242.9 242.5 240.9 238 234.9 231 226 225.7 227.2 226.7 225.6 224.4 223 221.9 220.3 219.4 217 217.1 216.6 215.9 214.2 213.1 211.6 210.4 209.5 209 206.5 207.2 207 206.1 205.4 207.3 206.3 204.2 205.1
416.5 413.5 411.5 409.8 406.7 405.5 405 403.1 398.7 390.1 378.5 353.5 349 337.1 325.7 316.7 309.9 304.7 299.7 296.8 292.4 287.9 283.1 278.6 275 270.6 269.3 263.9 262 259.4 258.2 253.6 251.6 250 247.9 248 245.8 246.4 243.6 243.1 242 240.3 236.7 235.8 238.8 238.8 235.1 229.7 231.9 233.7 233.3 231.6 229.7 228.1 225.7 223.7 221.9 220.8 220 219.6 219.5 217.5 216 214.3 212.8 210.5 210.4 208.5 208.5 206.8 206.1 206 205.3 204 203.6 203 202.3 202.3
