public/OST50/SO25.asc
ncols 200
nrows 200
xllcorner 320000
yllcorner 250000
cellsize 50
[rows 105 to 139 of 200, columns 78 to 155 of 200]
230.2 228.7 220.7 216.3 222.7 224 220.6 217.1 216.7 220.4 223.9 223.1 225.1 225.4 225.6 226.2 226.7 227.5 227.5 227.8 228.1 227.2 226.2 220.8 225.6 229.3 233.8 236.8 239.2 241.2 243.3 245.6 246.8 248 249.5 250.2 251.9 253.3 250 251.3 251.2 250.6 250 246.9 244.2 241.2 237.6 236.1 232.4 220.4 225.5 226.1 221 222.4 222.7 220.7 219.4 218.6 216.6 214.6 212.4 209.6 209.2 208.6 207.5 201.8 196.9 188.4 177.7 175.7 175.1 175.2 183.6 183.5 183.1 183.1 182.2 180.7
232.5 229.9 225.5 215.3 214.7 214.7 213.7 213.1 213.6 214.3 210.5 212.3 213.1 214.5 214.4 214.9 216.6 216.8 218 218.5 217.4 217 215.9 211 217.6 224.1 226.4 227.3 228.3 230.1 232.2 235.1 236.7 237.4 238.1 239.7 241.7 244.4 238.8 246.1 245 241.6 241.9 238.9 236.6 234.3 231.8 229.1 228.1 222.8 216.9 221.6 218.3 218.5 219 217.4 215.6 213.6 213.4 210.6 209.9 211.4 205.8 203.6 201.7 197.6 188.9 183.8 178 175.7 176.4 181.6 183.4 183.5 183.4 182.9 182.3 181.6
235.6 233.4 228.6 225.4 220.7 220.1 221.2 224 223.3 221.7 220.1 217.7 210.1 209 208.3 207.6 206.5 206.2 205.2 205.3 206 206.8 207.3 204.6 212.3 215.9 217.7 217.8 218 218.5 218.3 220.4 223.7 225.4 225.2 224.8 227.7 227.8 226.3 231.7 230.3 228.6 227.4 226.7 225.5 223.1 222.4 221.4 220.1 217.7 205.5 215.1 213 216 214.7 214.1 212.8 210.3 207.6 206.7 207.7 206.8 202.3 197.5 194.1 191.4 186.1 180.4 176.9 176.2 178.4 181 183.7 184.7 183.5 182.8 182.5 181.8
233.2 233.4 231.3 230.1 228.5 228.5 229 228.7 227.7 225.7 225 224.4 223.4 221.8 220.4 219.3 216.8 214.5 211.8 210.4 204.3 203.2 203 202.4 202.3 203.4 203.3 204.3 206.6 209.2 208.9 209.6 211.4 212 212.9 210.7 214 215.4 213.3 215.5 214.1 212.2 212.9 212.1 213 212.6 214.7 215.1 213.3 211.9 201.7 207.5 206 210.3 210.7 208.8 207.8 206.3 205.6 202.5 202.4 201.7 198 194.5 190.3 186.7 184.3 179.8 176.8 176.5 183.5 185.1 187.3 186.6 184.1 183.8 182.9 181.7
237 235.2 234.1 233.7 233.6 234.7 234.8 235.3 234.2 232.3 231.9 231.6 230.9 230 227.6 226.7 225.2 222.6 220 216.7 213.5 209.8 209.6 207.1 204.7 201.3 200.5 200 198.9 198.2 197.2 198.1 200.1 202 201.2 201.3 201.9 201.9 201.7 202.4 200.3 197.7 196.2 193.6 194.5 194.9 197.7 200.8 202.2 202.4 198.5 202.3 197.7 206.1 206.2 204.2 201.7 202 200.4 198 195.7 195.7 193.7 191.5 188.6 185.4 180.5 177.5 176.1 175.8 187.5 188.9 188.6 188.6 186.6 185.7 183.4 182.2
240.8 239.5 238.8 238.6 240.1 241.9 242.6 243.5 243.4 242.5 242.5 242.6 241.3 239.8 237.3 234.7 231.9 228.6 225.9 223.9 220.8 217.8 216.2 214.7 213.5 211.9 203.7 207.1 207.1 204.5 202.1 199.1 195.9 196 195.1 193.7 194 193.1 192.2 192 192.1 190.7 190.6 189.3 189.5 188.7 188.7 188.2 187.7 187.7 189.5 193.6 191.8 199.3 200.5 199.1 195.3 192.2 192.7 189 186.9 186.2 182.9 179.7 179.1 179.1 178.2 178.4 178.2 177.3 184.1 189 188 185.2 183.7 183.6 183.2 182.4
251.1 249.4 250.2 249 248.4 250.6 256.6 261.1 265 267.2 267.8 265.7 262 255.6 249.6 244.5 238.9 235.3 233.4 231.6 229.4 225.6 221.7 220 219 217.1 206 212.6 209.7 208.1 207.5 206.8 204.1 203.2 201.7 200.6 201.9 202.7 202.9 202.7 202.7 203.4 204.8 203.4 203.3 200.9 199 197.1 194.9 186.8 186.7 185.9 185.1 184.7 183.7 184.2 183.6 183.6 182.3 182 182 182 186.4 187.5 186.9 185.5 184 179 178.9 177.1 183.5 189.3 185.9 183.4 182.9 183 182 182.1
261.4 258.5 259.2 261.4 256.9 266.3 278.8 286.9 290.7 291.6 289.9 287.6 281.5 272.6 262.3 254.4 247.3 243.1 240.2 238.1 235.8 232.5 228.6 225.3 223.2 217 216.6 222.8 222.3 220.1 217.2 216 216 216.7 216.7 217.8 219.4 220.2 219.5 220.2 220.1 220.5 220.3 220.1 217.9 216.4 214.4 210.5 207 203.6 200.6 197.5 196.4 195.9 194.8 194.6 193.1 193.7 193.4 193.8 193.5 194.4 194.2 191.4 187.5 185.7 183.6 179.2 178.8 178 182.7 188.5 184.3 182.2 182 181.7 181.8 181.9
268.8 264 268.7 271.8 265.6 276.8 296.8 306.6 309.6 307.9 305.2 300.9 296.5 288.9 278.1 267.2 256.9 251.4 247.8 245.4 242.5 239.3 235.3 231.4 226.2 213.7 228.7 229.1 232.9 234.4 236.1 237 238.8 239.5 241.1 241.7 240.4 238.3 236.2 234.8 234.3 234.8 235.3 233.9 233.8 233 231 228.5 225.5 221.3 216.5 214.2 210.1 209.3 209.2 207.9 206.6 206.2 203.9 201.5 201.4 197.6 192.9 188.2 186.2 184.7 181.7 178.7 178.5 179.8 183.9 186.6 185 182.4 181.6 181.7 182.6 184
273.4 271.3 273.3 280.7 273.9 286.9 304.6 314.3 316.2 316.3 314.8 311.4 305.2 298.9 290.7 282.9 273 263.5 256.1 252 249.3 244.6 240.5 233 225.7 232.4 238 239.8 248.4 255.6 258.3 259.6 260.4 260.9 259.1 256 253.3 251.9 249.4 246.7 245.9 246.6 246.5 245.1 243.7 243.3 242.2 240.2 236.8 233.3 228.8 225.3 222.6 220.1 217.7 214.8 212.1 209.7 206.3 203.7 200.7 195.5 190.4 187.1 185.5 183 179.8 178.6 181.2 184.8 188.3 189.1 189 188.4 185.5 183.7 184 184.9
282.3 278.8 280.3 285.7 283.3 294 309.8 318 323.6 317.8 314.1 308.2 301.8 296.7 291.2 285.5 280.4 275.4 270.1 263.1 256.6 248.8 241.5 233.9 220.2 242.3 251.4 254.2 258.9 265.3 267.2 268 266.1 264.1 261.8 259.2 257.7 256.5 254.8 253.1 251.6 250.9 249.6 248.1 248.7 247.8 245.1 241.4 238.3 235.3 232.3 226.6 225.7 223 219.9 215.2 211 208.4 204.5 201.2 197.9 193.4 189.3 187.2 185.2 180.5 178.7 184.3 184.7 185.6 189.8 188.7 190 189.3 188.8 186.5 183.1 182.8
288.1 288.5 289.6 291.2 291.1 298.7 311.1 320.9 321.3 315.6 309.4 303.4 297.4 293.5 289.6 283.3 276.5 271.6 266.9 261.4 256.1 251.6 244.7 235.4 222.8 244.9 256.9 260.2 262 264.4 268.6 268.8 265.7 262.8 260.7 259.2 258.3 257 255.4 253.8 251.8 250.5 249.9 249.4 248.6 246.7 243.6 240.1 237.4 235.2 230.5 225.4 224.4 220.7 217.1 212.5 208.3 204.8 201.2 198.8 195.3 190.9 188.4 186.2 181.8 180.6 179.6 187.8 190.1 191.1 189 184.3 184 187 186.9 183.3 183 184.8
295.1 295.8 297.9 300.8 302.2 303.7 312.5 320.4 318.6 312 306.1 299.8 293.4 288.4 284.6 279.6 273.1 267.8 262.9 256.9 252.1 249.3 245.1 234.4 237.1 249.6 260.4 262.5 262.6 263.8 265.4 266.2 263.6 261.6 259.8 258.1 256.7 254.9 253.7 252.3 250.1 249.1 249 248 245.8 243 239.8 237 234.8 232.3 228.1 221.2 218.1 215.7 212.6 208.7 204.9 202 199.5 196.6 191.6 187.8 185.7 181.3 180.5 180 188.7 192.9 191.6 188.7 188.2 183.5 182.9 182.8 183.7 186.7 186.6 187.9
300.8 304.2 303.5 305.1 306.2 307.9 313.2 314.8 312.7 307.6 301.2 295 289.3 284.2 280.1 275.6 272.1 269 260.6 254 249.3 245.3 235.4 243.5 244.1 256.3 263.5 263 263 263.8 263.3 262 261.5 259.6 256.7 254.8 253.1 251.8 251.6 250 249.4 247.9 247.2 245.5 242.7 239.1 236.1 233.5 231.1 228.1 224.5 218.6 214.3 212.1 208.6 204.9 202.3 199.4 195.8 190.4 183.4 180.5 180.1 180.5 180.6 191 194.8 193.1 190.6 187.5 185.1 183.8 182.9 183.2 186.5 188.9 189.4 191.8
305.1 302.5 303.1 304.5 305.3 309.3 312 309.7 306.5 301.6 295.7 290.5 286.9 283.7 281 280.3 274.6 266 259.9 255.3 251.3 239.1 246.5 248.6 251.5 261.5 263.5 262.2 262.5 263 260.6 257.3 257.3 256.1 253.6 250.3 248.1 246.6 248.4 247.1 246.2 245.6 243.4 241.7 238.6 235.2 232.4 229.4 227.3 224.2 219.6 214.8 211.3 209 205.6 201.4 196.2 193.1 185 182.7 182.8 185.7 187.8 191.7 193.1 194.2 192.7 191.5 189.2 186.7 186.9 183.9 183.1 185.7 189.8 191.1 193.2 193.4
308.9 304 301.2 300.1 301.1 304.9 308.1 305.3 301.3 297.1 291.8 289.9 287.7 288 283.7 279.4 274 268.9 260.7 254.8 247.5 249.8 252.6 253.1 259.2 264.4 263.6 262.1 260.5 260.3 257.1 252.7 251.5 250.5 249.2 246.1 244.2 243.1 243.6 243.2 241.4 240.1 239.6 238 234.5 230.9 227.8 225.3 223.6 219.6 215.7 212.2 207.4 205.1 200.3 195.7 190.5 185.8 182.7 186.6 190.7 191.4 193.1 192.1 195.4 192.3 189.9 188.9 187.3 185.5 186.2 187.5 188.9 190.9 194.8 195.7 194.7 191.3
307.1 303.1 301 297.4 297.4 300.1 303.9 300.6 296.7 291.8 289.2 287.9 285.5 283.5 280.9 277 273.6 269.4 258.7 255.3 261.2 261.1 256.8 260 265.2 266.9 264.4 261.1 256.5 254 252.2 249.1 246.8 244.2 242.9 241.9 240.4 239.8 239.2 237.2 235.4 234 233.9 233 230.4 227.2 223.2 220.9 218.7 215.6 212.8 210 203.8 198.8 195 191.8 188.4 183.4 183.8 193.5 191.9 190.6 191.7 193.6 196.4 190.7 188.8 187.7 185.9 185.3 188.7 192 196.6 197.1 196.6 196.8 194.9 193.3
307.8 303.7 300.9 297.2 295.5 296 300.4 296.9 292.7 288 286.7 283.9 280.8 278.2 275.7 273.4 270.5 266.9 259.2 272.9 268.9 264.5 263.5 265.6 266.1 264.8 262.7 259.4 255.2 251.3 248.6 246.9 243.8 240.8 239.3 237.6 236.3 235.3 234.5 232.1 230.6 229.7 228 227.8 226.1 223.3 219.9 218.2 216.6 212.6 209.3 204.2 199.7 196.4 193.2 187.6 183.4 183.8 188.6 192.8 190.3 190.9 191.3 195.4 196.9 188.9 188.5 186.3 185.9 185.5 189.3 196.2 202 199.7 198 199.1 197.1 194.5
308.4 306.9 303.1 300.5 299.6 297.6 292.7 292.9 291 287.3 284.7 282 282.1 282.2 279.3 276 272.3 266.6 268.9 273.9 266.2 263.3 263.7 264.4 263 262.6 260.2 257.9 255.4 253.3 246.8 245.6 243.2 240.8 237.8 235.2 233.5 231.1 229.8 228 227.5 226.6 222.9 222.1 222.4 219.1 215.5 213 212.8 208.1 203.2 199.2 197.5 194 189.7 186.1 184.7 186.6 192.6 191.3 191.1 190.5 191.8 194.1 196.7 191.8 189.8 189.5 185.4 188.1 194.3 199.7 205.4 200.9 197.8 197.5 199.3 196.1
308.9 305.3 303.5 302.2 300.6 298.5 294 289 287.8 287.2 286.5 285.7 283.7 275.9 270.3 267.5 264.5 265 268.8 268 264.5 263.1 262.6 261.6 261.1 260.7 255.8 254 253.6 250.7 246.7 241.9 240.7 238.1 235 232.1 229.6 227.4 225.6 222.2 221.9 220.9 218.6 216.1 213.9 210.6 208.3 206.7 203.9 202.9 198.6 195.4 193.2 191.1 189.9 187 185.2 184.2 191.6 189.8 189.5 189.8 189.3 189 190.7 190.5 197.7 189.5 186.3 194.1 200.7 208.5 209.8 202.9 200.4 200 199.4 196.8
309.5 305.2 300.5 300.3 299.1 296.3 293.3 289.7 286.6 284.9 285.5 282.6 275 279.6 276.4 274.4 273.2 272.8 270.7 269.3 267.7 266 263.9 262.3 261.3 258.8 255.9 252 248.7 247.3 244.8 242.4 239.2 236.8 235.4 233.9 232.2 229.2 227.3 223.1 220.4 218.7 216.5 216.7 212.3 207.8 206.6 205.2 199.3 201.7 199.9 197.3 194.4 193 191.3 186.3 189.2 184.3 185.7 189.3 188.8 189.5 189.2 189.1 190.5 197.9 201.7 196.8 190.6 199.8 204.3 211.1 208 203.7 200.5 199.2 200.2 201.2
309.5 305.6 303 300.4 300.7 301 295.9 291.9 288.3 281.1 287.8 289.3 286.5 283.3 282 280.1 277.5 275.6 273.6 272.8 270.1 268.2 265.8 263.7 262.3 260.7 259.1 257.2 254.3 251.5 248.7 246.4 243 241.2 239.4 236.8 231.2 232.2 230.9 228.3 226.7 225.4 224.7 221.2 213.7 214.3 210.7 203.2 196.2 195.8 195.2 193.8 193.6 191.5 191.5 192.8 190.6 184.4 185.5 192.2 190.8 189.8 191.1 196.9 198.6 199.8 201.1 195.9 197 204.6 206.8 207.5 206 203.8 202.9 201.4 203 203.4
309.8 306.4 303.5 301.7 300.7 300.8 295.2 291.3 283.3 291.5 295.2 294.7 291.8 289.6 287 284.1 281.1 278.1 275.2 272.8 269.2 268.5 266.2 264.6 262.6 260.9 258.6 256.2 253.7 251.5 249.5 247 244.5 242.2 239.6 235.4 235.6 235.6 233.5 232.1 231.8 229.3 222.2 221.5 218.4 214.2 200 195.1 196 195 193.5 193.2 192.8 194.6 195.7 195.3 191.7 187.4 185.6 187.8 192.8 194.5 197 197.8 198.3 200.1 202.4 197.9 203.8 208.2 209.5 209.5 209.4 210.3 209.2 210.2 206.7 203.6
310.3 306.3 302.6 299.9 298.6 297.3 293.3 285.7 293.1 297.6 297.6 296 293.4 291.5 288.7 286.4 283.8 280.1 276.6 272.8 270 267 265 263.3 260.9 258.8 255.9 253.6 251.4 249.5 247.7 245.7 243.4 240.8 237.3 236.6 236.8 234.6 233.4 230 224.7 224.5 223.5 222.3 217.5 212.1 196 196.7 208.9 212.4 210.7 207.5 200.9 198.5 200.1 199.9 195.3 187 186.4 184.4 190.1 196.3 197.3 197.9 198.6 200.4 203.8 205.2 209.4 211.3 212 211.9 214.3 213.3 213.1 216.9 209.2 206.1
309.4 304.9 300.7 297.8 295.4 290.7 290.3 296 299.6 300.2 298.1 296.2 293.2 290.5 287.4 285.9 282.6 280.4 277.6 273.3 269.5 267.2 263.3 261 256.9 253.7 251.7 249.7 248.2 246.1 244.1 241.5 239.1 237.5 236.5 235.5 234.1 232.4 230.9 227.6 227.7 222.4 224.7 220 216.4 210.3 198.1 197 204.8 217.7 213.4 209.7 208.3 206.4 201 199.4 195.5 189.6 187.1 186.9 190.1 193 195 198.1 198.6 200.6 204.3 205.3 212.3 214.5 214.1 212.4 215.5 216.3 217 216.7 209 206.7
306.6 303.6 299.4 295 292.8 297.3 299.6 301.1 301.4 301 299.9 298.9 296.8 293 288.3 283.9 280.9 276.7 273.5 270.4 267.5 263.4 259.8 257.4 255.5 253.4 249.6 247.6 246.4 245 243.6 243.1 238.9 235.9 233.6 232.8 230.5 228.4 225.8 228.3 230 213.3 209.2 207.8 211.6 204.4 198.3 198.3 206.9 216.8 213.1 208 204.2 202.8 194.9 194.8 196.4 190.5 186.3 188.9 193.9 195.9 195.7 198.3 199.8 202 207.3 207.7 213.3 216.7 217.2 216.3 218 219.6 218.2 216.4 213.4 208
305.1 302 295.9 298.2 296.9 301.1 303.1 304.8 304.8 303 300.3 297.5 294.9 291.4 286.9 281.7 278.1 274 272.6 268.5 265.9 263.2 261.8 259.6 257.3 254.8 251.3 247.9 246.7 245.5 243 239.8 236.4 235.5 233.7 232.5 231.3 225.5 227 227.1 219.7 228 221.7 204.3 202.4 200.1 201.1 206.3 214.6 215 210.1 201 195.3 196.8 194.3 192.8 191.5 187.5 190.4 193.7 198.7 198.9 199 200.5 202.5 205.6 209.7 209.3 215 217.6 223.5 223.3 224.4 223 219.9 219.8 217.9 212.7
303.1 300.1 296 299.4 297.9 299.8 303 304.4 303 300.9 297.3 294.9 292.1 288.2 284.3 280 277 274.3 271.9 268.9 266.4 264.6 262.9 260.4 257.9 254.3 253.8 253.3 250 246.3 242.9 240.5 238.9 242.8 241.9 240.3 240.4 237.8 233.6 231.9 231.5 222.1 208.4 202.5 201.2 203.3 211.8 217.2 217.7 214.4 209.8 204.7 194.7 194.7 193.9 195 187.6 191.8 199.4 200.3 201.5 201.4 202.3 203.4 205.5 209.1 213.2 216.7 214.4 217 223.7 223.2 224 222.1 221.2 221.5 219.2 217.2
300.6 298.9 297.3 296.9 298.9 300.5 302.6 305.3 303.4 300.5 298.4 294.2 291.3 287 282.8 280.3 279.5 276.3 273.5 269.9 267.2 265.3 262.7 264.2 263.5 261.4 260.2 255.4 254.3 249.8 246.8 247.6 244.8 246.6 245.9 244.1 243.8 243.8 235 225 214.3 206.4 202 201.1 205.1 217.6 224.1 221.5 215.6 211.4 205.5 198.6 195 195.3 197 191.2 188.5 197.9 201 201.2 201.8 202.3 200.4 199.9 201.4 208.5 214.8 218.9 215.1 215.1 217.8 221.6 222.8 222.7 221.6 221.3 221.3 219.8
299 298.4 297.5 297.1 298.8 301.6 302.4 304.7 302.5 300.5 296.7 291.8 289.8 285.7 282.6 280.5 279.8 277.1 274.4 273.3 272.9 272.3 270.7 269.6 269.2 268.5 263.1 259.8 252 254.6 255.3 254.3 251.2 252 250.1 247.6 246.9 230.8 217.1 209.6 204.9 202.7 202.5 206.5 216 224.9 218.7 210.5 205.2 201.2 199.7 197.5 196.7 199.6 198.2 189.2 188.7 200.9 201.4 200.5 198.8 197.6 198.2 199.6 201.2 205.9 208.6 212.3 211.4 215.5 217.9 222.9 226 224.3 223.1 222.1 225.7 225
300 299 297.6 298.2 299.2 301.8 304.3 305.7 303.5 299.5 295.1 291.7 286.9 282.8 280.2 279.1 280.8 279.5 278.3 278.6 278.4 277.4 277 275.4 274 271.5 264.8 263.1 250.7 259.3 262.6 261.2 256.2 256.9 254.3 247.9 228 215 208.4 204.7 204.8 206.2 210.8 221.1 218.2 217.4 214.9 209.9 204.8 198.9 197.7 200.9 199.8 199.4 203.4 189.2 189.7 201.8 202.4 199.3 197.4 197.1 200.5 202.3 203.9 206.5 208.2 208.9 211.2 212.9 217.8 225.6 227.5 225.8 224.3 226.4 229.3 226.9
300.4 299.8 299.4 299.7 300.4 302.2 304.8 306.3 306.3 305 302.6 297.2 293.2 287.3 284.3 285.2 284.4 279.6 280.6 281 281.4 281.1 279.4 277.6 276.2 272.5 272.2 267.3 259 267 267.5 264.3 261.2 259.4 244.1 223.5 213.9 208.7 207.8 211.8 218 221.7 226.9 223.1 215.9 212.3 207.1 200.7 197.1 197.1 200 203.8 203.2 203.9 199.1 188.5 188.5 201.7 201.4 198.3 197.1 198.4 206.4 207.4 207.9 207.8 209.3 208.6 210.4 211.7 217.1 225 227.6 226.7 226.5 231.8 231.1 229.1
304.9 301 300.6 301.8 302.3 303.1 306.7 308 307.2 305.8 302.8 299 294.2 290.2 286.6 285.6 282.6 280.9 280.2 280.3 279.9 279.4 279 279.1 276.4 273.6 270.3 268.5 269.6 270.8 269.7 267.2 263.1 242.8 223.7 213.8 208.5 209.7 218.2 233.3 234.4 230.8 225.4 217.1 210.3 204.5 200.2 197.2 197.3 197.1 203.4 204.8 203.9 203.2 195.7 190.2 190.1 199.6 199.6 197.1 197.5 200.4 205.2 208 212.6 213.7 212.7 211.5 209.3 211.2 215.1 223 227 228.3 228.8 232.2 231.9 227.4
308.9 306.5 305.8 306.1 305.6 305.8 307.5 307.7 307.1 305.5 302.9 299.5 293.5 290.9 288.5 286.6 284.7 283.5 282.6 282.7 281.1 278.9 277.1 276.4 273.7 271 268.7 267.6 267.3 266.5 266.8 264.4 250.1 224.9 214 208.7 211 224.4 239 235.3 228.8 224.1 217 210.4 206.9 200.5 199 197.3 197.3 197.7 200.8 204.4 204.7 202 192.4 191 198.5 199.1 199.5 200.4 202.3 206.3 210.2 210.9 215.8 217.2 218 214.4 211.2 211.8 214.9 221.5 226.7 231.8 234.5 233.2 231.9 232.3
315 313.1 312.3 311.3 310 308.4 308.5 309 308.1 306.1 303.3 300.7 295.4 292.3 290.3 287.3 284.5 282.6 280.7 279.5 279 275.5 275.2 269.5 266.8 267.4 267.1 263.7 262.3 262.7 263.4 260.4 240.8 217.6 210.9 208 223 233.8 230.1 229 223.2 217.3 210.9 207.5 203.6 204.9 200.5 197.3 198.4 200 200.8 200.4 201.4 200 190 191 202 203.9 206.4 208.7 210.2 211.6 214.7 214.1 217.9 220.6 220.4 220.2 216.2 217.6 217.9 218.4 229 234.3 235.8 235 235 236
