public/OST50/SO26.asc
ncols 200
nrows 200
xllcorner 320000
yllcorner 260000
cellsize 50
[rows 70 to 104 of 200, columns 0 to 77 of 200]
412.5 406.5 399.9 391.6 381.4 371.5 363.4 353 349.6 356.5 356.8 356.8 359 360.8 364 366.9 371 374.9 382.3 387 390.8 398.6 400.3 400.4 401.2 401.9 402.2 404 407.7 410.1 413 414.1 415.5 416.8 418 415.4 411 407 405 402.9 402.8 403.8 404.6 405.2 405.4 404.7 403.7 402.9 402.9 404.1 403.6 402.2 400.6 399 397.7 397.9 397.7 396.7 396.5 396.1 395.4 393.1 388.4 381.9 372.9 363.2 353.5 341.3 328 316.7 305 291.5 278.8 267.1 258.7 252.2 246.8 243.1
414.2 407.9 400.5 392.2 379.6 368.9 360.9 360.4 359.2 363.9 364.5 365.5 369 371.9 377.9 378.7 383.5 390.1 396.1 403.1 408.8 412.6 413.5 413.1 413.2 413.4 413.4 414.5 416.6 418.8 420.3 421.2 422.8 422.7 421.3 418.7 414.7 411.4 407.2 406.8 406.8 407.8 408.1 408.9 408.6 408.9 407.8 408 409.7 407.4 406.8 405.5 403.9 401.8 400.5 400.5 401 400.7 399 395.8 393 390 385.3 377.1 367.2 357.4 347.8 337.3 325.8 317.2 306.6 293.4 281.4 270.4 261 253.6 249.6 246.9
413 400.4 392.8 379.2 377.8 376.6 371.2 369.1 363.4 374 374.3 378.6 384.2 388.6 391.4 394.2 398.4 404.6 409.1 416.1 422.1 423.6 424.9 424.3 424.2 423.7 423.6 423.9 423.9 424.7 424.6 425.6 426.6 427.2 425.9 422.3 419.7 417.3 414.5 413 411.9 412.2 412.9 413.4 414 414.7 413.5 412.1 411.1 411.7 411.5 409.1 406.4 403.4 402 401.9 401.6 400 396.5 392.5 388.3 384.4 377.1 368.9 359 349.3 338.2 329.2 321.5 314.3 303.5 293.3 283.3 274.1 264.6 257.3 250.4 246.6
414.2 407.3 394.6 393.9 390.8 385.9 378.9 379.6 371.4 384.7 390.9 395.7 399.7 404.3 410.1 412.5 415.3 418.7 421.6 426.9 429.3 431.2 432.3 432.6 432 432.2 431.6 431.5 430.8 429.9 429.8 430.7 431.4 431.4 430.4 428.7 427.2 425.9 423.4 421.5 418.1 418.6 420.8 420.3 421.4 421.5 420.8 419.3 418.2 417.4 415.9 412.6 408.6 404.6 402.7 401.2 399.8 396.2 389.5 386 380.6 373.4 365.7 357.6 348 338.4 330.5 323.4 316.6 309.2 299.9 291 282.2 272.3 263.3 254.3 246 238
415.1 403.6 405.5 402.3 401.9 398.9 395.1 392.6 380.9 398.8 404.2 409.8 414.9 419.9 426.1 426.8 427.1 429.2 431.8 433.9 436.5 437.3 437.9 438.5 438.9 439.7 439.2 439.2 438.9 438.1 438.5 438.7 439.4 437.9 435.9 434.9 434.7 433.5 432.3 429.5 427.1 427.8 429.1 428.6 428.3 426.9 425.1 423.5 420.9 419.4 416.7 413.1 409 405.1 400.9 397.7 394.8 390.9 382.2 376.9 369.5 360 351.7 342.7 335.5 329 322.7 315.8 309.1 301.1 293.8 284 274.9 266.5 256 246.4 236.7 233.7
417.9 414.7 413.2 410.9 412.8 410.7 405.8 404.3 393.1 406.9 414.7 421.8 428.9 432.2 436.1 436.6 436.9 436.9 438.3 439.3 441.7 443.3 444 444.7 445.6 446.7 447.3 447.5 447.7 449.1 448.9 448.6 447.3 446 443.7 442.5 442.4 440.3 437.4 434.7 433.2 433 433.3 432.7 431.3 428.5 425.6 422.1 417.6 413.7 410.8 407.5 402.7 398.4 394.5 390.5 384.6 378.7 369.4 361.1 353.8 345 337.5 330.7 325.1 320.3 314.4 307 300 293 283.5 274.2 264.5 253.6 239.3 237.3 242.1 248.4
431.3 426.9 423.4 419.5 422.7 420.5 416.8 409 408.6 418.1 423.7 430.4 436.3 441 444 445.8 446.5 446 446.6 447.1 448.3 449.3 449.9 450.8 452.7 454.1 456.1 455.5 455.9 455.8 454.4 452.2 450.2 448.7 447.1 445.4 443.7 442.2 438.5 435.6 433.4 432.4 431.6 430.9 429.1 425.9 421.6 417.1 411.2 405.5 402.6 398.8 393.1 387.6 382.8 377.5 370.2 363.1 354.2 342.5 337.7 331.3 325.6 321.4 316.7 312 305.8 299.3 290.8 283 273 263.9 250 239.5 243.5 257.1 263.4 264.6
441.2 437 432.3 428.7 430.6 428.1 418.4 411 418.3 426.5 433.2 439.2 447.8 454.1 454.3 453.3 453.3 453.2 453.6 454.2 455 455.6 455.9 456.5 457.4 457.8 459.4 459.4 459.1 457.8 454.7 450.8 447.7 445.7 444.1 443.2 441.4 439.8 435.7 432.8 429.9 427.2 424.6 422.6 420.7 417.7 412.5 408.7 402 396.4 391.2 385.1 379 372.7 367.2 362.2 356.3 347 339.4 331.7 326 321.8 317.1 312.4 307.6 303.2 298.2 291.7 284.1 273.8 262.8 250.5 241.5 253.4 264.3 272.7 278.7 278.7
451.6 447.2 440.6 436.2 433 424.6 423.2 427.4 430.1 439.3 446.9 454.5 460.7 460.1 459.3 458.6 458.1 456.7 456.7 456.9 457.3 457.4 456.9 456 454.8 455.4 457.3 457.9 454.1 450.2 446.8 442 437.6 434.2 431.6 431 429.3 427 427.3 422.4 417.6 415.5 410.5 407.9 405.1 402.5 397.2 392.2 387 381.7 375.7 371.4 365 358.3 351.3 345.6 340.1 334.2 327.1 321.4 316.6 313.7 308.6 304.2 299.3 294.5 288.6 282.2 275.7 263.6 248.9 243 254.7 270.8 279.2 287.4 287.9 289.7
462.3 456.5 448.2 442.2 435.5 431.3 439 444.8 450.9 455.8 462.6 467.4 468.1 466.3 463.7 462.7 461.4 459.5 459.1 459.2 458.1 456.5 453.9 449.8 445.4 442.3 438.4 433.7 431.7 428.2 423.6 417.6 414.6 413.9 413.5 410.7 410.2 406.9 406.1 404 400.6 396.2 390.9 388.2 385.7 383.4 380.4 375.5 371.5 366.7 360 355.8 350.4 344.4 338.9 334 328.6 323.6 317 312.2 307.6 304.8 300.7 295.1 291.4 286.5 276.4 270.6 260.7 247.4 249.5 266.6 276.7 283.5 293.2 299.4 297.2 302.2
471.5 463.7 455.8 446.6 445.1 452.6 460.2 467.2 470.2 470.8 472.7 475.3 474.3 470.2 467.1 464.8 462.3 461.2 462.2 459.4 453.5 447.2 440.9 433.7 427.1 421.2 415.5 410.2 405.4 400.5 397.8 396.8 394.8 393 391.2 389.2 387.3 385.9 384.7 382.5 379 374.9 370.8 368 366.3 363.7 360.6 357.4 352.7 347.9 344.5 341.1 337.4 332.7 327.6 323.2 318.7 313.9 308.3 304 301.8 297.4 288.9 284.7 276.6 267.5 260.8 253.2 246.3 256 274.1 282.4 289.7 297.4 303.9 307.9 307.7 308.9
479.6 470 460.1 453.4 465 475 481.7 484.9 484.6 482 479.7 480.4 479.7 475.4 469.7 463 458.3 457.8 454.8 447.8 436.8 428.5 420.5 411.9 405.6 399.3 392.3 386.6 383.7 379.5 376.6 376.1 376.2 375.7 373.6 371.9 369.8 367.5 365.4 363.9 360.1 355.4 351 348.4 345.9 343.5 340.6 338.6 335.2 332.5 330.4 328.4 325.5 322 317.5 313.9 309.8 304.8 300.5 297.2 293.2 286 276.7 264.6 256.6 250.8 253.6 260.3 269.5 279.1 286.3 293.1 301.2 306.4 309.7 313.6 316.7 316.1
485.7 476.6 459.3 475.4 485.7 491.9 496.3 496.5 493.1 489.9 486.8 485.9 484.2 478.6 470.2 455.1 446.6 439.6 433.4 427.7 419.6 410.1 400 391.4 385.6 380.6 376.4 367.8 361 359.9 358.2 359.1 359.6 359.7 357.8 356.6 353.5 351.2 348.9 347.1 343.4 338.7 334.3 334.2 329.5 327.5 325.9 324.2 321.3 318.5 317.4 315.8 313.5 311.4 309 306.2 302.1 298.3 294 288.5 283.2 274.7 257.3 252.2 264.3 268 272.1 277.2 283.9 292.7 296.7 306.1 311.9 315.2 318 321.1 322.4 321.5
494.6 485 476.3 492.3 501 504 505.5 502.8 498.2 494.4 491 487.6 483.8 476 461.6 447 424.8 416.3 409 401.6 399.9 391.7 383.2 375.1 368.4 363.1 356.6 351.9 348 344.6 343.7 343.8 343.8 344.3 341.3 339.8 338 335.9 333.9 331.3 327.6 324 319.9 318.4 318.1 316 313.9 311.9 309.9 307.8 307 305.1 304 301.9 299.6 297.4 294.4 290.2 285.7 280.9 275 259.8 255.1 271.7 280.6 283.4 288.8 294.7 299.5 306.2 311 315.4 320.4 323.8 325.1 327 326.7 325.7
505.8 495.8 496 508.8 511.7 512 510.2 507 502.7 498.3 492.9 483.3 469.1 455.5 440.9 426.5 412.2 398.7 389.1 383 377.5 371.3 364.3 358.5 350.9 345.8 342.3 339.6 337.1 334.9 334.6 333.1 333 331.7 329.3 326.9 324.9 324.1 322.4 319.4 316.6 313 310.4 309 307.9 306.2 304 301.7 300.1 298.7 296.7 295.2 294.5 294 292.2 290.2 287.7 284.2 280 275.4 261.1 256.8 269 284.7 294.2 297.2 300.5 305.3 310.7 315.1 318.7 321.7 325.7 330.1 331.2 331.3 331 329.9
518.4 512.5 515.4 519.3 519.1 516.8 514.6 511.6 508.2 500.8 488.5 467.9 446.3 429.9 415.8 405 395.9 384.6 372.8 364.7 358.2 353.2 347.7 342.2 337.8 334.5 332.2 331.4 330.3 329.1 328.1 327.2 325.4 323.5 321.8 320.3 319 316.6 313.3 310.5 307.7 305.8 303.4 302.4 300.4 299 296.3 293.5 290.3 288.6 285.9 284.1 285.9 285.4 284.7 283.9 282.1 279.1 274.1 266.4 258.2 271 286.2 290.3 297.4 301.9 305.9 310.8 315.9 321.4 325.4 327.7 330.2 333.9 336.4 336.3 335.3 334.3
529.2 526.3 525.5 525.1 522.2 520 517.7 514.5 506 491.5 473.4 453.1 431.7 410 397.4 387 376.8 366.4 354.7 347.8 343 340.8 337.9 335.8 334 330.8 328.1 325.1 324.5 324 324.7 323.1 319.8 317.8 314.8 311.3 308.4 305.2 301.2 298.9 298.1 296.8 294.5 293.5 291.7 287.9 286 283.7 279.7 277.6 275.3 273.3 271.5 269.8 268.4 272.5 274.6 273.5 268.4 261 265.7 271.8 291.6 297.4 300.5 305.1 309.6 314.8 320.3 326 330.4 333.4 336 338.5 340.9 340.9 340.9 340
537.2 534.5 531.9 528.2 524.2 519.8 514.7 506.9 491.9 469.9 448.6 429 411.9 396.7 382.2 369.8 359.9 351.5 343.7 337.3 333.8 332.6 333.1 326.2 322.8 322.4 320.5 318.2 319.6 316.8 315.2 315.9 312 309.4 305.6 302 303.2 305.3 301.6 297.6 295.2 292.8 289.5 287.4 287.5 286.5 286.8 285.7 283.9 282.4 280.3 278.7 277.4 274.3 271.6 268.9 265.6 263.7 261.6 262.7 277.3 291.7 294.9 301 304.5 308.8 312.8 317.1 323.9 329.7 335 338.7 341.5 343.9 344.4 345.8 346.1 345.5
541.9 539.1 535.7 531 525.5 518.1 508.3 492.9 469.5 447.6 427.8 410.8 393.9 378.4 364.7 355.4 346.9 340 333.6 330.6 329.4 328.8 329.5 330.7 328.9 325.9 323.5 322.7 321 317.8 317.6 318.1 315.5 314.1 313.2 313.4 313.9 312.3 309.7 306.6 304.2 304 301.4 300.7 298.2 297.1 294.4 294 293 290 286.4 284.3 282.2 279.5 277.5 274.5 272.2 265.3 261.4 276 289.2 297.9 302 304.5 308 311.3 315.5 321.6 328 334.4 340.1 343.6 347.5 350.3 349.1 350.4 351.9 351.6
546.3 541.8 536.5 531.6 524.6 513.2 497.3 470.5 446 427.3 408.8 390.9 374.4 358.5 348 342.1 337.3 336.9 337.2 336.9 337.2 335.1 335.8 335.8 336.3 334.4 333.9 333.5 333.8 333.4 332.3 331.3 329.8 327.2 324.2 322.9 321.5 319.5 317.3 315.2 312.8 310.2 308.5 305.5 302.8 301 300.3 299.7 297.7 294.7 291.1 287 284.7 282.2 280.2 279 274.8 265.6 266.7 286.2 295.9 302.1 306.1 308.7 311.4 314.4 318.2 324.3 332.3 339.3 344.8 349 351.8 352.7 352.4 354.2 358.3 358.7
549.8 544.3 538.8 531.4 520.7 502.4 473.2 447.5 427.1 407.8 389.5 372.9 357.6 345.6 342.3 342.3 345.8 348.5 349.4 350.6 351.9 350.5 352.5 354.8 355.1 354 352.7 351.2 350.9 350 348.2 343.5 340.9 338.6 333.9 331.6 329.1 325.9 322.9 319.8 316.7 314 311.6 308.5 305.9 304.1 303.4 302.5 300.4 297.7 295 291.2 287.9 285.2 282.6 281.1 275.6 263.9 275.7 290.3 300 306.1 310.4 312.7 315.5 318.5 321.9 328 335.4 343.3 349.5 353.8 356.1 355.6 355.6 358 365.3 365.8
552.5 546.2 539.3 529.8 513.2 484.9 454.5 432.5 411.6 392.1 372.5 357.6 349.2 346.1 350.6 355.1 360.5 365.1 367.8 368.7 370.7 372.3 373.1 373.7 376.6 374.1 371.8 371.9 369 366.9 365 360.3 351.9 348.2 344 339.7 336 331.5 327.2 323.5 319.8 316.5 313.6 310.6 308.2 305.8 304.8 304 301.9 300.7 299 295.8 292.1 288.6 285.6 282.3 276.9 266.8 279.3 293.3 303.9 310.6 315.4 318.2 320.6 323.4 327.6 333.3 339.6 346.4 353 357 358.7 358.8 359.9 363.1 370.3 371.1
553.8 546.6 539.5 526.3 499.2 468.9 444.2 422.5 396.7 376.7 358.5 350.8 353.4 361.4 368.6 374.9 382.2 386.2 388.9 392.6 397.3 399.3 400.5 401.3 401.9 401.5 399.5 396.1 392.5 383.5 377.4 369.8 361.5 355.9 350.9 344.8 339.8 334.2 330.2 325.9 321.1 317.3 314 311.7 309 306.6 305.4 304.4 302.7 300.9 298.7 295.8 293.2 290.3 287 283.1 274.5 268.2 284.2 297.8 308.4 315.5 320.4 323.6 325.6 327 332.4 338.8 344.6 351.1 356.8 360.7 360.8 361.5 363.5 367.9 374.6 374.6
555.7 547.7 540.2 517.4 486.2 456.6 434.7 410.9 388 366.2 355.2 363.5 373.4 382.6 392.6 400 407.8 412.5 418.6 421.2 424.7 428.9 427.2 427 427.8 425.6 421.8 413.2 403.7 394.1 384.7 375.3 367.6 359.5 353.4 346.2 339.7 333.6 326.8 322.4 318.8 315.5 311.2 308.7 306.7 303.5 301.1 298.6 295.7 292.5 289.3 287.5 286.3 284.7 280.9 272.8 270.8 277.9 289.4 301.3 312.7 320.1 325.6 328.6 330.8 333.3 336.2 342 349.5 356.3 361 363.7 361.4 361.9 365.3 369.5 373 374.3
558.1 549.9 533.1 504.9 475.5 450.7 424.7 400.7 377.4 359.6 370.7 384.2 396.2 408.1 420 428.3 436.3 442.4 447.5 450.8 449.2 451.9 451.4 446.5 443.2 439.2 434 424.9 411.8 400.1 387.9 375.1 367.6 358.5 348.9 340.7 333 325.3 319.1 316 313 310.2 305.3 300.4 298.1 294.4 289.7 286.8 284.1 279.2 281.5 276.5 276.6 274.6 273.9 273.5 277 284.6 293 306.6 317.7 325 330.6 334.6 337.1 337.7 340.7 346.9 353.4 357.8 360.4 361.2 360.3 362.7 366.5 369.1 371.6 373.2
560.2 546.1 520.7 491.1 464.7 444.1 418.4 394.1 368.3 377.4 393 410.1 423.6 436.6 448.2 456.8 461.9 470.9 476.6 475.6 471.9 466.1 462.3 457.4 453.2 447.4 440.4 429.4 416.8 401.9 383.1 368.8 361.9 353.2 342.2 332.5 324.3 316.8 311.7 308.5 306.4 301.3 296.2 291.9 288.4 285.4 281.6 280.7 281.2 281.2 281.5 278.8 280.4 279.7 278.3 278.2 281.4 284.2 294.7 309.2 320.6 329.3 334.2 338.1 341.8 342 344.4 347.6 351.4 354.8 357.1 357.5 358.1 362 365.4 368 370.7 372
558.7 535.2 506.7 477.4 453.5 433.5 410.8 385.4 380.5 397.4 416.5 434.8 449.6 462.7 471.1 486.8 495.9 498.4 495.5 491.2 484.9 477.1 469.5 463 456.9 450.3 442.1 429.9 415.5 396 376 361.5 354.5 345.2 335.1 324.6 315.9 309 304.5 301.8 297.9 293.8 289.8 287.7 288.5 290.5 290.4 289.9 285.5 288.1 288.2 285.4 286.6 286.8 284.9 285.3 289.9 290.5 297.8 313.7 326.4 333.3 336.2 339.7 342.4 343.1 343.8 344.9 347 349.4 351.1 352.6 355.4 358.8 362.6 365.5 367.5 368
553 522.9 494.8 467.7 444.9 420.4 397.4 388.2 400.4 421.3 438 457.7 473.4 489.8 506.9 517.7 516.7 513.2 506.2 499.9 491.3 482.8 474.5 466.1 458.7 450.2 439.7 425.4 405.5 385.5 365.7 351.1 345.1 337.3 328.1 318.6 310 303.1 299.1 295.7 291.4 290.3 290.3 293.6 294.6 294.9 295.3 296.1 296.8 296.3 296.2 296 296.5 295.9 298 302.8 307.2 309.4 300 316 328 335.8 338.8 340.5 341.7 340.8 340.4 340.3 341 342.4 344.2 346.9 350.6 354.1 358 360.7 362.5 364
544.7 511.9 486.5 463.5 435.4 414.7 416.9 405.4 427.1 442.1 463 479.2 499.6 518 527.9 531.3 526.9 521 512.9 504.8 495.6 484.9 477.1 468.1 457.9 447.4 432.8 409.4 390.4 371 355.8 342.2 335.5 328.9 320.9 311.7 305.1 299 294.5 292.4 294.5 296 299.1 301.5 302.9 301.6 302.5 303.5 304.5 305.7 307.8 308.2 306.7 307.4 313.3 322.2 327.6 324.8 317 313.2 328.1 336.3 340.8 341.7 340.3 338.2 336.6 335.4 335.1 336.1 338.1 341.1 344.5 347.6 350.7 354 356.3 358.1
540.1 506.6 477.2 458.7 445.5 442.4 442.9 433.2 449 468.3 486.3 504.6 523.7 536 541 538.3 532.6 525.2 517 507.1 497 486.4 476.8 466.3 454.6 439 415.7 394.7 377.7 358.8 341.3 332.6 321.8 319.3 312.7 304.2 298.3 296.7 294.5 297.8 300.3 302.2 307.1 312.1 313.5 308.7 312.8 315.4 318 320.8 322.1 318 322.4 325.7 330.4 337.9 339 336.4 328.5 328.3 330.5 333.6 337.5 339.8 339.4 337.5 335.6 333.6 331.8 331.8 332.7 335.1 338.1 340.4 341.8 344 346.1 349.3
541.2 512.9 489.8 477.8 469.5 465.2 456.5 455.6 475.4 490.9 511.6 528.4 542.2 550 547.5 543.4 537.1 528.2 518.1 508.4 496.6 484.6 473.2 460.3 439.5 418.5 395.6 378.6 360.4 342.1 330.1 320.2 313.3 308.2 303.1 299.2 297.2 299.2 301.4 304.4 307.7 310.2 317.5 322.8 322.4 314.8 324 329.3 332.7 335.4 334.2 332.2 336.4 339.2 343.7 347.7 346.3 341.1 340.9 339.5 338.7 337.8 338.4 338.8 337.8 336.8 335.1 333.5 331.3 328.7 328.2 329.4 331 331.7 332.7 334 336.2 339.9
553.2 527.2 509.7 498.1 489 482.1 464.5 483.5 500.4 518.9 533.1 547 556.5 557.8 552.5 545.3 538.8 529.3 518.7 506.7 493.8 480.5 463.7 441.2 420.3 396.9 376.8 358.4 342.3 328.3 317.7 310 305.6 301.7 301.5 301 302.7 304.5 308.9 312.9 318.2 323.1 325.5 330.3 330.4 329.7 329.4 337.5 342.4 344.2 343.3 344 346.2 348.6 351.2 351.3 349.3 346.9 347.2 346.8 345.8 344.5 342.4 339.4 337.2 334.9 332.7 331.6 329.5 327.8 322.5 320.6 321.6 322.1 323.1 324.4 326.5 329.1
575.4 555.1 538.6 527.4 510.9 489.3 489.5 508.7 524.8 537.6 552.9 563.9 566.2 561.4 554.3 547.3 539.2 528.2 516.1 503 488.1 462.3 439.9 417.9 392.2 374.9 355.6 341.1 327.5 316 308.6 305.1 304.1 303.3 304.5 304.4 306.7 312 318.4 323.2 330.4 333.6 334.3 337.4 336.6 338 340.7 341 346.2 349.3 351.1 352 353.4 356.2 356 355.5 353.7 352.3 352.8 354.2 353.1 351.1 347.6 344.2 340.3 337.2 334.6 331.3 327.7 320.2 317.5 316.5 311.6 312.4 313 314.8 316.1 318.9
586.5 576 555.3 538.6 521.8 512.5 522.5 535 547.3 561.9 570.1 573.2 570.4 563.7 554.9 548 538.3 524.7 511.4 493.3 464.3 439 418.7 391.5 372.3 357.6 341.1 326.8 315.5 309.8 307.5 307 307.5 308.6 309.5 307.9 313.5 322 328 335.6 340.9 342.1 346.4 345.3 344.1 346.4 348.5 348.2 353.4 357.5 360.1 361.1 362.3 363.8 362.6 361.9 361.9 360.2 360.3 360.7 359.9 357.5 352.4 348.9 345.6 344.1 341.2 339.1 335.3 333.7 330.5 326.3 323.6 319.5 313 303.8 303.8 305.7
594.5 585.9 572.7 553.6 547.7 546.7 550.5 561.8 572.8 579.6 580.9 578.6 573.5 564.6 555.4 547.2 533.5 516.7 499.8 468.8 440.4 418.5 395.4 373.2 357.6 340.6 326 315.7 312.3 309.6 309.4 312.2 313.5 315.8 317.7 312.2 322.2 330.8 337.4 345.3 350.7 354.5 351.6 351.2 353.8 357.1 357.4 359.5 362.1 365.9 367.8 370.2 370.6 370.9 370.7 369.6 369 367.4 366.6 365.9 364.6 361.3 358.4 355.3 352.5 350 349.9 346.5 344.2 342.8 341.7 338.5 335.2 331.8 327.8 322.5 315.7 307.5
