public/OST50/SO26.asc
ncols 200
nrows 200
xllcorner 320000
yllcorner 260000
cellsize 50
[rows 35 to 69 of 200, columns 0 to 77 of 200]
333.4 329.6 323.3 316.7 310.8 307.9 297.3 283.7 272.7 263.2 258.1 253.2 249.2 245.6 243.9 241.6 238.2 231.3 231.4 237.5 239.2 241.2 242.3 247.4 245.2 248.5 255.2 267.4 280.6 290.3 299.2 304.8 309.6 312.4 312.7 314.2 310.7 305 311.2 309.5 306.6 304.2 301.3 300.5 297.9 294 290.9 290.4 289.5 290.1 288.7 287.9 291.8 294 295.8 294.9 293.6 290.1 284.9 279.3 272 263.1 249.4 240 237.2 228.9 225.3 221.4 221.3 220.5 218.9 215 204.9 195 194.2 193.4 193.5 193.2
319.8 315.8 310.5 304.8 299.5 296.4 289.7 280.8 271.4 260.9 254 249.2 246.7 244.2 241.3 239.6 235.6 233.7 229.8 230 235.1 236.2 236.1 236.9 237.5 238.8 241.3 244.5 252.7 261.7 269.9 279.9 287 290.5 292.1 293.7 290.6 286.8 288.6 288.6 284.7 281.2 277.6 276.2 272.8 270.7 268.4 265.7 265 264.1 262.3 262.4 263.8 266.9 269.6 272.1 272.2 266.6 259.5 261.6 257 250.3 238 230.5 224.6 219.4 216.2 211.8 210 210.2 212.9 212.3 202.4 195.4 193.6 193.3 193.2 192.7
306.6 302.3 298 291.4 287.4 283 277 269.7 261.5 255.4 250.1 246.4 243.6 241.7 238.8 236.2 234.9 233.6 233 228.1 228.5 229.9 230.6 229.6 230.5 231 234.2 235.7 237.1 241.7 246.4 252.2 258.1 262.9 265.7 265.8 267.3 265 266.5 264.8 262.6 261.2 259.4 257.3 253.9 251.8 250.2 248.6 247.2 245.6 245.5 245 244.9 245.6 244.7 245.2 245.1 245.2 242.9 240.9 237.6 231.4 226.4 221.9 217.2 211.1 206.4 204.7 203.1 202.8 204.3 208.4 197.8 194.3 194 193.3 193 190.5
290.8 287.2 285.4 280.7 276.6 272.8 265.7 257 251.6 248.6 245.4 243.2 241.7 239.5 236.9 234.7 233.7 233.9 232.2 229.3 228.4 227.1 226.5 225.1 224.6 224.2 225.9 226.6 227.2 230.4 233.4 238.6 243.1 244.1 247 249.4 250.3 249.5 249.9 248.9 248.5 246.8 245.1 242.6 237 237.5 237 234.8 233.5 232.5 231.7 227.6 227.2 230.4 230.4 229.9 228.6 227.9 227.7 227.6 225.3 222.6 218 214.3 209.5 204.5 198.6 197.7 204.9 207.2 204.7 199.2 196.1 194.7 194.1 193.3 192.9 193
273.8 266.8 268.9 270.7 267.6 265.8 258.9 253.4 248.8 245.9 243.8 242.1 240.2 237.6 236.5 235.2 233.5 231.3 230.5 229.7 228.4 227.6 226.6 225.6 224.9 224.1 222.6 222.1 221.9 221.7 223.9 228.1 233 233.6 234.6 236 237.9 239 239.2 237.9 237 235.8 235 233 229.2 228.7 224.2 220.9 219.8 220.6 218.5 215 213.9 221.6 217.9 214 212.6 214.9 215.1 215.9 214.9 213.4 213.5 210.1 208.8 200.6 197.5 197 197.4 206.7 207.4 197.2 195.2 194.4 193 193.4 193.4 193.3
301.2 291.2 280.6 267 259.8 256.4 253.5 252 250.4 247.7 245.2 243.4 241.1 240.1 240.7 234.8 233.4 232.3 231.1 230 229.1 228.2 226.8 226 224.9 224 223.1 222.3 221 220.4 220.2 220.1 221.1 223 224.6 227 230.1 231.4 231.4 230.2 229.5 230.5 229.2 226.5 217.5 218.7 210.9 209.5 209.7 210 208.8 205.9 204.8 207.2 206.7 205.8 205.5 206.3 206.1 205.8 203.4 202.7 202 201.8 198.9 198.1 197.6 196.9 196.5 195.4 195.9 195.1 194.8 194 200.3 196.3 193.5 193.7
305.1 297.6 286.1 275.7 267.5 261.4 257.7 254.9 252 249.6 247.2 246.2 244.4 243.6 236.4 234.7 233.5 232.6 231.4 230.5 229.8 228.8 227.5 226.1 225.3 223.9 223.1 221.6 221.6 221.1 220.2 219.2 218.6 218.9 218.7 220.6 222.7 225.1 226.4 225.9 226.3 226.9 223 217.8 209.1 208.5 208 207.9 207.8 209.2 206.6 205.7 205.3 204.9 204 203.6 203.3 203 202.6 202.2 201.5 201 200.2 199.7 198.9 198.6 197.9 197 196.6 196.3 195.4 195.4 199.1 208.3 209.2 206.5 202.2 199.3
306.8 295.4 284.1 275.3 267.5 262.2 258 255.5 252.6 250.4 248.7 246.3 244.5 237.7 236.2 241.7 240.2 237.8 236.5 235.4 233.2 231.1 227.9 226.4 224.8 224.2 223.3 222.7 221.8 221 220.2 218.2 218.7 217.6 217.1 216.3 220 220.9 224.3 227.5 228 226.5 223.2 212.3 209.3 208.8 208.4 207.9 207.6 206.8 206.4 205.9 205.3 204.9 204.4 203.8 203.1 202.5 201.9 201.7 201.6 201 200 199.4 199.4 198.6 198.2 197.7 197.1 200.2 205 210.4 212.5 214.2 213.1 211.5 208.7 205.9
319.4 307 297.8 288.7 276.9 267.8 262 257.2 254.2 252.6 250.3 240.1 238.8 242.7 244 244.6 244.4 243.2 241.3 239.3 237.6 236.2 233.9 227.9 224.7 223.4 222.7 222.1 221.4 220.5 219.6 219.2 218.4 217.2 216.9 216.5 215.8 216.7 220.7 226 225.6 223.1 214.4 210.4 209.9 209.3 208.8 208.2 207.7 206.5 205.7 205.1 205.1 204.4 204.1 203.5 203 202.1 201.7 201.3 201 201 199.9 199.8 199.4 199.2 199.9 204.2 212.3 212.5 214.7 217 220.4 222.2 224.4 223.9 221.3 212.8
336.9 326.9 315.4 302.3 291 277.8 267.3 260.9 257.5 254.3 242.5 243.9 251.1 250.6 250.6 250.9 250.6 249.6 247.2 245.3 242.4 239.9 237.5 233.5 229.7 224.7 222.2 221.6 220.9 220 219.2 218.5 217.9 217 216.5 216.1 215.6 215.3 213.2 225.1 223.5 216.1 211.2 210.6 210.3 209.7 208.9 208.4 207.5 206.7 206.2 205.6 207.7 207 204.1 203.2 203.8 202.3 202.2 201.8 203.2 204.3 203.6 203.4 204.6 207.4 210.9 211.4 215.7 218.5 221.7 226.1 229.9 232.2 235.6 240.4 234.5 226.8
342.1 332.9 323.3 312.1 299.3 286.1 272.3 263.7 258.1 246.2 242 257.5 263 261.9 260.2 257.8 258.4 256.7 255.6 253.6 249.6 247.3 244 239 235.1 228.3 222.6 221.5 221 220 219 218.2 217.5 216.9 216.4 215.9 215.1 214.6 214.1 214 213.3 211 211 210.9 210.4 209.9 209.4 208.6 207.2 207 206.6 205.5 205.7 205 204.8 203.9 203.7 203 205.1 209.2 207.8 206.8 210.7 213.9 210.8 214.6 216.7 217.8 221.4 225.5 229.4 235.4 242 245.2 251.1 251.8 244.9 236.6
350.9 341 329.2 315.9 302.9 289.3 271.6 262.5 251.7 244.1 263.1 274 275.5 277.8 279.4 277.3 273.6 271.1 266.5 263.8 260 255.6 250.6 246.6 240.9 232.6 226.6 222.7 221 220.4 219.1 218.3 217.5 216.9 216.2 215.6 214.7 214.5 213.6 213.1 212.8 210.5 211.5 211.7 211.9 211.6 210.9 207.4 212.5 210.1 209.5 212.3 206 204.4 205.2 205.6 207.5 212.2 216.4 218 217 216.9 218.1 218.7 218.2 220.1 223.1 224.5 228.3 233.5 241.7 249.8 254.4 259.3 263.1 265.1 264.6 253.8
356.4 346.3 332.7 318.6 303.3 287.4 271 259.2 246 256.5 275 286.4 290.9 295.7 296.8 295.1 292.6 288.6 280.3 275.7 270.4 265.6 260.5 254 247.8 241.9 235.6 228.9 223.3 220.4 220.2 219.3 218.1 217.1 216.1 215.4 214.7 214.8 214.3 214.1 220.6 220.2 216.8 215.7 214 213.7 213.9 216.7 220.5 220.7 220.6 218.1 211.3 215.8 218.7 216.5 218.4 219.5 221.5 222.4 222.3 224.6 224.8 225.1 225.4 227.1 229.6 232.5 236.3 243.3 255.4 261.9 267.8 272.9 274 278.9 279.5 271.2
362.6 349.1 336.6 320.4 303.3 283.1 267.2 247.6 249 268.5 292.3 297.9 302.7 305.6 306 307.9 305.3 301.6 297.9 295.2 288.2 284.7 279.2 274.1 265 253.1 248.2 245.3 239.7 234.4 230 227.4 224.4 222 224.3 221.1 219 223.7 219.7 225.1 225 224 224.2 221.4 216.9 217.7 222 221 221.4 223 222.2 219 221.7 222.2 222.5 223.5 226.5 226.4 228.9 229.7 229.4 232.1 233 233.4 233.3 234.8 238.5 242.4 246.7 253.3 265.8 275.2 279.9 284.1 286.6 292.4 291.4 287.4
366.4 353.2 337.1 320.4 302.6 283.3 262.7 248.5 262.9 280.7 301.7 310.1 313.2 316.1 319.5 318.5 317.4 315.2 312.6 309.1 303.9 301.3 296.6 291.9 283.3 277.9 270 266.4 258.8 250.8 245 242.6 237 233.4 231.1 226.8 227.4 228.4 227.2 227.5 227.7 227.3 226.1 220.9 220.1 224.5 227 226.6 225.9 226.3 225.4 226.1 226.9 228.1 231.1 233.3 233 234.4 236.3 237 236.8 239.8 242.7 243.3 243.4 246 249.1 255.3 257.4 264.2 273.9 284.3 290.5 292.4 299.7 304.4 306.7 302.3
365.6 351.6 336.6 319.2 299.2 280.9 256.8 255.2 272.6 288.7 311.7 319.2 324.5 327 329.6 330.9 330.2 325.2 324.1 320.7 316.6 313.9 309.8 307.2 301.9 296.1 291.8 288.4 279.9 273.3 262.5 258.7 252.3 245.8 242.6 237.4 234.7 232.6 231.6 231.2 233.4 232.4 226.5 223.4 228.6 229.8 230.8 231.2 230.6 231.2 232.6 233.5 234.9 236.3 238.7 239 240.3 242.2 244.2 245.2 247.9 250.5 254.1 255.4 256.5 257.4 262.4 266.2 269 275.8 284.9 291.9 296.9 303.8 310.9 315.5 316.7 312.8
357.6 346.6 333.5 316.8 296.9 278.8 252.8 264.8 283.5 297.4 317.4 326.9 332.6 335.1 338.3 340.6 338.2 336.1 335.5 331.9 329.1 326.2 324.8 320.4 314.4 309.5 307.2 304.9 300.8 296.6 285 282 275.1 266.3 259.1 252.8 248.5 245.2 240.2 233.8 234.3 234.8 228.6 232.8 234.5 235.5 236.5 237.7 238.2 237.8 240.2 242.9 244.9 245.2 244.2 247.6 248.9 251.9 254.9 258.6 261.4 262.6 267.6 269.4 272.8 272.5 274.5 276.9 281.7 287.3 294.6 299.1 305.3 313.8 320.6 323.5 324.1 320.5
350.8 340.5 328.5 314.5 297.4 264.8 257.2 274.7 291.5 308 326.4 335.3 340.4 342.7 344.8 347.6 345.4 344.5 343.2 340.4 338.3 336.4 335.4 331.3 327.3 323 319.1 316.5 312.2 308.5 303.3 296.9 289.5 283.5 277 269.7 264.9 260.4 255.6 251.3 246.5 238.7 232.5 239.6 242.6 244.4 245.8 246.5 251.1 249.2 252.4 254.9 256 256.9 258.1 262.9 267.3 269 273.9 278.8 282.8 279.8 287.5 289.1 288 285.8 286.5 288.8 293.1 297.5 301.9 306.6 312.6 320.8 327.4 332.1 331.5 329.2
343.1 333.7 325.1 310.5 277.9 256.6 274.7 288.1 304.6 319.2 335.8 341.2 346.3 348.6 351.1 351.3 352.2 350.8 348.4 347 345.7 343.1 340 336.9 333.9 332.2 331.1 327.8 322.8 317.1 312.9 307.3 301.3 295.1 288.2 282.7 276.6 272 266.7 261.3 255.1 240.5 250.5 257.8 259 261.1 262.7 259.8 263 262.2 266.7 268.6 271.9 275 277.3 283.9 289 293.1 298.8 300.1 301.5 299.8 302.8 302.7 299.7 298.5 297.9 299.2 302.8 305.7 313 316.4 320.1 328.3 339 341.8 342.2 340.5
336.1 327.1 318.2 296.1 257.7 282 293.5 301 314.6 331.6 341.5 347.8 352.2 354.5 355.4 356.6 356.6 356 354.6 353.1 350.7 348.8 345.4 342.3 340.3 339 337 332.5 328.1 324.5 319.9 314.1 308.8 303.3 297.1 291.3 285.6 280 270.7 254.8 241.4 252.3 265.9 270.8 271.5 275 273 274.9 278 281.8 286.3 289.1 292.8 295.6 300.9 304.1 308.5 308.4 311.3 312.4 312.5 310.4 313.6 312.2 310.1 307.6 307.2 307.2 309 315.6 321.2 325.9 330.8 335.2 345.2 349.5 351.6 349
327.6 317.2 302.6 268.6 268.1 295.6 308.1 317.3 328.2 337.3 346.8 353.7 356.1 357.7 359.1 360.2 359.1 359.6 359.2 357.5 354.8 352.9 351.1 348.3 346.6 343.8 340.4 336.9 333.7 328.9 323.7 318.8 313.9 308.8 303 296.9 289.9 279.2 260.5 246.1 262.5 267.9 278.8 280 281.1 284.5 286.9 292 293.9 296.5 302.1 305.6 309.2 311.8 317.4 319.4 319.4 319.9 322.2 323.7 323.6 319.7 322 320.8 319.2 317.6 315.3 316.5 318.4 322.5 327 332.5 337.2 342.6 350.7 356.6 357.4 353.8
311.2 305 293.5 266.7 295.9 308.7 320.5 330.8 336.6 343.7 352.2 356.4 357.5 359.6 360.9 361 360.7 361.5 361.6 360.3 357.7 356.2 354.5 352.6 350.7 348.3 344.9 341.3 336.8 331.7 326.3 321.2 315.1 310 304.1 296.5 285.2 272.4 250 268.8 277.1 277.6 288.1 292 296.3 298.7 302.2 306.1 307.5 311.9 315.9 320.3 324.1 328.1 331.1 332.2 332.9 333.4 334.5 333.6 332 330.1 329.6 328 328.6 324.9 323.7 325.6 326.9 329.3 333.1 338 343.2 350.2 357.6 359.9 358.2 355.2
293.3 289.7 274.5 264 298.2 320.5 328.5 335 342 348.7 356.4 356.7 358.9 360.7 361.6 361.5 361.9 363.6 364 362.2 359.3 357.6 356.8 355 353.4 351.7 348.2 343.9 338.5 332.9 327.6 320.7 313.3 303 294.6 288.3 277.2 261.2 268.3 283.4 293 297.9 305.3 308.3 310.7 313.6 316.3 319.6 321 325.8 329 333.5 337.9 341.3 343.1 345.9 347.6 346.8 345.2 342.8 339.9 337.2 336.1 336 333.6 333 333.4 332.9 332.1 335.4 339.2 344.2 348.8 355.9 361.3 360 356.2 350.3
279.8 283.7 279.9 283 297.2 313.9 323.2 331.2 340.5 348.3 354.9 356.1 358.6 360.8 361 361.2 362.7 364.5 363.4 362.7 360.7 358.9 357.2 356.2 355.1 353.3 349.5 344.1 338.2 331 322 310.5 299.9 290 283 276.3 266.1 273.3 288.8 304.9 312.5 310 318.7 321.6 324.1 327.3 330.1 332.5 335.1 337 338.6 342.9 346.1 349.2 353.8 357.1 356.8 354 351.1 348.2 345.6 345.1 345.4 341.3 341.6 341.5 339.5 339.3 337.3 338.2 341.7 345.3 350.1 355.6 357.6 355.9 350.2 340.7
278.1 289.9 294.2 281.3 280.1 294.9 314 324.3 335 344.2 351.8 353.9 356 358.3 359.4 361.4 362.6 364.7 362.6 362.2 361.7 360.6 358.8 357.4 356.2 354.2 349.5 342.9 332.8 321.9 308.5 294.4 282.2 275.7 276.7 278.7 284.2 293.5 310.2 322.5 327.3 325 331.2 333.2 337.9 340.6 342.2 344.8 345.7 346.4 348.3 351 353.8 357.3 361 360.6 358.7 355.8 352.5 350.6 349.6 348.7 347.9 348.1 347 344.1 340.7 339.9 341.2 340.2 341.6 345.8 350.7 350.4 346.8 343 336.9 331.6
286.8 287.8 294.9 296.7 289.2 282 297.5 313.4 326.3 337.5 343.8 347.2 350.4 353.1 356.6 359.4 360.1 360.6 360 360.5 361.1 361.7 360.4 358.6 355.8 351.8 346 335.3 323.5 309.8 294.7 284 290.7 294 297.6 298.1 306.5 319.3 331.4 341.5 342.2 341.7 344.9 347 349.2 350.9 353.6 354.8 354.6 355.2 356 358.4 362.6 364.8 365.2 363.2 361.4 359.6 357.5 355.9 355.2 352.1 349.5 347.8 346.2 342.7 338.2 335 334.6 336 337.5 341.8 343.5 341.5 335.2 329.5 320.9 310.9
296.2 298 295.6 297.4 299.7 294.6 285.7 299.8 318.3 326.5 334.1 339.4 343.6 346.6 349 352 354.6 355.4 356.9 358.1 359.8 360.8 359.7 357.4 353.3 347.8 337.7 325.9 311.5 294.3 292.2 300.8 307.9 311.7 315.7 320.7 329.3 339.8 347.2 356.3 352.5 353.2 355.2 357.6 360.6 361.9 362.6 364 363.3 363.8 364.8 367.8 369.4 370.1 370.3 368.9 367.3 364.9 362.8 361.1 358.2 353.7 348.9 343.6 340.5 337.5 333.4 330.1 327.1 327.3 326.6 327.3 331.2 330.1 325.4 320.4 310.5 299.3
312.4 308.7 303.3 300.3 301.4 303.3 304.9 293.7 295.2 314.4 329.7 335.8 339.4 341.8 343.4 345.3 347.1 350.9 353.4 355.4 356.5 357 355.6 352.5 347.7 339.8 327.1 311.9 295.4 304.8 311.6 317.2 318.6 324.6 331.7 340.5 352.4 357.9 360.1 361.4 360.5 361.4 364.2 366.3 368.9 369.9 370.5 370.7 370.9 370.6 371.2 373 375.4 376.5 376.6 374.3 372.2 369.5 367.4 365.5 360.4 356.7 351.7 345.1 337.4 329.2 323.6 321.2 317.7 313.8 312.2 311.6 314.5 315.5 314 311.7 302.8 291.3
333.1 325.6 320.5 314.2 312.9 312.1 312.9 314 312.5 297.8 316.1 329.6 338.9 344.6 343.5 341.5 343.6 346.3 348.9 351 351.8 352.8 350.2 345.2 338.4 326.4 312.9 309.5 314.5 320.2 324.1 328.4 334.7 342.6 352.4 362.1 364.8 365.8 366.3 366.2 366.3 367.7 370.9 374 375.6 377.4 377.2 376.6 376.2 376.3 377.7 378.8 380.7 380.9 380.3 377.9 375.4 373 372.1 369.4 363.6 357.4 351.9 345 337.1 327.3 316.9 309 303.9 302.9 300.9 295.4 299.4 298.5 299 298.4 291.8 283
347.4 343 340.2 335 332.3 332.3 324.2 323.4 323 321.5 303.8 321.6 338 341.7 342.6 341.5 342 343.3 345.3 346.1 344.9 345.5 338.5 328.9 322.8 317.9 318.1 324.9 329.2 333 339.3 347.5 356.5 365 371 374.1 373.9 373.5 372.8 372.3 372.5 374.7 378.1 380.4 381.8 382.9 383.3 383 383.6 383.5 384 384.8 385.6 384.1 381.8 379.5 378.2 377.6 376.7 371.1 365 358.3 350 342.4 332.4 320.2 309.1 297 288.1 280.5 280 279.4 280.2 280.5 279.8 278 278.6 274.8
360.6 357.5 353.7 349.7 347.1 343.5 333.8 332.5 332.2 330.8 325.1 313 319.6 336.2 337.2 338.2 339.8 341.8 343 345.2 348.2 344.6 346.5 345.5 342.1 337.7 339 341.3 347 351.3 359.2 367.6 373.3 378.5 381.9 383.3 382.9 381.9 380.3 379.4 380.7 381.8 383.9 385.7 387 387.8 388.7 389.1 388.9 388.6 389 389.2 388.2 385.4 383.9 383.4 383.1 382.1 380.2 373.6 366.9 360.1 350.8 338.9 319 309.6 298.8 290.1 281.3 274.6 269.4 263.5 261.1 264.2 265.5 264.6 261.2 258.3
373.8 371.2 368.1 361.2 359 354.4 347 341.6 339.5 338.2 314 332.9 334.8 337.5 336.7 338.5 341.8 344.8 346.2 348.3 351.1 353.3 356.4 357 355.2 354.8 357 361.6 364.3 368.9 374.9 380.9 383.7 387 388.5 389.1 389.2 388.2 387.3 385.7 386.1 386.8 388.2 389.7 392.1 392.3 392.5 392.1 391.7 391.2 390.5 390.3 389.8 389.3 389.9 389.8 387.4 385.5 381.7 378.4 374.5 366.8 355 341.9 334.5 321.8 308.2 299.6 292.6 288.2 283.4 272.5 264.1 255.4 254 252.7 251 248.5
386.1 382.7 377.8 372.6 371.2 365.7 354.7 349 345.9 341.2 334.4 340.6 339.4 342.6 343 345.8 347.6 349.1 350 352.6 355.8 359.5 363 362.6 364.1 367.9 370.5 372.9 378.3 381.2 385.8 389.1 391.1 392.7 395.5 394.9 394.7 393.5 391.8 391.1 391.2 390.7 391.8 394.3 395.3 395.8 395.7 394.8 394.3 393.4 393.1 393.6 396.3 396.9 395.3 390.8 389.3 387.1 385.2 383.3 380.9 374.4 366.9 359.2 349.1 337.7 325.5 313.6 302.6 294.3 287.7 278.9 269.4 261.8 252.3 248.8 245.9 243.1
394.3 390.2 386.2 382.3 375.8 368.7 360.8 355.4 350.4 338.6 344.8 347.1 344.5 347.2 347.6 351 352.4 355.1 356.1 359.1 363.7 368.8 371.1 373.9 377.2 380.6 381.9 384.4 388.8 390.7 393.8 396.1 398.6 401.1 402.1 401.4 400.3 397.9 396.5 395.4 394.8 395.4 396.2 398.3 398.9 399.2 398.7 397.3 396.3 396.7 397.6 397.7 397.6 395.9 393.7 391.9 389.9 389.3 388.9 387.7 384.1 381.3 378.8 373.9 364.5 352.6 340.7 328.2 314.8 302.1 290.8 282.6 274.4 265.8 255.1 249.1 244.9 241.9
404.4 399.3 394.3 387.8 378.4 368.6 362.7 356.4 347.6 347.4 349.9 352.4 350.9 354 354.9 357.5 360.4 363.8 366.5 368.5 373.1 379.7 384.8 387.9 389.6 389.9 391.8 394.3 397.2 399.4 401.5 403.7 407.1 408.5 409.6 408.1 405.3 401.8 400.4 399.1 399.1 400 401.2 402.4 403.1 402.3 401.3 400 399.5 400.6 400.6 399.2 398.4 396.4 394.9 393.8 392.9 392.9 392.6 392.5 391.5 388.6 385.5 381.5 374.2 364 351.1 337.7 324.9 312.8 299.4 285.8 275.4 265.8 257.4 251.2 246 241.1
