public/OST50/SO28.asc
ncols 200
nrows 200
xllcorner 320000
yllcorner 280000
cellsize 50
[rows 35 to 69 of 200, columns 0 to 78 of 200]
390.5 388.4 384.9 381.5 377.9 373.3 373.7 376.4 369.5 360.1 371.6 388.7 404.1 412.2 414.5 414.3 425.6 429.8 433.2 435.2 436.8 436.1 439.8 438.2 442.3 448.5 452.2 457.2 460.6 463.5 465.7 467.9 468.9 469.8 470.9 471.6 471.7 471.9 472.3 473.1 473.8 474.1 473.1 472.2 471.3 470.3 469.3 468.4 467.3 466 464.6 463 461.5 459.9 457 454.8 447.8 448.2 445.1 431.2 438.9 442.2 442.4 440.5 445.9 447.9 449.5 451.3 451.2 450.5 448.4 445.3 442.9 438.2 433.1 427.9 422.6 417.4 412
388.1 388.9 386.6 383.1 381.1 378 377.4 380.2 371.9 366.2 372.5 389 414.4 420.7 424.5 430.5 434.6 437 440.1 443 444.9 445.4 447.4 449.5 449.8 455.2 460.1 463.8 467 468.9 470.7 471.7 471.8 472.5 473.1 473.3 473.2 473.4 474.2 475.1 475.5 474.8 474.1 473 471.5 470.4 469.3 468.2 466.7 465.4 463.9 462.4 460.7 458.4 455.9 453.6 450.5 446.3 437.7 440.2 424.3 436 436.5 430.8 439.1 442.9 444.5 446.4 447.3 446.9 445.2 442 438.9 435.3 430.8 426.4 421.4 416.1 410.7
380.1 385.1 385.6 384.1 383.4 382.7 382.2 384.6 372.3 375.7 385.6 392.2 417.8 427.5 431.9 436.5 441.5 444.5 447.1 449.2 451.3 452.6 453.9 456 458.5 461.2 465.5 469.5 472.4 474.1 474.7 474.6 474.9 474.7 474.8 474.8 474.6 474.7 474.7 475.2 475 474.5 473.6 472.6 471.2 470.2 468.8 467.3 465.8 464.5 462.9 461.4 459.9 457.2 453.9 449.9 448.2 444.7 440.8 436.6 433.6 419.1 427.9 425.7 430.1 433.3 437.7 440.9 443.9 443.4 441.3 439.5 436.6 433 428.8 424.5 419.4 414.2 409
370.9 380.5 383.8 385 385.3 386.9 390 390.6 377 387.4 407.9 404.3 424.3 433.1 437.5 443.2 447.2 451.1 452.6 454.7 457 457.8 459.6 461.5 463.3 465.8 469.9 473 475.8 476.2 477.1 476.9 477 476.5 476 475.5 475 474.2 474.2 473.8 473.3 472.7 471.7 471.2 470.2 468.9 467.4 466.1 464.3 462.6 460.3 456.8 456.1 455.2 447.9 439.8 435.7 431.2 427.1 423.9 420.9 423.1 419.9 413.6 415.5 418.9 425.6 431.7 436.1 437.3 437.3 436.6 434.6 430.5 426 421.6 417.2 412.3 407.3
365.3 375.5 382.1 386.4 389.8 394 397.8 398.2 386.1 399 418.9 426 433.8 438.4 443.6 449.1 453.2 455.7 457.4 458.9 461.1 462.1 463.7 465.2 466.3 469.8 472 475 476.4 477.7 478 477.8 477.2 476.6 475.7 474.8 474 473.1 472.8 472.2 471.4 470.7 469.5 468.8 468 466.6 465.2 464 462.2 460.1 459.8 461.2 458 455.3 451.7 454.6 453.2 451.5 449.5 447.7 446.2 444.5 441.6 438.7 433.6 425.9 407.7 415.7 420.7 424.3 428.2 430.2 429.7 426.4 422.1 417.5 413.1 409.4 404.7
370.9 379.9 385.9 392.8 398.8 404.6 407.7 408.7 402.2 407.5 427.8 434.8 440.7 445.5 449.4 454.4 457.5 459.8 462.2 464.2 465.6 466.9 467.9 468.8 469.6 471 474 475.6 476.5 477.2 477.1 476.3 475.6 475.2 474.7 473.5 472.8 471.7 471.2 470.3 469.4 468.6 467.4 466.4 465.5 464.8 463.9 462.8 459.9 457.2 462.8 462.7 461.4 460.5 459.7 458.6 457.9 456.6 455.1 453.6 451.6 449.1 446.5 443.3 440.1 435.5 430 416 404.3 408.7 413.7 417.6 422.2 421.8 417.9 413.8 409.5 405.3 400.6
370 382.6 394.3 403.4 409.5 414.2 417.8 421.1 423.7 420.1 435.8 443.6 448 452.3 456.6 459.2 462.8 465 466.9 468.4 469.8 471.1 471.5 471.9 471.5 473 474.4 475.1 475.1 475 474.9 474.7 474.2 473 472.7 471.9 470.9 470.3 469.5 468.5 467.6 466.6 465.5 464.7 464.3 463.6 462.7 461.4 461.9 463.1 463.4 463.9 463 462.9 462.3 461.3 460.7 459.5 458 456.1 453.8 451.2 448.2 445 441.4 437.6 433.6 429 424.1 408.3 394 402.5 409.5 415.9 414.8 411.7 407.3 402.3 397.6
376.5 390.6 401.6 411.3 418.4 423.6 427.9 432.1 436.2 439.8 446.8 452.2 456.2 459.2 462.8 465.8 468.1 469.5 471.2 472.5 473.5 473.9 473.3 473.2 472.5 472 472.2 472.1 472.1 472.1 472.2 472.1 471.9 471.5 471 470.3 469.2 468.3 467.4 466.3 465.2 464 462.9 462 461.5 460.5 460 460.7 462.5 464.2 464.6 464.9 465.1 465 464.8 464.1 462.8 461.3 459.5 457.4 454.8 451.9 448.7 445 441.2 437.5 433.8 429.9 425.3 420.5 416.3 393.6 390.8 406.7 411.5 411 406.3 401.3 396.6
383.3 398.7 409 418.8 425.8 431.1 437.6 442.1 446.4 450.3 455.7 460.2 463.6 466.4 468.9 470.7 471.9 473.3 474.4 475.5 475.4 474.2 473.3 472.8 471.8 470.5 469.8 469.2 468.8 468.8 469.3 469.8 469.6 469.7 469.2 468.8 467.6 466.6 465.3 463.7 462.6 461.2 459.6 458.2 458.1 457.2 456.9 460.7 463 465.3 466 466.5 467 466.5 465.8 464.5 463 461 458.8 456 453.1 449.9 446.5 443 439.4 435.7 431.9 428.8 425.2 420.1 415.6 409 380.7 391.8 403.4 405.8 404.3 400.5 396
391 405.5 417.2 425.9 432.8 439.3 445.3 450.9 455.1 459.4 463.4 467.5 470 472.1 473.9 475.1 475.8 476.5 476.8 476 474.8 472.9 472.3 470.8 469.5 468 467.2 466.5 465.6 466.4 466.8 467.2 467.6 467.6 467.6 467.4 466.6 465.5 464 461.3 458.8 456.8 455.4 455.1 454.7 454.1 458 460.6 464.1 466.7 467.9 468.3 468.7 467.8 466.8 464.9 462.3 459.7 456.2 453.2 449.9 446 442.8 439.1 435.6 432.4 429.2 425.5 421.6 417.9 412.6 408.1 391.8 378.3 390.1 395.3 396.3 395.5 391.7
397.8 413.5 425.2 433.6 440.2 446.4 452.2 456.9 461.3 467 470.9 474.5 476.5 477.4 478.1 478.1 477.7 477.3 476 473.9 472.4 471.1 469.9 468.7 467.3 465.3 463.8 459.1 458.5 461.7 464.7 466.3 466.9 467 467.4 466.4 465.2 464.3 462.5 460.3 457.1 453.4 451.9 448 450.2 454.6 459.4 461.4 465.7 467.9 469.7 470.2 470.1 469 467.4 464.8 461.6 458.3 454.4 449.9 444.9 438.8 433.7 430.6 427.1 424.8 421.4 417.5 412.8 407.9 403.5 396.5 386.1 371.7 372.5 379 381.2 380.4 375.1
406.8 419.3 433.1 440.7 447.4 453.6 459.3 464.7 469.8 475.1 478.7 480.8 481.2 480.7 480.4 479.4 477.6 475.6 473.6 472.2 470.3 468.6 467.1 465.9 464.4 461.9 452.1 460.3 463.9 465.2 466.4 466.7 466.9 467.1 467.1 466.5 465.2 463.9 463.2 461.2 459.7 456 447.1 434.2 438.7 455.3 458.6 462.7 466.6 471.1 472.1 472 471 469.8 467 463 459.3 455.3 450.3 438.9 428.5 428.9 421.1 412.5 408.8 405.9 403 398.1 394.2 395.6 394.2 398 402 401.6 387.2 376.4 363.6 361.8 359.8
415.4 429.5 440 448.1 455.2 462 467.3 472.9 477.9 482.6 485.3 485.5 484.5 482 480.6 478.2 475.9 473.9 471.5 469.2 467.2 465.4 464.1 462.8 461 456.7 452.1 461.1 463.8 466.8 466.8 466.9 466.7 466.6 466.7 466.6 465.7 464.6 463.5 461.6 459 456.8 456.5 442.8 440.2 456.7 459.4 463.9 468.2 471.8 474.5 473.8 471.9 469 467 463.4 458.3 447.7 443.7 448 450.5 448.7 445 439.2 426.6 424.1 422.1 421.6 420.5 420.5 417.4 414.9 410.3 404.5 390.6 375.6 373.5 378.4 382.7
424 437.8 447.9 456.1 463.4 469.5 475.6 481.2 486.5 489.2 489.4 487.5 485.2 482.4 479.6 476.6 474.5 471.9 469.4 466.9 464.6 462.7 460.6 459 457.5 454.5 446.1 460.3 463.7 467.3 466.5 465.7 464.9 465.8 466.5 466.5 465.8 464.9 464 460.5 457.7 454.9 450.2 429.2 440 457.3 460.3 464.5 469.2 472.1 474.9 475.2 473.2 471.4 468.1 462.9 456.6 460.4 458.6 458.3 456.4 453.8 450 447.5 444.7 441.7 437.8 430.1 430.8 428.1 423.2 418 409.7 389.9 382.4 388.5 397.5 403 405.7
432.6 446.8 456 464.5 471.3 478.2 484.4 491.3 494.5 493.1 490.2 487.9 484.5 481.1 477.8 475.1 472 468.9 466.6 464.4 462.2 460 457.8 454.8 452.8 452.7 443.1 458.9 462.2 463.8 464.2 463.4 461.7 464.6 466.4 466.3 465.6 464.6 461.6 458.2 455.6 452.3 440.7 422.7 444.6 456.8 462 466.5 470.1 473.3 475.6 476.4 474.8 472.7 470.8 467.5 467.3 467.2 466.8 464.5 462 458.9 455.8 453.9 450.8 446.8 442.2 439.1 434.4 430.5 425.2 415 395.1 390.4 403.4 410.3 415.2 418.7 421.1
439.7 454.9 464.8 472.4 479.9 486.6 492.4 496.8 495.5 492.7 489.9 486.3 482.5 478.8 474.8 471.7 468.9 466 463.6 461.4 459 456.1 453.9 450.7 443.7 431.9 449.5 457.6 460.5 461.5 461.5 460 456.1 464.4 466.2 466 465.3 463.2 458.9 455.6 453 449.3 435.9 418.5 443.9 456.6 462.6 467 471.2 474.2 476.9 476.8 475.7 475 474 473.2 472.7 471.7 470.8 469.4 467.5 464.2 461.1 458.6 454.6 450.5 446.5 441.5 437.3 429.8 411.3 395.5 393.3 410.4 416.9 421.4 424.5 427.7 431.6
449.9 464.8 474 481.2 487.1 492.4 497 495.9 492.8 489.6 486 481.8 478.7 474.7 471.3 468.2 465.9 463.1 460.6 458.3 455.7 452.4 448.7 445.8 434.1 432.9 448.2 454.7 458.2 458.7 457.3 453 455.7 463.3 465.1 464.8 463.5 460.8 457.1 453 449.7 443.3 435.8 417.5 438.2 454.9 462.6 467.4 471.7 475.5 476.5 476.7 476.8 477.1 476.6 476.1 475.2 474.2 473.2 472 470.5 468.4 465.8 462.1 457.8 453.8 449.7 444.8 436.6 413.7 416.4 409.2 406.8 423.2 426.1 430 433 435.5 437.9
460 469 479.3 485.8 490.2 492.9 492.4 490.9 488 484.3 480.6 478.1 474.6 471.3 468.7 465.7 463.1 460.4 457.5 454.5 451.7 448.5 443.1 439.7 434.3 431.3 444 450.4 454.7 454.8 451.2 442.6 455.4 460.6 463.1 463.1 460.7 458 454.5 451.3 445.6 438.6 434.6 411.2 428.8 449.6 460.6 466.7 471.5 473.8 474.4 475.5 477.1 476.9 477.6 477.4 477.4 478 477.4 475.1 472.7 470.6 468.6 465.9 462 458 453.5 448.2 434.2 426.9 428 411.1 418.5 432.4 435.7 438.1 439.4 442.1 443.3
462.5 472.6 479.7 486 487.7 488.3 487.5 485.5 482.7 480.1 477.5 474.2 471.3 468.3 465.8 463.3 460.4 457.3 454.4 451.5 448.7 445.5 442.4 438.9 429.9 423.5 437.3 444.6 448.5 449 442.6 439.4 451.6 457.6 460 460.2 457.6 454.6 450.9 447.1 441.3 436.7 436.1 414.9 415.5 439.3 455.1 463.4 468.9 471 472.4 473.5 474.1 474.4 476.1 477.1 477.7 478.8 478.9 478 476.1 473.8 471.4 468.1 463.5 459.1 455.3 440.6 439.7 439.6 427.9 411.4 432.4 440.7 443.3 445 446.8 447.5 447.9
461.9 475.1 480.7 485 485.7 485.5 484.2 481.8 479.5 476.9 473.9 471.1 468.4 465.2 462.9 460.5 457.7 454.6 451.6 448.9 446.1 442.4 439.2 436.2 432.4 417.6 427.6 435.2 440 439.7 432.7 432.8 445.1 450.7 454.6 455 453.7 450.5 447.7 442.4 434.9 432.9 431.6 410.5 409.1 429.5 448.5 458.9 466.5 469.6 470.3 469.9 470 470.9 472.6 474 476.3 477.1 477 477.5 477.2 475.3 473.5 470.1 466.3 461.7 448.4 454.1 450.3 441.6 433.5 431.4 442.1 447.9 450.2 451.3 452 452.1 452.1
467 476.5 479.7 481.5 483.2 483.8 482.3 479.9 476.4 474.1 472 469.1 463.5 461.1 456.8 455.3 453.7 451.8 449.8 447.9 445.3 442.3 439.5 436 431.8 425.2 411.8 422.6 428.5 429.2 422.6 424.9 434.1 441.7 446.7 452.2 451 448.2 441.9 435.4 429.6 427.5 423.5 402.2 409.3 428.5 444.9 457.1 464.1 467.4 467.5 466.5 466.7 467.9 470.2 471.3 473.8 475.2 476 475.9 475.8 475.3 474.2 471.5 467.7 459.6 457.6 458.5 453.2 442.8 448.9 445 451.1 453.6 455.4 456.4 456.3 456.4 455.7
465.7 471.7 476.4 479.7 481.8 482.6 481.5 479.5 476.4 473 467.8 463.5 460.3 453.3 449.5 446.7 445.6 447.7 447.6 446.2 444.7 443.2 440.6 437.5 434.1 429.2 423.3 406.8 413.5 415.3 412.2 412.6 421.2 428.8 436.7 441.2 444.5 442.4 437.4 430.5 423.7 420.2 412.9 397.2 409.9 430.3 444.6 454.7 461.2 464 464.1 464 464 466.3 468.9 469.5 471.8 473.3 474.4 475.6 475.2 475.2 474.2 471.9 470 467.4 465.3 461.5 451.5 457.3 457.1 456.5 458.2 459 460.4 460.5 460.2 459.9 458.7
457.6 466.5 474.2 479.1 481.8 482.4 481 477.8 473.9 470.5 466.7 462.7 458.6 454.4 450.5 441.7 425.8 434.7 438.7 444.2 443.1 444.1 442.5 439.5 435.9 431.8 425.8 421.9 401.5 399.7 401.6 400.4 405.9 413.7 422.6 426.8 435.3 435.5 433.5 426.3 417.6 409.5 405.1 389.7 408.4 429.2 444.7 452 456.4 459.3 460.4 461.7 460.7 462.7 465.8 467.7 469.3 470.2 471.3 473.2 475.7 475.6 474.5 472.9 471.1 469.6 468.4 465.6 464.1 465.4 463.3 462.5 463.1 463.8 464.4 464.5 463.6 462.6 461
441 465.1 475 479.9 480.4 480.2 476.6 473.2 470.7 468.4 465.1 460.9 457.1 452.8 447.4 442.8 437.6 419.5 425.1 432.8 437.5 439.8 440.2 438.6 436.3 433.6 430.2 420.6 416.7 412.8 395.7 387.4 386.9 399.4 409 412.4 422.8 426 426.9 423 416 398.1 397.7 389.4 406.3 427.2 440.5 447 450.1 452.7 454.1 456.8 456.2 456.5 462.6 465.5 467.3 468.7 469.4 470.5 471.2 473.3 474.6 472.7 472.2 471.1 470.1 469.1 468.9 468.5 467.6 467.3 467.3 467.4 467 467.5 466.2 464.6 462.4
455.3 472.4 478.1 481.5 482.6 481.5 478.9 475.7 472.1 468.4 463.9 459.1 450.8 446.9 441.6 435.6 431.2 425.3 405.3 417.5 424.4 428.7 431.9 432.9 432.1 431.2 428.8 424.8 416.2 408.7 408.7 398.2 380.8 382 393.6 397.3 409.6 415.4 417.9 415.3 410.4 393.6 385 390.6 404.3 424.7 435.9 440.9 443 442.9 444.9 446.2 447.6 448.3 456.3 457.3 461.8 465.9 467.7 468.2 468.7 470 471.8 471.6 472.1 471.2 470.9 470.4 471.4 471.1 471 470.4 470.1 469.5 469.4 468.7 467.3 465.5 463.4
474.3 479.8 483.6 484.5 483.8 481.5 478.5 475.4 471.4 467.2 462.4 456.8 450.6 438.6 433.2 425.8 420.7 414.6 410 404.3 409 415.5 420.2 422.7 423.3 422.9 421.6 419.1 414.9 405.3 401.2 398.5 397.1 378.6 379 385.4 396.3 404.3 408.6 407.7 403.8 388.1 376.9 390.9 401.6 419.4 428.9 433.5 435.4 435.7 435.7 435.6 436.4 439.1 448.1 451 454.8 459.7 464.3 466.3 467 468 468.5 468.9 469.6 470 470.6 471.1 472.4 472.1 472.4 472.5 471.7 471.1 470.2 468.8 467.6 465.8 463.7
482.5 486.1 487.5 486.9 485 482.6 479.1 475.4 471.3 467.2 461.5 454.6 443.3 430.3 420.4 412 404 400.9 399 394.2 393.3 400 405.9 409.2 410.5 411.1 410.9 408.9 405.5 403 396.1 385.3 394 391.7 374.2 374.2 383.2 392.3 398.2 399.7 396.4 381.1 374.9 388.6 397.7 413.5 421.7 425.8 427.4 427.3 428.2 428.4 423 431.3 440.4 444.3 447.4 451.4 456 460.6 464.2 465 464.1 464.6 465.8 467.6 469.2 471 471.4 471.6 472.2 472.5 472.4 471.7 470.6 468.6 467 465.3 463.4
489.3 490.9 490.9 488.7 486.3 483.6 480.2 476.4 471.9 466.6 459.7 444.5 428 431.7 431.3 427.7 422.7 415.9 409.6 408.7 395 385.8 389 393.5 393.5 395.6 396.1 395.7 393.3 390.4 388.2 379 385.4 385.3 384.7 374.6 375.2 382.3 388.5 391.1 390.1 375.1 369.5 380.2 393.9 406 413.9 417.5 419.1 419.8 420.7 418.1 419.4 422.7 432.4 438.2 440.8 445 448.1 452.9 456.9 459.6 458.5 458.3 460.5 464.5 467.2 468.2 468.6 469.3 470.5 471.9 470.9 470 468.1 466.6 464.9 463 461.1
493.7 493.8 491.9 490.1 487.6 484.6 481.1 477.5 472.9 467.1 451.8 446.9 453.2 454.2 456.6 456.4 452.2 446.5 441.7 431.4 416.1 398.2 387.7 381.1 380.1 379.4 379.1 380 379.2 377.2 377.5 372.9 373.8 375.2 376.5 374.4 367.1 375.3 379.9 382.9 384.8 373.9 366.1 373.6 386.2 399 405.1 409.3 410.3 410.9 414.7 411.7 410 416.2 427.8 432.1 433.8 437.5 440.3 444.8 447.7 449.3 451.1 450.8 454.7 458.5 461.3 463.5 464.6 466.1 468.6 469.6 468.1 467.5 465.5 463.2 462.3 460.7 458.6
494.7 493.7 492.5 491 488.7 486.3 483.6 481.4 478.1 469.8 466.2 469.1 469 466.9 465 463.2 460.7 456.9 452.7 443.6 437.8 420.9 406.2 393.7 385.9 380.6 375.4 372 368.5 367.6 367.3 367.4 366.1 368.8 371.1 371.1 362.6 369.7 372.9 374.4 378.4 373.8 366 371.7 380.3 392.1 397.3 399.6 400.6 401 403.7 400.3 403.4 414.4 422.1 426.1 426.8 430.4 432.8 436.1 438.8 442 444.1 447.4 453 455.7 457.1 457.8 457.7 460.4 464.1 466.4 465.6 463.4 461.2 460.2 458.8 457.9 455.4
493.3 493.1 492.9 491.8 490 488 486.5 484.4 482.3 479.8 477.9 475.9 473.8 471.6 469.8 467.5 464.8 461.4 457.9 453.4 447.8 439.9 428.5 416.8 406.8 398.1 387.6 375.1 370 365.4 364.4 361.9 359.2 361.4 367.2 368.2 366.6 360 367.5 367.4 368 372.3 357.9 367.5 375.6 385.5 389.2 390.3 388.4 388.8 390.6 390.4 399.5 409.9 414.7 417.8 418.3 422.5 425.2 426.8 431.2 432.7 436 442.7 447.8 450.5 452 451.3 451.2 454.2 458 462.2 460.7 458.6 457 455.6 452.6 451.9 449.8
492.4 493.2 493.2 492.8 491.5 490.3 489.1 487.1 484.8 482.7 480.6 478.9 476.6 474.5 472.4 469.7 467.1 464.4 460.8 456.4 452 445.7 438.7 429.4 418.3 407.7 396.6 382.1 380 375.8 374 371.3 367.2 359.9 356.6 359.9 363.1 353.4 361.7 361.2 361.5 364.7 352.3 365.9 369.7 377.3 380.6 378.6 378.9 379.3 380.8 377.2 395.4 403.7 407.9 409.8 412 412.4 416.5 419.4 421 421.6 429.2 435.7 440.6 443.3 443.8 443.3 444.3 448.4 453.5 454.8 455.4 453.7 453 450 447.2 442.7 432.3
492.2 493.6 494.2 494 493.5 492.1 490.7 488.8 486.6 484.5 482.3 480 477.8 475.5 472.9 470.3 467.8 464.8 461.3 457.4 452.6 446.2 438.9 431.6 421.9 409.4 402 396.5 389.8 383.6 378.7 377.2 372.7 365.8 359.5 350.2 352.9 351.3 356 353.4 354.2 354.9 349.2 361.3 364.5 367.5 369.1 370.3 369.7 370.1 372.7 373.8 387.8 397.3 400.8 403.2 404.7 406.3 409.3 410.5 412.2 414.4 419.5 426.9 432.3 434 434.8 434.3 429.8 442.2 450.4 453.5 450.9 448.8 450 444.2 440.3 436.3 419.8
493.2 494.7 495.2 495 493.9 492.4 490.8 488.8 486.7 484.5 482.3 480.2 477.8 475.5 473 470.5 467.6 464.4 461 457 452.1 445.7 439.2 431.3 423.7 416.7 407.4 402.9 396.1 389 383.8 380 372.9 367.7 362.6 356.2 348.1 347.2 351.6 350.3 349.1 348.1 351.1 358.5 360.5 361.5 362.3 363.7 360.2 360.8 360.7 369.8 382.2 388.8 394.4 397 398.4 399.4 399.6 402.5 403.9 407.4 413.1 419.4 423.4 424.7 425.8 423.2 426.7 435.6 444 446.9 446.9 445.1 444.4 439 432.5 424.7 412.5
494 494.5 494.4 494.1 492.9 491.9 490.4 488.4 486.1 483.9 481.4 478.7 476.8 474 471.1 468.2 465.2 462.5 459.2 455.1 449.6 443.2 437.3 430.4 423.6 416.9 409.2 399.8 395.3 388.1 385.5 381.1 372.1 368.7 364.2 358.5 353.2 343.5 343.8 350.1 349.3 343.8 347.3 355.3 356.8 356 356.1 354.3 352 353.9 361.9 369.5 378.9 383.4 387.6 391.8 393 393.2 394.1 394.6 397.6 398.4 407.4 411.2 414 416.2 417.3 411.4 420.6 430.7 438 439.4 438.8 435.5 435.7 428.6 415.8 405.6 406.5
