public/OST50/SO28.asc
ncols 200
nrows 200
xllcorner 320000
yllcorner 280000
cellsize 50
[rows 105 to 139 of 200, columns 0 to 78 of 200]
374.5 390.3 403.2 411.9 412.5 409.6 410 409.9 409.4 408.1 406.6 405.4 403.8 401.8 399.4 397.6 396.4 394.1 392.1 391.6 392 391.7 390.7 387.9 388 391.9 393 396.9 399.3 401.6 401.2 398 394.6 389.9 386.4 381.7 379.9 379.6 378.3 376.1 373.6 369 366.4 363 359.9 357.1 354.8 352.7 351.2 349.7 348 347.6 345.4 341 336.2 328.4 321.2 314.1 306 299.8 294.7 288.6 281.7 279 277.8 275.9 270.8 262.9 276.7 305.1 311 325.2 337.6 348 362.9 372.2 376.1 379.2 385.8
377.1 389 401 408 406.6 406.2 411 410.9 409.5 407.8 405.7 403.8 402.1 399.8 397.2 394.6 393.2 391.7 389 388 387.3 388.6 388.9 388.5 382.9 387.6 388.8 391.6 396.2 400.6 402.3 401 398.4 394.9 390.9 388.6 388.1 386.8 384.9 382.1 379.3 377 374.9 371.5 369 366.6 364.4 362.7 360.5 357.8 356.3 354.3 351.3 347.6 341.2 334 326.1 316.4 306.4 297.6 293 287 282.8 278.8 275.4 273.4 270.4 262.2 277.1 299.7 308.5 320 328.1 341.2 348.1 352.6 357 360.8 361.2
373.9 386.4 399.2 401.8 400.4 406.7 408.6 407.9 407.2 405.3 403 401.1 399.3 397.5 394.8 391.9 389.5 387.9 385.8 384.7 383.5 384.6 384.7 384.3 384.5 381.1 385 387.8 394.8 401.5 405.1 403.4 400.4 397.1 395.2 394.3 393.5 392.2 390.9 388.6 387.3 385.2 383.6 382 378.2 374.6 372.1 369.8 366.6 363.2 358.5 354 349.6 344.5 338.2 332 325.4 316.3 303.4 295.7 290.9 285.2 280.2 276.9 274.3 271 268.2 261.2 274.7 291.1 301 310.3 317.1 324.1 327 331.2 331.9 337.2 337.9
365.9 379.2 392.1 395 399.6 405.5 408.3 407.1 405 402.5 399.9 398.2 395.9 393.6 390.6 387.6 385.2 383.7 382.5 381.5 380.8 380.9 380.6 380.6 381 377.3 380.9 384.7 394.8 400.6 404.5 403.4 402 400.2 399.2 398.4 397.7 397.1 396 394.9 393.8 392.3 391.3 389 384.7 380.6 376.2 372 366.6 361.1 354.9 348.3 343.2 337.7 331.8 325.9 318.2 308.2 299.4 294.6 292.4 288.2 280.7 277.5 274 270.4 264.5 261.4 260.7 283.9 285.4 295.3 301.6 300.5 303.7 311.3 316.9 324.2 328
357.5 371.9 384.2 388.4 396.7 402.6 404.2 403.7 402.7 401.4 399.5 396.3 393.1 390 386.8 383.2 379.9 378.7 378.1 378.6 378.5 377.1 376.5 376.8 376.3 374.2 373.6 381.3 393.3 401.7 403.8 403.4 402.7 402.9 402.6 402.5 401.8 401.2 400.4 399.2 397.8 396.5 395 391.8 387.1 382 376.4 369.3 363.6 355.8 347.6 341.1 335.1 328.9 322.6 317.1 309.2 304.5 304.1 299.8 293.7 288.2 285 281.2 276.5 271.7 268.6 265.4 258.8 265.5 272.1 281.6 281.6 288.8 295 302.9 316.7 328.2 341.5
345.9 362 375.8 383 392.3 399.1 403 401.9 400.2 398.4 396 393.1 388.4 384.1 380.8 378.1 375.4 374.6 375 375.4 375.2 372.4 373 373.1 371.9 369.2 369.7 378.5 394.3 403.2 404.4 404.2 404.9 405.7 406 405.5 404.2 403.8 403 402.6 401.3 399.2 396.4 392.5 386.9 380.8 375.2 366.5 359.6 350.8 340.9 335.1 328.6 324.5 322.4 318.2 314.9 312 308 303.4 294.9 294.2 291 287.6 282.4 277.5 271.1 267.4 257.7 255.6 256.6 267.5 272.8 287.6 306.6 323.3 336.3 350.6 364.1
336.5 352.5 368.7 375.5 387.3 394.9 397.9 396.2 394.4 392.8 390.8 387.8 383.7 379.4 376.3 373.5 371.7 368.3 371.7 372 370.5 368.6 369 369.1 365.1 365.8 370.9 384 396.5 403.9 403.9 404.2 405.6 406.1 406.3 406.4 405.6 405.4 405.7 405.4 402.4 398.7 396.4 392.8 387.5 379.8 370.3 362.8 353.5 346 342.7 338.2 334.2 331 327.5 323.7 319.3 316.2 312.4 302.4 304.2 302.1 296.8 292.8 287 282.4 277.1 270.9 267.5 262.8 255.3 256.4 272.9 288.9 308.8 325.4 342.6 355.7 366.8
328.6 346.3 363.3 370.5 379.1 386.3 390.1 390.9 392.1 390.4 387.1 383.1 379.4 375.7 372.6 369.7 367.8 363.5 367 367.8 366.9 366 364.6 362.6 361.8 364.1 372.2 389.6 400.3 403.9 404 403.7 404.1 404.7 404.6 405.1 406 406.4 405.9 404.4 401.8 397.8 394.1 390.2 385.8 377.6 368.3 362.6 360.2 356.4 350.8 344.7 341.2 337.1 333.6 331.5 327.1 322.8 316.5 310.1 310.3 306.5 301.3 296.7 293.2 288.6 283.2 276 272 269.8 261.9 253.5 265.8 287.3 307.4 325.3 345.6 357.7 366.5
318.6 341 357.5 366 370.6 376.6 381.8 386.9 387.2 384.9 382 379 376.4 373.2 370.6 366.8 363.3 357.1 363.2 364.8 364.6 363.6 362.1 360.3 360.8 365.3 379.7 392.1 401.7 403.4 402.7 402 402 401.7 401.8 402 403 403.7 402.9 400.9 399.2 395.4 391.7 387.3 381.6 376.8 376.7 373.4 369.5 365.9 361.1 354.7 349.8 344.3 339.4 335.4 331.1 325.3 316.4 319.1 315.9 311.7 306.8 302.6 298.4 293.5 288.4 280.7 274.5 269.6 263.5 252.8 265.4 284.9 306.5 326 345.1 355.8 361.1
313 333.9 350.1 357.6 361 367.6 374.4 380.9 383.4 382.5 381 378.7 375.4 372.9 369.7 365.1 360.6 350.2 358.5 361.1 360.9 360.3 359.4 357.7 362.4 370 380.5 390.3 398 401 400.6 399.7 399.1 398.8 398.6 398.6 398.3 399 398.4 397 395.3 393.1 389.6 385.3 385.7 385.4 383.9 382 378.5 373.9 369.4 362 355.2 349.3 343.5 338.6 334.1 324.5 327.7 325.3 322.4 318.6 313.8 309.2 304.9 300 293.8 287.1 278.9 269.3 263 251.9 266.1 285 307.6 326.8 341.9 348.5 351.3
303.7 318.3 332.8 344.2 350.2 356.1 364.8 375.7 380.1 382.3 382.2 379.8 375.9 371.9 367.8 361.8 358.6 347.5 353 356.3 356.4 356.3 350.6 360.1 364.8 376.3 385 392 396.7 399.2 398.8 398.1 396.6 395.7 395.2 395.1 394.3 393.7 393.8 393.4 392.4 390.5 389.8 390.9 392.6 391.9 390 388.1 384.7 379.2 373.2 364.9 356.7 350 345.2 341.4 335.6 336.5 334.9 332.8 329.9 326.9 323.2 318.2 314 308.1 301.3 293.4 282 270.2 258.7 251.2 265.3 283.9 306.4 327.5 335.2 337.5 340
304.6 302.7 318.8 328.8 338.4 346.7 356.2 367.8 374.5 378.8 380.5 377.9 373.7 369.5 365.8 358.8 355.2 349 346.6 350.3 351.3 347.1 356.2 361.4 370.4 380.6 387.6 393.8 396.4 398.3 396.5 394.6 393.4 392.4 391.3 389.8 388.2 388.5 388.6 389.4 391.1 392.4 392.7 394.3 395.9 395.7 394.5 391.8 387.2 381 374.1 365.7 358.5 352.6 349 346 340.2 342.9 342.8 341.5 339.6 335.8 331.4 326.2 320 313.2 306.1 298.2 284.3 269.3 260 250.5 254.7 277.8 299.7 317.1 316.5 318.9 320
313.3 301.7 303.9 318.8 328.4 338.1 349.5 357.1 369.4 374 375.9 375 371.1 367.6 363.3 354.6 349.3 342.1 341.6 345.1 341.2 351.3 356.3 362.1 370.6 380.3 386.6 392.1 396.3 394.6 391.1 388.5 388.4 387.5 384.7 381.8 382.1 382 382.5 384.8 386.3 388.9 388.9 393.4 397.1 398.4 397.7 393.5 387.4 380.5 375.1 368.6 362 355.7 351.3 345.7 347.6 349.5 351.1 349.8 348.1 343.1 336.2 330.1 322.9 313 303.5 295.8 283.6 269.6 261.5 249.6 249.5 261.2 278.7 292.9 292.6 297.9 307.5
315.6 309.4 300.3 302.8 319.6 328.6 343.7 352.5 363 366.1 367.5 367 365.5 362.1 357.8 346.5 342.3 335.5 338.4 340.3 344.6 350 354 359.3 368.2 376.3 381.2 386.7 389.5 387.4 385.2 382.3 382.8 379.8 376.6 374.4 374.1 372.9 374.7 375.8 377.1 380 384.3 391.4 396 397.5 398 394.6 388.3 383.1 375.5 368.4 360.6 354.6 350 351 354.1 356.4 357.5 355 353.1 346.5 337 328.5 319.2 308.7 295.9 289.2 281 270.7 264.6 257.5 249.3 248.3 260 271.3 278 286.1 300.9
313.8 312.6 305.8 298.7 302.6 319 334.3 344 352.1 357.7 360.3 359.1 358.1 356.2 352.5 342.6 336 328.6 331.6 329 342.8 348.1 351 355.7 361.9 370.7 376.4 380.6 382.9 381 378.5 375.8 374.3 369.8 366.7 364.2 364.8 364.9 365.2 367.1 370.2 375.3 382.1 389.3 394.9 396.8 396.9 392.9 386.7 380 374.8 368.2 360.6 358.9 357.8 359.1 361.5 362.9 361.6 358.2 352.6 344.5 334.2 325.6 314.7 305.9 296 287.3 277.6 271.7 265.3 256.6 255.6 247.3 251.4 260.1 272.7 285.9 302.2
312.1 308.8 304.2 300 297.4 307.5 320.4 331.2 341.2 349.4 352 351.8 351.6 348.9 345.7 341.3 330.8 327.3 318.6 334.9 340.1 343.6 345.4 349.2 359.8 367.5 372.6 376.6 377.1 374.5 370.5 364.3 363.7 359.5 357.4 355.7 356.4 356.1 359.1 362.2 366.1 375.3 387.2 393 397.2 399 397.9 394.3 387.7 381.8 376.2 371.6 368.6 364.8 366 368.2 369.7 368.1 364.9 358.7 352.3 340.9 329.6 317.9 312.4 305.3 298.5 287.9 280.7 270.4 269.5 265.3 262.8 247.1 245.5 254.6 263.8 281 298.1
315.4 310.5 306.7 301.8 296 295.6 308.1 316.8 329 337.9 342.4 342.1 342.7 342 340.1 337.9 327.1 319.8 318.7 332.3 336.6 338.7 341.9 346.3 356.8 363.1 367.9 369.4 366.9 365 360.7 355.4 353.8 349.9 348.8 348.9 349.8 351.7 354.9 358.6 367.1 382.2 390.5 395.9 399.7 401.4 401.1 397 390.7 385.8 380.7 377.4 375.2 374.2 376.1 378 376.7 373.5 368.2 361.5 354.1 343.1 330.9 321.2 313.8 306.7 300.7 288.8 281.8 278.3 274.4 269 264.6 253 244.9 245.7 253.7 272.2 290.5
317.2 311.5 309.3 307.5 303.9 294.6 294 303.8 314.2 322.4 333.1 334.4 334.9 334.1 332.6 331 321.1 310.5 317.2 327.6 332 332.8 338.2 344.5 351.8 358.1 362.1 361.2 358 355.3 351.7 345.8 342.5 341.6 342 342.7 344.9 348.3 352 359.4 370.6 382.7 392.2 398 401.8 402.8 402.8 399.9 394.7 389.4 386.7 384.7 382.4 384 385.5 385.3 382.3 377.8 371.5 365.1 356.2 346.3 334.2 323.4 316 309.9 303.5 286.5 290.5 285.7 279.4 272.2 265.1 257.9 246.1 243.7 246.2 262.9 280.1
320.6 315.8 314 311.7 308.6 304.4 296.6 292.4 301.5 305.1 313.6 317.4 322.7 326.3 325.3 323.8 310 301.4 316.5 320.7 327.4 324.5 333.2 338.6 345.4 351 353 352 348.9 344.9 338.9 334.4 334 334.9 336.2 338.7 342.1 347.4 354.5 364.7 375.3 384.7 395 399.5 402.8 405.1 405.4 403 398.7 395.5 391.9 390.4 390 391.8 392.2 391 387.5 382.3 375.2 366.6 357.7 348 334.2 326.6 319.7 314 302.6 304.7 301.4 295.9 286.4 273.5 264.2 257.6 249.3 242.5 242.6 250.9 267.5
326.4 321.5 318.4 315 311.8 308.6 305.2 298.3 291.2 291.5 291.1 294.4 308.3 310.5 312.3 312.8 304 304.8 310.2 315.8 322.6 319.9 325.5 332.6 337.1 341.4 342.3 341.5 337.9 333.3 331.5 329 327.2 330.3 332.6 335.3 341.9 348.9 361.2 372.5 378.7 385.9 394.1 399.6 403.2 405 405.6 404.5 403.4 401.5 398.2 397.2 397.2 398.4 397.7 395.6 391.7 385.6 377.5 367.9 358.6 348.4 336.1 328.5 321.8 306.7 310.1 314 308.9 303 294 278.5 266.3 257.7 252.1 244.3 241.6 242.1 251.7
334.8 328.3 323.7 318.8 314.7 311.1 308.1 305.9 302.1 299.9 300.5 294.9 284.4 290.6 292.2 299.3 301.4 292.7 304.4 311.1 316 316.7 315.2 323.9 327.6 331 332.9 331.6 325.4 328.2 327.9 325 321.6 326.1 331.7 337.7 348.8 360.2 370.5 376.8 382.2 389 395 401.7 404.9 406.2 406.7 406.7 407.5 405.4 402.7 402.6 403.5 403.3 401.5 398.1 393 385.9 377.3 368.3 359 348.4 336.7 329.7 321.9 317.3 320.8 318.8 314.1 306.9 298.6 285.6 271.2 260.5 254.6 250.5 242.9 240.4 241.6
341.3 334.1 327.3 321.4 317.1 312 308.1 305.8 303 303.5 302.6 300 293.9 293.5 281.8 282.2 286.9 286.7 297.4 303.8 309 308.9 304 314.2 318 321.3 324.5 318.8 319.5 322 323.9 321.4 323 329.4 338.3 351 362.5 369.5 375.1 380 385.4 392 400.3 406 407.9 408.9 409.2 409.9 410.7 408.4 406.5 406.6 407 405.7 402.9 399.1 392.7 384.9 376.8 367.1 356.5 346.6 336.9 330.2 327 328.2 326.8 324.3 319.3 312.7 302.8 290.6 274.9 264.6 257.8 253 251.4 242.8 238.9
347.8 338.7 330.4 323.9 317.6 314.4 310.7 308.5 305.9 303.6 302.3 300.9 299.9 298.2 295.2 286.8 282.2 283.1 287.5 293.1 298 297.4 294.8 305.2 308.5 312.5 315 307.8 311.8 314.2 317.6 318.3 329.3 341.1 350.7 359.3 367.2 375.2 380 385.1 391 399.8 406.4 409.5 410.4 411.1 411.1 411.4 411.7 409.6 408.2 408 407.7 405 401.5 397 390.4 382.6 374.2 365.9 354.5 345.3 337.8 333.1 333.1 333.4 333 331.2 326.4 319.6 308.9 297.4 281.9 270.3 261.8 257.1 253.6 250.9 239
355.5 345.2 334.8 327.6 321.5 316.6 312 310.2 308 306.3 304.4 303 301.4 298.7 295.2 289.4 280 279.8 279 282.6 286.1 287.4 285 294.2 298.7 303.5 304.5 299.9 303.4 309.3 301.4 327.3 339.3 348.1 355.5 364.3 373.6 381.6 385.7 392.1 399 404.4 407.6 410.6 411.5 411.9 411.7 411.4 410.7 407.9 406.5 407 407.5 403.9 399.1 394 387.9 380.9 374.2 364.4 356 346.5 340.6 337.7 338 339.1 338.3 339.5 336.9 329.7 319.4 307.1 293.6 280.1 267.8 260.9 255.2 251.6 247.7
366.2 353.3 345.3 335.4 326.6 321.1 316.4 313.2 311.1 308.9 307.2 305.8 303.8 302.4 301.3 297.1 290.1 280.2 277.3 276.3 275.8 276.9 274 276.2 285 293 292.6 290.1 297.6 289.5 317.6 332.2 342.7 352 359.9 370.9 378.3 384.2 389.4 396.7 400.9 404.6 406.5 411.3 411.6 410.6 409.4 408.3 406.1 403 401.8 403.3 404.7 402.8 397.4 392.8 387.6 382.2 376.1 367.4 359.9 352.8 345.8 343.3 343.1 344.1 345.1 347.6 349.7 343.8 333.9 320.3 305.4 291.9 278.3 265.9 258.1 252.3 247.2
375.3 367.2 355 344.7 334.4 328 323.4 319.5 316.2 313.6 311.8 309.7 308 306.9 305.8 300.6 294.4 289.7 283.5 278.9 274.5 273.2 272.1 269 268.8 272.7 278.1 280.5 291.3 288.9 318.3 328.7 340 352.3 361.3 371.3 377.3 383.2 387.8 393.1 398 400.8 405.2 408.4 408.2 406.6 405 403.5 401.4 397.7 396.9 397.4 400.5 400.3 396.6 393 389.2 385 378.6 372 365.5 358.5 353.4 349.5 348.9 348.9 353.3 358.6 362.4 359.1 348.7 335.5 315.8 304.9 292.1 278.5 265.2 255.1 248
384.9 377.9 371 361.2 350.2 343.8 336.5 331.9 327.3 323.6 319.9 316.5 313.1 310.8 308 303.1 298.1 294 288.6 287.7 282.3 280.2 279.7 279.8 275.3 268.4 265.8 266.3 272.8 283.1 309.4 324.4 338.7 353.5 363.1 372.4 377.8 384.4 387.6 390.3 393.8 395.8 398.4 402.9 403.2 400.6 400.2 398 395.9 393.1 391.1 391.4 396.1 396.9 395 393.4 391 386.8 382.5 377.5 372.3 366.7 362.6 359.4 358.4 361 364 369.1 373 371.5 364.3 351.5 337.9 320.3 305.1 292.3 276.8 262.5 251.3
399.8 394.8 387.8 380.4 372.7 365.8 359.8 355.5 349.1 340.4 332.4 326.5 320.7 316.3 312.4 307.9 302.6 297.9 295.4 291.9 288.7 287.2 283.6 281.7 281 279.7 281.2 271.7 266.2 285.4 303.6 318.9 332.3 348.4 361.5 370.3 378.4 382.7 383.5 386.3 388.2 389.6 390.6 394.4 395.7 395.4 395 391.8 390 386.8 383.7 383.6 388.7 391.2 392.6 392.9 391.2 388.9 385.6 381.6 377.8 374.9 372.2 369.5 368.3 369.4 372.7 376.1 379.9 380.8 377.4 367.8 356.1 337.5 321.7 306.9 291.7 272 256.5
410.1 405.6 401 395.7 390.8 384.9 380 374.5 367.7 359.6 350.6 341.1 333.3 328.4 323 314.1 309.7 304.4 301.2 297.8 294.7 291.7 286.1 281 279.7 280.3 279.7 272.7 264.7 270 292.4 311 326 343 358.2 367.4 374.5 375 376.1 378.4 378.3 380.6 382.4 386.1 390 390 388.8 385.8 383.2 379 377.1 375.5 378.5 382.5 387.3 389.2 389.9 389.6 388.2 385.4 383.5 381.1 378.3 375.7 374.2 374.7 376.4 379.2 384.3 387 384.5 379.9 373.1 358.8 337.7 323.3 305.5 281.9 261.1
416.6 413.2 409.4 405.3 401.4 396.7 392 386.6 379.9 373.1 367.5 358.2 346.4 337.9 330.9 324.5 317.3 311.2 308.8 303.7 299.9 295.3 288 281.5 278.3 277 275.8 267.7 264.2 263.1 284.7 302.9 318.5 337.8 353.9 362.4 365.7 367.4 369.4 369.4 368.8 369 372.9 378.2 383.2 384.2 383 380.1 376.4 372.2 371.1 370.8 370.3 375.2 382.5 385.5 387.4 389 388.9 387.3 386.3 383 379 375.9 372.3 371.4 373.5 377.9 384.7 388.3 387 386.1 382.9 378.5 365.3 337.1 319.3 295.9 271.2
420.7 418.1 414.6 410.6 407 402.9 398.8 392.9 387.1 381.1 374.8 368.8 361 352.6 340.5 332.6 326.7 320.6 314.2 310.3 303.5 297.2 288 281.7 278.5 275.8 276.2 271.7 264.3 263 272.2 291.6 311.2 331.4 346.8 355 357.3 359.6 361 361.1 359.6 359.9 362.8 370.7 376.2 377.2 374.4 372.9 368.8 365.7 364.8 364.9 365.6 369.7 376 378.7 382.1 385.3 388.1 387.2 383.8 379.4 374 369.7 366.5 365.7 367 373.2 380.9 384.2 385.5 386.9 387.2 384.6 376.8 352.1 330.3 305.3 278.6
423.1 420.8 417.5 414.3 410.5 406.3 401.6 397.3 391.7 386.1 380.5 373.7 368 360.5 349.9 342.9 337.1 329.6 322.7 314.9 305.4 296.3 287.8 282 279.7 279.3 277.6 276.3 268.1 261.5 259.7 280.4 304.6 324.3 339 345.4 348.2 350.8 350.8 349.8 349.4 350.2 353 362.2 368.2 370.3 367 365.4 362.5 359.4 357.9 358.3 359.9 363.3 368.7 372.2 376.5 381.9 383.9 383 378.3 373.3 367.4 361.4 357.8 356.9 359.2 366.3 373.5 374.9 377.2 381.3 384.1 386.9 382.7 361.6 344.8 317.9 287.1
426.4 424.4 422 418 414 410.2 406.3 401.4 395.8 390.9 385.6 378.5 372.1 363.7 356.3 351.6 345.9 337.8 328 319 309.9 298.1 287.9 284.4 282.8 280 277.2 275.7 272.7 266 259.9 272 299.4 318 331.4 337.9 340.7 342.9 343.6 342.8 340.2 343.4 344.9 351.5 361.5 363.1 360.2 358.8 356.7 353.9 351.4 352.1 354.5 356.7 362.4 367 373.3 377.4 378.8 376.7 372.2 366.1 359.9 352.7 350.9 350.6 351.1 355.5 360.8 363.8 367.6 373.7 379.7 385.8 382.3 365.3 344 320.6 290.6
428.4 426.5 424.3 421.1 417.9 414.5 410.2 404.4 399.6 394.2 388.3 381.5 374.4 368.4 363.2 358.2 352.5 344.4 334.6 324.6 313.9 300.2 291.8 288.1 284.1 280.2 277.4 274.8 272.1 266.6 259.5 264.6 290 309 322.6 330.7 332 335.2 335.6 331.5 327.6 336.6 339.6 344.6 355.6 355.6 353.9 352.5 350.3 347.5 344.2 345.8 347.2 350.7 356.4 361.2 368.1 371.8 371.9 369.4 364.2 358.1 350.3 346.3 345.7 345.7 346 347.1 351.8 354 357.5 365.2 373.5 381.5 371.9 357.5 338.1 315.4 288.1
429 427.7 425.3 422.8 419.6 415.7 411.7 407.7 402.6 396.9 390.1 384.3 378.3 373 368.4 363.7 358.6 351.8 342.4 332.4 318.7 305.3 295.7 290.7 285 280.7 277.1 274.3 272 269.4 260.1 257.6 276.9 299.4 309.4 317.6 320.7 324.9 322.1 319.3 321.8 331.3 335.7 341 351.9 351.3 350.3 347.5 345.3 341.6 338.8 338.3 339.6 343.1 346.5 354.8 363.1 365.5 364.3 361.4 355.8 348.9 342.5 340.7 340.8 340.8 340.5 340.4 342.6 343.4 347.1 355.8 364.3 367.5 356.6 344.1 329.7 312.3 288.7
