public/OST50/SO32.asc
ncols 200
nrows 200
xllcorner 330000
yllcorner 220000
cellsize 50
[rows 70 to 104 of 200, columns 0 to 78 of 200]
267.2 278.3 290 306.3 322.5 346.9 371.5 399.6 425.4 450.9 467.4 480.5 490.1 485.8 474.3 460.8 430.5 398.5 370.8 347 324.5 305.9 292 280.2 267.1 257.8 248.8 237.1 226.9 215.2 208.9 208.5 204.1 200.3 196.4 192.5 190.1 186.2 181.1 173.9 168.1 164.1 159.2 153.3 146.1 141.5 137.5 133.1 127.5 123.2 120 115.6 116.8 116.5 116.2 115.4 112.7 120.8 128.1 136.6 144.1 148.1 156 164.5 173.2 177.6 185.5 193.5 203 210.9 218.9 226.4 231.3 236.1 239.7 243.6 245.6 246.7 248.6
266.1 277 290.9 306.2 323.5 346.2 370.5 400.1 426.5 450.7 466.5 479.1 489.5 486.3 474.7 461.1 433.2 404.6 374.8 349.4 330.2 308.8 291.8 279.1 267.9 259.7 248.5 238.7 232.8 226.7 221.4 216.1 211.8 207.7 203.8 198.8 196.2 191.2 187.9 181.9 174 168.8 163.1 158.7 152.1 143.8 138.5 134.1 128.2 122.9 120.5 117.3 116.9 116.7 114.9 115.3 115.7 119.4 128 137.1 142.8 147.7 153.3 160.2 168.7 174.4 180.7 188.7 196.8 204.7 215.4 221.1 225.1 229.9 233 235.1 237.4 240.3 242.9
265.7 275.7 287.8 305.1 323 345.9 373.1 401.4 424.3 448.7 467.5 477.6 489.9 486.8 476 463.9 443.1 412.5 379.8 353.6 334.2 312.8 297.2 283.9 269.5 262.4 255 248.4 243 237.6 231.4 226.3 222.9 217.7 211.4 205.9 201 195.6 192.2 186.6 179 171.6 166.8 162.5 155.2 147.1 140.1 134.4 128.8 123.3 120.4 118.7 117.6 117.2 115.9 115.6 116.6 118.6 127.6 136.2 140.9 145.2 148.8 154.5 164.7 171.5 177.3 183.6 190.9 201 212.5 217.6 221 224.2 227 229.5 232.2 233.6 236.5
263.6 275.3 288.2 307.4 324.2 345.5 371.8 399.6 423.4 448.5 467.4 478 489.4 487.4 477.9 466 450.9 421.8 389.9 359.3 339.7 319.9 304.5 289.7 278.5 268.7 263.9 257.8 252.6 248.8 243.5 238.9 232.2 226.8 220 213.6 206.2 201.2 196.9 191.9 184.6 175.8 169 164.4 159.1 149.8 139.7 134.4 129.6 124.1 120.6 118.8 117.6 117 115.8 113.9 116.4 121.1 126.6 131.1 135.9 141.5 146.1 154.1 161.5 169.5 174.8 179.3 188.1 197.3 205.2 212.4 216.9 219.6 221 223.7 226.1 228.9 231.1
261.2 273 285.5 306.1 323 344.2 368 397.5 422.8 446.8 467.3 478.9 490.5 489.9 482.4 471 458.2 431.1 400.2 369.2 347.2 328.9 310.8 297.8 287.4 278 271 265.9 261.8 256.8 252.4 247.9 241 234.4 226.7 219.3 212.2 205.7 199.4 194.4 189.2 180.7 171.9 165.9 159.9 152.6 141.6 134.7 129.3 124.3 121.3 118.9 117.9 117.1 116.6 111.8 115.2 121.5 125.6 132.5 139.5 142.9 146.3 152.9 160.3 167.8 173.2 177.5 183.2 190.4 197.7 203.4 208.6 213.9 215 217.3 220.3 222.3 225.1
258.9 269.7 285.6 303.9 321.2 343.7 367.5 396.1 424 448.3 467.4 480 490.1 493 486.8 477 464.8 444 413.8 384.5 357.5 338.6 322.2 306.9 296.8 289.1 282 275 268.3 263.1 259.6 254.8 248 241.1 233.1 225.4 217.9 211.1 204 197.3 192.2 183.8 175.6 168.6 162.3 156 147 136.4 130.5 125.3 120.8 119.5 118.3 117 117.1 112.9 114.8 121.1 125.6 133 139.2 142 145.3 150.9 160.4 168.8 171.4 174.9 179.4 183.8 189.4 195.4 199.3 203.1 207.1 211.1 212.9 214.5 218.2
257.9 270.5 286.4 303.5 318.2 340.1 368.6 397.9 425.6 452 468.3 483 494.1 496.2 492.1 482.3 470.9 457.1 430.6 398.3 372.1 352.7 334.2 319.5 306.9 299 291.1 284.6 277.3 272 264.7 260.6 253.8 246.9 240.2 232.5 223.9 217.4 208.8 201.9 194.9 188.8 181.6 173.5 165.1 158.5 149.5 137.8 133.2 126.7 121.2 118.5 117.6 116.7 115.8 113.2 114.9 119.2 124.9 130.9 138.2 141.5 144.4 147.5 155.5 164.2 169.5 172.4 176.2 178.8 181.2 187.4 190.8 194.3 198.1 202.1 203.3 204.8 209.2
257.5 271.4 286.7 300.8 318.5 341.4 369.3 398.2 426.3 453.4 470.2 485.9 496.9 499.6 495.7 489.1 479 467.1 446.1 417.9 390.8 367.4 350.7 335.4 325.3 313.1 302.9 294.9 285.4 278.8 272.6 265.9 259.8 253.9 245.3 238.9 230.9 225.2 214.6 206.2 199.6 193 184.9 176.5 168.1 159.3 149.7 138.7 132.5 126.8 121.7 119.3 117.7 116.4 115.3 112.3 114.1 117.3 123.4 129.5 137.4 141.7 143.4 146.4 153.3 157.6 164.8 170.8 174 175.7 178.7 182.1 185.2 187.3 189.6 193 195.5 198.1 202.4
258 271 285.1 299.3 321.3 340.4 371.3 399.7 429.6 453.8 471.2 489.3 499.1 502.5 500.3 495 487.8 477 462.6 438.3 413 387.2 367.8 353.6 339.4 330.5 318 307.7 296.7 286.6 280.7 274 266.7 259.1 251.1 243.6 236.7 229.4 221.5 211.3 203.6 195.6 188.8 179.3 170.3 160.1 151.6 140.8 133.6 128.5 122.3 120.2 118.3 117.5 115.2 114.2 112.7 116 120.8 125.7 133.2 141.1 142 143.9 148 151.4 158.2 165.5 171.1 173.5 175.2 178 180.6 183.7 185.9 187.9 189.9 192.6 195.2
258.6 271.1 283.2 299.9 319.4 342.2 373 400.6 431.8 456.7 474 493.2 500.1 504 503.5 499.8 494.7 487 477 461 433.5 410.6 391.2 372 358.1 346.8 336.1 321.4 311.2 300.8 293.5 283.1 273.5 265.5 259 250.6 242.8 233.8 226.7 216.9 207.6 199.3 191.6 183.4 172.2 162.2 151.9 141.5 134.1 128.8 123.3 120.9 117.9 116.4 114.5 114.2 114 113.7 117.1 122.9 127.5 131.6 136.8 140 145 147.8 152.9 157.9 162.4 165.9 171.4 176.3 178.5 180.8 182 183.9 185.5 187.5 190
258.3 270.7 282.4 299.1 320.9 345.9 375 404.4 434.8 457.9 476.6 495.2 502.1 506 506.7 504.6 500.6 495.1 488.3 478.7 461.7 437.2 413.9 396.2 380.8 366.9 353.1 339.7 327.5 314.5 303.7 292.8 280.1 271.9 265.2 258.9 249.9 240.3 232.2 223.2 213.4 203 193.8 184.9 174.1 163.1 149.7 142.3 134.3 129.2 125.1 121 118 116.2 114.5 113.8 113.5 111.4 114.5 118.7 123.9 127.2 130.6 134.5 139 144 148.5 151.7 154.6 160.6 169.6 173.5 175.9 176.8 178.4 178 180.9 184.1 188.5
257.1 269.4 284.3 300.2 323.4 346.1 376.6 406.4 436.8 458.8 477.6 496.3 504.5 507.2 508.1 508.5 506 501.8 497.1 490.3 483.1 465.6 443.8 423.6 405 388.3 371 357.6 343.7 329.5 312.2 302.4 289.7 277.5 269 262.5 255.1 246.9 239 228.8 219.9 207.4 196.5 188 176.9 166 153.3 143.9 137.1 132.1 127.4 122 117.9 115.6 114.7 114 113.3 111.1 113.2 114 120.7 123.9 127.1 131.7 137.2 141.5 144.7 147.5 151.2 157.5 161.5 164.8 168.4 170.2 170.5 169.2 174.6 182.5 185.5
258.1 271.4 285.3 301.2 326.9 350.7 378.5 407.2 438.9 460.8 477.5 497 505.2 508.3 511.2 512 510.4 508 503.8 500.2 495.2 489.7 475.2 453.8 433.5 412.9 393.1 376.2 362.1 347 325.4 311 298.7 286.3 277.2 268.7 261.5 253 244.6 234.2 223.1 214 202 190.8 179 168.4 157.7 147.1 140.9 134.3 130 125.9 119.2 116.3 114.4 113.7 112.7 110.9 112.5 112.7 116.5 120.1 123.9 127.5 132.5 137.4 142.3 145.7 149.3 152.9 156.6 158.5 160.6 161.3 163.5 165.5 174.9 180.8 182.1
258 271.5 286.5 302.8 328.2 353.6 382.5 411 441.5 461.4 480.8 498.7 505.8 513.4 519.8 521.1 518.8 515.1 511.2 508.2 503.9 499.9 495.2 484.6 465.2 442.6 417.6 396.5 379.6 362.1 346.3 323 308.5 295.6 286.7 276.2 265.2 258 249.8 240.1 229.6 217.2 204.8 194.1 182.4 172.2 161.9 152 147.6 138.2 132.8 127.7 122.5 118.8 115.7 112.9 112.4 110 112.1 113.2 114.9 117.1 120.4 123.7 127.2 133.1 140.9 144.8 147.9 149.9 152.2 153.1 154.1 156.4 159.7 163.1 169.8 174.8 175.5
259.3 273.6 289.5 307.3 332.9 355.9 385.7 415.3 442.7 462.5 485.2 500.8 507.2 516.9 523.3 525.8 525.3 522.8 519.9 514.5 511.1 507.6 504.2 501.1 493.6 474 448.7 423 403.7 385.6 361.3 333.9 317.4 305.4 292.4 279.6 269.4 262.1 255.8 245.2 232.5 220.1 208.6 196.6 185.2 174.6 165.5 155 148.2 139.9 132.8 127.1 123.4 120 116.5 113 112.5 109.6 112.5 112.9 113.4 115.1 117.9 120.6 125.7 130.8 137.9 143.9 145.8 145.9 147.5 149.2 150.6 154.6 157.1 160.5 164.5 166.8 168.7
260.5 276.5 294.2 313.4 335.1 359.8 389.1 419.2 445.8 466 487.7 501.1 510.4 518.7 524.3 527.6 528.5 527.5 525.6 521.8 516.6 513.3 511.6 508.3 504.3 497.8 477.2 454.7 430.8 407.4 381.2 355 329.4 314.7 300.7 285.4 274.3 268.1 257.8 248.8 238.5 226 214.4 200.7 188.5 176.4 164.5 154.6 147.7 139.6 133 128.4 123.9 119.9 116.4 114.4 112.9 111.1 111.7 112.8 112.9 113.8 115.3 118.4 123.8 129.9 134.6 139.1 141.9 143 142.8 144.2 148.6 151.8 155.9 159 161 162.7 165.4
263.4 279.5 299.3 315.3 339.6 363.4 393.4 422.7 448.2 470.8 490.2 502.5 513.4 519.9 525.4 529.4 530.6 530 528.2 525.7 524.6 521.8 518.2 515.4 511.6 505.1 498.7 483.6 459.6 429.1 399.4 371 349.4 327 308.1 292.4 279 271.2 261.5 254.4 244.5 232.2 217 204.5 191.3 179.1 167 156.7 149.4 142.7 135.5 129.7 123.7 119.8 117.8 115.9 114 112.3 110.5 111.8 112.7 112.8 114 115.8 120.6 125.8 131.3 134.8 137.5 136.3 135.7 142.1 147.9 150.5 152.7 155.3 157.8 159.2 163.2
275.8 285.4 301.1 320.7 345 369.3 397.6 428.5 451.4 477.4 495.9 505.9 514.7 521.4 526.5 529.5 531 530.7 529.3 528.2 527.2 525.5 525.6 523.8 516.1 512.8 506.3 501.9 478.5 448.2 416.5 389.6 363.8 338.8 317.6 299.9 284.1 273.9 265.7 257.1 247.4 236.2 222.9 209.2 194.7 183.9 172.3 162.8 153.8 147.5 140.5 131.1 124.3 120 117.7 115.8 113.9 112 110.3 110.6 111.8 111.8 113 114.4 118.6 122.6 127 130.4 132.2 131.5 133.5 139.6 143.2 148 150.7 150.8 153 156.5 164.2
286.1 293.3 307.1 326.3 349 373.6 403.9 432.4 457.6 483.8 497.3 508.1 516 522.7 526.5 528.3 529.3 529.2 528.7 527.6 526.5 526.4 526.7 526.6 524.6 516.2 512.9 506.5 495.2 464.5 435.8 406.5 377 351.1 327.4 308.7 289 275.6 266.4 259.2 251.4 242.5 227.9 214.8 202.9 189.8 179.6 169.8 159.2 150.9 143 132.4 125.7 120.3 117.5 115.7 113.9 112.1 110.5 110 111.7 112.3 112.8 113.4 116.1 122.1 124.1 126.2 125.6 125.7 130.4 133.2 138.2 140.8 144.3 150.8 153.4 159.7 165.4
293.5 303 317.1 331.4 350.7 380.7 413 440.4 466.2 488.6 498.8 510.5 517.2 522.9 525.8 526.7 526.8 526.5 525.2 524.7 523.8 524.2 525.1 525.3 525.5 521.9 514.9 510.6 504.2 481.9 453.3 423.4 394.6 364.1 338 319.3 294.8 278.3 268.8 261.7 254.1 247.2 236 224 211.8 198.8 187.2 176.9 166.8 156.3 148.6 137.3 126.8 121.3 117.1 115.4 114.1 112.6 111.2 110.5 111.6 112.3 112.4 113.1 114.8 118.6 120.5 119.9 120.5 128.6 132.2 136.2 140.9 144 148.8 152.9 157 162.2 166.1
297.9 306.9 321.8 332.6 349.7 388.5 424 448.1 475.9 490.7 502.9 512.6 519 522.2 523.5 523.5 522.2 521.8 521.2 520.3 520.4 521.1 521.7 523.5 524.4 523.8 517.4 512.9 507.6 495.1 469.2 442.1 410 380.7 348.7 331.7 306 284.7 274 264.3 258 250.4 243 231.1 220.2 207.8 195.1 183.6 173.7 163.3 156.6 146.2 132.1 124.7 118.8 114.8 114.4 113.2 110 109.9 110.9 112.3 112.4 113.9 115 116.4 118.1 120.2 123.2 129.7 134.2 138.6 143 146.7 150.7 154.6 158.3 162.6 168.5
304.5 316.2 327 337.1 361.2 406.3 434.8 462.2 483.7 496.3 508.2 514.8 519.4 520.4 520 518.2 516.5 513.8 510.2 510 511.1 510.1 510.9 513.6 518.9 522.5 518.1 511.7 509.8 503.1 482.7 456.7 424.8 395.5 364.8 337.8 313.5 294.9 278.3 267.5 260 252.9 247 237.1 226.2 215.3 203.6 190.5 180.6 172.9 165.9 154.8 145.7 130.9 119.9 115.7 114.7 112.7 110.1 108.8 109.8 111.6 112.5 113.7 115 116.8 117.3 118.5 122.4 127.7 133.3 138.3 144 148.2 152.2 155.8 159.1 164.1 171
315.6 323.8 332.7 350.5 394.7 422.6 449.8 476.8 489.6 503.5 510.8 515.2 517.4 516.5 513.9 510.9 505.6 503.2 501.2 502.6 503.7 505 505.7 508.4 509.4 511.5 511.5 509.6 510 506.4 494.6 468.4 437.7 405.1 372.4 344.3 318.9 298.9 283.1 270.7 263.5 256.4 248.2 240.7 230.7 219.1 208.3 198.4 189.1 179 172 163 152.4 142.6 128.3 116.6 114 112.8 111 110.8 109 111.4 112.3 113.1 114.4 116 117.6 118.4 120.5 125.1 130.5 136.6 142.8 148.3 152.2 156 159.8 165.4 174
323 331.8 352 387.2 415.5 441.7 465.5 482.8 499 507.9 512.3 514.6 512.4 510 506.3 500.6 496.5 495.4 494 493.7 496.9 500.5 501.7 504.2 506.3 506.7 507.5 508 509.2 507.4 499.1 474.2 444.3 412.9 380.6 349 323.7 302 285.5 274.1 265 258.7 250.7 242.3 232.7 222.6 211.3 202.3 191.2 181.4 174.6 167.2 158.6 147.1 138.6 125.2 115.7 112.3 111.3 110.5 110 108.5 110.8 112.5 112.7 113.9 115.7 117.9 120.5 123.8 128.6 135.3 141.8 147.2 152.3 156.3 160.8 167.5 174.1
335.4 355.7 385.6 409.8 438.1 459.8 475.6 494.1 504.3 509.5 511.4 510.4 507.1 500.9 494.4 491.2 486.5 484.9 486.5 488 490.8 493 496.4 500 503.5 504.3 505.3 506.2 507.5 504.5 498.4 475.5 444.6 414.6 381.2 351.8 324.9 303.4 287.8 273.8 265 259.8 252.3 243.2 232.9 222.7 212.8 202.5 191.2 182.3 175.8 169 161.3 152.5 141.6 131.8 120.8 112.7 111.4 110.6 110.3 108.9 109.9 111.5 111.9 113.6 115.6 116.9 119.5 123.2 128.2 134.2 140.5 147.6 153 156.4 161.6 167.6 175.4
359.5 385.2 408.9 434.4 456.3 480.3 492.2 500.5 506.1 508.2 507.5 504.4 498.2 489.6 483.6 480.6 477.5 475.2 475.8 477.7 483.2 488.4 491.7 494.3 499.6 502.2 503.4 504.2 504 501.4 494.6 471.6 442.8 413.8 380.5 349.8 323.7 302.5 289 275.2 263.9 257.2 251.1 241 231.6 221.2 211 199.9 189.2 180.5 174.9 166.8 160.7 153.4 144.5 133.8 125.1 116.4 111.1 110.4 110.4 108.7 108.8 111.2 111.3 113.3 114.8 116.6 118.4 122 127 133 140.8 148.2 153.8 157.2 162.9 169.7 175.8
382.6 407 431.8 454.3 477.8 495.1 501.8 504.2 505.2 504.1 500.8 493.6 484.9 478.5 472.5 466.8 463.4 461.7 463 467.2 472.3 479.9 487.4 491.2 494.5 499.5 501.4 502.2 498.9 494.8 485.7 463.3 435.8 408.1 374.9 345.3 320.8 301.1 287.4 274 262.7 253.4 247.3 237.8 228 218.5 207 196.4 185.8 178.9 172 165 158.3 151.3 143.2 133.8 125.8 119 112.5 110.6 110 107.9 108 110.6 110.4 111.8 114.3 117.5 119.7 121.6 127.1 134.8 142.1 148.2 153.6 157.8 165.4 171.5 175.3
406.3 429.3 451.9 473.4 493.8 501.6 506.5 504.7 501.2 496 489.7 479.1 471.4 463.1 454.8 450.9 447.7 446.5 448.8 455.4 463.3 470 481.6 487.7 490.7 494.3 497.4 497.6 495.5 487.9 475.1 455.2 426.3 397.1 365.2 339.2 311.3 299.5 284.2 270.5 258.5 250.8 243.8 235.9 225.3 213.5 202.2 191.4 182.3 176.3 170.4 163.1 156.2 149.3 139.3 130.2 124.8 119.7 113.9 110.7 108.1 107.9 108.8 107.8 110.6 111.3 113.2 117.4 120.2 122.6 128 134.3 142.3 147.8 153.3 158.6 163.5 171.4 173.6
428.4 449.2 472.7 489.9 502 509 509.6 503.8 494.2 485.5 474.8 465.2 454.3 444 436.6 431.5 429.4 431.5 435.7 445.7 454.8 463.8 474.1 483.4 488.2 490.9 492.5 492.8 491.2 483.2 467 447.1 414.1 384.1 357.1 329.5 308.5 295 278.9 265.4 256 248.1 240.8 231.7 222.7 209.4 197.3 187.7 179.5 173.8 167.8 160.6 154.9 148.1 140.2 131.1 125.2 119.8 114.6 110.7 106.9 108.1 108.2 109.1 109.7 110.3 112.5 117 120.1 123 128.1 134.4 141.9 147.4 153.1 157.8 162.6 168.1 171
443.8 471.9 488.2 501.1 510.7 513.5 509.7 501.6 487.3 471.7 461.2 448.1 434.5 426.5 417 410.9 407.9 407 426.5 438.2 449.4 458.4 469.1 479.7 485 488.2 489.6 489.9 486.1 475.2 459.9 436 402.9 371.3 344.3 321.4 302.5 287.6 273.1 260.2 253.2 244.5 236.4 229.2 218.2 206.4 194.7 184.2 177.2 171.2 164 157 151.4 146.7 139.8 131.3 125.4 120.2 115.7 112 107.3 108.4 108.6 109.2 109.4 109.8 112.7 116.1 119 122.7 128 134.2 141.2 147.2 152.4 158.2 161.8 166.1 168.1
467.7 486.6 498.6 509.5 513.8 512.6 506.9 495.4 477.2 457.7 442.4 430 418.7 406.4 395 387.7 380 408.4 422.5 433.8 443.4 454.1 463.8 474.5 481.1 485.2 486.9 486.2 481.7 469.7 454.1 429.5 397 363.1 336 313.7 296.4 281.6 269.8 256 248 242 233.3 225.5 212.5 202.6 192.3 181.4 176.1 169.8 161.6 152.1 145.5 141.3 132.9 127 123.7 119.9 117.9 113.1 106.6 108.9 110.3 108.8 109.1 109.6 111.9 114.4 117.2 122.3 128 135.2 141.6 148.9 152.8 158 161.6 163.5 164.7
483.5 498 506.6 512.8 514.2 509.5 502.8 490.2 464.7 443.6 425.4 409.2 397.2 385.6 373.1 362.9 383.4 407.1 418.8 430.2 437.4 449.5 457.6 468.7 475.5 481 483.5 483.4 479.2 466.1 449.2 419.3 388.6 357.2 327.4 306 291.1 276.1 264.9 254.6 246.2 237.9 229.7 221.5 209.6 199.3 190.8 181.6 177.4 170.9 163.5 154 146.4 138.4 133.1 129.1 126.6 124.4 121.3 112.9 106.3 108.2 109 108.9 108.7 108.9 111 113 117 122.5 127.6 134.3 141.2 148.4 153.5 157.2 161 162.5 162.1
497.1 505.3 511.5 515.4 512.2 506.8 494.5 477.7 452.2 431.2 410.8 392.7 378.2 363.7 353.6 365.2 381.9 401.7 413.7 423.6 432.8 442.1 451.8 459.9 470.2 475.7 479.7 480.4 476.7 463.1 443.3 414.5 380.1 350.7 321.6 302.5 286.2 273.1 262.8 253.1 242.5 237.1 228.2 217.3 206.7 197.8 189.3 182.7 177.5 171.7 165 156.2 150.4 144.9 141.2 136.2 131.4 127.8 125.6 115.2 110.5 106.1 107 109 108.5 108.4 109.8 113.2 116.7 122.1 127 132.7 140.6 148 153.3 156.7 159 160.2 159.1
500.5 509.3 515.4 515.5 509.9 502.2 486.8 465.8 442.4 419.7 396 375.2 357.6 345.7 346.7 361.8 377.4 393.7 407.7 417.2 427 434.3 444.4 452.2 460 470.6 473.5 475.6 474.6 461.9 438.6 411.9 376.3 344.1 318 298.1 282.7 270.4 259.4 249.4 240.7 234.5 224.2 214.1 204.3 197 188.7 181.6 175.8 168.8 161.1 154.3 149.7 145 140.6 138.3 132.5 128 124.6 117.1 111.8 109.3 106.2 107.9 108.1 108.6 108.4 112 116.4 121.4 126.3 132.9 140.8 148.7 153.8 156.4 157 158.2 157.3
501.5 510.6 513.4 512 506.2 497.2 479.4 454.8 430.9 403.8 378.8 359 340.3 325.2 344.3 356.6 367.5 383.2 399.1 408.6 417.4 426.5 434.2 443.3 450.8 462 469.5 472.2 471.8 460.4 437 409 372.2 340.3 314.8 297.1 280.7 270.1 256.5 246.4 237.8 232.3 222.5 212.5 203.6 195.6 188.5 177.8 171.2 163.7 158.1 152.3 147.5 142.3 138.5 136.2 130.1 127.2 123 117.7 114 111.7 108.7 104.9 107 106.5 107.1 111.8 117.2 121.8 127.6 135 143.1 149.1 154.1 156.5 156.8 156.4 155.9
