public/OST50/SO32.asc
ncols 200
nrows 200
xllcorner 330000
yllcorner 220000
cellsize 50
[rows 35 to 69 of 200, columns 79 to 157 of 200]
302.8 308.7 312 315 317.2 318.3 319.5 320.1 319.9 318.4 316.1 311.5 304.9 298.2 291.4 283.6 275.9 266.7 257.5 248.8 242.9 236 229.3 224.1 218.8 214 209.5 205.8 201.7 198 197.8 199 199.2 199.6 202.2 204 205.6 205.3 204.7 203.5 202.9 202.4 202.1 202 202.7 203.3 204 204.8 205 204.8 204.8 204.7 203.4 202.3 200.6 197.8 196.2 192.9 189.6 184.7 180.1 176.5 171.9 164.8 153.4 146.5 140.1 136 132.6 129.4 126.1 121.5 119.1 115.6 112.8 110.4 109.6 108.3 108.4
299 305.5 308.9 311.9 315.2 316.7 317.7 318 317.6 315.5 312.9 308.4 301.8 295.1 287.2 279.6 271.5 263.5 254.8 245.9 239.7 233.9 226.7 222 216.5 213.1 209 206.7 204.4 200.9 195.2 191.9 191.9 193.5 195 198.1 199.3 198.5 198.6 198.9 199.2 199.2 199.6 200 201.2 202.3 203.7 203.9 203.8 203.5 203.5 202.3 201.1 200.1 199 197.5 195.2 192.7 187.4 182.9 178.4 174.2 168 159.3 154.7 150.6 146 143.4 138.9 136.6 132.5 128.6 125 122 118.5 116 114.3 113.6 114
295.6 303.4 306.8 309.1 312.1 314.8 315.4 315.6 314.8 312.6 309.4 304.4 298.5 291.9 283.7 275.4 267.4 258.6 250.8 244.6 238.8 234.5 229.3 225.1 220.9 216.1 212 208.6 206.2 203.7 201.2 196.4 192.6 187.8 187 191.2 192.4 192.8 193.9 194.9 195.6 196.1 197.3 198.3 199.5 200.3 200.6 201.7 201.9 201.2 200.7 200.6 199.4 198.4 197.5 196.4 192.8 191.4 187.4 181.7 177.6 174.6 172.1 167.4 164.2 161.6 159.8 157.3 154.2 150 145.8 140.2 135.6 130.4 125.6 121.1 121.1 120.8 120.6
292 300.1 303.9 307.8 310.1 312.5 313.1 313 311.8 309.5 304.5 299.1 293.7 286.9 278.6 270.7 260.1 252.7 245.6 240.9 236.7 234.5 229.6 225 221.6 217.3 211.8 208 205.4 203.9 201.9 201.4 196.8 191.9 186.1 183 185.9 187.7 189 190.7 191.7 193 194.3 194.6 195.3 196.4 197.2 197.7 197.7 198 197.8 198 198.3 197.6 196.7 195.6 192.7 190.5 187.7 184.5 181.9 179 176.9 173.2 171 170.8 169.3 168.1 167.1 164.6 161.5 155.4 148.3 140.9 136.4 132.4 131.3 132.2 133.9
287 297.1 303.1 307.8 310.2 311.1 311.1 310.6 308.3 305.5 300.1 295 289.2 281.7 273.5 262.5 255 247.6 240.2 236 232.8 231.4 227.4 223.8 220.4 214.5 209.2 206.4 204 202.2 202.2 201.7 198.4 194.2 189.5 183.4 176.4 181 184.2 185.8 187 188.7 189.4 189.7 189.7 190.5 191.6 192.2 193.8 193.7 194.1 194.8 195.3 195.4 195.6 195.1 194.1 192.1 189.8 187.1 184.8 182.3 179.9 178.2 176.1 175.8 174.9 173.3 172 171 168.5 163.7 158.6 153.5 145.9 143.3 144.1 147.1 149.8
287 297.2 304.5 307.6 309 309.7 309.1 307.6 305.2 301.5 295.7 290.6 283.8 276.2 268.4 258 248 242.3 237.5 233.5 227.9 223.9 224.6 222 218.2 211.6 206.9 204.8 202.7 201.2 200.4 198.7 195.8 192.7 189.3 186.6 181.5 172.2 179.6 181.3 182.5 183.5 184.2 184.1 183.5 184 185.7 187.5 188.5 188.8 189.9 191.5 192.3 192.7 194.2 195.2 194.8 194.1 191.9 189.6 187.1 185.2 183 180.2 179.6 179.7 178.6 177.2 175.7 174.6 173.4 170.2 165.7 164.5 160.7 156.6 157.7 160.7 162.9
287.6 297.7 304.7 307.2 308.7 308.4 307.7 305.8 302.1 297.1 291.4 285.6 278.4 270.7 262.2 251.9 244.4 238.1 234.8 229.4 223.9 215.4 219.4 218.8 214.1 208.7 204.6 202.6 201.1 198.4 197.9 195.3 192.2 189.4 187.8 186 182.5 176.8 168.2 174.9 175.2 175.7 175.6 173.1 173.1 172.7 173.6 176.1 178.1 179.8 183 185.3 187.9 190.3 192.9 194.3 195 194.5 192.4 190.2 188.7 186.7 185.1 183.3 183.9 183.5 182.2 181.1 180.6 178.3 177 175.2 172.7 171.5 169.6 170.2 169.2 170.1 169.9
289.9 298.5 305.6 307 307.8 307.1 306.3 302.6 298.8 292.7 286.9 279.6 271.9 264 255.3 246.7 240.2 235.8 231.1 225.7 218.9 211.1 210.6 211.2 208.6 205.7 202.4 200.4 198.5 195.4 191.3 190.1 187.6 186.2 183.9 182 179.4 176.8 168.7 162.6 162.8 162.7 160.9 158.9 157.9 158.6 159.9 161.9 162.7 164.9 169.1 174.2 179.4 185.3 188.5 190.6 191.7 192.9 192.2 191 189.7 188 186.6 185.8 185.7 185.5 185.4 184.5 183.5 182 179.9 178.1 177 176.7 176.3 175.2 175.3 174.6 172.3
297.4 302.4 306.6 307.1 306.6 304.2 303.3 298.6 293.4 287.7 279.9 275.1 267.9 259 251.5 244 237.1 232.7 228.5 222.1 214.9 209 204.2 202 202.3 201.2 199.4 196.9 195.2 191 186.8 184.6 182.7 181.1 179 177.1 174.3 167.7 160.1 154.3 153.2 152.6 150.5 147.6 145.9 143.7 146.7 149.6 152.3 152.9 157.2 161.2 167.5 176.7 182.5 186.5 189 190.3 191.5 191.2 190.3 189.3 188.6 187.9 187.5 187.6 188 187.1 186 184.8 182.7 181.8 180.9 180.7 180.6 180.1 179 176.8 173.5
300.1 305.2 308.1 306.9 305.7 303.1 299.6 294.6 288.9 283 275.7 270.5 263.1 254.6 247.5 240.1 236.1 232.1 228.2 222 216.2 211 206.3 200.2 196.7 196.1 196.4 194.4 190.2 186.9 184.2 179 175.2 172.5 169.8 165.5 165.1 167.2 168.2 169.3 168.4 168.7 166 163 158.3 153.8 150.5 141 140.7 140 144.4 149.7 157.6 164.5 173 179.9 185.3 188.3 189.8 190.8 189.8 189.4 189.2 188.9 188.7 188.8 188.9 188.7 187.7 186.5 186 184.6 183.4 182.9 182.5 181.7 179.9 177.5 173.2
302.8 306.9 307 305.8 304 299 294.8 289.7 282.9 278.1 272.1 265.8 258.5 251.1 244.3 237.3 232.7 229.3 226.6 223.5 217.8 212.7 206.2 201.4 195.8 192.3 193.7 191.2 186.2 183.2 179.8 172 171.5 173.3 173.7 174.9 176.1 178 178.5 180.1 179.3 180.6 179.7 177 172.3 166.4 160.7 155.2 150.6 142.6 136.7 139 145.3 154.1 163.9 171.7 180 185.3 187.5 189.1 189.6 189.5 189.3 189 188.6 188.7 188.9 188.6 187.9 187.6 186.4 185.7 185.1 184.4 183.2 181.4 179.3 176.7 170.5
304.2 307.4 306.1 304.4 301.5 295.1 289.8 284.5 278.5 271.7 267 261.2 253.2 246.6 240.9 234.7 229.1 225.6 222.8 220.2 215.2 209.6 203.5 199.3 195.7 188.4 188.8 186.6 182.9 179.4 173 176.4 178.3 181.4 182.3 182.9 184.1 184.5 184 183.7 183.6 184.4 184.8 184 182.8 178.5 172.9 168.6 161.3 154.7 144.4 132.9 134.6 143.8 153.9 163.3 172 178.5 183.7 186.9 188.5 189.2 189.3 188.9 188.6 188.3 187.7 187.5 187.4 187.6 186.5 185.3 184.9 184.4 182.8 180.1 177.5 174.9 169.3
306.5 306.7 304.6 302.5 297.3 291.9 286.1 280.7 273.9 266.8 261.7 254.7 247 240.9 234.1 229.3 225.4 221.2 219.8 216.6 211.5 205.9 200.7 198.1 195.2 190 184.1 180.1 176.9 179.3 180.9 184 184.8 186.5 188.2 189.1 188.8 189.4 188.2 187.8 187.2 187.3 187.5 186.6 186.2 184.8 181.7 176.3 170.2 163.4 157.6 146.4 128.6 131.6 140.4 153 161.2 167.5 177.6 181.9 185 188.1 189.1 188.7 187.5 186.7 185.6 185.7 185.5 185.5 185 183.8 183.5 183.1 181.9 179.5 176.2 172.5 167.3
305.8 305.5 303 299.9 293.8 288.9 282.5 275.5 267.3 261.4 253.8 246.6 238.8 232.9 228.5 224.6 221.6 217.5 212.2 210.5 204.6 200 195.5 194.6 192.3 187.8 183.1 182.9 187 187 187.7 190.1 189.5 190.7 192.8 194.1 193.5 193.3 192.4 192.4 191.6 190.6 189.8 188.9 187 186.8 183.6 177.9 172.4 167 161 153.9 138 125.4 129 140.2 152.1 159.4 168.8 175.4 181.2 186.4 188.1 187.4 186.3 184.3 183.8 183.1 182.4 182.6 182.5 182.2 181.8 181.4 180.4 178.6 175.6 172.1 167
305.1 304.3 302.1 298.7 292.6 286.7 278.6 270.7 261.4 252.2 244.8 237.9 232.1 227.1 223.8 221.2 217.3 212.6 205.9 199.5 196.9 193.3 191.6 188.5 187.8 188.7 190 192.9 194.2 194.1 195.2 195.8 196 197 198.5 199.9 199.9 199.3 197.7 196.1 194.3 192.3 191.2 188.8 187.1 185.4 180.2 173.5 167.7 163.7 159.1 150.1 140.6 130.9 122.8 131.6 138 145.5 157 168.4 174.6 181.8 185.1 184.9 184.4 181.9 180.7 179.6 179.4 179.7 179.7 180 179.7 178.6 177.4 175.8 172.9 169.7 164.6
305.1 303.2 301.2 297.2 291.1 283.9 274.1 263.5 252.2 245.5 240.2 233 226.9 222.2 218.6 214.7 207.4 205.1 205.4 202.6 199.6 197 195.4 194.7 194.2 195.5 196.1 197.7 199 199.6 200.3 200.9 200.7 202.2 203.3 204.7 205.5 204.2 201.5 198.9 196.3 193.7 192.3 188.6 186.6 184.3 182.2 179.2 173.5 169.2 164 159.4 149.5 138 124.5 121.7 128.5 134.7 143 155.1 166 174.8 179.6 182.4 181.4 178.9 177.2 176.2 176.4 176.8 177 177.3 177.3 176.4 174.5 172.7 169 166.5 162.8
305 303.1 301 297.2 292.7 285.8 277.2 268 257.3 249.1 240.5 232.8 228.3 223.6 220.9 217.9 215.9 215.2 212.5 211.5 209.1 202.1 201.7 201.1 200.3 200.7 201.2 201.5 202.9 204.1 205.5 206 204.8 205.8 207.4 208.3 208.1 206.3 202.8 200.3 197.2 194.6 192.7 189.7 187.9 186.4 184.8 182.3 179.1 174.8 169.7 165.1 158.9 148 133.5 121.5 118.2 126.6 133.4 143.3 152.7 163.7 174.4 178.2 179 177.6 174.7 172 171.7 172.2 174.2 174.8 174.6 173.2 171.9 170.4 167.7 165.1 161.8
304.3 303.2 300.7 298.4 294.9 287.5 282.5 274.6 265.5 256.3 248.7 241.4 235 231.2 227.9 224.1 223.4 222.5 218.6 217.6 213.5 210.6 210.4 209.2 207.8 206.8 207.2 207.8 207.7 208.4 209.6 210.3 209.8 209.1 208.4 208.6 209 206.3 203.3 200.2 196.9 195.4 193.1 191.1 189.5 188 186.5 184.5 181.6 177.4 172.5 167.9 163.4 155.4 144.4 129.8 121.3 120.1 124.9 133.4 141.6 151.2 162.6 173.9 176.8 175.5 171.5 167.4 166.6 166.2 169.4 170.2 170.7 168.7 167.2 167.3 166.2 163.7 160.4
303.6 302.8 301.4 299.3 295.3 290.3 286.3 280.3 273.7 265.7 259.1 253.4 247.9 242.5 238.7 234.3 230.8 227.4 222.4 220.7 217.6 217.1 216.6 217.4 215.2 214.1 214.8 212.9 213.3 213.1 213.5 213.5 212.4 210.4 210 209.3 208.4 206 203 199.9 196.7 194.4 192.3 190.5 188.6 187.5 186.8 184.6 181.1 176.6 171.1 167.7 163.1 158.3 150.8 138.4 127 117.4 116.7 125.5 132.9 141.1 152.3 165.3 171.8 172.6 169.1 164.8 163.1 162.1 164.3 164.6 165.3 163.9 164.2 164.1 163 161.1 157.6
303.1 302.4 301.5 299.4 296.6 292.1 287 281.8 277 270.9 265.5 260 253.8 249 244.4 240.1 234.8 231.1 226.5 222.6 223.2 222.3 221.9 222.6 221.6 220.7 219.8 218.7 218.3 217 215.2 214.2 213.2 211.2 209.7 209 208.1 205.2 201.7 198.2 194.7 192.7 190.2 188.4 186.5 185.9 185.1 182.4 178 173.4 168.1 163.9 159.3 154.1 149.2 138.3 129 119.4 113 117.6 125.9 132 141.3 152.1 162 166.7 165.2 162.1 159.8 158.4 159.9 161.4 161.8 161.1 161.1 161.9 160 158.1 156.2
302.4 301.9 301.1 299 296.3 292.4 287.5 283.1 278 272.6 266.9 261.2 255 250.1 245.4 240.8 236.6 233.1 229 227.1 227.4 226.5 226.3 226.8 225.9 224.8 223.8 222.3 220.6 218.5 216.5 214.2 212.3 209.8 207.1 206 203.7 201.1 198.1 195.7 192.4 190.7 188.2 186.3 184.3 183.3 181.3 176.7 172.5 167.5 162.2 157.3 151.2 143.1 135.1 129.8 123.3 118.4 113.9 112.5 121.7 126.9 133 140.4 149.8 156.7 158.7 157.9 155.9 155.3 157.2 158.6 159.2 158.8 158.2 158.7 158.4 157.3 155.4
301.8 301.4 300.3 297.8 295.1 292 287.9 283.6 278.3 272.9 266.2 259.3 254.4 250.1 246.1 242.1 238.1 235.2 232.4 231.1 228.8 228.5 228 228.3 227.9 226.6 225 224.1 221.7 219.5 216 213 211.1 207.7 205 201.9 199.2 196.6 194.2 193.8 191 188.7 186.2 184.1 182.1 179.9 175.6 169.7 165 158.9 153.2 148.6 139.8 135.7 134.9 130.9 125.9 120.8 116.8 111.8 115 120.5 126.1 132.4 140.2 147.6 153 153.7 152.8 152.5 154.6 155.9 156.5 156.4 155.9 155.4 155.5 154.8 154.1
301.3 300.6 299.2 296.6 293.9 290.8 287.8 282.3 277.2 271.4 265.1 259.5 254.5 249.6 246.1 242.7 239.3 236 234 231.9 230.2 229.3 228.4 228.5 228.9 227.1 225.9 224.1 222.3 219.5 215.8 212.5 209.6 206.9 201.9 197.3 193.9 190.7 190.2 188.7 187.6 185.7 184.1 181.5 178.4 173.4 166.7 161 154.9 152.3 153.3 152.3 151 148.4 145.6 141.8 135.4 129.2 121.7 114.1 104.6 113.1 117.7 124.1 131.7 140.1 147.5 151.7 148.6 150.1 152 153 153.5 153.7 153.6 153.1 152.8 153 152.9
300.5 299.4 297.9 295.1 292.3 289.1 285.7 280.7 275.1 270.8 264.5 258.6 253.8 249 245.1 241.9 238.3 235 232.8 230.6 229.7 228.8 228.3 229.2 229.1 227.2 225.8 224.4 222.8 219.5 215.5 212.8 209.9 206 201.6 198 192.8 190.1 185 182.6 180.9 180 179.8 177.9 171.2 164 164.4 164.1 164.2 162.9 163.5 163.8 162 159.5 157.4 154.7 151.2 142.8 132.4 120.1 111.7 105.8 110.8 117.1 125.9 134.8 142.2 145.4 144 145.3 148.4 149.9 150.8 150.7 149.9 149.1 149.1 150.9 153.1
299.1 297.9 296.2 294.2 291.1 287.4 282.5 277.3 272.5 268.6 260.9 255.8 251.5 247.2 243.3 239.6 236.1 233.5 231.1 229.4 228.3 228.2 227.9 228.6 228.3 226.7 225.5 224.2 222.9 221.1 217.8 215.1 212.1 208.6 203.9 199.9 196 192.6 189.7 186.1 183.9 181.3 178 175.1 175.4 174.9 175.4 175.7 174.8 173.6 171.6 169.8 167.5 164.8 161.7 158.3 155.6 150.9 141.1 128.7 116.1 108.3 103.9 110.1 120.7 131.5 137.3 140.3 139.5 140.9 144.6 147.4 148.2 148.4 146.4 145.6 146.3 150.4 154.2
297.1 296 294.3 292 288.5 284.2 279.8 274.7 268.9 264.1 257.9 252.8 248.4 244.3 241.1 237.3 233.9 231.4 229.3 227.8 226.5 226.6 226.8 227.7 226.5 226.3 225.1 224.2 223.2 222.2 219.7 216.5 213.4 211 207.5 205.1 200.9 196.4 193.9 190.7 188.4 185.7 184.3 182.8 182.5 182.4 182.8 183.2 181.9 179.6 176.3 172.4 168.2 165.4 162.1 159.3 156.9 153.1 145.8 135.7 120.6 110.2 104.4 106.8 115.7 125.4 131 134 132.9 137.8 142.7 146 146.8 145.9 143.9 143.5 146.4 150.5 153.4
294.9 293.8 292.4 289.4 285.2 280.8 275.2 270.4 264 258.6 253.4 249.6 245.3 242.4 239.4 235.8 231.7 229.8 227.8 226.2 225.3 225 225 226.1 225.1 225.3 225.3 224.7 223.9 222.5 220.4 217.8 214.6 212.8 210.3 207.8 205.7 201.5 199.1 195.7 193 190.7 188.4 188 187.2 186.2 185.2 184.2 182.8 180.1 175.7 171 166.6 163.6 160.2 156.7 153.9 150 144.2 136.9 125.5 113.3 105.4 102.2 109.3 117.1 124.4 125.7 132.2 138.4 143.2 145.5 145.9 143.2 141.5 142.5 146.2 150.1 153
292.9 291.1 288.3 284.7 280.5 276 270.4 266.3 261.8 255.8 251.6 247.8 242.9 239.6 236.6 231.5 228.8 226.4 224.5 224 222.6 222.2 223.4 224.1 224.1 224.5 225 224.2 223.3 222.3 220.5 218.3 216 214.5 212.1 209.5 207.6 206.1 203.8 200.4 196.8 194.5 192.3 191.8 190.5 188.5 185.9 183.4 181.2 177.4 172.7 169.3 164.7 159.7 156.3 152.9 149 143.5 137.5 130.2 122.7 112.3 103.3 102 103.8 108.9 113.9 123.2 131.3 137.7 142.6 144 144.4 141.4 136.7 141.1 144.8 149.5 151.6
291 288.1 284.9 280.3 275.8 271.6 266.3 261.9 258.8 254.2 249.2 245.4 240.6 236.2 233.3 228.3 225.6 223.9 221.6 220.4 218.6 219.1 221.7 221.5 223 222.8 223.2 222.7 222.1 221.5 220.2 218.5 216.7 215 213.3 211.2 209.9 208.5 206.2 203.4 200.6 197.9 195 192.9 190.7 187.8 184.6 181.8 178 173.9 169.9 164.6 160.2 155.3 151.7 147.7 141.6 134.3 126.5 118.4 113.3 110.4 106.5 103 100.9 102.8 111.5 120.7 126.3 132.6 138.9 141.1 141.6 139.6 133 139.1 144.1 148.5 150.8
287.4 284.4 280.5 276.2 271.7 268.1 263.8 259.8 256 251.4 246.8 242.2 238.7 233.9 229.2 226.5 222.7 220.8 219.9 218.5 215.5 217 218.8 220.9 221 221 221.4 221 220.4 219.9 219.3 218.5 216.9 215.3 213.5 211.7 210.5 209.3 207.5 205.4 203.3 200.7 196.3 193.7 191 187.5 183.6 179.8 175.6 168.3 163.6 159.3 155.1 150.3 145 138.9 131.4 124.6 119.5 118.3 116.1 112.8 109.2 105.1 101.2 98.6 102.1 110.2 118.7 123.3 131.4 134.6 136.8 135.1 127.1 135.3 142.3 146.9 149.1
282.6 279.7 275.3 272.6 267.9 264.4 261.8 257.7 253.9 249.7 244.8 241.1 235.6 231.8 225.7 223.1 220.9 218.7 217.1 215.1 212.5 215.6 217.6 219.6 219.9 219.5 219.2 219.2 218.8 218.4 218.1 217.6 216 214.4 212.8 212.2 211 209.8 207.8 205.6 205.3 203.1 197.9 195.3 192.2 188.6 184.7 181.2 176.4 168 162.2 157.1 153.3 149.4 145.9 141.1 139 135.5 131 127 122.3 119.2 115.2 109.8 105.5 101.1 98.8 98.4 107.5 111.6 124.1 126.8 129.3 128.8 123.2 132.8 139.2 144.2 146.8
277 275.6 272 268.4 265.6 262.8 260.2 256 252.5 249 246.1 242.3 238 234.2 230 225.2 221.3 217.4 214.8 211.4 210.2 210 213.1 216.6 217.8 216.8 216.2 216.2 217.2 217.2 216.8 216.7 215.1 213.2 211.6 211.3 210.5 209.7 207.6 205.9 204.8 202.9 198.7 195.9 193.3 189.6 185.8 182.6 177.3 171.9 167.1 162.5 159.1 156.7 153.6 151 150.1 150.8 148.1 142.6 137.1 130.6 125 119.3 112.7 109.5 102.5 98.1 96.9 100.7 105.9 112.9 121.2 121.5 114.9 130.1 137.1 141.1 144.2
269.8 269.5 266.4 264.9 263.1 260.8 257.4 254.2 251 248.7 246 242.2 239.3 235.8 231.8 227.9 223.1 221 218.5 214.8 211.4 208.4 207.3 212.4 213.5 213.2 213 213.9 215 215.7 215.9 215.5 214.1 212 210.7 210.6 209.9 209 207.6 206.3 205.2 202.2 199.8 196.3 193.7 191 186.9 183.9 180.7 177.4 174.1 170.7 167.6 164.4 161.8 159.2 157.4 157.8 156.2 153.1 150.2 146.2 139.6 131.8 122.9 121.4 114.5 105.6 98 95.2 96.6 101.8 106.6 109.9 111.9 124.6 134.8 138.5 140.3
263.1 263.6 263.9 262.4 260.6 257.8 254.8 252.7 250 246.4 244.3 241.6 237.8 235.2 232.6 228.9 225 222.6 219.6 216.3 213.3 209.3 205.9 205.5 209.7 210.2 210.9 212.5 214 215.1 215.3 214.9 212.8 210.6 208.7 208.1 208 207.3 206.6 206.3 204.7 202 198.4 195.6 193.6 191.4 189 186 182.9 180.1 178.6 177.2 175.2 172.4 170.5 166.5 163.7 162.5 159.9 157.2 154.3 150.9 147.6 141.1 134.7 130.1 124.5 116.2 108.6 100.7 94.9 94.3 95.2 99.3 107.5 118.2 127.1 132.7 136.2
256.7 256.8 258.6 259.2 255.5 254.5 252.6 250.8 248.1 244.6 242.5 240.5 237.4 234.1 231.9 228 224.4 221.9 219 217.2 213.7 210.8 207.3 200.4 205.1 208.7 210.7 212.1 213.6 214.7 214.8 213.7 210.8 209.1 206.8 206.8 206.4 204.9 204.2 204.7 202.4 199.2 196.2 193.7 191.9 190.1 188.5 186.3 184.7 182.1 181 180 179.1 177.6 175.3 170.7 167.9 165.7 162.9 159.6 156.4 153.5 149.3 144.3 139.5 135 129.4 124.4 118.6 111.3 100.5 94.4 92.5 96.4 100.9 107.1 115.5 124.3 129.6
