public/OST50/SO36.asc
ncols 200
nrows 200
xllcorner 330000
yllcorner 260000
cellsize 50
[rows 140 to 174 of 200, columns 0 to 77 of 200]
247.6 250.5 255.3 264.2 273.5 279.5 283 285.8 288.5 289.9 288.1 284 280.2 279.3 278.8 272 262.7 254.4 246.1 235.5 222.9 210.5 198.9 186.3 172.4 162.6 157.4 152.6 149.9 148.5 147.4 146.7 146.1 145.5 145.3 144.9 144.6 144.5 144.9 144.5 144 143.7 143.7 143.6 143.5 143.5 143.4 142.3 142.7 142.6 142.4 142.2 140.8 141.4 140.7 140.3 140.5 140.6 140.1 139.6 139.1 138.8 138.7 138.5 138.4 138 137.9 137.7 137.6 137.4 137.2 137 136.8 136.7 132.8 135.1 133.1 135.4
258.8 261.4 267.7 275.6 283.2 287.6 291.7 293.5 295.4 297.3 296.8 294.7 290.7 285.7 279.3 270.5 259.2 247.9 237 223.9 208.7 193.5 178.2 167.7 160.8 155.2 151.4 149.7 148.7 147.8 146.8 146.2 145.7 145.1 144.9 144.7 144.5 144.4 144.6 144.8 144.2 143.7 143.7 143.6 143.5 143.6 143.6 142.1 142.1 142.1 142.1 141.8 141.4 140.9 140.4 140.2 140.4 140.6 140.5 140 139.5 139 138.9 138.8 138.6 138.5 138.4 138.2 138.1 137.9 137.7 137.5 136.9 137 136.7 137.1 137.6 138
267.7 271.8 277.8 284.6 289.4 293.5 297.1 299.3 301.6 303.4 304.1 301.5 294.5 284.4 274.9 264.1 251.5 238.6 225.5 210.3 193 177 167.5 160.9 155.5 152.9 149.7 148.9 148 147.1 146.3 145.8 145.3 144.7 144.6 144.5 144.3 144.2 144.5 144.4 144.1 143.9 143.7 140.5 143.6 142 141.9 142 142 142 142 141.6 141.2 140.7 140.2 140.1 140.3 140.5 140.5 140.3 139.9 139.4 139.1 139 138.9 138.8 138.4 138.2 138.3 135.7 138.4 138.2 138.4 138.6 138.6 139.1 140.3 141.2
274.2 277.5 281.7 286.8 292.3 297.3 302.2 306.3 308.8 309.4 306.8 300.3 290 279.3 268 255 241.3 227.4 212.2 195 178.3 168.7 161.8 156.2 152.8 151 148.6 147.8 147 146.5 145.9 145.3 144.9 144.9 144.2 145.3 148.8 150.8 149.8 148.2 147.1 145.2 144.6 144.3 143.8 140.2 139.8 141.9 141.9 142 141.8 141.4 141 140.5 140.3 140 140.2 140.4 140.4 140.5 140.2 139.7 139.4 139.3 139.2 139.1 136.1 138.2 138.5 139.3 139.7 139.6 139.9 140.6 140.9 142.9 144.5 146.3
278 278.4 282.1 287 292.5 299 305.4 311.9 314.4 311.1 302.4 292.4 280.9 269.6 257.2 242.6 228.2 213.6 196.9 180.1 168.5 162.4 157.1 153 150.2 148.8 147.6 147.2 146.8 146.4 145.8 146.1 145.9 146.2 147.3 151.8 152.5 152.2 151.5 150.7 150 148 145.8 144.8 144.1 143.3 142.1 141.6 141.9 141.9 141.6 141.2 140.8 140.7 140.6 140.2 140.1 140.3 140.3 140.4 140.4 140.1 139.7 139.8 139.6 139.6 139.1 139.5 140 140.5 141 141.9 142.9 144.4 148 151.8 156.1 158.1
278.4 277.2 281 286.1 292.4 300.1 307.7 312.7 312.7 303.7 291.6 280.6 270.3 257.9 243.9 228.8 213.2 198 180.9 166.9 161.5 156.8 152.6 150.1 148.5 147.8 147.3 147 146.6 146.2 145.7 146.4 147.2 151.9 152.6 153.4 153.3 153 152.7 152.2 151.1 149.8 147.9 145.7 144.4 143.3 142.5 145.2 141.8 140.4 141.6 141.4 141.2 141 140.9 140.4 140.1 140.2 140.2 140.2 140.2 140.2 140 140 140.2 140.1 140.5 141 141.7 143.1 144.8 146 148 153.3 160.4 167.6 173.2 175.3
276.2 273.2 277.7 284.3 295.1 303.6 308.3 306 299.8 288.4 275.3 264.8 254.5 242.7 228.3 211.8 196 180.4 165.1 159.5 155.7 152.5 149.7 148.6 148 147.4 146.9 146.6 146.4 146.1 146.7 151.4 154.4 154.2 154.1 154 153.8 153.5 153.2 152.8 151.9 150.6 148.8 146.9 145 143.8 143.3 143.2 142.2 142.2 141.8 141.6 141.4 138.6 141.2 141.1 140.8 140.6 140.1 140.1 140.1 140.1 139.3 140.8 140.6 141.3 141.9 143.2 144.9 147.1 150.6 155.3 160.8 168.3 176.3 183.8 190 193.4
270 267 271.8 284.7 297 302.2 299.5 290.7 280.9 269.2 255.3 243.3 233.3 220.9 206.3 190.8 176.8 164.4 156.8 152.7 150.8 149.5 148.8 148.2 147.6 146.9 146.4 146.2 143.5 148.6 155.5 155.9 155.4 155 154.5 154.4 154.2 154 153.6 153.1 152.2 151.4 149.9 148.7 146.6 145.2 144.4 144.3 149.5 143.1 142.6 142.2 142 141.9 141.8 141.6 140.7 140.4 140.4 140.4 139.6 140.1 141 141.1 142.4 142.8 144.6 147.9 151.5 156 162 169.4 177.5 185.1 193.2 199.5 204.4 205.8
261.9 260.1 267.9 279.3 288.4 288.7 283.6 274.4 262.9 249.9 232.8 217.5 206.7 196.5 183.5 170 162.4 153.5 150.4 149.6 149.2 148.6 148.4 147.9 147.4 146.7 143.6 146.7 148.1 156.1 156.9 156.5 156 155.5 155 154.6 154.7 154.4 153.9 153.3 152.4 151.8 151.1 150.1 149 147.9 146.8 145.5 145.5 144 143.3 143 142.7 142.5 142.3 142.1 141.5 140.3 140.2 140.2 140.7 141.3 141.7 142.5 144 146 150.5 157.2 163.6 170.6 178.9 187.4 195.5 203.4 209 211.8 212.2 210.4
254.7 257.3 263 269.9 273.4 273.8 269.1 260.9 248.2 229.3 204.9 184.5 175.9 172.7 164.7 158.4 152 146.6 148.4 149.6 149.6 149.1 148.8 148.3 147.5 147.3 148 149.8 157.2 157.5 157.6 157.2 156.8 156.4 156 155.6 155.2 154.7 154.1 153.6 152.8 152.2 151.3 150.5 149.5 148.7 148.2 147.2 146.9 152.2 144.2 144 143.7 143.5 143 142.6 142.4 141.8 142 142.6 142.9 142.9 143.2 145 148.3 153.9 163 172.9 181.4 190.2 198.3 206.1 212.8 217.1 219.1 216.8 214.3 213.4
248.4 255.2 258.4 260.4 261.5 261.4 257.1 248.7 227 199.3 175.2 171.9 162.1 157.1 152.5 150.8 149.9 153.5 154.5 152.4 151.3 149.9 151.1 151.3 153.5 157.6 158.5 157.9 157.9 157.9 157.8 157.4 157 156.6 156.2 155.8 155.2 155.1 154.4 153.9 153.2 152.2 151.4 150.6 149.7 149 149 149.1 148.8 148.3 147.5 146.4 145.8 145.4 145.3 144.8 144.9 145.1 144.8 145.1 146.6 148.8 150.7 154.8 162 170.7 180.9 190.7 199.1 206 212.4 216.6 217.2 216 214.8 213 212.4 214.9
240 247.5 249.4 252.5 249.8 245.1 238.5 230.9 198 176.2 167.2 159.2 153.1 152.5 150.2 151.5 155.2 157.5 158.4 157.7 157.7 158.4 159 159.6 159.8 159.7 159 158.3 158.2 158.3 157.9 157.6 157.2 156.8 156.4 155.8 155.2 155.5 154.9 154.2 153.2 152.3 151.5 150.6 150.2 150.7 152.2 151.6 150.8 151 151.5 149.4 149.1 148.8 149 149.5 149.4 148.6 148.5 152.7 158.2 163.9 168.3 172.4 179.1 187.6 197.2 202.6 204.3 205.7 207.9 210.4 209.6 208.5 208.2 208.2 210.9 215.7
227.6 232.5 224.5 228.2 231.2 215.9 179.7 178.9 174.8 161.2 153.5 152.1 152.4 148.9 154.9 161.1 161.3 161 160.1 159.7 159 159.6 160.3 160.5 160.6 160 159.3 158.6 158.6 158.5 158.1 157.7 157.3 156.9 156.5 155.8 155.2 155.5 155.5 154.4 153 152.3 152 151.8 152 154.1 154.5 154.2 153 152.8 152.7 153.8 152.6 153 153.9 154.5 155.7 158.2 162.7 169.2 174.2 178.5 181.3 183.8 188.2 194.7 201.4 202.1 200.3 199.7 200.3 202.2 202.3 202.3 202.6 205.7 211.3 217.1
217.9 210.8 215.4 205 183.1 179.1 177.5 171.6 160.3 153.4 152.3 151.7 156.7 160.6 161.1 161.6 161.5 161.5 161.5 161.5 160.9 160.4 161.2 161.3 160.9 160.4 159.7 159 158.9 158.7 158.3 157.9 157.5 157.1 156.9 156.3 155.6 155.4 155.4 154.6 154.4 154.5 154.5 154.8 155.6 156.2 156.7 156.7 155.6 154.7 155.3 155.1 157 156.8 159.9 164.4 168.9 172.4 176.5 179.7 181.5 182.9 184.3 185.6 186.8 191.1 194.5 196 195.3 194.9 194.6 195.5 196 196 197.4 205.2 212 219.1
204.4 193.4 190.2 171.7 172.3 177.6 167.7 159.2 154 152.8 152.2 154.1 159.7 160.2 161.7 162.2 161.9 162 162 162 162 162 162.1 161.6 161.1 160.7 160 159.4 159.3 158.9 158.5 158.1 158.1 157.9 157.4 157.1 156.7 157 157.3 157.4 157.8 157.6 158 158.1 158.4 158.8 158.6 158.6 158.2 157.1 158.3 160.4 164.1 158.4 167 171.8 175.5 177.7 179.1 179.7 180.2 181.1 182.4 182.8 183 183.9 187.5 190.2 191 191.2 189.1 190.2 191 190.8 197.1 204.9 212.5 220.9
192.6 185.2 177.6 177.8 171.2 162.9 158.8 155.3 153.5 153 150.3 156.1 159.3 161.1 162.3 162.4 162.4 162.4 162.5 162.5 162.5 162.5 162.3 161.8 161.3 160.8 160.4 159.7 159.4 159.1 159 159 158.8 158.7 158.2 158.6 159.5 160.3 160.7 160.9 160.9 161.7 162 162.3 163.4 163.7 163.2 162.8 162.7 162.4 162.9 165.1 168.4 172.2 158.7 173.4 174.7 176 176.2 176.3 176.9 177.5 178.6 179.1 179.5 180.3 182.6 186 188.2 188.5 186.6 184.5 185.8 189.9 196.7 204.1 212 221.3
185.7 176.9 171.8 167.6 162.8 159.1 156.3 154.3 153.3 153 151.4 155.3 159.9 161.8 162.9 162.9 162.9 162.9 163 163 163 163 162.6 162.1 161.6 161.1 160.8 160.5 160 159.9 159.9 159.8 159.7 160.8 161.2 162.1 163.3 164.9 165.4 165.9 167 168.8 169.9 170.6 171.2 170.8 169.2 168 168.9 169.3 169.7 170.7 171.7 173.3 173.5 173.2 166 173 172.8 172.8 173.4 174 174.9 175.2 175.5 177.2 180.1 182.5 184.5 185.4 183.5 180.7 184.8 189 195.5 202.6 210.6 220.6
174.7 171.7 167.9 164.4 161 157.8 155.8 154 153.1 151.6 153 157.6 161.2 162.5 163.4 163.4 163.4 163.4 163.5 163.5 163.5 163.2 162.8 162.4 161.9 161.5 161.5 161.4 161.1 160.9 160.8 161.8 162.9 164.2 167.1 170.4 173.4 174.6 174.7 175.3 176.6 178 179.5 180.4 180.7 179.5 177.6 175.9 175.4 175.9 176 175.5 174.3 174 172.6 171.9 171.1 169.4 166.8 169.4 169.8 170.4 171 171.7 172.5 174.5 176.5 178.1 179.7 180.3 179.3 178.3 182.5 187.5 194.1 201.1 208.9 218.9
171.7 169.1 166.1 161.6 159.6 156.8 155.4 153.6 153.6 154.1 154.6 160.5 162.2 163.5 163.9 163.9 163.9 163.9 164 164 163.9 163.5 163.1 162.6 162.4 162.3 162.2 162.2 162.3 162.8 163.6 164.9 167.6 171.5 176.8 181.7 185.1 185.7 186.3 186.9 187.7 188.8 190.3 191.5 192 190.8 187.5 184.8 181.9 181.6 181.1 178.9 177.2 174.9 173.4 171.9 170.8 168.6 167.1 165.5 166.5 167.4 168.4 169.2 170.1 171.8 173.5 174.8 175.4 175.3 175.3 176.3 180.5 185.5 191.7 198.9 206.8 215.6
169.8 167.1 164.3 160.3 157.6 153.8 154.3 153.2 154 155.1 158 161.5 163.3 164 164.3 164.4 164.4 164.4 164.5 164.5 164.2 163.8 163.4 163.3 163.2 163.2 163.3 163.9 164.3 165.3 168.6 172.2 175.8 180.6 186.9 192.2 194.6 196 196.7 197.4 199 199.9 201.2 201.5 201.1 199.5 196.9 193 189.4 186.9 185.2 182.4 179.4 176.7 174.5 172.9 171 169.5 168.1 166.7 165.3 166.3 166.5 166.9 167.9 169.2 171 172.4 172.1 171.7 172.8 174.7 178.6 183.4 188.7 195.6 203.7 211.8
168.1 165.6 162.4 159.3 156.8 152.9 152.3 153.5 154.5 155.8 160.3 163 164.4 164.4 164.8 165.1 165 164.9 165 164.8 164.4 164.1 164.1 164.2 164.2 164.3 165.2 165.8 166.8 169.9 175.3 180.9 185.8 191.6 197.3 201.6 203.8 205.5 206.8 207.6 209.5 211 210.8 209.8 208 206.1 203.2 199 195.7 191.7 188.5 185.4 182 179.1 176.2 173.8 171.8 170.3 169 167.7 166.4 165.2 160.3 165.2 165.8 166.7 168.4 169.5 169.2 169.2 170.2 172.4 176 180 185.8 192.2 199.3 207.7
166.7 163.8 160.8 158.2 155.9 153.9 153.3 153.9 154.9 158.8 162.7 164.1 165.4 165.6 165.4 165.5 165.6 165.6 165.5 165.1 164.8 164.7 164.8 165 165.1 165.9 166.9 167.7 170.5 175.8 180.6 187.5 194.8 201.2 207.3 211.1 212.2 214.2 216.2 217.9 218.6 217.9 216.1 213.8 212.1 210.4 207.5 203.7 199.2 194.6 190.9 187.4 184 180.5 177.6 175 172.5 171.1 169.7 168.3 167.1 165.7 164.5 162.5 163.6 164.2 165.6 165.8 166.5 167.3 168.3 169.6 173.2 176.8 182.3 188.7 196.1 204
167.3 165.7 162.1 158.3 155 154.3 154 155 156.4 164.1 165 165.7 166.5 167 166.7 166.5 166.4 166.1 165.8 165.4 165.3 165.4 165.6 165.7 166.2 167.4 168.5 169.7 174.5 179.8 186 192.3 199.3 206.4 212.7 216.5 219 220.4 221.2 221.9 222.7 221.7 218.9 216.3 214.5 212.2 209.5 206.3 201.6 196.7 192.4 188.5 184.8 181.6 178.7 175.8 173.2 171.6 170.3 169 167.7 166.2 164.8 163.7 161.8 162.5 163.3 164 164.9 165.7 165.8 167.2 170.7 174.2 179.4 186.3 193.7 201.9
169.3 167 162 157.9 155.1 154.1 154.7 156.3 160.3 165.2 166.4 168.2 168.5 168.6 169.2 168.6 167.4 166.6 166.2 165.9 166 166.1 166.3 166.4 167.1 168.1 169.4 171.4 175.8 181.2 186.9 193.7 198.9 206.5 213.7 218 219.7 220.2 220.2 221.4 223.5 224.8 221.6 218.5 215.6 212.8 210 206.6 202.5 197.1 191.7 189.4 186.6 182.7 178.9 176 173.9 172.2 171 169.7 168.3 166.8 165.3 163.9 162.9 161.5 161.6 162.3 163.2 164.1 164.2 165 168.3 171.7 176.5 183.8 191.2 197.4
170 166.3 161.4 157 155.1 154.2 155.3 156.8 163.1 166.6 169.9 171 170.9 170.8 171.2 169.8 168.6 167.5 167.2 167.1 167.1 167.1 167.1 167.4 168.2 169.1 170.6 171.6 172.8 175.6 181 189.2 195.7 202.3 209.3 213.8 215.4 216.2 216.8 217.9 221 223.7 222.2 219.7 216.6 213.5 210.5 206.7 202.3 198 195.7 192.2 188.4 184 180 177.1 175.1 173.1 171.6 170.4 168.9 167.4 165.9 164.6 163.1 161.7 161 160.8 161.7 162.4 162.6 163 165.5 168.6 173.6 180.1 185.9 188.4
169.1 164.1 159.9 155.8 155 154.8 155.9 159.8 166.1 169.6 173.7 173.3 172.4 172.6 172.8 171.5 169.7 168.7 168.6 168.4 168.4 168.4 168.5 169.5 171.5 173.6 175.4 176 174.9 174.4 177 183.3 189.4 194.6 199.5 203.4 206.2 208.5 211.7 213.2 216.5 220.7 222.1 220.7 217.8 214.7 210.7 206.9 204.7 202.9 199.8 195.8 191.8 186.8 182.4 178.7 176.6 174.5 172.9 171.3 170 168.4 166.9 165.1 163.6 162.2 161.2 160.6 160.4 160.9 161.1 161.3 162.8 165.7 169 174.1 176.9 179.4
168.1 163.5 157.7 155.4 155.1 155.5 157.2 164.2 169.1 175.2 176.3 175.5 173.8 173.6 174.4 173.1 170.6 169.7 169.6 169.5 169.5 169.3 170.2 172.5 176.3 179.2 180.9 181.5 180.6 180.3 177.8 179.7 183.4 186.8 190.3 195.1 199.6 203.9 207.6 213.2 216.1 218 220 221.5 220.2 217.5 214.1 211.9 209.3 206.6 202.6 198.5 193.6 188.4 184 180.9 178.5 176.7 175.5 173.6 172 170.3 168.5 166.9 165.3 163.7 162.2 160.7 160.1 159.9 159.7 159.8 160.9 162.4 164.7 167.8 170.2 172.2
165 159.6 156.4 155.7 156.4 156.5 162 168 173 180.7 179.3 177.2 175.7 175.1 174.9 173.5 171.4 171 170.7 170.7 170.7 171.2 172.9 177.9 182.1 185.4 187.1 188.9 189 188.8 186.4 184.8 186 188.3 191.2 195.3 200.2 203.9 208 214.1 218.5 219.5 218.7 221.1 223.6 222.6 221 219.3 215.5 210.1 205.1 200.2 195 190.1 186.2 183.2 181.4 179.9 178.1 176.9 175.5 173.5 171.8 169.2 166.8 165.1 163.8 162.2 161.2 160.2 159.8 158.8 159.5 160.2 162 164.1 166.1 168.4
157.9 156.6 156.3 156.2 156.9 159.3 167.8 170.3 174 181.2 182.7 178.9 177.4 175.5 174.1 173.3 171.5 170.9 171.6 171.9 171.9 173.2 176.2 181.8 186.2 189.2 193.1 196 197.4 198.3 197.7 195.9 197 199.7 202.1 203.4 206.5 208.4 209.1 213.4 218.7 220.8 223.5 227.7 228.7 229 227.8 224.8 220.2 214.6 209.2 203.2 197.5 193.2 190.2 188.5 187.1 186.3 185.3 183.4 183.3 181.4 178.2 174.1 170.4 167.6 165.4 163.8 162.1 160.8 160.1 159 158.2 158.8 159.6 161.7 163.6 165.4
156.7 156.8 156.8 157.2 159.4 166.5 169.7 171.3 174.4 179.8 183.8 179.2 176.4 174.5 173.1 172.4 171.6 171.5 172.1 172.9 174 175.9 179.1 184.7 188.7 192 197.8 201.9 204.5 205.6 206.3 206 207.3 210.7 213.6 214.9 215.1 214.6 216.4 219.5 223.8 227.9 230.9 233.7 234.4 234.2 232.1 228.7 224.1 218.8 213.5 209 204.2 200.8 198 197.1 197.1 197.9 198.4 198.5 197.9 193.9 188.6 182.7 176.5 171.3 168.2 166.1 164.4 162.4 160.9 160.1 159 157.8 158.1 159.3 161.2 162.9
156.1 157 157.9 160.6 165.5 168.8 170.3 172.6 175.8 179.1 180.9 179.4 175 173.3 172.7 172.3 172.3 172.6 173.2 174.7 176.1 178.8 182.2 187.5 193.1 196.4 202.2 207.2 210.2 210.5 211.3 213.2 216.4 221.2 225 227.2 227.7 226.2 228.4 232.1 234.2 235.9 237.9 239.7 239.6 238.2 235.8 232.2 229.1 225.3 221.1 218.5 216.5 214.2 212.6 213.3 214.5 215.7 216.4 216.1 213.9 208.7 201.4 195 187.9 177.5 172.3 168.9 166.8 164.6 162.3 161.2 159.9 158.5 157.1 157.7 159 160.2
158.8 160.2 162.6 165.7 168.9 171.5 172.5 173.5 176 177 176.8 175.6 174.2 173.8 173.9 173.8 173.7 174 175.2 177.1 179.4 182 185.3 190.8 197 201.6 206.4 211.3 213.3 214 214.8 223.1 228.7 233.7 237 238 239 240.5 240.9 242.2 242.7 243.5 244.1 243.5 242.5 241.3 239.4 237.3 236.3 233.6 231.4 229.8 230.2 231.9 231.7 232.6 233.7 233.7 233 231.4 226.9 220.3 212.2 204.9 197.8 187.8 178.4 173.7 169.8 167.4 165.2 162.6 160.7 159.1 157.6 156.1 157.5 158.1
162.6 164.4 167.2 169.4 172 174.4 174.1 174.5 175.2 175.9 175.9 176.4 178.6 177.2 176 175.9 175.8 176.5 178.6 181 183.9 187 190.5 195.5 200.9 205.4 208.7 212.5 214.1 222.1 231.6 237.5 242 246.2 248.4 248.7 249.5 250.3 250.8 251.2 249.7 249.8 246.9 244.9 244.2 242.7 241.8 242.3 242.1 242.2 242.4 241.8 243.1 245.9 247.2 247 246 243.7 241.1 237.2 232.6 226.5 219.2 212.7 206.2 198.3 189.1 181 174.5 170.9 168.4 165.6 163.1 160.8 158.7 156.9 155.9 156.6
166.5 169.7 170.7 172.3 174.6 176.6 175.8 175.5 175.9 176.4 177.4 180.6 186.3 182.4 177.8 177.6 178.6 181 184.2 187.6 191.4 194.9 198.4 201.5 205.5 209.1 212 220.5 231.3 239.8 246.9 252.4 256.7 259 259.6 259.7 259.2 258.7 257.3 257.2 255.1 251.5 247 243.8 244.1 242 242.4 244.6 245.6 247.2 249.3 250.6 252.4 253.9 253.9 252.7 250.4 247.7 243.9 240.1 236 230.8 225.1 219.8 213.7 208.6 202.2 191.6 182.4 175.7 172.2 169.7 166.8 163.7 161.3 159 157 156.2
171 172.4 173.2 173.9 175.2 176.8 176.6 176.7 177.1 177.6 178.7 182.1 187 182.8 179.4 181.3 183.6 186.4 191.4 195.4 199.5 202.6 205.8 208.6 211.4 219.2 228.5 239.2 247.5 254.8 262.1 267 270.7 268.5 268 266.4 264.1 262.2 260.4 257.2 253.2 249.7 245.1 240 238.1 237.3 238.8 242.8 245.2 248.9 251.8 254 256.3 257.7 257.4 256 253.5 250.5 246.6 242.7 238.7 234.6 229.9 224.9 220.1 216.2 209.9 200.8 189.3 181 178.6 175.4 170.8 167.1 163.9 161.5 159.1 157.4
