public/OST50/SO36.asc
ncols 200
nrows 200
xllcorner 330000
yllcorner 260000
cellsize 50
[rows 105 to 139 of 200, columns 78 to 155 of 200]
151.6 150.5 148.6 147.6 145.9 144.2 143.3 142.9 142.4 142.2 144.4 146.6 150 153.3 154.5 154.6 154 151.9 149.2 148 147.1 146.8 148.9 153.4 159 166.2 169.5 171.6 175 175.5 173.5 170.7 167.4 165.7 162.6 159.7 155.9 151.2 146.4 141.8 143.4 151.7 152.7 149.5 146 142.5 137 130.3 129.6 127.7 126.4 124.5 121.6 126.5 143.4 155.1 158.2 159.7 163.5 169.3 177.7 187 194.9 201 204.4 207.3 209.5 209.5 207.9 204.5 194.6 182.3 173.5 174 179.9 190.4 199.9 207.7
146.4 145.8 145.6 144.7 144.2 142.6 141.9 141.8 141.5 141.2 141.2 143.4 145.9 147.6 147.1 146.6 145.9 144.3 143.3 142.5 142.5 143.2 146.4 150.6 156.2 160.5 162.6 166.4 170.6 170.5 168.4 166.8 165.1 164 162.1 159.5 156.2 150.2 143.8 139.9 138.7 143.4 145.4 141.6 138.8 133.5 128.1 127 126.4 125.1 123.8 125.8 135.2 144.8 154.1 158.4 161.1 164.3 170.4 179.8 189.3 196.3 202.4 208 211 213.1 214.2 213.9 211.2 204.9 198.3 189.7 180.2 181.4 193.1 207.1 218.4 225.7
142.3 142.3 142.3 142.1 141.9 141 140 140.1 140 139.7 139.7 140.1 141.3 141.5 140.9 140.2 139.6 139.1 138.8 138.6 139.4 140.5 143.8 148.7 153.1 154.9 156.8 161.2 163.5 163 162 161.4 161.5 160.9 160.4 158.5 155.2 148.7 142.1 138.5 136.1 134.3 136 134.7 131.7 127.9 126.4 125 121.8 124.9 131.7 144.1 152.5 157.2 160.4 164.1 167 172.1 180.5 188.8 194.9 200.9 207.8 213.7 216.6 217.9 218.5 217.3 214 210.4 207.4 201.1 189.1 188.7 203 222.5 231.6 235.9
140.1 140.1 140 139.9 139.5 139.3 138.1 138.1 138.2 138.2 138.2 138.1 138 137.6 137.3 137 136.6 136.5 136.3 136.8 137.6 138.6 140.6 145.1 148.6 149.4 151.2 153.3 153.5 154.6 154.3 155.1 156.6 157.4 157 156.1 153.7 147.4 140.9 137.3 134.2 132 130.9 129.9 128.2 126.6 125.2 121.6 126.1 138.7 150.3 158 161.8 163.9 165.6 169.9 174.5 179.8 186.6 193.4 199.3 205.2 211.6 218.5 221.3 221.9 221.7 220.1 218 216.4 213.9 211.7 200.5 195.4 209.6 230.8 238.2 240.7
137.9 137.9 137.8 137.7 137.3 136.9 136.2 136.2 136.2 136.5 136.5 136 136.1 136.4 136.2 136 135.9 135.8 135.7 135.6 135.7 136.4 137.2 138.6 140.9 142.4 143.7 144.6 145.2 146 147.4 149.4 151.9 152.9 152.5 152 150.2 145.2 139.3 134.7 131.8 130.6 129.7 128.5 127.1 125.7 123.8 125.7 136.9 152.4 162.9 167.2 168.4 167.9 168.6 172 177.5 183.6 190.3 195.5 201.3 207.1 214.8 221.5 223.7 224.1 223.6 223.2 222.6 221.5 222.2 221.5 212.8 204 215.7 234.5 242.2 242.7
135.9 135.7 135.5 135.5 135.1 134.8 134.5 134.6 134.9 135.2 135.1 134.6 134.5 134.9 135.2 135.3 135.2 135.1 135 135 135 135.2 135.4 135.6 135.6 135.8 135.8 136.8 138.1 139.6 141.9 144.4 146.7 147.9 147.5 147.1 144.2 140.3 136 132.2 130.4 129.5 128.7 127.6 126.7 125.6 124.1 128.1 145.6 160.5 168.4 170 170.1 169.6 170 173.1 178.4 184.3 190.5 195.8 201.7 208.3 216 221.8 223.6 224.8 225.3 225.9 226.7 228.4 229.5 230.2 226.1 215.8 219.3 234.5 242.1 240.2
133.2 134.9 134.7 134.5 134.4 132.4 134.6 134.2 133.6 134.1 134 133.7 133.6 134.2 134.6 134.5 134.5 134.4 134.3 134.4 134.4 134.6 134.8 134.6 134.2 134 133.4 133.3 134.1 135.1 136.9 138.8 140 141.5 142.5 141.5 139.2 136 133.2 130.3 129.6 128.9 128.1 127 126.6 125.5 125.1 131.7 149.1 161.4 166.7 167.4 167.6 167.6 170 172.6 177.2 182.8 188.3 193.4 200.2 206.9 213.5 218.1 220.9 223.3 225.4 228 231.2 234.7 237 238.2 235.9 229 225.6 231.9 238.4 236.3
135.1 134.3 134.7 134.7 134.7 134.6 134.3 133.9 133.8 133.6 133.7 133.8 133.5 133.7 133.9 133.8 133.8 133.7 133.8 133.8 133.8 134 133.9 133.5 133.2 132.9 132.8 132.7 132.6 132.6 133.4 133.6 134.4 135.1 135.9 136.1 133.6 132 130.2 129.5 128.9 128.2 127.5 127.1 126.7 125.4 125.3 130.8 147.6 157.4 160.7 162.1 163.2 164.9 167.7 171.6 175.3 179.8 184.4 189.5 195.9 201.8 206.4 211 213.6 215.7 222.2 227.5 233.1 238.8 242.4 244.1 242.8 239.7 237.8 240.7 244 242.4
135.1 134.9 134.7 134.6 134.6 134.4 134.1 133.9 133.9 134 133.7 133.8 133.5 133.2 133.3 133.2 133.1 133.1 133.2 133.2 133.3 133.3 133.1 133 132.8 132.4 132 131.9 131.9 131.9 131.7 131.7 132 132.1 131.8 131.6 130.9 130.1 129.6 128.9 128.4 128 127.6 127.3 126.3 125.3 124.8 126.9 144.7 151.8 154.1 156 157.8 161.8 165.7 169.3 172 174.7 177.9 182.6 187.9 192.8 197.5 202 201.8 204 208.6 213.7 220 226.2 230.2 234.3 237.6 239.7 243.3 248.9 253 252.9
135.1 134.9 134.6 134.5 134.4 134.2 134 134 134.1 134 133.9 132.9 133.5 132.7 132.7 132.7 132.9 132.8 132.9 132.9 133 133 132.9 132.7 132.3 131.9 131.5 131.2 131.1 131 130.9 130.9 130.8 130.8 130.6 130.4 130 129.6 129.3 128.9 128.5 128.2 127.8 127.4 126.9 126.2 125.6 124.4 140.7 144.2 146.9 149.6 153.7 158.7 163.5 167.1 167.2 168.3 170.5 173.8 178.2 182 186.3 190.7 188.1 189 191.8 195.3 200.3 206.6 209.7 216.6 223.7 233.9 244.9 257.1 263.4 266.7
135.1 134.9 134.6 134.4 134.3 134.1 134 134 134 134 133.9 133.6 133.3 132.7 132.5 132.6 132.8 132.7 132.7 132.7 132.7 132.8 132.6 132.2 131.8 131.5 131.2 130.9 130.8 130.7 130.7 130.6 130.6 130.5 130.3 130 129.6 129.4 129.2 129 128.7 128.3 127.9 127.7 127.3 126.8 126.2 125.7 127.2 137.4 140.1 144.5 149.3 154.4 159.4 162.6 161.1 161.2 161.8 163.2 166.8 170.1 171.2 176.2 175.5 175.8 174.9 177.5 181.4 187.6 198 211.4 227.5 244.5 259.8 272.7 278.1 281.8
135.2 134.9 134.6 134.3 134.2 134.1 134 134 134 134 133.8 133.5 133.2 132.8 132.4 131.8 132.7 132.6 132.5 132.5 132.5 132.5 132.3 132 131.7 131.5 131.2 130.8 130.7 130.6 130.5 130.4 130.4 130.3 130 129.7 129.5 129.3 129.1 128.9 128.7 128.4 128.2 127.9 127.6 127.2 126.7 126.3 125.9 129.9 136 139.8 144 148 152.3 154.9 153.6 152.9 152.3 151.4 155.7 158.4 162.7 167.4 168.9 169.1 169.7 172.7 178.6 188.6 205.6 226.3 245.8 263 277.8 289.8 292.7 294.5
135.2 134.9 134.6 134.4 134.1 134.1 134 134 134 134 133.7 133.4 133.1 132.8 132.3 131.8 131.9 132.4 132.4 132.4 132.4 132.5 132.3 132 131.7 131.5 131.1 130.6 130.6 130.5 130.4 130.3 130.2 130 129.8 129.6 129.4 129.1 128.9 128.7 128.5 128.5 128.4 128.1 127.9 127.6 127.1 126.8 126.7 123.1 132.4 134.9 137.9 141.2 144.3 147.3 147.6 146.7 145.9 146.1 148.5 150.7 156.7 163 165.2 167.5 170.8 175.6 185.3 202.5 224 246.8 266.5 282.4 293.1 298.7 300.4 300.4
135.2 134.9 134.7 134.4 134.2 134 134 134 134 133.9 133.6 133.3 133 132.6 132.2 132 131.9 131.9 131.8 132.3 132.4 132.4 132.3 132 131.7 131.4 130.9 130.5 130.4 130.3 130.2 130.1 130.1 129.9 129.6 129.4 129.2 129 128.8 128.6 128.4 128.4 128.3 128.3 128 127.8 127.6 126.6 127.1 124.6 129.7 133.2 133.7 136.9 140.3 142.9 143.6 143 142.9 144.8 147.1 148.8 153.3 159.1 163.8 168 173.7 183.3 198.4 219.4 243.2 265.4 282.2 292.6 297.8 300.1 301.8 303
135.3 135 134.7 134.5 134.2 134 134 134 134 133.9 133.6 133.2 132.9 132.5 132.1 132.1 132 132 131.9 131.1 132.4 132.3 132.3 132 131.7 131.3 130.7 130.4 130.3 130.2 130.1 130.1 130.2 130 129.6 129.3 129.1 128.9 128.7 128.5 128.3 128.3 128.2 128.2 128.1 127.9 127.8 125 126.9 126.7 126.9 130.3 132.7 135.3 137.9 139.8 140.5 140.3 141.1 143 144.9 146.7 149.3 157 164.3 169.6 177.7 192 210.8 234.1 258.6 277 288.2 293.7 296.2 298.2 300.4 301.7
135.5 135.2 134.9 134.6 134.3 134 134 134 134 133.8 133.4 133.1 132.8 132.4 132.2 132.1 132.1 132 132 131.8 131.3 132.3 132.2 132 131.6 131.2 130.4 130.3 130.2 130.1 130.1 130.1 130.3 130 129.7 129.3 128.9 128.7 128.5 128.3 128.2 128.2 128.2 128.1 128.1 128 125 127.7 127.4 126.6 127.5 129.8 132.3 134.7 136.5 137.7 138.3 139 140.2 141.3 143 144.8 147.3 155.3 162.9 169.9 180.8 198.2 220.3 244.3 265.9 279.3 286 289.3 291.5 294 295.3 296.3
135.7 135.4 135.1 134.8 134.5 134.1 133.9 133.9 133.9 133.7 133.4 133 132.7 132.4 132.2 132.1 132.1 132 132 131.7 131.2 132.3 132.2 131.9 131.5 130.9 130.3 130.2 130.1 130.2 130.1 130 130.3 130.1 129.8 129.4 129 128.6 128.4 128.3 128.2 128.1 128.1 128 128 126.9 127.2 127.4 127.3 127.1 128.4 130.4 132.3 133.6 134.8 136 137.1 137.8 139 140.2 141.5 143.4 146 153.8 161.2 170.4 184 204.6 228.8 252.5 269.3 277.6 281.1 283.3 285.6 286.7 287.3 288.4
136 135.6 135.3 134.8 134.4 134.1 133.9 133.9 133.9 133.7 133.3 133 132.7 132.4 132.2 132.1 132 132 131.9 131.5 131.5 128.3 128.3 130.9 131.4 130.7 130.2 130.1 130.2 130.1 130 130.1 130.4 130.2 129.9 129.5 129.1 128.8 128.4 128.4 128.3 128.2 128 125.4 128 125 127.2 127.3 127.4 127.7 129.3 130.4 131.6 133.3 134.9 136 136.5 137.2 138 138.9 140.4 142.2 144.4 152.5 160.9 172.3 190.4 213.8 237.4 258 269.6 273.1 274.5 275.7 278.1 278.7 278 277.6
136.2 136 135.8 135 134.3 134.2 134 133.8 133.9 133.6 133.3 133 132.6 132.4 132.2 132.1 132 132 131.9 131.4 131.7 131.4 131.2 131 130.9 130.5 130.2 130.2 130.1 130.1 130 130.3 130.4 130.2 129.9 129.6 129.2 129 128.6 128.4 128.4 128.3 128.1 128 125.5 127.7 127.3 127.4 127.6 127.9 129.1 129.9 131 133.1 135 134.9 134.6 135.3 136.3 137.3 138.6 140.4 142.9 152.7 162.7 177.5 200.4 224.8 245.8 259.5 265.1 266.5 267.4 268.3 270.2 270 267.9 264.7
136.6 136.3 135.7 134.9 134.4 134.1 133.9 133.8 133.9 133.7 133.2 132.9 132.7 132.5 132.3 132.1 132 132 131.8 131.6 131.6 131.3 131.1 130.7 129.4 129.1 130.2 130.2 130.1 130 130 130.4 128 130.3 129.9 129.6 129.5 129.1 128.8 128.4 128.3 128.3 128.2 128.1 127.4 128.1 127.1 127.4 127.7 127.9 128.8 129.6 130.3 131.9 132.8 133.2 132.7 132.6 133.6 134.9 136.8 138.8 142.4 153.5 165.3 184.6 209.8 233.2 247.6 254.6 257.3 258.3 259.2 260.1 260.8 260.6 256.9 254.1
136.7 136.3 135.6 134.9 134.4 134 133.8 133.7 133.9 133.7 133.2 132.9 132.7 132.5 132.3 132.1 132 131.9 131.7 131.7 131.6 131.2 131 130.5 129.9 129.5 130.1 130.1 130 126.1 130 126.1 129.6 129.8 126.1 126.1 127.1 129.2 128.8 128.5 126.1 126.1 126.1 128.3 128.5 128.1 127.4 127.3 127.6 128 128.9 129.5 130 130.5 130.8 131.6 131.8 132 133 134.1 135.8 137.9 142.9 155.2 168.4 190.6 215.4 232.2 241.7 245.5 248.1 249.5 250.9 251.9 252.6 252 246.3 243.4
136.7 136.2 135.5 135 134.5 134 133.8 133.7 133.8 133.6 133.2 132.9 132.7 132.5 132.3 132.1 132 131.9 131.7 131.7 131.5 131.1 130.8 130.3 130 130 129.7 129.6 129.7 129.8 129.5 126.1 129.6 126.1 129.6 129.4 129.3 129 128.3 128.2 128.6 127.2 128.7 128.2 128.1 128 127.7 127.3 127.6 128.1 128.7 129.1 129.6 130 130.3 130.5 130.7 131.4 132.5 133.5 134.9 137.6 143.4 155 168.5 190.3 212.5 225.9 232.4 236.1 239.2 240.4 242.5 244.4 246.8 246.2 239 233.8
136.7 136.2 135.5 135 134.6 134.1 133.7 133.6 133.5 133.4 133.2 132.9 132.7 132.6 132.4 132.2 132 131.9 131.8 131.6 131.5 131 130.5 130.2 127.5 129 130.2 130.3 130.4 130 129.6 129.1 129.2 129.5 129.6 129.4 129.4 129.3 128.9 128.8 128.9 128.6 128.3 128.1 128.1 128 127.6 127.4 127.5 127.8 128.2 128.6 129.1 129.5 129.9 130 130.3 131.6 132.3 133.1 134.9 137.1 142.2 153.6 163.7 180.8 201.1 215.2 220.9 225.2 228.2 227.8 233.5 240.4 242.6 241.9 235.3 226.6
136.6 136.1 135.5 135.1 134.6 134.2 133.7 133.4 133.5 133.5 133.2 132.7 132.4 132.4 132.3 132.2 132 131.8 131.7 131.6 130 131.2 130.7 130.6 130.1 130.1 130.2 130.3 130.3 130 129.5 129.2 129.2 129.3 129.4 129.5 129.4 129.2 129 128.9 128.7 128.4 128.2 128 128 127.9 127.6 127.4 127.4 127.4 127.7 128.1 128.6 129 129.4 129.6 130 131.6 132.6 133.4 134.7 136.8 140.2 149.9 158.3 167.9 182 192.7 198.3 200.9 203.2 215.8 230.2 237.4 239.3 238.8 232.1 220.5
136.6 136 135.6 135.1 134.7 134.2 133.7 133.6 133.7 133.6 133 132.5 132.2 132.1 132.1 132 131.9 132.2 132.3 132.1 131.6 131 130.5 130.2 130.1 130.1 130.2 130.3 130.2 130 129.5 129.2 129.3 129.3 129.3 129.4 129.3 129.2 129 128.8 128.7 128.5 128.2 128 127.9 127.9 127.7 127.6 127.4 127.2 127.3 127.6 128.1 128.5 128.9 129.2 129.9 131.4 132.8 133.7 134.7 136.3 138.5 145.4 152.3 160.2 167.3 174.3 177.9 185.6 203.4 219.5 228.7 234.1 236 235.8 230.7 217.3
136.5 136.1 135.6 135.1 134.7 134.2 133.7 133.8 133.8 133.3 132.8 132.3 131.9 131.9 131.9 131.9 132 132.2 132.1 131.8 131.5 130.9 130.4 130.2 130.1 130.1 130.2 130.3 130.2 130 129.5 129.3 129.3 129.4 129.4 129.5 129.3 129.1 129 128.8 128.7 128.5 128.3 128 127.8 127.9 127.8 127.6 127.5 127.3 127.2 127.3 127.6 128 128.5 128.8 129.7 131.3 132.9 133.7 134.4 135.5 137.4 141.1 147.5 153.8 159.3 164.3 173.6 190.7 207.4 216.8 224.3 229.2 231.1 231.4 228.4 216.7
136.1 135.7 135.4 135.1 134.6 134.2 133.8 133.8 133.3 132.3 132.1 131.9 131.1 129.4 131 131.7 132 132.2 131.9 131.7 131.5 131 130.5 130.2 130.2 130.1 130.1 130.2 130.1 129.9 129.5 129.3 129.4 129.4 129.5 129.7 129.4 129.1 128.9 128.8 128.6 128.5 128.3 128.1 128 127.9 127.8 127.7 127.5 127.4 127.3 127.3 127.3 127.7 128.1 128.4 129.6 131.2 132.4 133.4 134.1 135 136.9 139.7 144.6 149.3 154.1 160.4 173.2 190.4 203.1 211.6 218.7 223.3 225.4 225.7 224.6 215
135.7 135.3 135 134.7 134.4 134.1 133.7 133.2 132.7 132 131.8 131.5 131.3 131.4 131.3 131.4 131.9 132.1 131.8 131.6 131.6 131.1 130.6 130.4 130.2 130.1 130.1 130.2 130 129.9 129.5 129.4 129.4 129.5 129.7 129.8 129.5 129.2 129 128.7 128.6 128.4 128.3 128.2 128.1 128 127.9 127.7 127.6 127.5 127.5 127.5 127.4 127.4 127.9 128.2 129.5 131 132 133.1 133.9 134.7 136.8 139.6 143 146.4 150.8 157 169.3 186.4 197.8 206.8 213.8 217.7 219 219.9 218.9 211.3
135.3 134.9 134.6 134.3 134 133.9 133 133.4 133.1 132.6 132.4 132.1 131.7 131.6 131.6 131.6 131.9 131.9 131.7 131.7 131.7 131.2 130.7 130.5 130.4 130.2 130.1 130.2 130 129.8 129.5 129.5 129.5 129.8 130 129.9 129.6 129.3 129.3 128.7 128.5 128.3 128.2 128.2 128.2 128 127.9 127.8 127.7 127.6 127.8 128 127.5 127.4 127.6 128.1 129.4 130.6 131.8 133.1 134.2 135.2 136.9 139.4 142.3 145.1 148.8 154.8 163.8 179.1 192.7 201.9 208 210.8 212.2 212.9 212.9 207.4
134.8 134.5 134.2 134.1 134 133.4 131.4 133.5 133 132.8 132.6 132.4 132.2 132 131.9 131.8 131.8 131.8 131.8 131.8 131.8 131.3 130.8 130.7 130.5 130.3 130.2 130.1 129.9 129.7 129.5 129.6 129.8 130 130.2 129.9 129.7 129.6 129.6 129 128.4 128.2 128.2 128.3 128.3 128.1 128 127.9 127.9 128.1 128.4 128.1 127.6 127.5 127.6 128.5 130.1 131.9 133.2 134.4 135.4 136.5 138.2 139.7 141.3 144.3 148.2 153.4 161.2 173 187.1 195.5 201.8 204.5 205.3 205.8 206.5 204.4
134.3 134.2 134.1 134.1 133.8 133.2 133.5 131.7 133.4 133 132.8 132.6 132.4 132.2 132.1 132.1 132 131.9 131.9 131.9 131.8 131.4 130.9 130.8 130.7 130.7 130.7 130.8 130.3 130.1 129.8 129.7 130 130.2 130.3 130.1 130 130 129.9 129.3 128.7 128.2 128.2 128.3 128.4 128.4 128.4 128.9 128.8 128.7 128.9 128.2 128 128.1 128.3 129.1 131.1 133.1 134.6 135.6 136.7 137.6 137.8 139.1 140.6 144 148.2 152.9 159.4 170 181.6 190.6 195.5 197.6 198.5 198.8 199.8 201.2
133.8 133.8 133.9 133.7 133.5 133.5 133.8 134.3 134 133.5 133 132.7 132.6 132.4 132.5 132.4 132.6 132.8 132.3 132.1 131.9 131.8 131.6 131.4 131.3 131.5 131.9 131.8 131.6 130.8 130.4 130.4 131 131.7 132.2 132.2 131.6 131.2 131 130.4 129.3 129 129 129.2 129.3 129.3 129.7 130.5 130.8 130.5 130.6 130.1 130.5 131 131.3 132.8 135 135.5 136.5 137.2 138.5 139.5 138.7 139.2 140.1 143.7 148.1 152.5 156.6 166.6 177.6 185.5 190.1 192 191.3 191.8 194 195.7
134.2 133.9 134.2 134.1 134 134.1 134.5 135 134.8 134 133.6 133.1 132.7 132.7 132.8 133.1 133.3 133.5 133.2 132.6 133.2 133.2 132.9 133.3 133.8 134.1 134.3 134.3 133.6 132.8 132.7 133 133.3 133.8 134.1 134.4 133.9 132.8 131.5 130.5 130.3 130.2 130 130.6 130.4 130.5 131.2 132.2 132.7 133.2 133.6 134.2 135.6 136.6 136.6 137.3 137.5 138.1 138.6 139.2 140.4 141.1 140.9 139.9 140.6 144.2 148.5 152.5 155 164.3 173.8 180.9 185 185.9 185.1 187.1 189.8 190.4
134.5 134.2 134.2 134.3 132.5 131.7 135.4 135.8 135.9 135.1 134.6 134.1 133.4 133.7 133.9 134.7 134.7 134.6 134.8 134.9 135.5 137.2 137.8 140.7 141.2 142 144 145.5 145.5 144.7 141.6 140.8 139.7 138.2 136.3 135.8 134.7 133.4 131.7 131.5 131.3 131.6 132 132.9 133.5 133.7 133.6 134.8 135.8 136.5 137.7 139.5 142.7 144.8 144.2 143.3 141.8 141.8 141.7 141.6 142.2 142.8 143.1 141.9 141.8 145.2 149.7 153.1 155.8 162 170.5 177.3 180.5 181.2 180.5 183.4 185.7 186.2
134.9 134.9 134.9 131.7 135.5 136.7 136.9 137.8 137.6 137.2 136.9 136.4 136 136.4 137 137.7 138.4 138.8 140.2 141.3 143.4 146.9 150.5 154.4 157.8 161 164.5 166.1 165.5 163.1 158.3 154.3 150.1 144.2 138.3 136.7 135.6 134.1 132.7 132.6 133.5 134.1 134.2 135.5 140.4 143.2 143 142.9 143.4 145.9 150.4 155.4 159.6 161.5 161.7 160.7 157.2 152.4 148.5 146.6 145.5 145.4 145.5 144.2 143.3 145.6 151.8 155.2 156.2 162.5 170.1 174.5 176.9 176.8 176.7 179.4 181.5 182.9
