public/OST50/SO37.asc
ncols 200
nrows 200
xllcorner 330000
yllcorner 270000
cellsize 50
[rows 105 to 139 of 200, columns 0 to 77 of 200]
391.2 390.5 390.2 390.4 390.7 390.6 391 391.3 391.2 391.1 392 392.7 393.8 395.5 397.5 399.3 401 402.7 403.5 405 408.2 410.9 413.3 415.5 416.7 417.6 418.8 420.2 420 420.9 421.4 421.2 421.3 422.1 421.9 421.6 420.8 419.4 419.3 419.1 418 415.8 413.3 409.8 406.3 402.3 396.6 386.1 370 329.8 312.4 324.7 330.5 337.3 344 352.6 364.3 372.7 376.5 378 372.1 366.2 359.5 351.7 343.6 334.4 324.3 312.9 300.2 287.5 271.8 251.1 230.9 216.7 205.1 196.9 191.8 186.6
395.6 395.4 395.7 396.3 396.6 396.7 396.4 396.3 397.1 397.7 398.1 399.8 401.4 403.4 405.5 407.5 409 410 411.4 412.6 414.2 415.9 418.3 420 420.5 421.4 422.5 422.8 421.2 424.1 423.8 424.4 424.7 425.7 426.3 425.6 425 425 425.1 423.9 422.5 420.4 418.6 415.6 411.1 405.8 399.2 390.7 380.1 352.6 308.5 294 297.6 305.3 312.8 321.4 329 339.2 359.4 367.4 368 362.8 353.9 347.2 337.6 326.1 313.8 300.3 284.9 274.5 255.5 233.3 210.9 203.8 196.7 192.3 188.3 183.2
399.8 399.7 400.1 400.8 401.1 401.3 401.3 401.3 402.1 402.9 404.5 406.8 408.8 411.3 413.1 414.2 414.6 414.8 415.5 416.5 418.2 420 422.2 423.5 423.9 423.5 423.3 423.5 423.6 423.6 424.9 426.8 428.4 430.1 429.9 429.9 429.7 429.2 428.6 427.7 426.4 423.8 419.7 415.8 411.6 406.5 400.4 394.7 383 361.9 333.5 298.7 278.4 276.6 281.8 288 300 311.8 327.1 345.7 358.5 355.9 347 338.9 327.1 316.7 304.4 291.5 277.1 264.7 246.5 224.1 215.1 207 200.2 196.3 190.7 184.1
403.3 403.3 404.1 404.8 404.9 405.1 405.3 406 406.6 407.3 410 413 415.8 418.3 419.2 418.9 418 416.1 418 418.2 418.9 419.8 420.6 421.4 422.3 423.9 423.9 424.5 424.9 426.4 427.8 430 431.4 431.7 432.3 432.6 433 432.1 429.9 428.3 426.6 423.4 419.1 414.9 410.8 405.7 400.1 394.4 383.7 369.6 355.8 321.1 289.7 273.5 261.8 264.7 273 285.5 301.1 315.8 327.9 332.7 330.4 325.3 315.9 305.7 294.9 283.7 271.8 259.1 246.3 231.7 224.1 216.4 209 202.8 199.2 192.1
406.6 406.6 407.3 407.5 407.3 408 407.7 408.1 409.7 412.1 415.5 418.9 421.6 423.7 422.9 420 417.9 418.2 417.1 416.2 416.3 416.8 417.1 418 418.9 419.7 420.6 421.5 422.8 425.2 427 428.8 431 432.5 433.1 433.4 432.2 431.2 428.7 426.6 424.7 421.5 417.5 413.3 409.1 404.5 399 393.6 383.6 376.6 362.2 339.5 308.3 283.7 265.5 252.8 253 260.5 270.3 287.1 303.1 311.4 317.7 315.5 307.9 299.9 289.1 276.7 271.4 266 257.9 246.8 235.5 229.6 221.6 214.1 208 199.2
408.6 409.1 408.5 409.1 409.1 407.4 407.6 409.2 412.1 414.9 418.7 422.3 423.8 424.8 422.1 418.2 416.3 414.6 413.5 413 411 411.1 411.1 412 413.2 414.4 415.6 417.2 421.3 424 426.6 428.5 429.9 431.3 431.5 430.6 429.2 427.5 426.3 423.4 420.5 417.7 414.8 411 407.2 402.8 397.7 391.9 383.6 377.3 365.8 352.5 321.4 297.4 273.4 254.1 244.9 244.6 250.8 258.3 276.7 295.4 305.3 307.8 303.9 297.1 289.8 283 280.5 276.2 271.7 264.7 257 247.8 236.3 228.1 220.8 209.9
407.5 407.3 407.3 406.9 406.3 405.2 405.5 408.3 411.6 415 418.5 420.7 420.3 418.5 415.3 410.6 408.3 406.6 405.6 403.3 403.4 402.9 398.9 400.6 405.7 410.8 409.7 417.6 420.8 423.7 426 427.9 428.1 428.4 428.1 427.6 426.1 424 421.8 419.7 416.8 413.3 410.7 407.1 402.7 399 393.9 387.7 381.7 375.6 365.6 356.4 333.2 309.2 285.8 260.1 243.7 238.6 236.7 242.6 252.2 267.9 287.8 301.1 302.7 297.3 293 289.4 286.1 283.2 279.2 275.3 267.8 262.1 252.4 239.8 229.9 218
404.8 403.6 402.5 401.5 395.1 392.7 397.4 404.8 410.4 413.4 415.2 413.3 409.8 407.3 403.6 399.9 390.9 391.5 392.8 391.2 390.5 381 376.9 394.4 401.7 390.1 411.1 416.3 419.4 422 422.9 423.6 424.5 424.7 424.4 423.7 422.9 420.8 417.8 415.4 413.1 409.2 405.7 402.3 398.3 394.4 389.6 384.2 379.9 373.7 364 356.5 344.8 319.4 295.7 267.4 245.9 235.7 231 229.4 235.9 247.5 263.6 283 298.7 298.6 296.4 293.1 289.2 286.4 282.4 276.7 271.9 267 258.8 246.6 237 226.3
399.2 397.5 395.8 382.1 370.7 370.1 380.1 392.8 400.1 403.3 403.2 400.5 396.1 393.1 386.2 373.6 361.7 365.3 367.8 366.5 366.5 358.8 385 391.4 384.6 390 409.1 414.1 416.8 418.6 419.3 420.4 420.8 420.9 420.6 419.6 418.3 416.6 414.2 411.4 408.1 404.5 402.1 398.9 395.4 390.7 386.2 381.8 377.7 370.5 363 356.1 348.5 324.5 298.2 269.7 247.4 236.4 228.8 224.9 225.1 230.6 244.2 261.4 279.4 295.5 294.9 293.2 290.6 287.7 285 280.3 272 266 262 251.4 245.4 237.2
391.8 388.2 383.5 359.5 341.5 342.3 360.1 372.4 380 385.1 384.9 381.8 378 372.7 364.6 350.4 335.2 337.7 336.9 336.1 330 337.4 367.6 367.5 359.8 366.1 389.7 409 412.5 414.4 415.6 416.6 416.9 416.7 415.6 414.4 412.8 411 408.2 405.3 402.5 399.7 397.7 395.2 392.1 387.6 384.2 380.2 376 369.4 361.3 354.2 342.7 318.5 297.2 274.4 254.4 239.7 228.3 222.4 219.8 221.2 229.2 243.3 260.9 278.1 290.1 292.4 288 286.6 283.8 279.9 271.6 265.6 260.9 254.2 246.1 241.9
382 376.9 367.6 340.3 320.2 317.9 337.9 353 358.3 360.5 361.6 359.9 356.7 351.1 340.7 326.4 311.4 307.9 314 322 322.3 320.8 338.1 340.4 345.2 356.6 365.2 395.8 406.9 410.2 411.6 412.6 412.5 411.8 410.5 409.2 407.3 404.9 401.9 398.9 395.8 392.8 390.3 388.6 386.6 384.6 382.8 379.4 375.5 369.4 360.9 351.3 339.8 325.7 310.3 288.1 266.2 250.5 235.6 223.1 217.6 216.8 222.5 231.7 245.5 259.6 273.6 283 284 284.4 282.7 279.9 271.3 265.1 260.3 253.4 246.8 240.2
368.9 360.7 348.4 326.4 302.2 296.3 313.4 329.4 334.3 336.8 339.3 337.2 330.3 320 311.6 304.1 298 302.5 318 320.5 319.5 319.8 327 338.9 347.5 353.3 352.3 383.6 400.1 406.5 407.1 407.5 407.4 406.8 405.3 403.5 401.3 398.6 395.7 392.3 387.9 383.5 379.1 372.8 365.6 362.3 363.4 363.6 365.8 366.6 360.9 350.8 339 327 313.7 298.9 275 260.8 246.1 231.4 218.5 214.3 216.4 223.1 231.9 244.9 259.6 274.4 281.1 282.1 281 277.4 269.9 266.2 260.6 253.4 246.1 238.1
350.1 337.5 323.2 309.4 289.7 288.7 294.8 302.1 308.4 312.3 315.7 310.7 303.6 304.1 301.7 295.2 297 312.2 316.1 311 324 319.9 335 341.2 344.5 345.4 346.2 361.3 389.2 399.8 402.7 403 402.2 401.7 399.5 397.2 395.1 391.6 388.2 383.4 378.4 370.8 364.1 350.9 339.4 332.1 333.7 335.4 337.6 341.7 345.7 344.9 336.6 325.7 311 299.1 285.2 270.6 256.7 244.5 228.3 218.3 212 211.7 218.9 231.1 246.9 265 279.5 280.2 277.8 272.8 267.8 265.7 257 253.4 247 237.7
332.2 313.9 297.6 285.4 275.2 271.6 284.3 292.6 293.9 292.6 291.2 287.2 284.1 287.7 291.8 292.1 300.2 306.6 306.2 313.7 318.4 322.1 332.9 331.8 338.1 345.2 347.8 355.5 376.1 393.1 397 398 397.3 396.5 394.2 391.8 389.3 385.1 381.7 375.2 366.8 354.2 340.3 324.1 306.8 300 299 299.8 301.6 306.3 313.8 322.3 322 313.9 303 294.7 285.3 272.5 258.4 245.9 236.6 232.2 216 208.5 210.8 218.9 233.3 254.2 267.9 271.6 271 266.8 265.3 263.1 255.1 252.6 247.9 239.5
337.4 319.2 297.1 276 263 260.1 262 282.2 286.5 278.9 272.5 272.1 275.9 279.8 287 293.3 295.8 292.8 295.1 310.6 308.7 322.8 322.1 325 332.3 338.1 346.4 351.2 375.8 388.8 390.8 391.5 391.7 391.4 388.7 386.6 384.6 379.5 375.3 367.8 352.7 338.7 326.1 304.4 289.7 271.1 267.6 266.6 266.8 269 274.3 279.2 285.2 291 294.1 291.6 283.4 270 257.7 245.5 235.5 229.4 221.9 210.8 204.8 211 218 238.5 255.6 262.2 263.2 263.4 261.5 256.3 249.4 249.1 247.2 240.9
344.2 331.6 315.3 296.8 275.4 257.1 253.9 257.8 263.7 266.4 267.3 267.7 273.1 282 289.8 279 274 287.7 294.7 297.2 304.4 311.4 313.7 320.8 326.8 333.9 339.6 348.5 377.2 384.9 386.2 386.9 386.8 385.9 384.9 382.3 379.8 374.8 371.2 365 358.3 344.8 326.6 309.2 292.3 275.1 257.9 247.8 244.9 245.2 245.2 249 255 262.2 276.2 283.7 280.4 268.8 258.3 246.5 235.9 227.8 221.4 214.5 204.4 199.9 204.7 215.4 242.6 253.5 257.3 256.3 252 249.6 246.4 246.1 246.4 246.7
350.1 341.2 329.3 312.8 293 267.3 251.2 253.8 260.9 262.2 264.4 274 280.9 282.7 278.7 260.7 276.3 283.4 287.9 294.6 301.4 303.8 308.2 316.4 320.6 328.2 333.4 344.8 372.4 380.6 382.7 383.5 383.5 382.3 381.1 379.3 376.8 373.2 369.7 366.3 361.9 356.9 344.2 325 305.1 283.3 265 246.3 238.1 234.7 233.2 235 238.4 242.4 252.8 266.9 273.8 267 257.6 246.6 236.3 228.1 219.4 213.4 209.1 206.1 205.9 200.1 219.7 234.3 242.1 244.5 242 241.7 242.5 241.3 247.3 256.9
352.9 345.7 337.8 324.7 307 281.5 258.3 249.3 250.5 255.9 272 276.1 278.3 270.2 256.7 246.7 256.1 274.1 286.4 290.8 294.1 294.6 305.3 311.7 317.7 323.1 330 341.8 364.2 372.9 375.9 377.7 378.8 378.6 377.7 376.4 374.4 371.6 368.6 365.1 360.5 355.3 348.3 338 313.9 294 276.8 259 245.4 234.7 228.6 226.4 227.7 231.3 234.9 245.7 257.9 258.8 251.7 243.9 234.3 226.4 217.9 212 207.3 205.9 203.8 191.4 202.7 213.7 222.5 227.5 231.2 234.4 235.6 241.9 256.2 270.8
355.1 348.8 341.5 333.1 316.7 294.8 271.1 248.2 241.9 248 264.7 257.6 252.2 247.1 239.4 237.5 241.5 263.8 276.4 280.7 280.8 283.4 299.7 308 312.7 318.7 326 334.6 352.1 360.3 364.3 367.8 370.6 372.7 373.2 371.7 370.3 367.6 366.1 364.4 360 355.6 349.7 339.8 315.4 299.9 285.7 269.8 255.1 242.6 233.3 226.2 221.7 224.1 226.9 229.4 234 239.9 242.7 239 230.6 222.7 215.3 209.4 204.7 200.5 197.2 188.9 194 203.1 208.9 214.5 220 227.2 232.7 244.4 261.6 277.6
357.8 352.8 346.5 337.8 325.4 306.2 285.2 264.6 245.8 235.5 229.1 229.8 230.7 230 228.4 225.2 225.6 246.8 255.8 258.8 256.7 264.9 282.4 299.3 306 312.4 319.6 327.1 333.7 340.9 347.6 353.7 357 360.9 363.2 363.9 364.9 364.6 363.4 359 353.9 350.8 345.7 330.1 310.5 300.4 289.8 274.9 254.9 244 235 228.4 217.6 218.2 219.1 222.4 224.8 225 225.5 225.5 221.9 217.1 211.9 206.9 202.2 198.8 193.2 187.4 186.2 193.3 197.4 202.1 207.9 215.5 226.3 235.8 253.5 262.5
358.7 356.4 349.6 340.7 330.3 315.9 297.1 279.4 264.2 249.1 238.4 229.5 222.9 219.2 217.9 216.5 216.2 223.6 231.7 230.9 228.7 237.9 252.5 268.7 283.6 298.1 310.8 317.1 319.2 323 323.6 325.9 331.2 337.2 342.7 347.7 350 349.9 351.7 350.3 347.7 343.9 334.5 316.9 304 295.8 285.5 273.2 255.4 244.2 236.1 230 224.3 220 212.9 217.7 220 219.1 218.7 217.8 215.8 212.1 208.8 204.2 200.7 197 194.4 189.5 182.8 181.9 186.1 190.7 195.5 201.2 212.7 226.8 240.4 247.5
356.9 354.2 347.7 339.4 332.8 321.7 307.1 295.1 278.4 260.9 252.4 243.8 233.2 224.2 216.7 209.1 209.6 211.5 216.3 216.7 218.3 221.9 228 236.2 251.6 267.9 293 304 306.9 307.8 308.5 309.4 310.8 313.2 315.8 318.5 321.7 324.9 328.2 332 329.7 321.9 311.1 303.5 296.6 287.8 279 269.6 256.3 245.6 237.3 233.5 229.1 224.6 216.6 208.8 215.7 213.3 211.2 210.3 209.3 207.1 204.6 201.4 198.3 194.7 191.8 188.1 184 178.3 174.3 180.6 184.5 188.6 199 212.9 225.8 232.1
361.2 352.4 344.7 339 333 322.6 310.8 298.8 289.7 278.6 270.9 263.7 253.8 240.7 228.2 217.2 208.4 203 205.3 208.9 207.4 210.8 214.6 220.9 229.4 242.7 258.8 284.1 294 298.1 299.7 300.1 301.6 302.1 302.4 301.8 302 303.2 305.1 304.9 302.6 301.3 299.2 294.2 286.8 278.8 271 262 250.6 240.8 235.3 230.9 227.4 221.1 214.6 200.5 208.2 207.2 204.4 203.8 203 200.8 198.8 196.5 194.1 191.5 188.4 185.4 181.4 177.7 171.3 170.9 174.3 177.4 185.4 196.5 207.6 215.9
347.7 344.3 342 338.3 332.8 322.6 312.5 303.4 294.2 284.7 277.8 273.2 267.6 259.6 248.1 233.8 220.9 212.3 206.6 199.1 198.9 199.6 201.7 208.2 210.7 222.2 239.1 254.8 273.4 280.9 283.8 286.9 286.7 285.9 285.6 283.8 284.3 286.1 289.4 291.6 292.9 289.8 286.5 282.9 278.4 271 261.7 252.4 241.9 232.9 225.7 222.4 218.3 213.8 208.6 199.6 198.2 199.5 197 196.3 195.8 194.1 191.1 190.7 188.8 186.7 184.1 182.1 179.1 175.6 170.9 164.6 165.8 168.5 172.6 182.9 194.5 203.1
335.7 336.2 334.3 331.3 326.8 317.5 306.8 299.7 289.7 280.8 273.1 269.8 266.2 261.5 256.2 248.1 237.3 223.3 213.4 207.4 200.4 193 195.5 198.2 200.1 207 219.1 231.2 248.7 264.1 270.5 273.6 276.6 278 277.8 276.6 276.3 277.5 279.2 280.8 281.6 281.4 278.4 274.8 269 260.6 251.2 242 232.5 223.3 216.8 212.2 208.5 205.1 201.6 197.9 188.4 191.5 189.9 188.8 188.1 186.7 185.5 184.3 182.6 180.9 178.9 176.8 174.4 171.7 168.3 163.7 157.4 162.8 164.9 171.8 182.3 190.8
323.9 324.1 323.8 319.1 311.7 301.2 293.2 283.4 275.5 269.2 264.3 262.8 255.7 248.5 245.1 239.7 232.3 224.5 218.7 211.8 205.7 199.4 189.4 187.7 194.4 199.2 206.1 216.6 227.2 241.5 254.9 262.3 265.2 266.4 268.2 265.6 266.9 267.6 268.2 269.1 270.6 270.9 268.9 262.3 254.8 248.1 240.8 233 223.7 215.9 209.2 204.3 200.9 198.1 195.6 193.1 187.7 180.7 181.9 180.7 179.7 177.9 178.5 177.9 176 174.7 172.2 170 167.6 164.8 161.9 160 154.9 157.2 158.1 162.9 171.7 178.6
311.8 312.6 310.1 305.2 296.3 289 280.9 273.5 264 253.7 244.6 238.7 235 230.6 227.3 223.8 218.7 215.4 211.8 206.7 201.8 198.2 192.7 185.2 186.6 193.7 199.4 205.6 211.9 220.5 229.7 241.1 251 251.8 252 252 252.8 253.3 251.5 252.3 254.4 258.6 253.8 249.5 244.2 239.2 233.9 225.8 217.8 210.7 204.6 199.8 195.6 191.7 189.3 186.9 184.1 176 173.9 173.9 173.3 170.9 170.3 169.5 167.4 166.2 165.3 163 160.7 157.8 155.7 154.1 151.3 148.8 147.3 152.9 159.5 166.4
297.6 294.8 291.5 287 281.4 276.1 264.7 254.2 244.2 235.5 227.7 222.1 218.3 215.1 212.7 209.9 206.6 204.2 202.9 199.8 197.5 194.2 191.6 184.6 187.4 192 195 196.6 199.6 204.8 211 216.7 222.7 226 226.4 227.8 229.8 232 234.3 237.5 241 242.7 244.5 240 236.4 233.2 228.4 221.5 213.9 206.4 200.8 194.7 189.1 186.5 183.4 180.1 178.5 175 170.4 165.6 166.4 166.3 163.3 160.4 159 159 158.3 157.8 153.6 153.2 152.3 150.2 148.1 145.3 147.1 150.1 151.5 157.7
277 273.5 265.7 258.3 252 245.9 238.4 231.6 223.3 217.1 211.9 207.8 203.8 202.4 200.2 199.1 198.1 196.3 193.9 191.7 190.2 190.1 188.5 183.4 180.9 191.5 192.5 192.4 191.9 192.7 195.1 197.7 199.2 200 201.6 206.2 212.4 216.8 222.2 229 236.2 241.1 237.2 234.6 231.2 227.1 220.2 214.2 206.1 198.6 191.7 187.2 182.8 179.3 176.8 174.8 172.9 170.4 167 162.6 161.1 159.7 157.4 155.7 154.3 153.7 152.7 151.9 144.9 144.9 146.9 146.6 151.2 153.5 151.2 147.9 144.8 148.8
238.7 234.6 229.8 226.5 226 219.4 214.5 208.3 204.8 201.4 198.8 196.3 194.4 193.1 191.9 190.9 190.2 189.3 188.3 187.7 188.2 188 186.7 181 178.7 187.4 189 189.7 189 188.6 188.5 189.3 188.7 188.9 187.2 185.8 187.3 189.7 191.8 196.5 203.5 213.2 216.7 218.9 217.2 212.9 207.3 200.3 194.5 189.4 183.4 179.9 176.3 172.6 170.7 168.8 166.9 164.4 162.1 160.1 154.7 153.7 151.5 148.9 148.1 148.2 146.6 146.3 145.6 150.8 151.9 153.7 160.6 159.4 156.5 153.2 149.8 143
214.8 211.6 209.1 206.8 204 201.8 198.5 196 192.5 190.8 189.3 187.5 187 186.4 185.9 185.7 186.3 188 188.2 186.4 185.9 185.5 185.1 179 176 184.5 184.9 185.6 185.9 184.6 185.5 185.5 183.7 181.7 176.8 173.7 172.6 170.7 170.4 170.8 174.5 179.4 185.8 192.3 195.9 194.5 190.7 187.7 183.6 179.2 175.1 172 169.3 166 163.8 162.9 160.8 158.2 155.2 152.3 148.9 149.4 148.5 147.8 147.8 146.7 146.6 146.3 146.4 153.8 156.1 164.5 166.6 163.8 161.3 159 155.7 143.9
190.5 192.9 193.6 192.8 190.7 189.9 188.7 187.6 184.9 183.9 182.8 182.5 184.3 184 183.7 184.2 185.2 186 186.1 185.3 184.1 184 183.2 176.2 175 182.5 182.2 181.8 181.3 181 180.9 180.5 180 178.6 173.3 168.2 161.2 156.6 155.1 154.7 154.6 154.4 154.8 161 168.1 175.4 173.4 172.1 170.1 167.6 165.9 164.5 162.9 161 157.8 157.9 154.2 152.4 149.5 148.8 148.8 147.7 147.4 148 147.6 147.1 147.1 147.2 146.4 157.9 163.6 168 167.5 165 162.5 161.2 160.2 150.9
181.4 183.6 183.1 183.5 184 183.1 182.7 181.1 180.5 179.3 179.7 181.2 183.8 185.1 184.9 185.4 185.2 185.4 186 185.5 184.3 182.4 181.1 174.1 175.7 180.7 180.4 179.1 178.8 178.4 177.6 175.8 175.2 173.2 168.8 158.1 154.4 154.1 154 153.5 153.5 152.6 152.2 152 153.5 153.8 156.6 160.9 161.9 161.2 160.4 159.2 153.9 151.4 153.3 149.8 149.6 149.5 148.4 148.5 147.9 148.9 147.6 147.1 146.8 147.2 156 162.6 163.4 163.8 167.3 168.9 167.8 164.9 162.4 161.4 160.6 159.9
175.4 176.6 177.7 178.4 179.1 179.2 178.6 177.7 177 176.6 176.6 178.9 181 183.1 185.4 187 186.7 186.2 185.6 185.1 183.9 182.1 178.2 173.1 167.3 178.5 178.8 175.7 175.5 176.4 174.7 171.9 171.5 164.6 155.8 154.5 154 152.8 152.8 152.5 152.3 153.8 153.3 153 151.2 151.7 151.4 152.4 152.1 150.4 149.2 150.2 150.1 149.5 150.1 149.9 149.6 148.3 149 148.9 149 155.3 162.9 153.2 152.4 161.1 162.6 163 163 163.4 163.7 162.9 162.5 161.9 161.2 160.8 160.1 159.5
171.2 174.3 176.9 177.8 178 177.9 177.2 176.7 176.5 175.3 176.1 177.4 179 181.7 184.6 187.5 187.2 185.9 185.6 185.6 184.5 181.6 178.2 172.4 162 172.9 177.4 174.2 168.2 168.3 163.7 160.8 155.9 154.7 154.3 152.4 152.8 152.6 158.1 169.8 173.7 174.5 172.3 171.5 160.4 151.4 151.3 150.7 151.2 150 150.2 150.7 150.9 150.7 150.1 149.5 149.2 149.1 148.8 148.8 151.4 155.5 157.7 157.6 158.1 155.9 154.8 158.7 161.3 161.5 161.2 161.2 159 159.5 159.4 159.2 158.3 158.2
