public/OST50/SO37.asc
ncols 200
nrows 200
xllcorner 330000
yllcorner 270000
cellsize 50
[rows 70 to 104 of 200, columns 0 to 77 of 200]
239.1 238.9 234 235.2 235.9 241.4 246.4 249.9 254.2 257.3 262.5 260 253.6 247.6 238.9 232.3 225.2 216.7 209.2 203.5 202 201.1 200.6 200.9 202.3 200.8 199.2 197.5 196.4 196.2 196.1 195.8 199.1 204.1 211.1 218.2 225.9 233 240.2 245.1 248.9 251.2 252.4 253.8 255.6 257.2 258.7 259.6 259.9 260.2 264 269.8 275.1 280.7 287.7 292.2 293.4 292.9 291.3 288.3 284.3 280.7 275.6 267.7 257.8 247.1 227.6 215.9 208.7 201.2 210.1 227.3 239.8 254.3 273.5 288.2 296.8 302.4
251.2 248 242.8 241.9 242 247.9 255.3 262.6 266.7 271 274.1 272.2 269.2 264.7 259.3 252.4 244.3 230.2 221.5 216.4 212.3 210.3 208.5 206.9 204.5 202.2 200.3 199 198.4 197 195.1 194.5 194.1 195.4 200 206.7 213 220.2 227.8 233.2 236.9 239.3 243 246 248.4 250.6 252.5 254.3 254.8 256.5 261.3 266 269.9 273.9 280.5 287.3 290.7 291.8 292 290.5 287.2 282 274 265.1 254.3 239.8 224.3 214.5 206.8 199.1 206.7 216.4 230.6 248.4 266.7 282.9 297.5 304.1
261.6 253.1 251.7 252.2 254 255.1 266.5 273.7 276.6 280.8 282.6 283.1 280.8 277.2 270.9 268.5 261.1 251.3 243.9 235.4 225 220.2 216 211.9 207.9 204.3 201.5 199.9 198.9 197.7 198.4 194.5 193.9 193.4 193.5 196.2 203.6 210.1 216.9 222.6 227.6 231.9 236.2 239.3 242.4 245 247.7 249.2 250.9 254.4 257.6 261.3 264.9 268.7 273.5 280.4 286.6 291.2 293.4 291.8 288.2 282.2 274.3 265.9 256 244.7 228.7 215.1 208.1 199.9 201.8 209 218.4 237.6 256.9 273.5 291.4 302.1
269.2 257.2 260.4 261.8 263.8 267 274 284.3 288.2 289.8 290.8 292.1 290.9 290 286.7 281.2 276.4 269.4 262.8 253 239.7 230.9 224.1 219 212.7 207.7 203.8 201.5 199.8 198.5 197.2 196.2 195.6 192.3 192.2 191.7 195.9 201.6 207.8 213.9 220 224.9 229.5 232.9 237.4 240.3 242.6 245.8 248.5 252.3 254.8 257.4 259.9 263.6 267.7 273.5 278.4 283.8 285.2 284.5 282 278.4 272.9 266 258.3 251.9 241.3 226.3 216 201.6 196 199.6 206.4 222.5 240.7 261 281.7 297.6
275.7 265.1 270.7 275.3 276.6 280.1 282.2 289.9 295.3 297.6 298.8 300.2 301 300.2 299.1 296.1 292.2 287.8 280 269.3 258.2 245 237 229.2 220.6 213.3 208 204.4 202.4 200.6 198.8 197.1 195.6 194.8 192.7 191.6 191.2 193.8 198.4 203.8 208.8 214.6 219.6 225 229.4 232.4 236.1 237.7 242.8 247.3 250.7 253.9 255.2 258.7 261.9 266.3 269.6 272.8 274.6 276 274.3 272.2 269.5 266.1 260.9 256.6 249.9 241 231.4 213 199.9 193.6 198 213.3 232.4 254.1 275.1 293
284.2 278 283.1 286.6 289.3 290.4 290.9 294.1 301.3 304.3 307.7 309.7 311.2 312.2 313.1 311.3 309.6 304 297.1 287.7 276.2 265.4 255.4 246.7 236.3 224.4 214.8 209.3 207.8 204.9 202.9 200.3 198.5 195.6 193.9 192.3 191.8 191.3 192.6 196.1 200.6 204.4 207.6 212.2 216.2 219.6 223.5 226.6 232.5 236.9 240.9 244.5 246.8 250.1 251.8 253.7 256.9 260.8 263.9 265.8 265.8 265.2 264.7 262.9 259.4 256.7 253.4 248.4 242 226.2 206.2 196.6 192 206.7 227.7 250.8 272.7 287.8
290.1 291.2 294.9 297 297.2 298.6 299.9 303.1 308 312 316.4 318.5 320.5 322.2 322.5 322.8 322.3 319.2 314.7 306.6 296.5 286.1 275.2 265.7 253.9 242.1 230 219.5 214 209.7 206.8 203.6 200.9 198.8 197.7 195.2 192.8 190.6 190.3 190.7 192 194.6 197.8 201.4 205.1 206.8 209.8 215.9 220.1 224 227.4 231.4 233.9 236.5 238.7 239.2 242.5 246 250 252.3 253.8 254.9 256.2 256.3 255.5 252.2 249.7 246.9 242.9 234.6 210.8 197.9 190.3 200.7 224.3 250.5 271.8 282.1
300.2 301.1 303.3 305 306 306.7 308.9 311.3 315.3 319.7 323.8 326.2 328.3 330.5 331.4 332 332.3 330.9 329 323.2 314.3 304.8 295.9 288 276.1 263 249.6 235.7 226 218.4 212.2 208.3 206.4 204.7 201.7 198.7 196 193.8 189.9 189.3 189.4 189.6 190.6 193 195.7 197.7 200.1 204.9 208.8 211.9 214.3 216.9 219.2 221.5 223.8 226.1 228.1 231.2 233.8 236.6 239.5 241.6 243.9 245.8 245.7 242.6 240.6 238.7 235.3 230.8 209.6 197.1 188.8 197.4 221.3 249 269.5 278.2
306.6 308.1 310.1 312.2 313.9 314.9 315.6 319 323.5 327.9 331.2 333.9 336 338.3 340.4 341.1 341.8 341.5 340.8 336.9 331.1 322.8 314.9 306.1 298 284.3 270 255.6 242.2 229.6 219.7 216.6 214.6 212.9 209.8 206.3 201.4 196.5 194.1 190.9 189.7 188.7 188.2 187.3 188.7 189.9 193.2 195.8 198.8 201.8 203.3 206.7 208.1 210.1 210.6 212 213.6 216.2 218.6 221.6 223.4 225.6 228.7 231.5 232.5 232.6 230.8 229 226.7 222 203.9 192.8 187.9 196.1 221 246.3 267.5 273.6
312.4 313.2 315.7 317.4 319 319.7 322.1 327 331.7 335.4 338.6 341.7 343.8 346.5 349.3 350.3 351.9 352.2 351.3 349.2 346.4 338.6 331.4 324 316.2 303.9 289.3 273.2 257.6 241.7 231.5 227 224.4 221.9 218.4 214.9 209.7 203.6 198 194.3 192.7 190.4 188.7 187.2 186.7 185.8 186.2 185.6 188.8 191.7 195.5 197.7 198.9 200.1 200.8 201.3 201.7 202.2 203.1 204.8 206.3 207.3 209.7 213.4 216.7 219.7 220.7 219.4 218.4 213.2 200 189.6 185.6 196.3 222.3 245.8 261 264.3
319.5 319.3 319.8 321.2 323 325.3 329.7 334.6 339.6 342.7 346 349.3 352.1 355 357.9 359.5 360.7 362.5 362.2 361.3 358.4 351.9 344.9 340.1 333.9 324.3 307.6 290.4 274 256.4 246.4 240.3 238.5 234.8 230 225.6 219.1 211.5 204.5 197.9 196.5 193.8 190.8 188.9 186.8 185.9 185.8 184.5 184.6 184.5 185.5 187.7 190.2 191.8 193 194 193.2 193.1 192.4 191.2 190.6 191.7 194.5 196.2 199.8 203.5 206.8 207.4 208.2 208.7 198.4 189 183.6 197.9 224.5 242.3 250.9 245.5
325.1 324.2 325.4 326.6 328.7 331.3 336.8 342.2 346.5 349.8 353.3 356.9 360.4 363.5 366.5 368.6 369.4 371.3 372.6 371.6 369.7 366.1 361 351.9 344.8 338.6 324.3 308.2 291.8 276.1 261.5 253.4 249.2 246.5 239.2 233.3 227.2 220 212.9 206.7 203.3 200.9 199.2 195.3 190.5 187.4 185.9 185.2 184.1 183.9 183.4 182.8 182.7 183.5 185.9 187.3 186.4 185.3 184.3 183.2 182.4 180.3 180.7 183.3 187.2 189.7 193.1 197.3 199 202 197.4 187.9 181.9 197.7 220.8 235.7 236.7 228.8
329.6 330.1 331 332.5 334.7 338.1 343.7 349.4 353.4 357.5 361.1 364.8 368.4 371.7 374.7 376.6 378.1 380.1 382.1 382.4 381.3 380 377.1 369.6 355.9 346.5 333.1 314.9 296.3 280.7 268.2 258.9 254.2 245.9 238.1 233.9 229.8 222.8 215.4 209.4 205.4 204.6 202.3 196.5 191 190.4 190.3 190 186.8 184.5 183.6 183.6 182.7 181.5 181.3 181.2 180.6 179.7 179.9 179.7 178.9 178.3 178.2 177.6 177.9 179.7 182.3 186.3 190.9 195 193.4 187 180.4 194.1 217.4 229.9 228.5 221.3
335.3 336.1 336.9 338.3 341.8 346.4 351.1 356.7 360.8 364.9 368.8 372.6 376.3 379.5 381.8 383.3 385.4 388.1 392.7 390.8 390.7 389.3 383.6 374.6 358.5 341.8 322.6 305.9 290.3 274.6 263.1 252.4 245.2 240.7 235.1 229.8 226 221.7 215.3 208 204.5 198.4 193.9 195.2 196.1 197.7 196.7 195.8 194.4 191.9 188.9 188.3 186.8 182.8 180.8 180.2 180.2 179 178.3 178.5 177.7 177.6 176.8 175.8 175.7 175.7 175.9 178.1 182.1 186.6 188 184.7 179.3 189.3 210.7 219.9 221.2 214.9
341.7 342.2 343.5 346.1 350 354.5 359.1 363.8 368 372.2 375.8 379.1 382.4 385.4 388 389.3 391.9 396.1 396.5 396.3 395.6 389.5 376.8 360.9 344.6 326.8 309.1 293.6 278.3 264.5 254.3 244.3 236.7 232.3 227.8 223.6 216.4 211.1 205.5 200.2 196.8 199.6 201.7 202.7 204.5 206 206.3 205.4 203.2 199.7 196.4 193.2 192.2 190.3 189.2 187.4 185.3 180.1 180.3 178.9 180.6 179.9 178.5 176.8 175.3 174.8 175.5 175.1 175.4 177.3 179.7 179.9 177.2 188.5 205 209.9 211.5 208.1
347.5 349.1 350.9 354.6 358.7 362.4 366.6 370.7 374.1 377.1 380.4 384 387.3 390 392.4 393.9 395.5 396.6 397.6 392.7 385 374.1 359.8 344.4 327.8 310 293.5 277.1 264.3 253.4 245.4 235.9 228.6 223.5 218.4 211.7 205.5 201 202.8 206.1 206.8 208.5 210.2 212.8 214.6 216.1 213.9 213.5 212.2 209.4 205.8 202.4 201.6 198.8 198.6 197.8 197.7 198.2 198.1 195.2 192.1 189.1 186.4 183.8 180.5 177.2 174.8 174.1 173.7 173.7 174.5 175.5 177.1 187.9 196.4 201.7 200.6 198.3
353.4 355 357.6 361 364.5 368.5 371.6 374.7 378.3 381.4 384.2 387.2 390 392.4 392.9 393.9 393.1 391.8 388 380.5 369.9 356.8 342.1 324 306.8 290.5 275.2 262.5 250.3 241.9 234.9 226.3 219.8 214.4 208.8 205.5 208.6 211.6 214.6 217.5 219.4 221.5 222.9 224.4 225.5 226.8 224.5 223.6 222.3 219.6 218.4 216.7 214.4 212.6 212.2 212 212 212.1 211.1 207.6 203.8 200.4 195.4 191.2 188.1 185 181.4 178.2 172.8 172.5 173.3 173.6 176.5 183.4 188.7 193 192.5 190.2
348.2 352.8 358.9 362.5 366.9 370.7 374.1 376.7 379.7 382.6 384.8 386.6 388.1 389.8 389.7 389.1 386.5 381.2 373.4 363 351 337 321.8 303.2 287.1 271 257.5 246.3 238.6 230.6 223.2 217.5 211.9 207.7 211.6 215.9 219.8 222.4 224.7 228 229.9 232.4 234.9 235.6 236.7 238 236.6 236 234.4 233 232.4 231.7 229.7 228.4 228.1 227.1 226.3 226.2 225.3 222.1 218 213.4 206.6 201.4 195.7 191.4 189.4 183.8 179.8 173.2 172.5 172.6 175.2 175.8 180.2 183.6 183.7 185.1
338.6 344.6 351.3 359.5 365.5 369.7 374.2 376.6 377.9 379.7 381.7 382.1 383 383.1 382.6 379.8 373.9 365.7 355.8 343.6 329.8 313.7 296.3 280.1 265.2 250.7 240.7 234 225.1 220.4 214.7 210.3 213.9 216.1 220.4 225.7 230.9 234.4 234.9 237.9 239.8 242.4 244.9 246.5 247.9 249.5 249 248 247.9 246.9 246.5 246 245.3 245.7 244.7 243.1 241.7 242 240.7 237.8 236.4 230.7 222.1 212 205.6 200.7 195.6 191 184.8 177.2 172.8 171.8 172.2 172.8 172.5 175.1 178.1 180.2
336.1 341.7 347.6 355 362.2 367.5 370.7 372.8 373.4 374.7 374.6 374.8 373.9 371.3 367.4 362.6 355.8 346 333.9 319.7 303.3 286.4 269.4 254.9 242.3 234.6 227 222.2 216.9 213.9 216.5 218.3 221.5 225.5 231.2 234.9 238.5 242.1 244.2 247.7 251.2 253 256.1 257.6 258.2 260.1 260.2 259.7 260.2 260.6 260.4 260.1 260.5 260.3 260.4 257.8 254.1 254.9 253.8 251.5 246.5 240.3 232.7 224.1 216.3 211 205.8 199.1 191.7 183.4 173.8 171.2 171.7 171.7 171.6 171.8 174.1 175.6
339.2 342.4 347.4 352.1 357.1 361.4 365.9 368.3 368.7 368.1 365.9 362.7 358.6 354.7 349.2 340.6 332.1 320.8 308.2 292 275.8 260.1 247.3 237.8 230.6 225.8 221.5 217.5 220.1 223 224.7 226.3 230.7 237 241.8 245.8 249.4 250.7 255.9 258.6 263.1 265.4 267.9 269.4 269.4 271.4 271.8 272.6 273 272.4 273.5 274.2 273.4 272.5 272.3 270.5 267.7 267.8 265 261.1 256.5 251.9 244.7 236.6 230.5 223.7 216.8 210.3 202.8 192.5 180.6 171.2 170.9 170.4 170.6 170.9 170.5 170.1
345.4 346.9 349.3 353.9 358.4 362.9 366.1 366.1 364.3 359.8 355 349.6 342.7 334.4 323.6 314 304 292.8 279.2 264.1 251.6 242.4 235.3 230 225.4 221.3 223.1 225.7 227.3 230.6 234 237.9 244.6 251.3 255.6 259 262.1 266.8 269.7 271.9 273.2 275.6 277.9 280.7 282.1 284.3 285.1 286.4 286.9 286.1 285.8 286.9 286.3 285.6 284.3 282.3 281.3 279.5 275.4 270.9 267.9 265.3 261 253.9 246.4 240.5 231 224.8 217.1 204.5 190.6 175.6 170.1 169.7 169.7 169.8 169.4 169.1
350.3 351.8 355.1 359.9 362.1 365.4 365.7 363.4 359 353.8 344.9 332.3 317.8 304.8 293.3 285.9 275.9 264.7 253.3 246.3 239.1 234.5 229.6 226.5 227.6 229.4 230.9 234 237.1 240.6 247.4 252.3 255.2 263.9 269.3 274 277.3 279.3 281.3 283.7 284 289 290.8 293.6 295.3 296.8 297.8 299.1 300.5 300.7 299.3 298.7 298 297.2 295.5 293.3 291.5 288.9 285.2 280.6 278 276.6 274.2 269.7 263.1 256.1 246.7 237.7 226.8 212.7 199.9 187.2 171.1 170.5 169.3 168.7 168.2 168.2
352.2 355.8 358.8 360.3 361.2 361.5 360.2 357.6 354.3 348.8 341.3 328.3 302.1 279.7 269.9 262.6 254.4 247.3 241.7 237.5 235.8 234.2 234 234.3 235.8 238.9 242.7 245.8 249.8 254.7 259.7 264.5 267.4 273.5 279.2 283.5 286.5 289.5 293 295.7 294.4 300.2 303.3 305.5 306.8 308.1 308.9 309.8 310.7 310.7 309.8 308.7 307.3 305.9 303.7 301.8 300.3 297.1 294 290.4 288.3 286.9 284.8 280.4 274.6 266.9 259.1 249.5 237.3 222.6 210 199.8 187.5 173.5 171.3 169.1 168.2 167.6
352.1 355.3 355.9 355.8 355.3 353.7 352.7 351.3 348.8 344.6 338.3 327.4 295.9 269.9 258.1 251.7 247.9 247.3 245.2 244.4 243.9 244.3 245.2 246.8 249.1 253.4 257.4 261 264.9 269.1 272.9 276.6 279.9 283.1 289.4 293.6 297.2 300.6 304.3 307.4 308.9 311.7 314.6 317.1 317.9 319.1 319.8 320.2 319.7 318.9 318.1 316.8 315.6 314 311.7 309.8 307.8 305.7 302.7 301.5 300.4 299.3 296.6 294.5 291.9 285.1 274.1 261.2 248.9 236.5 223.1 212.3 204.4 196 182 172.1 169.1 167.7
347.4 347.1 346.5 346.9 346.7 344.9 343.5 343.1 342.1 338.2 331.4 320.4 286.1 275.1 270.6 265.5 261.9 258.5 255.2 253.6 254.4 257.7 260.1 262.4 265.7 269.4 273 276.6 280.1 284.1 289.1 293.2 297.4 299.9 302.5 306 309.3 313.2 317.5 320.9 321.9 324.3 326.6 327.6 327.9 328.8 328.8 328.7 327.7 327.2 326.4 325.2 323.8 321.9 319.7 318 315.8 314.6 313.5 313.8 313.2 311.9 307.5 305.7 303.1 298.8 294.8 283.8 264.7 252.5 239.1 228.3 218.6 211.4 207.3 194.8 178.7 173.3
339.9 338.1 336.4 337.3 336.8 335.9 333.8 333.4 331.4 328 323.2 311.3 281.9 286.7 285.1 283.3 277.4 271.8 269.4 269.4 272.7 275.4 277.2 279.3 282.1 285.5 290.5 295.3 300 304.7 309.5 314.2 316.8 319 321.7 324.9 327.3 332.1 335.3 337.2 338.4 338.7 339.3 339.3 339.5 339.4 338.7 338.3 337.7 337.1 335.8 334.9 333.8 332.5 330.5 329.2 327.5 327.4 329 331.3 331.3 328.9 324.1 318.9 315.5 311.2 305.7 299.8 289.4 273.2 259.5 247 236.4 227.5 219.8 212.2 203.6 196.3
337.2 332.9 331.4 326.5 326.2 324.8 323.3 321.9 319.5 314.7 309.1 296.3 282.6 296.4 298.6 299 294.2 290.2 288.7 289.5 291.4 293.5 295.7 297.9 301.8 306.2 311.1 315.9 320.7 325.4 330.2 334.1 336.6 339 343.8 348.1 350.8 352.6 353.8 354.5 353.8 351.3 351 350.8 350.9 350.4 349.5 349 348.7 347.7 347.6 346.6 345.4 343.8 341.7 341.9 341.2 343.2 345.7 347.8 347.9 345.1 339.9 336.8 332.9 328 320.5 310.7 303.4 294 279.8 267.1 254.5 243 234.4 223.5 208.9 199.9
342 340.9 339.2 335 328.7 317.5 309.3 307.6 304.1 298.2 290.6 289.7 298.1 308.2 312.3 311.1 309.7 307.7 306.7 307.9 310.8 313.9 316.1 318.5 322.7 326.9 331.7 336.5 341.4 346.1 350.7 355.7 358.7 361.5 365.6 367.5 368.3 368.8 368.9 366.8 362.3 364 363.2 362.3 361.8 361.3 360.7 361 362.5 363.5 362.9 359.9 357 354.9 355.1 356 356.1 356.7 357.2 357.7 356.3 354.8 351.3 349.2 348.2 344.6 336.8 325 314.6 305.7 296.5 284.5 270.7 254.4 243.1 232.1 210.6 197.2
349.5 347.8 343.9 340.8 335.3 324.4 311.7 314.5 313.2 310.2 308.9 312.9 316.7 322.6 324 323.2 324.6 324.1 324.2 326 329.3 332.8 336.1 339.2 343 346.6 351.6 356.4 361.2 366.3 372.5 377.8 380 380.8 381 381.1 380.8 379.7 378.7 377 371.9 373.4 373 372.1 370.1 371 371.5 372.8 372.9 373 371.4 369.1 367.7 367.5 368.6 369.9 370.3 370 369.2 368.5 367.1 365.6 362.7 359.1 355.8 352.3 346.8 337.7 326.2 315.7 304.5 292.1 280.9 261.4 242.7 227.7 204.6 195.5
355.8 354 349.5 340.9 332.1 331.8 331.3 331.4 331.1 329.8 332.2 335.3 337.9 337.5 337.9 338.1 339.3 339.4 341.2 344 347.2 350.5 353.2 356.7 361 365.4 370.5 375.4 379.8 384 387.9 390.1 392.2 392.3 391.8 391 390.8 389.8 388 386.1 383.8 383.2 382.4 380.9 379.4 377.7 377.2 377.2 378.2 379.3 378.9 377.3 378.1 378.3 379.8 380 379.5 379.3 379.1 378.3 376.7 375.3 371.9 368.5 363.4 359.5 352.3 343.8 333.8 320.1 309.9 295.5 280.2 263.3 243.2 215.4 200.1 192
363.3 361.4 356.8 350.2 348.8 348.1 347.9 348.2 348.4 348.9 350.6 353.5 355 352.1 352.5 352.7 353.4 353.3 353.5 356.3 359.4 362.5 365.4 370.3 377.2 382.4 385.8 388.9 392.1 397 400 400.4 401.1 400.8 400.8 400.8 399.8 398.4 396.1 394.4 392.2 390.8 388.5 385.6 382 379.7 378.6 377.4 376.8 378.8 381.9 385.8 387.3 385.8 386.5 386.3 386.1 385.3 384.8 384.2 381.3 378.7 376.3 373.8 368.9 362.4 353 343.9 335.2 323.2 310.3 296.7 280.6 263.6 242.2 216.8 196.7 186.6
371.8 370 366.5 360.1 363.8 363.6 363 363.7 363.9 364.6 366.2 368 367.8 365.9 366.4 365.3 364.8 365.3 365.4 367.9 370.1 373.3 377.7 382.7 389 394.4 397.7 400.6 403.7 405.3 406.8 407.3 408.6 408.6 408.5 408.4 406.8 406 400.5 399 399 396.8 394.8 392.2 388.7 384.3 370.6 358.6 361.5 369.1 375 381.2 385.1 388.3 391 390.9 390.4 389.5 389 386.7 383.3 380.6 375.5 369.8 365.9 358.8 349.9 340.6 331.3 320.3 307.4 293.2 276.9 261.5 243.6 222.6 200.7 189.9
379.7 378.2 376.4 375.5 375.6 375.1 374.3 374.4 375.5 375.6 376.7 377.6 377.8 378.3 378 376.9 376.3 377.1 377.9 379.2 381.9 386.4 390.4 395.6 401.1 406.6 408.7 409.1 409.5 410.7 412.9 414.4 415.3 414.7 413.7 412 412 410.3 407.9 406.4 405.7 403.5 401.1 398.2 394.6 390.7 385.5 366.9 347.6 348.4 359.4 369.8 377.5 383 389.8 392.2 391.7 390.7 388.5 385 380.5 376.4 370.8 364.1 358.1 349.6 343.2 333.4 324.1 313.4 299.7 284.6 269.9 255.2 238.3 222.8 204.2 192.5
385.9 385.4 384.6 384.2 383.2 383.6 384 384.1 384.3 384.4 384.4 385.8 385.4 387.2 387.8 388.3 388.7 389.5 390.6 391.8 395.5 399.4 403.2 408.6 412.5 413.8 414.1 415.3 415.6 416.2 417.7 418 418.1 418.3 416.9 417.7 416.4 414.8 413.1 412.8 412.1 409.9 407.2 404 400.4 396.6 391.1 381.3 359.8 324.5 339.6 348.3 357 366.6 372.6 377.2 383.1 387.8 386.2 382.3 376.7 372 365.6 357.5 350.8 342.1 333.9 324 313.6 301.3 286.9 271.9 252.7 237.1 224.2 211.7 201.1 192.9
