public/OST50/SO39.asc
ncols 200
nrows 200
xllcorner 330000
yllcorner 290000
cellsize 50
[rows 140 to 174 of 200, columns 78 to 155 of 200]
270.1 265.2 256.4 247.5 235.8 224.2 217.9 217 216.9 216 215 214.1 212.2 210.4 209.1 207.2 201.6 201.7 206.8 211.7 215.6 217.4 218.2 219.6 221.6 222.7 222.4 225.7 228.2 230.6 232.3 231.5 232.6 234.3 237.5 239.6 241.1 241.6 241.5 241.7 243.7 242.1 243.3 245.3 242.1 239 240.4 239 231.9 232.2 235.3 233 228.7 229.3 238.2 243.1 248.9 250.3 250.5 249.4 247.2 244.1 242.6 241.1 243.2 245.5 246.6 244.6 243.8 249.2 251.8 251.3 247.1 242.3 232.9 221.5 216.4 213.5
266.7 258.7 246.3 233.9 223.5 217.4 213.6 212.8 212.5 211.1 210.2 209.7 208.3 207.4 206 204.9 201.6 201.6 201.7 205.6 210.9 212.9 213.8 215.8 218.5 217.8 218 220.2 222.4 222.9 223.7 225.1 226.3 228.3 228.5 233.7 237.8 238 237.7 238.6 238.9 238.5 241.2 240.7 240.6 242.3 235.1 233.5 235.1 228 226.4 227.7 224.2 230.2 238.1 244 247.6 248.2 246.9 245.4 242.8 239.4 237.6 238 239.6 241.8 242.6 242 240.6 244.9 247.3 247.8 244 236.7 227 218.8 214.1 211.7
261.8 250.5 235 221.6 214.9 212.6 210.4 209.1 208.2 207.5 207.2 207 207 206.9 206.7 202.9 201.6 201.6 201.5 201.2 205.3 210.4 210.9 211.8 212.6 213.8 214.1 214.9 216.3 217.9 217.7 218.3 221.7 222.7 223.5 225.6 230.5 232.2 233.6 235.4 233.8 231.8 236.3 239 238.3 238.3 238.3 238.4 234.5 230 227.9 224.7 221.7 232.9 240.2 244.4 245.9 245 243.4 241.1 238.4 235.8 234.4 235.5 237.1 237.9 238.5 237.7 237.6 240.5 242.5 242.8 240.4 236.3 225 217 212.7 210.3
249.6 232.5 219.8 212.8 210.9 208.7 206.4 206.1 205.4 205 205.3 206 205.9 205.8 204.9 202.5 201.9 202 200.7 199.4 199.1 203 206.6 208.6 209.4 210.1 210.4 210.8 212.3 214.2 216 214.4 216.7 218 219 220.5 222.4 224.5 225.3 226.6 227.6 226.9 233.6 236 235.9 234.9 233.9 234.2 230.7 228 226.5 224.5 220.2 229.5 239.2 242.1 242.7 241.6 239.2 236.7 234.3 232.1 231.8 233.2 234.6 234.8 234.9 234.4 233.7 238.5 238.1 238 236.6 231 221.8 215.2 211.6 209.3
231.5 216.9 210.4 208.2 207.3 204.5 204 205 204.2 203.6 204.1 205 204.9 204.2 203 202.7 202.6 202.1 199.4 197.6 197.8 200.9 205 206.2 206.6 207.5 207.9 207.4 208 209.7 210.7 210.7 212.6 213.5 214.7 216.2 217.1 217.8 218.6 220.5 220.3 222.9 227.4 232.4 234 233.9 233.5 231.3 229.5 225.6 225.3 221.1 218.2 228.5 236.5 238.8 239.2 237.7 235.3 233 230.7 229.4 229.2 229.8 230.9 232.1 232.6 232.3 230.9 231.9 234.6 234.1 231.9 227.3 219.8 213.4 210.3 207.8
219.7 208 203.8 205.8 207.4 206 204.7 203.8 203 202.1 202.7 202.8 203.5 203 201.2 200.2 199.8 199.7 196.5 196.7 197.5 198.7 202.3 203.7 204.7 204.9 205.7 205.5 205.1 205.5 206.3 207.6 209.1 209.7 209.6 211.4 212.2 213.1 214 214.7 215.7 215.9 219.4 224.9 225.2 226.1 228.3 226.2 224.9 224.1 220.8 219 216.6 226.4 232.9 236 235.3 234.3 231.9 230.2 227.9 226 225.5 226.9 228.8 230 230.3 230.2 229.4 227.2 230.1 229.9 226.8 222.2 216.6 211.4 208.8 206.7
209.6 202.7 199.9 203 206.9 209.3 208.7 204 201.3 200.3 200.7 200.4 200.7 200.5 199.5 199 198 197.3 195.7 196.1 196.7 197.9 199.2 201.7 202.4 203 203.7 203.9 203.6 203.8 204.4 205.5 206.8 207.4 208.1 208.2 208.9 209.9 210.9 211.5 212.2 212.8 212.8 215.4 217.8 219.6 220 221.3 221.2 222 219 216.1 215.7 224 229.5 231.5 231.5 230.7 229 227.4 225.2 223.4 221.9 223.9 226.9 228 228 227.6 226.2 224.6 225.8 226 222.7 217.8 215.7 210.6 208.8 206.5
205.4 199.8 197.9 200.4 204.6 207.5 207.4 204.1 201.3 198.7 197.9 197.6 197.8 198.1 197.5 197.7 196.9 195.7 195.2 195.9 196.2 197.1 198.3 199.7 200.5 201.2 201.9 202.3 202.7 202.4 202.5 203.5 204.6 205.4 206.7 207.1 207.3 209 209.5 210.2 210.8 211.1 211 211.6 211.4 214.1 214.8 213.8 214.7 217.9 217.9 214.6 213.8 220.5 224.5 226.5 228.6 227 226.1 224.5 222.6 220.8 218.7 220.7 224.2 226.3 226.8 226.6 224.5 222.2 220.3 218.3 217.4 214.1 212.9 209.9 207.8 205.9
201.3 197.1 194.8 197.4 202.2 204.5 203.6 201.7 199.3 198 196.8 196.5 196.3 196 196.3 196.6 195.8 195.6 195 195.7 196.1 196.4 197.5 198.7 199.2 199.5 200.1 200.6 201.7 201.5 201.2 201.4 202.4 203.3 205.3 206.6 207 207.7 208.2 208.8 209.1 209.5 210.9 211.1 209.9 210.3 211.6 211.7 210 210.5 211.6 212.3 212 214.3 217.7 219.3 221.2 221.4 220.6 220.3 218 216.7 215.4 217.5 220.4 224.2 225 224.9 224.3 221.6 222.4 220.3 217.9 212.8 210.4 208.9 206.7 204.3
197.2 194.7 192.8 195.2 199.8 202.7 202 200.3 198.5 197.2 195.9 195.2 194.7 194.7 195.2 195.4 194.2 194 195.3 195.5 195.9 196.2 196.7 197.7 198.1 198.5 198.8 199.3 200.7 200.5 200.3 200.2 200.6 201.6 203.6 208 209.1 208.7 208.2 208 208.1 209.5 211.2 211.6 211.7 208.8 208.6 209.2 210.5 208.8 209.8 209.8 210.6 210.8 211.9 212.6 213.5 214.7 214.3 213.7 213.4 213.3 212.7 214.5 216.4 219.2 221.4 221.7 221.1 219.5 220.1 219.8 218.5 215.1 211.7 208.7 206.7 205
194.7 193.7 192.4 193.2 197.8 200 200.3 199.2 197.5 196.2 194.9 194.3 194.2 193.8 194 193.6 193.5 193.1 194.6 195 195.4 195.7 196 196.7 197.1 197.4 197.6 198.2 199.6 199.7 199.6 199.2 199.4 200.7 201 206.1 208.3 208.4 208.7 207.9 206.7 209.6 210.8 211.6 211 209.7 207.4 207.4 208.3 207.6 208.5 208.6 208.6 208.2 207.7 206 207.2 208.2 208.1 208.2 207.9 207.8 209.4 211.6 213.5 217.1 217.3 217.4 217.7 217.1 217.8 218.3 217.3 214.7 212.5 209.7 206.7 205.9
193 192.2 191.5 193.4 195.8 196.7 197.6 197 196.4 195.2 194.2 194.2 193.7 193.4 193.1 192.9 192.8 193.3 194.5 194.8 194.7 195 195.4 195.7 196 196.1 196.2 197.1 197.8 198.4 198 198 198.1 199.7 201.2 203.5 205.3 206.5 206.9 205.9 205.4 206.9 209.4 210.3 210 210 209.1 206.3 206.3 206 206.9 207.4 207.3 207.1 206.1 205.2 204.2 203.1 203.6 203.1 202.7 203.7 205.9 208.3 210.3 212.6 213.1 213.1 215.9 214.6 215.3 216 215.7 214.4 212.2 210.3 207.4 205.4
192 191.3 193.5 195.6 195.9 195.9 195.2 195.1 194.4 194 193.9 193.8 193.2 192.9 192.7 192.5 191.9 193.9 193.6 193.6 193.7 193.8 194.2 194.5 195.1 194.8 194.9 195.2 195.4 196.1 196.8 197 197.2 198.5 200.1 200.7 202.2 204 204.5 204.2 203.6 204.2 205.8 207.7 207.7 208.4 208.4 206.8 204.8 204.6 205.4 206.2 206 205.7 205 204 203.4 202.1 202.5 202 201.6 201.7 202.4 204.2 205.9 207.7 207.9 206.3 209.1 211.5 212.6 212.8 213.2 212.1 210.5 208.6 206.7 204.7
189.7 191.4 193 194.7 195.1 195.1 195 193.7 193.9 193.8 193.6 193.4 193 192.6 192.4 192.1 191.3 192.7 192.9 193 192.9 193 193.1 193.3 194.3 194.4 194.6 194.5 194.5 194.6 195.7 196 196.2 197.2 198.6 199.1 200.8 202.1 201.7 201 201.8 203.4 204.7 205.6 206.1 206.7 207.1 207 205.3 203.8 204 204.8 204.6 204.3 204 204.1 204.3 203.6 202.2 201.3 200.4 199.6 199.7 198.9 200.4 202.4 202.9 204.6 205.4 207.7 209.2 209.3 210 209.5 207.1 205.6 205.1 203.2
191.7 191.8 191.6 192.5 193.9 193.9 194.1 192.6 192.9 193.5 193.4 193.2 192.9 192.4 192 191.8 191.8 192.3 192.3 192.6 192.6 192.6 192.5 192.5 193.2 194.4 194.5 193.9 193.8 193.8 194.5 194.9 195.2 196.2 197.7 198.9 200.3 200.8 201.3 200 200.9 202.3 203.5 205.5 205.4 205.7 205.5 203.4 203.2 202.9 203.3 202.8 202.5 202.2 203 204.6 206 205.6 204 203.3 202.2 200.7 199.9 198.8 197.3 198.8 200 202.3 204 205.3 205.5 206.1 206.8 206.9 205.2 204.9 203.6 201.7
191.8 192.4 191.8 190.9 191.8 192.8 193.7 192.8 192.2 192.7 192.8 192.8 192.7 192.3 191.8 191.4 191.4 191.2 191.8 192.1 192.3 192.2 192.2 192.2 192.5 193.8 193.6 193.3 193.1 193.2 193.3 193.9 194.2 195.2 196.7 198.3 199.9 200.4 199.3 198.6 198.9 200 202.6 204.9 204.1 205 204.6 202.9 200.9 201.7 201.9 201.7 201.5 201 200.5 202.2 203.9 204.9 204.8 203.7 203.5 202.9 202.3 199.9 197.7 196.2 198.3 200.2 200.6 203 203.4 203.4 203.8 204.4 204.7 204 202.4 200
193.6 192.7 191.5 190.7 190.5 191.5 192.5 192.6 192.2 192 192 192.1 193.4 192.8 192.5 191.1 190.9 189.7 191.4 191.6 191.8 191.9 192 192 192 192.6 192.4 192.4 192.6 192.7 192.7 192.9 193.1 194.3 196.6 198.8 199.5 199 198.3 197.4 197.4 198.9 203 204.7 204.9 201.7 201.9 201.8 200.1 200.5 200.8 200.7 200.2 199.7 199.2 199.1 201.2 204.1 204.3 204 203.6 203.1 201.3 199.2 196.3 195.5 196.5 199.2 199.4 200.5 200.7 200.9 201.5 202.2 203 202.7 200.6 198.2
193.6 192 191.7 190.3 190.2 190.1 190.6 190.8 190.6 190.9 191.3 191.8 192 191.9 191.9 190.7 190 189.4 191.2 191.2 191.2 190.5 191 190.7 190.8 191.7 191.8 192 192.1 192.2 192.2 192.2 192.4 193.3 195.8 197.9 198.8 198.5 197.3 196.4 196.5 198.5 202.1 204.1 204.6 203.2 200 198.9 199.3 201 202.1 199.6 199.1 198.7 198.2 198 198.4 202.4 203.7 203.3 202.8 201.7 199.6 197.8 195.4 194.6 195.6 198.4 198.7 198.8 199 199.3 200.5 201.3 201.5 201.3 198.9 197
190.9 191.7 193.4 190.8 189.4 188.5 188.2 188 187.8 188.1 188.6 189.2 190.2 190.8 191.2 190.3 189.8 190.1 190.4 190.3 189.9 189.5 190 189.9 189.8 191.1 191.3 191.5 191.6 191.6 191.6 191.6 191.7 192.9 195.1 196.5 197.7 197.4 196.2 195.4 195.7 197.1 200.3 202.6 203.4 202.7 199.8 197.8 198.2 200.3 200.9 199.2 198.1 197.6 197.2 197.1 197.6 201.4 202.3 202.5 202 200.1 198 196.1 194.7 193.9 195.1 198.8 198.2 197.6 197.7 198.1 199.1 200.3 199.8 199.9 197.7 194.9
187.8 190.4 191.6 190.9 190 188.1 186.4 185.4 185 185.3 185.9 188 189.3 189.4 190.1 189.8 189 188.8 189 189.5 189.1 188.7 188.7 189.2 189.2 190.2 190.8 191 191.1 191.1 191 191.2 191.3 191.7 193.2 194.4 195.7 195.5 195.8 194.9 195.1 196.4 197.6 199.6 201.5 201.1 199 197 197.9 199.2 199.4 198.1 197.5 197.4 196.8 196.8 196.7 199.6 200.6 200.7 200.5 199.5 198 196.9 194.7 193.2 194.4 198.4 197.9 197.3 197.4 198.5 199.1 199.4 199.8 198.2 196.6 192.8
184.7 187.5 188.3 188.7 190.1 188.2 185.7 184.4 184.6 184.8 185.2 186.4 189.3 189.4 189.6 189.1 188.5 188.3 188.9 188.9 188.5 188.2 188.6 188.7 188.6 189.1 190 190.3 190.2 190.1 190.7 190.6 190.7 190.9 191.5 192.7 193.9 194.2 194.9 194 194.4 195.8 196.5 197 198 198.6 196.5 195.8 198.2 199.4 199.4 199.8 200.1 199.1 197.4 196.3 194.9 195.9 199.1 198.8 198.9 198.4 197.2 197.2 195.4 192.8 194.9 197.8 197.4 196.8 196.6 197.9 199.2 199.5 198.7 197.1 194.4 192.1
182.7 184.2 185.8 187.7 189.4 188.9 185.9 185 184.6 184.8 185.5 187.6 189.3 188.9 188.8 188.4 188.7 187.7 188.6 188.4 188 187.6 187.9 188.3 188.2 188.2 189.2 189.4 189.5 190.1 190.6 190.1 190.1 190 190.4 191.3 192.4 194.9 193.4 192.5 193 194.2 195.3 196 196.2 195.6 194.6 193.7 197.4 199.5 200.9 201.3 201.3 200.5 200.4 199.1 194.4 194 195.6 197.4 198.3 196.9 195.8 195.9 195.3 192 194 196.6 196.3 196.3 195.8 197.3 198.7 198.9 197.9 196.5 193 190.7
178.6 179.3 182.1 184.6 188.1 187.6 185.7 184.7 184.3 184.9 186 187 187.7 188.1 188.8 189.2 189.2 188.6 188.2 187.8 187.5 187.1 187 187.4 187.6 187.6 188.5 188.6 189 190 190.1 189.5 189.2 189 189.4 190.5 190.4 191.3 191.3 191.4 191.3 192.7 194.8 195.1 194.7 194.7 194 192 193.4 195.6 199.2 200.4 200.1 200 200 199.7 196.8 193.6 193.2 194.8 195.7 196.3 195.7 194.4 193.3 191.3 193.4 195.7 195.6 195.3 195.4 197.1 198 198.1 197.3 194.4 191.7 190.1
178.6 179.1 179.2 181.3 185.4 187.2 185.4 184.6 184.5 184.5 185.1 185.9 186.4 187.1 188.5 189.4 188.3 187.5 187.5 187.3 186.9 186.4 186.2 186.6 186.9 187 187.7 187.8 188.1 189.1 189.4 188.7 188.4 188.2 187.9 188.9 189.6 191.4 190.4 190.1 190 191 192.7 194.1 193.1 192.3 192.1 192.2 191 192.9 194.7 198 199.4 199.5 199.5 199.4 198.1 193.1 192.2 192 192.5 194.1 195.9 194.1 191.4 190.7 192.3 194.6 194.7 194.7 194.7 196.1 197.5 197.4 196.4 193.9 190.8 188.9
178.3 178.7 178.9 179.5 183.5 187 185.7 184.8 184.7 184.3 184.8 185.4 186.3 187.2 188.1 188.5 187.6 186.4 186.6 186.6 186.1 185.6 185.5 185.9 186.2 186.5 186.7 187.5 187.7 188.1 188.7 187.9 187.6 187.3 187 188.3 189 189.7 190 189.2 189.2 189.5 191.5 193 194.2 192.9 191.7 190.9 190.4 190.4 191.5 195 197 199 199 199.9 198.3 194.5 191.6 191.3 190.8 193.7 196.9 195.1 191.9 189.8 190.5 192 192.3 193 194.4 196.1 197.2 196.7 195.9 193.2 189.3 188.9
179.1 178.7 178.6 178.7 183.2 185.2 186.1 185.6 185 184.3 184.6 185.4 186.3 187.2 187.6 187.2 186.4 185.7 185.9 186.1 185.6 185 184.8 185.1 185.4 185.8 185.9 187.3 187.7 187.6 188.2 187.8 187 186.8 186.6 187.9 189 189.3 189.7 188.5 188.4 188.7 191.3 192.9 194.4 194.4 193 190.4 189.7 190.4 191.1 191.9 194.5 197.2 198.8 198.4 198.3 195.9 192.1 190.5 190 192.6 196.7 195.8 191.9 189 188.1 189.4 192.1 193.8 195.1 196.2 196.9 196.3 195.7 191.1 188.9 188.1
179.1 178.4 177.6 178.2 181.2 183 185.2 186 184.7 184.6 184.5 185.4 186.2 186.4 186.4 185.8 185.3 185.1 185.3 185.5 185 184.6 184.5 185 184.9 184.9 185.4 187.2 187.6 187.5 187.7 187.6 187.1 186.6 186.2 187.5 188.8 189.4 189.7 188.6 187.7 188.4 190.9 191.1 191.5 191.8 191.7 191.2 189.2 189.2 190.5 190.9 192.5 196.3 198.5 198.3 198 196.5 192.5 189.8 189.4 190.2 194.4 195.5 191.6 188.4 187.5 189.2 192.6 194.1 195.2 196.3 196.5 196.4 194.3 189.5 188.1 187.1
179.1 177.9 178 178.5 180.7 182 184.1 185.9 185.1 184 184.1 185 185.3 185.3 185.1 184.9 185 184.6 184.7 184.9 184.6 184.6 184.5 184.4 184.3 184.2 185.1 187.2 187.6 187.5 187.4 187 186.5 186 185.5 186.9 188.2 189.2 189.6 188.8 187.8 187.8 188.7 188.6 188.8 189.2 190.4 190.5 188.5 189.4 190.3 190.6 191.7 198 198.6 198.3 197.7 196.3 194.3 190.6 188.5 188.8 191.3 194.3 191.1 187.9 187.5 188.6 192.1 193.4 194.6 195.3 195.4 195.3 193.4 188.2 187 187.5
178.4 177.9 178.6 179.3 180.2 181 182.8 184.7 185.9 183.2 182.2 184.1 184.5 184.5 184.8 184.9 184.7 184.1 184.2 184.6 184.2 184.1 183.9 183.9 183.8 183.7 184 186.2 187.5 187.5 187.5 186.6 185.9 185.3 185 186 187.5 188.2 189.1 188.6 187.2 187.6 187.8 187.2 187.2 187.3 187.9 188.3 187.9 189.6 190.3 190.8 192.4 195.7 196.9 198.1 198.6 197.9 196.5 192.1 188.5 188 188.8 190.3 188.8 187.5 186.5 187.9 191.1 192.9 193.4 193.1 193.4 192.9 189.3 186.8 186.6 187.5
177.8 178 178.3 180.4 181.1 181.6 183.5 184.9 185.1 182.3 180.8 182.3 184 184.1 184.4 184.6 183.6 183.9 184.3 184.6 184 183.5 183.3 183.3 183.3 183.2 183.5 184.8 185.9 187.6 187.5 186.3 185.6 184.9 184.6 184.9 186.8 187.7 188.5 188.8 187.8 186.9 186.5 186.7 186.3 185.5 185.7 187.5 189.3 190 189.6 189.5 193 195.3 196.2 197.2 197.9 198.2 196.6 192.4 189.6 187.2 186.8 187.4 187.4 187.2 186.4 187.5 190.1 191 190.1 189.4 190 188.5 187.8 185.9 186.1 188.1
177.9 178.2 179.7 181.4 181.1 182.1 183.3 184.3 183.1 182.1 182.2 182.2 183.5 183.7 183.9 183.4 183.5 183.8 184 184.4 183.9 183 182.8 182.8 182.8 182.7 183.1 184.5 186.5 187 187.3 186 185.3 185 184.5 184.8 186 187.2 187.9 188.2 187.6 186.9 186.4 185.9 184.3 184.6 185.9 187.9 190.2 192.1 188.8 187.9 189.9 194.2 195.5 196 196.6 196.7 195.9 193.6 190.1 186.8 186.2 185.9 185.9 185.7 185.5 186.6 188.1 188.1 187.8 186.6 186 185.5 185.1 184.8 185.6 190.2
178.2 178.9 179 180.5 179.1 179.3 181.2 182.5 182.3 181.5 182.2 182.7 182.8 183.2 183.5 182.1 183.1 183.2 183.4 183.8 183.4 182.5 182.3 182.2 182.2 182.2 182.6 184.2 186.1 186.5 185.9 185.4 185.4 185.1 184.6 184.7 185.2 185.9 187.1 187.4 187.5 187 186.6 185.5 183.8 183.7 184.9 188.5 191.2 189.7 188.2 187.1 188.2 190.3 194.1 194.6 195.1 195.1 194.6 193 189.4 186.5 185.6 184.8 185.1 185.2 184.9 184.6 185.6 185.6 185.3 184.3 184.4 184 184.4 185.2 187.5 191.3
178.4 178.3 178.3 178.1 178.1 178.3 179.1 182.4 182.7 181.4 181.6 181.5 181.7 182.4 182.6 181.7 182.2 182.6 183.5 183.1 183.1 181.9 181.9 181.9 181.9 181.6 181.8 184.1 184.1 185.1 184.5 183.8 184 184.9 184.4 184.4 184.9 184.4 186 186.7 186.8 186.6 186.1 184.6 183.2 182.7 183.5 186 189 189.8 188.4 187.2 186.5 189 191.9 193.4 193.8 193.8 193.3 192.6 190 186.1 184.9 183.8 183.9 184.2 184.4 183.6 183.2 183.2 182.7 183.1 183.4 183.8 184.3 186.8 189.5 190.6
177.9 177.6 177.8 177.9 177.9 178 178.4 180.5 183.8 181.5 180.7 181 181.3 181.6 181 181 181.4 182.5 183.8 184.2 184 182.2 181.6 181.5 181.2 181 181.3 182.7 182.9 183.1 183.3 182.5 182.7 183.7 183.6 183.1 184.5 185 185.7 186 185.9 185.8 184.8 183.9 182.9 181.9 182 182 185.6 188.5 189.9 188.2 186.8 188.5 191.3 192.4 192.9 193 192.1 191.1 190.1 187 184.3 183.2 183.9 183.8 183.6 182.1 181.7 181.9 182 182.6 183.5 184.8 187.1 189.9 189.9 190.7
178 178.1 178.4 178 177.8 178.2 178.5 178.9 181.4 180.9 180.8 181.1 180.9 181.2 180.7 181.6 181.2 182.3 183.9 183.8 184.2 183.4 181.3 180.8 180.5 180.4 180.5 180.7 181.7 181.9 182 180.8 181.2 181.7 181.7 183.3 184.3 183.7 185 185.3 185.2 184.8 183.9 183.4 181.4 181.2 181.2 181.2 182.3 185.2 189.3 188.8 187.5 187.7 189.8 191.1 192 192 191.4 189.8 189.1 185.6 183.8 182.7 182.8 182.8 182.7 180.9 180.7 180.9 181.7 182.8 189.4 191.3 191.7 191 190.1 191.2
