public/OST50/SO39.asc
ncols 200
nrows 200
xllcorner 330000
yllcorner 290000
cellsize 50
[rows 35 to 69 of 200, columns 0 to 77 of 200]
337.1 325.9 320.6 328.7 338.6 344.4 347.2 350.8 351.6 349.2 344.7 339.4 337.5 333.3 335.6 345.1 346.9 345.2 335.3 350.2 346 333.9 324.9 317.2 313.5 311.8 310.6 309.2 307 304.6 302.7 301 299.8 298.6 297.6 296.6 295.2 294.2 293.2 291.8 293.6 295.6 300 308.4 318.7 327 333.4 338.7 342.5 343.5 343.7 339.1 334.1 327.8 324.1 316.4 313.9 312.1 311 311.4 312.5 314.9 320.4 327.5 334.4 328.5 320.7 317.4 314.1 305.8 302.5 299.3 299.2 301.5 304.7 308.2 320.7 331
328.1 315.9 317.5 333.7 340.1 345.4 348.1 349.3 349.5 346.2 341.9 336.3 332.3 330.3 333.6 338.5 337.3 334.1 333.4 334.2 332 320.8 314.9 311.7 309 308 306.6 305.2 303.7 302 300.7 299.1 297.8 296.8 295.8 294.9 294 292.8 292.1 291.9 292.8 296.5 302.3 313.5 323 331.2 336.7 339.5 342.2 342.6 339.6 335.4 329.4 322.7 315.4 312.3 311.1 310.5 310.5 312.3 313.7 315.5 323.3 329.7 331.7 323.5 318.1 315.2 312.6 305.4 299.3 297.3 298.2 300.2 302.4 306.1 318.3 329.9
315 310.9 315.4 331.6 339.2 345 349.2 350.4 347.5 343.5 338.8 332.8 329.4 328.4 330.7 331.9 327.3 325.3 325.7 324.4 317.5 311.6 309 307.4 305.5 304.2 302.8 301.5 300.2 299.1 298.5 297.1 296.1 295.2 294.3 293.4 292.5 291.8 292 291.8 293.7 299.1 305.7 316.6 326 335.3 340 342.2 345.8 342 335.7 330.6 324.7 318.8 312.6 310.1 308.7 309.3 310.6 312.7 314.9 319.1 325 329.2 326.7 318.9 314.7 310.5 306.3 301.1 297.7 296.3 296.9 296.1 300.4 302.6 312.5 322.5
305.7 306.9 315.8 330.3 338.5 341.9 345.4 347.3 345.4 342.5 337.4 330.9 326 324.5 326.6 324.1 319.8 319.5 317.8 315.8 311.7 308.6 305.8 304.4 303.7 302.2 300.7 299.5 298.3 297.2 296.3 295.4 294.8 294 293.1 292.4 291.6 291 291.1 292.1 295.1 302.7 310.5 319.8 326.9 334.1 338.4 337.7 336.9 334 330.1 325.7 320.6 314.2 309.3 307.8 308.6 309.4 311.6 314 317.3 326.6 332 330.5 323.2 315 310.4 306.4 303.7 301.6 298.4 295.6 294.8 294.4 297.5 298.8 304.1 311.6
301 306.3 319.9 334.2 340.5 345.6 343.3 341.7 341.4 337.5 330.5 327.6 324 321.7 321.5 319.4 316 315 314.1 312.7 309.2 306.3 305 303.5 302.4 299.7 298.8 297.7 297.3 296.4 295.7 294.7 293.8 293.1 292.3 291.6 290.8 290.2 291.2 292 296.7 303.9 311.5 319.1 325.6 329.2 332.4 332.9 331.7 328.3 324.7 321.2 315.9 310.1 307.5 307.1 308.3 310 312.6 315.6 323.9 332.8 335 329.2 319.9 312.9 308.2 305 304.3 304.4 301.8 297.4 296.3 293.6 294.6 295.9 297.3 302.6
302.3 309.7 327.9 338.2 343.5 348.6 348.6 348.2 344.2 340 333.7 327.6 322.9 320.4 318.1 316.8 315.2 313.2 312.2 310.8 308.5 306.1 304.7 301 301.3 298.7 298.5 297.4 296.7 296 295.2 294 293 292.3 291.6 290.9 290.2 290.6 292.6 294 298.7 305 311.6 318.2 323.7 325.6 327.7 327.8 326.6 322.9 319.2 315.9 311.4 306.9 305.9 306.3 307.9 311.6 313.9 319.2 330.7 334.3 333.6 325.1 317 310.9 306 303.8 303.6 303.7 302.8 298.8 296.6 294.3 290.8 292.1 294.8 298.5
307.9 317.3 332.7 341.4 347.1 350.8 352.2 351.6 345.9 340.3 333.9 327.2 323.6 321.1 319.1 317.1 314.8 313.1 310.8 309.1 308.1 305.9 302.6 302.8 301.8 300.7 299.4 298.1 297 295.7 294.5 293.3 292.4 291.7 291.1 290.4 290.1 291.2 291.4 293.6 297.2 303.4 310 315.6 319.5 321.6 323.1 323 321.3 318.3 314.5 310.6 306.3 303.6 304.5 304.8 309.7 313.6 317 326.8 336.3 336.9 332.3 322.5 313.4 308.6 305.2 303.4 303.4 303.4 303.4 300.2 297.8 296.2 294.2 290.7 295 295.9
315 330.5 340 346.1 350 353.9 352.7 349.6 344.4 339.1 333 328.2 324.4 322 319.9 317.6 315.5 313.1 310.2 309.4 307.6 305.8 305.3 303.8 302.6 301.4 299.9 298.4 297.2 295.9 294.7 293.3 292 291.2 290.5 289.9 290.1 288.6 288.9 293.6 298.8 304.2 308.7 313.2 315.5 317.6 318.2 317.1 315.2 313.4 309.8 305.8 302.1 302.8 305 308.5 312.3 316.3 322.5 333 341.9 341.6 332.1 317.8 308.5 305.2 303.4 303.5 303.4 303.4 303.4 302.4 300.6 302.9 298.7 290.6 295.3 294.9
325.3 335.8 343.1 347.1 350.6 351.2 349 345.3 340.8 335.4 332.1 328.3 324.9 322.6 320.3 318 315.2 313.9 313 311.9 310.4 308.4 307 305.1 303.4 301.9 300.6 299.5 297.6 296.2 295.2 294.4 293.2 291.7 290.3 289.4 288.6 287.8 289 292.4 298.5 304.7 309.3 312.5 313.5 313.7 312.9 311.5 309.7 307.7 304.6 301.4 303.9 304 307.3 310.6 312.6 318.9 326.7 342.4 348.2 344.5 329.5 314.3 307.6 305.5 305.7 305.2 304.6 304 305.2 308.2 311 312.8 298.6 289.3 293.7 293.1
329.6 337.8 343.6 346.3 347.3 346.9 344.4 340.5 337.4 333.7 330 327.4 325.3 323.4 321.1 318.1 317.6 317.9 316.3 314 312.6 311.1 309 306.6 304.8 303.9 302.8 299.6 298 297.2 296.3 295.4 294 292.3 290.7 289.8 288.4 287.1 287.6 289.6 296.1 303 307.9 309 308.8 307.9 307 305.7 304.2 302 298.9 304 305.9 305.9 307.5 308.9 314.5 324.2 337.2 348.3 352.2 340.2 324.3 316.4 310 308.5 308.4 309.9 310.2 312.2 314.9 319.7 324.7 313.3 298.9 290.2 291.1 289.5
335 339.8 344 344.3 343.7 342.4 339.9 337.2 334.3 332.2 330.7 328.3 325.6 323.6 321.7 321.3 321.4 321.4 319.2 315.7 314.2 310.7 307.9 305.8 304.3 303.3 301 299.9 300.4 299.1 297.3 296.3 294.5 292.8 291.1 290.3 288.8 287.4 287.1 289.5 292.3 299.2 301.9 302.8 303 302.1 301.6 301.3 299.6 298.2 300.5 304.7 307.3 308.2 309 311.4 318.8 330.3 342.9 354.1 347.7 338.5 329.3 319.3 314.8 312.1 315.3 318.8 325.3 325.3 325.7 326.7 322.7 308.9 294.4 289.2 285.3 289.4
341.3 342.6 343.8 343.5 343.9 341.7 340.8 338.9 336.9 334.9 333.4 331.4 328.8 326.2 325.9 325.1 325.2 322.8 320.2 317.6 313.3 310.3 307.3 306.6 306.6 306.1 307.9 302.2 302.9 300.9 298.8 297 295 293.4 291.7 290.4 289.4 288 286.9 287.9 289.1 292.1 294.7 296 297 296.9 297.4 296.1 297.5 299.2 301.5 306.4 308.8 310.6 313.2 317.7 325.4 333.8 345.3 349.6 345.6 338.7 330 325.6 320.7 321 325.6 330 335.5 331.5 328.7 324.3 313.5 301.4 292.2 287.2 284.5 288.5
343.5 344.4 345.2 345.2 346.4 346.5 344.7 342.4 339.3 336.7 337 334.2 331.2 331 330.4 329.4 324.6 320.7 317 314.7 314.1 314.6 311.3 311.7 313.7 313.6 308.5 307.3 306.3 303.7 301.9 298.7 296.5 295.3 293.1 290 289.1 288.4 287.2 286 286.2 286.9 288.1 289.7 291.4 292.9 294.9 297.9 300.4 301.4 304.1 308 310.4 313 318.5 325.1 332.9 340.7 345.2 346.8 344.9 343.4 337.3 331.7 323.4 328.9 333.3 338.3 338.2 332 326.8 317.8 304.1 294.2 289.4 285.8 283.7 286.4
346.9 348.6 350.5 351.2 350.9 351.7 349.8 343.4 340.2 338.7 337.7 334.9 334.8 332.7 330.2 325 324.1 321.7 324.6 318.4 318.6 318.5 318.9 319.6 317.8 316.5 313.8 312.8 310 306.7 305.2 302.4 299.9 297.6 295.3 292.1 290.4 288.7 287.4 286.3 286 285.7 286.4 287.6 288.5 289.7 293.1 297.5 301.6 303.1 305.8 308.3 312.3 315.3 322.1 332 341.9 349.5 349 348.1 348.6 346 340.9 333.7 331.3 335.2 339.4 339.8 331 326.1 320.9 309 296.2 290.2 287 285 282.4 284.3
352.6 354.5 354.6 354.6 355.6 358.8 350.7 345.4 343.9 341.3 338.4 335.9 333.5 331.7 331.3 331.8 333.9 335.2 330.9 325.5 326.8 326.4 326.2 326.1 323.7 321.5 319 316.2 313.9 310.9 308.5 305.4 302.8 300.2 297.3 294.2 292 289.9 287.7 286.7 285.7 285.6 285.8 286.2 287 288.7 292 296 301 304.2 305.7 308 311.7 316.2 323.6 337.2 350.8 356 350.3 349.7 349.8 348.9 344.9 339.6 340.1 343.6 341.7 331.8 320.4 316 307.9 298.9 291.8 286.8 284.5 283.4 281.4 283.1
358.7 360.6 358.7 358.7 358 354.7 352.6 347.9 346 343.5 342.3 341.8 339.7 340.1 337.6 340.4 345.1 338.8 335 335.2 336.3 336.7 334.9 332.6 329.6 326.3 322.5 319.6 317.1 314.5 311.7 308.3 304.6 301.5 298.4 295.9 293.8 291.3 288.5 285.9 285.4 284.5 283.7 285.1 286.6 289.5 292.4 296.2 300 304.1 305.7 307.7 310.8 314.9 322.5 332.9 350.5 350.2 348 350.7 353.4 351.3 347.5 348 349.4 345.6 336.3 326.3 316.2 303.2 297.9 292.8 289.7 285.1 283.2 281.8 279.4 282.9
366.4 364.8 363.2 359.6 358.8 356.9 354.9 352.9 350.7 349.4 349.9 351 350.9 352.8 353.5 347.9 345.3 344.2 345.1 346.5 346 343 340.4 337.2 333.9 330 326.2 322.6 319.9 317.3 313.9 310.6 306.4 303 299.7 297.3 294.8 292.2 289.3 285.2 284.7 284.5 284.2 284.7 287.4 291 293.7 296.1 299.9 304.2 303.3 303.2 308.3 313.8 321.2 331.6 333 334.6 338.5 347.1 352.3 351.4 351.7 355.1 353.1 344.1 337.6 329.7 313.5 294.5 292.7 289 286.3 283.7 282.1 280.9 277.1 281.5
371.7 368.9 364.2 360.6 360.4 361 361.8 361.6 359.8 358.2 359.5 364.6 367.6 365.4 365.1 361.5 358.3 356.1 355.6 354.2 353.4 350.3 346.8 342.3 337.9 333.7 329.7 325.7 322.9 320.1 315.8 312.2 308.4 305 301.9 298.5 295.6 293.1 289.9 286.5 284.4 284.5 284.5 284.4 287.4 289.8 292.6 296.1 299.6 303.8 300.3 301.1 305.2 310.6 320.6 324 323.9 324.8 331.1 340.7 344.4 350 356.6 356.2 352.7 346.9 340.4 324.7 303.6 292.5 289.1 286.7 284.4 282.7 281.8 281.3 282.9 277.4
371.7 371.1 366.7 365 365.2 366.7 368.5 369.2 369.5 371.1 375.6 379.9 382.2 381.5 379.2 376.2 372.7 367.7 364.9 362.9 361.3 356.8 351.7 347 342 337.4 333.3 329.2 326 322.7 317.8 314.5 311.2 307.4 304 301.2 298 294.1 290.8 287.6 284.6 283.8 283.6 283.6 286.3 287.5 290.5 294.7 298.4 300.8 298.5 299.7 302.1 305.5 311 312.3 313.5 317 324.5 332 342.1 355.1 361.1 357.5 353.6 347.7 333.3 312.8 298.3 291.7 287.5 285 283.1 282.2 281.8 284.7 280.7 275.4
367.5 368.1 367.2 367.1 369.4 372.1 375.8 376.8 381.3 386.4 390.9 395.5 398 398 395.8 392.1 388 380.8 375 372.9 369.5 363.2 356.3 350.6 344.8 341 338.2 333.2 328.7 324.6 321.3 317.8 314.1 310.2 306.1 303.1 299.5 295.4 291.8 288.7 284.7 284.1 282.2 283.3 283.8 285.1 287.1 291.2 295.1 296.3 294.5 296.4 297.3 299.1 300.6 303.7 309.2 314.5 320.2 328.9 346.6 358 359.7 357.3 350.7 341.1 320.8 305.5 296.5 290.9 286.9 284.1 282.8 282.2 283.7 282.6 278.3 273.8
357.3 361.9 364.3 368.7 373.6 377.6 381.2 386.4 393 400.4 406.5 411 414.4 416.7 417.1 413.5 406.4 397.5 387.5 383.4 377.8 371.1 363 353.3 349.3 345.1 341.6 336.4 331.4 328.2 325 321.3 317.5 313.3 309 304.8 300.8 296.7 292.8 289.5 286.4 284.8 284.2 281.3 280.9 283.7 286.6 290.4 291.1 290.2 291.7 292.9 293.3 295 298.3 303.1 309.1 315.2 321.7 332.8 349.5 357.5 360.1 359.1 343.1 329.2 314.9 303.5 295.6 290.5 286.5 284.3 283.2 284.8 280.9 276.9 271.4 272.7
335.5 341.9 351.9 368.3 375.3 381.9 389 396.5 406.4 416.1 422 426.7 430.2 433.6 435 432.4 426.4 416.3 403.6 394.2 386.6 379.1 370.5 360.4 352.5 347.7 343.2 338.6 333.9 331 328.1 324.1 320.1 315.9 311.2 306.1 301.9 297.9 293.8 290.5 287.3 285 284.1 282.9 280.9 280.9 288.5 288.6 286.5 286.2 288.8 289.6 290.9 293.3 297 304.3 312.1 319 328.2 343.6 354.2 359.9 365.4 356.5 337.5 322.8 313.1 303 295.2 290.3 286.7 284.1 283.5 282 278.1 272.5 270.7 284.1
325.3 334.1 353.2 368.1 378.8 390.8 401.6 411.8 422 430.8 437.6 443.6 447.6 450.8 449.7 446.4 440.1 433.2 421.7 411.8 402.8 394.2 380.9 369.1 359.2 352.4 346.9 341.8 335.9 333 330.1 326.2 322.4 317.6 312.8 307.7 303.1 299 295 291.3 288.2 286.2 285.2 284.7 282 278.3 287.6 286.7 284.1 283.6 286.7 287.7 290.4 294.7 303.2 313.2 320.3 328.8 339.1 353.5 360.8 366.9 370.5 349.4 332.6 320 310.9 302 295.9 290.8 286.4 284.3 280 276.6 274 269.6 280.5 293.9
337.7 344.2 354.5 372.8 389.3 402.7 413 424.9 435.4 445.1 454.2 460.6 465.2 467 463.9 459 453 448.5 443.3 434.8 425.6 414 397.8 379.8 367.1 357.6 351 344.8 339.9 336.3 332.4 328.1 324.1 319.3 314.4 309.4 304.3 300.2 296.1 292.5 289.4 287.6 286.2 283 280.5 278 282.5 283 282.7 283.1 285.1 287.5 291.5 300.9 312.2 318.7 324.8 335.3 347.2 356.7 363.6 371.6 359.9 343.5 328.6 318.7 309 301.7 296.3 291.5 287.5 285 276.8 272.8 268.2 268.2 286.6 295.7
360.4 366.7 370.7 384.3 398.3 411.1 421.6 435.5 448.1 458.6 469.1 477.9 482.5 482.4 478.1 472.1 466.4 463.2 460.9 454.8 446.9 432.9 415.9 392.6 374.4 361.9 354.2 348.6 344.7 339.9 335.1 330.7 325.9 320.9 316 311 305.8 301.2 297.1 293.8 291.3 288.9 285.7 281 278.3 276.6 278.6 280.2 280.8 282.7 285.2 288.2 292.3 303.1 314.2 321.7 328.9 338.9 353.7 360.1 363.9 367.5 354.8 336.9 322.8 314.4 307.4 301.1 294.9 289.6 285.9 281.6 274.2 270.2 268.1 273.5 287.5 292.4
374.3 376.5 380.2 390.1 404.9 415 426 442.1 458 470.8 485.3 496.1 499.2 496.2 490.3 483.2 478.1 475.4 473.8 468.7 461.4 451.3 430.7 408.6 380.4 367.5 358.8 352.2 348.5 343.1 337.8 332.6 328.1 322.7 317.4 312.2 307.4 302.5 298.3 295.5 292.6 290.3 285.7 280.7 277.3 275.3 274.4 279 281.5 282.9 284.2 287.4 294.5 306.1 315.5 322.9 331.6 342.9 357.3 360.9 362.4 361.5 352.6 331.3 318.7 311.4 304.9 298.4 292.4 286.2 281.5 278.1 273 267.3 268.1 285 292.7 294.6
381.1 383.8 390.7 399.7 409 416.9 428.8 446.6 463.6 480.1 496.3 509.6 511.5 504.9 497.6 491.6 487.2 485.3 483.9 480.9 472.1 459.9 440.4 416.7 386.3 371.8 363.6 356.4 351.3 345.7 339.9 334.5 330.2 324.3 318.4 313.4 308.4 303.8 299.4 296.4 293.8 290.5 286.2 281.4 277.3 274.9 276 277.5 279.9 281.7 283.1 286.9 295.3 308.7 319.2 325.9 334.1 345.1 358.3 358.3 361 360 344.9 327.5 315.4 309.4 303.8 297.3 290.8 284.4 278.2 272.4 268 264.2 274.8 290.8 291.4 294
387 390.3 395.9 407.5 416.1 422.9 432.1 448.4 467.1 482.6 497 505.7 507.1 504.4 499.5 495.9 493 492.9 491.8 488 480.2 468.3 438.7 414.1 388.1 375.4 366.3 358 352.9 347.1 341.9 335.7 331.5 324.8 319.4 314.4 309.8 305.4 301 296.9 293.4 290 286 280.9 276.9 276.3 275.8 275.5 277.4 278.7 281.5 287.7 296.9 311.3 323.2 329.3 336.9 348.8 355.1 355.1 359.2 358.1 339.2 324 314.3 307.9 301.5 295.2 289.2 283.3 277.3 270.8 265.7 261 277.6 286.8 288.4 292.6
392.9 396.3 403.4 415.1 423.8 433.1 439.7 450.3 466.9 479.6 491.8 498.5 501.5 500.6 498.3 496.3 496.3 497.1 498.1 493.4 482.2 462.8 434.5 407.5 388.7 376.9 367.8 361.4 355.2 347.8 342.7 337 331.5 325.8 320.5 315.1 310.2 305.3 300.4 296.3 292.8 289.4 285.5 281.1 279.3 279 280.7 277.2 274.5 277.4 281.5 289.5 305.6 321.2 327 331.9 341.1 351 350.2 352.4 356.4 350.9 334.5 320 311.5 305.7 299.2 292.9 287.5 282.6 277.4 272.4 262.3 260.8 273.6 280.2 285.6 294.6
396.4 401.3 409.2 420.6 430.6 441 450.3 456.9 466.4 478.1 487.1 492.2 494.5 494.4 495.5 495.2 497.1 500 500.4 493.8 479.4 453.7 425.3 404.6 390 378.3 369.3 362.1 356.3 349.7 344 338 331 325.8 320.4 314.9 309.3 304.1 299.3 295.6 292.2 288.8 285.5 282.9 280.5 281.2 283.3 278.1 274.4 276.8 281.9 294.1 313.9 326 330.9 334.5 345.6 344.9 344.5 347.8 353.7 343.7 327.1 315.1 308.4 302.6 296.3 291 285.8 281.2 277.7 272.9 263 259.9 261.9 279.7 289.8 302.2
396.6 402.4 412.9 423.7 434.1 445.6 457.3 465.2 471.2 478.4 481.9 484.9 486.4 488.6 490.5 492.5 495.2 498 498.1 492.8 474.3 445.5 419.6 401.8 390 379.8 370.5 363.2 357.4 351.4 344.1 337 331.3 326 320.3 314.4 309 303.6 298.2 294.1 290.5 287.1 284.6 282.4 280.2 281.3 282.6 278.3 273.4 273.3 282.7 296.4 318.2 326.9 331.2 334.5 338.4 339.3 340 343.2 348.6 334.9 320.9 310.6 305 299.2 293.8 289.4 284.9 280.1 277.2 274.4 267.3 259.7 260 282.1 294.3 308.2
394.9 403.1 413.2 424.2 435.3 447.4 461 470.7 474.5 477.7 479 481 482 483.3 484.6 487 490.5 491.7 489.5 481.7 460.5 438.1 414 399.6 389.4 380.9 371.3 364.2 358 351.5 343.8 336.5 331.8 325.8 319.9 314 308.3 302.9 297 292.8 289.2 286.2 283.6 281.4 279.4 280.8 281.4 277.4 273.5 272.8 283 297.5 320.1 325.3 328.3 331.3 335.5 334.8 334.3 340.5 339.7 325.1 314.3 306.5 301.8 295.8 290.9 286.6 282.8 278.5 274.6 273.4 266 258.4 257.9 283.7 297.3 312.7
392.1 402.9 413.7 424.6 436.4 449.1 462.1 469.7 473.7 475.6 476.7 476.3 477.7 478.9 480.1 482.1 485.4 484.4 478.8 467.9 453.2 435.9 416 397.8 387.3 378.8 370.4 363.7 357.5 350.3 342.1 336.1 331.2 325.7 319.5 313.6 307.7 302.2 295.3 291.6 288.2 285.4 282.6 280.6 278.6 279.5 280.1 277.3 273.6 274.1 282.9 298.1 315.5 322.5 325.8 330.4 338 328.3 327.6 335.9 327.8 316.1 307.9 301.8 297.4 292.3 287.8 283.6 280.6 277 273.2 268.8 264.5 256.5 263 283 297.1 314.7
388.4 398.7 410.1 421 435.7 447.4 458.4 465 469.4 472.5 473.2 472.3 472.3 474.4 475.1 477.5 480 478.3 473.7 465.3 452.8 434.6 415.2 397.5 384.2 375.8 368.9 362.3 355.4 348.2 341.4 335.9 330.5 325.7 319.3 313.3 307.4 301.1 293.9 290.5 287.4 284.6 281.7 279.8 277.9 277.4 278.8 274.5 271.1 276.3 287.2 307 315.4 320.6 324.1 330 330.2 320.7 319.8 325.4 316.7 308.5 300.4 295.5 291.9 288.8 284.6 281.3 278.3 275.4 271.6 267 262.4 255.8 267 284.6 297.5 316.3
385.1 394 408.1 422.2 433.9 444.9 454.4 460.1 465 468.6 468.3 467.2 466.8 468 469.4 472.7 475.1 476.4 475.1 467.1 454.1 431.6 411.2 393.9 382.5 373.2 365.6 360.1 354.5 347.3 340.5 335.4 330 324.6 318.6 312.7 307.3 300.4 293.8 289.4 286.4 284 281 279.2 276 277.1 277 272.5 269.7 278.3 297.3 312.7 317.1 318.1 321.8 330.5 324.2 317.1 311.8 312.3 305.6 299.9 294.1 290.7 288.8 287.7 284.3 280.1 276 273.3 269.6 265.4 260.8 256.5 262.7 281 290.1 301
