public/OST50/SO40.asc
ncols 200
nrows 200
xllcorner 340000
yllcorner 200000
cellsize 50
[rows 0 to 36 of 200, columns 83 to 165 of 200]
75.9 70.1 66.4 63.2 62.1 63.3 61 61 64.2 65.6 61.6 58.5 54.5 51.1 51.1 48.2 45.3 42.7 44.9 44.2 46.6 49.6 50.5 48.3 43.9 47 48.7 47.5 43.8 39 34.6 34.3 31.1 30.2 30.9 34.4 32.4 29.5 29.9 29.9 30 30.1 29.9 29.1 29 30.8 32.6 32.9 29.3 33.1 37.4 39.3 37.4 35.6 36.1 35.3 33.7 33.9 37.4 39.7 35.2 32.5 32.6 33.4 33.9 35.3 37.7 40.7 41.4 39.4 38.3 39.3 38 36.1 35.2 35.2 36.8 37.8 39 39.9 42.5 45.4 49.5
77.7 73.4 72.5 68.1 71.4 68.1 65.8 65.7 67.3 65.5 60.4 55.5 54.2 52.9 47.1 44.3 45.8 47.3 48.2 48.9 49.4 51 51.5 49.8 44.4 40.8 45.4 42.9 38 36 32.1 31.3 31.9 33.6 35.1 37.9 37.8 34 31.6 31.8 32.6 33.6 34.7 34.4 34.2 30.1 29.5 29.9 30.7 31 38.6 40.4 37.7 37.5 37.1 35.2 33.2 35.1 39.5 38.7 34.1 33.2 34.3 34.7 35.5 37 37.7 39.6 41.3 41.7 40.7 39.7 39 38.5 37.7 37.3 38.4 40.1 40.9 41.9 44.1 47.6 51.8
78.4 78 75.2 71.3 74 73.5 71.8 70.1 68 63.6 60.2 56.1 51.8 50.1 46.2 49 49.5 51.4 53.9 54.3 53.4 52.6 50.4 48.2 43.8 38.3 39.7 39.2 35.5 31.6 31.1 33 36.5 38.7 39.3 41.4 39.2 37.5 35.9 37.7 36.7 33.8 30.9 30.6 31 31.1 30.8 30.9 29.7 31.9 36.4 39.3 38.7 38.9 37.8 35.4 34.2 36.9 41.5 38.9 33.8 34.1 35.1 35.8 37.2 39.4 41.1 40.1 41.8 43.9 42.9 41.7 41.7 41.3 40.4 39.7 41.6 43.6 44.3 43.4 46.4 50.3 55.5
80 78.3 75.3 74.7 74 74.3 72.9 71.5 68 64.1 59 54.4 48.9 48.7 52.5 55 55.7 55.7 56.1 57.2 56 53.2 50.4 48.1 44 40 36.1 37 33.6 31.3 32 35.8 38.7 42.7 40.3 41.8 40.4 40.4 37.3 37 37.7 36.2 35.1 35.6 35.7 35.1 31.3 29.9 30 30 33.9 39 42.4 41.4 39.4 37.4 34.8 39.8 44.5 38.8 34.3 35.2 36.1 37.5 39.9 41.8 42.4 42 43.1 45.9 45.6 44.4 44.5 44.5 43.4 43.7 49.1 50.6 47.8 46.6 47.5 51.8 57.2
79.6 77.7 75.6 74 72.8 72.6 71.2 69.4 66 60.2 53.4 52.8 52.9 53 52.4 56.5 58.8 58.3 56.5 54.8 52.3 51.4 48.7 46.7 43.8 39.4 34.8 32.3 32.4 34.8 35.9 37.3 40.1 41.5 42.1 42.6 44 43.3 42 43.3 42.6 40.9 39.8 39.7 38.8 36.9 34 30.2 30.2 30.6 36.6 42 46.3 47.4 41.8 38.4 36 41.9 46.8 37.1 34.4 36.6 37.2 39.6 42.5 45.2 44.3 44.3 45 48.1 48.4 47.8 48.1 48.9 49.1 51.3 57.6 56.3 53.2 49.8 53.1 51 58.9
77.4 76.2 75 73.8 72.3 69.7 69.5 67.4 62.4 60.3 60.9 57.1 54.7 55.3 56.1 56.4 58.5 57.2 56 53.4 50.3 49.1 46.6 42.7 42 37.6 32.5 32.2 32.1 37.3 39.8 39 42.9 42.8 45 45.7 46.4 46.6 46.9 46.8 45.3 43.6 42.4 40.8 38 35.5 33.3 30.8 30.7 31.5 37.9 44.1 51.1 51.7 45.5 40.3 37.1 42.6 47.3 35.9 37.1 37.6 39.3 41.9 46 48.6 47.8 46.9 47.4 50 51.9 54.1 53.4 56.3 59.3 63 65.7 60.3 56.6 54.5 56.9 57.9 59.8
76.3 75 74.2 74 73.5 74 72.4 68.8 66.6 65.2 61 59.2 57.2 57.7 57.2 58.5 57.8 55.1 53.2 49.8 46.6 45.8 44 40.1 36.4 33.4 33.2 36.1 32.6 37.4 41.8 42.6 43.1 45.2 47.2 48.2 48.8 49.8 50.2 48.4 46.9 43.5 41 38.9 34.8 33.9 36 32.6 31.4 31.7 38.9 46.3 55.7 55.6 47.3 42.9 39.5 41.2 44.3 36.8 36.9 38.6 40.3 43.3 48 50.2 51.3 50.5 50.1 52.7 55.5 57.9 59.9 65.2 70.8 75.9 71.9 63.7 59.7 60.8 61.9 63.2 62.3
75 73.9 73.1 73.4 74.8 76.7 76.2 69.3 66.6 66.1 62.1 59.9 57.8 56.4 54.8 56.3 56.4 53.1 49.7 48.1 43.9 43.2 41.5 37.6 36.5 35.8 37.7 37.7 34.5 36.6 41.8 43 39.9 45.3 47.5 49.8 50.7 51.6 50.5 48 44.1 40.4 37.5 36.7 37 36.7 36.1 32.8 31.7 33.2 38.2 45.7 55.5 59 53.2 45.7 40.6 42.4 44.9 38.5 36.8 39.5 41.3 42.7 45.3 47.8 50 52 52.8 54.4 57.6 61.5 64.9 71.9 80.8 85.3 76.7 68.2 66.1 70.1 72.9 69.7 65.8
73.5 72.3 72.3 74 77.6 81.1 73.7 65.3 63.3 62.7 57.2 57.2 56.1 54.3 51.7 54.7 51.7 49.9 46.3 45.2 42.1 40.6 38.7 37.2 38 38.8 39.6 39.1 36.3 38.8 42.6 42.9 41.7 40.7 44.1 47.3 48.9 50.3 49.1 45 42.3 41.1 41 40.2 36.9 36.2 34.3 32.8 32.9 32.2 36.6 43 51.9 61.9 58.1 48.7 41.2 47.8 47.6 41.4 37.4 40.4 42.6 44.9 47.1 49.7 51.6 52.3 54.9 56.4 59.4 66.6 70.4 76.6 85.4 92.7 81 73.1 80.9 87.4 87 78.2 70.6
71.3 70.6 72.6 75.4 79.3 78.4 71.2 64.8 58.3 55.9 54.2 52.4 54.2 52.6 49.8 54.7 50.4 45.2 44.6 41.9 39.4 37.2 37.2 38.8 42.4 41.7 42.5 39.8 39.4 42.4 43.5 45.7 43.9 43.7 45.3 48.1 49.3 50 50.1 48.5 47.2 45.6 44.6 44 40.9 37.1 33.5 32.5 32.6 32.6 37 43.4 51.7 61.6 61.2 49 45.1 50.1 49.8 43.2 37.8 39.8 42.7 45.1 49.1 54.1 57 56.3 57.8 60.7 64.9 73.3 80.6 80.9 91.2 94.8 91.9 85.9 95.4 99.7 99.6 91.3 83.6
70.2 70.4 73.2 77 77.2 73.7 67 60.7 56.9 54.3 48.8 49.2 51.2 50.8 48.3 51.7 49.8 45.2 40.7 38.2 37.2 37.2 39 41.7 43 44.4 43.7 42.3 41.5 41.5 42.7 44.9 47 47.2 48.1 49.8 50.5 51.7 51.7 52.9 52.3 50.3 49.1 47.7 40.7 35 35.7 34.2 32.8 33 36.4 43.1 50 58.8 66.1 58.7 52.8 53.8 54 45.4 42.3 38.7 41.7 44.9 48.3 54.6 61.6 62.2 62.9 67 71.6 79 87.7 93.7 93.7 98.9 99.6 101 106.2 112.3 113.9 105.6 96.3
68.7 70.8 75.1 75.1 73.7 69.7 65.3 59 52.8 49 46.5 45.7 46.8 46 44.8 48 45.8 40.5 36.9 38.6 39.8 37.4 39.2 41.9 43.6 46.1 45.3 44.5 41.8 38.4 43 46.5 48.9 51.6 51.9 50.9 51.9 52 52.5 54.1 54.5 52.8 51.3 48.1 38.1 37.3 39.3 36.8 33.2 33.3 36 42.3 48.9 56.6 66.9 70.8 67.3 63.9 56.5 47 42.1 39 43.7 48.5 50.5 52.5 58.1 60.8 64 69.6 75.2 82.8 95.3 99 101.1 103.5 106 109.8 114.6 122.7 128.3 123.1 110.4
67.4 69.6 72.9 73 72.7 68.9 63.6 59.2 52.3 50.6 49 46.5 44.8 43.2 42.2 42.2 40 39.1 40.8 41.9 40.6 37 39.1 43.5 46.1 47.3 46.7 42.2 41.1 42.3 46.5 51.6 52.6 52.7 54.7 53.4 52.4 51.9 51.2 52.4 54.2 53.1 49.3 43.5 41.3 46.1 43.3 39 34.2 33.7 35.3 41.4 48 55.1 63.3 73.6 74.7 66.4 56.9 48.7 42.8 39.6 44.2 51.4 55.2 57.3 59.1 60.4 62.9 67.7 74.4 82.5 95.4 99.5 105.1 108.3 112.9 118.6 127.2 136.2 145 145 129.2
67.1 70.4 72.7 73.5 73 69.4 64.7 61.4 57.8 55.6 52.1 49.8 47.9 45.7 44.8 39 42.1 43.5 44.5 43.5 40.7 37.9 40.3 44.9 47.7 48 47.5 42.9 42 44.9 48.9 55.9 59.6 60.7 57.2 54.8 51.8 51.6 49 49.7 51.1 52.5 47.9 40.7 48.1 50.1 46.1 40.8 35.6 34 34.7 40.9 46.3 53.6 61.4 71 75.7 69.6 61 50.4 44.9 40.9 44.8 52.1 58 61.6 62.5 63.2 64.7 67.4 72.9 87 98 102.5 105.7 110.9 120 131.1 140.5 148 158.2 164.7 147.5
69.6 72.5 74.7 74.7 73 69.1 66.6 63.2 61.9 58.6 54.3 52 49.2 46 42.8 42.8 46.5 47.7 47.3 44.7 41.3 38 43.3 46.1 46.8 46.3 43.9 42.9 45.1 49.3 53.7 55.2 64.6 65 59 54.8 52.1 50.9 49.3 46.9 45.8 47.2 46.8 42.9 51.2 53.2 48.3 42.3 36.9 34.6 34 39.5 44.1 49.9 58.9 68.8 76.1 71.2 64.5 52.8 46.9 42 45.2 52.2 58.8 63.4 66.4 70.3 71.7 72.2 75 80.5 91.4 97.2 102.9 112.8 124.3 136.1 146.7 159.7 170.6 177.1 163.1
72.1 74.6 77.1 74.7 71.7 68.8 66.5 64.1 63.3 58.8 53.3 50.6 47.8 43.6 41.8 45.9 49.4 50.7 48.9 45.3 41.8 38.8 45 47.4 47.2 45 42.6 42.3 45.3 50.6 58.3 66 68.6 67.7 61.2 55.6 54.3 51.7 49 47.8 48.5 47.7 45.7 47 52.5 55.7 51.6 43.9 38.6 35.5 34.8 36.2 42 46.8 55.9 66.7 74.6 72.3 67.9 56.4 48.8 43.8 44.5 51.3 57.6 63.7 68.2 75.2 78.9 82.4 82.2 84.5 86.5 97.4 105.3 116.3 127.8 142 154.8 167.3 176.2 183.3 182.2
74.2 76.6 77.7 76.1 70.3 66.9 65.3 60 59.5 55.1 49.4 48.2 44.6 42.8 44.5 48.1 50.7 51.8 49.3 45.7 42.2 39.9 46.2 47.4 46.1 42.5 43.7 43.1 46.1 52.3 60.9 73 76.9 69.2 61.3 57.7 54.9 51.3 51 50.1 50.6 50.3 50.6 51.4 53.3 57.6 54.5 47.2 41.3 36.8 35.4 34.9 39.6 46 54.5 64.8 71.7 73.9 68.4 60.1 50.6 45.9 43.5 50.5 57.5 63 70.4 77.5 83.4 92.3 95.6 94.4 95.3 101.4 109.2 121.8 133.9 147.3 159.7 170 179.3 189.1 191.1
71.6 71.9 73.2 73.4 70 64.1 63.1 59.4 52.2 50.6 47.3 45.5 44.8 45.3 47.1 49.2 52.2 51.6 48.9 45.2 42 40.7 46.5 46.9 43.1 43.8 45.3 45.8 47 54.8 63.1 74.6 79.9 74.8 68 62.6 59.1 53.6 53.9 53.7 52.5 52 52.8 55.5 58.4 61 58.5 52 45.2 38.7 35.6 34.9 39.7 46.8 53.5 62.4 70.5 73.5 69.7 62.4 53.4 47.6 44.2 50.2 55.1 61.2 68.5 76 82.8 92.6 98.9 99.7 102.9 108.9 118.3 128.4 139.6 152.2 163.2 173.4 183 192.6 198.5
68.1 68.1 70 70.3 67.6 62.3 58.8 55.1 51.3 47.4 46.2 47.6 47.8 48.2 49.5 51.6 53.6 51.4 48.6 44.7 42.9 47.8 47.9 46.2 44.4 46.6 48.5 49.7 48.7 53.5 62.9 75.9 83 80.1 75.4 70 65.7 61.5 54.1 53.6 53.2 52.5 53.3 56.8 61.5 64.1 61 55 48.7 41.5 36.5 36 40 48.2 55 61.5 68.7 72.6 69.3 62.3 53.7 49.2 45.1 50.2 56.5 63 69.9 76.9 83 90.2 96.6 102.1 108.8 115.7 123.9 134.5 144.9 154 164.7 174.9 185.2 196.1 205.2
65.8 67.5 69.3 69.3 67.1 63.8 61.1 55.9 52.4 49.4 46.8 50.2 50.9 51.1 51.8 52.9 52.8 50.1 47.1 45.6 49.2 48.8 48.3 45.8 47 51 54 54.9 51.9 56.6 62.9 77.6 85.6 86.5 81.8 76.5 70.9 64.8 54.6 53.5 53 51.5 51.5 55.9 61 62.1 60.7 56.4 50.4 43.1 37.1 36.2 35.9 47.2 53.9 59.2 65.1 70.8 69.3 61.5 54.2 49.2 44.5 51 58.7 65.3 71.9 78.9 85.5 92.9 98.3 104.2 112.6 121.9 130.3 138.2 146.2 156.4 168.2 177.2 187.4 199.8 210.3
65.2 66.7 67.3 66.7 65.4 63.4 60.4 53.2 50.1 49.7 49.4 52.4 54.5 55.4 54.6 53.1 51.3 48.5 47.2 44.2 47.8 48.8 49.6 46.9 50.9 56.3 61.9 64.9 56.7 59.7 68.3 78.6 85.6 88.2 84.8 79.5 74 67.5 58.3 53 52.5 49 50 55.1 58.6 59.1 58.1 54.4 49.1 40.5 37.3 38.4 36.5 39.7 53.7 60.1 63.6 69.6 70.1 64 56.9 51.3 45.5 52.2 58.3 65.4 73 80.5 88.9 97.9 102.8 107.2 114.7 123.9 135.3 141.6 150.9 158.7 168.7 178.9 188.2 202.2 215.3
65 65.9 67.3 66.4 63.7 60.2 52.7 54 54.1 56 53.3 54.4 58.1 57.5 54.7 51.5 49.4 50.4 50.9 47.6 49.7 51.2 49.9 49.5 54.9 62.7 70 74 63.9 64.7 74.8 85.4 91.6 90.6 85.1 77.4 69.8 63.4 56.4 50.6 49.2 47.6 48.3 51.9 53.8 54.3 54.1 50.7 45 38.2 41.3 43.5 39 36.2 47.9 57.2 57.1 66.3 70 65.7 59.5 53.1 46.3 51.3 57.8 65.3 72.6 80.2 88.7 97 102.5 106.2 115.7 123.4 134.9 140.6 151.7 159.7 170.2 181.4 194.1 203.8 216
64.9 66.9 68.2 67.4 65.4 59.5 61.4 63.4 62.6 62.6 56.4 57.1 59.1 57.2 53.8 50.7 52.5 50.5 48.8 50.7 52.5 52.5 49.3 52.7 58.1 68 74.6 85.4 76.6 77.8 85.3 91.4 92.8 90.2 84.8 74.2 65.2 58.1 54.6 52.6 49.8 47.2 44.8 43.4 44.8 44.4 45.9 44.5 38.8 43.8 51 48 42.3 38.8 38.6 47.2 51.2 62.7 69.7 68.2 62.9 54.9 47.1 51.2 58.4 64.9 71.7 77.2 82.5 88.6 100.1 107.5 114.8 122.3 132.1 141.8 152.9 162.1 171.3 183.9 193.4 203.3 215.9
65.8 67.6 69.4 69.2 65.2 62.9 68.2 68.6 68.2 64.3 60.4 60.2 57.7 55.3 52.6 53.8 49.2 47.5 51.1 52.3 53.6 53 49.7 53.3 61.1 72.1 77.5 83.2 89.4 93.7 96.5 95 93.9 88.4 81.2 72.8 66.6 64.5 58.9 54.1 51 47.3 46.7 47.1 46.7 46.8 42.5 39.5 44.6 52.2 56.8 51.4 45.9 42.2 39.6 39.9 46.6 58.7 66.6 68.7 65.1 56.4 50 51.9 56.5 61.9 67.8 72.7 80.8 89.3 101.2 108.1 115.5 124.1 132.7 141.8 153.5 160.8 170.4 181.9 191.9 203.2 214.7
67.1 69.1 70.1 70 66.3 69.8 70.7 70.3 69.8 66.7 64.3 60.1 57.2 55.2 54.7 48.9 47.4 51.2 52.3 55.3 55.4 54 52.4 56.4 63.9 73.8 79.1 85.3 91.6 97.3 99 97.6 93.5 89.1 83.8 77.6 74.4 70.2 64.5 56.7 52.6 46.7 51 55.1 52.8 48.7 42 47.1 52.7 60 62.7 57.3 49.3 47.2 47.1 41.9 40.6 50.4 61.6 65.7 67.4 59.7 53.5 48.8 54.9 60.3 66 73.7 83.5 89.8 100.6 108.3 116.1 122.9 132.4 142.9 152.6 161.1 173.3 183.7 191.8 202.5 211.4
69.1 70.5 71.2 70.9 70.5 71 71.5 71.1 70.1 67.2 63.3 58.8 56 55.7 51 48.3 54.1 55.3 56.6 58.8 58.1 55.1 54.3 57.7 65 72.6 79.8 86.5 94.9 99.9 99.2 97 93.5 88.5 83.4 79.2 76 70.7 66.9 59.1 51.5 47.4 55.6 58.3 53.7 43.1 46.3 50.7 56.8 63.5 67.3 59.4 50.8 52.7 55.5 48.1 39.1 48.5 57.4 63.1 68.1 64.6 56.3 49.7 56.5 60.7 67 74.9 83.1 90.4 98.2 105.3 114.4 123.4 133.1 142.7 151.8 161.4 171.9 181.4 189.9 199 208.8
68 68.3 68.6 69.7 70.4 71.4 71.6 69.9 69.6 67.1 62.4 57.2 56.9 54.1 51.6 50.9 56.9 60.4 62.1 62.4 59.7 54.6 57.2 61.3 67.1 74.6 81.9 88.8 96.3 99.1 98.9 95.6 91.9 85.7 81.3 77.6 72.4 63.8 61.8 55.4 50.2 50.1 57.4 57.4 49.7 45.6 47.8 52.9 59.4 66.6 71.3 64.1 57.7 58.3 61.3 54.9 44.4 40.3 51.9 60.2 67.6 67.7 60.1 49.8 56.6 61.4 67.1 73.3 80.7 88.5 96.5 103.4 112.4 122.1 131.2 141.1 149.7 160.2 169.6 176.1 184.7 194.6 203.3
65.8 66.4 67.5 69.4 70.5 70.9 70.4 67.3 64.3 58.7 58.9 62.3 59.9 53.3 50.3 56.3 60.9 64 66.3 63.5 59.8 55.1 58.5 65.3 72.2 78 84.4 90.8 97.8 99.5 99 94.7 89.6 84.3 81.8 76.9 68.6 63 57 51 49.5 54.5 55.7 53.8 47.6 54.4 51.5 55.6 62.5 70 75.8 73.1 64.1 65.6 67.1 61.1 50 43.7 46.9 57.4 66.2 68.8 62 53.8 55.2 62.3 69.1 75.1 83.3 88.5 95.1 102 111.5 120.8 132 141.7 150.2 158.1 166.5 174 183.7 190.4 194.8
64.8 66.2 69.4 71 70.3 65.9 60.9 60.6 61.1 62.6 60.5 58.5 54.1 53.6 52.1 60.5 65.5 67.3 67.4 64.2 58.9 59.1 63 68.4 75.8 82.4 89.6 95.4 99.3 99.4 97.5 93.9 89.8 85.4 82.3 78.1 72.6 63 55.3 52.4 57.1 58.8 53.2 49.3 52.5 59.7 61.4 59.9 65.6 75.3 81 81.7 76 74.3 70.9 64.7 56.2 47.5 44.2 52.7 64.9 69.8 64.7 57 53.8 60.5 66.2 74.6 82.8 89.1 95.6 101.9 112.2 122 132.6 140.7 146.3 155.1 164.9 170.7 177.9 184.7 190.4
63.7 63.7 63.7 63.4 63.3 64.2 66.9 66.9 66.2 63.3 58.9 56 58 58 53.5 62.6 65.7 67.4 67.4 63.3 59.8 62.5 67.3 73.8 80.8 87.7 94.8 99.4 99.8 98.5 96 93.2 89.8 86.2 82.9 77.6 70.9 60.6 55 62.3 69.3 57.8 51.2 53.9 58.7 65.2 68.9 64.4 72.5 79.8 85.8 86.4 82.4 77.3 72.4 65.9 58.4 50 42.3 55.2 64.4 68.3 66.4 60 53.3 57.9 66.9 75.3 81.9 87 93.1 101.8 109.8 119.5 129 135.8 144.4 153.1 160.2 165.9 173.5 178.2 182.8
67 67.1 67.6 68 68.3 68.1 69.4 68.8 65.9 60.7 61.9 60.6 61 59.2 53.5 62.2 66.2 66.4 65.5 62.3 62.8 66.8 73.1 80.2 86.2 92.7 98.4 101.2 99.7 96.9 94.3 92 89.6 86.4 82 77.2 69.8 57.4 62.1 72 75.6 62.3 51.2 56.5 64.9 69.7 73.9 74.5 78.4 83.6 89.1 89.3 84.4 78.4 71.2 63.7 55.7 44.7 44.2 53.8 61.9 66 68 63.5 57.1 55.4 65.1 73.3 77.4 82.6 90.1 98.5 106.8 114.9 123 132.7 140.1 147.5 154.6 159.8 164.3 171.3 177.8
68.6 67.9 68.3 68.7 69.3 70 70.6 68.8 63.9 65.1 64.1 63.3 63.1 60.7 53.3 66.5 69.5 67.4 65.5 64.3 64.3 68.8 76.4 84.4 91.6 97.1 100.7 101.4 98.4 94.8 91.8 90 88.8 86 82.4 74 64.1 62.1 72 80.9 76.7 64 51.7 58.4 67.6 73.9 78.6 82.3 83.3 88.2 91 89.6 83.8 76.6 68.8 60 50.8 40.2 44.9 52.5 59.2 63.1 67.4 66 60.1 54.6 62.2 69.5 74.4 81.4 87.6 95.9 104.6 112.6 121.2 126.8 133.6 141.4 148.5 153.1 156.7 162.7 169.5
71.2 69.9 69.2 70.1 70.9 71.3 72.5 69 67.6 68.6 68.2 66.2 64.2 60.8 56.5 60.4 68 68 67.4 68.1 66.8 70 77.8 86.5 93.6 99.3 103.2 101.1 96.5 92.1 88.5 87 86.3 82.4 76.1 67.9 63 72.3 81.5 83.2 75.7 61.8 55.3 59.9 68.9 77.6 81.7 85.7 87.2 90.9 93.2 89.8 82.9 75.3 65 55.9 47.7 44.1 43.7 48.1 54.9 60.1 65.2 67.1 63 56.4 61.1 67.8 74.1 81.2 87 95 102.6 110.3 117.5 123.6 129.4 137 141.6 146.7 151.3 156.7 162.5
77.5 73.2 72.8 70.9 72.8 73.5 73.6 68.9 74.2 72.9 70.5 67.4 62.5 59 64.4 59.7 69 70.4 71.5 71.9 71.6 73.9 81.8 90.4 95.9 101.1 104.1 99.8 95.8 91.4 87.2 82.5 81.1 74.2 68.6 67.7 72.4 76.6 81.2 78.8 69.1 60.7 62.6 66.4 70.9 78.5 84.6 89.4 92.7 93.5 93.8 89.3 81.5 73.2 62.3 52.3 44 50.6 51.6 46.9 47.4 54.1 61.8 66.2 67.7 59.3 57.3 66.9 73.5 80.7 85.6 92.3 98.8 107.2 114.4 119.9 124.6 130.7 137.1 141.6 145.3 152.3 155.7
90.7 82.5 76 73.1 74.5 76 73.2 75.9 79.4 76 72.1 69.2 62.7 69.2 72.9 63.6 69.6 74.5 75.3 75.5 75.5 77.3 85.9 94.2 99.2 104.3 105.2 99.6 94.7 89.9 86.4 81.4 73.7 70.6 71.8 76.1 81 83 79.1 70.5 62.9 63.7 73.6 76.1 76.2 77.3 84.3 91.2 96.5 97.1 92.8 88 80.4 70.7 60 48.7 50.1 57.1 58.1 53.9 49.8 49.2 58.8 64.2 68.8 64.6 57.7 59.9 69.8 76.4 79.7 88.3 96.3 103.4 109.2 114 119.2 126 131.6 136 139.8 147 148.5
96.4 87.3 78.6 76.5 76.9 79.3 75.6 80.2 83.6 78.7 72.7 65.8 69 78.6 73.7 73 67.1 78 79.5 80.5 80.9 82.5 90 97 102.9 108.5 106.6 101.4 95 88.8 83.5 80.3 76.1 78.8 80.4 84.3 86.5 83.1 71.7 68.1 71.2 70.3 82.6 84.1 83.9 82.2 85.5 92.7 98.4 96.2 91.6 86.8 79 70.5 59.7 48.2 57.4 64.1 62.8 59.5 53.3 46.4 56.5 62.6 70.1 71.5 65.9 60.6 64.4 68.4 77.1 85.1 92 98.8 104.3 108.6 115.1 121.2 125.7 133.4 137.4 141.1 144.9
105.3 94 84.9 83.4 82.8 83.3 82.3 88.8 89.5 78.8 73.9 74.8 73.3 83.1 81.5 80.4 70.8 73.7 82.3 85.5 88.3 90.5 94.7 99.9 105.6 110.4 108.7 101.1 95.8 89.1 81 79.6 83.7 85.9 87.6 89.6 87.9 79.8 68.5 73.5 79.8 83.2 87.3 93.3 93.1 90.3 89.8 95.9 100.1 97.6 91.5 83.8 75.9 66.3 55.1 54.6 63.2 68 67.6 62.9 53.4 51.8 56.5 62.3 69.9 75.2 71.9 66.4 60.4 65.6 74.4 80.4 87.8 94.1 97.6 104.3 110.1 117.1 123.5 129.2 133.4 135.9 140.2
