public/OST50/SO40.asc
ncols 200
nrows 200
xllcorner 340000
yllcorner 200000
cellsize 50
[rows 74 to 110 of 200, columns 0 to 82 of 200]
59.1 58.5 57.3 56.4 51.7 47.2 54.1 51 56.2 61.7 59.5 58.5 56.2 52.3 49.2 47 45.7 44.3 43.2 41.7 40.9 40.7 41.9 40.4 37.8 35.2 35.3 34.4 34.1 34.2 33.4 32.1 31.3 31 31.1 30.9 30.8 31.4 30.9 32.6 31.4 32.1 32.9 34.8 39.4 40.1 41.6 43.7 46.4 46 47.5 50.3 56.4 64.6 74.2 86.8 97.3 101.1 99.7 94.8 90.6 87.5 83.8 82.3 78.4 73.1 68.2 63.5 56.9 49.9 45.3 45.6 51 60.2 69.9 80.1 90.8 99.7 103.5 105.1 106.8 109.3 110
57 57.1 56.8 54.8 50.3 45.8 48.8 51.8 57.2 59.9 57.6 56.9 56 53.5 52.6 51.1 50.5 49.6 48.3 47 44.6 45.3 43.9 42.5 37.9 37.8 37.1 36.8 36.8 36.1 35 33.2 31.4 31.2 30.9 30.5 30.5 30.2 30.7 32.6 31.6 32.2 33.7 37.4 41.9 43.5 45.7 49.6 51.2 51.2 54.1 59.5 66.3 73.7 83.3 93.7 98.7 99.1 96.3 92.6 87.6 81.9 78.7 77.4 74.1 70.7 68.8 64.5 56.4 47.2 44.1 46 52.2 61.6 71.2 81.4 91.8 100.1 101 102.1 104.1 107.6 108.2
56.7 56.1 54.8 53.1 49.3 46.4 53.5 57.3 57.3 58.2 55.3 55.2 54.6 55.5 54.7 55.5 55.5 55.4 53.5 50 48.8 47.4 45.7 43.5 41 40.6 40.4 39.3 38.5 36.4 34.4 32.6 31.5 31.1 30.8 30.7 30.4 30.7 30.2 32.7 31.2 32.3 35 38.5 43.5 46.7 47.5 52.1 55.9 58.8 64.5 71.6 78 84.9 92.2 97 99.1 97.2 93.6 88.5 85.6 76.4 74.4 72.1 70.7 64.9 65.4 61.6 54.9 46.1 43.9 47.4 53.6 61.6 71.4 81.2 91.5 98.1 97.4 100.1 103.2 106.7 105.9
52.1 53.1 51.8 51.5 47.7 48.4 53.5 57.1 55.3 55.3 54.1 51.8 51.1 54.3 56.2 59.1 59.5 57.2 53.8 51.7 49 47.9 47.4 45.4 44.4 43.8 43.3 41.3 38.4 36.9 34 32.6 31.5 30.9 30.5 30.4 30.4 30.5 30.2 32.4 31 31.6 34.3 37.7 42.2 44.3 46.5 50.8 55.7 61.9 69.5 76.5 83.8 90.4 96.4 100.4 99.2 95.4 90.6 86.5 79.6 72.7 67.9 65.8 64.6 59.7 60.1 56.5 51 44.9 44.4 47.8 55.1 63 71.8 81 90 94.4 93.1 98 102.3 104.5 103.6
47.2 50.4 49.3 48.8 45.7 46.3 50.3 52.4 52.7 53 51.5 49.3 48.6 52.9 57.7 61.6 59.8 56.8 53.3 49.9 47.5 47.4 47.2 46.5 47.6 46.3 44.5 42.5 39.7 38.1 35 33.2 31.5 30.9 30.4 30.5 30.1 30.3 30.1 32.6 31 31.7 33.2 35.6 39.2 41.4 44.4 48.4 53.6 60 67.3 73.8 81.9 89.6 95.8 100.4 98.8 94.9 90.3 82.4 76.5 68 62.1 57.7 56.8 54.3 51.8 49 46.3 44.2 44.4 49.6 57.2 64.7 72.5 80.4 88.7 88.9 91 97.2 101.2 103.4 100.8
46.2 49.2 49.7 46.9 45 42.2 47 48.6 51.4 52.3 50.2 47.7 48.1 53.2 56.6 61.4 60.4 57.4 52.3 48.6 46.6 45 45.5 45.4 46.7 45.8 44.9 43.1 41.2 37.7 35.1 33.2 31.7 30.9 30.4 30.2 30.1 30.1 30.1 32.7 30.9 31.8 32.8 34.8 38 39.4 42.4 45.9 49.7 55.1 61.5 70.6 80.3 90.5 98.8 100.2 98.6 93.8 86.3 79.2 75.3 67.5 69.2 67.6 61.8 58.3 55.6 51.3 46.9 44.4 44.5 50.1 58.1 65.6 73.2 80.4 85.5 81.8 87.9 94.5 99.2 101.8 97.9
45.8 48.4 49.2 48.6 45.3 41.6 43.5 48.1 51.8 52.4 49.6 46.7 47.2 51.5 57 61.9 61.1 57.1 53.2 48.9 46.8 45.5 42.2 42.4 43.8 44.3 44.3 43.1 40.8 39 35.9 33.5 32 31 30.1 30.2 30.1 29.5 29.6 32.6 30.9 31.8 33.2 35 37.8 39.9 42.9 47.7 48.4 56.6 61.7 70.9 80.5 91.9 98.8 100.2 97.9 92.6 87 78.8 76.1 76.1 78.4 74.4 67.5 67.7 63 53.6 47.2 44 44.3 50.7 58.8 66.4 73.4 77.6 78.3 77.8 85.8 93.6 98.9 101.2 94.7
45.8 44.9 49.4 47 44.6 40.1 43.1 49.9 53.3 51.6 48.7 45 46.3 51.5 58.9 63.6 62.8 59.2 54.8 50.4 47.7 44.3 43.2 41.6 40.1 41.6 43.5 43.6 42.5 39.8 37 35.2 33.5 31 30.2 30 29.9 29.9 29.5 32.5 31.2 33 34.6 35 37.7 39.5 42 45 48.5 53.7 58.6 69.2 82.7 93.3 100.8 102.1 99.8 95.3 88.4 84.4 84.1 85.4 88.1 82.7 80.1 75.8 67.2 54.3 46.6 43.7 44.6 51.4 59 65.8 70.8 69.1 67.5 77.2 86.8 94 99.1 99.7 92.5
46.2 42.4 45 44.6 42.3 40.3 43.6 52.6 54.7 51.3 48 44.6 45.8 51 58.3 64.3 62.7 59 54.3 49.3 47.3 47.2 45.7 44.3 41.2 38.5 41.1 40.9 40.4 39.3 38.2 37.8 36.2 33.4 30.3 29.2 29.8 29.7 29.7 32.3 31.6 33 33.8 35.2 37.9 39.5 42.1 45.5 50.4 55.7 62.6 75.2 87 96.3 103.6 104.5 103.5 97.7 92.5 92.5 93.3 94.8 93.5 90 84.9 77.8 67.6 54.6 46.2 43.8 44.5 50.9 57.9 62.9 64.2 61.2 69.7 77.7 86.5 94.3 98.8 99.5 91.7
45.1 41.3 40.4 40.9 39.8 38.6 43.3 52.7 54.6 50.3 46.8 42.5 45.6 52 59.8 64.4 62.9 58.5 53.4 49.9 50.7 49 47.6 45.6 42.6 39.2 36.6 37.6 37.5 38.5 39.3 39.1 36.1 32.5 30.4 29.6 29.7 29.8 29.3 32.4 32.9 33.8 34.8 35.8 37.1 39.3 41.9 45.9 51.1 56.9 63.5 79.5 91.1 100.6 107.6 109.2 106.3 102 99 98.7 98.2 96 93.1 89 83.1 76.3 65.3 55.2 47 42.6 42.7 49 54.3 56.1 53.9 61.2 70 78.7 86.7 94.3 98.7 95.7 88.9
43 39.4 38.5 37.8 38 38.4 42.1 49.2 52.9 48.8 44.2 40.5 46 52.6 61.3 65.2 63.2 60.5 56.6 54.1 53.1 50.5 48.5 46.1 42.5 39.6 37.1 35.9 35.8 37 40.7 41.2 36.2 33 30.6 29.6 29.4 29.4 29.5 32.1 31.6 33.7 34.7 35.4 36 38.9 42.2 45.4 50 57.4 68.4 81.7 91.9 101.9 110.3 112.1 108.4 105.3 102.2 101.2 97.5 93.3 88.6 84.9 79.5 73.7 67.7 58.4 48.9 43.1 42.6 44.5 48.7 47.9 52.3 60.1 69.4 77.8 86.3 94.1 98.2 96.4 84.9
40.3 42.6 40.5 39.2 37 37.6 40 46.4 51.5 47.6 42.1 41.4 45.6 50.4 62.2 66.9 66.6 63.8 60.5 58.4 55.3 51.8 49.1 45.5 43.3 40 38.2 35.7 34.7 36.8 41.9 42.3 39.2 34.4 30.8 29.9 29.2 29.1 29.5 31.8 30.2 31.6 32.2 33.7 36 38.7 42.4 45.9 51.2 58.2 69 80.8 91.1 101.3 110.3 112.2 110.1 105.7 100.7 97.9 94.8 90.9 83.6 79.7 74.5 69.5 65.4 55.7 49.6 44.8 42.6 42.8 44 46.6 51.3 58.6 68.4 78.7 87.1 94.4 96.2 94 85.6
49.6 45.8 41.5 39.3 37.5 37 38.7 45.2 49.1 46.1 40.8 40.3 43.4 52.9 63.2 67.2 68 67 64.6 62.7 58 53.6 50 45.5 43.8 40.2 37.2 34.6 34.5 38 42.7 42.8 38.5 34.8 32.4 31.1 29.3 28.4 29.2 31.8 29.4 30.4 31.8 33.6 36.1 38.6 41.2 47 51.8 57.5 68.1 79 89.6 100.3 108.5 111.4 108.4 103.3 96 93.1 90.8 87.1 79.1 67.6 68.3 63.6 60.9 51.8 46.1 43.8 41.6 42.8 43 46.2 52.2 60.2 70 80.3 88.5 93.9 93.2 90.9 85.6
52.5 46.8 42.5 39.8 37.5 35.8 37 41.5 45.8 44.7 39.7 37.9 43.5 54.9 64.6 65.2 66 66.9 66 63.6 57.4 52.7 49.4 46.6 43.6 39.1 35.9 33.8 35.8 40.7 46 43.3 38.2 34.7 35.2 33.9 30.5 29.3 29.1 30.6 29.3 30.3 31 33.6 35.9 38.2 41.7 45 48.8 54.1 61.2 71.5 86.8 99 107 109.8 107.9 101.7 91.4 86.4 84.8 81.8 75 65.8 61.1 57.4 56 48 48 44.7 42.4 41.5 41.7 46.6 54.5 62.4 72.4 82 90 92.3 90.6 88 84.2
52.9 50.5 45.8 41.6 38.8 35.7 35.4 38.2 43.6 41.8 39 36.8 43.3 55 61.9 61.3 62.2 63.9 63.2 60 55 51 47.5 45.9 41.4 37.2 34.1 33.3 36.8 43.2 47.4 43.2 39.9 38.7 38.1 37.9 34.9 29 29.1 31.1 28.8 29.5 30.7 33.2 35.4 37.8 40.8 45 51.5 57.1 63.8 74.7 87.9 98 104.4 107 106.9 99.8 89.3 82.7 79.1 77 69.3 62.3 55.4 52.2 49.4 52.1 49.5 45 41.6 41.1 44.3 49 57.9 66.5 76 84.9 90.3 89.7 88 83.4 79.9
57.6 53.2 47.8 42.9 39.5 36 35.1 37.1 41.9 41.5 36.6 35.6 43.6 52.1 56.7 55.2 55.3 57.1 56.8 56.2 52.9 48.4 45 44.6 40.5 35.4 33.8 33.4 37.3 45.3 46.9 45.2 42.6 41.8 40.1 38.6 35.6 31.7 28.7 31.6 28.4 29.2 30.4 32.9 34.7 36.9 40.1 45.5 53.7 59.3 66.8 75.2 85.9 93.2 100.7 105 104.5 97.4 89 81.4 72.3 70.5 65.9 58.3 53.9 56.3 56.2 55 46.7 40.8 40.6 42.2 47.4 54.9 64.1 71.6 80.6 86.4 89.9 87.2 83.3 78.6 75.7
60.1 54.2 50 44.3 40.3 36.4 34.8 34.9 38.2 39.5 34.6 34.8 39.8 45.5 50.8 50.6 49.2 50.2 50.6 50.2 49.1 46.2 42.6 42.6 38.7 34.7 32.2 34.2 39 44.2 46.4 44.7 42.8 40.6 38.5 36.8 34.6 31.2 28.8 31.5 28.6 29.1 30.1 31.4 33.7 36.6 39.7 45.4 51.2 57.8 66.2 71.2 78.8 87.1 95.3 102.8 101.5 95.3 86.8 78.5 73.8 63.9 59.6 59.3 64 62.5 59.9 56.2 45.5 41.1 41.2 47.4 54 60.9 70.5 76.6 82.8 86.8 87.4 84.4 77.4 74.4 70.2
59.6 55.4 51 46.1 40.3 36.4 34.2 34.3 36.1 38 34.6 34.1 35.4 38.3 41.8 43.1 42.4 42.1 42.8 43.8 45.7 43.8 40.2 40 36.5 33 31.3 34.7 39.6 42.9 44.5 43.5 39.8 38.3 37.2 35.1 32.9 32.6 36 31.2 28.6 31.5 30.2 31.5 34.9 37.3 40.2 44.6 49.1 54.1 57.7 65.2 76.2 83.5 93.6 101.8 104 97.2 87.1 78.6 75.9 68.2 67.8 70.5 68.6 63.1 57.9 52.6 42.7 40.5 41.8 49.3 56.1 63.4 71.3 78.5 83.1 84.8 84 81 73.4 69.6 65.8
57.7 54.3 50.2 45.6 40.1 36.5 34.4 34.1 33.9 35.1 34.2 33.3 33.3 33.8 35 35.5 36.5 37.2 36.6 37.7 40.1 40.6 38 37.6 34.4 31 31.1 34.3 37.5 39.6 41.9 41.7 39 36 34 33.2 31.7 29.5 28.2 31.1 35 35.5 30 31.2 33.9 38.5 40.5 44.2 49.4 54.1 59.8 65.2 73.2 83.3 92.3 102.1 105.3 98.2 92 87 80.3 78.2 78.8 78 71.4 63 53.5 50.8 42.1 40.8 41.5 48.4 56.2 63.7 71.4 76.6 80.8 79.9 79.5 76.8 69.6 63.3 62.2
52.3 51.9 47.9 44.7 39.7 36.3 34.2 33.9 34 33.4 32.9 32.9 32.6 32.3 32.1 32.5 32.5 32.4 32 32.9 34.7 35.9 34.9 34.9 32 30.4 31.4 33.9 34.7 36.7 40 40.6 38.3 35.5 32.7 31.3 30 28.8 28.8 31.3 28.2 28.6 29 31.1 32.7 36.7 40.5 45.3 49.9 52.8 55.6 62.4 71 81.1 90.1 101.3 107.1 102.9 98.6 95 89.4 86.3 81.1 75.9 70.5 63.7 53.7 46.2 41.9 40.6 40.4 48.2 53.5 60.2 65.3 72 76.2 74.2 74.1 72.6 66.8 61.1 58.5
48.6 49.1 46 43.2 39.8 36.1 34.3 34.1 35.9 34 32.9 32.5 32.5 32.1 32.2 32.4 32.2 31.3 31.2 30.7 30.9 31.7 32.8 32.5 30.4 29.5 31.1 32 32.4 36.2 39.8 40.7 38.2 35.3 32.5 30.6 29.1 28 27.6 31.3 28 28.9 29.3 29.9 31.8 34.8 38.6 43.4 46.5 49.1 52.4 59.6 68.7 76.2 84 94.4 104.9 104.5 104.8 100.8 93.7 90 81 71.9 66 60.8 56.6 48.4 42.7 39.6 40.2 46.3 52.9 54.7 58.3 64.7 69.7 68.7 68.1 67.5 62 55.8 55.3
46.1 46 43.2 41.7 38.6 35.2 34.5 37.4 39 36.4 33.7 32.9 32.6 32.4 32.6 33.9 34.6 32.9 31.8 30.8 30.3 30.4 30.6 30.4 29.9 29.5 29.6 30 31.6 35.6 39.2 39.5 36.8 34.3 32.2 29.8 28.5 27.5 27.5 30.4 28 31.9 30.7 30.5 31.9 34.4 37.3 41.1 43.5 46 50.6 56.3 61.6 69.5 82.8 90.3 97.7 98.8 101 101.5 94.6 86.9 79.1 70.2 59.2 55.5 52.2 48 43.1 39.4 39.2 42.7 48.3 49 53.2 58.4 62.7 62.6 62.7 62.1 57.4 52.6 51.9
43.8 41.8 40.7 39.5 36.4 35.2 34.8 42.6 40.8 37.9 34.8 33.6 33.5 35 34.7 36 35.9 34.6 33.5 32.9 32.5 31.3 30.5 29.2 29.8 29 29.1 29.4 32.2 34.5 35.6 35.2 33.8 32.1 31.1 28.7 28 27 27.5 30.6 28 34.2 35.4 32.6 31 33.9 36 38.5 41 44.6 47.6 51.3 57.6 65.7 77.2 85.5 89.4 89.6 93.2 97.3 92.8 86.5 76.9 67.6 63.2 55.8 48.9 45.5 41.9 39.4 39.4 40.2 43.2 44.1 46.6 53.1 56.4 57.4 57.3 55.6 52.9 49.2 46
41.3 38.9 38.1 37 35.9 35.1 39.4 43.8 41.9 37.9 35.2 34.7 36.6 38.4 37.3 39.2 40 38.2 38.5 38.2 34.9 32.7 32.3 30.7 29.5 29.3 29.1 28.8 30.8 32.4 32 31.3 30.7 30.5 29.9 28 27.3 27.3 27.7 29.6 28.8 34.2 37.3 34.5 34.9 34.9 36.7 37.8 40.1 42.6 47 52.1 59.8 68.1 74.7 78.3 76.9 78.4 83.6 89.8 89.6 85.9 81.7 75.8 67.1 57.7 49.8 44.7 41.3 40 37.4 38.8 39.5 40.8 43.3 46.8 51.4 52.4 51.4 49.6 48 45 49.2
39 37.6 36.4 36.7 36.4 39.2 45.3 44.8 41 37.7 35 37.1 41.2 42.9 42.6 44.9 46.4 44.7 43.9 40.6 37.2 36 34.5 33 32.2 31.5 29.1 28.7 28.9 29.2 29.1 28.9 28.6 28.5 28.3 27.5 27.3 27.7 27.4 29.1 29.5 33.7 38 34.9 33.3 34.6 35.6 37.2 39 41.6 46 52.4 59.5 64.7 65.3 68 65.5 66.9 77.6 81.7 84.2 84.7 83.3 78.5 68.6 60.1 52.3 44.8 45 41.5 38.9 38.6 38 38.7 40.8 42.9 47.2 49 47 45.8 44.2 47.1 54.2
37.8 37.1 39.4 39.2 39 41.9 46.5 44.9 40.6 37 37.3 42.6 46.8 49.1 48.9 51.3 51.1 52.1 50.4 45.7 42.3 41 39 37.3 35.5 34.7 31.3 29.2 28.7 28.3 28 28 27.9 27.7 27.4 27.2 27.6 27.4 27.3 30.9 30.4 34.4 35.7 34.1 31.8 33.1 34.2 35.5 37.7 40.3 42.9 48.3 53.2 56.7 57.4 60.9 57.4 63.3 71.7 73.9 75.9 80.6 82.7 78.4 70 61.4 53.1 48.1 49.4 44.7 40.9 39 38.1 38.4 38.5 40.6 42.9 44.2 43.3 43.5 46.6 53.2 61.1
38.8 40.8 45.4 44.3 42.3 43.8 47.8 44.8 40.6 37 39.3 46.1 52.6 53.1 53.2 56.9 58.7 59.4 55.9 51 48.3 45.8 43.6 40.9 38.1 35.2 32.8 30.2 29.2 28.4 28 28 27.9 27.8 27.5 27.2 27.5 27.3 26.9 29.5 32.6 35 34.8 32.2 31.6 32.5 32.8 34 35.9 37.7 40.1 43 46.1 48.8 55.5 56.9 53.5 58.3 65 64.3 69 75.4 80.9 78 69.6 61.4 55.4 55.7 54.2 47.5 42.8 39.2 37.1 38.1 38.6 39.9 40.5 39.7 43.1 47 53.5 65 68.7
41.9 42.8 48.9 51 49.9 47.8 49.7 43.9 40 38.3 39.2 46.3 52.8 55.4 58.1 61.8 63.6 61.3 58.6 54.8 51.1 47.9 45.2 40.8 37.1 34.2 31.6 30.6 29.4 28.8 28.2 28 28.1 27.5 27.7 27.7 27.6 27.5 27.2 29.7 32.7 34.4 33.9 31 30.6 31.8 31.6 33.2 34.2 35.8 37.5 39.7 41.6 46.2 52.5 53.5 50.1 53.1 57.3 56.9 64.2 71.1 78.5 78.4 71.8 66 59.8 61.7 57.4 48.3 43.2 39.3 37.1 36.7 38.1 39.5 43 46.6 51.7 56.9 64.6 69.6 74.2
46 44.6 50.5 59 57.1 51.4 50.9 43.8 41.3 42.6 40.8 43.6 50.8 55.6 58.8 62.8 64 61.5 58.2 55.5 51.3 47.6 44.2 39.8 35 31.6 30.5 29.9 29.1 28.5 30.4 31.1 29.9 28.9 27.8 27.5 27.6 27.3 27.7 29.4 31 32.2 31.9 29.6 29.4 30.3 30.8 31.9 32.5 32.6 35.8 37.8 39.8 42.6 46 50.2 47.1 47 49 52.2 60.2 68.7 76 81.2 79 73.4 67.9 68.5 61.9 50.2 43.8 39.9 36.4 37.2 38.4 41.9 47 52.2 58.1 64.1 68 72 75.9
49.2 49.9 55.8 64.2 57.4 55.3 51.5 46.1 45.3 45 41.7 44.9 48.4 54.3 55.3 56.7 60.5 60.6 56.7 54.4 51.1 47.4 43.8 38.7 34.2 32.2 31.4 29.9 28.9 30.1 32.6 34.2 32.7 31.3 29.5 27.3 27.3 27.1 27.1 28.3 29 30.2 29.7 29.4 28.8 29.7 30.4 31.3 31.6 32.9 34.5 36.5 38.3 39.8 42.6 45.1 45.2 43.5 45 50.3 59.3 66.5 74.3 82.1 82.1 78.4 74.8 73 66.1 53.1 43.7 40.2 37.2 37.1 37.9 41.7 48.1 53.3 60.2 64.7 66.9 70.6 75.2
52 55.2 61.3 66.6 60.1 58.1 50.7 53 50.9 45.7 42.3 48.7 55 56.8 53 51.2 55.3 56.8 53.6 52.2 49.2 45 41.4 36.7 33.6 32.3 31.3 30.4 30.4 31.3 34.7 36.2 34.1 32.6 29.4 26.7 26.9 26.8 26.8 27.4 28 28.7 28.1 28.3 28.7 29 29.7 30.6 31.8 32.8 34 35.3 36.6 38.1 39.3 40.7 40.9 41.3 44.1 49 56.4 66.1 73.7 81.5 80.7 80.1 77.9 73.8 67.5 57.6 46.1 40.4 36.2 36.7 36.7 41.8 47.4 53.1 58.3 61.7 64.7 69.3 74.3
54.6 60.2 66.2 66.1 64.7 59.8 53.4 58.1 54 48.3 44.4 47.1 53.8 59.3 54.1 49.6 48.8 49.3 49.6 47.2 45.4 41.7 38.2 35.5 34.3 34 32.6 31.8 32 33.2 37 37.1 34.2 31.1 28.3 26.9 27.1 26.5 26.6 26.7 27.8 27 27.2 27.6 28.2 28.7 29.9 31.7 33.5 34.2 34.8 35.1 35.8 36.3 37.1 37.8 38.3 39.6 43.1 48.9 57.1 66.3 74.2 78.9 77.6 75.9 74.5 71.3 66.5 59.7 49.7 41.4 36.8 36.7 36.1 39.7 46.4 52.8 56.4 58.1 62.3 67.1 72.4
60.9 64.2 68.7 67.1 64.1 59 60.9 64.5 57.6 51.9 48.7 48.4 54.2 58.4 55.8 50.9 45.9 43.2 43.2 41.1 40 38.5 35.5 35.4 37.5 36.6 35.1 33.8 34 35.8 38.9 37.1 33.1 30.5 27.9 26.5 26.2 26.4 26.6 26.8 27.2 26.7 26.9 27.2 27.8 29 29.9 32.3 34.3 35.1 35.8 35.7 35 34.8 35 36.1 36.7 38.8 42.9 50.3 58.6 67.1 72.2 73.8 72.9 69.9 69 66.9 62.3 58 52.5 42.6 37.7 36.2 35.9 37.1 44.7 50.6 51.9 53.1 59.6 64.3 69.6
65.9 68.5 68.7 66.1 63.7 62.5 65.7 66.7 59.1 54.1 53 51.7 56.6 59.4 56.3 51.3 45.1 44.3 44.2 42.4 39.6 38.1 37.1 38.4 39.7 40.1 38.8 37.3 37.2 38.7 39.8 35.8 31.2 29.2 27.5 26.5 26.3 26.6 26.4 27 26.2 26.4 26.5 27.4 27.9 28.6 29.7 31.3 33.4 34.9 36.3 36.1 35.1 33.7 34.4 35.3 35.9 39 43.9 52.7 60.4 65 68 66.7 66.4 63.9 63 61.9 57.9 54 51.2 46.4 41.1 36.7 36.2 36 42.1 44.5 48.4 49.8 54.6 60.4 65.6
67.7 67 65.6 62.8 62.1 59.8 64.4 65.7 60.1 57.2 56.1 56.1 59.6 61 56.4 51.3 48.4 47.8 48.2 46.8 43.1 40.6 39.3 41.1 41.8 42.8 41.8 40.3 40.5 41.9 40.2 35.9 32.7 29.2 26.4 26 26.1 26.1 26.1 28.4 25.4 26.3 26.4 27.6 28.7 29.3 29.7 30.6 32.7 34.3 35 35.8 34.8 33.1 33.5 33.8 35.3 39 47.2 55.7 61 63.1 62.9 59.6 57.8 57.1 56.6 55.8 52.7 48 46.7 45.1 43.9 40.1 35.5 35.7 36.9 41.4 43.4 47.6 51.4 56.6 62
63.9 65.3 63.6 57.9 60 55.1 59.7 62.3 60 57.4 55.5 54.9 58.1 60.6 57.1 53.3 50.1 49.4 49.8 47.2 43.6 41.1 40 41.6 42.1 42.4 41.5 41 41.7 43.5 41.3 38.8 33.7 29.1 27 26 25.9 26 26.2 29.4 25.7 26.4 26.3 26.7 27.7 29.7 30.8 31.2 32.8 33 33.9 34.8 34.2 33.1 32.6 33.8 36.4 42.7 50.5 56.4 60.5 61 58.4 55.7 51.9 52.3 50.4 48.7 44.7 43.1 40.7 40.5 41.9 41.9 38.8 34.6 35.5 37.7 39 41.6 46.5 51.2 58.1
58.5 59.8 61.9 58.4 55 52.5 55.8 58.7 57.3 54.6 51.8 52.4 55.9 59.8 58.2 54 48.4 49.4 48.6 45.7 42.1 39.6 38.7 39.7 40.7 41.1 39.9 39.4 41.9 43.5 43.9 38.9 34.1 30.1 28.3 27.2 25.8 25.8 26 29.5 25.9 26.2 26.2 26 27.4 29.1 31.6 32 31.5 31.6 33.7 33.5 32.2 31.7 32.3 33.3 37.1 43.9 49.3 53.8 55.5 54.6 52.8 49.3 47.2 45.8 44.5 44.5 40.7 37.6 37.2 36.6 38.8 40.5 41.2 36.5 35.3 33.8 35.8 37.3 40.3 46.9 55.6
