public/OST50/SO41.asc
ncols 200
nrows 200
xllcorner 340000
yllcorner 210000
cellsize 50
[rows 0 to 37 of 200, columns 0 to 85 of 200]
217.6 213.1 210.1 209.3 214.5 221.9 227.3 231.8 232.2 228.9 220.3 217.3 216.5 216.2 213 209.1 203.6 196.9 188.8 181.5 185.9 185.7 188.9 195.4 200.6 204.7 207.7 209.6 211.7 213.3 214.8 214.1 208 200.7 191.6 181.9 177 173.2 167.1 160.8 156.1 150.9 145.8 144.2 146.9 144.7 142.9 138.3 132.6 130.6 130 124.3 119.3 115.3 119.6 127.3 132.2 133.8 135.1 135.9 135.1 130.6 126.1 123.5 121.6 117.8 112.3 106.3 100.2 96.8 91.8 83.2 80 75.6 70.7 67.5 65.3 70 80.3 78.7 72.9 67.4 64.1 61.7 60 58.6
213.6 210 206.5 205.7 210 215.8 221 226.3 229.3 230.8 222.2 216.4 213.3 212.9 214.8 213.1 208.5 203 194.6 187.2 178.1 179.3 185.1 190.3 195.5 199.4 200.5 201.2 203 204.9 208.3 212.8 211.2 205.5 198.5 189 183.7 180.3 175.1 167.5 160.9 156.1 154.1 150 146.7 144.5 141.2 136.7 136.5 138.5 135.4 130.3 124 117.1 113.3 123.3 131.3 133.5 132.3 132.3 131.2 129.5 125.2 120.5 119.7 116.5 111 104.5 99.9 98.7 96.2 90.4 85.6 77.3 69.6 67.1 67.8 75.7 84 86.8 79.3 72.5 67.4 65.3 63.2 60.5
209.1 206.1 203.6 202.8 206.4 211.3 216.1 221 225.3 227 226.6 219.3 211.6 208.6 209.5 210.2 205.9 202.2 195.7 188.4 181.9 176.3 181.6 186.8 190.6 193.1 193.5 194.2 196.1 198.6 203.4 209.1 212.5 208.8 203.9 195.4 189.5 184.9 179.1 171.2 164.6 164.3 161.4 157.7 156.6 154.1 148.2 143.4 142.1 143.4 139.3 134.4 127.1 118.9 110 120.4 130.3 134.1 132.1 130.2 129.3 128.5 127.6 124.9 120.5 116.3 111.5 106.4 104.4 103.1 98.5 92.2 84 75.3 69.5 68.2 71.9 78.6 87.3 90.6 84.6 77.6 72 67.6 65 61.7
203.8 202.4 200.6 200.3 203 207.1 211.6 216.8 221.7 222.4 223.2 219.8 211.1 204.2 204.2 204.8 199.7 190.7 191 187.6 183 176.9 175.9 181.8 186.1 187.7 186.5 187.6 189.3 194 200.4 205.4 208.5 210.3 206.8 199.8 194.1 189.3 181.8 173.9 171.4 171 167 163.8 162.4 158.7 153.3 147.9 144.3 143.3 140.7 135.3 128.1 120.4 109.6 118.8 129.5 134.7 133.1 131.3 131.3 131.1 130.4 128.1 122.9 118 112.6 108 108.1 105.7 99.7 91.4 81.4 73.3 69.3 69 74.9 81.4 89.4 94.5 90.1 83.4 77.1 71.8 67 64.3
198.7 197.3 196.3 197.3 199.4 202.8 207.1 211.7 216.1 216.5 212.4 211.5 206.1 199.7 197.7 198.9 197.3 193.3 186.5 183.2 180.1 177.1 173.7 177.7 182.8 182.3 180.6 181.6 184.4 189.8 196.8 202.1 205.4 208.4 205.8 200 194.7 188.6 182.3 176 175.1 175 170.7 166.6 163.3 160.7 155.7 150.1 145.2 141.5 137.1 132.2 124.9 117.4 107 123.4 129.4 135.4 134.3 129.9 132.3 131.4 130.1 127.9 123.4 118.3 113 109.7 107.2 104.2 97.6 87.2 77.4 69.8 72 76 79 84.4 91.9 99.4 96.7 89.9 82.8 75.8 70.4 67.2
193.5 192.1 193.9 194.8 195.8 198.2 202.1 206.7 210.1 212.6 211.7 207.3 198.9 195.7 190.6 192.5 192.6 190.3 186.3 179.6 176.2 173.5 166.9 174.3 180.1 178.6 175.6 176.3 181.1 187.1 193.3 199.3 202.9 203.7 201.7 197.6 191.7 185.6 180 174.3 170 170.6 171.2 167 162.3 159.5 157.5 152.5 146.6 140.7 134.5 129.4 121.4 113.7 109.7 127.2 132.3 135.6 133.9 127.7 122.3 124.6 123.9 122.5 119.4 116.5 111.7 106.7 103.8 100.3 93 83 75 74.6 78.8 83.1 85.5 88.8 95.7 103.6 102.1 95.3 88.2 81.5 74.8 69.8
187.9 189.4 191.4 192 191.6 193.3 196.4 200.6 204.3 207.4 209.4 208.4 202.1 195.7 188.4 179 185.9 185.4 183.7 178.6 173.2 170.5 162.2 171.3 175.7 175.4 172.7 174.4 178.5 184.8 191.5 197.2 199.8 196.6 193 190.6 187.1 183.1 178.4 172.8 167.1 163.6 164 164.9 163 158.4 155.9 153.9 148.3 142.2 135.3 127.7 119.2 107.9 112.6 125.1 133.3 134.7 131.4 125.2 119.4 113.9 111 111.4 111.2 110.4 108.4 102.9 97.6 93.3 87.2 79.5 74 77 85.3 90.4 93.2 95.2 100.2 108 106.9 99.8 92.3 85.9 78.1 71.9
184.1 187.4 189.7 189.3 188.1 189.5 191.4 195 199.4 202.2 204.8 205.6 202.9 198.6 191.1 183.9 175 177.4 181.2 176.8 172.5 168.4 164.7 168 171.8 172 169.4 171.4 177.1 183.4 190.2 195.9 198.4 196 190.3 184.8 181.3 177.8 174.3 170.3 165.2 159.6 157.6 157.9 159.4 158.9 154.7 151.8 149.2 143.3 134.9 126 116.8 105.4 110.6 120.9 130.7 129 125.3 121.3 115.3 110 103.8 99.6 97.9 98.9 99 94.2 89 84.7 79.8 73.4 75.6 79.1 89.5 96.4 100.5 100.7 103.6 109.8 108.3 101 94.1 86.4 77.9 71
181.1 185.8 188.4 187.2 185.1 184.5 186.2 190.3 194.7 198.5 201.5 201.6 199.8 197.1 194.1 186.4 178.5 173 172.6 171.9 168.5 164.7 159.7 164 167.5 168.2 167.5 170.1 175.8 182.7 189.3 194.2 196.7 195.1 191.7 186.6 180.6 175 170 165.5 160.5 156 152.5 152.2 152.8 153.4 153.3 149.7 145.8 140.9 133.3 125 115.2 106.4 104 116.7 124.9 122.5 118.1 112.8 107.5 102.6 98.1 92.6 88.7 86.8 82.5 82.2 80.7 81.6 84.5 84.1 81.7 82.6 91.7 99.5 104.5 105.3 104.6 103 99.2 95.2 90 83.5 75.5 69.6
179.5 184.5 186.3 185.8 182.8 179.7 181.5 185.7 190.7 195.5 198.2 198 196.7 194.8 192.3 188.3 181.2 175.1 170.1 166 164.2 161.6 159.2 158.9 162.4 162.6 165.2 168.5 175.5 183.1 189.5 192.6 194.5 193.9 191.1 187.9 182.9 174.9 168.7 161.8 155 151 147.4 146.1 147.3 147.6 147.2 146.4 142.9 137.5 130.7 124 115.5 106.2 99.8 108.4 116.4 115.2 110.5 105.2 99.7 94.7 90.1 87.6 83.1 84.1 86.9 88.8 91.2 92.9 94.8 93.6 88.1 85.4 93.8 101.2 106.8 109.2 105.5 99.7 93.6 89 84.9 79.1 76.9 77.3
178 182.8 184.7 183.3 180.5 176.4 177.5 181.3 186.5 191.3 193.3 193.8 193.8 193.3 192.4 191.9 187.5 182.2 177.2 174 170.9 166.9 160.8 153.3 157.4 158.3 162.5 168.3 176 182.9 189.7 191.4 192.6 192.4 189.3 185.8 179.7 174.3 168.1 164.8 158.7 151.8 145.2 139.5 142.2 141.2 140.6 138.9 136.7 133.3 128.3 122.1 114.2 106.4 99.6 99 104.1 107.8 104 97.8 92.5 87.3 83.4 87.6 91.2 92.8 95.5 98.3 101 103.4 104.3 99.3 92.8 88.5 95.3 102.3 108.4 111.7 107.7 101.1 94.8 88.9 83.3 82 84.7 82.5
176.7 180.9 181.7 180.7 178.3 173.2 172.9 177.4 181.7 186 188.5 189.4 191.2 192.3 192.1 192.4 191 186.8 183.1 179.8 176.3 170.4 162.8 156.6 152.7 156.1 162.2 168.3 176.1 182.2 187.7 189.7 191 191.4 189.3 186.3 183.6 178.6 173.6 168.5 162.7 156.2 149.1 143.2 138 135.3 133.6 132.5 129.1 125.3 121 115.8 110.8 104.8 100.6 101.3 98.2 94.1 93.6 92 88 84.5 91.8 94.7 96.6 99.5 104.6 108.2 110.6 112.7 109.4 102.7 92 94.8 99 103.8 109.2 112.3 109.1 103.6 97.9 92.7 87.2 89.5 90.6 86.8
175.7 178.7 178.8 177.8 176.3 171.7 168.1 172.8 177 181 182.9 185.2 187.7 190.3 191.5 192.5 190.7 187.1 182.1 178.8 175.2 170.7 164.8 157.8 149.4 154.5 160.8 166.6 173.4 178.9 181.9 183.9 186.3 189.7 191 188.3 185.2 181.3 176.1 170.5 165.2 159.7 153.2 146.5 141.3 139.1 135.9 130.8 125.1 118.5 114 108.8 111 111.2 110.6 109 105.6 101.5 99.6 95 91.7 90.1 97.5 101.3 103.5 107.7 113.6 116.4 117.9 117.7 112.7 103.1 95.1 97.1 103.4 106.8 110.8 114.3 112.5 107.5 101.8 96.8 95.1 95.9 95.4 91.1
173.1 175.1 176 174.7 173.2 169.9 166.1 168 172.6 176.2 178.7 181.7 185 188.6 191.8 192.3 189.5 185.8 179.6 175.8 171.4 168 163.8 157.7 152.1 150.6 157.8 164.4 170 174.4 177.5 180.1 183.5 187.3 190.4 189.9 185.8 181.9 176.6 171.2 167.2 163.1 156.5 149.8 146 144.4 139.9 133.5 127.1 120.9 117.6 118.4 120.7 119.8 120 119 114 109.9 104 98.6 95.2 97.2 102.9 107.1 110.6 116.3 122 121.9 120.8 118.8 113.1 104.8 96.8 99.7 106.9 110.2 113.6 116.7 115.8 111.3 106 102 101.9 102.5 99.8 95.3
169.9 170.8 172.1 173.3 170.2 168 164.4 163.8 168.2 172.6 175.9 179.3 183 187.2 190.2 190.4 189 186.6 179.7 173.5 168.1 164.3 161.4 157.3 151.6 148 154.8 162.3 166.8 169.9 173 176.7 181.1 185 188.4 189.6 187.4 183.5 179.3 173.6 168.3 163.5 158.9 153 149.7 147.1 142 135.6 129.3 125.8 125.8 127.8 129.6 128.2 126.7 123.3 119 112.8 106 99.7 97.3 102.2 108.1 113.5 119.6 125.5 127.3 123.8 118.9 115.3 112.1 106.1 101.4 102.5 109.8 114.5 117.6 120.1 119.8 116.8 112.4 110.9 110.5 110.6 106.6 101
161.9 165.1 166.5 169.8 168 165.1 161.1 157.6 165.2 169.2 172.6 176.4 181.3 185.1 186.6 187.3 186.9 185.3 181.1 175 169.9 164.6 160.8 156.7 153.3 144.6 149.9 155.7 162.1 165.4 169.1 174.4 178.7 182.7 186 188 187.8 185.2 181.2 175.8 170.8 165.6 162 157.1 151.1 147.4 142.8 138.1 133.9 132.5 135 136.8 136.6 133 129.5 125.4 119.5 112.1 104.5 102.6 105.3 107.4 113 120.1 127.4 132.1 129.4 124.2 118.7 114.5 112.7 108.9 104.5 104.8 112.1 118 121.8 124.4 125.3 122.7 121.8 122.1 123 120.3 114.2 108.5
165 159.5 160.4 164.2 166.7 163.7 161.2 154.2 161.5 165.3 169.3 174.2 179 181.9 182.8 183.6 184.2 183.7 180.4 175.8 172 168.7 165.4 161.6 158 151.3 143.5 146.9 152.2 157.8 164.7 171.6 176 180.1 183.4 185.7 186.8 185.3 182 178 173.3 168.3 164 157.9 153.6 150.4 145.9 141.5 137.1 144.4 144.9 143.5 140.6 135.6 130.5 124.8 118.7 111.8 108.2 110.3 111 113 117.9 124.4 134.4 135.3 131.1 125.6 121.1 119.5 118.1 113.9 108 106.6 113.9 120.4 125.4 128.9 130.5 133 134.3 133.2 130.5 126.4 120.4 114.7
166 160 153.3 156.5 161.4 162.6 159 156.1 157.6 160.9 166.2 171.6 174.7 177.5 178.7 180.3 181.2 182.4 181.7 178.8 175.4 172.2 169.5 166.8 162.9 157.1 148.8 143.2 146.5 153.2 160 167.4 173.1 177 179.9 182.1 184 184.4 181.8 177.8 174.9 170.5 166.1 161.3 158 154.4 149.9 145.5 144.4 149.8 149.3 146.7 142.5 137.3 132 125.5 118.5 115.1 114.9 115.8 116.7 120.6 124.9 128.7 134.5 137.7 134.2 128.9 125.7 125 122.4 116.8 110.6 108.3 115.4 122.3 128.4 133.1 138.7 144 143.2 139.8 135.7 130.4 125 120.1
167.4 161 155.3 149.1 155.9 160.7 158.3 155.7 154.3 158.6 164.1 169.2 170.8 173 174.7 176.6 179.4 181.6 182.8 181.4 178.4 175.1 172.3 170 166.9 161.2 153.8 144.6 140.9 148.3 155.7 163.2 169.7 172.5 174.9 177.3 179.5 182.1 181.4 178.3 175.6 172.7 169.7 165.8 162.7 158.1 154.1 150 150.8 154.8 151.7 149.4 145.2 140 133.8 127.1 120.5 118.2 119.8 121.3 122.5 127.6 132.2 134.1 137.3 140.8 136.8 133.4 131.1 129.1 125 119.4 113 106.5 116.9 123.6 130.2 135.5 143 150.1 148.4 144.6 139.4 133.7 129.2 125.1
168.5 162.8 157 150.3 147.9 155.2 155.3 153.4 149.3 156.1 161.7 165.5 167.9 169 171.1 174.5 178.1 181.3 182.8 181.6 178.4 174.3 170.4 167.5 165.8 163 156.6 147.7 139.3 143.7 151.3 157.5 162.8 166.6 168.3 170.9 176 179.4 180.3 177.8 174.8 173.4 171.9 169.2 166.5 162.5 158.3 153.7 155.3 158 153.9 150.6 146.9 142.4 135.8 129.5 121.9 122 125 126.4 127.7 133.1 137.7 140.7 142.9 143.8 140.9 137.6 134.5 130.1 126.1 120.6 115 112.5 119.5 125.8 131.8 137.1 143.9 152 152.6 148.7 143.3 137.7 133.5 129.4
168.5 163.9 158.1 150.5 141.5 149.8 154.9 149.6 148.2 153.2 158.5 160.8 164.1 166.5 170.8 174.5 178.4 181.9 183.2 181.7 178.3 173.1 168.8 164.5 161.2 159 156.4 150.4 143.6 138.7 142.5 149.5 153.9 158.1 161.7 166.5 172 177 178.5 177.1 174 172.3 172 170.6 168.9 166.8 162.3 157.7 157.9 160.7 156.3 150.2 146.4 141.3 136.1 130.8 124.5 127.9 130.2 130.3 132.6 137.6 142.2 146.3 146.1 146.2 144.3 140.8 135.6 129.2 123.6 117.1 117.7 116 123.6 129.5 134.1 138.6 144.4 152.7 156.5 153.2 147.6 141.7 137 133.9
168.8 164.1 158.9 151.3 144.3 142.3 148.9 150.2 142.7 149.9 154.5 157.4 161.3 167.3 171.6 174.9 178.8 182.6 184.3 182 179.4 174.6 169.5 164.1 158.9 155.8 153.2 150.8 146.1 140.5 136.5 139.6 144.9 149.2 156.1 163.5 169.7 174.2 175.9 174.8 172.6 170.5 170.5 171.5 171.3 169.8 166.4 162.4 161.2 162.9 158.1 151.7 145.5 140.5 135.5 129.4 132.6 133 134.5 135.1 137.8 141.5 145.5 151.1 149.5 148.7 147.3 143.8 137.8 130.8 125 124.6 125.3 123.8 128.9 133.7 138.9 142.6 147.9 156.5 160.9 157.5 151.9 145.7 141.1 138.2
168.6 164.4 159.7 152.5 145.6 138.6 142.3 147.5 143.8 146.1 150.9 155.3 160.6 166.2 171.1 175.2 179.1 182.7 184.3 182.7 180.5 177.1 172.7 167.6 161.3 155.3 151.3 148.5 146 143.6 140 132.6 136.3 144.3 153.4 162.1 167.6 170.8 171.8 171.3 169.8 167.7 168.5 170.2 171.4 171.6 167.8 163.5 160.5 159.7 157 150.7 144.9 140.5 134.4 137.2 137.9 137.5 138.7 139.5 142.6 145.6 150 155.4 153.2 151.2 150.4 146.8 141.2 134.7 130.1 131.5 132.2 128.5 134.2 139 143.3 147.4 152.7 161.2 165.5 161.9 156.2 150.4 145.6 142.9
167.1 162.9 158.8 153.3 146.5 139.4 134.1 141.5 142.6 142.9 148.8 155.2 160.7 165 169.6 174.3 178.6 182.2 184.9 184.2 181.8 178.6 174.7 170.5 164.3 158.3 153.3 149.3 145 142.3 139.7 135.5 129.2 140.2 149.4 159.2 163.3 166.3 167.3 166.6 165.2 163.6 164.5 166.7 169.8 171.4 169.2 163 156.8 154 151.7 147.3 143.8 139.7 138.7 142.3 143.3 142.5 142.8 144.2 147 149.6 154.3 159.6 157.3 155.1 153.5 150.4 146.2 140 136.2 137.2 139 135.8 138.4 143 147.5 151.6 157.1 165.8 170.4 165.6 160.9 154.8 149.9 147.8
165.4 160.9 156.3 151.8 146.3 140.2 135.7 137.1 136 142.1 148.6 155.3 161.4 165.6 170.2 174.9 179.3 183.3 185.9 184.9 182.2 178.7 175.2 171.8 167.1 162.5 157.4 152.5 147.7 144.1 140.8 136.7 132.1 133.3 142.3 151.1 158.2 162.4 163.4 160.7 159 157.1 158.5 163.1 167.5 169.9 169.7 165 157.6 151.4 147.3 143.3 138.1 140 143.9 147.3 147.5 147.4 147.9 148.9 151.8 154.4 158.5 164.1 161.3 159.7 159.1 155.5 151.1 147.4 143.1 144.4 144.6 142 142.8 147 151.4 155.6 161.1 170.3 175 170.8 165.2 159 154.7 152.4
163 158.3 153.5 149.1 145.4 139.9 135 133.9 137.4 141.9 148.8 155.6 161.9 166.9 171.7 176.5 179.9 184 186.7 185.6 183.1 179.4 175.8 172.4 169.4 166.1 162 157.9 153.3 148.9 144.8 139.4 133.5 128 135.2 142.2 151 158 159.4 156.8 152.6 151.2 154.2 159.3 164.2 167.6 169.9 167.5 160.6 153.1 147.9 148.3 144.7 144.1 148 151.6 153 153.1 153.8 155.3 157.7 160 164.1 168 166 164.8 163.7 160.5 156.7 155.4 150.5 150.7 151.2 147.9 147.7 150.9 155.2 159.5 165 173.3 177.8 173.6 169.2 163 159.2 156.2
159.8 155.2 150.9 147.7 145.1 140.8 135.1 127.9 134.6 141.6 149.7 156.7 163.6 169.1 174.3 178.4 181.2 184.6 185.8 185.8 183.3 179.8 176.4 173 169.4 166.2 163.7 160.9 157.3 152.9 148.1 142.4 136.5 130.9 126.3 135 143.1 151.7 156.6 154.4 149.7 144.8 150 154.9 161 165.8 168.9 169.2 163 155.3 152.3 153.2 150 148.5 152.3 156.5 158.7 159.3 161.1 162.9 165.1 166.1 170 172.9 170.5 169.9 168.6 165.1 162.1 160.7 157.1 155.6 157.4 155.2 153.1 155.8 158.4 161.8 166.8 174.4 179.5 177.2 171.7 166 160.5 156.3
156.3 152.2 148 144.9 143.7 142.7 137 130.4 132.9 141.1 150.2 158.7 165.5 171.8 176.9 180.8 183.5 184.5 184.6 184.1 183.5 181.2 177.7 174.2 170.8 166.9 163.6 161.3 158.3 154.8 150.2 144.7 138.4 132.2 127.8 128 136.6 145.1 153 152.4 147.3 142.8 145.8 150.5 157 163.5 168 170.6 166.5 159.8 156.6 157.4 154.3 153.2 156.6 161.3 164.4 166.4 168.4 170.9 171.2 171.4 175.4 177.3 175.5 174.9 173.4 170.6 168.4 167.4 163.6 161.2 162 163 160.7 160.2 162 163.8 167.1 171.3 175.9 174.3 171.6 167.5 162 156.1
153.5 149.4 145.4 142.3 140.2 139.1 136.1 130.4 132.3 142.3 151.5 159.8 167.4 173.5 178 181.5 183.5 183.4 182.5 181.8 181.4 180.6 178.9 175.5 172.1 167.7 163 160.1 157.3 153.8 150 145 140.1 134.3 129.1 123.5 131 140.8 149.2 150.1 145.6 140.9 142 148.4 154.3 161.8 168.3 171.2 170 164.8 162 162.4 159.2 158.7 162.7 167 170.7 172.7 174.4 177 176 175.5 179.3 181.3 180.3 179.6 177.8 175.4 174.9 173.8 170.4 168 167.3 168.4 167.9 166.4 166.1 167 168.4 169.3 169.9 170.8 168.8 166.6 162.5 157.4
152.6 148.5 145 141.2 137.7 135 132.7 128 130.2 142.4 150.3 158.3 165.5 173.2 178.5 181.2 182.1 181.6 180.6 179.6 179.3 179.3 178.3 177.1 173.6 168.7 163.7 158.9 155.6 152.5 148.4 143.9 138.7 134.2 129.5 125.4 126.7 136.3 145.1 146.4 142.4 137.8 140.3 146.8 153.4 160.7 168.2 172.1 173.7 169.9 166.3 170.2 167.6 166.6 169.3 172.4 176.1 177.4 179.3 180.5 179.8 178.8 182.7 185.5 185 183.8 181.8 178.7 178.8 178.1 175.5 174.1 173.8 173.5 174.4 172.9 170.3 169.7 169.7 168.5 165.7 165.8 166.4 164.3 161.7 157.8
152.9 148.6 145.3 141.7 138 134.3 130.4 126 127.5 136.3 142 150.3 159.7 167.4 175.3 179.4 179.5 178.5 177.3 176 176.6 177.5 177.4 176.7 175.3 170.5 165 160.9 157.3 153.3 148.6 143.5 138.1 133.2 127.7 123.6 125.5 134.3 139.5 139 136.3 134.2 141.6 147.6 153.8 161.5 169 173.7 175.6 173.2 170.3 173.7 173.2 173.1 175.2 177.3 178.7 179.2 180.5 181.1 181.4 181.3 185.3 188.5 188.4 187 184.9 182.4 180.4 180.7 178.6 177.2 176.2 176.9 176.2 175 173.6 171.6 169.4 166.8 164.6 161.6 161.9 162.4 160.1 156
155.2 151.6 148.2 144.1 139.8 135.5 132 127.5 119.2 126.7 132.1 139.5 149.7 160.1 167.2 173.6 174.6 174 172.7 172.7 174.3 176.2 176 175.6 174.6 172.2 168.4 165 161.9 157.5 152.5 147.1 143.1 137 130.6 123.9 122.8 128.3 132.5 130.4 127.4 137.9 145.5 150.5 156 163.6 170 173.6 175.3 176.7 174.5 175.5 176.8 176.8 177.3 178.1 178.2 178.5 179 179.4 180 181.3 183 185.8 187.2 188.2 186.9 183.9 180.7 179 177.6 176.4 175.5 173.9 173.4 172.8 171 170 167.8 164.5 161.8 159.4 156.9 157.8 158.2 155.8
157.5 154 151 147.4 143.8 141 137.6 132.3 126.9 121.2 122.5 129.9 138.7 149.5 159.8 165.9 166.5 166.2 167 170.3 173.3 175.8 176.6 176.5 175.7 173.8 171.8 169.1 165.6 162 158.2 152.6 147.3 141 133.6 126.5 117.9 122.1 123.6 120.5 131.4 140.4 149.7 154 158.5 164.4 168.6 171.4 174.3 175.6 176.4 176.6 177.5 177.3 175.8 175.1 175 175 175.2 176.1 177 177.6 178.7 180.3 181.6 185.1 185.8 183.6 179.7 176.4 173.7 171.5 170 168.2 166.6 166.7 166.5 166.5 164.5 162.3 159.8 156.7 153.8 152.6 154.1 155.5
159.9 156.2 152.8 149.5 145.9 143.7 141.3 136.9 132.7 126.4 119.8 120.5 128.8 138.2 149.2 156.8 155.9 156.3 161.3 169.9 175.2 177.8 179 178.9 177.9 176.8 175 172.1 168.9 166.3 162.9 157.4 150.8 144.3 137.3 131.2 124.5 118.7 116.6 121.4 131.8 141.8 152 155.8 158.4 161 164.5 169.1 172.5 173.9 174.7 175.4 175.8 174.6 172.8 171.3 170.7 170.7 171.1 171.9 172.7 172.9 173.8 174.6 176.3 179.1 181.9 181.4 177.6 173.8 168.5 165.9 164.9 162.3 159.7 158.9 158.9 160.5 161.3 160.3 157.9 154.3 151.2 149.2 149.5 151.2
162.5 158.8 155.8 152.1 148.2 144.9 141.3 139.6 136.2 131.6 125.9 115.1 120.7 131.9 141.4 146.2 146.6 149.9 159 168 176 179.8 181.2 180.9 179.3 178.2 176.9 174.9 172.2 169.9 165.8 160.7 154.6 146.8 140.6 134.7 128.8 122.6 116.7 117 128.3 138.3 145.4 149.4 151.8 153.8 159.6 166.4 169.9 171 171.9 173.1 173.2 171.3 169.3 167.1 165.7 165.9 166.6 167.7 168.1 167.8 167.8 169 171.4 174.5 176.8 178.3 174.7 170.6 164.9 160.5 159.1 156.9 154 152 151.9 153.6 156 156.9 156.1 153.8 149.8 146.7 145.7 147.5
165.1 161.5 158.5 154.7 150.5 146.4 142.4 138.3 136.1 133.8 129 117.5 118.3 129.3 137.3 138.4 139.3 147.7 156.4 165.4 174.2 181.5 183.4 182 180.2 179.2 178.1 176.3 174 171.1 167.2 162.2 156.3 149.9 143.4 137.3 131.2 125.5 117.7 113.9 123.8 131.7 135.9 137.3 139.4 145.5 152.4 159.6 165.8 167.5 169.4 171.1 170.8 169 166.8 163.5 160.9 161 162.1 164 164 163.2 162.3 163.8 167.1 170.2 173.1 175 173.2 169.7 163.6 158.9 155.6 152.2 149.1 146.9 146.4 148.6 151.7 153.1 153.6 151.9 149.6 145.5 142.6 144.3
163.5 160.9 157.1 153.3 149.6 145 140.6 136.4 132.9 129.9 126.9 117.1 113 125.2 131.7 131.6 137.5 145.6 154.2 162.8 171.2 180.5 183.4 182.1 180.1 179.2 178.9 177.2 175 171.8 167.8 163.5 158.4 152.5 146.4 140.3 133.8 126.3 119 108.6 117.4 122.7 124.3 124.2 125.5 131.7 140.7 149.4 156.6 161.8 166.2 168.6 168.7 167.1 164.4 160.8 157.7 156.5 158.6 160.1 160.3 159.2 158.3 161.9 166.4 169 169.8 171.7 170.3 167.4 163.9 159.5 154.8 150.7 146.7 143.9 141.1 144.1 146.7 149 150.2 149.4 147.5 144 140.4 141.3
161.6 158.5 154.7 150.9 147.1 141.4 137.5 134.4 131.5 128 124.7 119.1 113.1 118.4 122.5 128.7 135.9 143.5 151 159.2 167.2 176.1 182.2 181.6 179.7 178.6 178.3 177.6 175.9 173.3 170.6 166.5 162.4 155.3 149.2 143.5 137 129.7 122.7 115.1 109.1 112.9 113.6 113.6 113.4 117.9 128.8 137.4 145.6 156.3 162.7 165.6 166.5 165 162 158.9 155.4 153.3 154.4 155.7 155.9 155.1 155.9 160.2 164.6 168.3 169.1 166.9 163.9 162.6 159.9 157.6 154.6 150.7 146.7 142.6 138.2 138.4 141.3 144 145.6 146.4 145.3 141.6 138.2 139.1
