public/OST50/SO41.asc
ncols 200
nrows 200
xllcorner 340000
yllcorner 210000
cellsize 50
[rows 38 to 75 of 200, columns 86 to 171 of 200]
144 148.4 151.1 152.5 154.1 150.7 147.2 143.3 139.6 136.2 133.9 130.2 125.2 120.6 116.6 112.2 107.6 102.2 98.4 95 91.4 87.1 82.3 76.5 71 67.4 67 66.3 66 64.4 63 60.4 57.3 54.3 52.3 53.3 52 52.6 51.4 49.6 47.9 46.8 44.1 41.9 44 48.7 52.7 54.9 54.4 54.2 52.8 48.6 41.1 35.9 34.2 33.9 33.7 33.6 33.5 33.4 31 33.7 42.4 47.4 54.4 61 67.4 73.8 81.2 89.6 98.3 106.2 115.7 124.2 132 141.2 152 164.3 173.8 174.5 170.2 165 165.6 173.3 184.7 199.8
145.1 149.8 153.6 154.8 153.3 150.8 150 147.1 143.2 139.3 134.9 129.4 124.2 118.1 112.7 108.3 103.9 99.8 95.9 92.4 88.5 83.2 78.3 72.4 67.2 65 63.3 62.9 63.3 60.9 59.1 55.1 57.6 58.4 58.6 57.7 57.2 57.7 56.6 54.3 52.2 49.6 46.6 43.3 41 45 49.7 50.9 49.9 49.6 48.5 47 42.8 36.2 34.4 34 33.8 33.6 33.7 34 33.8 31 36.6 43.8 50.2 57.4 65.5 71.8 78.2 85.7 93.3 101 109 116.9 123.9 131.4 139.3 146.1 153.1 153.4 151.5 149.2 150.8 158.7 169.9 185.4
146.3 150.8 153.6 156.1 155.6 154.4 153.3 150.1 145.4 139.8 134 128.3 122.2 115.9 111.2 105.9 100.9 96.5 93 89.3 84.3 78.7 73.7 68.4 65.9 65.2 63.1 61.1 58.5 59.7 61.5 63.1 64.2 64.7 64.8 64.1 62.9 62.9 60.3 57.1 53.6 50.5 47.5 44.2 41 41.4 46.8 47 45.4 44.5 43.9 43.4 41.8 37.4 35.2 34.3 34.1 34.1 34.3 34.6 33.7 33.2 31 40.5 47.2 55.3 63.5 70.1 75.8 81 87.2 94.5 101.9 109.4 115.9 122.3 128.8 132.9 137.1 138.1 137.3 135.9 137.7 144.8 154.7 171
145.8 149.4 152.1 155.1 156.9 157.5 156.1 152.3 146.3 139.3 132.1 126.2 119.8 113.7 110.1 105.8 100.3 94.7 88.5 84.1 79 73.8 69.9 74.3 72.8 69.2 66.2 64.1 62.9 65 67.2 68.3 69.6 70.3 70 69.2 67.1 64.3 61.5 57.8 53.8 50 46 42.5 40.7 39.1 43.1 43.4 41.9 41.1 39.6 39.1 39 37.7 35.8 34.7 34.7 34.7 33.1 35.1 33.2 33.8 32.3 37.4 45.2 53.2 61.1 66.4 70 73.7 81.8 89 96.1 101.9 107.7 113.1 116.5 119.9 123.2 125.2 124.7 123.6 126.7 132.8 146.1 160.8
142.3 146.3 149.7 153.2 156.9 157.1 155.2 150.8 144.8 138.4 131.2 124.1 117.3 111.4 106.5 103 98.9 93.1 86.2 78.6 76 78.5 79.9 81.1 78.2 73.7 70.4 68.2 67.5 69.6 71 71.6 71.6 70.2 68.2 65.5 64.1 61.2 58.1 55.2 52.3 48.2 43.6 40.4 41.1 40.2 39.9 41.2 39.6 38.7 37.7 37.7 36.7 36.7 36.2 35.2 35.2 35.2 34.5 34.7 34.5 32.8 32.8 32.7 42.3 49.1 55.1 59 60.5 67.7 76.3 84.2 89.7 93.9 98.5 102.4 104.9 107.4 110.7 112.1 111.7 112.8 117.7 125.5 139.1 156
137.2 141.3 146.6 151.5 156.3 157.3 153.3 147.2 141.4 135.9 129.3 122.2 114.8 108.3 103.7 99.4 95 88.9 83.3 84.9 85.8 86.7 87.1 87.3 83.9 79.5 75.2 72.8 71.8 72.4 72 71 69.2 65.7 61.6 58.9 56.7 54.5 51.8 49.9 47.5 44.1 41.9 43.9 45.7 42.6 37.9 38.5 36.9 37.6 37.4 37.2 36.6 36.7 36.9 36.7 35.3 34 33.9 33.7 33.2 33 33.1 32.1 37.6 44.5 48.6 51.1 59.3 68 73.7 78.2 82.2 85.8 90.7 94.9 96.4 97.8 100.3 101.5 101.2 104.7 111.4 121.3 135.3 153.5
132.7 138.2 144.9 149.8 155.2 157.3 153.2 146.6 140.1 134 126.6 119.5 112.3 105.7 100.2 94 93.5 93.7 93 91 91.8 93.1 93.6 92.1 89.6 85.4 81 78.1 74.5 73.5 69.9 66.3 64.5 60.1 55.3 52 50 45.8 46.4 45.4 43 43.7 44.9 48.2 50.3 46 41.3 38.9 38.3 36.8 39 39.7 39.9 38.7 38.8 38 36.3 34.2 33.6 33.2 32.8 31.7 32.1 32.8 34.2 39.1 42.7 49.9 59.8 67.4 69.9 70.9 72.7 77.1 84.9 87.9 88.8 90.4 92.6 93.6 92.5 97.4 106.4 116.6 132 151.5
130 137.5 143 148.4 154.2 155.8 152.1 147 139.9 131.9 123.3 115 113.3 108.5 104.3 102.3 100.9 101.1 98.3 96.8 97.2 98.3 97.6 95.1 92.5 88.7 84.6 80.3 75.5 70.7 66.2 61.3 58.2 54.7 55.1 54.1 51.8 49 47 47.4 47 47.6 49.8 51.8 50.2 46.6 41.8 38.6 41.2 43.1 43.4 44.3 44.7 42.9 41.7 40.4 37.9 34.9 33.7 33.2 32.8 31.7 30.6 32.4 30.4 35.8 41.9 49.9 58 63.2 62.8 62.2 67.1 76 80.7 81.1 82.4 85.2 87.6 87.9 86.6 91.6 101.2 111.3 126.3 145
129.6 137.1 143 148.7 152.9 153.4 150.9 145.9 139.3 132.9 125.3 124.6 119.6 114.1 109.6 107.8 107.2 106 103.3 101.3 101.1 101 99.3 95.9 91.6 87.4 82.2 77.7 72.8 67 61.9 62.3 62.2 62.4 60.8 58 54.2 49.5 47.9 54.7 55 53.8 53.6 54.9 51.5 46.3 41.3 41 44.8 47.5 49 51.4 53.5 49.9 47 45.4 40.4 36 34.4 33.7 32.8 32.3 31.7 31.4 32 34.3 41.1 49.5 52.6 53.3 52.3 61.7 68.2 74 76.5 74.7 78.5 82.7 85.1 83.4 80.6 85.7 95.9 105.5 117.1 133.8
128.3 136.2 142.4 146.1 149.6 151.2 148.7 146.8 141.7 137.6 134.7 131.3 125 119.2 115.7 114.7 113.1 109.6 106.5 104.5 103.5 101.6 98.5 93.7 88.2 82.9 77.9 73.9 68.7 69.3 68.8 68 67.7 67.5 64.5 60.4 54.4 49 57.5 61.5 63.9 60.8 59 57.7 53.9 48.4 42.5 42.5 48.6 52 55.1 58.4 61.1 57.1 53 49.5 43.5 38.1 34.4 33.4 32.9 32.9 32.7 32.6 32.1 32.4 41.5 44.3 45.1 48.1 56.1 64.5 69.5 72.7 71.5 70.9 77.8 83 83.4 80.2 77 80 90.9 99.7 108.9 119.4
124.7 133 138.8 141.7 143.5 145.8 146.6 145.8 144.9 142.4 141.7 136.5 129.4 124.8 123.4 121 117.4 111.8 108.2 105.6 102.7 99.6 95.1 88.9 82.7 77.8 71.8 73.6 76.1 77.8 76 73.8 72.7 70.3 66.6 60.1 54.2 56.4 65.7 70.2 70.7 66 61 56.6 52.2 47.5 41.8 44.9 51.8 56.9 60.3 64.4 65.8 61.9 58.3 52.6 46.2 40 35.4 33.2 33.1 33 32.8 32.6 32.3 29.4 35.8 39.5 43.7 48.6 56.1 63.9 69.2 68.5 66 67.4 74.8 81.5 82.3 78.5 74.2 76.5 87.4 93.6 99.3 106.7
119.8 127.6 132.8 134.4 136.6 139.2 141.3 143.3 144.8 146.1 145.3 140.4 135.9 131.4 130.3 125.6 119 112.6 107.7 103 99.6 94.5 89.5 83.9 77.3 79.9 81.6 83.8 84.7 85.3 81.9 78.1 74.8 71.1 66.7 60.2 53.7 62.3 72.6 76.1 73.5 67.3 61.2 54.9 50.3 46.4 43.4 46.3 53.8 59.8 64.7 68.8 69.5 65.4 61.1 54.6 47.9 42.4 37.1 33.7 33.1 32.9 32.8 32.7 32.7 32 34.1 36.8 41.4 47.2 54.1 61.5 67.5 65.5 60.6 64.7 72.6 78.2 79.4 76.6 72 75.5 84 87.3 90.1 95.4
112.9 119.7 123.2 126 129.5 133.1 136.4 140.7 144.5 147.6 147.7 143.8 139.9 136.8 134.6 128.1 119.7 112.5 107 102.1 96.7 92.9 91.7 90.9 90.1 90.6 91.8 91.9 91.5 89.2 84.4 80 75.6 70.4 65.6 60.8 59.9 68.8 76.8 79.1 75.7 69.1 61.2 54.7 50 47.6 45.6 46.1 53.5 60.4 66.6 71.7 70.2 66.1 60.5 53.9 48.1 41.9 37.7 34.3 33.2 32.6 32.7 32.9 33 33 29.4 29.4 38 44.3 51.1 59 66.3 62.3 55.5 63.4 71.4 74 73.2 72.5 69.4 74.8 81 81.4 82 84.9
106.6 112.1 115 119.7 124.4 129.3 135.2 140.7 145.8 149.5 149.7 147.7 145.1 141.9 138.1 131.1 122.5 115.1 108.8 104.6 102.4 102.4 102.3 102.3 101.1 98.5 97.4 95.9 94.3 91.4 86.5 81.9 76.4 69.6 65.2 59.6 66.6 73.2 79.5 80.4 75.9 68.3 60.4 54.2 51 50.1 48.8 44.5 54.3 62.3 69.4 73.1 70 65 57.8 50.4 43.3 39.1 37.7 35.6 33.6 32.7 32.6 32.7 32.8 32.9 32.8 30.5 35.2 41.1 48.1 55.2 59.3 55.5 52.7 62.8 68.6 70.3 67.7 65.8 63.5 73.5 78.7 76.4 74.5 77.3
105.6 109.9 115.3 121.2 126.4 131.5 137.3 143.1 148.7 151.5 152.8 150.8 148.1 144.8 140.8 135.2 127.1 119.3 112.5 109.3 108 109.8 110.9 109.1 106 102.9 99.6 96.6 93.4 90.4 86.3 81.7 76 68.2 62.2 67 71 77.6 82.7 81.7 77.4 70.4 63.3 57.4 54.6 54.6 51.6 46 56 64.5 73.4 74.6 70.1 64.9 58.4 50.1 47.7 45.2 42.4 38.4 36.6 33.9 32.5 32.6 32.5 32.6 32.7 31.8 33.2 38.7 45.2 51 51.2 46.8 56.6 62.9 65.7 66.9 64.3 60.7 65.4 74.5 74.9 72.7 70.3 72.2
104.5 109.4 116.8 122.9 128.7 134.7 140.6 146.3 151.7 154 154.2 152.7 149.8 145.7 141.5 137.1 130.8 123.5 116.7 114 113 115.6 116 112.8 108.9 104.6 100.6 94.6 90.5 86.1 82.4 77.9 72.3 70.1 68.1 71.8 75.2 81 85.9 84.6 80.3 74.5 67.9 62.8 60.3 57.7 54.5 50.6 57.6 65 72.2 75.3 72.1 66.1 59.9 54.3 56 52 46.7 42.5 40.6 38.3 33.6 32.3 32.2 32.3 32.5 31.9 31.1 34.6 40.6 47.7 47.3 46.9 56.2 61.2 62.6 60.7 59.8 58.3 67.3 75.6 71.7 68.3 66.8 68.7
103.1 108.8 116.5 124.1 130.7 136.4 142.7 149 153.3 155.1 155.6 153.5 150.3 146 141.7 138.1 132.8 127.3 121.7 118.9 117.8 120.7 119.8 116.1 110.6 105 98.7 92.2 86.7 77.6 73.7 78.5 76.6 74.3 73.2 76.9 79.9 83.2 87.1 86.4 82.7 77.4 72.4 67.7 63.8 59.5 58 56.4 56.8 64.4 71.5 76.2 74 69.3 63.3 60.3 61.1 57.3 51.4 46.5 44.1 41.1 36.2 32.2 32 32.1 32.2 31.5 28.6 32.7 36.2 42.5 44 44.9 53.9 59.3 58.4 55.5 54.2 63.4 71.4 75.1 69.4 64.9 62.8 65
100.4 108.2 115.2 122.9 129.1 136.4 143.5 150 155.8 157.2 156.3 153.7 150 146.3 142.5 139 135.5 130.5 125.6 122.3 121.5 123.5 120.9 115.4 110.1 104.7 96 88.1 83.1 83.7 82.4 82 80.9 79 77.8 82.4 84.3 85.5 88.3 88.4 84.1 77.9 73.4 68.6 64.4 61.3 62.8 60.2 54.4 64.4 73.6 79.1 77.3 71.9 67.4 65.7 65.1 60.5 55.1 50.1 47.2 42.6 36.9 32.8 32 31.9 31.7 31.5 31.5 32 33.5 37 39.9 45.4 51.6 54.9 52.2 50.5 61.4 69.5 73.2 74.2 69.7 63.3 59.3 60.9
103.4 108.3 114 120.6 127.3 135.3 144.3 151.2 157 158.6 156.8 153.6 149.7 146.5 143.6 140.2 137.1 133.1 129.8 125.6 124.3 123.3 118.6 113.1 103.6 100.1 98.9 94.9 92.2 89.2 86.9 86.1 85 82.3 80.5 85.3 87.5 88.7 90.6 88.7 83.8 78.3 73.4 68.4 64.8 64.9 66.1 62.7 57.3 60.8 70 77.7 78 74.3 72.4 70.3 67.4 62.9 58 53.2 48.8 43.2 36 33.5 32.3 31.8 31.7 31.7 31.6 32 30 35.1 41.1 47.1 49.9 50.6 45.8 58.3 63.8 69.2 71.3 71.4 68.9 63.2 57 56.4
109.7 111.8 116 121.6 127.8 135.5 144.8 153.9 158.2 159.3 157.1 153.3 149.4 146.4 143.4 140.3 137.9 135.3 132.6 128.4 124.6 120.7 112.9 111.4 114.3 109.7 104.8 100.6 97.5 94.7 91.7 90.5 88.3 84.8 85.3 88.6 90.9 92.1 92.3 89.6 85 79.3 73.7 69.9 68.3 68.6 68.7 64.6 60.4 55.8 64.2 69.5 73.9 76.6 74.9 72.8 68.8 62.9 57.8 52.9 48.1 42.7 36.4 36.4 36.1 32.2 31.7 31.6 31.6 31.7 31.5 32.9 41.1 47.2 48.3 46.9 46.9 55.8 62.5 65.9 66.4 65.8 64.3 61.6 56.8 52.5
116.5 118 120.3 125.5 130.2 138.4 147.9 156.1 159.8 159.2 156.9 153.5 149 145.3 142.1 139.5 138.3 136.4 133.8 130.1 126.5 119.8 116 120.3 117.6 113.1 108.3 105.3 102.6 98.7 95.3 93.6 91.5 87.7 89 92.7 95.5 96.4 94.9 91.7 86.8 81.1 75.3 73.6 73.4 72.4 71.7 67.5 63.2 59.3 61.3 66.7 71.6 76.3 76.9 73.9 68.5 62.4 55.9 50.4 45.9 38.6 36.9 39 38.7 34.2 31.9 31.5 31.5 31.5 31.4 28.4 38.8 44.5 44.9 42 47.8 55.3 60.2 62.3 61.3 60.2 57.9 55.7 53.3 49
122.9 124.4 125.7 130 134.5 142.7 151.9 158.6 160.7 159.1 156.6 152.6 148.4 144.5 141 138.8 137.4 136 134.2 132.1 128.5 124.7 123.3 124.5 120.2 116 112.3 109.7 106.1 102 98.5 96.7 94.3 91.3 92.4 96.4 99.6 100 98.1 93.8 88.8 83.2 78.1 78.6 79.1 77.9 75.4 70.6 65.8 62 62.9 66.9 71.5 76.5 78.5 74.7 68 60.6 53.4 47.9 43.1 40.2 42 42.9 40.2 36.6 32.5 31.8 31.4 31.4 31.4 31.3 33.5 39.6 40.5 44.1 49.3 55 56.7 57.7 57.1 56.5 53.8 49.9 47 45.3
127.7 129.8 131.5 135.6 140.2 147.3 154.7 160.4 161.7 159.4 156.2 152 147.9 144 141.3 139.8 138 135.9 133.7 132 129.7 127.9 126.4 126.2 123.2 119.3 116.4 112.3 107.9 104.5 101.6 99.7 97.6 94.8 96.8 100.1 103.3 103.4 101 96.3 91.4 86.3 82.5 83.7 85.3 84.2 80.4 73.5 68.2 64.1 65 69.7 74.4 78.9 80.4 77.9 70.1 61.1 52.7 46.1 47.6 47.1 48.3 44.8 41.8 37.9 34.9 32.3 31.3 31.4 31.2 30.9 29.1 32.1 38.5 45.5 50.2 53 53.8 53.5 52.9 52.2 50.5 46.6 40.8 50.2
130.8 134.3 135.7 139.7 145.1 151.4 157.5 162 162.6 159.8 156.2 152.6 148.9 145.5 143.2 141.2 139.1 136.7 134.1 131.7 130.2 130.5 129.4 127.9 124.8 121.9 118.7 114.5 109.9 107.4 104.8 102.6 100.8 99.1 101.2 104.1 106.5 106.6 104 99.6 95 90.5 87.5 90 91.7 90.1 85.2 77.6 70.6 66.1 69.1 73.4 77.6 81.7 83.1 80 72.6 62.9 54.4 50.1 53.6 55.9 52.7 47 41.7 40.3 38.3 34.3 31.7 31.2 31 31 28.1 34.2 38.8 44.9 47.9 49.9 50 49.6 48.8 47.9 46.7 42.6 44.8 52.8
133.1 136.8 140 142.8 148.6 154.3 159.7 163.5 163.3 160.4 156.5 153.2 150.2 147.6 144.5 141.7 139.5 136 132.5 130.3 128.8 129.1 131.2 129.8 126.8 123.8 120.3 116.5 113.1 110.3 107.6 105.9 104.2 103 104.5 107.9 110 110.1 108.1 104 99.7 95.4 92.8 95.3 97.4 94.7 88.9 81 74.6 71.3 75.3 77.4 81.1 84.9 86 82.5 73.8 64.3 56.5 53.3 58.3 60.4 56.1 50.1 44.9 42.5 39.6 36.4 32.6 31.2 30.8 30.9 28.8 33.1 37.2 42.2 44.7 45.8 45.9 45.6 45.4 44.7 43.3 37.4 43.5 49.8
134.8 138 141.6 145.4 151 156.3 161.4 164.2 163.4 160.8 158 155 152.3 149.1 145.8 142.4 138.8 135.2 131 127.6 126.1 128.1 131.2 130.4 127.6 124.7 121.9 119.1 115.9 113 110.8 108.9 106.5 105.7 107.8 111.7 113.2 113.8 112.9 110 106.1 101.7 98.9 100.4 101.8 97.4 92.3 83.9 76.9 76.1 77.4 81.1 85.1 88.5 89.9 85.1 75.6 67.7 59.3 55.8 61.5 65.1 60.1 53.9 48.9 44.1 40.7 37.5 34.7 32 30.9 30.5 29.5 31.9 33.6 38.1 40.5 41.7 42.1 41.9 42.2 41.5 40.2 35 41.6 46.2
138.7 139.5 143.6 147.6 152.6 158 162.5 164 163.6 161.1 158.6 156 153.3 150.4 147.1 143.6 139.5 135 130.7 126.8 123.7 125.2 128.5 127.7 126.3 124.9 122.9 120.6 118.1 114.8 112 110.3 108.9 108.4 110.7 114.7 116.8 117.8 118 115.7 112.7 108.8 106.6 105.8 106 102 96.9 88.6 83.4 82.2 79.2 85.1 89.4 92.4 94.5 89.7 81 73 65.9 58.7 65.9 69.4 64.8 57.4 51.6 46.1 42.6 41.4 38.8 34.7 31.1 31 27.7 31.3 32.4 34.3 35.8 37.4 37.9 38.1 38.6 38.6 37.9 35.5 39.6 42.7
142.9 143.9 146.8 151.1 155.5 159.2 162.5 163.6 162.7 161.4 159.1 156.5 153.8 151.4 148.3 144.8 140.3 135.4 131.4 127.9 124.1 120.6 121.6 121.6 122.2 122.3 121.6 119.4 117.4 114.3 110.8 108.8 107.2 107.4 109.2 114.1 117.1 120.1 120.9 119 117.7 114.8 113.5 112.3 110.3 107.3 102.4 97.5 95 92.3 86.3 89.7 94.5 97.1 99.2 95.1 86.3 79 72.6 68 69.8 73.6 68.2 60.5 54 48.4 45.1 44 41.3 36.2 32.3 31.3 27.2 30.8 31.1 31.3 32.3 33.3 34.5 34.9 35.7 35.4 34.9 33.8 36.7 38.6
146.7 148.3 150.7 154.3 157.6 160.2 161 160.8 160.6 159.8 158 156.3 154.3 152 149.4 145.9 141.9 137.2 134.1 130.6 127 121.5 116.3 114.8 116.1 116 116.3 114.8 114.6 111.5 106.7 100.1 98.2 97.4 101 106.2 110.5 116.4 120.3 122.3 120.8 119.6 118.3 116.8 114.8 112.8 110.9 107.8 103.1 100.6 94.8 95.5 100.9 103.4 104.3 100.5 93.1 86.1 82.2 78 74.6 76.9 70 61.8 55.5 50.8 47.1 43.6 39.7 35 33.9 31.7 31.4 30.5 30.9 31.7 30.7 31.1 31.6 31.8 32.5 32.7 32.4 31.8 33.1 33.6
150 151.8 153.9 156.1 157.7 158.6 157.8 156.7 155.9 156.2 154.9 154.2 153.1 151.7 149.8 147.1 143.3 139.6 136.5 133.5 130.3 126.8 122.9 118.7 114.6 112.3 109 109.9 107.2 102.9 107.4 106.8 104.5 101.1 92.7 95.8 100.3 107 114.3 118.3 120.8 121.4 120.6 119.5 118.4 117.9 117 115.3 114.1 110.2 101.8 104.6 108.8 110.1 109.2 105.7 100.4 94.7 91.7 88.5 79.5 80.7 71.9 61.7 55 50.4 46.3 41.5 36.8 38.1 39.7 35.7 31.4 26.9 26.9 27.5 27.6 26.9 31.4 30.6 31.1 30.8 30.3 30.5 30.2 30.1
153.1 154.5 155.7 156.1 155.5 155 152.8 150.9 149.9 150.4 150.1 150.1 150.4 150.2 148.6 147.3 144.5 141.8 139.1 135.6 132.3 128.7 125.6 121.3 117.1 114.5 111.9 107.3 110.4 112.8 114.1 111.9 109.8 104.4 98.4 95.4 93.8 97 102.6 108.6 115.8 118.1 119.3 119.9 117.6 118.7 120.2 120.2 118.8 116 112 112.3 112.4 112.6 112.2 109.8 105.4 99.5 97.7 99 91.8 87.4 76.7 65 56.7 51.5 46.3 40.4 41.6 44.3 44.7 41.1 37.9 32.6 31.8 30.7 30.6 30.7 30.2 26.6 26.4 29.7 27.9 29.9 29.5 29.6
155.3 156.2 157.1 155.7 153.4 150 147.7 145.4 144 144.6 144.4 145.3 146.5 147.4 146.7 146.5 145.2 143.4 140.7 136.6 133.1 130.5 127.7 123.4 119.8 118.1 116.8 116.1 116.9 118.9 117.3 115.1 111.6 106.9 100.7 95.7 92.2 90.9 94.4 97.9 102.8 109.1 112.9 116.3 115.8 116.5 117.3 118.3 116.4 113.5 111.6 110.3 110.9 112.1 112 111.7 107.9 103.6 104.1 107.1 102.2 94.5 83.8 69.8 58.4 51.7 45.3 48 46.2 47.9 49 48.3 47.7 45.1 42 37.8 31.8 31.5 30.6 30.5 30.2 26.4 26.4 25.5 24.8 26.2
157.3 157.5 157.4 154.9 151.2 147.2 143.7 140.5 139 138.9 139 141 142.8 143.9 145 145.7 145.7 144.1 142.2 138.9 136 133.1 129.8 125.9 123.5 123.5 123.2 123 122.6 121.2 118.5 115.7 110.9 105.9 100.4 96.3 93.4 91 87.2 90.5 94.1 97.8 101 106.5 110.2 110.6 110.3 110.1 109.9 108.5 107.4 106.7 107.3 108.7 110.5 110.4 110.6 109 109.4 111.2 106.2 97.7 86 71.6 59.4 51.8 50.5 54.4 51.8 52.2 54.9 58 59.9 57.6 55.8 56 50.1 47.1 43 39.9 38.5 35.3 31.7 30.4 30.2 30
158.4 158.5 157.6 154.5 150.1 146 142 138.4 135.2 134 134 137.1 139.1 141.2 142.7 144.8 146 146 144.7 142.1 139.4 136.3 132.3 128.8 128.4 128.8 128.3 127.1 124.6 121.7 118.5 114.7 109.4 104.4 102.5 99.4 96.1 92.8 90.1 88.2 87 86.4 89.4 95.3 101.3 102.7 104 104.5 105.4 103.5 102.2 100.2 100.9 102.4 104.3 106.9 109.5 111.7 112.1 109.9 104.1 96.4 86 73.5 61.4 51.9 57.8 60.5 57.1 60.6 65.7 68.4 70 67.9 66.5 65.7 62.2 62.2 58.7 55.1 53.1 43.2 40.4 44.4 39.6 34.4
159.3 159.9 158.1 154.3 149.2 144.7 140.2 136.6 133.1 130 129.8 132.7 135.4 138 140.4 143.3 146 146.8 146.6 145.1 142.3 139.1 135.7 133.8 133.6 133.8 131.7 128.3 124.8 121.6 118.4 113.3 108.1 107.2 106.1 103 98.9 94.9 91.5 89.2 88.4 86.6 84.6 84 92.5 96.2 97.8 100.1 100.7 98 94.3 93.2 94.9 98 101 105 109 112.1 110.7 106.8 101.7 96.7 87.8 77.1 65.2 55.6 64.6 68.7 63.2 66.3 72.2 74.7 75.1 73.1 72 73 72.9 73.1 71.1 68.2 62 52.2 45 49.6 47.1 42.3
159.2 160.9 158.8 155.4 150.5 144.2 138.4 134.1 131 128 124.8 127.6 130.6 133.8 138.8 142.7 145.4 147.8 147.9 146.8 145.6 142.3 140.6 139 138.8 137.5 134.9 130.4 125.2 121.5 117.1 112.5 111.5 110.6 108.6 104.8 100.6 96.3 93 92.5 92.4 90.5 87.3 83 85.3 89.4 91.9 94.6 94.7 92 89.8 91.7 95.5 99.3 103.1 106.8 110.4 112.1 109.1 103.7 99.4 94.8 88.4 79.3 69.1 61 70.6 75.1 69.7 70.1 75.4 76.2 75.2 74.6 74.8 75.8 77.3 78.1 76.9 73.9 68.7 60.5 52.8 53.1 51.1 47.3
160.1 161.2 159.4 156.3 151.5 144.9 139.2 134.8 131.9 129.4 125.6 122 125.2 129.9 135.2 140.6 144.6 147.3 148.5 148.5 147.2 146.2 145.4 144.3 143.2 140.8 137 132.2 126.9 120.7 115.9 114.1 114 112.6 109.9 105.6 101.3 97.9 96.7 96.8 95.7 93.6 89.9 85.5 80.3 84.1 86.5 88.7 89.8 86.7 89.9 93.8 97.7 101.3 104.8 108.2 110.8 110.2 105.4 100.5 96.1 92.5 88.2 82.9 72.9 66.3 75.2 80.6 76.1 73.1 76 76.1 74.6 73.7 73.4 75.3 77.8 78.5 78.1 75.5 71.1 65.1 59 54.7 51.5 48
160.3 161.3 159.5 156.5 152.2 147.7 142.7 137.9 134.4 131.3 126.9 121.6 120.2 125.7 131.2 137.1 142 144.9 146.7 147.6 148.1 148.4 147.9 147.3 145.8 143.2 139 134.1 129 122.7 118.1 117.5 116 113.8 110.3 106.4 103.5 101.3 99.8 99.3 98.1 95.6 91.7 87.1 83.1 77.8 81.3 84.6 84.6 84.5 89.4 94.6 98.7 102 105.4 108.8 110 106.6 102.4 97.6 92.7 89.7 87.5 83.5 75.1 73.4 80.6 83.6 81.3 76.3 76.4 74.9 73.4 72.5 71.4 73.3 75.4 77 76.8 74.8 71.1 66.5 60.9 55 50.9 47.4
