public/OST50/SO49.asc
ncols 200
nrows 200
xllcorner 340000
yllcorner 290000
cellsize 50
[rows 105 to 139 of 200, columns 0 to 77 of 200]
309.1 312.9 318.9 323.2 330.1 339 356.3 373.1 380.3 383.2 383.2 377.9 372.1 372.1 371.6 369.4 380.4 388.3 389.9 390.5 397.9 406.8 419.2 433.4 439.2 449.2 454.1 463.2 471.6 476.8 479.9 483 486.9 494.3 498.8 503 504 503.6 501.8 498.8 493.7 488.8 485.3 484.8 482 479.2 475.5 473.2 468.9 469.5 468.9 467.5 468.8 471 476.1 478 479.5 479.6 477.1 473.6 469.3 465.1 461.7 458.1 456.4 454.9 449.4 440.9 429.7 412.5 391.9 367.6 346.7 322.8 302.1 282.9 266.9 268.6
325.2 326.1 330.4 332.8 337.8 346.4 361.1 380.4 391.3 395.6 393.8 386.9 382.2 377.7 382.6 381.6 384.1 386.7 391.7 397.9 406.6 418.4 433.3 447 452.7 457.2 463.6 470.1 480 487.1 491.1 492.7 495.2 498.7 501.4 503.7 503.1 501.5 499 495.1 489.7 484.1 480.5 480.3 479.4 477.5 474.9 473.2 472.4 472.2 472.1 472.3 474.2 475.9 478.7 481.1 482.3 479.7 476.3 471.3 467.3 463.5 459.4 454.9 452.6 448.8 441.4 428.8 411.8 391.2 369.4 348 323.1 301.8 282.1 277.6 288.5 292.5
329.7 329.6 330.7 334.5 341.2 350 361.8 379.6 396.9 403.4 399.7 394.8 390.7 387.5 388.9 391.5 404.5 407 410.8 416.5 423.5 437.8 449.4 456.3 460.5 464.2 471.5 482.6 487.4 494.1 497.8 499.6 500.6 502.3 502.9 502.1 500.9 498.4 495 490 484.8 480.6 477.4 478.8 478.6 477.6 475.4 475 474.9 474.9 476.4 477.8 478.7 480.2 482.3 483.5 482.9 479.4 474 468.6 464.1 459.5 454.6 449.8 444.8 438.7 428 410.5 389 367.1 347.3 323.9 303.2 295.4 288.8 301.6 314.4 316.3
326.7 326.2 327.7 331.6 339.3 349.5 359 376.1 393 401.4 401.9 400 398 396.2 396.5 404 408 419.2 429 439.2 445.7 451.7 458.4 463.8 466.6 470.3 478.1 491.8 496.6 502.1 505.9 507.2 506.8 506.8 505.1 502.4 498.8 494.5 489.9 484.1 478.7 476.8 474.3 478 477.7 477.8 477.6 477.3 476.8 478.5 480.1 481.3 482.7 484 485.2 484.1 481.2 476.5 471.3 464.8 459.7 453.8 447.7 442 433 421 407.9 390.6 367.5 343.5 324.6 303.1 294 300.6 312 326.5 338 338.2
321.5 321.3 322.6 327.1 335.7 346.5 357.5 370.4 385.8 397.1 402.6 405.6 404.9 405.2 407.7 409.1 418.9 422.9 430.8 443.8 451.8 458.5 464.6 469.5 472.6 476.7 486.1 498.7 503.6 507.7 510.7 512.2 510.5 508.3 505.6 502.1 498.4 490.5 484.8 480.3 476.7 472.3 474.6 477 477.2 477.4 478 479 479.8 481.3 483.6 484.6 486.3 486.9 486.6 482.7 477.7 473 467.1 460.1 454 446.8 440.6 432.1 416.9 394.8 382.1 364.8 345.5 325.4 307.2 299.3 310.2 325.3 338.2 349.2 352.5 349
315.1 316 318.8 325.8 336.7 349.3 359.6 370.9 384 392.1 398 405.1 410.7 414.3 418.8 417.7 424.9 431.8 437.3 447.1 455.8 462.8 468.9 473.8 477.8 482 492.4 502 508.1 513.1 514.8 514.3 511.5 508.1 505.8 501.2 496.2 489.5 482.4 476.3 472.2 469.1 474.5 475.3 476.5 477.5 479.1 480.8 482.3 483.7 485.6 487 488.5 487.7 484.8 480.7 474.9 468.7 461.8 455.4 447.3 438.4 427.1 415.3 397.8 373.6 353.9 339.4 324.2 307.8 306.5 318.5 335.5 352.4 364.3 367.8 363.7 353.1
309.4 311.4 315.8 324.5 336.6 350.7 359.9 366.2 375.5 382.3 391.3 402.2 411.9 421 427.1 427.7 431.3 438.6 438.4 451.9 459.4 465.8 471.8 477.2 481.3 486 498.8 505.3 509.2 514.3 516.3 513.6 509.7 506.7 504.1 499.1 493.9 488.3 483 477.7 472.9 466 472.3 471.2 473.2 477 479.9 483 484.5 486.1 487.9 489.4 489.2 486.5 482.7 478 471.8 465.5 458.4 448.6 441.5 430.3 410.4 394.5 374.7 356.2 346.6 326.5 311.7 316.9 331.8 346.1 362 379.8 384.2 380.6 371.6 354.6
304 307.6 312.9 324.2 337.5 349.9 351.6 355.6 364.3 374.9 386.7 401.4 413.2 425.8 434.2 438.4 440.7 445.2 450.6 456.3 462.5 469 473.9 478.2 482.7 490.7 501.5 505.5 508.9 512.6 513.5 511.2 507.4 505.2 501.5 496.3 490.7 485.9 480.9 476.2 471.4 463.4 469.4 466.3 472 476.4 480.1 483.2 486.3 487.6 490.2 490.6 488.3 484.8 480.6 475.5 470.1 464.2 456.8 448.8 439 429.1 409.4 399.4 394.3 384.3 354.2 325.6 333 341.8 359.6 374.6 388.8 401.7 395.2 385.9 373.1 368.8
296.9 304.6 310.4 322.4 333.5 335.3 339.5 351.9 364.2 372.8 386 402.7 417.6 430.4 440 446.4 450.9 449.1 456.7 463 467.1 471.1 475.1 480.1 484.3 494.4 501.2 504.4 507.4 508.9 508.9 507.1 503.9 501.7 497.5 492.9 487.5 482.1 477.6 473.4 469.8 458.3 464.4 460.2 469.6 474.7 479 482.9 487.2 489.8 491 489.7 486.5 482.7 478.8 473.9 469.5 463.8 457.5 451.5 445.2 437.8 428.4 420.6 410.6 386.1 351.1 351.2 359.8 372.2 386 399.6 405.9 407.4 397.9 388.7 384.7 383.6
296.2 302.5 307.9 316 320.9 329.1 343 356.9 371 385.1 399.1 410.3 424.7 435.2 445.3 453.4 459.5 459.2 461.7 468.4 471.8 475.2 477.4 481.9 487.1 496.4 499.5 501.9 503.7 504.7 504.3 502.8 500.9 499.5 494.1 488 483.2 477.7 473.5 469.9 466.4 462.7 447.2 450.4 464.6 470.2 476.5 482.3 486.2 490 489.4 487.7 484.5 481.1 476.6 473 468.9 464.8 459.2 454.3 449.6 443.7 436.5 428.7 418.2 391.8 366.3 378.9 386.5 396.8 403.9 410.9 412.3 408.2 401.3 395.2 397.1 387.6
296.8 301.6 305.5 311.3 322.6 333.3 344.8 358.9 376.6 395.3 411.3 419.4 430.7 440.9 449.3 458.3 465 466.4 469 473.4 476 478.1 480.1 483.6 489 495.8 498.5 500.8 499.7 499.3 498.8 497.4 496.5 495.7 491.3 487.1 481.6 475.7 468.1 464.5 462.6 459.5 442.6 438.6 448.5 462.2 472.6 480.1 485.4 488.7 487.8 485.1 481.6 478.7 475.3 471.7 469.3 466 461.3 456.7 453 448.6 442.6 434.3 422.3 396.2 394.5 403.8 406.1 412.2 414.6 414.5 416.3 405.5 401.5 398.5 390.1 383.7
295.6 299 303.7 312.3 323.1 335.1 349.3 364.7 381.4 399.8 418.6 431.5 437 443.6 451.8 461.7 468.7 471.8 474.6 477 479.4 481.6 483.3 485.7 490.1 494.4 496.9 498.1 496.7 495.7 494.7 493.1 492.8 492.2 490.6 485.5 479.8 475 470.2 464.7 452.6 447.4 442.4 427.2 429.3 439.5 457.3 476 483.1 486.6 485.8 483.1 479.4 475.8 472.6 471.2 469.2 466.1 462.5 459 455.3 453.3 445.6 436.8 427.8 412.7 415.6 417.6 417.4 417.6 416.7 412.7 405.8 399.3 393.3 381 368.5 354.2
293.6 296.2 302.1 311.3 324.1 339.2 355.5 369.9 388.5 410.3 426 436.1 441.7 446.6 452.9 462.6 469.8 475.5 478.2 480.5 482.3 484.1 485.7 488.2 490.1 492.2 493.9 495.4 493.7 492.5 490.6 488.4 488.6 488.8 487.9 483.7 478.7 474.4 470 466 462.5 457.9 451.8 442.3 416.8 420.8 440.7 463.5 480.5 484.2 483 479.3 475.8 472.1 469.6 469 467.8 465.3 462 458.4 456.5 456.6 448.6 440.3 433.7 428.8 426.1 425.3 421.4 420 413.8 405.6 397.1 383.9 370.8 355.3 339.3 324.6
291.3 294.9 300.7 308 323 339.8 359.6 377.8 402 418.3 426.2 433.4 442.1 448.1 457.5 467.2 474 478.2 481 483.4 485 486.1 487.2 488.2 488.8 489.9 491 492.5 491.4 488.8 485.9 483.8 484.5 484.9 483.7 480.1 475.6 472.2 468.7 465.9 462.6 459 455.2 450.5 426.2 410 426.6 451.3 477.4 481 478.4 474.4 470.5 466.6 463.7 464.7 464.1 460.2 457.2 453.3 452.4 452.1 449.7 445.1 439.4 436.3 433.8 429 423.4 417.1 409 398 381 365.1 347.5 329.5 312.8 297.6
289.7 294.8 299.4 306.7 321 340.4 361.4 383.5 404.3 413.8 418.2 426 433.9 444 455.8 468.6 475.5 481.2 484.4 486.4 487.1 487.2 486.1 487.7 487.7 488.2 488.8 489.1 488.9 486 482.4 476.6 479.3 480 478.4 475.5 472.2 468.8 466.2 463.7 461.3 458.3 455.2 450.9 428.2 404.5 412.7 438.1 468 477.2 474.2 469 462.7 456.6 447.5 456.3 456.3 446.8 435.9 435.5 442.6 450 454.5 447.7 443.8 441.3 436.4 430.1 421.3 412.3 401.7 386.1 364.2 344.9 326.1 308.6 312.6 319.7
289.2 293.6 298.3 305.5 320.8 340.2 363 383 396.7 398.8 399.3 409.3 421.1 432.9 447.9 464.9 475.8 482.5 486.7 488.6 488.5 487.6 487 486.7 486.2 485.9 487.5 486.6 486.4 483.6 478.4 470.9 473.6 473.6 471.8 470.4 468 464.7 462.7 460.8 459.5 457.1 454 450.4 429.7 407.3 399.3 428 457.8 473.9 470.8 464.9 452.5 433.6 423.2 435.6 435.8 418.7 407.4 415.1 440.7 451.5 451.8 447.7 447.1 441.8 435.6 428.1 416.7 404.1 384.7 366 347.3 328 317.2 326.3 337.1 347.6
288.4 292.2 295.8 303.9 324.2 343.9 362.8 380.7 381.7 377.8 381.9 391 406.7 426.5 445.1 461.6 474.4 482 487.2 489.2 488.7 488 487 485.5 484.5 483.7 485 484.4 484 481 476 470.5 463.4 466.9 465.7 464.4 462.7 459.8 456.8 456.5 456.5 454.1 452.1 449 425.4 401.8 394.4 425.3 457.4 470.2 468 462 447 418.9 402.2 412 414.4 395.6 388.8 416.4 435.2 446 448.8 446.6 444.8 441 432.1 421.7 409.3 387.1 364.9 345.3 328.6 329.7 341.9 354.4 366.8 376.3
287.3 291.9 295.5 303.7 323.8 343.3 361.6 367.3 364.2 364.3 368.4 383.9 404.3 422.8 439.1 455 469.3 479.5 485.5 487.7 487.5 487.9 486.5 484.9 483.8 481.5 481.7 481.1 479.8 477 472.6 467.9 463.3 455.3 458.8 458.1 456.3 453.9 450.1 447.9 448.7 449.2 448.4 444.6 419 396.7 385.4 416.6 448.2 466.4 464.9 459.5 444 415.2 388.1 388.8 391.1 374.9 386 402.6 424.7 439.5 445.4 444.9 442.2 437.6 426.9 415.2 392.6 369.3 348.3 346.8 350 356.5 370.1 384.7 395.6 401
286.3 291.7 296.3 303.3 321.8 340.2 349 351.5 349.3 350 363.9 379.6 394.7 413.8 425.9 446.6 464.6 475.9 482.5 485.5 486.5 486.8 485.8 484.7 483.4 481.1 477.8 476.6 475.4 472.1 469 466.1 459.9 455.2 447.8 451.4 450.8 448.4 442.1 437 431.9 434.4 436.1 435.6 411.8 389.5 377.3 408.3 442.6 465.9 463.3 457.4 445.6 417 388.3 368.7 365.7 356.2 366.8 382.6 407.6 430.6 443.9 443.2 438.3 432.2 424.1 410.6 389.4 370.3 374.4 373.9 377 386.2 396.7 410.8 419.7 419
287.9 292.5 296.8 302.3 318.8 329.3 334.6 333.8 339.1 349.1 356.5 368.5 383.4 397 415.1 438.1 459.6 473 479 482.8 485.1 485.4 484.7 484.2 483.5 481.1 477.3 473.5 470.3 466.8 463.8 461.4 456.8 451.3 448.7 440.1 444.3 440.7 432 412.8 405.6 409.2 412.6 417.4 402.5 378.9 374.9 408.2 443.9 466.8 462.8 455.4 445.8 425.5 398.8 375.2 356.6 344.7 346.3 364 387 417.6 440.4 443.1 436.9 429.9 421.8 411.5 401.4 391.2 394.3 394.3 400.4 411.4 422.1 430.8 432.9 427.6
288.6 293.4 298 303.8 312.5 318.6 323.8 331.1 344.4 359.2 372.7 375.4 378.5 391.7 409.1 430.6 454.5 467.9 475.9 480.6 483.1 484.2 484.2 483 482.3 480.5 477.9 474.1 470.4 462.8 453.9 451.1 450.5 447.6 444.1 438.7 433.3 430.4 424.5 409.9 386.7 383.5 384.2 392.1 386.8 364 378.6 412.4 447 465.6 461.1 453.2 446.5 435.9 417.2 399.4 373.5 348 330.2 345.2 368.6 397 428.9 438.3 434.8 428.6 421.3 414.7 408.6 408.5 409.1 410.2 419.4 430.5 441.1 444.9 441.3 433.7
288.8 293.6 298.6 303.4 309.4 316.9 327.4 341.8 354.4 366.8 385.3 394.2 394.5 395.9 408.4 427.5 449.9 464.4 473.1 478.1 481.5 483.7 483.7 482.7 480.8 479.9 478 474.8 470.4 465.3 459 453.9 445 436 434.8 430.3 420.9 415.7 406.5 390.7 390.9 385.2 369.6 365.3 368.3 355.9 380.7 415.5 447.6 463.7 457.6 450.8 444.7 437.2 427.6 414.5 386.9 357.8 330.9 331 354.4 387.2 415 434.4 431.4 425.6 419.3 416.3 414.7 416.1 416.7 422.9 435.2 445.7 452.9 451.7 447.6 438
288 292.7 297.1 301.6 307.8 316.9 330.5 347.6 361.6 378.1 395.2 407.6 411.5 413.9 422.1 431.4 448.8 462.3 470.3 475.7 480.7 483.1 483.3 482.6 480.9 478.9 476.5 474.1 470 465.6 461.4 457 450.7 441.4 439.1 436.6 431.6 424.7 421.2 419.4 417.1 409.2 390.6 365.6 350.9 352.7 378.6 411.4 442.3 458.4 454.5 448.4 441.7 435.5 427.9 415.9 389.9 360.4 332.2 319.4 342.4 371 402.5 420.8 419.1 415.6 410.7 405.5 399.9 399.9 415.3 432 446.3 455.5 458.4 457.9 450.2 436.7
286.8 291.2 295.9 301.4 305.5 316.1 330.4 346.8 361.2 380.3 397.6 408.9 417.6 425.1 434.7 446.7 456.5 464.8 470.5 474.7 479.8 481.9 482.9 482.8 481.8 480 477.4 474.8 470.6 467.5 463.4 457 454 450.2 449.6 449.2 448.4 446.1 443.8 440.2 435.1 426 405.5 372.8 350.6 343 367.3 400.4 431.6 450.5 448.6 443.8 438.6 435 426.2 412.9 386.1 358 330.6 309.9 331.7 358.8 388.3 399.7 405.4 401.1 390.6 382.2 377 385.3 414.9 439.3 456.7 460.7 459.9 454.3 440.9 428.2
286.4 290.7 295.6 301.6 306.6 315.5 330.6 344.1 357.9 374.2 386.9 394.1 411 430 442.4 452.9 459.9 466.7 471.7 475.7 479.2 481.9 483.5 483.2 481.1 478.8 476.9 474.2 470.6 466.7 463.8 461.9 458.9 455.6 455.8 456 455.3 454.3 451 446.5 441.5 434.1 408.6 379.5 358.6 341.1 355.3 387.1 415.8 435.5 438.1 435.4 433.9 432.6 422.5 408.9 384.1 355.2 328.4 304.3 322.6 345.8 364.6 377.6 385.4 381.2 364.7 357.4 358.3 388.9 420 448.7 463.8 463 452.3 436.3 418.8 402.7
286 290.2 295.7 301.6 308 315.7 325.1 335.6 347.3 362.6 378.2 392.6 413.7 432.3 447.3 455.9 462.5 467.4 471.5 475.7 477.7 480.9 482.9 482.5 479.8 476.8 475.1 473.4 470.6 467.7 465.8 464 462.3 460.9 460.1 460.4 459.3 457.5 453.6 449.4 444.6 438.2 411.1 384.8 365 340.8 343.2 370.7 393.2 410.8 424.3 427.4 427.8 423.3 415.5 404.9 385.6 356.6 328.3 301.8 313.2 332.2 345.8 360.5 364.4 357.8 343 341.1 367.1 397.2 427.5 452.7 460.7 453.5 437.4 416.8 394 377
285.7 290 295.6 300.9 306.3 314.2 328.6 344.1 355.9 369.5 383 402.7 422.8 436.9 449.6 458.7 464.1 468.1 471 474.6 475.6 478.5 479.4 479.5 477.1 474.4 472.4 471.4 471.2 468.6 466.9 465.5 464.3 463.3 462.4 462.1 460.6 458 454.1 450.1 446 441.2 411.9 386.2 366.5 343 330.3 348.3 368 389 408.3 421.1 420.7 414.5 408.1 399.2 384.3 361.5 333.3 305.6 299.3 315.5 325.5 339.1 342.9 333.2 328.4 352.9 380.2 409.6 436.3 450.8 450.1 437.3 417.4 396.2 376.1 356.3
284.9 289.3 294 298.8 304.5 313.1 324.8 341.2 357 371.7 390.2 411.1 430.3 445.8 457.6 463.2 466.8 469.5 470.5 471.8 473.8 474.5 474.7 474.4 473.4 471 469.4 469.1 469.1 467.8 466.3 465.2 464.1 463.9 463.2 461.1 459.1 456 452.9 449.2 446 440.8 415.2 385.6 365.5 342.9 326.4 332.6 350.2 374.7 391 407.8 411.6 407.6 399.3 388.8 378.9 365 340.6 313.2 289.4 300.4 310.7 320 319.3 311.5 338.2 366.2 394.3 419.1 438.3 440.5 432.8 416.5 396.1 375.7 356.1 339.2
283.5 287.9 292.1 297.8 303.2 312 323.3 339.2 357.8 375.6 395.2 417.9 435.7 452.2 465.9 470.2 470.4 469.9 469.5 470 470.2 470.3 471 470.3 468.4 467.2 464.4 465.4 465.3 464.7 465 464.1 463.6 463.8 462.3 460.1 456.7 453.3 449.7 446.5 443.8 438.8 422.4 388.1 364.4 342.6 327.5 320.1 338.4 359.8 373.8 384.3 396.6 399.1 389.9 375.7 365.8 357 345 324.4 295.9 290.8 295.7 304.1 296.3 322.3 351.9 379.3 405 422.6 428.5 425.8 413.6 393.4 373.2 355 335 323.7
281.5 285.9 290.7 296.6 302.5 310.4 321 333.2 352.1 373.1 394.3 417.1 437.4 456.3 471 474.1 472.2 470.6 468.2 467.8 466.2 466.3 465.7 465.1 464.3 462.5 458.2 460.5 460.9 461 462 462.5 462.5 462 460.4 458.5 455.1 451.2 447.2 443.8 441 436.4 428.4 399.7 370.1 347.1 327.7 316.2 329.7 341.6 350.4 361.3 374.8 382.4 378.6 372.1 358.2 336.5 332.9 331.3 310.8 283.9 282.8 288.9 302.5 331.3 359.7 385.9 407.7 416.9 415 407 393.4 371.7 350 332.7 313.1 323.2
280.4 284.9 289.8 296 302.4 309.3 320.1 333.3 348.1 365.4 391.4 414.2 438 458.4 472.6 475.2 472.5 469.5 466.9 465.7 464 462.1 461.1 460.4 459.4 457.9 452.3 455.8 456.8 457.3 459.1 459.9 460.2 460.2 458.1 456 453.6 448.7 444.4 440.6 437.1 432.1 423.9 401.5 372.7 346.8 323.8 312.6 316.3 322 329.6 343.5 351.1 359.3 362.1 359 349.1 337.8 318.4 312.9 312.6 304.5 280.5 274.4 303.1 330 356.3 380.1 393.4 395.4 391.3 383.1 372.3 353.3 333.6 310.6 299.5 326.3
279.9 283.6 288.6 294 300.3 307.4 320.2 333.2 350.5 373.2 395.2 415.1 438.6 457.6 469.7 472.1 470.5 468.1 465.5 463.8 460.5 457.2 456.6 456.1 455.2 453.1 448 451.5 452.2 454.4 456.1 457.3 458.1 458.1 455.5 453 450.3 446.5 441.8 436.9 431.9 424 405.5 379.3 354.3 346 338.6 322.6 308 305.8 313.3 321.7 327.2 341 344.8 337.9 327.9 320.8 318.2 299.8 296.7 290.5 284.9 265.1 288.9 317.5 339.5 361.4 367.3 369.8 366.8 360.1 350.3 332.5 314.1 295.8 299.9 329.7
278.9 282.9 288.1 294 300.2 308.1 317.3 330 347.8 372.2 393.9 415.2 436.7 454.4 464.7 466.6 465.9 464.3 463.2 461.3 458.2 453.9 452.5 451.9 450.8 448.7 444.3 447.1 448.8 451.3 453.9 455.5 456.1 455.7 454.8 451.9 449.6 446.2 442.2 431.8 421.6 402.5 381.6 375.6 379.7 377.8 360.6 341.6 326.7 313.2 300.9 300.4 310.3 324.5 324.2 316 307.5 300.2 297 295.9 280.1 273.8 259.7 258.4 274.3 296.1 317 333.8 338.5 341.9 342.2 340.8 329.6 310.2 291.9 280.1 306.6 337.2
277.8 282.2 287.6 293.3 299.7 306.8 316.5 331.5 349.9 370 389 410 431.3 447.2 454.6 459.1 460.5 460 459.1 458 455.2 451.9 446.8 447.2 445.9 444 441.3 443.2 445.4 449.7 453.6 456.5 456.9 456.8 455.8 454.5 453 449 444.7 438.5 432 425.6 416.4 410.3 414 411.5 387 365.7 347.7 330.3 314.9 301.3 295 301.8 304.9 299.9 289 279.8 275.6 278 274.8 277 280.3 269.2 253.7 272.8 288 303.3 310.8 315.3 317.8 319.7 310.4 287.2 266.7 288.8 316.5 348.7
277.7 282 286.8 293.1 300.1 307.9 317.3 328.8 341.5 356.4 378.8 400.1 424.3 441.1 448.6 452.3 455 455.8 455.4 454.7 452.3 449.8 446.7 441.6 441.8 439.7 437.4 442.9 446 450.2 454.3 458.8 461.3 461.3 459.9 458.1 455.6 452.6 448.8 444.6 441 438.6 437.2 436.8 439.2 437.2 416.8 393.1 372.2 352.9 333.8 316.3 302.8 292.4 288.1 284.4 288.1 295.8 304.5 305.6 307 311.8 314.5 300.5 275.3 252.9 254.1 270 280.8 289.9 295.2 299.7 290.4 265.6 271.2 302.9 332.5 358.4
