public/OST50/SO49.asc
ncols 200
nrows 200
xllcorner 340000
yllcorner 290000
cellsize 50
[rows 35 to 69 of 200, columns 0 to 77 of 200]
290.2 294.4 302 311.7 322 330.3 339 348.4 347.8 336 340.9 350 365 368.4 367.2 365.6 366.6 366.8 366.5 367.8 370.2 371.8 372.9 372.5 371.5 368.7 365 360.8 354.5 341.1 328.8 337.5 342.6 334.1 343 358 369.2 381.1 393.4 401.7 407.5 412.5 414.1 411.7 411.4 412.2 411.4 408.3 405.1 403 398.1 393.3 387.6 383.3 378.7 373.9 371.8 366.5 359.8 356.5 355.4 352.6 347.7 346.4 343.8 339.8 335.4 330 323.9 318.8 314.9 312.7 313.4 306.5 302.9 300.7 299.1 296.4
290.5 297.1 306.2 317.2 329.4 338.5 347.7 355.7 358.6 356 358.2 363.5 369.4 370.5 370.5 368.7 370.5 371.2 371.5 372.9 375.1 376.7 377.1 376.9 373.8 370.8 367.2 362.8 357.7 350.4 338.9 325.7 335 333 338.6 353.8 368.8 379.9 391.6 400.7 408.9 410.7 407.7 403.9 403.1 405.1 407 406.1 406.8 405.2 400.7 396.8 391.8 387.3 383.1 379.3 375.8 372.1 367.8 365 362.1 358.4 354.5 352.8 349.8 344.5 338.6 332.6 325.7 320.6 316.8 315.2 310.2 304.8 297.3 294.9 294.6 295.2
290.3 296 305.5 318.4 332.6 346 356.6 362.3 365.8 367.4 366.4 372.3 374.2 374.7 374.6 372.3 374.8 376 376.3 378 380.1 380.9 379.9 378 375.9 372.2 368.1 363.1 357.4 350.7 340.1 328.7 323.3 329.6 332.8 348.2 360.4 368.8 378.7 393.2 402.3 400.5 394.4 388.5 385.5 386.4 392.7 398.1 401.7 402.5 401.2 399 395.2 390.5 387.6 384.7 381.5 377.7 374.8 372.5 368.9 365.1 363.8 361.5 358.1 352.3 345.4 337.8 327.6 320.7 318 313.4 308.8 301.5 297.1 293.3 292.9 291
290.1 294.5 303.2 315.6 330.4 348.3 358.8 366.2 370.7 373.8 375.2 378.1 379.1 379.2 378.8 376.8 380 381.1 381.5 383.3 384.1 382.2 380.6 378.4 375.5 371.1 365.3 358.6 354.5 348.2 339.4 328.4 320.8 326.3 330.1 341.9 347.1 359.9 370.7 382.4 389.9 389.8 383.8 373.4 370.5 371.9 383.1 394.2 398.8 399.1 399.5 399 396.1 393.4 390.8 388.6 386.3 383.2 380.9 379.3 375 371.6 372.9 371.7 369.2 363.6 356.2 344.5 330.9 321.9 316 307.9 305.1 299.6 294.8 291 288 285.9
290.5 296.2 303 311.3 323.8 336.8 344.1 359.1 373.8 379.7 381.6 383.4 384.4 384.5 384.1 383.3 384.6 386.4 387.5 387.7 386.3 383.3 380.8 377.6 372.3 365.3 359.9 355.6 346.9 336.9 330.6 325.9 319.7 324.1 324.2 331.7 342.3 353 363.3 373 380.5 380.3 371.8 362.8 357.6 364.4 382.5 391.2 394.5 394.2 395.9 396.9 396.7 394.3 393.9 391.9 390.3 388.3 387.5 386.2 380.7 380.1 381.1 381.3 379.4 374.2 364.6 353 336.3 322.5 313.3 309.8 300.3 296.7 293.1 293.2 291.9 287.5
292.2 299.6 306.7 319.5 331.2 345.3 361.5 374.2 381.5 386.3 387.8 388.3 389.5 389.8 389.8 388.8 388.2 391.3 392.2 391 387.1 383.4 379.8 376.2 375.8 375.1 371.6 364.5 354.3 340.8 329.5 322.7 319 316.7 323.2 331.3 339.5 349.1 359.6 368.4 371.9 369 362.9 352.4 350 366.6 375.7 383.4 381.8 387.1 390.4 392.7 394.3 393.8 394.5 394.2 394.8 394 393.9 392.3 388.5 387.5 387.6 388.3 386.3 380.9 370.2 357.6 341 322.8 314.1 310.6 300.8 298.2 302.3 302.5 300.9 293.3
295.9 305.6 318.6 332.5 347.3 357.5 372.3 382.9 389.7 393.7 394.1 394 394.2 394.4 393.9 393 392.6 394.1 394.2 391.7 387.8 384.5 380.8 380.8 382.2 380.7 374.5 363.1 349.4 336.7 327.3 321 316.5 315.5 328.4 341.8 347.3 349.6 353.1 356.2 355.9 354 349.7 341.6 351.6 359.2 365.1 365.6 364.7 369.7 380.7 383.2 386.5 391.4 393.7 394.3 395.4 394.5 394.6 393.7 394.2 394.1 393.5 393.2 390.2 384 374.3 361.3 344.5 321 312.9 305.6 301.8 305.4 311.9 310.2 304.4 298.4
300.3 317.5 331.7 347.1 359.4 369.8 380 390.4 396.9 398.1 397.8 398.7 397.7 396.7 396 394.9 395.2 396.7 394.7 391.2 388 384.7 384.3 385.6 387.1 383.4 372.4 356.4 343.7 334 325.3 317.2 311.4 321.3 338.4 346.1 346.6 341.4 338.6 338.5 338.3 338.3 336.1 336.1 341.8 343.9 349.8 351.7 351.3 361.5 366.5 368.7 379.9 386.6 389.9 389.6 391.2 394.2 395.9 399.5 400.6 400.2 399.1 396.7 392 386.3 376.6 363.1 342.1 323 314.3 310 305.3 312.1 320.8 319 312.5 308.4
309.5 326.3 343.6 357.5 370.4 379.8 385.2 394 400 401.9 402 399 395.2 395.5 397.1 397.3 398.8 399.2 395.5 391.6 388.7 387.2 387.7 389.6 390.7 380.2 366.4 348.4 336.9 329.9 319.3 311.1 313.2 324.4 330.5 333.7 328.7 326.1 324.7 323.7 324 325.2 327.1 329 331.1 332.5 334.8 338.5 341.6 344.6 350.8 356.7 367.4 375.2 379.5 381.1 388.3 395.4 401.4 406.6 407.6 406.4 403.1 398.3 393.2 386.7 376.5 362.2 343.5 322.8 314.3 308 306.2 322 330.5 325.4 320.4 319
314.6 330.4 348.6 362.1 373.9 378.4 376.6 380.9 392.8 401.3 399.9 386.1 379.3 395.3 398.9 400.2 403.5 400.7 397.2 393.2 391.2 390.8 391.2 383.6 377.1 363.6 353.7 337.4 325.1 317.1 308.2 310.3 311 312.7 314.5 316.5 317.1 318.7 321 323.1 326.3 327.9 329.9 332.3 335.7 338.2 337.4 338.8 340.3 343.3 344.9 346.1 350.7 363.4 370.4 380.4 391.9 398.9 405.1 410.2 411.4 408.7 404.5 399.5 395.5 389 375.6 356.9 335 316.1 308.6 308.9 319.4 336.3 336.9 332.9 333.4 333.2
315.7 330.4 342.4 350 355.7 356.3 353.5 361 383 396.5 387.2 365.9 374.4 396.5 397.5 404.3 406.4 403.5 400.4 396.8 395.8 393.5 384.6 373.5 358.6 348.9 337.1 325.6 314.8 307.3 307.8 312.5 314.4 315.6 317.6 318.5 322 324.4 326.9 328.3 331.6 333.5 335 338.1 340.8 344.2 343.4 345.1 346.8 351.2 354 355.7 352.7 354.6 372.3 386.1 395.6 402.8 407.4 409.8 409.8 407.9 403.7 400.5 397 382.8 360.3 341.9 323.1 312.8 309.9 317.1 337.2 343.7 344.4 342.2 337.2 329.1
314.7 324.8 326 328.4 331 333.9 348.8 364.1 380.5 390.9 380.3 358.4 367.9 381.9 397.8 407.8 409.6 406.8 404.5 401.3 395.9 386 374 360.4 345.6 334.4 324.3 314.8 305.3 306.7 310.9 316 319.2 320.9 323.1 323.8 325.7 327.7 330.5 332.9 336 339.4 341.2 346 347.4 350.2 351 352.7 355.3 357.2 361.7 364 363.6 359.7 362.8 384.7 395.8 403.4 406.7 407.6 407.2 406 402.6 398.5 386.9 363.6 341.8 325.3 316.9 313.8 318.5 329.5 341.6 346.8 344.4 340.5 332.6 326
308.6 311.7 313.3 319.9 328.1 340.6 354.3 367 382.7 386.4 376.5 352.3 354.8 369.8 393.4 407.3 411.4 409.5 405.5 397.2 385.3 373.8 364 347.8 334.6 322.7 313.2 305 305.3 309 314.8 319.7 323.2 326.3 326.9 327.9 329.5 331.1 334.5 337.4 341.3 345.4 349.3 353.2 355.9 358.3 358.4 359.7 363.1 366.5 371.2 373.9 373.8 373 358.9 377 392.4 402.1 405.8 407.4 407.8 406.5 404.1 396.2 368.2 343.4 329.3 320.5 318.4 323.3 337 345 349.6 349.8 347.1 343.2 337.2 330
303.1 309.4 319.5 327.2 334.2 345.8 358.9 376.4 382.4 381.3 369.5 344.8 351.1 368.5 393.3 405.3 410.2 402.7 393.5 380 369 356.5 351.3 338.4 323.5 312.9 305.7 302.8 306.5 310.3 316.5 323 327.7 328.8 329.9 331.1 332.9 335.4 339.1 342.5 346.9 351.6 356.5 360.2 363.8 367.1 368.2 371 376.5 379.3 381.3 383.2 383.3 382.9 361.8 373.2 393.9 403.5 408.3 410.3 410.5 408 403.7 390.2 361.3 336.3 326.1 326 335.2 346 352.9 356 356.4 357.8 355.3 347.4 338.9 328.8
321.5 325.9 339.1 345.6 353.9 365.5 374.8 378.5 373.4 364.8 349.5 338.8 352.1 371.5 394.8 401.1 397.9 381.6 370.5 363.3 354.5 341.1 330.8 323.8 313.2 304 300.9 305.2 308.9 313 320.9 326.9 330 332.3 334.4 336.6 339.5 341 344.7 350.2 358.2 363.9 368.7 371.4 375.1 378.8 384.8 386.3 389.7 391.5 391.9 392.5 391.7 389.3 364.8 378.9 398.7 408.8 414.1 415.2 412.4 408 400.3 378.1 349.9 332.3 334.2 348 360.9 362.6 362.8 361.9 360.8 360.7 355.7 347.3 338.5 334
345 349.5 356.1 362.7 367 373.1 377.3 372.1 356.4 343.2 331.6 340.6 357.4 378.9 392 392.6 383.4 365.5 352.8 343.8 342.9 326.7 316.6 311.3 302.8 299.5 303.3 306.5 310.3 314.5 323.7 330.5 334.9 337.3 340.3 344.8 347.2 349.7 353.3 363.9 374.8 382.8 387.3 389.9 392.6 396.2 402.8 399.9 401.6 402 401.3 400.6 397.5 390.8 369 385.3 404.2 415.3 420.2 420.9 416.4 408.4 395.4 370.8 340.3 340.6 354.3 369.3 372.6 373.2 371.7 369.6 366.9 363.5 358.4 353.1 348.5 343.1
351.9 354.8 356.2 358.4 363.8 372 376.6 364.5 343 331.2 333.5 347.9 365 380.1 385.1 389.8 372.5 351.6 339.3 328.7 328.3 317.6 307.1 302.2 297.9 300.9 304.8 309.5 314.6 316.6 324.9 333.5 339.2 342.2 347.3 352.8 357.6 363.6 367.3 377.2 388.3 397.2 404.8 408.9 410.7 412.5 414.9 411.4 410.5 409.4 407 404.9 399.8 380.7 376.3 394.6 410.4 421.8 426.8 427.3 420.6 410.1 395.9 366.5 344.5 362.1 377.4 384 383.6 382.2 380.7 377.4 373.8 369.6 364.8 359.9 354.6 348.1
347.8 347.9 343 343.1 360.2 370 375.5 360.6 340.4 322.9 332.5 350 366.5 373.5 375.2 377 364.4 342.3 327.3 314.3 312.5 304.6 297.3 297.8 299.4 304 308 314.1 320.2 325.9 328.3 337.3 345.2 351.2 356.1 361.9 368.8 377.2 381.7 385.6 397.1 406.3 414.6 422.5 427.4 427.1 423.3 419.9 417.9 414.5 410.9 407.3 400.5 379.8 385.6 404.2 418.7 427.8 431.8 431.7 423.7 411.5 392.2 360.4 365.6 382.2 395 396.2 393.9 392.1 388.6 384.9 381.2 376.3 371.4 366 359.4 341.9
337.3 336 326.8 340 355.7 366.9 372.6 353.7 332.2 318.2 336.3 352.8 362.6 360.2 357.6 359.9 351.1 332.3 317 307 298.3 294.3 296.7 299.2 302.2 307.3 312.9 320.9 327.9 335.6 339.8 338.9 348 358.1 364.3 371.1 378.6 385.7 393 397.6 402.5 408.7 416.8 426.9 433.7 433 430 426.8 422 418.1 414.5 410.2 395.9 378.8 395.4 411 424.2 432.9 436.3 434.8 424.7 411.6 389.3 367.5 387.4 402.5 407.6 407.2 405 401.3 397.4 392.7 387.1 382 376.3 370.1 354.3 331.9
319.7 315.5 322.1 335.8 350.5 363.3 368.6 352.8 328.7 314.3 331.8 345.7 356.3 352.1 336.1 341.1 334.1 321.7 308 294.6 293.7 297.1 299.3 302.3 307.2 313.9 321.7 328.8 335.6 344.3 349 349.1 346.3 354.5 366 375.1 381.1 385.7 393.7 401.5 407.7 413.5 419.4 427.5 434.1 434.4 433.2 429.1 424 419.4 415.1 409.5 392.7 387.1 401.9 416 427.2 436.4 438.8 436.1 424.5 411.9 396.8 381.7 404.5 416.4 418.4 417.8 414.7 410.7 405.6 401 394.2 386.7 379.1 367.7 348.7 332.1
309.8 306.9 317.9 330.3 346.6 357.2 362.5 355.8 334 314.4 314.3 324.2 339.6 346 327.4 320.3 321.2 310.5 296.2 292.4 296.2 299.5 301.3 305 312.7 319.3 326.5 333.3 340.5 347.9 353.7 356.7 357.8 355.5 358.5 365.7 373 382.3 392 404.4 413.9 419.7 424.7 430 436.2 436.4 434 429.5 424.3 418.8 413.8 404.2 386 394.5 405.9 418.4 431.8 438.9 438.5 432.6 424.2 415.3 395.4 404.5 417.8 425.1 427.8 427.5 424.2 418.5 413.3 406.8 399 390.4 381.2 366.9 346.9 349.1
301.8 300 309.6 322.9 338.9 347.5 351.8 348.9 341.4 322.8 307.7 307.4 322.4 336.5 330.5 313.1 308.2 298.8 290.1 294.6 297.8 300.6 303.9 307 312.8 321.1 329.2 336.7 344 350.7 358.3 364.4 366.9 366.5 366.4 372.4 381.9 387.4 397.2 408.2 419 425.3 430 434.2 435.3 433.4 431.4 427.9 423.7 417.9 412.6 400.5 393.3 402.4 407.9 420.6 434.2 442.1 440.8 433.9 426.9 419.6 402.8 418.8 427.4 431.6 432.9 432 428.6 423.8 417.8 410.3 401.6 393.1 382 360.2 347.8 365.5
299.8 291.3 301.1 314.4 325.8 332.6 337.6 339.6 341.3 334.6 318.4 300 310.9 324.2 318.9 308.8 294.3 288.9 293.3 297 301.2 307 308.2 309.2 311.4 317.4 330.1 339.3 346.9 353.6 363.3 370.4 374.6 375 374.1 381.6 389.5 396.5 403.5 413.9 424.1 431.5 435.8 436.8 434.6 431.2 428.7 425.7 422 415.8 410.1 393.9 403.2 409.4 415.4 426.6 435.7 440.4 440.2 438.1 433.3 429.5 414.3 429.4 435.3 437.4 437.3 435.4 431.8 427.5 420.2 413.7 404.9 390.7 370 365.7 372.9 389.1
300.7 287.8 292.1 301.9 309.7 317.1 323.1 327.7 329.1 323.9 314.2 300.9 298.8 303.9 298.8 291.4 287.2 290.1 293.9 298.4 303.2 311.3 314.1 315.9 318.5 316.1 324.8 337.3 346.5 356.3 369.2 379 382.8 384.5 384.2 391.2 396.6 404.2 409.7 418.3 426.5 432.6 435 434.4 432.7 430.8 428.8 424.4 420 412.4 403.2 399.8 412.4 419.3 424.8 434.4 441.6 444.7 444.8 443.7 439.9 436.7 429.1 437.3 442 443.9 443.4 439.7 434.3 429.1 423.9 416.5 402.6 379 374.1 385 396.9 405.7
305.9 288.4 280.9 283.9 291.1 299.7 304.9 308.3 312.8 308.9 300.2 289.9 288.7 288.1 285.2 285.8 287.8 292.2 296.3 303.1 310.8 311 318.5 320.9 326.9 323 320.2 331.8 345 360.3 375.1 385.6 390.4 393.6 394 399.3 404.5 409.3 417.2 422.6 427.4 430.1 432.3 431.7 431.7 431.2 429.4 424.9 421.8 414.9 401.5 411 424.5 430.4 437.9 443.3 449.4 452 451.5 449.6 446.3 442.5 435.7 442.2 446.3 449.1 448.5 445 438.6 432.1 424.5 413.1 389.8 380.9 393.6 404.1 410.9 412.8
308.6 288.2 275.8 274.3 275.3 283.6 281.9 283.7 288.8 286.6 281.8 284.7 284.1 282.9 283.8 287.3 292.2 297 302.2 310.6 318.4 317.3 322.2 326.2 332.9 330.5 324.9 330.6 343.1 355.5 373.2 387.4 396.1 399.5 401.1 405.5 410.4 414.6 419.8 425.4 427.6 428.3 429.3 429.5 431 431.5 430.8 428.7 424.6 418.1 403.2 419.1 430.9 440.5 449.5 454.9 458.3 459.2 457.4 454.2 451 446.6 443.5 447.4 450 451.6 450.2 446.3 440.2 432.2 422.6 401.6 392.2 403.6 414.6 418.2 417.8 417.5
295.7 276.9 274 277.5 279.4 280.5 280.1 280.1 279.1 280.7 280.5 281.3 282.3 284.6 288.4 293.2 297.8 303.6 310.7 319.4 325.4 323.4 325.9 331.2 336.4 337.1 329.3 331.1 341.9 353.6 369.3 384.7 394.4 401.4 406.2 410.7 413.6 416.9 419.4 422.5 423.8 423.8 424.7 426.6 429.8 431.6 431.6 430.4 427.9 421.3 406.8 423.5 436.5 447.8 457.5 462.6 464.1 463.1 460.3 456.7 453.2 448.5 448 450.4 452.1 453.3 451 446.4 439.6 431.3 409.8 403.3 412.2 422.2 425.2 424.8 423.6 422
282.1 272.9 276.6 277.6 279.3 280.8 281.8 282.9 283.1 283.5 281.8 284.4 285.9 288.8 294.9 301.1 307.3 313.6 321.2 329.1 331.4 325.4 332 336.3 340.8 343.9 336.5 332.9 345.7 354.7 362.7 371.7 387 396.4 404.3 411 411.2 404 405 409.7 413 417.9 422.5 425.3 429.4 430.7 431.4 431.4 430.2 426.1 411.9 427.6 439.1 450.2 461.3 468.6 467.7 465.3 462.9 460.5 456.5 451.9 451.7 453.1 454.2 453.6 450.7 445.9 438.8 426.8 414.5 423.6 426.5 430 432.2 431.4 428.1 425.6
270.7 274.6 276.3 277.6 280 281.4 281.4 282.9 284.1 285.1 284.9 287.8 289.8 295.2 303.9 312.3 319.3 326.4 332.5 337.4 338.2 332.7 339.5 344.3 350.9 352.9 345.2 341.3 341.1 341.9 346.3 356.9 373.6 386.3 397.8 404.8 394.1 396.8 407 412.6 417.1 422.3 425.9 430 432.7 432.9 433 432.5 431.4 428.4 412.7 427.5 440.2 451.4 461.9 467.5 468.1 467.5 466.4 463.7 459.4 454.5 455 456.4 456.2 454.3 450.3 445.3 438.8 421 427.1 432.8 434.6 436.6 437.2 435.4 431.7 428.9
271.7 274.3 276.7 280.8 286.2 286.6 284.2 284.4 284.5 285 288.4 291.4 295 301.9 310.5 319.9 327.3 333.7 340.2 345.1 343.2 340 348.3 354.2 362.3 363.7 355.9 349.2 348.7 349.5 352.6 353.5 359.8 373.3 381.3 391.3 384.6 395.1 409.9 416.6 421.7 426.2 429.9 433.6 435.6 436 435.4 435.1 432.5 429.1 418.6 426.4 438.2 449.3 459.6 464.2 466.2 465.1 464.1 461.2 459.3 458.3 458.9 458.9 458.2 455.4 451.1 446.3 436.9 425.1 438 440.3 442 442.6 440.3 438.1 434.2 431.3
271.3 273.8 277.1 283 288.2 290.1 287.9 286.7 287.5 288.9 292.5 295.6 297.9 304.1 314.6 324 331.7 339.7 346.8 350.1 346.6 344.9 353.4 361.4 370.2 372.5 367.5 361 358.4 358.2 362.5 363.8 362.8 364.5 369.2 374.6 384.3 402.5 414.5 421.2 426 430.7 435.4 437.9 439.4 439 437.7 436.8 434.1 432.1 425 427.2 437.6 446.4 454.6 460.4 462.8 463.3 462.5 461.9 460.5 461.6 462.8 462.2 460.3 457.5 453.7 447.1 434.4 442.6 445.4 447.8 448.5 447.7 444.7 440.8 436.9 433.6
271.3 274 276.3 280.8 287.4 292.2 295.4 294.3 293.2 294.7 298.7 301 302.6 305.5 317 327.6 336.9 344.4 349.8 353.5 351.8 348.5 356.1 364.7 374.8 380.2 379.3 375.5 371.2 369.1 372 374.7 377.9 378.7 380.1 388.2 394.7 408.8 419.9 426.9 432.5 437.3 441.4 443.3 443.6 442.2 440.3 438 435.2 431.4 425.2 426.6 436.7 444.3 451.2 456.9 461.2 462.1 462.3 462.3 463.9 465.1 464.8 462.9 461.7 458 454.2 450.1 442.4 449.5 452.3 454.6 453.8 451 448 443.5 439.6 435.4
273.9 279.1 278.8 280 284.1 293.6 302.8 305.3 306.6 305.9 306.3 308.2 311.9 315 316.9 330 341.8 350 354.6 357.4 358.2 353.7 355.5 365 377.9 387.2 391.6 391.6 387.8 383.7 385.9 389.9 394.6 399.6 402.8 405.2 408.7 417.3 427.8 434.5 439.5 443.4 446.5 447.1 445.9 443.8 441.2 438.4 435.2 431.6 425 427.1 435.8 443.1 451.7 459.1 463.9 464.4 464.4 465.1 467.2 467.7 465.8 465.2 463 459.9 456.3 451 451.5 454.8 457 458.4 457.7 452.8 448.3 444.8 440.4 435.6
278.9 284.9 285 284.3 283.9 285.4 291.1 303.4 311.9 313.8 315.2 317.8 322 326.8 320.9 330.8 343.1 353.8 359 360.8 362.1 361 356.8 367 378.9 389.5 398 403.5 405.5 401.2 403.5 409.4 414.5 419.4 420.9 420.3 415.1 426 434.7 441.2 445.7 449.2 451.1 450.9 448.7 445.7 442.9 439.5 435.4 431.6 427 428.1 435.2 444 451.7 457.4 460.2 463.2 466.3 467.7 469 467.6 467.4 465.6 462.8 459.9 456.6 453.7 456.6 458.4 459.6 459.9 458.3 453.3 449.4 444.8 440.4 435.2
283.4 291.7 292.8 289.9 289.2 290.2 289.3 295.1 309.7 319.2 323.4 327.1 331.5 335.4 328.8 328.3 339.5 349.8 358.6 363.2 365.5 366.8 363.2 367.2 380.4 390.8 399.6 410.4 416.5 418.6 422.1 426.7 431.8 434.1 433.3 430.7 426.2 428.4 439.3 445.8 450.7 453.6 454.2 453.4 451.5 448.5 444.8 440.7 435.6 431.6 427.5 429.1 432.4 439.8 448.6 453.8 456.5 458.8 463.1 466.2 468 467.2 466 464.4 462.9 459.8 456.4 458.7 460.2 461.5 461.8 460.7 457.6 453.6 448.7 443.8 439 435.1
