public/OST50/SO53.asc
ncols 200
nrows 200
xllcorner 350000
yllcorner 230000
cellsize 50
[rows 111 to 147 of 200, columns 83 to 165 of 200]
90.3 94.6 96.5 95.7 94.5 91.5 90.7 92.8 99.8 109.2 118.1 124.7 128.3 129.8 129.1 128.6 127.3 125.4 123 120.3 117.7 114.8 110.6 105.7 102.2 100.2 100 98.2 96.4 95.1 94.4 91.7 89 84 79.7 73.5 63.9 55.6 48.4 44.4 43.5 43.7 43.7 43.5 43.4 43.7 43.6 43.5 43.3 43.3 43.6 43.7 43.6 43.5 43.3 43 43.1 43 43.8 43.7 43.1 43.3 43.4 42.8 42.7 43.4 43.3 43.2 45.1 45.1 47.7 48.9 49.2 49.8 50.6 50.6 52.5 55.1 56 56.4 56.9 56.4 58.4
93.1 96.9 99.8 101.9 101.4 100.9 101.9 103.7 110.6 118.6 126.1 129.4 131.7 131.1 129.7 127.8 126 124 122.2 120 117.6 115.4 111.6 108.5 106.4 104.4 104.3 102.7 101.4 100.7 98.5 95.2 91.2 87.6 83.7 78.1 70.7 61.8 53.2 49 43.5 43.1 43.7 43.6 43.5 43.4 43.5 43.5 43.3 43.2 43.2 43.2 43.3 43.3 43.3 43.1 42.9 42.9 43.5 43.7 42.8 43.5 43.5 42.9 42.6 43.1 42.9 43.4 43.6 45.2 47.3 47.9 48.6 49.3 50.3 51.9 52.8 52.3 54.5 55.1 56.4 58.4 60
100.7 101.8 105.8 107.8 108.6 110.1 112.9 115 121.6 125.4 128.9 132.2 132.8 131.1 128.7 126.3 123.9 121.7 119.6 117.4 117.1 114.6 112.7 110.9 109.3 108.7 108.4 106.6 104.9 101.9 98.6 95.4 93.1 89.6 86.2 81.9 73.8 66.1 57.9 52.2 44.1 43.5 43.8 43.6 43.4 43.3 43.6 43.6 43.3 43.3 43.3 43.4 43.1 43.2 43.3 43.1 42.8 42.8 43.1 43.3 42.9 42.7 43.5 43.1 42.7 43 42.9 43.5 43.3 45.3 46.6 47.2 48.2 49.2 50.1 51.1 52.6 53.1 52.8 54.6 56.2 59.5 61.8
107.3 108.3 111.9 114.8 115.3 117.3 120.6 123.5 127.2 130 133.3 135.2 133.7 131.1 129.3 126.1 124.4 122 119.9 118.3 117.4 115 113.2 111.9 110.9 110 108.8 105.8 103.1 100 97.4 95 93.4 91.2 87.2 81.2 77.2 71.9 65.8 58.5 46 43.7 43.4 43.6 43.4 43.4 43.7 43.6 43.6 43.3 43.4 43.6 43 43.1 43.2 43.1 42.8 42.9 43 43 43.1 41.4 42.7 43.1 42.9 43.2 43.3 43.6 43.4 43.3 45.5 46.8 47.9 49.1 50.1 51.1 52 52.7 54.3 56.3 58.6 56.8 62.2
114.2 115.8 118.2 121.5 122.8 123.8 125.5 128.2 130.2 133 133.8 133.5 131.9 129.2 126.7 124.9 122.2 120.3 119.2 117.3 116.2 115.3 113.5 111.8 109.7 107.2 104.5 101.8 98.9 96 93.6 91.9 91.2 89.9 86.5 82.7 78.8 74.9 69 62.1 51.1 45.5 43.7 43.8 43.3 43.5 43.6 44 43.7 43.4 43.3 43.4 42.9 42.9 42.9 43.1 42.9 43 43 42.5 42.8 43.3 41.1 41.4 42.8 43 42.8 43.4 43.2 43.6 43.5 46.5 47.6 48.9 50 50.6 51.2 53.1 54.4 56.4 58.8 59.9 61.8
121.7 123.3 124.6 127 128.5 128.2 128.4 129.5 131.4 132.5 132.5 131 128.2 125.6 123.5 121.9 119.5 117.6 116.4 115 113.8 112.1 110.1 107.7 105.2 102.8 100.6 97.7 94.4 90.7 88 86 85.8 87.3 86.1 83.6 80.1 74.5 68.4 61.8 56.2 47.5 44.8 44.7 43.7 43.8 43.8 43.7 43.6 43.5 43.4 43.3 43.2 43 43 43 42.9 43.2 43.3 42.4 42.5 43 43.3 41.2 41.1 40.9 41.7 42.9 43.5 43.4 43.4 44.8 47.8 48.5 48.9 49.7 50.9 52.7 54.7 56 58.6 61.2 64.6
125.3 126.4 126.2 126.4 127.1 127.4 127.6 128.2 128.6 129.2 129.4 128.8 126.8 124.2 120.8 117.3 114.8 112.3 111.1 109.7 108.1 107 105 102.6 100.3 97.7 95 91.7 88.5 84.9 83.8 80.1 77.3 82.8 84.6 83.3 80.4 76.5 70.6 64 57.3 51.7 46.9 44.1 44 44.2 44 44.1 43.5 43.4 43.3 43.6 43.4 43.1 43 43.1 43.1 43.2 43.3 43.1 42.3 42.9 43.2 43 43.3 43.3 43.3 42.3 43.4 43.3 43.2 44.5 47.4 48.4 49 49.8 51.1 52.9 55.7 57.1 59.4 62.5 66.9
123.5 123.2 122.7 122.3 121.8 121.3 122.6 123.5 124 125.5 126.7 125.2 123.1 121.4 119.3 116.7 112.9 108.9 105.5 103.7 101.6 101.1 99.8 97.6 94.7 92.6 90 86.6 82.4 79.6 80.8 78.3 72.7 75.3 80.5 78.6 77.2 74.6 71.3 66 59.8 53.2 48.5 44.7 44 43.7 43.8 43.8 43.6 43.6 43.5 43.4 43.3 43.1 42.9 43 43 43 43.3 43.2 42.2 42.7 43.2 43.1 43.2 43.2 43.3 40.9 43.3 43.3 43.2 44.8 47.5 48.9 50.2 50.8 52.9 54.3 56.3 57.3 60.1 63.7 68.9
121.1 119.1 117.6 116.4 114.8 114.9 116.2 116.8 118 118.5 122.1 121.4 120.6 118.9 116.3 113.2 111.3 108.3 103.9 99.6 96.7 95 93.6 92.2 90.4 87.9 85.8 82.1 78 74.6 76.7 76 69.4 67.3 72.5 72.8 70.2 68.1 66.2 63.5 58.6 54 50 45.2 44.3 43.6 43.5 43.6 43.8 43.8 43.6 43.4 43.1 42.9 42.9 43 43 42.8 43.3 42.6 42.2 42.6 43.1 43.2 43.2 43.3 43.3 41.2 42.7 43.1 43.2 45.5 49.3 51.2 51.7 52.9 54.5 56.1 57.9 59.5 62 65.3 71.6
116.9 113.5 111.2 109.2 107.9 108.7 110.4 109.9 109.6 111 114.7 116.4 117.2 117 115.4 112.4 109.2 105.5 101.6 97.9 95 91.7 89.7 88.6 86.9 83.5 79.4 75.6 71.6 70.1 71.7 73.4 68.7 63.2 63.7 62.8 60.8 59.3 57.8 57.1 55.8 52.9 50.2 45.3 44.9 43.9 43.7 43.4 43.4 43.7 43.8 43.4 43 42.9 42.9 43 43 42.7 42.8 42.6 42.5 42.6 42.9 43 43.1 43 42.9 41.8 43.1 42.9 43.3 49.2 51.7 53 54.1 55.3 57.1 59.2 61 60.7 67.9 72.2 77.3
112.3 108.7 103.7 101.4 99.7 101.6 102.9 102.5 106.6 105.1 106.7 110.1 113.2 114.4 112.1 109.7 107.4 103.9 100.1 96.6 93.6 91 88.7 86.6 82.6 77.9 76.4 71.6 67.6 66.1 68.3 69.7 66.5 61.4 56.8 55.8 53.8 52.4 52 50.6 52.5 51.5 48.5 45.5 44.9 44.1 43.8 43.7 43.4 43.7 43.7 43 42.9 42.9 42.9 42.9 42.9 42.6 42.6 42.4 42.7 42.7 42.7 43 43.1 43 41.5 40.6 43 43 49.1 53.2 54.4 55.7 57.4 59.8 61.4 64 66.8 70 76.2 80.2 80.4
109.3 100.2 96.7 96.6 94.9 93.8 95.8 101.2 102.9 100.6 100 104.2 107.1 108.8 109.9 107.3 105.1 102 99.4 96.3 93.2 91.7 91.2 89.4 86.2 80.8 75 71.1 66.9 64.4 65.7 62.7 59.9 56.5 53.3 51.9 51.2 48.9 48.9 48.9 49 49.3 47.4 45.2 45 44.3 44.2 44.1 43.8 43.6 43.6 43.7 42.8 42.8 42.8 42.8 42.6 42.6 42.8 42.6 42.7 42.8 42.5 40.8 39.7 40.3 42.9 50.3 54.9 56.3 56.6 58 59.5 61.5 64.2 68.4 73.3 75.6 76.1 80.4 74.2 76.7 73.4
100.8 102 106.5 105.6 102.3 95.5 92.8 94.7 95.5 93.3 90.5 94.5 98 101.3 104.6 105.3 103 99.4 96.3 93.4 91.7 88.5 88.9 88.6 86.5 83.4 80 76.4 71.9 65.1 62.1 56.2 54.1 52.9 53.8 53.6 55.2 55.5 54 51.3 47.6 46.8 46.1 45.9 45.5 45.4 45 44.5 44.2 44 43.5 43.5 43 42.7 42.7 42.6 42.2 42.6 42.8 42.9 42.9 41 40 45.8 55.3 58.6 62.7 63.6 63.1 65.6 67.6 69.2 71.9 75.3 77.9 80.8 84.9 84.2 83.5 81.9 77.3 68.8 68.5
112.6 111.9 111.1 107.8 103.9 99.3 93.7 91.2 89.9 87.4 85.2 84.4 87.2 92 99.1 102.4 101.7 99.1 95.6 93.8 91.3 86.5 83.5 86.8 88.4 85.4 81.3 77.4 72.4 63.8 56.5 56 56.6 57.5 58.9 63 64 61.9 58.4 53.7 47.6 46.9 46.2 45.7 45.3 44.7 44.6 44.4 44 43.3 43.7 43.1 43 42.9 42.5 42.5 42.5 42.6 42.5 41.8 40.4 41.5 52.2 63.8 68.7 71.2 72.9 75.3 77.3 78.8 80.5 82.3 83.9 85.4 87.2 88.5 86.9 85.3 83.2 80.9 70.9 66.1 67.9
111.5 111.2 110.3 105.9 101.6 97.5 94.3 95.7 94.4 90 86.7 81.9 81.2 82.2 89.8 98.4 99.9 98.2 95.7 92.7 90.4 86.1 80 84.8 87.3 84.4 79.9 74.3 66.8 58.7 59.6 65.6 68.3 68.5 69 69.2 67.4 64.4 58.8 51.9 47.9 49.2 49 47.5 44.8 44.2 43.9 43.7 43.5 43.4 43.2 42.9 42.7 42.5 42.5 42.5 42.8 43 41 41 43.8 52.4 61.4 66.2 70.8 74.9 77.7 80.8 82.5 84.8 87 88.3 88.9 88.8 89.3 88.5 86.8 83.7 78.6 70.7 65.4 65.6 70.6
111.7 110.5 109.4 104.4 99.6 98.4 101.4 103.8 102.6 97.8 95.1 89.1 83.7 78.7 81.7 92 94.9 94.9 92.7 90.7 87.1 84.7 78.5 78.6 79.9 77.2 73.3 68.4 60 60.9 69.3 73.7 74.6 73.2 73.2 71.6 69.4 65.8 60.2 51.6 52.9 57.3 53.8 49.7 44.2 44 44 43.7 43.4 43.5 43 42.8 42.6 42.4 42.5 42.6 43 40.4 42.8 43.4 47.1 52.9 59.5 65.5 70.9 76.6 79.5 82.6 84.8 86.6 88.9 89.1 88.1 86.5 84.5 83 81.3 80.3 75.9 68.6 63.8 64.9 72.5
112.4 111.2 109.6 103.6 104.2 105.9 107.7 107.5 105.2 102.4 98.9 94.9 90.4 82 76.9 82.9 88.5 89.5 89.2 86.7 83.1 79.4 75.8 71.6 72.3 69.2 64.3 59.7 62.1 70.4 76.6 77.7 77.9 77 75.5 73.9 71.1 66.1 58.5 52.6 55.2 62.4 62.2 53 44.3 43.5 43.7 43.5 43.3 43.1 43 42.8 42.6 42.4 42.9 43.1 42.1 42.7 43.4 44.7 53.8 59.7 63.3 68.8 74.3 79.2 82 85.2 87.3 88.4 89.3 89.3 87.7 85.8 82.1 78.4 73.9 71.9 69.8 65.5 61.9 65.3 73.7
114.6 112.1 110.3 109.2 111.8 111.5 110.4 108.2 105.2 101.9 98.2 94.2 89.4 83.1 77.6 74.8 78.8 82.3 82.3 81.2 78 74.8 71.1 66.6 64.4 62.6 63.1 66.2 71.9 79.6 81.4 81.4 81.1 80 78.2 76.1 72.1 66.4 59.4 53.9 52.9 63.7 65.6 53.3 43.6 43.3 43.3 43.2 43 43 43 42.8 42.6 42.5 42.9 40.6 41 42.9 43.7 47.4 55.5 61.3 64.8 70.7 75.3 79.3 82.9 85.9 88.1 89.4 89.7 88.7 86.5 84.1 81 76.3 73.3 68.6 64.9 61.6 61 63.5 66.8
116.7 114.6 113.2 115.7 116.2 114.2 110.9 107.7 103.4 99.2 94.7 90.4 88.2 82.7 77.6 74.3 73.2 75.3 76.5 73.8 69.9 68.1 66.3 65.6 67.6 72.2 75.7 79.5 83.5 84.9 84.8 84.3 83.5 82 79.9 77.2 73.2 68 61.7 56.1 51.9 61.7 66.7 56 43.3 43.6 42.9 42.9 42.8 42.8 42.9 42.5 42.6 42.5 43 40.9 42.8 43.2 43.6 49.7 56.6 62.6 67.8 72.3 75.8 79.2 82.7 85.4 87.5 88.3 88.5 86.9 84.7 81.4 77.4 73.4 68.5 64.9 61.8 60.1 59.6 63.1 68.6
119.4 117.9 119.7 119.9 119.1 115.5 112.2 108.1 103.9 100.5 95.9 92.8 85.2 81.3 81.3 80.6 76.4 72.1 71.3 71.9 70.2 71.4 71.8 75.7 79.5 83.1 84.4 85.8 87.2 86.5 85.5 84.8 83.2 81.3 78.1 76.2 73.7 70.3 66 60.6 52.9 62.1 67.8 59.9 43.7 43.5 42.9 42.7 42.7 42.8 42.4 42.5 42.6 42.6 43 40.4 42.7 43.1 44.4 53 57.7 62.9 67.2 73.9 79.1 83.5 86.1 87.1 87.9 88.5 87.1 85.6 84.2 82 78.7 76.3 71.9 68 62.6 58.9 59.5 63.1 69.1
125.4 123.9 123.9 123.4 121.3 117.1 112.5 108.4 104.8 101.8 99.4 94.5 87.3 89.7 89.8 87.5 82.5 80.1 80.2 83.1 81.1 80.4 80.1 82.2 84.3 86.1 87.5 88.5 86.2 84.2 83 81.3 79.2 76.9 74 73.1 70.2 67.2 64.4 59.5 54.5 65.4 68.9 62.5 44.9 43.6 43.1 42.9 42.8 42.9 42.5 42.4 42.7 42.8 41.1 42.6 42.7 43.1 44.3 52.9 56.2 60.3 65.8 74.3 81.8 87 88.9 88.7 88.9 89 87.2 85.8 84.3 82.7 80.7 78.5 75.7 70.5 63.2 58.2 59 64.1 71.1
129.9 128.6 127.1 126.2 123.9 120 115.8 110.8 107.1 102.5 96.9 95.6 96.3 95.7 93.3 90.5 87.2 84.2 85.9 84.9 82.5 81.8 82 85.4 87.4 89.1 90.3 86.8 82.8 78.9 76.9 74.6 73.7 71.6 68.7 67 65.1 62.2 59.2 56.5 59.3 65 67.2 61 47.9 44.2 43 42.9 43 42.7 42.2 42.5 42.6 42.9 41.4 42.1 42.6 43 43.4 47.8 53 57.3 65.7 75.5 80.8 84.3 89.2 90.3 89.9 89.5 87.4 85.6 83.5 82.8 82.3 80.6 77.2 71.3 60.8 56.3 56.8 62.3 69.6
132.1 130.3 129.2 126.2 122.6 118.6 113.4 107.8 102.1 100 101.6 101.7 100 97.3 95.1 92 90.1 88.5 88.4 86.3 83.9 83.1 84.2 87.5 90.4 91.1 87.4 84.4 81.6 78.9 76 72.4 69 64.8 62.7 61 59.6 58.3 57.8 60.8 63.5 67.2 64.7 58.4 48.4 44.2 42.9 42.4 42.5 42.3 42.2 42.6 42.7 42.4 41.9 42.9 42.8 42.7 43.4 44.6 53.7 57.7 62.1 66.2 71.1 74.2 78.4 81.6 84.1 86.2 86.4 85.1 83.2 79.9 79 78.4 74.5 70.3 62.3 55 56.2 62.1 69.8
133.6 132 129.5 126.3 122.2 117.3 112 107.5 106.1 105.2 105.9 103.9 101.8 98.4 96 93.8 93.6 92.1 89.7 87.5 85.2 84.5 86 89 91.5 89.2 86.4 83.8 81 78.3 75.5 72.4 68.3 63 61.1 59.9 59.8 60.6 62.2 66 68.4 70.4 63.7 56.3 47.5 44.1 42.9 42.4 42.2 42.6 42.8 42.8 42.6 42 43.2 42.9 42.8 42.7 42.7 44.4 50.1 54.2 56.9 60.7 63.8 65.4 68.9 71.2 73.8 78.7 78.9 79.3 77.8 74.8 72 69.8 68.4 65 60.3 54.4 54.2 59.3 64.2
132.6 129.3 126.2 122.7 120.7 118.8 115.2 112.6 111 110.4 108.5 106.1 102.2 99.2 97.8 96.4 94.6 93.5 91.1 88.9 86.3 84.9 85.5 87.3 88.2 84.7 82.8 80.3 77.7 75 72 67.5 63 62.1 64.3 66.7 67.5 70.6 74.8 78.1 81.1 79.7 72.6 62.6 51.4 45.3 42.6 42 42.4 42.4 42.5 42.7 41.2 41.7 43.1 42.9 42.6 42.4 42.7 42.8 43.9 47.6 50.7 53.5 55.7 58 59.9 62 64.3 66.5 67.7 69.3 70.2 68.9 65.6 63.7 62.5 59.5 55.8 51.8 52.3 54.9 61.1
133.1 130.3 128.5 127 124.4 121.1 118.7 115.4 113.2 111.9 109.3 106.5 102.8 99.9 98.2 96.9 95.4 93.6 91.2 88.1 84.8 81.2 81.9 83.4 82.2 80.7 78.4 76.3 73.9 71.7 68 64.6 64.1 69 73.7 79 81.5 84.8 86.9 87.7 86.8 82.6 77 67.2 53.7 45.4 42.6 42 42.4 42.7 42.7 41.7 42.1 43 42.9 42.7 42.6 42.3 42.2 42.3 42.3 44.4 48.1 51.3 52.9 54.8 55.8 57.5 58.9 60.3 61.7 62.4 62.2 62.8 60.8 58.3 57.5 55.7 54 50 51.3 53.5 57.1
134.1 132.8 129.9 127 124.9 120.9 118.2 116.3 114.2 112 108.8 105.6 102.9 100.8 98.3 96.3 94.2 91.9 89.6 87.1 83 78.9 78.2 77.4 76.1 74.5 73.7 71.6 70.7 67.5 66 68.4 71.2 75.9 81 84.1 86.4 88.9 91 90.5 88.2 83.2 77.6 68.7 57.7 46 43.8 42.2 42.7 42.6 41.8 42.7 42.9 43 42.8 42.6 42.3 42.5 42.7 42.2 42.2 42.8 47.6 49.2 50.8 52 53.2 54.7 56.3 56.9 56.7 58.1 58.4 57.9 57.2 54.8 53.5 52.2 50.6 49.3 49.6 51.9 52.7
135.9 133 130 127.1 123.7 119.3 116.6 114.8 112.9 110.5 108.3 105.6 103.4 100.7 97.2 94.7 91.8 90.8 88.1 83.9 80.7 78.5 77.8 78 77.4 76.1 73.9 73.5 72.6 71.2 71.9 74.2 77.2 79.7 81.4 83.8 85.6 87.2 88.4 88.6 85.8 81.8 75.5 68.1 59.8 46.8 43.7 42.3 42.6 40.9 41.6 42.8 42.7 42.5 42.6 42.8 42 42.4 42.5 42.4 42.3 42.2 43.6 48.2 49.3 49.9 50.7 51.5 52.9 53.5 53.9 54 53.8 53.9 53.2 51.8 50.5 49.2 48.4 48.3 47.8 49.2 50.4
135.4 132 128.6 125.1 121.7 117.9 114.6 111.4 110 108.5 106.5 104.7 101.4 98.1 95.2 92.7 90 86.8 83.6 81 84.2 82.8 82.7 83.1 82.4 78.5 77.8 78.2 78.2 78.5 77.9 78.2 79 80.3 80.9 81.5 82 83.6 84 83.4 81.6 77.9 74.4 67.9 60.3 48.7 44.8 42.3 40.5 40.8 43 42.8 42.7 42.6 42.7 42.5 42.3 42.2 42.2 42.2 41.9 42 41.9 46.4 48.1 48.9 49.4 50.1 50.7 51.1 51.1 51 51 50.6 50.6 50.4 49.4 48.1 47.4 46.6 46.6 47.7 48.4
133 129.7 126.4 123 119.7 116.2 112.5 108.7 105.9 104.9 103.5 102.4 100.2 96.3 92.8 89.3 87.7 84.1 83.3 88 89.1 85 86 85.6 83.3 80.8 82.2 82.2 81.1 81.1 79.9 78.6 77.3 76.7 76.7 76.3 75.7 76.6 76.6 75.1 74.4 73.1 71.4 68.2 61.5 54.1 47.4 42.5 40.7 42.8 42.4 42.1 42.3 42.3 42.2 42.3 42.1 42 42 41.9 41.8 42 42 44.4 47.9 48.2 48.2 48.5 49.1 49.1 49.4 49.4 49.2 49.1 49.3 49 48.7 47.3 46.3 46.5 45.8 46.3 45.8
130.7 127.4 124 120.9 117.5 114.1 110.9 107.9 104.8 101.9 99.7 97.8 94.7 92.9 90.3 88.7 88.7 87.8 86.1 91.9 92.4 88.6 89.1 87.6 85.2 83.9 82.8 81.1 79.3 76.8 75.7 73.7 71.9 69.9 68.8 67.8 66.6 67 66.1 65 64.7 63.7 62.9 61.7 58.6 55.1 50.2 40.4 41.8 42.3 42.2 42.1 42.2 42.4 42.3 42.2 42 41.9 41.8 41.8 41.8 41.8 41.8 41.8 42.2 46.1 46.9 47.5 47.9 47.6 47.8 47.7 48.1 48.2 48.2 47.6 46.8 46.5 45.6 45.3 44.8 44.7 44.5
128.2 125.6 122.1 118.8 115.2 111.8 109 106.5 105 101.8 99 96.9 95.3 95.1 92.8 90.9 91.8 89.7 88.7 94.7 94.7 92.8 91.7 89.3 86.1 85 83.5 81.4 79.1 76.1 73.8 70.7 67.8 65.5 63.2 61.1 60 59.7 58.4 58 56.9 55.5 54.4 53.3 52.4 49.9 50.2 40.3 42.1 42.8 42.6 42.3 42.1 42.4 41.9 41.9 42.1 42 42 41.9 41.7 41.5 41.6 41.6 41.8 41.9 43.9 46.9 47.3 47 47 46.8 46.8 46.8 46.6 46 45.3 44.9 44.3 43.8 43.6 43.9 43.1
123.9 121.3 118.7 116 113.1 111.6 109 106.5 103.9 103 102.4 100.1 97.8 97.4 95.3 94.3 94.4 92.9 92 95.5 95.7 96.7 95.2 92.7 90.9 88.5 86.5 84.7 82.7 80.3 77 73.3 69.4 66.6 62.6 60.8 59.6 58.3 57.6 56.2 55 53.6 52.6 50.6 49.6 48.3 47.2 40.8 41.2 42.3 42.6 42.4 42.1 42.2 42.2 41.8 41.8 41.6 41.6 41.8 41.5 41.2 41.7 41.7 41.8 41.9 41.7 44.5 46 46 45.6 45.6 45.3 45.1 44.9 44.4 44 43 43.1 43.1 43.1 43.1 42.4
119.5 116.9 114.3 111.7 109.2 110.5 108.2 107.3 106.7 105.6 104 101.6 99.4 98.9 98.2 97.5 96.2 95 93.4 96.3 97.6 97.6 98.1 96.7 95.3 93.1 90.3 87.4 83.5 80.5 77.3 73.7 69.1 65.8 64.2 62.6 62.7 62.8 61.5 60.5 59.6 57.7 56.2 54.3 52.7 50.9 50 45.3 40.2 42 42.4 42.4 42.2 42.5 42.5 42.2 41.8 41.8 41.8 41.7 41.5 41.6 41.3 41.8 41.8 41.9 41.9 41.6 44 44.4 44.2 43.8 43.5 43.3 42.7 42.7 42.7 42.5 42.4 42.6 42.6 42.1 41.9
115.1 112.5 110 107.3 107.7 109.6 109.8 108.7 106.8 104.9 103.5 102.8 101.7 100.4 99.9 99.5 98.1 96.6 95.5 96.5 97 97.7 98.2 98.2 98 96.6 93.1 88.1 83.5 78.4 75.1 73.3 71.6 69.9 69.3 68.5 68.4 68.3 67.6 66.9 64.8 63.9 61.8 59.4 57.1 55.4 53.8 52.3 41.8 39.5 39.5 39.7 40.4 42 42.8 42.3 42 41.6 41.9 41.9 41.7 42 41.7 41.6 41.8 39.3 39.7 39.7 39.3 42.4 43 42.9 42.9 42.8 42.3 42.4 42.4 42 41.7 42.1 41.4 41.5 41.7
110.7 108.1 105.6 104.7 105.6 106.6 107.4 105.4 103.2 102.5 101.4 100.5 100.2 100.8 101.2 100.4 99.2 97.9 97.2 96 94.8 95.9 96.7 97.7 97.3 95.8 91 88.2 86.6 86.1 89.4 87.3 87.4 85 81.8 78.3 75.6 75.3 74.8 73.7 70.9 69.8 68.2 65.8 63.3 61.7 58.9 57.4 54.8 51.9 44.2 40.8 39.9 39.5 39.7 40.7 42.3 42.2 42 42.1 42.1 42.2 41.8 41.9 39.6 40.5 41.9 41.8 41.9 39.3 39.7 41.9 42.2 41.7 41.7 41.5 41.3 41.6 41.4 41.5 38.4 38.5 37.8
106.5 103.9 101.8 102.2 102.5 103 102.6 100.3 98.5 97.2 96.1 95.4 96.2 100.4 102.3 101.1 99.7 97.5 95.8 94.2 90.3 92 93.3 94.6 97.1 95.1 94.8 95.9 96.8 96.9 99.2 99.9 100 98.3 95.3 90.7 86.7 83.7 82.1 80.1 78.6 77.5 75.5 73.3 70.3 68.8 65.9 64.5 61.3 58.4 55.8 54.1 51.2 47.4 42.1 39.7 39.8 39.6 40.4 41.9 42.2 41.8 39.8 39.5 41 42 42 41.6 41.6 41.4 39.5 39.6 40.9 41.3 41.5 41.7 39.3 38.7 38.7 39.4 43.1 48.7 52.4
