public/OST50/SO53.asc
ncols 200
nrows 200
xllcorner 350000
yllcorner 230000
cellsize 50
[rows 0 to 36 of 200, columns 83 to 165 of 200]
47.9 47.4 47.1 47 47 47.2 47.2 47.1 47.2 47.3 47.2 46.8 47.1 46.8 46.7 46.6 46.6 46.3 46.2 46.6 46.7 46.9 46.8 49.8 53.2 54 53 52.9 51.8 51.3 53.6 57.1 62.2 69 72.1 70 74.1 78 85.2 88.2 86.7 82 77.2 71.7 68.3 66.4 63.9 61.1 58.9 57.6 58.8 58.8 55.8 52.5 49.9 48.2 48.1 47.9 47.9 48 48.4 48.4 48.5 48.3 48.1 48.6 50.2 51.8 52.9 54.3 56.2 58.6 59.2 60.9 61.5 62.9 63.2 63.7 65 66.7 70.2 72.1 73.2
48 47.4 47.4 46.9 47.2 47.1 47 46.8 47 47.1 46.9 46.7 46.6 47 46.8 46.4 46.8 46.6 46.1 46.5 46.9 47.2 46.7 47 48.5 50.9 51.2 51.2 50.3 52.5 56.4 62.6 66.7 69.4 65.3 63.1 66 72.9 78.4 79.6 79.1 76.9 71.6 67.9 65.8 63.8 62.3 60.4 57.8 56.3 56.9 57 54.3 51 49.9 47.9 47.8 47.8 47.9 48 47.4 48.2 48.2 48.3 48.3 48.9 49.9 51.2 52.4 53.9 56.1 58.7 60.7 62.9 64.2 64.6 65.5 66.2 66.5 66.9 68.3 70.1 72.9
48.1 47.6 47.6 47.1 46.9 46.6 47 47 47 46.9 46.9 46.8 46.5 46.7 46.9 46.7 46.8 46.7 46.3 46.3 46.5 46.8 47.1 46.9 47.1 48 48.8 48.9 50 51.9 55.8 60 64 62.3 59.5 59.6 63.3 68.2 70.4 70.8 71 68.3 66 65.7 65.1 62.5 60.3 59.2 57.2 55.3 55.8 55.5 52.2 49.7 48.6 47.7 47.5 47.7 47.9 48.3 48.3 48.1 48 48.1 48.4 49.1 50.3 51.5 53 54.6 56.8 60 63.2 65.9 66.8 66.8 67.5 68.6 69 69.2 69.1 71.2 72.8
48.2 48.4 47.9 47.5 47.2 47.1 47 47.2 47.2 46.7 47 46.8 46.6 46.7 46.7 46.4 46.7 46.6 46.2 46.5 46.4 46.6 46.5 46.9 47.3 47.1 47.9 48.5 49.5 50.5 52.1 54.2 56.5 56.5 55.6 57.6 59.3 62.9 64.5 65 64.1 62.1 61.8 63.6 64 62 60.7 57.4 56.5 53.6 53.6 56.1 50.6 49.6 48.4 47.6 47.5 47.6 48.1 46.9 48 48 48.1 48.3 49.1 50 51.2 52.2 54 55.5 58.6 63.1 67.5 68.6 68.8 68.6 69.6 70.7 71.6 71.8 71.4 71.9 74.5
48.5 48.2 48 48 48 47.6 47 47.1 47 46.9 47 47 46.3 46.7 46.5 46.4 46.5 46.1 46.2 46 46.4 46.7 46.9 46.9 46.9 47 47.5 48.5 48.7 49.2 49.5 50.9 51.4 52.4 52.9 54.7 56 57.8 59.1 58.7 59.1 58.9 61.7 61.7 61.8 60.3 59 56.3 55.4 53.6 55.6 51.3 50 48.9 48.5 47.9 47.7 47.7 48.1 48.2 47.9 47.9 47.9 48.4 49.2 51 52.4 53.5 54.5 56.6 60.2 65.3 68.5 69 69.8 71 71.8 72.9 73.9 74.5 74.4 74.5 76
48.3 48 47.8 47.9 47.8 47.5 47.1 47.1 47 46.9 47 47.1 46.3 46.7 46.5 46.3 46.4 46.3 46.3 46.6 46.5 46.7 46.6 46.7 47.2 46.9 46.8 47.5 48.2 48.2 48.4 48.4 49.1 50 50.2 51 52.5 53.3 53.8 54.6 55.7 57.5 60.9 60.7 59.5 58.4 57.4 54.4 53.4 52.2 51.5 50.8 49.4 48.5 47.7 47.6 47.5 47.7 48.4 47.7 47.5 48 47.9 49 50 51.2 52.7 54.8 55.7 57.5 59.7 64.2 66.4 68 69.3 72 73.5 75.3 76.6 76.8 77.3 78.4 81
48.3 48.1 48 47.7 47.6 47.6 47.3 47.3 47.2 47 46.9 47.1 47 46.4 46.6 46.3 46.3 46.9 46.4 46.5 46.6 46.5 46.6 46.7 46.3 47.1 46.7 46.4 47.2 47.6 47.4 47.9 48.3 48.6 49.4 49.4 50.1 50.8 51 52 53.6 57 60.8 59.5 57.2 57 55.2 53.2 52.2 51.5 50.6 49.8 48.8 48.1 47.8 48.1 47.9 48.2 47.8 47.5 47.6 48.6 48.7 49.7 50.3 51.5 53 54.6 56.7 58.3 60.8 62.5 64.9 67.1 69.6 72.6 75.2 77.2 78.9 79.8 81.2 84.1 87.8
48.3 48.1 47.8 47.7 47.5 47.5 47.6 47.5 47.4 47 46.9 46.9 47 46.7 46.1 46.4 46.2 46.2 46.2 46.1 46.5 46.5 46.5 46.2 46.4 46.8 46.7 46.2 46.4 46.9 47.1 47.4 47.7 47.9 47.7 48.2 49.1 49.5 49.7 50.3 52 56.1 59 56.9 55.3 54 52.8 51.2 50.4 50.3 49.6 48.9 48.3 47.6 46.6 47.8 47.7 48.1 47.6 47.5 47.7 48.3 48.7 49.5 50.7 51.9 53.5 55.4 56.7 58.5 61.1 62.4 64.8 68 70.4 74.9 76.3 78 80.4 82.3 85.8 93.2 98.5
48.5 48.1 47.9 48.1 48.1 47.6 47.5 47.1 47.3 47.1 46.9 46.7 46.7 46.9 45.9 46.3 46.2 46.5 46.3 46.4 46.1 46.7 46.4 46.8 46.2 46.5 46.5 46.6 46.5 46.5 46.1 46.9 47.2 47 46.6 46.4 46.6 48.4 48.9 49.1 49.8 51.7 53.7 53.2 52.9 52.4 51.5 50.4 49.3 49.1 48.1 48.1 47.7 46.9 47.7 47.6 47.4 47.3 47.5 47.3 48.1 48.3 48.9 49.7 51.2 52.3 53.7 55.2 56.7 58.7 60.3 62.6 65 67.4 70.4 73.6 77 81.6 83.3 84.9 88.4 99.3 107
49.6 49 48.2 48 48.1 47.5 47.2 47 47.2 47.3 47.1 46.8 46.6 46.6 46.1 46.2 46.4 46.2 46.7 46.4 46.5 46.3 46.4 46.5 46.3 46.6 46.5 46.4 46 45.9 46.2 46.2 46.4 46.4 46.1 46.1 46.1 46.3 46.7 48.5 48.9 49.1 49.8 50.5 50.3 50.5 49.4 48.6 48.5 47.6 47.5 47.5 47.2 47.2 47.6 47.3 47.6 47.2 47.3 48.1 48 48.4 49.1 49.9 51.2 52.3 53.7 55.1 56.7 58.7 60 62.1 64.9 68.8 71.9 75.3 78.8 85.7 88.1 89.2 90.6 104.1 114.5
52.4 51.1 49.9 48.8 48.3 47.8 47.4 47.1 47.2 47 47.2 46.9 46.7 46 46.3 46.3 46.3 46.7 46.6 46.3 46.9 46.4 46.9 46.3 47 46.7 46.3 46.1 46.1 46.1 46 46.1 45.8 46.5 45.8 45.9 46 45.8 46.5 47.3 47.7 47.6 48.4 48.4 48.5 48.4 47.6 48 47.7 47.4 47 47.2 46.5 47.3 47.2 47.4 47.3 47.4 47.7 48.1 48.3 48.8 49.4 50.5 51.5 52.4 54.2 55.8 57.4 59.4 60.5 62.5 65.4 68.6 71.9 75.4 81.1 91.5 100.1 93.5 92.8 98.5 115.3
59 55 52.5 51 50.3 48.6 47.6 47.1 46.9 47.1 47.2 47 47 46 46.3 46.2 46.2 46.2 46.3 46.4 46.5 46.2 46.6 46.2 46.1 46.3 46.1 46.3 46.4 45.5 46.2 45.8 45.8 46 45.6 45.8 45.9 46 45.8 46.4 47 47.2 47.2 47.2 47.9 47.4 46.8 47.2 46.9 46.7 47.7 47.4 47.4 47.1 47 47 46.9 47.4 48.2 48.9 49.2 49.9 50.6 51.4 52.4 53.2 54.7 56.7 60.1 61.6 62 63.2 65.4 68.4 72.1 76 83.4 96 111 105.2 96.4 99.3 111.9
64.9 61 58.7 54.8 51.5 49.8 49 48.2 47.3 47.2 47.3 47 46.8 46.3 46.3 46.3 46.3 46.3 46.2 46.2 46.2 46.2 46.2 46.1 46 46 46.1 46 46.3 46.3 46.3 45.8 45.6 46 45.6 45.7 45.9 46.2 45.9 46.6 47.2 47.1 47 47.1 47.1 47 47.1 47 46.8 47.4 47.3 47.2 47 46.9 47.1 47.1 46.8 47 47.4 48.1 49.2 50.2 51.2 52.3 53.4 54.4 56.1 58.4 61.1 63.4 64.4 65.7 67.6 70.2 74 78.1 85 101.6 116.5 111.2 99.7 101.5 111
67.8 66.1 63.1 59.1 55.1 52.1 49.6 48.4 48.4 47.9 47.2 47.5 46.9 46.2 46.4 46.4 46.4 46.3 46.2 46.2 46.3 46.4 46 45.9 46 45.9 45.9 45.8 45.7 46.4 45.9 45.8 45.7 45.6 45.5 45.6 45.9 45.9 46 46.9 47.4 47.3 47.2 46.9 47.3 47.1 46.6 47 46.9 45.8 46.9 46.9 46.9 46.7 46.5 46.7 46.8 46.9 47.2 48 49 50.3 51.7 53.2 54.5 56.1 57.2 60.3 62.9 64.6 66.8 68.2 70.4 72.9 77.4 81.1 88.7 108.4 122.7 113.6 103.4 105.2 113.9
68.3 68 65.7 63.1 61.3 57.4 52.7 50.2 49.1 48.7 47.5 47.5 46.8 46.3 46.5 46.5 46.3 46.4 46.6 46.5 46.2 46.2 46 46.1 46.1 45.9 45.9 45.9 45.8 45.9 46.1 45.9 45.9 45.9 45.6 45.8 46 45.6 46.1 46.5 46.9 47.3 47.4 47.3 47.3 46.9 46.3 46.7 46 46.9 46.7 46.7 46.7 46.8 46.5 46.5 46.6 46.7 47.4 48.1 49.3 50.8 52.5 53.5 55.3 56.7 58.5 60.8 63.8 66 68 69.9 72.7 76.8 79.5 84.3 96.3 113.8 119.9 114.3 106.4 109.4 118.6
68.3 68.2 67.4 65.6 63.5 60.3 56.9 54.5 53.4 52.4 49.5 49.2 47.7 47.1 46.4 46.5 46.4 46.2 45.9 46.1 46.2 46.1 46.2 46.4 46.2 46 46 45.9 45.8 46.3 46.2 45.9 45.8 45.7 45.8 45.7 45.9 46.1 46.2 46 46.1 46.4 47.3 47.1 46.7 46.3 46.7 46.5 47 46.7 46.5 46.5 46.7 46.5 46.4 46.5 46.5 46.8 47.6 48.2 49.4 50.9 52.9 53.8 55.6 57.3 59 61.5 62.9 65.4 68.5 70.3 73.7 77.6 81.8 86.8 103.6 118.8 131.2 119.8 110 114.4 123
67.7 67.6 66.8 64.7 63.5 61.8 59.2 58.3 57.7 56.7 54.4 50.8 48.2 47.3 46.2 46.4 46.3 46.1 46.2 46.3 46.4 46.2 46.1 45.9 46 46.1 45.9 45.7 45.8 45.9 45.8 45.9 45.9 45.8 45.8 45.7 45.7 45.9 46.1 46.2 46.1 45.9 46.4 45.9 46.7 45.4 46.7 46.5 46.4 46.6 46.5 46.4 46.6 46.7 46.7 46.6 46.5 46.9 47.5 48.3 49.4 50.7 52.2 53.7 55.4 57.5 60.3 62 64.8 65.4 68.1 70.3 74.1 77.7 82.8 91.1 110.2 124.5 133.8 121.9 114.8 122.3 129.6
62.3 62.8 62.7 62.2 61.6 60.8 59.4 59 58.6 58.4 57.2 54.7 51.4 48.2 46.2 46.4 46.1 45.9 46.5 46.6 46.5 46.3 46.3 46 45.8 46.2 45.9 46 46.1 45.6 45.2 46.3 46.1 45.9 45.8 45.7 45.7 45.7 45.9 46.2 46.3 46 46.6 46.9 46.4 47.7 46.2 46 46 46.1 46.4 46.2 46.5 46.6 46.5 46.5 46.6 46.9 47.6 48.1 49.2 50.4 52.2 53.6 55.5 57.7 59.9 62.5 65.3 68.9 68.1 71.5 74.8 78.6 83.7 94.6 114.9 127.3 136.3 129.3 121.3 121.6 128.2
56.8 58.1 58.5 59 59.2 59 58.7 58.9 59 58.6 58.4 57 53.2 49 46.2 46.5 46.2 45.8 46.6 46.7 46.5 46.3 46.3 46.1 45.9 45.9 46 46.1 46 45.9 46.6 46.3 46.1 46.2 46 45.7 45.6 45.6 45.6 46.1 46.5 46.5 46.4 45.8 45.8 46.2 45.9 46 46 46 46.8 46.6 46.6 46.5 46.3 45.9 46.6 47.2 47.6 48 48.8 50.1 52.1 53.5 55.6 58.1 60.4 63.4 68.1 71.8 72 74 76.2 80.2 85.5 100.5 116.9 130 139.2 135.5 129.3 129.1 131.2
53.5 54.2 55.1 56 56.9 57.5 57.8 58.5 58.5 58.5 58.3 55.7 51.2 47.3 46.6 46.4 46.2 45.9 46.7 46.7 46.6 46.4 46.2 46.2 46.1 46.1 46.2 46.1 46 45.8 46.1 46.6 46.1 46 46.1 45.7 45.6 45.6 45.6 45.8 46.7 45.6 46.2 45.6 45.7 45.7 45.8 45.8 45.9 46 46.2 46.3 46.5 46.4 46.3 46.5 46.8 47.3 47.7 48.6 49.3 50.6 52 53.9 56 58.8 62.5 66.3 72.1 74.6 77.3 76.5 79 83 88.7 103 118.5 133.3 142.8 149.9 142 144.2 142.7
48.6 49.8 51.3 52.7 53.4 55 56 57.1 57.7 57.7 54.4 51.4 47.7 46.2 46.4 46.3 46 45.9 46.8 46.8 46.6 46.4 46.2 46.2 46.2 46.1 46.1 46 45.9 45.6 45.7 46.2 46 46.1 45.3 45.8 45.6 45.6 45.6 46.2 47 46.6 46.1 45.6 45.6 45.6 45.7 45.8 45.9 46 46.1 46.1 46.2 46.4 46.2 46.8 46.7 47.1 47.5 48.6 49.2 50.7 52.5 54.4 56.7 60.2 64.2 68 73.9 83.1 79.5 79.2 81.2 85.5 92.1 106 120.1 134 147.7 157.3 159.8 161.5 157.7
47.9 48 48.1 48.1 48.5 49.4 51.2 52.3 51.3 48.9 46.6 46.8 46.4 46.4 46.6 46.4 46.4 46.6 46.3 46.3 46.4 46.2 46.1 46 45.7 46.4 46.2 45.8 45.9 45.6 45.6 45.7 46.1 45.6 44.9 45.8 45.6 45.8 45.8 45.5 46.2 45.9 46 45.6 45.6 45.6 45.7 45.9 46 46 45.9 46.1 46.2 46.3 46.3 46.5 46.3 46.7 47.2 48.6 49.4 49.8 53.3 55 58 61.5 65.5 70.3 79.9 91.7 84.7 81.2 83.6 87.5 95.3 107.7 120.4 133.1 146 155 164.1 176 175.1
48.4 48.4 48.3 48.1 47.5 47.3 47.5 47.4 47.1 46.8 46.7 46.7 46.7 46.8 46.7 46.6 46.4 46.7 46.9 46.4 46.1 46.4 46.1 45.9 46.2 46.8 47.2 46.8 46 45.7 45.8 45.9 45.9 45.4 46.2 45.6 45.5 45.6 46.4 46.5 45.8 45.7 45.9 45.6 45.5 45.5 45.7 45.8 45.7 45.9 45.9 46 46.2 46.2 46.2 46.4 46.5 46.9 47.2 48.4 49.5 50.9 53.2 55.2 58.4 63.3 67.2 72.7 84.7 96.8 98.7 84.4 86 90.2 97.8 108.7 120.8 132.9 141.6 151.8 164.2 177 189.4
48.6 48.4 48.2 48.1 48.5 48.1 48 47.2 46.9 46.8 46.6 46.9 46.8 46.6 46.8 46.5 46.3 46.6 46.7 45.6 47.9 47.3 46.7 46.7 46.9 46.7 46.9 46.6 46 46 45.9 46 46.7 46.2 46.1 45.7 45.7 45.8 46.1 46.2 46.2 46.1 45.7 45.5 45.4 45.5 45.6 45.6 45.8 46 45.9 45.9 46.1 46.1 46 46.2 46.5 46.8 47.8 48.7 50.3 52.4 54.1 56.9 60.1 64.3 68.4 73.9 87.3 100.6 103.1 90.7 89.9 93 100.8 109.9 119.6 131.5 137.8 149.4 163.3 173.9 187.6
48.3 48.6 48.1 48.5 48.6 48.5 48 47.5 47.1 46.8 46.6 46.6 46.8 46.5 46.5 46.7 46.6 46.2 46.1 48.6 56.3 52.1 50.3 51.3 49 47 47.8 48.9 45.6 45.5 45.5 46 45.6 45.5 45.7 45.7 45.6 45.5 46.3 46 46.4 46.3 46.2 45.9 45.6 45.3 45.5 45.6 45.6 45.9 46 45.8 46.2 46.1 45.7 46.1 46.4 46.7 48 48.9 50.3 52.1 54.1 56.8 60.1 64.1 69.4 74.8 89.7 103.4 107.4 97.3 92.4 95.3 102.8 110.3 119.9 125.7 131.4 141.3 155.5 168.5 182.7
48.4 48.3 48.7 48.1 48.1 48.2 48 47.4 47.4 47 46.9 46.8 46.6 46.4 46.7 46.9 46.9 46.6 46 54.8 56.3 53.8 53.6 50.4 51.1 47.3 47.2 46.9 46.4 46 45.7 45.7 45.8 45.8 46.1 45.7 45.9 45.7 46.1 46.2 46.1 46.1 45.9 45.9 45.4 45.8 45.5 45.7 45.7 45.7 45.6 45.9 46.2 46.2 46.2 46.6 46.6 47.2 47.7 49.1 50.2 51.9 54 57.4 62.4 66.6 71.2 78.1 91.4 105.9 110.4 105.1 96.5 100.3 103.6 107.7 113.5 119.4 125.6 135.7 154 166.6 181.1
48.4 48.4 48.5 48.3 48.1 47.8 47.6 47 47.6 47.2 47.3 46.7 46.9 46.7 46.5 46.8 47 46.7 46.1 56.5 56.7 54.1 53.2 52.6 50.8 47.6 47.4 47.1 46.9 46.5 46.3 45.4 45.8 45.7 46 45.2 45.2 45.8 45.7 45.9 46.4 46.6 46.6 46.2 45.5 45.7 45.2 45.4 45.8 45.6 45.8 45.7 45.5 45.4 45.9 46.7 46.6 47.3 48.6 49.8 51.1 52.5 55.2 58.1 63.3 68.1 73 81 98 107.5 113.3 114.1 102 105.5 113.5 124.8 121.3 128.1 135.8 145.2 156.4 167.4 174.5
48.4 48.4 48.4 48.2 48.1 48.2 47.8 47.2 47.4 47.1 47.1 46.8 47 46.5 46.5 46.9 47 46.6 46 53.9 54 54 53.6 52.9 51.9 48.7 47.5 47.5 46.9 46.8 46.7 46.3 45.5 45.9 45.4 45.8 46 46 46.3 45.7 45.8 45.9 45.9 46.1 45.9 45.2 45.4 45.3 45.4 45.4 45.6 45.7 45.4 45.3 46.4 46.7 46.9 48.1 49.3 50.8 52 53.5 55.9 59.9 64.1 68.8 73.2 84.2 99.7 109.4 116 116.7 112.1 111.6 116.7 129 135.6 141.2 145.5 151 157.5 162.3 158.4
47.4 48.5 48.3 48.3 48.3 47.8 47.2 47.9 47.6 47.3 47.2 47 47 46.8 46.5 47.2 47.1 46.5 46.4 52.6 53.5 54.7 54.7 54.2 53.4 50 48.1 47.2 46.9 47 46.9 46.7 46.3 46.5 45.5 45.9 45.6 46 45.1 45.3 45.7 46.1 45.8 45.6 46 45.4 45.3 45.2 45.5 45.7 45.7 45.5 45.7 46 46.2 46.5 47.2 48.4 49.9 51.3 52.9 54.8 57.4 60.3 63.7 67.7 71 85.6 100.8 110.1 117.6 120.6 121 119.1 129.1 135.2 139.2 143.8 147.7 150.8 149.5 144.7 139
47.7 47.1 47.8 47.9 48.6 47.9 47.4 47.7 47.6 47.6 47.3 46.8 46.5 46.6 46.6 47.2 47 46.4 46.2 47.3 50.5 52.5 53.9 54 53.3 50.7 48.3 47.4 47 47.2 47.1 47 46.8 46.7 46.8 45.3 45.7 45.7 45.6 45.4 45 45.7 45.8 46 46.1 46 45.4 45.1 45.3 45.6 45.5 45.5 45.5 46.5 46.6 46.8 47.5 49 51.2 51.9 53.9 55.7 57.6 59.6 63.2 67 71.6 86.9 101.7 110.7 118.2 122 122.7 122.3 133.7 141.5 142.9 140.8 139.8 138.1 134.3 129 124.9
47.9 47.9 47.3 47.5 47.7 48.2 47.5 47.4 47.5 47.2 46.9 47.1 45.9 47.1 47.5 47.9 47.6 46.9 46.2 46.7 47.8 48.2 50.4 50.8 50.8 49.5 47.6 47.4 47.2 47.2 47.3 47 46.8 46.8 46 46 46.4 44.9 45.8 45.7 45.6 45.1 45.1 45.3 46 45.8 45.2 44.9 45.2 45.4 45.5 45.6 45.6 45.6 47.2 46.7 47.7 49.2 51.2 52.4 54.8 56.7 58.2 60.5 63.6 68 71.6 87.7 102.5 111 117.5 115.6 110.2 120.6 134.4 143.1 143.9 135.9 128.6 124.6 122 118.3 115.7
48.1 48 47.8 47.7 47.5 47.3 47.7 47.2 47.2 47.2 46.9 47.2 46.8 47.1 47.4 48 47.6 46.7 46.8 46.7 47.1 47.7 46.2 46.7 47.7 47.7 47.6 47.3 47.2 47.2 47.1 47 46.8 47.1 46.1 46.1 46.1 45.9 46 45.3 46 45.5 45 45.2 45.3 44.7 46.1 45.3 45.2 45.2 45 45.4 45.4 45.4 45.8 46.7 47.9 49.2 51.3 52.6 54.8 57 58.7 61.2 64.1 67.6 71.5 82.3 92.6 106.6 112.4 100.1 104.4 121.1 134.8 143.5 142.2 130.5 119.3 114.3 112.4 110.8 108.5
48.2 48.1 48 47.8 47.6 47.6 47.5 47.1 47.9 47.4 46.9 47.4 47.4 46.2 48.1 48 47.6 47.1 46.7 46.7 46.6 47.1 48.1 47.2 47.1 46.4 47.9 47.8 47.5 47 46.9 46.8 46.7 46.6 46.8 46.2 46.7 47.1 45.5 45.6 45.1 45.7 45.4 45.2 45.4 45.1 45 45.9 45.2 45.1 44.9 45.3 45.3 45.2 45.9 46.3 47.7 49 50.7 52.9 54.4 56.8 58.4 60.8 63.8 67.1 71.1 76.2 80.2 91.3 94.2 93.5 104.4 121.3 135.1 142.3 139.4 126.9 115.1 108.4 105.9 105.1 103.4
46.3 48.3 48.1 48 47.9 47.8 47.8 47.6 47.4 46.5 46.8 48 47.5 47.5 46.2 47.9 47.6 47 46.7 46.7 46.7 46.6 47.2 47.3 47.4 47.2 46.4 46.6 47.4 47.1 47 46.9 46.7 46.6 46.4 45.8 46.5 45.9 45.8 45.8 45.6 45.8 45 44.7 45.4 45.5 45.5 45 44.7 45 44.9 45.2 45.2 45.3 45.2 45.6 47 48.5 49.9 52.2 53.5 55.9 58.3 61.3 64.5 67.8 73.1 84 79.9 84.3 84.4 91.1 104.6 120.7 135 140.9 137.6 125.3 113.8 106.8 102.4 100.6 98.9
47.9 45 47.9 48.1 48 47.9 47.5 47.2 47.6 47.9 47.6 47.2 47.4 47.6 47.8 46.5 46.5 46.5 46.3 46.7 46.8 46.3 46.9 47.4 47.5 47.2 46.8 46.5 46.7 47.5 46.4 46.7 46.7 46.5 46.7 46.4 46.7 46.4 46 46.4 46 46.2 45.6 45.2 45.3 44.3 45.8 45.7 45.2 44.6 44.9 45.1 45.2 44.9 45.2 46.1 46.4 47.7 49.6 51.9 53.5 55.6 60.2 63.3 66.4 70.4 73.8 94 102 101.5 91.7 91.2 105.4 121.7 135.2 139.6 137.5 124.8 112.9 106 101.4 98 96.1
48.2 48.4 45.9 45.9 48 48 47.9 48.1 47.9 47.9 47.7 47.4 47.1 47.5 47.1 47.4 47.6 46.8 46.7 46.5 46.8 46.2 47.1 47.6 47.4 47.3 47.2 47.3 46.8 46.3 46.7 46.8 47.2 47.1 46.7 46.2 46.6 46.4 46 46.6 46.4 45.9 45.8 46.2 46 45.2 44.7 44.9 45.1 45.2 44.7 45.4 44.9 45 45 45.4 45.3 47.6 50.1 52.9 54.9 58.5 62.9 66.1 68.4 72.1 76.5 94.7 107.9 112.3 101.3 93.4 106.4 121.6 135.2 139.2 136.6 125.3 114.5 107.6 103 98.1 94.7
48.1 48.2 48.3 48.4 45.3 45.6 47.8 47.7 47.6 47.6 47.9 47.4 45.6 46.4 46.4 45.3 46.2 46.8 47.3 47.1 46.8 46.5 47.3 47.4 47.3 47.2 47.1 47.1 47 46.9 46.8 46.7 47.1 47.1 46.7 46.5 46.8 46.1 46.8 46.3 46 46.1 45.9 46 45.7 45.7 45.7 45.6 44.9 45.2 44.6 44.1 44.6 45.3 45 44.8 45.1 45.9 49.5 54.5 57.1 61.4 65.4 68.9 70.9 74.7 81 98.2 109.2 114.8 110 97.1 106.8 122.4 136 139.5 138.2 128.5 117.7 110.6 104.8 100.1 95.2
