public/OST50/SO75.asc
ncols 200
nrows 200
xllcorner 370000
yllcorner 250000
cellsize 50
[rows 76 to 113 of 200, columns 86 to 171 of 200]
24.2 25.2 24.5 24.7 25 25.3 25.4 25.2 25.2 25.1 24.9 20.4 25.4 25.7 25 24.3 24.8 25.4 26.2 26.7 27.3 33 34.4 37 39.4 44 46.3 44.6 43.9 43.6 43.3 44.7 46.7 46.1 49 47.8 50 51.5 51.5 50.8 50.8 49.7 47.1 45.6 46.3 46.7 46.6 46.4 45.2 40.8 41.4 42.7 43.9 44 45 46.9 48.3 49.1 50.2 55.3 52.7 50.9 50.6 48.5 46.7 46.1 46.4 47.6 48.1 48.5 48.3 47.8 47.2 46.7 46.1 45.6 45.3 45.1 44 44 44 44 44 43.5 43.3 43.3
21.9 26 24.2 24.5 24.7 24.9 25 24.8 24.9 24.9 24.9 20.4 25.1 24.4 23.8 23.1 23.8 25.1 26 26.2 26.5 28.7 45.3 54.4 55.8 56.1 56.1 56.1 54.4 51.6 50.5 50.2 50 51.4 55 55.3 54.4 54.5 53.7 50.5 49.2 46.8 43.8 44.3 44.1 45.8 46 45 41.4 39.1 40.6 40.4 41.1 42 45.9 46.7 47.5 48.3 49 48.5 48.6 47.8 46.5 45.5 44.1 44 45.9 47 47.6 48.1 48 47.4 46.9 46.3 45.7 45.2 45.4 44 44.1 44 44 44 43.9 43.4 43.1 43.1
26.1 24.5 24.4 24.1 24.3 24.5 24.4 24.5 24.6 24.6 24.7 25 24.1 24.5 23.7 22.9 23.2 23.5 25 25.8 26.2 30.1 47.7 57.8 56.8 56.6 56.4 56.7 56 56.2 56 57 56 57.6 59.1 60.4 58.9 56.6 56 49.9 46.6 45.3 42 42.2 44 45.9 45.9 41.6 38.4 39 39.2 40 40.9 41.4 43.5 46.3 46.9 47.4 47 44.8 45.5 46.1 46 44.8 44.1 44.1 45.7 46 46.7 47.4 47.6 47 46.4 45.8 45.3 45.5 45.8 45.8 44.9 44 44 44 43.9 43.4 42.9 42.8
27 26.5 26.4 24.8 24.2 24.1 24.2 24.3 24.3 24.5 24.9 25.1 23.4 24.3 23.4 23 23.3 23.6 23.9 24.3 25.7 28 47.1 56 55.9 55.8 55.6 55.9 56.1 56 56.1 56.3 56.4 59.2 60.4 60.3 58.7 59.9 55 49.2 42.9 41.2 39.1 42 45.4 45.2 44.5 41.6 34 37.7 40.4 41.7 42 42.9 44.1 45.3 46.2 46.7 46.7 44.5 44.8 44.3 44.2 44.1 44.2 45.2 45.9 45.3 45.7 46.5 47 46.5 45.9 45.3 45.6 45.6 45.4 45.6 45.8 45 44.2 44 43.9 43.4 42.9 42.5
29.1 28.6 27.6 25.5 25.4 25.3 24.6 24 24.3 24.7 25 21.2 24.6 24 23.1 23.1 23.4 23.5 23.7 23.8 23.5 27 43.4 54.4 54 54.5 54.8 54.7 54.5 55.2 55.5 55.9 57.4 58.6 59.4 59.5 59.7 54.6 49.4 43 38.6 40.7 39.8 42.6 44.7 43.1 41.3 38.1 34.5 39.2 42.1 43.2 43.6 44 44.4 44.1 45.3 45 45 44.5 43.1 42.3 42.2 42.4 43.3 44.7 45.3 45.4 45.8 45.6 46.3 46 45.4 45.5 45.3 45.2 45.1 45.3 45.6 45.9 45 44.4 44 43.6 43.1 42.6
30.1 30.5 28.7 27.2 26.6 26.6 25.7 25.7 25.6 25.7 25.2 24.7 24.2 23.5 23 23 23.2 23.3 23.4 23.6 23.5 26.4 44.2 52.3 51.4 52.4 53.2 53 52.9 54.1 54.7 55 56.8 57.5 56.1 58.5 55.5 51 44.4 39.8 37.2 38.2 39.3 40.6 42.1 38.9 36.3 34.2 37.9 40.7 42.1 44.3 45.1 45.5 44.6 44.6 44.6 43.4 42.7 43 41 40.2 39.8 42.2 42.5 43.6 44.4 44.6 44.8 44.9 45.1 44.9 45.2 45 44.9 44.7 44.8 45.1 45.6 46 45.8 45 45.4 44 44 44
32 31.8 30.6 29.4 28.2 27.8 26.7 25.8 24.8 24.6 24.9 21.7 24.5 23.9 23.5 23.6 23.6 23.7 23.7 23.7 23.8 26.4 43.5 49.4 49.7 50.7 51.5 51.6 51.5 52.5 53.3 54.3 55.6 54.3 54.9 52.7 48.5 41.7 37.7 35.7 35 35.4 37.8 39.8 37.7 34.2 34.1 36.2 40.3 42.6 44.4 45.8 46.1 45.8 45.1 45.1 44 42.1 40.7 40.8 39.4 39.5 40.6 41.1 41.8 42.6 43.5 43.7 43.8 43.9 43.9 44.2 45 44.9 44.4 44.3 44.8 45.3 45.6 46 45.4 46.3 46 44.2 44.3 44
34.5 34.1 33.1 31.5 30 28.7 27.4 26.4 25.4 25.1 25 20.8 24.9 24.1 24 24.1 24.2 24.3 24.3 24.3 23.5 26.2 42.2 49.1 48.3 48.6 49 49.4 49.8 50.6 51.5 52.5 53.2 52.7 52.3 48.4 41 36.1 35.4 33.4 33.3 33.7 33.8 34 34 34.4 36.3 39.3 41.9 44.5 46 48.5 48 47 45.7 45.5 43.4 41.4 39.9 39.1 37 37.8 39.5 40.9 41.3 41.9 42.7 42.8 42.1 42 42.9 43.5 45.6 45.9 44.3 44.5 45 45.3 45.7 46 46.9 46.7 46 45.2 45.7 44.1
36.7 36.1 35.8 34.6 32.5 29.4 28 27 26 25.2 25.1 24.7 20.4 24.6 24.5 24.6 24.8 24.9 24.9 24.7 23.7 25.9 41.4 46.6 46.6 46.4 46.8 47.7 48.2 48.8 49.7 50.9 51.4 51.5 51.4 45.3 38.5 35 32.4 31 31.6 32.4 33.5 34 35.2 37 38.7 41.3 44.1 47.3 51.3 52 49.7 48.3 47 44.7 43 41.5 40.3 38.2 34.4 36.1 38.5 40.9 41.2 41.6 41.1 40.4 40 40.4 39.5 41.8 45.6 44.3 42.9 43.4 44.8 45.3 45.7 46.4 48.6 48.2 46.9 45.2 45.7 45.1
38.3 38.2 37.9 36.6 34.2 30.9 28.6 27.6 26.5 25.5 25.3 24.3 24.8 20.4 24.8 24.9 25.2 25.4 25.5 24.4 23.9 25.7 39.2 44.1 44.3 45 45 46 46.4 46.8 47.9 49.2 49.5 50.1 50.5 47 40.2 31.3 29.3 29.3 31.2 33.5 34.5 36.4 38.3 40.5 41.3 43.3 46.2 53.3 58.9 56.3 52.3 49.2 46.3 44.3 43.2 41.6 40.6 39.3 35.4 35.2 38.4 39.9 40.8 40.9 39.1 37.9 38 38.3 38.5 39.6 40.8 41.2 39.7 41.1 42.9 44.6 45.5 46.7 49.8 48.9 47.4 45.4 44.4 44.1
41.2 40.5 40.3 40 37.6 34.6 31.1 28.1 27.1 26.3 25.7 24.2 24.6 21.5 25 24.9 24.8 24.8 19.6 22.1 24.6 25.9 38.6 41.8 41.7 42.6 43.6 44.6 45.4 45.1 46.5 47.3 48 48.8 48.1 45.8 38.1 29.2 29 30.5 34.2 37.1 40.8 43.3 45.3 49.2 47 47.7 48.5 53.9 58.7 57.3 55.3 51 48.1 45.9 43.8 41.9 38.9 37.9 35.4 35.3 38 38.9 39.8 38.8 36.8 35.5 35.9 36 36.8 38.3 39.3 39.3 39 39.9 41.5 44.1 45.4 45.9 50.6 48.4 46.2 45.8 45.2 44.7
43.7 42.3 42.6 42.8 41 39 32.3 29.9 27.4 26.7 26 24.1 24.5 24.8 20.4 21.1 24.7 24.8 20.4 23.7 25.1 25.7 39.4 40.5 39.3 40.8 41.8 42.8 43.7 43.5 45 45.6 46.2 46.8 45.6 44.3 34.2 28.9 29.4 32.5 36.6 42.9 47.8 50.9 52.5 52.8 51.8 50.7 51.5 54.9 57.9 57.2 56.7 54.7 50.1 46.4 44.5 42 39.9 37 35.1 35 36.9 37.5 37 36.2 33.9 33.6 34.1 34.3 35.7 36.9 37.7 38.6 38.6 40.8 41.3 43.9 45 45.2 45.2 45.7 44.9 45.1 44.5 44.1
44.2 44.4 43.8 43.1 40.9 40.2 31.4 28.8 27.2 26.8 25.9 24 23.6 23.3 23.1 23.8 24.2 22.7 24.9 19.6 24.7 25 34.4 35.6 36.2 39.2 40.1 41.2 41.6 42 43.1 43.4 44.2 45.4 42 37 30.8 28.9 30.4 35.5 42 48 50.9 51.5 54.9 54.6 53.7 53.3 51.2 51.3 50.8 47 47.9 48.3 44.3 42.5 41.8 40.2 38.6 36.5 34.3 34 35.9 36.4 34.1 30.8 30.4 32.9 34.4 32.9 35.9 35.7 36.5 37.2 38.4 39.7 41.1 42.1 42.8 43 43.1 43.7 44.5 44.4 43.9 43.5
45.5 45.3 44.8 42.5 40.5 39.4 31.4 29 28.5 28.1 26.1 23.9 23.6 23.3 22.9 22.9 23.5 24.4 24.6 24.5 24.8 25.1 31 35.9 36.6 37.9 38.8 39.5 40.8 40.3 41.2 41.4 41.3 41.3 38.7 33.1 28.4 27.9 33.5 43 47.5 47.9 49.7 50.3 52.4 50.3 46.6 40.4 36.5 34.2 34.4 35.6 36.7 37.5 37.1 40.6 40.1 39.7 39.7 36.4 34.2 29.4 32.7 33.5 30 31.2 35 35.2 34.4 33.6 32.9 34 34.8 36.3 37.6 38.7 39.2 39.9 40.6 40.9 41.5 42.7 43.9 43.8 43.3 42.8
47.3 45.3 44.6 40.7 40.8 36.5 29 31.2 31 28.3 26.5 23.9 23.6 23.2 22.9 22.9 22.9 23.4 24 24.1 20.6 25.3 31.4 35.4 36.1 36.8 37.5 38.2 38.9 39.3 40.1 40.6 39.5 39.6 36.1 31.5 27.4 28.8 39 46.2 46 45.9 46.6 44.7 42.6 38 30.1 26.8 26.4 26.5 25.1 26.5 27.7 29.1 30.8 34.7 36.8 37.6 38.9 37.2 35.4 32.7 30.4 29.6 28.2 35 35.9 35 34.2 33.7 33.4 35.4 35.5 36.6 37.8 38.7 39.1 39 39 39.4 40.7 42.1 42.9 43.3 42.8 42.2
48.3 45.8 45.4 42.2 38.9 33.6 32.8 39.1 35 28.7 25.6 23.9 23.5 23.1 22.9 22.9 22.9 22.9 23.3 23.7 19.6 25.5 29.1 33.5 35.1 35.7 36.2 36.9 37.3 37.7 38.4 38.2 40.2 40.9 37.9 30.9 28.5 33.2 40.9 45.9 43.1 43.6 40.8 35 30 26.3 23.5 23.3 22.9 22.9 22.9 23.3 23.4 23.6 25.7 26.5 30 31.8 33.8 35 31.8 31.2 32.2 30.7 26.2 32.4 35.8 35.2 34.7 34.1 34.1 35 36 37 37.9 38.7 39.5 39 39 40.1 40.7 41.1 41.7 42.3 42.4 41.9
50.2 46.9 46.6 44.3 38.5 34 40.1 42.2 37.4 32.6 26.9 23.8 23.4 23 23 22.9 22.9 22.9 22.9 23.4 24.4 25.1 28.6 31.1 31.4 33.8 35 35.6 35.7 36.8 37.6 37.1 38.4 39 35.6 28.1 27.3 35.8 36.3 39.6 37.9 38.9 32.8 25.1 25.2 23.3 23.3 23.3 22.9 22.7 22.8 22.8 22.8 22.9 22.9 23.2 24.3 23.9 23.6 23.8 24.5 24 28.4 29.8 27.7 30.1 35.9 35.6 35.1 34.6 34.8 35.5 36.3 37.1 37.9 38.7 39.5 39.4 39.5 40.3 40.8 40.8 40.8 41.1 41.7 41.5
50.4 48.8 46.1 41.1 35.1 36 45.9 42.8 40.3 38.1 30.4 24 23.2 23 23 23 23 23.1 23 23.4 24.2 22.8 27.7 30 30.1 31 32.4 33.3 33.4 34.8 35.9 36.8 37.4 36 33.3 24.5 27.2 33.8 35.3 35.9 35.8 33 24.7 23.6 23 23 23.1 23.1 22.8 22.6 22.6 22.7 22.7 22.7 22.8 22.7 22.8 22.9 23.1 23.4 24.2 23.6 23.3 23.6 25.2 28.5 36.1 35.7 35.4 35 35.3 35.9 36.7 37.4 37.7 39.2 39.9 40.5 39.6 40 40.9 40.8 40.8 40.9 40.9 41.1
47 42.1 38.5 34 35.1 42.9 46 44.2 44.8 42.1 35.7 26.5 23.4 23 23.1 23.2 23.4 23.2 22.9 23.5 24.1 19.6 26.7 30 29.2 29.4 30.1 30.6 31.3 32.2 33.5 35.2 36.2 34.8 32.7 28.1 23.3 32.9 35 35.9 31.8 24.5 23.3 22.9 22.8 22.8 22.9 22.9 22.8 22.5 22.5 22.5 22.6 22.6 22.6 22.5 22.7 22.6 22.8 23.1 23.8 23.3 23 22.8 22.7 22.7 26.9 34.3 35.6 35.1 35.5 36.2 36.1 36 38.3 39.9 40.5 40.9 40.9 40.4 40.6 40.9 40.9 40.9 40.9 40.9
39.1 35 36 41.2 40.8 44.3 45.3 47.3 48.2 42.7 34 32.3 26.1 23.4 23.5 23.6 23.5 23.2 23 23.6 24.2 21.7 25.5 27.8 27.9 27.7 28.4 29.3 30.4 31.5 31.4 32.5 32.4 34.8 30.8 27.2 26.5 32.7 35.6 33.4 24.7 23.3 22.9 22.8 22.8 22.6 22.6 22.7 22.7 22.4 22.4 22.4 22.5 22.5 22.5 22.3 22.5 22.4 22.5 22.7 22.9 22.9 22.7 22.6 22.5 22.6 22.7 24 29.7 33.2 34.9 35.8 35.5 35.9 37.3 37.6 38.3 39.2 40 40.6 39.9 40.2 40.9 40.9 40.9 40.4
43.3 46.9 47.4 47 46.1 43.6 48.1 51.4 50.5 42.8 40.3 42.8 32.2 26 23.8 23.7 23.4 23.1 23.1 23.7 24.2 24.5 24.6 26.6 26.6 26.5 27.2 28.5 29.7 30.1 29.7 29.8 29.8 28.4 26.3 24.8 29.1 33.7 28.3 25 23.2 22.9 22.8 22.8 22.7 22.7 22.4 22.5 22.5 22.3 22.2 22.3 22.4 22.4 22.4 22.1 22.2 22.2 22.3 22.3 22.6 22.6 22.4 22.3 22.3 22.3 22.5 23.5 24.1 30.7 35.1 35.9 35.5 36 35.4 35.2 36.2 37 37.7 38.1 37.9 38.6 39.2 39.8 39.9 39.7
49.7 52.2 51.2 49.8 44.8 46.8 51.8 55.3 55 48.1 48.8 46.2 38.2 29.9 25.2 23.6 23.4 23.1 23.2 23.8 24.4 24.6 21.8 25.1 25.2 25.4 26.6 27.9 28.9 28.5 28.1 27.8 27 26 25.4 24.7 24.5 24.2 23.4 22.6 22.7 22.9 22.8 22.7 22.7 22.7 22.6 22.2 22.3 22.3 22.1 22.2 22.2 22.3 22.1 22.2 21.9 22 22.1 22.2 22.2 22.3 22.1 22 22.1 21.9 21.8 22.4 22.9 24.1 36.4 36.9 36 34.7 34 34 34.1 34.6 35 35.4 35.6 36.8 37.5 38.1 37.9 37.8
53.6 56.1 53.9 49.7 49.7 49.1 54.6 56 56 52 47.8 40.3 33.6 31.3 26.7 23.6 23 23 23.3 24 24.2 23.6 19.6 24.3 24.6 24.8 26 27.4 27.4 26.9 26.6 25.7 24.1 24.5 24.3 23.9 23.3 23.3 23.5 22.8 22.7 22.9 22.8 22.7 22.6 22.6 22.6 22.5 22.1 22.1 22 22.1 22.1 22.1 21.8 22.3 21.7 21.8 21.9 22 22 21.9 16.9 16.3 17 16.2 21 21.9 22.4 22.9 26.3 37.1 36.2 35.6 34.7 34 34.3 34 34 34 34 35 36 36.1 36.1 36.5
56.3 58.1 56.6 54.8 53.9 53.5 56.3 55.8 56 48.9 43.2 39.5 32.9 29.7 29.1 24.5 24.2 24.2 23.5 23.9 23.7 23.8 19.6 24.1 24.3 24.5 25.2 26.3 25.8 25.4 25 24.4 24.1 24.3 24 23.5 23.5 23.5 24.1 23.2 22.8 22.9 22.8 22.7 22.6 22.5 22.5 22.5 22.4 21.9 21.8 22 22 22 17.1 17.6 21.5 21.6 21.7 21.6 18.1 22.1 22.1 21.8 21.6 20.8 16.2 21.6 22.2 22.6 22.8 27.5 36.7 36 35.1 34.5 34.4 34.2 34.1 33.9 34.2 34.6 35.4 35.4 35.9 36.2
59.1 60.3 59.7 57.2 56.4 57.7 57.8 56.3 53.1 45.1 47.3 41.4 33.9 37.4 32.5 24.6 24.5 23.9 23.2 23.8 23.6 19.7 23.7 23.4 23.6 23.4 24.3 25.5 25.7 25.9 24.9 24.5 24.2 24.1 23.7 23.7 23.7 23.7 23.8 23.8 22.9 22.9 22.8 22.7 22.6 22.5 22.4 22.4 22.4 22.3 21.7 21.9 20.7 18.6 21.8 21.6 16.9 21.4 20.8 18.9 22.1 21.8 21.8 21.6 21.4 21.1 16.2 21.4 22.1 22.3 22.3 21.2 30.3 36.4 35.6 35.3 34.6 34.3 34.1 33.8 34.3 34.2 34.4 34.7 35.7 36.1
60.2 61.3 61.1 59.6 60.3 60.9 59.5 58.1 55.4 55.7 52.1 43 38.8 48.6 39.8 26.4 24.5 24.5 24.5 24.3 23.3 23.7 22.6 23.1 23.3 23.8 24.6 24.8 24.7 24.7 24.6 24.4 24.1 24 24 24 24 24 24 24 23.1 22.9 22.8 22.7 22.6 22.5 22.4 22.4 22.3 22.2 17.8 21.7 22.3 22.3 22.2 22.1 22 22.4 22.4 22 21.8 21.5 21.4 21.4 21.2 21 16.2 21.4 21.7 21.9 21.6 21.3 22.6 35.4 36.1 35.3 34.9 34.7 34.1 33.4 33.8 34 34.2 34.3 35.4 36
62.8 64.2 63.8 63.4 63.7 62.3 60.9 60.4 55.8 52.9 49.9 44.1 49.3 52.2 49.6 31.1 23.5 24.5 24.5 24.4 19.6 23.2 22.9 23.5 24 24.4 24.7 24.4 24.4 24.3 24.2 24 24.1 24.1 24.1 24.1 24.1 24.1 24.1 24.1 23.6 23 22.9 22.8 22.7 22.6 22.5 22.4 22.3 22.2 21.9 22.4 22.7 22.6 22.5 22.4 22.3 22.9 22.3 22 21.7 21.3 21.1 21.1 21.1 21.3 19.2 21.4 21.3 21.5 21 21.8 22.2 23.8 32.8 35.5 35.3 34.7 34 33.1 33.1 33.2 33.6 34.3 36 36
66.6 67 66.7 66.1 64.8 63.5 62.1 58.6 54.1 51.8 51.2 49.6 50.4 50.8 46.2 34.6 24.9 24.5 24.5 24.4 18.6 23.5 23.7 23.8 24.1 24.4 24.5 24.1 24 23.9 23.8 23.7 23.7 24.1 24.1 24.1 24.1 24.1 24.1 24.1 24.1 23 22.9 22.8 22.8 22.7 22.6 22.5 22.3 17.8 22.5 23 23.1 23 22.8 22.7 22.8 22.6 22.3 22 21.6 21.3 18.2 20.9 18.2 21.6 16.2 21.5 21.3 21.1 21.1 21.7 22 22.6 33 35.9 35.3 34.6 33.8 32.9 32.2 32.5 33.1 34.1 36 35.8
69.1 70.1 69.3 68.7 66.6 64.4 61.3 57.9 58.5 57.8 55.5 55.5 53.6 49.3 44.8 39.6 25 24.6 24.5 22 23.6 23.8 23.9 23.9 24.1 24.4 24.2 23.7 23.7 23.6 23.4 23.5 23.5 23.7 24.1 24.1 24.1 24.1 24.1 24.1 24.1 23.3 22.9 22.8 22.8 22.7 22.6 17.8 17.8 22.2 22.9 23.6 23.6 23.4 23.2 23 22.8 22.5 22.3 22 21.8 21.5 18.2 21.2 21.1 21.5 20.9 16.2 16.5 21.6 16.2 21.6 22.2 22.4 29.5 36.1 35.6 34.6 33.7 32.8 31.9 32 33.1 35.4 35.5 34.1
72.8 72.9 72.1 71.1 68 64.6 62.5 60.8 60.9 60.9 59.1 57.4 55.5 52.9 49 39.3 27.1 24.6 23.5 22 23.8 18.6 23.9 23.9 24.1 24.3 23.8 23.4 23.3 23.2 23.2 23.2 23.2 23.3 24.1 24.1 24.1 24.1 24.1 24.1 24 24 22.9 22.7 22.5 22.5 22.6 22.6 23.3 23.2 24.8 24.5 23.9 23.8 23.6 23.9 22.9 22.7 22.4 22.2 21.8 21.4 21.2 18.2 21.3 20.6 21.2 21.3 21.4 21 20.8 21.3 21 20.7 25.6 36.3 36 35 34.1 33.2 32.2 32.2 34 34.1 34.5 34.1
76.2 74.9 73 71.7 69.1 65.9 63.2 61.8 61.1 59.7 57.9 56.1 54.4 53.3 46.3 35.6 28 24.8 24.4 24.2 24.1 24.1 23.9 24 24.1 24 23.5 23 22.9 22.9 22.9 23 23 23 23.3 24.1 24.1 24.1 24.1 23.9 23.7 24 23.2 22.7 22.5 22.5 23 23.3 24.2 25.3 24.2 24.3 25.5 24.6 25.5 23.8 23 22.7 22.4 22.1 21.8 21.6 21.8 21.5 18.2 18.2 21 21.4 21.7 21.4 21 21.1 20.8 20.5 20.5 36.1 36 34.9 33.9 33.8 32.8 31.8 31.9 31.6 32.9 34.1
76.7 75.8 74.2 72.2 70.4 67.7 65.6 63.5 60.2 58.4 56.5 54.8 53.5 50.5 36 29 32.9 33.1 24.7 24.4 24.3 24.1 19.2 21 23.8 23.7 23.1 22.7 22.6 22.6 22.7 22.7 22.7 22.8 22.8 23.7 24.1 24.1 23.7 23.4 23.6 23.9 23 17.8 22.9 23.2 23.5 24 25.1 26 26 24.4 25.8 26.3 25.7 25 23.6 22.8 22.5 22.2 22.3 22.6 22.5 21.7 21.2 20.8 20.9 21 21.5 21.7 16.2 21.2 20.8 20.5 20.2 34.6 35.9 34.9 32.3 31.8 31.1 31.5 30 30.1 31.2 32.4
76.7 75.8 73.8 70.9 68.5 66 63.5 61 57.6 56.4 55.3 53.4 50.8 40.4 32.5 32.7 43.4 46.4 30 24.5 24.2 22.1 22.8 23.7 24.2 18.6 23.4 22.3 22.4 22.4 22.5 22.5 22.6 22.6 22.9 22.5 23.8 23.6 23.2 23.2 23.1 21.1 22.7 23.2 23.6 23.9 25.6 28 27.9 28.3 26 26.9 28.4 29.5 27.6 26.8 24.7 22.9 22.7 23 23.3 23.4 22.5 21.8 21.3 20.8 20.8 20.8 20.9 20 21.3 21.1 20.7 20.4 20 32.7 35 34.7 31.1 29.7 32.4 31.4 30.1 30.2 30.8 32.1
76.6 75.1 72 69.1 66.2 62.9 59.6 58.1 55.4 54 51.9 47.8 42.1 34.6 41.2 45.3 47.9 49.7 45 25.3 23.6 22.4 22 22.6 23.4 22.8 18.6 22.5 22.1 22.1 22 22.2 22.4 22.5 23 22 23.2 22.6 18.6 18.6 18.6 22.1 24.2 24.4 32.6 36 36 34.6 32.9 29.5 28 29.7 30.9 31.9 29.9 28.1 26.1 24.2 23.7 24 24.4 23.2 22.6 21.9 21.4 20.8 20.8 20.8 20.8 16.2 21.1 20.8 20.5 20.2 19.9 29.9 35.9 33.9 27.8 33.4 33.9 32.1 30.4 30.3 30.7 31.9
76 73.8 69.1 66.2 63.5 59.9 56.5 54.5 51.3 47.9 46 43.7 43.5 49.1 51 50 49.2 46.8 47.9 36.4 24.2 23.6 22.6 23.7 21.8 21 23.6 24.1 22 22.2 22.4 22.2 22.1 18.6 22.6 22.4 22.7 22.9 23.7 23.7 23.4 23.4 24.2 35.8 36.4 35.6 35.7 36 36 31.6 29.1 31.1 33.7 35.7 34.3 32.2 30.7 27.1 24.8 25.1 24.3 23.4 22.7 22.1 21.4 20.8 20.7 20.7 21.6 19.9 21 20.7 20.4 20.1 19.9 25.3 34 32.7 29.3 32.9 33.3 32.8 31.1 30.5 30.6 31.7
74.6 72.3 67.7 63.5 59.8 56.2 54 52.2 49.6 50.8 49.7 50.4 50.6 51 51 50.1 47.3 44.4 41.2 36.6 28.4 26.4 23.8 20.5 19.4 23.6 23.6 23.9 22.6 22.2 22.6 23 18.6 23.2 23 22.5 22.2 22.7 24.4 24.3 23.8 24.1 35.8 38.9 38.4 35.4 35.8 36 35.7 31 29.1 30.2 33.6 35.4 35.8 35.6 34.1 30.7 26.6 25.4 24.2 23.5 22.9 22.2 21.5 20.8 20.7 21.2 21.1 21 18.2 20.6 20.4 20.3 20 20.5 32.3 28.3 30.7 32 32.7 32.7 31.7 30.6 30.5 31.5
73.1 70.8 66.8 62.8 58.2 54.3 54.1 54.8 55.9 54.3 51.6 50.7 50.9 50.7 48 45.4 44 42.5 40.7 39.6 41.6 36 30 23.9 20.4 23.3 23.4 23.6 23.7 22.9 22.8 22 23.7 26.3 25.8 25.3 22.6 23.7 24.7 31.4 29.7 28.7 36 37.8 37.9 36.5 35.9 34.5 32.4 29.1 29.1 31.1 35.2 34.1 34.1 33.9 34.8 33.6 28 24.5 24.5 23.7 23 22.3 21.6 20.8 20.6 20.5 20.5 20.4 16.2 20.6 20.8 20.9 20.3 19.5 28.6 24.3 31.2 31.8 32.2 32.1 32.1 30.7 30.5 31.3
72 69 65.4 61.3 57.8 54.1 55.8 57.4 57.1 55.3 52.7 50.1 50.1 48.1 45.2 44.5 44 44.7 45 43.5 42.6 41.4 45.4 48.1 41.6 23.3 18.6 18.6 18.6 22.3 25.7 24.8 25.3 32.1 30.2 26.9 23.4 23.5 34.9 38.5 36.5 34 29.9 32.6 35.2 35.6 32.4 29.3 29.6 30.5 32 35.5 36 34.1 34.2 33.6 32.9 30.5 27.6 26.1 26.2 24.2 23.4 21.8 20.9 20.8 20.6 20.4 20.3 20.2 17.4 20.7 20.8 20.7 20.2 19.7 22.8 23.2 30.4 31.4 31.6 31.5 31.5 31.4 30.4 31.2
