public/OST50/SO75.asc
ncols 200
nrows 200
xllcorner 370000
yllcorner 250000
cellsize 50
[rows 152 to 189 of 200, columns 86 to 171 of 200]
95.1 93.3 89.6 85.2 78.9 72.3 66.8 61.9 58.9 55.8 54.2 52.3 50.1 49.2 49 51.7 55.7 60.8 64.3 62.2 58.5 54.7 46.7 38.2 35.6 35.1 35.1 34.6 34.7 34.1 35.1 35 34.9 34 33.8 33.7 33.5 33 41.1 41.9 42.5 41.9 41.5 40.4 34.5 36.9 37.1 36.8 29.3 32.9 37.8 37.2 37.4 37.8 38.1 38.3 39.9 42.6 44.1 44 44 44.7 45.6 47.4 50 51.5 51.9 51.9 52 51.8 51.7 51.5 51.4 51.2 51 51 51 51 50.3 49.4 48.4 47.5 46.8 46.5 46.2 45.9
91.4 90.2 87.2 83.3 78.9 73.2 66 61.4 58.9 56.2 55 53.2 51.4 50 47.5 46.3 49.1 51.9 57.4 60.9 56.6 52 44.1 38.5 35.3 35.2 35.4 35.7 34.6 34.2 34.3 33.6 33.8 33.7 33.5 33.2 33.1 33 43.6 45.5 44.8 44.1 44 43.2 43.5 42.5 41.3 36.7 29.6 38.8 40.8 41.4 41.6 43.3 42.4 42.5 43.7 45.9 45.5 44.9 44.5 46.1 47.1 49.7 51.8 53 52.9 53.1 52.9 52.5 51.7 51.5 51.4 51.3 51.1 51 51 50.4 50.1 49.6 48.9 48 47.1 46.8 46.4 45.8
89.9 87.1 84.2 81.4 78.5 73.1 66.6 61.7 59.4 57.2 54.8 54.5 52.9 50.9 48.1 45.2 44.6 45.2 49.9 54.4 53.8 49.3 41.5 38.3 35.6 36.4 37.5 37.9 36.3 35 34.3 33.5 33.5 33.4 33.2 33 32.8 38.4 44.9 45.4 45.4 45.6 45.6 44.6 43.9 43.2 41.4 32.6 35.8 42.8 42.9 44 45.3 46.2 46.6 47.8 48.9 50.7 48.6 47.6 47.2 47.3 49.1 52.6 55.8 55.2 54.1 53.9 53.4 52.5 51.6 51 51.4 50.7 51.1 51 51 49.7 49.5 49 48.5 47.9 47.4 47.1 46.6 46.2
88.6 86.1 82.9 80.1 77.5 73 68.3 64 61.4 58.8 56.1 55.2 55.3 54.4 51 46.6 46.3 45.2 44.4 45.3 49.4 45.7 38.4 36.9 37 38 39.3 39.7 38 36.7 35.5 33.9 33.5 33.3 33 32.8 39 46.1 45.7 46 46.2 46.3 46 45.9 45.3 42.3 35.9 34.5 40.2 44.6 46.7 48.2 49.3 50.2 50.8 51.9 53.2 53.5 51.5 49.7 49.2 49 51.3 54.1 55.6 55.9 54.5 54.2 53.4 52.4 51.4 50.5 51.1 51.2 50.5 49.8 49.3 49.1 48.9 48.4 47.9 47.4 47.1 47 46.9 46.7
86.4 84.8 81.4 77.6 76 73.1 69 66.4 62.9 58.1 56 56.8 57.2 55.4 48.4 47.4 48.4 46.6 44 39.2 39.3 40.3 37.1 36 37.7 39.2 40.2 40.9 40.1 38.9 38.2 38 34.1 34.9 34.4 44.8 46.8 46.4 45.8 46 46.3 46.6 46.1 45.2 43 37.4 32.4 39.8 45.5 48 50.2 52.3 53.3 54.1 54.2 55.5 56.1 55.1 55.6 55.6 56.1 55.6 53.8 54.8 55.3 55.7 55.5 54.2 53.2 52.3 51.3 50.3 50.2 51.1 50.9 49.3 49.8 48.8 48.3 47.8 47.3 46.9 46.8 46.8 46.6 46.5
85.4 82.8 81.3 80.3 78.3 74.3 71.4 70.7 68.7 66.4 59.6 42.2 40 36.1 37.1 38.4 38.1 39.4 38.4 36.4 38.3 37.3 36.1 35.9 38 42.9 42.5 42.8 42.3 41.9 41.6 43.8 46.2 47.4 47.1 46.6 46.6 47 46.1 45.6 45.7 45.9 44.1 40.3 35.3 33.8 34.5 45.1 49.4 52 54.8 55.2 55.4 56 56 56.1 56.6 56.9 58.4 60.3 60.4 59.7 54.7 54.6 55.7 55.3 54.8 53.9 53 52.1 51.1 50.2 49.3 50.6 49.1 49.2 49.5 48.6 47.8 47.3 46.8 46.4 46.5 46.6 46.4 46.3
81.3 82 82.9 82 80 80.7 78.8 76.7 77.2 62.2 41.2 42.2 43.4 42.3 39.3 39 38.2 37.5 37.7 37.6 37.7 36.8 36.3 47 46.7 46.8 45.2 45.5 45.2 44.9 46.1 47 47.1 47.6 46.9 46.4 45.9 46.6 46.4 45.6 43.8 39.7 37.4 38.9 42.8 40.3 36.2 36 46 50.2 52.4 54.4 53.7 50.8 50.6 52.7 56.7 58.7 59.6 61.6 62.2 60.6 56.1 56.2 56.2 54.8 54.1 53.7 52.9 52 51 50.1 49.6 50.7 48.8 48.4 48.6 47.6 46.3 46.8 46.4 46.1 46.3 46.4 46 45.3
81.2 82.9 85.3 85.4 85 84.8 83.5 81.3 70.4 52.9 40.9 42.9 44.6 45.7 45.5 45.2 42.4 39.5 39.8 38.5 37.7 38.4 38.4 48.3 48.3 48.5 48.6 48.8 47.9 47.6 47.8 48.2 48 47.9 47.9 47.8 46.8 46 46.1 43.3 38.3 45.6 45.2 44.9 45.8 43.2 38.6 35.6 35.1 37.3 42.4 42.7 43 43.9 46.7 50.1 54.9 56.3 60.1 62.8 61.7 59.7 59.4 58.2 56.1 55 53.5 53 52.6 51.9 51 50 50.4 50.6 48.6 47.7 46.8 45.9 45.1 45.2 45.6 46.2 46.3 45.9 45.3 44.4
82.2 83.6 87.4 89.9 90.8 89.9 88.8 83.9 65.7 53.3 42.9 44.1 48 50.4 50.3 50.5 47 42.3 42.2 42.9 44.6 44.2 42.1 46.6 49.8 50.5 51.7 51.7 50.7 50.1 50.1 49.7 49.3 49.4 49.4 48.7 47.7 46.9 45.2 42.4 42.9 46.5 46.1 45.9 45.8 45.4 42 40.6 40.5 39.2 34.5 42.1 40.9 42.3 44 46.8 49.5 53.4 60.1 62.3 61.8 60.1 59.5 58.3 56.1 54.2 54.3 53.4 52.5 51.5 50.9 50 50.7 50.1 49.2 49.6 47.1 45.7 44 44.2 45 45.5 44.8 45.1 45.8 44.3
84 86.2 90.4 94.1 95.6 95.7 91.6 84 70.8 60.3 47.6 42.8 49.5 50.9 51.1 52.3 50.3 46 45.9 48.1 51.1 49.7 43 51.9 54.4 54.2 55.7 55.6 54.6 53.4 52.3 51.6 50.8 50.8 50.6 49.6 48.6 47.4 44.4 44 44.1 47.9 47.6 47.6 47.2 46.6 44.3 45.6 45.7 43.8 36.9 42.8 44.3 44.3 44.5 46.6 49.4 53.8 59.7 60.9 60.1 58.6 58.1 57.9 56.2 54.2 54.6 53.7 52.8 51.8 50.9 50.1 51 50.9 50.1 47.9 46.1 45 44.3 44.4 44.4 44.7 45 45.4 45.7 45.5
82.4 86.9 94.7 98.9 101.1 100.3 95.1 88 77.2 61.8 49.7 42.3 45.9 51.4 52.7 53.3 51.7 50.9 50.7 50.4 52.5 52.5 46 53.1 57.7 58.2 59.4 59.7 58.4 56 53.8 53.4 53.1 51.1 51 51 49.5 46.3 44 44 45.8 48.4 49.2 49.1 48.7 47.5 46.3 46.7 46.5 45.4 40.1 43 45.5 45.8 45.4 47.7 50.3 54.3 57.7 59.7 60.7 58 57.2 57.1 55.5 54.2 54.8 54 52.9 51.9 50.8 50.3 50.1 50.1 50.5 48.2 47.1 46.2 45.9 45.4 45.1 45.7 46.2 46.1 46.1 46.1
80.8 88.3 98.6 103 105.4 105.8 100.7 90.6 79.4 62.6 51.9 42.6 44.1 52.9 54.5 54.6 53.2 54.2 54 54.3 55.9 56.1 49.9 46.1 54.6 58.6 60.9 60.9 59.7 56.9 56.3 55.3 54.2 51.5 51 51 48.9 44.1 44 44.8 47.3 50.3 51.3 49.8 50.6 47.6 45.7 46.1 45.8 45.2 39.6 45.6 47.2 47.7 48.4 49.8 49.4 51 54.8 56.9 57.4 56.8 56.3 55.7 55.8 56 55.5 53.5 52.2 51.2 50.2 49.2 49.2 49.6 50.8 49 48.2 47.9 47.6 47.1 46.4 47.5 47.2 46.9 46.6 46.4
71.3 80.3 92.5 102.3 107.4 108.4 102.1 89.1 76.1 62.7 53.1 46 44.1 55.6 57.2 57.1 56.4 57.5 56.9 57.6 58.9 59.1 51.4 49.7 48.1 52.2 61.2 61.1 59.6 59.4 59.1 57.2 54 51.5 50.7 48.7 44.3 45.1 45.9 46.8 49.8 51.9 51.5 50.9 49 47.1 45.3 45.2 44.7 42.6 41.3 47.8 48.9 49.5 49.9 50.9 50.9 50.1 51.2 55.5 56.4 56.4 55.9 55.7 55.9 56 56 54.4 52 50.3 49.2 49.1 49.1 49.1 50.8 50.1 49.7 49.5 49.2 48.3 47.8 48.4 48.1 47.8 47.4 46.9
49.6 65.7 85.6 101.7 105.5 105.9 99.5 86 73.2 62.3 54.7 48.6 43.6 54.8 59.8 59.7 61.1 60.9 61 61.8 62.2 60.3 54.3 55.1 54.4 53.2 59.3 60.7 60.5 60.9 59.9 57.3 55.3 50.7 49.9 48.5 46.8 50.1 50.6 50.8 52.5 52.6 51.2 49.7 47.9 46.1 44.7 43.4 40.6 43.6 47.8 51 50.7 50.2 49.9 50.4 50.2 50.2 51.6 55 56.3 56.4 55.9 55.9 56 56 56 53.2 51.6 49.5 49.8 51 50.4 50.5 50.7 50 50.2 50.8 50.1 48.8 50 49.4 48.9 48.5 48 47.2
50.3 59.5 79.7 94.6 100.5 99.6 97 84 72 63.5 56.7 51.2 43.8 55 66.6 68.3 67.7 65.8 65.2 66.2 65 58.8 56.1 59.9 55.1 54.2 59.4 61.9 61.4 59.5 56.9 54.8 52.5 51.9 52 51.2 49.1 49.1 50.1 51 53 52.1 50.3 49.1 47.8 46 44.9 43.6 44.1 45.9 51 50.7 51.9 51.8 52.1 52.3 52.3 52.1 52.8 55.4 56.1 55.5 56 56 55.6 55.3 55 51.7 49.1 50.3 50.8 51.1 50.8 50.2 50.1 49.9 50.2 50.7 50.1 51 51 50.5 49.4 49 48.5 47.6
50.4 56.5 74.2 88 95.2 96.6 93 82.5 72.2 63.7 57.1 52.4 43.8 58 73.8 75.1 73.8 72.7 70.1 69.3 68.9 62.5 59 60.9 58 55.6 59.2 62.4 61.2 59.4 57.3 54 54.1 55.3 53.2 50.6 49.2 49.2 49.2 50.2 51.2 51 49.1 49.2 48.6 47.3 46.3 45.3 44 46 50.5 50.8 53 54.2 54.1 54.3 54 53.9 54.3 56.5 57.1 55.8 54.1 54.1 53.4 52.9 51.8 49.3 50.1 52.1 52.3 52.4 52 51.3 50.7 50.1 50.2 50.4 50.1 50.9 51 49.4 49 48.9 48.9 48.2
50.1 55.5 71.4 83.6 91.2 94.2 90.9 81.6 72.1 63 57.3 52.1 43.4 64.8 77.8 80.4 80.9 80.1 76.3 74.7 75.2 68.5 59 62.4 61.2 58.7 59.2 63 61.8 61.1 58.5 56.8 57 57.6 55.3 52.7 50.6 49.7 49.6 51.5 52.7 51.5 50.2 49.9 50.1 48.2 47.7 46.1 44.4 45.5 48.6 52.2 55.1 55.9 55.5 54.1 54.2 55.1 56.7 60.2 58.1 56.3 55.8 54.8 52.6 50.6 49.8 49.9 54.3 54.2 53.7 53.7 53.1 52.5 51.7 50.6 50.3 50.3 50.4 50.8 50.1 50.3 49.3 49.2 49.3 48.7
49.1 56.7 66.7 76.7 84.1 90.5 88.4 80.5 70.4 60.5 54.4 49.4 54.1 69.3 81.4 86 87.2 87 83.9 79.3 78.9 70.1 65.9 65.9 63.3 59.7 59.4 63.9 63.3 61.8 59.9 59.7 59.6 59.8 57.4 55.2 53.1 50.7 50.6 52.9 54.4 53.5 51.9 50.8 49.7 47.6 47.9 47 45.1 46.1 48.2 51.1 54.4 55.5 55.4 54.1 54.1 56.6 59.7 60.8 58.3 56.8 55.6 54.2 53 51.3 50.6 50.6 55.6 55.8 54.6 54.9 54.3 53.3 52.1 50.9 51.7 50.9 50.1 49.3 50.3 50.9 51 50.5 49.7 49
49.5 57.6 64.7 71.1 76 81.2 81.6 72.1 62.3 54.9 49.1 54.6 69.7 79.9 84.2 90.2 94.1 94.7 92.1 86.5 83.1 75.5 70.3 67.8 64 64.5 62.6 65 63.3 61.2 59.3 59 59.3 60.9 59.4 56.5 54.8 51.9 52.1 53.8 55.7 55.2 52.4 49.5 49 48.3 48.2 48.5 47.1 46.8 48.9 49.9 52.8 54.4 55 54.7 55.3 58 59.8 59.4 59.2 57.8 55.5 54.2 53.5 52.3 51.1 52.3 55.8 55.1 55.1 55.8 54.6 53.3 52 51.2 50.9 50.3 50 49.6 49.6 50.5 51 49.7 50 49.6
49.9 57.1 61.5 67.4 69.1 67.4 59.6 50.5 48.9 49 57.3 71.7 82.7 88.3 90.6 93.7 100.7 103.5 101.5 97.2 90.9 82.6 74 69.5 67.7 66.9 64 66.7 64.5 60.4 60 60.7 60.7 60.4 59.2 55.6 53.2 52.2 54.2 54.5 55.9 54.6 52 49.8 49.9 49.4 49.5 49.9 49.6 49.5 49.7 49.2 51.3 53.7 55.5 55.1 56.3 57.8 58.9 59.7 57.9 57.6 55.7 54.4 53.8 53.1 52.4 53.6 55 54.7 55.5 55.9 53.7 52.3 52 51.7 51.3 50.8 50.4 50.1 49.7 50.1 49.8 49.9 50.4 49.3
49 56.3 59.4 59.3 51.7 49.1 48.1 51.1 58.1 64.6 74.5 83.5 90.9 95.7 100.5 103.1 107 111.6 110.6 107.5 101.1 89.4 82.1 76.2 71.6 67.6 66.3 67.9 65.5 61.5 60.8 60.2 60.3 60.1 56.8 54.4 53.7 54.1 54.1 54.3 55.6 54.6 53.2 51.5 50.5 50.7 50.9 50.8 50.7 51.4 51.5 49.3 50.2 54 55.5 56.8 57.2 57.6 58.3 59.5 56.9 55.4 55.5 54.1 53.3 52.6 52.1 52.5 54.1 54.3 55.7 54.6 53.8 53 52.8 52.5 52 51.6 51.1 50.6 50.1 50.4 49.6 49.9 50 50.1
52.5 49.1 50.9 48.6 48.3 56.3 58.6 59.5 70.1 74.1 82.5 88.8 98.8 103.6 109.1 114.8 119.3 120.4 119.7 116.2 109.4 98.4 87.9 81.3 73.5 69 69.5 69.4 66.3 63.4 63.5 62.7 61.4 61.9 60.8 56.3 53.9 54 54.1 54.1 55.7 55 54.2 53.4 52.4 52.4 52.9 52.6 53.1 54.1 54.3 52.3 49.7 56 56.3 56.9 57.4 57.9 57.9 57.2 55.4 54.4 54.5 53.8 52.8 52.1 51.9 51.8 53.2 53.6 53.9 54.3 54 53.8 53.6 53.3 52.8 52.3 51.8 51.3 50.8 50.4 50 50.2 50.2 50.3
70.7 56.7 49.8 51.7 63.7 73.2 75.2 71.1 75 82.7 90.8 94.6 106.3 111.6 117.8 122.9 126.7 128.9 127.6 123.3 114.9 104.6 90.8 81.5 76.2 73.1 69.7 71.3 67.5 65.3 65.8 64.3 64.2 65.5 63.8 58.5 53.7 53.8 54.1 54.1 56.1 55.5 55.7 56.3 54.5 54.2 54.9 54.5 55.4 56.2 56 55.3 51.4 55.3 56.7 57 57.8 57.4 57.6 56.4 54.9 53.6 53.4 53.2 52.3 51.9 51.8 51.7 52.3 52.4 52.8 54.5 54.8 54.6 54.4 54 53.5 53 52.5 51.9 51.4 51 50.7 50.5 50.5 50.5
81.6 74.2 59.4 66.6 78.5 85.2 89.1 79.3 79.5 89.8 100.1 108.8 114.4 121.6 128.4 133.5 137.1 138.1 136.5 130.3 119.4 107.1 94.1 85 81.3 78.2 75.1 73.3 69.9 67.2 65.7 63.9 65.2 67.7 65.7 60.9 56.9 55.3 55 56 58.1 58.5 59 58.8 58.5 57 56.2 57.7 58.9 58.2 55.5 55.8 54.3 55.8 56 57.1 58.2 57.4 56.8 55.9 54.4 53.3 52.9 52.3 51.8 51.7 51.6 51.5 51.4 51.9 52.5 55.2 56 55.8 55.2 54.7 54.3 53.6 53 52.4 52 51.7 51.3 50.9 50.9 50.9
85.2 75.3 72.3 78.6 87.7 95.1 98 90.1 84.8 97.6 109.1 119.1 125.1 130.2 136.7 144.9 148.2 149.1 143.1 132.8 120.5 107 97.7 87.9 83.1 80.1 79.8 76.5 72.6 68.4 66.3 66.9 68.2 69.3 67.4 63.6 60.3 59.4 59.9 60.4 61 62.3 62.2 62.1 62.1 60.6 59 60.3 60.9 59.5 55.1 54.6 54.7 55.5 56.3 57.5 58.2 57.5 56.7 55.8 54.2 54.4 53.7 52.9 52.4 51.9 51.7 51.5 51.3 52 53.4 55.8 56 56 56 55.4 54.8 54.1 53.5 53 52.7 52.3 51.9 51.6 51.3 51.4
85.4 78.1 83.5 90.7 95.9 102.9 106.9 101.7 90.2 104.4 117.2 128.4 132.9 137.7 146.4 152.7 155.2 155.3 147.1 133.9 120.5 108.4 102.2 94.4 87.7 84.3 82.4 79 74.9 71.4 66.2 67.3 71.2 73.5 69.3 65.4 63.4 61.9 63.3 64.4 65.9 65.9 65.9 65.9 65.3 63.6 61.7 60.4 60.8 57.3 54.6 55.5 56.2 56.6 56.7 57.8 58.3 57.5 56.4 55.2 54.9 54.8 54.1 53.4 53.1 52.9 52.3 52.2 52.4 51.7 55.3 55 55.5 55.7 55.7 55.3 55.3 54.6 54.1 53.7 53.3 52.9 52.6 52.2 51.9 51.6
84.6 85.2 93.6 101.2 105.2 110.8 115 109.9 96.2 109.8 122 132.6 139.7 147.4 153 156.6 160.2 161.7 152.2 140.3 126.6 115.8 108.1 101.5 94.2 88.5 85.5 80.8 76.3 73.9 69.8 70.6 74.4 76.4 72 68.1 66.3 64.3 65.8 65.2 65.5 65.6 65.6 65.8 65.9 64.9 63.2 60.8 59.4 57.3 57 57.1 57.6 57.7 57.8 58.2 58.3 57.2 56.3 55.5 55.4 55.9 54.9 53.8 53.7 53.9 53.7 53.2 52.6 53.5 55.9 55.7 55.5 55.2 55.4 55 54.6 54.3 54.7 54.3 53.9 53.6 53.2 52.7 52.3 51.5
85.7 92.9 100.2 107.7 114.7 119.7 122.3 119.9 104.5 113.1 126.4 135.6 146.7 153.8 157.9 161.3 164.8 166.5 160.4 149.6 138.2 126.5 113.9 104.6 96.9 91.2 85.9 81.8 77.8 74.2 69.8 72.5 78.1 78.4 75.1 70.9 69 67 64.9 65.2 66.8 66.5 65.7 65.4 65.7 64.1 62 60 59 59.1 59.2 59.3 58.7 59.5 59.4 59.2 58.3 57.5 56.6 55.8 55.1 55.6 55.8 54.8 54 54 55.1 55.2 55.2 55.5 55.4 55.5 55.4 55.3 55.4 55.2 55.1 55.1 55.7 55 54.3 53.8 53.4 53 52.2 51.4
89.9 97.4 102.7 110.3 118.5 125.3 127.6 126.3 118.2 112.7 124.7 136.9 149.6 158.1 163.2 166.3 167.9 169.6 166.3 157.9 148.5 132.1 119.7 108.4 99.1 93.2 87.2 83.1 79.1 75.9 73.1 74.7 80.2 81.6 79 73.9 71.5 70.3 67.1 66.9 68.2 67.4 66.6 65.7 64.4 62.8 60.8 59.7 59 60.3 60.8 60.9 60.9 60.9 60.6 58.9 58.3 57.7 56.9 56.1 55.3 55.3 55.5 54.4 54.3 54.3 54.6 55.4 55.9 56.1 55.5 55.1 55.1 55.4 55.6 55.2 55.1 55.4 56 55.3 54.6 53.9 53.5 53 52.2 51.3
98.6 97.8 102.4 112.7 120.7 130.4 133 134.6 129.8 125.2 120 134.3 148.6 159.8 165.8 169.6 173.1 172.8 170.3 163.7 155.2 140.8 123.7 111.2 101.5 95.1 88.9 84.4 80.8 77.7 76.3 76.6 80.1 84.3 83 77.8 73.7 70.7 69.7 69.6 69.1 67.9 66.8 65.6 64.3 63.1 61.2 59.4 60 60.8 60.6 60.6 60.6 60.9 60.4 58.7 58.1 57.5 57 56.3 55.5 55.1 55.8 54.2 54.5 54.8 55.1 55.9 56.5 56.6 56.3 55.9 55.3 55.6 55.8 55.1 55.2 55.7 55.9 55.4 54.9 54.2 53.7 52.6 51.8 51.2
99.1 99.1 106.5 114.8 123.8 134.3 139.4 140.9 142 139.5 135.5 130.6 148 160.2 168.6 172.9 176.2 176.5 176 169.8 161.7 148.5 129.6 114.8 102.8 95.9 90.5 85.9 82.5 79.6 78.1 79 79.8 85.4 85.7 79.8 76.3 73.4 71.9 70.8 69.7 68.1 66.5 65.5 65.2 63.6 61.8 60.8 60.1 60.1 60.3 60.3 60.4 60.7 59.5 58.9 58.3 57.7 57 56.4 55.7 55.1 54.4 54.1 54.4 54.9 55.5 56.5 57.4 58 57.5 56.7 56.4 56 56 55.2 55.7 55.7 55.1 53.7 52.5 53.6 53.3 52.4 51.3 50.6
103.3 106.3 107.8 119 129.2 137.8 143.8 148.5 152 153.8 152.6 141.5 146 160.8 170 175.1 177.5 179 178.3 172.8 164.1 153.9 135.1 117.5 104.3 96.5 91.8 87.9 84.4 80.4 80 79.1 82.6 87.6 86.3 83.5 79.3 76.2 73.4 70.6 69.6 68 66.3 64.8 64.1 64.3 63.2 62 61 60.9 60.8 60.9 60.7 60.1 59.7 59.5 58.8 58.2 57.2 57.2 56.4 56 55.3 54.7 54.6 56.3 56.6 57.3 58.2 58.9 57.9 57 57 56.8 56.6 56.4 55.6 55.4 55.8 54.7 54 54.3 52.4 51.4 50.5 50.9
109 111.3 115.7 123.3 133.4 141.6 148.9 155.6 161.4 165.3 165.8 157.2 152 162.2 171.2 177.3 179.5 180.9 180.9 172.4 162.4 152.7 136.2 118.4 106.8 98.7 93.8 89.9 85.5 82 81.9 81.9 85.9 90.5 87.6 83 80.1 76.4 73.1 70.7 68.7 66.9 65 64.2 64 64.5 64.3 63.2 62.1 61.8 62.3 62.2 62.2 61.6 61 59.7 58.7 58.7 58.8 57.8 57.2 56.8 56.2 55.9 57 58.5 58.8 58.3 58.9 59.6 57.9 57.4 57.7 57.6 57.5 57 56.2 55.8 55.5 55 54.2 53.4 51.5 50.3 49.3 48.3
115.8 117.7 123.4 128.5 138.2 146 153.1 161.7 171.2 177.4 178.2 172.9 161.1 166.5 177.4 181.4 182 182.4 179.1 170 161.8 151.1 136.7 120.4 108.5 101.4 95.9 91.7 87.8 84.7 83.9 84.2 87.9 88.9 86.1 81.9 78.6 75.8 72.4 70.2 68.3 66.4 65 65.2 64.2 64.7 65 64.3 63.2 62.7 63.7 63.5 63.8 63.2 62.5 60.4 59.7 60.3 59.2 58.3 57.9 57.5 57 57.9 59.2 59.1 60.6 59.8 60.7 59.4 58.3 59.4 58.8 56.7 56.4 56.6 55.7 55.4 54.5 53.3 52.6 52.2 50.2 48.3 46.7 45.5
121.9 120 127.4 135.4 142.5 149.1 156.9 165.2 174.8 181.2 183.8 183.2 171.8 178.3 184.5 185.9 184.7 182.7 177.4 168.4 159.3 149.8 137.6 121 109.9 102.5 97.1 93.1 89.8 87.5 84.6 84 84.4 86.3 82.7 80 77.4 75.1 71.8 69.7 67.8 66.3 65.7 64.5 64.3 64.9 65.4 65.1 64.3 63.6 64.9 64.7 65 64.7 62.7 61.9 60.8 60.5 59.7 59.1 58.6 58.2 57.9 58.7 59.9 59.2 60.4 60.9 59.9 58 59.6 59.9 57.9 55.1 54.2 54 53.8 53.5 52.4 51.5 50.9 51 49.5 48.4 47.4 45.5
123.8 127.5 132.1 138.2 145.3 152 158.4 166.4 174 180.9 185.4 188.6 187.6 187.6 189.7 188.4 185.4 180.5 174.7 165.5 156.5 148.9 138.9 121.5 111 103.8 99.1 95.1 92.4 90.1 86.8 85.1 85.2 85.8 82.8 79.3 75.9 73.8 71.2 69.3 67.7 66.7 65.7 64.7 65.1 65.3 65.6 65.8 65 65.3 65.8 65.7 65.9 64.7 63.8 62.7 61.6 60.4 59.8 59.2 59.1 58.7 58.7 59.2 60.8 59.3 60.9 60.5 59.9 59.7 60.9 56.3 55.2 54.5 53.9 53.7 53.4 52.1 50.8 49.6 51 49.6 48.8 48.8 48 46.4
123.3 129.3 135.2 140.7 146.8 153.6 160.2 166.8 173.6 179.8 186.9 192.7 197.7 199.7 194.3 188 183.9 179.6 172 162.3 155 146.4 137.9 122.7 112.3 105.8 102 97.6 94.1 91.9 89.1 87 85.6 85.5 82.3 79.7 75.3 73 71.3 69.9 68.4 67.5 66.6 65.8 66.1 66.3 66.4 66.3 65.8 66.2 65.9 65.5 65.2 64.4 64.6 63.4 61.7 61 60.6 59.6 59 59.2 60.2 61 60.5 60.4 60.7 60.4 60.5 60.9 56.4 55.5 54.3 53.9 53.5 53.1 51.9 50.5 49.9 49.2 49.8 48.7 47.8 48.1 47.9 47.1
120.9 128 135.7 139.8 146 153.2 159.9 166.7 172.5 178.7 185.6 193.2 200.5 200.8 195.3 189.2 182.7 178 169.7 159.9 152.7 144.5 136.7 124.8 113.3 106.5 103.2 99.4 95.9 93.6 91.3 88.8 86.9 84.1 80.9 78.9 75.7 74.5 72 70.6 69 68.1 67.4 66.9 66.9 66.9 66.9 66.7 66.7 66.3 66.1 66.1 66.5 65.9 65.3 63.4 62.3 61.7 61.5 60.5 59.9 61 62.2 62.9 61.7 61.4 61.2 60.7 58.2 56.9 55.2 54.8 53.8 52.5 52.1 51.7 50.3 50.5 50.5 49.2 48.7 47.9 46.7 47.5 47.4 45.7
