public/OST50/SO90.asc
ncols 200
nrows 200
xllcorner 390000
yllcorner 200000
cellsize 50
[rows 105 to 139 of 200, columns 0 to 77 of 200]
229.2 229.7 230.2 230.5 230.7 230.9 231 230.6 229.9 230.2 229.6 230.9 230.9 231.4 231.9 232 230.9 229.9 228.9 227.4 225.4 223.2 221.1 218.8 213.1 220.6 222.5 222.6 223 222.5 222.1 221.1 220.1 218.8 217.2 214.8 213.9 212.1 210.2 208.3 206.5 204.2 201.5 198.8 195.8 192.4 188.3 180.2 179.2 183.9 185.9 186 184.6 182.8 179 174.4 170.3 164.1 160.1 147.7 131.5 123.5 126.4 126.7 130.5 134.8 138.6 146.9 159.9 173.6 180.3 181.3 182.6 184.3 185.4 187.2 190.1 191.2
228.6 228.9 229.1 229.3 229.5 229.7 229.8 229.4 228.7 228.1 228.8 230.3 230.8 230.7 230.8 230.8 229.8 228.7 227.6 225.5 223.2 221 218.8 214.9 213.4 220.5 221.6 221.7 222.2 222.4 221.8 220.8 220.8 219 217.6 215.3 212.6 209.6 207.6 206 204.3 202.2 198.5 194.9 192.1 187.8 189.2 190.5 190.9 191.8 191.4 189.8 187.6 184.7 181 176.5 171.3 165.8 161.8 158.4 140.1 127.5 122.9 121.3 124.8 128.5 135.8 141.6 158 164.7 167.3 167.1 166.6 170.9 171.4 177.3 180.5 182.4
227.4 227.6 227.9 228.1 228.3 228.5 228.5 228.1 227.5 226.4 227.5 228.8 229.8 229.9 230 229.4 228.3 227.2 226.1 224.1 221.5 219.1 216.6 210.2 213.4 219.1 220.7 221 221.2 221.5 221.4 221 220.6 218.9 217.5 215.6 213.3 210.9 207.9 203.3 201 198.4 196.6 195.5 195.5 196.3 196.4 195.7 196.1 195.5 193.5 191.1 188.3 185 181.4 177.1 171.3 166 161.1 155.7 147.5 133.9 123.1 120.8 124.3 132.2 137.2 138.5 141.7 143 146.7 150.8 157.1 162.5 167.4 172.4 177.6 183.3
226.1 226.2 226.5 226.9 227.1 227.4 227.2 226.9 225.9 225.2 226.4 227.5 228.8 228.7 228.3 227.6 226.6 225.7 224.5 222.6 220.2 217.4 213.8 202.3 213.3 217.8 218.8 219.2 219.6 220.1 220.9 220.4 219.9 218.5 217 214.8 212.9 211.1 208.4 204.3 203.1 202.2 200.9 199.9 201.1 200.8 200.6 199.8 198.8 197 194.6 191.7 188.6 185.3 181.8 177.4 167.7 165.6 158.4 150.9 141.9 128.8 120 121.8 134.4 141.9 145.3 149.5 156 159.8 164.3 170.8 174.4 178.5 182.7 186.3 189 191.3
224.8 224.8 225.2 225.5 225.9 226.2 226 225.3 224.2 224.2 225.4 226.6 227.3 227 226.6 225.8 224.8 223.9 223 221.1 218.9 215.6 210 196.1 209.9 214.3 216.2 218 219.1 220.1 220.2 219.6 219.2 217.8 216.3 214.6 212.8 211 209.1 207.3 205.8 204.3 204.2 203.9 203.2 202.8 201.3 200.4 199.5 197.7 195.2 192.5 188.9 185.6 182.2 177.4 165.1 166.3 155.8 149.4 140.6 125.8 120.5 126.8 137.4 145.5 151.2 159.8 173.5 177.2 180.2 184.2 185.3 186.1 187.8 189.4 191 192.3
223.4 223.5 223.8 224.1 224.5 224.7 223.8 223 222.3 223.4 224.3 225 225.8 225.6 224.9 224 223.5 222.9 221.4 219.1 216.9 214 200.8 189.6 199.2 213.2 215.9 218.5 219.1 220.1 219.5 218.9 218.3 217.2 215.9 214.8 213.1 211.3 210.1 208.4 207.7 206.9 205.8 205.4 204.9 203.9 202.1 200.7 199.8 198 195.3 192.6 189.2 185.6 182 174.3 165.8 158 155.5 144.9 135.8 129.1 120.7 130 140.2 144.1 150.3 162.9 182.7 183.4 185 185.8 186.2 187.1 188.4 189.9 191.2 192.1
222.1 222.2 222.4 222.8 223.4 223 222.1 221.2 220.3 222.5 223.3 223.7 223.9 223.4 223.4 223.5 222.9 221.6 219.5 217.1 214.9 203.3 191.9 184.3 195 213.8 216.7 218.8 219.2 219.4 218.8 218.2 217.6 216.6 215.3 214.2 213.2 211.9 210.6 209.3 208.4 207.4 206.5 205.8 205.4 204.4 202.9 201.2 199.8 197.7 195 192.1 189 184.9 180.6 170.4 162 157.8 154.3 143.8 134.1 131 125.1 124.3 135.7 142.1 146.3 160.1 180.1 183.3 183.7 184.3 185.4 186.9 188.2 189.7 190.9 191.4
220.6 220.9 221 221.7 222.1 221.2 220.3 219.5 218.6 221.1 221.6 221.9 221.8 221.6 221.9 222.4 221.7 219.7 217.7 215 202.6 190.5 183.9 181.6 194.9 214.6 217 218.1 218.5 218.6 218.1 217.5 216.9 215.9 214.7 213.7 212.6 211.5 210.2 209.1 208.1 207.2 206.6 205.8 205.1 204.1 202.6 201.1 199.1 196.8 194.2 191.2 187.6 180.5 173.5 167.4 152.8 155.5 148.5 140.7 134.6 128.4 123.9 120.3 129.9 142.4 145.8 160.5 176.9 181.3 181.4 183.2 185.2 186.7 188 189.3 190 190.4
219.2 218.9 220.2 220.7 221 220.4 219.5 218.6 217.6 218.6 219.7 219.7 219.6 219.6 219.8 220.3 219.2 218.1 215 202.2 190.7 187.6 180.3 181.2 192.4 211.3 216.8 217.4 217.8 217.8 217.4 216.7 216 214.9 213.7 212.7 211.8 210.8 209.7 208.6 207.5 206.8 206.2 205.3 204.2 203.1 201.9 200.1 197.7 195.2 192 189 180.3 170.4 164.4 155 150.1 144.8 141.8 137.3 134.1 126.8 123.2 120 130.9 142.5 147.4 158.6 172.3 176.6 179.3 182.6 184.9 186 187.2 188.2 189.1 189.6
217.7 217.1 218.6 219.5 219.8 219.7 219 218 216.5 215.3 217.3 216.9 216.6 216.4 217.3 217.6 216.9 215.5 201.6 193.3 190.1 184.4 175.9 183.6 190.5 208.4 214.9 216.1 216.4 216.5 216.4 215.6 214.9 213.9 212.6 211.3 210.3 209.4 208.3 207.2 206.1 205.2 204.3 203.7 202.8 201.6 200.3 198.5 196 193.3 189.6 179.8 166.8 165.4 158.2 151.1 145.9 144 139 136.1 136.2 132.2 127.8 119.8 130 141.1 147.3 158.6 167.7 174 178.9 182 184 185.3 186.2 186.8 187.2 187.7
216.8 215.6 216.9 217.9 218.5 218.3 218.4 217.4 215.4 212.1 213.7 213.9 213.6 213.7 215 214.9 214.6 209.7 197 187.2 187.5 178.1 172 182.5 190.7 209.6 213.2 214.8 214.9 215.1 215.2 214.8 213.8 212.7 211.4 210.1 208.9 207.9 206.9 205.8 204.8 203.5 202.1 201.6 201.1 200.1 198.7 196.7 194.2 190.6 186.4 175.2 164.5 159 152.7 149.7 148.1 150.9 150.6 146.4 142.4 135.9 129.2 117 127.5 139.1 147.7 158.7 165.1 173.6 177.7 181 182.3 183.4 184 184.3 184.7 185.2
215.7 214.7 215.3 216.5 216.7 216.7 216.8 216.1 214.1 212.6 209.8 210.4 210.5 213.2 213.8 211.9 210.3 199.8 188.5 187.3 179.3 172.7 171.1 185 189.5 206 211.6 213.4 213.8 213.8 213.8 213.8 212.9 211.6 210.2 208.9 207.6 206.4 205.4 204.3 202.9 199.8 199.3 199.6 198.6 197.5 195.8 193.3 190.2 187.1 181.7 169.5 160.4 158.5 163.5 163.7 160.9 155.8 156.2 149.2 142.2 134.1 126.3 118.2 127.5 141.5 152.2 164.8 171.7 174.2 177.7 179.3 180.8 181.3 181.9 182 182.2 182.6
215.3 213.4 213.7 214.8 214.9 214.8 214.8 214.5 213 211.9 209.2 206.7 210.4 212.5 212.3 210.2 206.8 194.8 185.5 182.1 173.3 168.2 173 185 189.3 203.4 208.9 211.8 213 213 213 213 211.9 210.6 209.3 208 206.5 204.8 202.8 201.1 199.4 197.2 195.1 194.8 194.2 193.4 191.6 188.8 185 179.8 171.1 167.8 172.2 175.5 176.8 172.3 160.6 156.3 156.6 147.2 140.4 132.3 126.4 116.4 126.6 140.3 159.4 169.3 175.7 176.7 178 178.4 179.4 179.5 179.9 180 180.9 182.4
214.4 212.7 210.9 212.4 213.3 213.2 213.3 213.2 212.4 210.9 209.2 205.2 209.5 210.6 210.3 208.2 201 188.9 186.1 179.9 170.7 162.5 172.9 182.6 188.4 198.7 206 210.2 212.2 212.2 212.2 211.9 210.7 209.6 208.3 206.9 205.7 204.8 202.5 201 200.6 200 198.9 196.7 193.2 191.3 189.2 185.9 184 182.3 182.4 181.7 181.6 181.1 178.7 169.5 164.2 155.6 152.3 145.1 138.3 128.5 123.8 116.2 125.2 137.6 151.4 166.6 176.7 177 177.4 177.7 177.7 177.7 177.9 179.6 181.2 182.2
212.7 211.6 209.4 210 211.5 211.8 212 211.9 210.7 209 207.4 203.9 208.1 208.4 206.8 204.7 194.4 189.1 182.9 178.7 166.9 159.6 168 177.2 186.4 195.1 204.7 209.7 211.5 211.5 211.5 210.9 209.7 208.6 207.5 206.6 205.6 204.6 203.9 203.2 202.5 201.7 201 199.5 198 196.1 193.8 191.7 190.1 188.6 186.9 185.2 183.7 181.4 178 166.5 163.2 155 151.5 146.5 136.7 127.4 121.7 115.2 123 134.1 148.7 165.2 176 176.7 176.8 176.4 176 176.3 178.2 179.8 181.3 182.3
210.9 209.7 207.9 207.6 209.2 210.6 210.7 209.9 208.7 206.9 204.5 203.5 205.8 205.4 203.1 200.4 186.6 181.4 177.2 173.1 162.1 157 168 178.3 186.6 195.8 203.4 209 210.9 210.8 210.5 209.8 209 207.8 206.9 206.4 205.9 205.2 204.5 203.8 203.2 202.5 201.5 200.3 198.8 197.3 195.4 193.5 191.6 189.4 187.4 185.8 183.4 180.3 176.6 167.4 161.7 154.8 150.7 146.8 135.3 125.1 121.3 114.9 120 130.7 145.3 163.8 175.7 175.9 175.8 174.6 174.4 176 177.8 179.3 180.7 181.4
208.7 207.5 205.5 206.3 208 209.6 209.2 208.2 206.6 204.8 201.8 202 203 202 199.3 196.2 185.3 179 172.6 166.1 157.1 154.7 168.8 180.4 184.5 196.7 203.6 208 209.3 209.8 209.3 208.6 207.9 207.1 206.3 205.8 205.2 204.8 204.4 203.7 203 202.2 201.1 200.1 198.6 197.2 195.9 193.7 190.5 188.5 186.5 184 181.4 178.2 173.5 166.3 160.3 155.6 149.2 146.5 140.2 130.8 123.5 113.5 116.2 127.8 143.2 163 174.9 174.7 174.6 172.9 173.2 175.6 177 178.1 179.2 180.1
206.1 204.9 203.5 206.2 207.9 208.9 208 206.7 204.1 202 198.7 200.7 200 198.3 195.7 191 181.7 176 167.8 159.7 154.5 156.1 168.6 181.2 185 194.8 203.1 206.9 208.2 208.7 208.1 207.3 206.5 205.7 204.9 204.8 204.6 204.1 203.8 203.4 202.8 201.8 200.7 199.5 198 196.6 195.3 193 189.9 187.3 185.1 182.2 179.4 176.1 171 159.8 157.2 154.7 147.6 144.3 139.2 135.8 127.8 116.5 114.6 127 144.2 161.8 173.4 173.6 173.4 171.5 172.7 174.6 175.8 176.6 177.5 178.2
202.5 201.2 205.1 206.9 207.4 208 206.7 204.5 202.2 198.5 195.7 197.9 197 194.7 191.9 186.9 178.9 174 164.5 153.2 147.1 156.1 170.9 179.6 187.8 193.6 201.7 205.7 206.7 207.2 206 204.9 204.2 203.6 202.6 202.3 203.3 203 202.8 202.6 202.2 201.1 199.9 198.7 197.4 196 194.7 192.4 189.9 186.5 184 180.7 177.4 172.1 164 159 155.5 151.3 146.8 143.3 136.9 134.5 129.3 117.1 113.3 126.2 149.1 164.9 172.4 172.3 172 169.1 171.3 173.1 174.4 174.9 175.3 174.5
199.9 203.6 205.9 206.1 206.5 206.2 205.2 203.1 200.4 196 193.4 195.2 193.6 191 187 179.5 175.7 171.7 161.6 146.5 141.2 159.1 173.5 181.3 186.8 193.7 201.1 204.4 205.3 205.6 204.3 203 201.7 201.2 199 199.6 201.9 202.4 202.3 202.1 201.1 200.2 199 197.8 196.5 194.9 193.2 191.4 189 186.7 183.7 180.6 176.4 168.7 160 156.2 152.7 147.7 144.6 141.5 137.6 137.6 127.3 115.1 113.4 126.5 152.2 167.3 170 170.6 170.3 167 169.2 171.4 172.1 171.9 172.7 170.8
202.1 204.6 204.9 204.9 205.2 204.4 203.2 201.3 198.3 194.8 191.6 193.4 190.6 185.9 179.2 176.9 173.2 164.6 154.7 135.9 139.2 162.2 172.9 178.9 188 193.5 200.2 202.7 204 203.8 202.5 201.2 199.2 195.4 193.5 198.4 200.7 201 201.1 200.7 200 199 197.6 196.2 194.9 193.3 191.5 189.8 187.9 185.2 182.2 179 174.8 165.9 161.4 158.1 151.9 147.2 142.5 135.9 132.5 132.2 123.9 114.6 113.3 128.1 152.3 165.8 167 167.5 168.5 166.7 165.6 169.2 170 169.5 168.8 161.7
202.6 203.4 203.7 203.5 203.6 202.3 200.9 198.7 194.3 188.4 188.3 190.7 184.4 178.1 175.3 172.1 165.8 157.2 143.8 128.8 143.2 162.9 172.3 179.2 186.8 193.7 198.7 200.8 201.6 201.2 199.8 197.2 192.5 187.4 188.7 196.7 199 199.3 199.6 199.3 198.5 197.4 196 194.6 193.5 191.5 189.1 186.3 184.8 182.7 178.9 177.6 172.8 164.7 162.7 155.9 152.8 148.6 141.2 137.2 130.6 127.2 121.8 111.2 112.4 129.6 144 150.9 161.3 163.4 166 166.2 160.2 165.6 167.5 166.1 157.5 151.7
201.5 202.1 202.6 202.3 202 200.6 198.6 195.2 185.1 179.7 188.1 187 178.7 175.4 174.2 167.4 161.4 144.6 128.7 131.1 151.1 166.5 174 182.4 187.2 192.6 196.3 197.5 197.7 197 188.8 183.2 174.8 174.2 182 193.2 196.9 197.5 197.9 197.9 196.8 195.8 194.6 193.6 192.9 190.7 187.5 184 180.2 179.1 176.8 173.2 166 163.3 157.8 154.7 149.5 144.6 141.1 137.8 133.3 132.2 122.3 110.9 111.4 129.8 138 139.1 141.4 154.4 160.2 162.1 155.6 160.3 161 149.6 149.4 146.7
200.9 201.1 201.4 201.2 200.1 198.1 194.4 184.4 176.2 179.7 188.9 181.7 173.6 168.9 163.4 161.2 149.4 129.7 124 138.5 157.5 168.5 176.3 182 185.1 190.1 192.4 193.2 189.3 184.2 179.6 175.5 173.3 170.9 173.9 189 193.3 195.2 195.6 194.9 194.3 193.6 192.7 191.7 190.4 189.4 187.5 184.3 179.4 174.1 171.4 169 161.9 161.3 154 151.6 145.3 141.1 140.2 137.5 133.8 131 122.9 109.6 108.8 124.4 126.4 131.4 133.4 138.3 146.8 149.7 154.2 155.3 150.3 147.1 144.3 137.8
199.8 200 199.7 199 192 188.6 180.7 173.3 171.8 181.8 188.1 183.8 172 164.3 153 143.6 135.5 123.8 128.1 144.2 159.4 169.9 175.4 180.8 183.3 187 188.4 187.9 182.4 176.4 175.8 171.7 165.3 164.1 169.4 179.3 188.1 191.5 191.5 191.2 190.1 189.1 188.8 188 187 186 184.4 181.3 178.5 174.1 172 164.7 157.1 153.4 150.8 147.3 142.7 138.9 136 134.7 131.7 129.5 121 112.2 108.3 113.4 125.8 137.9 145.8 152.4 154.6 153 152.6 149.1 144.8 137.7 132 132.1
197.8 197.9 197.5 195.5 188.4 180 171.4 168.1 174.3 182.1 186.6 184.6 176.7 165.4 156.7 146.2 131.2 125.3 127.7 144.9 159.5 167.9 173.4 177.7 180.8 183.3 183.2 179.8 177.2 172.1 169 165.4 157.6 155.9 164.9 174.5 184.6 187.3 187.6 186.3 185 183.6 181.5 183.3 182.6 182 179.5 177.3 174.6 172.3 168.8 162.4 156.1 149.5 142.5 140.3 136.2 131.2 131.6 130.4 128.6 124.9 116.7 108.5 106.8 120.1 135.2 148.5 157.9 160.2 159.1 152.5 146.3 142.6 139.2 134.2 128.4 121.7
196 195.8 195 187.5 176.4 170.1 166.1 166 174.8 186.4 186.4 183.1 178.7 173.5 165.5 154.5 132.2 117.1 123.3 139.5 157.9 164.6 170 174.8 177.6 178.4 175.5 173.5 170.8 166.5 160.9 156.9 150.2 151.4 162.8 171.8 178.5 182.2 182.5 181.5 172.6 172.5 173.1 177.5 176.5 170.5 168.4 166.4 166.3 165.7 161.5 158.2 155.5 150.7 141.2 130.5 128.6 124.6 124 120.4 114 108.4 107.8 107.6 108.3 125.7 142.5 155 159.5 156.9 152 147.7 143.8 138.7 131.5 125.4 116.1 112.5
193.7 192.3 190.1 177 170.9 163.9 159.8 165 173.6 185 184.7 182 177.8 172.8 165.9 155.3 136.8 114.4 117 132.2 149.3 159.9 165.9 169.5 169.9 170.6 169.7 168.4 167.7 163.6 155.8 148.9 143.4 149.5 160.2 168.9 174.9 176.9 176.9 171.2 166.4 163.7 162.6 166.3 167 164.9 164.1 162.8 160.4 159.5 158 154.8 152.2 147.1 139.7 134.4 127.9 112.7 109.2 102.1 98 98.6 101 100.4 116.5 136 149.8 154.9 151.5 148.1 143.4 142.2 137.1 131.3 125.2 116.9 108.5 108.3
190.3 188.7 183.4 171.2 164.6 156.8 157.2 165.6 175.5 182 183.2 180.6 176.2 170.8 166.1 155.1 140.9 118.5 110 123.5 142.4 155.3 160.8 162.9 165.1 165.2 164.8 163.9 163.5 159.7 150 139.1 134.3 143.8 156.1 165.1 170.3 171.2 171.1 163 160.3 156.2 156.5 160.4 162.2 158.7 158.8 156.9 155.4 154.2 153.7 151.3 145.6 141.2 136.6 133 125.3 114.7 98.2 95.4 95.6 96.2 100.1 114.1 130.7 146.1 148.2 144 139.2 135.5 133.4 128.6 124.3 119.7 115.4 108.7 107.1 108.4
186.7 184.8 175.5 166 159.7 151.1 155.8 166.5 172.1 180.1 180.6 179.1 175.5 171.5 165 154.4 141.2 122.4 105.7 119.1 135.2 150.3 154 156.6 158.4 158.3 158.9 157.3 154.7 150.4 139.1 126.4 127.4 142.1 154.3 161.4 166.5 165.8 164.9 161.4 156.2 149.5 148.1 154.9 154.8 152.3 152 152 150.1 149.5 147.1 143.2 140.7 136.9 133 129.3 122.4 104.8 93.8 106 117 121.6 125.1 134.4 140.9 143.8 138.7 130.5 124.4 122.3 118.5 113.8 111.8 107.9 105 106.4 109 112.9
183.1 180.9 170.8 164.3 156 146.7 155.3 163.7 169.5 177.9 178.7 177.9 175.2 171.3 165.8 156.8 143.1 126.5 104.5 113.8 128.3 142.4 147 150.5 150.7 148.5 148.2 147 143.1 140.3 131.1 114 127.2 144 154.2 158.1 160.8 160 159.6 158.6 153.7 142.8 143.2 152.2 152.5 145.8 143 146.3 144.8 141.9 136.6 138 136.8 133.5 128.6 124.7 117 102.3 96.6 115.4 128.5 137 140.9 144.1 140.4 134.9 127 115.4 110 108.6 104.8 103.2 100.7 100.1 105.6 113.8 120.1 124.5
179.7 177.2 167.2 161.5 152.3 144.9 151.9 162.6 167.3 175.3 176.8 176.6 174.1 171.2 167 157.9 146.2 130.7 109.3 109.4 117.4 125.7 134.2 143.7 142.9 137.7 130.7 127.8 125.3 127.4 124.2 111.3 126.8 142 150.7 154.4 155 154.6 152.8 153.5 150.7 133.6 136 148.6 149.5 141.7 134.5 140 136.9 132.2 125.1 134.5 134.1 130.1 126.2 121.1 111.2 97.5 102.9 123.1 132.1 138.5 139.7 136.1 130.9 121.7 111.5 100.1 98.9 97.3 96.6 97.7 102.9 111 120.2 126.9 132 134.8
175.9 173.7 164 159 150.2 142.1 148.8 159.4 164.6 172.4 174.5 174.3 172 169.3 164.1 158.1 147.9 137 120.5 101.2 109.7 113.5 121.9 132.2 131.2 123.9 117.2 115.1 114.5 115.9 114.2 106.3 121.4 133.8 142.3 146.9 147.8 147 144.9 146.3 145 126.6 127.8 138.7 138.5 132.4 121.6 123.5 120.6 115.3 112.2 119.7 128.8 127.4 123.8 117.2 103.6 92.6 107.8 125.1 128.8 129.4 127.3 121.1 111.3 99.9 96.6 93.7 100.2 100.3 104.4 113.5 125.1 130.7 134.5 138 142.4 146.5
172.7 168.5 161.4 156.8 147.6 133.5 143.7 157.7 162.4 168.3 171.3 171.3 169.4 166.7 160.8 155.3 148.2 141.8 128.4 112.3 97.8 106.5 113.6 121.6 119.9 114.2 108.8 106.9 107.9 109.2 107.9 103.3 116.5 123.6 130.2 135.8 140.1 141.2 141 139.9 137.4 121.5 114.1 119.7 121.1 117.4 108.2 100.1 91.4 91.7 91.2 98.3 110.5 117.4 119.6 112.5 99 95.1 108.9 118.7 121.2 119.4 110.3 101.3 96.3 93.7 99.9 107.1 109.9 113.3 119.6 128.3 136.1 142.6 146.7 150.9 155.6 158.3
169 163 158.2 151.4 139.4 124.4 141.4 152.5 159.5 166 169 168 166.2 162.7 156.9 152.1 147 143.6 134.6 124.9 113.3 92.6 103.8 112.2 106.4 99 94.3 95 103.3 107.3 100.6 106.6 116 118.9 120.2 122.5 127.2 134.8 135 128.3 122 109.8 102.6 97.3 96.4 94.3 97.8 91.6 90.6 93.2 94.8 90.8 91.3 95 97.7 97.7 92.9 92.8 98.7 107.8 108 100.5 93.4 92.6 96.7 104.2 111.1 113.3 117.1 123.8 130.9 138.3 145.6 151.4 156.6 167.2 174.1 172.4
