public/OST50/SO90.asc
ncols 200
nrows 200
xllcorner 390000
yllcorner 200000
cellsize 50
[rows 70 to 104 of 200, columns 0 to 77 of 200]
252.6 253 253 253.1 253 252.7 252.3 251.8 251.3 250.8 250.1 249.4 248.5 248 246.8 244.9 243.1 241.6 239.4 238.2 236.5 234.9 233.5 229.5 224.7 221.8 222.2 221.5 219.4 214.4 210.3 206.4 198.5 191.4 181 168.2 174.2 184.3 188 189.5 193.2 192.9 191.6 188.7 183.9 183.7 179.5 177.7 176.2 174.8 169.1 162 158.2 151.9 142.9 143.4 169.2 183.4 190.3 195.8 200.1 205.3 209.9 215.5 220.2 222.6 224.6 226.6 228.9 230.8 232 232.8 233.5 233.3 232.6 231.5 231 230.6
252.1 252.4 252.1 252.4 252.1 251.8 251.3 250.8 250.4 249.5 248.6 248 247.6 247.1 246.6 245.1 244.2 243.1 241.6 240.3 239.4 237.7 236.2 234.4 232.2 230.3 229.7 227.4 225.1 221.9 218.1 213.8 207.2 199.7 191.2 180.2 166.6 167.6 171.3 178.3 183.8 186.1 185.2 183.3 179.4 176 175.3 172.2 169.8 167.3 167.6 163.4 156.1 150.4 141.6 147.1 174 185.7 194 203.3 207.6 211.8 216 218.8 222.5 224.8 226.8 228.8 230.6 231.4 232.2 233 233.9 233.5 233 231.8 231 230.5
251.7 251.5 251.2 251.5 251.2 250.8 250.4 249.9 249.1 248 247.2 247 246.7 246.4 246.1 245.6 245 244.2 243.2 242.1 240.7 239 237.3 235.6 233.4 231.4 229.9 228 226 223.1 220 215.4 212.9 206.4 198.8 190.9 183.2 173.1 166.9 163.1 169.2 176.7 177.8 176 172.3 168.3 166 163.6 162.6 162.2 161.6 158.4 154.3 147.3 141.7 147.3 172.4 185.6 193.7 203.1 207.5 210.8 216.1 220.2 223.8 226.3 228.3 229.9 231.2 232.2 232.7 233.2 234.3 234 233.2 232.3 231.4 230.4
250.9 250.6 249.9 250.2 250 249.8 249.4 248.6 247.6 246.9 245.7 245.1 245 246.1 246.1 245.6 244.9 244 243.1 241.5 239.8 238.2 236.4 234.5 232.5 229.9 227.9 226 224.3 222.7 220.1 217 213.6 209.1 204 196.9 191.9 184.7 178.4 170.1 160.4 161.6 164.7 163.9 159.9 157.3 154.4 154 153.6 151.7 151.2 151.9 150.6 145.6 139 139.5 154.7 173.4 187.2 193.7 196.1 203.6 214.7 219.3 223.8 227.1 229.2 230.5 231.8 232.9 233.7 234.2 233.9 233.2 232.9 232 231.1 229.8
250 249.4 249.1 248.9 248.7 248.5 248.1 246 246.5 245.8 244.8 243.4 243.3 244.8 245.5 245.4 244.7 243.8 242.8 240.6 238.8 237.3 235.5 233.6 230.7 228.3 226 224 222.6 221.2 219.3 217.2 214.2 210.7 206.9 201.5 195.7 190.2 182.3 176.9 171.3 165.5 162.5 159.4 159.1 161.6 160.9 158.4 154.2 150.5 148.6 145.7 143.7 141.1 139.5 138.4 139 157.5 173.2 179 184.6 195.4 207.1 217.1 223.5 227.5 229.9 231.1 232.4 233.5 233.6 233.8 233.6 233.1 232.3 231.7 230.7 229.2
248.9 248.2 247.8 247.6 247.4 247.2 246.7 245.2 243.9 243.8 242.6 241.1 243.6 244.4 245.3 244.8 244.3 243.4 242.3 240 237.9 236.4 234.7 232 229.4 227 224.6 221.8 220.6 219.3 217.7 216.3 214 211.2 207.9 204.4 199.2 193.8 188 185.6 181.5 178.2 175.2 172.9 173.4 172.9 171.4 167.4 162.7 157.8 154.6 149.4 144.6 142.8 146 143.7 139.1 149.3 159.6 167.5 177.6 189.8 202.4 215.6 224.8 228.4 230.4 231.6 232.7 233.5 233.7 233.4 233 232.2 231.7 231.2 229.6 228.2
247.8 246.8 246.6 246.5 246.3 246.1 245.4 244.2 240.8 240.4 240.1 242.4 243.5 244.1 244.7 244.2 243.2 242.4 241.4 239.5 237.7 235.9 233.2 230.5 228.1 225.5 222.8 219.1 217.4 216.4 215.8 214.7 213.2 210.7 208.5 206.1 205.4 199.6 196 192.8 189.6 185.8 183.3 182.3 181.6 180.4 177.3 172.6 168.6 163.4 159.2 154.5 151.2 150.1 151.8 145 139.1 145.8 150.8 159.8 172.1 185.5 201.4 216.8 224.5 228 230.8 231.8 232.9 233.5 233.4 232.9 232.5 231.6 230.8 230.7 228.5 227.7
246.2 245.3 245.3 245.4 245.2 245 244.1 242.4 239.1 237.3 240.2 242.5 243.6 243.9 244 243.3 242.6 241.9 240.9 239.3 237.4 235.1 232 228.9 226.2 223.6 220.2 216.4 214 213.5 214.1 213.3 211.9 209.9 208 205.9 206 205.1 200.6 198.1 194.6 193.4 191.1 188.9 186.5 179.8 172.9 169.1 164.1 160.5 156.3 152.1 148.4 144.1 142.1 137.5 138.9 150.1 162.6 174.5 185 196 207.9 220 225.1 228.7 231 232.2 232.9 232.6 232 231.6 231.1 230.6 230.2 230.2 228.1 227.6
245.2 243.9 243.8 244.3 244.1 243.7 242.5 240.8 238.7 235.7 239.6 242.3 243.8 243.8 243.5 242.8 242.1 241.4 240.4 238.6 236.5 234.1 230.8 227.4 224.3 221.2 217.5 213.7 210.3 210.1 211.4 211.7 210.6 209.4 206 202.2 196.8 194.6 191.4 190.1 188.1 186.9 183.4 182 177.2 175 170.9 166.4 162.2 156.6 150.8 147.1 142 138.4 136.9 137.4 143.9 160.5 175.2 186.4 195.9 207.6 214.6 221.2 225.8 228.7 230.9 232.2 232.3 232.3 231.7 231.2 230.5 230.1 229.9 229.2 227.4 227.2
244.5 243.1 241.8 242.4 242.7 242.4 241.4 240.1 236.3 232.8 240.4 242.1 243.5 243.3 242.9 242.3 241.6 240.9 239.7 237.6 235.5 232.9 229.6 226.2 223.1 220 216.5 213.3 209.7 203.4 208.3 206.3 197.5 193.9 190.6 188.8 187.2 186.2 184.6 184.1 183.5 182.3 181 177.1 173.9 171.3 166.7 161.9 156.1 150.6 146.4 142.6 141.1 137.8 136.8 139.9 146.9 164.9 181.5 193.9 202.6 210.5 216.2 221.3 225.8 228.4 230.3 231.4 231.7 231.9 231.4 231.1 230.3 229.5 228.9 228.2 226.3 225.9
243.6 242.5 240.3 240 240.6 240.9 240.4 239.4 236 232.8 239.8 241.6 242.7 242.7 242.4 241.8 241.1 240.1 238.9 236.8 234.3 231.7 228.4 225.4 222.7 220.1 217.3 214 210.7 200.9 196.9 194.3 192.2 188.6 186.1 183.5 180.6 178.8 178 177.5 177 176.3 174.3 171 169.2 166.4 160.6 155.7 151.4 147.9 148.4 150.3 144.8 137.9 135.9 143.3 153.8 170.5 186.2 196 203.3 209.5 215.2 220.5 224.5 227.6 229.7 230.6 231.1 231.3 231.1 231 230.2 229.3 228.5 226.9 225.2 224.4
242.8 241.7 239.9 237.6 237.7 238.7 238.9 237.5 231.8 232.8 238.6 241.1 241.9 242.2 241.8 241.3 240.3 239.2 238 235.6 233.1 230.6 227.6 225 222.4 219.8 217.9 214.2 210.2 203.1 191 188.6 186.3 184.4 185.1 182.5 180.2 176.5 174.3 173.4 170.4 169.1 167.3 164.6 162.6 158.6 157.7 157.4 158.5 159 158.4 157.1 145.7 137.8 135.7 149.2 159.9 174.6 184.5 193.7 201.4 207.7 213.3 218.8 223.3 226.8 228.7 229.6 230.3 230.7 230.9 230.8 229.9 229.2 228.5 226.6 224.5 223.4
242 241.1 239.3 236.7 235.6 234.7 235.3 235.8 229.9 232.2 237.3 239.5 240.2 241 240.5 240.3 240 238.7 236.9 234.2 231.5 228.7 226.4 223.8 221.2 218.5 215.7 211.9 206.3 195.3 189.5 189.9 193.3 195.9 191.9 188.8 185.5 182.8 182.3 179.5 175.5 174.4 171.8 169.8 167.9 170.8 170.2 168.9 169.3 167 164.4 159.5 148.5 139.8 135.4 149.9 160.5 172.2 180.4 189.4 197.7 204.3 210.7 216.1 221.7 225 227.5 228.4 228.7 228.9 229.3 229.7 230 229 227.9 226.2 224.6 223.1
241.1 240.7 239.4 237.3 233.4 231 232.4 224.1 221.8 230.3 235.9 239.5 239.9 240.1 240 239.7 239.4 238 235.8 233.2 230.6 227.8 224.2 221.6 218.7 214.8 210.8 208.3 198.1 192.5 198.3 205.1 205.8 207.9 204.9 201.5 193.5 191.2 187.2 185.2 184.3 181.8 181 178.1 177.9 179 179.6 179.2 181.2 178 166.5 161 152.8 141.5 135.3 143.4 155.5 168 176.2 185 193.3 200.9 207.4 213.9 219.2 222.8 225.4 226.9 227 228.1 228.6 228.9 229.2 228.9 228.1 226.4 224.8 223.4
239.9 239.7 239.2 237.7 235.2 232.2 222.6 217.8 217.4 232.9 237.5 239.1 239.4 239.6 239.5 239.3 238.8 237.6 235.4 232.5 229.7 226.9 223.3 220 214.7 210.8 207.9 204.6 200.4 204.2 209 212 214.5 212.8 210.5 207.1 204.9 204.4 203 201.1 196.1 193.9 194.1 194.9 194.1 194 192 190.4 186.1 181.1 170.4 162.1 155.7 143.2 135.7 134.7 143.4 163.5 172 179 188.3 197.3 202.8 210.1 216.4 219.4 221.8 224.9 226.2 227.6 227.9 228.9 228.9 228.9 228 226.7 225.2 223.8
238.6 238.6 238.1 237.3 235.3 233.9 222.6 211.1 215.1 232.1 237.2 238.5 238.8 239 239 238.8 238.1 237.3 235.1 232.2 229.1 226.1 223.2 220.1 216.7 216.6 215.5 211.7 207 212 216.2 217.6 217.2 215.3 211.6 209.2 208.8 208.2 207.3 206.4 205.1 203.5 203.5 202.6 201.6 199.9 196.9 192.7 188.1 182.7 176.4 165.3 158.8 149.3 137.3 134.6 138.6 159 164.9 173.4 182.1 190.6 195.9 198.5 210.2 214.6 219.2 223.5 225.7 227 227.9 228.6 228.6 228.7 228 227 225.6 224.2
237.3 236.7 236.4 235.8 235.6 227.7 212.5 207.2 212.1 231.7 236.6 237.9 238.2 238.5 238.6 238.2 237.5 236.8 234.8 232.1 229.7 226.7 225.3 223.5 222.2 220.6 218.2 213.6 213.9 218.2 219.5 218.9 217.9 215.6 213 212.8 212.4 211.2 210.3 209.1 208 207.3 206.4 205.1 203.5 200.9 197.6 193.5 188.6 183.5 176.3 168.8 161.9 153.7 140.3 134.7 134.8 149.7 161 170 175.6 182 186.3 192.6 198.5 210.8 218.2 222.9 226.2 226.7 228.3 228.4 228.6 228.3 227.8 226.9 225.9 224.6
234.3 234 233.3 232.3 224.9 214.8 206.5 204 211.3 231.5 236.7 237.5 237.7 237.9 238.1 237.5 236.9 236.2 235.1 233.1 231 229.8 228.4 226.3 223.7 221.2 219 214.3 216.8 220.1 220.3 219.7 218.3 216.5 215.3 215.2 214.1 212.9 211.7 210.8 209.4 208 207.2 206 204 201.1 197.8 193.1 188.1 182.4 172.8 168.3 157 148.7 137.6 135.3 136.3 144.1 155.9 162.3 165.4 169.5 180.2 189.8 197.3 211 217.5 222.4 225.4 226.7 228.1 228.5 228.2 227.8 227.5 226.7 225.7 224.7
230.4 227.9 223.1 214.3 209.3 208.2 203.8 201.6 214 232.5 235.9 237 237.4 237.5 237.7 237.2 236.6 236.1 235.4 234 232.9 231.9 229.9 227.4 224.6 222.1 219.6 216.2 219 220.5 221 220.4 219 217.8 217.3 216.3 215 214 212.7 211.3 209.8 208.5 207.4 205.6 203.2 199.9 196.3 191.8 186.2 177.6 166.7 162.4 154.3 142.5 134.3 141.3 147.6 150.6 155.3 160.3 164.7 176.5 185.9 191.2 201 211.5 217.5 222.2 224.9 226.8 227.6 227.9 227.7 227.4 227.1 226.5 225.5 224.5
210.5 209.7 208.6 207.6 206.4 203 199.2 201 216.5 232.5 232.4 235.4 236.1 236.8 237.2 237 236.5 235.9 235.6 235.2 234.6 232.8 231 228.4 225.5 223 220.4 218 220.1 221.4 221.9 221.4 220.5 219.3 218.4 216.7 214.9 213.6 211.7 210.4 209.3 208.1 206.3 204.8 202.1 198.6 194.2 187.5 176.8 171.2 164.4 159.2 148.3 136.6 134 148.7 156.6 160.7 163.8 166.3 169.9 182.7 191.3 200.1 207.6 212.2 218.4 221.9 224 226.4 226.9 227.2 227.1 226.9 226.6 226.3 225.3 224.4
205.6 205.2 202.7 201.8 199.6 194.9 195.5 202.8 213.8 229.7 231.7 232.3 233.5 235.4 236.1 236.3 236.3 236.2 236 235.7 235.1 233.4 231.7 229.4 226.5 223.9 221.3 219.4 221.4 222.4 222.8 222 221.1 220.1 218.4 216 214.7 212.7 209.7 207.1 205.8 204.9 204 202.5 200 196.8 187 175.8 172 165.3 159.3 152.2 141.8 133.7 136 150.2 161.3 164.8 164.9 167.1 174.8 182.6 191.5 202.6 210.2 213.8 218.8 221.8 224.1 225.4 226.2 226.4 226.4 226.3 226.1 225.5 225.2 224.4
200.9 197.8 196 195.2 191.4 189.5 194.4 201.9 210.7 224.5 227.8 226.2 230.5 233.2 235.7 236.3 236.7 236.9 236.6 236.2 235.4 233.8 232.2 230.2 227.4 225.2 223.2 221.2 222.8 223.3 223.3 222.5 221.6 220.5 218.7 216.9 216.1 214.5 212.1 208.9 205.2 200.7 198.2 198.6 197.1 192 177.9 173.4 164.6 156.7 151.3 144.6 135.5 133.2 133.6 148.3 157.9 159.4 159.1 162.4 170.1 180.1 190.6 200.7 209.4 214.7 218.7 221 222.9 224.2 225.1 225.7 225.7 225.7 225.6 225.3 225 224.2
191.9 192.4 188.8 187 185.4 188.1 193.4 200.3 208.6 218.9 224.5 226.6 231 233.9 235.9 236.6 237 237.3 237.1 236.5 235.9 234.3 232.6 230.9 228.8 226.6 224.6 223.1 224.2 224.3 223.8 222.9 222.1 220.9 219.9 218.3 217.4 215.5 213 210 206.5 203.1 198.6 190.8 186.1 182 174.5 170.2 165.1 158.9 155.7 151.3 146.5 135.4 133.3 135.8 147.5 149 154.1 160.3 167.4 176.6 188.9 196.6 207.2 214.6 217.7 219 220 222.1 223.7 224.5 225.1 225.1 224.9 224.7 224.1 223.2
183.6 181 181.2 182.8 189.9 194.9 199.8 206 214.1 224.4 229.4 230.8 231.8 234.4 236 237.1 237.2 237.3 237.1 236.8 236.1 234.7 233 231 229.3 227.8 226 225.2 225 225.1 224.3 223.4 222.9 222.1 220.7 219.6 218.5 216.4 213.8 210.8 207.4 204.1 200.5 196.2 191.8 191.1 188.7 185.1 178 171.9 167 160 153.1 142.7 134.6 132 136.1 146.1 154.2 161.6 167.5 173.9 185.7 194.6 205.9 213.8 215.2 216 217.4 219.6 221.4 222.9 223.6 223.9 223.9 223.9 223.3 222.4
175.7 181.4 184.4 189.8 196.1 200.3 206.6 215.3 224.2 229.6 232.3 234.6 235.3 234.6 236.7 237.1 237.3 237.4 237.1 236.8 235.9 234.6 232.9 230.9 229.1 227.6 226.2 225.9 225.9 225.7 225 224.5 223.9 223.3 222 221 219.4 217.2 214.7 211.8 208.4 205.1 201.7 198.4 198.6 197.1 193.1 188.3 178 172.4 167.1 163.6 153.3 146.6 136.8 135.3 144.6 151.9 157.5 161.8 168.3 171.7 184.2 192 201.9 209 211.8 212.9 214.8 217.1 219.3 221.2 222 222.7 222.7 222.7 222.8 222.1
183.4 186.5 191.9 197.3 202.6 206.7 212.3 221 229.2 233.3 234.8 235.8 236.1 236.9 237 236.9 237.3 237.4 237.1 236.6 235.5 234.3 232.6 230.8 228.9 227.4 226.6 226.2 226.1 225.9 225.5 225.2 224.8 224.3 223.2 222 220.2 217.8 215 212.2 209.3 206.4 203.5 201.8 201 199 194.8 189.6 178.8 173.4 169.6 161.8 157.8 143.1 136.3 138.4 148.1 157.4 162.1 164.9 168.9 173.7 183.4 189.5 195.9 198.6 205.5 209.1 211.6 214.7 217.2 219.5 220.3 221.2 221.5 221.7 221.7 221.7
191.2 193.3 197.1 201.2 208.8 215.8 222 229 232.1 235 236 236.6 237.2 237.3 237.2 237 237.1 237.4 237 236.4 235.2 233.9 232.2 230.5 228.4 227.2 226 225.8 226 225.6 225.3 225 224.7 224.3 223.5 222.2 220.3 217.9 215.4 212.5 209.7 206.9 205.1 202.8 200.8 198.9 195.1 190.9 181.9 175.1 169.3 161.8 155.8 143.6 136.2 136.4 150.2 159.9 165.6 169.3 171.5 174.5 180.8 188.1 191.4 195.4 199.8 205.6 208.9 212.2 215.1 217.4 218.8 219.7 220.3 220.6 220.9 220.8
198 200.7 206.4 207.9 215.2 226.2 230.1 233.3 235.2 236.1 236.9 237.3 237.3 237.3 237.4 237.2 237.4 237.3 236.6 236 234.7 233.1 231.3 229.6 227.9 225.9 224.9 225.2 225.7 225.5 225.2 224.9 224.6 224.2 223.6 222.1 220.2 217.9 215.5 212.9 210.5 207.8 205.1 202.8 200.2 197.1 194.5 190.9 184.6 174.7 168.3 161.5 155.3 148.5 134.1 132.5 147.8 156.6 163.2 167.2 172.1 174.1 177.3 182.1 183.8 188 194.3 203.1 207.1 210.3 212.8 215.4 217.3 218.3 219.2 219.4 219.7 219.9
208.4 210.9 213.2 216.7 227.7 231.3 233.5 235.1 236.1 236.7 236.9 237 237.2 237.4 237.4 237.4 237.2 236.6 236 235.3 234 232 230.1 228.4 226.6 225.2 223.8 224.8 225.3 225.3 225.1 224.8 224.5 224 223.5 221.9 220 217.9 215.3 212.7 209.4 206.8 204.5 202.5 198.9 194.9 192.2 190.2 186.8 177.3 169.6 163.9 158.3 147.5 139.3 129.4 140.5 150.7 156.2 161.6 165.1 167.7 169.1 174.3 177.8 186.3 193.6 202.3 205.4 207.8 210.4 212.9 215.6 216.9 217.5 217.2 217.8 218.2
219.5 224.6 226.5 228.9 231.6 233.8 234.6 235.5 236.3 236.5 236.5 236.6 236.8 236.9 237.1 237 236.7 236 235.4 234.7 233 231 229 227.1 225.4 223.9 222.7 224.4 225 225 225 224.7 224.4 223.9 223.4 221.5 219.6 217.4 214.8 212.4 209.4 205.8 202.4 200.1 197.8 194 189.6 187.4 184.8 181 170.3 165.4 159.9 154.8 143.9 127.5 131.6 140.3 146.2 151.7 157.7 163.1 165.5 168.7 176.7 186.6 191.1 194.5 200 204.9 208 210.8 213.4 214.4 214.8 213.7 214.4 215.3
226 228.7 230.1 232.4 233.1 234 234.9 235.8 236 236.1 236.1 236.2 236.4 236.5 236.7 236.6 236.2 235.4 234.6 233.9 231.9 229.9 228 226 224.2 222.7 221.6 224.1 224.6 224.6 224.6 224.6 224.3 223.6 222.8 220.9 219 216.9 214.5 212.1 209.4 205.8 202.2 198.7 195.9 193.4 189.9 184.3 178.1 168.3 161.4 162.8 157.6 150.4 140.4 128.6 123.5 128.8 134 139.3 149.5 160.1 165.6 170.5 179.6 183 185.1 187.4 190.9 193.7 202 208.3 209.7 211 211.6 210 210.8 211.9
228.9 230.9 231.9 232.6 233.1 233.6 234.5 235.2 235.4 235.5 235.6 235.9 236.1 236.3 236.4 236.2 235.7 234.7 233.7 232.8 231 229 226.9 224.9 222.9 221.4 221.3 224.2 224.4 224.4 224.4 224.2 223.4 222.8 222.3 220.5 218.7 216.5 214.2 211.8 209.3 205.8 202.2 199.4 196.6 194.9 193.6 189 184.4 178.9 157.1 150.7 146.4 135.1 130.6 135.9 135.4 126.5 124 126.3 137.5 152.5 166.3 171 175 176.5 178.1 182 186.4 185.7 193 200.6 205.9 207.2 208 206.4 207.4 208.5
230 231.3 232 232.5 233 233.5 234.2 234.6 234.5 234.3 234.1 234.4 234.7 234.9 235.4 235.2 234.5 233.5 232.6 231.7 229.9 228 226.1 224 222 219.1 222.5 224.2 224.2 224.2 223.9 223.4 222.4 221.9 221.7 220 218.3 216 213.7 211.5 209.1 205.7 202.8 201.3 199.3 196.6 194.2 190.4 186.5 176.3 156.3 147.7 143.9 143.1 148.6 152.7 152 145.9 133.2 121.6 129 144.5 156.7 167.3 169.4 170.1 170.2 171.9 175.9 184.2 188.7 191 198.2 202.4 203.2 202.4 204.3 205.4
230.4 231.2 231.7 232.2 232.7 233.2 233.5 233.3 233.2 233 232.7 232.9 233.2 233.7 234.2 234.1 233.3 232.3 231.3 230.3 228.5 226.7 224.9 223.1 219.8 218.6 222.9 223.7 223.9 223.6 223.2 222.4 221.5 220.8 220.2 219.2 217.5 215.2 213.3 211 208.8 206.3 204.1 201.7 199.2 196.5 193.6 189.6 185.4 177.1 157.6 150.2 155.1 163.4 165.2 165.1 164 160.5 145.9 131.3 123.1 136.1 145.5 155.2 155.8 157.3 159.5 160.8 167 174.6 181.7 185.6 190.6 197.2 199.7 197.6 200.3 201.8
229.9 230.5 231 231.4 231.9 232.1 232.3 231.8 231.9 231.7 231.4 231.4 232 232.5 233.1 233.1 232.1 231.1 230.1 228.8 227 225.3 223.2 221 217.1 219.5 222.7 223.5 223.2 222.6 222.5 221.5 220.5 219.3 218.3 217.5 216.2 213.9 212.2 210.4 208.3 205.4 202.7 200.2 197.5 194.6 191.7 188.1 178.2 166.9 161.7 171.5 178 177.7 175.4 172.1 168.5 161.7 154.4 139.3 125.5 128.9 135.3 138.1 139.3 141.8 144.7 151.7 159.6 168 176.1 180.1 186.2 190.5 191.7 191.8 195.2 197.1
