public/OST50/SO91.asc
ncols 200
nrows 200
xllcorner 390000
yllcorner 210000
cellsize 50
[rows 70 to 104 of 200, columns 79 to 157 of 200]
225.9 223 220 220.1 220 218.2 215.8 214 215.5 216.6 216.3 217 215.9 215.1 210.7 208.6 211 214.6 216.2 217.9 219 221.6 222.2 222.9 224.7 226 228.5 230.3 231.3 231.8 231.9 234 232.7 231.8 231.8 232.4 232.4 231.9 231.7 231.7 231.9 230.5 230 228.1 226.4 226 222.5 220.1 217.2 214.4 210.7 207.7 205.3 202.7 195.1 196.6 201.5 203.9 206.3 208.7 212.2 217.2 222.6 229.8 237 242.9 244.9 246.2 249.5 253.4 255.1 258.7 260.5 264 269.5 273.3 275.3 276.1 276.7
229.1 227.1 224.6 223.8 222.3 219.8 217.3 215.8 217.1 218.1 219.7 219.9 218.7 217.3 213.6 210.7 209 209.1 212.7 214.1 215.5 217 217.6 218.3 219.4 221.4 223.7 224.2 224.8 224.9 225.9 227.3 227.8 227.8 227.5 228.1 227.8 228.2 227.5 227.9 227.8 227.1 226.7 225.2 225.7 224.8 220.3 217.5 215.3 212.2 209.3 206.9 204.2 201.3 189.9 200.4 204.2 206.5 209.1 212 215.7 220.7 228.4 234.7 240.8 247 252.2 254.7 255 255.4 256.1 258.3 259.1 261.4 267.4 271.9 275 275.7 276.4
233.8 231.7 229.3 226.3 224.7 222 218.5 218.2 219.8 222.8 223.4 222.7 221.8 219.2 216.6 214 209.8 209.5 208.7 209 211.5 213.5 214.3 214.3 214.8 216.6 219 219 219 218.9 221.6 223.1 223.8 223.6 221.2 221.9 222.1 223.2 223 223.3 222.6 222.6 223.3 221.5 221.8 220.5 217.8 214.8 212 209.3 206.9 205 203.4 196.9 192.9 202.5 206 208.8 211.5 215.2 218.9 224.3 231.3 238.2 243.6 250 256.1 260.8 261.1 261.1 261.4 261.8 261.9 263.5 265.3 270 272.8 274.8 275.5
241.2 238.9 234.8 232.1 228.4 224 219.5 219 224.6 226.9 227.6 226 224.4 221.9 217.9 216.6 215.8 212.2 208.7 204.5 206.7 209.7 211.1 211 211.5 213 213.9 214.6 214.8 214.6 217.3 219.4 219.1 218.9 216.7 216.4 217.8 218.8 218.4 217.3 217.8 218.3 218.9 217 217.2 216.2 214.6 212.3 209.9 207.5 205 203 200.4 192.7 195.6 203.3 206.3 209.2 212.7 216.3 220.7 227.6 234.2 240.7 246.5 251.7 256 260.4 261.1 261.1 263 265.6 266 265.7 266.6 269.8 271.3 272.7 274.1
248.7 246 242.8 238.3 233 226.8 220.8 221.7 228.6 232.5 232.9 231 228.4 224.1 221.2 219.8 217.9 214.6 212.6 209.6 205.4 204.3 207.8 207.8 208.5 209.9 210.6 210.7 211.1 210.8 213.4 215 215.1 215 215.4 212.4 213.9 214.6 213.7 212.6 213.3 214.4 214.3 212.6 212.3 212 209.7 209.8 208.1 205.7 203.5 201 197.1 189.4 197.8 202.8 206.4 209.7 213.4 217.2 222.2 229.2 235.8 242.3 247.4 252.1 254.5 256.8 258.5 259.1 260.6 261.9 263.3 265.6 266.5 267.6 269 269.7 271.1
255.3 252.1 247.9 246.1 237.9 229.2 223.1 225.2 233.4 238.2 238.8 237 234.7 229.2 225.9 222.5 219.6 217.8 216.3 213.6 210 204.3 204.1 205.4 205.7 206.4 206.2 206.2 206.7 206 208.4 210.7 210.9 210.8 211.7 209.4 210.6 211.4 210.2 208.7 209.4 209.8 209.7 208.8 207.9 207.4 206.9 206.9 205.5 204.4 202.5 199.9 193.5 189.8 200.6 205.3 208 211.1 214.3 218.1 223.7 230.2 236.5 241.2 245.3 248.1 250.9 253.1 254 254.1 255.8 256.2 258.6 261.5 262.6 264.7 265.6 266.3 268.2
261.2 257.9 252.7 248.8 241.9 230.7 224.2 229.9 237.3 242.7 245.3 245.4 242.6 237.1 232.4 226.7 222.3 220.4 216.6 212.6 209.5 204.3 204 203.1 199.8 200.5 199.8 199.2 199.4 199 201.4 203.7 205.7 208 207.9 205.4 206.3 208.3 207.5 205.5 207.5 207.5 207 205.5 204.6 204 204.5 203.9 202.5 202.3 201.6 198.8 189.1 197.9 202.2 206.3 209.3 212.4 216.1 219.1 225 230.2 235.9 240.2 242.6 245.1 247.1 248.1 248.1 248.7 249.8 250.7 252.9 256.9 258.5 260.7 261.9 263.4 265.3
264.7 261.6 257.3 251.7 243.7 230.4 227.5 235 244.7 250.3 253.9 254.6 251.8 246.5 238.2 231 225.9 221.7 217 213 208.6 208.4 205.9 205.5 204.5 203.9 202.8 204.4 204.7 202.9 198.9 198.9 195.2 197.7 197.6 195 195.1 196.7 202.2 202.1 204.8 204.2 204.3 203 201.3 200.9 200.5 200.4 199.9 199.5 198.8 195 189.4 199.5 203.6 205.8 208.2 210.5 216.3 219.9 224.2 229.6 234.8 238 240.2 242 242.6 242.9 242.4 242.8 244.3 244.9 246.2 250.3 255.1 257 258.5 260.5 262.2
267 264.3 259.4 253.5 244.6 231.2 233.8 245.1 254.7 259.5 262.5 263.9 262.7 256.1 246.9 236.6 230.2 225 219.7 216.5 213.1 212.1 209 210 209.6 208.6 207.6 209.1 208.8 206.9 205 204.1 202.1 198.4 198.4 196.9 197.2 194.5 189.4 190 197 199 201.4 201 199.2 197.7 198.3 198.3 197.1 197.2 196 188.5 190.2 197.8 200.3 202.5 205.2 208 213.1 217.3 221.8 226.5 231 232.9 235.4 237.5 237.5 236.9 236.1 236.9 237.6 237.4 238.9 245.2 249.8 253.1 255.5 257.1 258.7
269.3 265.9 260.6 254.5 244.5 233.9 240.8 252.8 259.1 266.1 270.3 271.7 269.6 265.4 255.4 245.6 236.8 230.2 224.7 220.1 217.7 215.9 214.4 214.5 213.8 212.1 210.6 211.9 210.9 208.7 207.5 206.9 206 203.9 205.6 203.4 202 201.5 198.5 193.8 189.3 188.9 189.4 191.9 193.1 194.7 193.1 195.5 194.6 195.7 191.6 185.5 190.8 195.3 197.5 199 201.3 202.8 206.7 210.8 214.8 220.2 223.8 224.9 228.6 232.1 232.1 230.5 229.4 230.4 229.6 228.4 235.6 241.4 242.9 249.7 252.7 253.3 254.9
270.9 268 263.2 256.7 245 238.3 245.4 254.9 262.1 270 275 276.1 275.7 271.8 265.9 255.9 246.1 237 230.7 225.9 223.7 221.6 220.7 219.9 218.4 216.6 215.5 214.9 213.5 212 210.5 208.9 207.6 207.2 207.1 206.1 204.8 203.3 201.7 198.8 190.9 195.1 190.5 189.1 186.9 184.7 184.3 188.7 190.3 191.5 188 184 189.6 192.6 194.6 195.8 197 198.8 201.2 203.1 206.2 209.3 212.5 213.6 220 224.5 224.5 223.3 220.4 222.8 219.8 222.6 228.6 229.6 241.3 247.7 247.9 249.8 253.3
272.3 270.4 265.5 258.3 245.4 247.8 256.2 262.9 267.7 272.2 276.1 276.4 276.6 274.7 271.1 266.1 257.6 249.1 241.5 235.2 230.8 228.4 226.9 225.6 223.3 221.8 220.5 218.3 216.7 215.4 214.2 212.1 210.4 209 208.4 207.7 206.5 205 202.8 200.6 198.4 197.7 195.3 189.7 191.3 190.2 187.4 184.4 184.4 186 185 184.5 187.9 190.9 191.8 190.7 192.1 193.9 195.6 197.6 198.7 200.3 201.9 205.3 210 214.3 215.5 214.7 212.3 212.9 210.9 212.2 215.4 220 234.7 238.9 239.6 248.8 252.1
272.4 270.8 266.9 259.3 247.1 261.9 268 270.2 272.5 274.9 276.9 278.1 278.1 276.6 274.5 270.1 265.6 260.1 252.7 247 241.4 236 233.1 230.6 228.3 226.8 224.6 222.6 220.2 218.7 217.4 215.6 213.5 211.8 210.3 209.2 208.2 206.4 204.5 202.8 201.7 198.2 196.3 195.2 195.6 194 191.7 189 186.1 184.5 184.3 185.5 188.1 189.2 188.8 187.5 188.6 189 190.1 192.8 194.5 194.4 194.4 198.2 199.6 201.7 203.2 204.2 204.5 206.9 210 211.9 214.3 215.6 218.2 224.6 239.1 246.9 248.8
272.3 269.2 266 259 258 265.6 271.9 275.1 275.6 276.1 277.7 278.4 278.7 278.3 277 273.6 270.1 266.5 262 256.8 251.6 246.3 242.7 238.7 235.5 232.9 230.6 227.6 224.3 222.5 220.1 218.7 216.6 214.8 212.8 211.8 210.2 208.5 206.4 204.8 202.8 201.4 200.1 198.4 197.2 195.5 192.8 190 187.7 184.4 184.7 185.9 187.5 186.5 184.9 184.7 188.3 190.3 190.2 192.6 195 195.5 196.6 199.4 200 200.6 202.3 203.6 205 207.1 210.8 217.7 223.6 225 224.5 223.7 229.2 239.1 243.2
273.3 271.1 268.4 263.4 265 269 272.4 274.6 274.7 276.2 277.8 278.6 278.8 278.6 277.6 276 273.6 271 267.6 263.3 260.4 256.2 252.5 248.6 245 240.7 237.9 233.9 230.3 226.6 223.9 221.7 219.5 217 215.3 214.3 212.5 210.9 208.7 206.1 204.2 203.2 202.2 200.6 199.4 196.9 194 191.5 189.1 186.3 183.7 184.9 185.2 184.2 184.2 187.3 190.6 192.1 193.2 195.2 197.4 199.4 201.2 203.1 204.9 205.6 207.4 208.7 210.6 212.2 213.8 217.7 225.2 233.1 236.5 236.5 236 236.6 239.1
274.5 272.7 269.9 269.7 271.4 273.9 274.3 274 274 275.9 276.9 277.5 277.3 276.9 276.8 276.1 275.4 273.2 270.8 268 265.6 263.3 261.4 258.3 254.7 250.7 245.6 240.5 236.2 232.5 228.8 225.3 222.3 219.6 218.6 216.7 214.9 213.1 210.8 208.4 206.2 205.2 203.2 200.8 200.4 197.9 194.8 192.1 189.4 186.7 184 181.8 182.8 184.9 187.1 189.3 191.9 193.7 195.3 197.4 199.9 201.9 203.8 205.6 207 208.4 211.6 214.7 216.9 218.7 221.3 226 231.3 238.9 246 247.4 247.6 245.9 246.6
275.2 274.5 272.6 272 273.6 274.3 274.3 274.1 276 275.9 276.3 275.8 275.6 275.3 276 275.9 274.8 273.7 272.3 271.2 268.9 266.9 265.4 263.7 261.7 256.4 251.1 244.9 239.7 234.8 231 227.7 225.3 223 220.8 219.1 217.3 215.1 213.2 210.8 208.5 206.7 204.3 201.8 199.8 197.4 194.9 191.7 189.4 187.1 184.2 180.2 182.7 185.7 188 189.7 192.5 195.1 196.5 198.2 200.9 203.5 205.9 207.5 209.2 212.4 216.2 219.4 222.1 225.2 228.7 234.6 240.4 248.9 254.8 257.4 257.9 256.9 256.1
276.2 275.8 275.6 275 275.3 276 276 275.6 275.8 276 275.8 274.9 274.5 274.4 275.1 273.8 272.7 272.7 272.4 271.5 270.4 268.3 266.3 265.8 260.8 255.2 249.3 243.4 237.5 233.3 230 226.8 225.1 222.5 221.4 220.9 218.8 216 214.5 212.3 210 207.5 205 202.4 199.6 196.8 193.7 190.8 188.2 185.9 183.7 179.7 181.7 185.9 188.7 190.6 193.4 195 197.7 199.1 201.8 205 206.7 209.1 211.5 214.9 218.8 222.8 227.3 230.7 236.3 242.7 250.6 259 263.7 267 269.1 268.5 267.2
277.3 277 276.6 276.1 276.2 276 276 275 275 275.7 274.9 274.1 274.1 273.7 273.3 272 270.8 271.3 271.2 271.1 269.1 265.9 263.1 258.9 254.3 249.6 243 238 231.7 226.6 219 212.4 211.6 214.7 217.8 220 219.1 216.7 215.4 213 210.1 207.6 205 202.1 198.8 195.3 191.8 189 186.5 185.2 183.5 179.1 179.7 185.7 188.8 192.2 194.6 195.8 198.2 200.5 203.1 205.4 206.9 209.2 213.8 217.5 221.8 226.8 231.9 237.6 242.7 249.8 259 266.7 271.1 275.6 276.5 276.7 277.2
278.6 279.1 278.8 277.3 276.3 276.1 275.7 274 275 273.8 274 273.4 273.4 273.4 271.7 270 269.2 269.3 269.3 268.1 264.8 260.2 255.2 251.2 245.8 239.1 232.3 225.8 219.6 211.5 205.5 202.3 200.7 200.5 207.5 213.4 215.1 216.1 214.7 211.9 208.8 206.7 203.9 200.6 197.3 193.5 189.8 186.9 184.2 184.2 181.6 179.4 179 185.4 189.1 192.5 195.1 196.7 199.2 200.4 203.3 205.7 207 209.4 214.1 219 224 229.9 235 241.8 248.3 256.2 266.6 273.8 278.4 281.7 282.1 282.6 282.6
279.7 279.6 279.7 278.7 276.6 275.6 274.3 274 274.8 273.3 272.2 272.3 272.1 271.6 270.4 269 267.4 268 267.5 264.6 260.6 252.4 244.6 239 231.7 225.4 219.3 212.1 206.6 204.5 204.2 205.9 205.2 199.9 197.9 202.9 209.7 212.1 211.8 210.1 207.6 205 202.2 199.1 195.6 191.8 188 184.8 184.1 184.3 183.4 181.4 179.3 184.1 189.8 192.8 194.9 196.8 198.4 200 202.5 204.1 207 209.9 214.5 219.4 224.7 231.4 237.5 243.5 252.2 263 272.8 278.6 281.8 283.2 285.1 285.7 285.9
279.5 279.6 279.4 279.2 277.3 276.2 276.4 274 274.9 272.8 270.2 270.2 270.4 269.5 269.5 268.2 266.2 263.6 264.4 261.8 253.9 245.7 235.7 226.4 219.4 211.8 208.8 209 208.8 212.1 216.9 219.1 214.7 208.4 201.2 200 199.8 206.3 207.6 207.3 205.1 202.4 199.4 196.6 193.1 189.9 187.6 186.4 187.3 187.5 185.4 182.7 179.2 182.7 188.1 190.2 191.5 194.1 195.8 199 202.2 204.8 208.1 210.9 215.8 220.5 226.4 232.8 238.9 246.3 258.1 268.2 275.8 279.3 281.7 282.5 283 285 284.8
279.8 277.3 277.5 277.6 278.2 278.4 277.7 276 274.9 272.7 270.1 268.4 267.4 267.2 267.8 267.7 262.6 252.8 258.6 254.4 247.8 238.3 227.9 219.2 209.3 209.6 211.5 214.8 218.7 224.7 227.4 227.2 223.9 218.9 212.2 202.7 196.9 196.5 199.6 201.7 201.5 198.9 196.3 193.1 189.2 189.3 189 190.8 191.5 190.4 187.9 184.8 179.5 181.4 186.3 185.9 189.5 193.9 195.5 198.6 201.9 204.7 208 211.8 216.1 221.9 228 233.9 240.2 248.5 261 269.8 275.1 278.3 280.7 281.4 281.9 281.9 281.6
270.9 266.3 268.2 274.5 276.4 277.3 276.9 275.7 276 273.6 271 267.8 262.8 259.7 259.8 258.4 254.8 244.2 246.3 247.3 241.5 231.9 222.9 214 214.1 219 223.3 226.5 231.2 236.1 235.7 233.8 229.4 223.8 218.2 207 201.1 197.2 194.4 193.9 194.5 194.4 191.1 190.2 189.4 191.1 194 195.6 194.6 191.8 188.8 185.4 179.5 179.3 184.3 185.4 188.8 193 196.1 198.6 202.5 206 208.7 212.2 216.7 222.2 228.6 234.9 241.6 251.3 261.3 270 274.6 277.8 279.8 280.8 280 279.8 280.6
260.7 259.2 258.9 260.6 263.2 265.9 269.1 272.3 271 270 269.2 266.9 264.1 254.6 248.1 245 241.8 236.6 235.9 239.1 232.8 226.5 218.5 214.7 222.5 227.5 234 239.8 242.8 244.4 243 238 234 227.3 217.2 213.3 212.4 208.7 204 199.5 195.6 194.7 194.8 195.4 196.7 199 200.6 198.2 194.9 192.1 188.8 184.3 179.6 179.7 185.2 189.6 192.2 195.5 196 199.8 203.1 206.3 208.8 213.2 218.1 223.4 229.4 236.2 243.1 254.5 263.5 270.2 274.3 276.5 276.3 276.5 277.9 279.4 280.1
271.5 263.5 254.4 251.2 251.2 253.8 257.6 259.9 261.8 262.2 262.2 261.2 262.6 261 253.9 244.6 236.3 230.4 226.9 228.6 225.2 218.4 214.6 220.1 229.6 238.8 243.5 247.3 250.1 251.3 249.7 243.5 237 227.6 220 223 221.6 218.4 213.7 208.8 207.2 204.3 203.3 204.1 204.7 204.4 203.2 199.9 195.5 192.3 188.5 183.9 178.8 182.2 189.3 190.2 192.7 195.3 197.5 200.3 203.5 206.6 209.7 214.2 218.9 225.1 230.9 238 244.9 256.9 263.9 269.9 272.5 273.8 273.5 275.9 275.6 276.2 276.5
277.6 273.1 262.2 256 250.4 248.9 246.5 248.7 251.2 253.5 253.2 254 255.3 255.4 253.1 245.2 238.5 231 224.5 219 215.4 217.4 223.7 229.2 238.1 246.7 250.5 252.9 253.8 254 251 245.4 238.4 230.9 231.3 230.5 229 225.9 221 217.2 215.9 214.3 212 212.4 211.3 209.4 205.8 200.9 196.5 192.5 189.1 184.9 179 184 191.1 191 193.5 195.1 197.3 200.1 202.8 206.2 210.2 214.9 219.9 226.8 232.6 239.6 247.6 257.7 263.5 267.3 268.9 269.8 270.4 271.2 271 272 272.6
280.3 277.6 271.4 266.2 260.6 256.5 251.7 245.9 242.9 239.2 237.5 235.5 236.7 237.2 235.4 230.4 226 223.7 220.2 220.9 224.1 230.6 237 243.3 248.5 252 254.6 256.7 256.7 254.8 251.8 247.4 241.4 240.7 239.7 237.5 234.7 232.1 228.5 226 224.1 222.6 221.2 220.4 218.2 214.5 207.6 201.9 197.1 192.9 189.5 185.8 180.1 180.6 185.9 188.2 190.3 194 196 199.2 202.7 206.4 210.7 215.1 221.5 227.9 235.2 242 250.2 258.2 261.9 264.2 265.4 266.2 267 267.2 267.4 268.1 268
281.6 279.7 276.1 274.5 272.1 265.5 259.5 253 249.7 245.9 245.5 241.2 235.5 231.2 227.6 225.1 225.6 225.4 227.6 230.3 236.9 243.7 250.3 254.5 256.3 257.4 257.8 258.7 257.4 255.8 252.5 248.4 246.6 246.7 246.4 245.1 241.4 237.7 235.3 234.3 232.8 230.5 228.2 226.9 223.4 218 209.4 202.9 197.9 193.5 189.6 186.1 180.9 178.9 185.1 188.2 191.5 193.7 196.6 200.3 203.8 207 211.4 216.5 222.9 228.6 236.7 243.8 251.5 256.5 258.4 260.4 260.8 262.6 262.8 263 263.2 263.5 263.3
281 280.9 279.7 278.6 276.3 272.9 268.1 263.5 257.5 253.9 252 249.5 243.9 235.9 231.2 235 235.1 235.5 238.4 242 248.3 253.2 258.5 261.4 262.3 262.8 261.7 261.1 259.1 257.2 253.3 251.4 250.9 249.4 248.6 247.2 245.5 243.9 242.2 240.2 240.6 236.9 233.1 231.2 226.8 219.9 211.5 204.2 197.8 193.2 189.1 186.8 182.7 178.8 184.7 192.1 194.5 196 198.8 201.5 204.7 208 211.9 217.4 223.2 229.2 237.3 244.7 251.1 255.2 255.4 256.8 258 259.5 259.8 259.7 259.6 259.2 258.6
280.9 281.3 280.4 280.2 278.9 276 273.7 270.2 266.8 262.9 258.5 254.8 246 235.4 238.9 244.7 245.6 244.5 248.4 253.2 257.3 261.4 264.8 266.3 267.8 267.6 266.3 263.8 261.7 259.7 254.7 252.4 251.5 250.8 248.7 247.9 247.4 246.3 245.3 243.9 241.9 240 236.7 233.1 228.3 223.1 214.3 206.1 199.2 194.2 190.8 187.6 180 178.8 188.5 193.1 195.8 198.2 200.4 202.6 206.2 209.4 212.7 218.4 224.2 229.6 237.4 244.2 247.7 250.4 252.3 253.2 254.7 256.9 257.4 258 258 256.5 255.5
282.9 283.6 282.2 280 278.3 274.3 272.3 269.2 265.7 263.6 260.2 255.5 244.3 240.6 244.4 250.9 255.6 256.5 258.9 261.3 264.9 267.6 269.7 270.8 271.1 270.9 269.8 267.5 264.7 261.7 256.7 253.6 250 249.2 248.1 247.5 246.4 245.8 245 244.3 242.3 240.9 236.4 232.7 229.6 223.5 215.4 207.6 200.7 195.3 192.3 188.3 180.8 179.5 189.5 193.4 196 198.6 201.2 203.6 207.4 211 214.4 219.1 224.4 229.6 236.1 242.1 245.5 247.8 248.7 250.1 252.3 254.4 255.2 255.6 255.8 253.8 250.9
285.9 285.4 285.4 283.2 279.8 276.1 273.5 270.8 267.4 264.7 262.7 256.5 245.6 247.8 257.5 260.8 262.2 263.3 265.8 268.6 270.9 272.3 274.3 274.5 274.3 273.1 271.4 269.2 267 263.6 259.4 255 249.8 245.8 244.9 245.9 244.3 243.7 243.8 242 238.6 235.3 231.8 229.5 225.7 220.8 215.2 208.6 202.1 196.9 193.5 188.6 178.8 179.9 188.9 193.3 196.1 198.9 201.4 204.3 208.1 212 216.4 220.2 224.2 230.1 234.4 238.9 243.4 245.6 245.2 248.4 250.8 251.6 252 251.8 251.4 249 243.9
288.1 287.2 287.1 285.9 283.1 280.5 277.3 274.2 271.9 271 268.7 264.5 249.8 256.9 265.2 267.8 268.2 269.4 270.6 272.1 273.3 274.8 276 275.8 275.9 275 272.4 270.5 268.4 264.6 260.9 253.3 248.9 243.4 240 240.9 240 238.1 238.1 234.1 228.2 224.3 220.8 218.4 217.2 215.6 211.1 206 200.9 196.4 193.2 188.9 178.6 178.6 188.4 191.4 194.2 197.9 201.3 204.4 208.1 212.1 216.3 220.4 223.4 228.7 232.6 237.1 241 241.5 240.8 245.6 248.3 248.5 248.7 247.8 246.1 242.5 235.5
290.1 288.9 287.7 286.4 285.4 282.9 280 276.4 274.1 271.2 268.2 263.3 260.2 260.8 269.4 272.4 273.2 274 274.7 275.4 276.1 276.9 277.5 276.6 276.2 275.5 273.2 271.3 268 263.6 258.6 250.8 244.1 238.4 233.6 230.2 227.8 225.2 222.1 217.8 213.7 208.6 203.4 201.8 201.7 203 204.2 201.6 197.9 194.2 191.1 188.6 179.4 176.2 187.1 190 193.4 196.9 200.2 203.9 207.3 210.5 214.5 217.9 222.1 227.4 231.9 234.6 237.6 236.9 237.5 242.2 244.5 244.4 244.6 243.4 240.1 232.8 230.5
