public/OST50/SO91.asc
ncols 200
nrows 200
xllcorner 390000
yllcorner 210000
cellsize 50
[rows 0 to 34 of 200, columns 79 to 157 of 200]
77.7 78 78.1 78.1 78.2 79.5 79.8 81.4 81.8 82.7 84 84.8 84.6 86.5 87.4 88.4 89.2 89 89.6 89.6 89.5 89 89.9 89.7 91 92.5 91.9 92.2 92.4 93.7 94.1 91.9 92.9 94.6 94.7 93.2 91.4 89.4 87.3 86.5 87.8 89.1 89.4 89.9 84.2 90.6 94.4 95.9 96 96.5 96.2 95.9 95.7 94.9 95.1 95.8 97.1 96.4 97.1 97.1 98.4 99.3 99.8 100.6 102.1 103.8 104.3 105 106.7 106.8 107.4 109.1 109 108.2 106.6 105.8 104.4 103.7 102.6
77.8 78.6 79.2 79 79.1 80 80.9 81.7 82.6 83.5 84.7 86.9 85.9 88.3 88.6 89.3 90.1 90.9 90.7 90.8 90.8 90.1 92 91.8 90.9 92.6 94 93.7 94.3 95.6 95.4 95.5 95.9 96.2 95.9 94.7 93 91 90 91 91 91.6 90.9 90.8 88.3 89.5 93.3 95.7 96.2 97.4 97.3 97 97 95.7 95.5 96.8 98.3 98.8 98.4 99.3 99.9 100.2 100.7 101.8 103.2 105 106.7 107.4 108.8 110.1 110.5 112.1 111.7 110.7 109 108.1 106.8 105.8 103.4
78.6 79.2 79.9 80.5 80.7 81.3 82.1 82.5 83.4 84.3 85.7 87.6 87.8 89.8 89.6 90.5 91.1 92.8 93.2 93.6 93.2 91.4 93.7 94.2 92.1 92.4 94.4 95.2 96 96.5 96.6 96.7 96.9 97.3 96.8 95.5 94.2 92.1 89.8 91 92.6 93.6 93.2 94.3 94.8 89.3 92.2 95.1 95.9 97 98.5 98.6 99.1 98.2 98 98.7 99.5 100.9 99.9 100.3 100.4 100.8 101.3 103.4 104.7 106.2 108.4 109.9 110.8 112.3 114.5 116.3 114.4 113.1 111.5 110.2 109 107.1 105
80.5 80.6 81.1 81.6 82.4 82.7 82.8 83.4 84.2 85.2 85.9 88.3 90.6 89.9 91.1 92.1 93.7 94.7 95 95.3 95 94.9 95.1 95.6 95.3 94.1 94.5 95.8 96.6 97.2 97.7 97.9 98.1 98.2 97.6 96.4 95.2 93.3 93.7 92.7 94 95.6 96.5 97.2 95.9 95.1 89 95.4 96.2 97 99.1 100.6 100.8 100.5 98.9 98.9 99.2 100.5 101.6 102.4 102.2 102.2 103.6 105.8 107.3 109.2 111 112.4 113.7 116.1 119.1 120.6 119 116.6 113.1 111.7 110.3 108 106.1
81.4 81.7 82.7 82.8 83.5 84.1 83.9 84.7 84.9 85.5 86.1 88.6 89.6 90.6 92.1 93.3 94.9 95.5 95.9 96.8 96.7 95.8 95.7 95.6 95.1 95.2 95.1 95.9 97 97.6 98.3 98.9 98.9 99.4 98.9 97.1 95.7 94 95.1 95.5 96.7 97.6 98.1 99.4 98.9 97.2 92 95 96.1 97.7 99.7 100.7 100.5 100.5 99.8 100 100.9 102.4 103.2 104.2 104.5 105.2 106.4 108.2 110.9 113.3 114.8 115.6 117.4 120.9 124 126.2 124.8 121.5 115.5 112.4 111.6 110 108.2
82.2 83.1 84.3 84.3 84.6 85.6 84.9 85.7 85.6 85.7 86.2 87.1 88.7 91 92.9 93.9 94.7 95.7 96.8 98.2 98.4 97.3 96 95.6 95.8 96.3 96.2 96.5 97.4 98.1 98.9 100.1 100 100.2 100.6 98.8 95.5 96.4 98.2 99 99.5 100 101.2 102.6 102.3 99 96.3 95.7 97 99.1 100.9 101.4 101.7 101.8 101.2 101.6 102.7 104.5 105.5 105.9 106.9 108.4 110.2 114.4 117.7 119.5 120.6 119.7 122.8 127.1 131.4 131.9 129.3 125 121.1 115.1 113.5 111.8 110.3
81.8 84.5 85.5 85.5 86.3 87.7 86.3 86.4 86.2 85.8 86.7 89 90 92.2 94.4 95.6 96.5 97.4 98.1 99.3 100 98.7 97.6 97.2 97.4 97.4 97.5 97.7 97.9 98.7 99.6 100.7 101.2 100.8 100.2 99.5 100 100 101 101.8 102.7 103.7 104.8 106 104.8 102.3 99 98.2 98.7 100.5 102.1 103 103.2 103.1 102.7 103.2 104.5 106.2 106.5 106.7 108.8 113.1 119 123.8 125.5 127.8 127.2 124 128.5 134.6 139.1 138.1 136.3 130.2 124.2 121.9 119.2 115.5 112.7
82.3 85.1 85.7 86.8 87.5 87.8 86.8 87.1 88.1 87.9 88.7 90.7 92.1 93.5 95.6 97.3 98.8 99.1 99.7 101.1 101.7 100.5 100 99.6 99.2 98.9 98.6 99.6 99.5 98.9 100.8 101.7 102.1 102.3 101.8 100.3 99.5 101.7 103.9 104.8 106.6 107.2 108.2 109 107.9 105.6 102.3 99.1 98.8 100.8 102.5 104.2 104.9 104.1 104.1 105.2 106.3 107.4 110.1 110.6 114.5 121.2 125.9 130.4 135 135.9 134.1 129.9 134.1 142.4 148.1 148.6 140.8 136.1 131.1 127.3 123.3 119.7 116.1
83 85.4 87.2 88 88.9 89.7 88.5 88.5 89.4 90 91.2 92.9 94.4 95.7 97 98.7 100.1 100.5 101.8 103.5 103.4 102.7 102.3 101.9 101.2 100.6 99.8 100.7 100.9 102.1 102.7 103.2 103.4 103.6 103.3 102.2 101.8 104 106 108 109.9 111.8 112.2 111.7 110.8 108 104.9 101.1 99.1 100.5 102.2 104.2 106 105.6 106.7 108.6 109.3 111.9 115.2 118.4 122.8 127.3 134.3 143.1 145.3 143.8 141.1 136.2 139 151 158.4 157.2 148.6 140 134.1 129.4 126.5 124 118.7
83.6 86.3 88.6 89.7 88.9 91.7 90.7 91.4 92.5 92.5 93.9 95.3 96.7 98.1 99.9 101.3 102.5 103.2 104 105.9 105.1 105.1 104.5 103.6 102.7 102.3 102 102.9 103.3 104.1 104.3 104.8 105.3 105.3 104.8 104.7 104.5 106.3 108 110.3 113.4 115.5 114.9 114.4 113.1 109.9 107 104.7 102.2 99.2 101.6 104.8 106 107.4 108.8 113.3 116.8 120.6 123.8 128 132.3 140.4 147.4 155.6 157.3 152.8 149.8 142.6 144.9 154.8 168.8 167.1 158.1 149.4 143 137 130.2 125.9 119.9
83.4 85.4 88.4 90.9 90.6 92 93 94 94.7 95.4 96.3 98.1 99.7 101.7 103.4 105.7 106.6 106.7 107.2 106.7 106.4 105.8 106.5 105.3 104.5 105 105.4 106 106.3 106.6 106.9 106.5 106.6 106.4 106.4 106.4 106.4 107.1 109.5 111.6 114.7 116.8 117.2 116.6 115.3 111.6 108.7 107 105.7 100.6 101.8 105.4 106.6 109.6 113.9 119.6 125.5 130.3 134.6 138.5 145 151.8 160.8 166.9 167.1 163.6 156.6 153.1 160.8 162.1 174.2 175.3 162.7 154.8 148.6 137.6 131.6 126.1 121.3
84.2 85.5 88.3 89.5 90.5 92.9 95.3 96.2 96.9 97.9 99.1 103.3 105.7 109 110.3 111.1 110.8 109.9 109 108.8 108.6 107.9 108.6 108.4 107.9 109.5 109.2 110.9 112.7 110.2 110.5 109.6 108.2 107.6 107.6 107.7 107.7 108.9 111 112.7 115.3 118.2 119.2 118.8 117.2 114.6 112 109.4 107 104.8 100.4 106 111 112.2 119.4 125.6 133.6 140.5 145.7 148.8 156.7 162.9 167.5 176.2 174.9 172.8 166.2 165.9 172.7 174.2 179.3 176.7 167.9 157.6 149.5 139.2 133.6 129.5 125.5
84.8 86 87.9 88.9 90.8 93.8 95.5 97.2 99.3 101.4 104.4 109.3 112.1 116.9 118 116.9 115.9 115.6 110.1 111.5 111.2 110.7 111 111.5 111.5 112.5 116.6 121.3 121.4 118.5 116.2 113.6 111.6 110.4 109.5 109.1 109.2 109.6 112.5 114.5 117.2 121 124.2 123.6 121.9 119 115.5 112.6 110.3 107.3 104.1 105.5 109.5 113.9 123.2 130.1 139.5 145.2 150.3 153.9 161.1 164.2 171 176.5 179.3 179.3 177.8 179.5 183.9 187.2 187.4 183 175.2 164.8 156.3 146.4 139.8 135.3 129.7
84.6 86.7 89.9 90.6 92.6 94.3 95.9 98.2 100.4 103.1 106.2 112.5 116.8 123.5 123.6 122 119.4 121.1 118.8 116 115.5 114.6 114.7 115.6 121.1 124.7 124.8 129.3 130.3 126.9 123 119.9 115.4 113.4 111.9 111.4 111.6 112.6 116.2 118 119 125.4 127.5 129.4 126.9 123.9 120.2 116.5 114 109.9 105.5 106 110.7 113.7 120.5 128 135.8 140 143.9 146.6 150.8 153.3 161.5 171.4 176.6 179.6 181.2 186.7 194.4 198.2 195.9 192 182.8 170.8 161.6 151.8 146.5 144 132.9
85.3 87.1 89.7 91.4 93.2 95 96.3 98.6 101 103.7 107.6 112 121.3 128.9 130.1 127 126.2 127.5 125 121.2 122 120.1 121.8 121.8 127.8 132.2 134.2 137 139.6 135.8 132.7 130.5 121.4 115.8 113.6 113.7 116 117.6 120.9 122.7 122.4 126.3 129.7 133.5 132.9 129.9 126.7 120.4 115.6 111.1 106.9 104.9 108.9 112 116.3 121.9 124.2 124.7 130 134.3 139.2 143.7 149 159.9 167.7 174.4 181.2 189.3 198.2 207.1 205.3 196.8 186.6 174.4 167.7 159 156.4 147.7 134.3
85.1 87.2 89.8 91.9 93.3 94.5 97.2 99 101.5 104.7 108.4 112.1 118.2 126.7 131.1 133.2 135.5 137.3 135.5 128.5 128.3 126.3 129.6 127.8 132.6 137.7 140.5 144.1 147.1 148.5 144.3 137.4 126.8 119 115.9 116.8 121.4 125.9 128.8 129.2 127.1 128.3 134.3 139.9 140.1 136.4 132.1 125.6 120.3 113.9 107.2 107 111 111.6 114.6 117 122.9 129.2 137 143.9 147.9 149.2 155.6 161.3 167 175.9 183.7 190 197.6 207.6 208.4 199 190.9 183 176.9 168.2 157.8 148.1 137.8
87.2 88.3 90.2 92.2 93.9 96 99.1 100.5 104.4 108.7 112 116.1 121.1 125.4 133.7 141.6 145.4 147 141 134.7 134.4 131.3 132.8 136.1 140.4 145.2 147.8 151 154.2 156.2 152.4 142 129.6 121.1 119 121.5 127.2 134.7 137.4 134 132.6 133 137.2 145.3 149.3 146.1 137.6 128.1 121.3 115.3 109.4 106.7 110.2 113.8 117.1 121.1 127.6 135 142 154.2 160.4 161.5 162.7 168.6 174.1 181.3 188.4 195.1 202.4 210.9 208.4 200.7 192.9 184.7 177.7 168.1 158.9 151.3 143
88.8 90.1 91.9 93.8 95.9 98.5 102 104.8 109.9 114.8 119.5 123.2 126.8 130.4 136.1 146.9 153.3 154.5 147.7 140.6 139.4 138.4 136.6 141.5 147.1 152 155.9 157.8 162.4 161.5 151.6 143.4 133.2 126.1 125 128.9 135.7 143.9 147.3 138.5 140.1 143.1 146.4 153.1 159.7 155 141.5 130 123.7 120 112.5 110.4 115.7 115.1 119.4 124.5 130.2 137.9 146.2 159.7 165.8 168 170 176.5 180.8 186.3 192.6 198.3 206.4 215.6 209.8 202.9 195 186.5 177.6 169.1 161.3 153.2 142
89.5 92 94.7 96.4 98.6 102.6 106.9 111.2 116.6 124.4 128.8 132.5 135.7 136.9 141.1 148.4 157.2 158.4 153 146 144.4 145.3 143.2 145.9 150.9 157 162.7 165.9 170.6 161.8 152.9 144.9 137.7 131.4 132.2 137.3 144.3 149.8 152.9 148.3 150.4 154.5 157.6 160.6 164.6 156.9 144.3 134.1 128.8 123 116 109.6 115.5 119.8 119.5 124.3 128.3 133.7 145.1 157.2 165.4 170.4 175.8 181.4 186.8 192.2 198.8 204.4 210.4 216.9 212.4 206.8 199.6 191.1 182.7 175 165.8 155.5 144.6
92.6 94.5 97.7 100.1 102.3 107.4 112.4 117 124.4 134.4 142.3 144.6 145.7 144.1 146.7 150.3 154.6 156.1 155.9 150.5 149.8 150 149.7 152.8 156.7 162.7 169.3 172.3 174.6 165.2 156.6 148.7 142.2 135.3 138 142 150 155.9 161.3 155.6 158.1 161.5 163.9 164.5 165 158.8 146.7 139.9 135.3 126.5 119.3 112.6 117.5 122.3 125 128.4 132.3 140.3 146.5 154.8 163.1 171.1 178.9 186 193.2 198.7 204.9 210.7 217.3 221.2 216.6 211 204.5 198.6 191 180.8 171.4 161.2 150
93.9 96.8 100.3 103.3 107.3 113.7 119 124 131.6 146.5 152.1 152.1 152.8 151.2 154.1 155.6 155.5 156.2 156.1 153.2 154.4 155 155.7 160 164.8 172.1 174.9 178 174.6 167.3 158.8 151.7 145.5 141.6 144.4 149.2 154.9 161.6 169 165.6 164.7 167.6 171.5 173.3 168.9 160.8 152.8 147.4 141.9 131.2 124.1 114.9 119.1 124.3 128.5 135.7 138.3 147.5 154.6 159.3 167 176.5 182.4 190.1 197.7 205.6 209.2 216.5 222.6 228.6 220.5 213 206.7 200.5 191.5 181.6 172.6 164.1 154.9
95.2 97.9 101.4 105.8 111.1 118.1 126.2 131.8 138.4 152.4 157.2 157.4 157 156.1 161.7 161.7 160.7 160.8 160 160.6 160.9 160.9 164.4 166 169.9 176 181.5 184 178.9 172.4 164.3 157.5 149.6 147.7 150 152.9 158.3 164.4 173.2 176 174.1 176.3 181.6 182.8 176.2 166.3 161.3 155.9 148.1 138.6 128.3 120.1 118.9 124.6 132.1 140.9 145.9 149.5 159.4 164.6 171.3 179.1 185.9 193 200.7 206.8 214.4 222.2 235.1 232.8 221.2 213.2 206.7 200.7 192.1 182 173.9 166.2 157.5
96.5 99 103.5 108.4 113.8 122 127.7 138.4 146.6 151.4 157.8 159.1 160.4 161.4 165.5 167.2 167.8 166.4 165.7 163.9 165.6 169.9 174.3 175 181.3 185.4 190.3 191.7 186.6 179 170.2 163.9 154.6 154.1 154.8 160.2 161.8 167 174.8 181.8 183.3 188.8 190.3 188.3 182.5 175.9 172.5 166.1 153.7 144.3 133.2 124.3 118.9 122.7 134 144 152.6 156.3 162.1 170.2 177.4 183.2 189.4 196.3 204 210.6 217.3 223.6 237.6 236.7 226 214.6 209.7 204.6 197.3 186.1 176.2 168.1 159
98.8 102.2 107.6 112.5 118.1 125.5 133.6 139.9 150.4 155 159.2 163.7 165.7 166.7 168.2 171.5 173.3 175.1 174.7 164.6 171.6 176.8 178.7 187.1 191.6 194.8 203.8 200.6 194.5 188.1 173.3 167.3 164.6 164.3 164.2 171 170.3 173 179 186.1 191.8 193.9 201.3 196.6 188.7 185.1 180.2 172.4 161.7 149.8 137.4 128.8 126.2 123.9 135.5 145 153.9 158.9 165.1 172.8 180.3 187 193.8 202.4 209.9 215.2 222.7 232.6 238.8 241 230.1 220.1 214.8 207.7 198 189.9 183.3 173.9 166.6
101.5 106.4 113.2 119.7 125.5 133.3 138.3 146.8 152.2 160.7 165.9 169.9 171.9 174.1 175.7 177.9 183.7 186.6 182.3 177.2 180.9 189.1 193.3 194.3 196.7 202.7 217.9 210.7 202.8 195.8 185.6 177.4 172.7 172.1 173.5 175.7 180.1 186.4 190.7 194.4 199.6 203.8 204.1 207.4 196.5 190.7 183.7 175.8 165.6 156.2 145.2 136.6 133.7 123.3 131.6 144.9 152.9 159.3 166.9 175.7 182.9 190.3 197.4 207 213.8 222.3 231.3 234.4 238.6 241.5 233.9 223.4 217.2 209.7 201.6 193.9 187 179.9 172.7
104.3 111.1 119.1 126.7 133.3 143.6 148.2 152.4 158.4 166.6 173.5 177.7 180.8 183.8 185.3 188.3 192.7 194 189.8 185.8 189.4 198.8 202 207.8 212.4 225.8 235.5 224.8 214.5 205.5 198.9 191.5 186.1 181.5 184.2 188.7 190.3 195.3 199 203.5 207.3 214.2 216 212.4 200.5 192.1 182.8 174.6 165 156.6 150.2 142.6 134.9 125.4 128.6 144 152.5 160 168.9 176.3 184.1 192.1 200.9 208.3 214.9 224.9 231.5 235.3 238.8 241.4 239.5 226.4 221 214.7 206.7 198.2 191 184.4 178.2
109.1 115.8 124.6 133 141.1 151 155.2 160.1 165.7 172.9 180.3 185.7 188.8 192.3 196.2 199.2 201.4 200.9 199.4 197.5 208 201.9 212.4 216.3 232.4 251.2 252.3 237.9 226.3 215.9 208.7 202.9 201.6 196.6 193.5 204.5 205.5 207 208.4 213.1 218.9 228.9 224.7 211 201.5 191.6 181.3 172.3 163.6 157.3 153.1 146.8 138.1 130.8 128.1 141.5 152.6 160.8 169.2 176.7 183.5 190.9 197.1 205.6 211.1 216.9 229.9 236.3 239.7 243.5 246 233.6 225.3 220.5 212.7 204.3 196.3 188.9 182.9
110.8 118.8 126.5 134.5 143.5 153.5 161.4 166.7 173.8 178.6 185.7 192.9 197.8 203 207.4 210.5 210.5 211.2 211.3 216.6 215.7 218.8 226.4 236.8 254 265.3 270 259.1 244.8 231.7 222.4 213.8 209.7 207 208.7 215.8 218.8 221.4 222.2 227.8 237.6 239.7 229.7 210.4 202.4 191.5 181 172.9 166.4 160.5 157.4 150.2 142.4 135.3 128.5 138.6 150.1 158.9 166.5 174.2 181.7 188.6 194 197.7 207.1 212.7 220.7 232.4 239.2 245 250.4 246.2 234.3 226.8 218.9 212.8 203.6 196.5 192.3
110.3 119.1 128.6 139.3 144.9 152.3 160.3 170.9 179.1 184.7 194.5 198.9 204 207.4 220.9 221.8 226 229.1 226.3 226 230.9 234.8 247 262.8 276.4 276.1 275.9 278.2 275 258.6 239.3 229.1 223.1 221.2 220.4 224.4 229.4 237.5 244.4 248.8 254.9 253.5 235.2 215 205.5 194.1 186 180.9 174.1 165.5 160.5 152.6 148.5 141.6 133.7 134.1 143.6 156.4 162.6 169.7 176.4 182.6 187.9 193.9 201.4 209.6 216.8 229.5 239 246 253.3 257.8 251.2 238.6 228.2 218.9 211.7 205.5 203.8
109.1 116.5 130.5 144.3 149.8 155.5 162.1 173.6 181.1 191.3 201 204.4 214.1 220.8 229.9 238.6 249 251 247.3 255.3 257.3 258 264.3 275.6 283.5 285.9 287.2 285.5 282 273.1 261 254.4 253.8 246.9 250.1 252.2 260.8 269.3 273.1 274.7 274.4 271 249.6 226.5 212.1 204.1 192.4 186.3 178.4 169 160.7 154.6 153 148.9 141.1 134 137.8 148.4 157.8 163.5 170.3 177.9 183.5 191.4 197 206.3 213.6 223.8 237.1 245.5 254.5 265.3 269.6 263.3 249.3 235 224.9 218.2 215.5
113.2 120.4 126.9 143.1 152.8 159.2 167.6 176.6 185.6 196.4 205.1 211.3 218.4 230.4 258.6 264.1 277.2 282 288.1 289.2 286.1 287.2 286.4 285.6 287.2 287.1 286.9 286.8 284.4 277.5 270.6 267.9 266.6 265.4 271.8 278.6 277.6 278.3 281.2 283.4 284 283.8 269.4 239.3 219.9 212.2 205.9 195 181.8 173 166.7 162.7 159.8 155.7 146.2 136.5 134.6 142.6 150.6 157.7 166.9 173.3 179.6 186.2 193.6 202.9 210.6 220.9 236.6 245.5 257.4 271.9 277.4 277.8 273.6 261.4 251.5 243.6 239.3
117.9 126 131.1 138.3 148.9 160.3 170.1 178.8 189.2 196.8 207.1 216.6 221.8 235.6 269 285.2 291.9 293.2 293.1 293.4 292.2 292.1 290.3 288.8 286.5 286 286.7 287.7 285.9 282.5 278.4 275.4 274 275.3 280.1 281.9 280.5 279.7 282.4 285.3 286.1 285.1 282.9 258.9 231.4 219.8 209.9 200.3 193.6 181.8 174.4 174.5 166.3 159.9 151.1 145.1 138.8 139.2 147.6 153.5 161.7 167.8 175.2 182.3 191.3 201.6 209.1 222.1 236.5 247.5 263 279.7 286 284.4 281.9 277.1 274.6 272.3 271
125.6 127.7 135.1 140.5 150.1 158.2 170.4 179.9 189.1 199 208.1 215 221.7 247 274.8 285.6 290 293 294.9 294 293.2 292.3 289.7 287.9 286.2 284.9 286.3 286.2 285.1 283.2 282.6 280.7 279.7 280 282 281.5 281.8 282.4 283.1 284.9 284.8 285.1 283.9 275.4 247.6 231 212.6 204.3 198.6 192.3 186.8 181.6 174.6 165.6 157.6 153.7 146.1 142.1 144.5 151.9 160.9 170.2 178.3 185.1 192.5 202 213.2 223.5 237.6 249.8 266.4 282.1 288.2 289.3 287.8 284.2 282.3 281.4 281.6
137.1 129.3 134.9 140.5 150.6 160.7 169.7 179.5 190.5 201.2 208.2 211.6 223.2 252.7 273.9 283 288.6 292.2 293.5 293.9 292.1 290.4 288.6 286.8 285 284.3 285.9 285.4 285.1 283.1 282.5 282.2 281.2 280.5 280.7 280.5 281 281.1 281.9 282.9 282.5 282.4 281.5 279.8 272.3 251.6 226.4 214.1 207.1 199.8 194.9 188.3 177.7 169.5 164.9 158.4 149.8 145.3 147 156.6 164.3 171.8 180.1 187.9 195.7 204.6 215 223.6 240.2 253.6 271 285.4 292.3 294.3 292.9 290.9 289.4 287.7 287.2
146.9 143.7 134.8 140.6 149.2 160.1 172.4 178.4 186.5 198.9 207.3 213.1 227.8 264 275.2 282 287.2 291.8 292.5 292 290.7 289.7 287.7 285.8 284 286 284.9 284 283.7 282.8 281.7 281 280.3 279.8 278.6 279.1 280.2 280.2 280.7 280.6 280.5 279.9 279.1 277.6 275.9 269.5 249.4 232.5 214.9 206 199.5 193.9 184.1 179 173 163.5 156.7 153.2 151.6 155.4 163.9 172.3 181.6 189.2 198.1 207.9 216.7 225.1 243.3 257.6 274.9 287.7 294 295.6 295 294.7 293.5 292.1 291.1
