public/OST50/SO98.asc
ncols 200
nrows 200
xllcorner 390000
yllcorner 280000
cellsize 50
[rows 36 to 71 of 200, columns 0 to 80 of 200]
111 110.1 110.3 111.3 111.5 111.5 111.6 110.9 111.2 111.5 112.8 113.1 114 114 113.9 113.5 113.2 111.6 110.2 107.9 107.4 109.2 110.5 110.1 109.7 114.4 119.7 123 125 126.3 128.8 131.4 133.1 136.4 140.6 141.9 142.3 142.4 142.9 144.3 147.3 147.1 147 148.1 149.8 150.6 151 150.3 147.6 146.3 146.1 138.5 138.5 138.5 138.8 138.8 139.6 141.6 139.6 137.8 136.6 135.5 135.7 134.1 131.7 131.5 134.9 138.1 139.3 141.5 145.3 151.5 161.1 172.2 180.5 184.8 184.4 180.6 179.7 180 179.4
112 111.7 112.5 112.5 111.7 110.3 109 109.1 109.7 111.5 112.6 113.2 113.5 112 111.5 111.4 110.9 109.7 107.8 107.1 107.3 107.7 108.6 109 111.3 116.1 119.6 122.7 125.6 128.2 129.6 132.1 135.2 137.5 139.9 141 142.2 142.1 142.4 143.5 145.5 145.4 146.7 147.4 147.6 148.7 148 147.6 145.4 142.9 139.8 137.4 136 135.4 135.9 137.9 139 139.3 137.8 137 134.8 134.3 134.8 133.9 128.4 130.5 135.4 138.5 139.6 141.1 146.7 153.6 163.9 176.6 185.4 189.1 187.2 183.1 181.1 181.2 180.9
114.1 113 112.8 112.3 111.3 110.1 108.9 108.8 109.2 111.3 111.8 112.2 112.7 110 107.5 106.9 107.4 106.9 106.6 106.8 107.1 107.4 108.3 109.5 114.3 117.9 120.7 124.5 127.8 130.4 131.7 134.8 136.5 138 139.7 140.4 141.6 142 142.3 143.3 144.9 146.2 147.4 147 147.3 148.7 149.3 144.6 146 145.5 140.6 137.1 135.3 136 136.5 135.5 136.9 135.4 135 133.6 132.5 133 132.8 127.7 127.9 128.1 133.7 138.1 139.6 143.1 150.1 158.7 169.1 180.5 185.3 186.6 185.2 182.7 180.2 180.3 178.2
114.8 113.1 112.3 111.7 111.2 110.9 109.5 108.7 109 111.4 111.4 110.2 110.1 106.2 104.4 104.2 105.6 106.3 106.5 107.1 107.1 107.3 108.4 110.5 115.4 118.8 122.8 126.5 128.9 131.7 133.7 135.2 137.1 138.9 138.6 139.9 139.2 140.9 143 143.5 144.2 147.6 144.2 144.8 149.9 145.1 144.7 145.3 144.7 143.7 140.1 137.6 135.3 137.7 138.2 137.5 136.2 134.9 134.1 131.7 129.6 129.9 131.3 126.5 127.3 127.4 133.3 138.3 141.2 147.6 155.7 164.2 172.4 178 176.4 176.4 180.3 179.8 175.9 178.2 176.4
115.2 114.3 113.4 112.8 112.3 111.6 111.2 109.7 109.1 110.8 110.3 109.2 108.7 106.7 104.9 104.6 105.5 106.6 106.3 107 107.4 107.3 108.4 110.5 117 119.5 122.1 125.2 126 126.5 128 132.3 135.2 135.7 135.4 137.2 139.8 141 142.5 143.9 144.9 145.8 143.5 142.9 143.1 143.9 143.1 142.8 142.9 140.4 138.2 137 135.9 138.7 137.6 135.6 133.6 132.5 132.5 130.6 127.4 126.6 126.2 125.8 126.3 126.8 133 139.5 145.8 153.9 161.3 167.2 172.4 171.3 168.1 171.6 174.9 176.3 174 175.2 173.3
115.7 114.6 113.3 112.7 112.1 111.8 110.9 109.7 109.5 109.5 109.8 109.1 109.1 107.5 105.3 105.8 105.2 107 106.6 107.1 109.1 109.1 110.7 111.2 116.4 118.1 120.3 123.2 123.5 124.3 126.3 130.5 132.6 133.9 135.8 139 141 142.2 143.1 144 145.5 144.1 142 142.3 142.6 141.8 141.9 141.8 140.5 136.4 136.4 136.1 138.1 138.2 136.9 132.5 130.8 131.1 130.5 127.8 126 126.1 125.7 125 125.1 127 133 139.6 147.5 156.7 162.4 167.1 169.3 163.6 163.7 166.1 167.8 169.5 173.5 172.5 172.5
116.4 115.1 113.2 112.7 112 111.5 110.6 109.9 109.3 109.4 109.7 109.7 109.6 108.6 107 106 105.3 106.2 109.6 109.3 112.7 115.2 116.8 116.6 116.5 116.9 119.1 120.7 122 125 127.3 130.4 134 136 138.4 140.8 142.3 143.1 143.1 139.8 144.9 142.8 141.1 141.8 141.6 140.8 140.3 141.6 136.8 138.4 138.6 139.4 141 140.1 141.9 136.1 126.8 127.4 128.2 126.9 124.6 124.8 124.8 123.2 116.8 122.8 131.6 137.3 142.2 148 153.9 158.1 160.9 162.3 162.7 162.9 160 156.5 160.5 165 168.6
115.2 113.6 112.3 111.9 111.7 111.4 110.4 110.1 109.3 108.8 109.1 108.7 108.4 108.5 108.5 106.6 105.4 106.6 109.4 113 116.1 118.3 121.1 120.3 118.7 117.5 118.2 119.6 122.4 125.3 128.3 132.6 135 136.3 138.8 141.9 139.4 142.8 144.2 145.2 144.9 143.5 142.7 141.5 140.3 137.2 135.4 135.2 139.4 143.3 143.1 142.9 141.5 140.9 142.9 134.9 123.6 124.4 124.7 124.2 124.3 124.3 123.9 122.6 116.5 118.7 128.8 135.7 138.1 140.8 145.6 152.7 156.8 161.7 162 158 153.2 141.5 145.2 151.2 160.5
114.3 111.2 111.2 110.5 110.8 110.2 109.9 109.5 108.1 106.8 106.7 108.2 107.9 107.7 109.1 108.6 108.1 109.5 111.2 115.2 118.7 121.2 122.7 122.4 121.8 120.4 119.6 120.2 122.4 126.2 130.3 134 136 135.6 139.1 137.5 143.3 144.1 145.2 145.5 144.4 143.9 141.9 140.9 138 135.7 138.9 140.7 143.2 142.9 143 143.1 142.6 142 143.1 128.6 122.1 123.3 123.4 122.7 122.4 124.2 123.9 122.5 116.5 116.2 126.9 132.7 133.6 135.8 140.5 145.9 148.8 154.7 157.7 153.6 150.7 145.3 141.3 140.9 154
111.7 109.8 108.9 108.4 108 107.7 107.5 107 106.5 106.5 101.4 106.8 107.3 107.1 107.5 109.1 109.5 111.3 114.1 116.9 119.7 121.9 123.3 124.2 124 123.7 121.4 122.6 123.3 125.6 130.3 134.2 135.1 138.4 141.3 142.5 143.9 144.9 144.9 145.4 144.4 143.4 141.1 137.9 134.9 136.3 139.2 140.8 143.1 143 143 143.1 141.4 138.8 138.4 124.1 120.9 122.1 122.9 123.1 122.4 124.1 124.2 122.6 116.9 116.6 121.8 125.5 127.3 128.9 133.3 138.6 143.9 149.9 152.2 148 147.1 147.1 142 141.1 156.3
109.5 106.7 104.2 105.4 102.6 102.3 104.9 105.4 105.1 105.7 105.7 105.2 106.8 107.4 108.2 109.1 110.8 114.2 117.9 117.8 120 122 122.9 124.4 125.2 125.1 122.7 124 125.5 127.4 130.5 134.1 134.4 139.5 141.9 143.2 144.6 143.7 144 145 144.5 142.8 141.7 138.3 135.8 135.8 137 138.8 142.8 142.9 143 139.7 132.5 125.5 123.4 121.2 120.1 121.1 122.9 123.5 122.9 124.1 124.3 121.9 117.3 116.4 119.8 122.6 124.5 127 129.8 134.6 138.4 141.9 144.7 144.6 143.5 148.1 150.1 153.7 162.1
107.8 105.7 104 103.6 102.5 100.7 101.1 104.2 104.8 105 106.1 106.9 107.7 108.3 108.8 110.9 113.1 114.5 118 119.3 120.5 122.3 124.5 124.2 123.8 124.1 123.3 123.9 125.7 128.1 132.2 136.1 138.6 140 142.5 143.8 144.8 143.5 144.2 144.9 144.7 142.9 141.7 140 135.7 135.6 136.3 138.9 141.9 143.1 142.4 135 124.1 121.3 120.2 119.6 119.8 122 123.4 124.1 123.9 124.5 124.5 122.6 118.5 116.3 118.3 121.2 123.7 125 127.7 132.5 138 139.3 139 141.6 143.6 148.4 153.3 159.9 165.2
106.3 104.9 102.6 100.9 102 101 97.4 101.2 103.3 105 108.4 109.2 109.5 110.1 110.5 113.5 115.5 115.6 118 120.1 122.6 124.8 125.9 124.4 123.5 123 123.5 123.6 124.3 126.8 130.6 133.1 139.8 141.7 144.4 145.2 144.9 144.2 143.6 144.6 144.9 143.3 142.2 141 136.6 134.9 136.2 139 140 137.8 135.1 129.7 124.3 120.6 118.6 120 121.2 123 124.7 124.2 124.3 124.7 125.1 124.1 119.9 115.2 117.4 119.8 121.6 123.3 126.1 131.3 137 138.1 138.5 138.5 142 147.8 154.7 162.7 169.1
104.4 102.3 98.8 96.4 98.1 97.5 95.6 98.3 101.9 105.6 109.2 109.5 109.6 109.7 112.5 114 116.7 116.1 113.8 119.7 123.4 125 124.3 123.7 122.7 123.4 122.9 124.4 124.9 127 130 135.6 140.1 144.1 145.4 146.1 145.2 145.2 145.7 144.6 144.9 144.4 142 140.9 137.9 134.9 135.3 136.2 136.3 128.8 128.2 125.8 122.7 119.4 116.7 119.4 120.4 123.7 124.6 125.3 124.8 124.6 125.1 124.6 119.7 113.1 115.1 117.1 120 122.8 125.3 132.3 137 138.5 138.5 138.5 138.2 146.8 153.7 163 167
102.2 99 95.7 92.7 92 89.3 90.1 95.9 103 108.4 109.7 109.3 109.3 110.6 113 116.2 116.2 115.1 114.4 117.8 123.8 123.1 122.8 122.5 121.8 122 123.1 124.8 126.4 127.4 129.8 134 138.8 143.3 147.1 146.9 146.4 146.2 145.8 145 144.4 144.6 142.7 142.1 140.4 138.2 134.2 134.3 134.4 128.8 127.1 125.1 122.3 119.1 117.2 118.2 120.3 123.1 124.8 125.5 125.2 125.5 124.4 121.8 117.3 111.8 113.3 116.3 118.5 121.9 126.7 134.4 138.5 138.5 138.5 138.5 138.7 147.5 154.6 162 162
95.1 93.8 91.8 89.9 86.5 87.1 88 97.9 105.4 108.9 109.5 109.4 110.3 110.6 113.1 113.9 113.9 113.2 113.7 115.2 121.2 119.7 120.2 120.7 121.5 122.7 124 125.9 127.1 127.5 127.9 132.6 135.1 141.1 145 147 146.5 146.2 145.6 144.9 144.9 144.6 143.8 143.7 141.5 140.6 136.2 135 131.6 126.1 123.6 122.7 121.1 119.7 118.2 119.3 121.2 123.6 124.5 125.5 126.1 125.9 124 120 114.9 110.9 111.9 113.8 118.3 124.3 130.4 137.3 138.5 138.5 138.5 138.5 138.4 150.5 156.2 160.4 156.4
89.7 88.2 85.7 84.5 86.5 88 93.3 105 108.6 109.4 109.4 110.2 111.7 112.4 112.8 111.4 110.8 111.7 112.7 113.9 116.1 117.8 119.1 120.8 122.3 123.1 124.2 124.6 124.9 129.5 128.8 131.7 134.4 138.6 142.2 145.9 147.7 147.7 146.6 147 146.4 147.8 147 146.3 144.9 141.5 135.1 132.4 123.9 122.9 122.1 121.5 120.9 120.4 119.4 120.1 122.1 123.2 124.1 124.8 125.5 126.8 125.1 119.9 114.7 110.9 110.8 112.5 117 123.6 130.9 138.5 138.5 138.5 138.5 138.5 139.2 150.2 157.4 161.2 154.5
82.6 81 82.6 83.6 89.2 93.6 101.9 107 108.9 109.2 110.1 112.3 112.8 112.2 110.9 108.4 108.1 108.7 110.2 113.4 114.2 116.3 118.5 120.1 122.1 123.3 123.4 123 123.4 127.1 129 131.5 134 138.2 141.7 145.6 148.7 149.1 149.2 149.5 149.3 148.4 147.6 147.6 144.7 138.4 134.2 125.4 123.1 122.6 122 121.3 120.7 120.1 119.7 119.4 121.4 122.2 122.7 123.2 125.2 127.4 126.3 122 116.1 112.6 111 112 113.1 118.5 126.1 134.1 138.6 138.5 138.5 138.5 138.7 147.6 154.5 153.6 142.7
80.5 81.9 85.1 89.6 92.7 97.7 107 108.4 109 109.3 110.3 111 110.2 109.5 107.3 105 105.8 107.4 108.9 113.4 114 114.7 116.4 118.5 120.3 123.3 122.8 121.4 121.7 127.4 128.4 131.8 135.2 138.1 141 143.5 148.2 150.4 151.1 150.3 150.3 150.1 149.1 146.7 140.3 135.7 128.7 123.8 123.1 122.6 121.8 121.1 120.5 119.9 119.3 118.9 120 119.2 120.3 122.2 124.2 125.8 126.5 123.1 117.4 113.7 110.6 113.2 113.6 113.3 122.9 130.7 135 136.5 138.5 138.5 138.8 141.9 145.1 144.9 140.3
83.7 87.6 92 95.3 96.2 99.3 105.3 106.3 108.1 109.4 108.5 107.8 107.2 105.7 104.1 104.1 104.3 107.5 111.4 113.9 114 115.7 117.4 116.1 118.1 122.4 123 120.6 127.5 128 129.1 131.8 135.9 138.9 141.9 144.3 148.1 151.1 152.2 152 151.6 151.9 149.5 145.8 139 133.8 125.9 123.6 123.1 122.3 121.6 120.9 120.3 119.7 119.1 118.5 117.7 116.4 116.4 118.4 121.8 123.4 126.1 123.3 117.9 114.5 109.5 116.4 123.9 123.4 123.7 125.1 127.4 129.9 133 135.4 136.8 136.9 136.9 135.6 135.3
88.9 91 95.6 98.3 100.3 103.3 105.4 106.7 108.4 108.7 107.1 105.4 102.9 103.1 102.5 101.8 104.1 108.3 111.8 113.4 113.8 114.4 117.7 118.5 120.8 122 124.1 125.1 128.2 129.1 130.7 132.4 134.9 140.3 142.8 145.2 149.2 151.1 151.9 152.5 152.6 152.1 149.4 144.9 137.2 131.2 124.5 123.6 122.8 122 121.4 120.8 120.1 119.5 118.9 118.2 117.1 113.2 113.6 117 119.1 122.9 125.6 123 118.1 113.8 109.7 118 127.5 123 120.3 119.3 119.2 120.4 123.6 128.6 130.8 131.2 130.6 128.8 128.3
90.1 92.8 97.8 99.1 99.5 103 104.6 105.5 107.9 107.9 105.4 102.2 99.8 100.4 101.6 103.1 107.9 109.8 111.6 112.9 114.2 115.5 117.5 120.1 124 125.3 125.3 127.6 130 130.7 132.4 134.1 136.3 139.5 143.6 146.3 149.4 150.5 151.7 152.3 152.4 151 150.5 144.2 137.6 134.6 124 123.3 122.5 121.8 121.2 120.6 119.9 118.8 118.1 117.5 116.5 110.3 110.6 115.4 119 122.5 124.1 120.1 116.3 111.5 108.9 118.4 125.7 118 112.8 107.2 106.7 102.8 111.1 121.4 124.4 125 124.6 123.9 122.9
95.5 96.8 99.9 101.7 102.3 102.8 104.3 105 106 105.4 103.2 99.9 97.6 96.9 100.6 104.2 108.3 110.1 109.6 112.6 113.4 114.6 117.9 120.8 123.9 126.5 129.1 129.5 132 132.8 134.8 135.6 137.6 140.8 142.8 146.6 149.6 150.5 149.9 150.4 151.2 150.5 149.4 145 137.4 136 131 122.8 122.3 121.6 120.5 119.5 118.8 118.1 117.5 116.9 116.4 109.2 109.8 112.1 116.5 119.7 120 115.6 113.1 108.7 106.2 113.7 115.8 109.7 100.5 98.1 96.9 97.1 109.5 117.3 119.5 119.3 118.4 118.6 117.3
95.7 97.2 101.4 102 101.8 102.6 102.9 101.4 102.1 101.5 99.4 96.8 94.8 97.1 100.6 104.5 107.5 107.9 108.7 110.7 113.3 114.5 116.9 118.8 122.1 126.1 124.7 128.8 132.3 134.3 136 137.8 139.7 141.6 146.1 147.7 150.3 150.7 150.2 150.6 150.3 149.7 146.9 146.7 139 135.9 130.2 122.2 121.1 120.1 119.4 118.7 118.1 117.5 116.9 116.3 117.1 108.5 106.9 108.5 113.4 116 115.4 113.5 110.4 104.7 103.5 108.9 110.8 101.2 101.8 104.4 105.6 108.1 112.2 115.1 114.5 113.5 113.7 113.2 113.5
96 98.4 99.9 100.9 100.4 100.4 100.8 99.1 97.9 97.2 95.3 92.6 93.4 97.9 101.4 105.1 106.8 106.5 107.9 108.8 112.3 113.6 115.8 119.3 122.2 123.9 124.7 126.5 132.2 135.3 136.3 140.5 144.4 146.9 150 151.1 151.5 151.6 151.3 152 149.4 148.7 145 141.2 135.5 134.9 123.4 122.9 120.2 119.5 119.1 118.5 117.9 117.4 116.8 116.6 117.5 109.8 107.6 106.6 109.1 111.5 111.1 110.4 108.4 103.7 102.8 107.4 110.4 105.8 106.8 108.7 110.6 111.5 111.8 111.6 110.5 110 110.2 110.1 110.2
97.2 98.4 99 99.7 97.8 96.9 96.6 94.5 92.6 92.3 90.8 90.7 93.7 98.4 101.6 104 105.5 106.7 107.6 108.8 111.1 113.3 114.2 120.6 121.6 123.3 127 128.4 133.5 137 141.4 145.7 149.5 151.1 152.9 152.6 152.8 153 152.1 150.2 146.9 141.8 137.9 135.9 135.4 123.6 123 122.8 120.5 119.1 118.6 118.2 117.7 117.3 116.7 116.8 116.9 110.5 110.4 107 106.5 106.3 107.6 107 105.3 102.2 103.4 105.3 107.3 107.8 108.5 109.4 109.7 109 109.3 108.9 107.4 107.2 108.5 108.7 108.2
97 98.3 98.8 98.5 98.5 95.8 93.9 91 88.8 88.1 88.5 89.6 93.7 97 98.8 101.3 105.4 107.2 108 108.9 110.9 113.2 116.5 120.8 122 124.6 128.4 132.2 137 141.9 146.9 152.2 155.4 154.4 154.8 153.8 153.2 152.8 150.6 146.9 140.6 137.3 135.1 135.4 135.4 123.7 123 122.6 120.7 119 118.2 117.7 117.2 116.8 116.4 116.6 115.7 112.4 111.8 108.9 106.7 105.5 102.7 102.7 100.5 99.7 102.3 103.6 104 104.7 104.9 107.4 107.6 106.1 105.4 104.8 104.9 105.3 106.3 107 107.4
96.8 97.6 97 94.4 91.8 91.9 91.8 89 87.4 86.7 87.7 88.9 91.9 94 96.1 102.2 106.9 108.4 108.5 108.8 110.6 113.2 119.6 120.9 122.6 125.1 128.9 134.3 142.2 146.8 150.5 158 159.1 156.5 155.1 153.5 151.9 148.2 146.7 143 138 135.6 134.5 134.8 131.5 126.1 122.7 122.3 121 119.2 117.7 117.2 116.8 116.6 116.5 116.5 116.9 114.3 113.3 112.3 110.7 106.5 103.2 102.7 102.5 101.2 99.2 98.6 96.3 99.8 103.1 103.4 104.4 103.3 101.3 101.2 103.3 104.6 105.1 107.6 106.8
95.8 95.6 94 85.6 83.4 86.4 87.6 85.7 84.6 86.5 89 90.1 94.1 100.6 104.3 105.7 108.5 109 111 111.7 113 116.8 119.9 121.1 123.1 126.7 132 135.8 144.1 148.9 151.2 154 155 152.1 152.1 151.5 148.9 147 145.4 142.8 137.4 134.8 134.5 134.7 131.7 127.4 124.5 123.2 121.8 119.4 117.2 116.9 116.7 116.5 116.5 116.5 118.1 116.8 116.3 115.3 113.5 108.7 107 108.4 106.7 105 102.6 99.6 97.8 96.6 100.4 102.3 102.9 101.5 99.9 100.8 102.6 104.4 106.8 108.2 105.8
93.3 93.2 89.5 86.3 83 82.6 83.1 83.2 86 89 90.7 91.7 95.8 101.7 104.8 107.1 109.9 109.7 112.2 112.7 115.8 118.7 119.9 130.2 133.8 133.5 134 137.4 143.5 146.2 146.8 147.6 145.8 142.3 144.1 147 146.4 144.5 142.1 139.6 135.5 135.3 135 133.5 131.2 123.2 123.2 123.2 123.3 123.1 117.8 116.8 116.5 116.6 117.4 116.9 118.9 119.4 119.9 120 116.1 111.4 109.9 111.7 109.9 109.2 108.4 105.2 99.9 96.2 95 98.1 99.7 96.7 100.7 102.7 104.4 106.4 107.7 106.8 104.4
90.4 90.5 85.5 82.6 82.3 81.1 81.8 84.3 88 90.9 91.8 93.2 95.4 99.6 104.8 108.1 111.8 112.6 113.7 115 117.7 118.7 133.1 134 133.9 134.2 134.9 138.6 141.4 141.2 139.8 138.1 135.4 133.6 137.6 141 140.3 138 137.1 134.1 131.2 133.4 134.8 134.3 133.8 127.9 123 123.2 123.3 123.3 122.7 118.7 118 117.1 116.8 116.7 120.9 122.3 124.1 123.7 120.4 114.5 113.2 114.9 113.3 113.9 112.8 108.6 102.3 99.4 93.9 92.8 97 93.6 100.5 103.9 106.9 108 107.3 104.6 103.6
87.3 85.9 82.7 80.8 79.8 80.5 82.2 86.4 89.5 91.6 93.3 94.4 97.2 102.1 106.5 108.1 113.4 115.6 116.4 117.3 117.9 130 134.1 133.9 134 133.8 133.7 136.6 137.4 136.3 132.7 130.8 129.4 131.2 135.9 134.6 133.4 131.9 127.4 128.2 131 132.2 135.3 136.2 136.5 134.1 128 123.4 123.5 123.5 123.4 121.7 120.7 117.6 116.5 117.5 123.3 125.9 128.4 129.1 124.3 117.5 116.9 117.8 117.5 117.1 114.7 109.9 105.8 101.5 94.7 90.1 91.8 96.2 100.1 103.1 106 106.9 105.4 103.2 102.7
85.3 83.7 80.8 79.4 78.9 79.4 83.9 86.1 89.5 92.1 95.1 97 101.9 107.7 109.8 109.3 113.5 116.3 119.6 117.1 125.9 130.6 134.3 134.3 134.5 133.5 133.9 131.6 131.6 131.2 127.1 126.2 125.5 131.5 133.8 131.2 127.4 125 124.9 128.6 130 132.5 135.2 137.7 137.6 136.7 134.4 127.5 123.3 123.1 123.3 123.4 122.1 122.2 121.7 124 126.3 129.4 133.3 133.7 131 125.5 123.6 122.4 121.1 119 114.6 109.7 106.6 102.2 96.8 91.1 91 97.2 99.9 102.2 102.5 104.2 104.6 102.3 99.8
82.2 81 79.4 78.6 79.1 80.7 85 87.8 89.7 92.5 95.4 98.1 103.9 109.4 109.6 111.2 114.9 118.8 119.1 125.1 126.7 129.6 131.7 133 133.1 132.2 129.9 127 126.7 123.6 121.9 120.2 122.8 128 128.6 126.5 122.5 121.2 125.1 127.9 128.2 131.8 134.9 136 137.1 136.6 134 128.4 123.5 123.1 123.3 123.4 124.8 122.4 122.6 126.9 130.3 134.1 138.5 139.2 135.6 131.1 128.3 125.2 122.5 119.3 114 109.6 104.6 101.8 96.4 89.8 90.1 95.2 98.3 100.5 101.4 104.4 103.4 101 98
80 77.9 78 79.5 79.8 82.9 86.6 89.7 91.7 94.1 93.9 99.6 105.1 108.5 111.1 113.3 115.8 118.6 121.7 125.6 126.7 128.2 128.5 129.4 130.2 128.9 124.8 122.2 121.3 117.8 117.4 116.2 117.2 120 120 119 117.6 121.9 125.1 127.5 129.4 131.7 134 134 135.8 136.1 133.7 129.4 123.9 123.1 123.8 124.8 124.7 127.6 122.9 129.4 132.8 137.2 139 139.5 137.2 132 127.4 124.1 120.8 116.9 110.6 108.1 102.9 99.9 95.4 90.7 88.4 93.2 97.2 100.1 100.9 102.4 101.2 98.2 94.6
77.1 78.5 79.3 82 83.4 85.3 88.1 91 94.1 95.6 95.5 103 107 109.4 112.3 114.6 116.2 115.3 123.1 125.3 125.6 125.5 125.6 126.4 125.3 123.4 120.9 119.2 117.5 115.4 113.6 113.9 114.2 113.7 114.3 114 115.8 118.8 122.2 125.1 126.9 127.9 130.3 132.2 131.9 135.5 133.5 130.6 129.7 128.6 128.7 129.1 129.2 128.8 129.5 129.3 132.7 136.2 137.5 136.4 132.6 130.2 127 124.9 121 115 108.2 105 100.8 97.8 97.6 94.7 88.2 90.6 96.9 100.7 101.4 101 99.1 95 93.5
