public/OST50/SO98.asc
ncols 200
nrows 200
xllcorner 390000
yllcorner 280000
cellsize 50
[rows 72 to 107 of 200, columns 0 to 80 of 200]
80.1 81.1 83.5 85.4 87.1 88.8 90.8 93.5 96.5 98 101.1 106.3 109.6 110.1 111.6 114.2 115.6 119 123.7 124.6 124.1 123.7 122.4 122 122.5 120.4 118.1 116.1 112.8 111.3 109 110 109.4 110 112.3 112.5 113.9 114.5 118.1 120.3 122.4 124.1 125.8 128 131.4 135.1 135.6 134.1 132.1 131.5 130.8 130.5 129.2 127.8 129.1 129.4 131.6 134.1 134.3 132.4 128.6 128.2 127.3 125.1 120.6 114 107.9 103.3 98.9 99.3 101.1 97.9 90.6 88.5 95.5 99 100.6 100.8 98 97.1 93.5
82 85.3 87.7 89.9 91.1 92.3 93.5 96.9 99.3 101.6 104.7 108.3 109.3 111.1 113 115.3 114.5 120 121.4 122 121.7 119.8 116.9 117.7 116.9 115.2 113.6 112.8 110.9 109.4 110.4 110.9 111.2 111 111.6 112.8 113.1 113.6 115.1 116.6 118 120.5 123.6 126.8 131.6 134.8 134.8 133.2 132.4 132.4 131.9 130.8 130.8 128.5 128.1 127.5 129.3 129.9 129.1 128.4 125.8 125.4 124.3 122 118.4 111.9 105.9 102.9 100.6 102 100.9 100.3 93.1 88.2 93.9 96.8 98.8 98 96.2 95.3 94.7
87.6 91.5 93.6 95.1 95 96.1 97.7 100.7 101.6 102.2 104.8 107.4 108.7 112.9 115.2 116.9 113.2 117.5 119.6 118.7 118.1 115.4 114.1 113.1 113.7 113.2 110.9 109.7 108.6 108.5 109.9 110.7 110.6 109.8 111 111.9 113.1 114.8 115.9 117.6 119.3 121 123.2 127 131.4 134.6 135.8 134.3 134 133.7 133.3 132.1 130.9 129.7 129.2 127.4 125.4 125.9 126.6 126 124.2 122.3 120.5 118.1 113.4 107.3 104.5 103.4 103.9 102.6 100.4 97.2 92.5 87.3 92.6 94.7 95 93.7 93 94.1 95.6
94.2 97.2 98.9 99.8 98.9 98.3 100 102.6 103.8 105.5 106.8 109.5 110.9 112.1 114.5 114.2 112.8 115 116.8 116.2 114.7 112.5 111.2 109.8 109 108.9 108.4 106.5 106 106.2 107.8 110 109.7 110.4 110.9 111.9 113.1 114.9 118.5 119.7 121 123 125.3 126.8 130.2 134.9 136.4 136.1 135.5 135.3 135.3 134.8 133.4 132.8 131.8 130 125.9 125.1 124.7 121.8 121 119.3 115.9 114.4 109.1 105 105.7 105 104.5 101 97.1 95.1 92.5 87.3 89 89.6 89.7 90.1 92.2 96.2 99
98.1 101.2 102.2 102.6 101.7 101 101.5 104 106.2 107.9 108.8 109.3 110.1 109.6 110.3 112.9 112.9 112.9 113.9 113.1 111.6 110.1 107.4 104.5 102.3 102.6 104.6 103.7 103.1 103.6 106.3 109.6 109.6 111.2 110.1 112.7 112.4 115.9 117.6 119 121.7 124.2 126.4 128.7 131.3 135.3 136.5 136.7 136.1 135.6 135.5 135.7 135.1 134.6 132.9 130.8 127 127.8 125.3 122.1 120.1 119 116.9 114.5 110.9 108.9 107 105.9 102.7 98.2 95.7 94.2 91.5 86.1 86.7 87.5 89.6 92.3 95.8 98 99.4
98.8 101.8 102.7 102.8 102.5 102.8 103.9 105.4 105.4 104.8 104.5 106.1 107.8 109.2 108.7 111.2 108.4 109 109.8 109.2 108 105 101.3 99 99 99.3 101.6 101.7 101.9 102.2 104.9 109 111 113.8 114.3 114.4 113.5 115.6 118.8 120.3 121.8 123.8 126.1 130.4 134.5 136.1 136.6 137 135.8 135.1 135.3 135.7 135 134 132.7 130.9 128.2 128.8 127.3 125.2 124.1 122.2 120 116.8 113.4 113.1 111.6 107 102.5 97.5 95.3 90.8 86.2 86.6 87.5 89.9 91.8 94.6 97.1 98.7 98.8
96 98.1 99.3 100.8 101.6 101.7 103.3 103.2 101.6 100.4 100.7 102.4 103.9 106.2 107.2 109 105.1 103.8 104.6 103.6 101.9 97.8 97.6 97.3 97.5 97.8 98.4 99.6 100.2 100.8 104.1 109.5 113.4 114.9 115.2 115.5 117.5 120.3 123.1 125 125.5 126.7 128.3 132.4 136.1 135.9 135.8 136.1 134.9 134.1 134.5 135.8 133.7 132.6 131.7 131.4 129.5 126.4 126.5 125.7 124.6 123 119.8 115.7 113.5 112.4 110 105.8 100 96.7 93.3 88.4 85.4 88.9 90.7 92 93.2 95.3 98.2 99.7 100.4
92.3 93.4 96.9 99.2 99.1 98.9 101.2 100.8 98.6 97.3 98.6 99.4 100.5 101.7 108 101.3 100.3 99.5 99.5 99.5 98.6 96.6 96.3 96.4 95.8 94.7 96.4 97.6 98.3 100.7 104.9 109.1 114.1 115.1 116.6 118 120 124.7 128.5 130.2 130.5 130.6 132.8 135.1 136.5 136.7 135 133.6 132.7 130.6 130.2 130.4 130.6 130.3 128.9 129.1 126 122.2 124.2 122.8 121.4 120.6 117 113.2 111.4 109.8 107.7 103.5 97.9 94.6 92.4 88 87.6 92.3 93.8 94.3 94.5 96.9 98.1 98.9 100.5
89.7 91.9 94.2 95.6 95.3 96.2 98.1 97.7 95.7 94.2 96.1 97.4 97.7 100.2 109.9 96.2 95.5 95.4 95.4 95.2 95.1 95.6 94.8 93.8 93.9 94 95.4 96.9 98.3 100.5 104.6 109.8 114.1 116.7 118.6 119.9 122.5 128.2 132.3 133.9 135.2 135.5 134.6 134.4 133.8 133.4 131.7 130.2 128.1 127 126 124.7 128 127.8 126.4 125.6 122.7 120.7 120.2 119.3 116.8 115.8 113.2 110.2 108 106.6 104.9 101.9 96.1 93.6 91.3 87.5 86.2 93.1 93.9 95.2 97.3 98.6 98.6 99.3 99.8
86.9 89 90.7 91.1 90.7 92.8 93.7 93.8 92.8 92 94.1 94.8 95.6 108 98.4 91.1 91.5 92.5 92.8 93 94.1 94.3 94.4 95.2 95.5 96 96.8 97.3 99.5 102 107 110.7 113.5 118.5 119.9 121.5 124.7 129.9 134.1 136.7 136.1 134.9 132.9 131.3 129.3 128.6 127.1 126 125.2 124.9 123.2 125.2 126.3 126.1 124.6 121.9 120.1 120.2 118.2 114 112.1 110.5 108.6 106.5 103.9 102.3 101.6 99.2 95.1 92.9 90.5 87.1 86.3 91.7 93.6 94.8 96.1 98.1 97.8 99.3 100.4
83.6 85.2 86.4 85.8 86.9 87.7 87.5 89.4 89.4 90.6 92.3 93 100.4 104.2 89.4 86.6 85.9 91.2 92.5 93.1 94.5 95.4 96.3 96.7 97.8 98.5 98.5 98.2 100.7 104.6 109.7 112.5 116.7 120.4 121.7 124.1 127.2 131.5 135 135.9 134.6 132.4 128.5 125.2 123.2 122.4 122.8 122.2 122.1 122.6 122.7 123.5 124.2 124.5 122.7 119.7 119.3 119.2 117.1 112.7 108.2 106.3 104.4 103.7 101.6 99.8 98.7 97.2 94.2 91.3 87.2 85.7 85.8 90.9 93 93.7 95.4 97.1 96.6 97.8 99.9
81.2 82 83.7 82.1 81.1 80.3 80.5 85.1 87.1 88.8 91 92.1 107.8 91.4 86.1 85.9 86.7 92.6 94.5 96.3 97.8 99 99.8 100.3 99.1 98 100.7 104 105.4 108 112.3 115.1 119.3 123.7 124.7 126.6 130.2 133.6 135 135.1 131.8 128 123.3 121 120.2 119.9 120.1 119.5 119.6 120.1 120.5 120.7 119.7 119.5 119.4 118.2 118.5 117.9 115.7 112.2 108.4 104 102.3 100.7 99 96.6 96.2 95.4 93.3 90 84.9 85.5 85.4 90.3 92.1 92.9 94.3 96 96.8 97.6 98.7
76.5 78.2 76.7 74.5 74.4 76.2 79.6 83.3 86.3 89.6 91.3 101.2 98.4 90.2 87.6 88.2 94.2 96.6 98.7 100.3 101.2 101.9 102.9 103.7 104.4 105.2 105.9 107.7 109.5 112.3 115.2 117.8 122 127.2 128.5 130.8 132.6 131.9 132.6 132.2 126.9 123.5 120.4 119.2 117.8 118 117.6 117.1 117.2 118.2 118.2 115.8 114.3 114.9 115.5 116.7 117.1 116.3 114.3 111.6 108.2 104.3 100.4 97.2 96.1 94.7 93.4 93.5 91.6 87.8 84.9 85.3 87.3 89.2 91.3 92.3 92.5 93.4 95.7 96.7 97
70.9 72.2 74.3 76.7 78.8 80.9 82.2 84.7 87.9 91.4 93.3 106.7 92.1 93 93.6 96 98.7 99.6 102.3 104 105.1 105.3 106.2 107.1 107.1 107.9 109.4 110.3 113.3 114.9 117.5 120.5 124.2 129.3 131.7 132.5 130.5 127.8 125.7 123.6 122.3 120 118.1 116.5 114.3 114 113.2 113.9 115.2 115.7 112.8 109.4 110.4 112.2 113.9 115.9 117.2 116.2 113.5 110.5 106.3 102.3 97.1 94.5 92.8 92.9 91.7 91.3 89.3 85.5 84.8 86.1 86.6 90.1 91.4 91.9 92.5 92.9 94.2 94.8 94.5
72.9 76.2 78 79.2 81.3 84.2 84.5 86.9 89.6 93.1 97.6 100.1 96.1 97.1 98.9 101 102.1 103.8 105.8 107.3 108.5 108.8 108.8 109.9 109.9 111.3 112.7 113.7 116.1 117.7 120.1 123 127.8 130.2 132.2 129.4 125.8 122.2 119.3 118.7 117.7 116.3 115.8 113.2 111.3 111.4 111.1 111.7 112.7 113 108.1 107.7 109 110.8 113.7 116 117.1 114.7 112 109 104.7 98.6 96.3 94.1 88.8 88.5 88 87.1 85.9 81.9 83.4 84.9 84.6 88.2 90.1 92.1 91.1 92.5 92.9 93.7 93.5
76 76.9 78.3 80.3 83.2 86.7 87 89.1 92.1 94.9 102.8 97.9 99.1 100.6 101.9 103.7 105.5 107.5 109.2 110.7 111.4 111.8 113.4 112.9 113.5 115.1 115.6 117.3 119.2 121.1 122.8 127.1 130.5 130.7 128.3 123.9 119.1 116.7 113.8 112.6 112.5 112.3 110.9 109.7 107.4 108.4 108.7 110.2 110.7 109.5 107.1 106.3 108 110.1 114 116.6 116.3 114.5 111.6 106.6 101.5 96.8 95.8 92.8 87.5 82.8 80.8 80.2 81.8 80.7 82.3 82.6 82.8 88.2 86.7 85.5 87.4 88.7 90.8 92 92
76.2 76.8 78.3 80.2 83.9 88.1 89.4 91.5 94.2 96.7 104.5 100.5 102.1 103.3 105.1 107.1 109.4 111.3 112.7 113.5 114.7 115.8 117.3 115.6 116.4 117.8 119.6 120.6 122.6 124.5 127.9 130.5 131.1 128.5 123.5 118.6 114.3 110.7 107 106.4 106.6 106.8 105.8 105.4 105.4 105.6 107 108.5 107.8 106.6 105.8 105.4 107 110 114.6 117.5 116.6 114.4 110.6 105.5 98.4 94.4 93.3 90.1 83.8 81.9 83 82.2 81.3 83.2 83.7 83.6 90.1 84.3 80.8 81.6 83.5 82.7 86 87.9 87.1
73.1 75.3 76.5 77.6 83.3 89.3 90.9 93 95.7 99.8 103.3 103.2 103.9 105.8 108 110.2 112 113.7 116.1 117.1 117.6 118.8 119.8 119.1 119.1 121.7 124 125.5 127.9 129.1 132.1 130.8 127.9 123.1 118.4 113.6 109 106.3 105.8 105.2 105.3 105 105 104.8 104.3 103.2 104 106.5 104.9 105 104.5 104.4 106.6 111.5 115.3 117.4 116.7 114.1 110.7 105.3 99.4 90.7 89.8 86.5 80.2 82.1 83.8 84.4 84.7 86.2 86.5 89.5 89.6 87 87.2 86.2 85.8 85.9 85.8 89.6 88.7
75.7 76.6 76.5 77.6 83.7 89.7 92.6 94.4 97.2 101.4 104.1 105.1 106.7 108.5 111.2 112.5 113.9 114.7 116.3 118.1 118.7 119.4 120.5 121.3 122.3 125.5 128.2 130.1 130.6 132 129.9 127.3 124 116.7 113 109.5 106.5 105.4 104.7 104.1 104.1 104.2 102.2 102.8 102.4 102.2 102.9 103.4 103.9 104.2 103.5 103.4 106.4 113 116.6 117.3 115.6 112.6 109.4 104.3 97 88.1 84.7 81.8 79.8 83.2 84.3 85.4 87.2 90.5 89.1 91.1 90.4 89.8 89.5 90.2 90.8 91 92 94 93.3
80.7 78.4 76.6 78.2 85.7 92.2 94.8 96.3 98.7 101.8 106.3 106.6 107.8 110.7 112.5 113.9 115.3 116.8 117.8 119 120 121.1 122.4 124 125.3 127.4 127.7 128.9 129.2 127.7 125.5 121.8 116.9 114.1 110.6 107.5 103.8 101.6 100.2 99.4 99 98.4 98.7 100.3 101.7 101.2 101.9 101.8 101.9 102.8 103.3 104.2 104.3 112 116.8 116.3 113.7 110.6 107 101.7 93.5 85.4 79.6 79.4 84 86 86.5 88.2 89.3 91.6 93 93 92.1 91.1 91.7 93.6 94.4 95.2 96.6 96.7 96.1
86.1 81.5 79 80.8 86.1 94.4 96.6 97.4 98.9 101.3 106.2 107.3 109.3 111.8 113.6 115.1 116.5 117.6 118.9 119.9 120.3 121.8 123.1 124.4 125.2 125.4 124.9 123.7 123.8 122.1 119.6 117.2 114.5 112.6 109.8 105.7 101.7 98.4 96.5 97.3 97.5 97.1 96.9 96.1 98.4 99.2 99.4 99 99.6 101.5 101.6 103 104.7 112.1 115.2 115.7 112.6 108 103.2 98.7 90.5 81.9 80.1 83.5 86.5 88.7 89.5 89.9 90 91.1 93.7 95.4 96 95.4 94.8 96.5 99 100.1 99.6 98 98.1
88.9 85.3 83 83.2 89.4 96.3 99.1 100 101.2 102.7 105.1 108.7 111.3 112.4 114.3 115.3 116.7 117.9 120.4 120.6 120.6 121.5 122.9 124 124.1 123.6 123 121.7 120.7 119.1 118.5 116 113.1 111.5 107 102.9 99.4 96.3 93.9 95.2 95 95 95.2 94.1 95.5 97 97.5 97.3 98 99.1 99.9 101.8 105.7 110.9 113.3 114.1 109.8 104.6 100.5 96.9 88.7 79.6 81.3 85.4 88.8 90.2 90.5 90.3 90.4 93.4 95.5 96.9 98.9 100.3 100.6 101.8 104.6 105.4 103 101.5 99.6
90.2 88.6 86.9 86.3 90.2 94.5 99.6 100.2 102.7 105.1 102.5 109 112.4 113.5 114.7 115.4 116.4 118.1 118.6 119.4 119.5 120.7 121.9 123 123.2 122.7 122.2 119.9 118.6 118.5 116.8 114 112.4 109.3 104.5 100.2 96.6 93.6 92.2 92.9 92.9 92.4 92.8 92.1 93.6 94.9 95.4 96 96.8 97.1 97.4 101 104.8 107.6 111.2 110.4 106.3 102.2 98 93.9 87.4 77.8 82.8 87.5 90 90.6 91.3 92.3 94.4 95.3 96.8 98.1 101.4 104 108 108.1 109.7 109.7 110.1 108.6 103.8
86.8 87.5 87.4 89 90.6 93.9 95.7 98.6 101 101.9 101.4 110.3 111.5 113.2 114.5 116 116.7 116.8 117.6 117.9 118.7 119.4 120.9 122.2 122.3 122.6 121.1 117.9 116 114.9 114 111.6 109.2 107.1 102.4 98.4 94 90.3 89 89.6 89.8 91.6 91.9 90.9 91.7 93.1 93.6 94 96.4 96.8 98.4 99.9 102.1 104.6 107.3 106.9 101.9 98 94.5 91.6 84.2 79.5 84.1 88.9 90.1 91.7 93 89.9 95.7 97.2 98.7 99.8 103.6 108.8 112.7 115.3 118.1 119 117.4 114.7 111.5
83.5 84.2 85.9 88.3 90.8 92.7 95.4 97 98.8 101.4 103.6 110.4 112.1 113.8 115.1 116.4 116.6 116.4 116.3 116.7 117.3 118.3 119.9 122 123.9 124.6 120.7 115.4 112.5 110.4 109 106.2 104.6 102.8 98.9 94.7 90.5 86.5 83.7 86.9 88.7 90.1 90.2 89.1 89.5 89.5 91.5 92.6 93.4 93.7 94.6 96.6 100.2 103.9 105.2 102.7 98.2 93.8 91.4 87.7 79.4 79.8 84.6 89 91.2 92.2 92.8 96.7 98.4 100.1 101.2 102.3 105.5 109.8 114.9 121.6 128.1 129.2 129.7 128.3 125
81 83.3 83.5 86.9 89.4 91.1 93.9 96.3 98.5 101.5 102.5 103.7 111.4 114.2 115.3 115.4 115.9 115.5 115.2 115.2 114.7 116.8 121.2 122.9 124.1 123.8 119.2 114.1 109.7 107.4 103.9 102 99.2 97.6 93.9 87.4 84.6 82.8 80.3 82.3 83.8 83.7 83.4 84.9 86.3 87 88.2 88.4 88.8 90.7 90.7 96.4 101.8 103.3 102.1 98.3 94 90.4 83 79 76.6 79.2 83.1 90 91.3 91.7 94.8 96.8 100.3 102.3 103.8 104.4 106.3 110.5 117.2 126 132.1 135.8 137.1 135.9 132.9
80.6 83.1 83.4 84 87.2 90 93.1 95.9 97.7 99.6 101.9 100.5 111.5 114.5 115.3 115.2 115.2 114.5 113.7 112.5 113.1 115.4 116.5 122.1 123.4 119.7 115.8 112.4 108.5 105.8 101.5 96.9 93.9 94.2 90 82.9 81.3 77.6 76 73.9 75 74.3 74.3 79.2 82.9 84.1 85 86.1 87.7 89.6 90.3 97.2 102 102.3 98.2 94.8 91.4 85.5 79.2 76.6 79.1 82.5 86.3 90.4 92.2 91 94.5 96.3 101 103.6 105.4 107.6 108.5 112.9 121 128.8 137.8 140.3 139.2 136.9 132.9
80.3 82 82.9 83.4 85.1 88.6 92.2 94.4 96 98.5 100.6 100.5 102.8 112.1 113.9 114.5 113.6 111.7 108.6 106.6 108.2 112.6 114.5 117.5 119.1 115 112.2 110.5 106.1 104 99.7 94.7 91.7 90.7 88.3 83.2 79 74.3 72.9 74.4 74.2 73.4 74.8 75 78.7 80.2 82.1 84.6 84.8 86.2 91.8 96.9 99.2 97.2 94.4 91.1 87.6 76.4 76.3 79.6 85.3 88.3 89.6 90.3 90.7 93.1 94.5 96.5 101 103.6 105.6 109.3 111.8 116.5 124.5 132.6 137.6 139.9 138.3 135.5 132.3
75.8 78 81.9 84.3 86.4 88.3 91.4 92.7 94.4 96.5 97.9 98.3 98.7 111.9 112.3 112.1 110.7 108.3 104.6 104 105.7 109.1 111.3 112.1 111.2 109.4 106.9 104.1 102.5 101.1 97.5 92.9 89.9 86.6 83.9 81 76.2 73.8 74.5 77.9 76 76.7 77.2 75.2 75.8 76.8 79.7 81.6 80.9 86 89.8 91.7 92.8 90.8 89 85.2 79.1 77.8 81.6 86.7 89.7 91 90.9 90.6 94.1 93.7 95.8 99 101.7 104 106.4 109.5 112 115.2 126.4 135.5 139.2 139.8 138 137 132
71.8 72.8 77.4 83.2 85.4 86 88.9 90.7 92.4 94.1 95.4 96.1 96 98 112 109.9 107.2 102.8 100.3 100.9 102.2 105.1 106.7 105.9 104 101.8 99.6 98.2 96.4 96.6 94.3 89.7 85.4 80.7 76.5 74.1 73.9 72.9 76 80 79.1 77.3 77.7 77.7 73.7 75.8 76.4 78.3 81.6 84.1 84.2 83.1 81.9 78.9 79.3 78.2 76.5 82.5 86.9 88.7 90.5 93.5 96.8 94.5 94.6 95 96.7 100.8 103.3 103.8 106.1 108.3 111.3 113.3 130.1 139.6 140.2 139.1 138.2 135.4 132.2
70.2 71.9 73.3 78.7 83.1 84.9 86.5 87.7 90.1 93.4 94.5 94.3 94.5 95.8 98 104.6 102.1 98.2 97.2 96.9 96.6 99.4 100.4 99.4 97.9 96.5 95.9 92.1 90.6 90.5 87.8 83.4 78.8 75.3 73.7 72.7 73 76.7 84.7 85.2 84.1 82.2 81.7 79.2 75.4 75 75.3 78.2 79.7 79.8 76.2 75.3 78.3 77.4 75.8 76.4 81.6 85.9 87.5 89.9 92.3 95.9 97.1 97.4 96.7 96 97 101.5 103.9 104 105.3 108.4 112.1 120.1 133.1 139.6 139 137.7 136.1 133.2 132.4
67.5 67.2 68.5 69.7 77.5 81 83.4 84.5 86.7 90.1 93.3 93.9 94 94 94.9 97.4 97 94.7 93.1 92.8 93 92.9 93.3 90.5 88.5 89.8 89.8 87.2 84.7 84.5 81.1 76.3 73.1 73 74.5 75.3 81.4 84.9 85.2 85.3 85.3 85.7 84.5 85.2 80.3 75.5 75.6 75.1 76.3 76 77.9 80 83.3 84.3 83.3 83.8 87 89.7 89.8 95 95.3 98.1 98.7 98.3 97.6 95.5 98.3 102 103.9 104.5 104.7 107.1 112.1 118.4 129.3 135.9 136.5 135.5 132.7 130 128.4
67.6 67 66.5 67.5 71.2 74.7 79.1 81.1 84.4 89 92.2 92.9 93.1 92.5 93.7 94.5 94.8 92.1 90.5 90 88 83.1 80.7 77.4 77.3 79.6 81.7 81 79.5 77.6 73.8 71.8 73.8 76.4 78.2 81.8 85 85.3 85.2 86.4 86.2 86.7 86.6 87.6 85.5 79.7 76.7 76.5 78 82.6 82.6 84.6 87 88.6 90.8 93.2 88.4 92.6 95 96 97.3 99.8 100.5 98.7 97.3 96.2 98 101.2 104.4 104.9 104.7 106.4 108.8 113.5 120.6 127.9 131.3 131.3 130 127.4 127.3
67.9 67.4 65.2 67.8 68 69.7 74 77.8 82.5 86.8 90.5 91.9 91.1 90 89.9 89.9 92 90 88.5 87.5 83 76.8 70.1 70 70.5 71.3 72.9 72.2 73.5 72 72.2 76.3 79.8 81.2 82.7 85.1 85.7 85.8 86.2 86.7 87.5 87.7 87.9 89 87.4 86 84.3 83.6 84.8 86.8 85.8 87.2 87.7 88.2 92.1 94.3 93.5 93.8 96.7 98.6 101.3 102.7 103 101.9 99.1 97 96.8 98.4 103.6 105.5 105.3 105.4 107 109.3 113.5 121.2 126.1 126.9 126.1 125.7 127.9
68.9 70.7 68.5 67.8 67.9 69 69.7 76.2 80.4 84.7 87.7 89.4 89.2 88.2 88.2 88.9 88.8 91.8 88.2 85.9 78.4 70 72.3 73.8 73.6 71.6 70.6 71.9 73.6 75.9 79.2 80.5 81.2 82.4 83.3 85.8 85.6 86.4 86.9 88.1 89.6 88.9 89.8 87.2 85.8 85.5 85.8 86.4 86.7 87.1 88.7 87.7 89.4 92 94.3 95.6 94.7 94.3 98.4 102.4 105.8 106.2 105.1 103.1 101 97 96.6 98.1 101.7 104.1 105.1 106 106.8 108.5 110.5 117.7 121.1 122.2 122.3 123.2 126.1
69.2 72.8 72.9 69.2 68 68.6 70 73.5 76.7 80.4 83.2 85 86 85.4 85.2 86.3 86.9 86.3 92.3 84.8 74.8 70.5 71.9 76 79.1 78.8 77.1 73.3 77.7 82.2 83.1 82.8 82.4 83.1 83.7 84.7 85.9 85.8 85.8 91.3 90.3 91.2 91.7 90.6 87.2 86.9 87.7 87.2 91.3 92.6 90.6 90.3 93 95.5 98.9 98.9 97.3 97 100.3 105.9 111.9 111.6 106.3 102.7 100.9 98.7 97 97.3 97.7 100.8 103.7 104.6 106.4 107.9 110.4 114.6 115.1 117.2 118.7 121 123.8
