public/OST50/SP01.asc
ncols 200
nrows 200
xllcorner 400000
yllcorner 210000
cellsize 50
[rows 140 to 174 of 200, columns 0 to 77 of 200]
189.6 188 182.7 181.3 180.7 181 179.2 176.8 173.8 170.6 167 162.3 153 158 168.6 174.2 178.1 181.8 186.4 191.9 201.4 206 207.3 202.7 191 177.1 165.6 167.8 173.8 181.7 186.2 190.5 195 201.2 208.5 215.7 222.7 226.6 228.7 230.7 233.5 237.3 241.2 244.2 247.3 249.6 249.8 249.7 249.8 249 247.9 247 245.6 244.2 243.5 242.7 241.9 240.4 237.9 233.8 230.5 229.9 227.7 228.1 230.2 234 238.1 240 241.3 241.8 242.4 242.9 242.7 242.6 241.9 241.9 244 245.7
201.7 200 195.2 191 187.4 184.8 182.2 179.4 176.3 172.5 168 160.6 149.5 161.8 169.7 174.2 177.4 181.4 185.7 191.7 199.9 203 205 201.8 191.6 177.9 164.3 168.4 176.8 181.1 185.1 190.5 195.6 202.9 211 218.1 226.2 232.4 234.1 236.2 237.2 237.9 239.8 242.7 245.8 247.8 249.5 250.6 250.5 249.7 248.7 247.7 246.7 245.1 244.4 243.6 242.7 241.5 239.8 237.4 234.5 231.7 227.5 223.9 230.3 235.6 238.1 239.1 239.3 240.3 240.9 240.8 240.4 240.3 239.6 241.9 243.5 244.9
211 208 202.2 196.4 192.8 188.5 184.4 181.1 177.7 174 169.2 159.8 149.4 162.8 169.3 172.4 176.4 180.7 184.6 191.6 197.2 199.5 203.2 202.1 194.5 179.3 163.6 166.6 171.9 176.8 181.6 187.7 193.3 199.7 207.4 214.9 223.8 230.6 233.2 234.5 235.5 236.5 238.2 241.3 244.8 246.7 249.1 251.3 251.1 250.3 248.8 247.2 246.5 245.7 245.2 244.3 243.3 242.3 240.8 238.8 237.4 235.7 232.8 225.2 228.9 235 236.8 236.6 237.4 238.5 238.9 238.6 238.1 237.3 239.6 241.4 242.7 244
217 212.2 206 198.9 194.1 190.2 185.7 182 178.4 174.8 169.8 161.4 149.6 163.1 167.7 172.2 175.9 180.2 183.9 189.5 194.8 197.4 202.6 203.8 197.5 184.7 168 162.1 164 169.5 174.9 180.4 183.9 187.6 196.2 206.2 216.7 225.6 229.9 232 233 234.4 236.4 238.4 240.6 243.4 247.3 250.5 250.7 249.3 248 246.8 245.5 245 245.1 244.4 243.5 242.7 241.5 240.1 238.9 237 234.5 229.7 222.6 231 231.6 231.4 234.6 235 235.5 235.6 235.1 236.3 238.5 239.8 241.4 243.3
220.7 213.9 207.5 200.9 195.3 190.6 187 181.7 178.4 175 170.3 162.9 148.9 160.4 166.3 170.9 175.1 179.1 183 187 191.5 196.5 202.9 205.2 201.4 191.4 178.9 169.4 162.7 163.1 167.2 170.9 173.5 177 182.5 192.9 207.4 219.1 227 229.5 230.7 232.5 234.3 236.8 239.8 244.3 248.4 249.9 249.6 248.9 247.7 246.5 244.9 243.8 243.6 243.5 242.8 242.2 241.4 240.1 238.7 236.7 234.5 229.5 219.3 222.2 222.4 225.1 226.8 228.6 230.5 233.2 235.9 237.2 238.3 240.1 241.5 242.8
222.9 215.6 209.1 202.3 195.7 190.6 185.7 181.3 177.6 175.1 170.3 163.2 148.1 149.7 161 167.2 171.3 176 181.6 185 189.6 194.7 201.9 205.3 202.5 194.4 183.2 172.5 163 164 168.8 173.7 178.8 183.7 187.3 188.8 197 213.1 223 227.1 228.4 230.7 234 236.5 240.4 246.2 250 250.4 249.5 248.4 247.3 246 244.1 242.6 242.4 242.3 241.5 241 239.8 238.6 237.1 235.1 232.7 226 216 222.1 228.3 231.1 232.3 234.2 236.4 237.8 238.7 239.8 240.8 241.2 242.5 243.3
223.6 217.3 211 202.6 192.9 186 180.8 177.9 175.7 173.2 170.1 163.3 156.4 148 152.9 160.5 166.3 174.8 180.8 184.4 188.5 193.6 201 204 200.9 192.8 181.1 168.3 161.3 166.1 171.6 176.2 182.1 190.4 197.6 201.9 203.5 213.6 221.7 225.3 228.6 231.5 234.4 236.9 242 248.4 250.5 250.3 249.5 247.9 246.3 245.5 243.3 241.7 241.1 241.3 240.9 239.8 237.9 235.5 233 230.2 228.6 220.9 213.9 227.8 234.6 236.3 236.5 238 239.1 239.9 240.6 241.4 241.7 242 243.1 243.6
225.5 215.6 209.7 200.6 189.9 182.1 176.2 171.7 169.1 166.3 162.8 160 156.4 149.3 147.6 159.1 168.2 174.4 180.1 183.9 187.8 192.6 199.6 202.5 198 188.3 175.4 162 163.5 168.1 172.9 178.5 186.7 195.9 204.6 213.3 214.7 217.5 221.9 226.8 230.9 233.9 237.5 241.7 246.4 249.8 250.4 249.8 248.7 247.1 245.4 244.3 242.3 240.9 240.5 241 240.4 239.2 237.3 234.4 229.6 221.9 217 213.2 215.4 228.2 235.1 237.6 238.9 240.1 241 241.7 242.1 242.2 242.6 243 243.7 243.1
225.1 214.6 206.4 195.7 186.6 177.3 171.4 168.5 167.9 165.8 162.4 159.7 156.8 151.6 147.3 160.9 169.2 174.5 179.8 183.2 186.7 190.9 198.3 200.1 194.3 183.2 170 160.5 166.2 171.4 176.4 183 190.1 199.6 211.5 216.5 219.8 223.3 225.2 228 234.6 239.9 244.2 246.9 249.1 250.2 249.9 249.2 247.8 246.2 244.8 243.1 241.6 239.3 240.1 240.6 240.2 239.5 237.6 234.9 231.1 222.1 214.2 210.4 217 230.8 237 238.8 240.1 241.6 242.5 243.1 242.9 242.9 243.3 243.7 243.5 242.9
223.7 213.7 203.1 194.7 185.5 178.6 175.7 175.2 174.5 171.8 167.5 164.3 159.7 151.9 147.2 160.7 168.3 173.6 178.3 181.7 185.1 189.5 196.8 196.6 189.9 177.3 163.6 161.7 167.7 173.7 180.1 188 196.3 204 213 216.8 220.3 222.5 224.2 230.5 237.8 243.4 246.9 248.1 248.9 250.4 249.3 248.5 246.9 245.3 243.5 241.8 240 238 239.1 239.9 239.3 238.6 237 234.9 230.7 221.8 213.1 209.8 218.6 233.2 237.9 239.7 240.9 242.3 243.2 243.8 243.4 243.6 244 244.3 243.8 242.9
225 216.5 207.3 197.1 189.7 184.6 182.1 180.7 178.6 175.3 170.5 166.4 161.5 153.7 147.3 158.4 165.7 170.2 175.2 179.7 183.4 187.9 195.1 193.6 184.9 171.9 158.1 161.4 167.5 174.4 182.9 191.9 200.9 210.8 214.6 217.4 220.5 221.2 224.2 230.1 238.7 243.9 247 248.4 249.1 249.5 248.5 247.6 245.8 244.1 241.9 240.4 238.1 236.9 238.1 238.8 238.1 237.4 235.8 233.3 229.6 219.3 211.4 210 218.8 232.8 237.7 239.7 241.3 242.7 243.3 243.8 244 244.3 244.2 244.1 242.8 242.5
224.9 218.2 209 200.3 194.7 190.7 186.9 184.4 181.3 176.8 171.8 167.2 162.7 154.9 146.9 153.9 160.7 166.7 173.1 177.4 181.6 187 194.6 189.7 178.2 165.2 157.8 162.4 168.8 176 184.9 195.9 206.1 212 214.2 216.8 219.8 220.4 222.8 229.2 238.2 243.2 246.1 247.8 248.3 248.8 247.8 246.8 244.7 243 240.8 238.6 236.7 235.6 237 237.7 237.2 236.1 234.1 231.7 227.5 216.2 209.3 210.4 218.6 233.3 237.1 239.1 241.2 242.6 243.1 243.6 243.9 243.8 243.7 243.1 242.6 242
225.9 218.8 210.9 203.4 197.3 193.2 188.8 185.6 181.4 176.8 171.4 166.4 161.7 156 148.8 147.3 157.7 163.5 169.4 175.1 179.7 185.6 193.3 186.4 172.8 159.4 159.6 166.1 170.7 177.1 186.3 196.3 206 210.9 212.3 213.9 216.6 218.1 221.5 227.9 236.5 241.7 244.8 246.9 247.5 248.2 247 246 243.9 241.9 239.3 237.3 235.2 234.4 236.3 236.5 236.1 234.8 232.5 229.9 225.2 214.2 207 210.7 219.4 232.6 235.2 237.4 239.8 241.7 242.4 243 243.4 243.3 243 241.7 241.5 241.3
225.9 217.2 209.3 202 196.6 192.1 188 184.1 180.4 175.6 169.7 164.7 159.7 154.7 149.8 146.9 149.9 160 166.5 173.1 177.6 183.9 191.2 185.1 171.6 157.2 162 166.5 169.5 175.5 184 192.9 200.6 207.3 209.9 211 212.1 213.6 220.4 225.8 234.4 239 242.8 246.1 247.4 247.6 246.6 244.9 242.9 240.7 238.2 236.3 233.9 233.2 235.4 235.6 235 233.5 231 227.9 221.8 211.4 204.4 209.7 219.5 229.2 232.4 235.6 239.1 241.1 241.9 242.6 243 243 242.2 240.9 240.7 240.4
226.5 216.8 206.3 196.7 189.9 186.8 183.5 179.2 176.5 171.1 166.3 160.6 155.6 152.7 152.2 148.9 146.9 156.2 163.5 170.8 176.7 182.4 190.3 185.7 173.9 156.6 159.7 163 165.4 170.2 179.3 187.9 194.4 199.8 203.3 206.4 208 212.1 220.4 225.7 230.9 237.8 242.3 245.5 246.6 246.9 245.5 243.7 241.6 239.3 237.1 235 232.4 232 234.1 234.5 234 232.3 230.1 225.9 219.8 209.4 202.8 206.7 218.8 226.4 231.5 235.4 238.6 240.5 241.4 242.4 242.5 241.9 240.4 240 239.6 238.8
220.7 210.2 198.8 188.8 182 177.4 173 170.1 167.2 163.5 161.1 160 158.7 158.1 156.3 152.8 147.7 151.8 162.7 169.8 176.2 181.3 187.4 186.9 178.6 165.8 154.9 155.5 159.4 164.5 172.7 180.7 186.1 190 195 201.2 206.3 213.8 220.6 224.5 232.8 238.2 242.3 244.8 246 245.8 244.4 242.5 240 237.9 235.8 233.4 230.8 231.2 233.4 234.2 233.6 232.1 229.1 224.7 217.4 207.9 201.3 206.2 219.5 228.4 232.8 236 239 240 241.2 241.6 241.4 240.9 239.6 238.9 238.2 237.7
209.4 197.8 187.4 181.2 177.1 175.1 173.6 172.4 171.1 171.6 169.8 168.5 166 163.3 161.1 156.2 148.2 148.5 162.7 170 176.1 179.8 183.3 185.1 181.5 170.8 161.6 154.8 153.3 158.7 165.3 170.4 174 175.9 185.5 194 206.9 216 222.5 228.2 233.9 239.3 242.5 244.7 245.1 244.1 243.2 241 238.5 236.5 234.3 231.6 229 230.7 232.8 233.8 233.3 231.5 228 223.3 214.4 206.3 200.5 207 219.1 228.5 233.7 237 238.8 239.9 241 240.7 240.2 239.9 238.8 238 237.1 236.2
202.6 199.3 197.9 196.3 194.7 192.2 190.1 187.6 185.9 183.5 179.5 175.6 170.4 167.3 163.5 157.9 150.7 148 162.1 168.6 174.3 178 179.4 178.8 176.3 168.1 161.6 156.5 152 156.5 159.1 162.2 166.3 174.8 185.2 199.1 210 218.8 225.3 230.1 235.7 239.8 243 243.9 244.5 243.3 241.2 239.1 236.9 234.6 232.1 229.3 227.5 230.5 232.6 233.2 232.3 230 226.2 220.2 211.3 204.4 198.8 206.2 217.1 228.1 233.6 237 239 239.9 240.3 240.1 240.4 238.6 238 237.4 236.3 235.1
219.2 216.3 214.1 211.5 208.7 205.2 201.4 198.2 195.1 190 184.9 178.8 174.1 168.5 164.1 157.1 148.6 148.4 159.8 166.3 171.9 173.8 174.3 172 168.3 162.7 158.2 152.8 153.8 158.8 163.3 168 172.5 182.6 193.5 202.4 212.9 220.2 227 231.9 237.2 240.4 242.9 243.6 243.6 241.8 239.8 237.8 235.2 232.5 230 227.2 226.8 230.2 232.2 232.4 231.2 228.6 224.1 216.6 209 202.5 198.7 204.7 213.8 226.2 232.6 236.9 238.7 239.5 239.5 239.2 239.3 238.5 237.7 236.2 235.5 232.3
228.2 227 224.8 220.7 217.3 212.7 205.2 203.7 199.2 193.2 187.7 182.2 175.5 169.7 164.6 159.4 151.7 148.1 157.1 163.1 167.1 169.1 168.3 165 162 158.4 153.5 151.2 157.2 162.7 168.5 174.4 182.5 192.7 201.5 208.4 216.4 223.1 227.9 233.6 238.2 241 242.7 242.8 242.3 240.5 238.5 236.2 233.6 230.8 227.9 224.5 226 230 230.9 231 229.1 225.8 220 211.9 206.4 200.5 196.5 202.9 213.9 224.8 232.1 236.4 238 238.7 238.9 238.6 238 237.6 236.8 235.3 233.7 230.9
231.4 231.5 229.9 226.1 221.4 216.4 210.3 204.7 199.6 193.6 187.5 181.9 175.4 169.4 164.4 160.2 152.7 148.5 154.7 158.1 161.8 163.8 162.9 160.9 158 154.8 151.1 156.1 160.7 167 175 183 191.5 200.2 206 213.2 219.5 225 230.7 235.3 238.8 240.9 242.1 242 240.9 239.3 237.2 234.6 231.9 229.3 225.4 221 226 229 229.6 229 226.4 222.3 215.5 208.2 202.8 199.1 195.4 203.1 213.8 223.7 231.8 235.7 237.4 238 238.3 237.9 237.4 236.8 235.9 234.8 233.1 230.2
229.3 230.2 230.1 226.4 220.8 214.9 208.3 202.1 196.4 189.5 183.5 177.7 171.3 166.4 161.6 158.6 153.4 147.3 150 154.7 157.3 159.3 158.9 157.5 154.5 150.7 153.7 160.2 167.8 174.2 182.1 191.7 199.9 204.8 209.1 215.4 222.8 228 233.1 236.8 239 240.9 241.6 241.3 240.1 238.3 235.9 233.1 230.8 227.6 222.5 218 226.2 228.1 227.8 226.1 222.9 218.3 211.3 205.1 200.4 195.1 194.4 203.4 214 223.8 231.3 236.1 237.9 237.7 238.6 236.9 236.4 235.8 234.9 233.8 232.4 229.3
225.8 227.4 226.6 221.8 215.3 209.2 203.5 197.9 188.7 181.4 175.1 170.2 164.7 160.2 157.4 153.8 150.3 150.1 148.6 149.8 152.9 154.7 153.9 152.6 149.3 152.7 159.8 167.8 175.3 182.6 189.4 197.7 203.8 207.8 212.1 218.9 225.5 230.7 234.7 237.4 239.4 240.6 240.7 240.5 239.3 237.3 234.8 232.2 229.4 225.5 218.5 215.8 224.8 226.3 225.4 222 218.3 212.8 206.1 202 196.8 191 195.7 204.8 217 225.7 232.5 236.4 237.8 238.2 238.2 236 235.3 234.6 233.8 232.8 231.2 228.3
224.2 224.8 221 215.2 209 202.7 194.8 185.6 175.9 168.7 163.9 161.3 158.4 156.7 154.8 157.2 158.8 154.3 150.5 146.7 147.9 149.3 148 148.2 153.4 160.3 167.8 175.5 181.7 189.3 198 202.5 205.7 209.4 214.5 221.5 227.4 232.1 234.7 236.8 238.7 239.9 240.3 239.9 238.5 236.5 234 231.6 228.7 222.6 213.8 210.4 220.2 224.1 221.4 218 213.7 206.6 202.6 197 193 191.1 197.7 204.1 216.6 225.6 232.5 235.7 236.7 237.2 237.1 235 234.2 233.7 232.9 232 230.2 228
228.7 224 220.2 209.6 200.6 192.8 182.5 173 168.3 167.3 167.8 166.5 164.6 164 165.5 167.6 168 162.5 153.5 145.2 144.8 146.1 146.4 152.7 158.5 166 174.1 180.9 186.5 195.3 200.5 203.7 206.8 210 214.9 222 227.5 231.5 233.6 235.9 237.6 238.8 239.4 239.2 238 235.9 233.4 230.7 225.9 218 210.1 206.2 213.6 219.7 218 214.2 208.8 202.4 197.3 194.5 189.1 191 198.5 206.7 216.3 225.5 231.4 233.5 234.2 234.4 234.7 234 233.5 233 232 230.8 229.2 227.3
233.3 225.9 220.5 213.4 202.8 191.6 184.6 179.8 177.5 177.7 178.4 178.7 178.3 179.3 181.9 179 175.3 169.3 160.6 149.3 144.6 144.9 148.1 153.6 159.5 167.2 175.4 183 190.7 197.2 200.2 202.5 206.2 208.8 213.6 220.3 225.6 229.2 231.8 233.9 235.7 237.5 238 238.5 237.4 235.3 232.4 228.9 222.1 211.9 205.4 202.8 207.2 213.4 213.6 210.3 203.6 198.2 194.7 190.5 186.2 193.1 199.8 209.9 217.3 225 231.1 233.5 234.3 234.4 234.2 232.9 232.8 232 230.8 229.5 227.8 226
234.6 227.8 221.2 218.6 212.9 205.3 197.6 190.1 189 189.7 191.3 191.6 191.3 190.6 189.4 186.2 180.6 173.1 163.3 154.2 147.4 144.2 145.6 151.9 156.6 163.8 173.7 182.9 189.8 195.8 200.9 204.6 208.2 212 215.7 218.9 221.6 225.2 228.4 231.4 233.8 236.2 237 237.4 236.2 234.3 231.2 228.2 217.9 207.6 203.3 197.6 201.3 206.9 209.1 206.5 200 195.3 190 185.4 188.8 196.1 205.6 212.9 221.1 226.7 230.8 231.5 232.1 232.9 232.5 231.9 231.8 231 230.1 228.3 226.3 224.7
236.2 229.6 222.3 222.4 219.7 213.2 205.4 196.3 197.1 198 201.5 199 199.4 197.5 194.8 192.1 183.9 178.1 169 159.7 150.5 144.6 143.8 148.8 153.7 160.7 173.3 182.7 189.3 195.4 201.3 205.7 208.5 209.6 212.8 215.6 219.3 221.6 224.4 228.8 232.1 234.6 236 236.2 234.9 232.5 229.1 224.6 213.6 207.2 200 194.4 197 201.5 205.2 202.8 195.6 192.2 184.7 184.9 193 199.9 208 215.2 222.5 227.5 229.3 229.8 231.6 232.8 231.2 230.9 230.8 230 228.3 226.8 225 223.1
237.5 231.3 226.6 227.9 224.5 216.4 210.8 205.4 204.7 201.8 203.1 204 201.1 200.8 198.2 194.7 190.2 181.8 173.1 163.1 155.2 146.5 143.5 144.1 151.9 161.1 172.1 181 187.1 192.5 198.4 202.5 204.6 205.8 206.8 206.1 209.8 219.7 222.8 227.3 231.1 233.6 235.2 235.4 233.4 231 227 221.2 210.9 204.7 199 192.5 191.6 195.8 200.1 198.8 193.5 188.2 180.4 188.5 195.9 202.6 209.9 216.8 222.8 225.9 227.5 229.2 231.1 232.1 230.3 229.9 229.8 229.2 227.4 225.4 223.6 221.2
237.9 233.4 233 232.5 227.2 219.9 214.3 207.1 207.4 205.6 205.4 207 205.5 201.4 198.9 197.2 193.7 188.3 181.1 173.5 161.9 151.3 145.6 143.7 149.1 155.3 167.4 175.7 181.5 186.4 191.6 194.8 196.5 197.1 191.8 201.8 211.2 216.4 220.3 225 229 231.9 232.9 233.3 231.2 229 224.6 217.9 209.4 204.4 198.3 191.4 185.6 191.3 194.7 194.2 190.8 183.7 180.4 189.3 197.2 203 209.8 216.6 220.6 223.9 227.6 230 230.8 231.4 229.8 229.3 228.8 227.4 225.8 224.3 222.7 220.3
238.9 236.3 237.6 235.9 229.4 221.8 217.1 211.8 210.1 211.5 212.9 211.5 209.3 206.2 201.2 196.4 195.3 193.5 189.1 181.4 171.2 158.6 149.7 144.1 146 153.2 159.3 167.2 171.8 178.1 182.6 183.4 180.1 178.2 195.2 205.9 209.8 213.4 218.9 224 228.1 230.6 231.6 231.3 229.2 226.7 221.1 215.4 208.4 203.6 198.2 191.7 181.5 184 189.8 189.6 187 178.5 180.4 188.6 196.6 201.7 206.9 213 219.1 225.3 228.5 229.4 229.6 228.9 228.6 228.6 227.2 225.6 224 222.5 220.5 218.5
239.4 237.6 239.8 238.5 232.5 227 224.3 219.6 216.3 218.7 220.8 218.8 214.2 210.7 206.6 201.3 197.8 195.2 192.6 186.4 178.6 168.9 155.8 146.5 143.6 148.6 152.4 157.7 162.6 167.5 168.2 161.2 168.2 188.9 200.3 203.7 206.1 213.2 217.6 222.5 227.2 229.2 230.3 229.5 227.3 224.7 219.8 213.3 206.1 202.8 198.3 190 181.2 177.6 183.8 183 180.9 175.1 178.5 186.2 191.5 196.4 206.6 215 221 224.9 226.8 227.8 228 228 227.2 226.7 225.7 223.9 222.2 220.4 218.4 216.5
238.8 237 240.1 240 235.3 229.8 230.5 227.4 224.4 224.4 224.6 222.9 219.8 215 210.9 205.5 199.8 196.1 192.6 190.1 183.2 174.4 164.8 156.4 148.4 144.3 148.3 151.4 153.8 150.5 144.7 160.4 182.2 192.3 198.1 198.8 203.6 210 215.8 220.7 225.5 228 229.2 227.9 225.7 222.5 217.8 208.7 204.9 199.8 195.9 190.1 182.9 175.5 176.4 174.5 173.7 177.5 182.5 187.5 193.2 200.7 211 218.2 223 225 226.8 227.4 227.3 227 226 225.4 224 222.3 220.5 218.3 216.7 214.4
238.1 236.5 238.3 239.3 237.2 235.2 235.3 232.4 227.7 226.7 226 224.7 221.5 217.7 213.4 207.6 201.2 197.8 194.5 191.5 187.3 181.5 174.1 166.3 156.5 151.4 143.1 143.9 144.6 147.7 156.3 170.6 182.8 190.6 194.5 195.2 201.9 208.4 214.1 219.1 224.1 226.7 227.7 226.5 223.5 220.5 212.3 205.4 202 197 192.8 186.6 181 173.8 171.3 176.6 183 185.7 189.9 193.5 200.7 208.6 215.2 220.8 224 225.7 226.4 226.5 226.4 225.8 224.9 223.7 222.2 220.4 218.5 216.2 214.4 212.2
236.8 235.2 234.6 237 236.9 237.2 237 235.1 230.2 226.1 224.6 223.1 220.2 216.6 211 204.6 200.1 197.7 195.9 193.1 189.7 186.7 181.1 175.3 168.1 155.9 153.5 147.7 143.5 149.4 160.6 171.2 181.7 187.8 189.9 192.6 198.9 206.3 212.6 218.3 222.3 225.6 226 224.7 221.8 218 209 203.1 198.9 194.5 189 181.2 175.4 171 175.9 185 188.8 192.4 198.2 203.9 208.5 214 218.9 222.1 224 225.4 225.7 225.5 225.4 224.3 223.2 222 220.6 218.4 216.3 214.2 212 210.2
