public/OST50/SP01.asc
ncols 200
nrows 200
xllcorner 400000
yllcorner 210000
cellsize 50
[rows 70 to 104 of 200, columns 0 to 77 of 200]
231 230.6 226.5 221.7 217 212 215 226.6 236.1 240.1 239.3 234.6 249.9 258.6 264 268.6 273.4 277 280.4 282.4 283.7 284.2 283.3 281.7 278.2 272.9 265 257 249.7 243.3 239.2 232.3 225.4 219.8 214.5 209.1 204.1 200.7 199.3 197.1 194.5 191.9 189 186.2 183 179.6 175.9 172.4 170.7 167.7 163.6 158 160.4 162.4 163.1 161.9 160.7 157.8 154.4 152 151.4 153.8 163.3 169.9 171.8 172.9 174 176.3 179.5 182 182.8 183.7 183.2 184.2 190.1 196 199.3 202.4
224.9 218.3 211 210.3 216.8 218.9 218.5 220.3 227.8 230.4 225.9 235.5 245.4 253.9 260.5 265.6 270.8 275.4 279.5 281.4 282.6 283.1 283.3 281.1 278.7 272.8 264.9 257.5 250.2 242.7 238.7 231 224.4 218.7 211.9 205.7 200.5 196.7 195.3 194.2 192.7 190.1 186.6 184.2 181.1 178.2 175.4 170.8 168.4 166.6 163.3 159.8 156.9 159.4 160.5 159.7 158.6 157.2 154.4 151.5 151.3 155.9 164.3 167.8 169.1 169.7 169.4 169.6 170 169.9 168 165.9 163.6 164.6 173.5 184.2 191.1 196.1
211.3 202.9 197.2 205.7 218.3 224.3 224.8 225.3 229.9 232.4 233.6 237.9 241 246.7 254.4 263.7 270.2 275.3 278.7 280.5 281.7 282 282.5 280.8 277.2 271.3 265.7 258.8 252.1 245 239.6 232.4 225.9 219.7 213.4 207 201.5 197.4 193 187.2 186.7 187.2 184.5 181.8 179.1 176.2 173.9 170.8 166.8 164.2 161.9 159.7 157.2 155.9 157.3 156.9 156.4 155.3 153.1 151.4 152.2 159.1 162.7 163.9 164.7 164.8 163.5 163.5 161.8 159.1 155.7 153 151.8 152.3 157.5 168.6 183.5 193.6
196.2 194.6 203.1 213.8 224 228.7 230.8 228.9 230.5 234.9 239.7 245 250.8 255.9 262.4 268.3 272.7 275.7 278.7 280.1 280.5 281.4 280.6 278.6 275.4 272 267 260.3 253.7 247.9 243 236.6 228.8 221.6 214.4 206.8 200.5 196.3 192.6 187 180.8 180.5 179.8 177.4 175.6 173.4 171.6 168.9 166.6 163.7 161.2 159.3 157.1 155.3 153.3 153.9 154 153.3 152.1 151.4 154.4 159.3 159.9 160.3 160.1 159.5 158.1 157 153.2 149.9 149.2 149 148.9 149 149.1 157 178.1 191.7
195.9 203.4 212.9 224.4 229.7 231.6 233.3 234.9 234.8 236 241.4 246.3 252.1 259 265.1 270.1 273.9 276.4 277.5 278.9 278.9 278.4 277.5 276.7 275.3 273.4 268.9 262.7 255.7 249.8 245.4 236.8 230.1 222.6 215.1 207.2 200.6 195.9 192.8 189.1 181.4 175.4 174.7 172.3 171.7 169.6 168.4 167.2 164 161.7 159.3 157.9 155.9 153.8 153.8 152.3 152 151.8 151.5 151.3 154.4 157 156.2 155.2 154.1 152.6 150.9 149.6 149.3 149.5 150.1 151.8 151.5 149.8 148.8 149.3 165.7 175.8
206.3 214.7 223.1 230.6 233 234.4 236.3 238.6 240.2 241.1 243.1 246.1 252.5 260.6 267.1 270.9 273.4 274.5 274.9 274.8 274.9 274.7 273.7 274.3 275.4 274.3 270.8 265.5 258 252.4 247.6 239.4 232.7 225 216.6 208.4 202.4 198.6 194.7 190.1 185.1 179.7 173.4 170.1 169.2 165.5 164.8 162.7 159.8 157.5 156.3 157.6 155 156.2 156 155.1 153.6 152.3 151 151.3 151.6 152.7 151.9 151.1 150.9 150.4 149.8 150 150.1 152.8 154.9 155.8 154.8 152.5 148.8 148.6 155 166.4
213.1 222.9 232.5 236 236.5 237.5 238.8 241.8 243.9 244.3 245.8 248.2 253.6 260.4 266.5 269.4 271.1 270.7 270.6 269.8 269.3 269.4 270.3 273.8 276 275.7 273.7 268.1 261.1 255.3 249.5 242.3 235.8 228 220 212.9 207 201.5 197.1 193.3 188.5 182.5 177.1 174.8 173.1 172.2 169.9 168 165 159.7 157.5 159 157.4 158.4 158.8 157.3 155.6 153.3 151.1 150.9 151.1 151 151.4 150.7 150.4 150.1 149.8 151.3 155.3 157.2 157.6 156.7 154.4 151.7 148.8 148.6 156.4 173.1
216.4 229.2 235.9 238.1 238.7 240.4 242.1 243.9 245.9 247.1 247.9 249.3 252.3 257.2 262 264.7 265.9 265.7 264.5 263.7 264 264.1 267.7 273 276.8 277.9 276.6 271.4 264.6 258.3 251 244.8 238.6 231.7 224.1 217.2 210.8 205.4 200 194.8 189.3 185.2 182.1 179.6 177.7 176 173.2 169.9 162.9 158.9 163.2 160.3 160.3 162.3 162.2 160.6 158.3 155.3 152.6 150.9 151.1 151.3 151.6 150.5 150.4 150.2 152.6 156.9 159.7 159 157 154.5 152.8 150.4 148.1 150.6 166.1 179.6
218.3 233.1 237.1 238.8 240.5 242.1 243.9 245.7 247.3 248.3 249.2 250.2 251.3 253.1 255.2 257.6 258.4 259.7 258.6 257.6 257.7 259.9 265.6 271.2 277 279.2 278.9 274.6 267.3 260.5 253 247.2 240.8 233.9 227.2 220 213.8 207.4 201.2 195.1 191.1 188.7 186.5 182.9 180.1 176.2 172.2 165.5 162.6 167.3 165.1 162.3 163.6 164.5 164 162.9 160.5 156.2 154.1 153 151.2 151 152.8 150.8 152.8 154.6 156.6 159.9 161.9 156.3 152.5 149.7 149.2 148.1 148.5 157.6 172.7 185.6
219.2 231.9 237.3 240.1 241.8 243 244.7 246.2 247.9 249.6 250.5 251.6 252.9 253.9 254.6 255.5 256.2 255.4 253.9 252.7 253.7 257 261.7 269 276.4 279.2 278.5 274.8 268.1 261.9 254.1 247.2 241.1 234.3 228 221.3 214.1 207.2 201.4 196.7 193.9 190.2 186.2 181.7 176.4 169.6 164.3 164.7 170.3 170.4 166.6 165.6 167.5 167.6 166.5 163.8 161.4 158.3 155.9 156.5 156.8 155.9 156.6 155.4 157.1 160 160.8 163.4 160.8 153.2 149.8 147.6 147.4 147.7 153.2 164.1 175.4 181
220.2 233.8 237.4 240.2 241.9 243 244.2 244.8 246.9 248.8 250.6 252.6 253.8 254.4 255.1 254.9 254 252.2 250.1 251.6 254.3 257.5 259.8 266.6 272.4 274.5 273 269.3 265.2 260.2 253.8 247 241.3 234 227.2 219.8 213.1 206.3 200.2 195.1 191 187.1 183.6 181.6 178.6 175.9 170.9 171.8 174.2 172.9 168.4 169.3 171.2 169.9 167.7 166 164.3 161.9 158.9 158.9 161.5 160 159 159.4 160.3 163.3 166 163.7 159.4 152.6 148.1 147.5 147.7 152.4 160.6 165.9 170.2 175.6
217.8 231.5 236.6 239.2 240.9 241.3 241.8 242.6 245.2 248.1 249.6 251 252.1 252.7 252.6 252.1 249.2 246.7 250.5 253.8 256.1 259.2 260.7 263.1 265.5 266.3 265.7 262.9 259.8 258.2 252.5 247.9 242 236.1 227.2 220.7 215 209.4 204.6 199.9 196.8 192.9 189.9 185.8 181.9 178.9 176.9 177.7 176.9 174.7 170.7 172.2 173.6 172 170 169.3 167.5 165.2 163.4 162.8 164.2 163.2 160.7 160.3 164.3 166.5 165.4 162.3 158.6 151.5 147.2 147.3 148.3 154.5 159.5 163.4 166.8 170.4
214.3 225.4 230.3 232.1 233.5 234.1 237 242.4 244.6 248.2 249.1 249.6 250.1 250.5 249.7 242.2 241.6 248.9 254.1 255.3 258.2 261 262.6 263 263.5 264.3 264.5 263.3 261.8 259.9 253.6 250.6 244.8 239.1 234.7 231.2 225.2 218.3 211.9 205.7 201.3 196.7 192.5 185.9 183.8 185.6 183.9 182.7 180.4 177.2 173.7 175 176.1 174.5 173.3 172.7 171 168.7 168.6 168.3 166.2 164.6 162.2 160.2 164.7 164.5 163.3 161.5 158.2 151.9 147.7 146.9 148.9 153.3 157 160.3 163.6 167.5
211.3 217.3 219.6 220.5 220.2 221 225.6 234.2 241.9 246.9 248.6 249.6 247.4 245.3 238.8 235.2 244 252.5 255.4 256.9 258.3 261.1 263.3 264.2 265.4 265.5 265.3 264.2 262.2 259.2 255.1 253.7 249 244.9 241.2 236.4 233.1 225.9 217.1 209.9 202.6 195.8 190.3 189 193.1 193 190.9 188.3 184.9 179.5 178.5 179.3 179.6 178.3 177.3 176.3 174.2 172 170.9 170.4 168.7 165 162 161.9 161.5 161.3 160.9 160 158.6 152 146.9 146.8 148.7 151.8 154.4 157.5 160.5 163.9
206 207.5 208.3 206.5 203 199.8 207.5 220.7 229.9 238.1 240.4 240.2 238.4 234.8 228.2 236.8 244.7 252.8 256 258 259.4 261.1 262.9 265.1 265.8 265.8 264.6 262.9 261 259 257 253.6 251.2 247.8 245 239.8 235.6 227.5 217.9 206.7 200 198.4 200.1 195.8 200.8 200.3 197.4 193.6 188 184 184.6 184.5 184 182.6 181.4 179.7 176.4 173.3 171.8 171.2 169.3 166.2 161.6 160.2 158.4 158 157.9 157.6 156.4 150.1 146.7 146.6 148.6 150.7 152.7 155.3 158.3 161.5
190.3 191.2 191.5 190 192.1 197.7 197.2 201.1 215.8 226.3 230.1 229.6 227 222.8 226.4 238 246.1 252.9 256.5 258.5 260.1 261.2 262.4 264 264.6 265 264.2 262.4 261.1 260.2 258.6 255.5 251.4 251.2 248 243.4 236 227 218.4 214.5 209.4 208.3 208.1 203.2 206.9 205.9 202 197.8 191.3 190.7 191.8 191.3 190.1 188 185.3 182 178.2 174.1 171.4 169.9 168.3 166.1 163.2 158.1 155.1 154.3 154.1 154.1 153.3 148.8 146.7 146.6 147.9 150 151.9 153.8 156.4 159.8
192.1 195.5 198.8 202 204.2 207.4 207.3 206.1 201.9 209.9 215.7 215.3 212.6 216.4 226.8 238.6 247.5 253.8 256.9 258.6 260.3 261.1 262.1 263.1 264.6 263.9 263.3 262.7 261.7 260.5 258.8 257.2 252.5 252.9 249.9 244.7 235.3 232.2 230.7 225.4 218.9 215.5 212.5 211.2 210 209 205.7 199.2 196.4 199.5 199.5 198.5 195.2 191.2 187.1 183.2 178.2 173.8 170 167.1 165.7 164.5 161.6 157.1 153.5 151.3 150.7 150.4 148.7 147.1 146.2 146.3 147.6 149.5 151.1 153 155.5 157.4
202.4 203 206.4 209.1 212.1 213.7 213.6 213.5 214.6 213.5 209.8 211.7 219 227.3 235.8 242 247 252 255.8 257.5 259.5 260.6 261.8 263.1 264 264.2 263.6 262.5 261.7 260.6 258.4 257.6 255.9 253.4 251.4 245.7 240 241.1 239.3 233.5 226.6 220.5 216.9 216.4 213.9 211 206.4 202.1 205.2 205.9 204.7 203.1 199.1 193.6 188.5 183.3 178 174 169.7 166.1 163.9 161.1 159.1 155.8 152.1 148.7 147.7 147.2 146.9 146.8 146.6 146.4 147.8 149.6 150.8 151.8 153.9 156.3
206.9 206.9 208.4 211.2 214.3 216.5 217.3 218 220.4 219.5 220.9 223.1 230 237.1 243.5 246.9 249.4 251.1 255.1 257.9 259.6 261.1 262.3 263.3 264.4 264.2 263.5 262.2 261.4 260.6 258.9 257.6 256.5 255.3 252.9 248.4 245.1 245.3 242.4 239 232.5 225.6 221.3 219 217 212.8 210.5 210 209.8 209.1 206.9 204.1 199.5 193.5 187.3 181.8 177 173.4 169.3 166 162.9 158.5 156 152.5 150.7 147 146.7 146.7 146.4 146.2 146.1 146.3 147.4 148.7 149.9 151.9 153.5 156.5
197.6 205.4 209.8 212.9 214 216.1 218.9 221.6 224.9 224.6 226 232.4 235.2 240.3 244.1 250.8 254.1 255.9 257.3 259.7 261.5 262.4 263 263.7 264.5 264 263.2 262.3 261.5 260.5 259.4 257.5 256.6 255.7 254.5 252.4 248.6 245.8 245.7 242.6 237.8 231.5 225.7 221.3 218.5 216.3 214.3 213.3 212.1 210.5 208 203.7 199 192.4 186.2 180.5 175.9 171 167.6 163.9 160.9 158 154.2 149.2 148.1 146.4 146 146.1 145.9 146.2 146.1 146.8 148.4 149.2 150.3 152.1 154.5 157.5
193.9 203.8 207.8 210.3 214.5 216.3 220.7 224.9 229.2 231.1 232.8 239.6 245 248.4 250.8 251.9 251.4 255.6 258.7 261.1 262.6 263.5 263.8 264.6 264.5 264 263.3 262.4 261.5 260.5 259.5 257.7 256.9 256.2 255.2 254.3 250.8 248.4 247.4 245.1 241.6 237.1 229.7 224.8 221.6 219.7 216.7 215.3 214 211.2 207.9 203.2 198.1 192 186.2 181 176.3 172.3 167.9 164.7 162.2 157.6 153.4 147.9 145.4 146.2 145.2 145.3 145.4 146 146.1 147 148.6 149.8 151.3 153.1 155.2 159.7
191.7 207.1 215.8 214.9 215.3 216.8 221 227.7 232.7 236.1 238.9 244.1 249.1 251.9 254.9 256.4 256.2 254.4 257.5 261.8 263.8 264.6 264.8 265.1 264.9 264 263.3 262.3 261 260 258.9 258.1 257.3 256.6 256.2 255.5 253.7 250.6 247.4 246.3 244.1 240.7 235 230.7 225.5 222.2 219.6 217.5 214.3 211.1 207.7 203.6 199 193.6 188 182.4 177 172.1 167.9 163.6 161 157.1 150.9 145.5 145 146.2 145.3 145.8 146.2 146.6 146.5 148.6 149.8 151 153 154.5 158 163
194 210.3 220.9 221.7 223.1 223.5 224.5 228.5 232.9 238.4 243.6 247.9 251.1 253.5 255.6 257.4 259.5 259.5 259.8 261.4 264 265.1 265.1 265 264.6 263.8 262.9 261.9 260.9 260 259.2 257.8 257 256.8 256 255.4 254.9 253.1 248.4 246.7 245.9 243 239.7 235.8 230.6 226.2 222.7 218.9 215.6 211.4 207.7 203.5 198.4 191.5 185.8 180.7 175.4 170.6 166.1 162.2 158.6 153.8 144.8 144.4 146.4 150.3 150.5 149.9 149.1 149.9 150.6 150.7 152.1 153.2 155.2 157.4 161.6 168.3
198.2 212.4 220.2 222.9 225.3 227.6 229.1 232.1 234.6 237.6 242.7 247.4 252.9 255.8 257.8 260.2 261.5 262.5 262.9 263.8 264.3 264.3 264.8 264.6 264.1 263.8 263 261.8 260.9 260 258.8 257.3 255.7 255.7 255.5 255.4 254.7 253.5 249.5 247.9 246.9 244.7 241.9 239.7 235.5 229.9 226.1 221.7 216.8 212.6 208.2 203.2 198.7 192.4 185.5 179.1 173.3 167.7 163.5 160 154 148.8 144.8 144.6 152.1 156.9 156.3 155.3 153.5 153.9 153.4 153.9 155.7 156.7 159 162.2 169.1 177.8
203.6 215.7 221.3 224.7 226.8 228.4 230.9 232.9 236 238.5 242.3 246 249.1 251.8 255 257.5 259.5 260.9 262.4 263.6 264.8 264.3 263.4 262.8 263.9 263.9 263.2 262 261 259.9 258.6 257 255 254 254.8 254.6 253.7 252.5 249.4 247.4 246.6 245.1 242.6 241.2 239.4 234.4 229.6 225.7 219.6 213.1 208.7 204.1 198.9 192.5 185.7 179.6 173.5 168.3 163.6 160.5 157.4 152.6 145.6 144.8 149.9 158.6 159.7 160.6 160.1 159.5 158.8 158.8 159.8 161.2 165 170.3 179.7 183.7
209.3 218.2 221.9 224.8 226.6 227.6 231 233.3 236.3 237.5 240.3 243 245.8 247.5 249.4 252 254.1 255.9 257.8 258.8 260.1 260.2 260.5 260.8 262.9 263.8 263.2 262.1 260.7 259.5 258.3 256.5 253.8 252.5 253.4 253.9 253.1 252.1 250.4 246 244.8 243.3 241.5 240 240.1 238 233.6 229.6 223.7 214.6 209.8 204.7 198.7 193.2 187.1 181 175.5 170.2 165.9 162.4 159.6 156.2 150.3 144.8 145 153 159.8 164.7 167.5 168.8 168 167.6 169.1 170.9 176.2 182.4 186.1 187.8
212.1 217.3 221.5 223.9 225.7 226.9 231.7 234.9 235.7 235.9 237.7 240.5 242.4 244 245.3 246.8 248.6 250.3 251.5 252 253.6 254.3 255.3 257.7 260.5 261.6 261.5 260.3 258.9 257.7 256.6 254.7 251.9 250.3 252.8 253.3 252.9 252.5 251.2 247.8 244.8 241.4 239.3 237.3 236.7 236.2 232.8 232.6 227.8 218.8 209.5 205.1 199.1 193 187.5 181.1 175.9 170.7 166.6 163.2 160.7 158 152.7 145.6 144.8 144.8 153.1 162.8 172.8 178.9 182 182.3 182 183.7 187 189.4 191.1 190.6
212.5 216.9 219.8 222.3 223.3 226.9 231.6 234.6 234.3 233.6 235.1 237.3 238.9 239.5 239.4 241.1 242.7 245.1 247.4 247.9 248.9 249.7 250.9 253.4 256.2 257.7 257.7 255.5 253.7 252.4 252 251.1 248.3 250.2 252.4 253.1 253.2 252.9 251.8 250.7 248.3 243.3 242.3 239.6 235.4 231.2 225.9 223.7 221.5 215.2 204.8 200.7 196.9 190.4 184.1 177.7 172.1 166.4 162.7 159.9 158.9 153.3 148.2 149.1 151 145.6 145.1 154 168.2 181.9 190.7 191.7 190.2 191.3 193.5 194.7 192.7 191.6
210.9 214.3 217.9 220.1 221 223.2 228.3 231 231.6 231.8 232.8 233.2 233.9 233.7 233.8 235.3 237.5 240.1 242 244.4 245.5 246.4 247.9 250.4 252.7 254.1 254.5 251.4 248.8 246.9 245.9 245.5 244.8 248.9 251.2 252.5 253.1 252.8 252.3 251.6 250.5 248.6 241.7 242.3 240.8 238.4 233.8 226.7 217.9 211.3 202.8 195.4 189.7 184.7 180.2 175.8 171 167.9 164.7 160.7 156.9 154.3 154.8 156.6 157 153.5 145.4 144.6 157.7 175.6 188.5 191.3 192.2 195.4 196.7 196.9 194.5 192.5
207.3 213.3 215.5 217.4 218.8 221.1 221.8 224.8 227.7 228 228.6 227.9 228.3 228.7 229.2 230.7 233.2 235.2 237.1 240.3 241.9 243.4 245.5 248.1 250.2 252.1 253.8 253.1 250.9 248 244.6 243.6 244.7 244.7 247.7 249.5 251.7 251.8 252.1 251.8 250.9 249.8 248.3 241.1 241.9 240.4 238.2 235.1 230 222.1 212.6 204.8 199.9 194.4 187.1 179.9 176.4 173.1 170 165.3 161.2 161.4 159.6 158.7 158 155.9 151.6 145.3 149.5 167.6 180.6 188.6 193.2 195.5 196 195.4 194.3 192.6
202.6 209.4 214.6 216.5 216.8 217.4 218.2 220.5 221.5 221 221.1 223.5 224.1 223.8 224.8 226.3 227.9 230 232.9 236.2 238.6 240.7 243.5 245.9 248.1 250.5 253.5 253.1 251.1 248.3 244.5 240.9 243.5 241.9 243.9 245.4 247.1 248.8 250.4 250.7 250.5 250.2 249 246.9 241.3 241.7 237.9 235.1 235.5 230.4 220.9 209.1 203.3 194.9 188 185.4 181.4 176.7 172.6 167.8 166.5 165.3 161.8 159 157.2 156.4 153.2 146.6 144.8 158.8 170.8 181.2 188.4 191.4 192.3 191.9 190.7 189.4
199 206.1 209.6 210.7 213.4 214 216.4 217.4 217.6 217.2 216.1 219.5 220 219.1 220.4 221.3 222.7 225.1 227.3 230 234.2 238.1 240.9 243.7 245.9 248.5 251 250.1 248 246 243.3 242.3 243.8 243.2 244.1 245.2 246.2 247.5 247.5 248.1 248.3 248.9 248.6 247.9 246.9 245 243.2 234.3 233 231.5 224.5 211 203.4 197.5 194.4 190.4 185.2 179.5 174.3 173.2 171.1 167.1 163.6 160.7 157.3 155.2 151.5 147 143.2 151.1 161.8 171.6 178.9 182.9 184.6 184.8 184.2 183.5
192.7 199.7 203.5 204.6 205.4 211.9 214 214 214 212.1 212.5 216 215 214.3 215.3 214 213.9 217.4 223.4 229.5 233.9 236.6 239.1 241.9 244.2 246.5 247.3 245.7 244.1 242.7 239.4 240.7 244.1 246 247.1 247.6 247.6 247.4 246.7 246 246.3 246.3 246.5 247 247 246.3 244.9 240.5 231.3 231.7 228.8 220.2 208.8 202.9 198.7 193.2 186.6 180.9 179.6 177.4 173.2 169.3 165.3 161.6 158.3 155.1 151.1 145.3 143 146 156 164.5 170.2 173.6 174.9 174.5 171.9 167.1
185.9 191.3 194.7 195.9 196.6 201.8 205.8 208 208.8 206.4 209.9 212.2 210.5 209.6 207.6 207.2 212.9 219.3 222.9 227.6 231.2 234.5 237.2 240.4 243.2 245 244.1 243 241.4 239 234.5 239.3 242.7 244.4 245.5 246.3 246.9 246.7 246.8 247 246.1 245.4 245 244.6 244.4 244.3 245.4 244.5 240.5 238.2 235.8 228.9 219 209 201.5 195.4 189.5 186.2 183.5 178.5 173.5 169.6 165.6 161.6 159 155.9 152.5 147.5 144.4 142.9 150.1 159.6 163.8 165.5 165.4 162.5 157.3 151.6
182.6 187.2 193 193.4 191.2 194.1 198.1 200.8 200.8 202 207.6 208.1 206.4 198.6 198.4 204.6 211.4 216.3 220 224.7 228.5 232.7 236.5 240.4 242.7 243.7 242.7 240.5 237.9 234.3 231.1 238.2 240.5 242.3 243.3 244 244.6 244.9 245.5 246 246.1 245.3 244.9 243.9 242.5 242.2 243.1 243.9 243.3 242.8 240.7 235.9 228.3 218.3 207.7 198.2 192.5 189.1 183.4 178.2 172.8 168.2 164.5 161.3 158.6 156.2 153.6 149.4 145 142.9 144.3 153 158.3 158.2 156.5 151.6 146.3 143.2
