public/OST50/SP21.asc
ncols 200
nrows 200
xllcorner 420000
yllcorner 210000
cellsize 50
[rows 0 to 34 of 200, columns 78 to 155 of 200]
154.8 153.8 152.2 150.5 148.3 144.7 140.9 138.4 137.7 139.5 139.7 138.9 138.9 138.8 138.8 138.6 137.7 136.6 135.5 134.3 133.5 132.4 131.1 129.7 128.2 126.9 126 125 126 129 130.7 132.1 132.1 132.1 131.6 131.1 130.6 129.7 128.9 128.1 127 124.8 122.1 119.9 118.8 119 119.3 118.8 118 116.9 115.8 114.4 112.7 110.8 109.3 107.7 105.9 104.2 102.1 99.9 99.6 99.6 99.2 99.4 99.6 99.7 99.9 100.4 100.5 100.9 101.8 103.8 105.7 107 108.2 108.1 108 108.4
151.7 150.2 149.9 148.9 146.2 143.5 139.7 137 137.4 139.7 139.7 139.1 139.8 140.6 140.8 140.8 139.8 138.6 137.4 136.1 134.8 133.6 132.1 130.7 129.2 127.8 126.3 123.9 124.6 127 129.5 130.9 130.9 131.1 130.8 130.4 130 129.4 128.6 127.8 126.8 125.1 123.2 121.2 121 120.8 120.4 120.1 119.6 118.7 117.6 116.1 114.4 112.6 110.8 108.9 107 105.2 103.1 100.8 99.5 99.5 99.8 99.8 99.8 99.8 99.9 99.9 100.2 100.8 101.4 103.2 105.2 106.6 106.8 107.1 107.7 108
149.4 147.4 147.7 145.9 144.3 142 138.2 135.2 136 138.1 137.1 138.2 140 142.1 142.1 141.9 140.9 139.7 138.6 137.2 135.8 134.1 132.6 131.2 129.7 128.3 126.9 125 123.5 125 127.2 129.5 130.3 130.3 130 129.6 129.2 128.8 128.1 127.2 126.5 125.5 123.8 123.1 122.6 122.3 122 121.4 120.7 120 119.3 117.8 116.1 114.3 112.5 110.3 108.1 106.2 104.1 102.1 99.6 99.7 99.9 99.7 99.6 99.6 99.7 99.7 99.9 100.6 101.3 102.1 104 105.3 105.2 105.7 107.1 108.7
146.5 144.3 144.1 142.4 139.6 138.2 135.1 133.4 133.3 133.9 134.7 137.8 140.8 142.3 142.8 142.4 141.4 140.1 138.9 137.7 136.3 134.7 133.1 131.7 130.3 128.8 127.4 125.9 124.2 123 124.8 127.3 128.8 129.3 129 128.7 128.4 128.1 127.3 126.5 125.9 125.2 124.8 124.3 123.8 123.7 123 122.4 121.7 121.1 120.3 119.5 117.8 116.1 113.9 111.6 109.3 107.3 105.5 103.6 101 99.5 99.3 99.3 99.4 99.4 99.5 99.5 99.6 100.3 101 101.5 102.9 104.6 105.3 107.2 108.5 109.7
142.6 140.6 139.4 137.8 135 134.3 133.2 132 131.3 131.9 134.4 138.3 141.5 142.5 143.1 143 141.8 140.3 138.8 137.6 136.5 135.2 133.6 132.2 130.8 129.3 127.9 126.1 123.6 121.5 122.7 124.6 126.7 127.9 128.1 127.9 127.6 127.3 126.2 125.5 125.2 125.2 124.7 124.3 124.3 124.3 123.7 123.1 122.3 121.7 121 120.3 119.1 117.2 115.2 112.8 110.5 108.9 107.1 105.3 102.8 99.9 99 99 99.2 99.3 99.3 99.3 99.4 100.1 99.9 101.5 103.3 105.2 106.9 108.2 109.5 110.8
138.5 137.1 135.5 134 133 132.2 131.4 130.5 130.1 132 135.2 138.8 141.3 142.6 143.3 142.6 141.7 140.4 139 137.6 136.4 135.2 134.1 132.6 131 129.5 127.9 126.7 124.8 122.5 120.1 121.9 124.3 126.3 127.3 127.1 127 126.1 124.9 124.1 123.8 123.9 123.9 124.3 124.4 124.7 124.3 123.7 122.8 122.2 121.6 120.9 119.8 118.1 116 114.6 112.3 110.5 108.7 107 104.5 102.3 100.1 99.3 98.8 98.8 98.5 98.7 99.2 99.3 102.9 102.3 104 105.8 107.3 108.6 109.9 111.3
135.2 134.3 133.4 131.9 131.1 130.1 129.7 129.5 129.9 132.6 136 139.2 141.3 142.2 142.7 141.8 141.1 140.1 138.8 137.5 136.2 135 133.8 132.5 131 129.6 128.2 127.1 125.7 123.9 121.2 119.8 122.1 124.8 126.4 126.6 126.4 125 124.2 122.7 122.3 122.3 122.4 123.1 123.9 124.7 124.6 124 123.3 122.7 122.2 121.4 120.3 119 117.6 116.6 114.3 112.1 110.3 108.4 105.5 102.8 100.9 99.7 99.2 99.3 98.6 99.3 98.5 98.2 100.6 102.9 104.4 105.9 107.4 108.8 110.1 112
137.9 134.4 132.8 131 129.9 129.2 128.7 128.7 130.5 133.3 136.5 138.7 140.2 141.4 142.1 141.3 140.6 139.9 138.6 137.2 135.8 134.6 133.5 132.3 130.8 129.4 128.6 127.4 125.9 124.8 122.4 119.4 120.3 123 125.4 125.8 125.7 125 124.2 122.2 120.8 120.7 121 121.8 123.4 124.2 124.1 123.4 123.2 122.8 122.2 121.8 121.2 119.8 119.2 118.2 115.6 113.8 111.7 108.8 105.9 104.2 102.2 100 99.1 99.2 98.9 98.7 99.2 97.3 98.9 103.3 104 105.8 107.5 108.9 110.3 111.7
137.9 134.1 132.1 130.6 129.2 127.7 127.7 127.9 130.6 133.5 136 137.9 139.1 140.3 141.3 140.8 140.1 139.4 138.1 136.9 135.6 134.3 133.2 132 130.7 129.3 128.2 126.4 124.3 123.8 122.1 120 118.7 121.2 123.9 124.9 125.1 124.7 124.1 123.1 120.2 119.3 119 120.7 122.7 123.6 123.4 123.2 123.2 123 122.2 121.8 121.3 120.5 120.1 118.7 116.8 114.8 112.2 109.9 107.9 105.3 103.3 101.2 99.1 98.8 98.4 99.1 99.2 99.2 99.3 99.7 103.6 105.6 107.1 108.5 109.9 111.3
136.8 133.6 131.5 130.2 128.9 127.5 126.1 127 129.8 132.6 135.1 136.6 137.7 139.1 140 139.8 139.5 138.3 137 136.2 135 133.9 132.8 131.6 130.4 129.2 127.2 125.2 122.9 121.6 120.4 119.1 117.7 119.1 121.6 123.4 124.7 124.5 124.1 123.9 122.4 116.1 114.9 119.2 121.9 123.1 123.3 123.3 123.2 123.1 122.3 121.4 121.5 120.6 119.8 118.7 117.1 115.5 113.2 111.3 108.6 105.9 103.3 101 99.3 98.5 99 99 99 99.1 99.1 96.8 103.3 105.2 106.6 108 109.4 110.8
135.6 132.7 131.6 130.1 128.8 127.6 125.9 126 128.8 131.5 133.7 135 136.3 137.7 138.7 138.5 138 137.2 136.3 135.5 134.6 133.5 132.4 131.2 129.7 128 126 124.1 123.5 122.8 121.8 120.6 118.8 117.2 119.3 121.8 123.5 124.3 123.8 123.3 122.5 118.9 113.3 117.9 121.1 122.7 123.1 123.3 123.2 123.1 122.3 121.5 120.8 120.2 119.4 118.6 117.1 116.2 114.5 112.5 109.3 106.6 103.9 101.3 99.3 99 98.8 98.8 98.8 98.6 98.8 98.7 100.8 104.7 106.1 107.5 108.8 110
134 132.4 131 131 129.6 127.6 126 124.4 127.3 129.7 131.5 132.8 134.7 136.4 136.1 135.3 135.1 135.2 135.5 135.2 134.3 133.1 132 130.7 129.3 127.6 126 125.6 124.8 123.7 122.8 121.7 120.1 117.4 116.5 119.1 121.3 122.5 123.2 122.6 122 120 113.3 116.3 120.1 122.3 122.7 122.9 122.8 122.7 121.6 120.8 120.2 119.5 118.8 118.1 117.4 116.6 115.6 113.6 110.4 107.2 104.8 102.6 100.4 99.2 98.5 98.5 98.5 98.5 98.3 97.6 100.3 103.5 105.5 106.9 108.1 109.1
133.4 130.9 130.9 130.9 128.8 126.8 125.6 123.8 125.8 128.2 129.4 131 132.8 134.2 133.5 131.5 131.5 133.2 134.8 134.7 133.9 132.7 131.5 130.2 128.8 127.7 126.8 126.2 125.3 124.3 123.4 122.4 120.8 118.5 116.4 116.8 118.3 120.2 121.7 122.1 121.6 119.6 114.7 116.2 119.8 121.9 122.1 122.3 122.6 121.8 120.8 120.2 119.5 118.9 118.2 117.6 117.2 116.5 116.1 114.3 111.3 109.1 106.8 104.3 101.5 99.8 98.7 98.3 98.3 98.2 97.9 98.9 100.7 103.6 104.8 106.3 107.4 107.3
132.1 129.9 129.8 128.4 126.8 125.9 124.9 123.7 124.9 126.3 127.9 129.4 130.8 131.2 130.7 128.8 130.1 132.8 134.1 134.2 133.3 132.2 131 129.8 128.6 127.9 127.2 126.5 125.4 124.6 123.6 122.8 121.7 119.6 117.6 116 115.8 117 119.6 121 121.2 119.2 115.6 115.6 119.8 120.8 121.4 121.7 122.2 120.9 120.1 119.4 118.9 118.2 117.6 116.9 116.6 116.6 116.2 114.8 113.5 111.2 108 105.3 103 101.1 99.2 98.3 98.1 98.1 97.9 98.2 99.8 102.4 103.3 105.6 105.6 105.2
134.6 132.6 130.3 129 128 126.3 124.9 124.4 123.7 124.6 125.8 127.1 127.6 128 127.5 127.4 128.9 132.4 133.6 133.7 132.6 131.5 130.4 129.3 128.6 127.7 126.4 125.4 124.5 123.6 123.3 122.8 122.1 120.6 118.7 117 115 114.8 117.4 119.4 120.2 118.8 114.8 115.2 118 119.6 120.2 120.7 120.2 119.6 118.8 118.4 118 117.3 116.8 116.4 115.7 116.2 115.7 115.3 114.1 112.1 109.4 107.5 104.6 102.6 100.3 98.6 98.2 96.6 98.1 98.2 99 100.9 103.3 104.2 104.2 103.8
137.8 134.5 131.3 129.9 128.7 127.2 125.8 124.7 123.5 122.7 122 124.3 125.4 125.3 125.5 126 128.2 131.4 132.7 133 131.9 130.8 129.7 128.8 128.3 126.6 125.3 124.2 123.5 122.6 122.6 122.3 121.7 121.5 120 118.2 116.2 114 114.6 116.6 117.7 117.3 114.4 114 116.4 117.9 118.9 118.8 118 117.3 117.3 116.9 117.2 116.7 116.5 116.1 114.7 114.8 114.9 115.2 114.1 113.1 111.2 108.8 106.7 105.1 102.1 99.1 98.3 96.7 98.1 98.1 98.2 99.4 101.5 103 102.3 101.7
142.1 136.1 133.6 131.8 130.4 128.9 127.1 125.4 123.2 122.6 122.5 122 122.5 123 123.6 124.7 127.2 129.1 130.9 131.2 130.8 130 128.8 128 127.4 125.4 124.1 123.1 122.2 121.2 121.6 121.7 121.3 120.9 120.6 119.3 117.5 115.3 113.2 113.4 114.6 114.2 112.6 112.4 114.5 116 116.6 115.5 114.7 114.1 114.7 114.7 114.7 115.3 116.2 115.9 114.4 113.3 113.9 114.6 114.2 113.5 112.4 111 109.3 107.4 104.9 101.9 98.2 97.8 97.9 97.9 98 98.4 99.2 100.6 100.6 101.2
144.8 138 136.7 135.3 135 132 128.7 125.8 125.3 124.2 122.7 121.5 121.1 121.6 122.2 123.7 125.8 127.6 129 129.3 129.4 128.1 126.5 125.7 126.1 124.2 123 121.9 120.9 119.4 119.5 120.1 120.7 120.6 120.5 119.7 118.6 116.6 114.6 113.3 112.6 112.4 111.6 111 110.7 112.7 112.7 112.3 111.5 111.2 111.8 111.8 112.2 113.6 115 115.5 114.4 112.9 112.7 113.7 113.9 113.1 112.6 112 110.9 109.4 107.3 105 101 97.7 97.8 97.9 97.9 97.9 98.2 99.3 103 100.5
145.3 142 141.3 139.9 139.9 134.9 129.7 127.5 127 124.9 122.9 121.5 120.4 120.8 121.7 122.8 124.3 125.9 126.5 126.9 127.4 126.2 124.1 123.4 123.5 122 120.8 119.7 118.8 117.6 117.5 118 118.4 119.2 119.9 119.5 118.7 118.2 116.4 115.2 114 113.3 112.4 112 111.3 110 109.7 109.3 109 108.9 109.1 109.1 109.9 112.1 113.5 113.9 114.4 112.8 111.2 112.4 113 112.7 112.3 111.7 111.2 110.3 108.6 106.6 103.7 100 97.7 97.2 97.9 97.8 97.8 97.9 98.8 100
146.9 146.8 145.6 144.1 140.9 135.4 132.5 129.9 127.1 125 123 122.6 121 120 120.7 121.2 122.3 123.4 123.9 124.4 124.4 123 121.4 121.1 120.8 119.4 118.2 117.1 116.4 115.6 114.9 115 116.1 117.7 118.9 119 118.6 118.1 117.6 116.9 116.2 115 113.9 113.4 112.3 111.4 110.7 110.3 109.4 108.6 108.3 108.1 107.9 109.6 111.1 112.4 112.9 112.7 110.6 110.7 111.9 112.1 111.9 111.5 111 110.2 108.4 106.1 103.5 102.2 100.2 98.2 96.1 97.5 97.7 97.4 97.4 98.8
150.1 150.3 148.5 145.7 141.4 139 135 131.3 127.6 125.2 123.9 122.6 121 119.7 119.6 119.8 120.1 120.9 121.3 121.7 121.4 120 119 118.5 118 116.7 115.4 115.3 114.9 114.6 114.3 114.3 114.1 114 117 118.1 117.9 117.8 117.2 116.7 116.4 116.3 115.5 114.7 114 113.3 112.9 112.3 111.4 110.4 109.4 108.1 107.1 107.2 107.7 109.5 111.2 111.8 110.7 109.2 110.3 111.5 111.5 111.2 110.6 109.3 107.8 106.8 105.7 104.4 103 100.4 98.1 97.3 96.3 96.9 96.9 96.9
154.3 152.6 149.8 146.4 144.5 141 137.2 132.3 128.4 126.4 124.5 122.9 121.7 120.5 119.4 119.1 119 118.8 117.9 117.3 117.7 117.5 117.1 117 115.9 115.9 115.6 116.8 116.2 115.8 116.8 114.2 113.3 113.4 113.5 115 116.3 116.6 117 116.9 116.5 116.4 116.2 115.8 115.2 114.4 113.8 113.7 112.9 112.1 111 109.5 107.9 105.9 105.8 107.2 108.9 110.4 110.2 108.1 108.8 111.2 111.3 111 110.8 110.3 109.3 108.5 107.5 106.4 104.9 102.8 100.4 98.8 97.7 96.7 96.6 96.4
156.5 153.2 150.2 147.3 145.2 142.5 138 132 128.9 127 125 123.2 122 121 120.1 119.4 118.3 118.6 117.8 117.5 117.4 117.2 116.9 117.9 117.9 118.4 118.6 118.6 118.2 117.7 115.9 115.2 113.4 113.2 113 112.3 114.2 114.6 115.2 115.8 116.4 116.5 116.2 115.8 115.2 115 114.8 114.6 113.8 113.2 112.6 111.3 109.1 107.6 105.9 105.5 106.2 107.9 109 107.6 107.6 110.1 110.3 110.7 110.6 110.6 110.3 109.7 108.8 107.3 106.1 104.7 102.2 100.1 98.6 97.3 97.3 96.9
156.8 154.4 150.9 147.7 144.3 139.4 136.3 132.5 130.5 127.6 125.4 123.6 122.4 121.5 120.9 120.2 119.3 118.3 118.7 119.1 119.6 120.1 120.2 121 121.1 121 120.9 120.4 120 119.6 118.4 116.8 115.1 113.7 112.4 112.1 111.6 112.4 112.9 113.4 114 114.6 114.4 114.5 114.8 114.8 114.8 114.3 114 113.7 113 112.4 110.7 109 107.4 105.4 104.9 106 107.7 107.7 106 108.3 109.1 109.8 109.8 109.9 110.1 109.5 109.2 108.3 107.3 106.3 103.9 101.6 99.7 98.1 97.6 97.4
158.2 154.3 150.6 146.7 143 141.2 138.9 135.3 132.7 128.9 126 124.1 123 122.2 121.5 120.6 119.7 119.3 120 120.7 122 122.7 122.7 122.8 122.7 122.4 121.9 121.2 120.6 120 119 117.7 116.1 113.9 113.2 112.3 111.7 111.5 111 110 111.8 112.4 112.1 112.1 112.8 113.1 113.3 113.6 113.7 113.9 113.3 112.3 111.5 110.3 108.6 106.7 104.6 104.3 105.6 107.5 105 106 107.3 108 108.8 109.5 109.8 109.4 109.1 108.7 107.7 106.7 105.3 103 100.8 98.9 97.8 97.7
159.2 155.2 152.6 148.9 146.2 144.3 141.6 137.7 133.4 129.2 126.8 125.1 123.8 122.7 121.8 120.9 120 119.5 119.5 120.4 121.1 122.1 123.2 123 122.5 122.2 121.7 120.9 120.3 120 118.8 117.3 115.8 115.2 114.5 113.5 112.5 111.7 110.3 110 109.6 109.8 109.3 110 110.5 110.5 110.4 111.3 112 112.4 112 111.6 110.9 109.9 108.7 106.9 104.8 103.8 104.6 104.3 102.9 103.8 104.5 105.3 105.7 107 107.4 108.4 108.4 108.2 108 106.9 105.8 104 101.6 99.6 98.3 97.8
160 157.3 154.4 151.1 148.1 145.1 141.4 137.6 133.3 129.4 127.7 126.1 124.6 123.2 122.2 121.3 120.4 120 119.7 119.4 119.9 120.8 122.3 122.6 122.2 121.9 121.4 120.7 120.3 119.9 118.5 116.9 116.5 116 115.6 114.9 114.1 113.1 112.1 110.9 110.3 109.3 108.8 108.4 108 107.6 107.3 107 108.7 110.1 110.4 109.9 109.3 107.9 106.1 104.8 104.4 103.2 103.4 103.2 102.5 102.9 102.8 102.6 102.3 103.7 104.7 105.5 106.8 107.2 107.2 106.7 105.8 104.1 102.1 100.2 98.9 98
160.7 157.6 154.7 151.4 148.2 145 141.2 137.4 133.3 130.2 127.8 126.4 124.8 123.4 122.5 121.6 120.7 120.4 119.9 119.5 119.4 119.4 120.9 122 121.9 121.5 121.1 120.6 120.3 119.8 118.8 117.3 116.7 116.8 116.6 116.4 115.7 114.5 113.4 112.3 111.3 110.4 109.8 109.1 108.4 107.7 106.9 106.6 105.8 106.6 107.8 107.4 107 105 104 103.8 103.4 102.2 102.4 103 102.3 102.2 101.9 101.5 100.8 102 101.1 102.5 104 105.6 106.2 105.7 105.2 103.9 102.4 100.6 99.3 98.2
161.3 157.9 154.9 151.6 148.4 144.9 141.2 137.5 133.6 130.7 128.4 126.5 124.9 123.7 122.7 121.6 120.7 120.3 119.8 119.5 119 118.6 119.6 121.4 121.4 121.3 120.9 120.5 120.1 119.6 118.8 117.9 117.5 117 116.7 116.3 116.8 115.1 113.9 112.7 112.4 111.6 111.2 110.5 110.1 109.5 108.9 107.6 106.5 105.4 105.2 104.5 104.2 104.1 104.2 104.9 104.5 104.7 104.9 105 104.5 103.7 103.1 102.5 101.6 101 101.7 100.8 101.2 102.9 104.2 104.5 104.2 102.9 101.6 100.4 99.2 98.3
161.6 158.1 155.1 151.9 148.6 145 141.4 137.7 133.9 131.3 128.8 126.5 124.6 123.4 122.3 121.3 120.3 119.8 119.1 118.7 118.3 117.9 118.4 120.4 120.9 121.1 120.8 120.6 120 119.5 118.6 117.9 117.4 117 116.6 116.3 116.2 115.3 114.4 113.5 113.2 112.9 112.6 112.2 111.6 111 109.6 107.9 106.2 105.2 104.9 104.5 105.8 105.8 106.8 106.3 105.4 106.3 107.2 107 106.2 105.3 104.6 103.5 102.1 101.4 100.8 100.7 100.2 100.5 100.8 101.8 101.9 101.5 100.2 99.1 98.5 98.3
161.9 158.6 155.3 152 148.6 145.2 141.5 137.8 133.8 130.9 128.3 126.2 124.2 122.9 121.9 120.9 119.8 119 118.2 117.8 117.5 117.1 117.5 119.3 120.5 120.8 120.8 120.7 120.1 119.2 118.6 117.8 117.2 116.8 116.4 115.6 114.9 113.9 112.8 112.2 111.6 111.3 110.9 110.9 110.7 110 108.4 106.9 105.6 105.4 106 106.4 107.9 108.7 108.4 106.8 106.7 108.4 108.5 108.2 107.4 106.2 105.1 104 103.5 103.3 102.6 101.9 101.4 101.1 100.4 100 99.6 99.8 98.8 98.8 98.8 98.6
162.1 158.7 155 151.3 147 143.3 139.9 136.6 132.8 129.8 127.8 125.9 123.8 122.5 121.5 120.3 119.1 118.2 117.4 117 116.6 116 116.7 118.2 119.3 120.1 120.5 120.7 119.7 118.7 118 117.5 116.3 115.3 114.4 113.3 112.6 111.5 110.5 110.1 109.6 109.4 109.1 109.1 108.8 108.3 106.4 106.3 106.4 106.7 108.3 109 109.8 110 108.9 107.3 108.5 109.3 109.2 108.7 107.8 106.8 105.5 105.4 105.5 105.1 104.5 103.4 102.1 101.8 99.4 99.6 99.4 99.2 99 98.8 98.8 98.8
162.1 158.7 155.3 151.3 147 143.1 138.9 134.8 131.7 128.9 127 125.2 123.3 122 120.9 119.7 118.5 117.4 116.7 116.4 116.1 115.8 115.8 117.1 118.3 119.3 119.9 119.6 118.8 117.9 116.9 115.5 114.4 113.2 112.1 111.2 110 108.7 109 109 109 108.8 107.9 108 107.4 107.2 107.1 107.5 108.1 109.5 110.5 110.8 110.5 110.2 109.3 107.9 109.5 109.7 109.5 109 108.1 107.2 106.5 106.4 106.3 106 105 104.1 102.1 99.6 99.9 99.9 99.9 99.6 99.3 99.2 99.5 99.7
162.5 159 155.7 151.9 147.5 144.1 141.3 138.4 134 129.4 126.5 124.6 123 121.7 120.4 118.9 117.2 117.9 117 116.6 116.1 115.9 115.7 116.1 117 117.4 118.1 117.2 116.2 115.3 114.5 113.5 112.5 111.3 110.4 110.2 110.5 110.5 110.3 109.9 109.6 108.8 107.8 107.4 107.8 108.2 108.5 109.7 110.9 111 111.2 110.7 110.6 110.4 109.4 109.2 109.8 109.9 109.6 109.1 108.3 107.9 107.7 107.4 106.9 105.7 104.8 102.8 100.9 100.3 100.4 100.3 100.7 100.7 100.9 101.3 101.6 101.2
162.8 159.3 156 152.3 149.3 146.1 143.2 139.9 134.5 129.5 126.3 124.5 122.7 121.6 120.6 119.1 119.2 118.4 117.6 116.9 116.5 115.9 115.5 115.4 114.9 115.1 115.2 114.6 113.6 112.8 112.8 112.6 112 111.8 112.1 112.3 112.4 112.2 111.7 111.2 110 108.9 108.2 108.7 109.3 110 110.6 111.4 112.1 111.8 110.8 111.2 110.9 110.5 109.7 109.8 110.2 110.2 109.9 109.4 108.7 108.3 108 107.1 106.6 105.4 103.7 101.6 100 100.9 101.1 102.1 102.9 103.5 103.4 103.7 103.5 102.3
