public/OST50/SP21.asc
ncols 200
nrows 200
xllcorner 420000
yllcorner 210000
cellsize 50
[rows 70 to 104 of 200, columns 0 to 77 of 200]
183.8 186.7 189 191 192.9 194.8 196.1 196.9 197.4 197.9 198.4 198.8 199 198.4 198.6 199 199.9 199.5 199.7 198.8 197.1 194.5 191.9 189.2 185.8 181.4 175 165.8 163 162.6 162.1 158.8 155 153.3 149.8 145.2 142.3 142.6 144.1 148.7 144.7 145 141.4 139.4 138.8 138.3 137.2 135.8 135.5 130.1 128.9 134.3 133.2 126.5 125.6 128.6 133.5 135.2 135.3 134.4 130.5 125.3 138.6 143.2 147.4 151.3 154.7 157.1 159.1 161.2 162.3 163.2 163.7 163.9 163.3 163.1 166.2 169.3
183.2 186.2 188.7 190.6 192.6 194.5 195.7 196.2 196.8 197.3 197.8 197.7 197.5 197.7 198.6 198.8 199.8 200.5 200.9 199.9 198.1 195.4 192.7 189.9 186.4 182.3 176 173.4 172.2 169.6 167.6 163.7 161.9 158.9 153.6 151.9 150.6 149.4 151.3 149.1 151.7 151.2 145.9 146.9 145.9 146.6 146.4 145.6 143.6 138.5 131.2 127.2 126.4 131.7 131.9 127.4 124 126.4 127.8 128.8 127.1 124.1 138.3 143.6 147.6 151.2 153.7 155.3 156.6 157.8 158.3 158.1 157.5 157.4 160.4 165 168.4 171.3
182.8 185.8 188.2 190.3 192.2 193.9 195 195.6 196.2 196.7 196.5 196.4 195.9 196.6 197.7 198.5 199.8 201.2 201.5 200.5 199.4 196.6 193.8 190.9 186.5 183 182.9 181.1 176.9 175 172 170.6 169 165.2 157.6 160.4 160.1 157.4 153.7 151.7 154 150.2 146.6 148 149.2 150.3 150.3 148.5 144.8 137 136.8 137.8 137.6 141.7 140.6 136.6 133.2 125.3 126 124.1 123 123.3 137 143.5 147.1 149.9 151 150.5 151.4 151.4 150.1 149 152.8 159 163.2 166.2 169.4 172.9
183.3 185.5 187.8 189.6 191.3 193 194 194.8 195.3 195.3 195.2 193.9 192.8 194.9 197 198 199.3 200.5 201.9 201 200.1 198 195.1 192.2 190.5 189.1 187.2 184.5 181.7 179.8 177.4 176.1 173.4 167.2 165.2 167.6 165.2 161.4 156.2 155.8 155.4 151.5 151.8 152 152.9 153.9 152.9 148.1 141.5 140.7 145 144.6 145.4 145.4 142.4 139.3 136.8 130.8 136.7 134 127.2 122.7 135 140.9 145.5 147.2 145.8 143.9 143.6 142.9 145.1 152.4 157.4 160.8 163.8 166.4 169.6 173.5
182.3 185.1 187.4 188.9 190.4 192 193.1 193.4 193.7 193.9 192.8 190 192.1 195 196.7 197.6 199.2 200.6 201.9 201.2 200.2 198.8 196.6 194.8 193.3 191.7 189.5 186.8 185.3 183.5 181.8 179.9 175.3 172.9 172.3 171.4 168.2 164.3 159.6 159.7 157.7 157.5 157.4 157.3 157.7 157.3 154.6 147.3 143.9 148.8 151 149.9 149.9 148 143.3 138.2 135 138 138.7 135.8 129.5 122.2 132.4 138.5 143.3 142.4 139.5 137.4 139 144.7 149.6 153.6 157.3 160.4 163.4 166.5 170.1 173.6
181.8 184.7 186.7 188.1 189.5 190.4 191.5 191.8 192.1 191.4 188.2 188.1 192.5 195.4 196.5 197.3 198.9 201 201.9 201.2 200.4 199.6 198.1 197 195.4 193.5 191.4 190 188.2 186.6 184.4 181.7 179.3 178.1 176.6 174.4 171.6 168.1 163.4 163.6 162.6 162.8 162.5 162.3 161.5 160.6 155.5 149.2 152.5 154.5 155.4 154.5 153.4 149.9 144.2 140.6 140.6 141.3 141.3 137.4 132.7 122 125.5 134.5 139.6 137.5 134.1 139.7 144.4 149.6 152.8 155.3 157.8 160.3 163.2 166.3 169.7 172.8
182 184.4 185.8 187.1 188 188.9 188.9 189.4 189 186.3 182.3 188 192.8 195 196 197 198.4 200.5 201.5 201.3 200.9 200.3 199.2 198.1 196.9 195.4 193.8 192.5 190.6 188.5 186.3 184.4 182.6 181 179.4 177.1 174.7 171.2 168.1 167.9 167.2 167.5 167.3 166.9 165.8 163 157.4 156.6 158.3 159.2 159.1 157.5 154.9 151.3 146.6 147.3 145.9 145.4 144.1 140.8 137.1 132 120.4 125.3 134.1 132.7 134.7 142.1 147 150.5 153.1 155.5 158 160.7 163 165.3 168.7 172.6
181.6 183.7 184.8 185.6 186.3 186 186 184.9 183.9 179 179 186.6 191.5 194 195.2 196.6 198.5 200.5 201 201 201.2 200.8 200.4 199.2 197.8 196.6 195.3 194 192.7 190.6 188.8 187 185.3 183.7 181.8 179.4 176.9 173.3 172.6 171.8 171.1 171.5 171.1 170.2 168.7 164.9 162.1 162.5 162.8 163.1 161.7 159.9 157.1 153.3 153 152.1 150.4 149.2 146.6 143.5 140.2 137.3 129.9 119.7 127.3 127.7 135.6 141.6 145.6 148.4 150.9 153.2 155.6 158.1 160.4 164.6 168.3 171.7
180.8 182.3 182.7 182.7 182.9 182.2 181 180 177.3 171.2 176.1 183.6 189.2 192.8 194.6 196.2 198.4 200.4 200.8 201 201.2 201.2 200.8 200.4 199.2 198 196.8 195.5 194.3 192.9 191.1 189.6 187.8 185.6 183.4 180.9 178.4 176.8 176.3 175.3 174.6 174.7 174.2 173.1 170.7 167.6 166.9 166.8 166.8 166.1 164.3 162.3 159.2 156.7 157.3 155.6 153.6 151.6 149 145.9 142.7 139.3 132.5 122.8 120.4 124.2 134.2 138.5 140.4 142.5 145.2 148.5 151.8 155.3 159.7 163.8 167 170.1
179.3 180.3 180.2 179.9 178.6 177.4 176.1 173.9 169.1 165.3 172 180.8 187.8 191.2 194.1 196 198.4 200.2 200.6 200.9 201.3 201.5 201.2 200.9 200.5 199.4 198.2 197 195.8 194.4 192.8 191 189.1 187 184.9 182.7 181 180.1 179.1 178.1 177.6 177.4 176.7 175.3 172.6 170.3 170.9 170.5 169.9 168.8 166.8 164.1 161.1 160.3 159.9 157.8 156.4 154 151.1 148.1 145 138.9 133.5 130.3 121.4 120.1 123.1 130.7 132.4 134.4 137.1 139.3 144.3 152 157.9 160.9 163.9 166.2
177.1 177.3 177 176.3 174.6 173 169.4 166.1 161.8 163.2 172.5 181.9 187.9 190.8 193.4 195.8 198.3 199.8 200.2 200.6 201 201.3 201.7 201.4 200.9 199.9 198.8 197.7 196.5 194.8 193.3 191.9 190.1 188.1 186.4 185.1 183.7 182.4 181.6 180.6 180.1 179.7 178.9 177.2 174.6 173.8 173.8 172.6 172 170.9 168.4 166 163.6 163.4 161.9 160.2 158.3 155.3 152.7 149.8 145.1 141.5 139 135.7 130.8 123 119.6 119.9 121.6 131.3 138 141.3 145.7 149.2 154.3 158.1 162.4 166.7
174 174 173.4 172.3 170.1 167.3 162.9 158.6 157.8 167 176.3 183.9 187.5 190.4 193 195.9 198.2 199.5 199.9 200.3 200.7 201 201.3 201.3 200.5 199.6 198.6 197.6 196.6 195.2 193.8 192.3 190.9 189.5 187.8 186.5 185.1 183.9 183 182.4 182.3 181.8 180.5 179.1 177.2 177.1 176.6 175.5 174.1 172.6 169.8 167.3 166.7 165.6 163.5 161.6 159.1 156.3 153.6 150.8 148.7 145.9 142.5 139.4 136.1 132.4 129 121.3 119.9 132 142.3 146.4 150.3 153.9 156.9 160.1 164 167.9
171 170.7 169.4 168.1 165.9 160.8 156.3 154 161.2 168.7 176.4 182.7 186.6 190 192.8 195.9 198.3 199.3 199.7 200 200.3 200.6 200.7 200.6 200.2 199.2 198.4 197.4 196.5 195.6 194.2 192.7 191.5 190.4 189 187.8 186.5 185.4 184.7 184.2 183.7 183 181.8 180.7 179.6 179.6 179.1 178.5 176.6 174.1 171.6 170 168.9 166.9 164.7 162.8 160.3 158.2 156.1 154 150.6 147.6 144.7 141.5 138.4 135.5 131.4 122.4 120.1 134.7 142.8 146.7 150.6 154.5 158.3 161.4 164.9 168.7
168.1 167.1 165.7 163.9 160.4 154.5 150.5 156.2 164.5 172.9 178.1 182.8 186.3 189.7 193.1 196.4 198 198.7 199.1 199.6 199.8 199.9 200.1 200 199.6 199 198.1 197.3 196.4 195.5 194.5 193.2 192.1 191 189.8 188.5 187.5 186.7 186 185.4 184.7 183.9 183 182.4 181.7 181.5 181.1 179.9 177.5 174.9 173.1 171.6 170.1 168 165.9 164 161.8 159.6 157.4 154.9 152.1 149.2 146.2 142.8 139.3 135.7 131.2 121.3 122.7 137 143 146.9 150.8 154.8 158.7 161.7 165.4 169.3
164.5 163.6 162.3 158.4 153.8 148.9 152.1 159.7 167.3 175.2 180.1 183.3 186.7 190.1 193.8 196.3 197.4 197.9 198.4 198.6 198.9 199.1 199.4 199.3 199 198.5 197.7 197.1 196.2 195.4 194.4 193.2 192.2 191.2 190.1 188.9 188.1 187.6 187 186.3 185.6 184.7 183.9 183.5 183.1 182.9 182.6 180.7 178.4 176.1 174.3 172.6 170.9 169 166.9 164.8 162.8 160.7 158.4 155.7 152.7 149.5 146.2 142.8 139.1 135.1 128 117.8 125.8 138.2 142.8 146.3 149.7 153.7 157.8 161.3 164.9 168.4
161 159.7 158.3 154.3 148.5 146.1 154 162 170 176.5 180.2 183.6 187 190.5 193.6 195.7 196.6 197.2 197.5 197.3 197.7 198.2 198.6 198.6 198.4 198 197.3 196.8 196.1 195 193.8 192.7 191.6 190.8 189.8 188.9 188.2 187.4 186.7 186.4 185.7 185.2 184.6 184.2 183.9 183.8 183.2 181.5 179.2 176.8 174.6 172.6 171 169.6 167.7 165.7 163.6 161.1 158.4 155.4 152.3 149.1 145.9 142.4 138.7 134.8 127.1 117.1 128.5 138.7 142 145 148.4 152.2 156.3 160.5 163.7 166.8
157.6 155.1 153.5 150 144.1 146.6 155 163.7 171.8 176.1 180.3 183.7 187.2 190.6 193.5 195 195.7 195.7 195.4 195.4 196.1 197.4 197.9 197.8 197.7 197.6 197.1 196.6 195.9 194.6 193.4 192.3 190.7 189.9 188.9 187.9 187.3 186.9 186.2 186 185.7 185.6 185.3 185 184.7 184.4 183.8 181.8 179.2 176.8 174.8 172.7 170.9 169.6 168 165.7 163.2 160.7 158 155.1 151.9 148.7 145.2 141.7 138.1 133.1 125.5 117.4 130.8 136.3 140.6 144.3 147.7 151.5 155.5 159.1 161.8 164
154 150.6 147.8 144.6 142.1 148 157.5 167 172.9 176.7 180.8 184.3 188 191.1 193.6 194.1 194.8 193.9 193.3 193.3 195.5 196.6 197.1 197.3 197.3 197.2 196.8 196.4 195.5 194.3 193.1 191.6 189.5 188.3 187.6 186.9 186.3 185.7 185.4 185.2 185.3 185.6 185.9 185.8 185.4 185 183.8 181.4 178.9 176.8 174.8 172.8 170.8 168.9 167 165.3 162.8 160.3 157.6 154.6 151.4 148.2 144.4 140.4 136.5 131.2 123.8 117.1 127.5 135.1 140.4 143.5 147.1 150.8 154 156.4 158.6 160.4
149.6 146.6 142.8 139.9 143.6 151.1 161.4 169.4 173.6 177.5 181.3 185.2 188.4 191.1 192.7 193.4 193.9 192.3 191.4 192.6 194.8 195.9 196.1 196.4 196.6 196.5 196.4 196 194.9 193.8 192.6 190.5 188.4 186 185.1 184.3 184 183.6 183.8 184.1 184.3 185.1 185.6 186.1 185.4 184.9 183.4 181.2 178.5 176.5 174.4 172.3 170.1 167.6 165.2 163.1 161.2 158.7 156.5 153.4 150.2 147.3 144.3 140.3 136.1 132.7 126.6 116.4 119.7 133.9 138.9 141.9 145.6 149 151.5 154.3 156.7 158.1
144.3 141.8 138.7 139.2 145 154.5 163.8 169.2 173.3 177.2 181.1 184.6 187.4 189.8 191.6 192.5 192.6 191.1 189.9 191.5 193.5 194.7 195 195.2 195.5 195.4 195.5 195.1 194.2 193.3 191.5 189.4 186.9 184.2 182.4 181.7 181.3 180.8 181.2 182.8 184.2 185 185.3 185.3 185 184.6 183 180.7 177.9 175.8 173.8 171.8 169.4 166.9 164.5 161.9 159.2 157 155.1 152.2 149.3 146.5 143.5 140.5 137.9 135 129.3 119.2 116.6 127.7 133.1 136.4 139.8 142.1 144.9 148.2 150.5 154.8
140.2 137.6 136.2 141 148.1 157.7 164.9 169.4 173.3 176.6 180.5 184.1 186.4 188.5 190.4 191.3 191.5 190 188.5 189.8 191.3 192 192.3 193.4 194.2 194.5 194.6 194 193.3 192.2 190 187.6 184.9 182.6 180.8 179.4 178.5 178 179.2 181.4 183.3 184.5 184.8 184.6 184.4 184 182.5 179.7 177.1 175 173.1 171.2 168.7 166.2 163.8 161.2 158.7 155.2 152.5 150.5 148.3 145.5 142.4 139.4 136.1 130.9 125.2 116.6 117.1 121.3 124.3 127.3 132 135.8 140.3 144 152.2 156.4
136.8 134.4 137.4 144.7 153.8 161.5 166.6 170.2 173.5 176.4 179.3 182.3 185 187.3 189.1 190.2 190.4 188.8 187.4 187.6 188.3 189 189.6 191.9 193.4 193.6 193.6 193 192.3 190.8 188.4 185.7 183.5 181.6 179.7 177.6 176 175.7 177.2 180.3 182.1 183.5 184.3 184.3 184 183.2 181.5 178.5 176.3 174.4 172.5 170.3 167.9 165.4 163 160.1 157.6 154.7 149.8 147.4 146 143.3 140.9 138 131.7 122.9 116.5 118.1 128.4 134.8 136.5 140.2 141.9 144.7 149.2 155.7 155.2 157.4
133.2 134.4 141.2 149 158.5 163.4 167.3 170.4 173.2 175.5 178 180.3 183 185.7 187.9 189.3 189.2 187.7 186.7 186 186.5 187.1 189 191.2 192.6 192.5 192.4 192 191.3 189.4 186.8 184.4 182.5 180.7 178.8 176.6 174.3 173.5 175.9 179.2 180.8 182.3 183.4 183.4 183.3 182.4 180.1 177.6 175.6 173.7 171.8 169.5 167 164.6 162.1 159.1 155.9 153 149.4 143.6 140.1 138.3 136.4 134.8 128.5 117.8 117.4 130.5 135.9 139.3 143.1 142.4 147.7 150.4 153.5 157.2 159.5 165.5
132.1 137.8 145.2 153.2 159.5 163.5 167.1 170.2 172.3 174.1 176.5 178.8 181.5 184.1 187.2 188.5 187.9 186.5 185.4 184.7 184.8 186.7 188.8 190.9 191.7 191.7 191.3 190.9 190.2 188.3 185.4 183.3 181.5 179.7 177.9 175.6 173.1 171.9 174.3 177.6 179.6 181 182.4 182.7 182.3 181.1 178.8 176.8 174.9 173 171 168.6 166.1 163.7 161.2 158.2 155.4 152.5 149.5 146.2 141.2 135 129.4 126.2 124.6 115.7 123.2 133 137.2 141.1 143.4 147 149.9 151.6 159.1 160.8 163.7 166.6
135.3 141.5 149.3 156 160.1 163 165.8 168.5 170.8 172.8 175 177.5 180.5 183.6 186.6 187.5 186.7 185.4 184 183.5 183.6 185.7 188 190.4 191 190.6 190.2 189.8 188.7 186.4 183.5 181.7 180.2 178.5 176.8 174.4 171.9 170.2 173 176 178.5 179.9 181.2 181.9 180.9 179.8 178 175.9 173.7 171.9 169.9 167.6 165.2 162.7 160.4 157.9 155.2 152.5 149.5 146.2 142.7 138.4 132.3 126.6 118 114.9 126.8 134.7 138.5 141.7 142.5 146.6 150.7 153.4 157.5 161.1 165.1 168.8
137.6 144.6 152.3 155.9 158.1 159.3 163.2 166.8 169.4 171.6 174.7 177.5 180.5 183.8 186.4 186.7 185.2 183.7 182.6 181.8 182.6 184.9 187.3 189.8 189.9 189.5 189.2 188.7 187.3 184.4 181.8 180.2 178.7 177.3 175.7 173.3 170.7 168.5 171.6 174.4 176.6 178.5 179.8 180.9 179.7 178.4 176.7 174.7 172.6 170.6 168.6 166.6 164.3 162 159.7 157.3 154.8 152.1 149.1 146.1 142.8 139.1 133.6 126.9 119.2 116.5 130.9 135.9 139.3 142.5 145 146.7 151.4 154.6 157.4 161 165.6 170
138.4 144.6 147.3 148.8 150.9 155.7 160.9 165 168.9 172.1 174.8 177.5 180.8 183.9 185.6 185.1 183.6 182.2 181.4 180.4 181.7 184.3 186.7 188.9 188.7 188.4 188.1 187.5 185.7 182.8 180.1 178.7 177.4 176.1 174.3 171.4 169.1 167.1 170.4 173.1 175.4 177.6 178.8 179.4 178 176.7 175 173.1 171.2 169.4 167.4 165.4 163.4 161.2 158.9 156.6 154.1 151.7 148.8 145.8 142.6 139.4 134.6 124.9 115 123.3 133.2 137 140.1 143.3 146.4 147.3 152.3 154.8 157 160.7 164.8 169.8
135.5 139.5 140.6 143.8 149.1 156.2 162 166.1 169.2 172.3 174.7 177.5 180.9 183.5 184.1 183.3 182.2 180.8 180.5 179.2 180.8 183.2 185.7 187.6 187.6 187.3 186.9 185.8 183.1 179.9 178.5 177.1 176.1 174.8 172.9 170.3 167 166.7 170.1 173 174.8 176.7 177.7 177.4 176.4 174.8 173.1 171.2 169.6 168.2 166.2 164.3 162.5 160.3 158.1 155.8 153.5 151.1 148.6 145.6 142.5 139.3 133.7 123 113.7 125 132.6 136.6 139.7 142.9 146 148.6 150.5 153.3 156.2 159.2 162.9 167.5
131.3 135.1 141.7 147.5 154 159.7 163.4 166.4 169.2 172.1 174.6 177.1 180.3 182.8 182 181.5 180.4 179.6 179.3 177.8 179.6 181.7 184.1 186.2 186.3 185.5 184.2 182.6 180 178.2 176.7 175.1 173.9 173.1 171.3 169.2 165 166.3 169.8 171.8 173.7 175.5 176 175.6 174.7 173 171.3 169.5 168 166.6 165.2 163.3 161.3 159.4 157.3 155.1 152.8 150.5 148.1 145 141.7 138.4 133 123.8 114.1 120.8 130.5 135.5 139 142.4 145.2 146.9 149.7 153.4 155.6 158.1 161 166.1
131.7 138.1 144.8 151.8 156.8 160.1 163.4 166.6 169.3 172 174.1 176.2 178.6 181.2 180.8 179.6 179 178.6 178.2 176.5 178.5 180 182.6 184.1 183.7 182.2 180.7 179.2 177.8 176.2 174.7 173.2 172 170.8 169.2 166.9 162.7 164.4 168.4 170.4 172.5 174 174.1 173.7 172.8 171.2 169.5 167.7 166.4 165.1 164.5 162.5 160.5 158.6 156.6 154.4 152.2 149.9 147.5 144.1 140.8 137.9 132.5 124.3 115 117.1 130.2 135.4 139.2 142.1 144.5 146.8 149.5 154.4 155.4 157.5 160.2 163.9
134.4 141.3 148.6 153.3 157.2 160.3 163.3 166.7 169.4 171.5 173.2 175 177.2 178.5 178.8 177.9 177.8 177.7 176.2 175 177 178.1 180.2 181 180.7 179.1 177.6 176.9 175.6 174.2 172.7 171.4 170.7 169.4 166.9 163.9 160.1 163.2 167.1 169.4 171.4 172.2 172.3 171.8 170.9 169.3 167.7 166.1 164.7 163.8 163.3 161.5 159.5 157.8 155.9 153.7 151.5 149.2 146.7 143.8 140.9 138 133.8 128.1 115.9 119.1 131.6 136 139.1 141.4 143.4 145.4 149.4 150.3 154.9 156.9 159.5 164.6
138.3 143.7 149.8 154 157.5 160.5 163.6 166.7 169 171.3 172.6 173.4 175 176.3 176.3 176.3 176.3 176.7 175.2 173.1 175.7 176.6 176.8 177.4 177.6 176.4 175.7 175 173.5 172.1 170.6 169.7 169.2 168 165.5 161.9 157.5 162.8 166 168.4 170 170.6 170.3 169.8 168.9 167.4 165.8 164.4 163.1 162.3 162 160.5 158.7 157 155.2 153.1 150.7 148.4 145.9 143.1 140.2 137.3 133.8 129.3 115.1 118.5 130 134.8 137.9 140.1 142.2 141.2 146.6 149.5 154.2 155.5 160.4 163.4
143.5 148.2 152.3 155.8 158.4 161.3 164.2 166.7 169 171 172.1 172.8 173.4 174.2 174.6 174.9 175 175.3 173.6 171.5 173.7 175.5 175.6 175.6 175.6 174.8 174.1 173.1 171.6 170.1 169 167.9 167.4 166.7 164.6 161 155.4 161.6 164.9 167.8 169 168.8 168.3 167.8 167 165.5 164 162.7 161.4 160.7 160.3 159.4 157.7 156 154.3 152.2 149.9 147.6 145.1 142.5 139.5 136.6 133.6 130.3 117.1 113.1 124.1 131.4 135.8 138.7 140.8 143.8 146.2 148.4 152.4 154.1 159.5 162.9
148.9 151.7 154.3 156.7 159.2 161.6 164.1 166.5 168.6 170.7 171.7 172.4 173 173.2 173.6 174 174.1 174.2 172.4 168.8 171.7 174.2 174.6 174.7 174.5 173.7 172.6 171.7 169.6 168.2 167.3 166 165.7 164.8 162.9 158.7 153.7 160.1 164.1 166.6 167.3 166.7 166.2 165.7 164.9 163.6 162.1 160.9 159.7 159.2 158.9 158.2 156.7 155 153.3 151.4 149.1 146.8 144.2 141.6 138.6 135.6 132.1 129.3 120.4 112.8 116.8 127.1 133.3 138.3 140 142.4 144.8 147.1 148.6 153.6 157.7 161.1
149.9 152.2 154.4 156.7 159.1 161.4 163.9 166.1 168.2 170.2 171.3 171.9 172.2 172.3 172.7 173 173.1 173.2 171.7 168 169 172.1 173.7 173.8 173.1 172 171.1 170.2 168.2 166.2 165.3 164.2 164.1 163 161.1 156.9 151 158.6 162.8 164.7 165.1 164.4 164 163.6 162.7 161.7 160.3 159.1 157.9 157.1 157 156.8 155.7 154 152.4 150.5 148.3 145.8 143.1 140.4 137.7 134.6 131.2 126.6 122 112.4 118.4 130.4 133.6 136.2 140 142.1 144.8 147 150.7 152.5 156.5 160
