public/OST50/SP55.asc
ncols 200
nrows 200
xllcorner 450000
yllcorner 250000
cellsize 50
[rows 70 to 104 of 200, columns 0 to 78 of 200]
142.7 145 150.5 156 159.7 161.8 162.8 161.8 158.5 154.8 155.1 161.2 163.2 165.8 166.9 174.4 177.6 179.1 180.2 179.7 181.9 185.2 188.5 193.8 201.7 208.8 206.6 201.3 194.4 189.6 188 185.1 184.9 186 185.9 186.1 187.8 190.9 192.6 191.2 190 193.1 193.9 192.7 189.6 185.9 182.8 177.9 174.9 170.7 168.3 166.1 164.4 162.6 161.1 159.8 158.6 158.8 160.5 161 160.2 161 161.7 161.9 162.2 161.2 160.8 160.1 158.8 157.4 157.4 161 162.3 163.1 163.2 163.4 163.5 164.5 165.3
140.9 143.3 145.9 149.2 152.2 156.4 156.6 154.4 153.4 151.4 154 158.4 161.5 165.5 169.2 173 176.9 179.3 180.3 179.1 183.1 187.1 190.8 196.3 204.4 211.7 209.2 205.6 201.1 193.2 192.3 190.8 189.5 187.6 187.6 188 190.8 194 197 196.3 195.2 196.7 195.1 193.6 189.3 184.2 180.3 177.7 173.8 170.6 169 166.6 164.7 163.3 161.7 159.7 158.6 158.1 158.1 158.3 158.4 158.5 159.3 159.8 159.7 160.5 161.4 161.4 160.4 154.3 154.4 159.2 159.9 160.6 160.7 160.8 163.2 165.9 167.1
139.8 141.6 143.4 144.6 147 150.7 150.7 149.4 149 151.2 159.2 163.3 169.2 176.8 180.6 179.1 176.5 178.8 181.7 180.6 184.5 188.3 192.9 199 206.7 214.3 213 209.3 204.7 200.9 199.3 197.6 195.2 192.3 190.5 191.6 194.1 197.4 200.8 201.6 201 199.4 197.5 194.6 189.9 184.4 179.1 177.7 173.9 171 169.3 167.1 165.1 164 162.2 160.2 159.4 158.6 157.7 157.8 156.9 157.3 157.5 157.4 157.4 158.2 159.2 160.8 158.5 155.6 154.6 157.5 158.5 159.2 158.7 160.5 164.2 166.6 168.3
138.8 140.3 141.7 142.3 143.4 144.5 144.6 145.8 150.3 156.5 165.6 177 181.6 181.6 181.2 179.9 178.6 179 181.7 182.4 185.4 189.6 194.5 202.3 211.4 216.9 215.5 214.2 211.1 208.6 205.6 203.9 201.6 198 195.3 196 198.1 201.5 203.7 204.4 203.6 201.8 199.3 195.6 189.9 183.8 178.8 174.6 172.7 170.3 169.1 167.5 165.8 164.7 163.1 161.6 160.1 159 157.9 157.4 156.2 155.5 155.4 155.1 155.2 155.9 157.5 159.9 160.1 156.8 156.9 154.4 156 154.8 158 162.2 164.2 166.3 167.9
138.3 139.6 140.6 140.8 141.4 144.6 144 148.6 154.8 162.5 173.2 180.2 181.8 181.3 181 179.3 179.5 179.3 181.6 184.1 186.7 190.8 196.7 204.2 214.1 217.9 218.4 218.3 215 211.7 210.4 209.7 207.1 202.8 201.6 200.1 202.6 205.9 206.7 206.6 205.5 203.7 200.8 195.7 189.4 183.2 177.4 174.5 173.1 171.2 169.4 169.3 169.6 167.6 166.1 164.7 162.4 160.5 159.1 157.7 157.5 156.1 154.9 154.7 154.2 153.8 155.3 157.2 158.8 158 155.5 154.9 154.2 155.4 157.1 160.6 162 163.4 164.8
138.1 139.1 140 141.6 142.5 145.5 148.9 154.7 161.1 170.2 175.1 180.1 181.4 180.7 180.8 179.6 181.1 180.9 181.6 184.2 187.7 191.5 198.4 206.1 217.1 219.8 220.8 220.4 218 215.8 214.9 213.7 211.6 210.7 209.3 207.1 208.1 208.8 209 208.1 206.9 205.1 202.7 196.5 189 181.2 177.9 175.3 173.3 171.5 171.3 170.5 171.4 170.9 170 168 165.8 163.6 161.8 160.1 159.4 158 156.5 155.3 154.6 153.8 153.6 153.7 155.2 157.4 158.2 155 154.3 153.7 156.7 158.2 159.3 160.2 161
137.9 138.8 139.8 141.8 144 147.4 151.3 157.1 164.3 170.1 174.7 179.1 180.4 179.7 179.9 179.2 179 180.3 181.4 184.2 187.3 191.6 198.6 205.7 214.4 221.1 221.5 221.7 219.8 219.2 218 216.8 215.4 214.4 213.1 211.8 211.2 210.9 210.8 209.6 208.3 205.8 202.9 193.5 185.7 179.9 176.4 174.6 173 171.2 171.1 171.1 173.7 173.1 172.9 170.7 169 167.2 166.4 165.3 162.5 160.6 159 157.6 155.8 154.6 154.5 153.8 153.2 154.6 158 154.3 154.3 153 155.7 155.7 156.7 157.6 158.3
137.5 138.6 139.8 141.7 143.7 146.4 151.2 156.5 163.1 169.4 173.7 177.2 178.4 176.4 176.2 175.3 176.3 177.9 180 183 186.2 190.5 197.2 203.5 212.2 219.3 221.3 221 220.4 220 219.2 217.9 216.6 216.1 214.9 213.4 213 211.9 211.9 210.7 208.7 204.6 200.9 190.4 183.9 178.5 175.7 174 173.3 170.9 170.3 170.2 171.6 172.7 171.6 170.9 169.4 168 166.8 165.7 165.2 162.5 160.4 160.2 158.2 156.1 155.8 154.6 153 153 154.9 155.2 154.8 154.9 156.5 154.5 154.9 155.1 155.9
137.2 138.2 139.2 140.6 143 145.3 149.6 155.1 161.8 168 172.2 174.4 174.9 172 169.5 171.6 175.8 176.9 178.6 182 185.6 188.6 194.6 200.5 208 213.9 214.1 215.4 217.6 218.2 216.6 216.6 216.1 216 216 214.3 211.3 211.6 211.5 211.3 208.7 203.9 197.1 189.2 182.9 179.6 179.3 178 175.1 172.9 170.9 170.8 170 170.6 170.3 169.2 168 167 165.8 164.9 163.5 162.8 160.7 160.5 158.9 157.6 155.6 154.7 152.9 151.3 151.7 151.5 150.9 152.2 154.9 157.3 158.2 157.7 157.1
136.7 137.6 138.5 139.5 141.4 143.4 146.9 151.8 158.4 164.1 167.3 168.1 167.9 163.9 166.4 171.4 174.7 176.8 178.6 181.9 184.4 186.1 190.3 195.2 199.7 203 204.5 205.9 207.6 209.2 208.8 208.7 209.3 209.4 209.1 206.4 206.9 209.5 211.4 212 209.8 204.7 196.4 189.6 185.7 184.9 184.1 182.7 179.3 174.1 171.9 169.2 169.5 169.8 168.6 167.5 166.5 164.7 164.4 163.1 161.9 160.2 159.2 158.1 157 155.2 153.5 151.9 151.8 151.8 149.5 149.5 149 151.4 154 161.9 166 165 163.6
136.1 137 137.9 138.8 139.8 141.7 144.8 148.6 152.2 156.9 159.1 159.8 160.7 162.9 172.9 175.4 176 176.6 178.2 180.5 182.9 184.2 185.8 189.4 192.2 194.9 195 198.3 201.7 201.5 200.9 200.7 201.1 202.1 200.9 198.8 201.3 208.6 212.1 212 211 205.7 199.2 193.8 193.5 193 191.9 188 184.4 177.7 172 168.6 168.1 168.1 168.3 167 165.7 164.7 163.8 162.7 160.8 158.9 157.7 156.5 155.3 154 152.5 153.7 154.5 152 150.8 149.7 149.9 153.9 158.3 158.3 167.1 169.5 166.7
135.6 136.5 137.5 138.4 139.7 140.9 141.8 145.4 148.9 150.3 154.2 157.4 162 170.6 176.2 177.3 176.2 175.9 177.8 179.9 181 182.1 183.3 185.9 187.9 189 190 191.1 193 194.4 194.2 194 194.2 194.1 193.6 192.1 195.2 202.5 207.6 211.4 211.2 208 203.8 202.3 202.6 201.2 199.5 195.7 187.9 179.8 172.6 168.2 166 166.4 167.2 166.8 165.8 164 162.5 161.4 160.6 159.5 157.8 156.8 154.9 153.9 155.4 154.9 154.6 152.1 149.2 149.2 151.6 154.3 157.2 154 164.2 165.9 165
135.3 136.2 137.3 138.6 140 141.5 142.3 144.9 148.9 152 157.1 163 170.4 175 177.2 176.8 176.2 175.4 176.4 177.3 178.5 179.7 180.9 182.5 184.6 185.1 186.1 187.7 190.2 191.2 190.2 192 191.4 190.8 189.9 188.2 191.4 196.7 202.3 208.8 211.8 210.2 207.5 207.4 207.1 205.3 202.4 195.1 185.6 178.7 172.9 168.5 165 164.6 166 164.9 164.5 162.9 161.3 160.2 160.4 160.4 158.9 157.4 155.6 155.9 157.1 157.2 153.6 152.6 151.7 150 150.7 152.9 154.7 158.1 159.4 161.5 161.7
134.9 136.2 137.6 139 140.3 140.7 142.3 145.2 151.3 157.1 164.3 170 173.4 176 176.3 176.3 175.7 174.2 173.8 174.1 176.2 177.3 178.4 180 181.8 182.2 182.8 185.3 187.3 189.1 188.6 190.5 188.8 187.3 186.4 187.7 190.9 195.9 202.8 211.1 211.9 212.5 212.1 211.3 209.4 206 202 192.3 184.2 177.3 172.5 168.6 165 164 164.1 164 162.7 160.6 160 160.2 159.1 159.3 157.9 156.6 155.9 157.5 158.3 157.7 155.1 152.8 151.5 150.4 150.7 151.5 152 155.4 156.4 158.4 158.5
134.6 135.4 136.1 136.9 140.5 140.9 143.6 146.2 153.1 160.4 167.4 172.2 173.7 174.8 174.7 173.9 173.9 172.3 173.3 174 174.5 174.9 176 177.6 179.3 179.3 181.2 183.6 186 186.5 186.9 187.8 187.6 185.3 183.9 185.4 189.5 194.3 199.6 205.8 210.3 212.4 213.7 212.5 211.1 205.8 200 190.1 183.4 176.5 172.3 168.5 166.3 164.7 164.3 163.4 161.3 159.7 159 159 158.3 157.7 157.6 157.4 155.9 157.7 158.3 156.8 155.3 153.9 152.4 151.1 149.8 149 149 150.2 153.2 155.7 155.5
134.4 135.3 136.6 138.5 140.5 140.9 144.8 149.2 155.8 162.4 167.1 171 171.4 171 169.4 167.2 168.6 170.6 174.1 175.4 174.7 174.3 175.7 177.9 179.7 179.3 179.4 182.3 183.9 184 184.8 185.1 184.9 185.2 184.3 185.4 188.5 191.7 196.3 202.1 211.4 213.7 214.5 213.3 209.8 203.3 194.1 187.4 180.9 176.3 172.7 169.8 168.3 166.8 165.1 163.5 162 160 159.4 159 158.7 159 159 158.3 157.3 157.8 158.4 157 155.5 155 154 153.1 154 152.8 150.6 149.8 151.6 153.4 153.6
134.3 135.3 137 139 140 139.9 145 149.4 155.7 159.9 162.7 163.9 164.7 163.5 159.2 161.1 167.8 171.6 175.2 177 177.1 176.6 177.7 179.1 179.1 179.2 179.4 181.3 182.2 182.1 181.7 182.1 181.9 182.7 184.3 186.2 188.7 191.7 195.9 203.5 210.4 213.8 213.3 212.1 207.5 199.6 190.8 184.7 180.4 176.8 173.8 171.1 169.1 167.1 165.2 164.2 162.8 161.4 160.8 160.7 161.1 160.9 160.2 159.4 158.6 158.1 158.6 157.1 156.4 156.2 155.3 155.2 156.6 156.6 154.4 149 150.8 151.3 151.8
134.8 135.9 137.1 138.2 138.7 138.9 142.7 146.1 148.8 153 155.8 156.3 154.4 153.9 161.1 169.1 173.8 176.3 175.8 178.1 179.1 179.2 179.6 181.1 180.5 180.2 180.2 180.1 180.6 180.9 179.9 180.3 179.6 181 182.8 184.7 187.4 191.3 196.1 202 209.5 213.1 212.8 211 205.1 195.1 188.2 182.7 178.7 175.4 172.4 170.7 168.7 166.6 164.6 164.6 163.7 162.7 162.9 163.2 163.3 162.1 161.6 160.8 160 158.9 158.7 157.9 157.6 157.3 156.7 155.8 156.2 156.4 155.5 150.5 149 149.3 149.8
135.5 136.5 138.2 139.1 140.1 140.6 141.9 144.3 144.2 145.7 148.7 150.1 154.8 162.5 171.2 175.6 176.8 177.2 176.9 178.6 179.9 180.6 181.1 181.4 181.9 181.9 182.1 181.3 180.2 181.1 178.8 178.9 181.1 180.6 181.3 183.3 185.3 189.4 194.5 200.1 208.6 212.3 213.6 212.2 201.8 192.8 186 180.5 176.7 173.7 171.8 170 168 166 164.1 164 164.1 164.7 165.1 165.5 164.4 163 162.5 162 161.5 160.9 159.4 159 158.7 158.4 158.2 156.7 155.6 154.3 154.2 151.4 150.8 150.5 150.2
136.5 138.1 141 143.6 145.4 144.4 144.6 145.9 148.6 149.6 153.5 158.5 166.3 172.8 176.5 176.7 177.4 177 176.8 178.4 179.5 180.3 180.8 180.7 181.3 182.1 182.3 181.4 180.1 178.7 179.4 178.6 180.2 179.9 179.7 182.1 183.9 186.4 193.5 199.4 208.4 211.7 214 211.9 201 192.8 186.3 179.7 175.4 172.6 170.7 169.2 167.6 165.7 164.4 164.1 164.1 165.4 167.2 166.9 165 164.1 163.5 163 162.1 160.9 161 159.1 159.2 159.9 159.3 157.8 156.1 155.5 156 155.5 153.6 153.1 151.5
138.1 140.7 146.8 148.9 151.8 153.1 153.3 154.4 157.9 161.5 163.5 169.4 174.2 175.8 176.6 176.6 176.5 176.6 176.7 177.6 178.2 178.8 179.5 180 180.7 181.5 181.4 180.2 179.1 178 177.8 176.9 176.9 177.7 179.7 181.2 183.7 187.5 194.5 201.6 208.7 211.8 214 211.5 201 193.4 185.9 178.8 174.3 171.7 169.7 169.1 168.2 166.6 166.5 166.2 167.3 168.9 170.1 169.8 167.1 165.3 164 163 162 161 160.5 159 159 161.1 160.4 158.8 156.8 155.7 156 156 156 155.6 153.3
140.1 144 150.8 154.8 158.6 160.2 162.3 164 166.8 169.8 172.4 174.8 175.9 176.6 176.5 176.4 176.3 176.3 176.3 176.4 176.7 177.3 178 178.9 180.2 181.1 180.2 179.2 178.1 177 175.9 175.4 174 175.7 179.6 182.5 185.7 190.1 197 205.8 209.5 211.7 212.8 209.6 200.7 192.9 185.2 178 173.7 171.4 170.2 170 169.4 168.3 168.4 168.4 169.6 171.6 171.1 170.2 169.8 166.1 164.2 163.2 162.2 161.3 160.4 159.1 159.1 161.1 161.1 159.5 157.3 155.3 154.6 153.6 153.4 154.6 152.8
142.1 147.7 154.2 158.5 162.2 165.2 167.7 170.6 172.4 174.1 175.4 176 176.3 176.2 176.8 176.1 176.2 176 175.9 175.4 175.2 176.4 177.7 177.8 179.2 179.3 178.3 177.2 176.2 175.1 175.2 174.2 174.3 175 179.1 182.8 185.8 191 200.3 204.6 204.5 206 208.8 206.5 200.4 191.4 184.4 177.4 173.9 172.5 172.2 172 170.4 170.1 170.2 170.1 171 171.8 171.4 170.7 170.1 167.9 164.4 163.4 162.4 161 159.6 159.9 159.7 159.9 160.7 159 156.8 155.4 154.4 151.1 149.6 149.9 149.8
145.5 151.1 157.2 161.7 165.7 169.1 171.3 173.5 174.8 175.5 176.1 176.4 176.3 176.2 176.2 176.1 175.9 175.7 175.6 174.7 176 176 176.3 176.6 177.4 177.3 176.4 175.3 174.5 174.6 174.6 174.2 173.7 174.8 178.7 180.9 184.6 192.4 200.4 199.8 196.4 196.9 198.4 198.2 194 188.3 183.3 179 175.8 175.8 175.8 175 173.4 171.6 170.8 169.5 170.3 170.6 171 170.5 169.8 167.1 164.2 162.8 161.4 159.9 159 159.3 159.6 159.7 159.6 158.4 157 155.4 155.8 151.9 149 149 149
148.4 153.8 158.7 163.2 167.7 171.2 173.2 174.6 175.4 176 176.2 176.4 175.8 176.1 175.9 175.8 175.6 175.6 175.3 174.9 174.3 174.1 175.3 175.5 175.4 175.3 174.6 173.9 174 174.1 174.2 173.4 172.6 173.6 176.3 178.3 182.6 188.1 194.9 191 188.4 188.7 189.9 190.4 188.3 185.7 183.1 183.4 181.4 181.2 180.8 179 176.5 173.1 170.6 168.8 168.4 167.9 169.8 169.7 168.1 165 162.8 161.8 160.5 159.7 158.8 158.3 157.8 157.8 157.6 157.5 156.4 155.3 155.3 151.7 149 149 149
151.2 156.7 160.6 164.6 169 172.4 173.6 174.8 175.6 175.8 175.6 175.5 175.8 175.7 176 175.7 175.4 175.3 175.3 175.2 175 174.8 174.7 175.6 175.6 174.4 174.2 174.4 174.2 174.1 173.8 172.9 172.6 172.1 173.5 175.5 177.9 182.7 184.2 184.4 182.7 183.6 184.1 184.2 183.9 183.5 183.9 184.6 187.5 188.7 188.3 186.3 182.6 177.8 171 168.5 164.9 164.8 166.5 165.8 165 163.6 161.4 159.7 160.7 159.4 158 157.2 156.3 156 155.6 155.8 155.2 153.8 151.2 150.1 149.4 149 149
153.6 158.4 162.4 166.5 170.5 172.6 173.9 175.2 175.9 175.2 175.1 175.3 174.8 174.5 175.2 175.4 175.3 175 174.7 174 173.6 173.5 173.4 174.1 175 174.2 174.4 174.8 174.7 175.4 174.8 174 170.2 170.1 171.4 172.7 175.1 177.4 178.7 178.7 179 181 181.8 182.5 181.8 183.3 184.8 191.6 197.1 197.8 196.8 193.2 188.6 180.4 172.6 167.8 163.9 164 164.3 163.8 162.6 161.4 160.1 159 160 158.8 158 157 155.7 154.3 153.9 154.2 152.7 150.6 149.1 149.5 150 149.3 150.5
155.4 160 163.9 167.4 170.8 172.7 174.1 175.6 175.9 175.4 174.4 173.9 174 174.4 174.6 174.6 174.8 174.6 174 173.3 172.5 172 171.9 172.7 173.5 173.9 174.6 175.2 176.5 177.1 176.1 173.6 169 169 170.1 171.7 173.5 174.9 175.9 176.2 177.4 179.9 180.7 180.4 179.8 181.7 186.8 195.9 203 205.7 205.3 196.5 189.4 181.5 174.4 168.7 164.8 163.8 163.6 162.6 161.4 160.8 160.3 159.2 159.3 158.9 158 157 155.9 154.9 154.3 153.3 151.2 149.6 149.4 149.7 149.9 150.2 150.5
156.7 160.9 164.2 167.6 171 172.7 174.1 174.8 174.9 175.1 174 174 173.3 173.8 174 174.3 174.3 173.8 173 172.3 171.7 171 170.4 171.2 172 172.8 174.2 175.1 176.9 178 177.2 174.5 169 169 169 171 172.8 174.3 175.7 175 175.8 177.6 178.6 178.5 178 179.3 186.1 195.6 202.9 204.7 203.2 195.7 186.7 179.4 173 167.6 165.2 163.3 162.6 161.8 161.3 160.8 160.4 160.8 159.6 159.1 158.3 157.4 156.6 155 154.6 152.8 151.5 150.4 150 150.5 151.1 151.7 151.7
157.3 161.5 164.7 167.9 171 172.7 173.5 173.9 174.3 174.5 174 173.3 173.1 173.3 173.5 173.7 173.9 172.9 171.9 171.2 170.6 170.5 170.1 169.4 170 171.9 173.4 174.6 175.6 176.3 175.6 174.1 171 169.6 169.4 170.2 171.8 173 174.4 174 174.2 174.9 176.1 176.5 176.1 177.8 183.5 190.6 197.3 201.6 198.5 190.3 183 176.8 171.3 167.4 165.2 163.3 162 162.2 161.5 160.8 160.7 161 160.1 159.4 159.3 158.5 157.6 155.8 154.6 153.5 152.2 150.9 150.9 152.1 152.6 153.2 153.3
157.9 161.7 165.1 168.3 171.1 172.4 172.8 173.2 173.7 173.9 173.2 172.6 172.5 172.7 173 173.2 172.6 171.9 170.8 170.2 170.5 170.6 169.9 169 169.3 171 172.2 173.4 173.7 174.2 172 170.8 169.7 169.5 169.7 169.9 170.8 172.3 173.8 174.1 175.8 175.8 175.7 175.8 175.8 174.9 181.5 186 191.1 196.6 193.1 185.7 179.2 174.4 169.4 167 164.7 163 161.5 161.7 161.9 162.1 161.6 161.5 161.6 160.6 160.3 159.5 158.6 157 155.6 154.2 153.1 152.3 152 152.7 153.8 154.8 155.4
157.9 161.6 165.2 168.6 171.3 171.6 172 172.5 173 173.1 172.4 171.7 171.6 171.9 172.1 172.4 171.2 170.2 170.4 170.5 170.9 170.4 169.2 169 169 169.7 170.9 172.1 172.6 172.6 170.7 169.6 169.9 169.4 169.3 170.9 170.3 171.7 173.2 174.3 176 176 175.9 175.9 174.4 173.4 176.8 181.1 185.7 189.2 187 179.6 175.5 171.2 168.1 165.5 163.1 162 161 161.1 161.6 162 162.8 163 162.6 162.2 160.2 160.8 159 156.8 155.3 154.1 154.2 154 153.8 153.5 154.6 156.6 158.6
157.8 161.7 165.3 168.7 170.8 170.7 171.2 171.7 172.2 172.3 171.5 170.8 171 170.7 170.4 171.9 171.2 170.9 170.7 170.7 170.7 170 169 169 169 169.2 169.7 170.9 171.5 171.3 170.5 171 170.3 169.2 168.4 169.4 169.9 170.9 172.3 175 176 176 176 175.2 173.2 171.2 171 175.1 178.4 179.6 178.3 174.3 171.6 168.2 165.4 163.3 161.5 160.8 160.2 160.9 160.5 161.4 163 163.9 164.8 163.5 161.3 160.9 159.1 156.9 155.1 154.2 155.6 155.3 154.7 154.1 156.1 158.4 161.7
157.9 162.1 165.4 167.9 169.4 170 170.4 170.8 171.2 171.4 170.5 171 170.2 171.6 171.7 171.7 171.2 170.9 170.7 170.5 170.3 169.5 169.1 169 169 169.1 169.6 170.1 171 170.9 170.6 170 169.2 168.1 167.1 167.5 168.5 169.4 172 174.6 176 176 176 174.2 171.8 170 168.9 169.5 171.9 173.6 171.6 169.8 167.4 164.8 163.2 161.3 160.1 159.6 159.2 159.1 159 160.1 162.9 164.4 166 165 161.5 160 159.3 158.3 157.5 158.2 158.6 157 155.4 154.6 157.8 162.5 166.2
158.2 162.2 164.2 165.8 167.4 167.7 168.2 168.7 169 168.5 167 167.8 170.3 171.8 171.8 171.6 171.3 170.9 170.7 170.5 170.1 169.4 169.4 169.3 169.2 169.7 170.5 170.1 170.2 169.7 169.1 168.5 167.4 167 166 165.7 166.7 168.6 171 172.9 174.2 175.6 175.4 173 170.5 168.9 167.1 164.6 164.8 167.3 167.3 165.7 164.1 162.5 161 159.4 159.3 159.4 159.2 159.1 159 161.1 163.9 165.4 165 164.2 160.7 159.1 159 159 159.5 160.1 160.5 159 157.3 157.7 161.5 169.4 171.1
