public/OST50/SP55.asc
ncols 200
nrows 200
xllcorner 450000
yllcorner 250000
cellsize 50
[rows 140 to 174 of 200, columns 79 to 157 of 200]
140.4 138.5 136.1 134.6 133.2 132.9 133.6 133.5 132.5 132.8 133 133.2 133.1 132.9 133.4 134.1 135.5 137 138.5 140.1 141.5 143.5 143.9 145.4 147.2 151.7 160.4 165 166.3 163.3 162.2 163 162.6 162 161.3 160.6 160.2 161.2 162.4 159.7 154 155.7 157.8 158.7 159.5 159.5 161.5 163.7 165.1 167.7 168.8 169.8 170.2 169.5 168.5 167.5 167.4 168.3 168.8 168.2 166.4 165.2 164.9 166.2 166.8 166.7 166.4 165.5 164.5 163.4 161.5 160.7 160.2 159.9 159.6 160.3 161.1 161.2 161.3
139.8 137.4 134.7 134 132.7 133.8 135 138.7 138.6 138.1 139 138.5 135.4 134.4 134 134.8 136.2 137.7 139.2 140.7 143.5 145.8 147 148.1 150.4 152.2 156.2 164.1 165 163.4 164 166.6 166.1 165 163.5 161.9 161 161.1 161.1 157.4 154.9 158.2 160.5 161.3 161.5 161.4 162.1 163.7 164.8 167.3 169.7 170.9 170.7 170.4 169.4 168.7 168.2 170.2 170.9 169.5 167.7 166 167 168.2 169.2 168.8 168.7 167.4 166 164.4 162.3 162.2 162.5 161.8 161.5 162 162.6 163.1 163.3
139 137.1 134.9 133.1 132.7 135.9 138.4 142.3 142.9 143 143.6 142.2 139.4 135.1 133.8 135.3 137 138.6 140.4 143 145.6 149.2 151.6 152.6 154.8 154.5 157.4 160.6 164.6 164 166.8 168.9 169.3 168 166.6 164.1 162.3 160.5 160.7 157.5 158.8 160.6 162 163.3 164.4 164.8 163.8 163.9 164.3 166.8 169.3 171.5 172.3 171.9 170.9 170.3 170.2 171.1 170.8 171 169 167.4 168 170.1 171.4 170.8 170.1 167.9 165.7 164.2 162.6 163.9 165 164 164 164.3 164.6 164.9 165.3
137.9 136.2 134.4 132.6 134.1 137.8 140.9 143.8 144.6 145.2 145 144.3 138.4 134.6 135.1 136.3 138.6 140 141.9 144.3 146.9 150.8 157.1 160.4 162.9 161.3 163.4 165.6 165.5 165.5 169.5 170.9 171.8 170.8 168.3 165.9 163.2 160.6 159.1 161.3 162.4 162.7 163.6 165 166.9 165.9 164 164.6 167 169.3 171.2 172.5 173.4 173.4 173.1 172.6 172.5 173 172 170.3 169.2 169 170.4 171.8 172.9 172.1 169.9 167.6 164.4 164.6 164.3 166.7 167.4 167.1 166.6 166.8 166.9 167.1 167.3
136.8 135.4 133.9 132.3 135.8 139.6 142.5 144.9 145.8 146.7 147.1 145.2 139.7 136.8 137.3 139.2 140.1 141.1 142.2 144.7 148.5 153.6 163.5 167.6 170.4 170.1 170.3 170.3 169.5 169 170.6 172.7 174.3 172.5 169.7 167.7 165.7 163.3 162.6 164.9 165.9 166.6 166.6 168.4 169.3 167.8 165.5 165.5 170.5 172.5 174.2 175.5 175.7 175.8 175.7 175.1 174.7 175 174.3 172.1 170.4 171.3 172.4 173.4 174.3 173.6 171.5 168 165.4 165.6 166.5 169 169.7 169.4 168.9 168.9 169 169.3 169.4
135.8 134.4 133.1 132 137.1 141.5 144.5 145.7 146.9 147.9 147 144.4 141.2 139.4 139.6 140.8 140.4 141.2 142.7 145.8 149.4 154.9 162.7 169.6 171.5 171.9 173.2 173.1 171.8 169.4 170.2 173.4 174.4 173.2 170.9 169.3 166.7 164.4 164.8 168.3 170.1 170.1 169.9 171.8 173.9 171 167.7 168.7 173.6 176.1 177.3 177.8 177.8 178.9 178.3 177.7 177 176.8 176 173.7 172.4 172.8 174.2 175 175.7 175.4 173.5 170.1 168.3 167.8 168.1 170.3 171.8 171.7 170.8 170.8 170.8 170.8 171.4
134.9 133.4 132.7 134.2 138.5 143.2 146.3 147.7 148.7 148.4 147 143.7 140.1 139 139 140.8 140.5 141.3 143.2 146.5 150.3 155.7 161.9 164 167.5 170.8 172.8 175.4 173.6 171.3 171.6 173.3 174.6 172.7 170.3 168.5 166.7 164.7 164.6 168.7 172.2 174.5 171.5 174 176 175.6 170.1 169.1 174.6 177.6 179.1 179.6 179.8 180.5 180.3 179.4 178.8 178.5 177.4 175.1 173.5 174.1 176.2 176.8 177.1 177.1 175.6 173.3 171.4 170.6 169.8 170.8 172.7 173.4 172.7 172.1 172.1 172.1 172.2
134.6 138.8 136.8 136.4 140.6 145.6 148.4 149.7 149.7 148.8 146.8 143.9 139 139 139 139.7 140.5 141.3 143.5 145.4 148.8 152.3 156.4 159.7 166.2 171.8 174.4 176.5 175.2 173.9 173.7 174.7 174.8 173.3 170.7 169.2 167.1 165.4 164.5 167 173.1 175.8 173.2 175.7 176 176 173.3 170.6 172.9 178.1 179.7 180.8 181.2 181.8 182 181 180.7 180.4 178.9 176.7 175.5 176.9 178.1 178.5 178.7 178.5 177.6 175.9 174.3 173.5 172.2 171.1 173.4 174.5 174.2 173.5 173.3 173.4 173.3
134.9 142.9 135.2 139.4 141 147.4 150.4 151.3 151.2 149.9 146.8 144 139.5 139 139 139 140.2 141.4 142.8 144.2 147.5 151.8 156.8 162.7 168.8 175.5 177.8 179.1 176.3 175.9 175.6 175.8 174.7 174.3 172.3 170.2 167.6 167.2 166.4 166.7 171.7 176 174.9 176 176 176 176 172.3 172.5 174.8 178.7 181.6 182.7 183.1 183.2 182.8 182.3 181.8 180.5 178.4 178.4 179.2 179.3 179.7 179.8 179.7 178.9 177.8 176.7 175.7 174.5 173.6 174 175.1 175.8 175.1 174.3 174.2 174.5
131.7 133.9 142.1 142 141.5 148.7 151.4 152.1 152 150.5 147.4 144.4 140.4 139.2 139.2 139.1 140.8 142.7 144.7 148.2 151.5 155.5 161.1 168 173.3 177.9 180.4 182 181.6 181 179.5 177 175.7 175.1 173.3 170.6 168.9 168.9 170.8 169.1 169 172.5 176 176 176 176 175.9 174.6 173.7 174.3 176.9 180.1 183.6 184.2 184.8 184.1 183.5 182.8 181.3 179.2 180.2 180.6 180.6 180.6 180.8 180.3 179.6 178.9 177.9 177 176.1 175.8 174.7 176.1 176 175.5 174.9 175.2 175.4
132.9 142.8 142.7 146.2 147.4 147.3 150 152.5 152.3 150.9 147.9 143.7 141.8 141 140.5 140.3 142.7 145.4 150 154.2 157.6 161 167 174.3 180 181.9 182.7 184.3 184.3 184.4 183.7 181.8 178.8 176.7 174.7 172.2 170.1 170.8 175.2 173.3 170.9 169 171.7 176 175.9 175.8 177 176 176.3 178.2 180.4 181.9 184.5 185.9 186 185.3 184.4 183.8 182.1 180 180.8 181.3 181.4 181.5 181.6 180.8 180.2 179.6 178.8 178.1 177.5 176.8 176 176.1 175.9 175.5 175.4 175.9 175.9
137.3 142.6 142.7 145.7 147.6 149.4 151.9 153.7 153.2 151.3 147.1 143.8 145.1 145 143.5 142.7 144.7 148.9 153 158.9 163 167.1 175.1 182 184.6 184.6 185.7 186.7 186.2 186 185.7 182.3 180.2 177 175 174.4 172.7 172.2 175.7 176.6 174.8 175.5 172.8 174.4 174.8 176.2 178.5 178.2 178.7 180.9 183.2 184.5 185 186 186 186 186 184.4 182.8 181.4 181.4 182.1 182.2 182.3 181.7 180.9 180.6 179.9 179.1 178.3 177.4 176.5 176.2 176 176 175.6 175.8 175.9 175.8
139.1 143 142.7 141.1 144.7 151.4 152.6 153.8 154 151.9 149.5 150.4 150.9 148.5 145.1 144.2 147.5 151.7 158.6 164.7 169.3 175.3 181.2 183.8 186 186.1 186.9 186.8 186.2 185.8 185.3 182.5 180.1 178.8 178 177 175.8 175 176.5 178.1 178.7 179.4 178.8 176.5 175.3 177.5 179.3 179.5 180.7 182.5 184.6 185.5 185.5 186 186 185.8 184.2 184.8 183.8 183.5 183.3 182.7 183 182.4 181.8 181 180.8 179.9 178.8 177.8 176.9 176.1 175.9 175.8 175.3 175.2 175.8 175.9 175.8
139.7 142.7 143.3 140.2 143.4 149.1 150.8 150.5 152.1 152.7 155.6 156.9 155.6 151.2 147.8 147.6 152 157.7 165 170.9 175.4 177.3 178.6 180.2 181.2 181.5 182 182.1 182 181.4 184.4 184.5 181.4 180 180 177.7 174.7 176.1 177.8 179.2 180.8 181 181 181 180.5 179.4 179 180.6 182.5 183.6 185.2 185.4 185.7 186.1 186 185.2 185 185 184.6 184.3 184 183.7 183.3 182.7 182.2 181.4 180.5 179.2 178.2 177.1 175.8 174.5 173.8 173.1 173.2 173.6 174.3 175.1 175.3
136.7 142 143 143.4 143.8 146.1 147.9 149.1 150.7 154 158.4 160.1 157.3 152.1 149 152.1 157.2 163.1 170.3 173.6 175.6 175.3 175.3 174.3 173.9 174.3 175.6 175.9 175.2 176.7 182.5 185.1 185.7 184.2 182.6 179.7 178.9 178.9 178.9 179.9 180.4 180.4 181 181 181 181 181.2 182.1 183.1 184.3 185 185.6 185.9 186.1 186 185.8 184.8 185 184.7 184.2 183.8 183.4 182.9 182.4 182.1 180.8 179 177.5 176.1 175.5 173.9 172.3 171.4 170.4 171.1 171.9 172.7 173.7 174.3
137 139.8 142.1 139.5 143.2 142.9 144.1 146.5 149.7 154 156.9 157.5 155.7 153.4 152.9 157.7 162.3 167.3 171.8 171.3 172.1 169.8 168.8 168.6 169.5 170.4 169.9 169.9 169 177.3 184.2 186.3 186.4 186.3 184 181.6 179.1 180.2 180.5 180.3 180 179.8 180.2 180.7 180.4 180.8 181.3 181.8 182.7 183.5 184.2 185 185.7 185.6 185.5 185.9 184.8 184.5 183.9 183.2 182.8 182.5 182 181.5 181.2 179.8 177.7 175.5 175.2 174.1 172.5 170.1 169 169 169.4 170.4 171.3 172.2 173.1
141.8 142.3 142 146.6 147 144.1 146.7 149.1 151.4 154 155.9 156.1 154.5 155.3 157.9 162.6 165.6 167.9 170 169 165.5 163.7 163.4 164.5 165.5 166.6 165.9 166.9 171.2 177.9 184.5 186.9 186.7 186.3 185.8 183.2 180.2 178.3 179.4 180.6 179.4 179 178.7 179.2 180 180.7 181.1 181.7 181.4 181.9 182.4 182.9 184.1 185.1 185.1 184.7 184 183.6 182.9 182.3 181.9 181.5 181.2 180.7 180.6 179.1 177.7 176.5 174.4 172.6 170.9 169.3 169 168.9 168.9 169 169.9 171.3 172
142.7 145.7 143 147.9 148.3 148.3 147.9 149.8 153.4 155.2 156.6 157.8 158 159.2 161.4 163.1 164.5 165.4 165.6 163.9 161.6 160.3 160.1 162.3 163.4 163.8 164 167.6 174.4 180.7 185.2 187.5 187 186.5 186 185.1 180.9 180 179.2 180.7 179 178.7 178.5 178.4 179.7 181 179 178 178.3 178.9 179.5 180.8 182.1 183.4 184.2 184.2 183.4 182.7 182 181.3 180.9 180.6 180.4 180.8 180 178.8 177.3 175.9 174.8 173 171.2 169.8 169 168.9 168.9 168.9 169.8 170.1 170.6
143.6 145.6 142.7 148.3 149.6 150.9 153.1 153.9 155.6 156.1 156.9 157.7 159.5 160.8 161.2 161.6 161.5 161.4 160.8 159.9 159 158 159 160.1 162.2 162.9 164 169.2 176.1 183.4 186.7 187.3 186.7 186.4 186 184.3 181.3 179.5 179.2 179.8 179 179.5 178.7 177.6 176.4 174.8 175.5 173.9 175.6 175.4 175.9 177.5 179.9 181.8 182.5 183.3 182.5 181.6 181 180.4 180.1 180.5 180.8 180.2 179.5 178.3 177 175.4 174.3 173.8 172.3 170.7 169.5 168.9 168.9 168.9 168.3 168.2 168.9
146.8 143.5 143.1 148.9 148.4 152.4 154.7 155.6 156.1 156 156.6 157.4 159.3 159.7 161.2 159.6 159.3 158.9 158.3 157.3 156.8 157.4 158.8 159.2 160.5 163.2 165.4 168.9 174.9 182 186.4 187.1 186.5 185.4 184 184.1 181.4 179.2 176.7 177.6 179 180.4 180 178.9 177.4 176.2 169.7 167.5 170.5 171.4 170.6 172.5 176.9 180.4 182.3 182.1 181.6 180.6 179.7 179.2 178.1 177.8 179.9 179.5 178.9 178 177.3 175.7 174.6 174.8 173.3 171.7 170.2 169.3 168.8 167.9 165.8 166.6 166.8
147.7 150.9 143.3 144.4 151.4 153.2 155.1 156 156 156.3 156.3 157.1 158.2 157.5 158.2 157.5 157.4 157.3 156.8 155.7 155.5 156.5 158.2 159.9 160.8 166 166 168.9 174.8 181.5 184.7 186.7 186.5 185.8 185 184.5 181.8 179 175.3 174.9 178.2 178.9 179.5 178 177.1 175.9 172.4 167.4 164.5 166.5 169.4 173.8 178.3 181.1 181.8 182.2 181.6 179.9 177.7 176.6 178.4 179.1 179.2 179 178.5 178 177.5 176.2 174.7 174.8 173.6 171.7 170.2 169 167.7 166.5 165.2 164.1 164.4
145.6 152.2 150.6 143.2 153.4 154.4 156 156 156 156.2 156.5 156.7 156.3 155.3 155.1 155 155.7 155.8 155.3 154.7 155.3 156.9 159 160.1 160.5 162.9 165.8 168.5 171.1 175.6 180.5 184 186.3 187.2 187.2 185.6 184.2 181.9 178.8 175.5 173.1 175.6 175.8 176.6 176.2 174.5 171.5 168.2 162.8 164.2 168.9 174.5 178.7 180.7 181.3 181.4 180.5 177.9 175.2 174.7 178.7 178.9 178.3 178.1 177.9 177.6 177.3 176.2 174.9 174.1 172.8 171.4 170.2 168.6 167.6 166.6 165.5 165.1 165.5
150.9 152.1 151.8 146.8 152.1 155 155.6 156 156 156.2 156.3 155.2 155.4 153.8 153.4 154.1 154.8 155.7 154.1 155.1 157 158.7 160.1 161 161 158.6 158.4 161.7 165.4 169 172.2 178 182.4 185.9 187 186.7 186 183.6 180.6 177.2 172.5 169.7 170.8 171.6 171.9 169.8 167.6 165.5 161.6 163.1 167.1 172.5 176.2 178.8 180 180.7 180 175.9 172.6 174.4 177.8 178 176 175.6 176.2 176.8 176.6 175.7 176 175.1 173.5 171.8 170 169.1 168.5 167.7 166.7 166.5 165.9
148.8 149 150.1 151 145 153.7 154.1 154.6 154.9 155.1 154.8 154.2 153.6 152.4 152 152.9 154.2 154.8 154 156 158.4 160.3 160.9 161 160 156.2 155.8 158.5 161.4 160.7 164.2 169.4 174.9 180.3 185.9 186.7 185.8 184.2 181.8 178.1 174.2 168.8 165.2 166 166.5 165.1 162.5 162.1 159.9 161.5 165.7 170.7 174.5 176.4 178.1 178.9 177.5 173 167.8 171.6 175.5 176.6 175.9 174.9 175.2 176.1 176 175.9 175.6 174.7 173.4 171.6 169.6 169.4 169 168.3 167.8 167.3 166.6
145.9 146.3 148.6 149.6 143.6 152.8 152.9 153.1 153.4 153.6 152.7 152 151.4 150.5 151 152.6 153.4 154.1 155.5 156.9 158.4 159.8 161 159.2 156.5 153.4 151.6 153.3 154.5 156.7 159.4 163.3 167.8 174.1 181.9 185.7 185.1 183.3 181.3 178.7 175 170.8 165.5 162.8 161.9 161.7 158.9 158.4 157.8 159.7 163.9 168.5 170 172.6 174.2 175 174.1 170.5 165.8 167.5 171.4 172.8 173.4 172.5 172.9 175.1 174.8 175.1 174.8 173.9 173.2 171.6 169.8 169.6 169.6 169.1 168.6 168.2 167.5
143.9 146.8 149.4 150.1 151.2 147.7 151.3 151.6 151.9 151.8 150.7 150 149.3 149 150.3 153.1 154.1 154.5 155.9 156.1 157.4 158.5 157.2 154.5 152.5 149.8 148.4 150.6 152.9 156.5 159.8 162 165.9 171.5 178.7 183 184.5 182.2 180.7 176.6 174.2 169.4 164.9 163.3 161.1 158.9 158.3 155.6 154.2 156.4 159.7 162.4 163.5 166.5 168.4 169.3 169.5 167.5 163.1 163.9 166.1 167 166.9 166.7 170.8 173.8 172.9 173.7 174.2 173.9 173.3 172.2 171.3 170.8 170.3 169.9 169.3 168.7 168.3
145.4 144.3 150.7 145.7 148.9 142.6 149.7 150 150.4 149.8 148.9 149 149 149 150.6 153.6 155.2 155 155.9 155.8 156.3 155.4 152.5 149.8 148.3 146.3 147.5 149.8 155 159.8 164.6 168.9 170.8 175.6 181.8 183.6 183.7 181.1 180.3 173.8 171.5 167.3 165.6 165 163.3 161.2 159.4 156.6 155.1 155.4 156 157.5 158.8 160.7 162.2 163.3 163.6 162.7 159.8 161 161.4 161.6 161.5 164.6 168.8 171.3 172.3 173.1 173.5 173.4 173.4 172.6 171.8 171.2 170.7 170.2 169.6 169.1 168.6
149.8 151.2 144.2 146.8 150.9 149.7 147.5 148.7 149.4 148.6 147 148.5 149.1 149.7 152.5 154.4 156 155.6 155.9 156 154.9 152.3 148.1 145.5 144.9 144.1 146.3 149 152.7 158.2 166.1 175.9 180.7 181.3 182.5 183 182 179.9 177.5 174.1 169.6 168.7 167.5 166.6 164.9 163.1 160.3 157.3 154.5 153.6 153.7 154.1 155.3 156.4 157.4 158.2 159 158.6 158.9 157.8 157.4 157.9 159.3 161.4 164.2 168.4 171.6 172.8 173.2 173.2 173.5 172.8 172.1 171.5 170.9 170.3 169.5 169 168.2
150.5 150.4 150.5 149.6 141.5 148.5 144.9 147 146.4 145.6 145.7 147.1 150 150.9 154.4 155.3 156 155.5 155.1 152.5 150.2 147.2 144.8 144.6 144.5 146.1 150 152.5 154.3 158.5 163.1 170.9 179.3 180.5 182.5 183.4 179.8 178 174.5 172.6 171.1 171 170.5 168.2 164.6 163.8 161.6 158 156.1 155.1 154.1 153.4 152.4 153.8 155 155.4 155.6 156 156.7 156.6 155.5 155.5 158.5 160.6 164.1 169.1 171.3 172.8 173.5 173.7 173.5 172.9 172.2 171.6 170.4 169.6 168.7 168.1 167.1
151.2 151.2 149.5 149.5 148.4 143.6 146.6 141.4 144.7 144.6 145.1 148.3 151 151.4 151.8 152.4 151.9 151.5 149.5 147.2 145.6 144.7 143.4 143.2 144.6 148.7 153.7 155.8 158.3 159.2 162.8 167.7 176.2 182.3 185.1 185.1 182 179.1 177 174.4 171.8 171 169.6 165.7 165.3 163.5 160.7 159.7 158.1 156 154.6 153.2 151.8 151.1 152.5 153.2 153.7 154.5 155.1 155.3 154.1 154 157.8 163.6 167.8 170.2 172.4 173.6 173.8 173.5 173.2 172.9 172.1 170.7 169.2 168.6 168 167.3 166.1
151.7 150.7 149 148.7 147.3 145.9 145.5 146 144.1 145 144.7 146.2 148.5 149.2 148.7 148.3 146.9 145.8 144.9 143.8 143.7 143 141.7 142.1 144.5 149.2 154.9 159 161 161.7 167.7 173.7 179.3 185.1 186.6 186.3 185.3 182.7 180.5 178.3 175.4 170.1 168.9 165.4 164 163.2 161.7 160.6 158.4 156.3 154.5 153.1 151.8 150.4 150.8 151.4 152.2 153.1 153.6 154 153.7 154.1 156.8 164.1 169.2 170.9 172.7 173.9 173.3 172.9 172.5 172.2 171.3 169.7 168 166.8 167 166.5 165.8
152.6 151.3 149.8 148.3 146.6 144.9 144.9 145.3 145 143.4 144 144.8 144 146 146 144.9 143 141.7 141.7 141.8 141.9 141.2 139.9 140.9 144.5 148.3 151.3 155.2 158.9 164.1 171.3 179 184.3 186 186.3 186.5 186.1 185.7 184.3 182.3 177.8 174.1 171.7 168.7 165.5 164.1 162.2 159.2 158.2 155.7 154.3 153.1 151.3 149.5 149.2 149.9 150.9 151.9 152.2 152.1 152.3 153 155.9 161.4 166.5 170.2 172.3 173.3 172.9 172.3 171.9 171.4 170.7 169.2 167.3 165.3 164.3 163.9 162.8
153.7 151.9 149.9 148 146.3 144.5 144.1 144.1 143.6 140.4 142.7 143.1 142.8 144.2 145.7 143.9 141.5 139.1 139 139.7 140.1 139.4 140.3 141.7 144.6 147.3 148 150.6 158.6 164.3 174.8 180.3 182.5 184.6 185.1 185.9 185.6 185.9 186 184.5 180.6 177.7 173.8 170.1 166.1 164.4 161.7 159.1 156.9 155.5 154.3 153.3 151.8 149.2 149 149 149.6 150.4 150.8 150.6 150.6 151.3 154.9 158.4 163.2 167.8 171.3 172.2 172.5 171.9 171.3 171 170.1 168.9 166.9 164.4 164.3 163.3 162
155.1 152.7 150.3 148.2 146.3 144.4 143.9 143.7 143.6 143.1 140.5 142.6 141.6 142.1 142.5 141.7 139.6 139 139.2 139.3 138.6 138.4 140 142.1 143.8 145.1 145.1 149.7 156.3 165.3 173.7 178.5 180.4 182.8 184.2 185.6 186 186 185.8 183.2 180.5 178.3 174.8 171.1 166.9 164 161.5 158.9 156.9 156.1 155.3 154.1 152.5 150.4 149.7 148.7 148.1 148.6 150 149.6 149.2 150 152.7 155.8 159.9 165 169.9 171.2 172.2 171.3 170.8 170.4 169.6 168.5 167.2 164.5 164.1 162.7 161.4
155.9 153.2 150.6 148.6 146.9 145.4 144.7 144 143.5 143.5 142.1 140 140.4 140.2 139.7 139.2 139.1 139.3 139.4 138.5 137.3 137.8 139.1 141.4 142 142.8 143.9 148.4 154.9 163.8 171.8 176.7 178.1 179.8 181.1 181.1 184.2 185 183.6 181 178.8 176.9 173.9 169.4 165.7 163.7 161.2 159.9 158.7 157.6 156 154.9 152.8 151 149.6 148.4 147.6 148.8 149.3 149.7 149.2 148.9 152.3 154.6 158.3 162.7 168 171 171.4 170.7 170.1 169.4 168.6 167.9 166.8 164.6 163.9 162.6 161.6
