public/OST50/SS19.asc
ncols 200
nrows 200
xllcorner 210000
yllcorner 190000
cellsize 50
[rows 0 to 37 of 200, columns 0 to 83 of 200]
45.9 43.7 44.9 46.4 45.9 44.3 41.7 38.3 35.2 33 30.5 30 28.6 26.6 29.7 29.9 30.5 30.4 29.9 26 19.5 12.3 11.2 9.6 11.3 18.9 23.7 25 24.6 23.6 21 16.2 19.2 20.3 20.6 19.8 21.6 21.4 21.8 22.6 22.9 24.1 24.1 23.8 22.9 21.9 14.3 5.7 5.5 5.3 5.5 5.3 5.2 5.5 7.9 8.1 8 8.8 12.3 10.8 12.8 2.8 2 5.4 3.5 1.5 0.1 -1.6 -2.5 -2.5 -2.5 -2.5 -2.5 -2.5 -2.5 -2.5 -2.5 -2.5 -2.5 -2.5 -2.5 -2.5 -2.5 -2.5
49 46.8 47.7 49.3 48.9 47.6 43.4 40.1 37.3 34.9 33.8 33.8 31.7 30.9 31.1 30.8 29.3 28.7 27.1 19 15 21.3 23.6 19.7 18.9 25.3 26.6 27.2 27.1 26.3 24.1 21.9 20.7 21.9 21.4 21.3 21.8 20.8 19.7 18.5 17.9 18.5 19.4 19.2 16.9 15.5 14.2 8.3 6.3 5.9 5.2 4.7 4.3 5.3 10.1 10.8 13.6 14.4 12 9.5 5.9 2.1 1.2 0.4 2 0.1 -1.5 -2.5 -2.5 -2.5 -2.5 -2.5 -2.5 -2.5 -2.5 -2.5 -2.5 -2.5 -2.5 -2.5 -2.5 -2.5 -2.5 -2.5
59 52.6 56.6 56.7 54.5 51.9 49.1 44.4 41.2 39.6 38 36.6 34.8 34 33.6 30.4 27.8 25.5 21.7 18 22.7 26.6 25.9 20 24.1 27.8 29.4 29.9 29.7 29 27.2 25.8 25.1 24.5 24.1 23 21.6 20 18 15.5 14 13.4 12 11 9.8 9.3 10.5 8.2 7.3 6.7 5.3 4.4 4.4 5 13.1 15.9 10.9 11.8 10 6.6 2.2 1.3 0.5 -0.4 -1.2 -2.5 -2.5 -2.5 -2.5 -2.5 -2.5 -2.5 -2.5 -2.5 -2.5 -2.5 -2.5 -2.5 -2.5 -2.5 -2.5 -2.5 -2.5 -2.5
72.2 60.1 67.9 71.5 69.1 65.7 61.4 53.4 48 44.3 43.1 40.8 38.8 37 35.8 32.1 28.4 24.5 21.6 21.4 23.7 25.8 24.4 23.6 27.6 30.3 32.1 32.6 32.8 31.4 30.4 30 28.1 27 25.2 23.6 21.6 19.5 16.7 14.1 10.8 9.3 7.9 7.1 6.5 5.7 7.1 8.4 8.1 9.4 9.9 4.7 5.1 7.7 17.4 13.4 9 8.2 6.9 2.2 1.4 0.5 -0.3 -1.2 -2.5 -2.5 -2.5 -2.5 -2.5 -2.5 -2.5 -2.5 -2.5 -2.5 -2.5 -2.5 -2.5 -2.5 -2.5 -2.5 -2.5 -2.5 -2.5 -2.5
80.2 66.5 75.3 79.5 79.1 76.1 73.8 62.1 64.6 57.5 49.4 45.5 43.8 42.2 39.7 36.8 32.3 28.8 26.3 25.3 27.6 28.4 27.9 27 29.7 32.9 34.5 35.1 35.8 35.2 33.1 31.5 29.6 27.8 25.1 23.6 21.8 19.8 15.5 12.9 9 7.4 5.9 5.6 5.5 5.7 6.5 5.9 5.9 6.2 7.9 5.9 5.1 5.9 7.2 22.6 8.3 6.3 2.3 1.5 0.6 -0.2 -1.1 -1.9 -2.5 -2.5 -2.5 -2.5 -2.5 -2.5 -2.5 -2.5 -2.5 -2.5 -2.5 -2.5 -2.5 -2.5 -2.5 -2.5 -2.5 -2.5 -2.5 -2.5
83.2 73.7 79.1 83.3 84.4 84.2 82.6 79.2 77 71.5 62.3 55.5 52 48.6 47.3 43.7 38.8 35.3 33.7 31.9 31.3 33.1 32.7 32.2 32.8 35.4 37.2 38.9 39.3 38.2 35.5 33.3 30.7 27.3 24.5 22.2 21.7 19.6 14.2 10.4 7.5 5.9 5.6 5.8 5.5 6.1 6.5 6.4 5.7 6.1 7.6 7.7 6.1 15.4 22.8 14.4 7.7 2.4 1.6 0.8 -0.1 -0.9 -1.8 -2.5 -2.5 -2.5 -2.5 -2.5 -2.5 -2.5 -2.5 -2.5 -2.5 -2.5 -2.5 -2.5 -2.5 -2.5 -2.5 -2.5 -2.5 -2.5 -2.5 -2.5
81.1 78.1 79.5 82.2 83.7 84.5 86.1 87.1 85.8 81.9 77.5 72.8 71.9 64.2 56.6 53.6 49.9 47.4 44.8 41 39.4 39.2 39.3 38.7 38.2 40.7 41.6 43.3 42.8 41.3 39.7 35.7 31.2 27.2 22.3 18.5 16.5 14.3 10.1 9.4 5.7 5.2 5.5 5.7 5.9 6 6.5 6.9 6.1 7 6.1 8.7 12.3 10.6 13.7 9.1 2.6 1.8 0.9 0.1 -0.7 -1.6 -2.5 -2.5 -2.5 -2.5 -2.5 -2.5 -2.5 -2.5 -2.5 -2.5 -2.5 -2.5 -2.5 -2.5 -2.5 -2.5 -2.5 -2.5 -2.5 -2.5 -2.5 -2.5
78 76.9 77.6 78.9 79.7 80.9 83.9 87.6 89.6 89 86.9 84.6 82.8 78.4 69 67 65.3 65.2 61.9 53.9 51.3 49.2 49.2 46.9 47.1 48.8 48.9 49.5 49.6 47.4 45.6 42.1 35.5 29.5 23.1 17.6 13.8 10.6 7.9 7.4 5.6 5.2 5.4 5.7 5.9 6.1 7 5.7 6.4 7.1 10 9.9 8.6 11.3 7.7 2.7 2 1.2 0.3 -0.5 -1.4 -2.5 -2.5 -2.5 -2.5 -2.5 -2.5 -2.5 -2.5 -2.5 -2.5 -2.5 -2.5 -2.5 -2.5 -2.5 -2.5 -2.5 -2.5 -2.5 -2.5 -2.5 -2.5 -2.5
74.7 73 73.9 75.2 75.5 74.9 76.7 81 86.8 89.7 89.6 90.4 89.8 87 83 82.3 78.1 80.2 80 74.1 68 60.9 62.5 59.3 58.6 60.7 60.8 60.8 59.9 58.8 56.3 52.2 46.1 39.4 33.5 25.5 15.6 11.1 8.2 6.7 6.2 5.4 5.4 5.6 6.2 7.2 5.8 5.6 6.5 7.7 8.5 11.4 9.3 11.3 3.5 2.1 1.3 0.6 -0.2 -1.1 -2.5 -2.5 -2.5 -2.5 -2.5 -2.5 -2.5 -2.5 -2.5 -2.5 -2.5 -2.5 -2.5 -2.5 -2.5 -2.5 -2.5 -2.5 -2.5 -2.5 -2.5 -2.5 -2.5 -2.5
72.6 70 69.7 71.2 70 68.1 68.8 66.1 79.2 83.5 85.7 90.1 91.1 89.3 90.6 90.4 88.5 87.1 85.4 82.6 80.2 72.2 73 73.1 73.9 73 72.3 71.1 68.6 66.5 63.4 60.3 55 48.7 44.7 32.4 17.5 11.6 8.4 6.9 5.5 5.3 5.4 5.5 6.8 6.6 6 5.6 6.5 8.6 9.4 6.1 13.1 4.5 2.3 1.5 0.8 0 -0.8 -1.6 -2.5 -2.5 -2.5 -2.5 -2.5 -2.5 -2.5 -2.5 -2.5 -2.5 -2.5 -2.5 -2.5 -2.5 -2.5 -2.5 -2.5 -2.5 -2.5 -2.5 -2.5 -2.5 -2.5 -2.5
67.7 64.7 62.8 65.2 62.4 59.4 59.8 59.6 67.6 68.2 76.8 82.2 85.3 89.1 90.6 91.5 90.8 90.4 88.7 85.6 82.5 81.5 79.9 80 80.1 79.5 79.5 77.5 74.7 71.7 67.7 63.3 58.7 52.2 43.7 29.2 16.5 11.6 8.3 6 5.5 5.2 5.3 6 6 6.2 6.1 5.8 6.9 9.9 12 10.7 5.6 2.6 1.7 0.9 0.1 -0.6 -1.4 -2.5 -2.5 -2.5 -2.5 -2.5 -2.5 -2.5 -2.5 -2.5 -2.5 -2.5 -2.5 -2.5 -2.5 -2.5 -2.5 -2.5 -2.5 -2.5 -2.5 -2.5 -2.5 -2.5 -2.5 -2.5
60.2 58.9 55.3 57.8 56.3 46.8 48.5 48.7 48 61.1 68.2 71.5 75.7 82 85.8 87.5 88.6 89.3 87.5 85.4 83.8 83.8 83.4 83 82.8 82.7 81.3 79.2 75.6 71.8 67.3 61.3 50.9 45.7 39 26.6 15 10.7 7.7 6 5.3 5.3 5.5 6 6.6 7.7 6.9 8.7 8.3 8.8 10.7 8.1 2.8 2.1 1.2 0.3 -0.5 -1.3 -2.5 -2.5 -2.5 -2.5 -2.5 -2.5 -2.5 -2.5 -2.5 -2.5 -2.5 -2.5 -2.5 -2.5 -2.5 -2.5 -2.5 -2.5 -2.5 -2.5 -2.5 -2.5 -2.5 -2.5 -2.5 -2.5
50.2 51.4 50.2 46.8 46 39.6 39.7 39.2 45.4 52 57.6 57.3 65.9 73.9 80.4 82.5 84 84.1 84 82.9 82.6 82.5 82.3 82.4 81.8 80.9 79.7 77.7 75.7 72.2 68.4 61.5 48.6 38.5 37.2 23.2 14 10 6.1 5.7 5.2 5.3 5.4 5.8 6.1 6.4 8.1 11 9.8 7.2 12.5 3.6 2.3 1.5 0.8 -0.1 -1 -2.5 -2.5 -2.5 -2.5 -2.5 -2.5 -2.5 -2.5 -2.5 -2.5 -2.5 -2.5 -2.5 -2.5 -2.5 -2.5 -2.5 -2.5 -2.5 -2.5 -2.5 -2.5 -2.5 -2.5 -2.5 -2.5 -2.5
40 41.9 39.6 35.7 33.2 30.3 30.4 32.3 38.7 44.4 45.3 49 59.1 69.8 75.3 78.1 79.5 79.4 79.6 79.2 79.3 79 78.6 79 78.2 76.8 75.6 74 72 70 68.6 64.2 53.5 44.3 28.1 19.7 14.3 9.7 6.5 5.9 5.3 5.3 5.5 6.6 7.4 6.5 9.4 11.9 8.2 12.1 4.1 2.5 1.7 1 0.2 -0.6 -1.4 -2.5 -2.5 -2.5 -2.5 -2.5 -2.5 -2.5 -2.5 -2.5 -2.5 -2.5 -2.5 -2.5 -2.5 -2.5 -2.5 -2.5 -2.5 -2.5 -2.5 -2.5 -2.5 -2.5 -2.5 -2.5 -2.5 -2.5
33.2 34.2 31.5 28.4 26.3 25.2 25.2 26.9 31.4 34.7 36.4 48.6 56.6 64.6 70.8 74.4 74.8 74.1 74.1 75.3 74.4 73.7 73.8 74.9 74.3 72.8 70.6 67.9 66 65.7 65.5 64.3 57.7 44.1 26.8 18.8 14.2 9.5 6.5 5.7 5.1 5.2 5.4 7.1 6.3 6.9 8.8 8.7 7.7 4.6 2.7 1.9 1.2 0.4 -0.3 -1.1 -1.9 -2.5 -2.5 -2.5 -2.5 -2.5 -2.5 -2.5 -2.5 -2.5 -2.5 -2.5 -2.5 -2.5 -2.5 -2.5 -2.5 -2.5 -2.5 -2.5 -2.5 -2.5 -2.5 -2.5 -2.5 -2.5 -2.5 -2.5
27.4 27.2 24.5 22 21.1 20.2 20.4 22 24.7 28.4 36 43.4 51.8 58.4 65.5 69.3 69.2 67.1 68.3 68.6 68.1 67.6 68 69.9 70.6 68.7 64.7 61 59 59.4 60.1 60.2 56.2 42.4 31.8 17.3 12.6 8.1 6.4 5.8 5.2 5.3 5.9 6.9 6.9 7.7 7.3 8.3 9.7 3 2.1 1.3 0.6 -0.1 -0.9 -1.6 -2.5 -2.5 -2.5 -2.5 -2.5 -2.5 -2.5 -2.5 -2.5 -2.5 -2.5 -2.5 -2.5 -2.5 -2.5 -2.5 -2.5 -2.5 -2.5 -2.5 -2.5 -2.5 -2.5 -2.5 -2.5 -2.5 -2.5 -2.5
20.4 22.1 18 16.8 16.5 16.3 16.7 18.2 20.7 24.8 32.1 38.1 44.8 53 59.6 63.6 64.1 60.2 61.1 61 61 61 60.8 63.3 65 63.4 57.9 51.6 49.6 50.5 52.8 55 51.9 41.3 24.4 15.3 10.3 7.4 6.1 5.6 5.2 5.4 6 7.4 7.1 9.4 9.7 10 3.5 2.3 1.6 0.8 0 -0.8 -1.5 -2.5 -2.5 -2.5 -2.5 -2.5 -2.5 -2.5 -2.5 -2.5 -2.5 -2.5 -2.5 -2.5 -2.5 -2.5 -2.5 -2.5 -2.5 -2.5 -2.5 -2.5 -2.5 -2.5 -2.5 -2.5 -2.5 -2.5 -2.5 -2.5
16.3 15.9 21.9 15.5 16.4 15.1 16 15.4 17.5 21 25.6 33.9 40.5 46.9 53.2 56.4 56.7 53.9 52.7 54.3 53.1 51.2 52.3 54.8 57.3 57 52.4 45.3 38.9 38.7 42.7 46.2 47.6 40.1 22.1 12.8 8.4 7.3 6.1 5.2 5.1 6 7.2 9.4 6.8 6.4 6.9 4.1 2.6 1.8 1 0.2 -0.6 -1.3 -2.5 -2.5 -2.5 -2.5 -2.5 -2.5 -2.5 -2.5 -2.5 -2.5 -2.5 -2.5 -2.5 -2.5 -2.5 -2.5 -2.5 -2.5 -2.5 -2.5 -2.5 -2.5 -2.5 -2.5 -2.5 -2.5 -2.5 -2.5 -2.5 -2.5
17.2 17.1 21 23.1 21.6 18.1 13.9 13.1 14.1 17.3 22.9 31.5 37.5 40.9 45.5 48.2 47.4 45.8 44.7 43.2 41.4 38.6 41.7 43.2 44.8 46.1 41.7 31.6 26.5 26.7 28.3 32.6 33.3 24.4 16.6 9.5 7.6 6.3 6 4.7 5.4 7.3 7.8 8.2 7 7 6.4 3 2.1 1.2 0.4 -0.4 -1.2 -1.9 -2.5 -2.5 -2.5 -2.5 -2.5 -2.5 -2.5 -2.5 -2.5 -2.5 -2.5 -2.5 -2.5 -2.5 -2.5 -2.5 -2.5 -2.5 -2.5 -2.5 -2.5 -2.5 -2.5 -2.5 -2.5 -2.5 -2.5 -2.5 -2.5 -2.5
20.8 19.9 23.7 25.2 24.2 21.7 19.9 13.3 12.5 13.8 16.6 26 32.3 34.5 35.3 35.4 35.6 34.1 28.6 29.4 28.8 29.4 30.6 30.9 29.8 30.6 25 20.2 19.6 19.1 18.7 19.1 17.9 15 11.3 7.9 6.6 5.8 5 4.5 5.3 6.5 5.2 10.7 8.6 8.6 3.6 2.4 1.5 0.7 -0.2 -1 -1.8 -2.5 -2.5 -2.5 -2.5 -2.5 -2.5 -2.5 -2.5 -2.5 -2.5 -2.5 -2.5 -2.5 -2.5 -2.5 -2.5 -2.5 -2.5 -2.5 -2.5 -2.5 -2.5 -2.5 -2.5 -2.5 -2.5 -2.5 -2.5 -2.5 -2.5 -2.5
22.5 22.9 25.1 25.7 24.1 21.6 21.6 19.6 10.9 11.5 13.7 17.8 26.4 27.4 26.7 25.7 23 22.3 22.4 21.8 21 20.9 21.3 21.3 19.9 16.9 14.8 14.3 14.1 13.6 13.1 12.1 11 9.5 7 6.3 5.8 5.4 4.6 4.6 5.1 7.3 8.6 8.6 9 5.1 2.8 1.9 1 0.1 -0.7 -1.6 -2.5 -2.5 -2.5 -2.5 -2.5 -2.5 -2.5 -2.5 -2.5 -2.5 -2.5 -2.5 -2.5 -2.5 -2.5 -2.5 -2.5 -2.5 -2.5 -2.5 -2.5 -2.5 -2.5 -2.5 -2.5 -2.5 -2.5 -2.5 -2.5 -2.5 -2.5 -2.5
25.5 25.5 26.5 26.1 24.2 22.1 18.8 20.1 11.8 10.5 10.5 12.7 22.9 23.4 21.9 20.4 18.8 18.6 17.8 16.3 15.5 15.2 15.2 14.6 13.5 12.3 11 10.6 10.2 9.5 9.1 8.3 7.3 6.3 6.2 5.9 5.4 4.8 4.3 4.5 5.1 7.3 8 6.6 8.6 3.5 2.3 1.4 0.5 -0.4 -1.2 -2.5 -2.5 -2.5 -2.5 -2.5 -2.5 -2.5 -2.5 -2.5 -2.5 -2.5 -2.5 -2.5 -2.5 -2.5 -2.5 -2.5 -2.5 -2.5 -2.5 -2.5 -2.5 -2.5 -2.5 -2.5 -2.5 -2.5 -2.5 -2.5 -2.5 -2.5 -2.5 -2.5
28.9 29.3 28.9 28 26.6 23.6 20 17.9 20.4 18.4 11.9 9.1 14.7 20.6 16.6 14.4 14.3 14.1 11.8 11.4 10.9 10.2 10.3 9.9 8.9 8.3 7.5 6.9 6.6 6.4 6.3 6.3 6 5.6 5.4 5.7 5.2 4.4 4.1 4.6 5.1 8 10.1 5.9 4.9 2.7 1.8 0.9 0.1 -0.8 -1.7 -2.5 -2.5 -2.5 -2.5 -2.5 -2.5 -2.5 -2.5 -2.5 -2.5 -2.5 -2.5 -2.5 -2.5 -2.5 -2.5 -2.5 -2.5 -2.5 -2.5 -2.5 -2.5 -2.5 -2.5 -2.5 -2.5 -2.5 -2.5 -2.5 -2.5 -2.5 -2.5 -2.5
31.8 32.5 32.8 33 32 28.6 24.3 21.3 23.8 23 18.6 9.7 9.7 9.6 8.9 8.3 8.3 7.8 7.8 7.6 7.1 5.9 5.4 6.1 6 5.8 5.8 6.3 6.6 6.6 5.9 5.9 6 5.9 5.4 5.1 5.2 4.1 4.6 4.6 5.6 5.9 8.3 6.4 3.9 2.4 1.5 0.5 -0.4 -1.3 -2.5 -2.5 -2.5 -2.5 -2.5 -2.5 -2.5 -2.5 -2.5 -2.5 -2.5 -2.5 -2.5 -2.5 -2.5 -2.5 -2.5 -2.5 -2.5 -2.5 -2.5 -2.5 -2.5 -2.5 -2.5 -2.5 -2.5 -2.5 -2.5 -2.5 -2.5 -2.5 -2.5 -2.5
35.2 35.8 36.5 36.6 35.3 32.1 28.9 27.2 26.7 26.6 23.5 19.3 10.2 9 9.7 12 13.2 9.7 11.1 8.3 7.3 6.2 6.4 6.4 5.7 5.4 5.7 6.2 6.4 5.8 5.5 5.7 5.8 5.8 5.7 4.9 4.8 4.4 5.2 4.7 6 8 7.9 6.7 3.2 2.2 1.3 0.3 -0.7 -1.7 -2.5 -2.5 -2.5 -2.5 -2.5 -2.5 -2.5 -2.5 -2.5 -2.5 -2.5 -2.5 -2.5 -2.5 -2.5 -2.5 -2.5 -2.5 -2.5 -2.5 -2.5 -2.5 -2.5 -2.5 -2.5 -2.5 -2.5 -2.5 -2.5 -2.5 -2.5 -2.5 -2.5 -2.5
37.7 38.5 39 38.6 37.2 35.3 33.1 30.5 29.1 29.4 25.5 18.9 20.1 18.9 17.9 18 17 16.1 14.9 14 13.8 13.4 13.2 12.1 11.2 9 6.5 6.8 6.3 5.3 5.5 5.6 5.3 5.5 5.2 4.8 4.4 4.8 5.4 5.4 6.1 8 8.3 4.8 2.8 1.8 0.9 0 -1 -2.5 -2.5 -2.5 -2.5 -2.5 -2.5 -2.5 -2.5 -2.5 -2.5 -2.5 -2.5 -2.5 -2.5 -2.5 -2.5 -2.5 -2.5 -2.5 -2.5 -2.5 -2.5 -2.5 -2.5 -2.5 -2.5 -2.5 -2.5 -2.5 -2.5 -2.5 -2.5 -2.5 -2.5 -2.5
40.2 40.9 41.1 40.6 39.3 37.6 35.4 32.9 31.3 31.1 27.8 27.5 31.6 29.5 28.5 25.7 21.9 21.6 19.5 18.6 16.5 17.1 18.1 17.5 16.3 15.5 15.3 14.7 14.4 12.9 9.2 7.3 7 6.1 5.8 6.3 5.9 5.8 6.4 6.9 8.4 8.2 6.5 4.3 2.8 1.7 0.7 -0.3 -1.3 -2.5 -2.5 -2.5 -2.5 -2.5 -2.5 -2.5 -2.5 -2.5 -2.5 -2.5 -2.5 -2.5 -2.5 -2.5 -2.5 -2.5 -2.5 -2.5 -2.5 -2.5 -2.5 -2.5 -2.5 -2.5 -2.5 -2.5 -2.5 -2.5 -2.5 -2.5 -2.5 -2.5 -2.5 -2.5
43 43.7 44.1 43.4 42.6 39.9 36.4 34.4 31.4 32.5 29.6 31.6 34.5 35.5 34.4 31.8 29.4 28 25 22 20 19.8 22.2 23.4 22.1 21.8 21.2 20.4 20.1 19.5 19.1 17.1 13.2 14.7 15.3 15.2 12.1 10.1 9.5 9 10.2 11.7 12.2 5.6 2.9 1.8 0.7 -0.4 -1.4 -2.5 -2.5 -2.5 -2.5 -2.5 -2.5 -2.5 -2.5 -2.5 -2.5 -2.5 -2.5 -2.5 -2.5 -2.5 -2.5 -2.5 -2.5 -2.5 -2.5 -2.5 -2.5 -2.5 -2.5 -2.5 -2.5 -2.5 -2.5 -2.5 -2.5 -2.5 -2.5 -2.5 -2.5 -2.5
48.2 48.4 47.5 46.8 46.2 44 -2.5 24.7 2.9 27.2 2.8 27 34.6 36.5 35.9 35.3 34.2 32.9 30.7 28 25.3 23.6 25.1 29.6 29.3 27.4 26.4 25.5 25.1 25.1 24.1 22.4 21.5 22.3 27.1 25.3 21.7 19.5 18.5 17 15 15 17.4 8.4 2.8 2.5 1.4 0.4 -0.8 -2.5 -2.5 -2.5 -2.5 -2.5 -2.5 -2.5 -2.5 -2.5 -2.5 -2.5 -2.5 -2.5 -2.5 -2.5 -2.5 -2.5 -2.5 -2.5 -2.5 -2.5 -2.5 -2.5 -2.5 -2.5 -2.5 -2.5 -2.5 -2.5 -2.5 -2.5 -2.5 -2.5 -2.5 -2.5
38.8 54.7 52.8 48.9 37.5 -2.5 -2.5 -2.5 -2.5 -2.5 -2.5 -2.5 -2.5 29 36.6 36.9 37 36.1 35.2 33.4 30.8 29.2 29.8 30.7 32.1 31.7 31.1 29.9 29.3 28.7 28.1 29.4 29.6 28.9 32 30 28.6 26.5 25 24.6 25.4 25.3 26 23.5 12.8 8.6 2.3 1.4 0.3 -2.5 -2.5 -2.5 -2.5 -2.5 -2.5 -2.5 -2.5 -2.5 -2.5 -2.5 -2.5 -2.5 -2.5 -2.5 -2.5 -2.5 -2.5 -2.5 -2.5 -2.5 -2.5 -2.5 -2.5 -2.5 -2.5 -2.5 -2.5 -2.5 -2.5 -2.5 -2.5 -2.5 -2.5 -2.5
-2.5 41 48.2 40.3 -2.5 -2.5 -2.5 -2.5 -2.5 -2.5 -2.5 -2.5 -2.5 -2.5 -2.5 39.4 39.5 39.1 38.1 38 35.1 33.1 32.9 33.5 34.2 33.9 33.9 33.8 33.9 33.3 32.7 33.6 34.4 32.9 32.6 32.3 32.2 31.5 29.9 29.2 31.1 32.2 33.2 35.2 34 31.2 12.3 11.1 2.5 -2.5 -2.5 -2.5 -2.5 -2.5 -2.5 -2.5 -2.5 -2.5 -2.5 -2.5 -2.5 -2.5 -2.5 -2.5 -2.5 -2.5 -2.5 -2.5 -2.5 -2.5 -2.5 -2.5 -2.5 -2.5 -2.5 -2.5 -2.5 -2.5 -2.5 -2.5 -2.5 -2.5 -2.5 -2.5
-2.5 -2.5 -0.2 -2.5 -2.5 -2.5 -2.5 -2.5 -2.5 -2.5 -2.5 -2.5 -2.5 -2.5 -2.5 -2.5 41 41 39.4 38.5 35.8 23 30.7 35.2 35.4 34.5 34.4 34.4 34.8 34.8 35.1 35.3 35.7 34.4 33.6 33.7 33.9 33.4 33.2 33.6 34 34.6 33.9 35.9 35.8 34.9 30.1 31.7 9.4 2.5 -2.5 -2.5 -2.5 -2.5 -2.5 -2.5 -2.5 -2.5 -2.5 -2.5 -2.5 -2.5 -2.5 -2.5 -2.5 -2.5 -2.5 -2.5 -2.5 -2.5 -2.5 -2.5 -2.5 -2.5 -2.5 -2.5 -2.5 -2.5 -2.5 -2.5 -2.5 -2.5 -2.5 -2.5
-2.5 -2.5 -2.5 -2.5 -2.5 -2.5 -2.5 -2.5 -2.5 -2.5 -2.5 -2.5 -2.5 -2.5 -2.5 -2.5 -2.5 41.4 -2.5 -2.5 -2.5 -2.5 -2.5 16.3 18.7 33 32.4 31.9 35.1 34.6 29.6 34 32.3 29.9 30.2 33.3 34.4 35 34.1 35.1 35.2 31.2 27.7 22.1 32.5 32.5 31.9 32.7 33.9 31.7 1.2 -2.5 -2.5 -2.5 -2.5 -2.5 -2.5 -2.5 -2.5 -2.5 -2.5 -2.5 -2.5 -2.5 -2.5 -2.5 -2.5 -2.5 -2.5 -2.5 -2.5 -2.5 -2.5 -2.5 -2.5 -2.5 -2.5 -2.5 -2.5 -2.5 -2.5 -2.5 -2.5 -2.5
-2.5 -2.5 -2.5 -2.5 -2.5 -2.5 -2.5 -2.5 -2.5 -2.5 -2.5 -2.5 -2.5 -2.5 -2.5 -2.5 -2.5 0.4 -2.5 -2.5 -2.5 -2.5 -2.5 -2.5 -2.5 -2.5 -2.5 -2.5 -2.5 14.4 -2.5 -2.5 -2.5 -2.5 -2.5 15.8 34.1 34.8 31.4 29.4 5.4 -2.5 -2.5 -2.5 -2.5 -2.5 -2.5 -2.5 26.7 30.3 6 -2.5 -2.5 -2.5 -2.5 -2.5 -2.5 -2.5 -2.5 -2.5 -2.5 -2.5 -2.5 -2.5 -2.5 -2.5 -2.5 -2.5 -2.5 -2.5 -2.5 -2.5 -2.5 -2.5 -2.5 -2.5 -2.5 -2.5 -2.5 -2.5 -2.5 -2.5 -2.5 -2.5
-2.5 -2.5 -2.5 -2.5 -2.5 -2.5 -2.5 -2.5 -2.5 -2.5 -2.5 -2.5 -2.5 -2.5 -2.5 -2.5 -2.5 -2.5 -2.5 -2.5 -2.5 -2.5 -2.5 -2.5 -2.5 -2.5 -2.5 -2.5 -2.5 -2.5 -2.5 -2.5 -2.5 -2.5 -2.5 -2.5 -2.5 -2.5 -2.5 -2.5 -2.5 -2.5 -2.5 -2.5 -2.5 -2.5 -2.5 -2.5 -2.5 -2.5 31.3 -2.5 -2.5 -2.5 -2.5 -2.5 -2.5 -2.5 -2.5 -2.5 -2.5 -2.5 -2.5 -2.5 -2.5 -2.5 -2.5 -2.5 -2.5 -2.5 -2.5 -2.5 -2.5 -2.5 -2.5 -2.5 -2.5 -2.5 -2.5 -2.5 -2.5 -2.5 -2.5 -2.5
-2.5 -2.5 -2.5 -2.5 -2.5 -2.5 -2.5 -2.5 -2.5 -2.5 -2.5 -2.5 -2.5 -2.5 -2.5 -2.5 -2.5 -2.5 -2.5 -2.5 -2.5 -2.5 -2.5 -2.5 -2.5 -2.5 -2.5 -2.5 -2.5 -2.5 -2.5 -2.5 -2.5 -2.5 -2.5 -2.5 -2.5 -2.5 -2.5 -2.5 -2.5 -2.5 -2.5 -2.5 -2.5 -2.5 -2.5 -2.5 -2.5 -2.5 -2.5 -2.5 -2.5 -2.5 -2.5 -2.5 -2.5 -2.5 -2.5 -2.5 -2.5 -2.5 -2.5 -2.5 -2.5 -2.5 -2.5 -2.5 -2.5 -2.5 -2.5 -2.5 -2.5 -2.5 -2.5 -2.5 -2.5 -2.5 -2.5 -2.5 -2.5 -2.5 -2.5 -2.5
-2.5 -2.5 -2.5 -2.5 -2.5 -2.5 -2.5 -2.5 -2.5 -2.5 -2.5 -2.5 -2.5 -2.5 -2.5 -2.5 -2.5 -2.5 -2.5 -2.5 -2.5 -2.5 -2.5 -2.5 -2.5 -2.5 -2.5 -2.5 -2.5 -2.5 -2.5 -2.5 -2.5 -2.5 -2.5 -2.5 -2.5 -2.5 -2.5 -2.5 -2.5 -2.5 -2.5 -2.5 -2.5 -2.5 -2.5 -2.5 -2.5 -2.5 -2.5 -2.5 -2.5 -2.5 -2.5 -2.5 -2.5 -2.5 -2.5 -2.5 -2.5 -2.5 -2.5 -2.5 -2.5 -2.5 -2.5 -2.5 -2.5 -2.5 -2.5 -2.5 -2.5 -2.5 -2.5 -2.5 -2.5 -2.5 -2.5 -2.5 -2.5 -2.5 -2.5 -2.5
-2.5 -2.5 -2.5 -2.5 -2.5 -2.5 -2.5 -2.5 -2.5 -2.5 -2.5 -2.5 -2.5 -2.5 -2.5 -2.5 -2.5 -2.5 -2.5 -2.5 -2.5 -2.5 -2.5 -2.5 -2.5 -2.5 -2.5 -2.5 -2.5 -2.5 -2.5 -2.5 -2.5 -2.5 -2.5 -2.5 -2.5 -2.5 -2.5 -2.5 -2.5 -2.5 -2.5 -2.5 -2.5 -2.5 -2.5 -2.5 -2.5 -2.5 -2.5 -2.5 -2.5 -2.5 -2.5 -2.5 -2.5 -2.5 -2.5 -2.5 -2.5 -2.5 -2.5 -2.5 -2.5 -2.5 -2.5 -2.5 -2.5 -2.5 -2.5 -2.5 -2.5 -2.5 -2.5 -2.5 -2.5 -2.5 -2.5 -2.5 -2.5 -2.5 -2.5 -2.5
