public/OST50/SS49.asc
ncols 200
nrows 200
xllcorner 240000
yllcorner 190000
cellsize 50
[rows 120 to 159 of 200, columns 0 to 89 of 200]
-2.7 -2.7 -2.7 -2.7 -2.7 -2.7 -2.7 -2.7 -2.7 -2.7 -2.7 -2.7 -2.7 -2.7 -2.7 -2.7 -2.7 -2.7 -2.7 -2.7 -2.7 -2.7 -2.7 -2.7 -2.7 -2.7 -2.7 -2.7 -2.7 -2.7 -2.7 -2.7 -2.7 -2.7 -2.7 -2.7 -2.7 -2.7 -2.7 -2.7 -2.7 -2.3 -2 -1.7 -1.3 -1 -0.5 -0.1 0.4 0.8 1.4 2 2.6 3.4 4.2 5.6 18.7 42.9 31 17.9 13.6 17.5 15.4 15.4 13.7 9.8 9.7 14.4 26.3 45.9 54.2 51.6 30.8 12.8 6.9 6 5.5 5.1 5.1 5.2 5.1 5.1 5.1 4.8 4.8 4.8 4.8 4.8 4.7 4.4
-2.7 -2.7 -2.7 -2.7 -2.7 -2.7 -2.7 -2.7 -2.7 -2.7 -2.7 -2.7 -2.7 -2.7 -2.7 -2.7 -2.7 -2.7 -2.7 -2.7 -2.7 -2.7 -2.7 -2.7 -2.7 -2.7 -2.7 -2.7 -2.7 -2.7 -2.7 -2.7 -2.7 -2.7 -2.7 -2.7 -2.7 -2.7 -2.7 -2.3 -2.1 -1.9 -1.6 -1.3 -0.9 -0.6 -0.1 0.3 0.8 1.3 1.8 2.4 3 3.9 4.9 8.3 18.5 44.5 51.8 52.7 50.5 34.9 19.8 18.2 15.5 12 15 24.9 34.2 46 51.6 53.5 53.5 34.5 18.7 6.6 5.3 5.1 5.1 5.1 5.4 5.3 5.4 5.4 5 5.1 4.6 4.8 4.6 4.6
-2.7 -2.7 -2.7 -2.7 -2.7 -2.7 -2.7 -2.7 -2.7 -2.7 -2.7 -2.7 -2.7 -2.7 -2.7 -2.7 -2.7 -2.7 -2.7 -2.7 -2.7 -2.7 -2.7 -2.7 -2.7 -2.7 -2.7 -2.7 -2.7 -2.7 -2.7 -2.7 -2.7 -2.7 -2.7 -2.7 -2.7 -2.4 -2.2 -2 -1.7 -1.4 -1.2 -0.9 -0.5 -0.2 0.2 0.7 1.1 1.6 2.2 2.7 3.6 4.5 6 11.8 26.8 43 50 50.5 49.6 47.1 47.1 41.6 31.2 26.5 28.8 40.8 45.2 47.6 50 51.3 50.3 47.9 33.3 13.3 6.4 5.8 5.7 5.4 5.3 5.2 5.3 5.3 7.5 19 23.2 15.1 12.1 11.9
-2.7 -2.7 -2.7 -2.7 -2.7 -2.7 -2.7 -2.7 -2.7 -2.7 -2.7 -2.7 -2.7 -2.7 -2.7 -2.7 -2.7 -2.7 -2.7 -2.7 -2.7 -2.7 -2.7 -2.7 -2.7 -2.7 -2.7 -2.7 -2.7 -2.7 -2.7 -2.7 -2.7 -2.7 -2.7 -2.7 -2.3 -2.1 -1.9 -1.6 -1.4 -1.1 -0.8 -0.5 -0.2 0.2 0.6 1 1.5 2 2.5 3.1 4.1 5.2 8.1 18.5 34.6 41.2 46 46.6 46.4 46.4 47.5 47.4 48.4 45.6 41.6 44.6 46 46.9 48.6 49.4 48.7 46.9 42.9 31.8 14.4 7.3 7.2 6.5 6.1 6 5.8 9.7 23.8 39.5 41.4 40.7 38.1 37
-2.7 -2.7 -2.7 -2.7 -2.7 -2.7 -2.7 -2.7 -2.7 -2.7 -2.7 -2.7 -2.7 -2.7 -2.7 -2.7 -2.7 -2.7 -2.7 -2.7 -2.7 -2.7 -2.7 -2.7 -2.7 -2.7 -2.7 -2.7 -2.7 -2.7 -2.7 -2.7 -2.7 -2.4 -2.3 -2.1 -2 -1.7 -1.5 -1.3 -1 -0.8 -0.4 -0.1 0.1 0.5 0.9 1.3 1.8 2.3 2.8 3.5 4.5 8.3 25.2 41.8 43 41.7 43.9 44 43.4 42.5 42.7 45.2 47.6 46.3 43.9 44.5 45.2 45.4 46.4 47.1 48 46.8 43.7 36.8 29 11.3 10.1 8.6 8.3 9.1 12.6 22.7 37.3 41.6 44.9 45.8 45.9 46.3
-2.7 -2.7 -2.7 -2.7 -2.7 -2.7 -2.7 -2.7 -2.7 -2.7 -2.7 -2.7 -2.7 -2.7 -2.7 -2.7 -2.7 -2.7 -2.7 -2.7 -2.7 -2.7 -2.7 -2.7 -2.7 -2.7 -2.7 -2.7 -2.7 -2.7 -2.7 -2.7 -2.2 -1.9 -1.8 -1.8 -1.6 -1.4 -1.2 -1 -0.8 -0.4 -0.1 0.2 0.5 0.8 1.2 1.6 2.1 2.6 3.1 4.5 5 21.2 35.9 41.3 40.6 40.7 41.2 41.4 41.3 39.4 38.7 40.5 42.9 43.3 42.3 42.8 43.6 43.1 43.8 44.6 46.3 46.5 44.4 38 31.7 25.3 15.3 15.4 28.7 21.3 32.8 35.1 34.8 38.7 40.7 42 42.5 42.7
-2.7 -2.7 -2.7 -2.7 -2.7 -2.7 -2.7 -2.7 -2.7 -2.7 -2.7 -2.7 -2.7 -2.7 -2.7 -2.7 -2.7 -2.7 -2.7 -2.7 -2.7 -2.7 -2.7 -2.7 -2.7 -2.7 -2.7 -2.7 -2.7 -2.7 -2.7 -2.3 -1.8 -1.5 -1.4 -1.4 -1.3 -1.1 -0.9 -0.7 -0.5 -0.2 0.2 0.5 0.8 1.2 1.5 1.9 2.4 2.8 4.1 5.3 33.1 38.2 41.9 42.1 40.6 37.3 35.9 38.1 39 37.3 34.1 36.1 37.5 39.1 38.4 36.6 37.2 40.2 41.1 41.3 43.6 44 42.3 38.8 32.8 27.1 24.4 28.5 33.4 33.7 36.9 37.6 38.3 40 41.3 41.8 42 41.7
-2.7 -2.7 -2.7 -2.7 -2.7 -2.7 -2.7 -2.7 -2.7 -2.7 -2.7 -2.7 -2.7 -2.7 -2.7 -2.7 -2.7 -2.7 -2.7 -2.7 -2.7 -2.7 -2.7 -2.7 -2.7 -2.7 -2.7 -2.7 -2.7 -2.7 -2.4 -1.9 -1.3 -1 -1 -1 -0.9 -0.8 -0.6 -0.4 -0.2 0.1 0.4 0.7 1.1 1.4 1.8 2.2 2.6 3.1 4.8 8.5 22.6 30.8 38.1 37.8 32.9 31.2 28.3 29 29.6 28.2 28.3 28.5 28.9 30.3 31.6 33.5 34.2 35.2 36.7 38 38.6 39.5 39.6 37.9 35.4 33.2 33.8 35.9 36 37.1 38.6 39 39.6 40.9 41.8 41.8 41.8 41.6
-2.7 -2.7 -2.7 -2.7 -2.7 -2.7 -2.7 -2.7 -2.7 -2.7 -2.7 -2.7 -2.7 -2.7 -2.7 -2.7 -2.7 -2.7 -2.7 -2.7 -2.7 -2.7 -2.7 -2.7 -2.7 -2.7 -2.7 -2.7 -2.7 -2.5 -1.9 -1.4 -0.9 -0.6 -0.5 -0.5 -0.5 -0.5 -0.3 -0.1 0.1 0.3 0.6 0.9 1.3 1.7 2 2.4 2.9 3.8 5.6 9.6 11.4 16 23.7 24.2 21.9 21.4 21.3 22.2 23.4 25.3 26.8 28.7 31.1 32.7 35.5 37.3 39 39 40.4 41.3 41.3 41.3 40.2 39.6 38.5 37.3 38.3 38.8 39.4 39.9 40.2 40.4 40.8 41.8 42 41.7 41.6 41.5
-2.7 -2.7 -2.7 -2.7 -2.7 -2.7 -2.7 -2.7 -2.7 -2.7 -2.7 -2.7 -2.7 -2.7 -2.7 -2.7 -2.7 -2.7 -2.7 -2.7 -2.7 -2.7 -2.7 -2.7 -2.7 -2.7 -2.7 -2.7 -2.7 -2 -1.5 -1 -0.4 -0.1 -0.1 -0.1 -0.1 -0.1 0 0.2 0.4 0.6 0.9 1.2 1.5 1.9 2.2 2.6 3.1 4.2 5.8 14.6 11.7 15.5 14.8 13.8 16.3 19.2 21.1 25.3 29.6 32 33.4 34.5 35.8 37.1 39.2 41.7 43.5 44.8 45.8 46.5 46.9 45.3 44.4 43 41.9 43.1 44.3 43.2 43.3 43.5 43.2 43.1 43.3 43.4 43.2 43.1 42.5 41.4
-2.7 -2.7 -2.7 -2.7 -2.7 -2.7 -2.7 -2.7 -2.7 -2.7 -2.7 -2.7 -2.7 -2.7 -2.7 -2.7 -2.7 -2.7 -2.7 -2.7 -2.7 -2.7 -2.7 -2.7 -2.7 -2.7 -2.7 -2.7 -2.7 -1.6 -1 -0.5 0 0.3 0.3 0.3 0.3 0.3 0.4 0.5 0.7 0.9 1.2 1.4 1.7 2 2.4 2.8 3.5 4.7 6.3 12.1 13.2 15.7 12.6 13.2 15.3 19 24.2 28.1 31.5 34.2 36.5 37.8 39.5 41.5 43.7 45 47.3 49 50.8 51.8 51.6 50.1 48.7 48 48.9 49.2 50.2 48.8 48.7 48.4 47.8 47.6 46.7 45.5 45.2 45 44.4 42
-2.7 -2.7 -2.7 -2.7 -2.7 -2.7 -2.7 -2.7 -2.7 -2.7 -2.7 -2.7 -2.7 -2.7 -2.7 -2.7 -2.7 -2.7 -2.7 -2.7 -2.7 -2.7 -2.7 -2.7 -2.7 -2.7 -2.7 -2.7 -2 -1.3 -0.6 -0.1 0.5 0.7 0.7 0.7 0.8 0.8 0.8 0.8 1 1.2 1.4 1.7 1.9 2.3 2.6 3 4.1 5.4 9 16.4 16.7 10 10.5 11.9 15 20.9 25.7 29.5 32.8 35.8 38.5 40.9 43.1 44.6 45.9 48 50.4 52.9 54.7 55.6 56.4 55.6 55.6 55.1 55.1 54.9 56.5 56.5 55.9 55.6 54.4 53 51.9 50.6 49.5 48.3 46.5 43.8
-2.7 -2.7 -2.7 -2.7 -2.7 -2.7 -2.7 -2.7 -2.7 -2.7 -2.7 -2.7 -2.7 -2.7 -2.7 -2.7 -2.7 -2.7 -2.7 -2.7 -2.7 -2.7 -2.7 -2.7 -2.7 -2.7 -2.7 -2.7 -1.6 -0.9 -0.1 0.4 0.9 1.2 1.2 1.2 1.2 1.2 1.2 1.2 1.2 1.5 1.7 1.9 2.2 2.5 2.8 3.4 5 6.8 10.4 11.7 9.7 8.9 10.2 12.1 15.6 21.8 26.7 31.1 34.4 38.3 41 43.7 45.9 47.5 48.7 51 53.1 55.9 58.7 60.3 61.3 61.3 61.7 62.1 62.7 62.9 60.6 59.9 61.4 62.3 60.4 58.9 57.2 55.6 53.6 51.5 49 45.4
-2.7 -2.7 -2.7 -2.7 -2.7 -2.7 -2.7 -2.7 -2.7 -2.7 -2.7 -2.7 -2.7 -2.7 -2.7 -2.7 -2.7 -2.7 -2.7 -2.7 -2.7 -2.7 -2.7 -2.7 -2.7 -1.2 -0.9 -0.9 -0.9 -0.5 0.2 0.8 1.4 1.6 1.6 1.6 1.6 1.6 1.6 1.6 1.7 1.8 2 2.2 2.5 2.7 3 4.8 6.2 10.5 13.2 8.6 8.3 9.1 11.2 13.5 16.9 22 26.5 31.3 36.3 40.4 43.5 46.2 48.7 50.4 51.5 54.4 56.9 59.3 61.8 64.4 65.8 66.3 68.1 68.6 68.7 68.1 66.3 64.4 65.7 65.1 64.7 64.1 62.8 60 56.8 53 51 47.1
-2.7 -2.7 -2.7 -2.7 -2.7 -2.7 -2.7 -2.7 -2.7 -2.7 -2.7 -2.7 -2.7 -2.7 -2.7 -2.7 -2.7 -2.7 -2.7 -2.7 -2.7 -2.7 -2.7 -0.7 0.9 1.2 0.8 0.1 0 0.1 0.6 1.3 1.8 2 2 2 2 2.1 2.1 2.1 2.1 2.1 2.3 2.5 2.7 3 4.1 5.7 6.5 9.8 8.1 8.3 9.4 10.2 12.2 15.1 18.1 23.3 27.1 31.8 36.9 40.2 43.9 46.7 49.3 52.2 55 58.5 60.8 62.9 65.3 67.9 69.3 70.7 71.7 72.5 73.1 72.3 71.3 70 69.8 68.6 68 68.2 66.8 64.2 61.3 56.7 52.2 44.2
-2.7 -2.7 -2.7 -2.7 -2.7 -2.7 -2.7 -2.7 -2.7 -2.7 -2.7 -2.7 -2.7 -2.7 -2.7 -2.7 -2.7 -2.7 -2.7 -2.7 -2.7 0.9 2.5 2 11.4 13.5 2.2 1.2 0.9 1 1.2 1.7 2.3 2.4 2.4 2.5 2.5 2.5 2.5 2.5 2.5 2.5 2.5 2.8 3 3.8 5.3 7.1 9.6 7.8 7.8 8.5 9.8 12 14.5 17.6 21 23.5 27.5 31.1 35.7 39.1 43 46.1 50 53.5 56.8 60.3 63.2 66 69.4 71.6 73.3 74.9 76 77.7 78.1 78.1 76.2 74.7 73.6 73.1 73 71.9 70.3 68.3 65.1 60.1 55.3 48.4
-2.7 -2.7 -2.7 -2.7 -2.7 -2.7 -2.7 -2.7 -2.7 -2.7 -2.7 -2.7 -2.7 -2.7 -2.7 -2.7 -2.7 -2.7 -2.7 6.3 16.5 19.7 20.9 27.8 35.3 37.1 14.7 2.5 2 1.9 2.1 2.3 2.7 2.9 2.9 2.9 2.9 2.9 2.9 2.9 2.9 3 3 3.1 4 5.1 7.1 11.4 8 7.9 6.5 9.1 11.6 13.7 16.6 19.6 22.7 25.7 29.3 33.2 37.7 42.4 46.4 49.4 52.5 55.8 58.4 62.8 66.1 69.4 72.9 75.4 77.4 79 80.6 81.9 82.4 82.2 81 80 79.3 78.8 78.6 77.3 75.7 72.9 69.2 63.7 59.2 55.1
-2.7 -2.7 -2.7 -2.7 -2.7 -2.7 -2.7 -2.7 -2.7 -2.7 -2.7 -2.7 -2.7 -2.7 -2.7 -2.7 -2.7 -2.7 1.6 21.5 42.9 46.6 47.8 48 46.7 45.7 39.3 28.2 3.1 2.8 3 3.1 15.3 3.1 3.1 3.1 3.1 3.1 3.1 3.1 3.1 3.1 3.1 4.1 5.1 6.7 11.7 8.7 8.2 7.4 8.8 9.7 12.4 15.1 18.1 21.3 24.3 28.3 32.8 38 43.5 48.1 52.6 55.5 58.5 61 65.1 67.7 70.6 73.4 76.3 79.3 81.7 83.2 84.8 86.6 87.2 86.7 86.2 86.2 85.6 85.7 85.5 85.6 83.3 80.3 76.6 70.7 65.5 58.6
-2.7 -2.7 -2.7 -2.7 -2.7 -2.7 -2.7 -2.7 -2.7 -2.7 -2.7 -2.7 -2.7 -2.7 -2.7 -2.7 -2.7 -0.3 2.4 17 48.1 49.1 48.1 47.8 47.4 47 46.8 45.4 39.6 30.4 3.1 4.7 17.1 4.5 3.1 3.1 3.1 3.1 3.1 3.1 3.1 3.6 4.3 4.9 7 9.5 9.5 9.1 8.6 8.1 8.8 10.2 12.4 14.8 17.7 21.4 26.1 30.8 36.1 42.5 48.1 53.2 57.8 61.4 65.6 68.8 71.4 74.8 77.2 79.3 81.9 84.5 86.8 88.8 90.9 92 92.8 93.1 93.8 94.5 94.2 93.9 93.6 93.7 91.9 89.9 87.9 84.4 80.7 76.2
-2.7 -2.7 -2.7 -2.7 -2.7 -2.7 -2.7 -2.7 -2.7 -2.7 -2.7 -2.7 -2.7 -2.7 -0.9 -0.8 0.1 1.6 7.6 40.8 49.2 49.6 50 50.1 53.2 50.3 46.3 55.9 46.4 48.8 35.5 27.5 23 9 3.9 3.2 3.1 3.1 3.2 3.4 4 4.4 5.5 11.6 9.4 9.7 10.2 9.2 9.2 9.1 9.6 10.7 12.5 14.6 17.4 22.3 27.9 35.1 41.3 47.5 53.7 58.8 63.7 68.9 72.4 76.5 79.6 82.2 84.4 86.5 88.6 91 93.1 94.9 97.1 98.9 100.9 102.6 103.3 103.9 104.3 104.2 104.2 104.1 103.6 102.3 100.6 98.9 95.4 91
-2.7 -2.7 -2.7 -2.7 -2.7 -2.7 -2.7 -2.7 -2.7 -2.7 -2.7 -2.7 21.3 19.6 2.3 1.8 2.4 9.4 35.9 45.8 48.3 49.5 50.6 48.1 46.5 46.1 46.4 46.3 50 44.2 52.7 41.3 27.9 18 5.8 3.9 4.4 3.9 4.1 4.9 10.5 10.6 11.4 10.4 9.7 10 9.7 9.4 9.5 7.1 9.8 10.4 12.1 14.3 17.8 25.9 34.3 42.2 50 57.1 63.6 67.9 73.5 77.9 81.2 85.5 88.8 91.5 93.5 95.7 97.8 99.9 101.7 103.8 106.8 109.6 111.9 113.6 114.9 116.7 117.5 117.8 117.3 115.7 115 113.5 112.2 111.8 111.3 108.4
-2.7 -2.7 -2.7 -2.7 -2.7 -2.7 -2.7 -2.7 -2.7 -2.7 5 34 42.3 42 36.9 35.2 39.4 43.3 47.1 50.4 49.2 51 50.6 50.1 49.6 55.1 47.7 49.9 53.3 46.6 48.1 47.9 35.9 22.2 19.4 16.8 16.5 14.1 14.9 12.8 12.3 12.4 10.7 11.5 11.4 11.4 10.9 10.5 10.5 11 12.3 12.5 13.3 16.1 20.8 34.3 44.2 52.6 62.7 68.6 74.8 79.1 83.7 86.5 91.7 96.4 99.4 102 105.6 108.2 110.2 112.7 114.2 115.8 117.7 120.2 122.8 124.9 126.1 127.5 129.2 130.1 129.9 128.5 126.7 124.9 123.9 123.3 123.4 121.8
-2.7 -2.7 -2.7 -2.7 -2.7 -2.7 -2.7 -2.7 -2.7 -2.7 36.7 43.6 46.1 47 47.4 51.2 49.8 51.1 52.4 52 52.9 57.8 57.2 51.2 53.6 45.1 51.1 45.8 47 53.8 47.6 40.6 32.6 23 17.1 14.7 13.3 12.8 12.5 13.2 12.2 12.1 13 14.4 14.1 14 13 11.8 11.8 12.9 15.1 15.5 17.1 20.3 34.7 47.7 57.2 66.2 73.7 81.1 86 89.5 94.1 98.6 104.4 108.5 111 113 115.9 118.6 120.9 122.8 124.8 126.6 129.1 132.3 134.9 137.3 140.4 143.5 145.2 144.8 145.2 145.7 144.9 142.9 139.3 137 135.8 133.1
-2.7 -2.7 -2.7 -2.7 -2.7 -2.7 -2.7 -2.7 -2.7 27.3 45.4 44.4 45.9 49.4 48.3 52.4 50.1 54.4 53.5 52.5 51.6 49.3 48.6 50.4 52.6 52.1 48.1 53 46.9 51.7 44.5 42.1 29.7 23 17.5 14 13 13.5 13.6 13.7 14.4 15.2 16.1 17 17.1 15.8 14.6 13.7 13 15.1 17.2 20.3 28.3 38 52.3 63.2 73.3 81.3 89 95.6 99.8 103.3 107.5 111.5 115.4 117.8 119.7 122 125 128.1 132.2 135.2 136.9 138.2 142.3 146.7 151.1 155.4 158.1 160.6 160.7 159.9 159.1 159.3 160.7 163.9 159.6 155.5 150.1 144.6
-2.7 -2.7 -2.7 -2.7 -2.7 -2.7 -2.7 18.7 25.6 40.9 43 43.3 42.6 47.2 48.5 50.1 50.4 54.8 52.1 47.2 47.6 47.3 49.8 58 53.6 45.4 48.9 54.2 51.7 48.4 41.8 39.9 33.6 22.7 18.2 15.7 15 15.5 15.8 16.4 17.9 19.4 20.2 21.1 20.6 18.4 16.9 15.9 16.8 18.3 24.5 35.1 47 58 70 79.9 89.9 99.1 105.6 109.6 113.4 116.4 118.5 119.8 122.9 126.8 129.5 132 134.9 139.1 143.7 147 150 153.2 158 161.7 165.4 167.2 169.6 171.5 171.6 171.6 170.4 170.3 172 171.6 167.9 163.8 157.3 150.4
-2.7 -2.7 -2.7 -2.7 -2.7 1.7 25.6 36.8 38.5 40.7 44.2 39.7 43.1 46.6 42.2 46.4 43.9 46.8 48.8 47.9 48.8 49.6 47 46.5 46.4 46.2 44.7 60.3 48.8 46.2 43.3 35.8 32 21.3 19.2 17.2 17.4 17.9 18.8 20.5 22.1 23.7 25.6 27.1 25.9 23.9 22.1 22.4 30.8 34.7 40.1 48.6 61.8 73.7 87.1 98.2 106.8 114.9 120.6 123.5 124.4 125.4 126.8 129.2 132.5 136.2 140.5 144.1 147.8 151.3 155.4 158.9 162 164.6 167 171 173.1 175.8 178.5 181.3 182.2 181.3 179 177 178.2 176 171.8 166.3 158.5 149.9
2.8 0.5 0.2 -0.1 1.7 2.4 18.7 31.4 33.1 37.2 42.1 37.5 39.7 40.1 43.7 44.1 43.5 44.6 43.7 42.5 51.5 47.1 45.5 50.3 46.5 47.8 49.3 45.4 43.3 41.2 39 32.4 26.3 19.5 19 18.9 19.3 20.8 22.9 25 27.9 29.7 32.3 34.1 34.5 32.7 32.4 36.1 43.7 52.9 59.6 66.8 77.9 90.5 101.8 112.1 120.2 126.5 130.4 132.6 133.4 135.3 136.7 139.1 142.8 147.6 152 156.1 159.2 161.4 164.2 166.7 169 171.4 174 176.3 178 179.8 181 181.9 181.2 179 175.8 172.8 172.4 170.5 166.2 160.2 153.6 145.5
19.1 11 6.2 2.8 3.8 13.2 17.8 22.9 24.7 28.3 32.8 31.2 36.1 35.6 36.3 43.6 40.7 40.8 39.9 45.3 51.3 47.4 48.5 52.2 50.9 47.4 45.4 40.1 43.5 37.7 30.5 25.7 19.5 18.5 18.8 19.2 21.9 26.3 32.8 35.7 35.3 36.3 37.4 39.4 41.6 43.2 47.5 53.4 59.8 67.3 77.9 88.1 99.4 108.8 118.5 127.5 133.4 137.6 141 142.8 143.6 147.4 150.8 153.8 158.6 161 162 163.6 165.3 169.2 171.9 172.6 173.7 173.1 174.6 174.7 175 175.5 175.2 175.2 174 171.8 168.5 164.8 161.1 161.8 158.4 152 143.9 135.2
24.5 17.4 10.3 3.1 4 4.1 5.2 11 16 22.3 22.4 23.3 23.6 26.7 32.9 35.6 38.4 38.6 42.9 41.8 41 41.9 43.4 43.6 43.2 49.7 48.3 39.8 38.7 29 23.3 18.5 18.1 17.7 18.2 20.2 24.3 32.4 35.5 37.6 38.9 40 41.2 42.5 45.4 48.9 52.6 57.7 63.4 69.8 80 91.5 104.3 117.5 129 139.1 145 149.3 153.5 156.2 159.5 162.6 165.2 167.8 169 169 168.2 169.9 172.2 173.9 174.1 172.6 171.9 171.2 170.1 168.5 167.3 163.1 159.8 158.7 158.1 158.2 155.7 150.7 146.5 145 144.2 141.1 132.5 124.2
17.5 9.8 4.6 3.1 1.8 3.1 3.1 3.1 8.1 13.8 18.2 20.9 25.8 26.9 27.4 28 32.6 36.8 38.1 36.2 35.7 38.5 39.4 39.1 40.4 38.9 37.3 32.1 28.1 24.9 19.8 17.5 17.4 17.5 18.7 21.2 27.1 35.7 38.2 38.7 39.9 41.8 43.8 45.5 47.9 51.1 54.7 59 63.8 69.6 77.2 91.4 105.5 120.2 134 146.9 157.8 165.3 169.1 170.7 170.5 171.7 174.3 175 175.9 177.1 176.7 175.5 174.8 174.2 171.6 170 167.8 165 162.4 160 153.6 148.7 146.1 144.3 143.2 143.9 143.4 140.1 136.2 134.7 133.8 128.3 122.7 117.8
12 3.1 2.8 2.5 2.5 2.9 3.1 3.1 5.1 15.7 9.5 9.1 18.4 26.3 22.3 19.8 26 27.4 28.7 28.4 29.5 33.2 34.6 34.1 34.8 34 31.5 32.6 25.7 20.8 17.7 17.6 17.7 17.9 19.3 23 27.6 37.4 38.5 39.5 41.4 43.3 45.8 46.5 49.1 51.6 54.6 58.9 63 68 77.7 89.6 103.9 118.3 134.1 148.8 161.3 171.6 177.3 179.2 179.1 179 180.2 182.1 182.2 180.7 178.4 176 173 170.2 167.9 164.8 161.4 157.3 153.5 149.5 146.1 140.8 138.3 136.2 134.9 135.7 132.4 129.7 128.1 126.6 123.7 120.6 116.7 113.1
2.5 1.4 1.6 1.4 1.8 2.2 2.5 2.9 3.1 6.7 18.3 9.9 14.2 22.3 23.8 23.7 23.8 19.9 19.8 21.1 23.9 28 28 28 29.1 31.1 31.5 26.1 23.1 19.5 18 17.9 18 19.5 20.4 24.2 28.3 33.2 36.3 38.1 40.4 42.9 44.9 46.8 48.9 51.1 53.5 57.5 62.5 67.1 74.2 85.1 99.4 113.8 128.3 143.4 158.5 171.9 181.4 185.2 185.9 185.8 184.6 183.9 182.1 179 176 172.1 169 166.7 162.7 158.3 153.4 150.2 147.4 144.7 140.5 135.9 132.3 129.6 127.9 125.4 123.7 121.6 120.5 118.9 116.6 114 111.3 108.2
0.4 0.5 0.4 0.8 1.1 1.5 1.9 2.2 2.7 4.9 13.9 8.4 9.1 14.2 18.9 23.2 25.5 20.1 16.2 23.4 22.3 19.9 20.2 22.5 26.2 25.8 27.6 21.6 18.3 16.5 16.3 16.9 19.4 21.4 22.6 25.6 28.4 31.2 34.2 36.8 39.4 41.7 44.1 46.2 48.1 50.2 52.9 56.7 60.8 65.7 72.7 81.1 90.9 102.9 116.9 133.2 147.3 161.9 174.1 181.7 184.3 184.5 183.6 182.2 179.3 175.8 172.1 168 165.4 160.8 156.6 151.5 148.1 145 141.2 137.6 133.4 130 126.7 123.3 120.7 119.1 116.7 114.7 114.1 112.7 111.2 108.6 106.5 104
-1.5 -0.5 -0.3 0.1 0.4 0.8 1.3 1.9 2.4 3 7.1 14 15.1 9.5 17.6 20.8 16.7 15.4 20.5 22.3 21.1 17 16.7 19 22.9 22.4 21.2 19.3 15.8 14.5 16 17.8 21.3 23 25.7 27.8 28.7 30.7 33.2 35.4 38.1 40.6 43.1 45.2 47.5 49.3 52.1 55.4 60.1 65.6 71 78.1 86.7 96.7 108.1 119.4 131.4 146.3 163.2 175 179.6 180.3 179.7 177 173.9 170.9 167.8 163.6 160.4 156.3 151.8 146.6 142.7 139.1 134.5 130.8 125.7 122.9 120.8 117.5 115.1 113.1 111.1 109.2 107.7 107 105.7 103.8 101.8 99.9
-2.7 -1.5 -1 -0.6 -0.2 0.4 1 1.6 2.1 2.7 4.5 16.8 8.9 7.1 8.4 14.5 19.2 13.6 18.9 21 14.9 15.3 16.3 18.3 18.4 18.2 17.7 17.7 15.6 13.4 13.8 17.5 21.4 23.3 26.1 27.6 28.8 29.9 32 34.2 36.6 38.4 40.9 43 44.8 46.1 48.9 53.3 59 64 68.6 74.8 82.8 92.3 102.3 112.5 123.8 135.8 151.3 164.5 173.1 175.5 174.7 172.2 169.6 166.5 163.1 159.1 156.1 151.9 147.6 142 137.9 132 127.6 122.9 119.5 117.3 114.6 111.8 110.1 108.4 106.2 104.2 102.9 102.5 101.6 100.6 98.6 96.8
-2.7 -2 -1.6 -1 -0.4 0.1 0.7 1.3 1.9 2.4 3 7.1 7.7 7.9 9.9 13.3 16.4 18.9 16.1 15.1 17.9 16.9 16.9 15.2 15.3 16 17.7 17.6 15.8 14.2 12.5 15.8 19.5 22.1 24.8 26.7 27.4 28.5 30.2 31.9 33.2 34.7 36.2 38.3 38.9 39.7 44.1 49.6 55.1 59.2 63.7 70.4 78 87.3 97.8 108.4 120.4 133 145.6 158.7 167 171.2 171.6 169.7 167.2 163.4 159 154.7 151 148.3 143 136.9 131 124.8 120.9 117 113.7 111.4 109.4 107 105.8 103.6 101.6 99.1 98.6 98.4 97.6 96.8 95.4 93.8
-2.7 -2.7 -1.9 -1.3 -0.7 -0.1 0.4 1 1.6 2.1 2.7 4.6 13.9 11.2 15.6 16.5 14.5 12.2 13.5 12.4 13 14.9 15.6 15 13.3 14 17.9 18.8 17.8 14 12.3 13.4 16.2 19.3 22 23.7 24.5 25.5 26.7 28.4 29.7 30.6 30.7 31.1 32 33.5 38.4 44 49.4 54.1 60 65.5 74.8 86.9 98.1 110.3 123.1 134.3 145 156.6 164.6 168.8 168.6 163.9 161.5 157.5 153.4 148 144.8 140.2 134.4 128.5 122.2 118.3 114.6 111.7 109.4 107.5 105.1 102.7 100.7 98.8 97.1 95.4 95 94.6 94 93.1 92.2 90.8
-2.7 -2.7 -2.1 -1.5 -1 -0.4 0.2 0.7 1.3 1.8 2.4 3 7 9.4 10.7 11.8 19.1 18 16.5 13 12.8 12.3 12.3 13.1 12.7 12.1 17.9 21.8 21.2 16.5 12 11.2 13.5 16.6 18 19.4 20.1 21.4 22.7 24.1 25.7 26.1 26.3 26.7 28.6 31.7 35.6 40.4 45.7 50.5 56.2 62.5 73.9 88.6 100.4 111.3 124.3 134.6 146.7 156.6 161.5 163.8 161.7 157.6 153.9 149.1 143.8 138.9 134.9 130 125.5 120 116.1 113.6 110.7 107.5 105.6 103.1 100.8 98.6 96.5 94.8 93.1 91.5 91.1 90.8 90.5 90 89 88.1
-2.7 -2.7 -2.7 -1.8 -1.3 -0.7 -0.2 0.4 1 1.5 2.1 2.7 4.8 13.8 14.7 14.8 10.8 11.2 20.1 13.3 12.5 18.7 16.6 14.5 13.5 12.3 17.6 24.5 23.6 18.1 13.2 10.9 11.6 13 14.4 15.7 16.5 17.2 18.2 20.4 21.8 22.6 22.8 24.8 28.4 31.9 35.2 40.6 44.4 48.9 53.6 60.5 73.2 89 102.7 111.2 124.9 133.5 143.8 153.7 157.1 155.7 152.1 148.1 144.1 139.1 135.8 132.3 128.7 124.9 121 116.9 113.1 109.9 106.8 103.7 101.1 99.7 97.2 94.7 93.1 90.9 89.3 87.6 87.1 87.2 87.1 87 86.2 85.3
-2.7 -2.7 -2.7 -2.1 -1.6 -1 -0.4 0.1 0.7 1.2 1.8 2.4 3 7.3 11.7 9.7 11.3 19 17.3 12.5 15.8 11.5 16.1 19.6 14.1 13 18.4 27.3 26.9 20 15.4 10.7 9.6 10.4 11.7 12.8 13.6 13.9 14.5 16.8 18.1 19.3 21.9 24.8 28 31.2 34.9 39.1 43.3 47.6 52.7 58.6 66.6 83.4 98.4 110 122.5 132.7 140.5 146.2 150.1 149.6 144.8 140.8 136.9 133.2 130 127.3 124.2 120.7 117.6 114.4 110.6 106.9 103.6 100.7 97.2 94.7 92.7 90.6 89 87.2 85.5 83.9 83.1 83.9 83.7 83.8 83.5 82.7
