public/OST50/SS49.asc
ncols 200
nrows 200
xllcorner 240000
yllcorner 190000
cellsize 50
[rows 120 to 159 of 200, columns 90 to 179 of 200]
4.3 4.9 4.9 4.8 4.9 5.3 5.3 5.3 -2.7 -2.7 5 5.3 5.6 5.7 5.8 4.9 4.9 4.8 4.7 3.7 5.1 5 4.9 4.8 4.5 3.8 4.4 4.6 4.6 4.7 4.7 -2.7 3.5 3.1 3.1 4.4 4 4.2 4.5 3.6 -2.7 4 4.5 4.6 -2.7 -2.7 4.1 -2.7 4.8 -2.7 3.3 4.8 4.9 4.8 4.8 4.8 4.9 5.1 5.1 5.1 5 4.8 4.9 4.9 5.1 5.1 5 5.2 5.1 5 4.9 4.9 4.9 5 5 -2.7 -2.7 3.1 -2.7 -2.7 -2.5 2.4 -2.7 -2.7 4.8 4.9 4.9 4.7 4.5 4.5
4.9 5.1 5.1 5 5.2 5.4 5.3 -2.7 -2.7 -2.7 5.3 4.6 5.7 6 6.4 5.5 4.8 4.9 4.9 4.6 5 4.9 5 4.9 4.8 4.5 4.7 4.7 4.6 4.3 3.7 -2.7 -2.7 4.1 3.1 4 4.6 3.9 4.7 3.2 -2.7 -2.7 4.3 -2.7 -2.7 -2.7 -2.7 -2.7 -2.7 4.4 4.9 4.8 4.6 4.7 4.9 4.9 5 5.1 5.3 5.2 5.1 4.8 4.9 5 5.2 5.1 5.1 5.1 5.1 5 4.9 5 4.9 4.9 5 -2.7 -2.7 -2.7 3.8 4.6 4.7 4.9 4.7 4.8 4.9 5.1 5.2 4.9 4.7 4.7
7.2 6.2 5.3 5.6 5.2 5.1 4.5 5.2 -2.7 -2.7 -2.7 5.6 5.9 10.3 24 25.3 20.1 11.4 6.7 5.1 5.3 5.1 5 5 4.9 4.8 4.8 4.7 4.6 4.4 3.3 3.4 -2.7 3.2 3.8 4.6 4.5 4.4 4 4.2 3.1 -2.7 2 -2.7 4.9 3.8 3.1 4.4 -2.7 -2.7 5.1 5 4.8 4.9 5 5 5.1 5.2 5.3 5.1 5 5 5.1 5.1 5.3 5.2 5.2 5.1 5 5 4.9 4.9 4.9 -2.7 -2.7 -2.7 -2.7 -2.7 4.5 4.6 4.7 4.8 4.8 4.9 5 5.3 5.4 5.1 4.9 4.9
30.5 26.8 17 7.2 5.2 5.1 4.3 -2.7 5.4 5.2 -2.7 5.2 5.4 11.6 30.5 60.2 49.1 31.6 25.3 25.2 23 22.2 19.6 12.6 5.9 5.3 4.9 4.9 4.8 4.7 3.6 4.1 -2.7 3.1 4.4 4.6 4.5 4.4 4.7 4.7 3.1 4.9 3.1 4.6 4.8 4.5 4.6 4.7 4.8 -2.7 3.5 5.2 5.2 5 5.1 5.1 5.1 5.2 5.3 5.1 5.2 5.3 5.3 5.4 5.3 5.3 5.2 5 5 5 4.3 4.3 -2.7 5.2 5 4.9 4.4 -2.7 4.6 4.7 4.2 4.6 4.8 4.8 4.8 5.1 5.5 5.3 5.1 5.2
42.7 43.8 33.2 7.5 5.5 5.4 -2.7 -2.7 -2.7 -2.7 -2.7 4.6 5 12.4 31.6 47.7 48.5 44.9 41.8 46 51.6 51 53.9 49.5 37.4 25.3 13.8 6.7 5.1 5 4.6 4.8 -2.7 -2.7 4.6 4.8 4.6 4.6 4.8 4.9 4.8 5.1 5.2 5 5.4 3.7 4.8 4.7 -2.7 -2.7 3.1 5.4 5.4 5.2 5.1 5.2 5.2 5.3 5.3 5.2 5.3 5.4 5.5 5.6 5.2 5 5.2 4.9 4.4 4.3 -2.7 5.3 -2.7 4.9 4.9 4.7 4.8 -2.7 -2.7 4 -2.7 4.1 4.8 -2.7 4.6 5.2 5.5 5.3 5.1 5.2
41.1 39.1 29.4 7.8 5.4 5.4 -2.7 -2.7 -2.7 -2.7 -2.7 5.5 6.5 18.5 38.9 43.1 44.8 44.9 45.3 48.8 54.2 58.9 64.3 68.5 70 62.4 49.1 37.5 21.3 9.6 5.4 4.6 4.8 -2.7 -2.7 4.9 4.9 4.9 4.9 4.9 4.9 5 3.6 4.8 5.1 3.6 4.7 4.7 3.7 -2.7 5 5 5.1 5.2 5.2 5.2 5.2 5.3 5.4 5.3 5.4 5.5 5.5 5.6 5.5 5.5 5.3 5.4 5.2 5.3 5 5.1 5.2 4.7 4.7 4.7 4.8 4.7 -2.7 -2.7 -2.7 -2.7 -2.7 -2.7 -2.7 4.2 5.2 5.2 5.1 5.2
40.5 37.8 30.4 10.3 5.1 5.4 -2.7 -2.7 -2.7 -2.7 -2.7 6.7 13.6 27.7 36 38.9 41.3 43.8 45.7 47.6 50.9 54.6 58.3 62.6 66.4 69.7 72.3 75.1 51.6 28.5 22.3 12.5 6.9 -2.7 -2.7 -2.7 4.8 4.8 4.9 4.9 4.9 5 5.2 4.5 4.9 4.6 4.7 -2.7 -2.7 -2.7 5.1 5.1 5 5 5.1 5.1 5.2 5.4 5.2 5.2 5.3 5.4 5.4 5.5 5.5 5.4 5.3 5.3 5.2 5 5 5 5.1 4.5 4.8 5 4.9 4.7 4.3 4.9 3.7 4.7 4.9 4.1 -2.7 4.5 5.4 5.1 5.1 5.2
41.3 39.6 35.7 14.2 5.6 -2.7 -2.7 -2.7 -2.7 -2.7 21.4 27.7 29.1 33.5 36.6 39.2 41.9 44.4 46.1 47.2 48.5 51.5 53.9 57.4 61.2 65.6 69.2 72.1 72.6 68.4 52.9 40.7 27.8 18.4 10.2 -2.7 -2.7 4.2 4.7 4.9 4.7 5 5.2 4.9 4.9 4.7 4.8 -2.7 5.1 5.2 5.1 5 5 4.9 5 5.3 5.3 5.3 5.3 5.1 5.1 5.2 5.3 5.4 5.5 5.3 5.3 5.3 5.3 5.1 5.1 5.1 5 4.6 4.7 4.9 4.9 4.3 3.4 3.2 5.1 5.1 5.1 4.7 -2.7 5.5 5.5 5.3 5.2 5.2
40.5 37.2 33.6 15.2 -2.7 -2.7 7.3 8.2 9.1 9.3 24.9 29.8 33.7 36.2 37.4 40.1 42.8 45.4 47.4 47.5 48.1 49.3 51.4 54.1 57.6 60.7 64.7 68.4 70.2 72 73.9 74.8 63.4 50.9 38.9 25.5 12.1 5.9 5.3 4.1 4.6 4.9 5.2 5 5 5 4.9 -2.7 -2.7 5.2 5.1 4.3 4.4 5.6 5.5 5.2 5.4 5.5 5.4 5.2 5.1 5.1 5.3 5.5 5.5 5.3 5.3 5.2 5.2 5.2 5.2 5.2 5.1 4.8 4.8 4.9 3.8 4 3.1 4.9 5.1 5.1 5.1 4.4 -2.7 4.4 5.5 5.5 5.4 5.2
38.6 34.3 12.6 -2.7 -2.7 7.4 11.6 16.6 19.6 25.6 26 24.1 30.2 34 36.5 39.6 42.2 46.3 46.9 46.8 47.7 48.7 49.6 51.2 54.2 57.2 60.3 63.4 66.8 68.6 71 73.5 77.3 78.2 73.5 54.6 34.6 16.4 6.1 5.2 5.6 4.5 4.8 4.8 5.1 4.9 5.3 3.5 -2.7 -2.7 -2.7 -2.7 4.8 4.7 5.3 5.2 5.3 5.5 5.5 5.3 5.1 5.2 5.4 5.5 5.4 5.3 4.4 5.4 5.4 5.4 5.3 5.2 5.1 5 5 5 4.6 4.7 4.4 4.9 5.1 5.3 4.7 3.8 -2.7 5.2 5.4 5.6 5.1 5.2
38.2 22.9 -2.7 -2.7 5.4 8.8 14.1 20.2 32.3 34.4 35.3 35.1 31.3 29 31 36.3 39.8 43.1 44.9 45.4 46.2 47.2 48.2 49.4 51.2 53.7 56.7 59.8 62.8 65.1 67.6 70 73.1 75.4 77.1 74.7 58.4 36.2 17.4 9 5.8 5.3 5.4 5.3 4.9 5 4.5 3.6 3.1 3.1 3.3 5.2 -2.7 -2.7 -2.7 -2.7 4.5 3.2 5.3 5.1 5.1 5.3 5.4 5.3 5.3 5.3 5.5 5.6 5.5 5.5 5.4 5.2 5.2 5.1 4.9 5.1 4.9 3.8 3.2 4.9 5.2 5.3 4.2 -2.7 -2.7 5.4 5.4 5.4 5.3 5.4
37.8 14.5 -2.7 4.8 5.6 10 17.3 29.5 36.8 38.2 39.2 38.4 36.9 34.5 30.3 31.4 35.2 37.6 40.4 43 44.2 45.3 46.8 47.9 49 51 53.3 56.1 58.9 61.4 63.8 66.4 69.1 71.2 72.3 72.4 70.1 51.1 29.4 26.1 12.6 6.7 5.8 5.6 5.3 5.3 5.1 3.4 4.3 4.7 4.9 5.2 -2.7 -2.7 -2.7 -2.7 -2.7 -2.7 5.2 5.2 5.1 5.3 5.3 5.3 5.2 5.3 5.4 5.2 5.5 5.6 5.6 5.6 5.3 5.3 5.2 5.1 3.1 4.6 4 5 5.1 5.2 -2.7 -2.7 5.2 5.5 5.5 5.5 5.5 5.5
39 15.7 6.5 3.8 5 11.2 19.7 32.4 38.2 40.5 41.2 40.2 38.3 36.2 28.1 28.8 31.7 35.2 37.6 40.3 42.5 44.1 45.5 46.7 47.7 48.9 50.9 52.8 55.5 57.8 60.1 62.7 65.6 67.4 68.5 68.4 67.4 54 39.1 47.1 28.7 12.5 6.6 5.7 5.3 5.1 5.2 5.3 5.4 5.3 5.2 5.1 5.5 5.4 5.3 5.2 5.1 -2.7 -2.7 5.2 5.2 5.3 5.2 5.2 5.2 5.1 5.4 5.4 5.4 5.4 5.2 5.6 5.3 5.2 5.2 4.9 5 5 4.9 5.1 5.2 4.5 -2.7 -2.7 4.5 5.5 5.5 5.5 5.5 5.5
40.7 22.1 10.9 6.7 4.3 6.5 14.1 27.8 37 39.2 39.8 38.5 33.9 31.2 26.9 32.4 35.6 38.4 40.4 41.2 41.3 42.7 44.3 45.8 46.7 47.5 49 50.7 52.3 54.7 57 59.7 62.3 64.1 64.5 64.3 64.1 62.1 53.3 44.6 27.3 14.1 8 5.6 4.3 5.5 5.6 5.4 5.4 5.3 5.3 5.2 5.5 5.6 5.5 5.4 5.3 -2.7 -2.7 5.1 5.2 5.3 5.3 5.3 5.4 5.4 5.5 5.5 5.4 5.6 5.5 5.7 5.4 5.2 5.1 5.2 5.3 5.3 5.4 5 4.4 3.9 -2.7 5.2 4.5 5.2 5.5 5.5 5.5 5.6
36.1 23.8 16.1 12.4 8.6 5 5.3 6.1 12.8 20.4 26.5 24.9 23.4 25.4 31.9 36.9 40.2 41.9 43.1 43.1 43.1 43.2 44.1 45.2 46.3 46.7 47.1 48.8 50.3 51.8 54.3 56.9 58.7 60 60.6 60.8 60.2 58.4 51.7 34.4 19.8 13.7 8.3 6.3 5.9 5.6 5.8 5.5 5.6 5.6 5.8 5.7 5.6 5.8 5.7 5.6 5.4 -2.7 5.2 5.3 5.4 5.5 5.5 5.4 5.4 5.4 5.4 5.3 5.4 5.6 5 5.7 5.5 5.4 5.2 5.3 5.4 5.5 5.5 4.8 4 3.4 -2.7 5.1 5.2 5.4 5.5 5.5 5.6 5.6
38.9 29.1 22 17.2 14 9.6 7.6 5.5 5.4 6.8 9.8 12.7 21.5 30.6 36.3 40.7 42.8 44 45 44.8 44.8 45.1 45.2 45.7 45.8 46.1 46.4 46.9 48.5 50.1 51.6 53.8 55.3 56.1 56.6 56.7 55.4 54.8 48.2 31.3 18.7 12.6 8.6 7.2 6.7 6.2 5.5 5.5 5.7 6.1 6.6 6.2 6.4 6.3 5.9 5.6 5.3 -2.7 5.3 5.5 5.6 5.6 5.5 5.4 5.4 5.4 5.3 5.2 5.4 5.6 5.7 5.7 5.6 5.5 5.3 5.4 5.5 5.6 5.6 5.5 4.7 3.7 -2.7 5.3 5.4 5.4 5.5 5.6 5.6 5.6
45.4 34.3 28.1 23.4 19.1 16.2 14 12.7 9.5 6.1 5.7 8.7 15.6 23.3 35.7 41.2 43.5 44.4 45.1 45.6 45.9 46.1 46.3 46 46.1 46.2 46.4 46 47 48.4 50 51.1 51.7 53.1 53.3 52.8 52.1 51.6 49.1 35.6 17.3 12.3 9.6 8.5 7.5 6.3 5.5 5.6 5.8 5.9 5.9 6 6 6 5.9 5.8 5.5 -2.7 4.4 5.6 5.7 5.6 5.5 5.3 5.3 5.3 5.1 5.2 5.5 5.7 5.8 5.7 5.7 5.6 5.4 5.5 5.7 5.6 5.6 5.6 5.5 4.6 -2.7 5.4 5.5 5.5 5.6 5.6 5.6 5.5
56.7 45.1 38.4 34.1 31.3 28.3 22.7 19.2 16.8 12.7 8 5.2 7.2 13.4 21.5 33.1 41.6 42.3 44.2 45 46.3 46.4 46.4 46.4 46.4 46.5 46.3 46 46.3 47.5 48.5 50.1 50.5 50.8 50.6 50.6 48.9 48.1 46.8 36.2 17.9 13 10.8 9.5 8.2 6.7 5.9 5.6 5.6 5.7 5.8 5.8 5.9 6.1 6.1 5.7 5.5 5.4 6.3 3.7 5.7 5.7 5.6 5.4 5.2 5.1 5.1 5.3 5.5 5.8 5.8 5.7 5.7 5.7 5.5 5.7 5.6 5.6 5.6 5.6 5.6 5.5 5.1 5.4 5.5 5.6 5.6 5.6 5.5 5.5
70.4 64.1 57.5 51.3 45 43.9 42.2 33.8 25.4 17 12.1 10.6 8 3.9 10.3 19 29.1 34.8 38.9 42.7 44.7 45.8 46.3 46.8 46.9 46.9 46.3 46 45.7 46.8 47.9 49.1 49.6 49.6 48.9 48.1 45.5 43.7 42.2 31.3 19.4 15 13.3 11.9 10.2 8.3 7.1 6.6 5.9 5.7 5.7 5.8 6 6.3 6.6 5.6 5.5 5.7 6.5 6.2 6 6.4 6 5.5 5.5 5.6 5.6 5.3 5.6 5.8 5.7 5.7 5.5 5.6 5.6 5.6 5.6 5.6 5.5 5.5 5.6 5.4 5.3 5.5 5.6 5.7 5.6 5.6 5.5 5.5
87 81.5 76.2 70.5 65.5 63.3 61 50.8 40.9 33.5 21.7 16.6 13.8 10.5 7.6 6.1 14 20.5 26.3 32.3 38.1 44 45.5 47 47.5 47.1 46.4 45.8 45.4 46.2 47.3 48.3 49.3 49.7 48.6 47.8 44.5 39.5 34.6 27.8 22.1 18.8 17.1 15.3 13.3 10.3 9.2 8.6 8.2 6.7 6.2 7.3 8.4 8.4 7.8 6.5 5.8 5.7 6.3 6.6 6.6 6.7 6.1 5.6 5.6 5.6 5.6 5.6 5.5 5.6 5.1 5.2 5.5 5.6 5.6 5.6 5.5 5.5 5.5 5.5 5.5 5.4 5.1 5.8 5.7 5.6 5.6 5.5 5.5 4.9
103.8 100.3 93.1 88.1 84.5 79.7 73.4 64.7 55.8 43.3 30 22.9 19.4 16.9 14.5 11.7 8.4 9 15.5 21.9 27.5 35.7 42.8 45.5 47.3 47.3 46.6 46 45.2 45.8 46.7 47.5 48.5 49.7 49 48.2 45.9 42.5 37.1 31.4 28.7 25.6 23.8 19.8 17 13.8 13 13.1 13 13.6 19.2 30.2 35.1 33.6 25.6 16.3 10.4 8 7.1 6.7 6.6 6.7 6.6 6.1 5.7 5.7 5.7 5.5 5.5 5.4 5.5 5.5 5.8 5.6 5.5 5.5 5.5 5.5 5.5 5.5 5.4 5.2 5.1 5.1 5.7 5.6 5.6 5.5 5.5 5.5
119.4 115.4 110.7 105.4 98.8 91.6 83.1 74.7 66.8 52.6 39 30.5 26.1 23.4 21 18.2 14.7 11.5 7.2 13.1 18.9 24.1 30 41 45.7 47 46.8 45.9 45.2 45.8 46.4 46.8 48 49.4 48.9 49 47.9 44.7 40.6 38.2 36 31.4 28.1 24.7 22 19.1 17.9 19.3 25.1 37.3 38 47.5 52 53.8 51.2 50.1 39.9 21.3 11.7 10.3 9.6 9.3 8.6 8.1 7.4 6.3 6.2 6 5.3 5.4 5.4 5.4 5.4 5.6 6.2 5.9 5.7 5.6 5.5 5.5 5.4 5.4 5.4 5 5.5 5.6 5.6 5.5 5.5 5.5
128.5 124 119.5 113.2 105.6 97.1 88.9 80.6 73 65.8 51.2 41.4 33.8 30.3 27.2 24.1 20.9 17.7 14 9.3 10.3 16.4 21.5 29.5 38.8 44.5 45.3 44.6 44.1 45.3 43 45.5 47.7 49.8 50.6 50.3 49.5 47.1 45 41.6 39.3 36.3 34.9 32 29.2 27.3 27.7 30.9 32.1 43.8 46.5 48.9 51.6 53.2 53.9 54.4 53 44.3 25 16.8 14.3 13.2 11.6 10.7 9.8 8.5 7.8 7.3 6.6 5.6 5.5 5.5 5.6 5.6 6.2 6.4 5.7 5.6 5.7 5.6 5.6 5.5 5.4 5.1 5.4 5.5 5.5 5.6 5.9 5.5
137.5 131.9 125.4 118.1 110.6 103.2 94.9 86.3 77.7 73.9 62 51.4 44.1 38.7 35.6 31 26.4 21.2 18.4 15.2 10.7 8 14.4 20.6 28.8 37.2 39.5 39.5 40.6 42.8 40.2 45.3 47.5 49.7 51 51.5 51.2 49.2 47.5 44.7 42 40.1 39 38 35.9 35.9 37.7 42.4 42.4 44.7 48.4 50.6 51.8 53.2 54.2 55.3 54.6 52.2 48.6 44.9 30 26.8 19.9 14.8 17.3 20 15.5 10.1 8.6 7.4 6.1 5.8 5.8 6 6.2 6.2 5.9 5.8 6.3 5.9 5.8 5.7 5.6 5.4 5.3 6.2 6.3 6.3 6.4 6.5
144.2 137 129.6 120.8 113.3 107.3 101.7 93.8 85.7 77.7 68.7 60.2 53.4 48 43.7 38.1 32.6 27.9 23.6 20.6 17.6 12.4 8.1 11.7 14.8 20.2 24.4 27.7 29.6 32 42.2 46.3 47.5 49.6 51 52.3 53.4 53 50.7 48.6 46.3 44.4 43.1 42.3 43.3 45 47.8 47.5 46.7 46.1 48.2 49.9 51.3 53.8 55.8 57.1 57.8 57.2 54.7 51.6 47.5 46.1 36.7 20.5 28.4 43.7 39.1 24.8 15.3 10.6 7.8 7.4 7.6 7.9 8.1 8 7.5 7.7 7.7 7.6 7.1 7.5 6.8 5.9 6.1 6.1 6.1 6.1 6.4 6.6
141.7 135.1 128.4 120.2 113.1 108 103.6 98.4 88.5 82.6 77.5 70.8 63.8 57.3 51.5 46.5 43.2 38.1 30.9 26.4 22 18 12.7 8.4 9.3 12 13.7 15.7 19.5 25.3 31.8 44.5 47.5 49.3 51.1 52.4 54.7 56.3 55.5 54.1 51.6 49.2 47.8 49 50.6 52.6 52.1 50 48.5 46.8 46.9 48.4 50.8 54.3 57.2 59.2 60.6 60.4 58.3 54.8 52.7 50.6 47.9 27.9 33.4 50.1 53.2 46.4 35 28.9 22.5 13.9 9.7 9.8 10.9 11.5 12.4 14.9 15.4 16.1 20.8 24.7 19 13.3 9.7 8.4 7.2 7.1 6.4 6.6
136.6 128.3 122.6 115.1 109.2 104.2 99.9 96 90.6 86.4 82.6 78.2 73.4 68.8 63.7 58.2 54.8 50.4 44.2 36.5 28.2 23 20 16.6 12.6 7.9 10.9 11.8 14.3 20.2 26.1 35.4 45.3 48.3 50.2 52.2 53.9 56.6 59.7 62.3 60.7 57.5 56.5 57 56.8 56 55.1 52.8 50.5 49 48.2 48.4 51.2 54.7 57.9 60.3 62.4 62.4 60.9 58.4 55.8 53.7 45.1 30 38.6 51 53.5 52.7 51.5 48.1 41.8 34 24.2 20.8 17 22.2 32.6 37.4 37.5 37 44.3 46.4 35.9 29 25.2 19.8 15 9.3 8.8 8.1
127.8 120.8 114.5 109 104.1 99.9 96.9 94.4 90.1 87.5 84.4 81.9 79.7 77 75.1 73.5 69.8 65.4 58.8 50.7 42.4 34.1 27.1 24.6 19.5 14.9 10.9 10.4 12 16.3 22.8 28.7 38.9 46.6 49.4 51.4 53.1 55 57.3 59.4 60.8 60.5 60.4 59.8 58.9 58.7 57.4 54.9 52.8 52.2 51.6 51.7 52.9 56 58.5 60.9 63.3 64 62.7 60.3 57.7 55 42.9 37.3 45.2 51.6 54.3 55.5 55.3 53.8 52.9 50.5 45.6 40.8 35.2 38.6 57.6 62 62.6 64.8 63.6 58.9 47.4 39.9 40.4 42.1 33.7 17.1 12.3 10.9
118.8 113.8 108.9 104.4 100.1 96.2 93.7 91.3 88.6 86.2 83.3 81.3 79.7 78.4 77.4 77.4 77.1 76.3 74.7 68.6 60.5 52.8 43 36.3 30.5 23.7 18.5 15.4 11.4 13.6 21.9 27.7 32.2 42.3 47.1 50.9 52.3 54.1 56 57.6 58.2 58.8 59.3 59.2 58.9 59.9 58.5 56.8 55.5 55.1 54.8 54.4 55.2 56.8 59 61.5 63.7 65 64.2 61.8 59 54.6 48.2 46.1 51.1 53.8 55.9 57.5 58.1 58.2 58.7 58.5 58.4 54.2 54 47.5 61.5 66.9 67.5 67.9 68.4 65.8 52.6 48.8 51 54.8 41.5 24.7 17.1 14.1
113.8 108.8 103.9 99.6 95.8 92.7 90.1 87.9 86.1 84.2 81.6 79 77.2 76.2 75.8 75.7 76.1 76.3 77.4 78.6 79.8 73.2 62.6 55.4 48.2 42.2 39.2 33 12.3 13.5 18.1 23.1 27 32.1 42.9 49.3 52.1 54.2 55.8 57.2 57.4 57.6 58 58.4 58.1 58.8 58.2 59 59.7 58.9 57.2 56.4 57.2 58 60 62.3 63.6 65.3 65.5 63.5 61.2 56.5 54 52.9 54.4 56.3 58.1 59.5 60.9 62.2 62.9 63.1 62.9 58.5 56.4 56.6 63.3 67 67.6 68 67.5 63.5 58.5 58.8 58.9 58 43.8 36.1 22.2 17.5
108.4 103.9 99.5 95.7 92.6 89.1 86.7 84.9 83.3 82.3 80.2 77.7 75.3 74.8 74.8 75.1 75.2 76.2 77.3 79.2 82.8 85.5 82.6 74.2 62.7 55.4 47.1 38 21.4 16 12 17.3 21.3 26.5 35.8 47.8 51.3 53.6 55.7 56.5 56.5 56.6 56.9 57.4 57.4 57.1 56.9 58.4 59.7 60.2 60.1 59.7 59.4 59.5 61.7 64.2 65.5 66.2 66.6 64.9 64.5 63 59.8 57.8 58.4 59.8 61.6 62.4 63.3 65 66.5 66.5 65.6 62.8 59.3 60.7 64.4 66.9 67.4 67.4 66.2 63.8 62.4 63.2 62.8 60 53.2 49.4 32.7 19.5
105 100.3 96.4 92.9 89.6 86.4 84.3 82.5 80.7 80.9 79.2 77.3 74.8 74.8 74.9 75 75.9 77 77.8 80 84 88.2 88.8 85.4 78.2 72 57.4 42.1 27.6 20.5 16.5 14.1 16.2 20.8 28.7 40.8 49.2 52.5 54.6 55.7 55.7 55.8 56.1 57.1 57 56.6 55.8 56.9 59.1 59.9 60.7 60.4 60.5 60.9 63.7 66.2 67 67.2 67.4 66.6 66.7 67.3 66.2 65.5 65.6 65.5 66 66.5 66.2 67.6 69.2 68.6 66.6 65 62.9 63.6 65.2 66.2 66.9 67.2 66 64.6 64.4 63.1 62.9 59.5 57.7 57.6 46.6 30
100.6 97.4 93.8 90.3 87 84.5 82.5 81 79.7 79.5 77.7 76.1 74.8 74.7 75.1 75.7 77.3 79 80.1 82.4 85.5 90.1 94.6 94.2 90 83.5 70.7 53.3 36.8 26.1 20.3 17 14.2 16.4 23.2 31.8 41.1 48.2 52.7 54.9 55 55 55.8 56.7 56.6 56.5 56.7 57.9 59.5 59.7 59 58.5 58.7 60 61.5 63.7 65.8 67.7 68.2 68.7 69.7 70.1 69.3 68.3 67.3 66.6 67.2 68 68.3 69.1 70.4 70 68.3 66.6 65 65.1 65 65.2 65.8 66.3 66.1 66.7 66.3 64.7 63.1 60.8 60.4 59.8 55.3 47
97.7 95.1 91.9 88.7 85.4 82.6 80.7 79.4 78.1 77.7 77.1 75.6 74.6 74.7 75.6 76.7 78.5 80.1 82.2 84.3 87.9 95.9 99.8 99.5 96.5 90.2 81.4 67.2 50.9 37 26.8 21.4 16.9 14.4 17.1 23.8 32.8 40.5 48.6 53 54.1 53.7 54.9 56.2 56.4 57.2 58.1 59.5 60.7 59.7 58.3 56.5 56.6 58.5 59.5 61.5 63.5 65.7 67.3 68.5 69.6 71 71.5 71.6 71.2 69.9 70 70.1 69.2 69.2 70.2 70.1 68.9 66.9 65.5 64.9 64.4 64.3 64.7 65.3 67.2 68.3 68 66.5 64.1 61.9 61.2 61 60 58.8
95.2 92.6 90.1 86.9 83.6 80.2 78.3 77.2 76.2 75.7 75.5 75 74.2 74.7 75.8 77.4 79.4 81.7 83.8 86.7 91.9 100.8 105 105 102.3 97.6 89.1 78.3 62.7 46.7 35.5 28.2 22.4 18.7 16.1 15.9 23.7 31.7 40.6 48.5 52.1 52.4 53.7 55.3 56.6 57.9 59.5 60.2 60.3 59.5 57.7 53.6 57.1 58.6 59 60.1 61.7 64 66.1 67.7 69.2 70.3 70.6 70.5 70.7 71.2 72.4 73.2 72.2 71.1 69.8 69.2 68.9 67.5 65.9 64.5 64.6 65.1 65.2 66.5 67.5 67.8 67.3 66.7 65.5 62.8 62 61.4 60.5 59.6
92.2 90.4 87.8 85.1 82.9 80.1 77 75.6 74.4 74.1 73.7 73.4 72.8 74.4 75.6 77.6 80 82.9 85.6 89 95.1 104.4 108.7 109.5 108 103.2 97 91.2 79.1 60.1 44.8 33.6 28 23.8 20.5 16.7 15.4 21.2 29 36.9 44.8 48.2 52.2 54.1 55.8 57.4 58.5 59.5 60 59.3 57.6 56.3 58 58.9 60 60.4 61.3 63.2 65.5 67.2 67.9 68.2 68.5 68.9 69.3 69.5 70.4 71 71.2 71.6 71 69.9 70 69 68.6 66 66.3 66.1 66.6 67.1 67.5 66.9 66.3 65.3 65.1 63.6 63 61.4 59.8 58.7
89.1 87.6 86.1 83.3 81.1 78.5 76.1 74.1 72.9 71.8 71.3 71.5 72.5 74.4 75.9 77.8 80.7 83.6 86.6 91.2 97 105.5 111.6 113.4 112.9 111.6 105.4 99.7 92.7 76.7 57.5 44.3 34.5 28.4 24.7 22 16.4 15.9 17.9 24.4 31.3 39.8 47.3 51.6 54.1 56.3 57.4 58.8 59.7 59 58.3 57.8 58.5 60.2 60.9 61.1 62.4 64 65.4 65.4 65.7 66 67.2 68.4 68.4 68.6 68.8 69 68.3 68.6 69.1 70.7 72 71 69.8 68.4 67.3 66.7 67.2 67.3 66.5 65.9 64.8 63.8 64 63.8 62.8 61.4 60.2 58.6
86.6 85.2 83.5 81.6 79.2 76.9 74.5 72.4 70.5 69.1 69.1 70.3 72.4 74.1 75.8 77.9 80.6 83.3 86.9 91.5 96.3 102.5 108.1 111.5 114.1 114.3 112 107.1 102 93.3 73.9 58.5 46 36 30.6 26.6 23.4 19.4 16.2 17 20.5 25.6 34.6 45.5 52.1 54.7 56.4 57.8 59.1 59.7 59.2 58.3 58.5 59.2 61.3 62.2 63.3 64.3 64.6 64.2 64.5 65.4 66.9 68.1 68.1 67.2 67.1 67.1 66.9 66.9 67.7 69.5 70.3 69.2 68.3 68 67.9 67.3 67.3 66.6 65.6 64.5 63.3 62.3 62.8 63.3 62.7 61.8 61.6 60
84.2 82.4 80.5 79 77.2 75 72.8 70.7 68.8 66.8 68 70.1 72.1 73.7 75.7 78 80.4 83.3 86.5 90.6 94.7 99 103.1 106.1 108.6 110.3 110.5 110.7 107.7 104.1 92.5 77.5 61.7 48.5 39 32.5 28.3 26.2 21.4 16.7 16.2 19.2 24 34.1 47.5 52.9 55.3 57 58.3 59.3 59.7 59.1 58.5 59.3 60.6 61.8 63 63.9 63.5 63.3 64 65 66.1 67.3 67.5 66.5 65.8 65.7 65.4 65.5 65.6 66 66.2 66.5 66 65.9 66.1 65.8 66.3 66 65.2 63.5 62 61.8 62.4 63 62.3 61.9 62 61.7
81.9 80.3 78.6 76.6 75 73.2 71 68.9 66.9 66 67.6 69.3 70.8 72.4 74.5 76.5 78.6 81.5 84.5 88 91.9 95.5 99 101.8 103.7 105.5 106.1 107.2 108.8 107.8 103.4 94.9 81.5 66.1 53.1 42.7 36.4 32.6 28.5 22.3 17.7 16.7 18 24.3 37.8 50.4 53.8 55.5 57.2 58.2 58.9 59.5 58.9 58.9 60.1 61.5 62.7 62.8 62.7 63.1 63.6 64.5 65.3 66.3 66.6 66.1 65.1 64.7 64.2 63.6 63.1 62.4 62.4 62.7 62.6 62.9 63.4 63.5 64.5 64.8 64.7 63.4 62.8 62.7 62.3 62.4 62.2 61.8 62 63
