public/OST50/SS58.asc
ncols 200
nrows 200
xllcorner 250000
yllcorner 180000
cellsize 50
[rows 0 to 36 of 200, columns 85 to 169 of 200]
59.4 62.1 63.5 63.9 63.4 61.4 60.6 62.9 65.6 67.4 68.6 69.6 70.3 70.3 70.7 70.4 70 69 67.4 65.8 65 64.5 64.1 63.6 61.3 60.1 55.4 47.6 38 30.2 24.4 28 33.3 34.2 36 40.3 45.1 47.8 58 60.3 57.6 57.6 60.4 63.9 65.7 66.9 68.1 69.4 71.7 73.9 75.3 76.5 77.1 77.3 76.9 74.9 73 71.4 67.6 62.6 60.3 57.3 54 51.6 50.6 49.8 49 48.7 45.5 42.5 40.1 37.9 40.9 43.1 46 47.4 47 52 54.3 55.4 54.5 55.2 57.1 59 60.3
57.1 60.3 61.3 61.3 54.5 56.7 60.7 62.9 65.4 67.1 68.1 69.1 69.4 69.2 69.4 69 68.5 67.1 65.6 64.2 63.5 62.5 61.8 62.2 62.1 61.8 59.5 51.9 45 39.3 33.9 43.2 46.5 48.6 44.8 44.2 47.5 49.5 57.7 61.2 60.6 61.5 65.2 67.4 68.8 69.2 69.7 71.2 73.6 75.6 77 78.2 78.7 78.3 77.4 74.9 71.5 69 66.5 66.2 65.8 61.5 56.9 53.2 48.5 46.6 45 44.4 41.4 40.6 41.2 41.8 43.8 45.5 46.1 47.1 48.7 51.4 54.5 56.3 57 57.5 57.3 59.2 60.5
55.8 57.6 53.1 48.6 48.6 61.7 62.2 64.2 66.1 66.9 67.8 68.8 68.9 68.3 68.2 67.6 66.4 65 63.7 62.6 61.7 60.7 59.8 60.7 61.3 61.1 60.9 56 49 41.3 38.7 48.9 52.9 53.9 49.4 48.1 49.5 51.3 56.7 60.2 62.5 65 67.8 69.3 70.6 70.9 71.3 72.5 74.9 76.9 78.2 79.3 80 79.5 78.6 77.4 76.5 76.4 76.3 75.3 71.4 65.4 58 54.2 50.5 46.2 41.8 39.9 39 39.9 41.3 44.5 48.1 47.9 48.3 49 50.3 53.2 54.5 55.6 57.4 59.2 57.4 58.1 59.4
42.7 39.1 35.2 45.5 59.5 62.4 64.2 65.1 67.1 67.7 67.9 68.9 68.8 67.9 66.8 65.6 64.1 62.3 61.4 61.4 59 57.7 55.7 57.5 59.4 59.2 59 54.5 48 40.7 39.9 49.1 53.5 55.1 51.8 50.4 51.5 54 58.4 61.7 64.1 66 68.5 69.9 71 71.5 72 73.5 75 75.9 77.6 78.8 79.3 79.6 79.8 80.1 80.2 81 81.6 79.7 75.9 71.2 64.2 58 52.3 45.6 40.4 37.7 39.8 42.1 45.3 48 52.2 53.1 53.8 54.2 53.4 55.4 57.6 56.4 56.7 58.9 59.3 57.8 58.4
28.6 36.3 50.9 57.4 58.6 62.3 64.5 65.8 67 68.5 68.7 68.5 68.9 67.6 65.6 63.8 61.3 58.9 57.8 57.5 56.7 50.3 50.2 53.3 53.3 54.8 55.8 55.9 50.5 42.5 43.4 49.9 54.6 55.7 54.5 53.5 54.3 56.6 60.9 64 66 67.8 69.1 70.3 71.3 71.9 71.9 73 73.8 75 76.4 77.5 78.1 78.8 79.3 80.2 80.9 81 81.3 80.6 79.9 76.4 70.2 60.4 50.8 43.3 39.2 36.4 39.7 42.9 45.4 48 52.3 55.5 57.2 58.4 58.7 59.4 61.3 60.4 59.3 60 62.8 62.7 62.1
43.9 46.3 54.2 56.8 58.7 61.5 64.6 65.5 67 68.4 68.6 68.2 67.9 67 65.7 63.5 61 59.2 51.8 43.2 41.4 39.8 40.1 39.7 46.5 49.3 52.3 54 53.8 46.4 50 53.4 56.3 56.9 56.5 55.7 57 59 62.5 65.6 67.7 69.7 70.9 71 71.6 71.6 71.5 72.1 72.9 73.8 75.1 76.3 77 77.7 78.2 79 79.9 80.5 80.6 79.7 78.5 74.2 66.1 58.5 50.4 44.4 39 36.2 39.4 42.6 45.2 47.8 49.4 52.5 55 58.6 60.5 62.2 63.9 64 63.2 63.3 65.7 66.7 67.4
48.1 52.8 53.7 56.3 58.6 61.4 63.6 64.6 66.4 67.7 67.9 67.7 67 65.9 64.7 63.3 61.2 58.7 49.3 35.7 24.2 23.2 27.5 32.6 43.4 45.2 49.5 51.4 52 51.4 58.2 57.9 58.8 59.3 58.6 57.8 59.1 61.9 64.6 66.9 68.7 70.6 71.5 72 71.5 71.2 70.7 71.7 72.2 72.8 73.6 74.9 75.6 76.2 76.8 77.7 78.5 79.4 79.9 79.7 79.5 77.7 74 64.4 55.3 46.9 40.6 35.5 36.7 39.9 46.5 50 52.2 55.9 58.6 61.5 62.4 65.3 66.6 67.6 67.5 66.4 67.6 69.4 72.1
48.6 54.3 53.8 55.7 57.7 60.5 62.5 64.6 65.6 66.6 66.7 66.4 66 65 63.6 62.3 61 58 47.6 27.8 18.2 17.1 20.6 25.6 40.3 42.1 47 48.3 52 55.7 59.7 60.7 60.6 60.7 60.8 59.6 60.5 63.1 65.4 67.5 68.9 70.2 70.9 71.3 71.3 70.8 70.3 70.6 71.3 71.9 72.5 73.5 74.2 74.9 75.8 76.7 77.8 78.5 78.8 78.9 79.1 78.7 78.3 77.5 74.5 52.2 43 37.2 36.3 37.9 44 49.5 53.1 59.2 63.8 66.7 68 70.4 73.4 74.8 74.7 73.2 73 73.1 73.7
45.7 50.6 52.9 54.7 57.1 59.4 61.5 63.6 64.8 65.4 65.4 65 64.5 63.6 62.6 61.7 60.6 58.1 52.5 29.6 17.7 28.2 38.7 40 40.7 40.6 45.4 50.2 52.7 56.1 58.9 60.5 61 61.3 61.7 62.1 62 62.5 64.3 66 68.2 69.5 70 70.1 68.9 68.6 69.1 69.7 70.3 71 71.6 72.3 73.1 74 74.9 76.3 77 77.4 77.6 77.7 77.8 77.9 78.1 77.7 56.6 22.1 21.7 35.6 39.7 38.9 39.9 44.4 51 58.9 67.2 71.4 73.5 74.9 78 80 80.3 79.9 79.9 79.1 78.5
40.9 47.3 50.4 52.8 55.3 57 61.1 62.8 63.6 63.9 64 63.6 63.1 62.2 61.2 60.3 59.3 57.8 54.1 32.6 16.8 29.3 49.7 49.6 48.6 48.8 50 51.6 53.3 55.8 57 59 59.4 60.4 61.2 60.7 60.7 61 62.5 64.3 65.9 67.6 67.7 67.6 67.1 67.3 67.8 68.9 69.6 70.4 71.2 71.9 72.7 73.4 74.1 75.9 76.3 76.5 76.4 76.4 76.4 76.6 76.6 57.3 27.8 25.2 20.5 34 49 36.3 39.1 44.5 49.8 55.9 61.1 70.3 75.7 78.6 81.2 83.5 84.4 84.6 85.2 84.5 83
23.9 40.4 46.5 49.8 53.2 56.9 60.8 61.7 62.3 62.6 62.3 62 61.7 60.8 59.9 58.8 57.7 56.2 53.7 35.5 16.6 28.1 51.8 54.7 55.5 53.5 53.4 53.5 53.9 55.3 54.8 56.7 57.2 58.5 60.4 59.8 58.9 58.5 60.2 62.3 62.6 63.6 63.5 64.4 65.5 66.3 67.2 68.8 69.6 70.4 71.2 72 72.9 73.9 74.9 75.6 75.6 75.7 75.6 75.4 75.1 75.2 75 75.6 60.8 59.9 39.6 37.3 56.8 33.6 37.7 42.8 55.6 61 65.7 70 72.9 77.5 83.6 86 87.2 87.7 88 87.8 86.5
8.3 28 42.4 44.8 49.4 56.2 59.5 60.3 60.9 60.6 60.4 60.2 60 59.1 58 56.8 54.9 51.1 39.3 26.5 16.2 29.1 51.9 56.7 57.9 57.4 56 55.4 54.4 54 53.1 54.1 54.1 55.6 57.7 59.1 56.1 57.3 58.6 60.1 61.2 61.9 62.7 64.2 65.3 66.5 67.7 69.2 70 70.7 71.5 72.2 73 74 75 75.2 75.4 75.5 75.1 74.9 74.7 73.9 73.3 73.5 72.8 73.1 72.4 69.2 48.7 32.6 36 42.5 58.3 63.4 71.4 74.3 78.5 80.4 81.5 85.8 87.2 87.6 87.9 88 87
8.1 13.2 29.4 41 45.6 54.8 57.7 58 58.8 58.7 58.3 58.1 57.9 56.8 55 53.5 48.8 31.2 18.4 13.9 21.9 38 54.4 57.9 59.2 58.7 57.7 56.7 55.2 53 50.1 49.4 50.8 52.3 53.7 54.7 58 60.6 61.6 62.6 63.5 63.8 64.5 65 66 67.2 68.4 69.5 70.3 71.1 71.8 72.5 73.2 74.1 74.7 74.8 75.1 75.2 74.9 74.6 74.2 73.5 72.2 70.3 68.4 67.4 67.7 54.6 41.7 32.3 36.3 44.4 59.6 66.6 75.5 78.2 79.8 81.1 83.2 84.8 85.8 86.9 86.4 86.1 86.1
9.8 7.1 14.3 28 40.7 50.7 54.2 56.3 56.9 56.8 56.2 56.1 56 53.9 51.5 50.3 37.4 15.5 12.7 24.4 39 51.8 55.1 58.3 58.6 58 57.5 57 56.3 53 46.7 48.4 52.8 55.2 56.9 59.5 62.2 63.9 64.5 64.9 65.4 65.7 66.3 66.8 67.3 68.3 69.5 70.1 70.5 71.4 72 72.6 73.4 74.2 74.3 74.4 74.5 74.7 74.5 74.3 73.7 73 71.7 69.5 64.4 59.8 53.9 42.2 33.6 31.2 38.4 45.9 59.7 69.7 76 78.2 79.9 81.2 83.2 84.3 85.3 85.8 84.6 84.2 84.3
28.7 6.8 6.8 15.4 28.4 38.8 48.6 52.6 53.1 53.4 52.7 53.9 54 51.1 47.3 45.7 28.6 11.9 12.9 34.6 51.1 54 56.6 57.6 57.4 56.4 54.8 54.5 53.4 48.1 45.6 50.3 54.9 57.8 60.1 62.8 65.1 65.8 66.3 66.7 67.2 67.6 68.1 68.6 69 69.5 70.7 71 71.4 71.8 72.2 72.7 73.2 73.8 73.8 73.9 74 73.7 73.7 73.4 72.8 71.9 70.4 68.6 65 60.2 48.3 33 30.5 38.5 43.2 51.6 60.6 70.2 75.6 78.2 80.2 81.3 82.2 83 84 83.8 82.9 82.1 82.1
33.4 6.1 5.9 6.8 10.9 17.2 26.3 34.2 40.2 43.8 45.8 50.5 51.9 48.1 43.2 42.8 22 11.2 13.5 34.9 50.7 54.7 55.8 56 55.3 54.1 45.4 40.2 37.1 39.8 48.8 53 56.7 59 61.8 64.1 66.2 67.1 67.7 68.2 68.7 69.1 69.4 69.7 70.2 70.7 71.4 71.7 72.1 72.4 72.3 72.7 73 73.4 73.3 73.3 72.8 72.6 72.8 72.3 71.3 70.2 70.1 68.4 62 53.5 37.8 29.3 36.6 40.6 46.8 57.6 65.2 72.2 75.9 78 79.5 79.8 80.8 81.2 80.5 81.1 81.1 80.4 79.4
20.2 5.1 7.2 8.1 7 7.1 7.4 8.3 9 11.3 20.3 34.1 43.2 39.2 29.3 28.3 11.9 10.9 14.3 31.2 46.3 50.8 52.9 50.6 37.8 29.6 32.8 35.4 38.2 42.1 50.7 53.8 57.2 59.1 61.7 64.8 66.7 68.4 69 69.6 70.2 70.6 70.9 71.2 71.4 71.9 72.2 72.5 72.8 73 72.5 72.3 72.8 73.1 72.8 72.2 72 71.4 71.1 70.7 69.6 69.1 68.2 66.6 58.2 36.9 32.2 41.3 41 42.2 54.9 66.3 71.8 73.8 76.7 77.7 78.3 78.5 79.1 79.3 79.2 79.2 79.6 79.1 77.8
8 5.7 13.3 25.3 24.1 15.1 7.9 8.2 8.8 6.7 8 11.8 15.5 18.3 12.6 11.1 10.8 11.3 13.3 15.3 19.9 23.4 25.7 27.6 29.8 35.7 46 49.1 50.2 43.2 46.5 52.8 55.7 57.7 60.4 63.5 66.6 68.9 69.6 70.2 70.8 71.4 71.7 72 72.3 72.9 73.1 73.4 73.6 73 72.5 71.9 72.5 72.6 72.3 71.5 70.4 69.9 69.5 69.2 68.5 67.8 66.8 62.8 51.7 31.3 45.1 55.7 51.7 56.1 67 71.7 74.2 76 77.3 77.9 77.7 77.6 78 78.2 78.1 77.8 77.9 77.7 76.4
5.9 5.3 20.3 34 41.2 37.8 31.1 26.4 23.5 19.9 13.7 9.2 8.2 10.1 10.6 12 16 21.5 28.4 35.5 37.7 38.6 40.4 42.3 44.7 49.3 51.8 53.1 54.1 51.4 43.9 48.9 52.1 55.7 58.1 61.8 65.3 68.2 70.1 71.1 71.7 72 72.4 72.7 73.8 73.9 74.2 74.3 74.3 74 73.7 72.9 71.8 71.9 71.9 70.9 69.7 68.5 67.8 67.5 67.1 66.3 65.2 60.9 44.5 32.2 51.8 59.7 63.9 68.6 71.6 73.6 75 76.5 77.9 77.7 77.3 77.2 77.1 77 76.7 76.5 76.9 76.7 76.4
5.6 4.8 17.2 37 46.9 47.8 45.6 43.9 43.2 41.4 40.1 35.1 26.4 23.1 28.2 34.1 27.1 31.4 37.5 45.5 48.3 49 49.7 50.2 52.1 54 55.3 56.5 57.1 56.4 50.4 46.7 48.9 52.3 55.4 58.8 63.7 67.3 70 71.7 72.3 72.9 73.2 74.6 74.8 74.9 75 74.9 75.1 75 74.5 73 71.7 71.9 71.9 71.2 70.3 69.3 67.9 66 64.5 63.6 63.8 59.7 40.9 34.8 58.5 64.3 68.4 70.6 72.3 74.2 75.5 76.3 77.1 76.8 76.5 76.2 75.8 75.9 75.7 75.6 76.2 75.6 75.3
12.2 4.9 10.3 35.6 47.5 50.8 50.1 50.1 50.3 50.8 51.2 50.7 47.5 44.3 42.7 43.5 39.7 43.5 41.8 46.1 50.1 51.9 53.2 54 55.4 56.9 58.4 59 59.3 59.8 58.6 56.6 51 49.3 52.7 57.2 62.1 64.4 68.2 71 72.7 73.4 74 74.7 75.6 75.6 75.5 75.6 75.7 75.9 75.2 74.2 73.4 72.9 72.6 72.1 71.1 70.1 68.7 66.8 64.9 62.3 60.9 59.7 37.7 34.6 62.8 65.5 68 70.4 72.5 73.9 74.9 75.2 76.1 75.5 75.1 74.8 74.4 74.6 74.5 74.3 74.2 74.1 73.9
17.9 4.6 6.3 33.1 48.8 52.2 52.7 55 55.2 55.8 58.1 58.7 55.9 51.3 49.1 48.5 43.6 47.8 50.8 44.9 47.3 51.4 53.3 55 57 58.3 59.6 60.4 61.2 61.8 61.4 62.4 54.6 49.5 51.8 56.6 61.2 63.4 66.3 69.5 72 73.3 74.4 75 75.8 76.2 76 76.2 76.1 76 75.1 74.4 73.8 73.2 73.5 72.8 72 71 69.6 67.3 65.4 63.2 59.8 60.5 37.6 34.2 62 65.1 67.9 70.2 72 73.2 73.9 74.4 74.9 74.3 73.5 73.2 73.1 72.9 72.6 72.7 73 73.2 73.7
20.5 4 5.5 30.9 48.7 51.4 54.2 58.7 60.5 60.5 61 61.4 59.7 56.6 54.1 51.8 48.7 48.4 53.8 52.4 50.1 50.1 52.2 54.5 56.5 57.8 59.1 60.7 62.2 63.6 65.1 65.6 56.9 51.1 52.6 57.1 60 62 64.4 67.4 70.7 72.2 73.5 75 75.5 76 76.1 75.9 75.7 75.7 75.5 74.9 74.3 73.9 73.1 72.7 72.3 71.7 70.2 67.2 65.3 63.3 59.5 44 32.3 35.2 59.8 63.5 67 69.6 70.9 71.9 73.1 73.5 74 73.5 72.9 72.1 71.3 72.6 72.3 73 73.4 73.9 73.9
20.1 4.2 7.1 26.3 38.9 50 55.7 57.5 62 62.3 62.5 62.5 61.6 59.5 57.9 56.1 54.3 51.5 52.7 54 54 53 51.2 52.5 54.8 56.7 58.1 60.1 62.1 64.2 65.8 66.4 59.1 53 52.6 56.4 58.2 59.8 61.6 64.9 68.7 70.6 72.4 73.9 75.2 75.7 75.4 75 75 75.1 74.4 74.5 74.6 74 72.6 72.3 71.9 71.4 70.9 68.1 65.5 63 60.5 48.1 27.4 42.6 58.7 63.6 66 68.1 69.9 70.8 72.3 72.3 72.9 73 72.4 72.3 73.1 73.4 73.5 74.5 74.5 74.8 74.8
21.4 4.8 5.8 20.3 43.3 52.1 56.3 59.8 62.6 62.5 62.9 62.9 62.4 61.5 61.5 60.2 58.3 55.4 53.8 54.9 56.1 55.5 53.4 52.2 52.3 54.3 56.5 58.7 60.6 63.8 65.7 66.5 61.3 54.8 52.4 54.6 56.6 58.1 59.3 61.7 65.6 68.5 71.2 72.9 74.3 75.2 74.6 74.3 74.3 74.3 74.1 73.9 73.5 72.4 71.6 71.8 71.7 71.1 70.4 68.6 65.3 60.4 57 44.7 24.2 48.2 62.1 65.4 68 70 71.4 72.4 73.4 73.6 73.7 73.8 73.7 73.8 74.7 75.1 75.2 75.7 75.7 75.6 75.6
24.5 4.7 5.3 15.3 42.7 53.3 57.5 60.2 61.7 62 62.4 63.4 63.2 64.1 64 62.2 59.3 57.1 54.2 55.9 57.1 57.7 56.4 55 51.9 52.9 54.8 55.7 58.4 62.1 64.5 66.3 65.8 58.7 54.2 53.9 54.7 55.7 57.3 59.8 64.5 66.7 69.4 71.6 72.9 74 73.4 73.1 73.1 73 72.9 72.4 71.1 70.2 69.9 70.2 70.8 70.3 70 69.7 65.5 58.5 46.7 31 27 52.5 61.6 65.9 68.2 70.1 72 73 73.9 74.1 74.2 74.1 74.8 75 75.2 75.7 76.4 77.1 77.6 77 76.7
28.1 3.2 5.5 13.1 40.5 52.9 57.8 60.8 62.4 62.5 63.1 64.6 65.4 64.7 64.3 64.3 62.8 58.8 56.6 56.8 57.9 59.5 60.7 59.2 55.9 54.7 55 55.3 56.3 59.7 62.1 63.7 64.9 62.7 58.1 56.1 54.6 54.8 56.9 60.7 63.3 66 67.8 69.8 70.8 71.9 72 71.9 71.9 71.7 71.3 70.8 69.2 68.8 69 69.3 69.5 69.6 69.6 69.6 67.4 59.6 39.5 20.5 35.1 57.5 62.1 65.3 68.3 70 71.8 73.2 74.2 74.6 74.5 74.4 74.8 75.3 75.8 76.3 76.8 78.1 79.1 79.4 79.1
18.7 -2.9 4.7 15.8 34.7 51.5 56.9 60.6 63.1 63.9 63.7 65.6 66.4 65.2 65 63.5 64.2 60.2 58.9 57.8 58.8 63.3 62.7 61.8 59.3 58 57.2 56.5 58.5 63.5 64.4 64.7 64.7 64.1 62.1 60.2 58.7 56.5 58.9 62 64.1 65.2 66.1 67 68.3 69.1 69.5 70.4 70.6 70.1 69.7 69.2 68.1 67.8 68.1 68.3 68.5 69 69.2 69.1 68.3 56.6 28.3 22.3 42.6 60 62.9 64.4 67.3 70.1 71.7 73.7 74.8 75 74.7 74.2 74.2 74.8 75.4 76.5 77 78.4 79.8 81 81
-2.9 -2.9 6.5 33.7 47.9 48.8 54.4 58.8 61.9 63.3 64.3 65.5 66 66.1 65.2 64.5 63.6 62.8 60.7 59.6 61.7 63.4 63.4 62.9 60.9 60.6 59.8 58.6 60.2 64.1 65.8 66.6 65.4 64.6 64.2 65.2 62.5 58.5 62.1 63.2 63.5 63.7 63.8 64.2 65.3 66.2 67.8 68.7 68.9 68.7 68.2 68 67.5 67 67 67.3 67.5 68.2 68.6 68.6 67 47.5 22.2 27.9 49.3 60.7 63.3 64.3 66.3 69.2 71.8 73.8 75.2 75.1 74.9 74.2 73.7 74 74.5 75.2 76.7 78.1 79.3 80.2 80.5
-2.9 5.2 22.1 45.1 53.6 56.1 55.3 56.9 59.3 61.4 62.8 64.6 65.4 66.3 65.4 65.5 64.7 64.2 63.1 62.5 61.5 63.2 63.5 63.8 62.5 62.3 62.3 62.1 63.2 64.5 66.2 67.3 66.5 65.6 65.6 65.9 64.6 60.8 61.2 62.3 62 61.7 61.1 61 62.2 64 65.9 67 67 66.9 67.2 67.3 66.9 66.4 65.9 66 65.8 66.9 67.1 67.5 66 50.9 25.9 27.2 50.8 61.6 63.6 64.5 65.5 67.4 70.9 73.2 74.8 75.2 75 73.9 72.9 73.1 73.6 74.3 75.8 76.9 77.7 78.4 78.8
-2.9 6.8 33.3 52 55.8 56.8 58.9 59.4 61.3 62.9 63.7 64.7 65.7 66.7 66.5 66.4 65.2 66 65.9 65 63.6 63.3 63.9 64.3 64 63.7 63.8 64.7 65.5 65.8 65.9 66.8 67.2 67 66.9 66.6 65.5 63.8 62.6 61.4 60.5 59.3 58 56.8 58.5 60.5 62.9 64.1 64.6 64.5 65.5 65.8 65.9 65.7 65.3 64.1 63.5 64.5 64.6 64.9 64.6 60 38.5 14.8 45 62.8 63.8 64.7 64.9 65.4 68 71.4 73.2 74.6 74.6 73.4 72.7 72.9 73.1 73.7 74.4 75.4 75.9 75.7 76.4
-2.9 19.4 45.5 55.1 56.6 55.7 58.8 60.5 61.5 62.4 64.6 65.7 67.2 68 67.8 67.6 67.2 65.7 66.1 66.9 65.8 65.3 65.4 66 66 66 65.6 66.8 67.4 67.3 66.6 67.2 67.1 67.5 67.7 67.6 67.1 66.2 64.1 61.7 60.5 57.8 54.9 53.4 52.9 55.5 58.9 59.8 60.2 62.1 63.2 64.2 64.1 64.5 64.6 63.5 61.3 60.9 61.1 60.9 61.1 61.2 48.8 20.5 26.1 59.7 63.5 65.1 65.2 64.4 63.8 67.1 71.2 72.6 73.5 72.8 72.3 72.3 72.5 72.7 73.2 73.6 73.9 74.8 75.4
-2.9 24.3 39.1 45.6 48.9 50.5 54.5 58.2 59.1 61.8 62.7 63.8 67.4 68 67.4 67 66.5 67.5 67.6 69.1 67.9 67.2 67 67.4 67 67.1 67.3 67.3 68.2 68.3 67.6 67.7 68 68 68.2 68.2 68.1 67.3 65.6 63.6 62.8 61.2 55.6 50.7 46.6 48.8 53.3 55.7 56.3 58.3 60.9 61.9 61.8 62.9 63.4 62.7 61.6 58.3 55.9 55.7 57.2 58.9 56.3 31.5 16.5 43 61.7 63.8 65.3 64.2 60.9 62 67.6 70.3 71.1 72.1 70.7 71.2 71.7 71.9 71.1 71.7 72 73.8 74.6
-2.9 23.5 33.1 38.6 41.9 45.7 47.7 52 55.6 58.4 59.3 60.6 62.8 66.1 66 66.3 67.5 68.7 69 71.1 69.6 68.6 68.9 68.8 68.4 67.7 67.8 67.9 68.3 68.6 68.8 68.9 68.8 68.6 68.8 68.7 68.7 68.4 66.8 65.5 65.4 65.1 61.3 54.4 47.8 42.9 46.7 52.2 51.6 54.5 58.3 59.5 60 61.3 62.5 61.9 61.7 59.1 55.3 48.9 51.9 54.9 52.9 36.9 12.8 35.4 59.6 61.3 63.5 62.3 58.2 59 63.7 67.8 68.7 68.6 67.6 69.1 70.2 69.7 68.7 69.4 70 72.9 73.8
25.2 30.3 37.1 41.4 42.4 40.7 41.6 46 49.9 52.7 54.3 56.6 59.6 63.2 64.5 65.3 66.5 68.6 69 69.4 68.7 68.2 68.9 69 68.7 68.4 68.3 68.3 68.5 68.8 68.9 68.9 69.1 69.3 69.3 69.2 69.1 68.9 69 67.6 67.5 68 66.7 64.8 56.1 43.8 39.8 47.1 47.1 50.8 54.6 55.2 57.9 59.9 61.2 61.4 61.5 59.8 55.5 48.9 48.3 46.6 38.9 25 14.5 29.8 51.7 57.1 58.9 58.2 53.7 55.4 58.9 61.4 63.7 62.1 64.2 66.1 67.3 67.9 66.9 67.8 69 71.6 73.1
27.9 33.8 43.5 47.5 49.2 47.7 44.7 44 46.2 48.8 51.4 54.5 57.1 59.7 61.9 64.5 67.1 67.1 67.6 68.5 69.2 68.3 69 69.1 68.7 68.5 68.7 68.8 68.8 68.9 69 68.9 68.9 68.9 69.2 69.3 69.3 68.8 68.3 67.9 68.5 68.2 67.4 67.4 62.2 48 35.6 41.9 43.6 45 50.2 50.2 55.5 58.3 60 60.5 60.6 58.1 54.5 41.8 40 33.1 17.4 9.1 18.7 23.4 35.6 48.7 52.9 50.8 51.9 53.2 55.7 56.9 58.6 60.9 63 65 66.4 66.8 66.1 66.9 68.7 70.7 72.8
37 39.4 46.1 51.7 53.5 52.3 49.2 46.4 49.2 53 55.7 57 59.2 60.4 61.2 63.7 65.8 65.3 66.4 67.6 68.5 68.5 68.5 68.4 68.6 68.3 67.9 68.1 68.3 68.4 68.3 67.8 67.9 68.2 68.6 68.7 68.3 67.6 66.9 67.2 67.9 67.3 66 66 62.8 49.8 41.3 29.6 34.6 39.3 44.7 48 53.8 56.9 58.6 59 59.1 55.8 40.7 26 22.1 14.7 14.8 34.6 39.7 43.1 40.4 39.9 44.7 50.3 55.6 56.4 56.2 57.2 58.5 60.6 62 64 66 66.7 66.4 67 68.7 70.7 72.3
