public/OST50/SS58.asc
ncols 200
nrows 200
xllcorner 250000
yllcorner 180000
cellsize 50
[rows 0 to 36 of 200, columns 0 to 84 of 200]
134.1 130.2 125.7 122.2 119.7 116.7 113.5 111.7 109.6 107.5 106.7 105.8 105.4 105 104.4 103 101.5 100.2 98.6 98 98.1 96.2 95.6 94.9 93.4 91.4 89.3 87.7 87.2 85.5 83.8 81.9 80.3 79.6 78.8 77.6 76.1 76.6 78.1 77.8 76.8 75.8 74.6 73.2 71.7 70.4 68.9 67.7 66.5 64.3 62.1 59.5 56.8 54.4 52.1 48 44.2 44.1 47.3 51.7 53.5 52.9 49.7 45.1 42.5 47.1 50.8 51.3 50.5 50.3 44.8 36.7 27.5 22 20.1 34.2 47.4 54.6 58.1 57 55 52.9 54.4 54.3 56.7
135.7 132.6 129.6 127.2 125.8 122.8 118.1 115.5 113 111.5 109.7 108.7 107.7 107.2 105.8 104.3 102.8 103.2 102.5 102 101 99.8 98.4 97 95.3 93.3 91.3 89.5 88 86.4 84.9 83.7 82.6 81.8 81.3 81 79.9 81.4 81.8 80.6 79.3 78 75.6 74.2 73.9 72.9 71.3 69.4 67.5 65.2 62.9 60.2 57.5 54 51 47 48.2 51.1 53.6 55.5 55.2 53.7 51.5 48.4 47.3 51 53.6 54.9 54.6 54.2 54.5 50.1 40.6 28.5 18.8 32.6 44.9 54.2 55.8 54.4 51.9 47.7 46 48.4 54.2
136.2 134.6 132.2 130.6 129.6 127 123.5 120 116.2 114.3 112.3 110.4 109.4 108.6 107.2 107.1 107.4 107 106.4 105.3 104 102.6 101.2 99 96.8 94.8 93.1 91.5 89.7 88 86.7 85.7 85 84.4 84 84 84.6 85.7 86 84.4 81.4 79.8 77.8 77.9 77.3 76.1 73.8 71.6 69.6 67.3 65.1 62.3 59.2 55.7 51.8 49.8 54.2 55.5 56.9 58.5 58.3 55.9 52.5 51.6 52.8 55.3 57.1 57.6 57 56 56.5 55.8 45 32.2 17.6 30.1 39.9 51.3 51.9 50.6 48.4 40 33.1 42.3 51.5
137.3 137.1 137.2 136.3 134 131.3 128.4 125.3 121.9 118.4 115 113.4 113.7 113.7 112.9 112 111 109.9 108.9 107.6 106.3 104.9 103.6 101.7 99.7 97.3 95.3 93.7 92.1 90.7 89.7 88.8 88.2 87.7 87.1 87.2 87.3 88.1 88.5 87.1 85 83.5 82.5 81.3 80.2 78.4 76.3 74.1 72 69.7 67.3 64.3 61.1 57.1 53.1 51.1 55.1 58.7 59.7 59.6 58.3 56.8 56.3 56.1 55.8 57 58.4 59.5 58.3 57.7 57.8 54.7 44.8 29.5 17.5 19.4 31.5 38.8 45.9 46.1 44.1 32.4 24.8 34.2 41
140.4 140.3 141.1 140.3 137 134.6 133.1 130.2 127 124.1 120.2 118.4 118.9 118 117 115.9 114.5 113.4 112.1 110.5 109 107.6 105.8 103.7 101.8 99.7 98 96.3 94.9 93.5 92.8 92.1 91.5 90.9 90.6 90.5 90.6 90.9 90.5 89.1 87.7 86.4 85.2 83.9 82.3 80.4 78.5 76.5 74.3 71.8 68.9 66 62.6 59.2 56.3 55.8 56.3 58.2 59.3 59.2 58.9 58.5 59.1 58.4 57 57.8 58.8 58.9 58.1 57.1 56.9 51 40.3 27.1 16.6 15 18.8 26 33 37 33.7 22.5 20.1 21.8 24.8
142.2 142.1 142.8 142.5 140.3 138.8 138 135.8 131.4 129.5 126 123.9 123.3 122.2 121 119.5 118 116.7 115.1 113.5 111.9 110.5 108.5 106.4 104.7 103 101.1 99.4 97.8 96.6 96 95.3 94.7 94.1 94 93.9 93.9 93.7 92.7 91.3 90 88.7 87.4 86 84.5 82.7 80.8 78.6 76.4 73.8 71 68.4 65.1 63.2 61.4 61.3 60.6 60.2 60.6 60.2 60.1 60 60.3 59.3 58.1 57.5 57.8 57.3 57.1 56.1 51.5 43.1 34.3 25.9 16.5 14.9 14.3 13.8 17.6 20.1 18.8 16.3 22.5 31.9 39.5
145.9 144.6 144.8 144.1 143.2 142.3 142.3 142.2 138.8 136.2 133.1 130.9 128.4 126.2 125 123.4 121.9 120 118.1 116.4 114.9 113.2 111.3 109.7 108.1 106.3 104.7 102.9 101.4 100.3 99.5 98.5 97.7 97.7 97.5 96.8 96 95.4 94.9 93.6 92.3 90.9 89.5 88.1 86.6 85 82.9 80.7 78.5 76.1 73.5 71 68 66.4 65.3 64.9 64.3 63.4 62.9 62 61.6 61.4 60.6 59.5 58.4 57.2 56 54.9 53.8 47 41.8 35.2 28.9 21.5 16.8 14.9 14.1 14 13.6 12.5 12.6 13.9 25.1 36.9 42.2
153.4 150.8 148.5 147.5 146.8 146 146.2 146.1 146.5 143.2 140.1 138.6 135.7 132.5 129.7 127.5 125.8 124 122 120.1 118.2 116.4 114.8 113.2 111.5 109.7 108 106.3 104.7 103.2 102.4 101.6 101.2 100.7 100 99.3 98.7 97.7 97 95.9 94.6 93.1 92 90.4 88.8 87.2 85.3 83.2 81.2 78.7 76.1 73.6 71 69.8 68.6 67.3 66.4 65.7 65.1 64 62.7 61.4 60.3 59.2 57.3 53 51.6 46.8 42.9 35.4 29.2 27.8 26.2 21.6 18 15.9 14.7 14 14.1 14.9 12.7 11.3 10.6 28.5 41.2
159.9 156.8 153.1 151.6 150.6 149.8 150.1 150.3 151 151.6 148.3 146 143 139.6 135.7 132.6 129.8 127.9 125.9 124 122 120.2 118.4 116.7 114.9 113.1 111.4 109.5 108.4 107.5 105.1 104.4 103.2 103.1 103.1 102.3 101.3 100.3 99.3 98.1 96.6 95.5 94.5 92.9 91.3 89.8 87.9 85.9 83.9 81.5 78.9 76.6 74.5 72.5 71.3 70 68.8 67.3 66.6 65.2 63.8 62.1 60.4 57.8 55.4 48.5 42.7 37.8 36.1 38.3 41 40 32.8 25.4 19.8 17.2 17.5 22.4 25.5 25.9 17.3 12.3 10.3 18.9 35.6
163.6 163.8 161.3 157.6 154.6 154 154.6 155 156.6 156.9 156.3 154.2 149.9 145.5 140.9 137.7 135 132.5 129.9 127.8 125.7 124.2 122.3 120.7 119 117.2 115.5 113.8 112.6 112 109.9 108.8 107.8 106.8 106.3 105.4 104.4 102.9 101.6 100.4 98.1 98 96.9 95.3 93.8 92.3 90.4 88.5 86.6 84.5 82.6 80.6 78.4 75.9 74.1 72.5 70.9 68.8 67.8 66.4 64.8 62.7 59.7 56.1 49.2 45.1 45.5 46.7 47.9 49.2 49.7 46.9 41.7 29.9 21.3 23.9 30.6 36.5 39.5 39.3 30.7 14.1 11.2 11.1 23
164.6 167 169.6 167.6 164.3 161.2 159.4 159 160.8 162 161 158.9 155.6 151.4 146 142.6 141.1 138.1 136.1 134.1 131 128.6 126.6 124.9 123.2 121.5 119.8 118.1 116.5 116.1 114.4 113.1 112 111 109.9 108.7 107.8 106.3 104.2 102.7 100.5 100.8 99.3 98.1 96.5 94.8 92.9 90.9 89.1 87.2 85.4 84 81.8 79.1 76.4 74.7 72.9 70.7 69.1 67.7 65.4 62.2 59.3 56.7 54.3 54.1 55.4 53.8 54.2 53.5 52.4 49.9 44.3 29.8 29 33.2 40.3 47.1 51.7 50.3 41.1 28 13.5 9.8 9.9
159.7 165.4 168.6 171.3 171.9 168 165.2 163.9 165 165.4 165.3 164 161.6 157.9 152.1 150 146.7 144.9 143.3 141.5 138.3 135.4 132.5 130.3 128.3 126.1 124.4 122.7 121.1 120 118.7 117.6 116.5 115.3 113.9 112.2 111.3 109.8 108.1 105.8 104.6 103.2 101.7 100.8 99.4 96.9 95.2 93.4 91.8 89.7 87.8 86.6 84.2 81.6 79.1 76.6 74.5 72.6 70.5 67.6 63.8 63.6 62.5 60.4 59.3 58.4 58.1 56.7 55.5 54.1 53 47.4 36.1 34 37.1 41.2 49 53.4 55 53.9 51.1 45.5 33.4 16.3 9.1
148.8 156.7 163.5 168 171.4 172.7 171.9 172.4 172.2 171.3 170 167.6 165.8 166.1 163.4 159.7 155.6 153.8 154.5 151.6 146.7 142.4 139.1 136.1 133.8 131.2 129.1 127.3 126 124.5 123.1 121.9 120.7 119.3 117.9 116.4 114.8 113.4 111.8 109.7 108.1 106.6 105.2 103.6 101.8 99.1 97.6 96.1 94.3 92.3 90.5 88.8 86.6 84 81.1 78.4 76.2 74.3 71.7 66.5 65.9 66.7 64.8 63 61.5 60.5 59.2 58 55.3 53.6 48.2 40.5 39.3 40.8 42.4 46.7 50.9 55.2 57.1 56.3 55.1 53.8 50.8 40.1 15.8
138.2 145.3 153.2 161 166.4 169.8 172.2 174.7 177.3 177.5 176.2 176.3 174.8 172.5 171 169.3 166.1 164.9 164.2 161.9 156.9 152.1 148.1 143.6 139.9 137 136.3 134.5 131.2 128.7 127.4 126.1 124.8 123.3 121.9 120.5 118.7 117 115.4 113.8 112.1 110.6 109.1 107 104.8 102.9 100.9 98.9 97 95.3 93.5 91.4 88.8 86 83.1 80.4 77.9 75.7 72.5 71 70.7 69.2 67.4 64.7 63.4 62.1 60.1 57.9 55 49.8 43.3 44.6 45.8 46.4 46.4 48.1 52 55.8 56.1 56.1 56.9 55.5 53.9 53.3 33.8
130.1 135.9 141.7 149.1 157.1 163.3 166.7 169.3 172.3 174.7 175.7 176.3 176.8 175.8 173.9 172.8 172.4 173.3 172.6 169.6 167 162.3 157.2 152.4 148.5 146.1 144.8 143.5 141.8 137.5 132.7 131.3 129.7 128.5 126.5 124.5 122.7 120.8 119.5 117.9 116.3 114.4 112.9 111.1 108.5 106.4 104.3 102.2 100.1 98.2 96.2 94 91.8 88.6 85.6 82.7 79.8 77.3 75 74.2 72.6 71.1 69.3 67.6 65.6 63.5 61.3 57.8 52.7 49.1 49.1 50.1 52.2 51.8 49.3 49.9 52.1 54.5 54.8 55.6 55.5 54.9 55 54.8 52.5
123.1 127.4 130.9 136.2 143.4 150.9 158.4 161.2 163.1 166.4 169.6 171.4 172.6 172.5 173.2 174.2 174.5 175.9 177.8 176.7 174.3 171.3 167.3 162.2 158.2 156.2 154.6 153 151.7 148.1 144.1 140.9 137.2 134.5 132.9 130.7 127.5 125.3 123.8 122.2 120.7 118.6 116.6 114.8 112.7 110.4 108.3 105.8 103.6 101.3 99 96.8 94.7 92 89.1 86.2 83.2 80.5 78 76.2 74.6 73 70.9 68.9 67 64.9 62.7 59.6 56.3 54.2 53 53.7 54.7 53.7 51.7 51.9 53.2 53.5 53.8 53.3 53.4 53.9 54.3 53.8 52.4
117.6 120.8 124.2 128 132.6 138.7 145.9 151.5 154.6 157 160.2 162.8 164.3 166.2 168.9 172 173.2 176 178.7 180.7 180.5 176.9 173.3 168.7 164.5 162.2 160.7 160.2 159.9 159 155.4 152.8 151.2 147.6 143.7 139.6 135 131.6 128.5 127.3 125.3 123.2 121.4 119.3 117.8 115.4 112.7 110 107.5 105.1 102 99.7 97.4 95.1 92.6 89.8 87 84.1 81.4 79.1 76.8 74.7 72.3 70.2 68.2 66.3 64.1 61.9 59.6 58.1 56.5 56.3 56.3 55.4 54.1 54 53.9 54.1 53.3 51.9 50.5 51.4 52.2 50.3 46.2
112.5 115.6 119.2 122.3 125.1 129.6 134.1 139.2 143.3 145.4 147.5 151 155.2 158.2 160.3 165.1 169.3 171.9 174.7 177.5 179.2 178.5 175.4 171.6 168.4 164.3 163.2 165.1 165.8 165.2 164.5 164.2 161.9 159.3 155.7 151.9 147 142.2 137.2 132.8 130.1 128.2 126.3 124.5 122 120.1 117.7 115.3 112.5 108.8 105.9 102.9 100.9 98.3 95.6 93.2 90.6 87.8 84.8 82.5 80.2 77.3 74.2 71.6 69.8 67.9 65.9 64 61.8 60 58.4 57.9 57.5 56.9 56.1 55.2 54.7 54 53.1 50.1 47.9 47.8 47.5 42.1 27.6
107.2 110.4 113.2 116.2 119 121.8 124.5 128.2 130.4 132.4 134.8 138.4 142.7 147.2 149.4 152.7 158.7 165.8 168.8 170.7 172.2 173.3 171.2 166.4 162.8 160.1 161.7 162.7 163.8 166.1 169.6 171.5 171.9 170.8 167.8 164.4 160 155.4 150 144.3 139.2 136.1 134 130.5 128.3 127 125.6 123.5 120.6 116.3 111.8 108.4 105 103 100.5 98.3 94.7 91.4 88.5 85.9 83.2 80.1 77.4 74.3 71.5 69.6 67.6 65.5 64 62.2 60.3 59.5 59 58.3 57.1 56.1 54.6 53.3 52.4 49 44.9 31.9 24.3 18.3 10.1
103.4 105.7 108.2 110.8 112.7 115.2 118 120.5 122.5 124.2 126.2 128.9 131.4 135.2 139.5 142.9 147.7 152.9 157.4 162 163.1 162.8 162.5 156.9 151.9 153.4 155.5 158.1 159.6 162.3 166.8 171.8 176.5 179.3 176.4 176 172.8 167.7 163.3 159 153.1 148.7 148.2 145.7 142.1 139.7 138.2 135.5 131.2 126.7 122.4 117.7 113.2 109.6 107.8 106.3 102 97.5 93.1 89.2 86.3 83.5 80.5 77.2 74 71.2 69.5 67.5 65.7 64.4 62.8 61.7 60.5 59.3 58 56.5 54 49.8 44.4 36.2 27.8 24.2 25.3 23.8 15.1
98.7 101.1 103.6 104.7 106.3 108.4 111.2 114.6 116.5 118 119.8 121.4 123.7 126.5 130.4 135.4 139.8 145 146.6 148.7 152.3 154 151.1 146 141.8 140.7 143.1 148.6 153.8 156.6 160.2 167.6 173 177.5 181.1 184.5 184.4 179.9 174 170.3 167.4 165.5 165.4 162.6 159.2 156.4 153 149.4 144.5 138.3 133.2 128.8 123.4 118.2 115.3 114 110.9 105.3 98.8 92 89.5 86.3 83.2 79.9 76.8 73.7 71.6 69.7 67.7 66.2 64.9 63.5 62.1 60.7 59.4 57.2 54.9 47.8 43.7 38.3 37.4 42.3 43.5 44 35.2
95.4 97.2 98.7 100 100.9 102.1 104.6 108.1 110.1 111.9 113.9 115.4 117.2 119.7 122.8 127.2 131 134.5 138.1 138.2 138.1 141.7 141 138.6 135.3 132.4 130.6 134.9 140.6 146.6 151.9 157.4 163.6 168.2 173.2 179.2 182.5 182.6 182 179.9 179.4 179.1 178.7 176.4 170.3 167.4 164 159 153.7 147 139.8 134.6 129.1 124.5 120.3 120.4 117.3 112.8 105.8 98.6 92.7 88.9 85.8 82.6 79.5 76.3 73.8 71.8 69.9 68 66.5 65.1 63.6 62.2 60.6 58.1 56 53.4 49.8 49.7 46.7 50 51.8 52.4 44
91.7 93.4 95 96.3 97.2 98.6 100.5 103.2 105.4 107 108.6 109.5 111.2 112.7 114.4 116.5 120.1 123.4 127.4 130.3 131.7 131.3 129.3 125.5 123 124 123.5 126.7 129.5 134.4 141 147 152.9 157.6 162.7 168.1 171.3 172.4 173.8 177.2 179.6 180.2 178.6 178.8 178.5 174.7 170.1 164.1 159.3 153.2 142.6 136.7 130 124.7 121.5 121.3 119.5 117.3 112.2 104.7 97.9 92.3 88.3 85.1 82 78.8 76.5 74.2 71.9 70.1 68.4 66.8 65.3 63.8 62.1 60.2 58.6 56.7 55.2 54.6 53.4 53.8 54.8 55.5 46.8
87.8 89.7 91.3 92.5 94.1 95.5 96.9 98.7 100.7 102.4 103.7 104.4 105.8 107.1 108.5 109.6 111.4 114 116.2 118.8 120.5 121 117.4 115.5 115.8 116.3 118.3 120.9 122.5 124.3 129.8 136.7 142.1 146.3 149 153 157.6 158.4 160.7 164.8 166.6 165.3 164.7 165.2 167.1 169.9 169.2 163.2 158.6 152.4 142.7 135 126.3 120.6 116.3 113.9 112.3 111.8 112.7 109.1 101.5 96 91.3 87.2 84.5 81.5 79.1 76.8 74.1 72.2 70.5 68.8 67.3 65.6 63.9 62.2 60.5 59.1 58.1 57.3 56.8 56.6 57.1 56.8 46.6
83.8 85.6 87.4 88.5 90.1 92 93.3 94.6 96 97.8 98.9 99.6 100.9 101.8 103.2 104.7 105.2 107.2 108.6 108.4 109.4 109 108.1 109.1 109.8 110.1 111.7 112.5 114.9 116.9 120.4 125.5 130.4 134.9 137.4 139.4 141.7 144.8 145.1 147.5 149.9 148.7 148.7 148.1 150.1 150.6 151.3 152.9 153.1 147.7 139.6 131.5 122 114 110.2 106.2 104.2 105.6 106.7 103 100.4 96.1 92.7 89.2 86.2 83.7 81 78.9 76.4 74.5 72.6 70.9 68.9 67.3 65.6 64 62.3 61.1 60.2 59.9 59.2 59.1 59.3 58.4 47.4
79.8 81.4 83.3 85.1 86.6 87.7 89.6 91.1 92 93.1 94.2 94.9 96 96.8 97.8 99.2 100.6 101.5 102.4 102.6 103 103.1 103.4 104.1 104.8 105.4 106.6 107.4 108.4 109.8 112.1 116.2 119.7 124 128.7 129.7 132 134.2 134.4 134 134 134.2 134.6 135.4 136.4 138 138.2 138 136.4 132.3 128.6 121.5 112.3 106.1 103 100 98.6 97.9 97.3 96.3 95.3 94.3 91 88 86.5 84.8 82.5 80.7 78.7 76.7 74.9 73.2 70.6 68.9 67.3 65.6 64.2 63.1 62.1 61.6 61 61.2 60.8 59.7 51.1
76.1 78.3 80.5 82.1 83.3 84.4 85.5 87 88.2 88 90 91.4 92 92.4 93.1 95.1 96.1 96.4 97.1 97.6 98.1 98.6 99 99.6 100.1 100.5 100.3 101.8 104.2 104.7 106.1 108.5 112.4 113.8 116.3 118.3 120.3 122 124.5 125.1 122.9 121.8 122 123.6 125.5 126.5 126.4 125.9 124.5 121.3 117.8 109.5 102.9 100 97.4 94.5 92.2 91.3 90.7 90 89 87.9 86.5 85 83.7 81.8 81.3 82.3 82 80 77.7 75.3 72.7 70.6 68.9 67.2 66.1 64.7 63.4 62.5 61.9 62.4 61.7 60.1 50.1
73.3 75.6 77.8 79.1 80.4 81.6 82.1 83.5 84.6 85.2 86.4 87.8 88.3 88.9 89.5 90.2 89.1 92.2 91.9 92.5 93.1 93.6 95 95 95.8 96.4 96.4 96.6 97.1 99.4 100.5 102 103.2 105.5 107.9 109.8 111 112.9 114.5 113.7 113.9 112.9 112.3 112.4 112.7 115.1 117.5 118.6 116.6 112.3 106.9 101 97.5 94.9 91.9 89.1 86.9 86.1 85.1 83.4 82.5 81.6 80 80 79.8 78.6 78.9 82.2 89.6 87.2 84.4 79.3 74.8 72.2 70.5 69 67.3 65.5 64.2 63.3 63.2 63.6 62.8 58 40.2
70.5 72.8 74.9 76.4 77.3 77.8 79.2 80.5 81.4 82.5 83.6 84.4 85.2 85.5 85.6 85.8 86.4 85.7 87.8 88.9 88.6 89.8 91.2 92 92.5 92.3 92.1 92.2 92.5 93.9 94.5 96.8 96.6 99.1 101 102.2 103.9 105.6 107 106.4 105.9 104.9 104.6 104.4 104 104.1 105.9 106.8 107.2 105 100.7 96.6 93.5 90.4 87.4 84.5 81.9 80.7 79.7 77.9 75.8 74.3 72.6 72 72.6 74.3 75.4 83.9 92.7 93.1 89.2 82.7 77 73.9 72.1 70.7 68.4 65.2 62.9 62.4 62.5 63.6 63.7 54.1 31.1
67.7 70.1 72 73.4 74.3 75.1 76.3 77.4 78.5 79.4 80.2 81 82 82.4 83.2 83 83.1 83.6 81.9 84.6 85.2 86.5 87.6 88.3 89.1 88.5 87.9 88.5 88.8 89.8 90.7 91.7 92 93.7 95.4 96.7 98.3 99.2 100.1 99.1 99.6 98.2 97.9 97.4 96.9 97.6 99 99.1 98.8 98 95.8 92.9 89.7 86.4 83.1 79.8 77.1 75.7 74.7 73.3 70.9 68.6 67.4 66.9 67.5 69 70.6 79.8 85.6 88.4 86.8 78.6 72.7 72.8 73.1 75.3 71.7 63.9 54.2 51 52.7 54.4 56.3 46.6 -2.9
64.9 67.3 68.7 70 70.8 72.2 73.3 74.4 75.5 76.1 76.9 77.6 77.7 78.9 80.2 80.1 80.2 80.8 79.2 80.3 81.8 82.8 83.9 84.9 85.4 84.8 84.2 84.6 85.3 85.4 86.5 86.1 84.2 87.5 90.1 91.1 92.6 94.5 94.7 94.1 93.1 92 92 91.6 91.5 92.2 93.1 93.4 93.9 93.6 91 88 86.3 83.5 79.6 76 72.4 69.2 65.6 67.3 66 63.4 61.1 61.1 63 64.8 65.7 65.9 66.7 66.2 62 57.5 50.9 52.7 57.4 66.9 70.1 54.5 36.3 27.1 26.2 27.7 31.9 28.5 -2.9
62.6 64.6 65.9 67 67.9 69.3 70.4 71.4 72.5 73.1 73.7 74.2 73.8 75 76.6 76.6 76.9 77.3 77.5 78.5 78.4 79 80.1 81.3 81.5 80.3 79.1 80.8 81.6 81.4 81.6 81.7 81.1 83 84.2 85.4 87.3 88.6 89.8 90.1 88.4 87.1 86.5 85.6 86.1 86.9 87.9 88.5 88.9 88.6 86.5 84.6 83.8 81.2 77 73.7 68.9 63.4 56.9 53.9 53.8 53.3 51.3 50 50.4 55.2 59 58.3 55.4 51 41.5 36.6 32.7 29 35.6 39.7 46.6 41.2 -2.9 -2.9 3.1 -0.5 0.4 -2.9 -2.9
59.8 61.7 63.2 64.3 65.5 66.6 67.6 68.6 70 70.3 70.7 70.6 70.1 70.8 72.2 72.6 72.7 73.5 74.7 75.2 75.7 76.1 77.3 78 77.6 77 76.6 77.3 78 77.9 77.7 77.5 78.9 80.5 81.6 82.7 84.1 85.3 86.4 86.2 84.5 82.9 79.7 79.6 79.8 80.8 81.8 83.1 84.8 84.5 83.3 81.9 80.6 79 75.3 71.5 66.4 61 55.1 50.1 45.5 42.4 40 38.3 37.5 39.1 42.7 45.1 42.5 32.8 26.3 23 19.3 16.5 15.3 18.1 21.6 22.5 -2.9 -2.9 3.9 3.8 4.4 -2.9 3.6
56.8 59.6 61.2 61.3 62.9 63.9 64.8 65.9 67.4 67.9 68 67.2 66.7 66.2 66.5 66.2 68.1 69.4 71.3 71.8 72 72.7 74 74.3 73.7 73.5 73.2 73.7 74.5 74.8 74.8 71.6 73.3 76 78 79.5 81 82.2 83.1 82.5 81.9 80.1 76.7 73.7 72.9 75.2 78.1 80.7 81.7 81.3 80.8 80.1 78.5 76.4 74 70.3 66.3 62.2 56.6 51.3 46.4 41.3 36.1 31.9 30.1 29.5 31.3 31.8 26.7 18 13.4 11.7 5.6 -2.9 -2.9 -2.9 -2.9 -2.9 -2.9 4 4.3 4.8 4.5 -2.9 -2.9
54.5 57.7 59 57.7 59.3 60.5 61.5 63.2 64.8 65.5 65.2 64.6 62.1 58.5 58.6 60.9 62.3 65.3 67.7 68.5 68.5 69.3 70.8 70.7 70 69.4 69.3 68.5 69.2 70 70.5 64.9 67.5 71.6 74.6 76.2 77.8 79.2 79.6 79.4 78.7 76.6 72.6 69.3 68.3 70.6 74.3 76.8 78.6 79.9 79.4 78.1 76.7 74.4 72.4 70 67.1 63 58.7 53.5 48 42.8 38.4 34.8 26.4 21.2 20.3 21.4 16.8 9.6 6.3 -2.9 -2.9 -2.9 -2.9 1.4 -2.9 -2.9 -2.9 4.4 4.7 5.5 10.3 15.8 17.7
46.9 51.8 52.9 48.6 54.5 58.3 57.3 59.6 62.1 61.9 61.9 61.7 56.4 43.7 38.5 44.1 54.3 60.9 63.3 64.7 65.1 65.4 67.6 67.4 66 65.4 65.4 63 63.7 64.2 63.4 54.5 62.2 67.1 70.3 72.9 74.5 75.9 76.4 75.3 75.2 72.9 67.6 59.1 60.4 66.1 71.1 72.4 74.7 77.1 77 76.5 75.2 72.9 70.7 68.8 66.8 64.4 60.5 56.6 51 46.5 50 49.8 41.1 31.2 19.2 12.1 12.5 5.4 4.5 -2.9 -2.9 -2.9 -2.9 -2.9 5.9 5.2 4.5 4.6 5.9 10.6 19.6 27 28.3
32.8 39.4 41.1 39.7 43.1 48.9 49.2 50.3 50 52.8 56.4 53.4 40.3 23.3 20.6 27.2 39.1 53 57.4 58.9 60.4 62 64.6 64.6 61.8 60.8 60 54.8 51 53.6 49.4 35.7 49.1 62.2 65.6 68.5 71 72 71.5 70.5 68.9 67.6 57.9 47.6 51.6 62.6 67 68.3 71.2 74.3 74.6 73.8 72.2 70.6 69.1 67.1 65.3 63.5 61.3 59.8 55.4 51.3 52.8 56 55.7 51.8 35.7 24.3 10.9 5.3 7.3 8.6 7.3 4.9 4 -2.9 -2.9 3.4 4 5.2 10.5 21.6 30.6 34.9 36.4
