public/OST50/SS58.asc
ncols 200
nrows 200
xllcorner 250000
yllcorner 180000
cellsize 50
[rows 37 to 73 of 200, columns 85 to 169 of 200]
43.2 44.5 44.7 51.6 54.2 54.5 53.2 52.2 53.8 58.3 61.8 63.2 64.3 63.7 63.4 62.9 63.7 64.6 66.3 67.9 68.1 68.4 68.6 68.3 68.6 68.2 67.8 67.5 67.5 67.4 67.3 67 66.7 66.7 67 67.8 67.2 66.4 65.6 65.2 65.3 64.6 63.2 63.5 63.2 57 43.7 41.4 22.9 23.8 38.7 45.5 50.9 55.2 56.3 56.3 55.7 47 19.9 11.4 11.5 20.8 38.4 43.7 45.7 48.7 50.6 50.2 50.8 55.4 60.4 61.8 60.5 60.4 60.4 62 63.4 64.2 65.3 66.2 67.6 68.8 69.8 70.7 71.6
46.6 47.1 47.5 49.7 53.5 55.8 57.4 59.4 60.4 62.1 63.2 64.3 64 63.1 62.1 62.5 63.3 64.8 67 68.2 68.5 68.9 68.4 68.4 68.4 68.1 67.7 67.3 66.5 66.4 66.3 66.1 65.7 65.3 64.9 66 65.8 63.3 61.6 61.5 61.4 59.4 56.5 58.3 60.6 60.3 54.4 44 40.5 20.5 17.5 33.8 46.4 50.7 52.7 50.4 48.2 27.1 10.4 15.7 34.6 41.1 46.6 47.8 52.1 54.3 58 59.2 59.3 62.3 63.5 64.1 62.6 62.5 62.6 63.5 64.7 64.9 65.5 66.7 68.3 70.1 70.8 70.5 70.4
49.7 50.4 49.6 51.5 54.4 57.8 59.6 60.6 60.5 61.8 62.8 61.8 61 60 59.3 59.9 62.2 64.4 66.2 67.1 67.9 68.1 68.5 68.8 68.3 67.9 67.5 66.7 65.8 65.3 65.2 64.9 64.4 63.7 62.4 62.7 60.4 57.1 54.4 52.1 49.5 47.1 46.1 48.8 52.7 57.7 57.9 50.9 46.2 41.8 19.8 13.6 37.6 45.5 47.8 33.8 21.7 11.1 12.2 32.8 41.4 46.9 50.9 53.6 56.8 58.4 59 61.4 62.4 63.3 64.3 64.6 64 64 63.5 63 63.4 62.7 61.8 64.1 67.7 68.8 69.1 68.9 68.9
51.5 52.9 51.3 52.8 55.8 58 59.1 60.3 63.3 60.8 60.7 58.5 56.5 56.9 56.5 59 60.6 62.3 64.5 66.1 67.3 67.3 68.5 68.6 68.2 67.6 67.1 66.2 65.3 64.4 64 63.4 63 61.7 60.1 58.9 56.7 58.1 59.1 58.7 57.7 53.4 47.7 41.7 40 46.2 46.3 43.6 39.9 35.9 31.1 9.9 19.3 35.3 28.9 13.2 9.4 10.9 26 38.9 43.9 49.5 54.9 57.1 59.6 60.4 60 61 61.8 62.6 63.8 64.7 64.6 64.1 63.4 61.9 60.5 59.1 55.1 55.9 61.4 64.7 66.6 67.3 67.5
47.5 49.3 48.8 49.2 52.2 54.1 55.7 58.3 58.5 58.9 59.2 57.4 55.5 55 56.3 58.8 60.5 61.6 63.3 65.6 66.6 67.4 68.2 68.3 67.8 67.2 66.9 66 65.1 64.1 62.7 62.1 61.4 59.9 59.4 59.1 59.5 61.3 61.4 60.3 59.4 57 52.7 43.1 33.6 31.1 27.8 23.4 18.4 14.3 12.7 7.3 8.8 13.8 9.2 9.7 14.8 28.9 39.8 43.8 48.3 53.4 58.9 60.5 61.8 61.4 61.1 60.9 61.5 62.3 62.9 63.9 63.9 64.1 63.1 61.5 59.6 56.7 51.5 48.8 51.7 60 63.1 63.9 64.3
37.4 39 42.7 45.7 48.6 50.9 52.9 54.3 55.1 55.6 56 55.8 53.9 55.4 56.9 59 60.2 61.6 62.9 64.9 66.3 67.1 67.6 67.9 67.6 67.3 67 66 65 64.1 63.2 62.5 61.6 61.2 61.3 61.5 61.4 61.7 61.5 60.1 56.9 50.6 44 41.1 39.1 37.8 36.4 33.4 26.3 12.8 8.4 8.3 8.3 9.1 15.1 26.2 37.3 45.7 50.9 52.8 54.6 59.4 61.6 62 62.2 62 61.6 61.3 61.8 62.4 62.8 63.3 63.9 64.4 63.7 62.3 61.1 57.5 50.8 44.9 47 50.9 59.4 60.1 62.6
30.5 31.7 35 36.5 39.8 45 48 49.6 49.4 50.8 51.9 52.3 53.4 55.2 57.2 58.9 60.3 61.6 63 64.7 66 66.8 67.4 67.9 67.9 67.5 67 66.4 65.9 64.9 64.5 63.9 63.6 63.2 63 62.9 62.3 61.9 61.2 59.8 54 52 56.7 57.5 55.6 53 53.5 53.5 40.2 18.6 8 8.1 18.4 31.6 33.7 39.4 48.8 54.7 57.6 58.4 60.1 61.4 62 62.4 62.6 62.4 61.9 61.6 61.9 62.5 62.9 63.7 64.5 64.8 64.7 63.9 63.1 59.5 50.4 43.5 41.3 46 49.9 58.2 61.8
45.7 46.2 43.1 43.6 44.4 44.7 48 48.6 47.9 49.3 52.4 54.9 54.7 54.8 56.5 58.1 60 61.6 62.6 64.2 65.6 66.4 67.2 67.6 68.1 68 67.6 67.3 66.9 65 65.8 64.8 64.2 63.7 63.2 62.8 62.2 61.2 60.2 58.1 54.5 58.6 61.3 62.4 61.3 58.6 56.1 52.7 39.3 17.1 7.2 14.4 31.2 32.4 33.7 40.2 52.5 58.5 59.2 58.9 60 61.3 61.5 61.2 61.7 61.4 61.4 61.4 61.3 61.8 62.7 63.4 64.1 64.8 64.6 64.5 63.1 61 54.3 42 39.1 38.1 45.2 55.8 60.1
54.9 50.8 49 48.1 47.4 48.8 52.2 53 52.6 53.1 55.2 56.6 57.2 56.9 56.4 57.2 58.9 60.5 61.8 63.3 65 66 66.8 67.4 67.9 68.4 68.2 68 67.6 66.6 66.9 66 64.6 63.3 62.4 61.8 60.9 59.8 58.5 56.5 57.7 60.9 63.7 65.1 64.3 61.5 58.7 55.1 39.1 16.3 7.3 6.8 8.4 9.3 10.1 20.9 32.8 42.4 48 55.5 57.4 58 59.1 58.9 57.3 58.7 59.9 59.5 59.6 60.6 61.5 62.2 63.1 63.9 64.1 64 62.9 61.3 57.7 45.9 38.9 35.9 36.9 49.2 54.5
57.4 57.2 54.4 53.6 53.6 53.8 56.3 56.9 56.3 56.4 57.3 58.1 59 59.1 58.4 59 59.1 59.4 60.7 62.5 64.2 65.6 66.4 67.2 67.7 68.2 68.5 68.4 68 67.5 67.3 67 65.4 63.4 62.2 61.1 60 59.1 59.6 59.3 60.9 63.7 65.6 66.2 65.8 64.1 61.2 55.7 42.7 31.8 20.6 10.3 8.1 7.6 6.2 6 8.2 18.8 25.4 35.1 51.4 44.3 38.3 39.7 38.7 44.1 50.5 54 57.8 59.3 60.3 61.1 61.6 62.2 62.6 62.2 61.3 59.2 56.1 49.7 39.7 35.1 31.6 31.9 44.5
58.2 57.8 57.8 57.5 58.3 58.2 58.7 59.5 59.6 58.5 59.2 59.9 60.8 60.8 60.7 60.8 60.4 60.8 61.2 62.2 63.4 65.1 66 66.9 68 68.6 68.7 68.7 68.6 68.1 67.4 67 65.8 63.6 62.6 62.5 62 63.7 63.1 62.2 63.3 65.6 67.3 67.9 67.5 65.6 63.5 60.5 60.1 58.7 53.7 40.1 26.9 21 19.4 14.6 7.9 6.1 8.4 14 21.1 19.3 16.8 16.5 27.9 45.9 54.4 58 58.8 58.9 59.7 60 60.3 60.7 61.1 60.4 59.7 58.2 56.4 52.2 51.1 47.1 34.1 26.9 32.6
45.4 59.6 60.8 62.1 61.9 60.8 60.2 60.8 60.3 60.4 61.1 61.7 62.5 62.4 62.4 62.1 61.7 62.2 62.5 63 64 64.9 66 67.3 68.1 68.5 68.8 68.9 68.9 68.7 67.3 66.6 66 65 64.6 65 64.9 65.2 64.9 64.4 64.9 67.1 68.1 68.3 67.6 66.9 65.7 64.1 64.4 65.2 64.7 61.9 55.6 43 48.7 45.5 27.9 12.1 5.8 5.8 7.2 7.5 8.4 26.4 50.2 57.4 59 60.2 59.7 59.8 59.8 59.9 60.1 60.5 60.5 59.7 58.8 58.7 58.5 57.7 56 51.7 45.6 28.7 22.5
4.1 48.1 61.4 64 65 63.4 62.3 62 61.9 62.2 62.7 63.6 64.1 63.9 63.8 63.4 63.2 63.6 63.8 64.2 64.8 65.3 66.3 67.3 67.5 67.9 68.3 68.7 69.1 68.2 67.4 66.5 66.1 65.8 66 66.3 67 67.2 66.9 66.5 66.4 68.2 69.5 69.5 68.7 68.2 67.4 66 67 67.7 67.8 67 63.5 58.2 62.2 64.4 60.7 35.9 15 6.8 4.6 6.1 8.1 34.7 52.7 59.4 61.1 61.6 61.1 60.9 60.7 60.3 60.3 60.4 60.5 60.4 59.6 60 60.5 60 59.1 56.7 51.4 37.4 22.9
8.9 41.9 62.9 64.9 65.3 65.2 64.6 64.6 63.9 63 63.3 63.8 64.5 64.1 65.2 64.6 64.6 64.8 65.2 65.1 64.9 65.5 66.4 67.3 67.9 68.4 68.8 69 69.2 68.8 67.8 66.6 66.7 66.8 67.4 68.3 69 68.9 68.5 67.8 67.9 69.1 70.6 70.5 69.8 69.6 69.1 68.1 69 69.7 70.4 69.7 66.1 63.2 65 67 64.6 57.7 29.8 14.5 6.2 5.3 8.1 34.1 52.9 59.6 61.7 63 62.8 62.4 62.1 61.1 60 60.1 60.6 60.5 60.8 61.6 62.2 61.8 61.2 60.3 57.3 47.9 28.7
-2.9 28.7 54.3 66.3 67.8 66.8 66.5 67.1 66.2 64.2 63 62.7 63 63.5 65 65.3 65.3 65.5 65.7 64.8 64.5 65.3 66.1 67.3 68.3 68.6 68.8 69 69.3 68.8 67.6 67.2 67.4 68.2 69.5 70.2 70.8 70.4 69.6 68.8 68.8 69.3 70.6 71.1 71.1 70.8 70.2 70 70.9 71.8 72.6 71.9 68.9 66.9 68.6 68.3 65.9 58.2 36.3 25.4 8.5 5.2 8.8 31 52.1 61.3 64.3 64.7 64.3 64 63.2 61.4 60.1 59.8 59.7 60.7 61.7 62.6 63.1 63.2 62.4 61.5 59.9 51.2 29.9
-2.9 -2.9 43.3 66.4 68.8 66.7 67.3 68 66.1 64 61.8 59.5 55 56.1 62.7 67.7 66.8 65.7 65.7 64.3 63.9 63.6 63.9 65.4 67.1 68.2 68.9 69.1 69.2 68.5 68.5 68.3 68.9 70.1 70.8 71.3 71.5 71.4 70.6 69.8 69.8 69.6 70.8 71.6 72.3 72 70.9 70.9 71.7 72.8 72.8 72.4 71.2 70 69.8 68.8 66 61.2 48 36.7 15.7 4.9 7.1 27.2 47.7 60.7 64.4 64.5 64 63.8 63.2 61.3 59.8 59.6 59.4 59.9 60.6 57.8 61.7 64.2 63.7 62.6 62 54.2 25.8
-2.9 -2.9 29.1 41.6 52.8 44.6 38.3 42.2 53 50 44.3 40.2 32 33.6 53.8 66.2 66.4 64.9 63.5 62.3 63.2 62.8 57.4 63.7 67.9 68 68.3 69 69.3 69.3 69.2 69.4 70.6 71.4 71.9 72.4 72.3 72.2 71.4 70.9 70.6 70.5 71.2 71.9 72.7 72.6 71.8 71.8 72.3 73.3 74 73.8 72.6 71.7 70.9 70 66.8 64.1 61.6 54.3 31.2 5.4 5.4 17 37.2 49.9 62.6 63.7 63.8 63.4 63.2 61.3 58.1 58.6 59.8 52.6 38.7 34.5 44.3 60.6 65.3 65.6 63.2 44.1 19.6
-2.9 -2.9 -2.9 7.4 -2.9 12 8 5.4 12.5 23.8 13.4 15.2 10.9 8.5 32.1 60.3 63.9 63.9 58.1 51 57.8 45.2 57.8 66.3 66.6 67.4 67.7 67.9 68.7 69.1 69.4 70.5 71.8 72.6 72.9 73.2 73.2 72.6 71.9 71.5 71.3 71.4 71.5 72.2 72.7 72.7 71.9 72.2 73 73.9 74.6 75 74.3 73.3 72.4 71.2 69.3 67.3 64.1 61.8 47.4 18.5 4.4 6.5 18.1 32.4 45 54.8 63 63.6 63.3 59.7 49 49.9 58.7 43.6 24.4 18.3 21.1 34.4 49.8 65.3 43.4 25.1 -2.9
-2.9 -2.9 -2.9 -2.9 -2.9 -2.9 -2.9 -2.9 -2.9 -2.9 -2.9 -2.9 -0.8 3.1 3.1 30.8 36.9 62.2 42.3 30.6 32.1 29.8 48 57.9 65.3 64.1 65.5 67.3 67.7 68.2 69.5 71.1 72.7 73.3 73.5 73.7 73.6 73 72.5 72 71.4 71 71.2 72.5 72.2 71.9 71.4 71.7 73.4 74.4 75.2 75.8 75.6 75 74.2 73.3 71.8 69.4 64.1 59.4 53.8 26 4.8 3.7 4.4 10.1 23.5 31.5 37.9 47.9 63.2 59.4 39.4 29.4 27.9 20.8 6.4 1.7 1.6 5.8 29.5 41.2 12.6 2.8 -2.9
-2.9 -2.9 -2.9 -2.9 -2.9 -2.9 -2.9 -2.9 -2.9 -2.9 -2.9 -2.9 -2.9 -2.9 0.9 3.3 4.4 39.7 19.4 17.1 15.5 17.2 29.6 37.2 53.2 65.6 66 67.5 68 68.1 69.5 71.7 73.4 74 73.9 73.6 73.3 72.9 72.4 71.6 70.5 69.2 69.1 70.4 70.2 69.8 69.7 70.9 73.2 74.9 75.7 76.6 76.8 76.8 76.4 75.5 74 70.9 61.8 57.3 47.6 20.7 5.4 4.6 5.2 4.5 3.7 7.1 19.3 27.1 41.1 40.1 24.9 9.3 5.3 1.4 0.3 -2.9 -2.9 -2.9 -2.9 -2.9 -2.9 -2.9 -2.9
-2.9 -2.9 -2.9 -2.9 -2.9 -2.9 -2.9 -2.9 -2.9 -2.9 -2.9 -2.9 -2.9 -2.9 -2.9 -2.9 1.2 3.6 2.8 2.2 2.1 3.1 17.7 40.3 66.9 67.1 67.3 68 67.9 68.6 70 72 73.8 74.4 74.2 73.4 73.1 72.7 72.4 70.7 69.2 66.1 64.7 68.7 63.6 59.1 61.3 67.7 72 75.2 76.3 77.2 77.7 78.1 78.1 77.9 76.4 73.5 63.5 54.5 43.9 16 6.1 6.5 6.3 5.3 3.2 2.8 3.1 14 22.7 25 6.9 2.2 0.9 -2.9 -2.9 -2.9 -2.9 -2.9 -2.9 -2.9 -2.9 -2.9 -2.9
-2.9 -2.9 -2.9 -2.9 -2.9 -2.9 -2.9 -2.9 -2.9 -2.9 -2.9 -2.9 -2.9 -2.9 -2.9 -2.9 -2.9 -2.9 -2.9 -2.9 -0.3 1.1 6.2 33.4 63.9 67.8 68.1 68.1 68.4 69.1 70.8 72.2 73.9 74.9 74.3 73.5 73 72.9 73.4 72.5 71 67.1 53.7 49.5 46.7 52.8 67.1 71.1 73.6 75.3 76.5 77.7 79.2 79.5 80 80.1 78.8 78.1 72.4 59.6 47.9 23.1 6.9 6.4 3 2.2 1.5 1 1.9 2.7 5.1 12.6 2.4 -0.3 -2.9 -2.9 -2.9 -2.9 -2.9 -2.9 -2.9 -2.9 -2.9 -2.9 -2.9
-2.9 -2.9 -2.9 -2.9 -2.9 -2.9 -2.9 -2.9 -2.9 -2.9 -2.9 -2.9 -2.9 -2.9 -2.9 -2.9 -2.9 -2.9 -2.9 -2.9 -2.9 -2.9 2.6 33.2 63.3 69.1 69.5 68.6 69 70.3 72.1 72.9 74.6 75.6 75.2 74.4 72.8 73.3 72.7 65.3 62.2 53 43.2 39.3 47.4 61.2 70.5 73.1 75.2 76.8 78.1 79 80.1 81 82 82 81.4 81 78.1 73.5 59.1 38.7 12.6 3 1.5 0.6 -0.2 -0.8 -0.1 -0.6 -2.9 -2.9 -2.9 -2.9 -2.9 -2.9 -2.9 -2.9 -2.9 -2.9 -2.9 -2.9 -2.9 -2.9 -2.9
-2.9 -2.9 -2.9 -2.9 -2.9 -2.9 -2.9 -2.9 -2.9 -2.9 -2.9 -2.9 -2.9 -2.9 -2.9 -2.9 -2.9 -2.9 -2.9 -2.9 -2.9 -2.9 -0.2 17.6 47.1 67.3 68.6 65.5 70 71.6 72.7 73.4 74.4 75.8 74.9 73.9 71.8 70.4 57.5 43.1 37 33.6 30.9 35.3 55.6 68.9 73 74.7 76.8 78.6 79.9 80.6 81.7 83.4 84 84.1 84 84.3 81.5 77.5 68.5 38.7 13.8 2 0.2 -1 -2.9 -2.9 -2.9 -2.9 -2.9 -2.9 -2.9 -2.9 -2.9 -2.9 -2.9 -2.9 -2.9 -2.9 -2.9 -2.9 -2.9 -2.9 -2.9
-2.9 -2.9 -2.9 -2.9 -2.9 -2.9 -2.9 -2.9 -2.9 -2.9 -2.9 -2.9 -2.9 -2.9 -2.9 -2.9 -2.9 -2.9 -2.9 -2.9 -2.9 -2.9 -2.9 8.5 38.6 60.8 70.1 52.6 61.2 70.8 69.7 69.9 72.3 69.3 60.7 70.7 69.3 54 37.7 25.9 21.9 20.9 22.5 28.6 47 65.5 73.4 76.4 78.4 79.4 80.7 82.2 83.7 85.4 86.3 86.6 86.8 85.8 88 81.9 71.2 29.1 3.6 1.2 -1 -2.9 -2.9 -2.9 -2.9 -2.9 -2.9 -2.9 -2.9 -2.9 -2.9 -2.9 -2.9 -2.9 -2.9 -2.9 -2.9 -2.9 -2.9 -2.9 -2.9
-2.9 -2.9 -2.9 -2.9 -2.9 -2.9 -2.9 -2.9 -2.9 -2.9 -2.9 -2.9 -2.9 -2.9 -2.9 -2.9 -2.9 -2.9 -2.9 -2.9 -2.9 -2.9 -2.9 -2.9 13.3 22.5 35.9 29.5 33.1 52.3 43.8 38.4 45.3 39.8 12.4 50.4 51.7 35.3 21.2 6.7 6 9.5 17 20.3 32.8 54.9 72.9 76.9 79.5 80.2 80.9 82.7 85.4 87.2 88.5 89.2 89 88.4 88.3 80.8 57.4 23 5.8 0.7 -2.9 -2.9 -2.9 -2.9 -2.9 -2.9 -2.9 -2.9 -2.9 -2.9 -2.9 -2.9 -2.9 -2.9 -2.9 -2.9 -2.9 -2.9 -2.9 -2.9 -2.9
-2.9 -2.9 -2.9 -2.9 -2.9 -2.9 -2.9 -2.9 -2.9 -2.9 -2.9 -2.9 -2.9 -2.9 -2.9 -2.9 -2.9 -2.9 -2.9 -2.9 -2.9 -2.9 -2.9 -2.9 -2.9 -2.9 2.8 2.4 3.1 13.8 10.5 2.2 11.7 -2.9 -2.9 12.9 26.6 15.2 2.9 2.1 1.7 2.2 4.6 17.4 25.6 46.2 71.8 73.7 74.1 78.1 79.7 83.7 87.7 88.3 89.6 90.9 90.8 90.4 87.5 71.4 53.4 34 5.8 0.4 -2.9 -2.9 -2.9 -2.9 -2.9 -2.9 -2.9 -2.9 -2.9 -2.9 -2.9 -2.9 -2.9 -2.9 -2.9 -2.9 -2.9 -2.9 -2.9 -2.9 -2.9
-2.9 -2.9 -2.9 -2.9 -2.9 -2.9 -2.9 -2.9 -2.9 -2.9 -2.9 -2.9 -2.9 -2.9 -2.9 -2.9 -2.9 -2.9 -2.9 -2.9 -2.9 -2.9 -2.9 -2.9 -2.9 -2.9 -2.6 -2.9 -2.9 -1.8 -0.1 -2.9 -1.4 -2.9 -2.9 -2.9 1.9 1.2 0.6 0.1 -0.3 0.5 1.8 3 6.8 34.4 51.1 53.6 58.8 75.8 78.9 84.7 89.3 89.8 90.9 92.1 91.3 90.9 90.9 73.6 57.1 39.3 8.6 0.3 -2.9 -2.9 -2.9 -2.9 -2.9 -2.9 -2.9 -2.9 -2.9 -2.9 -2.9 -2.9 -2.9 -2.9 -2.9 -2.9 -2.9 -2.9 -2.9 -2.9 -2.9
-2.9 -2.9 -2.9 -2.9 -2.9 -2.9 -2.9 -2.9 -2.9 -2.9 -2.9 -2.9 -2.9 -2.9 -2.9 -2.9 -2.9 -2.9 -2.9 -2.9 -2.9 -2.9 -2.9 -2.9 -2.9 -2.9 -2.9 -2.9 -2.9 -2.9 -2.9 -2.9 -2.9 -2.9 -2.9 -2.9 -2.9 -2.9 -2.9 -2.9 -2.9 -1.1 0.2 1.7 3.8 22.5 30 38 56.2 70.8 78.1 87.5 89.8 91.3 94.5 93.7 90.7 89 88.3 72.3 56.6 39.6 18.3 2.5 0.7 -2.9 -2.9 -2.9 -2.9 -2.9 -2.9 -2.9 -2.9 -2.9 -2.9 -2.9 -2.9 -2.9 -2.9 -2.9 -2.9 -2.9 -2.9 -2.9 -2.9
-2.9 -2.9 -2.9 -2.9 -2.9 -2.9 -2.9 -2.9 -2.9 -2.9 -2.9 -2.9 -2.9 -2.9 -2.9 -2.9 -2.9 -2.9 -2.9 -2.9 -2.9 -2.9 -2.9 -2.9 -2.9 -2.9 -2.9 -2.9 -2.9 -2.9 -2.9 -2.9 -2.9 -2.9 -2.9 -2.9 -2.9 -2.9 -2.9 -2.9 -2.9 -2.9 -1 0.4 2 6.7 18.8 31.4 54 70.4 79.4 89.3 91.3 92.8 95.3 94.9 89.6 85.8 81.2 70.4 55.8 38.1 20.1 2.9 -2.9 -2.9 -2.9 -2.9 -2.9 -2.9 -2.9 -2.9 -2.9 -2.9 -2.9 -2.9 -2.9 -2.9 -2.9 -2.9 -2.9 -2.9 -2.9 -2.9 -2.9
-2.9 -2.9 -2.9 -2.9 -2.9 -2.9 -2.9 -2.9 -2.9 -2.9 -2.9 -2.9 -2.9 -2.9 -2.9 -2.9 -2.9 -2.9 -2.9 -2.9 -2.9 -2.9 -2.9 -2.9 -2.9 -2.9 -2.9 -2.9 -2.9 -2.9 -2.9 -2.9 -2.9 -2.9 -2.9 -2.9 -2.9 -2.9 -2.9 -2.9 -2.9 -2.9 -2.9 -1.1 0.5 1.9 3.2 25 53.4 87.3 87.7 88.3 93.1 93.9 94.8 94.9 90.5 83.9 64.9 55.5 50.1 35.4 13.3 -0.1 -2.9 -2.9 -2.9 -2.9 -2.9 -2.9 -2.9 -2.9 -2.9 -2.9 -2.9 -2.9 -2.9 -2.9 -2.9 -2.9 -2.9 -2.9 -2.9 -2.9 -2.9
-2.9 -2.9 -2.9 -2.9 -2.9 -2.9 -2.9 -2.9 -2.9 -2.9 -2.9 -2.9 -2.9 -2.9 -2.9 -2.9 -2.9 -2.9 -2.9 -2.9 -2.9 -2.9 -2.9 -2.9 -2.9 -2.9 -2.9 -2.9 -2.9 -2.9 -2.9 -2.9 -2.9 -2.9 -2.9 -2.9 -2.9 -2.9 -2.9 -2.9 -2.9 -2.9 -2.9 -2.9 -0.9 0.5 2.2 19.2 36.3 82.3 67 75.8 92.9 95.8 96 96.2 93 70.8 49.6 47 50 31.5 2.7 -0.2 -2.9 -2.9 -2.9 -2.9 -2.9 -2.9 -2.9 -2.9 -2.9 -2.9 -2.9 -2.9 -2.9 -2.9 -2.9 -2.9 -2.9 -2.9 -2.9 -2.9 -2.9
-2.9 -2.9 -2.9 -2.9 -2.9 -2.9 -2.9 -2.9 -2.9 -2.9 -2.9 -2.9 -2.9 -2.9 -2.9 -2.9 -2.9 -2.9 -2.9 -2.9 -2.9 -2.9 -2.9 -2.9 -2.9 -2.9 -2.9 -2.9 -2.9 -2.9 -2.9 -2.9 -2.9 -2.9 -2.9 -2.9 -2.9 -2.9 -2.9 -2.9 -2.9 -2.9 -2.9 -2.9 -2.9 -2.9 0.4 2.8 16.8 25.7 42.5 66 90.8 95.5 95.3 91 84.2 58.4 38 34.7 37.4 19.4 1.8 -0.5 -2.9 -2.9 -2.9 -2.9 -2.9 -2.9 -2.9 -2.9 -2.9 -2.9 -2.9 -2.9 -2.9 -2.9 -2.9 -2.9 -2.9 -2.9 -2.9 -2.9 -2.9
-2.9 -2.9 -2.9 -2.9 -2.9 -2.9 -2.9 -2.9 -2.9 -2.9 -2.9 -2.9 -2.9 -2.9 -2.9 -2.9 -2.9 -2.9 -2.9 -2.9 -2.9 -2.9 -2.9 -2.9 -2.9 -2.9 -2.9 -2.9 -2.9 -2.9 -2.9 -2.9 -2.9 -2.9 -2.9 -2.9 -2.9 -2.9 -2.9 -2.9 -2.9 -2.9 -2.9 -2.9 -2.9 -2.9 -2.9 0.2 2.5 3.1 18.3 53.6 89.3 91.3 94.5 88.8 76.8 48.8 26.8 30.7 20.8 3.7 0.7 -1.5 -2.9 -2.9 -2.9 -2.9 -2.9 -2.9 -2.9 -2.9 -2.9 -2.9 -2.9 -2.9 -2.9 -2.9 -2.9 -2.9 -2.9 -2.9 -2.9 -2.9 -2.9
-2.9 -2.9 -2.9 -2.9 -2.9 -2.9 -2.9 -2.9 -2.9 -2.9 -2.9 -2.9 -2.9 -2.9 -2.9 -2.9 -2.9 -2.9 -2.9 -2.9 -2.9 -2.9 -2.9 -2.9 -2.9 -2.9 -2.9 -2.9 -2.9 -2.9 -2.9 -2.9 -2.9 -2.9 -2.9 -2.9 -2.9 -2.9 -2.9 -2.9 -2.9 -2.9 -2.9 -2.9 -2.9 -2.9 -2.9 -2.9 -0.5 1 7.1 32.6 65.3 88.2 86.7 87 73.1 40.8 21.1 17.3 3.1 0.4 -2.9 -2.9 -2.9 -2.9 -2.9 -2.9 -2.9 -2.9 -2.9 -2.9 -2.9 -2.9 -2.9 -2.9 -2.9 -2.9 -2.9 -2.9 -2.9 -2.9 -2.9 -2.9 -2.9
-2.9 -2.9 -2.9 -2.9 -2.9 -2.9 -2.9 -2.9 -2.9 -2.9 -2.9 -2.9 -2.9 -2.9 -2.9 -2.9 -2.9 -2.9 -2.9 -2.9 -2.9 -2.9 -2.9 -2.9 -2.9 -2.9 -2.9 -2.9 -2.9 -2.9 -2.9 -2.9 -2.9 -2.9 -2.9 -2.9 -2.9 -2.9 -2.9 -2.9 -2.9 -2.9 -2.9 -2.9 -2.9 -2.9 -2.9 -2.9 -2.9 -2.9 1 13.8 32.7 52.9 52.8 52.4 43.4 24.1 11.8 3.8 0.9 -2.9 -2.9 -2.9 -2.9 -2.9 -2.9 -2.9 -2.9 -2.9 -2.9 -2.9 -2.9 -2.9 -2.9 -2.9 -2.9 -2.9 -2.9 -2.9 -2.9 -2.9 -2.9 -2.9 -2.9
-2.9 -2.9 -2.9 -2.9 -2.9 -2.9 -2.9 -2.9 -2.9 -2.9 -2.9 -2.9 -2.9 -2.9 -2.9 -2.9 -2.9 -2.9 -2.9 -2.9 -2.9 -2.9 -2.9 -2.9 -2.9 -2.9 -2.9 -2.9 -2.9 -2.9 -2.9 -2.9 -2.9 -2.9 -2.9 -2.9 -2.9 -2.9 -2.9 -2.9 -2.9 -2.9 -2.9 -2.9 -2.9 -2.9 -2.9 -2.9 -2.9 -2.9 -2.9 1 1.9 12.8 12.6 22 16.3 3.1 0.9 -2.9 -2.9 -2.9 -2.9 -2.9 -2.9 -2.9 -2.9 -2.9 -2.9 -2.9 -2.9 -2.9 -2.9 -2.9 -2.9 -2.9 -2.9 -2.9 -2.9 -2.9 -2.9 -2.9 -2.9 -2.9 -2.9
