public/OST50/SS68.asc
ncols 200
nrows 200
xllcorner 260000
yllcorner 180000
cellsize 50
[rows 0 to 54 of 200, columns 0 to 95 of 200]
99.3 98.3 94.3 91.7 90.4 89.4 88.5 89.1 89.5 86.5 85.8 84.1 82.3 79 76.3 73.8 69.1 66.4 62.4 59.5 57.3 54.1 52.2 42.5 35.1 31.5 29.1 27.1 27.4 24.1 19.4 14.6 12.2 8.5 3.7 2.9 2.8 2.8 2.8 2.8 2.8 2.8 2.9 2.6 2.3 2 1.8 1.7 1.6 1.2 0.9 0.6 0.3 -0.1 -0.4 -0.7 -1 -1.3 -1.7 -2 -2.3 -2.6 -3 -3 -3 -3 -3 -3 -3 -3 -3 -3 -3 -3 -3 -3 -3 -3 -3 -3 -3 -3 -3 -3 -3 -3 -3 -3 -3 -3 -3 -3 -3 -3 -3 -3
98.6 98.4 96.3 95.5 92.1 90 88.5 87 85.8 83.5 81.8 80.9 78.9 76.7 75.4 71.6 66.6 63.7 60.4 57.7 55.1 53.4 49.1 40.8 34.4 30.8 28.4 27.7 27.1 23.7 19.8 16.2 13.4 8 3.1 2.8 2.6 2.4 2.1 2.1 2.1 2.1 2.1 2.1 2.1 1.8 1.5 1.2 1 0.8 0.7 0.4 0.1 -0.3 -0.6 -0.9 -1.2 -1.5 -1.8 -2.1 -2.5 -3 -3 -3 -3 -3 -3 -3 -3 -3 -3 -3 -3 -3 -3 -3 -3 -3 -3 -3 -3 -3 -3 -3 -3 -3 -3 -3 -3 -3 -3 -3 -3 -3 -3 -3
98.1 97.9 96.6 94.7 93.3 91.5 91.3 89.3 84.6 82.1 77.8 75.3 73.5 71.3 71.2 71.2 67.2 63.8 60.2 57.4 55.2 52.4 48.5 39 35.4 32.2 29.7 28.1 27.3 24.4 21.3 16.3 12.2 6.5 3 2.7 2.5 2.3 2 1.8 1.6 1.4 1.4 1.4 1.4 1.4 1.3 1.1 0.8 0.5 0.2 0 -0.2 -0.4 -0.8 -1.1 -1.4 -1.7 -2 -2.3 -2.7 -3 -3 -3 -3 -3 -3 -3 -3 -3 -3 -3 -3 -3 -3 -3 -3 -3 -3 -3 -3 -3 -3 -3 -3 -3 -3 -3 -3 -3 -3 -3 -3 -3 -3 -3
97.4 97.5 95.8 93.8 92.8 91.2 90.7 89.6 86 82.2 79.1 76 70.5 69.3 66.8 68.4 69.1 67 63.4 60.7 57.7 55.8 49.6 41.1 37 34.6 32.2 29 27.1 23.5 18.8 14.9 9.6 3.6 2.9 2.7 2.4 2.2 1.9 1.7 1.5 1.2 1 0.8 0.8 0.8 0.7 0.7 0.6 0.3 0 -0.3 -0.6 -0.8 -1 -1.3 -1.6 -1.9 -2.2 -2.5 -3 -3 -3 -3 -3 -3 -3 -3 -3 -3 -3 -3 -3 -3 -3 -3 -3 -3 -3 -3 -3 -3 -3 -3 -3 -3 -3 -3 -3 -3 -3 -3 -3 -3 -3 -3
96.8 96.1 95.7 94.4 94 92 91.5 88.3 86.1 83.6 81.6 78.4 74.8 69.3 59.2 64.3 65.9 64.9 63.3 61 58.6 57.5 52.8 42.9 40.5 38.1 34.4 30.9 25 23.2 17.7 13 8.5 3.1 2.8 2.6 2.3 2.1 1.8 1.6 1.4 1.1 0.9 0.7 0.4 0.2 0.1 0.1 0 0 -0.2 -0.4 -0.7 -1 -1.3 -1.6 -1.9 -2.1 -2.4 -2.7 -3 -3 -3 -3 -3 -3 -3 -3 -3 -3 -3 -3 -3 -3 -3 -3 -3 -3 -3 -3 -3 -3 -3 -3 -3 -3 -3 -3 -3 -3 -3 -3 -3 -3 -3 -3
95.6 94.4 93.7 93.3 93.5 93 92.9 90.1 86.7 83.6 80 76.9 73.6 69.1 64.1 55.5 59.2 60.4 58.7 57.4 56.6 55.9 52 40.5 39.6 37.4 33.5 29.6 25 21.4 16.2 10.7 6.3 3 2.7 2.5 2.2 2 1.7 1.5 1.3 1 0.8 0.6 0.3 0.1 -0.1 -0.3 -0.6 -0.6 -0.7 -0.7 -0.9 -1.2 -1.5 -1.8 -2.1 -2.3 -2.6 -3 -3 -3 -3 -3 -3 -3 -3 -3 -3 -3 -3 -3 -3 -3 -3 -3 -3 -3 -3 -3 -3 -3 -3 -3 -3 -3 -3 -3 -3 -3 -3 -3 -3 -3 -3 -3
94.5 92.8 90.4 90.2 90.6 91.3 91.6 88.8 86.2 83.6 81 76.9 72.8 69.1 63.9 58.1 54.8 55.5 55.8 55.5 54.5 52.9 49.7 38.7 37.1 36.3 32.5 28.7 23.3 19.1 14.8 9.8 3 2.9 2.7 2.4 2.2 1.9 1.7 1.4 1.2 0.9 0.7 0.5 0.2 0 -0.2 -0.5 -0.7 -0.9 -1.1 -1.2 -1.3 -1.4 -1.7 -1.9 -2.2 -2.5 -2.8 -3 -3 -3 -3 -3 -3 -3 -3 -3 -3 -3 -3 -3 -3 -3 -3 -3 -3 -3 -3 -3 -3 -3 -3 -3 -3 -3 -3 -3 -3 -3 -3 -3 -3 -3 -3 -3
94 91.9 89.6 88.3 86.9 86.5 86 84.3 81.8 80.6 78.9 75.9 72.6 70.3 62.5 57.5 54 50.8 51.3 52.3 50.3 49.4 41 36.2 34.2 33.3 30.5 26.9 22.2 18.2 14 10.2 3.1 2.8 2.6 2.3 2.1 1.8 1.6 1.3 1.1 0.8 0.6 0.4 0.1 -0.1 -0.3 -0.6 -0.8 -1 -1.2 -1.5 -1.7 -1.9 -2 -2.1 -2.4 -2.7 -3 -3 -3 -3 -3 -3 -3 -3 -3 -3 -3 -3 -3 -3 -3 -3 -3 -3 -3 -3 -3 -3 -3 -3 -3 -3 -3 -3 -3 -3 -3 -3 -3 -3 -3 -3 -3 -3
94.4 92.2 89.5 88.1 87.2 85.8 83.7 81.1 78.9 77.4 75.4 72.4 68.3 63.2 58.4 54.9 53.5 48.3 46.8 46.4 46.2 42.8 37.5 34.9 32.9 31.5 29.6 25.5 21.3 16.9 12.9 6.8 3 2.7 2.5 2.3 2 1.8 1.5 1.3 1 0.8 0.5 0.3 0 -0.2 -0.4 -0.7 -0.9 -1.1 -1.4 -1.6 -1.8 -2 -2.3 -2.5 -2.7 -3 -3 -3 -3 -3 -3 -3 -3 -3 -3 -3 -3 -3 -3 -3 -3 -3 -3 -3 -3 -3 -3 -3 -3 -3 -3 -3 -3 -3 -3 -3 -3 -3 -3 -3 -3 -3 -3 -3
95.8 92.9 90.3 89.6 89.3 88.9 84.7 81.2 77.2 73.6 71.2 67.6 63.3 59.8 56.4 52.5 50 46.8 40.5 39.1 37.3 36 35.5 34 32.9 32.6 29.4 25.1 20.3 15.2 11.9 3.5 2.9 2.7 2.4 2.2 1.9 1.7 1.4 1.2 0.9 0.7 0.4 0.2 -0.1 -0.3 -0.5 -0.8 -1 -1.2 -1.5 -1.7 -1.9 -2.2 -2.4 -2.6 -2.8 -3 -3 -3 -3 -3 -3 -3 -3 -3 -3 -3 -3 -3 -3 -3 -3 -3 -3 -3 -3 -3 -3 -3 -3 -3 -3 -3 -3 -3 -3 -3 -3 -3 -3 -3 -3 -3 -3 -3
94.9 93.4 91.8 91.9 91.7 90.6 87 83.2 79.1 74.8 71.3 65.7 62.3 59 55.4 51.8 49.4 46.1 46.5 42.4 35.5 30.9 28.9 28.5 31 31.6 28 22 16.3 13.8 9.9 3.1 2.9 2.6 2.4 2.1 1.9 1.6 1.4 1.1 0.9 0.6 0.4 0.1 -0.1 -0.4 -0.6 -0.9 -1.1 -1.4 -1.6 -1.8 -2 -2.3 -2.5 -2.7 -3 -3 -3 -3 -3 -3 -3 -3 -3 -3 -3 -3 -3 -3 -3 -3 -3 -3 -3 -3 -3 -3 -3 -3 -3 -3 -3 -3 -3 -3 -3 -3 -3 -3 -3 -3 -3 -3 -3 -3
93.1 92 93.3 94.3 94.7 94.3 90.9 87.3 82.9 78.7 75.3 71.7 64.8 60.6 55.9 52.5 51.5 51.4 49.5 45.7 38.4 34.9 30.4 25.6 21.9 23.2 24 18.7 14.1 11.8 9.3 3.1 2.8 2.6 2.3 2.1 1.8 1.5 1.3 1 0.8 0.5 0.3 0 -0.2 -0.5 -0.7 -1 -1.2 -1.4 -1.7 -1.9 -2.2 -2.4 -2.6 -2.8 -3 -3 -3 -3 -3 -3 -3 -3 -3 -3 -3 -3 -3 -3 -3 -3 -3 -3 -3 -3 -3 -3 -3 -3 -3 -3 -3 -3 -3 -3 -3 -3 -3 -3 -3 -3 -3 -3 -3 -3
90.1 91 94.1 95 95.8 96.6 93.8 91 85.9 83 80.1 76.1 70.3 62.2 56.7 53.1 51.5 49.8 47.4 42.5 38.3 35.8 34 32.6 26.8 19.3 16.1 16.8 11 9.3 7.7 3 2.8 2.5 2.3 2 1.7 1.5 1.2 1 0.7 0.5 0.2 0 -0.3 -0.5 -0.8 -1 -1.3 -1.5 -1.8 -2 -2.3 -2.5 -2.7 -3 -3 -3 -3 -3 -3 -3 -3 -3 -3 -3 -3 -3 -3 -3 -3 -3 -3 -3 -3 -3 -3 -3 -3 -3 -3 -3 -3 -3 -3 -3 -3 -3 -3 -3 -3 -3 -3 -3 -3 -3
89.5 92.3 94.3 94.7 95.3 96.3 94.3 91.2 87.1 87.1 84.1 79.4 72.5 66 57.8 54 52.9 49.5 47.2 42.2 37.9 36.3 34.3 32.1 28.3 21.6 15.7 12.5 9.3 8.4 6 3 2.7 2.5 2.2 1.9 1.7 1.4 1.2 0.9 0.7 0.4 0.1 -0.1 -0.4 -0.6 -0.8 -1.1 -1.3 -1.6 -1.8 -2.1 -2.3 -2.6 -2.8 -3 -3 -3 -3 -3 -3 -3 -3 -3 -3 -3 -3 -3 -3 -3 -3 -3 -3 -3 -3 -3 -3 -3 -3 -3 -3 -3 -3 -3 -3 -3 -3 -3 -3 -3 -3 -3 -3 -3 -3 -3
91.4 92.8 93.9 93.8 94 94.7 92.6 89.1 86.2 86.2 83.9 80.2 74.3 68.4 60.5 55.3 53.2 51.6 49 44.9 39.8 37.1 35.1 32.5 27.8 21.9 17.6 14.7 10.7 8.3 6.4 2.9 2.7 2.4 2.2 1.9 1.6 1.4 1.1 0.9 0.6 0.4 0.1 -0.2 -0.4 -0.7 -0.9 -1.2 -1.4 -1.7 -1.9 -2.2 -2.4 -2.7 -2.9 -3 -3 -3 -3 -3 -3 -3 -3 -3 -3 -3 -3 -3 -3 -3 -3 -3 -3 -3 -3 -3 -3 -3 -3 -3 -3 -3 -3 -3 -3 -3 -3 -3 -3 -3 -3 -3 -3 -3 -3 -3
89.7 91.1 92.1 92.2 92.3 91.6 90 86.9 83.5 82.5 80.2 77.6 74.7 69.7 63.6 58.6 55 54.2 51.7 48.4 44.6 39.9 37.1 32.8 26.3 22.7 18.4 13.9 10.2 8 4.7 2.9 2.6 2.3 2.1 1.8 1.6 1.3 1.1 0.8 0.6 0.3 0 -0.2 -0.5 -0.7 -1 -1.2 -1.5 -1.7 -2 -2.2 -2.5 -2.7 -3 -3 -3 -3 -3 -3 -3 -3 -3 -3 -3 -3 -3 -3 -3 -3 -3 -3 -3 -3 -3 -3 -3 -3 -3 -3 -3 -3 -3 -3 -3 -3 -3 -3 -3 -3 -3 -3 -3 -3 -3 -3
87.9 89 89.1 89.1 89.3 88.4 87 85.2 83.6 79.5 74.6 72.7 69.4 69 69.4 66.4 57.8 55.3 53.5 50.4 45.4 41.5 38.5 30.9 25.6 22.1 17.5 12.4 9 7.2 3.1 2.8 2.5 2.3 2 1.7 1.5 1.2 1 0.7 0.5 0.2 0 -0.3 -0.5 -0.8 -1 -1.3 -1.6 -1.8 -2.1 -2.3 -2.6 -2.8 -3 -3 -3 -3 -3 -3 -3 -3 -3 -3 -3 -3 -3 -3 -3 -3 -3 -3 -3 -3 -3 -3 -3 -3 -3 -3 -3 -3 -3 -3 -3 -3 -3 -3 -3 -3 -3 -3 -3 -3 -3 -3
86.2 86.2 86.2 86.1 86.7 86.6 85.7 84.8 83.2 79.1 72 67.8 63.9 63.4 65.9 66.7 61.4 55.6 52.8 48.8 43.6 39.6 35.8 30.6 24.7 20.3 16.4 11.9 8.1 6.7 3 2.7 2.5 2.2 1.9 1.7 1.4 1.2 0.9 0.6 0.4 0.2 -0.1 -0.3 -0.6 -0.8 -1.1 -1.4 -1.6 -1.9 -2.1 -2.4 -2.6 -2.9 -3 -3 -3 -3 -3 -3 -3 -3 -3 -3 -3 -3 -3 -3 -3 -3 -3 -3 -3 -3 -3 -3 -3 -3 -3 -3 -3 -3 -3 -3 -3 -3 -3 -3 -3 -3 -3 -3 -3 -3 -3 -3
84 83.6 82.9 83.2 85.3 86.1 86.5 85.7 83.7 79.1 71.5 65.5 59.2 56.7 60 60.5 57.9 55.2 51.7 43.7 37.5 36.1 31.8 27.2 23.9 20.7 16 10.6 7.3 5.9 2.9 2.7 2.4 2.1 1.9 1.6 1.4 1.1 0.8 0.6 0.3 0 -0.2 -0.4 -0.7 -0.9 -1.2 -1.4 -1.7 -1.9 -2.2 -2.4 -2.7 -3 -3 -3 -3 -3 -3 -3 -3 -3 -3 -3 -3 -3 -3 -3 -3 -3 -3 -3 -3 -3 -3 -3 -3 -3 -3 -3 -3 -3 -3 -3 -3 -3 -3 -3 -3 -3 -3 -3 -3 -3 -3 -3
82.5 82.2 82.5 83.2 84.3 86.6 88.1 88.1 86 80.6 73.1 66.7 60.2 54.3 54.3 54.9 53.8 52.3 48.4 38.9 36.3 34.8 30.9 26 22.7 19.7 14.5 9.4 6.6 4.8 2.9 2.6 2.4 2.1 1.8 1.5 1.3 1 0.8 0.5 0.2 0 -0.3 -0.6 -0.8 -1 -1.3 -1.5 -1.8 -2 -2.3 -2.5 -2.8 -3 -3 -3 -3 -3 -3 -3 -3 -3 -3 -3 -3 -3 -3 -3 -3 -3 -3 -3 -3 -3 -3 -3 -3 -3 -3 -3 -3 -3 -3 -3 -3 -3 -3 -3 -3 -3 -3 -3 -3 -3 -3 -3
81.5 81.6 83 83.8 86.9 89.4 91.4 92.3 89.6 83.6 74.3 66.5 60.7 54.9 51.5 51 50 47.6 41.7 36.3 36.8 35.7 31 25.3 21.7 18.5 13.2 8.9 5.8 4.4 2.9 2.6 2.3 2.1 1.8 1.5 1.2 1 0.7 0.4 0.2 -0.1 -0.4 -0.6 -0.9 -1.1 -1.4 -1.6 -1.9 -2.1 -2.4 -2.6 -2.9 -3 -3 -3 -3 -3 -3 -3 -3 -3 -3 -3 -3 -3 -3 -3 -3 -3 -3 -3 -3 -3 -3 -3 -3 -3 -3 -3 -3 -3 -3 -3 -3 -3 -3 -3 -3 -3 -3 -3 -3 -3 -3 -3
81.3 82.8 83.8 87.6 90.4 94.1 96.6 97 96.3 89.8 79.7 70.3 64.3 56.9 53.2 47.9 48.2 46.8 37.8 34.7 35.8 36.3 32.6 26.7 21.7 17.8 12.6 8.3 5.4 3.9 2.8 2.6 2.3 2 1.7 1.5 1.2 0.9 0.7 0.4 0.1 -0.2 -0.4 -0.7 -1 -1.2 -1.5 -1.7 -2 -2.2 -2.5 -2.7 -3 -3 -3 -3 -3 -3 -3 -3 -3 -3 -3 -3 -3 -3 -3 -3 -3 -3 -3 -3 -3 -3 -3 -3 -3 -3 -3 -3 -3 -3 -3 -3 -3 -3 -3 -3 -3 -3 -3 -3 -3 -3 -3 -3
82.5 84.5 86.9 90.8 94.6 98.2 98.4 99.7 99.9 96.5 91.9 86.3 76.1 62.4 54.5 47.6 46.5 44.5 35.8 32.7 33.1 33.4 32.4 27.2 21.4 17.4 12.1 7.1 5.2 3.4 2.9 2.6 2.3 2 1.7 1.5 1.2 0.9 0.6 0.4 0.1 -0.2 -0.5 -0.7 -1 -1.3 -1.6 -1.8 -2.1 -2.3 -2.6 -3 -3 -3 -3 -3 -3 -3 -3 -3 -3 -3 -3 -3 -3 -3 -3 -3 -3 -3 -3 -3 -3 -3 -3 -3 -3 -3 -3 -3 -3 -3 -3 -3 -3 -3 -3 -3 -3 -3 -3 -3 -3 -3 -3 -3
83.8 85.8 88.9 92.5 96 98.1 97.3 97 98.6 99.4 97.3 94.8 90.1 76.3 61.5 49.3 41.7 37.3 34.8 33.1 30.6 29.7 29.9 25.9 20.7 16.1 10.7 6.8 5.2 3.1 2.9 2.6 2.3 2 1.8 1.5 1.2 0.9 0.6 0.4 0.1 -0.2 -0.5 -0.7 -1 -1.3 -1.6 -1.9 -2.1 -2.4 -2.7 -3 -3 -3 -3 -3 -3 -3 -3 -3 -3 -3 -3 -3 -3 -3 -3 -3 -3 -3 -3 -3 -3 -3 -3 -3 -3 -3 -3 -3 -3 -3 -3 -3 -3 -3 -3 -3 -3 -3 -3 -3 -3 -3 -3 -3
82.6 85.3 87.1 91.7 94.2 94 94.5 95.7 98.5 100.1 101.3 99.6 96.3 88.8 68.3 53.6 45.5 39.4 34.5 32.9 30.7 28.5 25 21.9 18 13.6 10 6.7 5.3 3.1 2.9 2.6 2.4 2.1 1.8 1.5 1.2 1 0.7 0.4 0.1 -0.1 -0.4 -0.7 -1 -1.3 -1.5 -1.8 -2.1 -2.4 -2.7 -3 -3 -3 -3 -3 -3 -3 -3 -3 -3 -3 -3 -3 -3 -3 -3 -3 -3 -3 -3 -3 -3 -3 -3 -3 -3 -3 -3 -3 -3 -3 -3 -3 -3 -3 -3 -3 -3 -3 -3 -3 -3 -3 -3 -3
79.2 84.2 85.1 89.4 89.8 90.2 92.9 95 97.1 98.1 99.4 100.1 95.6 84.3 69.3 57.2 54.5 50.9 38.2 33.2 31.1 28.7 26 21.8 17.5 13.5 9.5 7.1 5.5 3.1 3 2.7 2.4 2.2 1.9 1.6 1.3 1 0.8 0.5 0.2 -0.1 -0.3 -0.6 -0.9 -1.2 -1.5 -1.7 -2 -2.3 -2.7 -3 -3 -3 -3 -3 -3 -3 -3 -3 -3 -3 -3 -3 -3 -3 -3 -3 -3 -3 -3 -3 -3 -3 -3 -3 -3 -3 -3 -3 -3 -3 -3 -3 -3 -3 -3 -3 -3 -3 -3 -3 -3 -3 -3 -3
83.9 85 84.9 85.9 88.3 89.7 91.6 93.4 95.1 96.8 96.6 95 91.8 82.9 68.7 58.4 61.7 68.5 55.7 44.2 39.3 33.4 28 22.2 18 14.6 10.1 7.3 5.8 4.9 3.1 2.8 2.5 2.2 2 1.7 1.4 1.1 0.8 0.6 0.3 0 -0.3 -0.5 -0.8 -1.1 -1.4 -1.7 -2 -2.3 -2.6 -2.9 -3 -3 -3 -3 -3 -3 -3 -3 -3 -3 -3 -3 -3 -3 -3 -3 -3 -3 -3 -3 -3 -3 -3 -3 -3 -3 -3 -3 -3 -3 -3 -3 -3 -3 -3 -3 -3 -3 -3 -3 -3 -3 -3 -3
86.1 87.6 87 86.6 89.8 91.6 91.7 92 94 95 93.4 90.4 87.4 86 63 57.9 64.9 71.9 69.1 63.6 55.9 45.7 36.8 25.2 22 13.9 9.2 7.5 5.8 5.4 3.1 2.9 2.6 2.3 2 1.8 1.5 1.2 0.9 0.7 0.4 0.1 -0.2 -0.5 -0.8 -1.1 -1.4 -1.7 -2 -2.3 -2.6 -3 -3 -3 -3 -3 -3 -3 -3 -3 -3 -3 -3 -3 -3 -3 -3 -3 -3 -3 -3 -3 -3 -3 -3 -3 -3 -3 -3 -3 -3 -3 -3 -3 -3 -3 -3 -3 -3 -3 -3 -3 -3 -3 -3 -3
87.1 89.1 90 89.9 91.4 92.9 91.2 89.9 92.5 92.6 90.2 87.2 82.4 67.4 58.3 57.8 67.2 75.1 75.8 73.6 66.8 58.3 47.3 29.8 23.2 15.3 11.8 11.3 9.5 5.6 3.1 3 2.7 2.4 2.1 1.8 1.6 1.3 1 0.7 0.4 0.1 -0.2 -0.5 -0.8 -1.1 -1.5 -1.8 -2.1 -2.4 -2.7 -3 -3 -3 -3 -3 -3 -3 -3 -3 -3 -3 -3 -3 -3 -3 -3 -3 -3 -3 -3 -3 -3 -3 -3 -3 -3 -3 -3 -3 -3 -3 -3 -3 -3 -3 -3 -3 -3 -3 -3 -3 -3 -3 -3 -3
88.3 89.4 90.2 91.2 92.2 92.6 91.3 88.1 90 90.7 89 86.6 80.1 60.5 55.2 60.8 69.3 75.8 76.1 72 65.8 59.7 30.7 26.7 22.1 20.1 19.6 19.3 15.5 10.6 5.6 3 2.8 2.5 2.2 1.9 1.6 1.3 1 0.7 0.3 0 -0.3 -0.6 -0.9 -1.2 -1.6 -1.9 -2.2 -2.5 -2.8 -3 -3 -3 -3 -3 -3 -3 -3 -3 -3 -3 -3 -3 -3 -3 -3 -3 -3 -3 -3 -3 -3 -3 -3 -3 -3 -3 -3 -3 -3 -3 -3 -3 -3 -3 -3 -3 -3 -3 -3 -3 -3 -3 -3 -3
87.6 88.5 88.8 90.1 91.3 91.3 89.5 87.1 87.6 89.1 87.7 84.3 79.2 58.6 54.5 61.3 68.9 72.7 71.8 69 64.7 62.8 38.6 24.1 22.6 23.6 23.9 22.5 22.1 14.3 9 5.6 2.8 2.5 2.2 1.9 1.5 1.2 0.9 0.6 0.3 -0.1 -0.4 -0.7 -1 -1.3 -1.6 -2 -2.3 -2.6 -3 -3 -3 -3 -3 -3 -3 -3 -3 -3 -3 -3 -3 -3 -3 -3 -3 -3 -3 -3 -3 -3 -3 -3 -3 -3 -3 -3 -3 -3 -3 -3 -3 -3 -3 -3 -3 -3 -3 -3 -3 -3 -3 -3 -3 -3
85.6 86.3 87.4 88.6 89.8 89.4 87.9 85.4 84 87.7 86.1 82.2 78.2 64.5 55.3 54.9 63.3 68.7 67.7 66.6 62 55 43.3 25.6 23.7 26 27.3 26.7 34 22.7 11.6 6.3 2.9 2.5 2.2 1.9 1.5 1.2 0.9 0.5 0.2 -0.1 -0.5 -0.8 -1.1 -1.4 -1.7 -2.1 -2.4 -2.7 -3 -3 -3 -3 -3 -3 -3 -3 -3 -3 -3 -3 -3 -3 -3 -3 -3 -3 -3 -3 -3 -3 -3 -3 -3 -3 -3 -3 -3 -3 -3 -3 -3 -3 -3 -3 -3 -3 -3 -3 -3 -3 -3 -3 -3 -3
83.5 84.1 85.5 87.3 87.3 87 85.9 83.3 82.8 84.1 83.9 81.1 78.3 73.5 67.5 57.9 58.9 64.8 65 57.1 48.1 46.3 40.2 26.5 25.8 32.2 38.8 28.7 30.8 34 13.5 7.2 2.9 2.6 2.3 1.9 1.6 1.3 0.9 0.6 0.3 -0.1 -0.4 -0.7 -1.1 -1.4 -1.7 -2 -2.4 -2.7 -3 -3 -3 -3 -3 -3 -3 -3 -3 -3 -3 -3 -3 -3 -3 -3 -3 -3 -3 -3 -3 -3 -3 -3 -3 -3 -3 -3 -3 -3 -3 -3 -3 -3 -3 -3 -3 -3 -3 -3 -3 -3 -3 -3 -3 -3
80.6 81.8 84.4 86 86.3 85.1 83.9 80.9 81.5 81.2 80.8 79.6 76.1 72.3 60.2 39.9 48.1 63.1 63.1 49 46.1 44.7 41.9 33.7 24.7 31.5 32.7 27.4 25.4 12.8 10.1 7.8 3 2.7 2.3 2 1.7 1.4 1.1 0.7 0.4 0.1 -0.2 -0.5 -0.9 -1.2 -1.5 -1.8 -2.3 -2.7 -3 -3 -3 -3 -3 -3 -3 -3 -3 -3 -3 -3 -3 -3 -3 -3 -3 -3 -3 -3 -3 -3 -3 -3 -3 -3 -3 -3 -3 -3 -3 -3 -3 -3 -3 -3 -3 -3 -3 -3 -3 -3 -3 -3 -3 -3
79 81.7 83 85.5 86.6 85.1 82.8 79.2 78.7 78.8 77.2 76.1 74.3 72 49.2 32.1 45.3 61.2 59.6 46.3 45.4 44.3 43.2 37.9 22.4 22.4 23 21.9 18.2 16.7 15 8.3 3.1 2.9 2.6 2.2 1.9 1.6 1.3 1 0.6 0.3 0 -0.3 -0.6 -1 -1.4 -1.8 -2.2 -2.7 -3 -3 -3 -3 -3 -3 -3 -3 -3 -3 -3 -3 -3 -3 -3 -3 -3 -3 -3 -3 -3 -3 -3 -3 -3 -3 -3 -3 -3 -3 -3 -3 -3 -3 -3 -3 -3 -3 -3 -3 -3 -3 -3 -3 -3 -3
81.1 82.7 85.1 86.8 86.5 85.9 83.1 78.2 74.7 74.3 72.2 71.9 71 69.5 46.8 37.7 33.7 51.8 50.1 33.7 30.7 39.6 39 26.7 22.6 22.7 23.1 19.9 15.8 13.2 11.2 7.4 5.2 3.1 2.8 2.5 2.1 1.8 1.5 1.2 0.9 0.5 0.2 -0.1 -0.5 -0.8 -1.2 -1.7 -2.1 -2.6 -3 -3 -3 -3 -3 -3 -3 -3 -3 -3 -3 -3 -3 -3 -3 -3 -3 -3 -3 -3 -3 -3 -3 -3 -3 -3 -3 -3 -3 -3 -3 -3 -3 -3 -3 -3 -3 -3 -3 -3 -3 -3 -3 -3 -3 -3
84.3 85.2 86.5 86.3 86.3 86.3 83.6 78 73.6 69.2 64.5 64.6 64.3 62.3 57.4 36.7 26.9 30.9 40.4 28.1 24.9 25.7 26 24.6 25.4 26.3 25.1 21.8 18.3 12.4 8.7 7.5 5.3 3.1 3 2.7 2.4 2 1.7 1.4 1.1 0.7 0.4 0.1 -0.2 -0.7 -1 -1.5 -2 -2.6 -3 -3 -3 -3 -3 -3 -3 -3 -3 -3 -3 -3 -3 -3 -3 -3 -3 -3 -3 -3 -3 -3 -3 -3 -3 -3 -3 -3 -3 -3 -3 -3 -3 -3 -3 -3 -3 -3 -3 -3 -3 -3 -3 -3 -3 -3
85.2 86.3 86.7 86.5 86.1 85 81.4 77.5 73.9 69.5 65.7 49.8 47.2 42.4 38.3 36.1 26.9 26.5 26.9 25.1 24.2 24.4 24.8 26.7 27.7 27.8 26.5 22 18.3 14 9.8 6.8 5.1 5 3.1 2.9 2.6 2.3 1.9 1.6 1.3 1 0.7 0.3 0 -0.4 -0.9 -1.5 -2 -2.6 -3 -3 -3 -3 -3 -3 -3 -3 -3 -3 -3 -3 -3 -3 -3 -3 -3 -3 -3 -3 -3 -3 -3 -3 -3 -3 -3 -3 -3 -3 -3 -3 -3 -3 -3 -3 -3 -3 -3 -3 -3 -3 -3 -3 -3 -3
84.7 85.7 86.1 86.2 85.6 83.7 81 77.5 74.7 70.3 64.8 52.1 42.9 35.9 30.1 27.2 25.9 24.9 24.7 24.6 24.5 25 25.3 26.8 27 26.2 23 18.8 16.1 14.3 11.1 8.1 5.7 5.4 5 3.1 2.8 2.5 2.2 1.9 1.7 1.3 1 0.7 0.2 -0.3 -0.8 -1.3 -2 -3 -3 -3 -3 -3 -3 -3 -3 -3 -3 -3 -3 -3 -3 -3 -3 -3 -3 -3 -3 -3 -3 -3 -3 -3 -3 -3 -3 -3 -3 -3 -3 -3 -3 -3 -3 -3 -3 -3 -3 -3 -3 -3 -3 -3 -3 -3
83.3 84.5 85 84.7 83.8 81.5 78 75.1 74.5 70.8 66.3 58.4 43.6 35.2 29.7 26.1 24.7 24.8 25 24.3 25.5 27 28.2 27.7 27.2 27.7 24.9 22.3 20.5 17.6 15 12.3 11.2 7.2 5.4 5 3.3 2.8 2.6 2.3 2 1.7 1.3 0.8 0.4 0 -0.7 -1.2 -1.9 -3 -3 -3 -3 -3 -3 -3 -3 -3 -3 -3 -3 -3 -3 -3 -3 -3 -3 -3 -3 -3 -3 -3 -3 -3 -3 -3 -3 -3 -3 -3 -3 -3 -3 -3 -3 -3 -3 -3 -3 -3 -3 -3 -3 -3 -3 -3
81.8 83.4 83.3 82.8 82 79.2 75.5 72.6 71.7 71.5 67.9 61.1 47.3 33.4 29 26.1 24.7 24.6 25.1 27.2 33.5 38 39.3 37.4 33.7 32.9 30.6 27.3 25.4 22.4 19.6 16.3 14 12.2 8.3 5.2 5.4 4.6 3 2.7 2.4 2 1.6 1.3 0.7 0.2 -0.3 -1.1 -2.1 -3 -3 -3 -3 -3 -3 -3 -3 -3 -3 -3 -3 -3 -3 -3 -3 -3 -3 -3 -3 -3 -3 -3 -3 -3 -3 -3 -3 -3 -3 -3 -3 -3 -3 -3 -3 -3 -3 -3 -3 -3 -3 -3 -3 -3 -3 -3
79.8 82.1 82.2 81.8 79.8 77 73.5 71.6 71.3 72.3 68.6 61.1 52.3 37.4 32.1 27.5 26.3 25.3 25.2 28.2 39.3 52.7 55.6 52.4 43.9 39 35.4 32.6 29.2 27 24.1 22.1 18.6 15.7 12.3 8.2 5.2 4.8 4.5 4.4 2.8 2.5 2.1 1.7 1.2 0.6 -0.5 -1.4 -3 -3 -3 -3 -3 -3 -3 -3 -3 -3 -3 -3 -3 -3 -3 -3 -3 -3 -3 -3 -3 -3 -3 -3 -3 -3 -3 -3 -3 -3 -3 -3 -3 -3 -3 -3 -3 -3 -3 -3 -3 -3 -3 -3 -3 -3 -3 -3
78 79.8 80.3 79.3 78.1 75.1 72.7 70.9 71.4 72.4 71.1 68.5 63.5 59.5 52.8 47.4 30.6 26.5 26.6 35.5 45.9 55.7 59.2 57.1 50.2 45.8 42.8 39.4 35.9 33 30.7 29.1 24.9 20.5 17.6 14 10.2 7 5.2 4.9 4.8 3.1 2.7 2.3 1.5 0.7 0 -0.9 -3 -3 -3 -3 -3 -3 -3 -3 -3 -3 -3 -3 -3 -3 -3 -3 -3 -3 -3 -3 -3 -3 -3 -3 -3 -3 -3 -3 -3 -3 -3 -3 -3 -3 -3 -3 -3 -3 -3 -3 -3 -3 -3 -3 -3 -3 -3 -3
76.1 77.5 77.4 76.7 75.6 73.3 72 69.2 69 70.5 71.5 71.3 68.8 64.2 62.9 63 51.9 35.5 37.2 47.8 56.1 60.4 63.4 64.3 66 65.3 56.6 52.5 47.4 43.6 41.4 39.3 38.5 37 27.2 19.2 16.2 12.1 11.1 15.5 13.8 5.5 4.5 4.1 2.6 1.9 1 0.1 -1.2 -3 -3 -3 -3 -3 -3 -3 -3 -3 -3 -3 -3 -3 -3 -3 -3 -3 -3 -3 -3 -3 -3 -3 -3 -3 -3 -3 -3 -3 -3 -3 -3 -3 -3 -3 -3 -3 -3 -3 -3 -3 -3 -3 -3 -3 -3 -3
73.7 75.2 75.3 74.2 72.5 69.8 69.5 66.3 65.6 68.4 68.4 69.2 69.3 66.8 61.5 59.7 55.9 51.3 43.6 52.4 61 64.6 67.3 68.7 70.6 72 72.5 70.6 67.1 61.6 55.7 61.7 67 63.1 49.5 33.4 24.6 18.7 34.9 49.3 47.6 18.1 8.2 5.6 4.2 4.4 2.6 1.7 1.2 0.4 -3 -3 -3 -3 -3 -3 -3 -3 -3 -3 -3 -3 -3 -3 -3 -3 -3 -3 -3 -3 -3 -3 -3 -3 -3 -3 -3 -3 -3 -3 -3 -3 -3 -3 -3 -3 -3 -3 -3 -3 -3 -3 -3 -3 -3 -3
71.6 73.3 73.1 71.7 69.3 67.3 66.1 64 62.4 63.4 64.4 64.4 65.6 63.5 60.2 58.9 58.8 56 47.2 53.8 63 67.7 70 71.1 72.5 73.6 74.2 74 72.9 74.1 74.4 75.4 75.6 72.3 63.6 46.3 36.3 34.9 53.4 58.8 61.8 57.9 36.8 20.7 18 10 6.3 5.3 4.7 2.9 0 -3 -3 -1.6 -3 -3 -3 -3 -3 -3 -3 -3 -3 -3 -3 -3 -3 -3 -3 -3 -3 -3 -3 -3 -3 -3 -3 -3 -3 -3 -3 -3 -3 -3 -3 -3 -3 -3 -3 -3 -3 -3 -3 -3 -3 -3
70.5 71.5 70.4 67.5 65.4 64.3 62.3 59.9 57.5 57.2 59.5 61.8 59.6 58.8 57.6 57.3 59.2 56.8 50.8 51.5 63.2 68.1 69.8 71.6 72.5 73 72 71.1 71.2 71.2 70.6 71.7 73 71.9 65.5 50.1 44 42 54.2 60.5 63 62.1 51.2 45.7 49.1 36.6 18.1 14.6 7.1 6.6 3.7 1.9 0.7 0.5 -1 -3 -3 -3 -3 -3 -3 -3 -3 -3 -3 -3 -3 -3 -3 -3 -3 -3 -3 -3 -3 -3 -3 -3 -3 -3 -3 -3 -3 -3 -3 -3 -3 -3 -3 -3 -3 -3 -3 -3 -3 -3
66.5 67 65.8 63 63.1 62.4 59 56.6 54.5 52.6 53.9 60.6 57.3 54.4 52.5 54.5 58 58 54.1 41.8 50.8 60.9 66.1 68.1 69.2 69.5 68.6 67.8 67.5 67.4 67.1 67.8 69 69.6 67.2 54.2 49.2 47.4 50.8 57.7 59.8 60.8 58.7 59.2 64.7 61 49.7 49.2 31.9 21.3 6.8 6.1 4.5 2.6 0.9 -3 -3 -3 -3 -3 -3 -3 -3 -3 -3 -3 -3 -3 -3 -3 -3 -3 -3 -3 -3 -3 -3 -3 -3 -3 -3 -3 -3 -3 -3 -3 -3 -3 -3 -3 -3 -3 -3 -3 -3 -3
61.2 59.2 55.5 55.7 60.8 62.2 58 53.6 53.8 47.8 51.7 57.8 55.3 48.9 47.3 48.1 52.5 53.9 54.5 39.2 44.2 57.1 62.5 64.2 65.7 65.9 65.3 64.9 64.4 64.4 64.2 64.4 66.8 68.2 66.8 60.2 54.7 49.4 49.3 54.2 58.5 59.9 62.5 64.9 67.1 68.9 70.6 72.6 72.1 58.8 38.8 22.2 15 10.2 2.2 1.4 -3 -3 -3 -3 -3 -3 -3 -3 -3 -3 -3 -3 -3 -3 -3 -3 -3 -3 -3 -3 -3 -3 -3 -3 -3 -3 -3 -3 -3 -3 -3 -3 -3 -3 -3 -3 -3 -3 -3 -3
59.6 54.8 50.4 49.3 53.6 59.6 58.2 52.6 42.2 43.4 51.8 52.1 50.8 40.3 23.3 36.6 42.7 45.3 50.4 36.9 36.5 50.8 59.2 62 62.2 62.7 62.6 62.1 61.7 60.7 59.8 60.6 63.2 64.7 64 62.2 57.8 52.6 50.3 54.4 58 60.1 63.5 66.1 67.8 69.5 71.5 75.3 74.2 73.4 62.1 52.9 59.8 45.9 30.8 10.8 3 1.6 -3 -3 -3 -3 -3 -3 -3 -3 -3 -3 -3 -3 -3 -3 -3 -3 -3 -3 -3 -3 -3 -3 -3 -3 -3 -3 -3 -3 -3 -3 -3 -3 -3 -3 -3 -3 -3 -3
57.1 49.4 46.3 45.2 47.7 57.4 57.3 55 40.3 32.3 37.1 21.9 21.3 17.8 14.2 15.1 17.7 27.5 40.1 47.2 28.7 41.3 56.7 59.3 59.9 59.9 60 59.5 59 57.1 55.4 56 58 59.9 61.3 61.8 60 56.7 53.5 55.2 56.5 57.4 60.9 61.7 62.6 64.8 66.8 68.2 70.4 71.4 69.9 70.2 70.8 64.5 56.1 38.3 15.5 20.3 4.1 1.7 -3 -3 -3 -3 -3 -3 -3 -3 -3 -3 -3 -3 -3 -3 -3 -3 -3 -3 -3 -3 -3 -3 -3 -3 -3 -3 -3 -3 -3 -3 -3 -3 -3 -3 -3 -3
56.8 45.7 43.4 42.1 43.9 51.2 54.1 52.3 27.3 20 15.9 14.6 12.5 10.9 9.6 10.6 11.9 15.2 25.6 34.3 23.6 23.8 48.2 56.5 59.1 58.3 58.1 56.8 55.9 52.8 50.6 51.8 53.2 56.6 60.3 63.8 62.5 59.8 55 54.3 54.1 54 54.1 53.1 53.3 56.7 58.5 61 61.9 63.8 66.5 67.6 68.2 64.9 60.5 56.8 48.3 38.2 23.9 13.8 6.9 2.8 -3 -3 -3 -3 -3 -3 -3 -3 -3 -3 -3 -3 -3 -3 -3 -3 -3 -3 -3 -3 -3 -3 -3 -3 -3 -3 -3 -3 -3 -3 -3 -3 -3 -3
49.7 44 40.5 38.9 37.8 41.3 37.4 32.1 21 13.8 11.2 7.7 3.4 2.9 2.6 2.6 2.8 4.3 15.8 21.4 23.5 17.3 39.4 52.5 56.2 56.8 56.8 55.7 51.6 48.4 47.4 47.6 48.8 52 57.1 63.1 61.4 58.1 54.6 51.4 51.2 50.4 48.9 46 45.6 46.3 44.7 44.3 46 52.1 60.2 63 63.5 61.3 58.6 54.8 46 32.6 26 21.7 24.8 7.1 2.7 -0.1 -3 -3 -3 -3 -3 -3 -3 -3 -3 -3 -3 -3 -3 -3 -3 -3 -3 -3 -3 -3 -3 -3 -3 -3 -3 -3 -3 -3 -3 -3 -3 -3
48.8 43 38.1 35.5 32.7 30.2 26.8 21.9 16.7 11.7 3.4 2.5 1.8 1.4 1.1 1.1 1.3 2.1 2.6 2.8 3.1 3.5 32.9 43.1 49.7 52.9 53.7 51.6 48.1 45.3 44.7 44.4 47.3 48.4 51.5 54.8 56.3 54.7 52.5 50.4 48.7 47.4 44.8 41.7 39.7 36.4 33.3 30.4 28.8 35.4 47 56.5 56.8 51.7 46.7 39.6 28.1 18.8 17.6 21.8 32.3 4.7 3.1 3.1 1.8 -3 -3 -3 -3 -3 -3 -3 -3 -3 -3 -3 -3 -3 -3 -3 -3 -3 -3 -3 -3 -3 -3 -3 -3 -3 -3 -3 -3 -3 -3 -3
49.6 42.1 38.6 34.9 31 26.5 22.6 18.2 14.3 3.1 3.1 1.5 0.4 -0.1 -0.4 -0.4 -0.2 0.3 0.7 0.9 2.6 3.5 25.2 34.3 42.1 43.4 45.3 44.2 43 41.7 41.4 43.2 44.7 46.4 48.6 51.9 52.4 52.4 52 51.5 49.7 48 44.7 41.3 39 37.1 34.6 31.1 24.9 21.7 33.9 45.3 47.9 38.1 30.8 25.6 18.5 13.1 3.9 2.3 12.8 6.3 3.1 2.3 18.2 2.2 -3 -3 -3 -3 -3 -3 -3 -3 -3 -3 -3 -3 -3 -3 -3 -3 -3 -3 -3 -3 -3 -3 -3 -3 -3 -3 -3 -3 -3 -3
