public/OST50/SS78.asc
ncols 200
nrows 200
xllcorner 270000
yllcorner 180000
cellsize 50
[rows 50 to 99 of 200, columns 96 to 191 of 200]
-3 -3 -3 -3 -3 -3 -3 -3 -3 -3 -3 -3 -3 -0.8 0.9 2.6 8.4 8.6 8.3 8.3 8.5 8.4 8.2 8.1 8.1 7.9 8 7.6 6 6.3 8.7 8.4 8.7 14.6 14.9 15.7 17.7 18.7 19 19 16.1 15.8 17.2 19.1 16.6 16.1 16.2 8.3 6.6 6.6 7.2 7.2 7.1 6.5 6.5 6.5 6.3 6.3 6.2 6.2 7.6 7.8 6.5 6.9 6.8 5.4 6.2 7.1 7.4 7.5 7.7 7.9 8.6 10.7 12.8 15 15.9 18 21.2 25.6 32.4 34 32.4 36.7 47 59.5 71 90.7 106.7 121.2 129.9 143.2 159.9 174.4 184.9 195
-3 -3 -3 -3 -3 -3 -3 -3 -3 -3 -3 -3 -2 -0.4 1.2 2.9 8.6 8.3 8.1 8.1 8.2 8.2 8.2 8.1 7.9 8.1 8.2 7.9 9.2 9.7 10.7 10.6 10.8 11.3 14.4 16.8 14.8 19.3 18.8 18.4 16.5 13.1 18.5 18.3 19.4 16.8 12.4 8.8 6.6 6.8 7.3 7.4 6.9 6.5 6.4 6.4 6.4 6.4 6.4 6.3 6.3 7.1 8.3 4.8 6.8 5.3 5.8 6.9 7.7 7.6 7.6 7.8 8.7 10.6 12.9 14.7 15.6 18.6 22.1 24.4 27.9 31.7 29.9 36.6 53.4 67.1 78.7 85.9 106.9 121.8 129.7 142.8 159.5 173.2 184.3 193.7
-3 -3 -3 -3 -3 -3 -3 -3 -3 -3 -3 -3 -1.5 0 1.6 3.1 8.6 8.2 8.1 8.1 8.1 8 8.1 7.8 7.9 8.2 8.3 8.3 9.4 12.3 11.2 8.6 10.1 10.9 13 18.7 7.8 20.2 18.9 16.9 16.6 13.4 12.9 11.6 12.1 18.8 15.8 10 8.1 8.4 8.5 7.6 6.6 6.4 6.4 6.5 6.4 6.4 6.4 6.4 6.4 6.4 7.4 8.9 7 7.9 5.8 6.8 7.9 7.9 7.8 7.7 9.1 10.7 13 14.9 18.1 18.7 22.3 24.3 26.6 28.6 29.9 39.7 58.6 79.2 90.4 98.7 108.1 123.5 131.3 142 157 171.2 181.5 191
-3 -3 -3 -3 -3 -3 -3 -3 -3 -3 -3 -3 -1.1 0.4 1.8 5 7.8 8.2 8.1 8.1 8.1 8.1 4.9 8.4 8 8.3 8.6 8.7 7.7 13.8 8 8 7.7 17.2 18.5 17.7 19.6 21.3 19.9 17.1 14.9 13.9 13.3 12.1 11 10.2 9.2 8.5 8.6 8.7 8.2 7.3 6.5 6.4 6.5 6.5 6.5 6.4 6.3 6.3 6.4 6.4 6.4 8.2 6.7 6.8 6.8 7.6 8.2 8.1 7.9 7.8 9 10.3 12.2 14.8 16.9 18.8 20.9 23.2 24.6 25.5 30.1 37.7 54.6 79.9 99.8 113.5 117.6 123.9 132 140.5 154.2 168.5 177.3 186.4
-3 -3 -3 -3 -3 -3 -3 -3 -3 -3 -3 -1.9 -0.6 0.8 2.1 7.7 8.1 8.2 8.1 8.1 6.8 3.3 3.3 3.5 4.2 7.6 8.1 12.6 14.2 7.9 7.5 7.4 7 17.8 17.7 18.1 18.2 19.2 19.7 15.7 15.6 14.7 13.4 12.2 11 10 8.8 8.2 8.3 8.2 7.7 6.9 6.6 6.5 6.5 6.6 6.6 6.5 6.3 6.3 6.3 6.4 6.6 6.4 12.2 7.2 9.6 8.5 8.2 8.1 7.9 7.7 8.5 10 11.8 13.6 15.9 18 19.9 21.3 23.2 23.5 22.8 28.9 46.4 68.9 92.7 115.6 123.8 125.5 131.1 138.6 148.5 162.4 172.4 180.9
-3 -3 -3 -3 -3 -3 -3 -3 -3 -3 -3 -1 0.1 1.2 2.4 8 8.1 8.1 8.1 3.1 3.1 3.2 3.3 3.3 3.6 4.4 10.3 16.2 16.7 8.2 7.2 7.4 7.2 17.1 17.1 16.9 17.5 17.3 16.9 18.2 15.4 15.1 13.8 12.3 10.9 9.7 8.4 8.2 8 7.7 7.1 6.6 6.7 6.5 6.6 6.7 6.7 6.5 6.4 6.3 6.5 6.7 6.9 6.3 6.3 14 6.8 8.9 8.6 8.2 7.8 7.7 8 9.6 11.2 12.1 14.8 16 17.8 19.5 20.8 22.1 21.7 27.6 36.8 57.9 79.7 103.7 125.5 129 131.2 136.7 144.6 155.2 166.4 174.7
-3 -3 -3 -3 -3 -3 -3 -3 -3 -3 -0.5 0.3 1.1 2.2 3.3 8.2 8.3 4.5 2.2 1.7 1.9 2 2.1 2.3 3 3.8 6.1 12.5 16.1 17.2 7.9 7.5 6.8 15.5 16.6 14.6 14.5 20 18 18 15.4 15.2 13.8 12.3 10.8 9.4 8.1 7.8 7.8 8 7.3 6.7 6.7 6.6 6.7 6.8 6.8 6.6 6.5 6.4 6.4 6.6 6.8 6.2 6.2 6.4 6.9 8.8 8.7 8.3 7.7 7.6 8 8.9 10.6 11.9 13.9 14.8 16.3 17.6 18.5 19.2 19 25.8 30.3 47.7 66.7 89.5 115.6 132.4 133.2 136 142 150.7 159.2 165.9
-3 -3 -3 -3 -3 -3 4.8 -3 -3 1.3 1.5 1.8 2.2 3.1 3.3 6.5 -3 -0.1 0.1 0.5 0.7 0.8 1.1 1.7 2.5 3.2 4.2 10.9 16.3 16.6 13.5 7.5 7.1 13.2 15.5 14.4 15.6 19.6 18.3 17.6 15.5 14.5 13.1 11.7 10.3 8.8 7.9 7.6 7.7 7.8 6.9 6.7 6.6 6.6 6.7 6.8 6.8 6.8 6.7 6.5 6.4 6.6 6.4 6.3 6.4 6.4 6.4 6.8 8.7 8.2 7.8 7.9 7.9 7.9 9.3 11 12.3 13.5 14.7 15.6 16.6 17.2 16.9 16 25.1 38.4 54.6 73.4 99.4 127.7 135.4 137.8 141.9 146.7 152.9 156.2
-3 -3 -3 -3 -3 -3 -3 -3 -3 -3 6.7 7.2 5.8 -3 -3 -3 -3 -3 -1.4 -0.7 -0.5 -0.2 0.5 1.2 2 2.8 3.3 4.3 15.4 15.9 13.1 12.5 6.7 10.5 13.7 13.8 17 19.5 18.1 17.4 15.3 12.9 12.6 11.3 9.7 8.6 8.1 7.8 7.8 7.4 6.9 6.6 6.6 6.6 6.7 6.8 6.8 6.8 6.7 6.5 6.4 6.4 6.3 6.3 6.3 6.3 6.3 6.3 11.2 9 7.8 7 6.5 6.9 7.6 9.4 10.7 11.6 12.4 13.6 14.2 13.9 13.3 12.9 23.5 30.9 43 57.5 78.7 105.2 130.3 138.2 141.1 145.9 149.5 152.1
-3 -3 -3 -3 -3 -3 -3 -3 -3 -3 -3 -3.1 -3.1 -3 -3 -3 -3 -3 -3 -1.9 -1.4 -0.7 0 0.7 1.5 2.3 3.1 3.9 6.7 15.6 17.2 13.6 9.9 11 12.3 13.3 17.7 18.7 17.4 16.5 15.6 11.2 12.6 10 9.3 8.9 8.6 8.1 8 7.8 7.2 6.8 6.7 6.6 6.7 6.7 6.7 6.8 6.7 6.5 6.4 6.4 6.3 6.3 6.3 6.3 6.4 6.6 6.8 7.1 6.4 6.1 5.9 6.2 6.7 8 9.4 10.4 11.2 11.8 12.1 12.3 12.4 10.8 17.8 23.3 32.7 43.7 60.8 79.3 102.8 128.3 139.5 145.4 152.7 156.7
-3 -3 -3 -3 -3 -3 -3 -3 -3 -3 -3 -3 -3 -3 -3 -3 -3 -3 -3 -3 -2 -1.3 -0.6 0.2 1 1.8 2.6 3.2 4.3 13.6 17.5 15.5 12 12.6 13.2 14.3 18.8 18.8 17.1 16.4 18 12.1 14.5 9.4 9.2 9.1 8.7 8.4 8.4 8.3 7.5 6.9 6.7 6.6 6.6 6.7 6.7 6.7 6.7 6.5 6.3 6.4 6.4 6.3 6.3 6.3 6.4 6.6 6.8 6.2 6.8 6.2 5.6 5.5 6.1 7 7.8 8.8 9.3 9.4 10.3 10.5 10.4 9.3 9 21.1 24.4 33.8 49.4 63.1 77.5 100.7 122.1 140.7 155.4 160.2
-3 -3 -3 -3 -3 -3 -3 -3 -3 -3 -3 -3 -3 -3 -3 -3 -3 -3 -3 -3 -3 -1.9 -1.1 -0.3 0.5 1.3 2.1 2.9 3.9 5.3 16.4 17 14.3 14.4 15.2 16.1 19.7 18.6 17 15.7 16 15.7 17.1 10.1 9.3 9.1 8.7 8.7 8.7 8.7 8 7.1 6.7 6.7 6.6 6.7 6.7 6.7 6.7 6.3 6.3 6.3 6.4 6.3 6.3 6.3 6.4 6.5 6.7 6.1 13.9 6.3 5.1 5 5.2 6.3 7.7 7.7 7.8 8.4 8.7 8.7 8.6 8 7.6 13.2 19.1 27.1 38.9 50.2 61.7 77 95.6 114.6 129.5 135.3
-3 -3 -3 -3 -3 -3 -3 -3 -3 -3 -3 -3 -3 -3 -3 -3 -3 -3 -3 -3 -3 -2.4 -1.7 -0.9 -0.1 0.8 1.6 2.4 3.2 4.6 9.8 16.7 15.2 16.7 17.3 18.1 20.9 18.8 15.7 16.3 16.6 16.4 16.9 13.9 9.7 9.2 9.1 9 8.9 8.8 8.3 7.5 7 6.7 6.7 6.6 6.6 6.7 6.6 6.2 6.2 6.3 6.4 6.3 6.2 6.3 6.4 6.4 6.7 6.8 7.7 11.7 4.9 4.7 4.7 5.6 6.3 6.6 6.6 6.9 7.2 7 6.8 7.2 7.1 7.6 15.5 18.8 28.5 37.4 48 58.2 71 87.1 98.4 110.4
-3 -3 -3 -3 -3 -3 -3 -3 -3 -3 -3 -3 -3 -3 -3 -3 -3 -3 -3 -3 -3 -3 -2.2 -1.4 -0.6 0.2 1.1 1.9 2.7 3 4.7 16.8 16.2 15.1 19.3 20.7 18 18.6 16 16.4 16.8 16.7 16.7 15.4 9.6 9 9 9 8.9 8.8 8.6 7.9 7.2 6.8 6.7 6.6 6.6 6.6 6.6 6.1 6.2 6.3 6.3 6.2 6.3 6.4 6.5 6.5 6.4 6.1 5.1 6.8 9.3 4.8 4.3 6.3 6.1 6.1 6.3 6 5.7 5.7 5.9 6.2 6.9 6.9 7.7 15.4 19.3 25.4 34.4 44.5 54.2 64.9 76.3 88.3
-3 -3 -3 -3 -3 -3 -3 -3 -3 -3 -3 -3 -3 -3 -3 -3 -3 -3 -3 -3 -3 -3 -3 -1.9 -1.1 -0.2 0.6 1.4 2.2 3 3.6 5.9 16.2 14.4 17.3 17.1 21.6 15.9 15.8 16.3 16.9 16.8 16.8 15.9 13.9 10.9 8.8 9 8.9 8.8 8.6 8.2 7.5 6.9 6.6 6.4 6.5 6.5 6.5 6.2 6.2 6.3 6.3 6.2 6.3 6.4 6.5 6.5 5.8 5.5 6 4.4 5.7 8.7 4.3 5.5 6.1 6.1 6.2 5.8 5.4 5.1 5.5 5.7 6.3 6 7 10.2 13.9 16.6 22.9 31 41.1 50.9 60.8 69.2
-3 -3 -3 -3 -3 -3 -3 -3 -3 -3 -3 -3 -3 -3 -3 -3 -3 -3 -3 -3 -3 -3 -3 -2.4 -1.5 -0.7 0.1 0.9 1.7 2.5 3.3 4.3 14.7 17 15.4 15.3 18.8 16.2 15.8 16.2 16.9 16.9 17.1 16.9 15.6 8.6 8.8 8.9 8.7 8.6 8.4 8.2 7.4 6.5 6.3 6.4 6.4 6.4 6.3 6.2 6.3 6.3 6.3 6.2 6.4 6.5 6.5 6.1 5.8 5.5 5.7 4.2 4.3 3.5 8.7 4.3 5.3 6.1 5.9 5 5.3 4.8 5.4 5.8 6.7 5.6 6.3 8 12.6 13.8 17.2 22.5 32.6 41.4 48.5 54.9
-3 -3 -3 -3 -3 -3 -3 -3 -3 -3 -3 -3 -3 -3 -3 -3 -3 -3 -3 -3 -3 -3 -3 -3 -2 -1.2 -0.4 0.4 1.3 2.1 2.9 3.5 5.2 16 14.8 14.8 19 17.2 16.6 16.5 16.8 17.6 17.6 17.1 15.8 13.5 8.8 8.7 8.6 8.3 8.4 8.2 7.2 6.3 6.2 6.3 6.3 6.3 6.2 6.2 6.3 6.3 6.3 6.3 6.4 6.5 6.3 6 5.7 5.4 5.3 3.7 3.7 3.4 3.8 4.4 7.8 7.7 4 4 5.1 4.5 4.9 5.3 5.7 5.3 6.1 7.1 8.9 12.3 14.9 19.3 26.8 34.2 39.4 43.9
-3 -3 -3 -3 -3 -3 -3 -3 -3 -3 -3 -3 -3 -3 -3 -3 -3 -3 -3 -3 -3 -3 -3 -3 -2.5 -1.7 -0.8 0 0.8 1.6 2.5 3.3 3.6 11.4 14.8 14.6 19.5 18.1 17.9 17.6 17.9 18.1 17.4 16.9 16.8 8.7 8.4 8.4 8.4 8.4 8.5 8.5 7.2 6.5 6.2 6.2 6.2 6.3 6.1 6.2 6.2 6.3 6.3 6.3 6.5 6.6 6.3 6 5.7 5.4 5.4 5.5 3.1 4 3.9 4.1 4.1 4.2 4.3 3.6 6.7 6.2 4.5 4.7 5 5.1 6.1 7.1 8.5 10.3 12.2 16.8 22.6 27.2 32.3 37.3
-3 -3 -3 -3 -3 -3 -3 -3 -3 -3 -3 -3 -3 -3 -3 -3 -3 -3 -3 -3 -3 -3 -3 -3 -3 -2.1 -1.3 -0.5 0.3 1.2 2 2.8 3.9 5 14.6 14.5 21.6 19 18.5 18.5 17.8 17.3 17.2 16.9 10 8.4 8.4 8.4 8.4 8.4 8.4 8.6 7.7 7.3 6.8 6.2 6.1 6.2 6.2 6.2 6.2 6.2 6.3 6.4 6.5 6.6 6.2 6 5.7 5.4 5.4 5.7 5 4.5 4.2 4.4 4.4 4.1 4.2 4.1 3.7 4.4 5.4 6 6.6 7.3 7.8 8.5 8.5 8.7 11.2 14.2 18.6 22.7 27.2 31.9
-3 -3 -3 -3 -3 -3 -3 -3 -3 -3 -3 -3 -3 -3 -3 -3 -3 -3 -3 -3 -3 -3 -3 -3 -3 -2.6 -1.8 -1 -0.2 0.6 1.5 2.3 3.2 3.9 13.9 14.7 17 19.4 18.9 18.2 17.6 17.6 14.5 11.5 8.4 8.4 8.4 8.4 8.4 8.4 8.4 8.5 8.1 7.6 7 6.3 6.2 6.2 6.2 6.4 6.5 6.6 6.3 6.5 6.6 6.7 6.2 5.9 5.6 5.5 5.4 5.4 5.5 4.7 4.3 4.2 4.1 4.1 4 4.1 4.3 4.7 5.7 6 6.7 7.6 9.1 8.8 8.9 11 11.7 10.9 14.7 18.6 23.2 27.7
-3 -3 -3 -3 -3 -3 -3 -3 -3 -3 -3 -3 -3 -3 -3 -3 -3 -3 -3 -3 -3 -3 -3 -3 -3 -3 -2.3 -1.5 -0.7 0.1 1 1.8 2.7 3.6 7.8 14.9 14.7 19.5 18.8 18.3 18.1 15 12.8 8.9 8.4 8.4 8.4 8.4 8.4 8.4 8.4 8.4 7.9 7.5 7.1 6.4 6.3 6.2 6.2 6.5 6.7 6.7 6.4 6.6 6.7 6.7 6.2 5.8 5.6 5.5 5.4 5.4 5.4 4.5 4.4 4.3 4.2 4.1 4 4.2 4.5 4.9 5.6 6.1 6.6 7.6 8.9 9.4 10 12.1 12.8 11 12.3 14.7 18.2 23
-3 -3 -3 -3 -3 -3 -3 -3 -3 -3 -3 -3 -3 -3 -3 -3 -3 -3 -3 -3 -3 -3 -3 -3 -3 -3 -3 -2 -1.2 -0.4 0.5 1.3 2.2 3.1 4 15.1 14.6 20.5 18.7 15.4 15.9 17 12.2 9.8 8.4 8.4 8.4 8.4 8.4 8.4 8.4 8.3 7.8 7.4 7 6.6 6.3 6 3.8 6.5 6.5 6.5 6.6 6.6 6.7 6.7 6.1 5.8 5.7 5.6 5.5 5.4 5.4 4.9 4.6 4.3 4.3 4.2 3.7 4.4 4.7 5.1 5.7 6.3 6.9 7.8 8.9 9.6 12.1 16 14.9 13.4 11.2 14.5 16.6 18.3
-3 -3 -3 -3 -3 -3 -3 -3 -3 -3 -3 -3 -3 -3 -3 -3 -3 -3 -3 -3 -3 -3 -3 -3 -3 -3 -3 -3 -1.8 -0.9 0 0.8 1.7 2.6 3.6 7.7 17.3 14.7 15 14.9 15.7 16.6 13.7 9.1 8.4 8.4 8.4 8.4 8.4 8.5 8.3 8.1 7.8 7.4 7 6.7 6 5.5 2.5 6.6 6.6 6.8 6.7 6.6 6.7 6.7 6.1 5.9 5.9 5.8 5.7 5.4 5.4 5.3 5 4.7 4.4 4.5 4.3 4.3 4.6 5.2 5.9 6.6 7.2 8 8.7 8.9 10.3 14.4 15.9 14.8 11.2 14.3 16.9 18.6
-3 -3 -3 -3 -3 -3 -3 -3 -3 -3 -3 -3 -3 -3 -3 -3 -3 -3 -3 -3 -3 -3 -3 -3 -3 -3 -3 -3 -2.3 -1.4 -0.6 0.3 1.2 2.1 3 4 18.3 14.6 14.7 14.5 15.6 16 16.7 10 8.5 8.4 8.4 8.4 8.5 8.6 8.2 8 7.8 7.6 7.3 6.9 5.8 5.6 5.2 6.7 6.8 6.8 6.8 6.6 6.6 6.6 5.6 5.7 5.8 5.8 5.8 5.4 5.7 5.2 4.8 4.4 4.2 4.5 4.4 4.1 4.5 5.2 5.9 6.6 7.2 8 8.8 8.3 9.6 11.1 13.4 14.8 14.7 11.6 17.5 19
-3 -3 -3 -3 -3 -3 -3 -3 -3 -3 -3 -3 -3 -3 -3 -3 -3 -3 -3 -3 -3 -3 -3 -3 -3 -3 -3 -3 -3 -1.9 -1 -0.2 0.7 1.6 2.5 3.4 5.4 16.2 14.6 14.7 14.7 15.5 15.5 15.5 13.2 8.4 8.4 8.5 8.6 8.6 7.9 7.6 7.6 7.7 7.6 7 6.3 5.9 5.4 6.7 6.6 6.3 6.2 6.2 6 5.9 5.5 5.6 5.7 5.7 5.6 5.5 5.4 5.4 4.4 4.2 4.2 4.4 4.3 4.1 4.5 5.1 5.7 6.3 7.2 7.8 8.8 9 9.9 10.9 12.1 13.7 16.3 11.8 18 19.4
-3 -3 -3 -3 -3 -3 -3 -3 -3 -3 -3 -3 -3 -3 -3 -3 -3 -3 -3 -3 -3 -3 -3 -3 -3 -3 -3 -3 -3 -2.4 -1.5 -0.6 0.2 1.1 2 2.9 4.2 8.8 15.3 14.6 14.5 15 15.4 14.8 14.7 8.7 8.4 8.4 8.1 7.6 7.5 7.4 7.5 7.5 7.5 7.1 6.6 6.1 5.6 2.5 6 5.8 5.7 5.7 5.5 5.4 5.5 5.6 5.5 5.5 5.5 5.4 5.4 5.4 4.8 4.1 4.2 4.4 4.2 4.2 4.3 4.9 5.5 6.1 7 7.7 8.7 9.8 10.4 11.1 12.2 13.4 16.7 15.5 12.4 18.2
-3 -3 -3 -3 -3 -3 -3 -3 -3 -3 -3 -3 -3 -3 -3 -3 -3 -3 -3 -3 -3 -3 -3 -3 -3 -3 -3 -3 -3 -3 -2 -1.1 -0.2 0.6 1.5 2.3 3 5.1 14.1 14.7 14.8 14.8 15 14.8 13 8.6 8.4 8.1 7.4 7.6 7.6 7.4 7.3 7.4 7.3 7.1 6.8 6.4 5.9 5.3 2.5 5.5 5.6 5.8 5.6 5.4 5.4 5.4 5.4 5.4 5.4 5.4 5.4 5.4 5.3 4.1 4.2 4.3 4.2 4.2 4.1 4.7 5.3 5.9 6.8 7.6 8.7 10.3 10.9 11.4 12.5 13.6 16.4 15.2 12.2 15.5
-3 -3 -3 -3 -3 -3 -3 -3 -3 -3 -3 -3 -3 -3 -3 -3 -3 -3 -3 -3 -3 -3 -3 -3 -3 -3 -3 -3 -3 -3 -3 -1.6 -0.7 0.2 0.6 1 1.8 3 8.7 14.5 14.9 14.8 14.8 15.4 15.2 14.1 14.6 14.5 7.5 7.5 7.5 7.5 7.3 7.3 7.3 7.3 7.2 6.8 6.2 5.5 5.2 2.5 5.4 5.7 5.4 5.4 5.4 5.4 5.4 5.4 5.4 5.4 5.4 5.4 5.4 4.1 4.1 4.3 4.2 4.2 3.4 4.6 5.2 5.8 6.6 7.4 8.7 10 10.9 11.7 12.8 13.9 16.1 16.5 13.6 13
-3 -3 -3 -3 -3 -3 -3 -3 -3 -3 -3 -3 -3 -3 -3 -3 -3 -3 -3 -3 -3 -3 -3 -3 -3 -3 -3 -3 -3 -3 -3 -2 -1.5 -1.1 -0.7 -0.3 0.4 -0.4 3.4 13.9 14.6 14.8 14.8 15.3 15.5 15.2 15 14.8 9.5 7.6 7.4 7.2 7.2 7.2 7.4 7.6 7.5 7.1 6.5 5.8 5.4 2.5 2.5 5.4 5.4 5.4 5.4 5.4 5.4 5.4 5.4 5.4 5.4 5.4 5.4 4.7 4.1 4.3 4.2 4.2 4.1 4.4 5 5.6 6.3 7.2 8.5 9.6 10.6 11.7 12.9 14.1 15.2 17 18.2 12.4
-3 -3 -3 -3 -3 -3 -3 -3 -3 -3 -3 -3 -3 -3 -3 -3 -3 -3 -3 -3 -3 -3 -3 -3 -3 -3 -3 -3 -3 -3 -3 -3 -2.7 -2.3 -1.9 -1.5 -1.5 -3 0.7 7.7 14.5 14.7 15 15.3 15.7 15.5 15.1 15.1 14.9 14.2 7 7.1 7.1 7.1 7.1 7.4 7.3 7.3 6.9 6.4 5.7 5.2 2.5 3.7 5.8 5.4 5.4 5.4 5.4 5.4 5.4 5.4 5.4 5.4 5.4 5.3 4.1 4.3 4.3 4.2 4.1 4.3 4.8 5.4 6 7.1 8.2 9.3 10.3 11.5 12.6 13.5 14.4 15.8 16.6 14.2
-3 -3 -3 -3 -3 -3 -3 -3 -3 -3 -3 -3 -3 -3 -3 -3 -3 -3 -3 -3 -3 -3 -3 -3 -3 -3 -3 -3 -3 -3 -3 -3 -3 -3.1 -3.1 -3 -3 -1.2 1.4 5.5 14.3 14.8 14.8 15 15.3 15.5 15.2 15.2 15 14.7 7.3 7 7.1 7.1 7.1 6.7 6.7 8.4 7.1 6.7 6.1 6.1 5.5 2.5 5.3 5.8 5.4 5.4 5.4 5.4 5.5 5.5 5.6 5.4 5.4 5.4 4.1 4.3 4.3 4.2 4.2 4 4.7 5.2 5.8 6.7 7.8 8.9 10.1 11.1 12 12.9 13.7 15 15.6 16.7
-3 -3 -3 -3 -3 -3 -3 -3 -3 -3 -3 -3 -3 -3 -3 -3 -3 -3 -3 -3 -3 -3 -3 -3 -3 -3 -3 -3 -3 -3 -3 -3 -3 -3 -3 -3 -2.1 -0.8 1.2 3.3 13.9 14.9 14.9 14.9 14.9 15 15.1 15 15 14.8 13.4 6.7 6.9 7 6.9 5.9 6.3 7.8 12.2 6.8 6.7 6.9 6.4 4.6 4 5.4 5.4 5.4 5.4 5.4 5.5 5.7 5.7 5.5 5.4 5.4 5.2 4.2 4.2 4.1 4.1 3.9 4.4 5.1 5.7 6.4 7.4 8.5 9.4 10.3 11.4 12.4 15.5 17.7 18.6 16.6
-3 -3 -3 -3 -3 -3 -3 -3 -3 -3 -3 -3 -3 -3 -3 -3 -3 -3 -3 -3 -3 -3 -3 -3 -3 -3 -3 -3 -3 -3 -3 -3 -3 -3 -3.1 -2.8 -1.6 -0.3 0.9 2.4 8.6 14.9 14.7 14.6 14.5 14.6 14.6 14.6 14.9 14.9 14.6 6.2 6.5 6.7 5.6 4.6 4.6 6.2 5.7 6.3 5 5.9 5.8 6.3 4 4.3 5.4 5.4 5.4 5.4 5.5 5.6 5.7 5.6 5.4 5.4 5.4 4.1 4 3.9 3.8 3.8 4.5 5 5.5 6.1 7.1 7.9 8.5 9.3 10.4 11.7 15.2 18.4 19.5 17.5
-3 -3 -3 -3 -3 -3 -3 -3 -3 -3 -3 -3 -3 -3 -3 -3 -3 -3 -3 -3 -3 -3 -3 -3 -3 -3 -3 -3 -3 -3 -3 -3 -3 -3 -3.1 -2.4 -1.1 0.2 1.4 2.6 3.1 15.6 14.3 14.3 14.3 14.2 14 14.3 14.8 14.8 14.6 8.4 5.6 6.1 5.2 5.2 5 5.4 5.6 8.6 5.8 4.8 4.7 4.7 5.5 5.4 5.1 5.4 5.4 5.4 5.5 5.7 5.6 5.5 5.4 5.4 5.4 4.1 4 4 3.9 3.8 4.1 4.7 5.2 5.8 6.5 7.1 7.7 8.2 9 10.1 13.8 17.6 18.8 15.8
-3 -3 -3 -3 -3 -3 -3 -3 -3 -3 -3 -3 -3 -3 -3 -3 -3 -3 -3 -3 -3 -3 -3 -3 -3 -3 -3 -3 -3 -3 -3 -3 -3 -3 -3 -1.9 -0.6 0.4 1.3 2.2 3 10.3 9 14.4 14.2 14.2 14.3 14.3 14.4 14.7 14.5 14.2 13.4 11.8 6.4 5.8 6.1 6.4 6.1 7.5 6.6 5 4.6 4.7 4.7 5.7 5.1 5.5 5.4 5.4 5.5 5.7 5.6 5.5 5.4 5.4 5.4 4.8 4.2 4.1 4 4 4.1 4.6 5 5.5 6 6.4 6.8 7.2 7.8 8.9 11.3 15.5 18 14.8
-3 -3 -3 -3 -3 -3 -3 -3 -3 -3 -3 -3 -3 -3 -3 -3 -3 -3 -3 -3 -3 -3 -3 -3 -3 -3 -3 -3 -3 -3 -3 -3 -3 -3 -3 -1.7 -0.8 0.1 0.9 1.8 2.7 4.4 15.1 14.7 14.2 14.4 14.5 14.5 14.3 14.7 14.6 14.5 14.4 13.9 8.2 5.8 5.7 5.9 5.9 5.9 5.6 5.4 5 4.9 4.6 4.9 5 5.1 5.4 5.4 5.4 4.7 5.6 5.5 5.4 5.4 5.4 5.4 4.4 4.3 4.3 4.1 4 4.4 4.7 5.1 5.5 5.8 6.1 6.4 6.9 8.6 9.5 14.5 17 15.3
-3 -3 -3 -3 -3 -3 -3 -3 -3 -3 -3 -3 -3 -3 -3 -3 -3 -3 -3 -3 -3 -3 -3 -3 -3 -3 -3 -3 -3 -3 -3 -3 -3 -3 -3 -2.1 -1.2 -0.3 0.5 1.4 2.3 3.2 14.5 14.1 14.4 14.5 14.7 14.5 14.4 14.5 14.4 14.4 14.2 13.2 8.4 5.9 5.8 5.6 5.6 5.6 8.5 5.4 5.2 5.1 5.2 5.6 4.7 4.7 5.4 5.4 5.4 5.4 5.4 5.4 5.4 5.4 5.4 5.4 5 4.8 4.5 4.1 3.4 4.2 4.6 4.8 4.9 5.1 5.2 4.8 6.4 6.1 9.1 13 16.6 15.3
-3 -3 -3 -3 -3 -3 -3 -3 -3 -3 -3 -3 -3 -3 -3 -3 -3 -3 -3 -3 -3 -3 -3 -3 -3 -3 -3 -3 -3 -3 -3 -3 -3 -3 -3 -2.5 -1.6 -0.8 0.1 1 1.9 2.8 9.5 14.3 14.6 14.7 14.5 14.3 14.4 14.4 14.2 14.2 14.3 8.1 6.5 6.6 6.2 6 5.5 5.7 5.1 5.5 5.2 5.1 4.7 3.8 5.2 5.2 5.6 5.5 5.4 5.3 5.4 5.4 5.4 5.4 5.4 5.4 5.3 4.9 4.6 4.3 3.9 4.1 4.6 4.7 4.6 4.6 4 6.1 6.1 6.1 8.6 13 15.6 14.8
-3 -3 -3 -3 -3 -3 -3 -3 -3 -3 -3 -3 -3 -3 -3 -3 -3 -3 -3 -3 -3 -3 -3 -3 -3 -3 -3 -3 -3 -3 -3 -3 -3 -3 -3 -3 -2.1 -1.2 -0.3 0.6 1.5 2.4 3.2 14.5 14.7 14.8 14.4 14.1 14.2 14.5 14.5 14.4 14.3 12.3 7.2 6.8 6 5.9 5.9 5 4.7 5.3 5.1 5.2 5.6 5.1 5.8 6 5.9 5.7 5.5 5.4 5.4 5.4 5.4 5.4 5.4 5.4 5.4 5.1 4.7 4.4 4.1 3.8 4.2 4.3 4.3 3.8 6.1 6.1 6.1 6.1 6.1 11.2 14.2 14
-3 -3 -3 -3 -3 -3 -3 -3 -3 -3 -3 -3 -3 -3 -3 -3 -3 -3 -3 -3 -3 -3 -3 -3 -3 -3 -3 -3 -3 -3 -3 -3 -3 -3 -3 -3 -3 -1.6 -0.8 0.1 1.1 2 2.9 9.7 14.6 14.7 14.8 14.4 14.2 14.6 14.7 14.4 14.1 14.3 7.1 6.9 6.2 5.7 5.8 4.8 4.6 5.2 5.7 5.7 5.7 5.7 5.7 6.2 5.8 5.5 5.4 5.4 5.4 5.4 5.4 5.4 5.4 5.4 5.4 5.2 4.9 4.6 4.5 4.4 3.8 3.8 4 6.1 6.1 6.1 6.1 6.1 6.1 9.1 11.4 11.7
-3 -3 -3 -3 -3 -3 -3 -3 -3 -3 -3 -3 -3 -3 -3 -3 -3 -3 -3 -3 -3 -3 -3 -3 -3 -3 -3 -3 -3 -3 -3 -3 -3 -3 -3 -3 -3 -2.1 -1.2 -0.3 0.6 1.5 2.4 2.4 14.1 14.4 14.8 14.6 14.3 14.6 14.5 14.2 14.3 14.4 8.1 7.2 6.3 5.6 5.6 5.1 4.7 4.9 5.1 5.1 5.6 5.5 5.4 4.9 4.6 4.6 4.8 5 5.2 5.3 5.4 5.4 5.4 5.4 5.4 5.3 5.1 4.9 4.6 4.6 4.1 4.1 6.1 6.1 6.1 6.1 6.1 6.1 6.1 6.1 7.8 8.5
-3 -3 -3 -3 -3 -3 -3 -3 -3 -3 -3 -3 -3 -3 -3 -3 -3 -3 -3 -3 -3 -3 -3 -3 -3 -3 -3 -3 -3 -3 -3 -3 -3 -3 -3 -3 -3 -3 -1.6 -0.7 0.2 1.1 2 2.9 11.5 14.3 14.5 14.7 14.6 14.6 14.4 14.1 14.1 14.2 12.2 7.3 6.3 5.8 5.6 5.1 4.7 4.7 4.7 4.7 4.7 4.5 4.4 4.3 4.1 4.2 4.4 4.7 4.9 5 5.1 5.2 5.3 5.4 5.4 5.4 5.2 5 4.8 4.8 4.7 6.1 6.1 6.1 6.1 6.1 6.1 6.1 6.1 6.1 6.1 6.1
-3 -3 -3 -3 -3 -3 -3 -3 -3 -3 -3 -3 -3 -3 -3 -3 -3 -3 -3 -3 -3 -3 -3 -3 -3 -3 -3 -3 -3 -3 -3 -3 -3 -3 -3 -3 -3 -3 -2.1 -1.2 -0.3 0.6 1.5 2.5 4.6 13.9 14.2 14.5 14.6 14.6 14.4 14.3 14.4 14.2 14.1 7.5 6.3 5.7 5.6 5.2 4.6 4.5 4.5 4.6 4.6 4.5 4.3 4.2 4.1 4.2 4.4 4.6 4.5 4.7 4.9 5 5.2 5.3 5.4 5.4 5.3 5.1 4.6 5.7 6.1 6.1 6.1 6.1 6.1 6.1 6.1 6.1 6.1 6.1 6.1 6.1
-3 -3 -3 -3 -3 -3 -3 -3 -3 -3 -3 -3 -3 -3 -3 -3 -3 -3 -3 -3 -3 -3 -3 -3 -3 -3 -3 -3 -3 -3 -3 -3 -3 -3 -3 -3 -3 -3 -3 -1.7 -0.8 0.2 1.1 2.1 3 13.2 14.5 14.7 14.4 14.2 14.4 14.4 14.3 14.2 14.1 9.3 7.2 5.7 5.7 4.7 4.5 4.4 4.5 4.6 4.5 4.4 4.3 4.2 4.2 4.1 4.3 4.5 4.5 4.4 4.5 4.7 4.9 5.1 5.4 5.4 5.4 5.2 4.8 6.1 6.1 6.1 6.1 6.1 6.1 6.1 6.1 6.1 6.1 6.1 6.1 6.1
-3 -3 -3 -3 -3 -3 -3 -3 -3 -3 -3 -3 -3 -3 -3 -3 -3 -3 -3 -3 -3 -3 -3 -3 -3 -3 -3 -3 -3 -3 -3 -3 -3 -3 -3 -3 -3 -3 -3 -2.2 -1.2 -0.3 0.7 1.7 2.6 6.5 14 14.3 14.1 14.2 14.4 14.5 14.4 14.2 13.8 12.5 7.8 6.4 5 4.8 4.6 4.4 4.4 4.5 4.5 4.4 4.3 4.3 4.2 4.2 4.2 4.5 4.4 4.2 4.2 4.4 4.7 5 5.4 5.4 5.4 5.2 4.7 6.4 6.1 6.1 6.1 6.1 6.1 6.1 6.1 6.1 6.1 6.1 6.1 6.1
-3 -3 -3 -3 -3 -3 -3 -3 -3 -3 -3 -3 -3 -3 -3 -3 -3 -3 -3 -3 -3 -3 -3 -3 -3 -3 -3 -3 -3 -3 -3 -3 -3 -3 -3 -3 -3 -3 -3 -3 -1.6 -0.7 0.3 1.2 2.2 3.2 9.6 14.3 14.5 14.3 14.3 14.6 14.6 14.7 14.1 13.6 8.7 7.1 5.5 4.9 4.7 4.5 4.4 4.5 4.4 4.4 4.3 4.3 4.2 4.2 4.2 4.4 4.4 4.3 4 4.2 4.5 4.9 5.3 5.4 5.4 5.3 5 6.8 6.1 6.1 6.1 6.1 6.1 6.1 6.1 6.1 6.1 6.1 6.1 6.1
-3 -3 -3 -3 -3 -3 -3 -3 -3 -3 -3 -3 -3 -3 -3 -3 -3 -3 -3 -3 -3 -3 -3 -3 -3 -3 -3 -3 -3 -3 -3 -3 -3 -3 -3 -3 -3 -3 -3 -3 -2 -1.1 -0.2 0.8 1.8 2.7 8 8.3 14.6 14.4 14.4 14.6 14.6 14.2 13.9 13.7 10.9 7.9 6.2 5 4.6 4.6 4.6 4.4 4.5 4.4 4.4 4.3 4.3 4.2 4.2 4.3 4.3 4.3 4.1 4.7 4.4 4.8 5.2 5.4 5.4 5.4 4.8 3.7 6.1 6.1 6.1 6.1 6.1 6.1 6.1 6.1 6.1 6.1 6.1 6.1
-3 -3 -3 -3 -3 -3 -3 -3 -3 -3 -3 -3 -3 -3 -3 -3 -3 -3 -3 -3 -3 -3 -3 -3 -3 -3 -3 -3 -3 -3 -3 -3 -3 -3 -3 -3 -3 -3 -3 -3 -3 -1.6 -0.6 0.4 1.3 2.3 3.5 8.3 14.6 14.5 14.6 14.7 14.6 14.5 14.2 14.1 13.6 8.6 6.9 5.5 4.7 4.7 4.5 4.4 4.5 4.4 4.4 4.3 4.3 4.2 4.2 4.3 4.3 4.2 4.2 3.7 4.3 4.7 5.1 5.4 5.4 5.4 4.9 4.3 6.1 6.1 6.1 6.1 6.1 6.1 6.1 6.1 6.1 6.1 6.1 6.1
-3 -3 -3 -3 -3 -3 -3 -3 -3 -3 -3 -3 -3 -3 -3 -3 -3 -3 -3 -3 -3 -3 -3 -3 -3 -3 -3 -3 -3 -3 -3 -3 -3 -3 -3 -3 -3 -3 -3 -3 -3 -2 -1 0 1 1.9 2.9 8.5 13 14.5 14.4 14.7 14.4 14.3 14.2 14.3 14.4 9 7.8 6.3 4.8 4.6 4.4 4.3 4.5 4.5 4.4 4.4 4.3 4.3 4.2 4.2 4.2 4.2 4.2 3.7 4.2 4.6 4.9 5.3 5.4 5.4 5.3 4.8 6.8 6.1 6.1 6.1 6.1 6.1 6.1 6.1 6.1 6.1 6.1 6.1
-3 -3 -3 -3 -3 -3 -3 -3 -3 -3 -3 -3 -3 -3 -3 -3 -3 -3 -3 -3 -3 -3 -3 -3 -3 -3 -3 -3 -3 -3 -3 -3 -3 -3 -3 -3 -3 -3 -3 -3 -3 -3 -1.4 -0.4 0.6 1.6 2.5 6 7.9 14.7 14.1 14.5 14.1 14.2 14.1 14.1 14.3 11 8.4 6.8 5 4.6 4.3 4.3 4.5 4.5 4.4 4.4 4.3 4.3 4.2 4.2 4.2 4.2 4.2 3.9 4.5 4.4 4.8 5.2 5.4 5.4 5.4 5.1 6 6.1 6.1 6.1 6.1 6.1 6.1 6.1 6.1 6.1 6.1 6.1
