public/OST50/SS78.asc
ncols 200
nrows 200
xllcorner 270000
yllcorner 180000
cellsize 50
[rows 0 to 49 of 200, columns 96 to 191 of 200]
9.6 9.6 9.3 9.1 9 8.9 8.8 8.7 8.5 8.2 8 7.9 7.8 7.4 7 7 6.9 6.5 5.9 5.7 5.7 5.9 6 6 5.9 5.7 6 6.4 6.5 7.1 8.7 5.3 10.5 9.9 9.6 9.7 9.5 9.7 10 10.3 10.5 10.6 10.6 10.5 11.6 12.2 12.3 18.7 25.6 43.6 70.5 95.2 110.2 135.1 147.1 148.3 152.5 154.2 149.1 144.9 139.2 124.2 101.9 97.6 96.4 94.7 91.4 90 90.5 83 82 78 68.1 58.4 50.5 63.3 85.6 75.8 69 63.5 52.6 44.4 41.2 41.4 41.8 43.9 42.7 43.8 45 45.7 44.7 46.2 51.7 60.2 70.5 85.1
9.7 9.6 9.4 9.3 9.1 9 8.9 8.8 8.6 8.3 8.1 7.9 7.8 7.4 7 6.9 6.9 6.7 6.3 6.1 6 5.9 5.7 5.6 5.8 5.7 6.4 7.2 7 7.3 5.3 8.3 9.3 10.6 9 9.1 9.2 9.4 9.6 9.9 9.8 9.7 10.3 10.6 11.6 12.3 12.6 12.8 22.8 33.4 53.3 73.4 95.4 111.5 119 120 123 126.3 121.7 119.4 112 95.3 82.4 88.8 89.1 85.7 82 77.4 71.3 68.5 69 66.6 55.1 48.6 48.6 54.4 62.1 63.6 53.9 44.5 40.7 40.3 40.7 41 43.5 44.8 46.3 46.4 46.9 47.5 48 53.8 63.8 72.9 88.3 104.9
9.8 9.7 9.5 9.4 9.3 9.1 9 8.9 8.7 8.5 8.3 7.8 7.7 7.3 6.9 6.7 6.7 6.8 6.6 6.4 6.1 6.3 5.9 5.5 5.6 6.2 6.8 7.6 7.7 6.2 13.2 7.8 8 8.7 8.4 14.7 9.3 9 9.2 9.4 9.2 9.4 9.9 10.7 10.7 11.1 12.5 12.4 19.4 26.2 35.1 54 71.4 89.4 96.3 95.5 96.6 97.2 95.7 93.4 85.3 76.5 70.4 83.4 84.8 81.1 77.3 73.4 62.5 49.9 44.1 44.2 41.5 38.9 44.1 44.4 48.9 46 42.8 39.4 38.7 39.4 40.5 43.3 45.4 46.1 46.6 46.6 46.8 47.4 58 69.8 84 93.2 107.5 120.7
9.8 9.8 9.6 9.5 9.4 9.3 9.2 9.1 8.8 8.7 8.4 7.8 7.6 7.3 6.9 6.6 6.7 6.8 6.7 6.4 6.2 6.3 6.5 6.2 7.1 7.7 7.6 6.1 7.7 7.6 7.8 7.9 8 8 8.1 8.2 8.4 8.8 8.5 8.5 8.7 9.2 9.8 10.7 10.7 10.6 10.6 12.6 19.8 21.9 27.1 36 49.1 64.1 71.1 75.3 77 75.5 71.6 69.8 61.4 64.3 58.7 69.9 71.8 73.7 68.7 56.1 49.5 35.4 30.6 31.2 32.7 33.6 34.2 34.9 35.4 36.3 37.4 35.6 40.6 41.6 50.8 56.6 56 51 47 51.6 57.9 63.9 71.4 83.2 96.7 109.1 120.2 130
10 9.9 9.8 9.7 9.6 9.5 9.4 9.2 8.8 8.7 8.2 7.6 7.5 7.4 7 6.8 6.8 6.8 6.7 6.5 6.2 6.2 7.5 6.9 7.7 7.7 5.3 7.7 7.5 7.1 7.1 9.2 8.1 8.5 8.4 8.3 8 8.6 8.4 8.3 8.5 8.9 9.3 10.1 10.5 10.5 10.6 13 15.8 19.9 23.2 27.8 33.6 41.3 52.1 58.6 61.4 59 49.5 39.3 37.8 44.5 38.6 42.7 51.3 50.9 56.4 36.6 28.8 29.9 30.5 29.4 35.4 38.2 38.5 35 35.8 38.5 39.4 42.1 47.6 55.6 61.5 68.4 69.5 66.1 52.8 53.1 58.7 69.5 74.6 83.8 93.2 108.5 119.8 132.3
10.1 10 9.9 9.8 9.8 9.7 9.6 9.2 8.7 8.5 8 7.6 7.4 7.2 7.1 7 6.9 6.8 6.7 6.5 6.3 7.4 -3 -3 -3 7.6 7.6 7.5 7 6.6 7.7 8.3 8.2 8.8 8.7 8.4 7.6 8 8.3 8.1 8.2 8.8 8.6 9.1 9.7 10.4 10.5 12 13.6 16.1 20.3 23.3 27 32.8 39.4 47 49.7 47.5 36.1 25.3 21.1 20.8 24.7 23.9 25.7 26.7 26.6 27.6 27.8 28.8 27.3 42.3 46 48.2 47.1 44 44.7 45.6 47 48.5 53.8 58.8 66.9 74.6 77.6 79.8 76 68.3 60.6 54.2 62 69.5 77.5 90.8 106.1 120.5
10.2 10.1 10 9.9 9.8 9.8 9.5 8.9 8.6 8.3 7.9 7.6 7.3 7.1 7.1 7 8.8 10.1 6.7 6.2 -3 -3 -3 -3 -3 7.3 7.3 6.9 6.4 6.6 8.7 7.5 8.3 9.1 9.1 7.9 8.4 7.3 7.9 7.7 7.9 8.4 8.4 8.9 9.2 9.7 10.7 12 12.7 14.6 22.7 20.3 24.5 28.2 32.7 38.4 41.6 36.1 21 23.7 23.8 24.4 26.4 27.3 26.6 28.6 29.5 30.1 30.7 40.1 45.4 46.5 48.2 50.6 49.9 49.2 49.3 51.8 53.6 54.4 55.9 61.2 69.4 76.3 83.9 92 94 91.5 85.7 78.6 66.1 62.8 69.1 79.5 91.4 105
10.3 10.2 10.1 10 9.9 9.7 9.3 8.7 8.4 8.1 7.9 7.7 7.3 7.1 7.1 7.1 6.9 -3 -3 -3 -3 7 6.9 7.4 7.6 7.3 7.2 7.1 6.8 7.7 8.5 7.1 8.8 9.4 6.8 7.3 8.3 7.2 7.8 7.6 7.8 8 8.6 8.9 10.5 11.5 11.4 12 12.7 14.1 15.9 24 20.9 24.9 27.1 29.7 28.6 19.8 22.1 23.3 24.6 32.4 40.3 44.5 42.1 43.2 48.8 51 51.6 50.4 49.8 50.4 52.2 54.1 54.8 54.5 56.5 58.1 59.9 62.4 64.4 63.9 67.2 76.7 87.2 97.7 104.5 106.7 106.2 102.8 92.8 80.2 67.9 68.2 72.5 82.2
10.4 10.3 10.2 10.1 10 9.6 9.1 8.5 8.3 8.3 7.6 7.5 7.2 7.1 7.2 7.2 -3 -3 -3 7.4 7.3 7.2 7.1 7.2 7.1 7.3 7.7 7.5 6.8 7.9 7.1 7.9 9.1 9.5 8.6 7 7.4 7.3 7.2 7.5 7.4 7.5 8.1 8.8 10.7 11.9 12.4 12.9 12.9 14.3 14.9 16.7 17.7 20.7 23.5 24.5 19.1 21.3 21.9 24 28.6 43.1 52.6 54.1 58.8 60.3 63.7 65.9 61.9 58.2 57.6 57.4 58.5 59.5 61.8 61.1 63.4 65.4 68.1 70.5 75 77 75.9 80.5 87.5 97.5 108.9 115.4 120.1 120.9 115.8 102.9 87.6 72.9 84.5 90.4
10.3 10.4 10.5 10.4 10.3 9.4 9.1 8.5 8.4 9 7.7 7.4 7.1 7.1 7.2 -3 -3 6.5 7.1 7.4 7.5 7.5 7.7 7.4 7.4 7.4 7.6 7.4 7.1 6.4 6.4 7.4 7.5 8.8 6.7 6.9 6.8 6.8 6.9 7.7 7.6 7.2 7.9 8.8 9.9 11.3 12.9 12.9 13.3 14.1 14.7 16.5 23.9 18.9 21.7 21.7 20 20.4 21.4 25.6 41.5 51.4 58 66.5 75 76.7 77.6 79.9 75.6 70.1 69.4 68.3 67.9 66.6 65 68.3 71.3 75.4 78.2 81.5 84.4 84.7 85.5 87.7 93 104 110.5 121.4 129.8 134.1 133.8 125.5 107.8 86.6 85.5 104.3
10.2 10.2 10.4 10.5 10.2 9.2 9.1 8.6 8.1 8.5 10 7.6 7.2 7.1 6.4 -3 4.7 7.2 7.6 7.5 7.5 8.4 8.1 7.7 7.4 7.1 7.3 7.3 7 7.7 7.5 7.3 7.6 7.2 7.3 7.1 6.9 6.8 7.3 7.5 7.9 8.1 8.3 9 9.8 11.1 12.3 12.7 13.2 13.8 14.8 16.4 16.4 22 19.4 16.8 18.6 20 21.4 35.4 48.8 57.1 63.8 70.6 77.5 82.9 88.3 90.2 84.5 80.9 86.4 90 86.6 78.6 77 80.9 87 91.1 92.9 93.2 93.2 93.1 93.9 97.8 105.4 115 120.3 127 136.6 144.9 148.2 141.2 124 98.8 86 105.2
10.4 10.2 10.3 10.1 9.5 9.7 9.8 9.5 8.6 11.5 11.2 8.3 7.4 7.4 -3 -3 6.6 7.3 7.5 7.5 7.5 8.6 8.5 8.2 7.8 7.4 7.3 7.3 7.4 7.7 7.3 7.2 7.4 7.5 7.4 7.3 7.5 7.6 7.9 7.7 7.1 8.1 8.4 9.2 9.8 10.8 11.8 12.7 13 14.3 14.8 16.1 16.5 23.6 18.1 17 17.9 19.3 25.7 44 55 62.6 70.2 77.9 87.6 94.3 98.3 98.6 93.6 92.1 95 100.3 101.7 99.6 89.3 92.6 101.5 102.3 102.5 102.9 103.7 107.7 112.1 115.1 121.6 127.6 138.2 144.5 146.8 154.8 161.1 159.1 136.8 110 86.6 101.6
10.6 10.3 10 9.7 10.1 10.3 10.4 11.1 11.7 11.2 10.6 8.7 7.7 6.7 -3 1.9 7.4 7.5 7.5 7.5 7.5 8.1 8.1 8.6 8.1 7.7 7.8 7.6 7.4 7.3 7.1 7.3 7.3 7.6 7.6 7.4 7.6 7.2 7.3 7.8 6.6 7.4 8.6 9.1 9.6 10.7 11.7 12.3 13 14.2 15 15.9 16.2 16.5 16.4 16.6 17.6 20 39.9 56.8 66.5 73.9 85.3 94.6 99.9 102.3 104.3 103.3 100.5 101 103.2 105.1 106.9 107.4 105 103.6 108.1 111.9 114 118.2 123.5 128.9 132.7 136.2 139 149.9 156.7 161.7 162 164 168.6 166.4 145.1 119.5 97.1 103.6
10.9 10.5 9.7 10.3 10.6 10.8 10.9 11.4 11.3 10.7 10 10.3 9.8 8.3 -3 -3 7.2 7.5 7.5 7.5 7.5 7.5 7.6 8 8.5 8.1 7.4 7.5 7.3 7.4 7.5 7.5 7.5 7.5 7.5 7.5 7.5 6.9 6.7 7.5 6.9 6.9 8.5 8.9 9.4 10.2 11.1 12 12.9 13.9 14.7 15.6 15.8 16.2 15.4 15.6 17.4 26 53.6 71.1 85.1 97.6 101 102.6 104.3 107.1 110.3 109.5 108.6 110.7 113.8 115 117 117.4 115.7 114.5 119.7 124.8 130.8 141.3 146.8 150.8 154.7 159 161.3 169 172.4 174.4 175.1 174.6 175.3 171.8 155.2 133.5 110.4 102.3
10.8 10.3 10 10.4 10.8 11.2 11.3 11.4 11.2 11 10.8 10.8 10.9 10.3 -3 -3 7.2 7.5 7.5 7.5 7.5 7.5 7.5 7.5 7.1 8.2 8.5 7.5 7.5 7.5 7.5 7.5 7.5 7.5 7.5 7.5 7.5 7.4 7.5 7.6 7.6 8.3 7.9 8.8 9.4 10 10.7 12.1 13 13.6 14.4 14.8 15 15.1 14.9 15.5 17.9 36.1 61.2 89.8 100.2 103.1 104.8 106.9 111.5 115.3 119 121.5 124.5 128.5 134.5 140.3 139.8 132.5 129.8 131.4 135.8 149.7 156.7 166.3 172.2 177.1 181 183.8 183.6 184.7 186.6 187.7 187.3 185.9 184.1 180.7 166.8 151.1 133.4 113.8
10.3 10.5 10.6 10.6 11.4 11.5 11.5 11.5 11.5 11.3 11.2 11.1 11.2 9.6 -3 -3 7.2 7.2 7.5 7.5 7.5 7.5 7.5 7.5 7.5 7.5 7.1 8.3 7.9 7.5 7.5 7.5 7.5 7.5 7.5 7.5 7.3 7 7 7.1 7 6.2 9.7 8.3 9.5 9.8 10.5 11.4 12.3 13.1 13.7 14 14.2 13.8 14.4 15.6 17 36.3 59.5 88.1 102.3 104.9 108.9 117.8 124.9 132.7 137.2 141 146.6 150.5 156.1 159.9 159.8 157.4 155.4 158.5 154.2 171.5 180.7 188 193.1 195.5 196.5 197 196.3 195.6 197 198.4 197.8 195.4 194.5 192.6 183.8 171.1 155 136.2
9 10.9 11.3 11.4 11.7 11.6 11.6 11.6 11.6 11.6 11.4 11.3 11.3 -3 -3 6.8 7.8 8 7.8 7.5 7.5 7.6 7.5 7.5 7.5 7.5 7.5 7.5 7.4 7.6 7.6 7.5 7.5 7.5 7.5 7.5 6.7 6.6 6.9 7.2 6.8 6.9 9.1 8.3 9.7 9.6 10.2 10.6 11.4 12.2 13 13.2 13.5 13.6 13.7 14.5 16.5 32.9 55.8 76.9 98.5 107 119.6 132.4 147.3 155.4 157.9 161 164.6 168.8 174.8 178.1 180 179 177.8 178.4 174 183.7 195.3 200.3 203.7 205.3 206.5 206.7 205.4 204.1 206.3 207.2 207.8 206.4 205.2 203.4 200.7 188.4 173.6 155.7
6.6 11.1 11.5 11.6 11.7 11.7 11.6 11.6 11.6 11.5 11.5 11.4 11.2 -3 -3 7.2 8.5 8.8 7.8 7.5 7.6 7.5 7.4 7.5 7.5 7.5 7.5 7.5 7.5 7.5 7.6 7.5 7.5 7.5 7.5 7.5 6.4 6.4 6.4 7.4 7.1 7.5 7.5 8.1 8.7 10.1 9.9 10.4 10.9 10.9 11.5 12.5 12.4 12.9 13.3 14.1 15.7 27.9 46.6 65.6 87.1 108 125.8 148.7 162.2 169.9 174.8 177.5 182.1 185.1 187.9 189.6 190.9 191.1 190 192.8 194.5 193.3 203.2 207.8 210.7 212.8 214.9 215.8 214.6 215.2 216.9 218 217.6 215.9 214.3 213.7 212 205.6 193.7 182.3
4.8 6.6 11.6 11.4 11.6 11.7 11.7 11.7 11.5 11.2 11.5 11.4 10.4 -3 -3 8.1 8.4 8.7 8.4 8.1 8.2 7.7 7.6 7.2 7.4 7.5 7.6 7.5 7.5 7.5 7.5 7.5 7.4 7.5 7.5 7.4 6.3 6.5 6.6 6.8 7.6 7.5 7.7 9.7 7.8 8.8 9.6 10 10.5 10.5 10.4 11.4 11.7 12.1 12.7 13.5 14.2 26.8 39.9 56.5 73.3 100.2 119.3 146.3 168.4 177.1 186.9 189.3 191.3 194 196 197.6 199 200.7 202.6 204.8 205.9 206.6 208.9 213.1 215.9 218.3 220.6 221.7 223.7 223.9 224.2 224.6 225 224 223.7 225 225.4 222.1 214.1 202.4
3.6 4.9 10.1 11.2 11.3 11.5 11.6 11.6 11.6 11.6 11.5 11.5 7.4 -3 4.5 7.8 8.2 8.5 8.3 8.7 8.4 8.1 8.1 7.3 7 7.5 7.5 7.5 7.5 7.5 7.5 7.5 7.5 7.5 7.5 7.1 6.6 6.7 6.9 6.9 7.4 7.5 6 6.3 5.6 8.5 8.7 9.6 9.7 10.2 10 11.1 11.4 11.7 12.1 13.3 14.1 22.7 32.9 48.9 62.3 84.5 109.5 137.3 164.2 178.7 191.3 194.9 197.2 199.2 201.2 202.6 204.9 206.9 208.8 210.5 212.1 213.3 214.6 217.3 219.8 222.6 225 227.5 231 231.4 230.7 230.3 231.1 232.2 234.5 235.9 235.5 233.2 229.5 222.1
3.3 3.3 5.5 12 12.1 11.3 11.1 11.3 11.5 11.5 11.6 11.4 -3 -3 7.1 7.7 8.1 8.3 7.9 8.6 7.6 7.5 7 7.4 7.5 7.5 7.5 7.5 7.5 7.5 7.5 7.5 7.5 7.5 7.5 6.9 6.6 6.8 6.8 6.7 6.7 6.8 7.1 7.1 10 7.7 8 10.6 8.7 9.5 10 10.4 11 11.2 11.5 12.1 15.4 21.4 24.6 44 55.2 72.7 99.8 125.4 154.8 177.5 192.1 197.1 200.4 203.3 204.7 206 208.8 210.6 213 215.4 216.6 217.9 218.6 220.4 222.6 225.9 228.8 231.8 235.2 236.1 235.4 234.9 236.7 239.3 241.4 243 242.3 240.7 238.6 234.9
3.3 3.3 3.3 6.4 13.6 12.3 10.9 10.9 11.1 11.3 11.4 9.7 -3 -3 6.6 7.5 7.3 7.5 7.5 7.5 7.5 7.5 7.5 7.5 7.5 7.5 7.5 7.5 7.5 7.5 7.5 7.5 7.5 7.5 7.5 7.5 7.5 6.9 6.8 6.7 7 7.4 7.5 7.5 7.5 10 8.2 8.1 8.1 9.9 9.8 10 10.3 10.5 11 11.8 16.1 21.3 29.8 38.9 51.4 67.1 89.1 118.1 147 173.4 189.7 197.3 201.7 204.4 205.9 208.3 211.1 213.1 216.3 218.3 220 221.4 222.1 223 224.2 227.2 230.8 234.3 237.8 239.3 238.6 237.8 239.7 243.2 245.7 246.5 246.2 245.3 243.2 240.7
2.3 2.1 2.4 4.1 10.2 13.7 10.7 10.8 10.8 10.7 10.6 6 -3 -3 6.6 6.7 7.5 7.5 7.5 7.5 7.5 7.5 7.5 7.5 7.5 7.5 7.5 7.5 7.5 7.4 7.3 7.4 7.3 7.5 7.5 7.5 7.5 7.5 7.5 7.3 7.2 7.5 7.5 7.5 7.6 7.9 7.7 8.6 9.2 9.1 9.5 9.4 9.5 9.5 10.1 11.5 15.1 19 26.1 35 49.2 61.7 84.3 113.9 138.4 166.8 188.3 195.9 199.1 203.3 206.8 208.9 210.8 213.6 216.4 218.8 221 222.1 223.2 223.8 225.2 227.9 231.8 235.4 238.6 241 241 240.4 241.4 244.6 247.5 249.2 248.9 248 246.6 244.3
0.9 0.8 1.4 3 5.4 14.4 10.4 10.3 9 5.3 6.3 1.9 -3 -3 6.7 6.7 7 7.5 7.5 7.5 7.5 7.5 7.5 7.5 7.5 7.5 7.5 7.5 7.2 7.4 7.6 7.6 7.5 7.5 7.5 7.5 7.5 7.5 7.5 7.5 7.5 7.5 7.5 7.5 7.7 8 11.2 11.3 7.7 11.9 9.7 9.5 9.1 8.8 9.7 11.2 14.1 17.6 22.8 32.1 45.3 58.1 82.3 113.9 134.8 160.3 178.8 180 187.8 203.4 206.1 208.6 210.5 213 215.7 218.1 220 221.5 222.8 223.5 224.8 227.7 231.3 235.8 239.1 242.1 242.7 243.2 243.4 246 248.4 250.3 251.5 250.5 249 246.9
-0.5 -0.5 0.3 2.3 3.7 10.5 5.3 3.7 3 2.1 0.9 -0.4 -3 -3 6.4 6.8 6.7 7.5 7.5 7.5 7.5 7.5 7.5 7.2 6.5 6.8 6.9 7.4 7.3 7.8 7.9 8 7.7 7.6 7.5 7.5 7.5 7.5 7.5 7.5 7.5 7.5 7.5 7.5 7.6 7.7 10.8 11.2 7.8 7.5 11.9 9 8.5 8.4 9.1 10.1 13.2 15.7 19 33 40.3 57.1 80.3 113.5 132.1 153.3 172.7 178.8 180.7 201.7 203.8 206 208.7 211.8 214 215.7 216.3 218.3 219.4 220.1 222.7 226.5 231.1 234.8 238.6 242.4 243.6 244.4 245.2 246.9 249.2 251.4 253.1 252.9 251.3 249.2
-1.9 -1.7 -1.1 0.9 1.8 2.1 1.4 0.4 -0.7 -3 -3 -3 -3 -3 9.1 9.7 7 7.5 7 6.6 7.5 7.7 7.8 7.9 8 10.2 11.7 8.5 8.4 8.2 8 8.4 7.9 7.6 7.4 7.5 7.5 7.6 7.5 7.5 7.5 7.5 7.5 7.5 7.5 8.3 7.9 7.8 9.6 7.8 7.9 10.6 7.9 8 8.3 8.7 10.7 12.9 14.6 27.1 35.6 52.4 71.7 101.5 124.8 144.3 165.5 177.3 180.5 198 199.7 201.2 204.6 208.1 208.5 210.8 211.6 210.3 210.8 215.8 220.6 225.1 230 233.7 237.9 241.8 244.2 245.3 246.3 247.5 249.8 252.3 254.7 254.8 253.1 250.9
-3 -3 -3 -3 -3 -0.9 -3 -3 -3 -3 -3 1.5 2.8 10.2 10.2 9.4 7.4 7.8 7.9 8.3 8.2 8.3 8.4 8.3 10.4 12.2 9.6 8.9 8.7 8.6 8 7.9 7.6 7.5 7.4 7.6 7.8 7.8 7.7 7.5 7.5 7.5 7.5 7.6 7.6 7.8 8 7.8 7.8 9.1 7.7 8.3 7.3 6.6 7.1 7.6 8.5 10.5 11.7 18.9 34.7 46.6 62.7 85.5 114.2 133.4 153.3 167.8 175.7 191.3 189.3 182.4 187.5 194.4 197 196.9 193.9 186.5 192.8 211.9 219.4 223.9 228.3 232.8 237.3 241.3 244.1 245.4 246.6 247.4 250 252.7 255.3 255.7 253.8 251
-3 -3 -3 -3 -3 -3 -3 2.4 8.2 7.5 8.2 10.3 13.6 9 10 8.8 8.5 8.2 8.5 9.8 9.6 8.9 11.5 13.1 13.1 10.6 9.4 8.3 8.2 8.1 7.9 7.8 7.7 7.5 7.3 7.5 7.7 7.8 7.4 7.6 7.7 7.5 7.5 7.6 8.5 7.9 8.1 7.9 8.2 8.5 8.8 8.3 13.8 5.4 6.5 7.1 7.7 9.1 11.2 15 27.5 35.5 53.1 70.2 96.7 118.6 138.9 153.5 162.7 174.3 170.2 155.5 158.4 165.7 173 175.7 170 176.7 205.6 214.9 219.8 223.6 228 232.4 236.8 240.6 243.8 245.3 246 246.7 248.7 251.5 254.7 255.5 254 251.3
-3 -3 -3 -3 -3 -3 7.3 7.3 7.5 8.1 8.4 11.1 5.1 4.3 7 8.7 8.9 8.9 9.2 9.3 9.4 9.5 9.6 10.1 10.8 10.8 9.3 9.5 8.5 7.8 7.7 7.5 7.6 7.5 7.3 7.5 7.7 7.8 8.3 8.3 8.3 7.6 7.5 8 7.8 7.7 8.6 8.4 8.4 9.2 8.8 8.6 8.3 10.3 5.5 6.5 7.2 8.4 11.1 14.8 20.5 32.2 39.1 56.8 69.7 98.1 116.5 128.5 138 142.3 137.4 132 133.8 137.4 140.8 145.5 151.9 178.5 207.3 215.5 219.8 223.5 227.7 232.1 236.2 239.6 242.7 245 245.6 245.7 246.7 249 251.9 253.9 252.8 249.7
6.8 3.2 2.9 2.7 2.5 2.5 3 3.3 3.5 7.1 8.1 4.3 4.3 4.5 9.3 9.3 9.3 9.3 9.3 9.2 9.2 9.2 9.4 9.7 10.2 10.7 16.4 13.9 10.8 9.5 10.1 9.9 9.2 7.3 7.2 7.4 7.6 8 8.6 8.5 8.3 7.7 8.1 8.5 8.2 8 7.9 8.7 9.1 8.9 8.8 8.4 8.5 5.6 9.8 6.5 7.1 7.7 10.7 13.5 18 21.8 34.6 39.3 54.1 69 92.5 104.3 116.5 115.8 110.5 109.6 112.9 118.9 127.2 140.4 166.9 192 209.4 215.9 219.8 223.4 227.4 231.3 234.9 238.4 241.4 243.5 244.5 244.5 244.5 246.1 248.5 250.5 250.4 247.9
-3 -3 0.1 0.4 0.6 0.9 1.7 2.5 3.3 4.4 7.2 5.5 5.3 6.3 8.4 9.2 9.4 9.7 9.5 9.2 9.2 9.2 9.1 9 8.9 10 15.3 17.9 20.2 21.5 20.2 17.8 10.8 9.8 10.5 9.6 7.5 8.1 8.4 8.3 8.2 7.9 7.5 8.1 7.2 7.3 7.3 7.7 8.6 8.9 8.3 8.2 8.5 7.2 15 6.4 6.6 6.9 8.7 11.3 15.4 18.9 22.2 34.2 38.4 53.3 67.1 87 94.5 93.5 92.3 104.7 119.1 128.8 142.1 162.3 182.6 201.6 210.4 216.4 220 223.5 227.1 231 234 236.6 239 240.9 242.3 242.7 242.2 242.6 244.3 246.1 246.5 243.9
-3 -3 -3 -1.7 -1.2 -0.5 0.3 1.3 2.6 3.6 5.6 9.9 5.8 6 9.1 8.5 8.9 9.9 9.4 8.6 8.7 9.1 8.7 8.4 8.3 8.8 9.3 8.9 8.7 9.4 9.1 10.2 16 20.3 11 12.8 9.2 10.7 10 8.4 8.6 8.2 7.6 8.3 7.4 7.3 7.4 7.7 8.7 8.7 8.1 7.8 8 8.7 9.2 9.5 6.4 6.5 7.3 9.2 12.5 15.6 18.4 26.1 34.6 38.7 53.1 63.9 79.2 79.6 90.2 106.2 125.7 142.6 166.5 186.3 197.8 204.8 210.6 216.8 220.4 223.5 227.2 230.1 232.7 234.9 236.4 238.2 239.5 240.2 239.5 238.9 240 241.7 242.2 240
-3 -3 -3 -3 -3 -1.8 -0.8 0.5 1.8 3.1 4.4 7.1 6.1 6.8 8.2 10 9.4 9.5 8.9 8.6 8.6 8.6 8.6 8.8 8.8 8.4 8.7 8.6 8.7 8.7 8.9 9 8.8 8.9 10.1 9.9 9.4 8.8 8.8 11.2 11.6 8.8 7.1 7.3 7.2 7.3 7.4 7.8 8.4 8.2 8 7.8 7.6 9.1 10.6 9 6.1 6.1 6.5 7.6 9.7 13.8 16.8 22 26.4 35.2 39.4 51.9 62.3 74 89.6 113.5 131.1 156 183.3 193.2 200.8 206.2 211.8 217 220.8 223.7 226.4 229.1 231.1 232.9 234.2 235.5 236.3 236.5 236 235.5 235.3 236.1 236 234.1
-3 -3 -3 -3 -3 -3 -1.6 -0.3 1 2.2 3.2 6.5 5.6 8.2 8.4 8.5 9.2 9.8 9.6 9 8.9 8.9 8.9 8.7 8.6 8.7 8.5 8.4 8.5 8.9 9.2 9.3 9.1 9.4 9.8 9.7 8.5 8.2 8.1 13.1 15.9 8.1 7.4 12.4 6.7 7 7.5 7.9 8.5 8 7.7 7.6 7.4 7.9 10.2 8.7 8.6 6.2 6.4 6.8 8.8 11 13.9 17.2 23 29.2 37.2 42.2 54.7 74.3 92.1 114.2 131.7 151.7 177.6 192 200.6 205.9 211.6 216.9 220.3 223.1 225.5 227.8 229.4 230.7 231.7 232.6 233.1 232.8 232.1 229.7 229.2 229.6 229.8 228.8
-3 -3 -3 -3 -3 -3 -3 -1.2 0.2 1.4 2.7 3.7 5.6 7.5 8.5 8.9 9.3 9.5 9.4 9.2 9.3 9.1 8.8 8.5 8.8 8.7 8.5 8.3 8.2 8.5 9.1 9.4 9.7 10.2 9.5 9.8 9.6 8.7 8.1 8.2 8.4 8.9 8.6 7.7 6.8 12.2 7 7.4 8.1 7.7 7.6 7.4 7.2 8 8.9 8.6 8.7 6.2 6.3 6.7 8.1 10.2 12.2 15.6 20.5 26.2 33.1 39.3 44.4 62.9 80.3 96.1 122 141.4 163.6 184.5 199.3 204.3 210 215.4 219.7 222.3 224.4 226.4 227.2 228.1 229.1 229.5 229.9 229.4 226.8 216.7 213.8 222 223.6 222.9
-3 -3 -3 -3 -3 -3 -3 -2.2 -0.9 0.5 1.9 3.2 6.9 8.6 8.1 8.9 9.4 9.7 9.1 9.3 9.1 8.9 8.8 9 9.7 9.7 9.3 9.7 9 9.3 9.4 8.7 9.3 10.2 8.7 8.7 9.2 8.8 8.5 8.6 8.4 8.5 8.7 8.3 7.5 7.1 6.7 12.3 7.4 7.5 7.8 7.6 7.3 8.2 8.9 7.4 7.6 7.7 6.3 6.6 7.1 9.2 11.2 13.9 18.8 23.9 28.5 31.3 40.1 50.9 68.6 85.4 112.8 130.5 148.9 169.3 188.4 199.7 206.1 212.7 217.5 220.1 221.3 223.4 224.7 225.6 226 226.4 226.3 225.1 221.2 204.2 188.2 200.3 213.8 217.3
-3 -3 -3 -3 -3 -3 -3 -3 -1.9 -0.6 0.8 2.4 3.8 7 7.6 8.8 9.3 9.6 9.3 9.1 8.8 8.8 8.8 8.7 8.6 9 9.3 9.4 9.2 9.2 9.9 9.9 10 10.4 11.4 12.9 10.9 10.1 9.5 9 8.9 8.6 8.8 8.7 7.4 7.6 7.2 6.9 6.7 12.2 11.9 7.8 7 8.2 7.8 6.9 6.9 7.6 6.3 6.6 6.9 8.6 10.7 12.7 16.3 20.6 24.2 26.2 29.3 40.5 56.7 74.4 97.9 119.6 134.8 148.9 173 187.8 199.4 208.5 214.2 216.8 218.2 219.4 220.7 222 222.9 223.3 222.8 221.6 217.9 204.6 177.1 173.5 191.5 206.5
-3 -3 -3 -3 -3 -3 -3 -3 -3 -1.6 -0.2 1.5 3.5 7.5 6.7 8.3 9.3 9.6 9.2 9.6 9.1 8.9 8.8 8.7 8.5 8.7 9.1 9 8.4 9 9.3 9.6 9.9 9.2 10.7 13 13.5 10.9 10.2 10 9.6 8.6 8.6 7.9 7.2 7.4 7.3 7.3 7.1 7.4 7.1 12 7.3 8.3 7.5 7.6 6.9 7.3 7 6.5 6.8 7.7 9.8 11.8 14.7 17.7 19.8 21.2 22.1 32.8 40.6 61.4 78.4 102.9 118.5 133.7 151.4 171 188 200.6 208 211.2 212.3 214 215.3 216.4 218.4 219.9 219.2 215.3 208.8 201.2 177.8 145.7 163.4 185.8
-3 -3 -3 -3 -3 -3 -3 -3 -3 -3 -1.3 0.7 2.9 6.5 6.8 7.3 9.2 9.5 9 9.7 9.9 9.4 8.9 8.7 8.5 8.3 8.9 8.7 8.8 8.8 9.2 9.2 8.7 8.5 9.3 9.4 9.5 9.5 9.7 11 9.8 8.6 9.4 9.2 7.5 7.4 7.4 7.6 7.3 7.4 7.3 7.1 10 7.7 7.5 6.7 6.9 7.1 7.4 6.4 6.6 6.8 8.3 10.2 11.6 14.2 15.6 16.6 18 22.2 36.6 43.7 64.1 77.8 99.1 118 133.5 150.7 174.5 189.4 197.1 200.9 201.7 204.7 206.3 207.8 211.3 210.4 201.4 189.9 181.2 176.5 165.3 139.9 139 163.3
-3 -3 -3 -3 -3 -3 -3 -3 -3 -3 -3 -0.2 1.8 3.6 7.6 7.1 8.1 9.1 7.7 9.5 9.5 9.3 9 8.8 8.8 8.5 8.3 8.4 8.2 8.9 9.1 9.2 8.5 8.9 8.8 9.1 8.6 8.8 8.2 9 9.2 9.2 10.2 7.7 7.6 7.7 7.7 7.7 7.5 7.3 7.3 7.4 7.7 7.9 7.4 7 7 6.9 7.2 7.2 6.3 6.5 6.9 7.5 9.3 11.2 12.4 13.6 14.7 18 25.1 41 47.6 58.5 72.3 95.2 117.6 135 153.4 169.1 178 179.5 181.2 182.4 182.5 183.4 186.7 183.9 173.1 158.6 148.4 142.2 134.8 121.8 120 146.8
-3 -3 -3 -3 -3 -3 -3 -3 -3 -3 -3 -1.5 0.6 2.9 6.9 6.7 8.1 8.4 8.9 9.5 9.2 9.2 9.2 8.6 8.9 9 8.7 8.8 8.9 9.2 9.3 9.4 8.1 9.2 8.8 8.9 8.9 8.6 8.7 8.9 10.4 10.1 10.9 7.5 7.5 7.5 7.5 7.4 7.3 7.3 7.4 7.5 7.5 10.5 7.5 7.2 6.9 9.8 7 7.3 6.7 6.2 6.4 6.8 7.6 9.2 10.5 11.6 12.9 15.1 21.2 31.7 41 50.7 63 81.3 105.3 120.8 132.3 142.6 155.3 157.1 157.5 159.3 157.6 153.9 156.2 152.7 140.7 127.8 117.4 112.3 106.6 99.5 105.4 124.2
-3 -3 -3 -3 -3 -3 -3 -3 -3 -3 -3 -3 -0.8 1.4 4.1 6.7 8.1 7.9 8.6 9.7 9.4 9.4 9.2 8.7 8.9 9.2 9 9.4 9.6 9.4 9.4 9.2 8.5 8.7 8.5 8.2 7.8 7.9 5.9 7.6 11.7 13.1 8.9 7.7 7.3 7.3 7.3 7.3 7.7 7.3 7.4 7.5 7.3 7.1 7.5 7.5 6.8 6.7 6.9 7.1 6.9 6.3 6.3 6.5 7.1 7.7 8.7 10 11.5 13.5 18 23.7 32.2 40.6 53.4 68.4 88.5 101.8 111.3 121.4 132 137.5 142.2 141.6 137.1 132.2 129.7 124.5 112.2 103.5 95.3 90.6 85.2 80.5 83.8 92.8
-3 -3 -3 -3 -3 -3 -3 -3 -3 -3 -3 -3 -3 0.1 2.7 7.9 7.6 8 8.6 9 9.1 9.3 8.8 9 8.8 9.1 9.2 9.6 9.5 9.8 9.6 9.9 9.8 7.8 7.1 8.2 8.8 8.5 7.8 12.4 13.6 12.2 8.8 7.7 7.4 7.1 7.2 7.5 7.7 7.6 7.4 7.1 6.9 6.7 10.7 7.6 7 6.6 8.9 6.9 6.9 6.4 6.2 6.5 6.9 7.4 7.8 9.1 10.4 12.2 14.9 19.3 25.1 33.7 39.8 52.6 67.6 82 95.6 105.4 115.8 122.5 130.4 130.5 122.8 114 110.4 103.3 88.9 80.4 74.9 67.8 69 78.4 85.7 90.3
-3 -3 -3 -3 -3 -3 -3 -3 -3 -3 -3 -3 -3 -1.1 1.8 6.3 7.7 7.6 7.5 7.7 9 9.1 9.7 9.3 9.2 8.4 8.6 8.4 8.6 9.3 9.3 9.7 8.9 8.4 8.5 9.6 9.3 9.5 11.4 14.9 11.3 10.6 9.7 7.7 7.5 15.8 7 7.6 7.6 7.5 7.3 7.2 6.8 6.6 6.4 7.1 6.7 6.5 7.1 6.9 6.8 6.6 6.2 6.5 6.8 7.1 7.4 8 9.3 10.8 12.5 15.5 20 23.8 34.8 39.5 54.3 69.6 82.9 91.4 101.1 110 118.7 120 110.4 93.4 85.2 77.8 67.7 58.5 62.9 74.1 82.9 89 100.1 106.7
-3 -3 -3 -3 -3 -3 -3 -3 -3 -3 -3 -3 -3 -3 1.1 4.6 7.9 7.5 7.7 7.6 7.8 11.9 16.7 14.1 13.7 14 15.1 9.8 8.5 8.4 8.6 8.8 8.9 9.6 9.4 9.8 10.2 14.3 15.7 11.9 11.1 10.4 7.5 7.1 6.8 8.9 11.5 7.2 7.5 7.4 7.3 7.3 6.6 6.4 6.7 10.3 7 6.8 6.9 6.7 6.8 6.7 6 6.3 6.6 7 7.3 7.5 8.5 9.4 10.6 13 15.3 18.4 23.5 35.8 41 56.3 66.7 75.1 84.4 97.1 109 112.9 96.6 78.6 67.1 58.9 53.5 64 76.1 88.5 94.4 105 117.2 126.1
-3 -3 -3 -3 -3 -3 -3 -3 -3 -3 -3 -3 -3 -3 0.8 3.2 7.9 7.8 7.7 7.8 8.1 12.1 27.7 32.9 25.6 15.8 14.3 14 13.8 13 7.5 8.8 9.4 9.6 9.7 10.3 14.7 18.3 17.2 10.7 10.7 10.1 10.4 7.6 7.4 16.5 14.5 10.7 7.3 7.8 7.6 7.3 6.8 6.3 6.6 6 6.9 7 7 7.6 6.9 6.8 5.2 5.9 6.3 6.8 7.2 7.4 7.9 8.5 9.5 10.7 12.8 14.7 17.6 21.1 37.5 41.5 52.7 59.6 67.3 81.3 93.6 99.1 78.3 65.1 53.4 56.8 69.8 76.3 87.5 99.1 108.7 122.2 137 148.3
-3 -3 -3 -3 -3 -3 -3 -3 -3 -3 -3 -3 -3 0.5 2.8 3.3 7.9 8 7.9 7.9 8.3 10.1 36.4 35.3 36.8 37.3 17.7 13.7 13.3 12.4 7.8 8.2 8.7 9.8 9.3 9.1 22.6 21.3 16.4 14.1 14.5 13.6 9.2 8.4 11.5 14.2 14.5 14.5 7.7 7.6 7.5 7.3 7.1 6.8 6.6 6.3 8.3 6.8 6.8 7.2 7.2 6.7 6.6 5.3 5.9 6.5 7.1 7.4 7.9 8.2 8.8 9.8 11.1 12.4 13.9 15.4 24.8 36.4 40.9 47.1 54.1 65.1 78 79.2 65.5 48.5 58.4 70.6 80.3 89.9 101.7 113.6 125.4 140 156.4 172.4
-3 -3 -3 -3 -3 -3 -3 -3 -3 -3 -3 -3 -3 3.3 3.3 7.3 7.7 8.2 8.3 8 8.1 8.6 17.7 30.8 35.8 36.5 14.9 12.6 10.9 6.1 7.6 10.2 8.4 9.3 9.2 14.1 12.7 18.1 17.4 15.2 15.4 14.1 12.7 12.9 12.1 10.7 8.7 8 7.6 7.6 7.3 7.2 7.1 6.8 6.5 6.4 6.2 9.7 7.3 7.2 7.7 7.1 6.8 4.8 5.5 6.2 7 7.4 7.7 7.9 8.2 9.2 10.4 11.3 12.7 14.2 17.8 27.9 35.3 40.4 46.6 51.4 60.4 60.7 47.7 51.8 71.9 83.4 93.3 105.5 117.4 129.3 142.5 157.4 174.2 188.6
-3 -3 -3 -3 -3 -3 -3 -3 -3 -3 -3 -3 -3 0.3 1.9 3.3 8 8.1 8.3 8.5 8.2 8.2 9.2 22.5 21.8 23.6 12.9 12.7 6.1 7.3 7.6 6.7 9.1 9 13.4 14.1 16.3 18.5 18.7 18.7 16.5 16.2 16.1 15.5 16.6 13.5 13.6 14.8 12.4 7.4 7.1 6.9 6.8 6.5 6.5 6.4 6.2 6.1 9.7 7.1 7.8 5.5 6.7 6.8 5.2 5.9 6.7 7.3 7.5 7.7 7.9 8.7 9.5 10.4 12.1 15.8 17.8 21 30.6 34.1 41.7 42.8 43.6 41.7 42.9 59.9 79.1 92.1 107.5 119.8 130.8 142.2 155.7 171.5 182.8 192
-3 -3 -3 -3 -3 -3 -3 -3 -3 -3 -3 -3 -3 -1.1 0.7 2.7 7.5 8.4 8.6 8.3 8.4 8.4 8.2 8.2 8.4 8.3 7.7 7.1 5.9 6.8 6.5 8.7 8.6 9 14.6 15.4 17 18.9 18.1 17 16.5 16 16.4 16 16.4 17.5 16.7 16.1 13.5 7.1 7.1 6.9 6.8 6.8 6.6 6.4 6.3 6.2 6.1 9.2 8.3 8.3 7.1 6.8 4.9 5.7 6.4 7.3 7.5 7.7 7.8 8.1 8.8 10.2 12.6 15.8 16 18.3 23.1 32.5 36.4 39.6 35.4 37.6 44.3 60.6 78.7 93.4 108.8 123.7 132 144.2 159.3 173.8 184.3 192.8
