public/OST50/SS79.asc
ncols 200
nrows 200
xllcorner 270000
yllcorner 190000
cellsize 50
[rows 148 to 184 of 200, columns 83 to 165 of 200]
6.3 5.9 5.6 5.5 5.4 5.4 5.3 5 5.9 5.3 5.7 5.9 6.7 6.6 8.9 13.4 15.9 16 14.1 15.5 20.8 34 44.3 50.1 54 58.3 64.8 68.1 73.4 77.2 72.3 86.8 94 100 106 111.8 117.5 120.8 128.9 134.1 138.7 143.2 146 147.8 148.2 148.5 147.8 149.5 151.2 152.2 153.4 155.4 158.3 162.8 161.3 160 159.7 158.3 153.3 145.5 134.9 128 120.3 115.2 110.8 105.4 99.3 93.8 89.8 86.1 82.4 76.2 73.2 73.1 73.4 73.4 72.1 71.3 68.4 63.4 61.9 57 53.6
6.5 6 5.7 5.5 5.6 5.4 5.3 5.4 5.3 5.8 5.7 6 6.1 6.1 8.5 12.6 14.6 15.7 14.1 13.2 16.5 28.5 40.3 47 51.4 55.8 59.8 65.5 71.3 69 76.9 86.3 91.5 97.6 103.4 107.6 113.9 115.7 125.8 133.1 139.3 144.3 147.9 149.2 147.5 144.8 143 143 144.5 143.8 146.8 146.9 149.3 149.5 148.4 146.3 147 146.1 142 134.8 125.7 119.5 113.8 111.5 107.8 103.7 99.2 93.1 89 86.2 82.9 79.1 74.2 69 67.8 66.7 68.1 64 60.5 53.8 52.7 52.4 52.3
6.6 6.2 5.9 5.6 5.7 5.5 5.4 5.4 5.4 6.1 6.1 6.2 6.4 6.7 8.8 11.6 13.6 15.5 14.7 12.3 15.9 24.7 36.4 43.7 48.2 52.6 57 64.5 70.3 63.5 74.9 82.7 88.6 95.6 100.3 104.7 108.2 111.3 120.3 128.4 135.4 142.8 149.2 153 149 144.7 138.3 136.8 138.4 138.3 140.8 137.8 136 135.9 136.1 133.9 133.3 133.2 124.3 121.3 118.3 112.5 108 107.2 104.6 100.9 96.4 91.8 87.7 85.4 84.2 83.2 82.3 74.7 66.1 64.7 63.4 55.7 52.1 51.4 50.7 45.3 44.1
7.2 6.3 6.1 5.7 5.7 5.6 5.5 5.4 5.3 2.9 6.2 6.3 6.5 6.7 7.6 11 13.5 14.7 15.3 11.4 14.1 25.6 36.1 42.4 46.2 48.9 54.9 63.3 66.6 60.2 74.5 79.6 85.3 91.6 97.8 101.5 104.4 106.8 112.1 122.6 130.3 137 144.9 152.3 155.5 150.2 139.9 130.5 129.4 130.1 128.5 124.5 124 123.1 126 126.1 126.1 124.5 121.3 117.2 114.4 106.5 102.3 101.6 99.7 96.3 92.5 88.3 84.2 81.7 81.9 82.5 82.1 79 71.8 62.5 51.9 50.5 50.2 48.2 46.8 45.6 44.3
7.3 6.3 6.1 5.9 5.7 5.5 5.4 5.4 5.4 5.4 5.6 6.2 6.4 6.7 6.7 8.3 11.2 13.6 14.9 11 11.5 20.9 32.8 39.4 42.5 46.7 52.5 60.9 55.7 62.2 71.9 76.9 82.4 88.1 93.1 97.1 100.9 103.3 105.8 109.2 116.1 122.1 128.4 135.5 141.1 142.2 135.5 124.5 120.5 118.7 116.4 115.8 114.3 109.8 110.5 112.3 113.5 113.1 109.9 105.2 101.7 99.9 96.7 96.2 94.5 91.1 87.4 83.4 79.4 77.5 77.8 78 78.7 76.6 70.8 58.6 49.5 49 48.4 48 47.1 45.8 44.3
7.6 6.4 6.2 6 5.7 5.4 5.4 5.4 6.1 5.9 5.3 6.1 6.5 7 7.5 6.7 7.6 9.8 9.3 8.9 9.7 16.6 29.4 36 37.6 43.5 49.2 55.8 45.5 59.2 68.4 74.8 80.1 85.4 89.2 93.4 98.2 100.9 103.1 104.7 106.3 106.9 108.8 113.1 118.1 121.8 119.6 113.1 111.7 109.9 107.7 106.7 105.1 100 100 100.4 100.5 100 98 95.4 93.7 91.3 89.5 90.3 89.6 85.9 82.2 78.3 74.8 72.3 72.5 72.5 73.4 71.8 61 52.8 48.6 44 40.7 48.2 49.5 47 44.7
7.3 6.5 6.3 6.2 5.9 5.7 5.8 5.7 6 6.4 5.5 5.5 11.2 7.3 10 6.4 6.3 6.9 7.5 8.2 8.6 12.3 22 30.6 23.9 26.6 31.4 36 46.5 56.3 64.8 72 78.5 84.6 90.6 94 98.5 101.8 104.6 107.2 106.5 105.8 103.7 102.1 101.1 103.5 105.1 103.3 104 101.6 98.4 98.3 94.2 92.6 95 92.6 90.9 89.9 86.4 84.9 83.9 82.8 82.9 84.8 84.3 81.8 78.2 74.4 70.5 67.5 68 68.6 66 60.4 52.6 47.4 39.7 38.5 38.8 39.7 47.5 46.1 39.1
7.1 6.6 6.4 6.3 6.1 5.9 5.8 6.2 7.6 6.6 11.1 5.5 6.4 7.1 6.4 6.1 5.9 5.8 6.9 8 8.9 12.1 14.9 17.2 22.8 34.6 37.9 43.7 51.7 58.6 64.8 71.9 79 85.2 91.7 97.1 101.9 105.8 109.9 112.1 112.5 112.4 109.2 105.5 99.4 97.4 96.4 96.7 96.4 95 91.3 88.5 87 86.4 89.5 85.1 82.3 81 78.8 77.8 75.9 76.2 77 78.9 79.7 77.5 74.9 71.9 66.2 62.9 61.4 61.6 57.7 54 45.2 37.9 37.3 37.7 38.4 39.1 39 38.6 38.8
7.4 6.9 6.4 6.3 6.1 5.7 5.8 6.4 6.9 10.3 7.3 5.4 6 6.2 5.9 5.6 5.2 5.3 6.4 7.9 9.7 11.8 13.9 16.2 27.1 37.8 46.4 49.7 56.5 63.8 74.1 81.3 85.6 89.9 97.1 102.3 106.4 111 115.8 118.2 118.9 122.3 122.2 118.3 113.2 110.4 104.1 98.3 94.1 88.7 87.4 87 87.2 82.6 78.1 78.4 77 77.3 75.3 72 70.9 70.9 71.6 73.1 74.1 72.5 68.8 66.1 62.9 58.3 53.7 51.3 49.5 45.2 41.9 35.9 36.2 37 35.9 37.6 35.1 35.2 34.9
8.4 7.1 6.3 6.4 6.3 6.5 6.5 6.4 7.6 5.3 5.2 5.3 5.4 4.3 5.6 5.2 4.4 4.9 5.8 7.1 8.6 10.6 12.3 15.4 24.6 37.3 45 51.1 60.9 70.1 80.2 87.3 93.1 97.9 104.5 109.1 113.9 118.6 123.6 128.4 133.9 135.9 135.6 132.4 127.2 123.3 116.8 110.4 105.3 100 95.7 98.8 99.5 94.1 87.3 80.1 70.4 67.5 67.8 68.2 67.6 66.9 67.2 67.9 66.7 63.5 62.3 61.2 59.2 54.5 48.4 45.6 43.6 40.9 34.3 34.2 34.1 33.4 33.6 34 34.2 34.1 34.2
8.3 6.9 6.5 6.4 6.3 5.5 5.3 5.3 5.4 5.3 5.3 5.3 5.3 5.4 5.6 5 4.3 4.8 5.4 5.9 6.7 8.1 11.1 17 24.4 34 43.6 52.4 64.1 75.2 85.7 95.2 105 111.6 113.5 119.4 124.9 130.6 138.1 151.2 156.4 157.4 155 147.8 140 131.9 125 119.7 118.6 117 112.7 117.7 120.2 112.5 100.8 92 87.2 80.2 74.9 62.5 58.5 62.4 62.8 62.5 61.2 60.9 59.4 57 54 50.4 45.9 43.3 39.7 33.5 32.6 32.7 32.9 32.9 33 33.2 33.9 33.8 33.9
8.4 7.5 7 7 6.8 6.3 5.2 5.1 5.4 5.3 5 4.6 4.6 5.4 4.6 5.1 4.7 4.7 5.3 5.7 6 7.4 9.2 16.1 24.3 32.9 45.6 52.2 66.3 79.2 90.7 101.8 115.5 126.8 130 134.6 140.8 148.7 160.5 172.2 179.4 179.2 172.5 162.6 151 140.3 133.4 132.7 134 132.2 126.9 129.3 137.5 134.5 120.9 110.9 101.9 91.7 82 72.8 65.6 60.8 52.3 57.5 58 57.7 55.7 51.9 50.8 47.1 43.7 38 32.5 32.5 32.1 31.9 32 32.6 32.5 32.6 33.3 33.3 28.8
9 8.1 7.4 7.4 7.3 7.8 5.9 5.1 5.1 5.2 5 4.7 4.5 5 5.5 5.2 4.8 4.7 5.1 5.5 5.6 5.7 8.6 12.9 21.8 36.1 46.7 58 72.9 83.6 94.6 108.1 122.4 138 144.5 147 156.4 168.1 179.8 190 196.5 197.7 189.5 176.5 163.7 153.7 146.9 143.7 141.3 139.4 136.5 136.6 141.3 142.2 134.5 123.1 113.7 100.5 90.2 80.9 72.6 66.8 61 51.7 48.3 49.9 49.1 47.6 45.3 44 36 31.1 32.2 31.3 31.4 31.3 31.5 32.1 32.3 32.1 31.1 32.5 39.4
9.4 8.1 7.4 7.3 7.4 6.2 5.5 5.2 5.2 5.2 5.2 5 4.8 5.1 5.4 5.4 5.4 4.8 5 5.2 5.2 5.5 7.2 10 21.5 42.2 62.9 74.8 83.3 91.1 105.6 118.1 130.6 146.9 157 163.9 171.4 184.4 196 205.3 209.6 209.9 204.1 193.7 180.1 170.3 162.6 155 149.7 145.6 142.6 142.8 144.3 146.2 141.4 134.8 122.9 109.8 100.1 90.9 81.9 76.4 71.1 63.6 53.1 45 45.1 42.6 36.7 30.4 30 30 30.5 30.3 30.4 30.4 30.5 31.1 31.2 31.5 36.5 40.4 49.8
9.4 8.2 7.6 7.3 7.4 6.4 5.5 5.2 5.1 5.2 5.2 5.1 5 5.2 5.1 5.4 4.5 4.8 4.8 4.9 4.6 5.1 6.9 12.7 32.2 53.2 77.5 90.7 97.2 103.4 114.3 129.8 143.7 159.8 171.1 179.2 185.2 198.2 209.7 217.3 220.7 218.8 214.8 211.3 202.4 190.4 178.1 169.6 162.3 155.7 151.8 149.2 149.3 150.7 150.1 146.8 139.2 126.7 114.2 103.2 91.5 83.2 77.9 69.2 58.6 47 35.7 33.7 28.7 28.9 29.5 29.7 29.3 29.4 29.6 29.6 29.8 30.2 30.8 36.7 46.7 47.6 49.7
9.3 10.6 7.5 7.3 6.9 5.7 5.7 5.3 5.2 5.2 5.2 5.1 5 5.3 4.7 4.4 5.5 5.3 4.7 4.3 4.3 5.3 8.7 18.6 32.9 56.6 78.7 99.9 111.7 120.1 129.1 142.1 155.5 169.9 182.3 190.9 198.5 210.1 219.4 226.1 228.9 229 226.9 223.2 218.8 211.4 200.1 188.1 177.6 170.2 164.4 159.9 157.7 158.5 159.4 158.9 154.2 144.6 132.7 113.4 98 86.1 80.2 70.9 61.5 49.1 29.7 28.8 28.9 29.1 28.9 29.4 28.7 28.6 29.2 29.7 29.7 28.3 36.1 44.6 49.8 51.7 52.8
9 9.3 7.6 7.7 6.6 6.3 5.9 5.5 5.2 5.3 5.4 5.6 5.4 5.3 5.2 5.1 5.6 5.5 5.2 4.7 5 5.5 9.2 19.8 30 51.4 73.4 96.1 116.7 130.6 142 152.4 163.3 178.7 193.1 201.7 210.4 217.7 227.2 233.9 235.8 235.5 234.7 231.6 228.5 223.5 216.4 208 198.1 187.7 179 173.7 169 166.4 168.5 168.5 168.7 163.1 149.2 125.2 102.8 90.9 83.5 72.9 63.9 41.2 28.3 28.6 28.5 28.2 28.5 28.7 25.8 31.4 26.5 26.6 26.6 44.6 56.6 57.8 54.2 56.3 57.3
9.2 8.4 7.8 7.6 6.5 6.2 6.1 5.6 5.5 5.4 5.6 5.9 5.9 5.4 5.5 5.5 4.9 5.7 5.4 4.6 5 6.2 9.5 21.6 29.1 43.8 66.3 89 115.4 138.1 150.4 160.8 170.6 186.6 205.1 216.9 224.2 230.2 234 238.6 243 242.1 240.5 238.3 235.1 230.8 227.7 223.2 215.6 207.4 197.9 187.9 181.1 175.8 175.9 177.5 184.4 180.1 160.4 128.8 108.3 98 88.6 77.7 63.1 33.5 27.7 28.2 28.3 27.4 27.8 26.2 39.9 57.3 57.8 57.6 57.6 62 70.3 72.4 66.9 60.6 64.4
9.1 8 8.4 7.6 6.8 6.3 6.3 6.1 5.9 5.6 5.5 5.8 5.5 5.5 5.5 5.5 5.3 5.4 5.7 5.3 4.6 6.6 7.9 13.8 24.3 38 57.9 81.7 106.9 134.9 153.6 169.3 177.6 192 214.9 226.5 234.4 240.9 242.6 243.5 247.1 246.6 244.8 242.6 239.8 237.2 234.2 231 228 223.4 217.1 207.2 197 190.1 190.8 196.2 200.7 191.4 167.4 128.7 112.7 100.2 93 78.5 57 32.7 27.6 28 27.6 26.9 25.2 29.8 52.6 68 84.6 85.1 83.8 88.5 82.7 78.7 69.6 74.3 77.8
8.9 8.3 8.1 7.7 7.2 6.6 6.5 6.3 6 5.9 5.9 5.5 5.5 5.5 5.5 5.5 5.3 5.2 5.7 5.1 4.8 6.2 7.3 10.7 21 31.6 46.4 71.8 98.1 123.6 147.3 165.7 181.7 195.1 214.8 232.4 242.5 248.4 251.6 251.2 250.5 250.1 248.7 246.4 243.8 241.2 239.2 236.5 233.6 229.7 226 221.2 212.7 205.3 205.6 208.7 209.3 194.5 165.2 138.3 115.1 100.3 92.7 72.1 51.8 30.6 26.9 27.7 26.7 24.6 27.5 49.7 68.7 90.7 101.9 104.3 106.8 105 99.9 90.5 81.9 81.3 86.7
8.7 8.4 7.8 7.5 7.2 6.9 6.7 6.4 6.2 6.2 6.2 5.7 5.6 5.6 5.6 5.5 5.2 5.2 4.5 5.7 5.4 4.8 6.7 9.4 17.7 27.1 44.3 63.8 86.1 105.2 130.8 156.7 176.7 198.4 219.4 241.2 249 254.1 256.3 257 255.4 253.4 251.2 249.2 246.6 244.1 242 239.3 236.6 233.2 230.2 226.4 222.9 216.9 213.5 213.6 212.4 194.6 163.2 135.3 108.9 91.1 78.8 64.2 44.2 34.3 26.7 26.2 24 26.7 45.5 58.5 91.6 115 126.2 128.1 129.1 127.3 118.8 109.2 102.9 97.7 91.6
8.4 8.2 7.6 7.4 7.1 6.8 6.7 6.6 6.4 6.3 6.2 5.7 5.7 5.7 5.7 5.2 5.2 5.2 5 5.1 5.7 5 5.2 8.5 13.7 22.2 37.4 55.6 75.4 94 119.2 146.6 172.4 195 214.2 239.8 250.6 254.7 256.9 258 258.2 256.5 253.4 250.9 248.1 245.7 243.3 240.2 236.5 233.9 231.5 228.3 223.8 219.7 216.8 215.2 211.7 190.7 156.6 127.8 110.8 92.5 79.1 62.1 43 32.3 26.1 24.1 30.4 50.3 62.3 86.5 112.1 136.5 149.9 152.3 152.3 146.5 138.5 127.8 116.2 113.7 107.7
8.5 8 7.5 7.7 7.4 6.8 6.6 6.5 6.4 6.2 6 5.8 5.8 5.8 5.6 5.4 5.3 5.3 5.3 5.3 5.6 5.4 4.9 7.2 11.9 20.4 31 47.2 68.7 88 109.8 135.2 165.3 188.5 207.9 223.5 241.5 252.4 254.7 255.3 255.3 255.2 254.1 251.7 248 245.3 242.9 239.2 235.5 232.2 229.4 225.3 220.4 216.9 214.1 212.2 204.6 180.5 142.8 132.7 115.9 98.4 79.2 52.2 31.4 25.9 24.8 25.6 45.4 57.2 76.2 97.8 124.4 150.5 162 165.8 162.3 157.4 147.4 140.3 129 122.4 121.4
8.7 8.6 7.8 7.9 7.3 6.9 6.6 6.5 6.4 6.4 6.1 5.8 5.8 5.8 5.9 6.1 5.3 5.3 5.3 5.4 4.9 5.5 5 5 9.5 17 24.5 38.9 60.6 81.4 102.6 124.7 152.4 174.6 196.7 214.8 227.3 239.3 250.5 251.3 251.3 251.4 250.7 249.2 247.5 244.8 240.8 236.9 232.8 229.2 225.6 221.1 215.6 212 208.8 205.2 196.3 170.7 140.8 136 116 93.9 66.5 34.6 24.1 24.2 23.1 26.9 50.7 66.5 86.1 106.3 133.7 157.1 163 167.9 168.4 166.6 160 155.5 145.6 134.9 127.6
8.8 8.7 8.5 9.6 7.4 6.9 6.7 6.4 6.4 6.3 6.4 6.9 5.8 5.8 5.9 6.4 5.7 5.5 5.5 5.4 4.9 5.4 5 4.6 6.3 14.1 19.8 27.1 49.3 71.8 92.9 114.5 137.6 156.1 182.2 203.8 221.6 231.1 239.2 245 246.6 247 246.7 245.4 243.3 242.1 238.6 234.5 229.2 223.2 217.9 212.5 206 200.6 197.9 191.8 177.9 159.6 144.6 133.8 108.9 80.8 56.8 24.1 24.8 24.2 24.8 26.5 52.1 71.2 92.7 112.9 142.6 161.7 170.3 176.8 178.3 176.5 172 165.9 160.5 153.2 143.2
8.6 8.6 8.6 7.7 7.8 7.3 7 6.6 6.4 6.4 6.6 6.8 6.3 5.7 5.9 6.6 6.2 5.6 5.6 5.5 5.3 4.7 5.4 4.9 5.4 8.5 14.6 21.9 37.9 60.3 81.7 103.3 124.8 145.1 167.5 193.6 212.3 227.6 233.9 237.2 239.3 242.1 243 241.4 239.2 237.6 234.4 230 225.2 217 207.2 195.1 189.1 180.2 175.7 166.4 154.2 142.5 136.3 127.3 105.7 78.7 43.2 24.6 24.3 24.3 24.8 27.3 55.3 74.8 99 118.9 146.9 168.2 180.5 188.4 192.4 191.5 186.8 180.9 174.4 166.4 160
8.6 8.7 8.9 8.5 9.6 7.6 7.3 7 6.9 6.6 6.6 6.7 6.7 6.3 6.8 7.5 6.6 5.8 5.7 5.6 5.5 5.2 5.4 5.1 4.7 5.9 10.8 17.8 28.1 49 70 91.3 112.3 133 152.7 179.6 201 219.7 230.8 233.9 233.9 234 236.1 236.4 235.1 233.4 230.2 225.6 219.3 209.8 193.6 175.7 168.1 160.8 152.5 142.9 130.3 117.1 109.1 104 89.6 57.8 24 24.1 24.7 22.3 25.6 32.4 57.4 79.6 103.8 123.9 151.2 176.6 186.3 196.5 202.7 203.8 201.2 195.7 191.5 180.5 173.3
9.1 8.9 9 8.5 7.6 7.8 7.8 7.5 7.3 6.9 6.7 6.6 6.6 6.4 6.3 7.5 6.8 6.3 5.7 5.6 5.5 5.5 5.2 4.9 4.7 5.4 7.9 14.6 25 37.8 56.4 77.9 99.4 120.3 139.8 164.5 189.7 208 223 230.1 229.6 228.6 227.1 227.2 228.9 228.6 225.4 221.7 216.5 205.9 184.9 170.2 154.5 147.5 140.6 130.4 117.8 103.4 91.6 82.8 71.1 29.5 23.3 24 24.8 22.4 30.4 43.5 62.5 85.1 110 129.6 153.6 178.1 190.2 199.5 205.9 208.9 207.6 204 201.5 195.1 188
9.4 9.2 9 8.7 8.4 8.1 8.1 7.9 7.6 7.1 7.3 6.5 6.4 6.2 6.5 7.2 6.9 6.6 5.7 5.6 5.4 5.7 5.7 4.6 4.7 4.8 6.5 11.9 21.6 28.8 43.6 64.7 86.1 107.8 128.2 149.3 175 195.1 211.5 224 227.1 225.2 223 220.7 218 217.6 218.4 216.4 211.2 200.2 183 171.2 157.1 136.4 124.4 113.3 88.4 72.9 61.5 54.7 42.5 22.5 22.9 23.2 21.8 23.8 38 50.3 63.7 91.6 117.2 136.6 153.3 176.1 191.2 198.9 205.8 209.6 210 208.5 206.6 203.5 198.8
9.4 9.3 9.1 8.6 8.3 8.3 9.7 7.9 7.8 8.8 7 6.5 6.5 6.4 6.8 6.9 6.3 5.8 5.3 5.3 5.5 5.7 5.5 4.9 5 5 5.3 8 15.7 24.2 36.2 52.5 72.6 93.9 113.7 131.8 154.8 180.7 201.8 214.5 220.4 220.8 219.1 216.6 213.3 209.4 206.6 203.5 199.4 192.7 183.7 172 159.2 142.5 114.4 90.7 77.9 61.3 44.1 36.2 22.6 21.5 20.6 21.8 22.5 23.5 40.1 54.6 68 91.9 118.1 140.6 154.8 172.4 189.2 198.7 204.8 209.5 211.5 211 209.3 207.2 204.8
9.4 9.3 9.1 8.7 8.2 8.4 8.7 10.5 8.9 8.9 6.9 6.8 6.6 6.6 6.5 6.4 5.9 6 5.5 5.4 5.5 5.6 5.5 5.5 5.5 5.5 5.2 7.1 12.1 20 28 40.7 59.4 80.1 98.5 116.3 137.5 163.4 188.1 206 211.7 213.8 214.5 211.9 209 205.9 202.7 199.3 192.7 184.1 173.5 163.1 147.5 118.9 98.8 88.3 79.7 56.9 35.3 25.6 19.1 21.4 21.5 21.6 21.5 35.4 45.6 59 79.8 95.9 118.2 143.3 157.8 171.5 187.7 197.9 204.3 209.4 212.2 213.5 213.1 211.8 209.3
9.4 9.2 9.1 9 8.7 8.5 7.9 7.9 8.9 7.2 8.3 7.4 6.7 6.6 6.5 6.4 6.7 6.7 5.9 5.6 5.8 5.5 5.4 5.5 8.5 6.3 5.8 5.3 8.6 15.9 22.5 30.1 44.7 64.6 82.1 100 119.9 140.9 161.9 181.8 199.5 205 207.8 206.7 204.5 201.5 200 196.1 190.7 179.2 170.9 159 144.8 115.7 106.1 92.7 69.4 44.3 31.9 20.7 36.9 44.6 43.2 31.8 32.6 45.5 53 69.3 93 117.4 131.9 145 162.1 173.5 186.5 197.3 204.6 210 212.6 215.2 215.8 214.9 213.3
9.5 9.5 9.3 8.9 8.5 8.5 8 8.7 8.9 7.9 8 7.3 6.7 6.9 7 6.9 6.8 6.6 6.5 6 5.7 5.5 5.6 5.8 7.3 8.4 8.7 6.8 6.6 11.2 18.4 25 35.6 50.3 66.8 83.9 102 118.1 137.9 156.1 177.2 192.2 197.2 200.4 199.2 196.6 196.2 196.4 192.1 184.3 176.2 165.8 158.2 124.3 116.5 89.4 62.2 43 30.5 21.5 56.8 70.3 66.2 54 48.1 50.4 56.8 79.9 104.3 133.7 155.1 162.1 167.5 176.1 185.1 197.4 205 210.5 213.7 216 217.9 217.3 216.6
9.6 9.7 9.5 8.9 8.6 8.7 8.1 7.7 8.5 8.5 8 7.3 7.2 7.3 7.1 6.8 6.4 6.2 6.1 6.6 6.3 5.1 5.1 5.7 6.4 6.3 10.2 10.8 6.7 8.8 14.1 19.7 27 37.9 52.7 69.2 85.8 99.3 114.2 132.4 153.1 172.6 183.4 189.9 187.9 184.2 191.2 195.1 193.7 188.2 180.6 170.7 164.2 146.5 123 93.9 65.6 37.7 26.9 20.9 54.6 69 69.5 67 57 55.6 63.5 88.9 117.2 145.4 165.3 172.4 177.4 181.4 186.6 197 205.3 211.2 214.6 216.7 218.1 218.9 218.4
9.6 9.8 9.1 9 8.9 8.8 8.3 7.7 7.8 8.1 8 7.5 7.5 7.2 6.9 6.4 5.9 6.1 6.5 6.8 6.8 5.3 5.3 5.9 6.3 6.4 5.5 10.4 12.3 5.9 11.1 15.1 20.4 26.3 40.1 55.2 69.6 81.6 94.5 112.1 130 147.8 160.4 170.2 167.1 168.1 185.7 193 193.7 191.5 185.9 178.1 170.2 161.4 135.3 101.6 66.4 37.3 20.1 21.4 48.9 57.4 58.1 58.4 55.7 57.6 70.7 97.6 126.8 155.8 171.7 179 184.5 188 189.3 197 204.6 211.5 214.8 216.5 217.8 219.1 219.1
9.4 9.3 9.5 9.3 9.2 8.5 8.2 7.9 7.7 7.9 7.9 7.7 7.4 7.2 7 6.3 5.6 6.1 6.3 6.3 6.2 5.8 5.5 5.9 6.3 6.5 5.5 5.7 8.6 12.4 11.9 12.5 15.3 19.9 28.4 40.5 53.2 65.3 78.1 90 102.2 117.9 135.2 144.9 144.3 158.2 177.8 187.4 189.9 188 183.6 178.5 166 152 126.3 100.9 64.5 34.8 18.8 20.8 28.1 39.1 46.2 51.4 52.6 58.3 75.5 102.5 131.5 162.3 176.1 182.9 187.8 191.6 195.9 199 204.7 211 213.8 215.9 217.6 219.1 219.4
9.5 9.3 9.6 9.5 9.2 8.4 8.4 8.1 7.8 7.9 7.7 7.7 7.6 7.4 7.2 6.4 5.8 6.2 5.9 5.7 5.5 6 5.6 5.8 6.2 6.4 5.4 5.4 5.6 6.2 11.9 12.7 13.2 15.9 20.2 31.7 41.2 52.5 62.1 72.1 84.6 93.8 106.6 120.3 124.1 146 165.9 178.1 183.4 181.2 176.1 166.9 155.5 133.2 108.4 86.4 55.7 31 19.5 19.7 20.4 21.7 32.9 42.5 48.6 55.7 81.9 108.5 138 168.3 179.1 185.2 190.6 195 198.5 202.3 206.2 209.9 213.9 216 217.8 219.1 219.8
