public/OST50/SS79.asc
ncols 200
nrows 200
xllcorner 270000
yllcorner 190000
cellsize 50
[rows 74 to 110 of 200, columns 0 to 82 of 200]
33.6 22.1 18.5 15.7 12 10.4 10.2 10.3 10.4 10.3 10.1 10 10.5 11.7 15.6 17.5 21.4 21.4 27.2 27.6 30.1 33.2 34.3 34.6 27.3 34.2 36 37.5 38.8 37.5 40.3 43.2 44.1 45.4 45.6 45.3 42.8 39.5 35.6 31.6 29 30.4 31 31.2 25.9 20.1 17 19.9 25.1 22.5 15.3 13.7 10.6 7.6 8.3 6.4 7.9 10.5 -2.9 -2.9 -2.9 3.3 3.4 5.5 4.7 4.6 7 7.2 6.4 7.1 3.3 3.9 4.9 4.9 5.3 5.4 5.1 4.9 6.2 6.6 6.4 6.3 5.5
19.4 14 11.8 9.8 9.4 9.1 9.2 9.5 9.7 9.5 9.4 9.5 9.9 12 16.9 19.8 22.4 27.1 30.1 34.9 37.6 38.4 38.8 38.5 38.1 37.5 26.8 31.8 38.3 38.5 39.5 40 41.5 41.8 41.4 38.9 36.1 30.6 24.8 20.6 20.1 26.8 23.8 20.5 25.4 29.3 30.1 30.4 26.6 15.1 13.1 11.1 8 8 8 8.3 8.6 11.2 -2.9 -2.9 6.1 3.3 4.3 5.3 2.8 3 6 4.4 8.8 4.3 -2.9 5.3 5.1 5 5.4 5.2 4.8 4.4 4.4 6.1 6.4 6.8 5.4
13.7 10.1 8.8 8.8 8.7 8.8 8.6 8.9 9.3 9.2 9.3 9.6 10 11.9 17.2 20.7 26.7 33.4 37 39.7 42.5 42.1 40.3 39.2 39.2 39.8 38.8 38.8 36.8 30.2 25.9 24.5 24.2 23.8 26 28.8 31.9 30.6 29.7 29.5 30.4 40.2 39.6 25.6 22.2 25.6 33.1 23.7 15.9 13.4 11.7 9.9 6.9 8.7 6.9 8.4 8.7 10.5 -2.9 -2.9 3.3 3.8 3.9 2.8 2.9 3.2 3.3 6 3.7 8.5 -2.9 4.9 5.1 4.9 5.3 5.1 4.6 4.4 4.4 4.4 5.6 5.9 5.9
9.9 8.6 8.8 8.8 8.8 8.7 8.4 8.6 9 9.1 9.1 9.5 10 12.7 17.7 21.8 27.6 37 42.3 46.6 48.9 48.5 46.6 44.9 43 41.8 40.4 40.2 41.7 38.7 38.1 37.7 36.6 34.5 34 32.2 31.6 31.4 31.4 31.3 32.1 40.4 36.2 38.9 37.7 23.6 17.2 15.6 15.1 14.3 10.7 9.4 6.8 8.6 7.8 9 10 -2.9 -2.9 1.7 3.3 5.8 2.6 2.6 3.5 3.7 4.5 4.5 5.3 5.5 9.2 5.2 5.2 5.5 5.9 6 5.9 4.4 4.4 4.4 4.4 5.8 6.4
8.2 8.5 8.8 8.8 8.8 8.7 8.7 8.8 8.9 8.9 9 9.3 9.8 11.9 17.7 26.3 31.3 40.7 48.1 53.5 58.4 55.3 51.9 48.8 45.9 43.8 42.4 40.8 40.4 40.5 39.2 38 35.9 34.4 33.7 32.9 32.4 32 31.6 32 34.9 39 31.7 29.2 36.1 21.6 16 15.3 13.5 11.6 9.5 8.5 6.9 5.3 8.6 11.3 11.5 -2.9 -2.9 3.3 3.3 2.7 3.1 3.7 3.9 4 4.1 5.2 10.2 9 7.7 9.3 5.1 5.6 6 6.5 6.1 5.6 4.4 4.4 4.4 6.7 6.6
8.4 8.5 8.8 8.8 8.8 8.8 8.8 8.8 8.8 8.9 9 9 9.7 11.6 19 27.3 33.7 41.7 49.8 54.7 59.2 59.3 53.9 51.1 48.4 46.9 43.3 42.4 41.3 40.6 39.2 38.8 36 34.7 34.2 33.7 33.7 33.3 33.8 33.6 37.1 37.8 30.2 33.5 35.1 22.7 19.7 16.2 13.2 10.9 8.9 7.4 8.3 6.4 8.8 11.3 11.4 -2.9 -2.9 6.3 4.6 2.5 3 3.4 3.6 5.5 4.3 11.8 12.1 11.1 9.7 7.4 9.2 5.3 6 6.2 6.4 6 5.7 4.4 6.1 5.7 5.8
8.6 8.7 8.9 8.8 8.8 8.7 8.8 8.8 8.8 8.9 8.9 8.9 9.2 11.6 27.2 27.1 36.3 42.5 51.7 59.8 63.8 62.5 57.7 54.5 51.5 49.3 47 43.9 44.2 41.3 39.9 39.5 36.8 35 35.1 35 35 36 36.5 37.1 36 35 36 28.1 33.2 22.9 19.6 15.3 14 11.6 9.2 7.4 8.3 6.8 10.4 11.4 11.5 -2.9 -2.9 5.4 4.5 2.7 2.9 3.1 5.9 4 10 14.2 13.6 12.9 11.5 10 7.9 8.4 5.8 5.9 6.3 6.4 6.4 6.6 6.8 6.4 5.6
8.7 8.7 8.8 8.7 8.7 8.6 8.6 8.7 8.8 8.8 8.8 8.8 9.1 11.5 27 27.2 37.9 43.5 52.7 63.6 66.6 62.8 59.7 57.1 53.8 52 50 47.6 44 42.5 44.1 42.3 40.4 40.3 39.2 38.8 39.4 40 39.3 38.3 36.4 34.5 32.4 26.4 30.9 21.3 17.8 14.3 14.1 12.9 9 7.8 7.1 6.5 12.2 11.8 11.3 -2.9 -2.9 3.6 3.3 3.2 3 3.4 3.8 5.3 15.4 15.9 15.3 14.3 13.1 11.7 10.1 8.7 7.6 5.7 6.3 6.5 6.6 7.2 7.1 6.3 5.9
8.5 8.6 8.6 8.6 8.5 8.5 8.6 8.7 8.8 8.7 8.7 8.7 9.1 11.2 26.8 27.5 37.1 46.4 54.6 66.2 66.4 66.5 61.7 57.6 56.4 53.6 51 48.6 47.6 46.8 47.2 47.4 47.2 46.8 45.7 45.9 44 43.1 42.4 39.6 36.7 32.4 31.7 30.5 26.5 21.5 18.3 14.6 14.1 12.3 9.6 8 6.8 6.4 12.2 12.1 11.7 -2.9 -2.9 4.6 3.2 3 3.2 5.9 3.9 13.6 17.2 17.5 16.7 15.7 14.7 13.7 12.1 10.1 7.9 7.3 6.4 6.6 7 7.1 6.9 6.1 5.5
8.4 8.4 8.5 8.5 8.5 8.4 8.6 8.7 8.7 8.6 8.6 8.5 9.2 11.5 26.7 28.5 42.9 57.6 66.2 66.5 66.7 67 64.5 60.2 57.8 55.4 53.7 51.6 51.6 50.9 52.7 52.6 52.2 51.7 50.3 51.2 50.4 48.8 47.8 39.1 32.4 32.3 31.6 29.3 23.5 24.9 19.8 14.9 12.4 10 9.5 8.6 6.7 6.2 11.7 11.8 11.1 -2.9 -2.9 5 3.2 3.4 3.4 3.9 7.2 17.6 18.5 18.2 16.9 15.8 14.8 13.7 12.4 10 8.3 7.1 5.7 7.2 6.6 6.7 6.6 6.3 6.2
8.2 8.5 8.7 8.4 8.4 8.3 8.5 8.6 8.5 8.5 8.4 8.5 9.4 11.9 26.9 34.9 49.5 66.7 67 66.8 67 66.9 65.6 64.4 62.9 61.1 58.7 57.1 61.4 61 59.6 58.8 57.3 56.7 55.8 56.5 53 49.7 45.8 36.6 32.4 31.8 30.8 29.5 25.4 22.3 19.5 16.4 11.7 10.5 9.9 8.7 6.1 7.1 5.7 10.9 9.3 1.8 -2.9 4 3 3.3 6.1 3.7 14.2 18.9 19.3 18.7 17.4 16 14.6 13.3 11.1 8.9 7.7 5.9 7.3 7.9 6.5 6.5 6.1 6.1 6.2
8.5 8.7 8.9 8.4 8.3 8.3 8.4 8.6 8.5 8.3 8.4 8.6 9.8 14.2 27.6 38.9 54.8 70.5 67.6 67.7 66.7 66.5 66.4 65.7 65.2 65.2 65 64.7 63.8 64 63.2 62.1 61.4 59.7 58.7 57.5 53.7 49.7 40 35.2 34 31.3 30.1 27.6 25.8 22.3 21.3 14.1 12.4 10.8 8.4 8.3 5.6 8.2 7.6 10.5 8.6 0.8 -2.9 3.5 3.1 3.5 4.7 7.7 18.6 19.4 20 18.8 16.8 15.4 13.8 11.7 9.6 7.9 5.7 7.2 7.3 7.7 7.5 7 6.5 6.3 6.1
8.7 8.2 8.5 8.6 8.3 8.2 8.4 8.9 8.4 8.3 8.3 8.8 10.5 21.7 30.2 42.1 57.1 72.3 69.7 72 74.9 76.1 76.2 76.4 76.4 74.8 72.9 70.3 65.7 70.1 69.8 64.9 68.7 60.4 58.6 56.5 52.5 43 34.6 33.8 33.3 30.5 29.6 28.5 25.2 21.4 20 12.2 13 11.3 9.9 7.9 5.3 5.6 5 4.4 7.4 -2.9 -2.9 4.7 3 4.2 3.4 13.3 19.7 20.7 20.6 18.6 16.3 14.4 12.3 9.9 8.1 5.7 7.2 7.1 7.3 7.7 8.1 7.1 6.6 6.3 6.3
8.1 8.6 8.5 8.3 8.5 8.4 9.1 9.3 12.7 16 18.3 19.9 19.2 25.7 29.4 41.8 58.8 72.6 74 73.9 75.2 77.1 78.2 78.2 77.2 75.6 74.4 73.3 72.7 72.1 76.2 62.5 60.7 59.6 56 54.1 52.2 41 34.7 33.7 32.8 30.3 29.5 29.1 21.7 18.7 16.8 11.9 17.4 11.5 9.2 7.7 6.3 5.2 4.8 4.7 8.1 -2.9 -2.9 3.8 3.4 5.8 4.5 18.6 22 22.1 20.5 18.3 15.4 13.4 10.2 8.2 5.9 7.6 8.9 6.9 6.6 4.9 5.2 5 6.2 6.5 5.9
8 8.5 8.5 8.6 9.9 9 14.9 15.5 16.7 17.6 17.3 13.5 17.6 26.9 31.2 41.7 59.3 72.3 76.4 76.2 76.9 78.5 80.1 79.9 77.9 76.5 74.9 73.4 73.3 73.2 71.2 60.1 59.1 57.6 54.4 50.9 46.3 38.3 35.3 33.9 33 30.7 28.6 24 19.9 17.7 15.8 11.6 18.3 8.5 7.5 7 8.2 4.7 4.5 4.5 4.8 -2.9 -2.9 4.4 4.1 4.3 8.9 20.5 23.2 22.3 20.1 17 14.4 11.4 7.9 6.2 7.3 8.5 2.1 5.9 6 6.6 7.2 7.5 7.1 6.1 7.3
8 8.3 9.5 9.4 9.1 11.1 14.9 14.7 14.5 14.3 14.8 14.1 23.5 28.7 36.1 38.8 54.8 67.3 77.2 77.5 77.8 79.1 78.9 78 77.7 76.7 74.5 71.5 67 63.6 58.3 55.4 53.8 53.1 50.6 46.8 42.9 37.5 36.1 34.3 33.2 30.6 27.2 23.6 20.5 17.4 14.7 11.4 15.3 7.5 7.2 6.5 5.5 4.5 4.2 4.3 4.2 -2.9 -2.9 3.6 2.9 3.5 12 19.6 21.7 22.2 19.7 16.6 13.3 8.5 6.2 7.4 7.1 6.1 6.9 6.6 6.5 7.5 9.6 10 10.2 9.1 5.4
8.7 9.6 9.2 9.1 8.7 10.7 13.9 11.1 10.1 12.2 13.2 14.8 24.3 35.1 41.5 35.7 44.1 53.4 64.4 71 74.7 74.3 69.6 67.3 70.1 71.5 67.4 59.7 54.9 52 51.3 50.4 49.3 48.9 47.2 46.4 50.6 50 42.4 35.6 33.8 31.5 28.5 25.2 21.9 18.5 15 10.7 8.6 7.2 5.3 7.2 6.5 6.1 4.2 4.4 4.7 -2.9 -2.9 3.7 5.8 2.6 10.7 12.6 11.9 18.2 18.8 16.2 12 7.3 6.3 5.7 8.5 8.3 7.6 7.3 7 8.1 10.6 13.8 13.7 13.2 9.6
8.7 8.4 8 8 8 10.3 9.7 10.6 11.7 10.8 11.4 15 26 33.8 37.7 35.4 42.1 48.5 52.2 58.5 62 59.4 59.2 59 59.6 56.9 55.4 53.1 51.7 50.8 50.6 50.8 50.4 49.1 48.3 52 56.4 54 45.6 41 38.4 33 29.2 25.8 22.2 18.6 14.3 10.3 7.5 7.3 7 7.1 7.1 7.4 6.3 4.4 4.7 -2.9 -2.9 5.3 6.5 2.1 4.9 3.9 4.1 9.5 17 15.5 10.8 6 2.1 11.1 11.7 10.8 8.8 8 7.9 12.4 15.6 17 16.7 16.1 14.3
8.7 8.3 8 8 8 8.7 12.5 13.1 13.4 14.6 13.8 15.3 26 33.3 36.5 33.7 46.5 48.4 50.5 54.9 57.8 58.3 58.5 56 54.3 53.9 53.6 53.2 51.7 51.2 52.2 52.8 52.6 50.9 53 60.1 61.9 56.2 47.4 46.3 45 36 30.1 25.8 21.9 18.4 14.6 9.2 7.4 6.3 8 8.6 7.1 7.3 5.1 4.5 4.5 -2.9 -2.9 1.5 6.5 1.8 3.4 3.6 3.7 4.5 8.5 11.7 9.3 6.1 11.4 17.8 21.3 16.2 10.9 9 10.6 16.2 19.7 21.6 21.6 19.7 16.8
8.6 8 8 8.4 12.4 14 15.3 15.8 17.4 17.8 17.8 19.2 25.3 28.1 28 32.8 44 46.9 48.4 51.7 53.7 56.6 53.3 53.7 53.2 52.9 53.6 53.4 54.2 55.3 55.8 55.7 55 55.2 61.9 66.7 66.4 57.1 52.6 51.4 48.1 37.2 30.7 25.8 21.6 18.3 14.7 8.1 5.3 5.3 8.1 14.8 4.8 4.8 4.6 4.4 4.3 4.1 -2.9 -2.9 6.4 4.1 3.9 3.8 4.3 6 7.3 -2.9 5.5 9.9 18.7 24.4 24.9 20.1 10.6 10.4 17 22.8 25.4 27 26.2 22.9 18.8
8.5 8.3 8.1 14.2 15.6 18.2 21 21.5 20.4 20.4 21.2 22.7 24 24.4 26.5 29.6 38.1 45.7 47.4 48.1 51.8 52.2 52.2 52.5 52.8 53.2 53.9 55.2 57.8 59.1 59.4 58.5 58 65.2 72.1 73.4 67.8 58.5 55.9 53.9 46.5 37.6 30.7 25.9 21.2 17.3 12.6 8 5.7 5.8 7.7 14.6 11.3 4.7 4.5 4.4 3.7 4.4 -2.9 -2.9 4.7 3.3 2.4 2.9 2.5 4.7 -2.9 -2.9 7.2 15.9 25.2 32.1 29.4 18.8 11.4 15.8 25 28.4 30.5 30.9 28.2 24.8 20
8.5 8.9 11.6 15.9 18.9 22 23.3 23.4 23.2 23.7 25.7 26 24.4 23.9 25.8 28.8 32.7 44 47.5 48.8 51.1 51.7 52.1 53.4 53.5 53.7 55.9 59 62 63.3 63.9 63.4 67.8 75.6 77.9 77.8 67.8 60.2 57.3 52.1 44.6 35.4 29.7 25.2 20.6 16.3 11.9 7.7 5.4 8.5 7.6 7.9 14.3 5.2 4.6 4.2 4.3 4.5 -2.9 -2.9 -2.9 3.1 2.4 2.4 2.4 2.4 -2.9 6.4 12.3 20.2 29.4 36 30.1 18.1 15.1 23.3 29.5 32.2 33.6 32.9 30.5 26.2 21.1
8.4 8.8 14.2 17.6 21.7 24.1 25.5 24.6 26.2 28.3 28.9 27.5 26 23.7 25.5 23.3 29.3 36.6 41.6 46.4 51 51.4 52 53.1 55.2 56.4 60.4 63.5 65.1 66.1 67.1 69.7 74 78.4 78.8 74.8 64.8 60.7 56.1 51.2 43.4 36.6 30.5 25.5 19.8 16.2 11.3 7.4 5.4 7.1 11.5 7.2 14.2 12.7 4.4 4.3 4.2 3.5 5 -2.9 -2.9 -2.9 3.5 -2.9 -2.9 -2.9 -2.9 13.7 21 28.4 32.3 36.3 30.9 22.8 17.6 29.4 33.2 35.4 35.9 35 32.3 27.4 22.6
8.3 9.8 15.3 19.3 23.6 25.7 28.3 29.1 30.8 31.4 31.4 29.2 27.2 24.1 24.7 23.3 25.8 33.2 37.5 43.4 49.2 52.2 53.9 55.2 57.7 60.6 63.6 66.7 67.6 68.5 70.6 74.2 75.9 78.2 79.2 70.5 64 59.9 55.5 50.6 43.1 37.1 31.3 26.7 22.5 21 9.7 7.3 8.4 7.8 7.7 7.6 7.8 14.2 7.3 4.6 4.4 4 5.3 -2.9 -2.9 -2.9 -2.9 -2.9 5.6 6.3 7.2 21.2 28 31.6 34.9 38.5 32.1 27.4 19.5 32.2 35.2 36 35.7 34.5 31.8 27.1 19.5
8.1 12.7 18 21.8 25.3 27.3 29.8 31.8 33.7 34.4 32.4 30.5 26.8 23.7 25.1 26.9 30 31.9 36.2 42.5 51.3 53.5 55.3 58.5 61.1 63.7 67.1 68.8 69 70.8 73.6 76.3 78.3 79.5 75.3 66 62.4 59.5 55.3 50.6 45.5 40.5 34.5 30.8 23 18.1 8.7 6.8 7.9 7.7 7.6 7.4 7.4 14.3 14.2 4.5 4.2 4 3.3 -2.9 -2.9 -2.9 -2.9 7.4 7 7 12.1 24.7 30.4 36.5 37.8 39.3 33.6 29 20.6 32.5 34.5 35.4 35.3 33.3 30.9 25 18.3
8 13.4 19 23.4 26.9 29.6 29 33.9 36.7 37.3 34.2 29 27.5 25.2 25 25.4 28.8 30.5 35.9 43.3 52.6 53.3 57.8 61.4 66.9 68.9 70 70.7 71.5 73.3 77.1 80.5 82.1 78.5 69.4 65.1 61.9 59.4 56.8 52.6 47.8 42.6 39.4 35.5 25.2 18.2 8.6 8.4 7.5 7.6 7.5 7.4 7.3 8 15.4 10.7 4.3 3.3 3.3 3.3 -2.9 -2.9 7.2 7.5 6.8 7.5 18.9 27.6 32 38.8 39.2 37.4 31.7 31.6 20.2 29.4 31.5 35.3 35.5 34 29.6 22.8 17.7
7.7 13.3 19.8 25.8 30.8 33.3 34.7 36.6 39.8 41.5 35.1 31.4 27.2 25.1 25.7 27.1 28.6 31.2 36.2 43.5 50.7 58.2 61.7 67.9 72.2 74 73.8 73.9 74.1 78.4 86.5 83.9 77.8 71.2 68.2 66.5 65.2 61.2 59.2 55.3 51.4 47.7 45.2 40.3 29.4 19.9 8.2 7.7 7.9 7.8 7.7 7.5 7.6 7.4 15.2 12.4 4.5 4.5 4.1 4.2 -2.9 -2.9 7.3 7.2 5.8 7.2 19.9 25.5 33.9 35.2 35.1 27.6 26.7 28.2 17.7 21.6 28.8 34.3 35.1 31.7 27.8 21.6 15.1
8 16 22.4 29.9 34 36.3 36.4 38.2 40.5 39.4 35 31.2 28.7 26.2 26.4 27.4 30.3 31.4 33.3 44.9 59.6 65.5 69.7 73 78.5 80.9 80.4 79.2 79.7 84.2 84.8 79.1 73 69.4 67.3 66.8 65.8 67.1 65 60.4 56.6 55.7 53.8 47.9 34.7 18.7 8.1 6.7 8.2 7.5 7.5 7.5 7.9 7.5 12.6 18.6 6.7 4.5 4.6 -2.9 -2.9 -2.9 -2.9 6.6 6.2 6.6 9 15 16.6 16.6 16.5 12.2 18.7 15.4 13.8 19.8 30.9 34.2 34.8 31.3 25.4 19.8 14.2
9.4 19.1 27.5 29.5 31.3 35.1 35.9 37.6 40.1 41.6 38 33.7 29.9 26.9 26.8 27.8 28.9 29.8 34.3 48.3 64.5 73.6 77.4 81.9 86.2 87.3 87.6 86.1 85.6 85.4 82.2 76.8 72.1 68.8 67.5 67.3 70.1 72.6 68.1 63.9 64.9 66.6 64 57.3 38 18.9 8.1 6.3 7.4 7.5 7.5 7.6 7.6 7.7 7.8 8 9.3 -2.9 -2.9 0.7 2.1 -2.9 -2.9 6.6 6.6 7 7.3 7.5 7.7 8 7.1 7.5 8.2 8.9 14.3 24.3 29.2 33.3 33.8 31 24.9 18.6 15.1
10.6 20.8 31.5 30.9 31.7 30.9 36.3 38.3 41.4 42.5 38.7 38.8 37.6 30.6 27.8 27.2 27.3 28 38.3 51.2 70.6 81.4 86 88.8 92.2 92.6 92.3 91.3 90 88.6 86.8 76.7 72.2 69.5 68.2 70.5 76.1 72.6 68.7 68.9 74.3 77.1 71.7 58.8 28.9 10.2 7.4 5.3 7.6 7.5 7.5 7.6 7.4 7.4 7.6 7.6 6.9 -2.9 4.6 4.6 3.1 4.2 -2.9 -2.9 -2.9 6.6 6.9 7.2 5.9 6.8 7 7.1 5.7 8.3 16.7 26 30.6 33.4 33.3 31.3 25 12.9 8.2
11.9 24.9 33.8 31.7 30.1 31.4 34 39 43.2 44.1 44 46.1 48.5 30 28.2 27.5 27.5 30 40.6 56.4 77.1 89.2 91.2 93.4 97.2 96.9 96.2 96.2 93.4 90.9 85.7 80.5 73.1 70.7 70.9 73.9 71.7 71.9 72.6 75 83.5 81.3 68.8 43.4 19.8 8.9 6.4 5.8 7.8 7.6 7.6 7.5 7.3 7.3 3.8 6.6 7.7 12.4 7.6 4.9 4.3 4.2 3.7 -2.9 -2.9 -2.9 7 7.1 6.9 6.8 6.8 6.8 7.8 13.3 21.9 27 31.4 33.1 31.5 28 14.1 11.4 8
15.3 28.1 28.5 26.5 28.5 30.3 33.9 39.4 44.8 45.5 44.7 47 37.7 28.2 28.5 28.3 28.1 34.1 44.4 60.9 75.1 90.9 89.6 93.6 99.6 101.2 103.7 99.8 91.9 89 89.7 79.7 74.8 74.5 72.2 69.7 68.1 71.8 74.2 80 84 73 51.1 23.7 8.1 6.8 5.3 6.6 7.5 7.3 7.4 7.6 3.3 5 9.6 22.4 14.5 8.7 15.4 6.8 4.9 4.2 4.3 -2.9 -2.9 -2.9 -2.9 2.7 7.4 6.6 5.7 9.8 15.2 24.8 28.4 30.5 32.3 32.9 29.7 21.3 17.6 11.3 8
19.8 23.6 22 21.2 21.7 24 32.7 37 39.1 38.4 39.9 35.3 28.7 28.6 28.9 29.7 33.1 38.5 45.5 56.4 68.8 76.5 82 93.5 103.2 107.7 99.8 94.8 86.8 85.3 75.1 75.1 76.9 73.2 70 65.8 65.4 66.2 71.6 77.2 71.1 50.5 21.2 13.6 8 5.8 5.4 6.2 6.7 4.3 6.1 6.6 8.7 16.5 21.6 25.9 18.3 13.8 11.2 18.1 7.2 5.1 4.4 4.7 -2.9 -2.9 -2.9 -2.9 7.3 6.8 11.4 18.6 26.4 33.7 35 33.4 34.7 31.3 25.6 17.7 14.8 10.3 7.9
16 19.3 19.5 19.2 20.4 22.5 26.9 31.3 33.7 34.5 33.9 28.7 28.6 29.9 30.8 34.6 37.9 40.8 46.5 52 57.4 67.5 78.7 96.7 100.3 94.7 88.6 80.3 80.9 69.4 64.1 73.3 73 63.8 59.6 61.1 55.8 57.5 62.9 61.4 47.4 22.8 14.4 7.9 6.3 5.9 5.6 5.9 3.3 7.6 7.6 12.1 24.3 28.8 30.2 27.2 28.6 30.2 27 19.7 18.1 10.7 5.8 4.8 4.1 -2.9 -2.9 -2.9 7.1 6.9 25.2 30.7 35.3 40.4 39 37.3 37.7 26.2 17 12.6 10.9 7.9 8
21.5 21.2 19.5 19.4 20.8 22.1 23.5 25.6 27.7 29.6 26.8 28.6 39.5 38.2 37.9 40 40.8 44.6 47.2 51.9 57.8 64.7 74.4 79.5 75.6 69.2 64.3 58.2 54.3 49.9 55.4 67.5 54.9 52 49.5 43.9 35.9 34 33.3 31.5 17.8 14.6 8.9 5.5 6.3 6.3 6 5.9 4 7.5 9.8 23.5 35.3 40.7 42.2 28.6 40.7 38.9 36.5 21.6 29.5 22.6 16 8.7 4.2 4.8 0.5 -2.9 -2.9 5.7 30.4 37.8 44.1 45.9 40.3 39.1 35 16.5 11.7 11 10.9 7.9 8.3
27.4 25.7 22.1 19.2 19.7 20.8 21.9 23 24.1 24.8 25 34.2 43.4 41.2 44.2 42.4 42.5 44.8 49.4 54.8 61.4 63.1 64.7 64.3 61 59.1 55.6 52.8 44.7 43 42.2 38 31.9 29.3 24.6 17.7 9.9 10.3 10.6 8.8 9.6 10.2 8 5.2 5.6 5.7 5.8 5.3 6.5 15.7 19.6 30.7 45.6 52.3 46.6 29.5 47.4 44.9 41.7 26.7 35.4 31.7 27.3 15.7 8.3 3.1 1.4 -2.9 -2.9 6.9 34.7 41 53.4 43.9 38.9 36.4 22 9.5 7.2 6.6 6.9 8 6.9
35.3 34.7 26.4 19.5 19.5 20.5 21.3 22 22.7 23.7 27.6 37.1 42.8 45.5 51.4 47.8 45.2 46.8 48.9 56.7 68.5 71.8 71.4 69.1 65.3 61.5 58.7 55.2 48.4 39.5 32 25.3 20.1 14 8.6 7 6.9 6.8 6.7 6.7 10.8 8.4 4.4 5.4 5.8 6.1 8.8 20.6 22.4 31 37.1 43.1 56.8 64.5 47.9 30.6 51.9 49 44.5 31.3 36.1 32.8 27.6 12.9 7.2 3.4 2 -2.9 -2.9 6.9 15.8 36.2 52.1 39.5 36.5 21.6 8.6 6.6 6.5 6.4 7.3 8.1 5.7
