public/OST50/SS90.asc
ncols 200
nrows 200
xllcorner 290000
yllcorner 100000
cellsize 50
[rows 70 to 104 of 200, columns 0 to 78 of 200]
123.5 124.6 124.9 123.9 120.4 123.6 126.4 125.7 126.6 127.1 127.7 127.5 126.2 124.6 119.8 112.8 107.3 102 98.1 94.5 90.9 95.9 96.8 109.5 122.4 131.8 137.2 137.5 135.7 131.8 126.9 134.8 141.5 139.2 135.2 133.2 133.3 135 134.9 134.5 134.9 135.7 135.9 133.9 130.7 128.1 129.1 126.8 127.8 133.8 138.5 140.9 141.9 139.7 137.1 133.3 129.1 125.8 123 123.2 120.3 116.9 111.3 101.9 95.9 90.4 83.6 79.3 75.1 70.6 65.1 58.9 53.9 52.4 47.3 44.7 44.4 44.2 44
130.9 134.5 134.6 130.9 125.8 126.9 131.4 131.6 129.7 129 128.6 127.7 128.7 129.2 125.2 118.6 112 104.5 97.1 94.9 100.9 105.1 103.9 104.4 116.9 129.7 139.3 143.5 142.2 137.8 141.8 148.1 150.5 148.8 147.2 145.9 144.4 144.3 142.7 140.8 139.8 138.5 137.3 134.8 134.8 133.1 131.1 133.2 132.4 132.7 134.8 137.1 138.5 138.6 136.3 133.5 129.5 124.5 118.1 116.4 113.8 108.6 104.8 97.1 88.3 81 75 69.4 65.4 64.2 61.8 61.8 63 62.3 53.5 44.5 44.6 43.7 43.9
138.6 142.8 141.6 138.2 134.2 131.1 129.6 134 131.5 128.5 126.6 125.1 124.2 124.7 122.9 118 111.4 101.6 95.2 105.2 119.8 116.8 111.8 107.3 115.2 131.5 140.5 147.2 148 146.3 147.4 153.4 158.3 157.8 157.5 156.7 154.9 152.1 149.7 146.3 144.6 142.4 140.9 138.9 138.6 137.5 136.9 138.2 138.4 139.6 140.4 143.9 144.9 145.1 142.5 139.9 135.2 127.6 121.2 114.7 111 104.1 94 89.1 82.6 81.2 79.9 75.4 71.9 72.2 71.7 71.8 70.1 68.1 56.4 45.1 44.3 43.5 43.6
149.1 152.5 151.6 149.2 144.3 139.2 134.4 133.9 132.2 128.5 125.3 123.5 120.9 120.2 118 115.6 108.4 97.8 99.8 119.4 126.9 126.2 121.6 120.4 129.3 136.4 139.2 146.1 150.9 154.8 151.6 154.4 159.3 165.2 167.4 166.7 163.8 160.5 156 151.7 148 146.6 143.5 143 142.9 142.9 142.5 144.1 145.9 147.9 148.7 149.7 151.4 149.2 145.6 140.9 134.7 128.2 122.5 116.3 111.7 102.8 99.5 95.3 90.5 87.8 86.4 81.6 79.4 78.4 78.6 75.9 74 70.8 58.8 44.7 43.5 43.3 43.3
156.8 158.9 159.3 158.2 152.7 144.1 136.6 130.8 128.9 126.3 123.8 124.2 120.4 117.1 115.3 114.3 110.6 99.9 103.1 122.9 129.1 128.6 126.3 126.7 129.5 134.2 136.6 144.5 150.4 154.8 154.7 158 163.4 170.8 177.1 177 171 166.4 160.2 155.1 150.5 147.3 145.9 146.4 147.5 149.8 151.5 151.8 154.7 158.4 156.7 151.2 151.2 150.3 146.1 140.7 134.9 130.5 126.1 120.1 115.8 113.1 112.1 106.3 100.3 96.1 92.6 87.6 85.8 83.9 81.5 76.6 72.6 67.2 53.9 43.4 43.3 43.9 43.2
159.2 161.9 161.4 160 154.2 143.1 136 129.8 125.1 122.6 120.9 119.6 118.2 115.4 113.3 110.5 106.1 100.2 100.2 115 122.9 124.8 125.6 129.2 133 135.5 138.1 144.3 148.5 152.7 155.5 158.1 162.3 169 175.1 178.6 173.6 167 160.7 155.1 151.5 148.1 148.8 152.4 158.6 163.9 165.8 161.2 158 154.6 150.6 147.1 142.6 142.8 141.7 140.6 135.4 132.6 130 126.9 124.1 122.1 119.5 115.1 111.2 105.3 101.7 97.4 94 88.2 81.1 75.1 69.1 59.7 47.6 42 43.3 43.8 43
163.5 163.1 161 158.1 150.8 142.2 135.9 129 123 119.6 117.7 115.9 114.2 111.3 110.5 107.7 109.1 108.9 99.9 104.9 115.5 120 124 129.1 136.2 141.9 143.5 144.3 145.9 146.1 147.9 152 156.9 160.6 165.9 168.8 166.3 160.9 156.7 152.3 149.6 149.3 152.4 158 165.6 167.8 162.9 155.9 150.6 141.3 133.8 128.1 124.7 122.3 119.2 117 116.1 116 116.8 116.8 123.6 131.1 129.6 126.5 123.3 117.3 110.1 104.3 96.2 89.6 82.4 75.5 68.2 63.1 50 42.5 43.3 42.9 42.8
167.6 165.5 163.2 158.4 149.7 137.2 131.4 129.3 124.5 120.7 117.2 114.4 115.1 117.4 117.4 117.3 117.7 110.7 101.1 112.2 108.6 115 121.9 128.2 136 143.9 146.4 145.8 144.8 141.5 141.9 145.7 150.6 152.6 153.4 153.7 153.6 151.9 150 147.7 146.7 150.7 155.5 160.4 159.7 154.5 148.6 141 133.7 125.9 117.5 111 105.7 102.3 100.2 98.2 97.1 96.2 96.2 95 101.7 112.3 118.1 115.7 112.7 111.9 107.8 101.7 96.4 90 82.5 74 64.4 58.5 49.3 42.1 43.2 42.5 42.8
171.9 170.5 166 160.3 154.2 149.4 142 137.4 129 123.3 121.3 120.7 119.6 121.5 122.4 121.6 119 109.4 102.3 116.4 114.2 110.7 113.2 120.7 132.5 140.5 141.2 139.8 138 139.2 140.1 142.5 146.5 148.5 147.8 143.8 142.8 142 141.6 141 144.5 150.3 153.6 152.3 148.3 143.4 136.1 129.2 122.3 114.6 106.6 99.2 94.4 90.6 88.4 85.6 83 80 78.9 77.9 82.2 90.6 99.2 100.9 102.3 101.4 98.5 94.3 89.3 84 78 72.8 66.3 63.8 53.9 41.9 42.9 42.2 43
179.6 174.7 169.6 166.6 164.8 158.7 151.9 143.2 135.2 129.9 129.5 128.4 124.5 125.5 126.3 124.3 117.7 106.5 113 121.4 120.9 116.3 116.6 117.7 122.6 131.6 131.7 133.1 137.8 143.6 146.9 142.3 144 145.6 146 141.2 133 131.3 133.3 133.6 136.1 141.3 141.2 141.7 139.8 132.2 124.9 117.7 110.5 103.1 95.5 90.2 85.7 82.4 79.2 74.8 71.4 73.9 76.9 74.7 71.1 75 81.8 87.5 91 90.3 88.1 86.7 83.1 78.3 74.4 69 66.3 66.4 53.9 43.5 42.3 42.3 42.6
186.3 180.5 177.8 176.1 175.4 168 160.4 153.1 145 138.9 137 134.5 130.9 129.7 129.8 126.6 117.6 108.2 129.9 130.4 127.7 123.7 124.1 125.8 122.1 124.3 132.7 140 143.7 147.1 149.2 147.4 144.5 144.7 143 140.1 131.9 123.4 121.1 121.4 122.7 126.8 130.5 130.3 127.7 123.3 117.1 107.3 101.6 95.9 90 82.7 77.5 76.9 76.6 77.3 80.3 84.2 84.7 80.5 72.5 66.3 66.5 72.1 78.3 80.1 80 80.3 79.1 74.9 68.7 64.1 63.5 62.8 54.7 44.3 42.6 42.7 41.7
189.8 187 186.5 185.3 181.4 175.2 168.7 160.9 152.2 145.5 140.5 137.7 134 134.8 130.1 126.5 117.6 111.3 132.1 136.7 133.7 129.3 129.6 132 130.8 128.6 135.3 143.2 148.3 153.7 155.5 152.1 149.1 144.5 137.9 133.6 128.9 120 114.5 110.6 110.3 111.4 113.8 114.5 112.9 110.9 106.6 100.2 94 89 82.8 82.4 85.9 87.6 91.6 95 96.8 96.7 92.1 86.7 80 70.4 64.8 62.4 63.7 68.1 68.9 69.3 68.7 66.8 62.3 57.5 55.9 52.2 47.2 45.1 41.4 39.4 42.2
192.5 192.6 192.9 192.3 187.8 182 175.7 167.7 159 151.2 142.1 135.4 130.9 130.5 126.7 122.8 113.7 114.2 130.7 134.5 135.6 134.2 131.8 137.1 138.6 137.9 136.1 146.1 160.5 166.3 165.3 160.4 154.6 149 141 133.4 128.4 126.7 125.6 117.9 110.6 105 102 99.2 97.6 96.9 94.8 91.5 86.8 83.3 91.2 99.5 104.5 102.5 102.4 101.8 100.8 96.1 89.8 84.9 79.7 69.8 68.4 64.5 60.8 58 58.1 56.9 56.5 54.4 52.8 50.9 50.7 51.8 50.4 47.5 39.4 41.7 42.5
190.7 194.6 198 197.9 194.1 187.7 181 173 165 155.2 144.3 135.4 131.4 129.4 120 114.8 114.3 119.1 123.5 129.3 135.5 137.3 137.9 137.3 142.8 146.5 141.9 149.3 160.9 165.7 166.8 165.4 160.1 156.9 152.1 146.3 142.6 141.3 134.5 126.6 120.1 114 110.9 106.2 102.7 96.7 93.3 89 86.9 100.2 108.3 112.4 110.4 105.4 102.2 98.7 95.1 91.2 87.4 84.8 81.2 75.1 87.4 82.7 72.5 66.2 62.2 58.8 58.3 57.9 60.4 60.6 59 58.9 56.8 49 41.8 42.4 42
188.9 193.6 198.9 200.4 197.2 191.4 185.1 178.2 170.2 159.3 141.1 127.1 122.9 118.2 119.4 122 120.1 122.3 123.4 132.7 138.8 141.8 144.2 144.1 150.1 156.7 151.4 148.4 159 163.9 166.5 167 164.6 165.9 163.7 155.8 149.1 143.7 135.9 127.3 118.9 112.6 108.5 105.9 102.4 97.1 92.3 91.2 99.1 114.6 121.3 120.5 113.6 108.4 105.7 101.5 96 92.7 90.3 87.6 82.6 80.6 88.7 89.7 88.7 86.7 82.2 80.4 76.3 78.1 77 75 72.3 68.5 62 54.3 39.4 42.2 41.4
196.1 196.2 197.4 198.7 197.5 193.6 186 177.7 169.9 153.6 136.7 130.5 122.7 126.1 129.2 130 128.4 126.1 131.4 134.3 142.6 148.1 150.7 150.9 156.7 162.6 162.4 159.8 161.2 162.9 166.1 167.1 171.7 174.9 169.9 160.7 152.1 144.5 136.6 128.3 121.5 112.6 106.4 101.7 98.1 91.8 92 101.2 115.4 122.8 123.4 119.8 115.9 112.7 110.4 105 99.5 97.1 93.4 90.6 84 91.6 93.8 93.5 92.8 91.4 89.6 88.3 84.9 82.8 80.7 78.7 75.3 71.9 66.1 59.8 47.2 39.4 41.4
207.6 203.7 198.9 192 193 189.7 182.7 172 160 144.8 131 126.9 125.2 129 135.8 137.4 136.3 130.8 137.2 139.2 146.5 153 156.5 157.1 160.4 165.3 168.8 169.7 169.8 168.3 168.1 169.4 173.6 174.6 168.9 161 152 143.1 135.5 127.7 120.7 112.6 105 100.1 96.6 97.1 96.5 106 111.8 113.7 113.7 117.1 118.9 116.8 114.9 110.2 102.2 97.9 92.4 92.1 89.4 96.9 98.3 98 97 95.6 94.1 91.1 88.4 85.4 82.8 79.2 75.9 71.2 65 58.7 50.6 45.1 42.6
218.3 210 201.1 190.5 180.5 178.4 173.7 160.6 152.2 142.1 135.4 128.3 130.8 134 141.2 146.1 144.8 137.7 140.8 146.7 151.7 158 162.4 165.5 167.3 170.2 174.7 177.9 179.8 177.9 177.2 175.6 173.9 170.7 164.1 156.8 149 135.4 125.2 117.3 111.8 105.1 101.4 104 107.7 105.5 100.8 101.9 105.2 109.6 113.6 117.5 120.1 122.2 119.8 113.6 102.6 100 100.2 98.7 94.2 100.4 102.4 102.7 101.4 100.7 97 92.2 89 85.1 81.9 78.4 74.2 68.7 62.9 57.4 50.2 52.8 53.1
225.5 214.5 203.8 193 183 169.9 157.5 150.4 143.5 137.3 131.7 128.2 135.2 142.1 146.1 153.2 152.9 148.1 144.6 152.2 157.3 163.9 169 174 177.3 179.4 185.8 191 190.8 190.7 188.7 183.1 179 171.9 162.5 152.3 142.4 133.3 120.9 113.2 108.3 108.3 114.6 116.3 114.1 110.2 107.7 110.4 113.2 115.9 119.4 124.4 125.2 124.5 121.3 113.6 104.8 106.9 106.6 103.7 100 105.2 105.3 104.3 101.8 98 93.9 89.2 85.5 82.3 79 75.5 70.4 65.1 58.7 50.6 54.2 55.6 54.3
225 214 205.7 193.5 178.5 166.2 156.4 147.2 139.9 136.6 135.3 136.2 138.7 144.2 149.9 155.3 158.1 155.4 151.8 158.4 166.6 171.1 177.6 184.7 189.3 193.8 199.8 203.1 202.3 202.1 196.1 189.2 185.2 177.5 166.6 155.1 141.6 126.3 117 114.9 118.7 119.4 125.6 124.8 121.2 114.1 117.7 124.8 130.2 133.3 136.4 137 135.5 130.5 126.7 115.8 112.7 114.7 111.9 107.3 104 108.7 108.6 104 98 91.9 86 82.1 78.7 75.6 72.7 69.7 65.6 60 55 56 58.9 57.2 55.1
221.3 212.3 204.6 194.6 185.4 174.1 162.9 151.1 146.6 145.2 147.3 149.7 147.9 155.3 160.9 160.7 162.4 162.1 160.7 168.4 176.2 180.9 189 195 201.6 204.7 209.2 214.3 215.7 212.5 202.7 194.7 190.4 185 170.1 150.9 133.2 123.5 122 126.8 129 122.5 130.2 130.5 124.7 121.5 123.2 134.4 144.8 150.3 150.5 149.1 145.1 140 134 125.4 121.5 121.5 117.7 115.7 112 114.1 111.6 106.6 103.1 99.7 95 90.1 84.8 77.6 71.2 66 61.7 58.7 61.4 62.2 60.8 57.9 55
216.9 213.4 207.3 200.3 192 181.4 170 162.5 157.7 158.4 160.9 164 165.4 168.9 172.2 172.6 173.6 174.3 175.5 178.7 184.7 191 198.6 205.5 212.5 218.8 226.1 230.6 229 225 218.5 206.3 196.9 190.7 180.9 151 132.9 130 136.8 140.4 137.9 130.9 135.4 134.4 131.5 135.4 131.9 135.5 144.8 157.4 159.5 157.6 152.6 148.3 140.4 130.7 130.3 131.2 133 131.4 123.6 122.2 117.4 113.4 112.2 109.7 104.6 97.6 89.2 82 73.5 66.3 66.7 65.7 66.9 66.1 62.9 58.7 54.9
213.6 210.4 207 202.5 196.3 188.5 180.4 174.8 173.2 174.5 176.1 178 180.8 181.1 181.3 182.5 184.8 189.4 189.4 191.2 195.3 202.6 210.8 220.6 230.7 237.8 241.4 242.1 239.2 234.3 226.8 216.5 204.5 188 170.4 150.1 133.9 141.3 155.6 153.9 143.6 139.7 145 142.7 142.3 154 156.4 154.2 152.9 160.8 168 164.7 161 154.8 144.5 140.8 138.6 143.4 144.7 140.3 135.1 133.8 127.7 124.2 122.8 119 108.9 98.6 89.3 79.4 72 73 71.9 70.8 70.6 68.4 64.2 59.5 55.7
208.9 205.7 203.3 201.3 197.5 192.5 188.4 185.1 185 183.5 183.4 185.3 185.9 186.7 187.5 188.2 192 197.9 201.9 206.5 212.6 220.5 228.5 236.5 243.2 248.1 250.7 248.8 246.3 240.6 232.7 224.1 205 183.2 164.7 150.3 139 151.4 160.1 160.3 151 147.9 154.9 153.8 159 165.5 172.4 172.7 174.4 169 175 172.4 167.9 160.9 155.5 152.4 149.7 152.5 152.8 146.8 144.7 142.1 137.7 135.9 132.5 123.6 110.2 94 83.7 76.4 78.5 78.6 76.9 75 72.4 68.2 64.4 60.3 56.5
204.6 200.3 197.9 195.7 193.6 190.8 187.8 185 182.1 180.9 180.3 180.9 182.1 183.9 185.6 187.3 193.3 199.8 206.5 213.6 221.6 229.2 237.3 243.2 248.8 252.4 253 252.1 247.6 242.8 235.4 222.5 203.4 180.6 164.6 151.6 146.8 151.8 161.4 164.2 160.4 158.7 166.8 170 170.6 177.4 182.9 186.3 185.7 183.4 183.4 182 177.1 170.9 166.3 161.8 160.5 159.8 159.3 156 154.3 152.3 148 143.6 138.3 124.7 106.4 92.1 83.9 84.1 84.6 83.1 80.2 76.5 73.5 68.5 63.6 58.9 48.2
200.7 196.2 193.4 191 187.8 184.3 180.3 177.9 175.1 173.1 171.4 172.4 173.9 177.3 180.4 182.5 187.3 193.6 202.4 212.2 220.9 229.4 236.4 241.4 245 249.7 249.9 249.7 247.2 242.1 233.8 216.6 198.6 180.9 163.6 160.1 159.2 154.1 165.7 171 173.4 173.5 179.6 183.8 185.1 187.9 193.7 197.9 196.4 194.7 192.6 190.4 187.1 182.6 177.5 172.9 169.9 168.8 168.2 165.8 163.4 160.6 155.2 148.8 141.2 126.9 105.5 91.9 92.2 92.2 89.2 85.6 82 77 71.7 66.7 61.4 56.8 42.7
193.6 190.8 187.9 186.3 183.2 177.5 173.4 171.6 168.9 166.6 165.1 164.4 163.8 165.2 169.7 171.4 173.2 177.8 186.2 199 213.6 222.9 229.2 233.7 237.7 240.8 244.1 245.8 244.8 241.1 231.8 217.5 203.4 189.2 178.6 181.1 171.9 162 177.2 183.2 191.2 193.5 195.4 199.4 203.3 205.7 208 209.5 208.9 206.4 204 202.2 199.5 194 189.6 185.4 183.7 182.7 181.7 176.2 171.2 165.7 157.9 148.7 139.4 122.6 101.9 98.6 99.1 96 90.8 85.8 81.1 75.4 71.5 66.6 60.4 53.1 43
191.4 185.1 180.7 178.5 177.8 170.4 167 163.4 160.5 159.2 158.1 157.4 156.6 156.1 159 161.1 164.4 171 176.8 187 201.3 213.3 219.5 222 227 233.1 237.8 240.9 240.9 239.3 233 222.8 209.3 199.3 193 190.3 181 171.2 186.7 197.5 205.2 209.4 212.8 218.6 224.1 226.1 226.5 225.8 224.1 221 218.5 216.3 213.6 209.9 207 203.5 202.7 202 196.5 186.7 174.9 164.7 154.5 144.6 135.1 116 107.2 106.9 104.2 97.7 92.3 88.3 84.6 78.1 73.1 68.7 61.4 47.4 39.8
198.6 193.3 189 182.3 176.4 174.9 170.3 166.6 161.7 157.8 154.9 152.7 149.6 145.8 148.7 154.8 158.8 164.3 170.6 176.6 187.9 200.9 206 210.5 215.5 222.4 229.4 233.3 235.9 235.9 232.9 225.8 216.4 209.8 203.8 198 191.4 186.4 194.7 207.5 216.3 221.7 227.7 233.2 238.5 240.3 240.9 241.6 241.6 241 238.4 234.6 230.2 227.5 225 221.7 218.9 214.5 205.3 194.7 179.1 163.7 151.4 142.8 133.2 121.5 118.4 114.2 107.9 101 95.3 90.1 85.6 79.6 74.3 68.3 60.5 47.9 39.2
206.2 201.1 196.9 192 186.2 181.7 176.1 170.7 165.6 161 158.6 155.4 151.9 146.4 141.1 147.1 155.3 160.3 165.8 171.1 178.7 187.9 194.1 200.2 206.7 213.7 219.7 225.5 229.6 232 230.7 225.5 218.3 210.9 204.4 200.6 199.9 201 207.1 215.2 221.9 228.1 233.3 238.8 243.4 246.6 250.1 252.6 252 253 250.5 248 244 243.1 240.4 234.4 228.4 222.2 212.9 199.8 182 164.9 153.4 144 136.1 129.2 121.3 115 108.9 104.1 97.7 90.5 84.6 77.6 71.4 66.4 59.7 47.4 39.4
214.4 210.6 205.6 200.1 193.9 187.3 180.9 175.1 169.8 166.2 161.2 157.5 152.8 147.3 140.3 138.9 148.8 156.9 159.2 164.9 170.8 176.4 182.2 192.5 198.7 204.3 209.3 217 223.8 227.3 227.4 222.4 215.2 205.7 200.5 199.5 201.1 206 211.2 217.2 223.3 229 234.3 239.7 244.3 248.4 252.1 253.5 253.5 251.8 250 247.9 246.9 245.7 243.4 240.1 235.5 229.2 220.5 208.6 190.5 171.5 158.3 149.3 141.3 133.9 126.4 120.2 112.8 104.6 95.4 86.2 79.8 76.2 76 69.7 60.8 45.9 39.5
223.4 218 212.5 207 200.9 194.1 186.5 179.3 173.8 168.4 163 158.7 152.2 146.2 140.3 135.6 141.1 151.5 156.6 158.6 166.4 170.2 177.4 184.3 190.2 193.9 198.7 205.2 215.1 220.6 221.2 216.8 209.3 198.2 194.5 196 199.1 204.2 210.5 216.2 222.1 227.6 233.2 238.6 242.8 246.1 248.8 249.4 248.9 247.3 245 242.9 243.1 243.4 243.2 241 237.5 231.9 224.6 215.3 201.7 185 167.8 155.9 144.7 137.8 130.9 124.9 118.2 110.4 101.2 93.3 87.8 79.6 70.1 62.8 51.6 39.3 39.2
226.9 221.6 216 210.5 204.6 197.6 190.4 183.5 177.7 170.5 163.7 157.7 152.3 147.3 141.7 136.4 135.2 147.1 152.7 155.9 160.9 166.1 170.3 176.7 181.1 184.5 188.5 194.7 204.2 213.6 215 210.7 201.4 190.9 187.9 191.3 195.6 200.6 206.9 213.1 218.6 224.3 229.6 234.4 238.1 241.7 243.7 243.7 242.5 240.5 238.3 236.5 236.5 238.5 241 239.3 236.3 232 225.5 218.1 208.8 195.7 179.5 162 149.1 142.1 135.2 128.5 122.2 115.9 108.6 99.6 92.4 84.6 70.8 63.5 56.3 40.1 39.1
224.4 219.5 215.2 210 203.9 196.6 188.1 179.1 172.2 167.1 163.1 156.9 150.6 143.2 138 133.9 132.3 142.9 147.7 150.8 156.1 160.8 165.4 169.6 173.6 177.4 182.3 189.9 197.7 204.1 205.4 202.1 191.8 182.7 181.4 186 188.9 193 200.5 207.1 212.9 218.8 223.3 227 229.6 233.5 235.1 234.7 233.9 231.3 229.2 226.6 228.8 232.1 235.8 236.3 233.1 229.8 224.7 218.4 209.1 202.7 189.9 170.9 154.7 146 139.3 131.3 126.8 121 113.2 103.8 97.4 89.2 78.1 69.8 53 39.8 38.5
216.8 213.2 209.6 205.5 200.2 193.9 185.8 176.2 164.4 157.9 154.7 152.7 147.6 139.8 133.1 129.8 131.1 139.1 143.7 146.7 151.3 154.7 158.6 161.7 166.3 172.2 178.9 187.5 193.4 198.1 197.8 193.1 183.7 176.7 174.7 180.2 180.9 183.7 191.5 198.2 204.7 209.2 212.2 216.2 220.1 223.5 224.1 222.9 221.7 219.7 217 214.3 218.7 224.4 229.3 231 229.2 225.8 220.9 215.2 207.9 203.3 196.3 185.6 169.7 157.6 150.3 143.1 136.3 128 117.7 108.2 100.2 91.5 77.8 69.7 45.1 39 39.2
