public/OST50/SS90.asc
ncols 200
nrows 200
xllcorner 290000
yllcorner 100000
cellsize 50
[rows 140 to 174 of 200, columns 79 to 157 of 200]
34.1 34 34.2 35.4 35.2 35.3 35.5 35.5 35.7 36.1 36.8 37.5 38.3 40.1 47.6 54.5 57 55.4 55.2 56.1 60.6 64.9 66 71.5 70.7 69.2 67.7 70.8 74.6 76.4 78 81 82.7 83.2 82 81.7 79.5 77.9 76.5 76.1 77.1 77.2 78.1 88.8 97.1 101.5 106.9 110.7 113 113.9 114.1 114.1 113.1 111.3 110 109.6 109.2 109.6 109.8 109.3 105.8 102.9 100.3 98.1 94.2 89.2 83.6 77.5 74.4 72.4 72 72.6 75 82.9 86.3 85.4 80.9 74.5 69.4
34.3 33.6 33.8 34.4 34.8 35.3 35.2 35.4 35.7 35.9 36.6 36.8 37 40 50.2 57.3 63.4 67.9 70 73 77.2 77.5 75.7 77.9 79 76.6 74.3 72.9 74.3 77.3 79.7 80.8 83 83.6 81.9 79.7 78 75.8 73.6 74.9 75.6 75 77.6 86.1 91.5 95.7 99.4 102.9 104.5 105.2 105.4 105.8 105.7 103.5 102.2 101.8 101.1 103.2 104.1 103 99.3 94.1 94.1 94.4 92.5 89 85.4 81.1 76.5 72.4 69.5 70 76.5 79.5 79.6 79.9 79.3 76.6 70.7
34.5 33.5 33.8 34.3 34.6 35.2 34.9 35.3 35.6 35.8 36.1 36.2 36.4 39.5 50.4 56.8 63.4 69.2 74.2 77.6 80.2 81.2 81.1 81.6 81.8 81.5 80.7 80.6 82.7 84.3 84.1 81.5 83.3 83.6 82 80.9 78.6 75.4 72.4 72.6 72.7 73 74.5 82.2 86.2 88.3 91.1 94.6 96.3 96.7 97.1 98.2 98.6 97.3 95.4 94.9 93.7 97 99.8 98 94.2 85.9 91.5 95.6 94.9 93.2 90.1 86.6 81.9 75.6 69.9 67.2 70.2 70.9 72.9 75.4 76.1 74.4 70.8
34.5 33.3 33.6 34.4 34.7 34.5 34.7 34.9 35.1 35.4 35.7 35.9 36.1 40.2 49.3 55.6 61.9 68.1 72.3 75.6 78.3 79.8 80.3 80.8 81.1 81.4 82.4 83.3 84.8 85.8 85.8 83.1 84 86.3 86.2 82.6 79.7 74.7 71.5 71.1 71.1 70.6 71 76.7 80.3 82.3 84.4 86.6 88 89.3 90.4 91.5 91.9 91.7 90.8 88.8 89.9 96.7 97.9 97.8 94.8 83.8 90.1 95.5 95.4 94.8 93.3 90.3 85.6 79.6 72.3 67.1 65.8 68.3 74.5 76.9 77.7 76.8 74.6
33.2 32.8 33.3 34.5 34.9 34.1 35 35 35.1 35.1 35.4 35.9 36.4 40.7 46.4 52.7 58.8 64.2 68.6 72.1 75.4 77.4 77.8 78.1 78.7 79.9 81.4 83.8 84.7 85.5 85.3 83.9 81.5 85 84.6 80.5 77.6 72.5 70.3 69.6 69.6 68.8 69.3 72.1 74.1 75.9 77.8 79.7 81.4 83 84 85.6 86.5 86.2 81.4 86.4 86 91.7 93.2 93.2 92.1 81.6 80.6 88.7 89.7 90.3 90.1 89.4 85.9 81.2 75.1 67 64.6 67.8 79.5 83.8 84.3 82.4 80.2
30.4 30.4 32.9 34.4 34.8 34.4 35.2 35.5 35.1 35.3 35.2 35.8 36.3 40.5 44.7 48.2 52.7 56.4 60.7 65.2 69 72.3 73.3 75.5 79 81.5 83.7 85.1 85.8 85.2 85.3 82.1 78.7 81.7 78.8 76.1 76 73.3 69.1 67.9 67.2 67 67.1 67.4 69 71.5 73 74.2 75.5 77 78.6 79.8 80.4 80.3 78.9 79.4 80.2 83.9 84 84.4 84.2 80.4 70.9 78 78.9 79.6 83.1 85 82.7 79.1 74.2 67.7 63.7 64.7 75.8 85.4 84 80.5 78.7
33.1 33.1 32.9 35.7 35.5 35.2 35.7 35.4 35.1 35.5 35.2 35.2 35.8 42.5 47.1 54 60.3 64.7 66.7 68.9 71.2 74.1 77.6 81.2 84 86.4 87 86 85 84.3 83.6 80.8 76.8 74.6 74.4 74.7 75.2 73.1 68.8 66.2 65.5 65.2 65.1 65.1 65.3 66.9 68.9 70.3 71.2 73.1 75.1 76.2 75.7 74.1 73.5 72.9 73 74 74.7 74.9 73.1 72.1 66 67.5 69.8 73.5 74.7 74.8 77.9 75 72 67.6 62.2 62.2 73.6 83.5 81.8 76.6 72.4
33.3 29.8 34.4 35.5 35.3 34.6 35.6 35.3 35.1 35.7 35.1 34.8 35.5 42.2 47.5 54.6 62 67.5 71.1 74.8 78.2 81.4 85 88.5 90.4 90.2 88.1 86.1 84.5 84.6 83.1 80.3 76.7 73.8 69.6 70.6 75.4 73.6 69.5 65 64 63.6 63.7 63.2 63.3 63.3 65.2 66.2 67.1 68.9 70.9 72 71 70.6 70.1 69.8 68.3 69.3 68.9 68.7 67.4 65.3 62.6 60.7 61.7 63 65.7 69 70.5 71 69.2 65.5 61.7 60.8 64.6 75.2 74.7 72.7 67.1
29.8 32 33.9 34.4 35.1 34.6 35.2 35.3 35.3 35.2 35 35 35.5 40.5 48 53.8 61.2 67.8 72.7 77.4 82 86.4 90.2 92.2 92.2 91.2 88.8 85.8 82.4 82.1 80.2 78.9 75.7 73.7 70.3 66 71.3 74.3 70.2 64.4 62.6 59.8 61.5 61.3 61.3 61.2 61.2 62.3 63.4 64.9 65.9 67.3 66.3 66.8 66.8 66 64.2 64.8 64.2 63.5 62.8 61.1 58.5 56.6 56.3 56.2 58.1 62.1 66.7 68.6 67.1 64.1 60.2 59.7 59.5 63.9 65.5 64.8 63.6
32.5 33 33.5 33.6 33.9 34.8 35.6 35.8 35.1 34.5 34.9 34.9 35.3 39.1 46.4 52.2 59.5 66.9 72.5 77.5 82.3 86.9 90 91.7 91.7 90.7 89 85.3 81.3 79 76.6 74.4 72.3 70.2 68 63.5 69 72.9 70 65.3 61.9 59.8 59.5 59.4 59.3 59 59.5 60.1 59.9 61.2 62.4 61.6 62.8 62.8 62.9 62.7 61.7 60.1 59.1 58.6 57.4 55.8 54.7 53.4 52.5 52.9 54.3 61.3 65.6 65.8 65.4 63 59.2 58.2 58 57.8 58.3 60.1 61
33.7 33.5 33.6 33.3 33.6 33.7 33.7 34.1 34 34.4 34.9 34.7 35.1 38.7 44.9 50.5 57.8 65.2 71.6 76.5 80.5 85 88.3 89.6 89.5 88.4 85 82 80 77.9 74 71.2 68.5 65.8 61.3 60.6 66.1 71.6 72.1 68.2 63.5 59.6 57.3 56.9 57.3 57.4 59.5 58.9 57.6 57.8 59.1 59.1 59.1 59.2 59.2 59.4 60.2 58 55.6 54.4 53.4 49.1 50.7 50.5 50.6 51.2 52.9 59.8 64 64.7 64.2 63.2 59.7 56.8 56.6 56.2 55.9 56.8 61.4
33.7 33.4 33.9 34 34.1 34.1 34.5 35.2 34.9 34.4 34.7 34.5 34.7 38.3 43.3 48.7 55.9 62.7 69.1 73.4 77.6 82.5 85.4 85.8 85.5 83.4 79.4 76.1 75.4 74.7 73.3 72 71.1 67.7 62.2 58.8 61.1 68 71.9 69.7 66.3 61.9 58.1 56.4 54.8 56.1 57.6 57.5 56.2 56.7 59 57.2 56.6 56.4 56 56.5 58.4 57.4 54.1 51.4 50.8 49.3 48.4 48.3 48 49 52.9 60.3 62.6 63.3 63.1 62.3 60.2 56.2 55.6 55 54.4 57.8 59.5
33.6 33.1 33.8 34.4 35 35.2 35.2 34.5 34.5 34.5 34.6 34.5 35.7 38.3 42.6 46.7 52.7 58.6 63.8 68.8 74.2 79.2 80.5 79.9 78.3 76.5 73.7 71.7 73.7 74.6 78.4 78.1 74.9 70.1 64.1 57.6 59.9 65.6 69.2 69.7 67.9 66.5 62.3 57.3 53.7 54 55.5 55.6 54.1 56.5 58.4 56.1 54.1 53.5 53.2 54.4 56.5 55.2 51.4 49.8 48.5 47.3 46.2 46.1 45.6 48.2 53.4 60 61.6 62 61.8 61.5 60.5 57.6 54.5 53.8 53.3 54.4 55.2
31.4 33.7 34.1 34 34.7 35.2 34.4 34.6 34.7 34.6 34.5 34.3 36.2 38.7 41.5 44.8 48.8 53.7 58.2 64.6 69.8 72.8 72.8 71.5 70.2 69.6 68.9 70.5 74.5 79.6 78.4 75 71.2 67.1 62.3 56.3 56.5 61.3 66.1 67.9 68.1 67 65.8 60.6 56.1 52.3 52 51.5 52.5 54.4 54.8 52.9 51.2 49.8 51.8 55.6 56.6 53.3 49.3 47.8 46.9 45.9 45 44.1 43.9 47.3 53.6 59.2 60.4 60.9 60.7 60.4 59.6 58.8 55.4 52.8 52.2 51.9 52.3
33.7 32.7 33.7 34 34.5 34.2 34.2 34.3 34.5 34.5 34.4 34.7 36.3 38.4 40.7 43.6 47 52.1 56.1 59.3 63.3 65.1 65.3 63.9 64.1 64.2 66.9 71.7 75.9 77.9 74.3 70.3 66.7 62.2 59.3 56 52.7 56.9 62.1 65.8 66.8 66.9 65.5 63.5 59 57.6 53.9 50.2 49.4 50.7 51.6 50.4 49.4 48.4 52.3 54.7 55.2 52 47.8 46 45.2 44.4 43.5 42.3 42.8 47.2 52.5 56.8 59.3 59.5 59.5 59.3 58.6 58 56.7 53.5 51.6 50.6 50.6
32.2 32.3 32.6 34 34.2 34.2 34.3 34.1 34.2 34.3 34.3 35.4 37 37.4 39.3 41.8 45.7 49.8 52.5 54.1 56.7 58.8 58.5 59.1 64 69.1 72.8 74.9 79.7 80.2 77.2 73.4 69.7 64 57.5 52.9 51.3 54.1 58.8 64.5 65.5 64.3 62.9 62.2 62.3 61.5 59.1 56 51.9 49.6 47.8 47.4 47.5 48.3 52.1 54.6 54.2 50.2 46.1 43.8 43.3 42.7 41.5 40.7 42.4 46.5 51.7 56.3 57.9 58.1 57.1 57.2 57.8 57.3 56.7 54.6 51.2 49.9 48.9
32.5 32.4 32.7 34.2 34.2 34.1 34.5 34.1 34.1 33.7 33.6 35.2 37.5 39.4 42.1 44.4 46.6 48.3 48.3 50.6 53.2 56 58.7 65.4 74.3 78.5 77.9 76.6 76.9 77.3 77.7 75.7 71.1 63.8 56.9 51.5 49.6 52.5 57.8 62.8 64 63.3 62.5 62 61.4 60.9 60.4 58.5 55.5 51.7 47.8 46.8 46 47.7 51.5 53.7 52.4 48.9 44.8 43.1 41.9 40.7 40 39.1 42.2 46.2 52.4 55.3 55.1 54 52.9 56.4 56.6 56.4 55.9 55.4 52.1 49 47.8
32 31.8 32.8 33.9 33.7 33.7 33.9 34 33.8 33.8 33.7 35.6 37.9 40.1 43.4 46.8 50.7 54.3 57.3 60.2 64.3 68.5 69.6 74.3 78.7 77.5 73.2 70.7 70.8 72.6 73.1 69.3 64.2 59.7 53.4 49.4 48.1 53.2 59.4 63.3 63.3 62.6 61.7 60.8 60.1 59.6 59.1 58.3 57.1 53.4 49.1 46.2 45 44.7 49.4 52.6 50.7 47.5 44.2 42.4 40.8 39.1 37.5 38.3 41.7 46.6 52.4 53.6 51.9 48.3 49.9 54.6 55.4 55.5 55.1 54.6 53 50 47
31.6 32.3 33.6 33.8 33.6 33.4 33.5 33.6 33.3 33.6 34.6 35.9 37.8 40.2 43.7 47.4 52.2 60.7 66.8 71.3 75.1 76.4 77.2 76.5 74.6 71.7 67.4 64.6 64.9 65.8 64.7 61.6 58.2 54.3 49.7 47.5 53 59.4 63.4 63.4 62.5 61.7 60.9 60.1 59.4 58.8 58.3 57.6 56.5 54.9 52.9 48.1 44.7 44 47.1 51.3 50.6 48 44.1 41.7 40.4 38.1 35.8 37.7 41.8 48.8 52.3 50.8 47.2 44.6 47.3 52.4 54.2 54.2 54 53.6 53 50.9 47.6
31.4 33.3 33.8 33.7 33.6 33.4 33.4 33.6 33.5 33.9 34.9 35.9 37.2 40 42.8 47.6 54.6 65 70.8 73.9 75.8 75.6 74 71.6 67.4 63.6 60.2 56.6 58.2 58.3 57.3 55.8 53.1 49 46.2 53.5 61.2 63.8 62.2 61.7 61 60.8 60 59.3 58.5 58 57.5 57 55.9 54.9 54 51.2 45.6 43 44.2 49.9 50.6 49.1 46.9 44.7 42.4 39.6 36.3 36.5 43 50.1 50.9 47.6 43.8 42.6 46.2 50.8 52.9 53 52.8 52.5 52 50.9 47.9
31.2 33.7 33.7 33.4 33.2 33.2 33.3 33.5 33.6 33.8 34.5 36.2 37.7 39.9 42.6 47.8 56.8 68 70.2 70.7 70.1 67.3 66.6 63.6 60.7 57.7 55 52.9 53.2 53.1 52.3 51.1 47.2 45.4 50.8 58.9 59.5 58.9 58.1 59 60.6 59.9 59.1 58.4 57.7 57.1 56.6 56.2 55.2 54.6 53.7 51.8 48.1 42.3 41.7 47.1 49.3 49.6 48.6 46.9 43.6 39.5 35.8 36.2 44.5 49.3 48.7 45.1 41.7 41.6 45.5 50 51.4 51.5 51.1 50.7 50.7 49.6 47.1
31 33.3 32.9 32.9 33 32.9 33 33.1 33.3 33.6 34.3 36 37.4 39.4 42.6 48 57.5 61.6 63 62.8 61.4 62.6 60.2 58.2 55.6 53.1 51.8 49.6 49.6 49.4 48.4 45 44.9 51.6 58.4 56.4 55.3 56.3 57 57.3 58.3 58.9 58.3 57.5 56.8 56.2 55.7 55 54.4 53.9 53.6 52 49.8 45.1 40.6 43 47.4 49 48.7 47.2 43.5 39.2 34.8 36.9 45.1 47.8 46 42.5 40.2 40.7 44.2 48.3 48.9 48.9 49 48.7 48.9 48 45.7
30.7 33.2 32.6 32.7 32.7 32.6 32.7 32.9 33.2 33.2 33.5 35.6 37.1 39.2 42.4 47.5 54 56.1 56.7 56.7 58.8 58.2 56.7 54.2 52.5 50.9 48.9 47.4 46.2 45 44.2 43.9 48.6 53.3 54.9 53.6 54.3 56.1 54.4 53.6 56 57.6 57.5 56.6 55.9 55.3 54.5 53.7 52.9 52.8 52.3 51.6 49.5 48 42.1 39.5 44.5 47.5 47.8 46.6 42.8 38.1 34.5 36 44.1 45.3 43.4 41.2 39.1 40 43.4 46.4 45.4 46.6 46.8 46.9 47 46.3 44
30.7 32.1 32.4 32.4 32.4 32.5 32.6 32.7 32.8 32.7 33.4 35 37.3 38.6 41.1 45.6 49 51.1 53.2 55.3 55.6 54.8 53.8 51.8 50 48.8 46.9 45 44.8 43.4 41.9 45.4 48.9 52.1 52.8 52.9 54.5 53.4 50.9 50.7 53.9 56.2 56.6 55.8 55.3 54.8 54.2 53.3 52.1 50.9 50.8 50.5 49.4 47.4 44.2 38.5 40.3 45 46.1 45 42.5 38.2 33.7 36.2 40.7 42.6 41.1 39.5 38.6 39.4 41.9 43.3 42.6 43.9 44.9 45.1 44.9 44.3 42.6
30.2 31.2 31.7 32.2 32.2 32.3 32.4 32.6 32.4 33.1 33.9 35.4 36.8 38.3 41 43.5 46.2 47.2 50.1 51.8 52.9 53.5 52.4 50.7 48.4 46.7 44.8 44.1 42.8 41.3 41.9 45.7 50.1 52 51.6 52.8 52.5 50.2 47.4 48.2 51.9 55.2 55.4 55.1 54.7 54.2 53.6 52.8 50.7 49.7 47.3 46.3 45.1 43.6 40.8 38.3 37.9 41.7 43.4 42.5 40.6 37.6 33.9 35.5 38.7 39.6 38.8 37.5 36.8 38.3 40.3 40.8 41 41.7 43.1 43.4 42.9 42.8 41.4
30.7 32.1 32.2 32 32.1 32.2 32.3 32.3 32.9 33.8 34.7 35.8 37 38.4 40.4 41.8 42.6 45.5 49.8 52.4 54.6 54.1 51.9 50.4 47.8 45.7 44.6 43 42 40.2 43.8 47.3 51.3 51.3 51.1 53.3 51.9 47 42.8 46 50.5 54.1 54.7 54.6 53.8 53.1 52.8 51.9 50.1 48.9 49.1 48.5 47.5 45.1 41.8 38.1 36.9 38.6 40.4 40 38.3 36.2 33.5 34 36 36.5 35.8 35.2 35.5 37 37.9 38.7 39.5 40.3 41.2 41.7 41.9 41.2 40
31.7 32.1 32 32 32.1 31.7 32.4 32.3 33 34.1 34.2 35.9 36.6 37.4 39.8 42.6 44.2 47.8 51.4 54.4 55.7 54.2 52.4 49.5 46.5 44.9 44 44 42.5 39.4 42.5 45.6 48.3 48.1 51 51 45.7 42.6 42.2 44.5 49.6 53.3 53.8 53.8 53.5 52.6 52.2 52.6 52.2 52.4 53.6 53.8 54 50.9 44.9 38.6 36.9 36.2 37.1 37 36.3 34.8 31.9 32.2 33.1 33.3 32.9 32.8 33.6 34.6 35.2 36.2 37 37.7 39.2 40.1 40.1 39.6 38.9
32.3 32 31.7 31.5 31.5 31.9 32.3 32.4 32.8 33.6 34.4 35.9 36.6 38.4 40.6 42.8 45.2 50.1 54.6 56.2 56.4 54.4 51.9 48.8 45.9 44.2 42.9 42.9 41.8 38.8 39.6 42 43 45.1 49 45.5 40.5 40 40.4 44.5 49.2 52.4 53 53 53.4 52.6 52.5 51.7 51.9 52.9 56 57.8 57.8 54.8 48.4 40.5 36.3 35.4 35.4 35.2 34.9 33.1 31.9 31.6 31.8 31.6 31.8 32.4 32.6 32.9 32.6 33.7 34.7 35.6 38.8 38.2 36.6 37.7 37.8
31.5 31.1 31 31 30.9 31.2 31.5 32.4 33.8 34.7 34.6 35.8 36.8 38.5 41 44.7 48.4 55.2 59.4 58.3 56.1 54.3 52 48.9 45.2 43 40.4 40 38.9 37.7 37.6 38.5 39.6 41.7 41 39.9 38.4 38.6 40.2 43.4 47.4 50.9 52.1 52.2 52.8 51.9 51.3 50.8 50.9 52.1 55.5 56.6 55.2 51.9 48.3 42 36.1 35 34 34 33.4 32 31.8 31.5 31.4 31.7 32.1 32 32.3 31.9 34.5 35.8 33.3 34.4 40.7 37.2 37 36.5 36.5
32.1 31.8 31.5 31.5 31.5 31.2 32.4 33.4 34.4 35.6 35 35.9 37.5 39.1 42.4 46.4 47.1 53.5 50.7 56.4 57.2 55.1 52.4 49.2 45.8 42 39.4 37.7 36.5 36 35.6 36.4 37.5 38 38.5 36.6 36.7 37.9 40 42.5 45.8 48.8 50.7 50.9 51.6 51.2 50.6 50.1 50 51.4 52.3 51.8 51.1 48.9 45 39.4 34.4 33.7 33.2 33.3 32.6 32.5 31.6 31.4 31.6 31.8 32.3 34.8 31.5 31.5 31.8 32.1 32.5 33.1 37.8 35.9 35.1 35.5 35.4
31.9 31.7 31.4 31 31.6 30.9 32.5 33.7 34.9 35.4 35.7 36.7 38 39.7 40.8 41.9 42.3 49.6 52.1 54.8 56 54 51.3 48.5 44.5 41 38.7 36.8 36 35.5 34.6 35.1 35.1 35.4 35.7 35.2 35.4 37.3 39 41.3 45.4 47.1 48.8 49.8 50.8 50.7 50.5 49.7 48.4 47.7 49 48.7 46.7 43 39.8 35.5 33.2 32.9 32.5 32.3 32 31.7 31.6 31.7 32.4 31.7 31.4 32.4 32.2 32.1 32.1 32.5 32.8 32.9 33.9 33.9 33.8 34.1 34.8
31.5 31.6 31.3 30.6 31.1 30.7 32.8 34.1 35.2 35.6 36.1 37.3 38.1 39.8 42.7 46.6 49.3 53.6 55.6 56.4 55.7 51.2 49.2 46.9 44.3 40.7 38.8 36.5 34.9 34.1 33.6 34.5 34.5 34.1 34.6 34.6 35 36.3 37.2 39.7 42.8 45.4 47.7 48.6 49.9 49.6 49 47.9 46.8 43.4 45.1 44.3 40.2 35.6 33.4 32.4 31.9 31.7 31.6 31.5 31.4 31.4 32.8 31.2 30.4 30.3 32 30.8 32.2 32.3 32.4 32.5 32.6 32.9 34.9 33.5 33.9 33.9 34.5
30.8 31.2 31.4 30.7 31.2 30.7 32.8 34.2 34.7 35 35.8 36.9 37.9 39.5 43 47 52 60.2 64.8 60 53.4 48.9 46.3 44.4 42.8 40.8 38.7 36.6 35.2 34.3 33.5 34 34.1 33.8 33.5 33.4 34.3 35.2 36.2 38.2 40.7 44.1 46.7 48.2 48.9 48.3 46.5 45.1 44.9 42.1 39.9 37.5 32.5 31.1 31.1 31.1 31 31.2 31.5 31.1 30.8 31.1 30 30.4 31.3 30.8 32 32.1 32.2 30.4 32.4 32.5 32.6 33.5 32.9 33.1 33.2 33.6 35.4
30.5 30.9 31 30.5 31 30.6 32.7 34 34.4 34.4 34.9 36.1 37.3 39.1 43.2 47.2 54.9 64.1 68 60.7 52.7 47.5 44.5 43.2 41.5 40.1 38.8 37.4 36.2 34.8 33.5 33 33.4 33.4 33.1 32.6 33.3 34.3 35.4 37.4 39.7 44.4 46.6 46.7 46.4 44.6 43.5 41.9 41.2 39.8 33.2 30.6 30.7 30.7 31.1 31.3 31 30.6 30.9 33.2 30.3 30 30.2 30.6 31.7 31.3 32.3 32.1 32.1 32.3 32.5 33.2 34 32.9 33.2 33.2 33.2 33.5 34
30.6 30.6 30.7 30.7 31 31.5 32.7 33.9 34.3 34 34.2 34.8 36 38.5 42.3 46.3 53.3 63.1 68.3 60.9 51.9 48 46 43.6 41.8 40.3 38.9 37.6 36.4 35.2 34.1 31.8 32.3 32.9 32.7 32 32.3 33.6 34.8 36.7 40 44.5 46 45 43.5 41.4 40.4 38.3 38.4 37.2 32.2 30.6 30.6 30.8 31.2 31.3 30.9 30.6 30.6 30 29.5 30.1 31 31.2 31.5 33 35.7 37.6 36.7 32.7 30.7 32.4 32.3 33.2 33.3 33.5 33.3 33.2 33.1
