public/OST50/SS91.asc
ncols 200
nrows 200
xllcorner 290000
yllcorner 110000
cellsize 50
[rows 108 to 143 of 200, columns 0 to 80 of 200]
202.6 201.4 199.5 195.8 194 192.1 191.1 192 191.5 186.9 179.6 178.2 178.7 177.8 175.6 173.3 171.3 169.8 168.4 165.5 160.3 151.9 152.5 152 149.2 147.8 146.1 143.8 138.5 140.2 141 139.5 137.8 135.5 131.8 129.5 126.9 124.5 121.1 118.5 116.2 114.3 112.1 109.7 106.8 104.3 103.5 103 101.6 100.6 99.9 99.4 98.4 97.5 97.3 96.4 95.4 95.5 94.7 93.9 93.8 93.7 94 93.7 93 93.1 92.8 93.2 94.5 96.4 100.2 102.9 104.5 109.3 110.6 111.8 110 108.8 105.4 99.4 93.7
211.6 210 206.7 204.5 203.7 202.1 201.5 202.2 200.4 193.9 188.5 187.4 186.5 185.4 183.2 181.2 179.8 179 177.6 171.2 166.8 161 163.6 161.1 158.3 158.8 158.4 152.1 148.3 148.7 149.4 150.1 149.7 147.9 145.5 141.7 138.3 135.8 130.7 127.9 125.3 122.5 120.7 118.3 115.3 112.3 110.6 107.7 105.5 103.9 102.8 101.8 100 98.8 97.7 97.3 96.1 94.4 93.9 92.5 90.7 89.1 89.2 88.4 89.2 89.1 88.7 88.2 87.5 88.3 93.2 91.9 101.1 106.4 105.7 108.8 110.9 112.9 115.3 113.2 108.8
221.1 218.3 213.6 213.4 213.6 214.1 214.3 213.5 209.9 201.1 198.3 197.3 195 193.3 191.3 190.3 190.4 190.6 187 181.9 174 168.3 174.3 174.8 174.1 173.6 168.9 157.8 157.4 160.3 161.8 161.8 160.3 158.8 156.5 152.8 149.2 144.4 139.7 137 131.5 130.6 129.7 128.2 126.4 122.8 120.1 117.1 114.4 112.6 110.9 108.6 106.2 103.7 101.5 99.6 97.9 96.4 96.1 93.2 92.7 90.5 90.2 88.2 86.8 86.4 85.6 85.4 85.2 85.2 85.1 85.4 92.7 99.9 100.5 102.5 106 109.9 114.5 116.2 116.5
229.2 223.9 221.3 221.9 223.7 224.3 224 222.1 216.8 210.4 208.1 207.4 206.6 205.6 204.1 204.2 204.4 201.3 197.6 192.4 184.5 178 181.9 185.9 183.8 180 172.8 166 170.9 173 171.6 169.9 168.5 166.9 164.2 160.9 157.6 153.5 149.9 146.2 144.4 144.7 142 139.6 137.1 134.2 131.1 127.8 123 121.1 118.8 115.9 112.7 108.8 105.3 101.7 99.8 98.9 100 98.9 96.8 93.9 91.6 90 88.9 87.1 86.6 86 85.1 84.3 84.3 83.9 83.5 85.9 90.8 96.6 100.5 105.1 109.8 112.5 115.1
238 233.7 231.7 233.4 234.7 233.6 232.3 230.3 224.2 222.3 221.9 222.5 222.9 222.2 219.9 217.7 214.2 210.2 204.9 200.2 193.8 187.1 190.3 192.1 189.6 184.7 178.9 179 181.1 180.8 178.6 176.2 173.9 171.8 170.2 166.7 163.3 160.6 158.4 154.9 152.7 150.1 146.9 144.1 139.7 135.4 131.4 127.7 124.7 122.1 120.2 117.8 114.6 110.7 105 102.1 103.3 105.2 104.2 100.8 98.8 97.2 94.3 92.7 90.6 88.8 87.3 86.4 85.4 84.4 83.2 82.9 82.3 81.9 82 87.9 94 98.2 101.1 105.6 109
245.3 242.5 240.2 240.3 240.9 240.9 239.2 236.6 231.7 231 231.9 233.8 234.7 232.8 229.4 225.6 221.6 216.4 211.5 206.6 200.8 195.8 197.4 196.4 193.4 189.6 186.7 186.4 186.9 185.6 182.2 179.7 177 175.3 172.6 169.9 167.8 164.3 160.4 158.4 155.3 150.6 147 143.6 138 133.1 127.5 124.9 117.8 115.7 112.9 110.9 108.7 106.6 104.7 107.3 109.6 108.6 106.6 104 100.3 98.1 96.8 94.9 92.3 90.7 89 87 86 84.9 83.5 82 81.7 81.4 81.1 80.5 87.6 88.1 91.9 97.6 100.3
251.7 249.3 247.2 246.2 245.7 245.5 244.3 240.4 238.6 238.5 239.7 240.5 240.7 239.8 236.8 232.5 227.5 222.2 217.4 212 206.7 204 202.3 200.3 198.1 195.2 193.8 192.8 191.2 188.8 185.2 181.5 177.3 173.1 169.2 166.7 164.3 161.5 159.5 153.5 146.1 140.6 138.3 135.8 132.8 129.3 125.4 122 118.6 115.9 113.7 111.4 109.3 107.6 108.9 113.8 113.5 111.7 108.8 105.4 103 100.1 98.3 97.1 94.5 92.6 90.5 88.5 86.6 85.5 84 82.5 81.1 80.9 80.2 79.6 79.7 87 80.6 85.3 89
255.1 253.5 250.5 250.3 249.8 248.5 246.9 244.4 243.5 244.8 245.7 246.4 246.5 245.3 241.9 238.3 233.4 228.3 222.5 217.2 213.5 210.5 208.4 206.3 204.2 201.3 199.9 197.7 194.8 191.1 185.8 179.6 173 165.7 161.3 158.3 155.3 153.2 149.6 144.9 138.8 136.4 133.6 131.4 128.5 126.2 125.4 122.7 119.6 118.9 117.4 116.5 115.1 113.1 113.9 116.9 117 115 112.2 108.7 106.6 103.9 100.9 97.2 95.9 94.3 92.1 90.1 88.2 86.1 84.6 83 81.4 80 79.4 78.8 78.8 77.9 84 78.1 79.4
253.6 252.5 251.3 250.7 249.7 248.6 246.9 245.8 245.8 247.9 249.1 250.5 250.1 248.6 245.9 243.5 239.1 234.4 229.7 226.1 223.1 220.1 217 213.8 210.8 207.9 205.1 201.7 197 190.7 182.7 175.1 170.9 169.8 167.1 161 156.4 150.7 145 145.2 143 142.6 139.6 137.4 135.3 131.3 131.4 129 126.2 125.2 123.2 122.3 120.8 119.2 119 122.3 121.9 119.3 116.2 113.1 110.5 107.7 104.9 101.3 99.1 96.1 93.5 91.9 89.8 87.2 85.4 84 82.5 81.2 80.1 78.9 77.9 77.7 76.9 79.8 77.1
252.1 250.2 249.8 248.9 247.2 245.8 244.1 243.6 244.6 246 248.4 250.3 251.1 250.9 249.8 247.5 244.8 241.4 238.8 235.8 232.6 228.9 225.6 222.6 218.3 214.2 209.8 203.9 194.6 185.9 180.1 183.5 183.7 181.7 177 171.6 164.7 156.2 149.3 149.2 151.3 149.7 147 146 143.9 139.1 138.5 136.8 134.1 131.4 129.3 128.4 126.9 124.9 124.7 128.3 126.8 124.1 121.1 118 114.8 111.9 108.7 105.6 102.7 100 97 95.1 92.5 89.6 87.4 85.7 83.6 82.5 81.5 79.8 78.8 77.7 76.6 76.6 77
247.8 245.9 245.8 245.5 243.9 242.6 240.8 239.6 240.2 242 244.4 246.9 249 250.5 250.7 250.2 248.1 246.7 244 241.8 238.9 235.9 232.1 227.7 222.9 217.7 210.5 202.5 190.9 190.6 193.3 193.6 191.6 188.6 184.4 177.9 165.7 156 153.4 157.8 158.8 157.7 156 154.1 152.2 149.8 147.4 145.7 143.3 141.1 138.9 137 134.9 133.7 135.3 135 133.3 130 126 122.8 119.6 116.4 113.2 109.7 106.7 104.3 101.3 98.5 95.9 92.8 90.5 87.9 85.4 83.8 82.3 80.6 79.1 78 77.5 75.6 75.7
243.8 240.8 242 242 241.1 239.6 237.6 236.2 237.7 239.1 240.7 243.2 245.7 247.8 249.3 250 251.1 250.1 248.3 245.9 242.9 239.1 235 230.4 225.5 217.4 205.9 199.3 202.3 204.3 202.6 199.9 196.4 192.1 185.8 176.6 164.6 159.7 165.2 166.1 165.5 164.4 163.8 162.1 160.1 158.1 156.4 154.8 153.6 151.3 149.2 147.2 145 144.1 143.4 142.9 140.8 137.5 134 129.3 125.5 122.5 119.1 115.2 111.8 109.1 106.4 103.1 99.9 97.2 94.6 91.8 88.9 85.9 83.5 81.4 79.6 78.7 77.7 76.8 76.2
242.9 236.8 238.8 238.6 238 236.4 233.6 233.8 235.3 236.6 237.5 240.6 243.3 245.3 247.3 249.9 251.4 252.5 250.9 249.5 246.3 242.2 237.6 232.5 223.4 213.2 208.8 213.8 215.4 212.6 208.4 204.4 198.9 192.9 186 174.1 161.9 171.2 173.6 172.8 171.6 171 170.8 170.3 169.9 168.5 167.4 165.4 164 162.2 159.9 156.7 155 152.9 151.9 151.1 148.8 146.1 142.7 137.4 133 128.9 125.8 122 118.4 116.2 113.1 109.9 105.6 102 98.9 96.5 92.9 90.8 87.8 84.9 81.3 79.7 78.4 77 76.5
239.2 232.7 236.6 235.6 234.6 232.6 229.1 231.3 232.1 232.6 235.7 239.3 241.8 243.4 246.6 250.1 251 251.9 251.6 249.6 247 243.2 237.8 231.2 218.9 215.6 222.1 223.2 220.3 216.1 211.2 204.9 199.1 193 183.3 170.8 174 182.2 184.1 181.5 179.1 178.3 178.5 179 179.6 179.3 178.8 176.7 174.9 172.3 169.1 166.6 164.9 162.8 161.5 160.3 158 155.3 151.4 147 141.9 136.9 132.7 129 126 123.4 119.6 115.3 110.4 106.9 103.6 100 97.7 95.2 92.6 89.5 85.6 83.1 80.2 78.5 76.7
234 229.7 233.4 230.5 228 226.3 223.2 225.8 223.3 229.2 234.5 237.2 237.8 240.6 245.4 249.7 251.3 251.3 250.1 248.7 246.6 242.1 236.2 228 222.8 227.2 230.3 228.3 223.7 218.4 212.3 205.7 198.9 190.2 179.9 173 183.7 191.4 196.7 194.3 191.6 189.9 189 188.9 188.5 188.3 187.1 185.5 183.7 181.3 178.8 176.7 174.9 173.1 171.1 169.4 167.1 164.5 160.8 157 152.6 148 143.2 138.2 135 132.3 129.3 123.1 118.8 115.1 111.3 108.3 105 101.2 97.7 94.5 90.7 87.9 84.8 82.7 80.5
225 226.3 226.9 223.1 219.2 215 212.9 217 218.4 225.6 229.1 231.4 232.6 238.1 243.6 248.7 250.5 251 249.7 248 245.8 242.4 238.3 231.2 231.8 235.8 234.8 230.4 224.2 217.1 211.2 203.8 195.4 187.9 181 183.6 191.9 202.4 205.5 204.1 201.9 200.2 198.3 197.2 196.5 195.4 194 192.8 191.2 189.2 187 184.8 183.6 182.1 179.8 177.6 175.2 173.1 169.9 166.3 162.3 157.7 153.4 148.7 145.2 143 139.6 134.6 129.4 124 121.6 118.7 115.3 111.1 106.6 102 97 93.1 90.2 88 85.8
215.8 220.3 218.9 216.3 207.5 200.6 206.2 209.3 213.8 217.4 221.4 226.9 235.4 241.3 245.2 247.5 248.5 248.5 247.9 246.5 245 243.6 239.3 236.4 240.5 240.9 238.3 231.8 224.6 216.4 209.2 201.9 196.8 192.5 191.8 197.4 203.8 211.9 212.6 212.4 210.6 208.7 206.6 204.6 202.9 201 200.2 199 198 194.9 193.1 191.5 190.1 188.8 186.5 185 182.9 180.6 177.8 174.5 171.2 167 162.4 158.5 155.1 152.4 148.7 145.1 140.3 134 131.5 128.3 125.3 122.2 118 112.3 106.8 102.7 98.6 96 91.6
205.7 209.5 211 205.6 195.4 212.7 222.5 226.8 226.9 226.4 228.6 232.9 239.1 243 244.8 245.8 246.3 246.9 246.2 245.8 244.6 242.8 241.9 243.1 244.2 243.9 240.7 234.4 227.9 220 215.6 210.7 205.3 205.2 206.5 208.3 212.3 216.5 218.3 218.2 216.3 213.6 210.7 207.7 205.6 203.4 202.6 200.9 200.3 198 196.7 195.1 193.7 192.3 190.7 189 187.5 185.4 183.6 180.4 176.8 172.9 169.4 165 161.1 158.1 154 150 145.4 141.1 137.2 133.9 130.7 127.7 124.6 120.8 116.4 111.5 106.8 101 94.8
205.9 197.3 196.4 192.7 205.1 218.4 227.3 230.1 231.6 232.1 233.9 236 239 242.2 242.7 243.5 245.3 247 247.9 248.1 247.5 246.9 246.5 246.4 247.2 246.4 242.7 236.8 232.7 230.4 225.7 221.2 219.3 219.6 220.9 220.7 220 220.3 221.7 220.9 218.7 214.9 211.2 208 205.2 202.3 199.7 198 195.3 193.8 192.9 191.8 190.8 188.1 188.1 187.2 187.2 187.2 186.2 183.2 179.9 176.5 173.1 169.1 165.3 161.2 156.8 151.9 147.9 143.4 139.7 135.7 132 128.9 125.2 121.3 117.1 112.4 106.1 98.2 92.9
192.6 186 193.3 205.1 215.9 225.7 229.2 231.1 232.6 233.7 235.2 236.3 237.9 239.9 239.6 242.1 244.2 246.6 248.9 249.4 249.3 249 249.2 248.8 248 246.7 245.1 242.8 241.5 239.3 236.3 235 232.6 232.2 230.9 228.1 225.8 225.3 224.2 222.1 218.9 214.4 210.3 205.7 201.5 198.5 195.6 192.3 189.1 186.7 185.2 183.5 181.1 177.6 174.2 172.3 172.2 174.8 178.7 180.7 179.4 176.6 173.3 169.5 165.6 161.6 156.4 151.9 147.3 142.1 137.2 133.7 130 125.7 121.2 116.9 112.4 106.8 98.8 93.1 88.5
184.3 193.4 205.3 214.9 223.5 226.2 228.1 229.6 230.9 232.2 233.3 234.3 235.7 236.9 237.5 240.5 242.7 245.2 247 248 248.4 247.7 247.2 246.3 245.7 245.7 245.2 245.7 245.3 244.6 244 242.7 241.1 238.7 236.8 234.3 232.5 229.2 227 223.9 220.4 214.4 208.4 203.5 199 195.9 191.9 187.7 185.6 183.4 180.3 176.8 173.6 169.6 163.9 159.8 159.4 159.8 163.8 168.3 171.9 171.3 168.9 165.5 162.1 158.2 154.4 149.2 143.8 138.1 132.6 127.4 123.1 118.4 112.9 107.6 100.8 95.4 93.2 89.7 89.6
183.8 201.5 212.2 218.1 221 223.1 223.8 225.5 227.1 228.3 228.7 230 231.6 231.5 234.9 237.2 237.6 238.3 243.6 244.7 244.8 244 243.5 243.1 243.2 243.3 243.3 244.2 245.2 245.7 245.8 246.2 244.5 241 239 238.6 236.4 233.5 230.2 226.9 223 217.6 210 203.7 198.3 194.2 188.9 186.2 182.1 177.5 172.1 169.8 164.9 161.8 157.3 153.6 150.2 148.8 148 151.3 156.3 162.4 162.9 161.1 158 154.4 150.6 145.7 140.7 135.3 128.2 121.2 115 110.6 105.9 99.9 95.4 92.8 91.2 90.9 91.3
181.8 198 208 213.8 217.2 219.6 220.1 220.3 221.1 221.9 222.5 224.1 225.8 226.7 230.7 233.5 234.1 237.5 240 240.8 241.1 240.4 240 239.7 239.9 239.3 239.4 240.2 241 242.5 243.7 243.8 243.1 241.4 241 239.7 237.6 234.9 232.2 228.8 225.7 221.9 216.6 209.7 204 199 195.7 193.2 187.3 182.1 177.7 173.3 170.2 167.7 165.5 162.6 158 151.8 145.5 140.5 140.4 145.4 152.2 155.3 153.3 150.5 146.8 141.9 136.6 129.8 122.1 114.4 107.1 102.3 98.7 98.3 98.6 98.4 97.4 96.8 96.5
180.8 181.5 198.9 207.8 213.7 216.1 216.2 215.1 214.6 214.2 215 217.2 218.9 221.1 225.2 226.5 228.9 232.7 234.6 235.9 237.5 238 236.7 236.2 235.8 233.4 233.8 234.5 236.1 236.9 238.2 238.7 239.4 239.2 238.4 237.5 235.5 232.7 229.6 226.6 223.8 220.9 217.8 214.4 210.8 207 203.2 198.7 193 185.3 181.4 180.5 180.2 179.9 177.7 174.3 169.9 164.4 156 148.2 138.3 134.1 136.5 144.9 147.2 145.7 142.1 136 126.2 118.2 110.8 104.6 105.2 107.4 110.4 112.1 112.7 110.5 105.5 103.6 103.2
175.8 178.9 195.4 206.3 211.5 212.6 212.4 210.5 208.3 207.5 209.2 212.1 212.3 215.8 218 218.8 222.9 226.8 229.4 232.2 234.6 235.8 235.3 232.3 229.5 224.8 223.6 225.5 227.9 230.6 232.5 234.1 234.9 235.2 234.7 234 231.7 228.7 225.6 223.3 221.1 219.1 216.5 214 211.5 208.9 205.1 200.4 194.5 188.3 185.8 186 186 184.3 181.6 178.2 174.2 169 163.3 156.7 149.2 139.9 129.9 130.6 138.5 138.1 133.1 123.9 116.3 110.1 108.4 112.2 117.2 122.8 125.4 125.8 124.1 120.6 114.5 111.6 111.3
174.1 182.9 199.3 206.1 207.1 207.2 207.2 205.7 202.4 201.6 201.6 203.8 204.2 208.2 209.3 213.2 219.1 223 226.1 230.7 233.2 233.8 233.2 230.4 223.3 216.1 212.8 215.3 218.1 221.9 226.5 228.5 230.5 231 230.4 230.3 227.8 225.7 223 220.9 218.9 217 214.7 212.3 210.4 208.1 203 198.3 195 191.4 189.1 188.4 186.8 185.4 182.8 179.2 175 170 165 160 153.8 146.5 136.1 125.2 124.8 124.4 120.8 114.6 111.5 117.4 124.7 123.4 127.2 133.2 134.6 134.6 131.8 127.8 123.5 121.3 118.6
171 188.9 195.6 198.5 198 198.9 200.4 199.5 195.4 192 194.6 195.8 193 195.6 203 208.6 213.8 220.3 225.4 230.3 232.1 230.7 229.6 226.3 220.1 210.6 201.3 204.7 209 215 220 222.4 224.5 225.9 225.6 224.1 222.4 220.2 218.7 217.2 215.9 214.5 212.4 210.4 208.8 206.6 203.2 198 193 190.9 188.6 185.7 184 181.8 179.7 175.7 171.6 167.3 162.4 157.2 151.4 145 137.1 126.7 121.4 117.5 115 118.8 124 130.4 136.3 135.5 139.6 143.4 144.3 142.5 139.3 135.1 131.4 128.6 123.1
168.3 179.9 185 186 185.2 188.8 189.9 188.4 185.1 181.5 181.9 182.6 194.4 204.6 211.1 216.2 220.5 224 227.1 229 229.6 227.7 225.1 221.7 216.2 208.3 197.6 197.7 204.7 210.4 214.3 216.8 218.5 219.2 219.2 218.3 216.8 215.1 213.6 212.4 211.6 210.1 208.5 207.9 206.6 205.3 202.4 198 193.2 189.6 184.4 183.7 181.9 180.3 174.9 170 166.4 162.3 157.2 152 147.7 142.2 135.3 127 120.4 123.7 129.2 132.9 136.5 144 148.2 149.4 151.4 151.9 151.9 149.5 146.5 143.1 139.5 133.4 128.7
162.9 170 171.6 171.6 173.9 177.2 177.7 176.1 175.7 173.5 182 191.1 197.5 204.5 211.1 216.5 220.4 222.9 225.4 226.7 226.2 223.4 220.8 217.3 212.7 207.5 195.6 191 199.4 206.7 209.7 211.7 212.6 212.8 213.4 213.4 211.9 210.1 208.6 207.3 207.2 205.6 204.8 204.7 204.7 203.5 201.7 198.4 194.3 189.9 185.1 180.8 179.2 176.6 171.9 167.7 162.5 158 153.7 149.2 144.3 137.9 130.9 123.1 129.2 134.8 141.9 150.6 154.6 159 159.5 159 159.5 159.4 157.9 156 152.9 148.8 144.8 140.8 136.7
156.7 162.5 163.9 164.2 164.9 165.6 167.8 168.8 173.5 177.4 186.7 194 200.7 206 210.6 215.1 219.9 222.4 224.4 223.9 222.6 219.8 216.5 212.5 209 203.7 194.4 183.9 190.7 201 206.2 206.5 206.1 207 207.7 207.7 206.8 205.5 203.9 202.5 201.6 200.6 200.4 200.2 200.2 200.2 199.6 197.8 193.5 186.9 180.5 175 173.8 170.1 167.5 163.8 158.9 154.1 149.2 143.5 137.7 133.8 130.2 134.7 140.2 146.3 157.6 165.2 166.8 167.1 166.6 166.9 166.2 164.7 162.9 160.5 157.8 153.9 149.9 145.9 142.1
151.6 154.4 158 157.9 158.6 161.3 166.9 170.9 174.7 183.9 189.7 195.7 200 203.9 207.5 213.7 218.9 221.9 222.1 220.7 219.1 216.3 211.7 207.2 204.2 201 195.9 187.2 179.1 189.7 198.4 201.1 201.2 197.8 201.6 201.9 201.2 200.5 199 197.1 195.4 194.7 195.5 195.4 195.8 196 196.7 196.9 194.9 189.9 181.2 177.7 171.4 163.1 159.9 158.1 154 148.7 141.4 144.6 148.3 149 138.2 145.1 151.4 158.9 167.3 171.3 173.5 173.3 172.9 172.3 171.2 168.9 166.5 163.7 160.7 157.2 153 149 145.2
147.5 157.6 161.5 161.5 153.3 160.5 167.6 171.9 175.5 184.8 190.7 194.8 196.7 202.1 208.6 214.2 218.7 220.9 219.6 216.3 214.4 212.1 207.3 202.6 198.6 197.1 194.1 188.7 177.9 178.5 191.2 196.1 197.7 194.6 196.2 196.2 195.1 193.9 192.5 191.3 189.5 187.8 190.6 190.5 191 193 195 196.6 196.5 193.3 189.6 185.3 179.9 173.5 161 153.8 155 152.8 158.1 162.7 160.8 152.4 147.7 157.9 161.6 167.1 172.6 176.1 177.4 177.7 177.2 175.7 174.2 171.4 169.1 165.5 161.8 158.6 154.6 150.4 146.1
151.6 162.1 166.9 166.7 161.1 159.3 166.8 171.8 176.1 183.1 186.7 190.7 196.2 204.4 210 215.8 218.7 219 215.6 212.1 208.4 206.9 202.9 199 193.3 192.5 190.9 185.9 175 172 185.9 191.4 194.1 192.8 191.4 190.5 188.8 187.2 186.1 185.1 179 184.6 186.9 187 188.3 191.2 194.7 197 198.1 195.7 192.8 187.5 181.2 173.6 161.8 165.3 171.1 170.9 173.4 168.1 161.9 151.6 159.8 165.3 167.5 172.9 177.4 179.6 180.2 180.2 179.1 176.8 174.3 171 167.4 163.9 160.3 156.7 153 148.8 144.2
164.7 169.6 170.5 170.2 167.7 164.8 165.3 171.3 173.6 180.5 187.7 194 200.7 207 212.5 216.6 218.3 216.1 210.8 206.6 201.6 197.7 194.6 191.6 187.9 185.1 185.4 182.9 175.7 167.5 178 185.6 190.5 188.2 184.3 186 182.7 180.6 178.9 175.4 179.5 182.8 182.4 186.1 188.6 191.8 195.4 197.9 199 197.8 195.1 191 182.6 173.3 175.8 176.3 180 180.6 177.9 171.4 166.2 159.6 170.3 172.3 176 179.9 181.3 181.3 180.6 180.1 178.6 176.2 173.1 168.1 164.8 160.2 155.8 152.1 147.7 143.3 138.8
173.2 173.3 173.6 174.5 174.2 172.6 172.3 173.9 177.9 184.3 190.8 198.2 203.2 208.8 214.4 217.6 219.7 215.8 208.6 201.5 195.4 190.9 186.6 183.7 181 178.2 176.7 173.1 168.6 160.7 163.5 170.7 182.9 183.8 174.6 182.7 177.6 173.2 168.8 176.7 181.2 180.3 180.1 184.8 188.9 192.7 196.1 198.7 199.1 199.2 198.3 195.2 189.2 185.7 187 185.5 186.4 185.5 181.4 177.4 174.6 170.5 176.2 178.6 181 182.3 182.1 180.7 178.3 175.7 175.6 174 170.6 165.3 160.9 155.4 151.3 147.2 142.3 137 132.1
172.9 173.6 175.2 177.6 178.5 177.6 177.2 178.7 181.7 187 192.5 198.4 203.1 208.9 214.8 219.1 220.9 218.9 213.3 205.5 197.9 191.6 186.9 182.1 179.1 175.9 174 174 174.8 169.1 162.9 158.4 168.4 175.5 171.1 173.4 168.2 164.5 173.6 180.1 178.6 176.2 176.8 181.7 186.8 191.2 195.2 197.7 198.2 200.1 200.8 199.3 196.8 194.3 192.5 192 191.5 189.9 188 183.7 179.4 177.7 180.3 181.6 180.9 180.6 179 177.3 174.4 170.8 169.4 169 165.7 160.8 155.1 149.7 144.6 141 137.1 132 124.2
