public/OST50/SS91.asc
ncols 200
nrows 200
xllcorner 290000
yllcorner 110000
cellsize 50
[rows 144 to 179 of 200, columns 0 to 80 of 200]
169.3 171.9 177.6 181.6 185 184 183.5 183.8 185.6 188.8 193.9 198.9 204.5 211.7 216.8 221 222.2 221 217.5 212.2 205.3 199.5 195.5 190.3 187.2 184.8 185.1 189.6 188.4 182.4 176 164.1 151.5 161.8 168.8 156.5 159.6 169.9 178.1 178 177.6 174 175.9 180.6 183.4 188.6 192.6 195.6 198.7 201.4 202.8 202.5 200.4 198.8 197.2 195 195.5 194.6 192.1 187.9 180.8 183.2 183.6 181.6 179.5 176.3 173.5 171.3 167.6 162.9 159.8 158.8 156.7 153.4 150.3 146 140.9 137.2 130 123.5 122.6
165.1 168.5 177.6 185.4 189.7 190.8 190.9 191 192.9 195.7 201.9 207.3 210.6 216 220.4 222.6 223 222.3 220 217.2 214.2 211.1 206.9 201.5 198.9 198.5 198.8 197.4 194.1 191.5 186.8 177 166.2 154 154 155.4 166.7 174.4 175.7 174.5 175.6 171.3 174 177.2 182 186.9 190.8 195.9 199.6 202.6 204.9 204.2 203.9 202.7 201.8 201.5 200.1 198.7 196.3 190.9 189.5 186.6 184.4 181.1 177.7 173.3 169.1 163.6 156.1 156.8 151.2 150.1 147.2 143.9 141 137.3 134.2 131.7 130.7 132.3 134.5
161.8 165.8 173.1 182.2 188.3 193.9 197.6 199.6 202.2 207 210.1 213.2 215.1 218.9 221.1 221.9 222.1 221.2 221.7 220.8 219.6 217.2 214.8 211.8 208.4 205.4 201.9 197.8 194 190.5 185.5 181 174.5 157.8 147.4 158 158.6 161.5 164.2 166.4 168.3 163.9 170.1 178.2 184.3 191 194.2 197 200.4 203.5 205.7 206 205.5 205 205.5 205.2 204.1 202.5 198.4 194.5 192 191.1 188.8 185.6 182 177.5 172.8 167 164.8 165.4 166 161.8 158.2 153.5 147.1 142 142 142.3 141.6 138.1 135.6
158.8 165.8 173.1 179.3 184.3 189.6 197 202.8 207.6 211.3 212.9 214.4 217 218.7 218.6 218.7 218.7 219.4 220.2 220.7 221 220.6 218.6 215.4 211.4 205.7 201.1 195.7 190.1 185.3 178 174.8 174.1 164.8 146.9 142.9 145.7 151.3 155.5 158.4 164.2 171.1 178.7 185 190.3 193.4 195.9 198.7 201.2 203.7 205 205.7 206.5 207.8 208.2 209.1 209.6 208.1 204.5 201.8 201 200.9 199.4 195.9 191.9 185.9 179.6 174.9 174.6 175.8 173.2 170.6 168.3 163.3 159.6 157.3 154.2 150.5 145.2 140 134.1
156 162.4 170.8 176 181.9 186.6 193.4 200.8 206.3 209.3 211.1 213 214.6 215.2 214.5 211.6 211.3 215.7 217.4 219.3 220.2 219.7 217.5 214.2 209.5 203.9 198.2 191.5 185.3 178.9 171.2 164.3 166.9 160.1 143.1 148 160.9 167.4 171.8 175.1 179.7 183 187.8 192.1 194.6 196.1 197.8 198.5 198.9 200.6 202.9 205.4 207.3 209.4 211 212.4 215 215.2 214.1 211.8 209.6 208.8 206.5 202.2 195.4 191.1 185 181 180 177.4 175.6 173.4 171.7 168.4 165 161 155.8 151.3 144.1 136.4 130.6
153.8 159.3 164.1 168.9 176.9 186.6 194.7 199.9 202.9 204.3 205.2 207 208.5 207.7 203.8 195.5 205.6 209.5 213.5 215.6 216.5 215.9 214.2 210.5 203.8 197.5 191.7 186.2 180.4 173.1 168 161.8 156.3 152.2 139 153.6 164.2 170.5 176.8 181.5 185.7 189.2 193 196.2 197.8 197.3 196.3 194.6 193 194.1 197.9 202.6 206.8 210 211.9 215.2 218.5 220.1 220.3 219.1 216.6 213.4 210.1 205.1 197.7 192.3 186.7 183.2 179.7 176.7 174.6 173.1 171.5 168.3 163.5 158.3 151.3 144.6 137.3 130.5 123.1
151.7 156.6 164 171.4 180.2 189 195.4 198.3 199.3 197.9 196.1 196.7 195.7 193.5 188 189.2 198.4 203.2 208.3 210.1 212 209.1 205.7 200.7 196.5 191.2 185.8 180.8 174.9 171 166.4 161 153.7 144.9 135.8 145.9 155.1 163.3 173.3 182.8 191.2 196.8 199.9 200.4 199.1 193.7 186.8 180.2 178.9 181.4 186.3 193.2 199.6 204.7 210.1 214.7 219.4 222.8 223.2 222 219.2 215.8 211 205.6 199.7 193.2 187.5 181.8 176.5 172 168.6 165.9 164.6 160.7 155.2 149.2 143 135.9 128.6 119.6 111
160.3 167.7 175.9 182.1 187.4 192.1 195.7 195.9 194.4 191.7 188.1 184.5 181.4 176.6 176.5 183.5 189.2 196.6 203.9 206.8 205.2 201.5 197.3 193.8 190.5 186.1 180.5 175.3 171.9 168.6 164.2 159.2 154.4 147.6 137.2 134 140.5 151.7 162.4 172.6 183.5 191.3 196.2 196.4 194.7 181.7 171.9 178.7 185.1 191.2 196.3 200.1 204.3 208 211.6 216.7 221.7 225 224.9 223.8 220.2 215.9 209.8 203.9 198.1 191.6 184.1 175.3 167.4 159.3 154.2 149.3 147.5 140.6 133.1 126.8 128.1 121.9 115.9 109.4 103.1
165.8 173.7 179.4 185.3 190 192.5 193.7 192.4 189.5 184.9 180.1 174 170.5 166.8 175 181.2 188.6 195 200.3 202 199.6 195.7 190.9 187.8 183.1 178.5 174.8 170 167.2 164 159.6 154.2 150.2 144.8 138 132.3 131 138.1 146.9 155.2 168.2 180.2 185.7 187.5 182.9 170.1 170.7 183.8 194.4 202.7 206.5 210.3 213.4 214.6 216.6 221.9 226 227.5 226.5 223.9 220.3 215 208.3 200.4 193.3 179.8 168.3 158.3 150.2 141.3 132 127.1 122.3 115 110 107.4 107.9 106.2 105.7 101.1 96.1
158.5 167.1 175 181.3 186.4 189.3 189.3 186.3 182.2 176.8 168.2 162.8 161.7 173.8 183.5 188.6 191.6 195.9 199.1 198.4 195 189.3 183.9 179.8 175.8 171.4 167.8 164.9 159.7 155.5 150.7 145.4 141.5 142.7 141.6 136.8 129.1 128.4 134.5 142.3 152.3 164.6 173.2 172.3 164.9 157.4 171.9 186.4 202.3 209.5 215.2 218.9 221.9 223.3 227 230.2 231.4 230.1 227.3 223.3 218.7 211.8 203.6 194.4 183.1 163 149.7 139.9 135.3 130.5 121.9 114.6 107.7 103.6 98.4 96.7 94.5 93.2 94.1 91.9 89.1
149.9 158.2 165.5 174.2 180.2 184 183.9 176.6 171.8 162.2 152.1 153.7 164.1 175.4 185.8 192 196.4 199 199.4 199.1 193.6 188 180.1 174.7 169.1 166.2 162.3 158.2 153.9 153.1 153.4 153.6 153.7 152.3 148.1 142 134.7 129.2 123.3 129.1 139.4 148.1 154 154.3 152.7 164.3 179.3 192.5 205.7 213.8 219.3 223.1 226.8 229.4 231.9 234.1 233 230.5 225.2 220.1 212.8 204.6 195.5 183.9 170 153.6 138.7 131.6 125.5 122.7 117.3 109.1 102.7 104.8 109.3 108.2 104.2 101.5 98.8 99.4 100.6
135.6 140.4 149.7 161.8 170.7 174.2 172.3 160 152.8 146.8 147.4 160.2 173.1 182.8 189.7 194 197.7 198.2 199.4 199.2 197.5 193.3 187.7 184.2 180.2 176.8 170.9 165.8 163.9 164.2 165 161.9 158.7 154.7 148.9 142.7 137.9 133 126.8 122.5 129.1 135.3 139.2 148.1 160.5 173.2 184.8 192.1 201.2 209.1 215.9 222.2 227.3 231.1 234.1 235.7 233 228.7 221.5 213.7 202.6 187.2 176.1 167.2 156.5 141.3 133.2 125.3 116.2 111.6 109.6 106.5 110.2 115 115.8 112.7 108.4 108.9 104.5 107.1 109.5
116.6 121.1 129.3 145.9 157.2 165.3 160.4 144.6 137.4 142.2 154.8 169.2 179.3 182.9 186.8 190.3 194.1 195.4 196.7 198.8 198 195.7 192.4 188.8 185.2 181.7 176.8 175.9 173.3 171.4 169 165.1 158 153.4 146 139.5 135.3 132.7 128.7 123.3 123.5 131.1 141 149.9 160.7 172.7 177.7 183 194.9 204.5 212.5 220.2 226.5 230.1 233.1 233.1 229 222.9 215 204.9 190.6 172.1 162.5 152.4 142 134.8 132.2 126.7 123.1 119.6 113.8 110.7 119.9 123.1 121.1 116.3 115.8 115.3 112.3 116.4 121.1
108.4 111.5 117.5 129.3 142.8 157.5 152.2 132.9 140.7 154 163.1 172.8 177.3 177.9 178.1 181.6 185.5 189 194 197.2 196.8 194.9 192.3 188.4 184.7 182.4 181.1 180.5 178.8 175.4 171 163.8 153.9 147.9 143.2 137 132.5 128.9 127 121.1 125 136 142.9 146.9 152.5 160.2 168.9 182.4 196.1 205.3 213.1 220.6 226.2 230.3 232.4 229.3 223.7 217.3 208.1 196.1 182.7 170.6 160.2 153.3 149.8 146.3 139 132.8 125.7 119.1 112.1 122 126.6 127.3 124 124.2 123.3 121.3 119.5 124.6 130.7
108.9 108.1 107 114.3 129 141.3 135.4 128.9 142.6 153.2 162.5 168.8 170.1 168.4 168.1 169.3 172.7 180.3 189.2 193.6 193.6 191.5 188.5 184.6 181.5 180.7 180.8 181.6 180 177 173.1 169 162.4 155.5 149.6 144.2 137.4 130 122.9 117.9 124.6 133.5 138.7 142 146 156 163.2 175.3 189.4 199.8 209.7 218.2 224.1 228 226.8 222.9 217.3 209.6 200 190.8 182.5 174.3 166.6 161.4 156.2 149.8 141 130.5 121.5 113 122.8 129.6 133.5 132.2 130.7 130.4 126.6 126.7 127.6 132.7 139.1
117.1 113.9 108.6 107.7 115.1 124.8 127.7 126.5 137.9 146.8 154.8 160.8 159.2 154.9 155.4 158.4 161.4 173.3 183.3 188.4 188.7 185.7 182.3 178.4 175.5 176.6 178.9 181.3 179.9 176.4 172 168.1 163.8 158.2 153.1 148.4 140.8 128.5 120.7 117.4 119.4 127.6 133.1 135.7 142.2 148.2 154.9 164.6 178.3 189.6 201.1 209.6 216.3 218.9 218 214.4 207.6 199.9 193.1 186.1 180.2 174.5 169.7 164 157.6 151.5 140.9 128.6 118.6 128.7 135.4 138.3 140.8 140.3 139.5 137.9 131.5 133.7 137.7 141.6 148.6
125.6 119 114.9 110.3 106 109.1 112.8 118.7 130.9 139.4 145.9 150.8 151.4 146.6 145 144.3 158.8 170.4 179.5 184.6 183.3 179.7 176.8 172.7 171.3 172.7 178 181.2 180.3 176.5 170.9 165.8 161.3 155 150.8 146.5 141 127.3 117.2 122.7 130.4 131.1 129.1 132.1 134.8 140.8 148.2 157.3 166.9 174.5 186.4 197.5 205.4 211.1 212 208.3 200.2 192.9 184.7 178.8 174.1 170.2 164.8 159.9 152.7 145.7 136.6 125.7 132.5 143.3 147.3 150.1 153.1 154.3 154.1 149.4 140.3 137.9 145.2 150.1 157.4
128.2 122 118 113.8 105.7 105.6 106.7 112.1 122.6 131.4 137.7 142.2 142 135.2 135.3 147.9 158.5 167.9 176.4 179.9 177.1 171.7 167.3 166.1 159.6 170.7 176 181 182.3 179.6 174.2 168.5 163.4 157.4 146.8 139.1 136.2 121.3 115.1 129.5 141.6 145.1 145.1 146.8 147.9 146.7 144.5 149.2 155.2 163.3 174.1 186.1 197.3 208.2 212 209.5 202.2 193.5 183.8 173.7 167 168.1 161.6 151.9 144.3 138.2 133.6 131.3 142.1 152.8 158.5 162 166 166.8 165.2 159.9 149.4 145.4 150.4 156.7 161.6
131.4 125.3 120.8 115.9 110.4 105.5 103.6 106.3 114.3 120.4 126.2 131.3 130.9 121.9 134.8 144.1 153.4 163.6 172.8 176.1 171.1 160.1 152.8 153.1 155.7 161.7 169.2 178 181.1 178.1 172.9 167.5 162.5 156.6 147 133.4 129 115.7 121.7 135.7 148.8 156 158.2 160.7 162.2 162.8 161.6 161.5 164.5 172 177.1 186.6 198.6 209.1 216.5 215.8 206.8 198.2 188 176.3 171.2 167.6 163.7 158.5 150.5 141 135.8 137.9 147.5 157.8 164.9 171.5 175.7 176.8 174.4 168.6 161.1 157.7 159.8 161.3 163.1
128 120.9 117 112.7 109.7 107.9 104.7 102 103 104.8 110.4 117.8 120 119.9 133.2 140.7 147.5 160.4 169.1 172.2 163.6 150.4 141.7 146.5 157.5 166.6 175.5 180.3 180.3 176.9 169.3 159.2 151.3 146 135.1 122.4 116.7 112.6 121.5 131.4 142 151.7 161.3 167.7 172 175.1 179.2 181.6 183.7 186.8 192 195.6 198.4 207.8 218.4 223.2 219.8 209.6 193.5 191 186.2 180.7 174.4 164.4 151 142 146.7 144.6 146.3 154.5 163.1 173.1 180.4 183.7 182 176.6 170.9 167.1 164.7 162.6 162.2
123.3 123 120.9 118 117.5 115.6 111.2 107.1 102.4 100.5 101 103.7 107.6 113.3 124.6 129.8 132.7 144.9 157.7 162.4 157.1 137.6 143 154.4 160.6 167.5 175.1 179.1 178.1 173.8 168.5 160.5 150.5 136.1 119.8 109 114.2 123.4 128.4 130 133.1 137.7 153.1 163.8 170.6 175.7 182.6 188.7 194 198.6 203.6 208.1 212.2 215.8 222.6 227.1 227.3 220.7 211.8 207.5 201 190.8 177.7 163.7 152 151.6 157.2 157.8 157.7 157.9 158.3 171.8 182 186 182.9 177 172.8 167.9 164.2 159.1 155
130.8 130.3 127.5 126.4 125.9 122.8 118.9 116.4 111.6 108.9 106.2 99.8 101.2 104 107.6 111.3 115.1 127.9 138.7 149.1 145.6 125.4 140.5 150.5 157.3 163.7 171.8 175.2 173.7 169.6 161.6 153.3 143.6 128.1 108.3 117 125.7 134.9 142.7 147.4 150.6 148.9 143.8 151.2 161 167.4 176.5 186.1 196.9 205.8 211.7 216.4 220.9 225.7 230.1 233 233.3 230.3 224.4 218.1 207.8 194.9 179.3 163.7 162.5 162.6 168.7 173.7 173.4 175.8 178.1 183 188.6 189.5 183.8 177.3 168.1 162.1 157.7 151.3 145.8
142.9 142.2 139 137 134.9 132.4 127 125.9 116.6 120.1 117.3 112.9 108.1 101.5 98.4 98.8 100.5 103.6 114.3 124.2 127.6 117.9 128.6 138.2 146.7 157.1 164.9 170.4 169.1 164.7 156 143.8 134.3 116.9 108.6 121.5 134.1 144 152.3 157.5 163.7 163.7 156.1 154.2 154.1 158.9 165.1 178.4 194.4 204.7 211 215.6 220 224.4 229.9 234.4 237.2 236.8 233.6 226.9 216.2 201.3 181.5 173.9 173 173.9 183.1 188.9 190.6 191.1 194.9 198.2 198.6 196.3 190.8 182.3 173.1 163.8 151.5 141.1 134.8
153.4 152.8 153.9 152.7 150.5 147.5 143.9 135.6 127.1 134.1 130.8 125.9 121.3 117.6 114.8 104 97.5 97.4 98.7 103.1 108.6 107 117.2 128 136.2 150.1 160.3 165.8 164.8 161 154.8 139.3 123.2 108.9 112.2 125.9 138.4 148.7 156.8 162.1 169.7 173.9 172.3 170.5 169.6 173.8 176.8 175.4 189 201 208.2 213 216.4 219.8 225.6 231.4 237.4 239.9 237.9 230.8 219.3 203.3 191.1 189.2 186.6 191.4 198 201.8 202.7 204.4 205.3 205.6 203.2 198.6 192.2 184.1 177.3 168.5 162.1 154.3 145.7
156.2 160.3 162.4 164.2 162.5 158 146.2 133.1 138.6 145.7 142.5 136.3 132.2 128.5 124.4 117.8 111.2 106.8 100.5 97.6 96.2 103.6 116.9 130.9 142.9 154.6 157.4 157 156.9 153.3 147.6 130.2 115 104.3 118.3 133.1 142.8 151.3 157.9 164.7 172.4 178 182 182.6 183.7 185.2 187.2 185.1 183.2 193.3 200.5 205.2 209.5 214.2 222.3 228.8 235.2 239.3 237.8 232.4 224.2 215.2 212.8 208.7 204.7 205.3 207.4 208.8 208.8 207.8 207.4 205.7 203.8 198.3 193 188.4 184 178.2 173.1 165.4 155.2
155.6 166.8 170.6 172.4 168.2 161 146.2 148.1 155.5 155.2 152 146.4 141.5 138 134.3 131.6 128.2 122.5 115 104.5 96.4 99 109.1 125.7 142.6 152.6 151.2 146.6 143.4 139.6 133.8 120.2 108 103.9 113.4 126.4 140.5 149.5 156.6 161.7 167.9 178.1 183.4 187 188.9 189.2 196.7 197.4 197.1 196.9 199.9 206.7 214.1 220.1 224.3 229.3 233.6 237.8 238.2 234.8 230.6 225.8 221.7 218.2 214.4 212.3 211.8 210.1 207.3 205 202.1 198.7 196.1 192.4 189.3 186.2 182.8 179.3 175.4 169.7 162.1
154.9 167.1 170.2 173 172 167.2 158 159.4 165.7 165.7 163 158.7 154.2 148.8 144 141.6 140.7 135.4 125.1 115.8 101.8 96.4 102.3 121.8 131.4 143.5 148.3 141.5 134.1 127.9 121.7 112.9 103.7 102.5 107.7 110.7 122.9 132.5 137.2 139.3 146.4 164.4 174.6 179.6 181.6 185.4 195.2 201.9 205.2 208.4 211.9 217.7 223.1 227.1 229 232.2 235.2 238 238.3 237.3 235.4 231.7 228 224.5 219.2 214.2 211.7 207.7 203.6 199.1 195.2 190.5 185.7 181 179 181.1 178.8 175.8 172 167.6 160.7
153.6 165.2 170.7 174.1 175.1 173.9 169.3 161.2 169.6 173.1 171.5 167.6 163.2 157.7 151.7 150.2 147.4 142 129.9 118.7 108.4 98.7 95 115.3 144.9 150.4 149.2 144.5 134.6 125 118 111.2 102.1 104.7 117.2 120.4 121.6 121.7 124.6 136.1 135.7 149.1 159.7 164.6 171 176.6 186.9 198.9 204.5 211 215.5 219.3 222.6 225.3 227.5 230.3 233.5 235.4 235.9 237.7 237.1 235.8 234.3 229.4 220 214 207.5 200.6 194.1 189.4 185.3 181.1 176.1 170.3 166 167.6 169.9 168.1 165.6 163.7 157
154.3 164.1 170.2 175.1 178.1 178.1 174.5 167.8 171 176.9 178.1 175.5 171.5 165.3 159.2 157 153.8 147.6 135.3 120.2 109 98.5 95 116 142.1 151 149.3 139.9 130.3 122.8 115.6 107.1 99.4 104.1 115.7 123.5 129.2 129.5 133.4 142.6 145.2 141.1 145.3 149.8 157.2 164.4 173.2 186.2 196.2 203.7 211 216.2 219.5 221.4 223 225.2 227.2 229.9 232 232.9 233.3 234.2 233 227.5 220.8 213.6 206.4 197.2 187.4 180.9 175.6 172 167.7 159.6 154.8 153.2 153.4 155.6 156.7 157.2 159
160.6 167 171.5 178.7 180.6 181 178.1 173.1 176.4 181.7 183.7 182.6 180.3 176 171.5 165.9 161.1 153.1 139 122.6 109.5 97.5 94.4 114.1 130 148.2 150 137 124.7 116.2 108.3 101.9 97 103.5 110.5 115.5 123.3 132.8 137.8 142.7 150 151.9 154.4 158.6 163.5 165.1 166.6 167.5 183.1 194.7 203.3 208.6 213.2 215.2 216.9 219.4 221.8 221.7 222.4 223.3 222.8 224.9 226.6 225.1 221.6 216.1 207.9 197.8 191.4 183.7 178.1 173.8 171.9 167.5 163.5 160.4 155.9 146.9 139.2 143.7 146.1
168.2 173 175.5 179 184.6 185.2 182.3 180.7 183.4 187.3 189.3 188.9 185.8 182.6 178.3 171.6 164.7 156.5 142.4 125.9 110.8 97.1 93.6 101.1 118.2 134 146.1 139.6 123.4 113.9 105.3 97.4 98.4 112.1 117.3 120.6 125.5 130.8 140.5 150.3 157.6 162 166.6 172 177.1 179.3 183.2 183.1 173.9 190.4 198.5 202.8 206 207.7 208.3 208.9 210.6 210.3 211.4 212.8 215.3 219.5 224.2 224.6 222.3 218.2 213.2 207.5 205.2 199.5 191.6 186.7 181 173.7 166.6 163 159.6 153.1 144.6 133.8 130.3
172.9 175.9 179.1 184 189.1 190.3 188.3 186.5 188.7 192.4 193.5 192.8 189.9 186.3 181.5 175.2 167.5 159.5 148.1 131.3 112.5 98.6 92.7 93.7 105 120.4 133.1 136.1 121.1 109.1 99.6 94.3 106.7 123.2 131.6 132.6 139 139.8 140.5 150.4 163.4 172.3 180.8 186.5 187.7 189.6 193.6 193.3 188.5 185 192.5 197.4 201.5 203.8 204.1 202.8 203.3 204.1 206.1 209.1 212.8 217.5 222.5 224.7 222.5 218.7 213.8 210.6 206.8 202.7 197 190.7 183.5 175.5 170.1 162.9 155.9 149.6 145.6 144 137.6
175.6 180 184.2 189.3 193.6 195.3 194.5 194 194.8 196.4 196.9 196 193.1 189.6 185 178.5 170.2 160 150.3 137.5 120 106.8 95.9 93.5 93.1 105.4 120.3 124.9 114.1 103.2 94.7 98.6 114 128.6 139 143.2 148.3 149.7 150.7 158.4 169.3 179.3 189 195.7 196.6 198.1 199.3 201 199.9 197.4 196.9 197.6 199.7 201 199.2 196.3 201.3 205.9 208.9 210.9 213.2 217 222.8 225.1 222.9 219.1 213.3 208.8 205.1 199.2 197.4 192.9 186.6 180.4 174.9 169.5 163.8 158.5 154.7 150.9 145.1
179.2 183.8 188.6 193.2 196.7 198.3 198.3 198.4 198.6 199.2 199.5 198.3 195.4 191.2 185.8 178 169.6 158.2 146.4 134.3 124.3 113.7 105.3 93.3 92.4 93.1 109.7 122.5 109 94.9 93.7 106.9 119.9 134 146.1 152.4 155.9 163.7 168.7 170.3 177.6 187.7 193 197.8 199.5 199.8 200.1 201.6 203 202.8 202.8 201.4 200 200 194.4 202.4 207.3 211.3 214.2 215.9 216.8 220 226.2 227.6 226 221 213.8 210 206 194.6 196.6 193.3 188.7 185.9 181.3 176.7 172 167.6 163.4 157.2 148
181.4 185.8 190.4 194.4 197.1 199.6 200.3 200 199.9 199.7 198.7 196.2 193.7 190.4 184.9 177.3 169.3 158.6 145.4 135.9 128.7 122.6 118.4 108.9 97.8 90.5 95.7 113.9 103.9 92.5 104.9 115.5 129.3 141 152.1 159.4 164.8 172.5 180.3 182.5 185.3 191.2 196.2 197.3 196.9 196.3 196.5 197.9 200.4 202.7 202.1 199.8 196.7 193.9 194.9 205.3 209.9 214.9 219.2 221.1 222.4 224.6 227.2 228.7 228.3 225.3 218.7 213.2 204.1 191.5 185.9 183.3 178.6 173.6 173.9 173.7 173.7 171.9 170 163.6 155.1
183.3 185.4 190.1 192.2 194.8 199.8 200.5 200.9 198.9 196.6 194.8 193 190.9 187.8 184.2 178.9 170.8 160.4 147.2 139.7 134.2 130.2 126 119 109.2 99.6 89.9 94 94.5 94.8 106.8 114.5 122.7 135.8 150 163.7 173.2 179 185.4 187.5 189.6 193.3 195.6 194.9 193.5 192.4 192.3 194.2 197.5 200.5 200.9 196.7 187.9 189.7 199.5 206.7 211.6 216.5 220.1 221.7 223.2 224.9 226.8 227.7 227.1 224.2 218.8 211 202.2 191.7 180.4 168.3 162.2 157 157.8 163.5 167.5 169.5 169.2 165.7 159.2
