public/OST50/SS93.asc
ncols 200
nrows 200
xllcorner 290000
yllcorner 130000
cellsize 50
[rows 35 to 69 of 200, columns 78 to 155 of 200]
202.3 215 230.2 248.3 268.2 283.7 297 307.4 316.3 324.2 331.8 335.9 338.4 338.8 339 339.8 340.6 341.2 340.6 339.9 338.7 335.5 331.2 325.9 321.9 314.2 303.2 285.2 273 270.6 265.9 262.3 261.3 260.2 255.1 249.4 246.9 244 249.6 250.8 250.8 250.3 251.4 253.9 257.3 261.4 266.9 274.6 282.1 285.8 285.9 283.3 278.9 274.7 270.3 265.9 261.2 258.5 257.2 255.3 254 253.6 249.7 246.1 241.8 247.8 254.1 255.4 252 252.3 254 258.6 263.6 268.6 273.1 276.7 279.7 283.7
204.5 217.6 235.8 255.4 273.8 290.2 305.7 317 328.5 337.3 344.9 348.6 349.5 348.7 347.4 349.1 349.8 350.5 349.6 347.8 345.7 341.9 336.9 330.6 324 313.6 292.4 279.5 277.1 278.1 278 278.2 277.8 275.6 279.5 275.8 264 249.3 240.7 237.7 236.1 235.3 234.8 236.5 240.3 246.4 252.7 260 269.6 277.7 280.1 279.2 277.1 273.7 268.8 264.1 259 253.5 249.5 248.4 248 250.9 248.6 245.1 243 241.5 251.6 250.1 245.4 244.7 247.8 252 255.8 260.7 265.2 268 272.5 276.9
207.6 221.6 240 260.6 279.7 297 313.4 330.1 339.9 349.2 356.2 358 358.2 357.2 356.8 356.9 357.7 357.6 358.2 355.8 352.1 347.5 342.2 335 326.1 306.9 286.1 285.7 292 295.2 298.6 301.2 301.2 299.6 294.2 281.4 260.1 245.8 241.7 243.3 243.2 242.1 238.9 233.4 229.5 230.9 237.2 245.4 253.8 263.9 271 273.2 272.1 269.5 266.3 261.1 255.6 249.7 243.2 239.3 238.4 242.6 241.2 236.3 237.5 240.8 243.6 244.5 239.5 237.3 241.3 245.7 249.2 252.8 256.5 260.3 264.7 269.4
208.5 224.7 243.8 266.7 284 301.9 321.5 334.6 343.3 350.6 356 359.2 361.1 361.2 361 360.8 361.3 361.5 361.7 361.2 357.3 352.4 346.7 338.9 327.2 304.6 291.6 301.9 311.3 315.5 316.6 314.9 311.5 305.7 296.2 277.4 253.8 252.6 264.1 268.3 266.6 262.2 256.4 248.3 239.6 232.4 225.7 228.1 236.1 246.1 255.7 264.6 265.5 263.6 260 256.2 251.3 244.8 239.5 233 228.1 230.8 229.6 228.4 232.9 235.8 235.5 234.9 231.2 231.7 235.6 239.9 243.5 246.3 248.6 253.1 257.8 261.6
216.9 226.3 245.9 269.5 285.7 302.7 321.6 333.5 340.4 346.3 351.9 355.4 358.5 360.4 360.5 359.8 359.5 360.3 361.5 361.2 358.7 355.1 350.1 340.3 329.6 308.7 303.8 315.8 324.6 329.7 329.8 326.2 320 310.8 296.7 273.2 251.9 267.2 281.3 285.7 284 279.9 273.6 267 257.5 247.3 238.4 229.7 221.4 230.7 243.1 252.5 255.4 254 251.1 247.6 243.9 239.5 234.6 227.5 219.1 220.8 220.8 225.8 230.7 226.3 224.7 223.6 222.7 226.4 229.8 232.8 237 239.8 242.3 245.9 250.1 253.6
225.8 225.6 246.4 269.5 285.7 301.4 317.4 328.8 336.2 342.3 347.7 351.7 354.4 355.4 355.7 356.1 356.8 358.4 360.4 360.3 359 356.1 351.8 346.1 335.8 316.9 314 328.4 338.5 342.4 341.5 337.2 327.5 314.7 296.9 273.9 259.6 278.6 292.1 296 293.7 289.2 283.7 276.6 269.2 260.7 251.1 243.7 230.8 219.3 230.6 238.8 240.7 241.5 239 235.5 232.1 228.5 224.8 218.3 214.2 210.5 209.8 219.7 221.6 219.9 217.9 216 217 220.8 222.3 225.6 230.4 232.8 236.5 238.5 243.1 246.6
235.8 223.4 244.4 265.6 283.3 295.7 310.3 320.9 330.5 336.5 340.4 343.5 344.8 345.8 345.8 346.4 350 354.9 357.8 358 355.5 353.5 350.3 346.1 337.7 322.8 322.4 336.1 344.8 345.6 342.4 337.4 329.3 317.5 300.4 279.2 270.1 289.8 303.4 306 303.6 297.3 290.5 282.9 274.1 265.6 256 247.3 238.2 227.2 217.5 222.2 225.2 226.5 224.8 221.7 218.4 216.1 214.3 206.4 204.2 205.1 203.2 205.4 209.8 212 211.1 211 212.4 215.1 216.6 220.2 222.9 224 229.5 232.8 233.9 237.6
246.6 226.3 240.4 259.9 277.4 289 299.5 308.7 319.1 323.5 326.7 329.6 332.4 334.9 336 336.8 341.1 346.2 348.5 349.2 347.9 345.6 344.3 340.7 336.4 327.3 325 336.2 338.9 338.1 335 329.7 323.3 314.1 302.9 280.5 280 300.6 313 314.4 309.6 303.3 295.1 285.2 275.4 264.8 253.9 240.8 230.1 224.5 220.3 218.3 215.1 213.1 211.5 210.1 210 208.6 211 211.9 208.6 205.6 204.1 203.1 200.1 199.6 201.5 204.7 205.4 208.9 211.6 213.5 215.2 218.6 221.3 223.4 227.6 230.1
257.3 235.3 233.9 251.7 265.1 277.7 286.9 296.1 301.2 305.1 309.3 312.2 315.9 319 322.2 325.8 329 332.4 335.6 338.6 339.3 339.5 340 338.4 336.2 328.9 330.1 333.9 333.7 331 327.4 322.4 316.6 309.8 299.9 280.1 286 303.2 310.8 309.6 306 300.5 293.3 284.8 275.4 264.4 246.4 233 229.5 225.9 227.8 228.4 227.5 225.7 224.9 223.9 222.5 223.5 224.4 222.7 218.6 213.1 212.2 208.9 205 200.9 198.9 196.7 198.3 201.3 203.7 207.5 208.7 211 214 216.3 219.4 221.6
264.6 243.1 235.6 241.2 252.5 263.5 272.7 278.2 283.1 286.5 290.5 294.8 299.9 304.5 309.1 313.2 316.7 320.2 323.2 327.5 329.4 331.6 335.2 338.8 337.3 332.2 333.8 334.7 332.6 329 324.6 319.2 312.1 301.4 291 278.2 293.6 305.7 308.5 305.1 299.8 293.4 286 277.6 268.3 255.9 243.8 246.5 243 233.4 241.4 244.3 244.6 242.1 240.8 239 237 236.1 236.4 234.7 228.8 228.3 225.2 219.6 213.8 212.1 207.6 201.5 197.4 196.1 195.2 198.8 200.8 202.9 205.8 209.4 211.4 214.6
262.6 250.4 243.6 239.5 244.7 251.2 260.2 264.4 267.9 271.4 275.2 281.8 287.2 291.5 296.3 301.6 305.3 309.5 313.4 317.9 323.6 330.5 335.6 341.5 340.5 336.9 335.7 336.4 335 332.3 328.4 322.9 316.3 302.8 285.4 294.7 309.2 315 312.3 304.7 294.2 281.9 272.3 265.1 256.6 249.8 260.9 265.1 258.9 245.5 260.5 265.1 267.6 267.5 267.5 267.6 262.5 255.3 254.6 250.2 248.8 245.5 244 231.1 231.6 233.3 226.5 218.5 213.4 207.3 200.3 193.1 192.9 193.2 197.4 202.1 204.7 208.9
273 274 259.2 253.9 250.5 250.3 249.8 257.2 262.6 267.2 273.1 276.9 281.9 287.2 292.7 297.7 305.9 313.4 321.5 328.1 334.8 341.2 345.6 347.2 346 343.8 342 341.3 338 334.1 329.3 322.8 311.6 292.2 294.5 311.3 319.4 320.4 314.2 304 286.8 274.1 272.1 267.7 267.3 268 272.2 275.5 260.5 256 270 276.4 281.3 283.9 284.6 283.3 277.2 274.6 275.3 272.9 267.2 258.9 254.8 241.9 243.6 249 248 244.6 237.9 228.6 217.6 208 194.8 189.1 190.5 194.5 195.9 202.6
293.3 299.3 284.2 272.4 266.1 264.2 265 263.8 269.5 274.6 279.1 284.5 289.9 295.6 303.4 310.4 319.4 327 335.7 342.2 349.7 356.8 356.7 354.1 353.8 350.6 348.4 343.8 336.4 327.5 316.7 306.5 298.1 298.2 311.7 324.3 327.5 325.8 316.8 292.5 292.7 291.7 289.8 288.6 290.7 293.5 291.7 283.3 259.4 263.8 279.3 288 293.2 295.2 295 293.7 290.2 288.4 288 285.4 281 273.6 263.4 250.2 253.1 257.4 256.2 251.9 247.2 242.1 236.8 226.6 210.6 197.2 186.7 188.6 189.6 194.6
321.5 327.8 312.4 296.4 288.9 282.6 278.5 280.7 283.6 287.7 292.3 297.6 304.5 312.3 319.5 328.1 336.3 346.3 359.2 371 370.6 370.1 367.7 365.9 363 359.6 356.2 352.2 343.6 330.9 317.2 308.2 312.3 319.8 330.9 336.6 336.3 332 314.3 309.6 316.2 316.5 319.9 321.9 322.8 318.6 310.2 285 264.4 277.9 295 300.1 304.4 305.7 305.2 303.5 300.6 298.3 295 292.8 290.2 282.7 271.6 261.1 264.1 265.4 262.9 257.7 253.6 249.7 244.4 238 228.8 212.9 195.9 185.2 186.5 186.7
350 356.7 351.2 327.3 319.2 308.3 304.5 301.8 306.5 311.4 314.5 319.1 326.1 334.5 342.4 351.8 360.5 375.1 383.2 383.7 384 381.6 380.2 378.1 375.3 370 366.7 361 352.2 333.8 318.7 329 329.2 341 347.2 348.1 345.9 336.1 335.8 320.7 336.1 339.1 338.3 337.6 335.6 330.2 311.2 285.3 280.7 297.8 309.7 310.9 313.5 314.6 313.8 311.6 308.4 304.8 301.1 298.2 293.8 288 279.4 275.6 275.3 272.6 268.7 264.3 259.9 256.3 252.4 246.3 239.1 229.2 214.2 196.3 186.4 182.7
367 372.7 373.4 369 358.7 346.7 338.7 332.3 340.7 344.7 349 350 350.1 363.5 373.9 379.4 388.6 393.2 394.5 394.3 392.3 390.7 389.5 387.3 384 381.1 378.3 373.9 363.5 332 339.7 353 356.6 360 360.8 359.3 356.9 347.1 351.5 345.2 352.1 351.8 350.9 348.7 345.7 340.6 323.3 300.2 298.3 317.7 321.1 320.9 322.2 322 321 318.6 315.3 311.6 307.1 302.1 297.1 291.6 285.6 285.3 283.3 280.8 277.4 273.8 270.4 266.8 263.3 257.3 250.9 242.3 230.7 214.9 204.1 197.4
378.6 381.5 383.6 385.3 386.8 385.8 379.6 372 376.8 387.1 389.3 388.4 385.8 393.9 396.1 397.9 400.2 401 401.5 401 399.9 398.6 397.3 395.6 393.6 391.1 387.3 380.4 353.4 343.6 362.8 371.6 373.1 372.3 371.7 370.2 367.5 363.5 364.5 363.7 362.7 361.4 360.2 357.8 354 349 342.1 331.3 328.3 332.5 331.1 329.8 329.2 328.3 326.9 324.5 321.3 317.3 312.4 306.6 301.2 295.6 291.2 289.7 288.5 286.9 285.8 284.5 283 280.5 276.8 271 265.6 257.7 246.1 231.5 221.2 212
385.8 387.7 389.7 391.6 393.6 394.6 395.4 395.4 395.3 397.5 399.3 398.8 399.3 401.5 404.3 405.1 406.1 406.4 406.2 405.6 405 404.4 403.3 401.9 400.1 397.8 394.9 389.5 385.3 360.1 379.6 383.3 383.6 382.7 381.5 380 377.6 376.1 375.1 373.7 371.7 370 368.2 364.6 361.8 358.3 353.8 348.9 344.8 342.1 339.2 336.7 334.5 331.9 329.7 327.6 323.9 319.9 313.8 308.5 302.4 297.5 292.7 288 286.2 286.9 289.9 291.3 292.3 290.1 287.2 283.6 279.1 273.1 265 250.9 239.4 231.1
390.6 392.3 393.7 395.6 397.4 398.8 399.8 400.8 401.1 402.6 404.1 405 406.1 408.3 409.6 410.5 410.8 411 410.7 410.1 409.6 409.2 408.5 407.2 405.8 404.2 401.6 398.8 395.2 382.9 388.6 392.1 391.8 391 389.8 387.4 385.8 384.2 382.5 381.3 379.2 377.3 374.4 371.2 368.4 365 361.4 357.2 353.8 350.1 346.5 342.9 339.1 334.9 331.4 326.7 321.9 317.3 310.6 305.2 301.1 296.5 291 283.8 279.7 280.4 284.3 289.4 292.5 293.5 291.5 289.4 285.7 280.1 273 264.1 254.8 246.4
394.3 395.8 397 398.8 400.7 401.9 403 403.9 404.7 406.2 407.6 409.8 411.2 412.5 413.9 414.3 414.8 414.8 415 414.9 414.5 414 413.4 412.6 411.3 409.7 407.7 405.5 403.1 400.5 398.9 399 398.1 396.9 395.4 393.9 392.2 390.7 389.4 387.6 385.5 383.1 380.3 377.1 373.7 370.3 367.3 363.8 360 356.1 351.5 347.3 342.7 338.1 332.9 326.2 316.1 309.4 303 296.2 292 287.9 283.5 278.4 271.2 270.1 273.4 280.1 284.8 287.6 288.4 286.9 285.3 280.7 274.1 266.4 258.4 250.8
397.2 398.7 400.3 401.9 403 403.9 405 406 407 408.4 409.5 411.3 412.9 414.2 415.8 417.1 417.1 416.9 417.5 418 418 417.8 417.6 416.7 415.4 413.9 412.3 409.9 408 407.6 406.3 405 403.3 401.7 399.5 398.2 397 395.5 393.7 391.8 390 387.9 385.2 382.2 379.1 376.9 372.9 369 365 360.4 356.3 351 346.2 341.7 335.6 328.3 319 300.6 285.6 278 272.7 269.6 266.6 263.6 251.8 255.3 260.4 266.5 274.5 279.4 281.1 280.3 278.2 274.5 269.1 262.4 254.6 248.5
399.4 401 402.1 403.4 405.2 406 406.8 407.6 408.5 409.1 409.6 411.5 413.5 415.3 416.9 418.1 418.9 419.2 419.9 420.3 420.7 420.5 420.5 419.6 418.4 416.7 415.4 413.9 412.8 411.3 409.7 408.7 407.5 405.4 403 401.7 400.6 399.2 397.3 395.5 394 391.3 389 386.3 383.1 379 376 372.6 368.4 363.6 358.5 354.5 349.9 345.5 338.4 331.3 323 312.3 300.8 283.2 267.8 256 245.9 243.6 241.7 246.4 250 250.4 263 269.9 272.3 273.1 271.2 267.8 262.6 256.5 250.5 244.8
400.8 402.2 403.4 404.4 405.3 405.8 406.5 407.3 408.3 409.4 409.9 411.3 413.4 415.5 416.8 418.2 419.4 419.8 420.5 421.2 421.8 421.9 422 421.5 420.7 419.6 418.4 417 415.4 413.8 412.2 410.6 408.8 407.2 405.9 404.1 402.3 401.3 399.5 397.8 395.5 392.9 390.3 387.5 384.5 381.4 378.2 374.2 370.4 367.2 362.6 358.2 353.9 349 342.1 334.3 326.8 317.6 308.7 299.3 287.2 273.4 259 247.1 233.4 229.1 234.5 242.6 252.4 257.4 261.9 263.9 263.1 260.3 255.1 249.7 244.3 238.3
401.1 402.6 403.7 403.7 404.6 404.4 405 405.9 407 408.7 410.1 411.2 413.1 414.5 415.8 417.2 418.5 419.6 420 419.4 420.1 421.1 421.3 421.5 420.8 419.9 418.9 417.5 415.9 414.4 412.9 411.3 409.8 408.2 406.6 404.8 403.3 401.5 399.7 397.7 395.6 393 390.3 387.6 384.5 381.3 377.8 374.2 370.3 366.5 362.3 358.4 354.9 350.4 345.7 339 332.2 325 316.5 306.6 296.4 284.1 272.6 260.8 245.9 229.8 222 227.5 236.5 246.3 251.1 253 252.5 249.4 244.7 239.6 233.9 227.9
400.7 401.9 402.7 403 403.2 402.5 403.3 404.2 405.6 407.2 408.6 410.2 411.6 413 414.3 415.7 416.7 417.3 417 417.5 418.5 419.3 419.7 419.9 419.8 419.1 418.5 417.4 415.9 414.4 412.8 411.4 410 408.4 406.6 404.8 403.1 401.3 399.4 397.3 395.1 392.4 389.5 386.4 382.6 379.6 375.7 372.3 367.8 363.9 360.3 356.9 353.4 349.1 345.1 339.9 334.8 327.9 320.4 312 302.5 293 280.7 266 248.4 235.3 222.8 215.4 219.3 227.9 233.2 238.3 239.8 237.2 232 226.5 220.5 214.3
399.8 401 401.9 400.8 399.8 400 400.4 401.3 402.2 404.2 405.4 407.8 409.5 410.9 412.3 413.6 414 414.2 414.7 415.4 416.1 416.8 417 417.2 417.9 417.9 417.4 416.2 414.9 413.4 411.9 410.5 408.8 407.1 405.3 403.6 401.9 400.3 398.4 396.1 393.7 391.3 388.3 384.5 380.7 377 372.5 368 363.4 359.9 356.1 352.4 348.5 345.1 341 335.7 331 325 318.4 312 303.4 293.7 279.4 260 242.5 225.8 216.1 211.5 209.8 211.3 214.5 218.9 223.4 224.9 217.7 210.5 205.4 199.6
399.2 400.4 400.7 399.2 398.1 395.8 396.6 397.8 399.2 402 403 405.5 407.4 408.8 410.2 410.6 410.9 411.2 411.8 412.6 413.7 414.3 414.6 414.9 415.6 416 415.4 414.7 413.9 412.2 410.4 408.7 406.6 405 403.4 401.6 399.9 398.1 396.4 394.7 392.2 389.8 386.7 382.9 379.2 375.3 370.3 363.4 358.7 354.2 349.9 345.7 341 336 331.9 327.3 322.1 316.6 308.6 300.1 292.7 280.9 263.4 239.7 224 218.9 215.3 211.6 212.3 205.5 201.7 201 200.3 207.5 204.9 199.3 192.6 189.7
398.8 399.6 399.4 398.3 396.1 393 393 394.7 397.2 398.8 400.5 402.4 404.6 405.5 407 407 406.7 407.3 408.1 408.6 409.8 411.1 412.2 412.8 413.5 414 413.3 412.6 411.8 410 408 405.8 403.6 401.2 399.3 397.7 395.9 394.1 392.8 391.5 389.9 387.6 384.5 381.4 377.9 374 369.3 363.8 356.5 347.9 340.3 335.6 329.5 326.2 321.8 316.5 312 304.1 290.9 281.6 270.7 257.7 241.8 231.3 228.8 226.9 229.2 227.8 224.2 220.8 220.9 213.3 205.8 195.7 195.6 193.2 196.6 198.2
398 398.4 398.2 397 394.6 389.4 388.8 391.1 393.3 394.9 396.1 398.8 400.5 401.3 401.3 401.8 402.1 401.6 401.6 403.3 405.4 407 408.6 409.9 411.2 412.2 411.6 410.6 409.8 407.6 405 402.6 399.6 396.3 394 392.4 391 389.6 388.3 387 386.2 384.6 382 378.9 375.6 372 368.2 363.3 358.4 352.4 344.4 335 325.6 312.9 303.7 300.9 296.8 285.2 272.1 261.9 259.9 262 258.3 251 244.3 243.5 246.8 246.1 239.6 235 235.3 219.7 200 203.1 206.5 208.1 210.2 210.9
396.8 397 396.6 395.1 393.9 390.1 382.4 386.2 388 390.1 392.8 394.9 396.3 397.5 397.1 397.1 396.9 394.1 394.8 397.1 399.9 403 406.2 408 409.2 410.1 410 409.1 407.8 405.9 401.9 399.9 394.6 390.6 387.8 386.6 385.3 384.3 383.1 382.5 381.8 380 378.7 376.1 373.3 369.6 366.1 362.2 357.8 352.9 347.1 341.7 335.5 327.4 319.3 300.3 277.5 270.1 265.6 277.4 287.9 287 283 275.3 268.5 263.1 265.9 265.9 263.3 250.5 238.2 215.4 199.8 212.8 221.6 226.8 230.7 238.3
395.8 395.8 395.2 394.2 393 390.5 380.1 377.1 383.1 386.2 388.8 390.9 392.2 392.8 393 392.6 391.9 388.8 388.9 392.1 396 400.1 403.7 406.4 407.4 408 408.2 407.7 406.1 403.6 399 395.1 389.9 383.9 377.7 374.2 375.9 376.2 376.8 377.2 376.4 375.7 374.3 372.1 370.5 366.8 363.1 359.7 355.1 351.6 346.8 342 336.6 330.1 321.5 304.6 280.7 268.3 284.1 301.7 307.3 307.6 303.9 298.2 291.6 287.6 287.1 281.8 273.7 252.3 237.3 213.3 204.1 218.6 238.7 247.2 254.2 254.8
394.8 394.4 393.8 393.1 391.4 389.5 386.3 373.1 377.4 382.7 385.1 386.9 387.9 388.3 387.8 387.1 385.8 382.7 386.3 391.7 396 399 402.7 404.6 405.9 406.3 406.8 406.7 405.1 402.5 398.2 394.5 390.6 385.9 383.5 379.7 371.5 358.8 363 368.3 369.8 369.1 367.6 366.2 364.5 362.8 359.6 355.3 351.1 347.5 343.8 340.2 335.3 329.4 320.5 298.6 274.5 277 299.7 314.4 317.4 317.9 316.3 313.4 309.5 305.3 299.3 290.4 280 260 236.3 213.7 209.3 225 249.4 255.3 263.8 270.1
392.9 392.9 392.4 391.4 390.1 388.1 385 379.6 373.3 378.6 381.2 382.4 383.4 383.1 382.3 378.5 375.6 382.4 389.4 393.2 396.2 399.2 401.9 403.4 404.1 404.2 404.7 405.7 403.9 402.2 400.5 398.7 396.7 393.8 389.7 386.1 382.2 376.2 354 351.4 355.9 359.1 359 359.4 356.9 356.6 352.8 347.4 343.4 340 337.5 335.3 331.2 326.1 315.1 289.6 274.6 290.5 310.1 320.5 323.1 324.1 323.7 321.6 318 312.9 305.9 296 281.7 258.6 235.9 213.7 214.8 231.8 254.1 261.2 269.9 277.8
391 391 390.8 389.6 388.4 386.4 383.4 378.6 369.4 373.4 376.5 377.9 378.5 377.7 373.4 375.6 382.1 386.5 390.2 392.6 394.9 397.1 398.6 400 401.3 402.1 402.2 402.8 403.1 401.9 400.9 399.4 397.1 394.6 391.9 387.7 382.6 375.5 359.4 348.9 340 338.7 346.2 345.9 345.8 343.5 340.2 335.3 331 326.6 327 325.8 323.2 317.4 301.8 277.9 288.9 305.5 318.3 324.4 327 327.9 327.6 325.8 322.7 315.9 308.6 298.9 281.9 256.2 234.9 211.1 224.2 243.7 259.3 267.8 275.4 280.7
388.7 388.9 388.7 387.8 386.7 385.1 383.1 379.7 365.3 365.3 370.7 373.1 373.2 369 370.8 377.1 382.8 386.6 388.7 391 392.6 393.8 395 396.1 397.6 399.6 400.6 401.3 401.6 401.4 400 398.8 398 395.7 392.4 384.8 376.4 370.7 371.4 367.2 357.7 338.3 327.1 326.7 329 331.8 325.8 319.6 315.1 313.5 313.1 313 309.1 301.9 284.9 290.9 306.4 320.1 324.1 326.7 329.6 330.5 329.6 328 324.7 316.7 308.1 297.7 280.1 254.4 235 211.4 234.1 253.5 265 273.1 279.3 283.7
