public/OST50/SS93.asc
ncols 200
nrows 200
xllcorner 290000
yllcorner 130000
cellsize 50
[rows 0 to 34 of 200, columns 0 to 77 of 200]
345.8 342.6 340.2 336.5 334.1 330.9 326.7 320.9 313.9 307.6 297.1 294.7 289.8 274.3 261.7 251.6 241.2 241.2 246.2 250.3 254.2 257 256.8 253.5 247.7 237.4 224 213 202.9 194.1 182.8 181.4 180.6 177.9 174.2 174.2 172.3 176.3 177.2 175.9 169.4 161.3 172.6 193 211.2 221.8 229.7 232.7 228 219.4 209.9 202.2 191.9 186.2 180.8 180.6 171.2 154 148.3 147.6 141.7 138 135.8 131.3 124.8 126.8 139.4 147.6 154 161.2 168.3 170.5 168 149.7 128.8 116.8 121.3 142.4
345.8 343.9 342.1 339.5 337.5 334.6 330.8 325.7 321.1 315.8 311.7 306.5 300.3 293.7 283.3 270.3 253.5 263.1 266.4 268.2 270.7 271 271.9 269 264.9 257.8 247.1 234.7 224.3 212.8 201.9 194.2 184.1 183.7 182.7 188 192.7 193.3 192.2 189.3 184.2 169.4 158.8 172.6 191.8 206 215.9 223.1 216.4 206.8 194.8 185.5 175.9 171.1 167.7 168.8 163.6 151.6 137.3 132.8 130.7 133.6 134.6 135.2 138.9 146.2 158.8 166.4 173.1 178.6 182 181.9 178 160 138.8 119.7 119.8 131.4
346.8 345.3 343.9 342 339.9 336.8 333.2 329.3 324.8 320.1 315.5 309.6 304.2 297.5 289.1 277.1 266 277.3 283.5 287.7 290.7 293.6 294.6 292.9 288.7 281.3 271.8 258.8 244.8 231.2 213.3 196.6 192.8 197 201.4 204.6 207.9 208.2 204.6 200.2 193.6 181.9 165.3 157.8 172.7 189.5 206.7 208.2 202.3 192.4 179.2 170.6 162.2 156.9 153.4 150.5 148.8 138.3 133.9 142.5 154.6 156.4 156.7 160.4 165.1 160.3 176 183 190.3 193.7 194.2 193.3 189.4 178.2 152.1 133.6 118.5 121.5
347.5 346.2 344.9 343.9 342.2 338.2 334.3 330.4 325.7 321.1 316.4 311.5 306.1 300.2 292.7 278 285.5 296 302.6 307.3 309.9 311.2 310.9 309 305.2 301.2 294.9 285.8 269.4 244.7 217.3 210.1 209.6 215.9 219 221.7 221.7 221.3 216.9 209 201.3 191.1 180.2 165.2 156.5 173 187 195.4 186.5 177.6 165.6 157.7 152 146.4 139.1 138.3 138 145.2 152.9 163.6 172.5 176.1 180.7 188.8 188.8 181.9 191.9 202.8 206.4 208.8 206.8 204.4 199 190.7 162.2 148.6 133.8 120.4
347.9 347.2 346.2 344.9 342.4 338.9 334.5 330.1 325.6 321.4 316.1 311.4 306.1 300 292.7 296.7 305.1 311.1 315.3 318.5 320.6 320.8 319.7 317.3 313.9 309.9 304.7 297.4 280 249.3 224.6 228 231.4 237.6 242 241.7 237.9 234.7 230.6 222.4 215.5 204.8 192.3 175.6 159.1 154.8 165.8 169.8 169.6 165.1 155.4 144.9 142.6 141.2 146.6 153.7 159.1 164.2 174.3 182.4 195.1 201.4 205.2 209.1 210.2 191.9 212 218.8 222.6 225.7 222.9 217.7 210.9 202.2 187.5 166.4 148.2 136
346.3 346.2 345.7 344 342.6 340 336.2 331.2 326.8 322.8 317.3 312.2 307.2 306 307.3 311.1 315.3 319.6 323.3 326 327.1 326.8 325.5 323 319.5 314.9 309.6 301.5 287.4 257.7 247.4 252.8 253.1 260.3 261 263.2 260.5 257.6 251.7 243.6 231.9 223.2 209.5 193.3 176 158.6 151.3 150.6 149.4 147.4 146.8 151.1 155.1 159.4 165 173.1 180.2 189.8 198.9 207.5 218.2 231.8 236.6 236.8 232.4 219.4 233 238.8 240.7 240 236.8 229.3 222.5 213.8 204 187 166.9 153.3
344.1 344.2 344.4 344.1 342.8 341 337.8 334.5 329.7 325.3 320.1 316 313.1 313 314.2 317.2 322.2 326.1 329.5 332.1 332.6 331.1 329.9 327.7 324.1 318.9 311.9 304.1 291.9 268.8 260.9 268.8 277.4 282.5 284.6 284.4 284 280.1 274.1 264.6 252.4 242.2 229.3 211.5 192.4 169.2 165.2 163.3 162.4 161.2 163.2 167 171 176.4 186.9 195.8 207.9 213.3 225.1 238.6 246.9 253.3 257.6 256.6 253.4 243.5 250.5 252.7 252.6 250.2 246 239.8 232.9 225.4 216.9 205.5 192.6 173.4
341.1 341.7 342.3 342.6 342 340.7 338.3 335.6 331.8 327.5 323 319.1 317.4 317.7 318.8 321.9 327.7 332.1 335.7 338.4 339 336.3 334.3 332.3 328.3 322.6 315.4 306.7 295.6 271.2 274.3 280.9 287.5 291.6 293.9 293.9 292.4 289.7 285.5 280.1 272.1 264 249 220 192.4 168.4 180.8 187 184.7 183.3 185.4 189.6 191 201.1 211.4 219.7 233.4 246.4 256.1 261 267.6 269.3 268.2 266.3 264.6 262 262.9 262.4 261.3 258.3 254.3 248.9 242.6 235.8 226 221.5 213.4 199.3
336.2 337.5 338.2 339.9 340.2 339.1 336.7 334.6 331.5 326.8 323.1 319.8 318.6 318.7 322.7 327.3 333.4 336.9 340 340.5 338.8 336.5 334 332 327.9 322.6 316.3 308.9 299.4 287.9 282.9 288.3 293.6 297.7 300.1 300.2 298.3 295.4 291.2 286 279.2 271.2 253 221.3 195 175.5 197.4 214.6 210.4 210.4 212.5 214.8 219.9 222.6 231.3 248.7 261.3 268.8 273.9 275.2 277.4 277.4 276 274.1 272 270.9 271.1 269.6 267.6 264.2 260.1 255 250.2 244.3 238.6 233.3 227.3 221
330 332.3 334.1 335.4 335.8 336.1 334.8 332.3 330 326.2 323.1 320 318.1 319.1 323 329.4 334.3 335.6 336.5 335.5 333.9 332.5 330.4 328.4 324.9 319.8 314.2 307.4 299.6 294.2 291.1 292.4 297.7 301.6 303.7 304.5 302.5 298.6 294.4 289 282.3 271.4 257.5 228 201 185.2 216.1 232.2 238.7 241.5 243.7 245.1 249.2 254.1 265.9 274.4 280.7 283.7 285.5 286.2 285.7 284.8 283.2 281.3 279.2 278.2 277.6 275.8 273.2 270 265.4 261.1 256.4 251.7 246.4 242.4 237.5 232.7
318.9 323.9 327.5 330.2 332 332.2 331.3 329.8 328 324.7 321.7 317.6 314.5 315.2 319.9 325.8 329.3 330 330.7 329.8 328.6 326.9 324.9 322.4 319.2 314.7 310.1 304.4 298.7 296.5 294.2 294.6 298.4 302.7 305.6 305.1 302.9 299.6 295.1 289.8 282.9 273.8 260.7 238.5 206.5 200 227.2 244.7 250.1 253.7 256.5 261 266.7 273.5 280.5 285.7 289.9 292.7 293.5 293.4 293 291.7 290.5 288.5 286.5 285.4 283.8 281.1 278.3 274.4 269.9 265.7 261.2 257.2 254.1 250.3 246.5 242.4
305.1 311 316.2 319.7 324 327.1 328.1 327.7 325.8 323 319.8 315.5 308.4 309.7 314.1 319.1 321.7 322.6 322.7 321.9 320.8 319.3 317.2 315.3 312.7 308.9 304.2 300.1 296.4 294.4 294.1 293 296.5 300.5 302.5 302.5 301.5 298.8 294.6 289.2 282.2 273.2 261.5 243.8 216.8 208.1 235.9 252.1 257.1 260.4 265.3 270.7 277.4 284.1 289.9 294.7 298.2 299.9 300.6 299.9 298.5 296.9 295.5 293.3 291.1 290.3 289.6 286.1 282.5 277.3 273.2 269 266.4 263.5 260.7 257.7 253.7 249.5
288.4 296.7 303.2 309.7 318.6 323.6 324.5 323.8 321.9 319.6 316.9 313.8 309.9 300.3 306.8 311.5 314 314.3 314.4 313.9 312.6 311.4 309.9 308.3 305.2 302.7 298.7 295 293.1 291 289.5 288.1 291.9 294.9 297.6 298.6 297.7 295.1 292 287.2 281 273 261.5 243.7 231.2 218.3 238.2 254.4 261 267.3 272.5 278.9 287 293.7 298.1 301.6 302.7 303.5 303.7 302.9 300.7 297.9 295 291.6 288.6 286.9 286.2 283.8 280.2 276.3 271.9 268.3 264.6 262.5 260.5 257.1 253.1 249.8
276.1 281.9 289.3 305.5 314.9 317.2 317.9 317.3 316.3 314.4 313.5 312.6 309.3 303.7 297.8 304.4 305.2 305.9 306 305.9 304.5 303.6 302.7 301.5 299 296.8 293.6 290 287.8 284.7 283.1 281.8 286.3 291.4 294.6 295.6 295.4 293.2 289.7 286.6 281.5 273.4 263.4 256.3 251.7 227.6 241.6 256 264.7 271.1 277.5 286.3 293.3 298.5 301.6 304.3 304.7 304.4 303.1 301 298.1 294.3 290.8 286 282.1 278 278.1 275 271.9 268.1 264 260.3 256.3 253.9 252.1 250.1 246.8 243.1
276.4 286.6 298.9 306.8 309.1 308.5 308.2 308.8 310.2 309.6 309.8 308.5 306 302 287.3 297.4 298.3 299 299 298.6 298 297.1 296 295.2 293.7 291.6 288.4 285.9 282 278 274.8 275.9 282.1 288.7 291.6 292.3 291.8 291.6 289.1 286.3 282.4 276.1 268.9 265.3 260.9 247 240 253.2 264.5 273.5 280.3 289 295.7 299.6 302.8 304.2 304.8 304.5 302.4 299.6 295.7 291.4 286.5 279.1 275.7 269.6 265.1 262.7 259.3 255.8 252.2 250.1 246.9 244.8 242.7 240.3 237.4 235.2
281.4 286.7 293 298.2 298.2 297.6 298.3 300.6 302.3 303.1 303 303.1 301.6 297.8 283.8 289.5 291 291.7 292.6 292.2 291.5 290 289.4 289.4 288.2 286.7 285 282.3 278.3 274.3 262.9 270.7 279.9 285.6 287.9 287 287.3 288.2 289.1 287.4 283.4 278.8 275.2 271.6 267.5 261 239.1 250.6 264.3 274 280.9 288.9 295.4 300.2 304.5 305.4 304 301.8 300.1 297 292.6 288.4 283.7 277.8 272 263.4 257.2 246.8 243.8 241.7 239.1 236.9 234.9 233.2 231.5 228.9 224.4 221.9
265.2 270.8 276.1 281.6 284.2 284.8 287.4 291.9 294.7 298.7 299.2 299.2 297.6 294.4 285.6 279.1 281.9 285.4 286.7 286.1 284.9 281.9 280.5 282.7 281.4 280.6 279.3 277.5 274.8 270.2 257.2 267.6 277.6 282.1 283.3 280.9 284 286.3 287.8 287.6 284.9 284.1 280.8 276.9 273.5 268.9 251.5 250.3 263.8 274.3 282.4 288.1 293.9 299 303.3 304.2 301.6 298.5 296.2 292.9 289.2 283.8 278.1 272.1 266.5 258.3 247.4 238.7 225.3 227.9 224.6 222.8 220.5 216.5 213.7 209.8 203 201.1
247.2 252.3 256.4 260.5 264.8 268.6 275.2 283.3 290.4 294 294.7 294.2 292.8 289.3 282.7 271.4 273.6 278.5 280.7 280.3 277.6 274.7 275.1 276.2 274.5 272.8 272.1 271.2 269.3 263.5 253.2 265.5 274.2 278.2 278.8 277.9 280.7 283.6 285 285.7 286 286.3 283.9 280.6 278.4 274.1 266.4 250.9 264.4 274.7 281.8 286.4 290.6 294.9 298.6 300.5 298.8 295.4 292.4 288.3 283.2 278.3 272.8 266.2 256.3 244 231.8 221.7 215.6 210.4 209.4 205.6 204.3 202.3 198.3 194 184.2 180.1
241.8 241.2 241.8 244 246.7 251.2 264.1 274.6 282.1 286.3 288.4 288 286.2 283 276.7 261.1 266.5 273.1 274 274.5 271.9 267.9 268.3 269.4 266.8 264.5 264 263.5 262.3 257.4 250.4 263.6 270.3 273 274.6 270.9 275.4 278.1 279.4 281.3 282.5 284.2 285.3 285.2 283 278.3 270.3 256 264.3 273.2 277.5 282.1 286.5 291.6 295.6 297.3 296.3 292.7 289.3 282.9 276.7 271.4 263.8 251.6 238.2 225.8 224.9 223.5 223.3 217.5 210.9 208.8 205.9 202.8 197.8 192.8 189.1 188.9
253.4 244.3 240.2 239.1 239.2 240.8 248.9 261.3 271.2 277.3 279.7 280.1 279.5 276.9 271.2 254.5 263.3 267.4 268.4 267.1 266.4 262.1 259.7 261.5 259.5 255.2 254.5 254.9 255.2 250.3 247.7 258.4 263.8 266.2 263.8 262.5 266.5 270.5 273.7 277.1 280.3 282.2 284 283.9 282.1 279.2 275.1 264.3 265.6 271.6 277.6 283.1 289.4 294.8 297.6 298.3 296.2 291.9 286.1 280.8 270.6 260.1 248 243.4 243.1 244.6 248.4 248.2 247.7 242.8 236 230.6 230 227.6 221.4 209.1 202.7 213.6
264.7 259.8 253.9 247.8 241.2 237.8 237.5 242.8 254.6 267 271.6 272.9 272.2 269.4 265.2 253.6 257.2 261.1 261.8 262.2 260.4 257.2 252.6 252.2 251.3 247.7 246.1 246.6 246.8 239.7 245 253 255.8 257.7 257.7 253.8 260 265.9 270.2 274.8 277.9 280 282.5 283.9 283.7 281.5 279.8 270.9 274.6 278.9 284.5 289.9 294.3 298 300.2 300.3 298.1 295.3 290.3 284.2 269.3 261.3 253.8 264.4 265 265.5 267.8 269.4 268.8 266.1 261.1 256.8 252.1 244.2 236.7 219.7 225 220.9
271.9 267.2 262.2 258 253.5 247.9 239.3 236.3 237.9 254.7 263 264.5 263.3 260.9 257.1 247.6 251.2 254 256.8 256.8 254.5 251.8 247.5 244.2 242.9 241 238.4 238.6 238.1 234.8 242.5 246.9 249.1 250.8 250.1 249.3 256.5 262.2 266.8 271.1 275.1 279.1 282.8 285.7 286.5 286.2 283.8 279.7 280.1 284.1 288.4 293.7 298.1 301.1 301.8 301.3 299.2 297.2 294 288.9 275.9 281.2 266.4 282.7 284 283.7 274.2 280.4 276.2 275.5 269.7 264.4 259.4 251.5 240.4 232.9 229.7 212.6
271.5 266.5 262.2 258.5 255.3 251.6 248.1 243.4 234.9 241 253.7 255.8 254.2 252.1 248.3 242.1 247.6 252.5 252 251.2 249.2 246.6 243.7 240.7 237.3 234.3 232.2 231.2 230.6 233 238.5 240 241.1 242.1 241.7 246.4 252.7 258.7 262.9 266.7 272.2 278.3 283.6 287 288.6 287.8 286.1 284.9 283.8 287.4 290.1 294.7 297.7 301 301.8 302.4 300.9 299 297.2 293.6 291.2 291.2 287.4 291.7 292.4 291.5 289.8 288.3 286.2 282.4 277 271.1 264 256.7 247.6 237.5 229.5 206.1
266.3 260.1 255 249.3 245.8 242.1 238.6 236.1 233.9 234.2 247.2 250.7 248.6 244.6 237.1 243 247.8 250.4 250.6 248.8 247.6 245.5 243 239.3 236.8 233.2 229.2 224.4 229.8 231.1 232.1 232 232.8 234.9 237.6 242.1 248.1 252.5 258.4 262.3 267 281.4 282.9 286.8 287.8 287.8 287.1 286.3 287.3 288.4 295.7 299.7 298.6 301.3 302.2 303.8 303.6 302.6 300.5 298.8 298.6 298 296.2 297.3 298.1 296.7 294.5 292.4 290 286.6 280.9 275.6 269.9 262.8 254.7 242.3 220.1 201
252.8 248.9 246 241.2 238.7 239.6 241.4 240.7 236.7 233.1 234.9 242.5 241.2 236.9 234.3 239.7 241.7 243.6 244.4 244.2 243.8 242.7 241.4 238.4 236.4 234.7 232.4 223.6 222.3 221.2 221 223.5 225.8 230.4 234.3 240.1 245.2 250.1 255.9 262.5 270.1 277.3 282.7 285.7 287.9 287.5 288.1 289.2 290 294.5 299.6 302.8 302.7 303.5 304.9 305.9 306.3 306.6 304.9 305.5 304.8 303.9 301.4 302.1 302.5 300.9 298.6 296.2 292.8 288.6 284.1 279.1 274.1 267.5 259.3 240.7 220.5 198.5
245.8 243.7 243 247.2 251.7 258.1 258.8 256.1 249.8 236.8 230.7 232.1 232.4 231.1 229.7 230.1 231.9 235.4 238 238.5 238.5 237.2 235.6 233.7 228.9 224.1 222.2 221.6 220 220 219.7 220.8 223 227.2 233.5 243.2 254.8 265.7 273.3 277.7 283.9 286.7 288.1 288.7 288.5 287.5 287.6 289.7 291.7 295.1 298.1 302.3 303.3 305.5 307.5 308.6 310.1 311 310.3 309.9 309.7 309.1 307.6 306.1 305.8 304.3 301.7 298.2 295 290.9 286.4 281.7 276.1 269.2 252.3 231.9 214.4 194.9
249.9 256.2 261.1 267.1 269.6 269.2 267.2 263.2 258.1 249.5 237.6 232.1 231 230.7 230.1 229.5 228.1 226.8 227.1 227.1 226 224.4 224.4 224.1 224.1 228.5 230.9 231.3 229.5 223.7 218.9 219.9 221.2 228.8 240.4 254.3 268.2 273.5 275.5 279.8 285.4 289.2 290.2 289.1 286.5 284.6 288.7 291.3 293.7 296.8 299.7 303 306.4 309.2 311.4 313.2 314.2 316 315.8 315.6 315.3 314.2 312.5 310.9 309.5 307.6 305.6 300.3 298 293.3 288.5 282 274 258.6 238.1 223.4 209.5 189.9
260.4 269.6 274.4 275.7 275.2 273.3 270.6 266.4 261 255 246.8 239.4 234 233.6 234.7 235.7 234.5 233.6 231.9 229.4 229.7 232.5 233.3 233.9 236.3 234.6 233.9 235 230.7 226.8 219.5 220.5 221.9 233 246.6 258.5 267.2 272.3 274.9 277.2 280.4 282.7 283.1 280.2 275.1 287.3 292.3 296.8 298.5 301.9 305.6 310.2 312.6 316.3 317.7 319.9 319.4 319.5 320.4 320.7 319.9 318.2 317 315.6 313.9 311.9 309.3 305.3 301.4 297.6 289.6 282.9 272.3 248.8 224.6 213 202.4 185.9
259 274.3 276.2 275.1 275.1 275.1 274.2 270 265.3 258.6 249.4 240.5 240.3 243.5 243.7 245.7 244.4 243.5 240.7 235.2 242.8 246.9 247.1 247.7 246.5 245.5 243.3 238.5 234.3 227.9 217.5 218.3 220.1 236.8 254.3 266.9 270.3 273.2 275.7 276.6 276.2 274.5 272.2 266.1 272.2 277.2 284.1 288 295.3 298.5 304.7 307.8 311 314.9 318.6 321 322.8 323.2 324.5 324.7 323.6 322.3 321.3 320 318.1 316 312.8 308.8 303.7 297.4 289.9 281.6 269.3 245.6 222.8 209.5 196.4 183.2
257.6 270.9 273.3 274.9 277.1 277.9 275.4 271.5 265.7 257.3 247.1 247.1 248 247.3 253.7 257.2 257.3 257.3 255.9 255.4 253.9 254.5 253.8 252.2 250.1 247.8 244.7 240.8 235.2 231.5 228.5 220.7 217.5 231.8 258.3 269.7 267.1 268.3 271.6 273.5 274.9 270.4 261.2 256.7 258.3 263 270 275.9 283 290.6 294.8 301.1 306.8 312.6 317.6 320.7 324.2 326.7 328.8 328.6 327.6 326.2 325.5 324.1 322.3 320.2 316.6 312.4 306.6 299.8 287.3 281.1 268.6 247.2 227.3 212.6 198.7 182.6
255.9 265.5 271.3 273.5 277.4 276.8 273.6 268.4 259.7 256.2 256 258.3 260.5 264.7 266.1 269.9 270.5 268.9 265.9 263 259.4 260.6 257.2 254.6 252.1 249.7 245.9 241.7 238.5 235.1 231.2 224.6 217.3 221.8 254.6 257.7 255.5 256.6 260.1 263.4 263.7 258.8 251.8 251 255.3 264.7 273.7 282.7 290 296.4 301.3 307.3 313.1 317.2 319.8 323.8 329 332.4 333.5 332.4 331.4 330.3 329.9 328.5 326.8 324.6 320.6 315.5 309.5 301.4 289.5 276 266 252.2 232.5 215.1 199.6 183.3
257.7 259.5 265.6 271.5 275.2 275.7 274.4 271.7 268.9 269 272.8 273.3 272.5 274.1 278.1 280.4 280.5 277.4 273.7 268.9 265.2 260.6 257.4 255.3 254.3 250.7 247.6 244.2 240.6 236.8 232.8 225.6 216.8 217.5 245.5 244.5 243.1 245.4 250.2 250.9 249.5 246.2 245.1 253.2 262.6 271.1 277 286.3 293.2 299.5 305.5 311.9 318 322.4 325.2 327.9 332 333.8 335.5 334.9 336.1 335.3 334.3 333.3 331.4 328.3 324.6 319 312.2 302.4 286.1 261.3 249.5 241.1 228.6 214.7 192.9 184.8
258.4 263.7 269.5 274.8 277 280 282 280.8 280 280.6 280.7 280.2 278.9 279.2 282.3 284.7 287 282.4 276 270.1 264.1 259.6 256.2 253.7 251.1 249.8 247.2 243.4 240.6 236.9 232.5 224.8 218.1 215.9 233.8 227.7 227.9 229.6 233.8 236.5 238.9 245 255.6 263.9 269.5 276.9 283.4 288.4 297.8 305.2 310.7 317.1 322.7 326.7 329.7 332.4 335.4 337.8 339.3 340.4 341.5 340.5 340.2 339 337.1 333.5 329.3 322.9 316.1 305.9 286.5 254 237.2 222.5 211.8 202.2 189.4 190.5
268.3 272.3 280.9 285.5 288.8 289.3 289.8 289.1 288.3 287.1 285.4 284.6 282.8 282.2 282.9 283.4 284 280 274.4 267.5 261.4 256.4 251.6 247.6 244.7 243.9 242.2 239 237 234.3 229.4 222.9 216.2 216.2 219.8 224.4 230.8 235 235.6 242.1 248.8 256.7 263.6 270.9 277.3 283.3 289.3 294.7 302.5 309.8 316.4 322.2 326.3 330.4 333.9 336.2 340.1 343 344.9 345.9 346.7 346.4 346.6 345 342.3 338 333.6 327.1 320.1 310.1 286.1 262.1 249.2 239.9 221.2 202 196.5 194.2
280.2 288.8 292.2 294.9 295.2 295 294.2 293.6 293 292.2 289.8 287.8 285.8 285.6 286.8 287.5 284.6 278.7 272.7 265.8 259.1 253 247.3 242.1 238.1 237 235.1 233.2 229 227.7 223.5 218.6 214.6 215.9 223.5 229.4 235 239.1 241.8 246.7 254.4 261.9 268.9 275.9 282.6 288.5 294.5 300.4 306.1 313 319.6 325 330.1 334.9 338.2 341.3 343.7 347.2 349.5 351.1 352.1 352.8 352.5 350.6 347.7 342.9 337.7 330.8 323.6 313.7 301.4 288.3 267.7 244.3 222.1 202.9 206.6 200.3
