public/OST50/ST02.asc
ncols 200
nrows 200
xllcorner 300000
yllcorner 120000
cellsize 50
[rows 0 to 34 of 200, columns 0 to 77 of 200]
274.5 266.7 264.4 275.8 279.2 282.1 285 287.5 289.1 290.4 291.4 291.3 290.9 291.8 294.3 296.6 297.5 297.4 296.8 296.4 295.7 294.8 291.5 279.5 284.9 290.6 292.7 292.8 293.7 294.5 295.4 294.5 296.8 296.5 296.1 294.4 293.2 291.6 287.8 289.6 292.3 294.2 295.4 296.3 297 302.2 305.9 309.9 312.8 315.6 317.2 319 319.4 319.3 320 319.6 319.9 320 319.2 317.9 316.2 315 313.3 311.3 309.2 307.8 306.7 305.7 304.5 303.3 301.5 299.2 297.2 295.9 294.3 292.7 291.5 290.8
268.7 263.6 259.9 270 273.5 277.6 280.9 284.2 286.8 288.2 288.6 288.4 288.4 290.5 292.9 294.8 295.3 295.1 294.1 292.7 291.6 290 285.1 273.9 284.5 286.2 286.5 287.7 289.1 289.9 290.7 291 290.2 292.5 290.9 289.7 288.3 286.7 282.6 285.3 286.6 288.8 290 290.2 295.6 300.8 304.4 308 310.8 313.5 315.3 315.9 316.1 316.9 317.6 317.6 317.2 316.7 316.1 315.6 314.7 314.5 313.1 310.5 307.8 305.5 304 302.2 301 299.7 298.1 295.8 293.6 290.8 288.4 286.6 285.1 284.3
266.4 262.3 259.2 268.1 273.7 277.6 281.3 283.9 285.6 286.4 286.1 285.7 287.2 289.8 291.9 293 293.3 292.9 292.2 289.6 286.6 284.6 280.4 272.4 279.8 281.6 281.9 283.7 283.5 284.6 286 286.5 286.9 286.4 285.9 284.8 282.8 281.1 277.9 280.4 281.5 282.3 285 290.6 295.6 299.5 301.4 305.9 308.4 310.9 312.6 313 313.3 313.9 314.2 314.3 313.8 313.1 313.1 313.8 313.2 312.8 311.2 308.7 306 303.4 301 299.1 297.6 296.1 294.3 292.2 289.7 286.1 282.4 273.1 276.4 277.7
265.6 261.5 259.7 270.8 275.6 278.7 280.9 282.9 283.9 284.5 284.3 282.3 286.6 288.8 290.6 291.3 290.8 290.8 289.8 287.7 284.1 280.3 274 267.2 270.5 273.8 274.7 275.5 277.3 278.8 280.3 280.6 281.4 281.6 281.6 280 277.5 276.4 274.2 277 277.2 280.6 285.1 290 294.8 297.8 300.7 303.2 306 308.2 309.7 310.1 310.3 311 310.9 309.7 309.7 309.8 310.4 311.1 310.4 309.5 307.9 305.9 303.2 300.5 297.9 294.9 292.7 291.1 289.5 287.6 284.3 280.6 274.6 264.1 259.2 270.8
264.2 260.1 261.7 269.9 273.9 277 279.4 281.3 282.1 282.4 281.5 280.8 284.9 287 288 288.9 289 288.8 288.2 286.7 284.7 281.9 276 268.7 264.6 265.3 267.6 269 270.7 273.1 275 275.9 276.5 277.1 277 275.9 273.6 272.6 270.6 272.7 277.3 281.6 283.1 288 291.4 295 298.5 301.2 303.5 305.3 306.3 306.7 306.8 307.1 306.7 305.9 305.5 306 306.8 306.7 306.3 305.7 304.3 302.1 299.4 296.7 293.8 290.5 286.5 284.8 283.3 281.1 278.1 274.5 269.3 258.3 254.7 263.1
261.5 258.1 259.9 267 271.3 274.3 276.2 278.1 278.7 278.5 277.7 278.6 281.7 284 285.7 286.6 286.5 286.5 286.3 285.7 284.5 282.3 278.3 272.2 265.9 261.7 261 264.3 266.4 268.8 270 271.1 272.3 272.7 272.6 271.9 270.1 268.6 264.3 271.1 276.4 279.5 281.9 285.8 288.4 292.7 294.6 297.9 300.2 301.7 302.5 302.9 303.3 303.3 303.5 302.9 302.7 302.2 301.8 301.7 301.4 300.4 299.3 297 294.2 291 287.9 284.5 280.8 276.1 275 272.9 270.9 267.3 262.9 250.8 244.9 251.3
259.4 257.1 259.4 264.5 268.5 271.2 272.6 273.5 272.4 273.5 273.9 274.9 278.2 280.7 282.6 283.8 284 284 283.9 284 282.9 281.2 278.1 273.6 268.5 262.7 258.5 257.5 261.9 264.2 265.4 266.5 267.5 268.6 268.4 268.3 266.9 265.3 263.1 268.5 272.4 275.1 278.1 282.3 286.6 289.2 291.3 294.4 296.2 297.7 298.2 298.5 298.6 299.6 300.6 299.9 297.3 296.5 296.8 296.1 295.2 294.3 292.6 290.4 287.3 284.1 280.7 277 272.8 264.4 265.7 263.6 261.4 258.5 255 249 236.2 239.4
257.7 256.3 258.1 261.9 264.5 266.7 267.7 268.6 268.4 269.5 270.5 272.1 274.7 277 279.2 280.1 280.9 281.4 281.6 282.2 281.3 279.8 277.6 274.3 269.8 264.4 258.9 255.3 255.6 259.1 260.8 262.1 263.1 263.8 264.5 264.4 263.4 261.8 262.7 266.6 268.5 270.3 273.8 278.4 282.7 285.7 286.6 288.6 290.7 292.3 293 293.4 294.2 296.2 297.6 297.6 294.9 291.5 288.7 287.7 286.4 286.3 284.7 282.5 279.4 276.1 272.3 268.3 264.2 259.7 254.6 254.3 252 249.3 246.4 241 230.6 229.4
256.3 255 257.6 259.8 261.5 263.1 264.3 265.5 266.3 267.3 268.3 269.6 271.1 273.6 275 275.5 277.8 278.8 279.6 280.3 280.5 279.3 277.4 274.3 270.5 266.6 261.3 256.5 251.9 252.8 255.5 257.6 258.7 259.4 260.1 259.6 258.8 258.2 260.8 263.2 263.4 268.3 272.8 276.8 280.3 282.1 284 285.7 287.4 288.3 289 288.9 291.3 293.2 295.7 296.8 295.1 289.6 284.7 280 277.1 277 275.4 273.5 270.4 266.4 262.7 259.3 255.3 251.4 244.5 244.3 242.6 240.1 237.7 234 226.8 222.8
254.2 255.7 257.8 258.9 259.5 260.7 262.3 263.5 264.5 265.6 266.6 267.6 268.8 270.4 273.1 274.6 275.8 277.7 278.4 279.2 280 278.5 276.5 273.9 270.2 267.1 262.8 257.2 251.9 248.5 250.8 253.1 254.1 255.2 255.7 255.5 255.4 255.7 255 260 262.6 267.5 271.7 275.4 277.5 278.1 280.2 282.1 283.8 284.2 284.9 285.7 288.5 292.3 295.5 296.8 295.9 292 285.2 276.8 266.6 265.7 263.7 261.5 259.5 257.5 254.3 250.6 246.6 240.5 236.9 232.8 232.9 231.7 228.7 225.8 222.6 217.7
252.9 254.7 256 256.8 258.5 259.9 261.8 262.2 263.6 264.4 265.3 266.8 268.4 270 271.8 273.7 276.2 277.8 278.6 279 278.6 277.2 275.1 272.8 269.4 266.4 262.4 257.5 251.5 247.6 247.5 249 250.5 251.6 252.3 252.4 252.8 253.2 257.5 261.9 265.7 268.1 270.9 272.7 273.7 274.8 276.9 278.6 279.6 280.4 281.3 283 287.8 292.2 296 297.6 297 293.8 289.4 283.2 273.9 265.3 258.1 253.1 249.7 245.8 244.7 242 238.7 237.5 234.3 231.2 228.1 227.2 224.4 219.4 219.4 217
254 255.6 257.3 258.7 259.9 261.4 262.7 264.1 265.5 266.4 267.4 268.3 269.8 271.1 272.9 274.8 276.8 278.7 278.5 278.3 277.1 275.4 273 270.3 267.4 264 260.3 256 251.8 247.7 247.1 246.8 247.8 248.4 249.1 249.6 250.7 252.9 257.9 261.5 264.8 267.3 268.8 269.7 270.5 272.1 273.4 275 275.8 276.6 278.1 281.9 287.8 292.3 296.8 298.4 297.5 296.1 292.9 289 283.3 276.2 268.9 263.2 257 249.3 245.2 242.4 239 235.5 232.1 229.6 227.9 225.5 225.1 226.1 227.3 227.7
255.4 257 258.5 259.6 261.8 263.7 265 266 267.4 268.4 268.8 270.9 272.9 274.7 276 277.8 279.6 280.2 279.7 277.7 275.1 273 270.4 267.5 264.2 260.8 257 252.7 249 246.7 246.2 243.6 245.7 246.6 247.5 248.1 250.7 254.3 258.2 260.7 263 264.6 266 266.5 266.7 269.2 270.5 271.1 272.6 274 277.6 282.8 288.9 294 298.1 299.4 300.1 298 295.1 291.9 287.9 283.1 278.6 274.1 268.3 262.2 256.8 253 251 248 244.8 242.5 241.7 243.3 242.9 242.1 241.7 240.6
256.8 258.4 260 261.9 264.1 266.5 268.3 269.3 270.6 270.8 271.6 273.4 276.3 278.3 279.8 280.8 281.8 281.5 279.7 276.7 273.3 268.4 266.2 263.9 260.9 257.2 253.4 250.3 246.7 244.9 244.5 242.9 245.2 246.4 248.7 250.3 253.2 255 257.4 259.7 261.2 262.5 262.9 262.9 263.8 266 267.1 269.2 271.8 275.3 281.2 286.5 292.1 295.6 297 296.7 296.2 295.6 293.7 291.5 288.6 286 282.9 278.6 275.3 271.1 269.2 267.3 264.3 264 263.6 261 258.2 255.9 254.1 252.8 250.6 248.1
258.5 260.3 262.1 264.3 267.8 270.6 272.5 273.8 274.2 274.4 274.8 275.8 279 280.8 282.1 282.1 281.7 279.5 276.5 273.4 269 263 259.5 258.2 256.1 253.4 250 247.7 245.6 242.6 243 242.3 244.4 246.9 248.2 250 251.8 253.5 255.4 257.5 258.1 257.8 259 260.7 262.1 264.3 267.2 270.2 273.2 276.6 281.6 285.1 289.3 291.3 292.3 292.4 292.2 291.5 290.3 287.7 286.5 284.8 283.2 282.2 279.8 277.7 275.8 274.2 273.1 270.6 267.5 265.9 263.4 262.4 260.7 256.9 254.7 252.2
259.9 262.4 264.9 268.4 271.8 274.3 276 277.2 278.2 278.5 279.3 280.1 282 283.6 283 281.4 279.3 275.3 271.5 268.9 264.3 259.7 255 252.2 250.7 248.4 245.9 243.3 241.7 240.7 241.4 243.1 245 247 247.6 248.8 250.3 252.1 254.1 255.7 258.3 260.4 261.7 261.7 263.2 265.2 269.2 272.6 276.6 279.6 283.3 284.7 286.7 287.1 287.4 287.5 287 286.2 283.7 281.8 280.9 279.2 278 278.2 278.3 277 274.6 272.5 270.8 268.3 265 263.9 262 260.7 259.1 257.2 254.9 253.5
261.7 264.2 267 270.3 273.7 276.8 279.3 280.6 281.6 282.5 282.9 283.9 284.7 284.3 283.1 279.7 276 271.9 267 262.9 258.4 254.7 250.7 247 245.2 243.8 241.4 239.3 239.3 241.8 243.4 245 246.9 249 250.6 251.6 253.2 255 256 258.2 259.8 261.7 263.4 263.4 265.3 268.4 273 276.7 280.2 282.2 283.4 284.8 284.7 283.2 282.3 282 281.6 279.1 274.7 273 272.4 271.2 270.7 271.3 272.4 273 271.4 268.6 265.6 263.2 260.4 258.4 256.9 255.8 254.9 253.6 251.7 249.8
263.6 265.7 268.5 270.4 273.2 276.1 279.8 282.8 284.5 285.9 286.8 288.1 288.6 287.7 286.8 284.1 279.8 274.2 268.6 264.2 257.5 251.4 248.4 242.1 239.8 238.4 237 238.3 242.4 244 245.1 246.8 249 251.2 252.7 253.9 256.7 259.2 260.4 261.8 262.8 264 265.1 266.1 268.2 271.3 274.7 278.1 280.6 282.6 283.1 284.4 283 281 276.5 275.3 274.6 272 268.8 263.5 261 261.2 260.9 262.2 264.1 264.7 264 262.5 258.8 255.5 253.8 251.6 249.8 248.9 249 247.4 245.6 243.7
265.9 268.3 270.5 273.1 275.6 278.4 281.2 284.8 287.4 290.2 292.1 293.8 293.1 293.7 293 291.1 288 282.4 277.1 271.8 264.9 257 250.6 243.3 239.4 235.9 237.3 241.6 243.5 245.5 246.6 249 251.5 253.7 256.1 257.6 261 264.5 265.6 265.9 266.2 267.4 267.4 268.3 269.9 272.6 275.2 277.3 279.8 281.5 281.8 282.8 280.9 277.3 272.4 266.9 265.3 263.6 260.1 254.8 253.2 251.1 249.9 250.6 252 253.6 254 253.5 250.8 247.4 245.1 242.2 240.5 239.8 239.4 238.3 236.4 234.9
269 271.1 273.9 276.7 280.2 283 286 289.6 292.6 295.5 297.5 299.6 299.3 299.7 299.4 297.9 295.4 291.4 286.7 281.5 275.2 264.6 252.9 242.4 236.4 236.7 240.2 243.4 245.3 248.1 250.9 253.5 256.3 258.7 261.7 263.8 267.1 270.3 270.8 270.8 270.4 270.7 270.7 271.3 271.7 273.4 275 277.1 278.5 279.7 280.7 279.8 277.2 272.2 266.5 261.7 258.2 254.5 251.6 248.3 244.8 242.7 240.2 240.1 240.2 240.6 241.8 241.6 239.3 235.8 232.7 228.8 227.5 228.1 227.9 226.9 226.6 225
273.6 275.7 281.4 286 289.5 292.3 295.2 297.8 299.3 301.1 303.8 305.4 304.8 306.5 304.9 305.4 303.9 300.3 295.4 288.9 280.5 269.5 249.9 236.7 234.4 239.3 243.7 247.2 252.7 256.8 262.5 267.7 272.7 278.3 281.4 283.2 284.6 284.1 283.6 282.2 279.5 277.4 276 275.6 274.8 274.8 275.5 277.4 278.6 279.5 280.5 278.7 273.8 268.8 265.1 261.6 257.7 253.9 248.9 243.6 236.9 234.3 232 231.5 231.4 231.2 231.1 230.6 228.8 225.8 223.6 220.9 217.9 216.9 215.7 214.7 214.6 213.9
280.1 283.3 289.4 294 297.9 301 304.2 305.6 305 309.1 311.4 312.2 313.8 314.2 314 314 312.7 309.6 304.4 297.7 286 261.2 239.3 234.5 241.3 245.7 253.5 261.4 269.7 274.8 278.7 281.9 285.5 288.5 291.2 295.1 297.6 299.2 300.6 300 296.5 290.7 285.2 282 279.8 278.7 279 278.8 279.8 280.6 281.4 280.1 279.5 276.1 272.7 268.8 265.7 261.4 255.4 248.6 241.6 235.7 230.9 223.9 221.8 222.9 223.5 223.5 221.9 219.2 216.1 213.2 211 209.7 208.5 206.2 205.3 204.5
289.1 286.9 295 299.9 304.3 308.6 311.4 313.1 314.3 316.7 317.4 318.4 320.8 321.6 320.4 320.2 318.9 314.8 305.2 287.5 268.2 248.9 232.6 241.9 250.3 258.5 266.8 272.7 277.1 280.9 285.2 289.5 294.5 299 302.9 306.6 310.2 313.6 313.9 312 309.1 305.9 300.1 293.9 290 285.5 284.5 283.8 283.5 283.4 284.5 282.9 282 278.4 271.8 265 259.4 254.1 248.9 244.4 239.2 235.4 230.9 225.7 221 217.3 216.1 216.2 213.7 210.5 206.2 206.2 204.6 203.5 202.7 201 201.1 197.8
298.4 294.2 298.6 304.8 309.3 313 316.2 318.5 319.9 320.5 321.1 323.1 324.2 324.4 324.2 323 320.6 315.7 296.4 271.1 251 234.5 237.3 246.1 254.5 264.7 273.3 277.8 282.9 288.2 292.8 299.4 305.5 309.4 313 316.6 318.9 320.1 319.6 318.7 317.1 314.8 312.1 309 305.9 301.8 297.6 293.4 291.6 290.8 289.3 288 285.2 280.5 276.1 269.3 261.1 252.8 245.3 239.5 235 230.7 227.3 224.1 220.7 217 216 213.5 213.1 212.3 212 211.1 209.7 208.5 207.3 205.5 205 203.5
305.8 303.7 300.4 308.6 313 316.3 318.7 320.8 323.3 324 324.7 324.9 325.4 325.2 324.2 322.4 319.5 313.4 283.5 258.2 236.6 234.8 242.5 250.5 259.2 270.3 277.2 283.7 290.1 294.4 299.3 306.3 310.9 314.8 318 320.7 322 322.2 321.8 321.5 320.8 319.6 317.9 316 315.7 315.2 314.3 311.4 309.3 307.8 305.7 301.9 297.2 289.8 282.5 275.2 266.5 256.9 248 241 235.3 230.9 226.6 223.8 221 219.7 219.7 218.6 217.9 217.2 215.9 214.6 213.2 212.6 210.7 209 207.8 206.7
313 312.2 306.8 312.5 316.6 319.7 322.6 324.8 325.5 325.7 325.6 325.3 324.7 323.7 322.4 320.3 317 305.1 274.2 247.5 232.3 238.3 246.4 255.3 267.1 275.5 282.1 287.7 293.4 298.3 304 309.8 313.9 316.4 318.1 319.8 320.3 320.4 321.4 321.3 321.2 321 320.6 320.6 321.3 322.1 322.4 322.1 320.2 319.6 318.7 315.2 309.8 301.4 290.7 281.8 273.8 262.9 252.4 245.1 239.6 234.8 230.9 228.3 225.7 224.1 223.4 222.2 221.4 220.6 219.6 218.3 216.1 215.7 214.3 212.6 210.6 210
318.9 317.4 313.1 314 318.7 322.1 324.5 325.4 325.6 325.4 324.9 323.9 323.1 321.8 319.6 316.9 313.3 299.8 268.8 241.5 229.9 238.6 250.6 262 270.9 278.1 284.4 290.1 295.4 301.8 305.4 308.8 312.5 313.8 315.1 316.1 316.8 317.5 318.5 319.5 320.4 321.4 321.8 323 323.8 324.6 325.4 325.1 324.6 324.5 324.2 322.1 317 309.3 300.5 292.3 282.2 269 260.7 253 246.8 239.3 235.4 232.8 230.3 228.5 227.4 226.2 224.9 223.9 223 221.9 220.4 220.1 219.3 218.3 216.8 216.1
323.9 322.5 318.8 317.2 320.4 322.2 324.3 324.6 324.2 323.7 322.9 321.5 320.2 318.3 315.4 312.1 307.6 295.7 266.6 238.9 229.7 240.5 253.5 264.3 272.7 280 286.2 291.6 296.9 301.5 304.8 307.2 308.8 309.7 310.9 311.4 311.9 312.9 314.2 315.5 317.3 318.5 320.5 322.1 323.8 324.9 325.8 326.4 326.2 326.1 325.8 323.5 320.5 315.3 307.4 301.6 289.9 280.8 275.5 268.7 260.7 253.1 247.7 242.7 238.3 235.3 233.5 231.6 231.2 230.6 228.7 227.7 226.5 226.3 225 224.9 224.5 223
327.4 325.9 323.6 320.8 322.1 323.3 323.5 323.2 322.1 321.1 320 318.4 316.5 314.2 309.9 303.4 298.2 291.2 266.8 239.3 229.7 236.4 249.2 263.8 274 281.4 287.5 292.6 296.9 299.9 301 301.8 302.8 303.4 303.7 304.9 306.6 308 309.3 311 313.7 316.6 319 321.1 323.1 324.5 325.5 326.3 326.2 325.8 325.4 324.2 322 318.4 313 305.7 298.7 294.4 291.2 285.2 282 275.6 269.2 263.3 256.5 252.5 247.6 243.8 242.6 241.7 240.2 238.9 238.6 238.4 238.5 239.1 239.3 239
329.9 328.1 325.7 324.1 323.3 323.2 322.6 320.9 319.7 317.8 315.7 314.3 312.1 309.4 306 300.7 292.3 274.9 257.4 239.1 225.3 230.3 244 259.7 271.6 280.3 287.1 292.1 295.5 297.3 297.7 296.7 296 296.6 298.1 299 300.4 302 304.9 308.6 312 315.2 318.1 320.2 322.1 323.8 324.8 325.1 324.8 324.8 324.4 323.5 321.9 319.5 315.6 311.1 307 304.8 302.8 300 296.6 294.8 291.9 286.7 281.6 276.2 271.4 267.6 264.5 262.2 261.1 259.5 258.6 258.5 258.6 258.8 261.8 262.9
331.6 329.7 327.2 325.5 324 323.5 321.2 318.5 316.6 314.1 311.9 309.7 307.5 304.7 301.8 297.9 291.9 280.8 266.2 251.4 232.3 225.3 235.1 251.3 265.8 277.6 285.9 291.1 293.4 295.2 293.7 291.7 290.6 291.4 293.4 295.4 300.6 305.8 308.9 310.3 313 315.2 317.7 319.3 321.2 322.7 323.4 323.6 323.5 323.3 322.8 321.7 320.5 318.6 317.3 315.4 312.9 311.8 310.9 309.4 307.2 306.1 304.6 305.4 304 303.4 300.6 296.5 290.6 287.7 285.4 285.5 287.7 286.6 286.5 286.4 287.9 289.4
332.6 331.3 329.5 327.5 325.4 322.6 320.4 314 310.3 308.3 306.8 304.6 302.3 300.1 297.5 293.9 289.4 283.3 275.5 257.1 237.2 225.3 233.7 251.5 266.2 277.7 285.4 290.1 292 291.5 288.8 285.5 285 291.1 297.5 302.4 306.2 308.9 311.3 312.9 314 316.1 317.6 319.2 320.3 320.9 321.4 321.5 321.5 321 320.2 319.4 318.7 318.1 317.6 316.7 315.8 315.1 315 314.8 314.6 314.5 313.8 313 314.3 315.7 316.2 316.5 315.3 314.7 312.9 311.6 312.7 312.9 313.4 312.9 311.9 310.3
333.8 332.3 330.7 329.2 324.7 323 319.4 315.6 309.4 299.4 296.5 295.3 291.1 289.4 287.9 286 283.4 279.9 273.9 256.8 236.7 225.3 235 255.6 271.7 280.3 286.3 289.3 290.2 288.9 283.3 284.2 293.2 298 301.8 305.3 308 310.2 312 313.3 314.7 315.6 316.6 317.6 318.3 318.9 319.1 319.2 318.8 317.9 317.2 316.6 316.3 315.9 316.3 316.5 316.2 316.5 316.5 317.6 318.1 318.6 318.6 319.4 319.9 321.2 322.9 325.1 325.3 324.9 325.5 325.9 325.8 325.4 323.6 321 319.1 317.4
334.4 332.7 330.8 329 325 324.1 321.1 318.4 314.3 307.2 295.5 282 274.5 272.4 276.5 277.1 275.5 272.5 268.6 251.3 233.8 225.3 238.3 258.3 274.8 282.6 286.7 288.1 287.6 284.7 275.9 285.3 295.8 300.8 303.8 306.5 308.9 310.4 311.6 312.6 313.1 314.1 314.6 315.3 315.8 316.3 316.7 316.6 315.7 315 314.4 313.9 313.7 313.7 313.7 314.3 314.8 315.7 316.2 317.6 318.3 320 321.1 322.1 322.9 325.5 327.8 329.1 330.9 331.9 332.8 333.6 333.5 332.4 330.4 327.3 324.8 322.9
333.1 331.8 330.2 328.1 326.9 325.5 322.6 319.8 316.6 312.1 304.8 296.3 287.5 274.7 257.2 258 255.2 253.9 247.8 234.4 225.3 228.8 248.5 266.1 276.8 282.5 285.1 285.1 283.7 279.8 272.9 287 296.5 301.9 305.1 307.4 308.9 310.1 310.6 310.9 311.3 311.8 312 312.6 312.9 313.1 313.5 313.5 312.6 311.5 310.6 309.9 309.5 309.3 309.4 310.7 312 313.8 315.5 317 318.2 319.6 321 323.2 325.1 327.5 329.8 332.4 333.9 335.1 336.9 337.7 337.3 336.3 334.5 332.1 329.3 326.7
