public/OST50/ST02.asc
ncols 200
nrows 200
xllcorner 300000
yllcorner 120000
cellsize 50
[rows 70 to 104 of 200, columns 0 to 77 of 200]
239.9 222 208.3 198.7 194.4 191.3 190.1 188.8 188.2 186.7 181.7 173.7 168.2 168.4 168.1 171.4 176.5 171.2 169.4 170.7 173.9 178 181.1 182.8 182.4 184.1 184.9 186.3 188.1 190.1 192.9 195 200.1 207.5 220.5 233.6 242.5 248.3 251.7 255.2 257.5 259.5 260.5 258 247.8 229.2 216.7 230.7 246.4 250.8 240.7 215.1 198.1 209.2 228.2 240.3 248.2 253.9 256.6 256.1 255 251.8 248.2 245.8 245.1 242.5 241.2 240.3 246.1 253.8 260.7 266.2 270.6 274.2 274.6 274 273.4 272.7
238.3 223.1 214.7 209 209.5 209 207.2 205.2 205.4 202.2 198.3 191.2 182 172.3 166.7 166.4 174.8 167.6 168 176.4 188.6 195 198 196.9 194.3 194.6 194.7 195 196.4 196.8 197.9 200.3 206.9 217.7 228.4 236.8 241.8 244.8 245.6 247.4 249.3 250.7 252.8 251.4 247.1 233.2 211 216.9 231.9 240 231.6 207.6 194.6 211.8 227.8 236.8 242.4 246.4 248.3 248.1 245.3 239.6 232.8 229.4 229.8 228.9 236.8 247.4 254.9 260.1 265.6 268.7 272.6 272.9 269.8 267.4 265.7 263.9
254.2 242.2 233.1 230.3 229.9 227.7 226.8 227.5 225.2 222.7 219.8 214.2 204.3 192.4 177.9 166.3 165 165.7 175.7 195.3 207.1 214.6 217.9 218 215.3 212.5 210.6 210.5 212.2 213.7 213.1 213.6 214.4 220.5 231 238.5 241.1 240.6 239.2 240.5 242.9 243.6 242.9 240.1 237.8 231.4 211.8 204.2 218.2 229.7 223.7 200.3 196.7 210.8 222.5 229.4 233.8 236.1 238.1 237.7 234.9 228.3 218.7 222.1 227.9 236.2 246.7 253.6 260.4 264.3 267.3 267.2 267.1 264.8 260.5 258 256 254.2
270.9 262.5 255.3 251.2 249.6 248.9 247 244.8 243.5 241.5 237.9 233 222.4 209.7 196.5 179.8 164.5 170 185.5 200 214.8 226.1 232.5 234.7 235.4 234 232.2 231.7 231.4 232 231.6 233 233 234.9 237.5 239.4 238.2 235.1 230.5 230.9 234.3 234.3 232.4 229.6 226.8 221.9 210.4 195.8 207.7 218.9 217.4 197.9 192.1 198.9 208.2 214.9 219.8 222.5 224.7 225.3 224.1 217.8 216.3 226.1 230.6 237.4 243.5 251 257.8 261.2 263.2 261.7 259.7 256.8 252.2 248.4 245.8 243.1
281.3 276.8 272.7 269.8 267.3 266.3 265 261.7 258.2 255.3 250 243.3 234.1 222.5 207.7 186.8 164.4 165.1 178.9 195.9 214.5 231 239.9 245.6 247.6 248.1 247.3 244.3 243.1 241.4 240.2 240.9 241.7 241.9 241.2 238.9 234.7 229.9 220.9 222.5 226.1 224.3 220.6 215.3 213.1 211 206.9 192.1 202.5 212.3 211.4 207.3 191.8 190.1 196 196.4 200.3 203.2 208.5 211.5 211.7 207.7 212.2 220.7 224.8 228.2 232.1 238.9 249.2 254.7 258.2 256.9 253.8 248.9 243.3 237.2 234.1 230.7
286.6 282.9 281 278.7 276.6 275.7 273.3 270.8 267.3 264 261.6 254.5 245.4 234 213.9 190.4 165.5 163.7 175 193.2 213.3 232.4 244.8 253.3 255.3 254.2 250.8 246.7 243.5 240.8 242.3 243.7 243.9 243 240.3 237.3 233.2 227 215.9 213.9 219.1 217.9 210.9 204.2 200.1 199.5 197.4 188.8 197.3 201.2 201.7 201.8 199.5 188.4 188.8 191.1 193.2 196 200 203.8 206.4 204.5 208.5 213.1 215.9 219.1 223.3 228.3 239.3 247.9 252.7 253.5 248.8 243 236.1 231.3 226.5 222.5
289 287.4 286.9 285.5 283.7 281 278.9 276.7 273.9 270 266.6 259 248.8 232.7 211.1 189.9 164.9 163.3 174.4 194.2 214.3 233.9 247 254.5 256.9 254.2 249.3 244.4 237.8 237.9 242.1 245.3 245.6 243.2 240 236.6 232.8 227.6 219.1 203.6 213.9 213.9 208.1 199.2 192 189.1 186.7 184.5 183.1 187.7 188.9 191.3 191.1 186.3 186.4 194.6 199.4 200.1 200.3 203.5 203.7 206.9 209.7 213.7 218.3 223.7 228.8 233.1 237.9 243.5 249.6 252.8 250.1 245.3 241.7 237.7 233.1 228.6
289.2 288.1 287.8 288.4 287.5 285.1 283.1 280.9 277.5 272.4 265 255.6 242.3 220.9 202.4 183.5 161.6 163.1 179 199.2 219.4 238.2 249.3 254.9 255 251.3 246.2 238.8 231.2 234.9 239.8 242.8 243.3 241.5 238.4 235.2 231.7 226.6 217.9 202.1 208.6 212.3 204.5 194.9 186 182.9 180.9 179.9 180.4 180.5 180.8 181.8 183 183 188.5 200 208.3 213.1 214.4 215.6 216.4 216.7 220 225.9 231.4 237 238.7 247 249.9 253 255.5 256.2 256.2 256.2 253.9 251.6 247.8 243.1
286.9 284.8 286.4 287.3 288 286.9 285.3 281.5 276 269 260 248.9 229.1 207.3 191.5 172.2 160.2 166.5 187.4 209.9 228.3 242.2 249.6 250.7 249.5 246 240.7 233 222.2 229.4 235.5 237.3 237.5 236 233.9 231.5 228.3 223 212.4 196.4 203.6 205.6 196.3 184.8 178.3 175.4 176.4 178.2 178.2 182.6 184.3 185.5 186.2 185.1 191.1 207.4 219.7 227.7 231 235.1 234.6 233.8 234.5 241.8 247.4 251.3 255.1 258.9 261.9 263.7 264.9 266.5 268.4 268.2 268.1 267.1 265.5 262.7
283.4 281.1 283 284.5 285 284.8 283.4 279.5 272.8 265.1 255.1 238.2 217.5 196.7 178.6 163.4 159.4 176.4 199.6 217.4 232.2 241.5 243.4 243.8 242.3 239.3 234.7 226.8 215.1 222.9 227.2 228.3 227.9 226.1 224.8 224.1 220.7 216.7 202.9 189.7 201.9 198.3 186.4 175.6 174.7 179.2 187.8 192.7 196.1 196.5 197.1 197.7 200.3 194.3 187.2 205.4 223.9 237 244.6 249.1 249.6 250.8 250.4 254.6 258.6 261.5 264.2 268 269.8 271.6 272.5 274.2 275.4 275.7 276.3 276.6 277.4 277.3
279.1 274.1 274.6 276.3 278.8 280.5 280.4 277.5 271.7 262.9 252.8 239.8 223.3 201.2 179.1 159.4 165.3 183.3 200.6 215.2 226 231.2 232.2 231.6 229.8 227.2 224.2 217.9 204.7 211.4 214 214.5 212.9 211.7 210.6 208 205 202 192.8 187.7 195.6 189.3 175.5 173.9 182.5 193.4 203.3 211.2 212.3 214.6 217.4 215.5 214.5 204.8 191.8 197.7 217.1 235.4 250.6 257.6 258.7 259.2 260 263.1 266.1 268.2 270.7 273.4 275.5 276.7 277.1 276.9 278.7 279.5 281.4 283.3 284.8 285.2
276 266.5 264.6 268 271.8 274.5 276.4 275.9 271 263 252 236.1 223.3 201.4 179 158.7 161 170.9 182.7 197.2 209.8 216.4 216.7 215.3 212.5 209.5 206.6 203.1 193 196.3 197.2 196.8 197.1 196.3 193.6 193.5 192.5 189.3 184.6 179.4 182.4 178 172.7 176.3 182.9 195.5 208.5 216.8 226.2 230.2 232.8 231.1 228 216.9 198 193.6 210.2 228.3 246.7 255.6 259 263.2 265.4 267.1 269.1 271.4 273.8 276.1 277.4 277.8 277.7 278 278.9 280.6 283 285.4 287.1 288.3
273.4 261.7 254.8 260 264 267.7 271.5 273.6 271.2 263.5 252.7 238.7 217.7 195.9 179.5 163.8 157.4 160.4 170.1 181 190.7 197.1 199.4 198.7 196.4 194.2 191.4 188.7 181.3 179.7 180.4 179.8 179.8 180.2 179.9 180.1 179.7 178 175.4 172.6 171.7 171.5 179.4 186.8 187.6 189.9 202.8 216 228.7 238.2 242.8 242.9 238.4 226.9 206.7 193 204.4 220.9 238.7 248 254.4 260.2 264.5 267.3 269.9 272.1 273.9 275.2 276.6 276.9 276.7 275.9 276.6 279.7 282.6 285.3 287.5 289.4
271.6 260.2 243.2 247.7 255.7 261.8 266.9 270.1 271 265.9 257 243.7 225 199.2 182.7 165.9 157.3 156.8 158.6 167.2 175.1 178.1 179.7 179.2 178.5 177.4 176.7 173.3 170.7 170.4 169.5 169.9 169.2 169.2 169.4 169.3 169.3 168.9 169 169.7 173.7 181 189.3 195.9 199 193.3 198.2 212 225.8 238.2 247.8 248.7 244 233.4 213.5 197.7 202 217.1 232.5 242.7 249.6 255.7 260.3 263.8 266.6 268.6 270.9 272.6 274.1 274.3 274.1 271.1 273.4 276.5 280 283.7 287.4 289.3
270.9 263.1 247 235.5 243.3 253.5 260.1 264.4 267.2 266.6 260.3 250.2 232.3 208.3 191 176.2 162.8 155.6 156.1 157 160.8 164.3 164.4 164.5 164.4 163.7 162 163.5 163.2 162.8 162.3 162.7 164.2 163.8 164.6 167.2 167.5 170.3 173.6 177.6 180.8 187.6 194.5 200.9 204.8 202.4 198.8 211.7 226.6 238.9 248.5 251.3 247.9 238.8 219.9 203.6 202.2 212.1 223.4 229.2 235.7 244.2 253.2 258.8 261.8 263.4 265.9 268.9 270.6 271.2 270.8 266.5 270.2 272.1 276.8 281.8 286.2 288.6
268.5 264.2 251.7 232.2 231.7 239.8 248.8 255.7 260.3 262.4 259 252.1 240.7 222.1 204.8 190.8 176.2 162.2 155 155.1 156.2 156.7 157.2 157.6 156.6 157.8 157.5 159.5 160.1 160.6 161.4 163 166.7 169.4 172.2 175.2 179.3 182.6 186.9 190.8 192.9 195.8 201.7 208.8 213.7 214.2 206.6 212.9 228 241.6 251.5 255.4 253.4 245.6 227.7 211.4 205.9 207 209.3 215.6 220.8 230.6 243.3 252.3 254.3 255.6 258.9 263.9 266 266.7 265.6 259.8 265.1 273.8 279.5 283.2 286.5 288.5
262.7 262.6 255.9 235.7 219.5 225.6 231.6 241.5 251 256.7 257.1 254.6 249 238.5 221.8 204.6 192 177.8 161.5 153.6 153.9 153.7 155.3 158.7 160.1 162.1 164.1 166.8 169.1 170.9 173.3 176.4 179.6 183.3 187 191.1 195.6 199.5 204.3 207.7 209.5 210.8 216.3 224.4 231.1 232 220.8 214.9 231.9 245.6 255.8 260.5 261 252.3 239.3 223.1 215.3 213.2 213.9 213.9 214.5 219.5 229.3 242.5 245.1 246.8 252 256.2 258.3 257.6 254.9 257.1 267.8 277.8 283.4 287.7 288.3 289.4
254.4 255.9 253.9 243.4 225.3 213.5 212 221 237.9 248.7 252.6 254.4 252.3 245.4 235.1 224.3 208 190.9 172.2 154.1 154.6 165.8 169.4 171.2 172.4 174.7 178.8 183.8 187.2 187.9 188.4 192.6 196.7 201.5 205.6 210.1 213.5 218.5 222.3 225.8 227.7 229.1 234.3 239.2 242.5 242.3 233.7 227.1 239.4 252.1 262.4 267 266.4 260.3 252.4 240.8 232.4 228.8 226.7 223.4 221.6 220.2 221.4 231.2 233.3 234.1 239.3 244.4 245.9 250.4 256.8 265.2 275.6 281.5 286 288.6 290.1 289.9
243.5 245.2 245 243.6 237.4 220.9 204.2 207.6 223.3 237.1 244.9 249.6 248 243.1 235.5 225.7 206.8 184.7 164 151.9 162.5 182.4 190.7 193.2 192.6 192.1 194.1 199.5 205.1 205.8 207.3 211 216.7 221 226.4 230.9 234.5 238.6 241.8 242.4 243.8 243.3 245.3 248.2 250.3 250 246 242.2 249.3 259 266.7 271.2 271.3 269 264.7 257.8 251.7 249.8 246.7 241.5 235.2 228.6 224 225.5 231.5 236.2 239.7 243.7 252.9 263.1 271.4 279.7 282.1 284.9 287.5 289.4 290.9 290.6
230.5 233.4 234.5 234.8 232.3 222.5 199.2 196.2 209.2 222.5 233 236.5 235.6 232.9 227.6 215.3 193.4 175 154.8 155.9 174.6 195.4 209.2 214.7 214.9 212.6 211.9 214.5 219.2 223.3 223.7 228.2 232.6 236.6 239.9 243.3 245.7 247.9 249.4 250.5 250.6 251.2 253.1 255.5 257.3 258 257.6 254 255.7 262.8 269.8 273.5 274.6 273.4 271.3 270.2 270.7 269.6 267.2 261.2 254.4 246.6 236 232.1 245.8 252.4 255.6 259.9 266.1 273 278.5 281.7 284.3 286.2 288.7 290.2 290.9 290.4
214.5 217.6 221 223.8 222.6 214.1 191.6 187.6 192.7 201.8 214.7 221.3 223.5 221.2 216.1 200.6 180.9 164.5 150.1 164.2 182.9 200.8 218.3 230.9 232.9 231.2 230.4 231.1 235.6 238.1 238 238 239.3 241.3 244.3 245.6 248 250.4 253.4 256.6 257.4 257.1 258.8 261.9 264.4 266.5 266.9 265.1 264.4 268 271.3 273.6 275 275.8 276.8 276.5 277.5 276.6 274.4 271.8 269.1 263.2 252.4 236.3 251.9 259 263.8 269.1 272.8 275.8 279.1 281.8 284.4 287 288.7 289.7 289.7 288.9
200.5 205.2 211.1 214.7 214.8 209.7 191.3 181.3 182.2 190.1 200.6 209.6 212.4 210.4 204.2 188.2 171.8 154.9 153.4 170.6 188.7 206.1 224.3 235.8 240.5 243 245 243.2 242.4 242.4 240.3 237.9 236.8 238.3 239.3 241.1 244.2 248.2 253.5 255.5 258.1 260.6 261.2 264 267.9 270.5 271.3 270.5 269 269.8 270.5 271.7 273.1 275.1 277 278.4 279.8 281 280.3 278.5 275.5 272.7 265.5 249.1 253.3 261.7 267 270.2 273 275.9 278.9 281.7 284.3 286.3 287.6 288.2 287.9 287
192.6 198.4 204.4 208 208.5 206.2 197 179.8 175.7 181.3 192.4 201.5 203.4 201.7 194.4 177.7 161.4 150 159.9 177.3 194.7 210.5 222.7 230.9 235.7 238.7 239.5 238.7 237.2 235.7 233.2 230.4 228 227.7 230.2 232.9 237.3 242.5 246.1 246.7 248.3 250.4 252.4 257.4 262.3 265.5 267.3 267.4 265.7 265.9 266.3 266.8 268.6 271.5 274 276.2 278.7 281.3 281.6 281 279.4 276.9 272.6 264.9 256.5 254.8 263.3 267.2 271.2 275.1 278.6 280.8 283 284.7 285.7 286 286 285
185.6 192.8 197.9 200.6 200.3 200.3 197.1 188.4 171.7 170.8 182.6 191.9 193 189.3 181.6 167.5 151.4 151.9 166.4 181.2 196.2 207.1 213.1 218.2 220.6 221.7 223.2 225.1 224.5 223.7 221.8 219.2 216.5 216.2 219 223.2 228.2 229.9 233.1 235.7 237.3 239 242.4 247.4 251.6 255 257.6 258.5 257.5 256 256.1 258.8 262 265.4 268.5 271.1 274 276.1 278.1 281 280.3 280.3 277.6 275.3 272.9 268.4 265.6 267.4 270.7 274.2 277.7 279.8 281.5 282.6 283.1 283.2 283.4 282.1
179.7 186.2 191.2 192.5 193 194.2 191.6 189.1 181.6 170.3 171.3 181.9 182.2 178.8 171 158.2 148.7 154.4 167.4 178.9 190.2 199.2 202.7 202.5 203.9 206.9 208 208.1 206.7 204.8 204 203.3 202.3 204.3 207.6 212.4 215.9 216.5 219 224.7 225.6 227.2 230.1 235.2 239.6 243.4 246 246.1 244.8 244.1 246.1 249.6 253.7 257.2 260.7 264.1 267.5 270.1 274.1 277.4 278.6 279.1 278.6 276.9 276.7 273.9 272.4 271.9 272.2 274.4 276.7 278.2 279.6 280.7 280.7 280.9 281 280.2
174.2 180.2 184.4 185.8 185.9 185.6 185.8 184.5 181.4 173.1 162.7 170.3 170.8 168.7 162.6 149.9 148.7 151.3 160.9 170 179.4 187.7 192.2 192.7 194.4 196.9 198.5 198.1 196.2 195.1 194 193.6 193.7 195 196.9 200.8 205.2 210.7 215.5 215.3 214.4 216.2 217.4 221.8 226 228.8 229.8 230.5 231.7 233.8 236.6 239.6 243.4 248 251.3 255.2 258.6 263.1 267.5 269.6 271 271.9 272.7 273.6 274 273.5 272.9 273.1 273.2 273.8 275.1 276.1 277.1 278.2 278.4 278.3 278.4 277.7
170.1 175.2 178.3 179.2 179.2 179.6 179.4 179.6 177.7 174.1 166.1 159.1 160 160.2 156.6 149.3 146.9 148.6 151.6 158.3 167.6 176.5 181.1 184.1 187.9 190.8 192.5 191.9 190.2 189.6 189.5 188.3 187.6 189.6 191.3 193.8 197.2 202.1 205.9 205.8 203.8 204.5 206 209.9 213.9 216.6 216.8 217.2 218.8 222.9 225.4 228.4 232.5 237.5 241.6 246 249.9 254.1 257.4 259.8 261.9 262.9 264.3 265.9 266.8 266.4 268.1 269.7 270.3 270.3 271 271.5 272.6 273.4 273.4 273.9 273.8 274.6
166.5 170.9 172.9 173.1 173.4 173.9 173.5 174.7 173.9 171.8 169 162.8 155.8 153.9 152.6 149.7 145 146 148.1 151.5 158.1 164.6 168.7 178 182.4 185.6 187 186.4 185.3 184.8 184.9 182.9 183.1 184.8 186.7 189.2 191.6 194.4 198.4 198.8 197.1 197.2 197.4 200.8 203.6 204.5 204.5 205.6 208.3 211.6 214.8 218 222 226.4 231.6 235.2 238.3 242.7 247.6 251 251.3 251.4 253.2 255 257 259.4 261.5 263 263.3 263.6 263.4 263.9 266 265.6 266.8 267.4 267 268.9
164.1 166.5 167.6 167.4 168.6 168.1 169.1 169.8 169.6 169 167.4 165 161.2 156.6 155.4 152.1 147.6 144.4 144.4 148.5 153.4 159.3 167.3 171.6 174.6 178.4 181.5 181.3 180.2 179.9 179.9 178.4 179.4 180.9 182.3 184.8 187.7 190.3 192.4 192.3 190.8 190 191.4 192.8 194.8 195.5 195.5 196.5 199.3 203.7 205.9 207.9 210.8 214.4 218.9 223 228.1 232.9 236.6 239.4 241.9 243.4 243.8 244.5 245.8 247.8 251 253 251.6 252.1 251.7 253.7 255.5 257 258.2 258 259.8 261.3
159.6 161.5 162.8 162.8 163.8 163.2 164.8 165.1 165.3 165.4 164 163.2 161.4 159.5 158 155.6 147.5 146.3 143.5 145.4 150.8 156.1 162.5 167.3 170.6 174.4 176.2 176.2 175.1 175.5 175.2 173.7 173.6 175.8 178.6 181 183.3 185.3 186.5 186.3 185.5 185.2 186.5 187.8 189.1 189 189.3 190.4 192.4 195.2 197.5 200.1 202.7 205.6 211.4 217.5 222.8 225.9 226.9 226.6 227.2 226.9 227.4 228 231.9 234.4 236 236.9 237.5 239.4 242.7 244.7 247.1 247.4 247.8 250 253.1 254
155.5 156.8 157.2 157.9 158.3 158.7 160.1 160.4 160.6 160.9 161.3 160.8 160.5 158.9 157.7 156.4 150.9 146.1 143.1 144.6 147.3 152.3 157.7 162.5 167.3 170.7 171.7 171.8 171.4 171.5 171.5 170 170.1 171.9 175 177.3 179.3 179.9 181.7 181.4 180.1 181.1 182.6 183.8 184.4 184.6 183.5 185.9 187.7 190.5 192.1 194.8 196.6 198.9 202.6 206.7 209 210.9 210.6 211.4 213 213.8 215.4 217.4 220 223.5 225.3 226.1 229.9 234.7 237.6 238.8 241 240.2 240.9 244 246.7 246.3
152.2 152.9 153.2 154 153.9 155 155.8 156.2 156.5 156.7 158 157.8 157.5 157.2 156 155.3 152.8 146.1 144.4 142.2 144.3 149.1 154.4 159.7 164 166.1 166.8 167.3 167.1 167.6 167.6 164.6 165.4 168.3 170.6 173.4 174.4 175.1 176 176.6 174.3 177.2 178.7 180 180.6 180.8 180.2 182.1 184.7 186.3 188.2 189.8 190.7 193.2 194.8 195.4 198.2 200.1 201.7 203.8 205.9 206.6 207.9 211.7 215.1 218.5 219.8 220.2 227.1 231.7 233.3 232.4 233.2 230.6 230.4 234.6 237.4 237.2
148.2 148.7 149 151 150.8 151.8 152.2 153 153.9 155.1 155.9 155.9 155.6 154.6 154.2 153.4 151.6 148.2 145.1 143.4 142.6 148 151.8 155.8 159.1 161.6 161.8 162.8 164 164 163.9 160.5 163 165.5 167.7 169 170.8 170.3 171.5 171.1 172.5 173.7 174.8 175.8 176.7 176.6 177.4 178.8 180.8 182.5 184.3 185.9 187.7 188.7 189.6 191.5 193.1 195.3 197.2 199 201.1 202.8 204.6 207.7 210.8 213.8 214 217.3 223.1 226.4 226.3 224.4 222 222 223.3 225.8 226.4 226.5
145 145.4 146.3 148.3 148.4 149.7 149.6 151.6 153 154.5 156.4 155.8 156 155.2 153.7 152.6 151 148.1 144.7 142.9 140.8 144.2 148.3 151.4 154.5 156 157.7 159.3 160 159.9 159.4 157.1 159.3 162.2 163.3 165 166.5 167 167.9 166.8 168.5 169.8 170.8 172.2 172.8 172.5 173.4 175.4 177 179.1 180.4 181.8 183.9 184.3 186.9 188.5 190.1 191.7 193.4 195 196.9 198.6 201.1 204.4 207 208.8 208.9 213.1 217.7 220.5 220.2 218.6 215.6 215.7 217.3 219.7 220.3 219.2
142.7 144.6 146.9 148.5 148.9 150.4 152.4 153.7 154.9 155.9 156.4 156.1 155.9 154.7 153.4 151.9 150 147.9 145.1 142.9 141.1 143 145.8 148.8 151.2 154 156.1 157.3 157.7 157 155.3 153.3 155.4 158.4 159.8 161.2 162.3 163.6 164.2 164.2 163.5 165.3 166.8 167.7 168.4 168.3 168.9 172.1 173.8 175.6 176.9 178.4 179.3 181.2 183.6 185.4 187 188.8 189.5 190.5 193.4 195 197.7 199.9 202.2 203.7 205.1 209.2 212.6 214.9 215.3 214.5 211.7 210.5 212.1 213.5 214.7 213.6
