public/OST50/ST03.asc
ncols 200
nrows 200
xllcorner 300000
yllcorner 130000
cellsize 50
[rows 105 to 139 of 200, columns 0 to 77 of 200]
392.2 391.8 391.1 389.1 385.8 387.9 391.9 395.4 395.3 400 401.4 402.1 402.3 402.2 402.4 402.7 403.4 403.8 404.7 404.9 404.3 404.1 403.4 401.7 399.3 396.7 394.6 392.1 388.5 384.4 379.6 372.3 376.4 379.9 381.7 383.1 383.4 382.9 381.6 379.6 377.4 374.2 370.9 367 362 356.4 349.6 338.1 329.3 317.7 308.6 315.8 310.3 323.8 330.6 333.9 335.3 335.6 334.4 330.8 326.5 320.9 311.5 288.6 261 288.9 300.1 311.7 318 323 327.1 330.2 328.9 339.9 344.4 347.2 350.1 352.3
390.3 389.8 388.5 386.7 383.5 386.3 389 392.2 394 396.7 397.5 397.3 398.7 398.7 399.2 400.2 401.8 403.3 405.1 405.7 406.4 406.1 405.2 404.1 402 400.2 398.7 395.8 391.7 387.3 382.9 378.8 379.9 383.6 385.1 386.3 386.4 385.8 384 381.8 379.6 376.4 373.1 369.6 365.5 359.6 352.2 337.8 329.8 324.8 331.3 331.7 325.4 326.9 334.6 338.4 340.1 340 338.8 336.9 335.3 330.2 322.9 299.7 280.4 297.6 314 323.1 328.8 332.9 336.1 337.7 339.2 336.2 346.6 350.2 352.6 354.7
387.9 387 385.5 383.4 381 385.2 387.1 388.4 390.2 392.4 393.5 394.1 394.3 394.5 396.6 397.8 400 402.3 404.4 406.4 407.8 407.6 406.9 405.8 404.4 402.9 401.4 398.3 394 390.1 386.2 384.1 385.6 387.3 387.9 388.4 388.1 387.3 385.7 383.4 381.4 378.6 375.4 372.4 368.6 363.8 357.6 348.9 346.6 343.8 343.1 341.3 337 331.5 338.6 342.8 344.6 344.5 343.4 342.5 340.9 337.3 330 319.9 305.2 312.5 320.5 331.8 336.2 339.1 341.5 343.7 345.4 343.2 347.5 351.5 353.6 355.5
384.8 383.8 381.7 377.9 381.7 383.1 383.2 384.6 386.5 388.4 389.3 389.8 390.1 390.4 392.6 395.6 398.6 401 403.5 405.5 407.2 407.8 407.7 406.8 406 404.9 403.2 399.3 397.3 393.2 391.1 390.1 390 390.8 390.8 390.1 389.7 388.9 387.4 385.5 383.4 380.7 378 375.1 371.5 367.5 363 358.8 355.8 352.8 350.4 348 344.3 340.2 343.9 347.3 349.3 349.3 349.2 347 346 343.5 339.3 334.2 329 329.9 330.8 337 341.9 344.1 345.8 348.5 349.2 348.4 346.9 350.9 352.2 353.8
381.3 379.7 375 375.1 379.6 380.1 379.3 380 382.2 383.8 384.9 385.5 386 387.1 390 393.7 396.9 398.7 401.6 403.4 406.5 407.4 407.7 407.5 406.9 405.9 404.2 402.3 400.1 397.9 395.8 394.6 394 393.7 393.1 392.1 391.4 390.3 389 387.8 385.6 383.4 380.9 378.2 374.9 372 368.6 370.3 362.4 359.9 357.2 354.1 351.9 349.6 351.2 351.9 353.6 353.5 354.4 353.4 352.7 350.5 348 344.4 340.7 340.1 340.1 342.3 345.4 347.7 349.7 351.7 352.5 352 350.1 350.2 351.2 352.7
378.3 375.8 369 373.5 375.4 376.4 375.6 375.9 377.8 379.5 380.8 381.2 382.1 384.4 387.6 390.9 393.9 396.9 400 401.9 404.4 406.2 405.9 407.6 407.2 406.6 405.3 403.6 402.3 400.6 398.8 396.9 395.8 395.2 394.8 394.4 393.7 392.6 391.2 389.8 388.2 386.2 383.9 380.9 378.2 375.8 378.8 370.8 368.1 365.7 363.1 360.7 359.1 358 357.2 358 358.9 359.5 358.6 358 356.6 355 353.2 351.5 349 349.6 348.6 349.3 350.6 351.8 353.3 354.6 355.3 354.5 353.4 352.7 352.8 354.3
375.1 372.2 363.2 369 371 371.2 371.2 373 375.5 377.9 377.6 377.8 379.2 382.2 385.4 388.6 391.9 394.9 398.1 400.9 403.4 405.6 406.8 407.6 407.6 406.3 405.4 404.5 403 402.1 400.5 398.5 397 395.9 395.1 394.8 394.7 394.3 393.3 392 390.4 388.4 386.1 383.7 381.6 378.6 376.5 375 373.3 371 367.8 367 365.4 364.3 363.5 363.5 363.9 363.9 363.1 362.4 361.3 360.2 358.9 357.8 356.3 355.5 354.1 354.6 353.6 354.8 356.2 357.7 357.9 357.3 356.9 356.2 355.8 357.1
371.6 367.9 358.6 363.8 366 365.6 365.3 368.8 372.2 374.6 375.8 374.4 376.7 380.2 383.3 386.5 390.2 393.9 397.3 400.2 402.8 405.1 406.6 407.7 407.7 407.6 406.3 405 403.7 399.2 400.4 398.5 396.5 395.4 394.5 394.4 394.3 394.6 394.8 394 391.9 389.8 387.7 385.8 384.2 381.9 380.1 379.2 377.9 376.2 373.8 372.6 372.5 370.5 369.9 369.8 369.5 368.7 367.7 366.5 365.5 364.2 363.7 362.4 361.6 360.7 359.8 359.5 358.8 360 361.1 361.2 362.1 361 359.9 358.9 359.7 358.6
367.2 364.3 354.6 360.5 361.2 360.4 360.3 364.4 368.4 372 372.7 370.7 373.8 375.8 380.2 383.9 388.2 392.7 396.4 399.3 401.9 404.3 405.7 406.6 407.1 406.4 405.7 404.3 403.6 400.7 398.4 397.2 395.1 394.3 392.7 392.7 393.5 394 394.3 393.8 392.3 390.3 388.5 387.2 384.5 384.8 383.4 382.7 382.3 381.4 379.7 378.9 377.8 376.5 374.9 375.1 374.6 373.7 372.5 371.1 369.2 368.1 368.2 367 366.4 364.8 364.8 364.2 363.9 364.5 364.3 365.4 365.4 364.7 363.8 362.7 361.6 360.4
363.4 359.5 351.1 355.9 357 354.8 357.7 363.1 367 369.7 369.4 367.8 370.9 372.8 376.9 380.8 385.5 390.5 395 398.4 400.9 403 404.3 405.1 405.6 405 403.9 402.6 400.6 398.2 396.2 394.2 392.6 391 390.6 391 391.8 392.4 392.2 392.3 391.2 389.1 388.3 385.6 386.1 385.6 385.2 385.2 385.3 385.4 384.5 383.5 382.7 380.5 379.2 379 378.8 377.8 376.8 375.5 373.8 372.3 371.2 370.8 370.2 369.4 368.2 367.5 367.1 367.2 367.6 368 367.9 367 366 364.9 363.4 362.1
358.1 352.9 346.1 351.1 351.3 351.2 357.7 362.3 366.3 368.5 367.4 364.8 367.5 371.2 374.9 379.3 384.1 389.3 394 397.4 399.9 401.8 403.1 403.5 403.6 402.9 401.6 399.9 397.6 395.1 392.9 390.3 388.9 387.2 386 386.9 388.3 388.2 389.7 389.6 389.9 389 386.9 383.5 386.1 386.3 386 386.8 386.8 386.9 387.4 386.5 385.3 383.6 383.7 382.8 382.1 381.5 379.6 379.3 377.8 376.2 375.2 374.4 373.6 372.6 371.5 370.8 370 369.8 369.6 369.8 369.2 368.3 366.9 365.2 364.4 362.7
350.9 343.4 341.3 344.8 342.9 350.5 356 360 362.7 363.7 360.5 364.3 368.6 372.1 375.8 380.2 384.6 389.2 393.6 396.9 398.7 400.6 401.4 401.7 401.5 400.8 399.4 397.5 395 392.4 390 387.8 385.7 383.8 382.2 382.5 382.6 384.4 384.6 385.8 386.7 384.9 384.6 384 384.9 385.9 386 386.2 386.4 386.6 386.6 383.7 385.4 385.5 384.9 384.4 383.8 382.3 382.5 381.4 380.3 379.2 378 376.6 375.6 374.8 374.1 372.9 371.7 371.2 370.8 370.1 369.5 368.8 367.6 366.2 364.7 363.2
342.3 335.8 338.5 338.2 340.9 347.3 352.7 357.2 360.2 356.8 360.8 369.4 373.4 377.2 380.3 384.5 387.5 391.3 394.8 396.7 398 399.2 399.5 399.9 399.5 398.8 396.9 395.4 392.8 390.2 387.7 385.1 383.1 380.4 379.3 379.3 380.3 381.5 381.5 382.4 382.4 381.3 381.1 380.8 381.4 382.4 383.5 384.3 384.8 385.2 385.3 385.2 385 385.5 385.1 384.7 384.3 383.2 383.3 382.1 381 380 379.1 378.1 377.1 376.2 375.4 374.3 372.6 371.8 370.9 370 369.7 369.1 368.3 366.8 365.6 365.2
326.8 331.7 330.6 333.2 337 341.4 344.8 348.9 352 356.5 365.4 371.7 376.8 380.1 383.8 387.2 390.3 393.3 395.5 396.6 397.7 397.7 397.9 398.1 397.6 397 395.6 393.6 391 387.8 384.4 381.6 379.4 377.6 376.4 376.4 376.9 378.4 378.7 378.8 379.4 378.8 378.3 378 378.8 379.1 380 381.5 381.5 382 382.2 382.9 383.8 384 384.1 384 383.7 383.1 382.3 381.8 380.9 379.6 378.9 378.2 377.3 376.8 375.7 374.9 373.8 372.8 371.6 371.1 370.1 369.4 368.7 367.7 366.9 365.7
318.5 326.2 336.6 346.3 348.9 349.8 350.4 351.8 356.3 361.9 368.5 374.6 379.8 382.3 385.7 388.8 391.6 393.9 395.3 396.5 396.6 396.4 396.2 396.2 395.8 395.4 394.6 392.9 391.5 389.4 386.7 384.2 381.5 378 375.7 373.7 373.5 374.9 375.6 376.1 376.1 375.6 375 374.5 374.9 375.5 376.4 377.4 377.5 378.1 378.9 379.3 379.7 379.5 380.9 381.1 381.3 381.1 380.7 379.9 379.3 377.8 377.6 377.3 376.4 376.5 375.5 374.9 374 373.2 372 371.3 370.3 369.1 368 367.8 365.9 364.5
333 342.3 350 354.7 357.1 359.1 361.6 363.6 366.4 368.7 373.2 377.7 381.1 384 386.7 389.5 391.9 393.3 394.6 395.1 395.3 394.7 394.2 394.1 394.9 395.3 395 394.4 392.8 390.3 388.8 386 382.7 379.7 376.4 374.2 373.6 371 370.1 371.1 372.1 371.7 370.4 369.3 370.7 371.5 372.4 373.4 373.5 374.3 374.9 375.9 376.3 376.2 376.9 377.7 377.8 375.3 375.2 377.1 376 374.7 375.4 375.8 375.4 375.5 375.1 374.4 373.5 372.6 371.6 370.6 369.1 367.8 366.5 365.5 364.3 363
338.6 347.1 352.2 356 358.1 360.5 362.8 365.7 368.6 372.4 376.9 380.4 383.2 385.3 387.3 389.3 391 392.1 392.8 393.4 393.6 393.4 393.2 393.4 394 395.5 395.6 395.4 394.3 392.6 390.6 388.2 385.8 382.1 379.1 376.5 374.8 371.9 369 366.9 364.5 364.7 364.2 363.2 364.3 366.9 368.3 369.4 370.3 370.5 371.3 372 372.6 373.2 374.1 374.4 374 373.8 373.2 373.2 372.6 372.8 373.1 373.3 373.3 373.4 373.7 372.9 372.8 371.8 371 369.7 368 366.2 364.3 363.1 361.8 360.3
338.2 344.4 349.6 353.7 356.6 359.4 362.3 365.1 368.4 372.7 377.6 381 383.4 385.3 386.5 388 389 389.4 390.4 391.5 391.9 392 391.9 392 393.1 394.8 396.2 396.7 396.4 395.2 393.1 390.9 388.6 386.1 383.5 379.1 378.4 375.8 373.1 370.6 367.8 365.5 364.1 361.1 360.6 361.2 363.4 364.7 365.8 365.7 366.7 367.4 368.5 370.2 371 371.5 372.3 371.5 371 369.9 369.5 369.8 370.2 371.2 372.5 372.8 372.9 372.3 371.7 371 370.1 368.7 367.4 365 363.2 360.6 358.2 355.4
333 339.4 344.7 349.7 353.3 356.5 360.3 364 367.2 370.8 375.9 379.5 382.1 384 385 385.6 386.1 386.6 388.1 389.3 390 390.2 389.9 390.9 393 394.9 396.4 397.3 397.9 397.3 395.7 393.6 391.6 389.2 386.9 384.6 382.5 380.1 377.4 374.9 372.5 369.8 366.9 364 360.7 358.7 358.5 361 362.2 362.4 362.3 362.7 364.2 365.8 367.3 368.3 368.9 368.6 368.2 367.6 366.7 367.2 368.2 369.7 371.2 371.8 371.8 371.7 370.7 370.1 369 368 367.2 365.7 364.5 362.9 360.7 359.5
320.7 328.1 337.2 343.8 349.4 353.7 358.1 361.8 365.1 368.1 371.3 375.5 378.9 380.4 380.9 382.2 382.2 382.3 382.6 386 387.3 387.9 386.8 390.2 392.8 394.9 396.5 397.4 398.2 399 398.5 396.6 395.4 393.3 392.1 389.6 387.1 384.5 382.1 379.8 376.7 373.5 370.6 366.6 362.9 360.4 357.4 356.2 357 358.8 359.7 359.7 361.5 364 365.3 366.3 366.8 366.9 366.6 365.8 364.5 364.9 366.3 368.5 369.9 370.7 370.8 370.3 369.8 369.1 368 366.8 365.6 364.6 364.8 364.4 363.7 363
304.1 309.8 321.5 334.1 344.1 350.8 355.5 359.4 362.5 365.8 368.9 372.1 374.2 375.9 376.5 377.2 377.9 378.7 382.5 382.9 383.5 383.1 385.7 389.9 392.3 394.7 396.5 397.7 399.1 399.9 400.2 400 399.1 397.4 396.5 394.5 392 389.6 386.8 383.9 380.6 377.1 374.2 370.1 366.7 363.6 360.6 357.5 355.1 353.6 353.8 354.6 358 361.5 363 364.4 365.2 365.3 365.2 364.8 363 363.3 365.4 367.6 369.2 369.7 369.9 369.3 368.7 367.9 366.9 365.7 364.6 364.2 364.6 365.3 364.8 364.4
317.5 314.8 310.4 317.2 331.2 343.9 352.1 356.4 359.1 361.4 364.8 368.1 370 371.3 372.2 372.2 371.6 372.4 373.7 375.9 378.4 379.2 385.8 388.7 391.5 393.8 395.6 397.9 399.6 401 401.6 401.3 401.2 400.8 399.3 397.6 395.7 393.3 390.7 387.9 384.5 381.2 377.4 373.7 370.5 367.4 364.1 360.5 357.2 356.1 354.1 351.6 352.4 359 360.4 361.7 362.9 363.6 363.6 363.1 361.7 361.9 364.7 367 368.5 369 369.1 368.5 367.6 366.6 365.7 364.6 364 364.5 365.5 366.2 366.3 365.9
339.6 340.9 332.7 323.8 316.5 330.7 345.3 352.3 355.3 357.1 359.9 362.8 364.9 365.3 365.4 365.2 365.1 365.8 367.1 368.9 372.2 377 383.2 386.7 389.8 392.6 395.3 397.4 399.4 401.2 402.1 402.8 402.6 402.3 401.1 399.8 398.3 396.4 393.8 391 388.8 385.1 381.6 377.7 374.3 371 367.3 363.2 361 359.9 358 354.7 349.9 352.7 356.4 358.7 360.4 362.3 362.9 361.8 360.1 360.8 363.9 366.1 367.7 368.5 368.4 367.8 366.9 365.9 364.6 362.9 362.8 365.5 366.3 367.9 368.1 368.5
345.7 348.2 348.9 347.6 337.6 324.8 333.2 344.5 347.6 350.2 354.2 357.3 359.2 360 359.2 358.8 359.7 361.4 362.4 364 367.3 372.7 378.7 384.3 387.4 391 393.9 396.8 399.1 401.2 402.5 402.9 403.3 403.2 402.6 401.5 400.2 398.6 396.6 394.4 391.7 389 385.7 381.7 378.5 374.5 370.7 366.8 365.1 363.5 361 357.6 352.3 348 351.5 356.5 359.3 360.9 361.1 360.2 358.4 358.8 362.5 365.1 366.6 367.3 367.2 366.7 365.8 364.8 363.4 361.1 364.2 366.9 368.5 370.1 370.8 370.6
347.2 350.8 353 354.1 353.8 345.6 329.6 328.7 332.1 334.7 340.9 346.8 352.3 354.5 354.2 354.4 355.7 356.5 359.3 362.2 365.5 369.2 372.4 376.8 383.9 388 393.3 395.7 397.8 399.8 401.8 402.1 403.2 403.7 403 402.1 401.1 399.6 398.3 396.8 394.8 392.4 389.5 386.4 382.2 378 374.8 371.9 370.2 367.6 363.2 359.5 354.5 350 347.7 356.5 358.7 359.6 359.4 359 356.7 356.7 360.6 363.4 364.9 365.4 365.4 364.8 363.9 362.4 359.9 362.6 366.7 369.1 370.6 371.8 372.3 372.2
348.9 352.2 354.3 356.2 356.2 354.2 350.3 352.1 353.2 352.4 349.4 342.4 343.7 345.6 348.1 350.9 352.8 354.4 357.1 360.8 364.2 367.1 370.2 374.8 379.6 383.8 390 393.5 396.2 398.4 400.1 401.2 402.7 402.7 402.6 402.2 401.2 400.4 399.4 398.2 396.5 394.5 391.7 389.1 386 381.9 379.4 377.5 374.6 371.1 365.9 362.3 359.4 354.6 346.3 350.8 356.8 357.6 357.7 357.4 355.9 355.6 359.2 361.6 362.5 363.3 363.1 362.2 360.5 357.8 360.8 365.9 369.3 371.4 372.3 372.8 373.1 373.2
349.1 353.5 356.8 358.2 358.7 358 357.8 358.2 358.3 358.9 358.4 356.9 355.8 353.6 351.4 350.9 351.8 352.9 355.5 358.5 361.8 364.7 368 371.3 376.1 380.6 385.9 391.2 394.4 396.4 398.1 398.9 400 400.2 400.4 400.9 400.4 400.1 399.5 398.6 397.5 396.1 394.4 391.6 389 386.3 383.7 381.5 378.4 374.7 370.1 367.3 363.7 359.4 349.6 342.9 349.2 353.6 354.1 353.7 350.6 353.8 357.3 358.9 359.7 360.1 359.9 359 355.2 357.1 363.3 367.7 370.7 372.3 373 373.7 373.9 373.7
352.2 355.8 358.5 360.4 361.5 362.7 363.4 363.6 363.7 363.9 364.3 363.5 362.4 360.2 357.6 355.9 354.5 354.1 354.8 357.1 359.8 362.8 365.8 369.6 373.4 378.1 383.6 387.7 391.8 393.7 395.3 396.2 397.1 397.6 398.1 398.3 398.1 398.4 398 397.5 397.4 396.4 395.1 393.2 391.2 389.3 386.7 384.3 381.4 378.1 374.8 371.6 367.9 363.7 357.2 345.4 340.1 345.3 347 347 345.6 352 354.2 355.6 356.4 356.5 355.8 353.1 350.8 359.5 364.7 368.5 370.5 372.1 372.6 372.9 373.2 372.9
354.6 358.2 361 363.8 366.2 367.4 368.5 368.9 368.8 368.9 369.3 369.1 368.3 366.4 364.8 363.2 361.1 359.2 358.6 358.6 359.8 361.8 364.9 368.5 372.4 377 381.2 384.6 388.3 390.6 392.3 393 393.9 394.3 394.6 394.6 394.5 394.6 395.2 395.1 395.2 394.5 394.8 394 392.6 390.8 388.9 386.6 383.8 381.1 378.5 375.4 371.7 368.2 362.3 355.8 342 333 337 335.8 341.7 344.5 347 348.4 351.6 352.2 349.6 345 353.9 361 366.1 368.5 369.7 370.2 370.4 370.5 371 370.9
358.2 361.9 365.4 368.8 370.8 372.3 373.5 373.7 373.8 373.4 374.4 374.2 373.6 373.1 372.4 370.7 369.2 367.3 365.6 364.1 363.7 364.7 367.1 371.3 375.2 378.1 380.6 382.9 383.7 386.5 388.1 389.1 389.1 389.7 390.3 391 391.4 391.5 392.2 392.4 393.1 393.3 393.6 393 392.3 391 389.8 387.8 385.6 383.4 381.1 378.5 375.3 371.9 367.8 361.3 354.1 345.1 333.3 327.2 326.1 330.3 332.6 336.7 343.7 345.1 335.1 346.3 354.8 361.1 365.4 367.6 368.1 367.8 367.7 367.4 367.2 367.1
361 365 368.6 372.6 375.1 376.4 377.3 377.8 378.1 378.1 377.6 377.7 377.3 377 376.1 375.6 374.6 373.7 372.1 370.8 369.9 370 371.5 374.7 377.5 380.2 382 383.2 383.1 383.5 383.6 384.2 384.6 385.4 385.5 385.8 386.4 387 388.5 389.5 390.5 391.8 392.3 392.1 391.2 390.1 389.4 387.7 385.9 383.9 381.9 379.7 377 373.9 370 364.1 354.8 350.1 349.5 347 341.3 327.1 313.6 317.7 326.8 331.8 333.1 345.6 353.4 358.9 363.3 364.4 365 364.4 363.7 363.5 363 362.5
362.8 366.9 370.7 373.8 376.1 377.1 378 378.8 379.3 379.8 379.8 379.7 379.4 379.2 378.7 378.2 378.4 378.1 377 376.3 375.7 375.7 375.9 377.6 379.7 381.5 382.8 383.1 382.4 381.5 380.5 379.8 380 380 380.3 380.9 381.2 382.1 383.9 385.8 388 389.6 390.5 390.3 389.6 388.8 388.5 387.5 386.2 384.4 382.6 380.4 377.9 374.5 369.2 362.9 359.1 359.2 357.7 356 352.5 345.7 333.7 316.5 302.6 318.8 325.9 338.9 348.5 354.8 359 360.4 360.8 360.1 358.9 358.4 358.6 358.8
363.8 367 369.9 372.4 374.3 375.1 376.9 377.6 378.4 379.2 379.9 380.5 380 380.4 380.5 380.9 381.1 381.3 381 380.6 380.1 379.9 379 379.7 380.6 381.4 382.2 382.7 381.3 379.7 377.7 376.4 375.8 375 374.5 375.6 376.4 378.7 380.7 383.5 385.8 387.2 387.9 388 387.8 387 386.4 386 385 384.1 382.5 380.2 377.8 374.1 370.3 366.5 365.6 364.3 362.4 359.6 357 352.7 346.8 329.9 304 298.1 308.4 319.3 335.1 347.2 353 354.1 354.4 353.4 352.7 352.8 353.1 354.3
362.1 365.2 368.3 369.2 371.3 372.7 374 375.2 376.4 377.3 378 379 379.7 380.3 381.4 382.5 382.7 383.4 383.4 383.1 382.9 382.4 381.2 380.8 379.6 380.2 380.8 380.6 379.8 378.2 374.9 371.2 371.5 370.3 369.2 368.8 371.9 375.5 378.4 381.4 383.7 384.9 385.4 385.2 384.4 384.9 385.2 384.4 384 383 381.7 380.1 377.5 374.7 372 370.9 369.3 368.1 365.8 362.8 359.8 355.8 351.5 343.4 321.8 295.3 289.5 301 316.9 333.6 345.3 346.6 346.7 346.1 345.9 344.5 344.7 346.9
360.5 362.4 364.9 366.8 367.9 368.8 370 371.7 373.2 374.5 375.6 377 378.3 379.8 381 382.6 383.7 383.9 384.5 384.4 383.9 382.8 381.4 379.9 379.2 378.3 377.5 377.1 376.2 374.8 371.7 366.5 365.5 364.7 362.4 366.5 372 374.8 377.9 379.8 381.5 382.3 381.6 382.2 382.8 382.6 382.6 382.3 381.7 381.3 380.6 379.2 377.4 376.1 373.7 371.9 370.2 368.4 365.9 363.3 360.8 357.4 353.4 347.4 337.6 314.6 291.7 282.5 297.7 313.6 333.3 335.7 335.3 333.7 332.3 332.1 334.4 339.9
