public/OST50/ST03.asc
ncols 200
nrows 200
xllcorner 300000
yllcorner 130000
cellsize 50
[rows 140 to 174 of 200, columns 78 to 155 of 200]
337.7 339.6 341.7 341.8 340.1 335 327.7 321.6 314.1 307.5 298.2 301 304.1 300 280.5 265.2 265.3 284.9 298.5 304 303.1 305.6 308.1 308.3 309.4 311.8 313.2 308.7 308.4 312 313.1 313.4 313.3 317.1 320.2 324.9 329.3 332.2 335.2 337.6 339.6 340.3 340 339.3 340 338.1 335.5 332.3 329.6 326 319.9 314.2 310.3 307 304.5 303.5 304 299.3 288.7 272.2 250.3 237.3 240.9 251.5 261.1 268.5 278.4 281.4 282 278.8 276.1 273.5 269.8 265.2 260.9 257.2 253.3 248.5
333.4 336.2 338.6 339.3 338.4 334.6 329.5 324.3 318.5 312 302.4 292.5 291.1 294.1 272 255.6 273.5 291.7 306.4 316.5 323.8 325.5 325.7 325.4 322.7 320.2 316.9 312.4 310.6 311.3 311.5 313.2 316.3 320.3 324.7 328.1 330.3 332.4 333.1 333.3 332.8 332.9 333.5 333.2 333.3 330.8 328.1 325.9 323.6 319.7 313.1 302.9 299 297.9 296 294.8 294.4 291.9 288.2 280.4 263.1 245.2 232.3 235 241.1 254.5 269.7 274.8 274.8 272.9 270.1 266.8 264.7 261.2 257.4 252.3 249 244.5
329.8 333 335.4 336.4 336.5 334.5 331.2 327.1 321.3 318.4 312 303.2 284.9 278.3 266.5 256.2 276.2 293.7 309.4 321.6 329.2 332.8 333 330.9 327.9 325 321.6 317 316.2 316.4 316.9 319 321.6 324 325.9 327.5 328.8 329.9 329.6 328.9 328.4 328.1 327.2 326.7 325.4 324.1 322.8 321.3 319.4 315.8 309.4 296.3 287.3 283.9 284.7 283.6 285.5 285.9 284.8 282.2 272.2 257.1 238 224.7 226.6 238 255.4 266 267.5 265.1 262.9 260.7 258.4 255.6 251.1 248.2 244.5 240.8
323.9 329.8 332.3 333.4 334 333 330.7 329 325 322.2 318.3 312.7 302.2 287.1 266 253.2 272.4 291.5 310.4 323.6 332.2 336.1 336.1 333.2 331 328.7 326.6 325 324.3 324.2 324.7 324.8 325.2 325 325.2 325.5 326.2 326.1 325.6 324.7 323.8 322.6 321.4 320.4 319.7 317.5 317.6 317.2 316.4 313.8 309 303.7 291.6 272 265.6 265.5 275.3 278.7 277.6 274.9 270.3 263.1 250.5 233.9 217.3 224.2 240.2 254.5 258.1 256.8 254.5 251.6 249.4 246.7 243.5 241.2 238.9 238.5
311.9 325.1 328.7 330.1 330.5 330 328.6 327.1 325.1 323.1 321.4 318.9 312.6 297.4 271.3 253.4 267.1 289.7 310 323.9 331.9 335.1 333.7 331.3 329.9 329.4 328.6 327.9 327.4 328.1 327.7 326.8 326 325.1 324 323.7 323.2 322.3 321.2 319.7 317.5 316 314.5 314.6 314 312.8 312.2 314.2 314.4 313.4 311.2 308.3 301.4 291.7 271.4 254 256.7 267.1 268.8 266.9 264.3 260.9 256.7 247.3 226.9 212.5 226.3 237.7 246.2 246.3 242.7 240.8 238.6 236.1 233.2 231.1 233 235
299.5 317.7 323.2 325 326.1 326.2 325.8 324.3 322.7 321.4 320.1 317.8 313.4 296.9 271 250.7 262.2 286.9 305.8 321.9 328.7 329.5 328.9 328.2 328 329.2 328.8 327.9 327.5 327.5 327.3 327.3 325.9 324.1 322 320.4 318.9 317.9 316.2 313.8 311.2 309.4 309.1 308.5 307.9 306.8 308.7 312 313.1 312.8 310.8 306.3 300.5 294 283.5 264 246.2 248.2 256.3 256.6 256.2 255.3 252.3 247.9 239.7 218.9 210.2 224 232.2 233.9 230.2 227.8 226 222.8 220.1 220.7 223.8 230.7
286.7 303.3 314.8 317.6 319.2 320.5 320.6 319.2 318.3 316.4 314 311.1 306.4 290.7 267.7 249.5 261.1 283.5 303.2 317.9 319.8 321.5 323 324.7 325.6 326.1 327 326.4 326.1 325.9 326.5 326.1 324.5 322.4 319.9 317.2 314.6 313 310.9 308.3 305.2 303.8 303.8 303.1 301.9 302.3 305.3 308.6 311.7 312.3 310 305 297 290.7 280.2 269.6 252.6 238.3 235 237.7 241 242.7 244.1 241.3 237.1 228.4 208.5 210.7 218.2 218.9 217.2 214.3 211.7 210 208.3 210.6 218.1 228.6
272.3 288.5 299.5 308.4 311.9 312.8 312.6 311.7 309.8 307.1 303.9 299.4 295.4 282.4 261.1 244.2 261.6 282.5 296.8 305.3 308 311.9 316.4 319.4 321.4 322 323.1 323.2 323.1 323.3 324.1 324 322.3 320 317.2 313.7 310.1 307.4 304.8 302.9 300.4 299.1 299.6 297.9 296.9 300.3 303.6 306.6 308.6 310.4 309.1 304.6 295.9 283.7 270.5 258.9 242.2 235.2 232.5 223.6 222.5 224.9 226.5 228 224.7 219.8 214 196.5 202.1 204.5 200 197.3 198.4 195.8 192.8 202.6 214.5 228.1
256.1 268.3 280.5 290.8 298.2 301.5 301.4 299.3 297.3 294.5 290.9 287.6 282.5 273.8 254.3 238.1 259.6 274.7 281.3 288.8 295.5 303.4 310.1 314.3 317.1 318.3 319.1 318.5 318.7 320.8 321.3 321.3 319.4 316.9 314.2 310.6 305.8 301.7 299 297.5 295.5 294.2 295.2 294.1 294.2 298.2 302.8 306.1 307.2 309.6 308.1 304.5 299 292.2 284.4 271.2 246.8 259 251.5 245.4 232.8 221.8 211 210.4 207.7 205.2 199.5 196.4 190.9 190.1 187.4 186.2 184.3 181.8 182.4 192.7 208.3 224.7
240.6 253.1 263.8 271.3 277.6 282.4 284.5 285 283.4 279.9 276 272.6 267.5 259.7 245.5 235.1 254.3 262.4 268.4 276.3 284.2 297.2 306.8 310.8 312.6 313.8 314.6 315.2 316.7 317.8 317.7 317.3 316.1 313.5 310.6 307.2 301.7 296.4 293.6 291.9 289.9 288.9 290.2 289.5 291.7 294.4 299.5 303.2 306 308.4 308.2 305.8 302.1 295.5 283.2 264.1 268.7 270.9 265.6 260.7 252.8 242.6 228.7 219.8 213.7 206.1 204 201.5 197.2 194.6 193.1 192.5 190.3 191.1 179.4 181.5 200.1 220.9
234.6 239.5 247.2 255.7 261.7 264.8 267.5 269.5 270.1 267.7 260.6 255 250.7 243.1 238.6 235.3 247.7 256.6 266.3 280 293.7 301.6 305.4 307.9 308.8 309.5 310.4 311.3 312.9 313.8 313.9 313.3 311.8 309.7 306.6 302.9 297.7 292.8 287.5 284.8 283.5 283.9 284.8 285.5 290.5 293.5 299.6 303 305.7 307.7 308.6 309 306.4 300 287.7 285.3 285.3 282.7 279.7 275.1 266.7 259.3 252.9 247.1 239 226.8 220.6 217.6 217.8 217.6 216.7 211.9 208.5 196.4 182.7 176.9 192.2 217.4
234.9 232.2 236.6 241.3 244.9 247.3 249.7 252.6 253.9 250.4 245 240.7 239.2 236.6 231.3 232.6 250.1 262.1 277.6 288.8 296.1 301.5 303.9 304.8 305 305.1 305.7 307.2 308.6 309.4 310.2 309 306.9 304.7 301.7 297.9 293 288.1 282.9 277.9 279.1 279.7 280.7 285.2 289.8 292.8 296.6 300.3 303.7 307 310 313.8 310.5 304 300.9 298.5 296 292.7 289.5 284.9 281 275.9 269.4 266.1 263.1 252.1 244.4 243.5 245.9 243.8 237.6 227 212.9 197.7 181.3 172.6 190.1 213.4
241.7 230.1 228.9 231.3 234 235.3 238 239.5 235.7 232 231.1 231.8 230.1 227.6 227.8 239.2 255.7 270.1 283.8 293.4 297.2 299.9 300.5 300.1 299.4 300.1 300.5 302.5 304.2 304.9 304.8 303.9 301.9 299.1 295.3 290.5 286.8 282.3 277.7 275.6 274.3 275.5 279.4 283 286.3 288.8 292.3 296.9 302.3 307.3 310.9 312.6 312.1 310.7 309.2 306.2 303.2 300.2 295.8 291.7 287.3 282.5 278.5 276.1 275.2 271.7 266.9 264.7 263.1 256.3 246.3 233.2 216.7 195.1 179.8 170.7 187.1 212.5
261.1 246.7 228.9 224.1 224.2 227.2 230.5 231.1 224.1 224.1 224.1 224.1 224.1 230.4 239.5 253.3 267.6 278.8 287.3 292.6 294.4 296 295.9 294.8 293.9 294.4 294.7 297.8 299.2 299.3 299.3 298.2 295.1 291.3 286.5 282.5 278.4 274.7 272.6 270.6 272 277.5 282 285.2 288.8 292.2 296.4 304.2 310 312.7 315.6 317 316.4 315.2 313.3 310 306.7 303 298 292.7 288.5 284.7 281.7 279 278.3 273.8 269.8 266.2 261.8 256.2 248.9 242.2 228.6 198.5 179.5 168.6 184.5 205.7
282.7 272.4 257.2 245.9 233.6 224.1 224.1 224.1 224.1 224.7 231.2 240.5 248.7 256.1 262.6 274 280.5 284.7 287.7 288.9 290.6 291.1 290.2 289.2 286.6 287.5 288.8 292.7 293.1 293.8 293.3 291 287 282.1 278.2 274.4 270.5 268 267 271.8 279.1 287 292.6 301.3 306.7 310.6 314 316.3 318.5 319.8 321.7 321.9 319 316.3 312.6 309.2 305.1 300.6 296.3 291.8 287.1 283.8 280.3 277.4 275.3 271.4 267.7 263.6 260.1 256.7 254.6 249.2 236.5 211 184.5 168 176.7 199.3
275.7 269.3 259.4 248.7 232.9 224.1 224.1 224.1 228.7 240.4 255 266.6 274 279 281.3 282.8 282.7 281.9 282.3 283 283.7 283.6 282.6 281.9 280.1 280.7 282.4 285.1 285.8 286.2 285.2 283.3 278.8 274.4 271.1 268.6 265.7 265.5 271.1 280.8 289.4 301.1 311 316.4 319.8 322 322.7 322.3 323.6 325 324.5 322.1 317.8 313.1 309.3 305.8 301.7 296.7 292.1 287.9 284 280.1 276.7 273.3 270.4 267.4 264.3 261.4 259.9 257.5 253.8 247.5 239.2 218 188.6 171.1 169 189.4
259.5 257.5 251.1 239.3 226.3 224.1 224.1 224.1 240.7 255.8 271.5 279.7 283.3 284 283.8 281.1 278.6 276.2 274.7 274.9 274.5 274.3 274.5 274.1 273 272.7 271.9 275.9 277.3 276.9 276.7 274.1 272 269.3 265.8 261.7 262.7 270.4 282.3 294.8 306 314.7 319.7 322.6 323.7 327.1 326.3 326.4 327.5 326.3 324 319.7 314.9 308.9 305.1 301.1 296.8 292.5 287.4 282.5 281 276.4 272.6 269.1 265.8 263.1 260 258.9 256.5 252.4 247.7 243.2 236.6 225.5 200.7 176.4 163.4 180.1
242.7 243.6 238.8 230.8 224.1 224.1 224.1 234.6 251.5 267.1 275.4 278.1 278.4 278.6 277.9 275.4 272.5 268 263.9 260.8 260.2 261.7 263.2 263.3 262 261 261.8 266.5 267.3 267 267.1 262.8 262.2 264.1 258.2 260 269.3 283.1 296.5 310.1 316.5 320.8 322.8 324 323.2 323.1 324.8 323.1 321.7 318.8 316.6 313 309 304.1 299.9 295.3 291 287.6 283.6 278.6 276.4 272.3 268.9 266.1 262.2 257.7 256.4 254.2 251.3 247 242.3 237.3 231.8 225.4 207.8 184 165.7 169.6
231.3 228.7 224.1 224.1 224.1 224.1 224.1 242.3 257.8 268.6 272.7 272.9 272.9 272 270.5 267.5 263.5 258.1 251.6 245.3 243.9 245.4 248.4 251.7 251.1 248.8 254.2 256.2 257.7 258.8 259.6 260.7 259.8 258.4 257.3 267.3 281.5 295.8 308.7 315.1 320 320.1 320.4 319.7 318.7 317.9 318 316.5 314.6 311.2 308.6 305.5 302 298.2 294.2 289.6 285.7 282.1 278.7 275 271.7 268.4 265.4 262.1 259.2 255.4 252.8 249.9 246.2 241.6 236.7 231.6 226 218.6 205.7 186 168.8 161.1
241.4 233.1 226.8 224.1 224.1 224.1 229.5 248.2 261.2 266.3 267.2 267 266.6 265.1 262.4 259.4 255 248.1 240.1 232.6 229 231.5 232.8 236.9 240.8 242.9 249 250.2 251.7 252 252.8 252.2 251.8 254.6 265 280.9 294.3 305.9 311.7 314.1 315.3 315.4 315.1 314.4 313.3 312.7 311.7 310.1 308.6 305.2 302 298.9 295.6 291.8 287.9 284.1 280.6 276.8 273.6 270.9 268.2 264.7 261.5 258 255.8 252.5 248.5 244.3 241.8 236.5 230.2 223.9 217.1 205.7 191.1 176.9 179.2 170.6
264.4 251.3 243.7 233.7 224.1 224.1 229.4 248.9 258.9 261.7 261.6 260.6 259.2 256.8 252.2 247.8 241 233.7 226.9 232.2 237.4 238.9 238.5 235.3 235.8 238.4 240.7 243.3 245.5 246.2 246.7 248.1 256.7 267.5 281.3 297.1 303.6 306.5 308.4 309.8 310.2 310.5 309.6 308.9 307.7 306.5 305.3 304.1 301.4 299.1 295.6 292.4 288.7 285.1 281.5 278.4 274.9 272.1 269.9 266.3 264 259.7 256.9 253.5 251.1 247.9 244.1 240.2 235.3 230.4 220.4 210.5 204.4 201.4 199.7 200.4 201.4 193.7
269.3 259.6 250 235.2 224.1 224.1 229 247.2 254.2 255.5 254.5 252.9 250.3 245.7 240.1 234.2 228.3 224.1 236.9 246.3 252.5 255.5 255.3 252 247.3 244.5 244.4 241.9 245.1 251.7 257.8 263.2 271.3 282.8 295.7 301.2 303.1 305 305 304.9 304.9 304.4 304.2 303.3 301.9 301 300.4 299.4 296.5 293.2 289.6 285.5 281.7 278.5 275.5 272 269 266.9 265.2 261.2 256.2 253 250.1 249.3 245.6 241.9 238.2 235.4 232.1 229.6 226.8 223.7 219.9 218.9 217.5 214.4 209.1 201.6
266.4 254.2 245.5 228.4 224.1 224.1 228.7 241.8 245.3 246.2 246 243.2 238.7 233.3 228.7 224.1 224.1 236.6 249.3 258.8 264.9 269.3 271.9 271.7 269 264.1 263.5 262.5 263.6 267 272.8 281.5 290.6 296.6 300.4 302.3 303.4 302.3 301.6 300.3 299.4 298.6 298.1 297.4 296.6 296.4 296.2 295.2 292.7 288.9 282.6 278.6 275.4 273 269 264.9 261.9 259.1 257.3 254 249 247.6 248.2 246.9 240.3 236.5 233.4 231.1 228.1 226.1 226.5 226.5 227.2 223.5 216.2 210.1 203.5 197.1
262.2 246.3 236.1 224.1 224.1 224.1 227.3 229.7 229 228.6 231 229.8 224.4 224.1 224.1 224.3 235.7 250 262.5 272.8 280.8 283.6 284.1 285.1 285.5 284.6 282.9 282.9 284.8 287.9 293.5 296.8 299 300.8 304.2 302.9 302.2 299.9 297.2 294.9 293.9 292.5 291.9 291.7 292 292.3 293 292.2 289.9 286.4 280.4 271.3 267.3 265.3 261.4 256.4 252.6 246.6 244.7 242.9 240.9 239.3 242.7 241.1 236 229.8 227.2 224.8 222 220.8 220.3 221.9 220.6 215 208.6 202.7 197 191.3
259.3 241.6 225.3 224.1 224.1 224.1 224.1 224.1 224.1 224.1 224.1 224.1 224.1 224.1 226.1 236.8 246.4 257.7 273.1 282.8 288 288.9 290.1 292.1 293.5 294.5 296.6 298.9 300.9 302.1 302.1 302.2 301 301.5 303.1 301.3 299.8 296.7 293.7 290.8 288.1 286.1 286.1 285.5 287 288.8 289.2 289.5 287.8 284.8 280.3 273.7 258.3 248.2 247.5 243.1 237.8 232.1 229.3 230.9 230.9 229.6 230.8 230.5 227.6 223.6 219 216.4 213.6 211.3 211.2 211.5 208.3 204.4 199.6 194.3 189.4 183.8
259.6 243.5 231.1 224.1 224.1 224.1 224.1 224.1 224.1 224.1 224.1 224.1 225.6 231.8 240.4 251.5 262.3 272.8 283.6 288.7 291.2 293.3 295.1 297 299.4 301.3 303.7 306 307.1 305.8 304 302.1 300.8 299.8 300.4 298.2 296.1 292.7 289.3 285.7 282.7 280 280.7 280.8 283.6 285.6 287.5 287.5 287.6 284.8 280.8 275.9 269.7 254.1 233.7 226.8 221.7 216.9 214.6 213.9 218.8 219.7 220.1 221.1 219.9 216.3 211.1 206.5 205.1 202.1 199.1 199.1 196.2 192.6 188.8 184.5 179.8 175.8
257.2 242.6 232.5 224.1 224.1 224.1 224.1 224.1 225.8 231.2 234.3 236 240.6 248 258.1 268.4 279.2 286.5 289.4 292 294.2 296.5 299.5 301.9 304.1 306.3 307.7 308.3 307.5 305.7 304.1 302 299.5 297.2 296.3 293.6 290.7 287.7 284.5 281 278.2 276.4 275.2 276.9 281.2 284.1 285.6 285.8 287.9 285.6 281.5 277.3 273.9 268.7 258.7 241.7 233.3 227.7 220.5 207.7 203.2 208 210.7 213.4 212.8 209.5 204.9 196.1 194.1 190.8 187.5 185.3 182.9 180.9 178 175.2 171.6 168.1
257.7 243.2 230.9 224.1 224.1 224.1 224.1 224.3 238.6 252.2 258.7 260.7 263 268.9 277.1 285 290.7 293.9 294.2 295.3 296.6 298.7 301.2 304.1 307.1 307.1 307.4 307.8 306.6 304.1 302.7 299.7 297.1 294.7 291.2 288.6 284.9 282.5 279.6 276.4 273 271.5 270.8 274.5 278.6 281.8 282.9 283.2 283.2 281.7 279.1 277 276.9 273.1 265.2 257.3 249.2 241 232.6 222.6 209.4 195.5 198.9 202.3 203.4 201.2 196.2 190.5 182.3 180.3 175.6 172.7 170.6 168.4 168 164.1 157.9 154.4
256.8 242.8 230.5 224.1 224.1 224.1 224.1 229.3 253.1 268.3 274 277.2 280.8 284 286.1 289.5 291.3 292.5 293.1 293.2 294.7 296.9 300.3 303.1 303.9 304.5 305.2 306.1 305.1 302.7 300.3 296.9 293.9 290.8 287.4 284 280.5 277.2 273.8 270.8 267.3 264.7 269.1 272.9 276.3 277.9 277.2 277.5 277 275.3 274.9 272 270.3 265.9 260 253.7 246.9 239.9 233.1 225.5 216.5 207.9 191.6 187.8 191.2 190.8 186.2 181.4 177.1 173.5 170.7 167.4 164.5 162.2 159.6 161.4 162.7 164.2
256.6 242 224.1 224.1 224.1 224.1 224.1 233.5 255.2 269.7 277.2 281.3 283.2 284.4 284.8 284.7 285.3 286 288 289.1 291.4 294.4 297.1 299.8 300.9 302.4 303.4 303.8 302.5 299.3 296.3 293.1 290 286.9 283.8 280.1 276.3 271.4 268 263.1 258.6 265.3 268.7 270.4 270.6 271.5 270.5 271.2 271.6 271 270.3 268.2 264.8 260.9 255.6 249.8 244 237.7 231.2 223.3 215.3 206.4 193.7 183.5 183.1 180.4 177.6 175.4 171.8 169.7 168.9 169.2 170.3 170.7 173.1 176.1 181 183.4
256.8 238.7 224.1 224.1 224.1 224.1 224.5 238.2 254.1 266.3 271.1 274.8 277.2 277.7 277.9 278.2 278.6 279.5 281.2 283.1 286.4 289.2 293.4 296.7 298.8 299.7 300.1 299.8 297.9 295.2 292.3 289.4 286.1 283 279.9 276.4 272.5 267.3 258.4 253.1 260.4 264.3 268.2 267.1 265.7 265.4 265.8 265.9 267.8 266.7 267.3 265.6 262.2 256.8 248.5 243.6 240.1 234.4 227.6 219.2 210.4 197.5 195.3 197.7 193.5 189.3 184.9 184.4 178.4 175.2 177.4 179.8 183 186.6 191 196.4 201.4 197.9
259.6 241.1 224.1 224.1 224.1 224.1 227.6 236.4 241.5 247.6 255.6 261.1 265.3 268.3 268.3 268.7 269.2 270.5 272.5 276.3 282.1 286.6 289.9 293.2 294.9 296.1 296.1 294.9 292.9 290.6 288.4 285.7 282.4 278.7 275.5 272 267.9 263.9 256 251.9 258 261.1 262 261.2 260.2 259.8 259.5 260.4 264.2 264.3 265 263.7 260.2 251.7 245.6 239.2 229.6 228.5 221 211.5 203.7 204.9 210.7 208.5 204.1 199.2 192.6 184.7 182.5 186.8 193.1 196.8 200.8 202.4 204 205.2 205.7 204.7
261 243.4 224.1 224.1 224.1 224.1 224.1 224.1 224.7 230.1 234.9 242.8 249.3 254.1 256.3 257.6 257.7 257.3 261.2 271.2 277.3 282.4 286.2 289.5 290.9 291.1 291 290 288.3 286.5 284.3 281.3 277.7 273.9 269.8 265.6 262.5 259.1 251.8 247.4 253.2 255.2 255.9 256.1 255 254.3 253.8 255.7 260.4 262.8 263.8 263.3 261.4 258.2 253.3 245.1 235.7 224.1 220.9 218.7 219.2 220.4 217.2 212.8 206.1 196.2 191.2 194.1 199.1 205.6 212.7 216.5 214.7 211 211.1 212.8 207.8 205
258.1 241.4 224.1 224.1 224.1 224.1 224.1 224.1 224.1 213.9 215.7 222.7 229.1 236.6 243.1 244.7 243 240.6 253.7 266.8 273.8 278.9 282.5 285.7 286.4 286.5 286.4 285.5 283.7 281.9 279.7 276.3 272.6 269 264.7 260.8 256.8 253.8 249.4 243.4 248.2 249.3 249.9 250.4 249.4 248.1 250.7 256 260.6 264.8 265.5 265.1 263 259.5 255 249.6 242.7 238.6 236.8 234.7 230.5 226.3 221.5 212.9 205.6 207.6 210.8 215.7 218.6 220.1 223.4 224.5 220.2 216 214.1 211.9 206.7 203.2
248.9 229.3 224.1 224.1 224.1 224.1 224.1 224.1 224.1 200 200.7 203.4 209.5 217.5 225 231.1 225.1 238.7 253.2 262.9 269.8 274.6 278.6 281.1 281.8 282.2 281.8 280.5 278.6 276.3 274 270.6 267.3 263.6 259.9 256 252.4 248.9 245.3 238.6 243.2 243.2 244.1 245.1 243.8 246.4 251.7 257.8 263.3 266.1 266.7 265.4 264.2 262.6 259.3 255.1 250.5 247.3 243.7 239.4 234.7 229.6 221.1 213.9 221.5 224.3 228 229.2 227.4 226.5 225.4 224.8 222.7 216.3 210.3 205.4 201.1 197.7
