public/OST50/ST04.asc
ncols 200
nrows 200
xllcorner 300000
yllcorner 140000
cellsize 50
[rows 114 to 151 of 200, columns 85 to 169 of 200]
-3.2 -3.2 -3.2 -3.2 -3.2 -3.2 -3.2 -3.2 -3.2 -3.2 -3.2 -3.2 -3.2 -3.2 -3.2 -3.2 -3.2 -3.2 -3.2 -3.2 -3.2 -3.2 -3.2 -3.2 -3.2 -3.2 -3.2 -3.2 -3.2 -3.2 -3.2 -3.2 -3.2 -3.2 -3.2 -3.2 -3.2 -3.2 -3.2 -3.2 -3.2 -3.2 -3.2 -3.2 -3.2 -3.2 -3.2 -3.2 -3.2 -3.2 -3.2 -3.2 -3.2 -3.2 -3.2 -3.2 -3.2 -3.2 -3.2 -3.2 -3.2 -3.2 -3.2 -3.2 -3.2 -3.2 -3.2 -3.2 -3.2 -3.2 -3.2 -3.2 -3.2 -3.2 -3.2 -3.2 -3.2 -3.2 -3.2 -3.2 -3.2 -3.2 -3.2 -3.2 -3.2
-3.2 -3.2 -3.2 -3.2 -3.2 -3.2 -3.2 -3.2 -3.2 -3.2 -3.2 -3.2 -3.2 -3.2 -3.2 -3.2 -3.2 -3.2 -3.2 -3.2 -3.2 -3.2 -3.2 -3.2 -3.2 -3.2 -3.2 -3.2 -3.2 -3.2 -3.2 -3.2 -3.2 -3.2 -3.2 -3.2 -3.2 -3.2 -3.2 -3.2 -3.2 -3.2 -3.2 -3.2 -3.2 -3.2 -3.2 -3.2 -3.2 -3.2 -3.2 -3.2 -3.2 -3.2 -3.2 -3.2 -3.2 -3.2 -3.2 -3.2 -3.2 -3.2 -3.2 -3.2 -3.2 -3.2 -3.2 -3.2 -3.2 -3.2 -3.2 -3.2 -3.2 -3.2 -3.2 -3.2 -3.2 -3.2 -3.2 -3.2 -3.2 -3.2 -3.2 -3.2 -3.2
-3.2 -3.2 -3.2 -3.2 -3.2 -3.2 -3.2 -3.2 -3.2 -3.2 -3.2 -3.2 -3.2 -3.2 -3.2 -3.2 -3.2 -3.2 -3.2 -3.2 -3.2 -3.2 -3.2 -3.2 -3.2 -3.2 -3.2 -3.2 -3.2 -3.2 -3.2 -3.2 -3.2 -3.2 -3.2 -3.2 -3.2 -3.2 -3.2 -3.2 -3.2 -3.2 -3.2 -3.2 -3.2 -3.2 -3.2 -3.2 -3.2 -3.2 -3.2 -3.2 -3.2 -3.2 -3.2 -3.2 -3.2 -3.2 -3.2 -3.2 -3.2 -3.2 -3.2 -3.2 -3.2 -3.2 -3.2 -3.2 -3.2 -3.2 -3.2 -3.2 -3.2 -3.2 -3.2 -3.2 -3.2 -3.2 -3.2 -3.2 -3.2 -3.2 -3.2 -3.2 -3.2
-3.2 -3.2 -3.2 -3.2 -3.2 -3.2 -3.2 -3.2 -3.2 -3.2 -3.2 -3.2 -3.2 -3.2 -3.2 -3.2 -3.2 -3.2 -3.2 -3.2 -3.2 -3.2 -3.2 -3.2 -3.2 -3.2 -3.2 -3.2 -3.2 -3.2 -3.2 -3.2 -3.2 -3.2 -3.2 -3.2 -3.2 -3.2 -3.2 -3.2 -3.2 -3.2 -3.2 -3.2 -3.2 -3.2 -3.2 -3.2 -3.2 -3.2 -3.2 -3.2 -3.2 -3.2 -3.2 -3.2 -3.2 -3.2 -3.2 -3.2 -3.2 -3.2 -3.2 -3.2 -3.2 -3.2 -3.2 -3.2 -3.2 -3.2 -3.2 -3.2 -3.2 -3.2 -3.2 -3.2 -3.2 -3.2 -3.2 -3.2 -3.2 -3.2 -3.2 -3.2 -3.2
-3.2 -3.2 -3.2 -3.2 -3.2 -3.2 -3.2 -3.2 -3.2 -3.2 -3.2 -3.2 -3.2 -3.2 -3.2 -3.2 -3.2 -3.2 -3.2 -3.2 -3.2 -3.2 -3.2 -3.2 -3.2 -3.2 -3.2 -3.2 -3.2 -3.2 -3.2 -3.2 -3.2 -3.2 -3.2 -3.2 -3.2 -3.2 -3.2 -3.2 -3.2 -3.2 -3.2 -3.2 -3.2 -3.2 -3.2 -3.2 -3.2 -3.2 -3.2 -3.2 -3.2 -3.2 -3.2 -3.2 -3.2 -3.2 -3.2 -3.2 -3.2 -3.2 -3.2 -3.2 -3.2 -3.2 -3.2 -3.2 -3.2 -3.2 -3.2 -3.2 -3.2 -3.2 -3.2 -3.2 -3.2 -3.2 -3.2 -3.2 -3.2 -3.2 -3.2 -3.2 -3.2
-3.2 -3.2 -3.2 -3.2 -3.2 -3.2 -3.2 -3.2 -3.2 -3.2 -3.2 -3.2 -3.2 -3.2 -3.2 -3.2 -3.2 -3.2 -3.2 -3.2 -3.2 -3.2 -3.2 -3.2 -3.2 -3.2 -3.2 -3.2 -3.2 -3.2 -3.2 -3.2 -3.2 -3.2 -3.2 -3.2 -3.2 -3.2 -3.2 -3.2 -3.2 -3.2 -3.2 -3.2 -3.2 -3.2 -3.2 -3.2 -3.2 -3.2 -3.2 -3.2 -3.2 -3.2 -3.2 -3.2 -3.2 -3.2 -3.2 -3.2 -3.2 -3.2 -3.2 -3.2 -3.2 -3.2 -3.2 -3.2 -3.2 -3.2 -3.2 -3.2 -3.2 -3.2 -3.2 -3.2 -3.2 -3.2 -3.2 -3.2 -3.2 -3.2 -3.2 -3.2 -3.2
-3.2 -3.2 -3.2 -3.2 -3.2 -3.2 -3.2 -3.2 -3.2 -3.2 -3.2 -3.2 -3.2 -3.2 -3.2 -3.2 -3.2 -3.2 -3.2 -3.2 -3.2 -3.2 -3.2 -3.2 -3.2 -3.2 -3.2 -3.2 -3.2 -3.2 -3.2 -3.2 -3.2 -3.2 -3.2 -3.2 -3.2 -3.2 -3.2 -3.2 -3.2 -3.2 -3.2 -3.2 -3.2 -3.2 -3.2 -3.2 -3.2 -3.2 -3.2 -3.2 -3.2 -3.2 -3.2 -3.2 -3.2 -3.2 -3.2 -3.2 -3.2 -3.2 -3.2 -3.2 -3.2 -3.2 -3.2 -3.2 -3.2 -3.2 -3.2 -3.2 -3.2 -3.2 -3.2 -3.2 -3.2 -3.2 -3.2 -3.2 -3.2 -3.2 -3.2 -3.2 -3.2
-2.2 -2.1 -2.3 -2.6 -3.2 -3.2 -3.2 -3.2 -3.2 -3.2 -3.2 -3.2 -3.2 -3.2 -3.2 -3.2 -3.2 -3.2 -3.2 -3.2 -3.2 -3.2 -3.2 -3.2 -3.2 -3.2 -3.2 -3.2 -3.2 -3.2 -3.2 -3.2 -3.2 -3.2 -3.2 -3.2 -3.2 -3.2 -3.2 -3.2 -3.2 -3.2 -3.2 -3.2 -3.2 -3.2 -3.2 -3.2 -3.2 -3.2 -3.2 -3.2 -3.2 -3.2 -3.2 -3.2 -3.2 -3.2 -3.2 -3.2 -3.2 -3.2 -3.2 -3.2 -3.2 -3.2 -3.2 -3.2 -3.2 -3.2 -3.2 -3.2 -3.2 -3.2 -3.2 -3.2 -3.2 -3.2 -3.2 -3.2 -3.2 -3.2 -3.2 -3.2 -3.2
-0.8 -0.8 -1 -1.3 -1.5 -2 -3.2 -3.2 -3.2 -3.2 -3.2 -3.2 -3.2 -3.2 -3.2 -3.2 -3.2 -3.2 -3.2 -3.2 -3.2 -3.2 -3.2 -3.2 -3.2 -3.2 -3.2 -3.2 -3.2 -3.2 -3.2 -3.2 -3.2 -3.2 -3.2 -3.2 -3.2 -3.2 -3.2 -3.2 -3.2 -3.2 -3.2 -3.2 -3.2 -3.2 -3.2 -3.2 -3.2 -3.2 -3.2 -3.2 -3.2 -3.2 -3.2 -3.2 -3.2 -3.2 -3.2 -3.2 -3.2 -3.2 -3.2 -3.2 -3.2 -3.2 -3.2 -3.2 -3.2 -3.2 -3.2 -3.2 -3.2 -3.2 -3.2 -3.2 -3.2 -3.2 -3.2 -3.2 -3.2 -3.2 -3.2 -3.2 -3.2
0.7 0.6 0.4 0.2 -0.1 -0.6 -0.9 -1.1 -1.3 -1.3 -1.3 -1.4 -1.2 -1.6 -2.1 -2.4 -2.3 -2.3 -2.2 -2.1 -2.2 -2.4 -2.6 -2.8 -3.2 -3.2 -3.2 -3.2 -3.2 -3.2 -3.2 -3.2 -3.2 -3.2 -3.2 -3.2 -3.2 -3.2 -3.2 -3.2 -3.2 -3.2 -3.2 -3.2 -3.2 -3.2 -3.2 -3.2 -3.2 -3.2 -3.2 -3.2 -3.2 -3.2 -3.2 -3.2 -3.2 -3.1 -3.2 -3.2 -3.2 -3.2 -3.2 -3.2 -3.2 -3.2 -3.2 -3.2 -3.2 -3.2 -3.2 -3.2 -3.2 -3.2 -3.2 -3.2 -3.2 -3.2 -3.2 -3.2 -3.2 -3.2 -3.2 -3.2 -3.2
2.1 2 1.8 1.6 1.4 0.9 0.7 0.5 0.3 0.3 0.2 0 0.1 -0.5 -0.9 -1.1 -1.1 -1.2 -1.2 -1.1 -1.3 -1.5 -1.7 -2 -2.3 -2.7 -3.2 -3.2 -3.2 -3.2 -3.2 -3.2 -3.2 -3.2 -3.2 -3.2 -3.2 -3.2 -3.2 -3.2 -3.2 -3.2 -3.2 -3.2 -3.2 -3.2 -3.2 -3.2 -3.2 -3.2 -3.2 -3.2 -3.2 -3.2 -3.2 -2.2 -1.7 -1.6 -1.5 -2.2 -3.2 -3.2 -3.2 -3.2 -3.2 -3.2 -3.2 -3.2 -3.2 -3.2 -3.2 -3.2 -3.2 -3.2 -3.2 -3.2 -3.2 -3.2 -3.2 -3.2 -3.2 -3.2 -3.2 -3.2 -3.2
3.5 3.3 3.2 3 2.8 2.5 2.3 2.1 1.9 1.9 1.6 1.4 1.2 0.7 0.3 0 0 -0.2 -0.2 -0.2 -0.4 -0.7 -0.8 -1.1 -1.5 -1.8 -2.4 -3.2 -3.2 -3.2 -3.2 -3.2 -3.2 -3.2 -2.9 -2.7 -2.5 -2.6 -3.2 -3.2 -3.2 -3.2 -3.2 -3.2 -3.2 -3.2 -3.2 -2.2 -1.9 -2.4 -3.2 -3.2 -3.2 -3.2 -2 -1 -0.5 -0.2 -0.1 -0.8 -3.2 -3.2 -3.2 -3.2 -3.2 -3.2 -3.2 -3.2 -3.2 -3.2 -3.2 -3.2 -3.2 -3.2 -3.2 -3.2 -3.2 -3.2 -3.2 -3.2 -3.2 -3.2 -3.2 -3.2 -3.2
43.9 32.3 28.7 24 23.1 3.8 3.9 3.7 3.6 3.5 3.1 2.9 2.3 1.8 1.5 1.2 1.2 0.8 0.8 0.6 0.4 0.2 0.1 -0.3 -0.6 -1.2 -1.8 -2.5 -3.2 -3.2 -3.2 -3.2 -2.5 -2.3 -2.1 -1.9 -1.6 -1.6 -1.9 -1.9 -2 -2.3 -2.2 -2.2 -1.9 -1.5 -1.2 -0.8 -0.4 -0.9 -1.5 -1.5 -1.2 -1.9 -3.2 0.1 0.8 1.3 1.4 1 -3.2 -3.2 -3.2 -3.2 -2.8 -3.2 -3.2 -3.2 -3 -2.8 -2.6 -3.2 -3.2 -3.2 -3.2 -3.2 -3.2 -3.2 -3.2 -3.2 -3.2 -3.2 -3.2 -3.2 -3.2
70.5 57.6 52 53.1 48 45 37.3 29.6 18.7 16.7 11 6 3.4 3 2.7 2.4 2.2 1.8 1.8 1.5 1.3 1.1 0.9 0.5 0.1 -0.4 -1 -1.7 -2.2 -2.5 -2.5 -2.2 -1.9 -1.5 -1.2 -1 -0.8 -0.7 -0.9 -0.8 -0.9 -1.1 -1 -0.8 -0.6 -0.2 0.2 0.6 1 0.6 0.3 0.3 0.4 -0.7 -3 -0.8 2.1 2.6 2.9 3 -3.2 -1.6 -0.7 -1 -1.2 -1.7 -1.9 -1.7 -1.7 -1.6 -1.4 -1.6 -2.1 -2.5 -3.2 -3.2 -3.2 -3.2 -3.2 -3.2 -3.2 -3.2 -3.2 -3.2 -3.2
81.7 76.2 80 83.1 65.4 70.4 64 41.1 32.3 45.9 32.1 25.3 21.2 5.4 3.9 3.6 3.2 2.8 2.7 2.4 2.2 2 1.7 1.4 0.9 0.3 -0.2 -0.8 -1.2 -1.4 -1.4 -1.2 -1 -0.7 -0.4 -0.2 0.1 0.2 0.1 0.2 0.3 0.1 0.2 0.5 0.7 1.1 1.5 2 2.4 2.2 2.1 2.1 2 0.4 -1.8 -3.2 1.8 3.9 2.9 -3.2 -3.2 1.9 1 0.7 0.4 0 -0.4 -0.3 -0.5 -0.3 -0.1 -0.5 -0.9 -1.3 -1.8 -2 -2.1 -2.3 -3.2 -3.2 -3.2 -3.2 -3.2 -3.2 -3.2
82.6 83.6 83.8 83.7 83.2 82.2 80.5 78.7 71.8 67.6 65.8 55.4 46.9 32.2 21 19.3 5.9 3.8 3.5 3.3 3 2.9 2.6 2.1 1.7 1.3 0.6 0.1 -0.1 -0.2 -0.3 -0.2 -0.1 0.1 0.5 0.7 0.9 1.1 1 1.3 1.5 1.4 1.5 1.8 2 2.4 2.8 3.4 3.9 3.9 3.9 3.8 3.6 1.5 -0.9 -3.2 5.4 3.9 -1 -3.2 -3.2 3.3 2.7 2.3 2.1 1.6 1 1.2 0.9 1 1.1 0.7 0.3 -0.1 -0.5 -0.6 -0.8 -1.5 -2.1 -2.3 -2.4 -2.5 -2.6 -2.5 -2.4
82.8 83.8 84 83.9 83.7 83 81.8 79.1 75.8 72.6 69.1 67.5 64.6 61 54.6 45.9 38.2 24.4 13.2 5.8 3.9 3.7 3.4 3 2.6 2.1 1.5 1.1 1 0.9 0.8 0.9 0.9 1.1 1.2 1.6 1.8 2 2 2.3 2.6 2.6 2.8 3 3.4 3.6 4.9 21.2 26.3 25.9 22.4 18.7 10.5 11.3 8.4 -3.2 7.9 -3.2 -3.2 -3.2 -3.2 -3.2 3.9 3.8 3.7 3.2 2.6 2.7 2.3 2.2 2.2 1.8 1.4 1.1 0.9 0.5 -0.3 -1.1 -1.4 -1.5 -1.7 -1.8 -1.9 -1.9 -1.7
83.2 83.9 84.2 83.9 83.9 83.3 82.4 81.1 79.1 75.8 72.7 67.7 61.2 56.2 51.2 49.4 47.4 45.2 43.5 32.6 38.7 35.1 13.6 4.1 3.5 2.9 2.4 2.1 2.1 2 2 2 2 2 2.2 2.3 2.6 2.9 3.1 3.4 3.7 3.9 10.7 23.4 40.2 39.8 36.2 31.3 27.8 23 20.3 16.4 14.3 13 9.1 7.3 8.5 -3.2 -3.2 -3.2 -3.2 -3.2 8.4 19.5 8.6 3.9 3.9 3.6 3.7 3.5 3.3 3 2.6 2.4 1.7 0.9 0.1 -0.5 -0.6 -0.8 -0.9 -1 -1.1 -1.2 -1.1
83.4 84 84.6 84.4 84.2 84 83.1 83 81.5 78.2 73.7 69 61.3 53.7 44.6 38.5 36.6 35.1 33.5 31.9 29.7 27.9 32 32.1 20.3 3.8 3.4 3.2 3.1 3.2 3.1 3.1 3 3 3.1 3.2 3.5 3.8 5 18.6 45.4 37 49.1 53.3 49.9 46.2 42.7 38 32.3 29.2 26.9 20.5 16.2 14.6 10.3 7.9 9.2 9.2 9.4 -3.2 -3.2 -3.2 12.2 12.9 13.3 13.6 20.6 20.1 16.7 20.2 19.5 16.3 3.6 2.9 2.1 1.3 0.6 0.2 0.1 0 -0.2 -0.3 -0.4 -0.5 -0.4
83.4 84.3 85 84.8 84.7 84.7 83.9 83.6 82.8 79.3 73.1 62.8 49.8 45.3 41.6 39.1 37.1 36.6 35.1 33.7 31.8 29.2 26.9 23.7 22.2 21.1 10.7 7.5 8.6 15.4 6.8 15.9 20.5 3.9 12.4 4.8 5.9 21.3 36.7 45.6 66.4 61.8 60.1 57.4 54.2 51.8 48.4 47 43.3 39.4 34 30.8 26.2 14.4 6.4 9.1 9.8 9.7 10 10.6 12.6 17.8 19.4 19.1 19.5 19.7 18.8 14.3 19.2 18.7 18.2 4.9 3.9 3.3 2.5 1.8 1.1 0.9 0.8 0.7 0.6 0.4 0.3 0.2 0.3
83.3 84.2 84.9 85 85.1 85.1 84.7 84.2 83.9 79.2 67.9 57.7 53.9 52.6 50.6 48.5 47.2 45.4 43.1 40.5 38.1 35 32.4 28.8 26.2 26.3 25.4 26 25.1 28.6 33.2 38.4 44.2 49.3 57.1 57.3 47.4 42.6 54.7 68.2 66.6 62.7 59.1 53.6 49.7 45.4 41.3 40.5 39.1 33.6 23.1 14.4 11.4 9.8 9.4 9.2 10.4 9.9 11.7 15.5 17.3 19.3 20 20 19.9 19.6 19.5 19.2 17.6 18.2 17.8 3.9 3.9 3.7 3 2.2 1.9 1.7 1.6 1.5 1.3 1.1 1 0.9 1
82 83.3 84.2 84.5 84.8 84.6 84.3 83.9 82.7 78.9 71.9 66.6 64.1 60.3 57.4 54.7 50.9 47.9 44.2 41.7 38.3 34.7 32.1 30 30.7 31.6 32 31.4 31.6 32.1 35.9 40.4 46.4 51.4 58.8 66.1 70.3 66.5 72.5 72.4 69.8 64.5 58.3 52.5 46.6 42.5 38.7 28 25.2 18.7 12.6 12.3 11.6 10 10.4 11.3 10.7 11.7 18.4 20.2 20.3 19.4 20.2 20.8 20 19.3 19.2 19.1 18.3 17.4 17.6 5.3 3.9 3.9 3.4 2.8 2.6 2.4 2.3 2.2 2 1.8 1.7 1.7 1.7
77.2 78.8 82.1 83.7 84.3 84.5 84.1 83.5 82 79.5 75.8 71.6 67 62.8 59 55.9 53.9 50.6 48.6 45.9 42.9 38.9 36.4 35.8 36.9 37.3 36.2 35.7 37 37.9 41.3 45.4 49.3 53.8 59.1 65.1 70.8 76.1 76.6 74.1 67.9 58.7 49.6 41.9 36.6 33 28.7 20.9 14.7 13.5 12.7 11.9 11.4 9.6 10.6 13.7 16.4 16.1 21.1 20.1 22 21.5 20.4 20.3 20.6 20 19.2 19.2 18.9 18.1 17.5 17.4 11.3 4 3.9 3.5 3.3 3.2 3.1 2.9 2.7 2.5 2.4 2.4 2.4
65.9 71.5 76.6 80.2 83 84.2 84.1 83.8 81.5 80 77.5 72.9 69.3 65.4 63.2 60.8 58.1 56.3 54.7 52.9 50.2 45.6 42 42.5 44.5 44.4 43.1 41.6 42 44.5 47.1 49.9 53.1 56.5 61.1 64.1 67.7 70.6 69.6 67.3 58.2 46.2 37.1 31 25.5 19.1 15.9 13.6 13.5 15.6 13.1 16.8 11.4 11.5 12.5 14.5 20 21.9 24.3 22.4 22.4 22 21.1 21.2 21 20.9 20.5 20.3 19.4 19.4 18.3 18.3 18.9 17.2 17.1 5.9 4.4 3.9 3.8 3.6 3.4 3.2 3.1 3.1 3.1
54.5 57.8 64.6 72.3 78.8 81.9 83.7 84 82.5 81.1 77.1 73.5 70.7 68.3 65.8 63.7 61.9 61.2 59.8 58.4 57 54 51.9 51.1 51.9 51.7 49.2 46.4 47.3 48.8 51.2 54.3 56.4 59.3 62 63.6 65.7 66.1 63.9 61 47.4 35.4 27.3 19.5 17.1 15.1 14.9 14.6 14.1 13.5 14 14.8 16.9 20.1 19.8 23.8 30.3 31.2 29.4 27.5 25.9 24.8 22.9 22.4 22.2 21.3 21 20.5 19.6 19.3 18.5 18.7 19 18.5 18.3 17.6 17.5 16.9 16.9 13.6 5 3.9 3.8 3.8 3.8
46.1 49.9 54.3 60.2 69.3 78.2 81.5 83.8 83.7 81.4 78.3 75.1 72.2 69.5 68 66.8 66.2 65.8 65.5 64.3 62.9 61.4 59.9 59.3 59.7 58.8 56 53.6 52.7 53 55.7 58.3 59.2 60.7 61.3 62.3 61.3 58.1 52 43.3 31.2 23.2 18 15.1 15.4 15.1 14.8 14.6 14.2 14.5 14.1 16.9 20.3 22.7 25.8 30.3 37.8 38.6 37.2 33.3 29.5 26.8 24.6 23 23.2 22 22 21.7 20.5 20.3 19.8 19.9 19.4 19 19.4 20.2 21.1 21.7 21.6 21.1 19.9 18.4 14.2 6.8 7.1
41.8 45.2 49.4 56.1 62.4 71.1 78.6 83.6 83.7 81.3 78.4 75.6 72.2 69.7 68 66.3 65.6 65.6 67.1 67.5 67.8 66.9 66.2 65.4 65.3 64.9 62.6 60.5 58.8 58.3 58.7 61.4 61.5 61.1 59.6 53.9 49.4 41.6 32.7 23.2 19 15.5 17 16.1 15.3 15 14.9 14.6 14.8 16.6 24.8 27.8 30.9 31.4 35.5 41.9 45.3 44.7 40.3 35.4 30.4 28 25.5 24.1 24 23 23.1 22.3 22.1 21.9 22.9 22 21.7 22.2 23.3 25 25.5 27.3 26.4 25.1 23.8 21.2 18.6 19 18.3
40.8 44.6 49 54.7 61.2 69.3 77.2 82.8 83.3 79.8 77.1 74.2 70.8 66.4 62.5 60.1 58.3 58.3 58.6 58.4 59.7 63.9 65.6 68.6 68.8 68.9 67.5 65.8 63.6 61.8 61.7 61.8 52.8 46.8 42.2 36.7 29.3 23.6 19.5 16.6 17.3 17.4 16.3 15.1 15.5 15.4 15.2 14.9 17.8 35.2 40 41.5 45.9 48.3 50.7 52.9 47 44.9 40.5 35.8 31.7 28.3 26.7 25.6 24.6 23.9 23.7 24.3 23.8 24.6 25.8 25.9 27.8 29.4 32.4 33.5 33 32.3 32.8 31.3 28.5 25.3 21.7 17.5 16.9
43 45.9 49.7 54.1 59.6 67 74.8 79.2 80.6 78.6 75.3 72.5 68.9 64.6 60.3 56 53.2 51.8 49.2 49.9 52.6 56.3 58.7 60.4 66 68.7 68.4 67.2 65.9 63.5 61.4 55.5 45.4 36.8 29.3 22.9 20.6 17.5 18.2 17.9 17.7 17 16.4 14.4 16.3 17.1 17.2 28.2 37.9 44.3 48.9 52 54.5 55.8 57.1 51.4 45 41 37.8 34.5 31.5 28.8 27.7 26.7 25.6 25.2 25.8 26.3 26.9 28.5 29.1 29.1 32.1 36.9 43.1 42.4 40.6 39.2 38.4 36.4 33.5 29.7 25.1 22.1 19.2
44.4 47.2 50.4 54.2 58.5 62.9 70.9 75.1 76.9 76.1 74.3 71.1 67.3 62.7 57.5 54.4 53.4 50.7 49.3 47.9 43.6 45.3 48.9 50.9 55.8 63.6 66.9 67.3 66 63 55.9 44.2 30.4 25.6 21.6 18.4 18.7 18.6 18.4 17.7 17.3 17.1 17.6 17.2 14.9 27.6 36 48.6 49.9 53.3 55 57.4 58.1 55.8 52.9 47.6 42.9 38.1 36.2 33.8 30.7 29.3 27.8 27.1 26.4 26.5 27.5 27.8 28.3 29.2 29.9 30.9 33.5 38.7 44.4 46.7 44.8 42.1 40.7 39 35.9 32.2 28.1 25.8 22.6
41.6 48 52.3 55.8 59.9 63.5 68.9 72.2 73.6 74.2 72.8 69.8 65.1 60.5 59.5 59.8 57.1 54.9 54.1 51.3 46.7 43.1 39.4 38.7 43.6 52.4 56.8 60 60.1 55.1 42.6 27.2 20.4 19.6 18.5 18.6 18.3 17.7 17.5 17.6 17.4 17.9 19.1 27 40.1 47.9 49.8 52.4 56.1 57.8 58.9 58.3 55.9 52.2 47.8 43 39.7 37.1 34.7 32.6 30.8 29 27.8 27.2 26.6 26.9 27.8 28.3 28.4 29 28.9 30.1 31.4 35.5 39.9 42.9 45 43.2 41.8 40 37.6 34.4 30.8 29.1 26.3
34.7 41.1 50.2 56.2 61.1 64.4 68.1 70.7 72.3 72.9 71.6 69 65.9 64.6 63 63.8 62.6 61.7 60.7 57.3 54 50.3 44.9 39.9 35.1 37.4 44 47.5 47.4 44.7 34.7 23.1 20.1 19.9 19 18.8 18.7 18.5 18.4 19 19.9 24.2 33.9 43 53.3 56.5 57.6 56.8 58.3 58.9 57.9 56.1 51.5 46.7 42.6 39.9 37.7 35.4 33.1 31.2 29.5 29 27.9 27.2 26.6 26.6 26.9 25.6 26.3 25.9 26.6 27.3 28.4 31.7 34.7 36.1 36.4 35.7 35.5 36.5 36 33.5 31.9 29 26.1
30.6 34.6 40.8 49.2 59.4 64.8 69.5 71.9 73.2 73.2 72.1 71.1 68.8 66.3 65.9 67.9 69.3 67.7 66.6 64.4 60.8 55.8 50.1 43.4 39.5 34 32.7 37.8 38.9 34.4 24.3 19.9 19.9 20.2 19.6 20.2 23.5 25.1 24.2 24.8 27.5 37.5 46.7 52.1 55 57.2 57.8 55.8 54.7 54.6 54.9 51.3 46.1 42.2 39.9 37.7 36.1 35.5 33.1 32.3 30.5 29.8 28.5 27.4 26.9 26 25.1 25 24.4 24.3 24.2 25.1 26.2 27.4 28.8 29.8 30.1 28.7 28.2 27.2 26.3 25.4 25 23.2 21
28.4 31.6 34.9 40.9 48 57.2 66.9 71.9 74.3 74.2 73.2 72.7 70.9 69.2 69.1 71.2 72.7 72.2 71.7 69.3 64.4 58.9 54 50.5 46.3 40 32.7 27.8 26.3 25.1 20.8 20.2 20.4 24.3 29.2 28 26.7 29.5 30.3 32.1 37.5 47.9 52.9 55.6 56.4 57 56.6 55 52.6 51.7 50.2 47.1 44.6 44 43.2 41.7 40.5 38.3 35.8 34.7 32.5 30.9 29.8 29.1 27.6 26.7 26 25.2 24.2 23.1 22.8 22.7 23.4 24 24.5 25.5 25.4 25.5 24.4 23.2 22.7 21.2 20.9 20.6 18.4
30.9 32.8 34.2 37.4 41.7 47.6 56.4 65.7 73.7 75.9 74.3 74.9 73.7 72.9 72.9 73.7 74.6 74.4 72.5 69.5 66 63.5 60.9 58 53.2 47.7 40.5 33.8 26.3 22.5 21.2 20.6 21.3 29.4 30.8 29.6 29.4 31.5 33.9 39.6 47.8 55.5 57.4 57.9 57.6 57.1 56 53.7 51.8 49.8 48.9 46.5 47.3 48 48.3 46.8 45.4 43.6 40.6 38.4 35.9 33.5 32.2 30.6 30.5 29.2 27.5 26 25 24.3 22.7 22.2 22 22.3 23 23.3 22.4 21.6 20.9 20.9 19.6 18.7 18.3 18.3 17.3
33 35.8 37.4 38 40.1 44.1 49 57.6 69.7 75.2 75.3 76.6 76.9 76.5 76.3 76.3 76.5 75 72.7 70.2 67.7 67.2 66.6 63.6 56.2 49.3 43.6 36.4 25.3 21.9 20.2 21.6 22.6 29.7 31.6 31.4 31.2 33 37.7 44.4 56.6 60.4 60.8 60.7 58.7 56.5 54.5 52.8 50.9 50.4 49.4 48.1 47.6 48.7 50.1 51.2 51.2 49 46.2 42.3 38.8 36.8 35.5 34.4 34.1 32.8 30.7 28.6 26.5 25 23.6 22.2 21.7 21.2 21.2 21.4 21.3 20.6 19.8 18.8 18.8 17.3 16.8 16.9 16
34.8 38.8 41.3 40.8 42.5 45.7 48.9 52.8 62.7 72.2 76.1 78.7 78.8 78.9 78.8 78.4 77.2 76 72.8 70.6 68.8 68.7 67.5 64 56.4 48.6 42.2 32.2 23.8 21.9 21.4 22 29.6 31.9 30.2 33.4 34.2 34.2 38.2 44.7 57 63.1 62.6 61.9 59.6 55.9 54.4 52.6 52.3 51.4 50.6 50 49.2 49.6 50.9 53.6 55 55.2 50.3 45.2 41 40.1 39.3 39.7 39.7 36.8 34.8 32.5 29.6 26.5 24.4 22.7 21.9 21.1 20.6 20.5 20.9 19.7 19.2 18.6 18.2 16.3 17.1 17.1 17.7
35.7 40.4 44.3 44.7 45 48.8 53 54.4 60.2 68.2 73.3 72.2 79.6 79.6 79.6 78.4 76.8 73.9 71.6 69.5 68.3 66.9 64.8 59.3 53 45.3 37.3 25.6 22.3 21.3 21.8 22.4 33.2 35.3 35.6 35.8 37.2 37 38.3 42.7 48.6 53.1 54.6 55.8 56.1 55.5 54.4 54.9 53.9 52.7 52 51.8 50.8 50.9 51.5 54 55.7 56.9 54.6 49 45.9 45.6 46.8 46.6 44.8 42.7 39.3 36.5 32.6 28.9 25.5 23.4 22.2 21.3 21.3 20.3 19.6 19.2 19.3 18.7 18.2 16.7 17.5 17.3 17.7
