public/OST50/ST04.asc
ncols 200
nrows 200
xllcorner 300000
yllcorner 140000
cellsize 50
[rows 114 to 151 of 200, columns 0 to 84 of 200]
13.2 13 12.7 12.4 11.5 10.9 10.5 10.3 10.7 10.1 9.5 8.9 8.6 8.2 7.3 5.1 2.4 3.7 3.3 2.9 2.6 2.1 1.6 1 0.6 0.2 -0.2 -0.6 -1.1 -1.4 -1.8 -2.1 -2.6 -3 -3.2 -3.2 -3.2 -3.2 -3.2 -3.2 -3.2 -3.2 -3.2 -3.2 -3.2 -3.2 -3.2 -3.2 -3.2 -3.2 -3.2 -3.2 -3.2 -3.2 -3.2 -3.2 -3.2 -3.2 -3.2 -3.2 -3.2 -3.2 -3.2 -3.2 -3.2 -3.2 -3.2 -3.2 -3.2 -3.2 -3.2 -3.2 -3.2 -3.2 -3.2 -3.2 -3.2 -3.2 -3.2 -3.2 -3.2 -3.2 -3.2 -3.2 -3.2
13.6 13.3 13.1 12.8 12.5 12.2 11.3 11 10.7 10.3 9.8 9.2 8.6 8.2 7.6 7.4 7.2 3.9 3.8 3.5 3 2.5 2 1.5 1 0.7 0.2 -0.3 -0.6 -1 -1.4 -1.8 -2.2 -2.6 -3.2 -3.2 -3.2 -3.2 -3.2 -3.2 -3.2 -3.2 -3.2 -3.2 -3.2 -3.2 -3.2 -3.2 -3.2 -3.2 -3.2 -3.2 -3.2 -3.2 -3.2 -3.2 -3.2 -3.2 -3.2 -3.2 -3.2 -3.2 -3.2 -3.2 -3.2 -3.2 -3.2 -3.2 -3.2 -3.2 -3.2 -3.2 -3.2 -3.2 -3.2 -3.2 -3.2 -3.2 -3.2 -3.2 -3.2 -3.2 -3.2 -3.2 -3.2
13.9 13.7 13.5 13.2 12.8 12 11.4 10.4 11.1 10.2 10.1 9.9 9 8.3 8.1 7.7 7.2 6.7 5.5 3.9 3.4 2.9 2.4 1.9 1.5 1 0.5 0.2 -0.2 -0.6 -1 -1.4 -1.8 -2.2 -2.6 -3.2 -3.2 -3.2 -3.2 -3.2 -3.2 -3.2 -3.2 -3.2 -3.2 -3.2 -3.2 -3.2 -3.2 -3.2 -3.2 -3.2 -3.2 -3.2 -3.2 -3.2 -3.2 -3.2 -3.2 -3.2 -3.2 -3.2 -3.2 -3.2 -3.2 -3.2 -3.2 -3.2 -3.2 -3.2 -3.2 -3.2 -3.2 -3.2 -3.2 -3.2 -3.2 -3.2 -3.2 -3.2 -3.2 -3.2 -3.2 -3.2 -3.2
14.2 13.8 13.8 13.2 12.2 9.8 11.6 11.5 11.1 10.3 10.3 10.2 10.1 8.9 8.3 7.8 7.3 6.8 6.7 5.5 3.8 3.3 2.8 2.3 1.8 1.3 1 0.6 0.2 -0.2 -0.6 -1 -1.4 -1.7 -2.1 -2.5 -2.9 -3.2 -3.2 -3.2 -3.2 -3.2 -3.2 -3.2 -3.2 -3.2 -3.2 -3.2 -3.2 -3.2 -3.2 -3.2 -3.2 -3.2 -3.2 -3.2 -3.2 -3.2 -3.2 -3.2 -3.2 -3.2 -3.2 -3.2 -3.2 -3.2 -3.2 -3.2 -3.2 -3.2 -3.2 -3.2 -3.2 -3.2 -3.2 -3.2 -3.2 -3.2 -3.2 -3.2 -3.2 -3.2 -3.2 -3.2 -3.2
9.1 9.4 12.8 13.9 13.3 12.4 12.1 12 11.7 11.1 10.7 10.3 9.6 9 8.6 8.1 7.6 7.2 6.8 6.3 3.1 3.6 3.1 2.6 2.1 1.8 1.4 1 0.6 0.2 -0.2 -0.6 -1 -1.2 -1.6 -2 -2.4 -2.7 -3.2 -3.2 -3.2 -3.2 -3.2 -3.2 -3.2 -3.2 -3.2 -3.2 -3.2 -3.2 -3.2 -3.2 -3.2 -3.2 -3.2 -3.2 -3.2 -3.2 -3.2 -3.2 -3.2 -3.2 -3.2 -3.2 -3.2 -3.2 -3.2 -3.2 -3.2 -3.2 -3.2 -3.2 -3.2 -3.2 -3.2 -3.2 -3.2 -3.2 -3.2 -3.2 -3.2 -3.2 -3.2 -3.2 -3.2
14.7 14.3 14 13.8 13 12.7 12.3 12.4 11.9 11.1 10.7 10.4 9.8 9.3 8.8 8.3 7.9 7.5 7.1 6.7 6.5 3.9 3.5 3 2.6 2.2 1.8 1.4 1 0.6 0.2 -0.2 -0.4 -0.8 -1.2 -1.6 -1.9 -2.2 -2.4 -2.7 -3.2 -3.2 -3.2 -3.2 -3.2 -3.2 -3.2 -3.2 -3.2 -3.2 -3.2 -3.2 -3.2 -3.2 -3.2 -3.2 -3.2 -3.2 -3.2 -3.2 -3.2 -3.2 -3.2 -3.2 -3.2 -3.2 -3.2 -3.2 -3.2 -3.2 -3.2 -3.2 -3.2 -3.2 -3.2 -3.2 -3.2 -3.2 -3.2 -3.2 -3.2 -3.2 -3.2 -3.2 -3.2
15.1 14.3 14 13.6 13.3 13 12.6 12.3 12.1 11.3 11 10.8 10.8 9.5 9 8.6 8.2 7.8 7.4 7 6.7 5.1 3.8 3.4 3 2.6 2.2 1.8 1.4 1 0.6 0.4 0.1 -0.3 -0.7 -1 -1.3 -1.6 -1.8 -2.1 -2.4 -2.6 -2.6 -2.7 -2.7 -2.7 -2.7 -2.7 -2.7 -2.6 -2.6 -2.6 -2.5 -2.5 -2.5 -2.5 -2.5 -2.4 -2.4 -2.4 -2.5 -2.6 -2.8 -3.2 -3.2 -3.2 -3.2 -3.2 -3.2 -3.2 -3.2 -3.2 -3.2 -3.2 -3.2 -3.2 -3.2 -3.2 -3.2 -3.2 -3.2 -3.2 -3.2 -3.2 -3.2
15.3 15 14.6 14 13.6 13.4 13.2 13.1 12.4 11.5 11.3 10.9 10.6 10.3 9.3 8.9 8.6 8.2 7.7 7.2 6.8 6.6 5.6 3.8 3.4 3 2.6 2.2 1.8 1.4 1.1 0.9 0.6 0.2 -0.2 -0.4 -0.7 -0.9 -1.2 -1.5 -1.7 -1.9 -1.9 -2 -2 -2 -2 -2 -2 -1.9 -1.9 -1.9 -1.9 -1.8 -1.8 -1.8 -1.8 -1.7 -1.7 -1.7 -1.8 -1.9 -2.1 -2.3 -2.6 -3.2 -3.2 -3.2 -3.2 -2.6 -2.6 -2.6 -3.2 -3.2 -3.2 -3.2 -3.2 -3.2 -3.2 -2.2 -1.9 -1.8 -1.7 -1.8 -2
16 15.7 15.3 15 14.6 14 13.6 13.2 12.5 11.7 11.4 11 10.7 10.3 9.5 9.3 8.9 8.4 7.9 7.3 6.9 6.9 6 4.5 3.8 3.4 3 2.6 2.3 1.9 1.7 1.4 1 0.7 0.4 0.1 -0.1 -0.3 -0.6 -0.9 -1 -1.2 -1.2 -1.3 -1.3 -1.3 -1.3 -1.3 -1.3 -1.2 -1.2 -1.2 -1.2 -1.1 -1.1 -1.1 -1.1 -1 -1 -1 -1.1 -1.2 -1.4 -1.6 -1.8 -2 -2.2 -2.1 -1.8 -1.6 -1.6 -1.6 -1.6 -2.1 -3.2 -2.4 -2.2 -1.5 -1 -0.7 -0.5 -0.4 -0.2 -0.2 -0.4
16.3 16 15.7 15.4 15 14.4 13.8 13.2 12.5 12.1 11.7 11.2 10.8 10.3 9.8 9.3 9 8.6 8 7.5 7.1 7 6.1 6.4 3 3.8 3.4 3.1 2.7 2.5 2.2 1.9 1.5 1.2 1 0.7 0.5 0.3 0 -0.2 -0.3 -0.4 -0.5 -0.6 -0.6 -0.6 -0.6 -0.6 -0.6 -0.5 -0.5 -0.5 -0.5 -0.4 -0.4 -0.4 -0.4 -0.4 -0.3 -0.3 -0.3 -0.4 -0.6 -0.8 -0.9 -1.1 -1.2 -1.2 -0.9 -0.6 -0.6 -0.5 -0.5 -1 -1 -0.8 -0.7 0 0.6 0.8 1 1 1.3 1.3 1.1
16.6 16.3 16 15.6 15.1 14.3 13.7 13.2 12.7 12.5 12.2 11.7 11.1 10.5 10 9.5 9 8.5 8.9 8 7.6 7.3 6.3 5.9 5.6 4.2 3.9 3.5 3.2 3 2.7 2.4 2.1 1.8 1.5 1.3 1.1 0.9 0.6 0.5 0.4 0.3 0.2 0.1 0.1 0.1 0.1 0.1 0.1 0.1 0.2 0.2 0.2 0.2 0.3 0.3 0.3 0.3 0.4 0.4 0.4 0.3 0.2 0.1 -0.1 -0.1 -0.3 -0.2 0.1 0.4 0.5 0.5 0.7 0.1 0.5 0.7 0.9 1.7 2.2 2.3 2.5 2.4 2.7 2.9 2.5
16.9 16.5 16.2 15.8 15.3 14.8 14.3 13.6 13.5 12.9 12.7 12.2 11.5 10.8 10.4 9.9 9.2 8.7 8 8 7.5 7.2 6.5 5.9 5.6 5.6 6.2 3.9 3.8 3.5 3.2 2.9 2.6 2.4 2.1 1.9 1.8 1.5 1.3 1.2 1.1 1 0.9 0.8 0.8 0.8 0.8 0.8 0.8 0.8 0.9 0.9 0.9 0.9 1 1 1 1 1 1.1 1.1 1 0.9 0.9 0.8 0.8 0.7 0.8 1 1.3 1.5 1.6 1.8 1.6 1.9 2.2 2.4 3.1 3.8 3.9 3.8 3.9 7.2 12.5 3.9
17.1 16.9 16.3 15.7 15.4 15.2 15.1 14.7 14.6 13.6 13.1 12.6 12 11.4 10.4 10.3 9.5 8.9 8.4 7.8 7.7 7.8 6.6 6 5.8 5.6 5.6 6.1 6.2 3.9 3.8 3.4 3.2 2.9 2.7 2.5 2.4 2.2 2 1.9 1.8 1.7 1.6 1.6 1.5 1.5 1.5 1.5 1.5 1.5 1.6 1.6 1.6 1.6 1.6 1.7 1.7 1.7 1.7 1.8 1.8 1.7 1.7 1.7 1.7 1.7 1.7 1.7 2 2.2 2.5 2.6 2.9 3 3.4 3.7 4 6.2 29.5 49.1 46.8 40.1 34.4 33.4 54
17.5 16.9 16 15.8 16.5 15.8 15.7 15.9 15.4 15.3 15.4 16 14.8 14.5 13.9 12.5 11.6 10.9 9.9 8.8 8.2 7.7 7.1 6.6 6.1 5.9 6.9 7.4 6.7 7.3 5.7 4.2 3.8 3.5 3.3 3.2 3 2.8 2.7 2.6 2.5 2.4 2.3 2.3 2.2 2.2 2.2 2.2 2.2 2.2 2.3 2.3 2.3 2.3 2.3 2.4 2.4 2.4 2.4 2.4 2.5 2.5 2.4 2.5 2.6 2.6 2.7 2.7 2.9 3.2 3.5 3.7 1.7 4.9 20.7 28.3 34.4 43.5 47.1 52.1 56.2 58.6 49.4 49.8 64
17.5 17.1 16.7 16.2 16.9 16.6 16.5 16.3 16.2 17.6 20.5 21.9 24 26.1 24.2 19.7 16.2 14 12 10.7 9.2 8.3 7.8 7.3 6.6 6.3 6.3 6.1 5.9 5.5 6.6 5.6 7.8 6.2 3.9 3.8 3.7 3.5 3.4 3.3 3.2 3.1 3 3 2.9 2.9 2.9 2.9 2.9 2.9 3 3 3 3 3 3 3.1 3.1 3.1 3.1 3.2 3.2 3.3 3.3 3.5 3.6 3.7 3.7 3.9 5.1 10.5 20.6 21.6 25.3 29.4 34 36.9 37.4 41.9 49.9 55.7 62.2 73.3 78.4 76
19.3 18.5 17.7 17.5 19.3 19.3 18 17.8 17.3 20.4 26.4 33.4 36.6 37.7 35.1 26.5 21.1 17.5 14.2 12.3 10.7 8.9 8.4 8 7.1 6.8 6.7 6.6 6.6 6.2 5.7 5.5 5.2 5.2 5.9 7.3 7.9 6.3 4.9 4.4 3.9 3.8 3.7 3.7 3.6 3.6 3.6 3.6 3.6 3.6 3.7 3.7 3.7 3.7 3.7 3.7 3.8 3.8 3.8 3.8 3.9 5.4 8.6 7.1 8.3 10.9 16.4 20.6 20.1 27.7 25.7 26.1 26.4 30.2 33.6 38.3 43.9 47.8 45.6 49.9 58 65.8 75.6 79.6 81.3
19.8 21.4 22.3 22.9 23.9 22.6 18.4 16.8 18.8 22.6 32.3 39.7 43.2 42.5 40.1 32 27.2 23 17.6 13.4 11.1 9.5 9.1 8.6 7.6 7.4 7 7.6 8.6 8.4 7.6 6.2 5.6 5.7 5.8 5.6 5.9 7.3 8 7.7 7.9 8.3 9 9.8 10 11.1 10.2 10.6 11 10.4 9.8 8.1 6.4 6.7 5.5 5.7 5.8 6.1 7.4 6.2 6.2 6.2 6.5 8.4 11.3 16.2 21.7 22.9 28.9 30.7 31.3 32 32.9 34.4 38.3 43.3 51.3 55.2 54 54.4 64.7 71.4 77.6 80.5 81.7
27.6 29 24.7 24.2 24.2 23.4 20.8 19 20.1 24.7 34.5 44.1 49.3 47.7 44.5 39.3 34.1 28.2 21.5 15.1 12.1 10.1 9.6 9.2 8.7 8.4 8.7 11 11.8 11 9.7 8 6.7 6.3 6.2 6.5 7.3 8.3 9.1 9.1 9.7 11.9 12.4 12.2 14.6 13.5 12.3 12.2 12.1 9.8 8.9 7.3 6.6 6.4 6.2 6.3 5.5 6 6.8 6.8 6.6 6.6 7.9 10.6 13.1 18.2 24.4 28.3 31.7 34.1 37.3 38.9 40.1 39.5 44 49.8 56.6 58.8 58 58.5 69.6 75.2 79.4 81.3 82.3
40.7 37.6 28.9 24.6 24.7 23.5 21.6 19.9 21.7 26.5 36.8 47.2 51.8 51.4 48.5 44.2 38.5 31.7 23.8 17 13.4 11.5 10.4 10.1 9.9 9.6 10.2 12.7 13.5 12.8 11.6 9.6 8.1 7.2 7.7 7.8 8.2 9.6 10.8 11 12.4 14.9 17 17.9 17.9 17.8 15.9 14.2 13.3 11.6 9.1 7.1 6.9 6.7 6.5 6 6.8 6.8 6.8 6.8 6.8 6.8 10.7 12.9 15.4 19.5 24 29.5 35.4 44.3 47.4 48.6 47 46.9 49.2 54.3 58.4 60.6 60 62.3 69.9 77.5 81.3 82.1 82.7
39.1 34.5 30.2 25.2 25.3 23.8 22.5 21.6 23.1 27.4 34.9 45.6 50.9 51.4 50.3 47.2 41.3 34.9 26.5 19.4 14.3 12.2 11.4 11 10.4 10.3 10.9 12 13.6 13.8 13.3 11.5 9.8 8.7 9.1 9.3 9.6 10.6 12.3 13.5 15.6 18.5 21.8 22.6 21.8 20.4 18.8 16.5 14.3 12 9.4 8.1 7.5 7.2 6.9 6.8 6.5 6.5 6.5 6.7 6.7 7.6 10.5 15.1 16.2 20.9 25.3 30.4 35.9 52.2 56.7 56.9 56.8 55.3 56 57.4 60.4 63.6 66.1 68.6 72.9 79.1 81.7 82.4 82.7
34.9 31.6 28.9 27 25 24.1 23.2 23.7 25.2 28.4 33.7 40.4 46.8 50.2 51.7 49.1 43 36.3 26.9 18.9 14.8 12.8 11.7 11.3 10.7 11.5 11.9 12.5 13.8 14.7 14.8 14.4 13.9 12.2 10.7 10.9 11 11.9 13.4 15.5 18.5 22.8 25.7 27.1 26.2 23.8 20.4 17.7 14.8 11.7 10.3 7.9 7.4 7.2 7 6.9 6.8 6.7 7.1 6.7 6.9 7.9 9.6 12.7 16.2 20.7 26.1 30.3 34.3 50 56.9 61.5 62.6 63.9 63.2 63.2 63.9 66.5 68.6 70.1 74.2 79.2 81.5 82.4 82.9
33 31 28.6 27 25.8 24.3 23.7 24.4 25.6 29.8 34.3 39.4 46.9 51.4 52.7 50.3 44.4 36.1 26.5 19.5 14.9 13.3 12.3 11.7 11.7 13.1 14.3 15.3 15.6 16 17.3 17.3 17.6 16 13.7 13.1 12.9 13.7 15.5 17.7 19.9 25.3 28.8 30 29.5 26.9 23.4 18.8 14.9 11.6 9.6 8.5 7.5 7.3 7.2 7.1 7.1 7.4 7 7 6.5 8.1 8.4 10.9 14 18.8 23 29.6 32.7 39.4 46.1 49.7 52.2 56.4 58.4 61.3 63.4 66.6 69.4 70.5 72.9 76.8 78.3 80.4 81.3
31.1 30 30 28.6 26.9 25.5 25.1 25.2 26.4 30 34.9 40.2 48.3 51 51.4 47.3 41.2 34.3 26.2 19.8 16.7 14.1 12.9 12.2 13.6 15.6 18.6 18.9 19.5 20.5 21.4 21 21 19.5 16.5 14.9 14.9 15.9 17.8 20.8 24.6 28.5 32.8 33.5 32.1 28.6 23.2 18.4 14.2 12 10.1 9.1 8.5 8.2 8.1 7.9 7.9 7.8 7.7 7.5 7.3 7.6 8.2 9.1 11.9 16.3 19.6 23.9 30 34.8 38.3 41 43.2 46.1 46.5 47.6 49.8 52.3 55.7 59.5 63 65.6 70.5 74.4 75.2
32.6 33.5 35.1 32.9 29.5 26.6 26 26.1 27 30.1 33.9 39.5 45.4 48.6 48.8 44 39.2 32.5 26.4 21.3 17.2 15 13.1 13 15.3 18.2 23.4 23.9 25.1 28.4 27.5 25.1 23.9 22.6 19.3 17.7 17.4 17.7 19.7 21.5 25.5 30.8 36.1 37 33.1 27.8 21.8 17.4 13.5 11.6 10.9 9.8 9.6 9.3 9.3 9 8.9 8.6 8.3 7.8 7.6 7.4 7.7 8.2 9.9 13.1 16.8 21.4 25.5 28 30.4 34.2 36.2 39.7 39.5 40.2 42.5 45 47.1 49.4 52.5 53.8 57.4 64 64.9
35.5 37.7 40.8 37.7 32.8 28.3 27.6 27.7 27.9 30.5 33.9 38.1 42 44.7 44.5 41.9 38.7 33.9 28 22.8 18.1 15.2 14.7 14.4 17.6 21.7 27.9 29.1 29.3 32.9 32.2 30.5 29.5 26.7 23.1 21.7 20.6 20.5 21.1 23.7 26.8 31.7 39.2 36.5 32 25.7 19.9 16 13.3 12.3 11.6 10.5 10.4 10.2 12 10 9.6 9.3 9 8.4 7.9 7.7 7.8 8.3 9.1 10.6 14.2 18.1 20.9 24.2 25.8 27.3 28.6 30.8 33.6 34.3 35.3 37.7 38.7 41.4 45 49.2 50.5 49.9 52.7
41.9 40.7 38.8 35.8 32.3 30.4 28.4 29.1 29.1 31.3 34.6 38.7 42.5 44.4 44.7 43.5 40.8 35.7 29.3 22.8 17.4 15.6 15.4 15.8 18.5 24.2 29.6 32.2 32.5 36.3 36.9 37.5 36.7 31.7 25.9 25.4 25.8 23.6 23.3 23.7 25.7 27.5 32.2 33.2 29.1 23 18.5 15.5 14 13.2 12.2 11.6 11.1 10.8 10.4 11.2 10.3 10 9.7 9.3 8.6 8.3 8 8.4 8.9 9 10.7 13.3 14.9 17.8 19.6 23.5 24.2 25.7 26.2 30.1 30.3 32.3 33.2 35.8 38.9 41.2 42.8 44.3 46
48.7 45 41.2 38.4 35.7 32.6 31.2 29.2 29.9 31 33.7 37.6 40.2 42.1 42 40.5 36.9 32.3 25.3 19.4 17.4 16.9 16.5 17.2 18.7 24.3 31.5 34 35.6 40.5 44.1 43.5 40.2 33.6 33.2 31.3 30.2 28.1 25.5 25.1 25.2 26.6 27.2 28.2 24.7 22.5 18.4 15.9 14.6 13.8 13.2 12.4 11.9 11.5 11.1 11.2 11 10.7 10.4 10 9.6 8.1 8.4 8.8 9.1 9.3 9.9 10.9 12.4 15.2 18.2 18.4 18.8 21.6 23.2 25.3 25.9 27.6 29 31.4 34.1 36.2 36.9 38.2 39.8
54.5 49.5 46.1 42.9 39.1 35.2 32.8 31.7 30.9 31.1 31 33.1 35.1 35.7 35.3 33.5 30.7 26 20.9 19.1 18.9 18.4 17.7 18.3 19.8 24.7 32.7 36.8 39.4 44 47.5 46.7 42.5 37.3 38.3 35.7 33.9 30.7 28.3 28.1 27.4 26.7 26.8 25.6 24.1 21.3 19.1 16.3 15.1 14.7 14 13.2 12.7 12.3 11.9 11.5 12 11.4 10.8 10.2 9.8 9 9 9 9.4 9.4 9.9 10.1 11.4 12.4 13.1 14.6 15.4 17.4 18.3 20.8 21.9 22.2 25.1 26.8 28.3 30.2 33.4 35.2 38.6
58.2 51.8 47.3 43.3 39.5 36.3 34.4 33.7 31.9 29.8 29.8 29.5 28.8 28.5 27.8 26.4 24.2 21.5 20.5 20.1 19.8 19.2 19 19.7 22.1 26 32 39.7 45.2 49.1 51.3 49.8 46.3 43.8 45 43 38.3 34.4 33.5 33.1 33.2 31.4 28.4 25.8 23.2 20.2 18 16.7 15.6 15.1 14.4 14 13.5 13.1 12.5 12.3 12.5 12.3 11.6 10.9 10.1 9.8 9.5 9.9 9.7 9.6 9.9 9.8 10.7 11.6 11.9 13.1 14.3 15.6 16.2 17.4 18.7 20 21.3 23.7 25.5 28.9 34.2 37.8 40.6
59.1 52.3 47.9 44.6 40.7 37.5 35.8 35.1 33.5 30.2 28.6 28.6 28.1 27.5 26.3 25.8 24.3 21.7 21.4 21.1 20.8 20.5 20.2 20.9 23.8 27.6 33.3 40.4 50.1 55.5 57.4 55.3 51.1 52.1 52.3 49.5 42.4 37.7 40.9 42.7 40.8 36.8 31.2 27.3 23.6 20 18.4 17.7 17 16.3 16 15.6 15 14.7 13.6 12.9 13.3 12.5 12.3 11.5 10.5 10.4 10.2 9.2 9.8 9.8 9.4 9.5 9.8 10.1 10.8 12.1 13.4 14.5 14.7 16.2 17.5 18.8 20.2 22.2 23.6 26 30.2 34.4 40.8
58.9 54.6 50.4 46.6 42.4 38.9 37.1 36.3 35.7 32.6 30.2 27.5 28 27.4 26.8 25.1 24.2 23.4 22.7 22.2 21.9 21.6 22.9 23.5 24.7 29.2 34 41 50.5 61.6 64 60.6 57.4 58 55.6 48.9 42 44.1 49 50.9 46.7 39.9 34 27.9 23.2 20.2 19 18.4 17.8 17.3 16.7 16.1 15.8 15.4 15.1 14.7 13.8 12.9 12.2 11.7 11 10.6 10.1 9.8 9.8 9.8 9.8 9.7 9.6 10 10.7 11.6 12.7 14.1 14.3 15.2 16.5 17.8 19.5 21.1 22.1 23.9 26.9 30 35.3
59.5 54.5 50.7 46.3 42.5 40.1 39.9 39.4 37.9 35.1 31.2 28.9 28.1 28.2 28.3 26.8 25.9 25.2 24.4 23.8 23.3 22.8 22.7 23.5 24.4 30.3 34.4 40.2 47.4 58.2 65.3 63.8 62.5 59.7 55 49.1 48 49 54.1 55.4 50.9 42 34 28.3 23.3 20.6 19.8 19.2 18.6 17.9 17.2 16.8 16.4 16.1 15.6 15.2 14.4 13.4 12.3 11.8 11.4 10.8 10.5 10.3 10.9 10.1 9.9 9.8 9.7 10 10.4 11.3 12.1 13.4 14.4 14.7 15.6 16.9 18.2 19.5 20.9 22.6 24.4 27.5 30.4
59.3 54.3 49.9 45.7 42.9 41.7 42.2 41.8 40.1 37.3 33.6 30.7 30.9 30.5 29 28.6 27.7 26.5 26.2 25.6 25 24.4 23.8 23.7 27.8 30.9 33.7 38.9 45.7 53.7 62.4 65.3 63.9 60.5 56.1 55.7 55.2 54.4 57.2 56.6 49.3 40 33.6 28.1 23.8 21.3 20.8 20.2 19.4 18.6 17.9 17.6 17.3 16.9 16.3 15.8 15 13.9 12.8 12.4 11.8 10.9 10.4 10.3 10.3 10.6 10.2 10.1 10 10 10.4 11 12.1 12.9 13.7 14.3 15.2 16 17.3 18.7 20.1 21.3 23.3 25.1 27.2
59.8 54.1 49.3 45.9 43.9 44.1 44.3 43.7 41.3 37.3 33.5 32.2 33 32.9 30.3 30 29.2 29.5 28.2 27.1 26.7 25.4 24.9 24.4 26.9 29.6 33.9 40 45.2 55.9 64.7 67 64.8 61.9 58.4 59.3 59 58.8 58.9 56.9 49.6 41.1 33.8 28 24.7 22.6 21.7 21 20.3 19.5 18.9 18.5 18.2 17.6 17 16.4 15.5 14.4 13.3 12.8 11.7 10.7 10.3 10.3 10.4 11.3 11 10.8 10 10.2 10.6 11.9 12.9 12.9 13.9 14.6 14.9 15.5 16.6 18 19.4 20.8 22.1 24.1 25.9
60.2 55.7 50.3 47.3 46.4 46.8 46.9 42.6 40 36.4 34.2 33.7 34.4 34.3 32.6 33.4 34.2 34 30.8 29 28.1 27.7 26.4 25.7 26.2 29.6 37 41.5 49.4 59.4 68.7 66.9 64.1 62 61.3 61.6 61 60.4 59.6 57.1 48.8 39.1 33.5 28.8 25.5 23.4 22.5 21.9 21.2 20.6 20 19.4 19 18.3 17.7 16.8 15.9 14.9 13.8 12.8 11.7 11.3 10.9 10.9 11 11.4 11.4 11.2 10.8 10.9 11.3 12.6 12.7 13 14 14.4 15.1 16 17.1 18.6 20 21.3 22.9 25 27.7
61.6 56.2 51.4 49.6 49.5 49.5 49.5 47.1 42.5 38 34 33.8 35.6 35.7 35 35.7 37.2 37.6 32.8 30.1 29.1 27 26.7 26.2 29 32.7 37.5 41.2 47.8 58 65.4 63.5 62.4 62.9 63.2 63.2 62.4 60.8 59.2 54.4 46.5 37.9 33.7 29.6 26.6 24.6 23.6 22.8 22.2 21.6 20.9 20.1 19.5 18.8 18 17.1 16.2 15.3 14 13.2 12.7 12.2 11.7 11.6 11.5 11.7 11.7 11.2 11.4 11.8 12.8 13.6 13.4 13.2 13.9 14.7 15.3 16.5 17.8 19.2 20.7 22.2 24.4 26.1 29
63.8 56.7 53.7 53.2 53.2 52.7 51.6 48.3 43.5 39.6 37.6 37.3 36.6 36.3 36.6 36.9 39 35.3 34.1 30.3 29.4 29 28.5 28.7 30.1 32.5 36.7 40.3 44.6 51.2 55 56.5 59.9 65.1 65.6 64.8 62.8 60.4 57.3 51 42.9 37.6 33.8 30.5 27.9 25.8 24.8 23.8 23 22.4 21.6 20.8 20.2 19.5 18.6 17.7 16.8 15.9 14.6 14.7 13.7 13.2 12.7 12.3 12.3 12.8 11.8 11.6 11.3 12.4 13.8 15.1 14.7 14.1 14.3 15.1 15.9 17.1 18.5 19.9 21.3 23.1 25.4 28.3 30.6
63.2 57.9 57.7 57.2 56.7 54.8 52.1 48.2 44 40.9 39.6 39.6 39.1 38.6 38.9 39.5 40.9 39.7 38.8 36.1 32.6 29.1 29.5 29.6 31.1 32.7 35 37.4 40.3 44.5 48.3 51.5 58.6 63.2 65.2 65.6 63.8 59.5 53 46.3 41.6 37.3 34.6 32.9 30.1 27 25.7 24.6 24 23.1 22.3 21.4 20.8 20.2 19.3 18.4 17.4 16.4 15.5 14.9 14.3 13.8 13.1 12.7 12.5 12.3 12.3 12 11.8 13.1 15.6 15.6 15.8 15 15.2 16 16.5 18.1 19.6 20.9 22.3 24.1 26.6 29.2 32
