public/OST50/ST10.asc
ncols 200
nrows 200
xllcorner 310000
yllcorner 100000
cellsize 50
[rows 105 to 139 of 200, columns 78 to 155 of 200]
244.9 255.3 260.4 263.3 265.2 266.8 268 269.1 269.7 269.9 269.5 267.8 266.4 264.2 262.2 258.9 248.3 232.7 223.2 219.4 215.7 212.8 212.8 215.1 216.9 221.4 224.4 226.9 228.3 226.1 218.8 212.1 204.2 196.6 188.3 184.4 183.1 181.6 179.7 173.4 166.1 163.7 169.9 172.4 171.4 171.7 172.5 172.5 170.4 167.7 165 160.5 155.6 150.9 147.2 143.4 139.2 136 131.7 127.9 124.5 122.9 123.2 127.5 134.5 139.9 146 153.6 159.2 161 160.8 158.6 156.6 158.6 168.6 179.8 185.1 189.2
244.5 256 261.2 264.1 266 267.7 268.6 269.2 269.7 269.9 269 267.2 265.4 263.1 260.5 256.4 246 230 220.7 214.4 209.4 205 203.8 205.8 210 214.6 218.3 218.4 218.8 217.2 213.5 206.7 198.6 188.5 181.7 176.2 172.8 171.4 171 170.6 164.5 159.9 162.3 166.2 164.4 164.4 165.2 165.6 165 162.6 160.2 157.7 154.8 151.1 147.3 142.7 137.9 133.6 129.6 126 123.5 122 123 128.1 133.7 139.9 144.9 150.5 157.5 163.1 169.2 165.4 160.2 160.9 170.5 182.8 188 191.8
245 256.4 261.6 264.7 266.3 268 269 269.3 269.6 269.6 268.5 266.7 264.6 261.6 258 252 238.7 226.6 218.8 212 206.8 201.1 195.7 195.5 199.9 207.4 211 210.6 210.7 209.4 206.8 202.1 194 182.2 172.8 169.7 165.4 161.1 160.3 160.6 162 156.8 155.9 157 156.1 156.8 158.7 160.6 160.2 158.2 155.9 153.6 151.2 148.8 144.9 140.9 136.3 131.7 127.5 124.8 122.7 120.4 124.8 133.3 138.8 143.2 147.6 154.3 161.3 168.8 176.2 179.1 173.3 167 171.8 185.9 191.5 196.2
243.4 256.2 262.1 265.2 266.9 268.4 269.2 269.5 269.7 269.1 268 266.2 263.7 260.1 255 244.6 229.1 221.3 214.1 208.2 203.1 198.1 190.9 185.8 190.6 198.5 202.6 201.6 201.4 199.7 197.3 195 189.6 174.5 164.4 162.5 160.3 156.9 154.4 151.8 151.6 153.5 153.4 151.2 150.9 151.6 155.6 157 156 153.8 151.7 149.8 147.8 145.4 142.4 138.4 134.6 130 125.7 122.7 120.8 120.6 128 135.3 141.9 147.8 153.7 160.3 167.1 174.9 182.7 188.1 189 180.9 181.7 188.1 195.2 201.2
243.5 256 262.4 265.5 267.3 268.7 269.3 269.5 269.2 268.3 266.6 264.4 261.8 257.2 249.5 232.2 225.8 218.1 207.9 201.6 196.2 192.1 186.8 180.8 184.4 193 195.5 194.9 192.5 188.9 184.2 180.2 179.6 174.2 164.3 156.4 155.4 153.3 151 148.4 147.2 149.2 152.3 148.6 147 148.3 152.4 154.7 153.2 150.6 147.9 146.5 144.9 141.7 139.4 136.3 132.2 127 122.9 120 119.7 124.7 129.8 135.9 142 150.8 160.5 167.4 174.6 181.8 188.2 195.9 199.2 197.2 195.9 195.6 201.9 205.5
243.8 256.4 262.7 265.9 267.4 268.7 269.3 269.2 268.2 267.3 265 262.7 258.6 252.7 236.7 226.5 219 208.8 200.9 195 190.9 186.4 181.9 178.3 179.9 188.2 193.8 187.4 184.5 180.1 174.7 167 168.8 163.5 159.3 157.8 155.9 153.3 148.7 146.1 144.4 146.9 151.8 149.2 145.6 145 148.5 152.3 151 148.2 145.7 143.9 142.5 139.8 136.1 133 128.9 124.1 119.8 119.4 125.2 130.9 135.7 140 144.9 153.7 164.7 173.8 181.3 188.1 193.8 200.6 205.1 211.6 211.2 207.5 211.8 210.7
243.4 256.9 262.8 266.1 267.5 268.6 268.7 268.5 267.4 265.7 263.2 259.4 254.4 241.1 228 220.2 212.2 201.3 194.2 189.6 185.8 181.5 177.3 173.3 176.2 183.8 184.5 181.6 178.3 172.1 163.9 159.1 157.3 155.2 152.9 153.5 156.6 153.6 147.5 143.8 142.2 144.3 149.5 149.5 144.9 142.1 144.4 148.2 147.4 145 142.6 141.2 140.7 138.5 134.4 130.2 125.7 122 118.1 122 129.2 134.7 140.6 145 151 159.4 167.8 176 184.3 191.9 199 206.4 218.8 229.1 227.3 221.3 220.5 213.2
243.3 256.7 262.5 265.7 267.1 267.9 267.9 267.8 266.7 264.2 261.3 256.2 248.5 231.7 222 214.4 205.2 194.3 187.7 183 180.5 176.4 172.5 169.9 173.4 177.9 178.8 175.9 171 169.3 162.1 154.5 150.6 149.1 147.6 147.6 152.1 151.2 147 142.1 140.3 143.7 151.1 151.8 146.5 141.1 139.9 141.6 141.8 140.5 139 137.2 135.7 134.2 131.7 128 125.2 120.4 118.1 124 131.8 138.5 144.2 149.4 154.9 162.6 170.1 178.6 185.6 193.7 202.1 212.6 226.9 242.2 241.1 233.3 224 214.4
244.9 256.3 262.2 265.2 266.7 267.2 267.5 267.1 265.9 263.2 260.2 253.8 242.5 226.3 216.4 209 197.8 186.8 181.6 177.6 174.3 171.3 168.3 167.1 170.3 172.5 173 170.8 166.5 163.7 159.9 152.8 148.1 145.9 143.9 143.2 145.7 147.4 143.8 140.5 139 145.9 155.4 153.9 149.9 141.6 137.1 136.4 136 134.9 133 131.4 129.6 127.1 125 124.2 122.3 118.6 116.2 126.6 135.4 143.5 148.1 155.4 162.4 167.7 173.7 181.7 189.4 196.8 205.7 217.8 233.7 245.2 243.6 238.9 228.4 216
245.2 256 261.8 264.6 266.3 267.1 267.2 266.5 265.2 262.9 259.3 253.4 241.8 227.5 215.6 206.3 196.1 188.3 181.5 176 171.7 167.5 164.4 162.9 164.5 166.5 167.6 166.4 162.4 158.7 155.7 150.5 145.8 143.6 141.9 140.7 140.3 141 139 137.5 139.7 150 155.3 153.7 149.3 141.9 136.9 134.6 133 131.8 129.3 126.3 124.7 123.2 121.6 120.2 118.8 117.4 118.6 128.5 136.8 142.6 148.3 158.1 164.9 171.2 177.9 186.9 194.6 199.8 211.9 224.7 241.2 247.2 245.5 240.8 230.1 217
245.1 256.2 261.5 264.4 266.1 266.8 266.9 266.1 265.1 263.4 259.4 255.1 247.7 236.2 222 210 201.2 192.4 186.4 179.5 174.5 169.4 165.5 162.3 159.3 160.2 161.2 161.1 158.7 155.1 152 147.6 144.2 141.7 140.3 139 138 137.1 136.2 136.5 142.7 152 155.1 154.2 151.6 147 141.4 136.3 133.9 132.6 131.5 132.5 132.6 130.1 125.7 120.7 117.6 116.2 120.5 126.7 134.2 140.8 148.7 158.1 164.9 176 185.1 192.2 199.5 207.2 218.8 232.6 247.2 249.5 247.6 241.4 228.1 218.1
243.5 256.8 261.4 263.9 265.7 266.5 266.6 265.9 265.4 263.8 261.4 257.7 253 249.2 228 216.4 207.4 200 193.1 184.4 177.7 175.7 169.1 164.5 160.2 156.2 155.3 154.9 153.8 151.1 148.3 145.2 142.5 139.9 139 137.7 136.4 135.4 134.8 137.3 147.5 152.2 154.7 154.4 152.3 150.1 147.1 144.2 141.4 139.7 139.3 137.6 134.1 129.1 123.2 119 116.8 117 123.6 126.6 133 139.9 146.4 157 164.5 175 185.4 196.4 203.2 212.7 226 242.5 250.4 251.8 252.1 242.7 230.8 220.1
239 254.3 260.6 263.3 265.1 266.1 266.4 265.8 265.4 263.8 261.8 259.4 255.4 250.8 239 223.6 212.5 204.9 199 193 189.6 183.3 174.7 171.2 166.4 158.4 154 150.2 148.3 147.9 145.5 143 140.9 140.6 137 137.3 134.8 133.9 133.1 136 145.9 151.6 154.2 153.5 151.3 149 147.2 145.3 143.7 141.3 138.7 135.2 130.3 123.7 118.9 116.2 115.3 120.3 128.4 133.4 132.1 137.5 146.5 160.7 165.4 175.1 186.6 197.2 205.3 216.1 232.9 247.5 252.9 256 256.8 247.5 233.4 221.2
231.8 247.6 258.3 263.3 264.9 265.7 266 265.7 265.3 264.2 262.4 260.5 257.5 254.1 248.4 234.8 220.5 212.9 205.1 200.1 196.1 189.1 184.9 179.1 169.4 162.5 158.9 155.4 152.5 150 147.7 145.7 144.4 142.1 139.2 137.6 135.8 133.1 130.7 133.5 143.8 148.7 150.9 151 150 147.8 146.4 144.5 142 138.4 134.8 130.7 125.8 120.9 116.2 114.6 116.9 122.9 130.8 138 141 149.3 158.5 164.1 167.9 174.9 181.2 193.5 204.4 217.3 234.7 247.7 256.3 259 259.3 253.7 238.4 221.6
224.6 238.7 252.9 260.6 264.6 265.4 265.7 265.3 265 264.1 262.9 260.9 258.7 256.4 253.3 246.2 235.3 222.6 214.9 207.7 202.9 198.4 191.4 182.6 176.2 172.1 169.1 162.8 159.3 158.1 154.5 152.3 149.9 145.4 141.9 139.8 137.9 134.6 130.3 130.6 137.2 143.4 146.7 147.6 147.6 147.1 145.7 144.1 141.6 137.1 132.2 126.9 122 118.2 114.5 114.4 119.8 125.4 132 139 144.8 153.3 161.6 161.2 158.6 162.4 171.3 185 197.1 209.2 223.5 235.9 250.3 259.6 259.7 256.7 240 220.8
218.4 229.1 247.6 259.3 264.6 265.1 265.3 264.9 264.6 263.6 262.3 261 259.4 257.3 255.4 252.6 247.3 237.8 225.8 215.6 210.8 206.4 199.2 192.7 187.9 181.8 175 169.1 169.1 167.1 162.7 160.4 155.9 150.9 145.6 143.8 141.9 138.2 133.3 129.5 130.5 137.8 141.9 144 146 145.7 145.1 143.6 141.6 138.1 134.3 129 122.6 116.2 113.4 115.8 121.3 126.8 132.8 139.7 144.4 151.1 150.8 146.5 149.5 156.6 169.2 180.3 191 203.1 215.7 227 242.3 258.5 260.4 254.8 239.2 219.3
212.1 224.8 239.8 255 262.7 264.2 264.7 264.5 264.1 263.1 261.7 260.4 259.1 257.8 255.8 254.1 251.4 247.6 241.8 230.1 221.9 213.4 205.2 199.7 194.2 188.4 183.4 177.6 176 175.8 171.8 166.5 159.2 153.2 149.1 149.1 146.1 141.7 137.2 131.1 126.9 132.9 137.7 141.4 144.5 143.7 142.5 141.9 140.7 138.2 134.6 130.7 124.8 116.7 113 115.7 120.2 125.8 132.2 138.2 143.7 146.1 137.2 141.1 148.4 158.7 169.2 178.7 189.9 200.7 210.7 221.7 233.7 251.8 261.1 252.3 234.9 217.7
207.7 221 235.7 254.8 261.7 263.2 264.2 264 263.7 262.5 261.1 259.8 258.3 257.1 255.9 254.4 252.5 250.6 247.2 242 231.5 220.5 213.3 207.2 201.2 196.6 191.4 188.3 185.4 181.5 176.1 170.7 164.3 158.9 157.1 154.4 151.4 146.7 142.4 134.1 127.9 130.7 136.2 138.6 141.7 141 139.3 139.3 138.2 136.8 134.3 131.1 125.5 118.1 112.8 114.2 118.4 123.9 128.4 134.8 139.7 140.5 134.3 141.5 148.6 158.5 167 174.2 186.1 198 205.1 213.8 224.8 238 252.3 245.4 230 215.8
206.3 219.6 232.6 253.1 260.7 262.6 263.7 263.6 263.2 261.8 260.3 258.5 256.8 255.5 254.3 253.5 252.2 251.1 249.6 246.3 241.1 231.2 221.2 213.7 207.4 201.3 196.5 194.1 190.1 186.1 182 177 168.7 160.2 157.1 156.3 155.2 152.1 145.3 136.6 129.2 127.4 131.7 134.7 137.8 136.8 134 134.4 134.5 134.3 133.1 130 125.4 117.9 111.2 113 116.5 121.1 125.2 129 132.7 131.8 133.8 141.9 148 154.6 160.5 165.2 174.1 186.6 197.5 205.2 215.1 228 237.1 233.4 223.6 212.4
204.9 217.7 230.2 251 259.3 262.2 263 263 262.4 261.2 259.6 257.2 254.9 253.1 251.4 250.2 249.1 248.6 248.2 247.1 244.6 237.6 228.3 218.6 212.7 207.3 203.4 198.6 194 189.9 185.6 178.8 169.3 161.1 156.9 155 155.6 151.5 145.9 138.5 130.5 126.3 126.4 129.8 131.8 130.8 128.6 129 129.4 129.4 129 126.4 122.3 117.2 112.8 111.6 114.2 117.2 120.6 124.1 126.8 128.5 133.4 138.2 143.3 146.3 150.4 154.5 163.7 176.3 188.4 196.6 205.5 215 223.9 225.8 223.1 211.3
201.6 213.1 230.4 250.9 258.7 261.5 262.7 262.6 261.9 260.4 258.5 256 252.9 249.1 244.5 239 238.1 237.5 236.4 240.5 242.6 241.7 235.5 223 216.7 212 207.3 202.3 197.5 192.4 186.9 179.3 171.2 164.9 158.4 151.7 152.2 148.5 143.7 138.5 134.8 130.3 125.5 124.4 124.6 125.4 124.5 123.9 123.6 122.8 122.7 119.7 116.4 114.2 111.5 109 109 113.3 116.5 119.7 123.6 127.4 131 134.3 137 139.6 143.4 148.5 156.6 166.5 176.7 183.7 191.4 203.5 215.2 221.2 218.2 208.8
201.8 214.7 229.8 249.6 258.5 261.4 262.7 262.5 261.9 260 258.1 255.4 252.1 245.2 234.2 227.3 224.8 222.1 222.2 224.6 227.7 232.8 236.2 229.2 219 215.2 210.5 205.5 199.1 193 186.1 178.8 171.1 163.6 157.1 151.5 147.7 145 140.6 136.9 134.3 132.4 127.3 122.8 121.2 121.4 120.7 120 119.3 118 116.5 115.2 114.2 114.6 114.3 112.4 110.4 110.1 113.4 117.6 121.8 124.1 127.1 130.4 133 135.8 139.2 144.3 150.1 157.5 164 171.4 183.4 195.7 208.3 212.2 210.7 205
202.2 214.8 226.9 244.7 258.2 261 262.5 262.8 262.1 260 258 255.3 252.5 247.6 233.7 222.5 216.8 214.6 214.8 215.7 217.1 218 221.5 220.3 214.8 214.5 213.5 208.8 201.2 193.6 188 182.3 173.7 167 161.3 155.5 150.5 144.4 139.5 135.4 131.8 128.1 126.7 125.8 123.7 123 123.6 123.4 124.7 123.7 122 121.1 119.4 120.3 117.9 115.1 111.6 109.3 109.9 113.5 117.6 120.4 123.3 126.8 129.7 133.2 136.4 140 144.3 149.6 156.8 173.2 190.6 197.5 199.5 203.8 204 199.9
202.8 214.8 227.9 245.6 258.2 261.1 262.1 262.4 261.6 260 258.3 256.2 253.3 250 237.5 221.5 215.6 209.8 206.1 205.1 205.2 207.4 211.2 209.4 205.4 206.7 213 211.3 204.7 196.3 190.4 185 178.9 172.2 166.1 159.1 153.5 147.7 142.8 138.7 135.2 132.8 131.9 132.5 133.7 134.8 135.2 133.7 135.2 133.2 131 129.7 128.8 125.9 122 117.1 112.3 109.2 108.2 109.9 113.9 117.5 121.2 124.3 127.1 131.1 134 136.9 140.8 146.5 160.2 181 189.3 191.3 192.4 195 196.9 193.5
204.9 214.9 226.3 244.4 257.7 260.9 261.9 262.3 262 260.8 259.1 257.2 254.1 250.6 244.8 229.5 208 202.7 194.9 197.4 195.9 196.9 201.1 199.1 199.4 204.8 211 216.2 208.1 202.4 194.6 187.7 182.4 176.6 171 164.7 157.6 152.8 148.7 143.4 139.5 139.5 143.6 146.2 145.6 143.2 140.6 138.4 136.4 134.3 132.4 130.8 129.6 127.4 122.6 117 112.3 109.4 108.2 108.1 112 115.7 119.2 122.5 126.3 129.7 132.3 134.9 140 151.6 168.8 180.4 182.7 183.7 185 189.9 190.4 187.5
203.1 212.9 225.3 244.2 257 260.9 262.3 262.8 262.1 261.2 259.6 257.7 255.2 251.7 246.7 232.5 217.9 207 196.8 186.2 187.3 188.6 190.6 191.6 198.6 208 218.5 227.4 219.8 207.8 199.8 191.6 185.6 181.3 176 169.4 163.1 158.6 153.7 146.9 146.2 153 153.7 151 148 144.6 141.4 138.7 136.4 134.2 132.4 130.9 128.9 126.6 122.1 117.5 112.6 109.5 108.4 107.6 110.4 114.8 118.6 121.5 125.1 128.4 132.6 139.5 148.9 160.9 172.8 175.9 176.9 177.3 179.7 182.9 183.3 180.9
200.3 210.9 221.7 239.1 257.2 260.7 262.6 263.2 262.5 261.4 260.1 258 255.5 252.8 248.3 237.9 217.5 207.9 196.2 188.3 179.4 180 182.9 188.4 198.8 207.5 217.4 230.2 230 221 207.5 198.9 191.9 185.7 180.3 174.3 168.2 163.4 157.3 155.4 158.8 159.6 156.6 152.8 148.9 145 141.4 138.7 136.4 134.2 132.4 130.6 128.3 125.9 121.3 117 112.8 109.3 108 107 109.9 113.6 116.6 120.7 125.3 130.7 135 143.3 157 165.1 168.5 168.8 170.3 171.6 173.8 176.7 176.9 174.7
199.9 210.3 220.5 235.6 255.2 260.9 262.8 263.4 262.9 261.6 260.3 258.4 255.8 253.3 249.8 238.2 218.5 205.9 195.6 188.1 178.8 174.5 177.4 186.5 193.1 199.7 207.3 220.1 231.5 228.1 216.3 206.1 200.2 193.5 186.1 180.4 173.7 169.1 166.8 166.9 165.6 162.5 158 153.7 149.7 145.5 141.6 138.4 135.9 133.7 132.4 130.3 128 124.7 120.5 117 112.8 109.2 107.5 104.7 109 111.7 114.7 119.9 127 134.1 136.2 142.4 155.2 160.5 160 158.7 163 166.9 168.2 168.6 169.5 167.1
196.3 207 219 233.9 252 261.1 262.7 263.5 262.7 262 260.7 258.8 256.3 253.8 250.4 234.2 216.4 204.9 194.3 184.3 174.1 169.6 173.9 180.4 187.1 192.8 199.9 207.1 220.9 229.5 224.1 211.8 203.5 198.2 192.3 185.6 179.1 174.9 174.5 172.1 167.9 163.5 158.8 154 149.8 145.6 141.8 138.1 135.4 132.9 131.1 129.2 126.8 123 119.8 116.3 112.9 109.5 106.7 106 107.7 109.9 112.6 118 125.4 130.9 133.2 139 150.4 151.5 150.7 156 161.5 163.1 163 162.8 162.1 159.7
193.1 203.8 217.3 232.3 249 260.4 262.8 263.7 262.8 262 260.8 258.9 256.8 254.1 249.5 229 215.2 203.1 194.1 185 175.4 168.9 167.6 173.1 180.2 185.5 191.1 198.8 205.7 216.1 217.9 207.1 200.3 198.7 195.4 188.7 183.9 179.8 176.5 172.8 168.5 163.8 158.8 153.8 149.6 145.4 141.6 138 134.1 131.1 129.4 127.3 125.1 121.5 118.8 115.3 112.2 108.9 105.8 105.7 106.8 108.4 110.9 114.7 119.6 123.2 128.7 133.9 141.2 142.7 148.6 157.5 158.7 158.6 158.3 158 156.1 154
192.4 202.8 216.6 231.5 247.4 260.2 263 263.7 263.1 262.2 260.4 258.7 256.6 253.7 247.5 228.6 214.6 201.6 193.6 185.3 175.5 166.8 161.9 165.6 173.1 178.5 184.8 190.9 196.7 202.9 203 196.9 192.6 191.5 194.5 190.5 186.5 181.8 177.1 173.3 168.9 164.3 159.1 153.5 149.5 145.3 141.5 137.3 133.1 129.5 126.7 124.1 120.7 118.1 117.2 114 111.3 108.3 105.2 105.2 106 107.1 109.4 112.8 116.7 122.9 129 132.3 135 140.8 152.8 153.8 153.5 153.4 153.1 152.8 150.8 148.6
191.6 203.1 213.8 231 247.4 260.1 262.3 263.3 263 261.7 259.9 258.2 256 252.5 244.4 227.3 212.8 201.6 194.6 186.3 175.1 163.9 159.1 159.8 165.5 170.9 176.2 183.6 188.8 192.7 193.7 190.5 184.4 183.1 190 191.6 187.5 183.4 179.2 174.3 169.5 164.6 159.3 154.2 149.5 145.3 141.2 137.3 133.3 129.5 126.1 122.9 119.6 116.4 114.7 112.7 110.5 107.5 102.9 104.7 105.4 106.6 108.4 111.6 116.5 122.6 125.7 127.7 132.9 146 151.1 148.8 147.4 146.9 148.3 148.1 145.6 143.8
191.4 203.3 215 229 244.6 257.6 261.6 262.1 262 260.9 259.4 257.2 254.6 250.2 239.3 225.6 213.5 204.9 198 190 182.4 169.9 160.9 155.3 158.8 163.7 169.5 175.7 181.3 184.5 185.5 181.5 176.8 175.8 180.8 190 188.1 184.5 180.6 176.5 171.4 166.4 161.1 156 150.9 146.6 142.4 138.5 134.6 130.7 127.2 123.8 119.9 118.6 116.4 113.4 110.5 107.3 104.3 104.1 104.8 106 107.4 111.2 114.9 118.5 121 125.2 134.2 145.5 146.9 143.9 140 141.8 143.7 142.3 141.5 139.6
189.8 201 212.2 223.5 239.5 255 260.6 260.9 261.1 260 258.5 255.5 252.8 247 231.5 219.5 214.5 206 198.3 190.4 183.5 172.8 163.9 156.3 153 155.7 161.9 168.3 173.4 176 177.4 175.5 169.8 165.5 171.6 177.1 183 185.4 181.9 177.7 173.1 168.5 163.3 158 152.7 147.9 143.7 139.8 136.2 132.7 129.5 126.4 123.7 121.2 117.6 114.3 111.1 108.1 105 103.8 104.5 105.6 106.9 109.3 112.9 115.9 120.5 128.6 137.5 143.5 141.8 138 135.7 137.2 137.2 138.4 136.4 135
186.6 196.6 209.9 221.2 234.8 250.5 258.7 260.1 259.9 259.2 257.3 254.2 251.1 241.6 228.9 217 206.9 202 196.8 188.7 180.7 172.3 164.5 157.5 150 149.7 155.6 160.5 164.6 166.3 168.8 167.2 162.3 158.2 162 168.3 171.9 176.6 179.7 177.1 173.9 170.1 165.3 160.1 154.8 149.8 145.5 141.9 138.3 134.8 131.8 128.5 125.9 122.3 118.2 114.8 111.3 107.7 104.8 102.5 104 105.2 106.9 108.7 113.1 116.8 127.7 138.2 142.8 140.4 137.1 131.2 130.4 132.2 133.3 132.6 130.9 131.7
