public/OST50/ST10.asc
ncols 200
nrows 200
xllcorner 310000
yllcorner 100000
cellsize 50
[rows 35 to 69 of 200, columns 78 to 155 of 200]
249 248.2 247.4 245.6 244.6 243.5 242.3 240.9 239.4 236.5 226.3 221.5 219.7 220.6 217 211.5 205.3 198.2 190.8 186.7 194 197.8 200.8 200.3 201.9 195.5 186 182.3 185.9 194.2 198.5 201.7 208.5 215.2 225.8 237.7 242.1 244.8 246.4 248 249.1 249.9 250.5 250.7 250.8 250.8 251.2 251.5 251 250.5 249.4 248.5 247.6 246.4 245 243.2 240.9 238.3 235.8 233.3 230.8 226.3 218.5 218 216.1 210.3 203.3 199 195.9 192.5 189.3 185.7 180.5 184.8 186.6 188.5 192.6 197.2
248.9 247.7 247 245.4 243.2 242.5 241.2 239.5 237.7 232.5 224.3 220.2 217.9 214.1 213.1 208.6 200 193.3 187.9 191.4 199.9 202.4 202.6 203.5 202.3 200.4 190.1 184.5 185.4 190.4 196 201.3 208.4 216.9 228.6 239.1 242.7 245.5 247.1 248.5 249.6 250.5 251 251.4 251.4 251.5 251.7 251.7 251.1 250.4 249.3 248.3 247.4 246.3 244.7 243 240.6 238.1 235.9 233.4 231 228.6 228.1 228.3 227.1 224.3 217.8 211.4 204.7 200.9 196.2 190.9 184 181.4 182.6 187.7 193.7 197.6
248.6 247.7 246.1 245.1 243.1 241.4 240.1 238.1 235.8 232.7 222.3 217.5 214.3 212.8 210.3 205.1 195.3 189.1 193.2 199.1 206 204.9 206.2 205.9 205.8 203 195.7 187 187.4 195.2 201.1 206.1 209.9 217.7 230.4 238.9 243.5 246.1 247.7 249.1 250.1 251.1 251.5 251.8 252 252.1 252.2 251.8 251.1 250.3 249.2 248.3 247.3 246.3 244.7 242.6 240.4 238.2 235.8 234 232.3 231.4 231 230.1 229.2 228.3 225.7 223 218.6 211.5 201.2 195.6 185.8 177.6 181.5 189.1 194.5 199
248.9 247.5 245.4 244.5 242.8 241 239.1 237.2 234.3 225.3 218.4 217.6 213.3 212 207.3 200.2 192.1 193.3 201.1 206.9 208.9 209.9 210.6 211 207.2 205.4 198 187.7 188.4 196.1 205.4 211.6 215.2 217.9 228.5 237.7 243.8 246.8 248.2 249.7 250.7 251.6 251.9 252.3 252.6 252.7 252.5 251.8 251.1 250.2 249.2 248.2 247.2 246.2 244.8 242.8 240.7 238.4 236.6 235.2 233.5 232.4 231.8 231 229.8 228.6 226.1 223.2 219.8 215.5 204.7 196.7 186.3 177.2 180.2 187.4 194.1 200.1
248.2 246.3 244.3 243.7 241.9 240 238.2 234.4 225.5 221 216.9 210.4 210.1 206.6 200.8 194.1 197.8 201.6 207.3 211 211.5 215.6 217.7 213.1 208.4 205.9 197.4 187 190.2 197.6 206.3 214.2 221.2 225.4 228.2 233.4 243.1 247.4 249 250.2 251.3 252.1 252.5 252.8 253.1 252.9 252.5 251.8 251.1 250.1 249.2 248.4 247.6 246.5 245.1 243.2 241 238.9 237.3 235.8 234.5 233.1 231.9 230.5 228.8 226.6 224.7 221.8 218.6 214.6 202.8 196.5 186.4 175.9 178.6 184.6 193.5 200.5
247.2 245 244.3 242.5 240.7 238.7 235.2 224.8 221.6 217.9 216.2 206.9 200.6 194.8 194.3 201.6 207.4 211.9 216.9 223.2 225.5 226.3 224.3 213.5 208.5 205.8 200.9 187.6 192.7 203.2 209.7 215.6 222 231 238.9 240.8 244.5 247.7 249.7 250.8 252 252.7 253.1 253.4 253.6 253.2 252.6 251.9 251.3 250.4 249.6 249 247.9 246.7 245.3 243.5 241.5 239.6 237.7 235.3 233 231.8 230.9 229.8 227.6 225 222.9 219.6 216.1 209 200.4 195.1 185.1 174.8 177.3 184.4 192.9 201.2
245.3 244.1 242.9 240.9 239.3 229.1 226.7 221.7 219.4 214.2 210.4 198 201.2 203 201.1 211 214.9 220.3 227.1 229.9 230.1 228.6 225.3 209.3 209.9 207.2 202.8 190.4 193.7 205.8 212.8 222 228.5 235.5 242.4 246.1 247.9 249.1 250.3 251.5 252.5 253.4 253.7 254 254.1 253.5 252.8 252.1 251.5 250.6 250 249.2 248 246.9 245.5 243.8 241.9 239.9 237.7 235.6 232.9 230.6 229.5 228.3 225.7 222.3 219.5 215.1 210.6 203.2 196.3 188.5 180.1 173 177.1 184 192.5 200.5
245.3 243.2 240.9 239.1 230.3 227.8 224.1 218.5 214.6 210.1 198.1 204.9 209.5 210.1 212.8 217 221.5 229.5 232.6 233.2 232.2 229.7 221.8 212.7 210.1 207.6 203.6 193 195.4 206.4 212.4 219.6 230.1 238.5 245.2 247.5 249.3 250.3 251.3 252.5 253.1 254 254.3 254.6 254.6 253.8 253 252.2 251.6 250.9 250.2 249.3 248.2 247 245.6 243.9 242.1 240.1 238 235.7 233 230 226.9 224.8 221.7 217.2 211.7 207.1 202.4 196 187.2 182.4 175.8 171.7 177.2 182.8 190.6 199
244.9 243.1 240.8 236.1 228.7 225.4 219.4 214.8 206.2 199.8 205.6 214.3 214.4 215.7 217.9 222.1 229.1 234.3 235.5 235.1 232.9 230.2 218.9 212 209.3 208.2 202.5 193.8 196.3 206.1 212.6 219.7 230.2 241.5 246.4 249 250.6 251.4 252.4 253.2 253.9 254.6 254.8 255.1 254.8 254.1 253.3 252.5 251.7 251.1 250.4 249.4 248.3 247.2 245.8 244.1 242.3 240.3 238 235.2 232 228.5 223.3 213.3 213.1 207.1 204.3 200.2 194 188.3 183.5 178.3 172.7 170.4 175.4 181.9 189.2 197.2
244.4 242.2 239.7 227.5 226.1 223.2 215.7 207.8 199.4 201.6 212.5 220.7 218.5 221.6 222 228.4 235.6 237.1 237.4 236 232.4 229.3 220.6 211.4 210.2 206.6 201.8 197.3 198.7 206.7 214 220.1 230.2 242 247.7 250.1 251.6 252.5 253.3 254 254.7 255.1 255.3 255.2 254.9 254.5 253.7 252.9 252 251.3 250.7 249.6 248.5 247.3 246 244.3 242.3 240.1 237.8 234.9 231.7 227.9 218.4 205.6 201.8 198.3 194.5 192.1 187.2 182.7 177.5 173.7 171 167.8 174.8 182.4 189 196
242.7 240.1 237.5 225.8 223.9 221.7 211.6 200.3 204.7 217 223.3 222.7 225.9 225.4 225.4 235.3 239 239.3 238.8 236.6 233.7 228.7 216.4 213.7 208.6 207.1 202.6 201.7 204.2 209.3 217.7 222.4 232.8 244.1 248.7 250.9 252.5 253.4 254.2 254.8 255.4 255.4 255.5 255.3 255 254.7 254 253.2 252.4 251.5 250.3 249.3 248.3 247.4 246.3 244.3 242.1 239.9 237.4 234.3 230.9 223.3 211.9 201.1 194.8 190.9 186.4 182.2 181.9 179.9 176.5 170.8 168.9 167.1 174.6 181.4 187.3 192.8
241.3 238.9 228.6 222.9 221.1 215.6 204 204.2 211.4 220.9 221.9 225.6 228.9 228.6 229 240 241.4 240.9 239.5 237.1 234.1 227.6 220.5 214.8 206.5 207.8 202.8 204.6 209.6 212.3 219.8 226.6 236.9 245.1 249.6 251.9 253.4 254.3 255.1 255.6 255.6 255.6 255.6 255.3 254.9 254.3 253.8 253.4 252.2 251 249.9 248.9 247.9 247 245.8 243.7 242 239.5 236.4 233 223.2 210.5 201.2 196.8 191.7 191.6 193.1 193.2 193.9 191 184.4 177.8 172.6 167.5 172.5 177.6 182.2 189.2
239.9 235.3 224.4 217.1 212.5 205.3 202.9 210 220.2 230.5 230.2 229.9 231.8 235.5 241.9 243.8 243 241.8 240.2 237.7 234.9 228.1 220.8 215 208.7 209.1 205.9 205.3 215.4 216.3 220.9 226.9 236.4 245.6 250.1 252.2 254.1 255.2 255.7 256.1 256 255.9 255.5 255 254.5 253.7 253.2 252.6 251.6 250.6 249.5 248.5 247.6 246.2 244.9 243.1 240.9 238.2 234.8 224.7 211.5 202.7 198.9 201.6 201.6 205.8 208.1 209.6 209 205.1 193.4 183.1 176.8 169 168.4 173.3 179.2 187.4
236.2 230 220.9 213.4 206.5 205.2 211.6 223.7 233 236.3 239.1 240.7 242.7 244 244.4 244.8 244 242.6 240.8 238.1 235.5 229.5 222.2 216.6 210.6 209.4 205.1 208.8 218.7 221 223.8 229.9 238.6 246.9 250.9 253 254.6 255.6 256.2 256.5 256.2 255.8 255.1 254.6 253.9 253.2 252.6 251.8 250.9 249.6 248.5 247.2 246 244.6 240.8 236.1 232.1 230.4 224.1 213.6 203.7 205.6 210.5 214.6 217.4 220.7 219.8 217.4 214.1 207.1 196.8 186.1 178.5 169.5 164.9 169.5 176.9 185.2
223.7 221.5 216.1 210.1 209.4 216.6 225.8 235.3 238.2 240.9 243.1 244.5 245.2 245.6 245.9 245.6 244.3 242.8 241.2 238.6 236.2 232.7 222.7 217.5 211 209.4 204.6 214 222 224.4 225.5 230.4 240.1 248 251.6 253.8 255.1 256 256.5 256.5 256.2 255.7 254.9 254.1 253.4 252.6 251.8 251 250.1 248.5 246.8 244.8 241.5 234.9 228.4 222.8 219.5 217.5 214.4 214.5 217.5 221.2 224.4 225.7 224.8 222.5 220.2 217.3 213.4 206.1 197 187.2 180.2 171.2 164.6 165.3 173.9 182.5
222 219.7 215.1 207.8 217.9 229 237.3 240.1 242.6 244.1 245.5 246.2 246.7 247 246.4 245.6 244.4 243.2 241.2 239 236.7 233.4 223.8 216.7 210.9 209.9 206.9 217.4 224.4 226.8 227.5 231.1 239.5 248.8 252.3 254.5 255.6 256.3 256.7 256.4 256 255.5 254.4 253.4 252.2 251.5 251 250.6 249.1 247.9 245.8 243.2 240.4 236.5 234.6 231.7 226.7 227 229.3 231.9 232.2 231.4 229.6 227.7 225.6 222.8 219.9 216 210.9 203.6 195.6 187.1 180.7 172.9 164.3 162.8 170.9 179.8
220.2 215.9 209.7 219.7 230.6 238.6 241.2 243.7 245.5 246.1 247.1 247.2 247.6 247.5 246.5 245.7 244.4 243.3 241.2 239 236.9 233.7 227.4 216.9 210.7 209.8 209.3 221.1 226.3 229.3 232.1 235.7 241.9 250.2 253.7 255.2 256.2 256.6 256.6 256.3 255.9 255 254 252.9 252.2 251.6 250.9 250 249.3 248.6 247.4 246.7 245 244.3 242.5 239.1 236.7 237.7 237.1 235.7 234.5 233.3 230.8 228.2 225.6 222.5 218.7 214.4 207.5 200.4 193.5 185.5 179.2 171.8 164.4 161.6 168.5 177.2
216.6 213.6 219.1 233.3 239.7 242.4 244.9 246.5 246.9 247.4 247.7 247.9 248.2 247.6 246.9 245.8 244.7 243.3 241.1 239 237 234 229 216.2 210.1 208.5 211.4 221.1 228.1 232.1 236.2 241 247.3 252 254.5 255.8 256.4 256.7 256.5 256.2 255.6 254.6 253.5 252.9 252.3 251.6 251.1 250.6 249.9 249.3 248.7 248.1 247.2 246.2 244.9 243.5 241.9 240.4 238.9 237.6 235.7 233.5 230.9 228.3 225.2 221.6 217.3 212.2 204.4 196.8 189.9 182.7 175.9 170.5 163.6 160.6 167.9 175.4
213.7 219.5 231.5 239.6 242.8 245.5 247.2 247.9 248.2 248.4 248.4 248.5 248.2 247.5 246.7 245.6 244.3 242.9 240.9 239 236.8 233.8 225.8 214.7 209.8 209.5 216.4 223.6 229.7 234.2 238.6 243.8 250 253.7 255.1 256.4 256.6 256.7 256.4 256 255.2 254.3 253.6 252.9 252.3 251.9 251.5 251.1 250.7 250.1 249.6 249 248.2 247.2 246 244.6 243.6 242.2 240.3 237.9 235.7 233.6 230.9 227.5 224.6 219.8 214.7 207.4 199.9 192.4 185.3 178.2 172.8 167.3 161.7 162 170.9 177.7
220.6 230.1 239.1 242.7 245.8 247.6 248.6 248.9 249 249 248.7 248.2 247.7 247.1 246.3 244.9 243.6 242.2 240.2 238.2 235.8 227.4 217.6 212.8 208 213.2 220.8 228.5 232 236.3 241 246.4 251.7 254.6 256 256.6 257.1 256.9 256.6 256.4 255.5 254.8 254.3 253.7 253.1 252.7 252.4 252 251.6 250.9 250.4 249.7 248.8 248.1 247.1 245.8 244.7 243.3 241.3 238.8 236.1 233.7 230.4 226.9 223.5 216 207.9 198.3 194.9 187.3 180.5 174.8 169.4 163.8 158.8 162.4 166.5 175.6
234.4 239.3 243 245.9 248 249 249.7 249.6 249.2 248.9 248.1 247.5 246.9 246.5 245.7 244.3 243 241.5 239.5 237.6 230.9 220.6 212.7 209.6 209.8 216.5 225.7 231.5 235.1 239.3 243.6 249.3 253.4 255.4 256.6 257.3 257.5 257.3 257.1 256.9 256 255.4 255.1 254.5 253.9 253.5 253.2 252.9 252.4 251.8 251.1 250.3 249.5 248.7 248 246.9 245.5 244 241.8 239.5 237.1 234 229.7 226.1 221.1 211.8 198.7 190.6 188.8 183.1 175.4 169.5 163.3 157.3 162.5 168.6 172.2 177.1
239.6 242.4 245.7 248.5 249.6 250.4 250.3 249.8 249.3 248.4 247.5 246.7 246.1 245.7 244.6 243.3 242.1 240.7 238.5 234.4 225 214.9 210.1 212.7 214.2 223 230.3 233.7 237.6 241.7 246.4 251.6 254.5 256.2 257.1 258 257.9 257.7 257.6 257.4 256.5 256 255.6 255.3 254.8 254.3 254 253.6 253.1 252.4 251.7 251 250.1 249.3 248.5 247.4 245.7 244 241.9 239.6 236.8 233.7 229.2 224.3 215.5 205 193.5 186.5 182.9 176.6 169 163.8 157.9 160.5 169.2 173.6 177.8 182.5
243.3 246 248.8 250.1 251.1 251.1 250.5 249.8 248.7 247.7 246.8 245.8 245.5 244.5 243.4 242.2 241 239.3 235.4 227.8 218.3 212.8 212.7 217.3 223.6 231.7 235.2 236.8 240 244 249.1 253.4 255.6 257.1 257.9 258.5 258.4 258.2 258 257.8 257.1 256.6 256.2 255.8 255.5 255.1 254.6 254.2 253.6 252.9 252.3 251.6 250.7 249.7 248.6 247.5 246.1 244 241.9 239 236 232.4 227.7 219 209 198.8 189.4 183.6 177 170 162.5 158.1 156.2 161.8 170 173.7 178.3 185.5
246.4 249 250.4 251.7 251.6 251.6 250.6 249.3 248.2 247 245.4 244.6 243.5 242.4 241.4 240.5 239.4 236.3 230.8 222.5 216.2 212.3 218.6 224 231.5 236.3 238.4 240.9 243.7 247.3 252.5 255.3 256.9 258 258.8 258.8 258.9 258.7 258.5 258.3 257.8 257.2 256.7 256.4 256.1 255.8 255.4 254.6 254 253.3 252.6 251.5 250.2 249.1 248.1 247.1 246 243.8 240.9 238.1 234.7 230.5 224.9 217 202.7 193.3 187.5 179.7 171.9 163.6 157.5 155.2 160.8 165.2 170.2 174.6 179.8 185.7
249 249.9 252.8 252.8 252 251.7 250.7 249.3 247.7 245.9 244.1 242.8 241.6 240.3 239 237.1 234 229.7 223.2 218.6 214.2 218.4 225 231.2 236.8 239.2 242.1 244.7 247.4 252.5 254.7 256.7 258.1 258.9 259.3 259.3 259.3 259.3 259.1 258.6 258.3 257.7 257.3 257.1 256.7 256.1 255.3 254.5 253.8 252.7 251.6 250.5 249.7 248.7 247.6 246.5 245 242.3 239.3 236.8 233.2 226.9 220.8 208.2 197.3 192 185.5 177.4 168 159.1 152.6 158.1 165 169.2 172.6 177.9 184.1 189.5
250.6 253.9 254.2 254.4 253 251.8 250.8 249.3 247.3 245.3 243.2 241.7 240 237.7 234.7 230.5 227.4 224 219.4 214.9 216.8 224.7 231.6 237.3 239.5 241.8 245.4 248.3 251.8 254.8 256.8 258.2 259 259.8 259.8 259.8 259.8 259.6 259.1 258.7 258.4 258.1 257.7 257 256.3 255.6 255 254.1 252.9 251.8 250.6 249.5 248.6 247.8 246.2 244.9 243.5 240.9 237.7 233.5 228.5 222.8 215.8 203.3 193.3 185.7 179.8 174.1 167.2 158 152.4 158.4 163.3 168.4 173.6 178.9 185.2 191.1
253.8 255.2 255 254.9 253.6 252.3 250.9 248.9 247 245 242.9 241.5 238.1 232 226.4 224 220.5 217.1 214.2 216.8 225.4 233.8 237.7 240 242.1 245 248.2 251.8 255 256.9 258.3 259.4 260.1 260.2 260.2 260.2 260.2 259.7 259.2 258.8 258.4 258.2 257.3 256.5 255.8 254.8 253.8 252.3 251.3 249.8 248.7 246.9 245.6 245.3 243.1 240.9 238 236.4 234.1 230 224.7 219.1 210 199 190.9 182.8 172.9 165.8 162.6 155 153.7 156.4 161.9 167.1 173.1 179.5 185.7 191.6
254.6 256 255.8 255.2 254 252.3 250.6 248.4 246.7 244.6 242.5 241.7 235.6 225.6 221.5 222.8 221.8 217.5 217.2 224.4 234.7 238 240.5 242.9 245.6 248.3 251.6 255.2 257.2 258.6 259.8 260.3 260.7 260.7 260.6 260.6 260.3 259.8 259.3 258.8 258.5 257.8 256.8 255.8 254.8 253.4 252.3 250.8 248.8 246.7 243.9 241.6 239.5 237.7 233.3 230.1 226.9 226.2 227.9 225.8 221 215.2 207.3 199.1 188.2 181.1 172.7 163.8 156.7 151.9 153.3 157.9 162.8 168.7 174.2 180.2 186.5 192.7
256.2 256.7 256.3 255.6 254.3 252.3 250.3 248 246.4 244.2 242.1 239.5 233.8 224 227.6 231.5 228.7 222.1 223 231.4 237.5 240.4 242.9 245.7 248.4 251.6 255.2 256.8 258.7 260 260.7 261.2 261.2 261.2 261 260.9 260.4 259.9 259.4 258.9 258.2 257.4 256.4 255.2 253.6 252 250.4 247.7 243.5 238.2 234.6 227.9 223.7 225.3 219.3 218.3 216.4 217.2 221.7 220.3 216.4 212.1 205.2 197.9 188.2 179.4 172.7 164.5 155.2 149.9 155.6 160.5 164.1 169.1 174.4 181.2 187.4 193.8
257 256.8 256.6 256.2 254.7 252.2 250.1 248.3 246.4 244.1 241.9 238.7 231.1 227.8 236.1 238.6 233.9 225.4 228.4 235.7 239.7 242.2 244.8 247.5 251.2 254.7 256.7 258.3 259.8 261.1 261.6 261.9 261.8 261.5 261.2 260.8 260.4 259.9 259.4 258.7 257.7 257 255.8 254.3 252 249.7 246.3 242.6 234.3 225.8 220.9 214.7 213.9 213.2 210.9 209 207.7 208.8 214.2 215.1 211.1 205.7 199.5 191.5 184.1 176.3 170.1 162.3 153 151 157 162.7 166.4 171.8 176.2 182.4 189 194.4
258 257.3 256.9 256.2 254.5 252.5 250.7 248.4 246.1 243.8 241.6 238.5 227.9 235 240.1 239.9 235.8 224.6 233.3 238.3 241.3 244 246.3 249.6 253.3 256.8 258.3 259.8 261.2 261.9 262.4 262.5 262.4 261.8 261.2 260.8 260.3 259.8 259.2 258.3 257.2 256.3 254.9 253.4 250.6 246.2 240.3 234.1 226.8 217.4 212 207.7 204.9 203.4 202.2 200.5 199 200 200.3 198 197.1 192.5 187.3 182.1 176.6 171.6 166.1 159.6 151.4 150.4 158.2 163.4 168.4 173.5 178.6 184.9 191 197.1
259 258.7 257.3 255.8 254.6 252 249.5 247.5 245.8 243.7 241.1 234.7 232.1 240.3 241.4 240 235.8 230.2 237.2 240.5 242.9 245.8 248.2 251.4 255 258.2 259.6 261 262.3 262.7 263.2 263.1 262.6 262 261.3 260.8 260.1 259.7 258.8 257.8 256.8 255.3 253.7 252.6 250.5 246.6 241.1 232.8 224.3 216.4 208.8 202.2 197.5 195.6 193.9 192.8 191.6 191.8 191.1 190.2 188.1 184.9 178.4 172.8 169.3 167 164.4 157.8 150.1 149.8 157.1 162.1 167.6 173.6 179.6 185.8 192.1 198.2
259.9 258.8 257.9 255.7 254.2 252.1 249.6 247.4 245.9 244.1 239.9 232.5 238.7 242.1 241.3 240.1 234 235.7 240.2 242.8 244.7 247.5 250.6 253.8 257 259.5 260.9 262.2 263 263.3 263.6 263.5 262.8 262.2 261.5 260.8 260 259.1 257.4 257.1 255.6 253.9 251.5 251.9 250.1 247.7 244.7 237.7 227.3 216 209.6 202 195.9 189.5 186.6 185.7 184.5 184.7 182.3 184.4 180.7 175.9 170.4 167.3 164.6 162.8 160.1 155.5 148.6 149.5 156 162.2 169.1 175.8 181.8 187.6 193.4 199.5
260.7 259.6 257.9 255.9 253.8 251.2 249.5 247.3 245.4 243 237.9 238 242.6 243.2 241.8 240.2 235.5 240.1 242.4 244.6 246.8 249.3 252.8 256 258.9 260.8 262.1 263.2 263.6 263.8 263.9 263.6 262.8 262.1 261.5 260.1 258.9 257.5 256.1 255.2 252.7 250.2 244.5 247.2 247.9 247.2 244.7 238.2 219.8 211.5 207.1 201.7 195.4 182.8 182 178.9 177.5 177.2 177.8 180.4 176.7 172.2 166.2 164.6 161.4 157.9 155.6 151.8 146.3 151.8 159.6 165.1 171.7 177.8 184.1 189.9 195.6 201.4
261.4 259.8 257.9 255.9 253.8 251 248.8 246.8 244.6 241.8 237.2 241.9 243.9 243 241.7 238.2 239.7 242 244.3 246.5 248.8 251.3 255 257.8 260.2 261.9 263.2 263.8 264.2 264.2 264.2 263.7 262.8 262 260.7 259.2 257.6 255.7 252.8 250.5 245.4 235 232 236.3 240.1 240.6 238.4 230.6 215.6 209.3 203.1 198.5 192.5 187.8 183.1 178.7 172.4 171.6 174.2 174.2 174 170.2 163.1 159.6 156.7 154.2 151.5 146.6 146.1 153.9 160.1 167.1 173.5 178.5 183.4 190.8 197.2 203.1
