public/OST50/ST11.asc
ncols 200
nrows 200
xllcorner 310000
yllcorner 110000
cellsize 50
[rows 0 to 34 of 200, columns 78 to 155 of 200]
91.6 89.5 88.4 87.8 86.8 86.1 84.7 84.5 83 81.3 77.6 79.9 81.4 83.4 85.1 86.2 87.7 87.5 85.3 82.3 80 77.8 76.9 77.3 78.4 79.8 81.3 82.2 80.5 78.2 74.9 72 67.4 64.3 66.2 67.4 69.4 70.5 69.6 68.4 66.7 64.7 63.4 62.5 62.3 63.1 63.2 63.8 57.7 58.4 62.9 62.2 61 60.6 58.4 59 57.3 55.5 53.3 57.2 62.4 66.7 69.2 67.5 61.8 61.7 63.4 67.3 72 73.1 72.1 70.6 69.7 68.7 68 67.4 65.8 63.9
93.3 91.9 90.3 89.5 89.1 88.2 86.6 85.7 84.9 83.5 82.7 79.4 81.6 84.1 86.2 87.3 87.9 87.1 85.3 82.8 80.3 78.6 78.5 79.1 79.6 80.6 81.7 82.1 80 77.3 74.2 70 64.6 66.7 68.7 70.6 72.1 72.4 71.9 70.8 68.8 66.2 65.4 64.4 64.4 63.9 65.8 65.5 64.7 62 60.6 59.2 57.9 58.8 58.9 57.9 58.3 55.7 55.9 53.8 57.8 64.9 70 70.6 63.5 62.7 64.7 70.1 74.3 73.6 72.3 70.8 69.5 69.3 68.5 67.4 65.3 61.7
92.5 92.1 90.5 90.5 90.6 90.4 90.5 87.9 87.1 86.6 84.8 83.2 82.9 84.6 86.1 87.3 87.6 85.7 84.9 82.3 80.8 80.4 80.1 80.2 80.7 81.1 82 81.8 79.8 76.8 72.9 67.7 66.9 69.5 71.3 73.1 73.7 73.2 72.4 72 69.8 67.4 67 69.2 68.4 67.4 63.8 61.4 64.8 66 61.5 57.5 63.5 58.7 58.7 60.3 59.9 56.5 58.6 58.8 57.7 59.4 64.6 69.1 66.4 64.4 66.8 72.5 75.5 74.3 73 71.5 71 69.8 69.1 67.7 65.1 61.2
93.3 93.4 91.5 91.5 91.9 91.1 91.4 90.1 88.9 87.9 86.6 84 84.6 83.8 86.1 86.8 84.8 85.2 83.9 82.5 81.9 82.1 81.5 81.1 81.3 81.7 82.5 81.6 79.3 75.7 70.1 67.6 69.6 72.4 74.3 75 74.6 73.5 72.3 72.3 71.5 71.2 69.9 69.1 69.1 70.2 70.1 69.2 64.6 61 59 58.6 59 61.7 63 63 62.5 58.5 59.9 61.6 61.3 60.2 63.7 70.5 71.4 66.2 69.1 74.9 76.3 75.2 73.7 72.5 71.6 70.7 69.8 68.5 65.2 62.5
93.6 94.1 92.6 92.5 93.8 93.6 93.4 92.3 90.3 89 87.8 85.9 86.9 87.2 85.2 86.5 86.9 86.4 84 83.1 84.2 83.7 82.7 82.1 82 82.4 82.9 81.4 78.1 73.2 68.3 70.7 72.9 75.3 76.4 76.4 75.5 73.8 72.6 73.3 72.1 71.8 72.6 73.4 73.8 74 72.7 71.4 70.8 69.7 67 61.7 61.5 63.6 65.2 65.6 64.9 63.7 62.2 63.1 63.7 62.3 65.5 71.6 74.4 68 70.1 75.3 77.1 76.3 75.2 73.6 72.7 71.5 70.4 67.9 64.8 64.7
94.1 94.5 94.3 94.2 95.2 95.4 94.6 93.7 91.8 89.3 87.9 88.5 87.9 87.8 87.2 86.2 86.3 85.4 84.4 85.1 85.2 85.6 84.5 83.4 82.9 83.5 82.7 80.7 77.2 71.2 69.1 73.6 76 77.6 78.2 77.9 76.4 74.8 73.7 72.4 72.9 75.2 77.1 77.5 77.9 77.2 75.8 73.6 71.3 68.6 66.1 63.7 65.2 66.7 68 68.4 68.2 67.7 66.8 66.4 66.4 65.7 67.3 72.8 74.6 68.6 71.7 77.2 78 77.2 76 74.9 73.7 72.4 71.2 67.9 65.3 66.6
95 95.9 95.7 94.7 95.1 95.9 95.6 94.6 92.3 90.9 90 90.4 90.3 89.8 88.6 87.2 86.5 85.8 85.4 86.1 86.5 86.1 85.2 84.2 83.8 83.2 81.8 78.2 73.4 70.1 74 76.4 78.3 79.4 80 77.7 75.5 74.6 73.2 73.4 75.7 78.4 80.1 81.2 80.9 80.2 76.1 75.4 72.7 69.8 68.5 63.6 68.4 70 70.3 71.1 70.9 70.7 70.5 70 69.6 70.2 72.2 76.2 74.1 70.2 73.3 75.5 79.2 78.3 77.2 76.1 75 73.7 72.3 70.1 66.9 67.4
95.2 96.2 96.8 96.2 96.3 96.9 96.1 93 92.7 91.9 91.9 92.4 92.1 91.1 89.5 88.1 87.1 86.4 86.7 87.5 87.3 86.2 83.9 83.4 82.3 81.8 79 72.4 71.3 72.6 76.6 78.3 79.5 81 77.8 77.6 78.1 75.9 74.5 75.2 77.7 79.8 81.4 83.6 83.4 80.9 78 75 73.9 69.8 69.2 64.5 71 71.7 72 73.4 73.9 73.5 73.5 73.1 73.1 72.4 74.8 76.9 73.9 72.6 73.2 78.5 80.1 79.4 78.3 77.3 76.2 74.9 73.7 71.3 68.3 70.4
95.1 97.1 98.3 97.5 97.2 96.9 97.3 95.5 94.7 94.4 94.3 94.1 93.5 91.4 90.1 89.1 88 87.3 87.1 86.9 87.1 86.2 84.3 82 80.2 78.6 73.9 73.5 75 77.2 79.3 79.6 80.1 78.8 81.8 81 79 76.9 75.2 76.1 78.6 80.7 81.4 81.5 82 80 78.3 76.2 74.2 71.3 69.5 67.9 72.7 75.2 76.4 75.7 76.8 76.2 76.3 76.5 76.9 76.7 77.2 77.2 75.7 75.4 74.3 78.1 80.9 80.6 79.5 78.4 77.6 76.3 74.7 72.1 70.3 72.1
95.4 97.4 97.9 99.3 99 99 98.1 97.4 96.7 96.8 96.5 94.7 94.5 92.6 91.3 90.1 89 88.3 88 87.3 86.3 85.1 83.5 81.1 78.2 75.2 74.5 76.4 78.4 80 81.9 80.8 80.3 84.3 83.7 81.5 79.6 77.4 76.5 76.7 79 80.2 80.3 81.3 79.5 78.8 77.4 75.8 73.8 71 68.7 68.3 73.8 77.2 79.2 78.6 79.7 79.3 80 80.2 81.4 82.9 81.2 81.2 79.3 79.4 77.3 79 81.6 81.9 81 80.2 79 77.5 76.9 73.7 72.5 74.2
98.2 99.6 100 100.4 100.5 99.6 100.1 99.9 97.7 98.2 97.5 95.6 95.3 93.6 92.3 91 89.7 88.9 87.9 86.9 86.5 84.3 81.8 80.3 77.2 75.2 77.5 79.7 81.8 83.5 81.5 84.4 87 86.5 84.5 82.8 81.2 79.6 78.4 78.2 79 79.8 80.1 80.4 79.8 77.9 76.4 74.8 72.9 70.8 68.7 70.9 75.3 79.4 81.5 82.5 82.8 82.9 83.7 84 85.4 87.4 87.4 86.1 83.6 82.5 79.7 79.7 82.7 83.8 82.8 81.9 80.3 79.1 77.7 75.2 75.2 76.3
100.8 101.5 101.8 102.1 102.2 101 102.4 101.9 100.5 99.4 98.6 96.4 94.8 94.1 92.7 91.4 90.2 89.1 87.7 86.5 85.4 83.7 82.1 77.8 74.8 77.4 80.4 82.7 83.4 82.6 87.9 90.1 89.9 88.7 86.7 84.9 83.2 81.3 79.9 79.6 79.6 80.3 80 79.8 78.9 77.8 77 75.8 73.5 70.9 70.2 71.3 75.8 80 83 84.7 85.8 86.2 87.2 88 89.8 91.5 91.2 89.5 87.8 86.8 85.9 82.7 85.2 85.9 84.8 83.2 81.1 80.5 78.9 76.4 76.8 77.5
103.6 104.1 104.5 104.6 104.5 104 105.3 105 102.7 100.7 98.4 95.6 92.7 92.2 92.2 91.5 90.4 89 87.4 85.4 82.6 81 80.5 78.2 77.5 77.9 83.2 84.4 84.6 88.8 92.2 92.8 92.1 90.9 89.2 87.4 85.3 83.3 81.5 80.7 81.3 81.5 80.9 80.7 79.8 78.7 77.9 76.5 73.9 72.4 71.8 71.7 74.4 77.4 81.7 85.4 87.4 89 91.3 93.6 94.4 95 94.4 92.4 91.1 90.7 88.9 88.5 88.9 87.7 86.1 84.3 82.6 81.4 79.9 77 79.2 78.5
105.9 105.9 106.7 107 107.6 106.5 107.6 106.7 104.2 101.1 97 93.8 90.5 89.6 89.8 90 89.5 88.1 86.2 82.6 82.9 82.2 81.5 78.5 79.9 84.3 82.5 84.9 89 91.5 93.6 94.3 94.1 92.9 91.6 89.6 87.5 85.5 83.2 82.7 83.9 83.8 83.2 82 80.9 80 78.2 76 74.2 73.7 75.9 76.5 75.5 77.4 80.2 84.4 86.9 89.3 93.2 97.9 98.6 98.7 98.4 97.4 94.9 94.3 92.1 92.2 90.7 89.4 87.9 86.3 84.8 83 81.5 80.7 81.2 80.2
107.4 106.2 107 107.3 109.4 109 109.1 106.9 103.4 98.9 94.4 92.1 89.5 88.7 88 86.6 86.3 85.1 84.1 85.3 85.6 85.5 82.6 77.4 88.1 86.8 84.1 87.3 90.1 92.4 94.4 95.6 95.3 94.6 93.8 91.8 89.6 87.1 84.4 85 86.3 86.4 85.2 83 81.3 79.7 78.1 76.4 74.2 77.6 78.9 79.3 78.9 78.8 81.5 84.3 87.7 91.3 98.7 103.7 103.6 102.4 101.6 100.2 99.5 98.1 96.4 94.8 93.3 91.6 90.1 88.5 86.3 84.3 82.7 83.1 82.8 82.3
105.5 102.2 103.7 105.6 107.7 108.7 108.7 106 101.9 95.2 93.1 92 90.8 90.5 90.1 89 87.7 86.8 87.6 88.4 88.6 86.9 83.3 89.4 86.4 88 89.5 88.3 90.4 92.5 94.5 95.9 96.1 95.3 94.5 93 90.8 87.9 85.1 87.4 88.5 88.4 85.9 84.3 81.9 79.9 79.1 77.9 75.7 80 81.7 81.8 81.2 80.8 82.7 85.4 88.1 92.1 99.1 107.1 107 106 104.9 103.8 103.3 101.8 100.1 97.2 95.3 93.6 92.1 90.1 88 85.8 85 84.8 84.3 83.9
97.6 99.2 100.5 102.7 103.2 108.8 107.9 104.8 100.3 96.4 94.2 93.6 92.3 93.1 92.6 91.1 89.7 89.1 89.9 90.3 89.8 90.1 91 83.6 88.9 90.4 91.1 90.4 91.6 92.9 94.2 95.1 95.2 94.7 93.7 92.6 90.6 88.1 87.9 89.3 90.1 89.6 88.1 87.3 85.1 83.2 81.1 79.6 77.2 81 83.5 84 83.3 82.8 84.6 86.1 89 92.7 97.9 107.6 110.9 109.8 109.3 108.1 106.7 104.4 102.1 99.5 97.8 95.6 93.4 91.3 89.3 87.2 87.1 87 86 85.4
96.2 97.2 98.4 102 106.5 109.1 107.2 104.5 101.4 98.2 96 95 95.3 95.4 94.8 93.2 92.5 92.2 92 92 93.3 89.8 80.8 87 91.4 92.9 93.4 92.9 93.1 93.4 93.6 94 93.9 93.5 92.7 91.5 90 88.7 89.7 91 91.2 91.1 90.3 89.8 87.7 85.5 83.3 81.1 79.6 81.3 84.3 85.9 85.5 84.7 86.4 88.2 88.8 92.6 94.9 101.5 110.9 110.9 108.9 110.7 109.5 106.9 104.3 101.6 99.5 97.9 94.5 92.5 90.7 90.1 89.8 89.4 88.2 86.6
95.1 96.5 98.8 102.2 105.8 108.6 106.6 104.2 101.7 99.3 97.5 96.7 96.9 97.8 97 95.6 95.4 95.2 95.2 94.4 90.7 86.1 84 88 93 95.2 95.2 94.7 94.8 94.4 94.1 93.9 93.6 92.5 92 91.2 90.9 91.7 92.6 93.1 93.3 92.4 92.9 91.8 89.8 87.2 84.4 82.2 81.6 82.1 84.4 87 88.4 87.5 87.9 89.2 90.6 92.6 94.6 98.4 102.8 106.4 108.9 113.7 111.9 109.3 106.7 103.5 101 98.7 96.1 94.3 92.9 92.5 92 90.4 89.5 87.5
96.6 97.2 99.3 102.1 105.4 108.8 107.8 105.1 102.6 99.9 98.4 98.5 100.6 101 99.9 98.5 98.4 97 96.9 94.9 91.1 86.3 83 90.2 94.5 96.8 97 97.4 97 95.9 95.3 94.5 93.8 93 92.5 92.8 93.2 94.2 95.3 95.3 95.1 94.2 94 92.3 90.3 87.8 85 84.1 83.1 83.3 85.3 88.6 90.8 90.6 90 91.1 93.2 94.6 96.7 99.2 101.8 103.5 107.9 113.1 114.4 111.6 108.9 105.8 103 100.1 97.7 96.3 95.5 94.9 93.7 88.1 88.1 86.5
98.7 99.4 99.8 102.6 106.4 109.6 108.5 106.6 104.1 101.3 100.7 100.1 103.6 105.1 103.7 99.7 98.7 100.9 98.7 95.7 90.7 85.3 87.1 93 96.1 98.8 99.8 100 99.4 98.4 97.5 96.2 95.2 94.5 94.3 95 95.9 97.1 97.7 97.3 96.5 94.7 93.7 91.9 90.5 89 87.6 86.5 85.9 84.8 87 89.9 92.9 93.4 92.9 92.7 94.5 96.4 98.6 104.1 108.6 109.4 110.5 117.3 116.8 114 110.8 107.5 104.3 101.6 99.9 99.1 98.2 97 94.8 90.3 86.7 85.1
100.9 101.6 102.5 103.3 107.8 111.1 110.9 109.4 106.7 103.9 102.5 102.4 106.3 102.8 101.9 104.7 104.3 102 98.9 93.2 88.5 84.7 91.9 96 98.8 100.4 101.4 102.1 102 100.7 99.7 98.1 96.8 95.7 96.4 97.4 98.9 99.7 100.3 99.1 98 96 94.5 93.6 92.1 90 88.7 88.9 87.9 87 87.2 89.5 93.3 95.3 96.5 94.9 96.7 98.2 101 111.1 117.7 118 118.7 120.3 118.9 115.1 111.9 108.6 105.8 103.6 102.9 102 100.5 98.3 95.2 90.1 87 85.6
102.8 103.8 105 105.5 110.5 113.8 114.8 112.5 108.9 104.9 103.2 104.4 104.3 106.4 109.4 106.8 105.3 102.5 98.2 93.8 86.9 88.7 95.3 98.4 100.8 102.2 103 104 103.5 102.2 102.8 100.6 98.2 98.4 99 100.7 102.6 103.2 103 101.7 99.3 96.9 95.8 94.7 93.2 91.4 92 92.1 90.4 89.1 89.6 90.8 94.8 97.6 99.1 99.1 98.3 100 102.9 111.4 120.8 124.6 124.4 123.5 120.6 117.2 113.3 110.3 107.8 106.7 106.3 105.2 102.1 98.5 94 89.8 88.3 86.8
102.3 104.3 106.2 108.6 113.5 117 117.1 114.6 109.4 106.6 106.7 106.5 109.7 111.9 110.2 108.2 105.4 101 95.6 91 88.2 92.4 97 100.2 102.5 103.8 104.7 105.9 107.2 107.9 105.8 102.3 99.3 100 102.4 104.9 106.8 107.7 106.4 103.6 100.1 98.2 97.1 96.1 94.8 95 95 94.7 93.6 92.1 92.7 93.4 96.3 100.4 102.4 101.9 101 102 105.1 113.9 124.1 128.1 127.9 125.8 122.3 119.4 115.4 112.3 110.4 109.2 109.4 107.9 102.7 97.8 93.5 90.9 89.9 88.9
100.5 102.5 105.6 108.6 114.9 117.7 115.5 108 107.6 106.9 105.6 107.4 110.6 111.1 109.6 108.4 105.1 99.1 93 89.8 89.9 93.2 98.2 101.8 104.1 105.3 106.4 107.9 109.3 110.6 108.4 104.5 101.5 102.7 105.5 108.2 110.8 112.2 109.4 105.3 100.7 100.2 99 97.8 97.7 98.9 98.4 97.1 96.2 96.2 96.4 96.4 97.9 100.6 104.5 104.8 104.3 104.9 107.9 117.4 128.3 131.2 131.3 128.8 124.6 121.2 117.5 114.5 112.2 111.1 111 108.6 102.5 97 94.5 93.2 92.6 91.6
97.1 99.8 103.3 106.7 112.9 108.6 108.4 112.7 111.1 107.9 106.7 108.3 111.2 111.6 109.4 106.2 101.6 96.8 92.5 91.1 93.4 92.8 97.3 102.1 104.8 106.8 107.9 109.8 111 112 109.4 105 103.7 106.2 108.7 110.9 113.3 115.2 109.8 107.1 103.7 102.4 101.3 100.2 100.7 101.7 101 99.5 99 98.4 99.6 100.1 101.9 104.9 106.4 108.2 108.2 108.7 110.4 118.4 131.2 135 135.3 131.9 127.9 123.8 120.2 116.9 113.6 112.2 108.4 105.6 100.7 98.3 97.2 96.6 95.5 93.8
98.9 98.5 106.2 108.8 108.9 112.3 113.4 113 110.7 108.1 107.4 108.4 111 109.9 107.2 104.2 100.1 95.6 92.5 95 96.2 95.5 96 100.2 103.5 106.9 109.2 110 109.8 109.5 107 105.6 107.5 110.9 113.7 114.7 115.4 117.3 115.9 115.3 108.7 105 103.3 102.6 103.2 104.3 104.3 103.4 101.8 102.2 103.6 105.4 105.8 108.7 110.6 111.8 111.5 112.6 113.7 120.8 133.7 138.6 139.8 135 130.7 126.4 122.9 119.2 115.8 112.5 108 104.1 103.1 102.1 102.3 101 98.7 96.3
107.6 108.4 105.3 102.4 105.2 107.7 110.3 111.4 109.9 108.7 107.4 107 107.8 106.3 105.3 102.4 98.4 94.9 95.2 97.1 98.9 99 97.4 97.6 101.7 105.3 108.4 109.5 108.8 108 107.8 109.2 111.8 116.1 118.9 118.9 118.8 121.4 123.1 123.3 114.1 107.9 105.7 104.2 106.8 108.6 108.2 107.2 106 108.4 109.1 109.9 110.2 112.5 115 116 116.4 116.7 118.7 124 132.5 140.7 143.3 138 132.6 128.5 123.9 120.4 117 112.6 108.5 106.7 108 108 106.5 104.8 101.8 99
109.2 103.3 101.5 102 103.6 105.3 108.1 110.1 109.5 108.3 107.1 105.5 105.2 103.2 102.3 100.1 97.2 95.8 97.8 98.9 100.3 101.3 101.8 99.9 102.5 105.6 108.3 109.4 109.4 110.7 112 113.7 117.2 120.8 123.8 123.2 122.2 123.5 124 123.2 119.2 109.9 109.7 107.3 110.6 112.1 112.8 112 112.6 113.9 113 113.3 116.9 119.1 121.3 122 122.5 124 124.4 127.2 132.4 138.5 144.4 139.3 132.8 129.1 125.2 122 118.1 114.2 109.9 110.7 112.4 112.6 110.6 107.4 104.7 101.9
107.2 104.7 103.7 103.7 104.1 105.7 109 110.2 109 108.1 107.4 105.9 105.8 104.4 102.2 100.1 98.3 97.7 99.6 100.7 102 104.2 105.9 101.9 103 105.1 107.9 110.3 111.4 112.8 114.7 117.5 121 124.7 127.8 127.1 124.9 123.2 121.1 119.9 114.7 113.5 114.4 110.2 112.3 116.6 116.8 117.5 119.9 120.3 119.9 120.7 125.6 127.5 128.4 128.5 128.9 131.3 131.6 132.6 135.5 139.4 141.5 137.8 132.8 130.1 127.7 124.5 119.7 116.5 114.6 117.5 118.7 116.8 114.4 111.5 109.2 106.7
107.9 107.7 106.8 106 107 109.7 111.5 111.4 110.7 110.2 109.3 108.2 107.8 106.9 104.6 101.1 99.2 98.7 102.1 103 104 105.9 107.7 108.7 104.8 105.9 108.7 110.8 113.1 115.3 117.5 121 123.8 127.8 130.7 129 125.7 121.8 119.6 119.5 120 119.8 118.8 113.9 115.7 119.6 120.6 121.6 124.5 126.5 128 130.3 132.8 134.8 135.3 136 135.8 137.4 138.6 138.5 139.8 140.5 139.5 138.6 136.5 134.3 130.9 127.8 124.3 121 118.9 123.5 123 120.8 118 115.8 113.2 110.6
110.9 110.7 110.4 110 110.4 112.4 113.6 113.3 112.6 111.7 111 109.9 109.8 108.7 105.7 101.8 101.7 100.4 104.1 105.9 106.3 107.9 110.2 112 112.5 106.9 108.7 112.8 115.1 117.7 120.5 123.2 126 130 132.1 129.3 125.5 123.5 124.5 124.6 124.2 123.7 121.5 115.3 121.6 124.8 126 125.8 128.2 131 133.5 135.3 138.9 141.5 142.4 142.7 143 144 144.8 144.4 144.6 143.2 142.7 144.9 142.6 139.4 135.6 131.9 128.9 125.3 124.1 129.4 128.5 125.3 122 119.8 117.2 114.4
114.1 114 114.4 114.9 114.5 114.8 116 115.8 115.1 114.4 113.5 111.8 111.4 109.6 104.2 103.6 104.2 103.8 105.4 108.4 108.7 108.8 111.6 113.8 114.2 114.8 110.6 113.3 117.3 119.8 122 125.1 127.9 130.9 132.1 129.6 129.7 129.2 129.5 128.2 125.5 121.7 119.4 120.5 126 129 131.7 131.3 131.9 134.9 138.7 143 146.4 149 151.4 149.5 148.3 149.7 151.3 150.7 151.1 148.7 150.2 151.6 148.4 144.6 139.7 137.2 134.2 129.5 132.9 135.6 133.3 129.9 126.8 124.1 121.3 118.1
118.3 118.5 119 119.9 118.1 118.3 119.2 118.8 117.6 116.8 115.7 112.4 112 106.7 106.1 106 106.3 105.6 106.5 110.4 111.5 109.7 111.3 113.3 114.6 116.1 113.8 113.8 118.4 121.6 124 127 129.8 132.8 134.4 135.2 135.6 137.3 134.3 127.9 123.3 122.2 122.9 126.1 130.2 133.4 136.4 134 136.1 138.8 144.5 150.3 154.5 156.9 158.9 156 154.6 156.5 158.6 157 158.6 158.1 159.5 157 153.5 150.1 147.2 144.1 140.3 135.1 140.8 142 138.8 135 132.2 129.1 125.3 122
125 124.5 123.9 123.9 121.8 121.2 122.4 121.8 121 119 117 113.9 109.7 109.2 109.1 108.6 108.9 108.2 107.2 112.4 113.5 110.7 110.7 112.8 115.7 117.3 116.6 114.1 117.8 123.1 126.4 128.8 132.8 136.2 138.1 139.7 141.5 142.5 140.4 131.3 125.3 125.4 126.5 130.3 134.4 137.8 140.6 140.8 140.2 143 149.6 156.6 162 165.3 164.8 158.6 163.1 164.7 165.3 163.7 166.5 167.6 167.1 164.1 159.5 155.9 153.6 150.7 147.4 144.3 144 147.9 145.7 142.6 137.8 132.9 128.8 126.2
