public/OST50/ST11.asc
ncols 200
nrows 200
xllcorner 310000
yllcorner 110000
cellsize 50
[rows 105 to 139 of 200, columns 78 to 155 of 200]
230.9 232.7 231.4 230.3 228.6 225 213.6 205.8 199.1 194.4 188.4 183.5 178.8 173.6 167 158.6 146.8 148.7 154 160.4 166.1 169.9 176.7 186.2 193.1 205.3 218.7 222.6 223.5 224.1 225.1 223.8 225.8 224.5 220.3 216.2 215.2 211.1 208.3 205.4 201.2 200 199.4 194.5 191.2 188.7 185.8 185.2 183.5 179.9 175.7 171.3 168.9 164.7 163.2 167.6 173.7 179.9 188.1 194.4 196.6 197 196.1 194.3 191.7 189.2 187.1 184.7 182.2 179.7 176.6 172.4 168.4 164.7 161.6 160.5 161 161.1
223.2 231.6 230.6 229 227.5 221.6 210.4 199.1 195.6 191.1 186.6 181.8 176.1 169.9 163.9 155.5 146.4 145.1 152 157.3 162.6 166.2 175.5 185.1 191.3 198.8 212.4 220.9 222.5 223.3 222.9 219.5 218.4 209.9 205.1 203 203.2 203.1 200.8 198.6 196 194.6 193.2 190.4 188.1 184.3 180.3 181 180.9 177.7 174.1 168.5 164.6 161.6 161.4 164.2 170 175.2 181.1 189.4 192.2 192.8 191.5 189.6 187.4 184.2 181.9 180.5 177.8 174.6 171.8 167.8 165.6 161.9 159.5 159.7 160.4 162.4
213.4 226.4 228.9 227.8 226 215.8 205 194.2 192.2 188.6 184.4 179.8 174.4 167.8 159.7 151.7 144.9 146.5 153.7 160.7 166.3 170.6 175 181.8 188.6 193.7 201 209.1 212.4 216.1 211.7 208 203.7 198 195.4 194.7 195.2 196.4 195.4 193.4 190.3 188.4 187.8 185.6 182.3 178.7 175.5 175.7 176.7 175.1 171.5 166.8 162.8 160.2 159.6 161.4 165.6 170.7 176.5 182.3 187.5 188 187.4 185.4 182.5 179.6 176.8 174.8 172.6 168.9 164.7 162.7 161.1 157.9 158.6 159.8 162.7 167.4
202.1 211.9 219.6 224 219.6 208.8 197.6 190.5 187.4 185.6 181.3 177.2 172.4 166.4 158.6 151.6 142.7 145.2 152.3 159 161.6 164.3 172.1 177.3 183.4 188.2 193.3 195.7 199.3 201.8 199.2 195.2 192.5 189.9 188.8 189.7 189.6 191.3 190 187.3 184.9 180.2 178.6 178.3 177.6 174.8 172.1 169.9 171 172 169.1 165.5 161.8 158.9 157.7 159.1 161.6 166.4 173.1 180.1 183.4 181.9 181 179 177 173.7 169.9 168 165.6 162.4 159 157 158.1 156.9 158.5 161.2 165.3 170.1
194.8 199.4 205.7 210 208.4 199 190.4 185.5 180.9 182.8 178.9 174.8 170.1 164.4 157.5 149.3 141.1 143.7 150.4 156.2 157 162.5 169.2 172.8 177.5 183.7 188.4 190.6 192.1 192.7 191.8 189.9 187.8 184.9 182.4 182.7 183.4 185.8 185.5 180.8 178.9 177.4 172.3 173.1 173.7 171.9 169.2 166.5 168.1 168.7 166.4 162.9 159.7 156.7 156.1 157.3 161.1 165.6 170.7 177.4 177.9 176.3 174.3 172.7 170.9 167.2 163 160.5 158.7 156.2 155.6 155.5 157.2 159.1 161.8 167.7 171.1 171.6
186.6 190.3 192.5 194 192.3 189.6 185.5 179.7 175.1 176.6 176.9 172.2 167.6 162 155.4 147.8 140.6 141.9 148 152.5 154.2 159.8 164.7 167.7 172.6 178.7 183.1 185.2 186.9 187.3 185.3 182.7 180.6 177.4 176.3 176.8 177.7 180 180.8 178.1 177.1 171.9 167.4 168.3 169.9 169 166.5 163.6 164.1 165.8 163.4 160.8 157.7 155.5 154.3 155.9 159.9 164.1 167.7 171.4 171.4 169.2 165.2 166.1 164.1 160.7 157.2 154.6 154.9 155.2 156.6 159 162 167.2 169.2 167.3 174.2 177.5
178.3 181.3 184.9 186.2 185.9 183 179.9 174.7 168.8 166.6 171.7 170.3 165.6 160.1 153.6 147.8 140.3 141.5 146.9 150.9 151.3 153.3 160.7 166.8 171.3 175.4 177.6 179.1 181.1 179.9 177.2 175 171.8 169 169.2 171.2 173.4 175.8 176.3 174.5 173.1 168.6 165 161.9 166.2 165.6 163 160.1 160.5 162.4 160 158.4 155.9 153.6 153.2 155.3 159.2 162 163 159.8 164.9 163.4 160.8 158 156.7 153.5 152.9 153.7 154.9 158.4 162.2 165.5 166.9 171.5 174.3 175.2 176.9 180.3
172.9 174.3 176.6 178.5 177.3 176.5 172 168.4 161.9 159.4 168.8 167 163 157.9 152.1 145.8 138.8 139.8 144.4 147.4 147.6 153.4 159.2 164.1 168 170.8 171.3 172.6 174.4 172.9 170.6 167.8 163.9 160.6 164.1 166.4 167.9 170.6 170.8 169.3 168.3 166.5 163.4 158.6 158.6 162.1 159.7 157.2 156.4 158.3 158.5 156.7 153.6 151.4 153 155.7 159.3 160.6 160.7 160 159.1 156.7 154.6 152.1 150.8 151.8 153.2 156.7 158.9 163.8 168.1 171.3 172.9 174.9 178.5 180.5 181.1 182.7
166.2 168 170 170.4 171.1 168.8 165.6 163.1 155.8 153.6 163.2 161 160.3 155.5 150.5 144.1 138 138.7 141.1 141.5 146.5 150 156.7 160.9 164 165 165.2 166.4 168 166.8 164.2 161.7 158.8 155.9 159.4 161.5 163.4 164.9 165.2 162.9 161.9 161 159 155.9 158.1 158.4 156.6 154.2 153.2 155.5 155.2 154.6 151.2 149.6 152 156.7 159.1 159.3 157 154 152 150.4 150.3 151.3 152 153.9 156.9 161.7 166 169.3 172.5 176 178.3 179.3 182.6 184.9 186.3 188
159.9 161.5 162.3 164.2 163.7 160.3 157.1 155.2 149.1 148.7 157.8 157.4 156.7 152.8 148 142.1 136.9 136.3 139.1 141 144.4 147.4 153.7 157.3 159.3 159.6 159.7 160.5 161.5 160.7 158.6 155.7 153 150 153.2 155.4 157 158.5 158.5 156.4 155.9 155.8 153.9 152.6 154.5 154.4 153 149.9 151.9 152.9 152.8 151.3 148.6 148.6 150.7 154.8 156.2 154.6 151.4 149.2 148.3 149.4 150.5 153.3 155 157.2 162.4 167.4 170.9 173.3 176.4 179.9 182.3 183.2 185.4 188.2 190.9 193.7
153.1 154.1 154.7 158.3 156.5 151.4 148 147.6 143.1 146.6 152.8 152.7 150.9 149.5 144.7 138.8 136.3 133.8 136.9 139 142 145.1 150 153.3 154.4 153.9 154 154.8 155 154.3 153.1 151.1 149.2 144.6 148.3 149.6 151 152 152.6 151.3 150.6 150.6 149.8 148.7 150.1 150 148.7 147.6 149.3 149.7 149.6 148.5 146.7 147.4 149.5 150.7 150.2 148.7 148 147.9 148.7 148.8 152.2 155.2 156.8 158.6 163.5 167.7 169.5 170.4 173.6 179.1 184.5 187.4 191.1 195.7 203.2 207.6
145 146.2 149.1 151.2 149.1 145.6 139.7 141.1 138.3 143.4 147.5 147.1 144.1 144.2 141.2 135.8 133.9 133.1 135 137.1 139.4 142 145.7 147.5 148.3 148.9 146.9 150 149.9 149.5 147.9 146.6 145.8 142.7 143.7 144.9 145.5 146.3 146.4 145.7 145.8 145.1 145.1 144.7 145.5 145.4 144.8 144 144.5 144.7 144.5 145.2 144.6 145.7 146.7 146.1 146 146.6 147.2 148.5 149.2 148.8 150.4 153.1 155.2 157.9 160.8 163.8 164.6 167.7 171.7 177 186.6 198.1 203.5 208.4 214 217.8
138.1 139.7 143.7 145 143.4 141 134.9 136.5 135.3 138.9 141.5 140.7 140 139.6 137.2 134.3 132.8 132.2 134 134.9 136.2 138.7 140.6 142.1 143.2 144 143.5 143.5 144.1 144 143.4 141.8 141.6 140 139.2 139.3 140 138.8 139.6 139.7 140.1 140.9 141.4 139.7 140 141.1 141.6 142.1 142.3 143.3 143.6 143.8 143.7 144.2 145.6 146.1 146.8 148 150.5 151.9 151.2 151.2 150.9 151.2 153.1 155.9 160.1 161.5 165.4 169.9 173.2 179.1 188.1 205.6 211.4 213.9 217.1 220.4
132.1 133.1 137.4 137.7 137.9 135.9 132.9 132.9 131.7 133.9 136.3 135.5 135.2 135.2 133.5 132.4 130.8 130.9 132.3 132.7 133.5 134.6 135.8 137.3 138.1 139.1 139.4 139 138.9 139 137.7 136.9 136.8 135.9 136.2 136.3 136.7 137.7 139 139.2 139.6 140.5 141.1 141 141.8 143.3 144.2 144.8 144.3 144.7 144.7 146.1 145.5 146.4 147 148.6 149.2 151.3 154.2 155.4 154.4 152.9 152.1 151.8 152.7 154.4 156 160.9 165.3 169.5 173.5 178.9 185 197.2 208.8 215.8 218.4 220.5
126.2 127.9 132 132.6 132.3 131 129.1 130.5 130.3 130.5 131.9 131 132.1 130.4 131.1 130.5 131 131.5 130.7 130.5 130.7 131.4 132.9 133 133 134.6 135.2 134.5 134.6 134.6 135 134.8 135.6 136.8 138 139.2 140.5 141.9 142.2 142.7 143.2 142.7 145.3 145.2 147 146.8 147.8 148.5 149.4 150.9 152.2 151.7 149.1 149.6 149.6 152.3 152.4 154 157.4 158.4 156.9 154.2 154.1 153.6 153.6 152.9 155 159.4 163.9 168.2 173 178.2 182.5 188.1 196.1 203.1 210.4 215.5
122.8 124 127.3 126.6 127.9 126.6 127.2 127.4 126.9 127.2 128.2 127.9 128.9 129.2 128.9 128.9 129.7 129.9 129.5 129.8 130.1 130 130.9 131.7 132.3 132.9 133.5 133.5 133.8 136.2 135.9 136.6 138.4 139.6 141.6 144.2 145.6 146.8 147.7 148.9 147 146.9 149.1 150.5 151.1 151.3 151.2 152.6 155.1 156.8 159 158.1 153.4 155 153.3 156.7 157 156.7 161.6 161.5 158.7 157.4 157.4 156.9 155.9 154.6 155 156.1 161.5 165.9 170.9 175.6 179.6 184.1 188.7 192.5 197.7 203.4
123.8 123.5 123.1 125 124.4 123.3 124.1 124.8 125.3 125.4 125.8 127 126.6 126.3 127.7 127.8 127.9 127.3 129 128.9 128.9 130.5 130.7 131.4 132.1 132.6 134.2 137.3 138.3 139 140.1 141.8 142.8 143.1 143.4 149.1 151.4 151.7 152.7 153.5 151 150 153.6 155.1 156 155.4 155.2 157.2 159.2 161.8 164.4 163.3 159 159.9 157.8 161.5 163.5 161.8 166 163.9 159.9 160.6 161.1 160.9 160.3 158.2 155.6 155.6 158.4 162.7 167.3 171.7 176.4 181.3 185.5 188.5 191.9 196.6
120.2 121.5 122.6 122.5 122.9 122.7 123.2 123.6 124.5 123.7 125.3 125.9 126.3 127.1 125.4 128 129.7 130 130.6 130.9 131.3 131.9 132.6 131.7 135.6 139.2 141.5 142.8 143.4 143.6 145.2 147 147.8 147.9 147.7 152.3 154.9 156.8 157.3 158.1 154.7 154.6 158 160.6 161.6 160.5 158.9 160.9 164 166.6 169.1 167.5 164.9 163.6 160.9 166.1 168.8 170.1 169 164.2 163.2 164.8 164.7 164.7 163.4 160.9 157.5 156.5 156.7 159.4 163.7 168.2 172.9 177.5 180.2 182.7 187.1 193.3
120.5 121 122.8 122.8 123 122.7 122.7 123.9 124.4 125 125.6 126.2 126.7 127.9 127.5 130 132.3 134.6 136 137.5 138.9 136.7 135 137.8 142.8 145.3 146.7 147.7 148 148.6 150.4 151.9 152.3 152.5 151.7 154.4 157.1 161.5 162.3 162.5 159.2 158.5 163.5 166.6 167.9 167.6 164 165.3 168.3 170.8 172 170.8 170.9 168.8 165.9 170.9 172.1 172.5 168.1 165.4 169.2 168.2 168.3 168 165.7 163.1 159.4 159 158.2 157.2 160.2 164.7 168.5 168.9 172.6 179.9 185.7 189.3
122.6 122.7 123.3 122.6 122.7 123.3 123.3 124.3 125 126.6 126.7 129.1 131 132.3 134.7 137.4 138.7 139.5 141 143.1 144.8 144.1 141.5 142.4 148.2 150.8 153.6 154.1 152.8 153.5 155.3 156.5 157.5 158.1 156.7 158.1 162.5 165.6 166.7 166.6 163.9 161.7 167.8 171.1 172.9 170.5 169.9 170.3 172 174.6 175 176 176.1 174.8 173.1 174.3 173.3 170.1 168.3 169.7 172.7 173 170.7 168.3 167.7 164.3 161.8 163.4 161.1 158.9 158.3 160.7 162.5 166.3 174 179.6 183.1 185.2
126.5 126.1 126.8 125.5 123.1 123.6 123.3 124.5 128.4 129.3 133.8 135.2 135.8 138 139.1 141.1 142.3 142.5 144.3 146.2 148.3 148.9 146.7 148.3 147.1 154.9 159.4 160.4 159.2 158.9 159.9 160.9 162.4 163.2 162.6 160.3 166.6 169.8 170.9 171.3 170.5 165.4 170.8 175.2 176.5 175 174.1 174.9 176.4 178.6 179.3 180.2 180.7 180.4 179.5 178.5 175.7 171.3 172 175.6 177 175.5 171.4 171.3 170.6 164.9 166.9 166.2 164 161.2 159.6 159.4 160.8 165.9 171.4 176.9 179.3 180.6
130.7 131.2 130.6 129.1 126 123.7 123.6 123.4 126.4 130.7 133 134.8 138.2 139.9 141.5 143.2 144.5 145.7 147.3 149.2 150.8 152.6 154.6 156 156.7 156.4 164.5 165.7 165.7 165.5 164.8 165.8 167.6 168.7 168.2 168.7 169.2 173.4 175 175.4 173.8 170.3 173.9 178.8 179.7 179 178.3 180.1 182.5 184.5 186.4 186.9 189.7 187.5 185.6 181 176.7 173.8 176.7 179.3 180.1 178.2 175.3 174.8 173.2 166.6 170 170 167.8 165.3 162 160.5 160.7 163 167.2 171.5 173.8 176.2
133.9 133.9 133.9 132.1 128.7 124.7 124.3 124 125.8 129.3 131.7 135.9 138.4 139.7 142.4 144.1 146.7 148.6 150.5 152.6 154.7 157.2 159.3 161.9 164 166.3 169.1 171.6 172.4 172.5 171.9 171.7 173.6 173.9 172.9 173.8 174.8 177.1 179.1 179.1 176.8 175.7 176.2 182.2 186.5 186.4 188.8 193.3 195.9 198.4 200.4 202 203.2 201.2 196.9 185.5 178.3 176.8 180.3 183.3 184.6 182.7 179.7 177.1 174.9 168.8 171.7 174 171.2 167.9 164.5 163.3 162.1 161.6 162 165.5 168.4 171
134.6 135.8 135.7 134.2 131 126.1 124.6 124.2 125 126.3 131 134.6 138.2 140.6 143.2 145.7 148.5 150.5 152.8 155.1 158.5 161.5 164.4 167.7 170.9 173.4 175.3 177.5 178.1 178.4 178.5 178.3 179.7 179.5 177.2 178.4 181.5 182.8 183.5 183.5 181.7 181.1 184.5 188.9 194.2 196.8 201.5 205 207.6 208.9 209.3 210.4 210.2 209.1 203.3 189.5 180.3 180.2 184.6 187.7 190.5 190.4 183.5 178.4 174.2 173.1 175.2 177.5 174.9 172.4 167.5 167 167.3 166.2 164.4 163.3 162 166.5
134.6 136.2 135.6 134.9 132.6 128 125.1 125.3 126 126.2 128.8 132.8 136 140.7 143.9 146.8 149.4 152 155 157.9 161.3 165.3 169.2 173 175.9 178.6 181.1 183.1 184 184.3 184.6 184.5 183.9 183.8 182.3 182.9 188.8 189.5 189.9 190.4 191.6 193.5 196.2 199.1 204.1 206.2 208.8 210.9 212.2 213.7 213.3 214.3 214.2 212.1 205.2 189.7 181.9 183.5 188.7 191.4 194.1 191.7 186.6 181 176 176.8 177.3 181.1 178.4 175.5 171 172.7 174.9 173.9 171.9 167.5 166.3 164
135 135.1 131 134.2 132.4 128.9 125.4 125.9 125.6 125.7 127.4 131.9 136.1 140.2 144.4 147.7 149.6 153.4 156.1 159.4 163.5 168.2 172.7 176.8 179.8 183.3 185.9 188.1 189 190.4 190.5 190.4 189.7 190.1 189 190.7 196.4 198.1 199.9 200.9 204.1 205.5 206.6 209 211.2 212.6 214.7 216 216.8 217.8 217.7 217.3 216.4 213.7 202.5 189.6 184.2 187.7 192.8 195.9 198.5 195.3 190.4 183.2 181.3 183.7 182.8 184.5 182.6 177.5 175 179.6 181 181 179.1 173.9 171.1 170.3
135 134.8 132.9 130.7 132.2 127.3 126 125.9 126 126.1 125.5 130.3 134.9 139.6 143.7 147 150.3 152.7 156.2 159.2 164.8 170.5 174.9 179.8 183.7 187.4 190.7 193.2 194.5 196 196.7 196.8 196.5 197.6 198.1 198.6 204.9 210.2 211.1 211.4 211.6 212.3 213.5 214.5 216.3 217.9 219.2 220.3 220.8 221.2 220.8 219.7 217.8 214.3 200.1 189.8 189.1 192.4 197.9 201 204.4 201.6 197.6 190.1 188.4 187.9 187.5 188.3 186.8 180.4 180.3 185.3 186.8 186.1 184 177.7 178 178.7
134.4 130.8 131.9 130.6 129.3 128.3 127 126.4 126.2 126.6 127.2 129.2 133.1 138.3 142.5 146.5 149.2 151.8 155.2 159.9 165.8 171.8 176.6 181.6 187.6 191.9 195.3 199 202.4 206.8 209 208.8 208.4 210 209.8 211.4 210.4 215.9 217.1 217.1 216.8 217.7 218.6 219.7 220.7 221.7 222.4 223.7 223.6 223.7 223.1 221.6 219.6 211 197.9 192.8 197.7 201.4 205.4 210.8 211.3 207.7 203.1 197.4 195 192.9 191.3 191.9 190.1 183.1 182 190.2 191.4 190.8 188.5 184.1 184.7 184.8
135.6 133.6 133.3 130.3 129.3 129 127.6 127 126.6 126.7 127.1 125.9 130.7 136 140.3 144.3 146.7 150.7 154.4 158.6 164.8 170.6 176.1 182.8 191.2 197.3 206.2 213.3 219.1 223.5 223.8 222.9 222.4 221.8 220.7 220.2 219.8 220.9 221.3 221.2 221.4 221.8 222.2 222.5 223.3 223.9 224.3 224.8 225.2 224.9 224.1 222.7 219.8 208.5 197.3 200.6 204.5 210.2 214.2 216.6 217.1 213.8 210.8 205.8 199.4 196.9 196.1 194.2 190 187.3 185.6 193.5 195.8 195 193 190.8 191 191.1
137.5 136.6 136.5 131.3 131.1 130.1 131.2 127.7 127.5 126.5 127.4 126.1 129.7 133.2 137.8 141.3 144.7 147.2 151.6 156.4 158.5 161.8 172.4 180.7 192.8 205 219.6 225.4 226.3 226.5 226.3 225.9 225.2 224.5 223.8 222.9 223.3 223.7 224.2 224.4 224.6 224.7 224.8 225 225.1 225.5 225.6 225.3 225.4 224.9 224.3 222.7 220.3 211.1 202.3 209.2 213.1 216.9 219.1 221 221.9 220.9 217.2 211.4 202.9 200.1 199.9 197.4 194 191.5 192.5 194.9 199.1 198.1 196.8 195.7 195.8 196.2
139.4 139.6 139.9 139 136.6 137.9 134 128.7 128.3 127.6 127.7 127.6 128.2 131.8 135.5 138.8 141.7 144.3 148.4 153.3 154.4 165.2 171.8 179.1 192 209.1 224.3 227.1 227.5 227.8 227.4 226.9 226.2 225.3 225 224.9 225.2 225.6 225.7 226.3 226.5 227.2 227.1 226.9 226.8 226.7 226.4 226.1 225.3 224.6 223.9 222.5 220.1 214.7 210.7 215.8 218.5 220.7 222.5 224.3 225.4 225.5 221.8 216.3 209.1 208.2 207.2 202.5 198.8 196.5 197.4 198 199.6 201.6 200.6 200 200 199.5
142.5 143 143.8 142.6 141.3 140.7 135.4 129.5 129 128.4 128.1 128.3 127.7 127.9 130.3 135.8 138.4 140.8 144.9 148.8 155.1 162.1 170 177.9 191.6 205.2 221.1 226.8 227.5 227.6 227.6 227.2 226.5 225.6 225.4 225.8 226.1 226.8 227.1 227.7 228.2 228.6 228.7 228.6 228.2 227.6 227.3 226.7 225.8 224.7 223.6 221.8 220.2 217 216.9 219.6 221.5 223.1 224.8 226.6 228 228.5 228.4 225.2 220.5 219 219.2 213.5 206.8 201.9 202.4 202.2 202.7 204.1 203.9 203.5 204 203.5
145.9 146.4 146.6 146.2 146.1 143.4 134.9 130.6 129.9 129.4 129 128.9 128.6 128.6 127.6 131.7 135 138.8 142.5 147.6 154.7 161.3 168.4 176.1 187.7 199.1 215.9 225.7 227.1 227.4 227.4 227.1 226.6 226 226.3 226.6 227.1 227.7 228.4 228.8 229.2 229.3 229.3 229.2 229.2 228.7 228.1 227.2 226.3 225.2 223.7 222.2 221 220.7 220.5 222 223.5 225 226.7 228.3 229.6 230.8 231.2 230.9 229.8 229.3 227.8 224.1 219.8 214.2 210.3 209.3 208.5 207.9 207.7 207.6 208.3 207.5
149.1 149.5 149.7 149.5 149.9 146.5 140.9 136 132.2 130.9 130.5 131.4 130.6 129.5 128.5 127.5 132.3 136.8 140.6 146.7 154 159.9 166.7 173.4 182.5 194.5 210.3 223.3 225.1 226 226.4 226.2 226 225.8 226.1 226.5 227 228 228.6 229 229.4 229.8 229.7 229.6 229.4 229 228.5 227.7 226.8 225.1 224.2 223.2 222.8 222.8 223.1 224.1 225 226.6 228.4 229.8 231.1 232 232.4 233 233.6 233.6 233.4 233 230.4 227.2 224.3 220 219.4 218.9 215.3 213.3 217.2 213.8
152.2 152.6 152.9 153.1 153.7 152.6 148.8 139.3 135.5 133.5 138.1 138.8 136.9 133.8 130.1 127.3 129.5 135 139.2 144.3 150.9 158.2 164.5 170.5 178.6 187 202.7 217.8 223 224.2 224.6 224.9 224.7 224.7 225.6 226.4 227.1 227.9 228.6 229 229.4 229.9 229.9 229.7 229.5 229.2 228.8 228.1 227.1 225.7 225.2 224 224.3 224.6 225 226 226.8 228.3 229.5 230.6 231.6 232.9 233.8 234.7 235 235.3 235.7 236.2 236 235.4 234.4 232.6 230.8 231.1 226.2 223.7 226.2 224.3
