public/OST50/ST13.asc
ncols 200
nrows 200
xllcorner 310000
yllcorner 130000
cellsize 50
[rows 0 to 34 of 200, columns 0 to 78 of 200]
52.8 53.5 54.7 56.2 57.7 59.4 60 59.4 61.1 63 64.6 66.4 68.9 71.8 74.5 77.6 81.9 84.9 90.5 95.3 97.7 101.6 104 106.5 109.6 112.9 117.7 127.5 148.1 174.9 180.6 178.1 172.7 166 165.6 172.6 177.9 182.2 192.4 204.3 215.4 224.2 230.1 239.3 255.9 264.3 268.9 268.3 265.2 256.2 255.4 262.8 279.9 289.5 297.7 300.1 301.9 301 297.3 290 276.6 260.1 269.8 257.2 252.8 255.3 261.4 265 262 258 252.8 243.3 229.3 214.5 202.4 195.4 197.8 197.3 197
52 52.9 53.7 54.9 55.7 56.7 58.2 60.7 63.1 65 66.5 68.5 71.1 74.4 77.3 80.6 84.3 88.1 94 97.5 99.9 101.2 102.5 103.9 107.1 111.2 115.4 123.4 136.6 151.6 131.7 145.9 141.8 140.3 144.5 148.9 151.8 159 168.6 178.3 189.3 201 207.3 220.6 234.5 243.5 248 248.3 245.9 238.6 250.4 260.3 264.6 280.8 290 295.6 299.4 298.4 295.5 285.6 273.3 269.1 269.8 264.5 271.4 270.7 271.7 270.7 267 263.2 256.5 245 228.5 211.9 209.7 207.2 199 196.6 194.2
50.8 51.2 51.9 53.3 54.5 55.6 60 62.7 65.7 68.5 70.5 72.4 73.9 77.2 80.5 84.3 88.2 92.5 95.7 98.2 98.7 97.9 98 98.5 101.2 104.6 108.1 114.3 120.8 123.7 126 134.5 148 165.4 171 172 170.9 176 177.1 180 185.6 185.8 190.9 200.7 212.1 221.3 224.7 225.1 230.6 239.9 255.4 271.5 277.1 274.4 285.4 292.8 298 298.1 296 287.6 281.1 276 268.4 276.9 280.1 279.1 276.4 273.5 268.9 261.9 247.5 235.9 223.5 222.7 222.5 220.1 219.1 220.5 218.3
48.7 49.4 50.3 51.9 54.2 57 60.3 62.5 64.7 68.3 73 76.5 78.2 81.5 84.9 88.7 93.1 96.8 95.9 96.2 94.1 91.5 92.9 95.4 98.6 101.9 105.8 109.8 115.9 126.5 139.4 157.8 169.5 188.5 197.9 201.2 193.6 197.2 201.5 203.6 213.2 215.6 213.3 210.9 211.6 215 221.8 232.1 239.9 253.6 270.1 277.7 283.9 286.4 287.9 291.8 298.9 300.9 297.7 293.4 287.3 285.3 273.9 285.1 286.1 285.2 285.1 282.5 277.2 268.6 254.1 244.9 240.8 241.8 239.9 238.1 238.5 240.1 238.9
47.6 47.6 48.8 50 51 53.8 56.3 59.9 62.3 66.8 73.3 80.4 84.7 88 90.2 94.4 98.5 100.3 97.2 91.4 88.4 89.1 91.4 93.9 97.1 100.2 103.8 111.2 132.4 146.8 160.6 172.8 186.4 201.5 212.6 222.6 220.1 220.1 222 223.2 232.5 237.2 239 239.6 235.5 239.3 242.4 253.8 261.4 270.9 281.2 287.8 292.4 296.9 298.1 299.3 301.9 303.7 302.8 298.1 298.6 293.9 282.1 291.1 293.3 294.6 295.1 293.7 288.1 279.5 271.1 263.9 259.1 256.7 253.8 252 251.4 250.9 248.8
44.7 46.6 47.6 48.5 49.8 51.3 53.7 57.3 60.6 64.8 70.6 77.3 86.3 93.6 96.6 99.3 103.6 103.8 101 91.1 85.9 87.1 89.5 92.4 95.2 97.2 102.5 110.6 129.7 153 168.6 179.8 196.1 210.6 223 232 237.8 241.2 241.9 242.5 248.3 259.2 263.3 263.2 261.8 263.9 267.3 274.2 282 286.3 293.2 297.9 303.9 307.6 306.9 307.6 308.4 308.1 307.1 305.5 304.5 299.8 292.4 293.9 299.8 302.3 302.1 300.3 294.8 288.7 284.5 278.8 271.9 267.5 264.2 262.2 259.6 254.4 242.8
44.8 45.5 46.6 47 48.7 49.5 51.6 54.6 58.7 60.9 65.1 73 86.3 96.7 99.7 102.4 104.7 104.6 97.4 86 84.1 85.5 87.2 90.4 92.1 96.6 102.2 111.9 126.5 150.2 165.7 177.9 193.8 209.6 220.9 230.6 241.7 249.3 257.5 260.9 266 273.6 279.3 282.5 282.2 283 284.7 288.1 293.2 296.7 301.2 306.6 310.5 315.1 316.5 315.8 314.8 314.3 312.3 311.3 310.7 307.1 303.8 300.1 303.7 307.5 307.4 305.7 302.1 297.2 292 286 278.9 273.7 269.5 264.2 255.6 244.9 232.4
43.5 44.3 45 45.4 47 47.8 49.5 51.7 54.8 59.9 63 70.3 83.7 91 97.1 99.4 99.9 95.8 86.3 81.8 81.2 83.9 86.2 87.6 91.5 97.4 102.7 111.5 122.2 142.2 154.3 173.2 189.5 202.8 215.4 227.3 240.2 250.3 257.4 264.3 270.5 281.3 286.8 288.3 288 289.5 292.5 295.8 299.9 303.5 306.1 311 315.8 319.5 322.5 322.6 321.9 319.5 317.1 316.8 315.7 312.9 310.2 307.1 307.3 310.9 311.3 309.3 305.3 300.8 294.8 286.8 279.7 271.8 261.9 253.5 242.3 225.6 211.3
42.5 43.1 43.5 46.3 45.1 46 47.7 50.4 53 57.1 62.1 66.9 77.5 86.6 89.6 89.5 88.5 84.6 79.7 77.7 79.4 81.7 83.5 85.9 90.1 96.2 102.5 109.1 117.6 129.3 147.6 162.4 178 191.5 205.7 219.3 232 244 250.2 257.8 267.1 278.8 282.7 281.7 283 286.8 292 298.2 303.5 305.6 309.1 313.9 319.1 323 325.6 326.6 325.6 323.4 321.9 321.4 320.1 319.3 317.5 313 311.6 314.3 313.3 309.8 304.9 298.7 291.1 280.8 270.2 258 246.5 235 222.8 212.4 206.9
41.1 42.1 42.6 43.2 44.9 46.2 48.5 51.3 54.2 56.8 57.7 64.5 72.2 79.1 82.7 82.9 80.3 75.7 75.7 76.3 78.5 80 80.5 83 87.2 93.7 100.6 107.8 114.7 125.4 136.6 146.9 164.1 186.3 194.4 204.7 221.3 231.9 238.5 250.2 260.7 270.1 271.6 269.4 269.5 279.9 285.6 288.6 293.4 297.5 305.2 313.8 320 324.6 327 328.9 328.2 326.8 325.8 325.5 325.2 325 322.9 319.7 315.3 316.4 314.6 309.7 302.8 291.6 278.9 263.8 249.7 241.7 229.2 217 219.5 219.7 223.3
40.1 41 41.9 43 45.2 47.5 51 54.2 57.3 59.7 60.8 63.1 67.6 72.3 75.8 76.6 75.7 72.8 73.7 74.2 75.4 76.4 79.3 82.9 87.7 93 97.7 103.6 111.1 121.8 132.4 142.5 159 173.5 177.1 194.4 205.5 217.2 232.6 239.6 246.9 248.3 249.2 251.4 264.4 269.7 267.6 273.3 278.6 284.8 300 312.9 320.9 325.6 329.8 330.5 328.6 327.6 327.4 328.1 328.3 328.7 327.8 325.5 319.7 319.3 317.1 312.6 307 299.4 288.7 273.3 253.5 234.5 225.1 234.1 239.4 240.2 243.4
40.1 40.7 41.8 43.4 45.4 47.9 52 57.9 61.3 62 63.4 64.5 64.3 67.3 70.7 71.7 70.5 69.9 71 72.3 73.2 75.3 79.3 82.6 85.8 90.7 95.1 100 108.2 118.4 127.6 134.2 143.7 151.5 165.5 185.8 203.8 218.7 225 217.9 222.2 223.1 230.9 249.6 256.6 249.2 247.1 251.1 273.9 293.9 304.5 314.1 321.2 327.6 331.8 329.4 326.4 324.8 326.1 328.6 329.7 330.9 330.6 329.2 324.5 321.8 318.6 313.9 308.2 301.4 290.7 273.1 253.3 231.9 238.2 250.4 258.8 261.5 263.5
40.1 40.5 41.4 43.3 46 48.9 53.9 60.6 64.3 64 62.9 63.5 64.2 65.9 68.3 68.9 68 68.3 68.5 70.6 71.9 74.1 78.3 80.9 83.7 87 91.7 95.7 103.2 111.6 118.2 125.1 133.6 149.1 168.8 187.5 199.6 206.4 203.8 196.9 197.5 209.1 231.8 240.5 235.9 224.5 242.1 263.1 284.2 298.7 307.4 316.3 323.7 328.5 329.4 325.8 321.4 319.3 321.6 324.9 328.4 330.7 331.9 331.1 328.5 322.6 317.9 313 307.5 297.4 280.8 267.2 246 234.6 250.9 266.7 274.5 276.9 278.2
40.6 40.5 41.3 44.3 47 50 55.9 62.4 66.5 64.3 61.6 61.1 61.9 63.7 67.4 67.3 66.8 66.6 67.3 67.6 70.2 72.5 75.5 78.3 81.3 84.7 89.1 94.4 100.2 106.8 113.2 119.6 126.7 137.6 159.8 177 188.5 185.8 177.9 175 193.6 211.9 215.7 213.1 210.3 230.1 251.9 277.2 288.9 301.1 307.5 315.1 321.9 325.3 324 319.9 313.1 312.3 315.4 320.2 325.9 329.9 332.1 332.5 329.4 321.6 315.4 308.3 302.5 285.1 267.4 252.2 241.1 245.4 264.7 278 283.7 287.3 288.6
39.6 40.3 42.1 45.9 48.9 52.1 57.1 62.4 64.4 62.2 58.5 59 59.8 62.1 64.2 65.2 64.6 64 65.5 67.1 68.6 71 73.6 76.7 79.6 83.3 87.3 92.2 97.7 102.8 108.3 115.2 121.6 127.9 143.3 159 168.4 159.9 158.5 174.4 184.9 188.9 190.8 201.8 216.5 238.1 260.5 279.1 289.8 298.9 304.2 311.2 316.4 318.5 318.1 312.9 302.1 299.5 305.7 316.3 323.2 329.3 332.7 333.8 330.7 323.4 314.1 299.5 283.2 270.4 251.6 253.3 259.3 264.1 269.2 283.3 290.1 295.2 296.9
41.8 40.3 42.7 46.9 49 50.8 50.4 57.8 58.4 56.7 56.4 56.8 58.7 61.9 63 62.2 62 61.9 64.5 65.1 67.8 69.5 72.6 75.3 78.5 82 85.6 90.2 95.1 99.2 104.3 109.8 116.4 122.5 128.4 136.3 140.2 141.8 147.9 158.4 169.5 183.3 201 218 232.7 249 266.5 278.4 286.9 293.8 300.8 306.3 312 314.2 313.2 306.2 291.9 295.2 309.9 318 326.6 331.9 335.5 336.2 333 325.9 317.1 307.5 292.8 267.7 267.7 276.8 282.7 282.9 280.9 287.9 294.9 300.6 302.3
41.6 40.2 41.7 44.8 46.8 48.8 51.2 52.1 52.7 52.7 54 55.3 57 58.6 59.1 59.4 59.6 61.7 63 65.3 67.6 69.7 72.6 74.9 77.4 80.7 83.9 87.7 91.6 95.9 101.1 106.1 111 116.3 120.7 124.6 129.7 137.7 154.3 172.5 188.8 202.9 217.2 227.4 241.7 251 265.3 274.4 279.9 286.8 294.7 299.3 305.1 307 305.1 297.7 283.6 292.7 308.7 320 328.6 333.5 336.8 338.4 336.1 330.1 318.6 308.7 291.9 269.4 284.5 292.3 294.1 294.4 295.1 296.1 300.3 303.8 305.4
43.8 40.9 41.7 42.4 44.8 47 48.2 50.7 50.5 51.3 53.1 54.2 55.2 56.1 56.3 57.7 59.4 60.8 62.8 65.3 68.4 70.1 72.8 75.4 77.5 80.3 82.6 86.6 90.5 95 98.6 103.1 107.2 111.4 115.5 120.5 124.8 133 146.2 165.1 187.7 203.9 214.6 224.3 236.6 247.7 258.7 265.3 268.9 276.2 287.8 292.3 296 299.1 298.1 289 273.2 291.8 306.6 318.6 328 333.8 338.2 340.5 338.5 332.4 320.1 310.2 298.7 277.6 292.5 300.9 302.5 303.4 304.7 305.8 307.5 308.5 307.4
43.8 41.6 41.5 42.1 43.5 45.3 47 48.4 50.4 51 51.6 52.6 53.6 55 56.3 58.7 61.1 61.7 63.7 65.4 68.4 70.5 73.5 76.3 78.5 81.1 84 86.6 89.7 93.3 96.9 101.2 104.6 108 112.3 116.4 118.6 126.7 136.9 148.2 169.5 191.5 205.3 216.8 226.6 236.9 247.6 252.1 257.2 266.4 278.3 284.2 286.5 289 284.6 271.1 268.9 289.3 304.9 317.4 327.1 332 337.4 339.5 338.2 332.6 322.5 311.4 303.6 284.8 297.9 307.2 310.9 311.7 311.6 312.8 312.7 312.2 309.2
44 41.4 42.1 42.5 43 43.9 45.7 47.6 49.7 49.2 50.3 51.9 53.6 55.9 58.1 60.9 63.6 65.7 65.2 67 69.1 71.9 73.7 76.9 79 81.5 84.2 86.9 89.8 93.2 96.2 99.9 103.7 107.7 110.2 114.4 119.4 123.2 131.8 141.5 154.6 172.6 190.1 205.2 216 226.3 234.1 237 246.2 257 267.6 272.6 276.2 272.5 264.8 250.5 271.6 289.4 304.6 317.5 325.2 330.8 334.6 336.4 336.2 330.7 322.9 310.5 298.5 297.2 307.4 312.6 318.2 319.9 320 318.3 316.3 314.3 309.7
42.2 42.3 42.6 42.7 43 43.1 44.2 46.1 47.3 49.7 50.1 52.2 54.8 58.2 62 64.5 67.4 70.3 69 69.2 70.9 72.8 75 76.7 79.2 81.7 84.6 87.1 90.4 92.9 97.3 101 106.4 111.6 116.3 121.6 125.5 129.7 135 140.9 149.8 163.4 177.3 195.2 206.6 215.5 223.3 223.8 236.7 244.3 253.7 260 259.8 253.1 237.9 250.8 270.3 291.3 306.3 316 323.2 328.7 332.7 334.9 334.4 330.3 322.7 314.4 307.5 311.8 317 321.6 324.7 326.2 325.4 323.1 319.6 313.9 307.7
41.9 43 43.1 42.8 42.8 43.4 43.8 44.9 46.7 49.2 50.6 53.6 57.5 62.8 67.9 71.9 73.5 76 75.2 74.6 73.8 75.2 76.7 77.6 79.4 81.8 84.5 87.4 90.9 96.5 102.8 107 111.9 116.7 122 126.6 131.9 136.4 141.7 147.4 154.2 161.7 169.6 181.2 193.2 203.1 206.1 216.1 227.1 233 235.8 238.7 233.8 226.8 238.4 261.3 280.1 297.5 308 316.5 322.2 326.7 330.7 333.6 333.8 332.2 327.8 322.1 317 319 323.8 326.1 328.7 329.7 328 324.8 320.3 313.8 303.9
42.8 42.9 43.3 43.8 44.1 43.9 44.5 44.8 46.9 50.1 53.1 57.5 66.6 75.2 80.4 79.3 79.9 82.7 82.9 81.9 80 79.6 79.6 82.9 84.7 85 85.7 89 95.6 102.4 108.5 112.7 117 120.9 125.1 129.8 135.5 140.6 146.2 152 157.6 162.8 166.6 172.3 177.6 188.6 188.7 205.3 209.5 208.1 205.2 207.9 209 227 249.6 269 285.4 298.2 306.8 313.1 317.5 322.8 327.9 332.6 334.4 334.6 332.6 327.5 324.8 323.9 327.4 329.9 331.7 332.2 329.6 325.3 320.3 313.5 301.7
43.9 44.6 44.2 44.1 44.6 44.4 44.5 44.7 45.2 51.3 55.3 62.1 70.9 85.5 91.6 87.9 86.1 91 92.7 92.5 88.9 86.4 87.1 85.1 89.2 91.9 93.7 97.8 102.1 106.8 111.9 115.1 118.8 119.8 125 128.4 133.8 139.5 145.2 150.7 156.2 159.7 161.5 162.4 163.1 167.8 182.4 188.7 184.9 185.6 192.2 210.4 227.3 242.6 258 272.7 284.9 295.2 300.1 304.3 314 322 327.4 331.9 334.6 336.5 336 331.5 329 328.3 329.3 331.2 332.1 331.6 329.3 325.7 320.4 313.4 309.5
46.4 46.5 46.6 46.1 45 45 45.4 45.6 45.6 51.7 56.2 61.6 68.7 84.7 87.7 86.5 87.5 91.8 97.3 102.7 102.1 99.8 94.6 92 92.3 95.3 98.8 102.5 105.8 109 111.3 113.6 116.7 119.6 122.7 125.5 128.4 133.7 141.7 147.1 151.9 153.2 152.1 149.9 154.8 159 168.2 167.7 180.1 193.5 210.5 226.9 241.8 251.8 260.4 270.4 279.6 285.5 290.9 301.3 312.9 320.7 327.1 331.7 334.7 335.9 335.6 332.8 329.7 328.1 328.9 329.6 330.8 330.3 328.6 325.5 322.7 318.8 316.4
52.1 51.8 51.4 50.1 47.5 46.4 46.5 46.4 46.2 48 56 60.4 67 79.3 80.5 80.2 81.9 85.2 90.9 98.7 105.1 105.7 99.4 95.2 92.9 95.7 98.7 100.8 103.1 104.5 107 111.6 114.7 117 118.7 120.4 121.7 125.6 135.1 143.9 146.9 146 139.9 144.1 148.6 153.5 158.5 176.6 193.9 206.4 220.9 232.1 241.5 248.9 255.7 262.9 266.1 277.5 290.2 303.5 312.4 321.2 327.2 332.1 334.3 333.5 331.6 329.9 327.7 325.8 325.5 326.5 327.8 327.8 326.1 324.7 323.2 321.8 319.9
62.2 61.7 57.9 55.1 52.4 50.1 48 46.9 46.4 47.5 55.7 59.4 64.4 73.4 73.9 75 77.5 80.3 85 91 96.8 99.9 98.7 94.3 92.4 92.6 94.1 94.4 96.1 97.8 102.3 107.2 111.8 115.6 116.4 115.4 121.9 128.5 134.9 140 138.8 132.4 136.2 140.4 144.8 148.7 154.1 166 186.2 203.5 212.4 223.3 234.2 241.8 247.2 247.2 263.2 276.2 288 302.6 312.3 320.8 327.4 332.2 330.9 328.7 326.6 324.6 322.3 319.5 319.6 320.7 320.7 321.1 322.3 321.8 321.4 321.4 321.1
74.8 72.2 66.7 63.2 60.8 57 53.9 48 46.9 47.9 57.6 61.5 65.2 68.3 69 69.7 71.5 76 80.1 84.1 88 91.8 92.1 91.4 90.6 91.3 90.8 91.1 93.1 94.1 97.2 100.9 104.9 108.3 109.5 114.9 122.7 128.3 132.6 134.2 130.4 129.9 133.2 136.9 141.3 144.7 151.5 159.8 170.9 189.2 206.6 218.5 223.8 224.2 226.5 249.8 262.5 272.6 285.4 298.8 308.9 317.1 324.9 326.9 325.9 323.8 320.6 317.9 314.8 310.1 311.1 313.3 314.9 315.9 315.8 316.3 318.1 318.5 319
83.4 81.6 80.1 76.6 71.2 65.6 58.5 49.8 48.1 53.3 58.3 63.7 62.7 61 62.6 65.3 69 73 77 81.6 83.9 85.6 87.2 86.4 90.2 93.5 92.5 88.6 89.9 91.8 95.6 97.1 99.8 103.4 107.8 112 117.6 121.8 125 124.5 123.1 126.2 128.8 132.8 136.7 142.2 150.5 157.7 164.6 174.6 193.7 207 205.3 211.8 231.6 245.9 257 268 280 292.3 302.4 312.6 318 320.3 320.3 317.9 315.6 310.9 306.9 300.4 303 305 307 308.8 309.9 310.7 312.4 313.9 315.1
89.3 91 87.6 82.9 76.8 68.9 59 50 49.1 51.4 57.2 57.5 57.5 57.7 61.3 63.2 64.7 69.6 75.3 78.8 79.2 78.3 79.7 79.5 84.7 90.7 94 86.9 88.2 90.3 93.3 95.8 99.1 102.3 105.5 109.1 111.3 113.7 115.5 117.8 121.4 123.1 126.5 129.8 135.6 141 147.4 151.8 161.2 168.3 177.3 187.2 201.7 219 230.4 242.4 253.2 262.7 273.8 283.3 294.6 302.7 306.7 311 312.1 313.2 309 303.4 300.8 290 289.9 297.8 298.4 300.9 303.3 304.4 306.8 307.1 308.8
92.2 93.3 87.2 83.5 76.7 67.8 56.4 50.1 49.5 49.6 55.4 57 62.8 67.9 70.4 71.5 68.9 65.1 67.4 71.3 70.5 72 75.3 77.2 79.3 79 85.4 89.4 89.7 90.7 92.7 95.2 97.8 100.8 103.2 106.2 109.3 111 115.9 123.3 128.2 130.4 133.1 135.5 136.6 140 146.5 152.5 160.4 167.2 175.2 184.6 199.9 213.1 227.1 238.9 248.5 256.4 265.8 273.7 284 291.5 296.5 299.1 303.9 304.6 302.3 297.2 290.9 280.2 277.7 287.8 290 292.2 295.4 299.2 300.6 299.6 301.7
91.8 90.5 84.6 79.9 75.3 67.2 58.7 51.5 48.4 48.3 51.3 68.5 68.8 70.1 75.4 82.5 82.9 79.6 76.2 76.7 76.4 78.7 80.9 80.2 80.5 80.8 84.6 89.7 89.5 90.6 93.1 95.5 97.5 99.7 102.3 104.8 107.9 110.7 114.3 123.4 130.8 134.2 137.7 142.9 147.9 149.6 148.4 153.9 160.2 166.3 175.8 185.7 194.1 202.6 217.2 230.5 241.7 248.6 255.2 261.8 272 279.5 286.9 291.6 295.7 296.4 295.9 292.6 281.5 266.9 262.6 271.7 282.6 286.5 290.2 292.9 294.4 294.5 294.8
85.5 84.7 84.3 79.9 72.6 66.2 57.8 52.1 48.8 48.9 49.3 60.3 66.2 69.5 73.6 87 90.3 88.6 85.6 84.9 83.4 83.8 84.6 85.2 84.3 82.2 85.2 87.6 88.8 90.8 93.8 96.1 98.6 100.7 102.1 104.3 107 109.5 112.3 116.2 122.6 129.2 136.9 141.9 146.4 150.8 154.2 158.4 163.4 167.8 173.3 180.8 188.5 195.4 201.9 216.8 230.5 238.8 244.7 250.4 259 269.5 278.7 282.3 284.6 288.7 290.3 286.6 273.7 256.5 257.2 274.7 282.4 286.7 288.9 287.1 288.2 287.6 290.3
77.3 73.6 76.9 77.5 69.7 59.5 52 50.1 49.3 49.1 48.9 55 63.9 68.6 73.3 78.3 88.8 91.9 91 89.9 88.7 89.1 89.7 89.3 89.3 90.7 89.6 90.7 91.5 94.6 99.2 101.8 104.9 107.8 109 110.1 110.5 112.4 114.9 117 119.9 122.8 130.2 137.6 143.3 149.1 154.3 159.1 162.7 165 169.3 174.9 182.6 188.8 194.5 198.7 209.9 223.8 233.9 243.8 250.1 258.7 266.4 270.2 275.2 280.3 283.9 283 269.8 250.1 251.3 270.5 279 282.8 281.6 278.5 279.2 275.4 285.8
82.7 72.4 66.1 65 61 53.5 57 50 49.3 49.5 49.9 50.1 62.3 69.4 72.9 76.4 82.4 91.7 96.2 96.7 94.7 94.3 93.8 94.1 94.5 95.9 97.1 98.1 100.5 101.6 104.3 107.6 110.4 113.1 116.3 118.7 120 121.9 122.4 122.2 125.2 125.3 127 134.9 141.2 147.3 152.4 156.7 158.8 161.1 164.1 169.2 174.4 177.9 182 187.3 196.7 209.9 222.1 227.5 237.2 245.8 251.8 256.2 266.9 273.6 277 275.1 262.1 242.2 239.3 260.2 270.3 272.4 270.3 267.3 264.7 276.2 285.4
