public/OST50/ST13.asc
ncols 200
nrows 200
xllcorner 310000
yllcorner 130000
cellsize 50
[rows 0 to 34 of 200, columns 79 to 157 of 200]
195.8 195.4 195.1 193.7 186.7 175 179.8 175.9 181.3 205.2 222.1 235.4 243.3 247.9 251.2 250.4 247 241.6 230.6 222.8 215.3 206.9 195.8 186.5 183.8 189.3 194.3 177 162.3 187.1 208.9 231.1 248.9 255.2 253 250.7 248.3 242.4 238.2 234.6 229.4 221.2 209.2 196.7 180.2 175 183.3 184.4 182.7 179.8 168.8 158.4 154 155.4 154.6 154.2 154.5 155.5 154.2 154.9 152.4 148.5 144.7 134.7 136 137.1 136.9 136.2 137.7 135.8 132.3 128.9 125 121.7 115.6 109.4 103.1 101.2 99.7
189.5 184.9 181.7 178.4 173.7 182.5 193.3 178.4 181.6 206.5 226.5 242.6 249.1 252.5 254.2 251.5 248.2 246 242.9 239.5 231.1 219.4 212 210.1 192.3 200.8 201.9 181.3 161.8 183.9 205.9 227.6 247.5 257.1 251.8 247.8 243.7 239.3 233.2 226.8 217.8 205.4 187.1 189.8 193.5 196.6 195.6 196.3 191.1 183.2 171.1 160.2 163.2 160.9 159.5 160 160.6 162.1 161.8 160 156.9 150.3 144.6 139.1 142.9 143.1 141.8 140.7 140.4 139.3 136.8 131.7 128.6 124.1 119.1 110 106.3 104.3 103.6
215.9 211.7 202.3 181.2 184.3 200.6 206.7 183.2 183 205.6 227.9 245.9 253.6 257.8 259.6 257.5 254.1 252.5 252.1 250.9 245.1 237.9 230.8 220 206.9 209.9 206 184.3 161.6 183.6 206.5 227.8 245.4 251 247 243 237.7 231.6 224.3 214.5 203.5 199.2 207.6 209.9 210.7 211 206.5 202.3 196 182 168.2 172 172.9 169.2 167.3 166.6 168.1 169.9 169.7 165.5 157.1 147.6 143 147.6 148 147.4 146 145.3 144.9 142.2 135.9 131.5 129.1 125.6 117.7 112.1 109.9 109 108.8
235.1 223.2 207.6 181.3 197.4 215.7 216.6 189.1 184.1 206.2 227.6 247.8 257.7 262 264.4 263.2 261.2 260.1 259.9 259 253.7 246.7 236.7 222.5 218 221.7 206.7 187.1 166.2 182.8 207.5 226.2 242.5 248.4 244.6 238.1 230.5 222.2 216.4 207 205.7 212.4 217.1 218.6 220.5 216.6 209 203.2 193.7 180.6 177.1 183.1 181.7 178.5 177.6 175.8 175.5 176.3 172.7 164.1 151.4 151.5 152.9 153.4 153.9 152.6 151.2 151 149.3 141.6 137.9 136.2 132.2 126.8 119.6 117.5 116.7 115.1 113.2
238.1 220.8 202.1 184.7 206.2 226.9 221.7 194.8 184 205.3 228.3 248.3 260.4 266.3 268.9 268.3 266.7 266.4 266.9 265 259.5 252.4 241.5 237.1 234.4 227 208.1 189.2 167.8 185.5 206 226.1 240.2 245.7 239 231.1 226.5 219.7 214.9 212.7 213.1 218.3 221.1 222.7 223.4 217.1 211.4 205.9 195.6 179.2 186.1 190.4 188.8 187.8 185.1 183.6 180.8 176.7 167.4 158.8 161.9 160.2 159.1 159.4 159.7 158.5 156.7 155.1 153.3 149.3 145 140.5 136.5 129.5 125.4 127 126.2 124.5 117.5
230.1 211.8 189.9 196.3 216 233.8 226.3 200.6 184 206.3 229.6 247.2 262.5 270.4 273.6 274.6 274.7 273.4 273.2 270.6 265.9 259.6 253.8 248.1 242.5 232.9 211.5 192.2 172.3 189.8 209.9 230 242.4 247 242 233.9 229.9 224.8 220.8 217.6 219.2 224.2 227.1 225.3 222.3 217.7 214.8 211.7 199.2 184.1 195.8 197.1 195 191 187.7 184.8 180.6 175 171.5 173.4 171.3 167.7 165.3 165.8 166.6 165.1 163 161 160 154.5 149.3 144 140.1 135.8 133.1 136 132.3 130.5 125.1
215.4 199.7 194.5 212.1 230.2 241.5 230.3 204.7 184.5 206.7 229.4 247.6 264.7 273.7 278.1 280.1 281.6 281 279.2 276.2 272.1 268.1 263.3 257.6 250.5 237.9 215.4 195.3 175.2 194 212 232.7 245.2 249 245.2 238.3 235.2 234.3 228.1 224.5 225.6 230.9 232.6 229.1 226.6 223 219.5 212.8 200.4 191.3 201.8 200.2 199 195.5 192.6 187.3 182.3 180.9 179.9 179.1 178 175.2 173.8 173.2 173.8 172.3 169.6 166.9 164.4 158.7 153 148.4 143.9 139.5 139.6 143.2 141.1 135.6 133.9
199.2 201.3 212.2 228.2 242.9 249.4 234.9 208.6 185 206.3 229 247.6 264.4 276.2 282.7 286 287.3 286.9 286.4 284.5 280.4 276.7 271.1 265.7 257.4 242.2 219.2 198.1 176.6 194 213.9 232.9 246.3 251 250.9 247.1 245.1 240.1 232.4 230.1 232.4 234.7 238.4 235.1 230.9 228 221.5 212.1 201.9 201.9 206.2 204.8 204.1 203.3 199.3 197.2 192.2 189.5 183.8 185.7 186.2 183.9 182.2 182.4 180.8 179.2 177.2 173.4 170.1 165.1 158.8 153.6 149.8 146 145.2 147.7 148.6 142.7 141.1
208.7 216.6 228.1 243.3 253.6 255.2 245.2 213.3 188 205.9 231.2 247.5 265.9 277.6 286.1 291.5 297.7 300.7 298.9 294.9 290.1 285.5 279.8 274 263 246.3 223.4 203.1 180.5 191.9 214.1 232.4 246.4 253 256.5 254.9 250.7 243.5 239 239.1 240 240.7 242.9 239.6 234.7 230.6 224.8 214.4 204.8 215.3 213.6 214.4 217.3 217.9 217.1 213 204.2 201.9 195.9 195.3 194.9 192.6 189.8 188.7 187.6 186.2 184.2 182.6 177 173.1 167.5 160.9 155.5 154 151 152.4 152.9 150 147.2
228.4 235.5 244.7 255.6 259.9 262.7 247.5 217.6 190.5 208.2 228.9 247 264.4 276.7 287.8 297.1 304.1 308 306.3 301.9 297.3 292.2 287.4 281.1 268.2 250.1 228.8 209.2 188.6 190 213 232 248.4 256.1 260.3 261.3 258.5 254.1 252.8 251.3 248.1 248.8 248.1 243.2 238.1 234.2 229.2 220.5 216.5 222 223.5 229.3 231.3 230.9 230.6 226.3 217.8 217.3 211.5 207.2 205.5 203 200.5 200 198.4 195.6 192.8 190 186.8 181.5 176.4 168.6 162.2 159.6 158.1 155.5 154.4 154 150.3
250.7 256.9 261.4 265.8 268.3 269.1 248.3 218.6 194.2 206.5 225.9 243.5 260.5 278.2 287.2 295.2 303.1 307.7 308.8 305.6 302.5 298 294 288.1 273.5 254.6 234.8 215.8 195.8 190.6 214.6 236.2 251.5 260.1 265.6 267 267.4 266.2 265.5 264.4 261.5 258.6 254.1 245.5 241.1 238.7 235.7 229.6 226.1 231.9 235.5 242.8 242 239.2 236.7 232.2 229.6 229.8 226.3 219.7 216.5 212.9 209 209 206.7 203.7 201 198 195 190.7 183 176.6 167.8 164.5 159.2 154.8 152.9 153.8 154.1
268.8 271.7 274.5 276.7 277.8 274.2 253.5 224.6 198 204.5 221.9 240.1 258 275.8 285.6 293.1 299.8 303.1 305.4 306.9 305.9 304.2 299.7 292.9 279.4 259.6 242.5 224.5 204.4 189.6 214.8 238.6 255.5 264.4 270.5 273.7 275.8 277.1 276.8 276.3 274.5 271.4 263.2 255.4 250.9 246.9 244.5 241 238.5 244.3 249.4 247.8 244.6 244.9 246.4 243.1 243.3 241.6 237.4 230 223.9 219.2 214.1 210.7 207.5 205.4 204 203.7 198.8 196.6 191.9 182.8 174.3 165.2 157 147.1 142.3 142.5 145
282.3 284.5 286.3 285.9 284.4 277.1 260 233.3 208.7 199.8 211.3 232.2 249.1 263.8 278.1 286.2 292.5 297.3 301.1 305.1 307.2 307.2 304.4 300.6 288 268.4 251.1 234 214.6 192.5 207.2 235.1 254.7 268.7 277.3 280.9 282.4 285.2 287.1 286.5 285.3 283.3 276.6 269.3 266.3 261.8 257.1 252.8 252.1 255.9 257.9 259 261.2 260.8 259 257.1 254 245.6 238.4 229.3 219.6 208.6 198.4 192.5 189.6 188.7 190.1 192 193 191.8 188.6 182.2 173.4 165.2 151.4 137.4 129.9 127.8 124.6
290.9 292.2 293.3 292.2 289 281.1 267.6 243.7 219 203.7 208.7 219.6 239.4 252.7 262.7 272.8 282 287.6 294 301.3 306.9 310 309.5 306.5 295.9 278.7 261.8 243.7 226.3 202.1 196.5 225.4 248.7 268.5 280.8 288.4 293.2 295.3 297.9 299.8 299.4 295.3 290.2 285 282.1 277.1 269.7 263.8 266.5 268.8 271.6 272.5 270.7 267 265 258.7 253.2 244 229.4 217.2 204.9 192.7 184.5 176.9 173.7 172.1 171.1 170 170.7 173.6 175.4 171.8 164.6 154.3 141.2 129.9 127.2 127.2 127.9
298.8 298.8 296.9 294.6 289.5 282.7 271.4 251.4 231.1 218.1 220.4 218.2 224 236.4 245.1 254.6 264.7 273.9 287.6 300.1 308 313.1 315.2 313.3 303.8 288.5 272.3 255.3 237.4 214.3 192.7 214.7 240.2 261.7 282.4 295.2 302 306.1 308.7 310.5 310.5 306.6 303.8 300.1 295.7 289.5 282.2 279.3 280.1 281.1 283.6 282.4 277.9 272.5 266.4 256 245.8 231.4 216.2 199.8 187.7 177.7 169.7 167.6 164.3 158.1 150.8 151.2 153.7 154.5 156 155.2 150.6 141 132.1 130.3 131 135.1 141.5
302.7 301.6 298.5 292.9 287.8 281 268.9 252.7 232.2 221.4 234.5 235.8 221.6 240.3 253.9 262.3 272.4 285.8 295.6 302.5 310.3 314.7 318.6 316.4 307.5 295.8 279.6 266.2 247.7 227.4 200.6 200.5 232.8 256.1 277.4 295.9 309.2 314.5 318.4 321.7 319.8 317.5 317.9 314.5 308.8 303.2 295.8 292.1 291.4 291.1 292.2 289.2 281.9 272 260.2 248.3 233.9 219 200.6 189.4 179.7 182.6 183.4 179.6 173 162.7 154 150.5 146.9 144.1 141.2 139.3 136.8 133.9 133.7 134.3 135.8 138.3 147.3
304.6 301.2 296 288.4 282.4 272.6 262.3 248.1 228.2 228.3 243.4 246.8 229.4 244 265.7 277.9 286.3 292.3 299.4 306.8 314.6 318 317.9 315 307.3 299 284.6 273.2 256.1 237.1 213.3 196 221.7 248.2 272.3 296.7 310.9 321.5 324.7 327.2 327.5 327 327.4 325.2 319.9 314.9 308.8 304.1 300.2 297.8 299.1 291.9 278.8 264.1 251.4 238.6 222 203.2 193.9 192.9 194.8 197.5 194.1 184.6 173.8 163 171.9 169.3 162.9 156.1 150.2 146.9 147.8 147.4 139.3 142.3 142.8 142.6 148.3
304.6 299.6 290.9 278.7 270.3 261.4 250.1 237.5 230.6 244.7 254.2 254.4 235.1 245.7 266.4 278.9 288.2 294.8 303.2 311.2 316.7 319.1 315.9 312.5 306 298 287.3 275.7 257.7 241.6 221.1 198.2 216 244.4 269.2 290.4 307.2 319 325.7 328.6 330.7 330.7 330.6 330 329.4 324.8 319.5 312.5 306.1 300.5 293.3 285 272.2 258 244.2 229.2 212.1 199.1 201.7 206.9 208.2 207.5 198.4 184.9 171.9 174.7 179.7 178.2 174.5 172.1 169.8 164.4 153.7 145.1 147 151.3 156.3 149.8 149.2
305.5 296.9 280 264.4 254.9 245.3 240.6 243.4 251.6 261.4 262.7 252.1 235.3 251.1 267.4 279.7 289.1 296.9 305.7 314.4 319.2 317.4 314.1 308.1 301.5 293.4 284.4 271.4 253.2 237 214.7 202.6 211.4 238.6 261.8 280.4 294.7 306.2 311.3 321.4 330.2 329.2 328.3 327.5 328.1 324.4 319.1 308.4 298.7 290.3 280.8 271.7 262.9 252.7 238.3 223.6 207.5 211.3 217 218.8 215.4 211.1 200.4 184.9 172.7 183.2 187.1 185.9 183.7 181.9 172.3 157.5 153 158.4 162.5 163.3 163.3 157.4 155.3
300.8 287 267.5 255.3 254.4 257.7 260.9 267.8 269.9 269.6 266.8 247.9 242.3 257.1 269 281.2 290.4 299.1 308.3 315.9 318 314.7 310.2 302.9 295.4 288.7 276.1 260.4 244.3 223.9 209.4 207.9 203 225.6 245.8 261.3 271.3 284.3 301.5 314.3 318.1 318.2 319.6 321 318.2 315 306.6 296.4 285.5 277.6 269.6 260.4 255.7 250.1 233.9 219.3 216.4 225.1 224.1 221.9 216.3 207.4 196.2 182 179.2 189.6 191.7 190.8 189.7 176.2 162.1 160.2 168.6 173.5 172 170.9 167.3 159.5 162.2
299.6 277.6 267.1 272.5 279 281.4 279.5 279 277.9 276.4 267.6 247.5 251.4 264.1 274 283.6 293.8 300.8 308.3 314.5 313.7 310.7 305.5 299.3 291.9 283.3 273.6 258.2 234.7 218.2 224.6 214.9 210.4 210.3 226.5 237.4 247.8 269.5 289.4 303.1 306.1 306.6 306.3 305.4 303.3 298.8 291.2 280.8 273.9 265.1 257.6 252.1 247.7 239.4 226.8 218.1 228.1 224.6 221.5 217 208.2 196.9 187.1 179.8 189.6 195.9 196.3 193.2 183.9 169.8 168.4 177.3 181.7 180.5 177.2 174.5 168 166 166
287.7 279.1 285 290.8 292.1 291.4 290.3 288.1 286.9 283.2 270 250 259.7 270.8 277.5 286.6 295 301.6 308.1 313.2 311.7 307.9 301.7 294.3 287 278.9 268.7 251.4 232.9 222 230.3 226.9 225.4 217.1 209.4 215 234.3 256.7 274.2 289.8 294.2 293.6 293.1 291.4 289.9 287.3 280.7 270.5 260.7 250 241.6 239.3 238.7 232.9 225 230.2 228.2 222.3 214.9 199.5 193.4 192.4 191.6 195.3 199.5 202.1 199.9 194.8 180.5 171.8 178.3 187.3 187.2 184.1 180.8 177.4 171.9 170.4 168.8
293.3 293.6 298.3 299.3 299.3 298.8 297.2 295.2 292 286.3 271.6 251.8 263.4 272.8 280.3 287.5 296.7 302.8 309.8 313.8 311 306 299.4 291.8 283.5 273.8 261.2 244.2 227.5 231.9 238 242.3 240.3 230.7 224.1 219 221.4 240.1 256.5 270.5 276.4 276.6 275.8 274.9 275 268.2 261.2 257.1 254.4 253.2 248.5 240.8 231.6 230.9 233.5 236.2 231.2 225.8 212.9 210.3 212 211.9 209.6 207.8 208.8 207.9 204.8 197.4 183.4 178.1 183.4 192.6 193.2 187.9 184.7 180 176.1 174.4 171.8
306.6 305.6 305 305.6 305.9 304.7 302.3 299.8 295.5 286.7 271.7 252.6 267.9 272.9 279.7 287.1 297 306.1 310.7 313 309.8 303.8 296.1 285.7 275.5 261.9 246.8 231.4 233.7 248.6 250.2 254.7 252.8 245.2 235.6 226.1 222.3 229 242 251.3 256.9 266.3 275.8 280.6 283.2 285 280.1 272.2 267.1 265.4 261.3 254.6 243.9 239.3 239.1 238.4 234.7 228.9 219.6 223 226 223.9 220.3 217.8 216.8 214.2 211.1 204.1 191.3 185.9 190.5 196.1 197.7 193.1 188.1 184.4 181.2 178.8 176.1
312.4 311.2 310.8 310.7 310.8 308.6 303.2 298.3 292.1 284.5 271.4 258.6 270.3 275.8 280.3 287.5 296.8 305.8 312.1 312.9 308.9 299 288.6 276.3 260.6 244.2 238.7 243.5 251.5 265.2 260.6 263.8 265.9 259.4 246.3 232.4 231.5 232.2 238.9 252.3 267.1 273.2 281.1 288.7 290.2 291.5 289.9 284.3 281.1 279.3 273.4 262.9 254.8 249.7 247.6 244.7 238.9 234.6 228.1 231 233.8 235.1 231.1 227.3 226.2 222.2 217.4 209.6 199.9 196.6 198.9 201.5 201.4 197.7 193.5 190.5 188.1 184.2 179.9
318.1 316.5 314.9 314.1 312.8 308.4 300.8 293.5 286.3 277.2 263 268.5 270.6 276.5 282.2 290.2 297.7 306.1 312.1 311 303.7 289.5 277.1 260.6 241.5 250 256 263.5 272 276.3 269.5 270.7 273.3 271.4 261 240.4 242.9 245.6 241.5 254.5 265.9 275.5 284.4 290.9 295.9 298.5 298.4 296.7 294 291 286 276.6 266.5 260.8 254.8 249.4 245.8 240.5 233.4 238.3 240.8 242.4 239.8 234.5 233.7 229.1 222.8 214.8 208.1 205.3 207.3 207.1 205.7 203 198.9 197.6 195.7 191.7 185.2
319.7 318.3 317.1 313.4 310.1 303.2 294.3 287.2 275.6 270.9 275.3 278 281 282.1 291 297.1 302.3 307.1 307.5 305.5 292.9 276.7 257.2 251.5 264.4 274.5 282.5 286.6 286.5 284.6 279.4 278.8 279 276 266.7 246.1 254.5 257.7 249 248.8 263.3 275.3 284.7 293.4 300 304.2 306.4 306.4 305.6 300.5 293.4 286.2 279.2 275.9 268.6 261.1 253.3 247.2 243.5 243.7 247.4 247.9 244.8 241.4 240 235.6 229.3 222.3 217.3 215.3 215.8 215.8 212.9 210 206.9 205.1 203.4 199.3 193
319.9 318.8 316.9 313.5 307.2 297.7 288.1 284.5 280.8 281.8 284.1 288.7 290.4 292.1 298.6 302.1 306.2 309.2 306 295.7 280.3 260.4 265.7 274.8 283.5 290.1 292.6 294.3 294 291 288.3 283.6 280 276.5 264.7 260.7 264 262.5 256.8 251 260.1 270.3 281.2 291.6 301.7 305.8 308.2 309.5 307.8 303 297 292.4 288.7 286 280.9 275.3 265.9 258.8 254 251.3 252.2 252.9 250.6 248.1 246 242 236.6 229.7 224.2 224.4 223.2 222.3 219 215.9 214 210.6 208 203.5 196.9
317.4 318.3 316.3 312.7 305.1 297.9 297.2 293.6 291.3 290.5 294.7 299.1 301.3 303 305.2 309.3 312.7 311.4 304.9 297.5 280.6 271.8 283.8 290.9 293.3 298.5 301.7 301.4 299.5 296.8 292.6 289.2 285.7 279.5 268.5 270.7 272.2 269.8 261.7 265.9 262 266.1 277.2 288.4 297.8 305.8 309.3 311.2 309.9 306.8 303.8 298.2 293 292.9 289.1 284.2 277.2 271 264.8 261.7 260.1 258.1 257.2 255.1 253.1 249.3 244.8 238.1 233.4 230.9 228.7 226.1 222.4 219 215.8 212.3 207.5 203.8 198.1
312.4 315.8 315.2 314 310.9 307.6 306.8 304.1 299.5 298.5 302.4 307.8 311.5 313.9 315.4 317.2 317.3 313.9 307.1 294.3 279.8 282.5 294.7 299.2 301.7 304.9 307.3 306.7 304.8 302 299.1 295.6 291.8 284.5 284.5 278.8 277.4 275.8 268.1 275.1 272.5 269.7 276.8 284.3 295 305 308.7 313 313 311 308.3 304.3 299.9 297.9 293.3 289.2 285.5 280.7 272.6 270 271.3 267.9 265.5 262.6 259.6 257 252.8 245.9 239.3 234.7 229.8 226.5 222.9 219 214.9 211.1 206.9 202.2 195.2
304.2 310.2 316.9 318.1 316.5 314.3 313.8 312 311.1 307.3 311.5 316.7 319.9 322.9 323.5 323.5 322.6 317.7 311.7 301.5 290 282.4 295.5 303.7 308.1 310.5 312.7 314.5 312.8 309.7 306 303.2 298.8 289.8 292.8 288.1 283.7 280.2 274.1 283.5 283.4 281.7 282.8 285.7 291.8 302.4 309 312.4 315 314.7 312.3 309.4 304.9 301.4 297.5 294.3 292 289.2 283.7 279.9 278 275.5 272 270.3 265.4 262.6 257.8 250.7 243.7 236.2 230.3 226 220.5 214.6 209.2 205.2 200.8 196.3 190.3
301.2 310.1 317.3 321.2 322.4 322.4 322.7 321.2 319.4 318.8 321.1 325.1 328 330.5 330.5 329 326.9 321.8 314.5 306.2 304.6 301.5 294.9 306.9 312.8 316.4 318.5 320.5 320.6 317.3 313.7 310.6 302.7 303.8 301.9 297.7 290.2 285.9 283.5 290.7 291.9 290.9 289.3 291.3 295.3 304.6 309.9 315.3 317.3 316.4 316 313.2 308.9 304.8 300.5 298 295.6 292.9 288.4 286 283.1 276.5 275.3 273.2 268.2 265.8 258.8 250.9 243.1 235.7 228.6 222.2 215 208.5 203.6 198.7 193.7 186.9 182.5
299 310.3 318.6 325.2 328.2 328.9 329.5 329.2 328.3 329.3 329.5 332.2 336.2 337.9 337.2 335.8 333.8 327.6 323.2 320.1 317.5 314.6 306.6 310.2 317 321.4 323.8 325.1 324.6 321.8 318.6 313.8 314 311 307.9 303.2 296.3 293.2 293.8 298.3 299.6 298.9 297.4 298.8 303.3 306.5 311.5 316 318.1 317.3 315.5 314.1 311.4 307.5 304.9 303 299.9 296 292.7 287.8 285 279.8 278.8 275.8 269.7 264.6 256.8 248.4 241.2 234.7 225.3 217.3 209.1 204 199.4 190.2 185.6 181.1 176.4
295.7 308 317.6 326.4 332.7 334.6 334.7 335.2 336.2 336.9 338.5 342 344.3 344.4 343.4 341.9 338.9 336.1 332.1 328.6 326.4 323.2 317.9 313.4 320 326.1 328.4 328.9 328.6 325.3 323.1 321.1 320.1 317.5 313.3 310.4 306.5 302 299.9 304.4 305.3 305.5 304.7 306.9 307.3 311.3 315.1 316.5 317 315.2 312.1 310.5 309.7 307.1 304.8 300.6 295.9 292.3 289.7 287.7 285.2 281.8 279.4 275.8 268.1 260.5 251 243.4 238.5 233.5 221.7 213.2 206.9 200.3 196 190.5 182.5 175.8 171.2
298.9 308.6 319.6 332.2 337.5 339.3 340.5 341.5 342.8 343.9 345 347.1 349.9 350.8 349.4 347.6 344.3 342 339.3 337.6 334.1 331.7 326.7 322.5 323.1 329.2 332.3 333.4 331.7 328.9 327.3 326.2 324.9 322.2 318.9 317.6 315.4 310.9 306.8 309.1 309.6 309.1 310.7 311.6 312.1 313.5 316 316.8 315.2 312.6 307.9 306 305.8 305.5 302.8 299.1 295.5 290.2 285.2 283 280.8 276.5 273.4 269.4 262.4 254.3 243.2 237.3 234.7 231.5 223.6 214.8 204.9 200.7 195.2 189.6 184.1 177.4 172.6
