public/OST50/ST14.asc
ncols 200
nrows 200
xllcorner 310000
yllcorner 140000
cellsize 50
[rows 76 to 113 of 200, columns 86 to 171 of 200]
-3.5 -3.5 -3.5 -3.5 -3.5 -3.5 -3.5 -3.5 -3.5 -3.5 -3.5 -3.5 -3.5 -3.5 -3.5 -3.5 -3.5 -3.5 -3.5 -3.5 -3.5 -3.5 -3.5 -3.5 -3.5 -3.5 -3.5 -3.5 -3.5 -3.5 -3.5 -3.5 -3.5 -3.5 -3.5 -3.5 -3.5 -3.5 -3.5 -3.5 -3.5 -3.5 -3.5 -3.5 -3.5 -3.5 -3.5 -3.5 -3.5 -3.5 -3.5 -3.5 -3.5 -3.5 -3.5 -3.5 -3.5 -3.5 -3.5 -3.5 -3.5 -3.5 -3.5 -3.5 -3.5 -3.5 -3.5 -3.5 -3.5 -3.5 -3.5 -3.5 -3.5 -3.5 -3.5 -3.5 -3.5 -3.5 -3.5 -3.5 -3.5 -3.5 -3.5 -3.5 -3.5 -3.5
-3.5 -3.5 -3.5 -3.5 -3.5 -3.5 -3.5 -3.5 -3.5 -3.5 -3.5 -3.5 -3.5 -3.5 -3.5 -3.5 -3.5 -3.5 -3.5 -3.5 -3.5 -3.5 -3.5 -3.5 -3.5 -3.5 -3.5 -3.5 -3.5 -3.5 -3.5 -3.5 -3.5 -3.5 -3.5 -3.5 -3.5 -3.5 -3.5 -3.5 -3.5 -3.5 -3.5 -3.5 -3.5 -3.5 -3.5 -3.5 -3.5 -3.5 -3.5 -3.5 -3.5 -3.5 -3.5 -3.5 -3.5 -3.5 -3.5 -3.5 -3.5 -3.5 -3.5 -3.5 -3.5 -3.5 -3.5 -3.5 -3.5 -3.5 -3.5 -3.5 -3.5 -3.5 -3.5 -3.5 -3.5 -3.5 -3.5 -3.5 -3.5 -3.5 -3.5 -3.5 -3.5 -3.5
-3.5 -3.5 -3.5 -3.5 -3.5 -3.5 -3.5 -3.5 -3.5 -3.5 -3.5 -3.5 -3.5 -3.5 -3.5 -3.5 -3.5 -3.5 -3.5 -3.5 -3.5 -3.5 -3.5 -3.5 -3.5 -3.5 -3.5 -3.5 -3.5 -3.5 -3.5 -3.5 -3.5 -3.5 -3.5 -3.5 -3.5 -3.5 -3.5 -3.5 -3.5 -3.5 -3.5 -3.5 -3.5 -3.5 -3.5 -3.5 -3.5 -3.5 -3.5 -3.5 -3.5 -3.5 -3.5 -3.5 -3.5 -3.5 -3.5 -3.5 -3.5 -3.5 -3.5 -3.5 -3.5 -3.5 -3.5 -3.5 -3.5 -3.5 -3.5 -3.5 -3.5 -3.5 -3.5 -3.5 -3.5 -3.5 -3.5 -3.5 -3.5 -3.5 -3.5 -3.5 -3.5 -3.5
-3.5 -3.5 -3.5 -3.5 -3.5 -3.5 -3.5 -3.5 -3.5 -3.5 -3.5 -3.5 -3.5 -3.5 -3.5 -3.5 -3.5 -3.5 -3.5 -3.5 -3.5 -3.5 -3.5 -3.5 -3.5 -3.5 -3.5 -3.5 -3.5 -3.5 -3.5 -3.5 -3.5 -3.5 -3.5 -3.5 -3.5 -3.5 -3.5 -3.5 -3.5 -3.5 -3.5 -3.5 -3.5 -3.5 -3.5 -3.5 -3.5 -3.5 -3.5 -3.5 -3.5 -3.5 -3.5 -3.5 -3.5 -3.5 -3.5 -3.5 -3.5 -3.5 -3.5 -3.5 -3.5 -3.5 -3.5 -3.5 -3.5 -3.5 -3.5 -3.5 -3.5 -3.5 -3.5 -3.5 -3.5 -3.5 -3.5 -3.5 -3.5 -3.5 -3.5 -3.5 -3.5 -3.5
-3.5 -3.5 -3.5 -3.5 -3.5 -3.5 -3.5 -3.5 -3.5 -3.5 -3.5 -3.5 -3.5 -3.5 -3.5 -3.5 -3.5 -3.5 -3.5 -3.5 -3.5 -3.5 -3.5 -3.5 -3.5 -3.5 -3.5 -3.5 -3.5 -3.5 -3.5 -3.5 -3.5 -3.5 -3.5 -3.5 -3.5 -3.5 -3.5 -3.5 -3.5 -3.5 -3.5 -3.5 -3.5 -3.5 -3.5 -3.5 -3.5 -3.5 -3.5 -3.5 -3.5 -3.5 -3.5 -3.5 -3.5 -3.5 -3.5 -3.5 -3.5 -3.5 -3.5 -3.5 -3.5 -3.5 -3.5 -3.5 -3.5 -3.5 -3.5 -3.5 -3.5 -3.5 -3.5 -3.5 -3.5 -3.5 -3.5 -3.5 -3.5 -3.5 -3.5 -3.5 -3.5 -3.5
-3.5 -3.5 -3.5 -3.5 -3.5 -3.5 -3.5 -3.5 -3.5 -3.5 -3.5 -3.5 -3.5 -3.5 -3.5 -3.5 -3.5 -3.5 -3.5 -3.5 -3.5 -3.5 -3.5 -3.5 -3.5 -3.5 -3.5 -3.5 -3.5 -3.5 -3.5 -3.5 -3.5 -3.5 -3.5 -3.5 -3.5 -3.5 -3.5 -3.5 -3.5 -3.5 -3.5 -3.5 -3.5 -3.5 -3.5 -3.5 -3.5 -3.5 -3.5 -3.5 -3.5 -3.5 -3.5 -3.5 -3.5 -3.5 -3.5 -3.5 -3.5 -3.5 -3.5 -3.5 -3.5 -3.5 -3.5 -3.5 -3.5 -3.5 -3.5 -3.5 -3.5 -3.5 -3.5 -3.5 -3.5 -3.5 -3.5 -3.5 -3.5 -3.5 -3.5 -3.5 -3.5 -3.5
-3.5 -3.5 -3.5 -3.5 -3.5 -3.5 -3.5 -3.5 -3.5 -3.5 -3.5 -3.5 -3.5 -3.5 -3.5 -3.5 -3.5 -3.5 -3.5 -3.5 -3.5 -3.5 -3.5 -3.5 -3.5 -3.5 -3.5 -3.5 -3.5 -3.5 -3.5 -3.5 -3.5 -3.5 -3.5 -3.5 -3.5 -3.5 -3.5 -3.5 -3.5 -3.5 -3.5 -3.5 -3.5 -3.5 -3.5 -3.5 -3.5 -3.5 -3.5 -3.5 -3.5 -3.5 -3.5 -3.5 -3.5 -3.5 -3.5 -3.5 -3.5 -3.5 -3.5 -3.5 -3.5 -3.5 -3.5 -3.5 -3.5 -3.5 -3.5 -3.5 -3.5 -3.5 -3.5 -3.5 -3.5 -3.5 -3.5 -3.5 -3.5 -3.5 -3.5 -3.2 -2.9 -2.6
-3.5 -3.5 -3.5 -3.5 -3.5 -3.5 -3.5 -3.5 -3.5 -3.5 -3.5 -3.5 -3.5 -3.5 -3.5 -3.5 -3.5 -3.5 -3.5 -3.5 -3.5 -3.5 -3.5 -3.5 -3.5 -3.5 -3.5 -3.5 -3.5 -3.5 -3.5 -3.5 -3.5 -3.5 -3.5 -3.5 -3.5 -3.5 -3.5 -3.5 -3.5 -3.5 -3.5 -3.5 -3.5 -3.5 -3.5 -3.5 -3.5 -3.5 -3.5 -3.5 -3.5 -3.5 -3.5 -3.5 -3.5 -3.5 -3.5 -3.5 -3.5 -3.5 -3.5 -3.5 -3.5 -3.5 -3.5 -3.5 -3.5 -3.5 -3.5 -3.5 -3.5 -3.5 -3.5 -3.5 -3.5 -3.5 -3.5 -3.5 -3.5 -3.5 -2.6 -2.4 -2.1 -1.8
-3.5 -3.5 -3.5 -3.5 -3.5 -3.5 -3.5 -3.5 -3.5 -3.5 -3.5 -3.5 -3.5 -3.5 -3.5 -3.5 -3.5 -3.5 -3.5 -3.5 -3.5 -3.5 -3.5 -3.5 -3.5 -3.5 -3.5 -3.5 -3.5 -3.5 -3.5 -3.5 -3.5 -3.5 -3.5 -3.5 -3.5 -3.5 -3.5 -3.5 -3.5 -3.5 -3.5 -3.5 -3.5 -3.5 -3.5 -3.5 -3.5 -3.5 -3.5 -3.5 -3.5 -3.5 -3.5 -3.5 -3.5 -3.5 -3.5 -3.5 -3.5 -3.5 -3.5 -3.5 -3.5 -3.5 -3.5 -3.5 -3.5 -3.5 -3.5 -3.5 -3.5 -3.5 -3.5 -3.5 -3.5 -3.1 -2.7 -2.6 -2.3 -2.1 -1.8 -1.6 -1.3 -1.1
-3.5 -3.5 -3.5 -3.5 -3.5 -3.5 -3.5 -3.5 -3.5 -3.5 -3.5 -3.5 -3.5 -3.5 -3.5 -3.5 -3.5 -3.5 -3.5 -3.5 -3.5 -3.5 -3.5 -3.5 -3.5 -3.5 -3.5 -3.5 -3.5 -3.5 -3.5 -3.5 -3.5 -3.5 -3.5 -3.5 -3.5 -3.5 -3.5 -3.5 -3.5 -3.5 -3.5 -3.5 -3.5 -2.7 -2.7 -3.5 -3.5 -3.5 -3.5 -3.5 -3.5 -3.5 -3.5 -3.5 -3.5 -3.5 -3.5 -3.5 -3.5 -3.5 -3.5 -3.5 -3.5 -3.5 -3.5 -3.5 -3.5 -3.5 -3.5 -3.5 -3.5 -3.5 -3.5 -3.5 -2.6 -2.2 -1.7 -1.6 -1.4 -1.2 -0.9 -0.8 -0.5 -0.2
-3.5 -3.5 -3.5 -3.5 -3.5 -3.5 -3.5 -3.5 -3.5 -3.5 -3.5 -3.5 -3.5 -3.5 -3.5 -3.5 -3.5 -3.5 -3.5 -3.5 -3.5 -3.5 -3.5 -3.5 -3.5 -3.5 -3.5 -3.5 -3.5 -3.5 -3.5 -3.5 -3.5 -3.5 -3.5 -3.5 -3.5 -3.5 -3.5 -3.5 -3.5 -2.6 -2.3 -2.1 -1.7 -1.3 -1.3 -1.4 -1.5 -1.8 -2 -2.4 -3.5 -3.5 -3.5 -3.5 -3.5 -3.5 -3.5 -3.5 -3.5 -3.5 -3.5 -3.5 -3.5 -3.5 -3.5 -3.5 -3.5 -3.5 -3.5 -3.5 -3.5 -2.6 -2.4 -2.2 -1.8 -1.2 -0.8 -0.6 -0.5 -0.4 0 0.1 0.3 0.6
-3.5 -3.5 -3.5 -3.5 -3.5 -3.5 -3.5 -3.5 -3.5 -3.5 -3.5 -3.5 -3.5 -3.5 -3.5 -3.5 -3.5 -3.5 -3.5 -3.5 -3.5 -3.5 -3.5 -3.5 -3.5 -3.5 -3.5 -3.5 -3.5 -3.5 -3.5 -3.5 -3.5 -3.5 -3.5 -3.5 -3.5 -3.5 -3.5 -2.5 -1.7 -1.1 -0.8 -0.6 -0.3 0.1 0.1 0 0 -0.2 -0.2 -0.4 -0.7 -1.9 -3.5 -3.5 -3.5 -3.5 -3.5 -3.5 -3.5 -3.5 -3.5 -3.5 -3.5 -3.5 -3.5 -3.5 -3.5 -3.5 -2.8 -2.4 -2 -1.5 -1.3 -1.1 -0.8 -0.3 0.2 0.3 0.4 0.6 0.8 1 1.1 1.4
-3.5 -3.5 -3.5 -3.5 -3.5 -3.5 -3.5 -3.5 -3.5 -3.5 -3.5 -3.5 -3.5 -3.5 -3.5 -3.5 -3.5 -3.5 -3.5 -3.5 -3.5 -3.5 -3.5 -3.5 -3.5 -3.5 -3.5 -3.5 -3.5 -3.5 -3.5 -3.5 -3.5 -3.5 -3.5 -3.5 -3.5 -2.4 -1.9 -1 -0.3 0.2 0.6 0.9 1.1 1.5 1.5 1.4 1.5 1.4 1.6 1.7 1.3 0.1 -1.1 -3.5 -3.5 -3.5 -3.5 -3.5 -3.5 -3.5 -3.5 -3.5 -3.5 -2.8 -2.7 -2.5 -2.3 -2.1 -1.8 -1.4 -1 -0.5 -0.3 -0.1 0.3 0.7 1.2 1.3 1.4 1.5 1.7 1.9 1.9 2.2
-3.5 -3.5 -3.5 -3.5 -3.5 -3.5 -3.5 -3.5 -3.5 -3.5 -3.5 -3.5 -3.5 -3.5 -3.5 -3.5 -3.5 -3.5 -3.5 -3.5 -3.5 -3.5 -3.5 -3.5 -3.5 -3.5 -3.5 -3.5 -3.5 -3.5 -3.5 -3.5 -3.5 -3.5 -1.9 -1.3 -0.9 -0.6 -0.4 0.3 1.1 1.7 2.1 2.3 2.6 2.9 2.9 2.8 2.9 3.1 3.5 3.7 3.4 2.6 1.9 1.2 -0.1 -1.4 -3.5 -3.5 -3.5 -3.5 -2.3 -2.1 -2 -1.9 -1.8 -1.6 -1.3 -1.1 -0.8 -0.5 -0.1 0.4 0.8 1 1.4 1.7 2.1 2.3 2.3 2.4 2.6 2.8 2.8 3
-3.5 -3.5 -3.5 -3.5 -3.5 -3.5 -3.5 -3.5 -3.5 -3.5 -3.5 -3.5 -3.5 -3.5 -3.5 -3.5 -3.5 -3.5 -3.5 -3.5 -3.5 -3.5 -3.5 -3.5 -3.5 -3.5 -3.5 -3.5 -3.5 -3.5 -3.5 -2.7 -1.9 -1.3 -0.4 0.4 0.7 1.2 1.3 1.7 2.6 3.2 3.5 3.8 4 4.2 4.5 4.2 4.9 5.8 9.8 7.2 8.4 7 6.1 4 2.5 1.2 0.3 -0.5 -1.1 -0.8 -0.9 -1 -1 -0.9 -0.9 -0.6 -0.4 -0.1 0.2 0.5 0.9 1.4 1.8 2.1 2.5 2.8 3.1 3.3 3.2 3.4 3.5 3.7 3.7 3.8
-3.5 -3.5 -3.5 -3.5 -3.5 -3.5 -3.5 -3.5 -3.5 -3.5 -3.5 -3.5 -3.5 -3.5 -3.5 -3.5 -3.5 -3.5 -3.5 -3.5 -3.5 -3.5 -3.5 -3.5 -3.5 -3.5 -3.5 -3.5 -3.5 -3.5 -3.5 -1.4 -0.5 0.2 1 2.1 2.4 3 3.1 3.2 3.9 7.6 29.2 27.1 25.4 24.2 22.9 21.4 18.2 14.3 10.9 7.8 6.2 6.2 6 7.8 6.5 3.7 2.6 1.6 0.8 0.7 0.3 0 0 0 0.1 0.2 0.6 0.9 1.2 1.5 1.9 2.3 2.8 3.2 3.5 3.9 4.3 4.8 4.2 4.2 4.7 10.5 10.7 13.6
-3.5 -3.5 -3.5 -3.5 -3.5 -3.5 -3.5 -3.5 -3.5 -3.5 -3.5 -3.5 -3.5 -3.5 -3.5 -3.5 -3.5 -3.5 -3.5 -3.5 -3.5 -3.5 -3.5 -3.5 -3.5 -3.5 -3.5 -3.5 -3.5 -1.9 -1 -0.2 0.8 1.7 2.5 3.5 12.1 6.8 13 25.9 28 29.5 29.9 28.8 27.4 26.1 24.1 22.5 18.4 14.5 11.1 9 6.8 6.1 6.2 7.3 5.9 -3.5 6.8 3.8 2.7 2 1.4 1 1 1 1 1.1 1.4 1.9 2.1 2.4 2.8 3.3 3.7 4.3 6.8 19.6 20.5 20.1 21.2 23.2 23.8 24.8 26.1 27
-3.5 -3.5 -3.5 -3.5 -3.5 -3.5 -3.5 -3.5 -3.5 -3.5 -3.5 -3.5 -3.5 -3.5 -3.5 -3.5 -3.5 -3.5 -3.5 -3.5 -3.5 -3.5 -3.5 -3.5 -3.5 -3.5 -3.5 -3.5 -1.6 -0.4 0.5 1.3 2.2 3.1 3.9 27.5 27.3 28.5 28.6 28.3 28.3 28.7 28.8 29.1 29 27.9 25.2 22.3 19.1 15.6 12.9 10.9 8.1 6.2 6.5 6.6 13.9 -3.5 -3.5 6.6 5 3.2 2.6 2.1 1.9 1.9 2 2 2.3 2.7 3.1 3.4 3.8 4.2 6.8 23.4 24.5 24.7 24.4 24.9 26.6 28 29 30.7 31.9 32.4
-3.5 -3.5 -3.5 -3.5 -3.5 -3.5 -3.5 -3.5 -3.5 -3.5 -3.5 -3.5 -3.5 -3.5 -3.5 -3.5 -3.5 -3.5 -3.5 -3.5 -3.5 -3.5 -3.5 -3.5 -3.5 -3.5 -2 -1.2 0 1 2 2.8 3.6 6 26 27.9 29.4 30.7 31.2 31 30.5 29.8 28.9 28.6 29 28.1 25 21 19.1 17.2 15.8 13.4 10.5 6.1 6.3 6.5 10.7 20.3 23 23.2 12.6 5.3 3.7 3.1 2.8 2.9 2.9 3 3.2 3.6 4.1 22.8 5.3 24.2 24.7 25.8 28.3 28.9 29 28.4 30.6 32 32.9 34.2 35.1 35.7
-3.5 -3.5 -3.5 -3.5 -3.5 -3.5 -3.5 -3.5 -3.5 -3.5 -3.5 -3.5 -3.5 -3.5 -3.5 -3.5 -3.5 -3.5 -3.5 -3.5 -3.5 -3.5 -3.5 -3.5 -2.2 -1.3 -0.6 0.3 1.4 2.6 3.5 4 22.9 23.8 24.5 25.6 26.1 29.1 31 32.4 32.1 31.7 29.7 28.2 27.5 25.4 22.2 19.2 17.8 17.3 17.3 13.4 8.9 7.4 5.8 5.7 5.6 7.7 12.6 19.3 24 24.8 8 4.1 3.8 3.8 3.8 3.9 4 4.3 23.9 25.2 25.2 25.7 26.6 27.9 29.7 32.3 32.7 32.4 33.1 34.3 35.5 37 38.2 38.7
-3.5 -3.5 -3.5 -3.5 -3.5 -3.5 -3.5 -3.5 -3.5 -3.5 -3.5 -3.5 -3.5 -3.5 -3.5 -3.5 -3.5 -3.5 -3.5 -3.5 -3.5 -3.5 -3.5 -1.9 -0.9 0 0.9 1.8 2.7 3.9 24.6 24.1 24 23.7 23.1 22.7 23.6 25 27.4 29.3 31.7 30.2 28.8 26.9 25.5 24 22 20.5 19.2 18 17.3 16.3 14.5 10.4 7.2 5.8 6 7.2 9.7 10.9 14.4 21.1 24.9 17.8 5.6 4.2 4.2 5.1 7 28.1 27.6 27.3 27.8 27.9 28.7 29.9 31.5 34.1 35.4 35.7 36.1 36.9 38.2 40 41.9 42.6
-3.5 -3.5 -3.5 -3.5 -3.5 -3.5 -3.5 -3.5 -3.5 -3.5 -3.5 -3.5 -3.5 -3.5 -3.5 -3.5 -3.5 -3.5 -3.5 -3.5 -3.5 -2.2 -1.6 -0.8 0.1 1.2 2.2 3.1 4.1 31 29.4 27.9 26.2 24.7 23.1 21.3 21.1 21.7 22.8 24.3 25 25.5 24.5 23 22.4 22.3 21.9 21.2 20.9 20.5 19.7 18.1 15.1 12.4 8.8 6 5.6 11.7 18.5 17.6 17.3 17.5 19.4 21.8 23 23.5 23.8 25.1 27.4 28.1 29.1 29 29.5 30 30.9 31.9 33.2 34.9 36.5 38.1 38.7 39.1 39.8 41.6 43.3 43.8
-3.5 -3.5 -3.5 -3.5 -3.5 -3.5 -3.5 -3.5 -3.5 -3.5 -3.5 -3.5 -3.5 -3.5 -3.5 -3.5 -3.5 -3.5 -3.5 -3.5 -1.9 -1 -0.4 0.3 1.3 2.2 3.3 7.4 36.1 34.8 32.6 31.3 29.3 26.9 24.1 21.3 19.3 19.2 19.7 19.8 19.7 19.6 19.5 19.2 19.4 19.6 20.4 21 21.7 21.8 21.6 20.1 18 14.8 10.4 5.9 5.8 11.1 19.9 23.9 24.6 25.1 23.9 23.3 23.7 23.3 23.9 24.5 25.5 26.7 28.1 29.8 30.9 31.8 32.8 33.8 35.8 36.7 37.8 39.7 39.8 39.5 40 41 41.8 42.5
-3.5 -3.5 -3.5 -3.5 -3.5 -3.5 -3.5 -3.5 -3.5 -3.5 -3.5 -3.5 -3.5 -3.5 -3.5 -3.5 -3.5 -2.8 -2.2 -1.6 -0.8 0 0.8 1.5 2.3 3.3 8.3 39.3 38 36.3 34.3 32.6 30.8 28.9 25.9 22.9 19.7 18.2 17.7 17.2 17.2 16.9 16.6 16.1 16.2 17.6 19 19.4 21.1 22 21.9 21.2 19.1 15.2 8.4 5.5 6.2 14.4 22.2 24.7 25.3 25.6 26 25.6 25.3 25.4 25.2 25.5 26.2 27.3 28.6 29.8 31.1 32.4 34 36.1 37.8 38.7 40.4 41 40.8 40.3 40.6 41.3 42.3 43
-3.5 -3.5 -3.5 -3.5 -3.5 -3.5 -3.5 -3.5 -3.5 -3.5 -3.5 -3.4 -3.3 -3.2 -3 -2.5 -2.1 -1.6 -1.1 -0.5 0.3 1.1 1.8 2.7 3.4 7.2 40.8 39.3 37.5 36.1 34.4 32 29.9 28.6 26.9 23.5 20.2 18 17.2 16.8 16.5 16 15.5 15.3 15.6 15.8 15.4 16.9 17.5 18.6 17.9 18.1 14.3 10.3 5 5.7 9.3 17 24.3 26.3 27.1 27.8 28.6 28.6 28.6 28.5 28.6 28.2 28.6 29.3 30.4 31.9 33.1 34.2 35.8 37.5 39.3 40.5 41.1 41 41.2 42.1 42.5 42.9 43.9 43.9
-3.5 -3.5 -3.5 -3.5 -3.5 -3.5 -3.5 -3.5 -3.5 -3.5 -2.7 -2.4 -2.4 -2.3 -2 -1.5 -1 -0.5 0.1 0.7 1.4 2.2 3 3.7 40.6 39.8 38.8 36.9 34.9 34 32.2 30 28.4 27.5 25.9 23.4 20.4 18.7 18.3 17.7 17 16.2 15.6 15.9 15.4 15.2 14.9 15.1 12.6 12.3 11.8 12.4 7.9 6.5 5.5 6.5 10.9 18.8 24.2 26.8 28.9 30.1 31.2 32 32.4 32.6 32.2 31.9 32.2 32.9 33.7 34.7 35.9 37.2 38.5 39.4 40.2 41.2 41.2 40.9 41.6 43 43.2 43.5 43.5 42.9
-3.5 -3.5 -3.5 -3.5 -3.5 -3.5 -3.5 -2.8 -2.3 -2 -1.7 -1.4 -1.4 -1.4 -0.9 -0.7 0 0.5 1.2 1.8 2.4 3.3 4.1 35.5 37 36.7 35.2 33.2 31.8 30.9 30.1 28 26.8 26.6 26.6 25.5 22.3 20.9 19.8 19.2 17.9 17.1 16.6 16.3 16.1 16.1 17 16.4 15.6 13.9 11.5 8.4 6.9 6.9 5.7 11.7 16.1 20.3 25.7 28.2 30.3 31.4 32.2 32.8 33.4 35 35.3 35.5 35.5 36.2 37.2 38.5 38.8 38.8 39.6 40 40 40.5 40.1 40.4 41.1 41.2 40.7 41 41.2 41.3
-3.5 -3.5 -3.5 -3.5 -3.5 -3.5 -2.9 -2.1 -1.4 -1 -0.7 -0.5 -0.5 -0.5 -0.1 0.3 0.8 1.5 2.1 3 3.6 6.6 30.9 30.6 30.8 30.6 30.2 28.7 27.7 27.1 27.1 26 24.9 26.3 27.8 27.9 24.6 22.1 19.1 16.8 16 16.8 16.8 16.9 16.5 16.1 15.6 15.8 16.1 17.8 17.2 14.1 9.8 6.9 6.1 18.9 23.3 26.6 29.3 30.1 31.4 32.2 33 33.7 34.5 36.1 37.1 36.9 37.1 37.2 38.4 39.1 39.3 39.5 39 38.6 39.5 40.1 39.7 39.5 39.5 39.4 39.2 39.1 39 39
-3.5 -3.5 -3.5 -3.5 -3.5 -3.5 -2.1 -1.4 -0.6 -0.1 0.3 0.5 0.5 0.5 0.7 1.3 1.7 2.3 3 3.9 28.8 28.4 27.3 26.2 25.3 24.1 24.4 23.9 23.3 23.3 23.6 23 22.9 25.3 27.3 25.6 22.6 20.3 17.3 15 15.4 16.7 18.8 18.7 16.7 14.3 12.8 12.5 12.4 13.6 13.8 12.6 10.4 6.2 6.1 20.2 25.1 27.9 30.1 31.7 33.8 34.2 34.4 34.8 35.2 36.1 34.3 34.9 35.4 36.8 38.4 38.2 37.1 36.6 37 37.4 38.9 38.9 40.9 41 40 38.8 37.5 36.8 34.9 34.7
-3.5 -3.5 -3.5 -3.5 -3.5 -2.1 -1.6 -0.7 0.1 0.9 1.2 1.5 1.4 1.4 1.6 2.1 2.6 3.2 3.8 31.1 30.6 28.4 26.3 24.6 23.2 22 21.4 21.2 21 20.7 20.7 20.5 20.5 23.4 23.8 21.5 18.1 16.6 13.7 12.6 13.2 14.5 14.7 14 14.1 12.5 11.3 11.9 11.6 11.2 10.6 9.7 8.2 7 5.5 14.3 19.4 22.7 25.1 26.5 29 30.7 31.9 31.8 31.1 30.3 29.6 29.9 30.8 32.8 35.3 33.8 34.3 35 36.4 36.8 37.4 40.3 42.1 41.2 38.8 36 33.3 32.6 31.4 31.1
-3.5 -3.5 -3.5 -2.1 -1.6 -1.1 -0.6 0 0.8 1.6 2.2 2.5 2.4 2.3 2.5 3 3.5 4.1 18.7 30.8 29.7 27.8 25.4 23.3 21.5 20.7 20.1 19.7 19.9 19.1 18 17.6 17.1 17.7 17.9 16.9 14.4 12.6 10.8 10.2 9.9 10.5 10.1 10 9.9 9.1 7.9 9.7 9.7 8.9 8.8 9.1 6.5 6.3 6.5 9.5 13.9 17.5 19.8 21 23.3 24.7 25.6 25.4 25.4 25.1 24.8 24.8 26.6 28.9 29.2 30.5 34.3 36.1 36.2 35.7 37.3 38.8 39.3 37.8 34.6 32.5 30.8 30 29.7 29.8
-1.4 -1.2 -1 -0.5 -0.3 -0.1 0.5 0.9 1.5 2.3 3.1 3.4 3.3 3.2 3.4 3.8 4.2 26.1 26.4 26.5 25.6 24.3 23.2 21.5 20.4 20.1 20.1 20.1 20.4 19.3 18.1 16.8 15.3 14.4 13.6 12.8 11.9 10.9 10.2 9.6 9.8 8.8 8.5 7.9 7.5 7.8 7.2 7.3 6.6 7 7.2 7.3 6.9 6.9 6 7.3 11.1 13 14.7 14.7 15 16.6 17.6 18.8 20 18.7 18.5 19.2 21.4 21.6 26.2 31.3 32.9 33.5 34.1 34.6 35.8 36.9 36.7 34.5 32.6 30.7 29.5 28.8 28.4 28.5
0 0.4 0.6 1 1.1 1.2 1.6 2 2.3 3 3.8 25 4.2 4.9 6.6 23.5 25.6 25.6 23.8 23 22.8 20.7 20.5 20.2 19.9 19.7 20.2 20.8 20.8 19.3 18 16.7 14.9 13.8 13.1 12.5 11.7 11.7 10.9 9.8 9.2 9.2 8.6 8.3 8.2 7.9 7.7 7.8 7.7 7.8 6.6 6.3 6 6.3 6.2 6.7 6.9 7.5 8.4 9.3 9.5 9.4 10.8 11.6 11.8 11.8 13.2 14.4 16.7 21.7 26.1 28.9 29.7 30.2 32.8 34.9 36.6 36.9 35.2 33.1 31.5 30.2 28.5 27.6 27.9 28.7
1.4 1.9 2.3 2.5 2.5 2.5 2.7 3.1 3.5 3.8 25.6 25.3 25.3 23.8 21.1 20.1 21.1 21.8 20.6 20.1 19.9 19.9 19.7 19.5 19.4 20.1 21 21.4 20.8 19.1 17.9 16.4 14.5 13.3 12.6 12.1 12.2 12.2 11.4 10.3 9.9 9.5 9.1 8.5 7.8 7.2 7.1 6.5 6.3 6.3 6.1 6 5.9 5.7 5.8 5.7 6.7 6.8 7.2 7.5 7.5 7.7 8.2 8.5 8.8 9.1 9.9 11.2 13.5 18.9 22.8 24.1 25.9 30.1 33.3 33.9 35.1 34.8 33.8 32.9 31.8 30.8 28.4 27.3 28.1 29.8
2.8 3.4 3.9 4.1 4 3.9 4 6.7 8.4 22.3 22.2 21.8 22.6 21.7 18.9 18.2 18.4 18.9 19 19 18.9 18.9 19 19.2 20 20.8 21.6 21.7 21 18.9 17.2 15.5 14.3 13.1 12.6 12.8 12.9 12.3 11.7 10.8 10 9.1 8.3 7.8 7.5 7.1 6.8 6.6 6.4 6.2 6.3 6.2 5.9 5.8 5.7 5.8 5.7 5.9 6 6 6.8 6.9 6.4 7.1 7.9 9.5 10.1 11.3 13.1 14.6 18.9 22.7 26.7 29.7 31.3 32.6 32.9 32.8 32.6 32.6 31.3 30.6 27.7 26.5 27.9 28.1
4.2 6.7 9.8 11.6 13.6 14.9 15 15.6 17.1 18.5 18.6 18.4 19.2 19.3 17.3 17.2 17.2 17.5 17.9 18.4 18.2 18.6 18.9 20.1 20.8 21.6 22.1 21.6 21.2 18.5 16.8 15.1 14 12.9 13 13.1 13.2 12.9 11.6 10.9 9.9 8.8 8.3 8 7.7 7.4 7 6.9 6.8 7 7.2 6.8 6.4 5.9 5.8 6 6.1 6 6 6.2 6.7 6.8 7.3 7.2 8.1 9.9 12.4 14.5 16.6 19.6 23.5 25.4 27.6 29.8 31.3 31.1 30.7 30.3 29.9 29.4 29.5 28.5 26.1 25.5 25.8 25.4
9.8 8.4 9.6 10.1 11 11.8 12.9 13.4 14.2 16.2 16.3 16 15.7 16.4 16.3 16.5 16.5 16.8 17.4 17.9 18 18.7 19.9 21 22.3 24.1 23.3 22.7 21.2 17.8 15.6 14.6 13.7 13.3 13.4 13.5 13.6 13.4 12.2 11 10.2 9.3 8.8 8.7 8.7 9 9.2 9.1 8.7 8.7 8.5 7.9 7.3 6.8 6.5 6.5 6.9 6.3 7 8.2 9.1 10.3 11.5 12.8 14.3 17.5 19.9 21.9 24.2 25.1 26.9 27.8 28.7 29 29.5 28.6 28.2 27.6 27.4 27.1 26.6 26 25.4 25 24.9 24.7
11.8 8.8 9.5 9.8 11.1 11.3 12.7 14.2 14.4 14.7 14.9 15.2 15.2 15.5 15.6 16.6 16.3 17.4 18.3 19.2 19.8 20.5 22.1 24.3 26.3 28 26.6 23.8 20.6 16.6 15 14.5 13.9 13.4 13.5 13.6 13.7 13.3 12.7 11.6 10.7 10 9.9 10.6 12.3 12.2 13.7 13.1 12.4 12 10.8 10.1 9.5 9 8.9 8.8 9.3 10.8 13.8 15.3 16.5 19.1 21.5 23.8 25 27.2 28.2 28.3 30.1 29.9 30.1 29.7 29.2 28.5 27.8 27.3 26.8 26.4 26.2 26 25.6 25.5 25.5 25.2 25 24.7
