public/OST50/ST14.asc
ncols 200
nrows 200
xllcorner 310000
yllcorner 140000
cellsize 50
[rows 152 to 189 of 200, columns 86 to 171 of 200]
104.7 91.7 85.7 81.8 86.9 86.9 82.3 78.5 69.5 62.7 61.1 64.4 63.8 63.3 62.8 61 58.8 57.1 57.5 60.3 61.4 58.7 54.9 62 68.2 70.5 79 88.9 96.8 98.5 97.6 96.3 95.9 94.9 92.2 89.9 88.2 86.6 85.6 85.9 85.6 84.8 83 82.1 81.2 81.6 81.2 80.8 79.8 78.8 78.2 77.5 76.2 75.6 74.8 74.1 73.1 71.6 70.6 70 69 68.1 67.7 66.5 65.7 65.1 64 63.6 63.1 62.7 62 61.8 60.8 59.2 57.5 57 56.8 55.6 56.7 56.7 56.2 55.7 55.3 54 52.7 51.5
109.8 100.8 94.1 86.9 92.5 92.9 88.9 81.8 71.7 62.8 62.8 68.4 67.9 67.3 67.1 66.7 66.3 63.9 62 63.8 64.7 60.7 56.2 62.7 69.5 74.7 79.8 90.7 96.8 99.4 98.8 98.1 97.3 96.6 94 90.9 88.9 87.2 86.3 86.1 86.2 85 84.6 84.2 83.6 82.8 82 81.3 79.7 78.5 77.7 76.9 76.4 76.4 75.5 74.6 73.4 71.9 71.3 70.6 69.1 69.1 68.2 67.2 66.9 65.7 65.1 64.6 63.8 63.2 61.9 60.5 59.9 58.5 58.2 57.5 57.4 56.8 56.6 56.5 55.8 55.2 54.9 53.7 52.5 51.3
112.6 108.5 99 93.3 100.5 99.4 92 81.3 70.6 66.6 61.3 72.2 73.4 73.2 73.1 72.2 71.5 69.5 67.7 67.3 65.4 61.4 57.8 58.7 66.4 74.8 85.3 93.2 99.1 100.4 99.5 98.5 98.2 97 94.8 92 89.5 88 87.5 86.8 87.2 86.2 85.7 85.2 84.7 84.1 83.3 82.9 81.5 80.1 79.4 78.6 77.6 77.1 76.2 75.2 72.3 72.8 72.1 70.9 70.4 69.8 69.3 68.4 67.7 66.8 65.8 65.1 64.4 62.4 61.5 60.7 59.9 58.9 58.5 58.3 57.7 57 56.6 56.2 55.4 54.6 54.2 53.5 52.4 51.2
115 108.5 101.7 104.3 106 97.5 83.8 73.2 70.5 71.6 67.4 70.7 79.3 79.8 79.6 77.8 75.9 72.4 68.6 66.6 65.2 65.1 61.8 58.4 65 73.9 89.9 98.2 102.3 101.2 99.9 99 98.7 97.4 94.2 92.1 90.2 88.9 88.3 87.8 87.6 87 86.6 86.1 85.6 85.1 84.5 83.9 82.8 81.4 80.2 79.3 78.7 77.6 76.4 75.5 74.1 73.3 73.1 72.2 71.6 70.8 69.8 68.7 68 67.3 66.2 65.2 65 63.2 62.2 61.1 60.3 59.6 59.1 58.8 58 57.1 57 56 55 54.1 53.3 53 52.1 51.4
116.6 109.3 109.1 108.9 101.2 87.6 78 75.5 77.2 75.7 71.9 66.3 74.6 83.7 83.9 80.3 75.6 71.1 69.6 68.5 70 68.6 64.8 60.4 61.1 73.2 88.6 101.5 103.9 102.3 100.8 99.8 99.3 97.8 94.9 92.6 90.7 89.7 89.2 88.8 88.5 88 87.5 87 86.5 85.8 85 84.3 82.9 81.9 81 80.1 79.3 78 76.8 75.6 74.8 74.9 74 73.1 72.3 71.3 70.3 69.2 68.2 66.7 66.1 65.4 64.7 63.8 62.7 61.6 60.9 60.8 60.3 59.5 58.6 57.7 56.9 55.8 54.5 54 53.1 52.9 52.2 51.7
119.4 114.8 111.6 102.5 91.5 83.2 79.9 82.2 82.2 78.2 75.4 70.8 71.5 77.2 80.6 78.3 74.5 72.6 71.2 70.5 72.3 71 66.2 62.9 61.1 73.6 87.6 103.5 104.9 104 102.2 100.9 100.1 99 96.3 93.7 92 91.4 91.1 90.3 89.6 88.9 88.4 87.9 87.2 86.4 85.6 84.8 83.5 82.7 81.8 80.9 79.7 78.3 77.4 77 76.5 75.6 74.8 73.8 72.8 71.8 70.7 69.7 68.7 68.1 67.1 66 65 63.8 63.2 62.7 61.8 61.4 60.7 59.9 59.1 58.3 57.4 55.9 55.1 54.1 53 52.8 52.6 52.4
123.5 120.5 109.7 96.1 88 86.8 87.9 87.7 84.8 80.7 77.9 73.9 71.9 74.6 77 79.3 77.8 74.9 73 72.4 72.8 70.6 68.5 66.5 64.2 73.1 87.4 103.5 105.9 104.8 103.4 102.4 102 100.8 97.5 94.9 93 92.5 91.9 91.2 90.4 89.7 89.2 88.6 87.8 87 86.1 85.3 84.4 83.4 82.5 81.4 80 78.9 78.4 78 77.3 76.6 75.2 74.1 73.2 72.2 71.2 70.2 69.4 68.5 67.6 66.4 65.2 64.1 64 63.2 62.5 61.6 60.7 59.9 59.1 58.6 58 56.6 55.5 54.7 53.7 52.9 52.6 52.9
126.7 119.7 103.2 92.9 95.1 95.6 94.9 91.2 87.1 84.3 80.8 75.8 76.6 77.6 80.6 84.3 81.8 77.5 76.6 77.7 76.9 75.3 72.1 68.8 64.5 74.3 89.5 105.8 108.2 107.5 104.9 103.4 103.4 102.2 99.3 96.1 94.1 93.4 92.7 91.9 91.2 90.6 90.1 89.3 88.4 87.6 86.8 86 84.9 83.8 82.9 81.7 80.4 79.9 79.4 78.4 77.6 77.1 75.3 74.2 73.3 72.4 71.6 70.6 69.9 68.8 68 67 65.7 65.3 64.6 63.6 62.8 62 60.9 60 59.4 58.8 58.3 57.6 56.2 55.5 54.6 53.8 52.8 52.9
126.8 116.7 101.9 96.8 102.9 102.3 99.1 94.6 91.9 87.6 82.5 79.5 79.2 81.2 84.5 86.5 82.9 78.9 81.7 83.4 81.2 80.1 74 68.1 68.5 77.4 92.7 107.9 110.4 108.6 106.1 104.9 105.2 103.3 99.8 96.8 95.2 94.2 93.5 92.7 92 91.5 90.7 89.9 89.1 88.3 87.4 86.4 85.3 84.3 83.2 81.9 81.3 80.8 79.9 78.8 77.5 76.9 75.7 74.5 73.6 72.7 71.9 71.5 70.2 69.2 68.1 67.5 66.5 65.5 64.7 63.9 63 62.3 61.3 60.4 59.5 58.9 58.4 57.9 56.4 56.3 55.6 54.7 53.8 53.1
124 114.8 104.3 104.9 110 105.3 100.9 98 95.9 89.7 84.8 82.5 83 84.3 86.4 87.6 83.8 81.8 85.4 86.2 84.2 81.3 74.2 67.3 74.5 82.7 99.1 110.5 111 109.4 107.4 107.3 106.4 103.2 98.7 97.2 96.7 95.3 95.5 94.7 93.9 92.9 91.2 90.2 89.3 88.4 87.5 86.4 85.4 84.4 83.1 82.4 82.1 81.2 80.3 79.1 77.9 77.1 76.1 74.8 74 73.1 72.2 71.8 70.5 70.1 69 67.6 67.5 66.9 66.1 64.2 63.5 62.8 62.2 60.7 60 59 58.4 58 57 56.9 56.6 55.7 54.6 53.5
127.3 119.1 110.9 107.8 113.2 107.8 104.7 102.4 99.4 91.5 87.6 86.1 88 90.5 90.6 89.3 86 84.4 86.7 87.5 84.4 78.5 72.4 74.3 79.1 88.4 105.3 112.3 112.1 110.6 109.8 108.3 107.4 102.9 99.1 98.5 98 97.4 96.4 95.5 94.8 94.1 91.8 90.8 89.8 88.8 87.8 86.6 85.4 84.4 83.9 83.5 82.6 81.6 80.7 79.5 78.5 77.3 76.1 75.2 74.4 73.9 72.7 72.5 71.6 71 70 68.9 67.8 67.1 66.1 65.1 63.2 62.9 62.1 61 60.2 59.5 58.3 57.6 57.9 57.8 57.5 56.5 55.4 54.4
134.8 126.2 118.7 114.3 116.8 112.6 109.4 106 99.6 94 93.4 92.4 96 96.6 95.9 91.7 88.5 86.4 86.1 83.1 79.8 77.4 70.6 79.6 83.6 93.9 108.7 114.8 113.1 111.6 110.9 109.5 107.4 104 101.2 99.6 98.8 97.9 97.2 96.4 95.6 94.7 92.7 91.8 90.8 89.9 88.4 87.2 86.1 85.5 85 83.9 83.1 82.1 81.1 80.3 79.2 78.6 76.9 76.3 75.8 74.9 74 72.8 72.1 71.1 70.2 69.4 68.6 67.8 66.8 65.9 63.4 63.2 62.2 61.2 60.8 59.5 59.1 58.7 58.8 58.6 58.1 57.1 56.1 55.1
138.6 131.7 123.7 122.4 121.2 118 112.2 106.2 100 100.4 101.6 100.8 103.1 100.8 97.9 94.7 90.6 88.5 86.3 83.6 81 76.2 73.4 82.8 87.2 96.6 110.6 115.9 114.5 112.5 111.9 109.7 106.6 103.3 101.4 100.6 100 98.6 97.8 97 96.3 95.4 93.3 92.2 91.1 90 89.3 87.9 86.9 86.2 85.4 84.3 83.7 82.2 81.5 80.6 79.5 78.6 77.9 76.9 75.9 75 74.1 72.7 72.2 71.3 70.4 69.6 68.7 67.9 67 65.9 63.5 63.2 62.8 61.3 60.9 60.6 59.5 60 60 59.4 58.8 57.7 56.9 55.9
142.5 136.9 134.1 131.5 127.9 123.7 116.5 109 103.6 108.2 108.7 107.6 106 103 99.6 95.7 92.6 90.2 88.2 84.6 81.4 72.8 78.3 85.4 90.8 99.2 113 116.4 114.6 112.7 112.2 109.3 106.1 103.1 102.2 101.6 100.4 99.5 98.6 97.7 96.8 95.6 93.3 92.4 91.7 90.3 89.4 88.8 87.6 86.3 85.7 84.4 83.9 82.7 81.9 80.9 79.6 78.6 77.8 76.9 75.6 74.9 74.1 72.8 71.9 71.5 70.6 69.5 68.3 68 67.3 66.4 65 63.8 62.8 61.9 61.1 61.9 62.7 61.3 60.7 60.1 59.5 58.4 57.7 56.7
151 144.6 143.2 140.1 135.3 131.9 125.8 113.3 109.9 113.8 113.4 111.3 108.2 104.1 100.1 96.7 93.9 91.2 87.8 83.4 82.6 75 83.2 88.6 93.5 101.9 115.9 117.1 115.3 113.2 111.7 107.9 105.4 103.4 102.9 102.2 101.2 100.3 99.4 98 96.4 94.8 93.9 92.8 91.8 90.7 89.8 88.9 88 86.7 87.1 85.8 84.7 83.6 81.9 81.1 79.9 78.8 77.6 76.7 75.6 74.9 74.2 73.3 72.1 71.2 70 69.1 69.4 68.2 67.8 65.4 64.4 63.3 62.9 63.1 64.2 63.7 63.5 61.7 61.1 60.4 59.7 58.9 58 56.8
164.3 158 158.2 152.9 146.6 139.5 130.2 117.2 119.6 120.4 117.3 113.4 109 104.7 101.4 98.9 96.9 91.7 87.6 86.9 85.2 75.3 84.3 89.8 95.7 106.4 116.9 117.8 115.8 113.3 111.3 107.3 105.6 104.6 103.4 102.7 101.6 99.4 98.2 97.2 96 95 94 93.2 92.3 91.2 90.3 89.3 88.3 87.4 87 85.9 84.7 83.7 82.6 81.3 80.2 79.1 78 76.8 76.4 75.7 74.5 73.3 72.8 71.4 71.2 70.4 69.6 68.8 68 65.1 64.4 63.5 65 65.7 65.2 64.5 63.9 62.7 61.3 60.5 59.8 59.1 57.6 56.5
174.4 171.3 170.3 165.1 153.4 146.3 132.2 122.7 128.2 123.9 118.9 113.8 109.4 106.4 103.7 101 97.9 93.5 92.2 91.4 88.5 79.2 84 91.2 98.7 107.3 115.4 118.2 116 113.4 109 107.2 106 105.3 103.3 101.6 100.4 99.6 98.6 97.7 96.7 95.8 94.3 93.6 92.8 91.7 90.8 89.7 88.6 87.4 86.7 86.1 84.8 83.7 83.2 81.4 80.4 79.5 78.3 77.2 76.6 75.6 74.5 73.3 72.4 72.7 71.7 70.8 69.9 69.1 68.3 65.4 64.1 66.7 66.5 66.1 65.5 64.8 64 63.2 61.4 60.6 60 59.3 57.3 56.3
185.5 181.2 177.3 167.6 157.5 150.8 141.3 132.8 131.9 126.9 120.2 115 112 109.2 106.8 102.5 99.9 98.3 96.7 95.7 91.8 86.8 79.2 88.9 100.8 107.2 113 116 115.1 111.2 107.5 106.9 105.5 104.1 103 101.8 100.9 99.9 98.9 97.8 97.1 96.2 95.1 94.2 93.1 92.2 91.1 89.9 88.7 87.5 86.5 86.3 85 83.7 81.8 81.1 80.4 79.7 78.8 77.7 76.7 75.5 74.3 73.3 72.5 72.6 72.1 71.2 70.4 69.5 67.1 66.5 66.4 66.5 66.7 66 65.1 64 62.6 61.9 60.7 60.2 59.8 58.9 57.5 56.2
194.2 189.3 182.7 172.9 164.3 156.9 146.1 138.6 133.6 127.4 121.5 118.2 116.3 113.9 109.9 104.3 105.1 105.5 101.4 99.5 97.3 95 91.6 85.5 86.8 98.7 114.7 115.6 113.1 108.3 107.6 107.1 105.5 104.3 103.3 102.3 101.3 100.4 99.3 98.3 97.1 96.2 95.3 94.2 93.5 92.2 91 89.8 88.7 87.6 86.4 86.4 84.7 82.9 82.1 81.2 80.7 79.9 79.1 78.1 76.6 75.4 74.6 73.8 73 72.4 71.9 70.8 70 69 67.9 65.4 67.6 66.9 65.7 65.2 64.7 62.9 62.1 61.7 61 60.3 59.9 59 58.4 56.3
200.8 195.6 188.7 181 172.3 164 154.8 143.7 135.4 128.5 124.5 123.6 120.9 117.5 111.4 108 112.9 112.2 109.5 107 106.1 105.1 105.3 102.6 90.8 87.9 99.9 111.7 111.1 109.3 108.3 107.2 105.9 104.9 103.9 102.7 101.7 100.8 99.8 98.7 97.7 96.6 95.5 94.3 93.7 92.1 91 90 88.9 87.9 86.4 86.6 84.8 83.2 82.6 81.3 80.4 80 79.1 77.6 76.8 76.1 75.3 74.4 73.4 72.3 71.8 70.2 69.5 68.6 68.6 69.2 69.7 69.3 66.6 66 64.6 63.5 62.4 62.4 61.3 60.7 60 59.6 59 58.7
205.7 201.1 191.2 183.3 175.1 173.4 166.7 149.7 138.4 131.5 130.1 130.4 126.5 119.3 115.2 117.5 123.4 122.9 120 117.6 114.5 115 114.2 111.2 103.9 89.6 95.2 111.1 110.8 109.8 108.5 107.7 106.5 105.4 104.2 103.2 102.1 101.2 100.3 99.2 98.1 97 95.8 94.7 93.5 92.7 91 90.7 89.5 88.3 86.6 86.4 84.6 83.2 82.4 81.1 80.5 79.3 79.1 78.4 77.6 76.6 75.6 74.6 73.5 72.4 71.9 71 70.6 69.9 69.4 68.8 68.3 66.7 65.8 64.9 64.7 64 63.4 63.3 62.3 61.7 61.2 60.9 60 60.4
206.2 200 189.7 180.1 183.9 179.7 169 155.1 143.4 137.7 134.7 134.5 126.1 123.1 120.1 129.1 139.9 134.6 126 123.4 123.8 125.8 121.5 117.7 111.4 96.1 98.4 111.5 111.2 110.2 109.3 108.2 107 105.9 104.6 103.6 102.6 101.6 100.7 99.7 98.6 97.3 96.1 95 93.9 92.9 91.8 90.6 89.1 88.2 86.7 86 84.8 83.5 82.2 81.3 81 80.9 80.8 80.1 79.1 77.1 75.7 74.7 73.5 72.6 72.4 71.7 71.1 70.5 70 69.4 68.3 67.1 65.6 65.2 64.7 64.7 64.5 63.8 62.7 62.1 61.9 62.3 62.7 62.4
204.2 194.5 196.4 194.2 191.3 185.6 173.6 161 151 142.1 139.4 133.7 129.8 127.7 129.5 139 141 137.2 131.1 129.7 129 131.6 129.9 125.3 114.4 100.8 106 113.3 111.6 110.7 109.5 108.5 107.5 106.1 105 104 103 102 101.1 100.1 98.9 97.5 96.3 95.3 94.2 93 91.8 90.8 89.5 88.1 86.9 86.3 85.2 84.1 82.9 83.6 82.6 83.1 83.1 82.6 81 78.6 76.1 74.7 73.7 73.1 72.9 72.5 71.5 70.8 70.9 69.8 68.7 66.9 66.8 66.9 67.1 67.4 66.6 65.5 64.9 65 64.7 65.1 65.7 65.7
204.8 205.9 205.2 201.7 196.4 190.7 179.8 165.7 156.6 152.2 145.5 140.9 137.2 135.1 136.1 139.8 140.7 138.3 135.8 133.7 132.2 130.2 129.3 126.5 110.5 112.4 113.6 112.8 111.9 111 109.8 108.8 107.8 106.3 105.4 104.4 103.3 102.3 101 99.8 98.6 97.5 96.5 95.3 94.2 93 91.8 90.8 89.7 88.3 87.8 86.7 85.5 84.4 84.3 84.8 85.1 84.9 85.7 84.8 82.8 80 77.3 75.7 74.8 74.3 73.8 73.5 73 71.4 70.9 70.4 69.4 68.6 70.2 70.4 70.7 70.2 68.8 67.2 66.8 66.5 66.2 68 69.1 68.6
214.8 214.1 212.5 209 204.1 197.5 188.1 171.8 165.3 160.5 151.2 147.3 145.3 143.9 146.6 146.2 141.2 138.5 137.2 134.4 130.5 126 122.5 119.1 113.8 116.7 115.1 113.6 112.4 111.6 110.4 109.2 108.1 106.5 105.5 104.5 103.2 102 100.8 99.5 98.3 97.1 96 95.1 94.2 93 91.7 90.8 89.9 88.6 87.4 86.6 85.7 84.7 85.8 86.2 86.6 87.3 87.4 86.3 84.1 81.3 78.8 76.9 76.1 75.6 75.1 74.5 73.7 72.8 71.8 71.1 70.2 70.3 71.4 72.4 72.7 72.1 70.2 68.4 67.7 67.2 67.5 70.4 69.3 69.3
220.3 220.4 218.7 216.8 210.8 204.7 197.1 183.7 174.7 168.2 161.4 158.6 155.5 155.3 153.9 149.2 143.6 132.9 127.9 122.3 118.7 119.1 118.5 115.4 116.6 117.4 115.9 115.6 113.8 112 111.2 109.8 108.4 106.6 105.6 104.4 103.2 101.9 100.7 99.6 98.5 97.4 96.1 94.9 93.9 93 91.7 90.8 89.9 89 87.9 87.2 86.5 87.2 87.6 87.2 88.7 88.9 88.2 87.8 85.5 82.7 80.2 78.4 77.5 76.8 76.2 75.3 74.4 73.5 72.6 71.4 70.6 70.2 72.5 73.1 73.6 71.6 70.7 68.7 68.1 67.7 67.9 68.5 68.2 67.6
227.5 227.1 224.6 222.3 217.6 213.4 205.5 196.9 188.7 181.8 176.8 172.4 167 160.8 154.3 145.7 134.9 124.7 120.9 122.5 122.7 121.4 120.6 118.5 119.5 118.6 119 118 115.6 112.9 111.7 110.7 109.7 106.8 105.8 104.4 103.1 101.9 100.8 99.8 98.7 97.6 96.4 95.1 93.9 92.9 92.8 90.7 89.9 89.3 88.7 88.2 88.7 89.3 89 89 91.6 90.4 89.7 89.4 87.2 84.5 81.9 80.1 79.5 78.3 77.1 76 75.1 74.3 73.5 72.3 71.4 70.5 72.2 73 73.4 72.5 71.5 69.3 68 66.7 66.4 66.5 66.5 65.5
235.2 233.5 230.7 227.7 225.1 221 215 207.3 197.5 189.9 181 173.9 167.3 157.1 146.4 134.1 126 123.7 127.2 127.6 125.6 123.8 121.3 117.6 119.5 120.2 125.1 121.9 119 116.1 113.8 112.5 110.8 109.3 106.7 105.5 103.5 102.6 101.3 100.2 99 97.9 96.8 95.7 94.5 93.6 91.5 90.9 90.4 90 90.6 90.3 90.1 90.5 90.7 90.9 91.8 92 91.3 90.9 89.3 86.5 83.1 81.8 80.9 79.7 78.4 77.2 76 74.8 74.4 73.3 72.5 72.2 72.2 73.4 72.9 72.2 71.2 69.6 68.2 66.9 65.7 64.6 64 63.6
239.9 238.6 237.5 235.6 232.9 230.2 224.4 217.6 205.8 197.1 184.2 169.3 157.9 147.5 138.2 126.2 128.5 137.8 145.3 144.9 135.3 130 126.5 118.4 121.5 127 130.6 128.1 122.6 118.3 116.2 114.4 111.7 109.8 108.2 107.4 106.5 105.3 103.7 102 100.4 99 97.7 96.4 95 93.6 92.4 91.9 91.7 92.3 93 92.1 91.6 92.2 92.6 92.8 93.5 93.4 92.8 92 91 88.3 84.7 83.2 81.9 80.6 79.4 78.1 76.7 75.9 74.9 73.9 73.9 73.6 72.8 72.3 72.4 71.9 71 69.6 68 66.7 65.4 64.3 62.9 62.2
246.6 243.9 242.8 240.7 238.6 236.3 230.9 222.5 209.9 195 178.6 163.8 155.6 144.8 131.8 129.3 140.8 147.7 151.1 149.6 140.5 129.7 122.5 122.5 130 141.5 139.5 134.5 125.7 121 118.7 116.2 113.7 111.4 110.4 109.4 108.1 107 105.1 102.9 101.3 100.3 98.9 97.3 96 94.6 93.4 92.4 93.4 94.4 94.5 94 93.5 93.7 94.1 94.4 95 94.9 94.2 93.3 92.2 89.8 86.1 83.9 82.6 81.3 80.1 78.8 77.4 76.2 75.2 74.6 74.6 73.9 71.7 69.9 69.5 69.4 68.5 67.7 66.6 66.1 64.9 63.4 61.7 60.1
252.6 250.2 247.8 246.3 244.5 241.1 232.7 218.5 201.2 181.9 166.9 154.7 145.5 131.8 129.7 139.1 149.2 154.4 149.8 140.7 125.9 125.9 126 132.5 148.2 150.5 144.8 134.7 127 123.9 120.8 117.9 115.7 114.1 113.2 111.8 109.5 108.4 106.4 104.6 103.4 102 100.6 98.9 97.1 96.1 94.5 94.7 95.6 96.4 96.1 95.6 94.8 95.3 95.7 95.7 96.8 96.5 95.7 94.2 90.8 87.9 86.3 84.7 83.4 82.1 80.8 79.5 77.8 76.8 76.2 75.4 74.7 73.5 72.4 71.4 71.8 71 70 68.6 66.8 64.6 63.4 62.5 61.1 61
260.3 256.6 252.7 249.8 244.9 232.7 217.6 201.3 185.6 168 154.1 143.5 135.4 132.4 139.7 150.9 155.9 151.8 139.2 128.3 129.2 130.6 140.3 147.1 152 152.6 146.7 137.7 129.1 125.3 122.5 119.7 116.9 116.4 115.6 114.2 111.7 110.7 107.5 106.6 105.6 104.1 102.5 101.3 99.3 97.8 96 96.9 97.2 98.2 98 97.3 96.3 97.2 97.4 97.6 98.3 97.6 95.5 91.4 89.7 88.2 86.8 85.6 84.3 82.9 81.5 80.1 78.5 77.7 77.1 76.3 74.4 72.9 74.4 74.3 74.7 74 72.3 69.9 67.7 66.1 64.6 63.6 61.5 62.7
267.8 261.6 254.7 245.1 231.5 216.5 198.1 182 170.3 154 141.4 136.7 137.8 144.8 154.1 158.3 155 139.9 130.8 135 142 149.2 156.2 157.2 152.3 148.3 141.7 135.7 131.4 127.4 124.4 122.1 120.1 119.6 118.5 116.8 114.6 111.9 109.8 108.9 107.7 106.3 104.6 102.1 100 98.8 98.7 99.8 99.5 100.1 99.5 98.5 98.5 98.8 98.7 99 98.6 96.6 93.3 92.1 90.6 89.1 87.9 86.3 84.7 83.3 81.9 80.5 79.4 78.5 77.3 74.1 75.1 75.9 75.3 76.6 78.2 75.7 73.1 70 67.9 65.9 63.6 62.8 63.1 63.4
268.7 254.2 239.7 227.1 213.7 195.8 180.2 167.1 150.7 139.7 140.6 143.9 151.8 159.9 162.1 161.4 146.4 132.8 142.3 158.4 159.7 165.2 164.8 162.6 155.9 146.1 143.5 139.6 136.3 130.8 127.4 125.3 123.3 122.7 120.4 119.3 117.6 114.5 113.2 112 110.4 108.3 106.1 103.6 101.5 100.4 103 103 102 101.6 100.9 100.3 100.2 100.4 100.1 99.8 97.9 95.9 94.6 93 91.5 89.8 88.3 86.7 85.2 83.7 82.3 80.9 79.7 77.7 76.7 77.7 78.1 77.9 77.5 77.4 79.2 76.9 73.4 70 67.7 65.7 65.8 65.5 65.6 64.3
254.5 239.5 223.6 209.1 192 176.1 160.8 145.2 142.3 143.9 151.8 158.9 165.1 168.9 167 160.7 141.3 137.7 154.8 167.9 172.7 174.6 170.4 165.6 154.1 151.2 149.4 146.3 141.1 135.7 131 129.1 127.5 126 124.7 122.9 118.6 118.6 114.9 114 112 110.3 107.1 106.6 103.9 103.8 105.7 105.8 104.6 103.8 102.5 102 101.6 102.2 101.6 100.9 99 97.3 95.5 93.9 92.2 90.6 88.6 87.4 85.8 84.9 83.6 82.1 79.9 79.9 80.3 80.8 81.2 81.2 80.8 79.4 78.9 76.2 72.8 70 67.9 67.8 67.6 67.1 66.9 66.3
238.9 221.1 203.3 185.4 170.1 152.4 147.3 145.2 150.3 160.5 167.9 172.7 172.5 171.6 166.7 157.5 139.4 141.9 160.9 173.5 177.6 178.4 174.9 166.5 158 156.9 155.1 153.1 147.3 141.4 135.2 132.8 130.9 129.4 128.9 126.7 123.7 121.1 118.4 117.2 115.2 112.7 111 109.2 107.5 108.2 109.2 108.4 107.4 106.3 105.2 104.4 104.4 104.3 103.1 100.9 99.9 98.6 96.3 94.2 93.1 90.1 88.9 87.3 86.3 85.5 84.5 81.7 81.5 82.4 82.7 83.4 83.5 82.9 82.4 80.1 78.2 74.9 71.6 69.6 69.1 69.2 69.1 69.1 67.7 65.1
224.4 200 180.9 162.8 145.2 146.3 151.2 159.7 168.1 176.4 180.2 182.1 181.3 175.1 168.7 153.6 139.6 146.2 167.5 178.4 182.1 181.8 179.1 168.8 163.2 162.8 161.4 158.7 154.6 147.7 141.9 137.1 135.1 134.1 132.5 129.7 126 123.8 121.7 119.8 117.9 115.3 114.3 113 110.5 112.2 112.8 112.1 110.6 109 108.1 107.1 106.4 106 104.2 102.4 101 102.1 97.8 94.7 93.3 91.4 90.3 89.8 88.6 87.1 85.9 84.9 83.3 81.8 82 82.3 82.5 82.2 81 78.9 76.2 73.3 71.8 70.2 71.2 71.2 70.6 69 66.9 67.5
209.5 185.2 157.1 147.4 150.5 160.5 171.6 178.6 184.6 189 193.1 192.7 189.7 182.5 171.7 154.4 139.9 144.3 167.9 183.7 187.6 187.4 183.9 176.1 169.8 169.8 169.2 165.5 161.3 154.7 146.3 141.6 139 138.1 137 133.8 129.5 127.1 125.5 123.7 121.2 118.7 118 118.3 116.9 111 115.6 116.4 115.6 113.4 111.5 109.9 108.8 107.8 105.8 104.5 107 107.7 101.2 97.6 96.6 93.2 93.6 92 91.1 90 89 86.9 84.5 82.5 81.3 80 79.7 79.4 78.2 75.7 74.4 73.9 72.8 72.4 73.2 73 71.3 70 69.1 70.6
