public/OST50/ST21.asc
ncols 200
nrows 200
xllcorner 320000
yllcorner 110000
cellsize 50
[rows 0 to 34 of 200, columns 78 to 155 of 200]
56.8 56.7 56.6 57.7 58.2 58.2 58.1 57.9 57.6 58.7 59.8 60.8 61.6 62 62.8 64 65.5 67.9 71.2 84.7 95.9 88.3 79.9 73.6 67.7 62 56.2 66.6 73.8 86.6 99 108.8 111.2 112.1 110.8 109.1 106.4 102.5 99.4 96.6 93.9 92.5 90.2 95.5 101.4 105.9 108.2 109.6 109.2 108.5 107.2 105.7 103.2 100.5 97.2 97.7 99.3 99.5 101 102.5 103.6 102.3 101.3 99.8 98.3 96.4 94.9 92.7 90.6 88.7 86.8 83.7 80.6 77.5 74.7 71.5 67.5 67.3
57.8 57.7 60.4 60.8 60.4 60.3 60.5 60.7 60.7 61.2 62.5 63.1 63.7 64.5 66 67.1 69.5 71.9 71.1 75.6 79.8 79.1 74.9 69.3 64 62.1 62.8 71.5 79.8 92.2 103.5 112.3 114.5 115.7 115.3 114.1 111.4 107.2 102.9 99.8 98.3 96.4 94.4 95 99.8 105.6 108.7 110.8 110.5 109.8 108.2 106.7 104 101.6 99 97.6 99.9 101 102.1 104.8 105.1 104.6 104.2 103.3 102.1 100.5 98.6 96.1 93.4 91.2 88.2 85.6 82.2 78.6 75.3 72.6 71.5 70.8
59.6 61.3 63 64 64 64 64 64.6 64.8 66.2 66.9 66.8 66.8 68.3 71.2 76.8 78.9 77.8 77.3 74.9 76.2 74 70.5 66.9 61.4 63.1 68.9 75.6 86 98.2 108.6 116.5 118.3 118.8 119 118.2 115.3 111 106.2 104.3 102.4 100.1 97.9 95.5 98.5 104.1 108.4 111.3 111.8 111.1 109.5 107.7 105.4 102.5 100.3 97.8 100.3 102 103 106 107.1 106.8 106.1 106.4 105 103.2 100.9 98.9 95.5 92.5 89.7 86.6 83.2 79.6 76.8 75.1 74.6 73.8
62.8 64.8 67 67.4 68.1 68.6 69.7 73.7 77.8 77.7 73.8 71 70.6 74 84.7 96.1 102.6 99.9 93.1 86.2 80.6 73.1 68.6 65.9 65.2 66.2 67.6 77.9 91.5 103.9 113.5 121 121.9 122 122.1 121.5 118.1 114.7 111.6 108.7 105.9 103.6 101.2 98.5 98.8 102.8 107.7 111.3 112.8 111.1 110.5 108.1 106.1 103.6 101.6 99.7 101.1 102.1 103.5 105.1 106.8 107.6 108.4 109.3 107.5 105.4 103 99.9 96.5 93.1 90.3 87.7 84.7 80.8 79.3 78.7 77.1 76.4
67.5 69.5 70.9 71.7 72.6 74.3 81.3 93.1 95.3 91.9 81.9 77.2 74.7 80.8 96.5 113.8 120.5 118.1 113.9 106.8 89.8 75.9 67.6 67.8 69.2 69.8 68.1 75.2 90.6 108 120 123.9 124.5 124.6 124.4 123.4 119.9 117.8 115.2 112.1 108.8 106.9 104.9 102.3 100.2 102.1 106.6 110.7 113.3 112.9 110.3 109.4 106.7 104.4 102.5 100.9 100.6 101.3 102.5 103.9 106.6 108.4 110.5 110.6 108.6 107.3 104 100.2 97.5 94.3 91.2 88.6 85.9 83.4 82.6 81.4 79.7 78.1
73.5 75.6 76.2 78.8 81.3 89.6 101.1 110.5 113.2 103.3 94.3 86.1 78.1 85.1 105.8 119.1 127.5 124 120.4 111.1 96.8 78.9 70 71.8 74.9 75.3 71.9 74.3 87.5 107 121.3 127.3 127.6 127.5 127.1 125.6 122.8 120.4 117.9 114.7 112.1 109.6 107.2 105 102.8 102.3 104.3 109.3 112.8 113.9 111.8 109.7 105.9 103.6 102.1 101.3 101.6 101.7 101.6 103 106.8 109.9 111.5 111.4 110 107.6 105.4 102.2 99.3 95.5 92.3 89.4 86.6 86.2 85.1 83.1 80.9 79
86.4 84.3 84.8 86.5 96.1 109.5 118.4 125.5 125.9 116.7 102.9 89.5 81.9 94.6 112.9 124 126.5 123.1 116.6 110.7 97.7 78.7 76.3 82.5 90.5 87.3 78 74 82.6 96.8 112.7 121.4 129.8 130.1 129.3 127.3 125.1 122.3 119.7 117.6 114.8 112.3 109.8 107.9 105.6 104.3 105.3 108.8 111.9 113.6 112.4 110.4 107.2 104.1 102.5 101.7 101.5 101.9 102.8 104.8 107.2 110 112.3 112 110.9 109 106.6 104.4 99.8 96.4 92.9 90.2 88.5 87.5 86.4 82.4 80.5 79.1
109.4 102.7 94.9 104.3 115.7 126.1 133.1 136.7 132.5 124.6 107.9 90.5 85.9 101.1 119.6 127.7 125 116.4 105 96.6 88.5 79.7 81.2 92 98.5 99.5 88 80.6 82.1 83 92.4 105.4 117.2 127.7 128.7 126.3 125.1 123.2 120.6 118.7 117 114.1 111.3 110 107.6 106.4 106.2 107.2 110.7 112.9 112.7 110.7 107.6 104.3 102.7 101.9 101.8 101.6 102.6 104.2 107 110.3 112.8 113 111.8 110.1 107.4 104.6 100.5 96.9 93.9 91.1 89.3 87.7 86.4 84.2 82.2 81
134.7 122.2 114.3 124 131.1 137.7 141.6 139.6 135.2 125.2 108.6 94.1 95.4 110.3 126.3 130.5 124.2 114.3 100.5 90 85.8 79.7 87.4 98.1 103.5 106.3 103.3 93.9 89.1 87.7 89.1 93.7 104.9 120 126.6 125.5 124.7 123.6 121.7 120.8 119.3 116.4 113.2 111.1 109.2 108.3 108.2 109 110.4 112.5 113 111.7 108.5 105.8 103.6 102.4 101.6 101 102 103.7 107.1 111.2 113.3 113.7 112.7 110.7 108.4 105.2 101 97 93.7 91.2 88.9 87.5 86.1 85.3 84.2 82.8
144.4 136.2 134 137.8 141.9 143.5 142.7 137.7 129 122.4 110.7 97.5 107.3 122.3 131 126.3 117.3 103.7 89.6 83.7 83.2 86.8 97.7 104.5 108.3 111.6 110.9 107 104.3 102.1 102.2 103.6 102.3 110.3 120.1 123.6 123.8 123.5 122.2 121.3 120.1 117.8 114.6 112.4 110.6 110 110.7 111.1 112.1 112.6 113.1 112.8 110.5 107.5 104.8 103 101.5 100 100.6 102.2 106.1 110.9 113.6 113.5 112.2 110.8 108.3 104.7 100.8 96.9 93.7 91.1 89.1 87.7 86.9 86.2 85.2 83.7
152.4 147.4 146.5 146.6 145 143.2 142.2 134.9 125.1 115.2 109.4 113.3 122.4 130.4 126 116 103.6 92.3 83.7 83.7 86.2 94.1 107.3 114.5 114.8 116 116.2 114.9 115 117 117.4 118.3 118.7 118.3 117.1 121.8 120.4 119.3 119.3 119.5 119.6 117.6 115.5 113.6 112.6 112.4 112.5 112.4 113.4 114 114.4 114.2 112.6 109.4 106.3 104.2 101.8 99.8 99.5 100.4 104 108.9 113 112.5 110.4 109.1 107.5 104 100.2 96.5 93.7 90.8 89.1 88 86.8 86 84.7 83.2
154.8 152.5 150.7 149.4 146 144.9 142.6 137 128.8 125.8 127 130.3 128.4 121.3 109.9 99.2 89.8 86.2 85.3 90 92.2 94.9 108.8 116.5 117.5 119.8 122.4 123.2 123.5 124.4 124.5 124.7 126.8 126.4 124.4 122.9 120.3 118.4 117 116.3 117.4 117.9 115.9 114.5 113.7 110.1 110.8 112.9 114.6 115 115.9 115.9 114.6 111.5 107.9 105.3 102.3 100.1 98.5 99 101.7 107 110.7 111.2 108.9 107.1 106 103.2 99.7 95.7 92.3 89.9 88 86.6 85.8 84.3 82.7 80.8
155.7 153.9 152.2 150 146.8 145.8 144.2 141.1 139.9 137 135.7 127.9 114.5 103.3 94.2 88.3 88.1 88.2 96.7 106.6 104.3 94.2 108.2 116.3 120.9 125 128.6 129.4 130.2 130.8 130.7 130.5 130.1 128.9 126.5 124.7 122.1 119.5 117 115.1 114.9 116.1 116.2 115.2 114.6 111.6 111 109.5 112.3 113.9 115.4 116 114.5 113.1 109.7 105.6 102.3 100.3 98.3 97.8 99.2 103.3 107.8 109.6 108.5 105.6 103.5 102.1 99 95.1 91.8 89.2 86.9 84.5 83 82.1 79.7 77.2
154.9 153.7 151.5 150.4 147.2 147 145.3 143.4 142.6 138.5 127.9 112.3 96.7 91.4 90.5 91.3 94.5 100.4 111.6 116.9 113.3 103.8 107.6 117.2 124.1 129.3 133.3 134.5 135.2 135.9 135.7 134.5 133.4 131.5 128.9 126.5 123.4 120.7 117.9 114.9 112.8 112.5 113.9 114.7 113.9 112.1 109.6 107.8 108.1 109.6 110.8 112.3 112.8 111.5 108.6 104.9 101.2 98.6 96.5 96.7 98.2 101.2 105.5 107.9 107.5 105.3 101.7 99.3 96.9 94.1 90.8 88.3 86 83.4 80.6 78.2 76.1 74.1
155.2 154.4 151.4 149.7 148.7 145.9 146.9 145 141 130.2 113.1 97.7 94.1 95.6 97.7 104.1 109.4 113.6 118 124.2 121.5 112.4 109.3 118.5 126.2 132 137.5 139.2 139.8 140.1 139.5 138.1 136.8 134.2 131.7 129.1 125.6 122.2 118.7 116 113.6 111.1 109.8 111.6 111.8 110 107.5 105 103.9 103.7 104.3 105.5 106.5 106.6 105.2 103.4 100 96.8 94.6 95.4 96.8 99.3 104 106.3 106.6 104.8 101.9 98.2 94.5 91.7 88.8 86.3 84.3 81.5 78.7 76 74.2 71.7
155.9 154 151.9 149.8 149.2 148 147.8 142.8 133.4 117.9 101.2 95.4 103.3 107.1 112.1 117.3 122.8 126.2 126.6 127.7 126.4 122.9 118.7 118.3 127.7 134.8 139.8 142 142.7 142.9 142.9 141.6 139.6 137.1 134.4 131.8 128.2 124.4 120.9 118 115.3 112.7 110.3 107.6 105.6 104.5 102.5 101.3 100.1 99 99.1 98.7 99.1 99.4 99.3 98.8 97 94.8 92.6 93.1 94.3 97.8 102.4 105 105.4 104.1 101.4 98.1 93.6 89.6 87 84.3 81.3 79.7 76.9 74.8 73 71
155.2 153.4 151 147.4 142.6 139.7 140.3 135.6 122.3 108.5 98 103 115.8 122.1 125 129.2 132 132.8 132.4 131.2 129.9 127.3 125.4 121.6 128.5 136.2 141.6 144.1 145.2 145.8 145.5 144.5 142.5 140.1 137.6 134 130.6 127.5 124.6 121.5 118.4 115.7 112.4 109.5 106.3 103.7 101.6 99.8 98 96.9 95.3 93.9 93.4 92.9 92.6 92.7 92.5 91.4 89.5 89.8 90.8 94.6 99.7 103.2 104.1 103.1 100.3 97.2 93 88.8 85.1 82.4 79.1 77.6 75.9 73.8 71.9 70.6
155.4 153.5 150.7 146.7 137.1 128.9 124.2 120.6 110.6 102.5 104.9 108.9 123.3 130.9 135.3 137 137.8 137.9 137.5 136.8 136 134.1 130.9 126.3 130.1 136.7 142.1 145.3 146.8 147.6 147.9 146.7 145.2 143.1 140.3 137 134.1 131.2 128.2 124.9 122.2 119.9 117.2 113.3 108.5 105.1 101.3 99.6 97.5 95.9 94.5 93.4 92 90.8 90 89 88.4 87.4 86.9 86.7 87.6 90.1 94.6 98.7 101.2 100.7 98.6 95.8 91.5 87 82.8 80 78 76.1 74.5 72.8 70.9 70.6
156.2 154.1 152.6 148.3 141.1 131.8 117.6 110 112.3 115 111.5 112.7 129 136.8 141 142 141.7 142.5 143.4 143.5 142.7 140 134.9 129.6 132.2 138.1 141.8 145.6 147.7 148.8 149.1 147.9 146.7 145.7 143.1 139.6 136.8 134.3 131.2 128.1 124.7 122.3 120.8 117.3 112.9 109.1 104 101 97.8 96.2 94.8 93.8 92.6 91.4 90.2 88.7 87.5 86.9 86.7 86.1 85 85.3 88.2 91.8 93.6 93.8 93 90.4 87 83.7 80 78 76.1 73.9 72.4 72.1 71.4 72.7
155.8 154.7 152.4 149 143 131.5 117.8 125.3 128.7 128.6 116.8 114.7 132.4 141.2 144.5 144.7 146.2 148.7 149.5 148.7 147.6 143.9 138.5 133.9 135.2 139.3 142.6 145.9 147.8 148.6 149.6 149.2 148.1 146.1 144.2 141.5 139.1 136.8 134 130.7 127.5 125.7 124.5 121 117 112.9 109.2 105.3 101.6 98.7 96.7 95.2 93.9 92.7 91 89.6 88.5 88.2 89 87.8 86 83.9 83.9 84.9 85.9 86 85.5 83.3 81.7 79.5 77.5 75.7 74.2 73.6 73.1 72.6 72.5 75.3
160.2 157.4 153.3 148.7 140.7 131.3 130.7 138.1 138.5 135 123.3 119.7 134.2 142.8 146.2 148.4 150.4 153.3 154.2 152.5 149.5 147.1 142.3 138.7 138.9 142.5 144.3 146.3 147.7 148.2 148.6 148.6 148 147 145.5 142.9 140.3 137.3 134.4 131.5 129.6 128 126.2 123.3 119.8 116.9 114.2 110.7 106.8 102 98.9 97 96.1 94.2 92.6 90.2 89.5 89.7 90.2 89.4 87.3 85.3 82.7 81.8 81.1 80.9 80 79.2 77.9 75.8 75.8 75.4 74.8 74.2 73.6 73.1 72.8 76.6
161.4 157.6 152.8 146.5 141.1 140.1 142.6 146.1 143.9 137.6 130.4 128 136.5 143.5 148 152 155.4 157.2 156.3 155.4 151.1 149.5 146.2 144.8 143.1 144.5 146 146.9 147.2 147.3 147.6 147.3 146.8 145.9 144.4 142.7 140.4 137.4 134.1 131.2 128.7 127.6 125.9 123.9 121.4 119.2 117.3 113.8 108.8 102.9 101.6 101.4 101.2 99.4 96.8 94.1 92.3 92.2 91.4 90 87.8 85.4 83 80.9 80.4 80 78.8 78.2 77.4 76.6 76.3 75.9 75.4 74.8 74.3 73.6 73.2 76.5
161.5 157.9 153.6 149.9 148.2 150 150.8 151.1 146.9 139.8 134.4 133.4 140.4 146.9 151.7 156.1 158.9 160 158 155.6 152.6 151.1 149.5 147.9 146 145.2 147.1 147.7 148 147.8 147.2 146.6 146 144.3 142.5 140.6 138.4 136.1 133.2 130 127.6 125 123 121.2 119.2 117.4 115 110.3 107.4 107.3 108.1 108.8 107.5 105 102 97.9 95.2 93.8 92.2 89.9 87.3 85.2 82.9 81.2 80.6 79.9 79.4 78.6 77.8 77.2 76.7 76.4 76 75.5 74.8 74.2 74.2 76
162.6 160.7 158.7 156.4 156 156.6 156.1 154.6 149.9 142.6 137.1 139.1 146 151 155.8 160.2 161.9 161.5 159 156.1 154.4 152.7 150.9 149.1 147.4 146.8 147.7 148.4 148.8 148.5 148.1 147.2 145.9 144 141.7 139.2 136.9 134.7 132.6 131.6 129.9 128.3 126.1 123.2 119.8 116.7 116 114.2 113.4 114 113.7 112.6 110 106.8 103.3 99.8 96.7 94.8 92.5 90.5 88.7 86.4 84.1 82.2 81.4 80.6 79.9 79 78.3 77.8 77.2 76.7 76.4 76 75.5 74.9 75 75.5
164.8 163.4 162.2 162.4 161.9 160.9 159.5 157 153.6 146 138.3 145.5 150.3 154.4 159 162.4 162.3 161.1 158.5 156.1 154.8 153.1 151.2 149.7 148 147.5 148 149 149.5 149.6 149.3 148.6 147.4 146.3 145.1 143.6 142 140.6 138.9 137.7 136.7 135.3 132.6 130 126.8 124 123 121 119.6 117.4 115.5 112.8 108.9 104.9 101.3 97.7 95.1 93.2 92 91.3 90.7 88.8 86.1 83.5 82.1 81.3 80.4 79.3 78.9 78.4 77.8 77.2 76.7 76.3 75.9 75.6 75.6 75.8
166.1 165.5 164.9 164.8 164.4 163.5 162 159.7 155.8 148.1 142.9 148.4 153.2 157.1 161.8 162.4 162 160.5 158.6 156.9 155 153.3 151.6 150.1 148.9 148.2 148 148.9 150 150.5 150.7 150.2 149.5 148.5 148.2 147.4 146.6 145.6 144.3 142.7 140.7 139.3 137 134.5 131.7 128.7 126.6 122.9 120.1 117.8 114.7 111.5 107.5 103.6 99.6 96.1 93.8 91.7 90.4 89.9 89.8 88.2 86.3 84.4 82.9 81.8 80.6 79.5 79.3 78.9 78.3 77.7 77.3 76.6 76.3 76.1 75.6 75.7
165.7 165.8 166.1 166.6 165.7 164.3 163 160.5 156.8 150 146.8 152.6 156.3 158.2 161.3 162.4 161.3 159.4 157.4 155 153.2 151.7 150.6 149.8 148.8 148.3 147.8 148.6 149.8 150.9 151.5 152.5 152 151.7 151.6 151 150.4 149.6 148.6 146.4 143.9 141.3 138.6 136 133.4 130.7 127.1 124.2 121 117.6 114.8 111.1 106.7 102.6 98.5 95 92.5 90.7 89.5 88.9 88.3 87 85.4 84.4 83.4 82.3 81 79.8 79.7 79.2 78.7 78 78.1 77.2 77 76.7 75.7 75.7
165.5 165.3 165.4 165.7 165.4 164.5 163.1 161.2 157.5 151.8 147.5 153.3 156.2 158.3 160.6 161 159.4 157.3 155 153 150.8 149.5 148 147.5 147.2 147.6 147 147.7 149 150.6 152.3 153.9 155.1 155 154.9 154.6 153.9 152.8 150.2 147 143.8 140.2 137.1 134 131.4 129.5 126.7 122.7 119.1 116.2 113.3 109.9 105.5 101.3 97.7 94.2 91.6 90.3 89.1 88.2 87.4 86.3 84.9 84 83.1 82.4 81.4 79.7 79.3 80 80.4 80.6 79.6 78.5 77.3 76.5 76.2 76.2
162.3 163 163.3 163.6 163.9 163.9 163.3 162.1 159.1 154.6 148.3 152.3 154.8 157.1 157.4 157.2 156.3 155 153.7 152.5 150.2 147.5 145.9 144.5 144.1 144.9 145.4 147 147.8 148.8 150.7 153.7 156.7 157.7 157.7 155.9 154 151.5 148.4 145.1 141.5 137.7 134 130.1 127.2 125.2 123.3 120.3 116.4 113.3 110.3 107 103 99.1 95.9 93.2 90.7 89.3 88.1 87 86.8 86.3 85.4 84.6 84.1 83.2 81.9 81.3 80.9 82.5 83.1 83.1 81.9 80.4 79 77.6 77.4 77
157.4 157.9 158.9 159.7 160.8 162.2 163.7 163.5 161.4 156.9 153.4 152 153.9 155.1 155.3 154.4 152.7 151.1 149.8 149.2 147.2 145.4 143.7 141.6 141.2 142.1 143 144.2 145.7 146.5 148 151.4 154.8 157.5 156.2 153.5 150.9 147.7 144.6 141.5 138.4 134.8 131.2 127.3 124.1 120.8 117.1 114 112.6 109.7 107.5 104.6 101.2 97.3 94.3 92.6 91 90.5 90.8 90.1 89.6 88.3 86.5 85.4 84.6 83.8 82.9 82.2 82.6 83.2 83.6 82.9 82.5 81.5 80.2 79 78.2 77.7
153.4 152.7 154.5 156.8 159.5 161.8 163.7 164.6 162.3 158.7 155.6 154.6 155.2 155.4 155.4 154.6 152.5 150.1 147.7 145.6 143.7 141.5 139.9 138.6 138.3 138.7 139.3 140.3 141.6 143 144.5 146.6 148.5 151.8 151.9 149.6 147.1 143.9 140.9 137.7 135.3 131.9 128.4 125.2 121.5 117.9 112.9 106.7 106.3 104.5 101.9 100 97.4 94.6 94.1 93.5 93.7 93.8 93.9 93.3 91.9 90.1 87.2 86.2 85 84.3 83.1 83.4 83.3 83.7 83.9 84.2 83.7 83.1 81.8 80.4 79.1 78.5
149.3 149.2 151.1 155 158.5 162 164.3 164.9 162.9 160 158.9 157 156.7 156.4 155.7 154.9 153.6 151.4 149.1 147 144.1 140.4 137.2 135.4 135.3 135 135.4 136.1 137.6 139 140.3 141.7 142.2 143.7 145.6 145.1 143.1 140.4 137.3 134.1 131.3 128.4 125.5 122.2 118.9 115.2 110.1 105.1 102 99.8 98.1 97.7 97.2 96.9 96.3 96.6 96.6 96.2 95.9 95.7 94.5 92.2 88.8 86.7 85.4 84.6 84.7 84.3 84.3 84.4 84.6 85.1 85 84.6 83.1 81.3 80.2 79.5
143.6 147.2 152.3 157 160.4 163.3 165.3 165.5 163.9 162.4 161.5 159.8 158.1 156.7 155.7 154.8 153.9 152.8 150.6 147.9 144.5 140.2 136.6 133.8 132.2 132.9 131.9 131.3 132.8 133.9 135.2 136.1 136.7 137.2 138.5 139.4 138.1 135.7 132.9 129.7 126 121.8 118.4 116.5 112.3 108.4 105 102.1 99.7 99.6 100.2 100.5 100.1 100.1 99 98.4 98 97.8 97.1 95.9 95.3 92.3 88.9 86.9 85.7 85.6 85.7 85.5 85 85.1 85.3 84.9 84.6 84.6 83.7 81.6 80.3 79.3
142.1 147.1 152.9 158.5 162 164.7 166.2 166.9 165.8 164.7 163.7 161.6 159.5 156.8 154.3 152.9 152.4 152.2 150.7 146.9 142.7 138.9 136 133.4 131.5 129.5 128.7 127.2 127.5 128 128.6 130.4 131.6 131.9 131.8 132 131.7 129.9 127 122.6 116.7 112.2 109.1 107.3 104.3 101 103.8 103.1 103.7 103.5 103.4 103.9 101.8 101 99.8 99 98.1 97.2 95.9 94.6 92.5 89.8 88.2 87.7 88.2 87.8 86.9 86.4 85.9 86.1 85.6 84.1 83.1 81.9 81.5 80.6 79.2 78.3
141.2 146.5 151.5 157.8 162.4 165.4 167.3 168 167.1 166.7 165.7 164.1 161 157.3 153.6 150.8 148.5 147.2 145.7 142.8 139.7 137.1 136.1 134.5 132.4 131.1 130.7 129.3 127.9 126.6 123.6 124.7 125.9 125.7 126.1 124.9 123.6 122.6 120.3 115.8 110 109.7 110.2 110 108.7 108 107.6 107.6 107.5 108 105.5 104.2 102.4 100.7 99.6 98.9 97.7 96.2 94.1 92 90.5 89.3 89.7 90.7 91.5 90.7 89.1 87.9 86.8 85.5 81.5 80.5 80 80.1 79.4 78.3 78 75.9
