public/OST50/ST21.asc
ncols 200
nrows 200
xllcorner 320000
yllcorner 110000
cellsize 50
[rows 105 to 139 of 200, columns 0 to 77 of 200]
215.9 218 219.7 222.7 224.2 228.5 239.8 246.8 249.3 252.4 254 255.4 256.8 258 258.9 259.6 260.4 260.6 260.6 260.7 260.6 260.6 260.5 260.4 259.8 259.2 258.4 257.5 256.8 255.8 255.6 255.5 255.4 254.9 254.1 253 251.7 249.6 243.9 248.7 254.1 257.1 259.7 262 263.8 265.3 266.2 266.8 267.5 267.9 268.3 268.7 268.9 269.1 268.7 268.3 267.9 266.9 265.8 264.6 263 261 258.2 255 249.7 243.3 237 228.9 217.3 208.3 217.5 228.3 232.6 236.3 238.6 240.7 241.4 241.4
213.3 214.6 217 220.3 225.9 235.8 242.5 248.2 251.6 253.2 254.4 255.6 256.7 257.8 258.8 259.7 260.8 260.5 260.2 260 259.7 259.2 259.2 259 258.6 257.8 256.8 255.8 254.9 254 253.6 253.1 253.1 252.7 252.1 250.8 249.4 247.7 242.2 247.3 252.3 255.2 257.7 259.8 261.7 263.1 263.9 264.5 264.9 265.2 265.7 266.1 266.4 266.5 266.3 265.9 265.5 264.9 263.9 263 261.4 259.6 257.1 253.8 249.4 243.8 238.5 230.2 221.4 211.4 209.9 223.6 229.4 232.3 235 236.5 236.9 236.3
221 219.2 219.7 223.3 226.7 234.9 246.1 251 252.9 254.1 255.1 256.4 257.5 258.6 259.3 260.1 260.5 260.4 260.3 259.7 259.2 258.2 257.8 257.5 256.9 255.9 254.7 253.4 252.3 251.5 251.1 250.8 250.4 250.3 250 248.3 246.6 245.3 239.6 246.1 249.7 252.4 254.9 257 258.6 259.9 260.6 261.2 261.6 261.9 262.2 263.1 263.4 263.8 263.6 263.5 263.1 262.8 262.2 261.4 259.8 258 255.7 252.6 248.2 241 238.3 230.3 224.2 213.5 205.9 216.9 225.5 227.9 230.1 233 233.2 230.4
226.2 224.7 224.4 234.9 241 240.9 249.1 252.1 253.7 254.9 256 257.3 258.5 259.2 260 260.7 261.2 261 260.3 259.5 258.8 257.8 256.7 255.3 254.8 253.7 252.3 250.9 249.7 248.9 248.4 248 247.6 248 247.6 245.9 243.8 242.5 236.7 243.9 247 249.2 251.6 253.4 255.2 256.5 257.3 257.9 258.2 258.8 259.5 260 260.2 260.7 261 261 260.6 260.7 260.5 259.8 258.1 256.2 253.9 250.7 246.9 240 235.8 227 220.2 214.8 208.2 205.8 220.3 223.3 225.5 227.4 227.7 223
239.1 236.5 235.5 238.8 246.5 247.6 251 253.2 254.7 256 257.2 258.4 259.5 260.2 260.7 261.4 261.7 261.3 260.6 259.7 258.3 256.9 255.7 253.9 253 251.8 250.1 248.7 247.1 246.4 245.6 245.1 244.9 245.4 245 243.3 240.8 239 235.9 240.9 243.8 245.9 247.7 249.9 251.6 252.7 253.5 254.2 254.8 255.3 255.9 256.5 257.2 257.7 258.1 258.4 258.5 259 259.4 259.1 257.3 255.3 252.4 249.4 245.6 240.4 236.6 229.9 225.6 220.1 210.6 205.4 204.6 217.7 220.5 222.4 222.2 217.4
246.7 243.8 246.4 244.1 249.3 251.3 252.7 254.4 255.8 257.1 258.3 259.5 260.5 261.2 261.7 262.2 261.8 261.7 260.9 259.8 258.3 256.7 254.9 253.2 251.1 249.5 247.9 246.2 244.6 243.8 242.6 242.3 242.3 242.6 242.3 240.9 238.1 234.3 233.8 238.5 240.9 243 245 246.6 247.7 248.4 249.3 250.3 251 251.6 252.1 252.7 253.6 254.5 255.2 255.9 256.8 257.6 258.2 258.6 257.9 256.6 254.8 252 249.1 245.1 240.4 235.5 230 224.5 217.9 208.2 203.7 200.1 210.4 218.2 217.7 210.2
249.8 248.4 249.1 249.9 252.3 252.9 253.7 255.4 256.8 258 259.2 260.2 261.2 262.1 262.7 262.8 262.3 261.3 260.8 259.6 258.2 255.9 254.4 252.9 250.3 247.7 245.5 243.8 242.1 241.2 240 239.2 238.4 239.4 239.3 238.4 236.9 232.4 231.5 234.7 237.7 239.8 241.6 242.5 243.3 244 245 246 247 247.8 248.3 248.9 249.9 251.4 252.6 254.2 255.2 256.5 258 258.9 259 258.3 256.7 254.2 252.1 248 242.7 238.1 233.8 228.9 223 217.3 208.3 203.1 198.7 204.6 209.8 204.7
251.7 252.1 251.9 252.6 254.2 255 255.9 256.8 257.8 258.9 259.9 261 261.9 262.9 263.5 263.5 263.3 261.6 261 259.5 257.9 255.3 253.8 252.1 249.4 246.7 242.9 240.3 239.2 238.5 237.5 236.6 236.2 236.2 236.3 235.8 234.9 232 229.2 231.4 234.4 236.2 236.9 237.6 238.8 240 240.2 241.1 242.1 243.7 244.5 245.2 247.5 249.5 251.3 252.8 254.4 256 257.6 258.8 259.3 259.3 258.4 256.2 253.5 249.8 244.9 240.7 236.8 232.2 226.8 221.2 216.2 208.6 202.1 197.6 197.8 198.3
253 253.3 254.1 254.6 255.6 256.3 257.1 258 258.8 259.7 260.7 261.7 262.5 263.4 263.9 263.6 263.4 262.2 260.8 259.4 257.6 255.1 253.5 251 248.9 246.4 241.4 237.8 235.8 235.3 234.7 233.9 233.2 233.4 233.7 233.8 232.5 230.6 227.2 227.3 227.7 232.4 233 232 234.2 234.3 235.4 236.5 238.3 241.3 243.9 246.2 248 250 251.7 253.2 254.6 255.8 257.2 258.3 258.7 259.5 258.7 256.7 254.2 250.6 247.2 243.5 239.4 234.7 229.4 224.2 219.6 214.7 208.3 200.2 195.2 195.1
254.2 254.9 255.7 256.2 256.8 257.5 258.3 259 259.7 260.4 261.4 262.3 263.1 264 264.3 264 263.4 262.2 260.8 259.2 256.8 254.9 253.1 250.6 248.6 246.2 242 238.2 235 232.5 231.5 231 230.3 231.1 231.2 232 231 229.3 226 225 225.4 224.6 228.1 229.4 229.1 230.4 233.5 236.2 240.3 242.8 245.6 248 250 251.5 253.4 254.1 255.2 256.2 257.4 258.6 259.4 259 258.3 256.6 254.3 251.9 248.6 244.9 240.7 235.9 231.3 225.9 220.9 216.5 211.2 203 194.8 193.7
255 255.7 256.4 257.1 257.7 258.4 259 259.6 260.3 261.1 262 263 263.8 264.5 264.9 264.5 263.6 262.3 260.2 258.5 257 255 253 251.2 248.8 246 242.8 239.2 235.7 232.5 230.4 229 228.4 228.4 228.9 228.9 228.8 227.5 225.4 223.8 222.9 223 225.6 225.9 228.5 232.4 235.7 239.2 242.2 245.1 247.5 249.8 251.8 253 254.9 255.7 256.2 257.1 258.2 259 259.1 258.2 257.1 256 254.1 251.7 249 245.2 241 236.7 232.1 227.5 221.9 216.7 208.9 203 195.6 191.8
255.7 256.5 257.2 257.8 258.4 259.1 259.7 260.4 260.9 261.6 262.4 263.4 264.2 265 265.4 264.9 264 262.6 261.1 259 257.5 255.4 253.3 251.1 248.8 246.2 242.8 239.5 236.1 233.1 230.6 228.2 227.1 226.7 226.5 225.5 225.4 225.4 223.8 223 222.8 220.8 222.8 226.9 231.6 235.1 238.4 241.4 244 246.9 249.1 251 252.9 254.7 256.1 257 257.6 258.4 258.8 259 258.9 258.2 257 255.5 253.6 251.5 248.8 245.2 241.2 237 232.5 227.4 222.5 216.4 206.3 200.3 194.3 190.8
256.3 257.2 257.9 258.6 259.2 259.6 260.1 260.7 261.2 261.9 262.8 263.9 265.1 265.3 265.5 265.4 264.6 263.3 262.2 259.9 258 256.2 254.3 251.5 249.3 246.5 242.9 239.4 236.4 233.3 230.8 228.5 227.2 226.3 225.2 224.2 223.1 222.2 221.5 221.3 221.2 219.9 221.2 227.2 230.3 233.7 237.7 242.2 244.7 247.2 249.5 251.4 253.2 255.1 256.9 258.3 259 259.6 259.9 259.7 259.1 258.3 257.1 255.6 253.6 251.5 248.7 245.4 241.5 237.2 233.2 228.3 223.5 217.8 208.9 202.3 197.5 191.6
257 257.7 258.4 259 259.4 259.8 260.3 260.9 261.7 262.3 263 264.1 264.7 265.5 266.2 265.9 265.2 264.2 263 261 259.6 257.7 255.1 252.4 250.1 247.3 243.2 239.4 236.9 233.6 230.4 228.3 227.9 227.2 226.2 225.3 224.5 224.2 224.1 223.8 223.7 224.5 219.5 218.9 220.1 222 224.8 230.5 238.6 245.5 248.3 251.1 252.9 254.8 257.2 258.8 260.1 260.7 260.5 260.1 259.4 258.5 257.3 255.8 254 251.8 249.4 246.1 242.1 238 233.9 229.2 224.5 218.8 213 206.5 201.1 195.7
257.1 257.8 258.4 259.1 259.5 260 260.5 261.1 261.7 262.5 263.2 264.2 265 265.7 266.3 266.1 266.8 264.9 264.2 262.8 261.4 257.5 256 254.1 251.3 248.1 244.3 240.6 237.4 234.3 231.8 230 229.9 229 228.6 228.8 228.4 227.8 227.3 227 228.6 231.1 227.5 223.3 220.4 218.5 217.1 220.9 227.7 237.6 246.4 249.6 252.4 254.5 256.9 259 260.3 261.2 261.6 261.2 260.1 259.1 257.7 256 254.5 252.8 250.3 247 243.8 239.6 234.8 230.5 226 220.8 215.8 210 203.3 198.8
256.9 257.6 258.3 258.9 259.3 259.9 260.5 261.1 261.9 262.7 263.4 264.2 265.2 265.7 266.2 265.6 264.9 265.5 265.1 263.6 262.3 260 257.7 255.3 252.7 249.3 245.5 241.8 238.4 235.4 233.6 232.3 231.7 231.7 231.6 231.8 231.8 231.5 231.2 231.5 232.8 234.9 235.9 231.8 228.4 223.3 218.1 215.4 220.3 228.8 237.4 248.3 251.6 254.1 256.3 258.4 260.3 261.7 262.1 262.1 261.3 260.3 258.9 257.3 256 253 251.2 249 246.1 242.1 237.8 233.1 228 223.1 218.3 212.7 207 201.4
256.8 257.4 258 258.6 259.1 259.7 260.4 261.1 262 262.8 263.6 264.3 265.2 265.7 266.2 266.2 265.5 266.1 265.5 264.2 262.6 260.6 258.6 256.1 253.3 250.5 246.8 243.1 240.2 238 235.8 234.3 233.6 233.9 234 234.2 234.5 235.2 235.4 236.3 237.5 239 240.1 239.6 234.7 228.8 223.9 216.7 215.3 221.4 230.8 238.5 249 252.5 254.3 257.9 260.4 261.8 262.4 262.8 262.4 261.6 260.4 258.9 257.2 254.5 253.4 250.9 248.5 245.1 240.8 235.9 230.5 225.3 221 216 211.1 205.8
256.4 257.1 257.7 258.3 259 259.7 260.4 261.2 262 262.9 263.7 264.5 265.2 265.8 266.3 266.5 266.4 266.3 265.4 264.3 263 260.8 259 256.6 254.8 251.9 248.7 245.5 242.9 240.8 238.7 237.6 236.8 236.6 237 237.7 238.4 239.5 240.1 240.9 241.9 243.2 244.3 243.9 241.9 236.9 228.8 223.3 215.4 215.4 224.9 231.5 244 251 253.4 256.1 258.9 260.8 262.3 262.9 262.6 262.8 261.7 260.5 258.2 256.9 255.2 253.6 251.2 248 244.3 239.2 233.8 228.6 223.7 219.1 214.4 209.5
256.2 256.8 257.4 258.1 258.9 259.7 260.4 261.3 262.1 263 263.8 264.6 265.3 265.9 266.5 266.6 266.6 266.5 265.4 264.5 263.5 262.1 259.9 257.9 256 253.2 250 247.3 245.1 243.1 241.7 240.9 240.2 240.1 240.7 241.5 242.3 243.5 244.8 245.6 246.5 247 248 247.5 246.3 242.5 235.1 225.9 221.9 215.4 218.3 226.5 235.7 249.1 252.4 254.7 258 260.4 263 263.6 263.6 263.8 263.4 262.3 260.2 258.1 256.5 255 253.5 251.2 247.7 243.4 238.2 232.7 227.2 222.7 217.8 212.9
256 256.6 257.1 257.9 258.8 259.6 260.5 261.4 262.2 263.1 263.9 264.6 265.3 266 266.5 266.8 266.8 266.6 265.9 265 263.9 262.4 261 259 257.1 254.3 251.9 249.4 247.4 246.2 245 244.1 243.8 243.7 244.4 245.1 246 247 248 248.9 249.3 249.3 249.6 249.5 247.9 245.4 240.2 232.1 223.2 217.3 213.7 221.1 229.9 243.5 250.2 253.8 256.5 259.5 262.2 263.7 264.1 264.3 264.4 263.8 262.4 260.6 259.4 258 256.6 254.7 251.5 247.8 243.4 238.2 233 226.8 222.1 217.3
255.4 256.7 257.2 258.2 258.8 259.6 260.5 261.4 262.3 263.2 264 264.8 265.5 266.2 266.6 267.1 267.1 266.9 266.3 265.4 264.4 262.9 261.5 260 258.2 256 254 252 250.6 249.2 248.1 247.7 247.4 247.2 247.6 248.2 249 250 250.6 251.1 251.4 250.9 250.6 249.9 248.9 245.8 242.1 236.6 229.3 222.4 212.6 215.2 224 240.5 249 252.8 255.4 258.6 260.7 263.3 264.3 264.9 265.1 264.9 264.1 263.2 262.1 261 259.6 258.1 255 252.1 248.3 243.6 238.1 232.5 226.8 222.5
255.6 256.4 257 257.9 258.2 259.3 260.2 261.3 262.2 263.3 264.3 265.1 265.8 266.5 266.9 267.3 267.3 267.1 266.7 265.8 264.8 263.6 262.2 260.9 259.3 257.5 255.4 254.2 252.9 251.7 251.2 251.1 250.9 250.7 250.7 250.9 251.6 252.4 252.7 253 252.6 251.8 250.9 249.4 248.3 246.2 243.9 238.5 233.2 224.1 215.9 211.2 222 236.7 246.9 251.2 253.4 256.7 259.2 261.8 263.1 264.6 265.6 265.5 265.2 264.8 264 263 261.9 260.5 258.2 255.7 252.9 248.5 243.7 238.4 232.6 228.2
255.7 256.3 257 257.8 258.6 259.5 260.4 261.4 262.4 263.5 264.5 265.4 266 266.7 267.2 267.6 267.4 267.1 266.8 266.2 265.3 264.2 263 261.6 260.4 258.9 257.3 256 255.1 254.6 254.1 253.8 253.5 253.1 253.1 253.5 253.9 254.5 254.6 254 253.3 252.1 250.6 249 247.6 245.8 243.3 241 236 225.5 218 208.1 218.6 233.5 244.3 248.8 252.5 254.3 258 260.2 263 264.4 265.7 266.1 265.9 265.9 265.5 264.8 264.3 262.8 260.8 259.2 256.1 252.3 247.7 243.1 238.8 234.1
255.9 256.6 257.3 258.1 258.8 259.9 260.8 261.8 262.8 263.7 264.8 265.7 266.3 266.9 267.4 267.6 267.5 267.2 266.9 266.3 265.7 264.8 263.7 262.5 261.5 260.4 259.2 257.7 256.8 256.2 255.6 255.6 255.6 255.4 255.1 255.4 255.6 255.8 255.6 254.9 253.6 252.1 250.4 248.5 246.8 245 243.4 240.7 236.8 228.5 218.4 208.7 215.9 227.2 241.5 247.8 250.1 253.8 255.9 259.7 262.5 263.6 264.6 265.9 266.3 266.6 266.6 266.2 265.8 265.2 263.6 261.5 259 255.4 251.1 247.6 243.4 239.2
256.1 256.9 257.7 258.4 259.3 260.3 261.2 262.2 263.1 263.6 265.1 266 267 267.3 267.4 267.5 267.6 267.4 267 266.4 265.7 265 264.4 263.7 262.6 261.7 260.9 259.8 258.3 257.7 257.3 257.5 257.2 256.9 256.5 257.2 257.1 256.9 256.4 255 253.5 251.9 250.1 247.9 245.8 244.3 242.5 239.7 236.1 230.6 220.4 207.7 213.3 224.6 239.8 245.2 248.9 252.4 255 258.2 260.8 262.1 263.2 265.6 266.2 267 267 266.8 266.7 266.6 265.5 263.9 261.1 258.3 255.3 251.9 248 243.9
256.4 257.1 257.9 258.7 259.6 260.6 261.5 262.4 263.4 264.1 265 266 266.8 267.2 267.3 267.5 267.5 267 267 266.5 265.8 265 264.7 264.2 263.5 262.8 261.9 260.6 259.8 258.4 258.6 258.5 258.2 257.9 257.5 257.8 257.6 257.1 256.4 255 253.4 251.7 249.5 247.2 245 243 241.4 238.4 235.1 231.3 220.3 209.3 209.8 222.2 237.2 243.7 248.1 251.3 253.9 256.3 258.5 260.7 262.1 264.8 266.2 267 267.2 267.4 267.4 267.3 267 265.9 263.9 261.5 258.7 255.8 252.1 247.8
256.5 257.3 258.1 259 259.9 260.8 261.7 262.6 263.5 264.2 265 266 266.6 267 267.2 267.2 267.1 266.9 266.6 266.3 265.8 265.2 264.8 264.4 264 263.4 262.7 261.4 260.6 259.7 259.3 259.2 259.2 258.8 258.3 258.1 257.9 257.3 256.3 254.9 253 251.2 249 246.8 244.5 242.2 240.5 237.7 234.6 230.7 221.9 210.8 207.7 220.7 235.6 242 245.7 248.9 251.9 254.2 256.4 258.9 260.6 263.2 265.1 266.6 267.1 267.4 267.9 267.8 267.6 266.9 265.8 264 261.8 258.5 254.4 252.1
256.5 257.4 258.2 258.9 259.8 260.9 261.8 262.7 263.5 264.3 265.1 265.9 266.5 266.9 266.8 266.7 266.7 266.3 266 265.6 265 264.4 264.1 263.7 263.4 263.1 262.7 262 261 260 259.8 259.6 259.4 258.9 258.3 257.9 257.4 256.7 255.5 254.1 252.4 250.7 248.5 246.2 243.9 241.4 239.2 236.8 233.9 230 222.5 210.7 206.2 217.2 232.8 239.5 244 246.4 249.3 250.8 253.8 256.1 257.6 261.3 263.7 265.9 266.7 267.3 267.4 268.2 267.5 267.4 266.3 264.8 263.1 260.7 257.5 254.2
256.5 257.4 258.4 259 259.8 261 262 262.8 263.7 264.5 265.4 266 266.5 266.6 266.5 266.3 264.6 265 265.2 264.6 264 263.5 263 262.9 262.7 262.4 261.9 261.4 261 260.1 259.5 259.3 259.1 258.5 257.8 257.4 256.5 255.6 254.5 253 251.4 249.6 247.8 245.6 243.2 240.6 237.1 235.8 233.3 229.3 222.5 210.8 206 214.7 230.2 237.4 241.7 243.6 246.5 249 250.2 252.3 254.9 257.6 260.8 263.7 264.8 266.1 267.3 267.4 267.5 267.1 266.4 265.2 263.6 261.3 258.5 254.4
256.6 257.5 258.5 259.4 260.1 261.3 262.2 263.1 263.9 264.7 265.5 266 266.5 266.4 266.2 265.6 264.4 264.4 264.6 262.6 264.4 262.1 262 261.3 261.1 261.2 261.1 260.6 259.9 259.5 259.3 258.8 258.1 257.7 257.1 256.2 255.1 254 252.8 251.4 249.9 248 246.2 244.3 242.1 239.1 236.3 234.6 231.8 228.5 224 212.9 206 211.5 226.9 235.8 239.2 241.4 243.5 245.9 246.4 250.8 254.2 256.8 259.5 261.8 263.6 264.9 266.1 266.5 266.6 266.5 265.7 264.7 263.4 261.6 258.5 254.9
256.6 257.6 258.7 259.7 260.5 261.5 262.4 263.3 264.1 264.9 265.5 266 266.2 266.1 265.6 264.8 264.1 264.1 262.9 262.2 262.7 261.3 260.8 260.2 259.8 259.9 259.7 259.5 258.9 258.4 258 257.5 256.8 256.3 255.8 254.2 253.2 252 250.5 249.3 248.1 246.5 244.6 242.8 240.9 238.5 235.8 233.4 230.7 227.9 222.5 213.1 206 209.7 225.6 234.9 236.5 238.5 240.3 242.5 245.7 249.8 252.9 255.3 257.8 260.2 262.3 263.6 264.8 265.3 265.6 265.7 265.1 264.2 263 261.3 258.9 254.5
256.2 257.6 258.7 259.8 260.8 261.6 262.4 263.2 264 264.8 265.3 265.8 265.7 265.6 264.9 264.1 263.2 262.6 262.2 261.9 260.8 260.2 259.7 259.1 258.7 258.4 258.3 258.1 257.6 257.2 256.6 256.1 255.5 254.8 253.9 252.2 251 249.3 247.8 246.7 245.6 244.2 242.8 241.2 239.4 237.2 234.8 232.2 229.7 227 221.3 212.6 206 209.4 221.8 231.1 233.8 234.7 237.7 241.7 245.2 248.3 251.2 253.6 256 258.5 260.4 262.1 263.1 263.8 264.5 264.7 264.7 263.9 262.7 260.9 259 255.8
256 257.2 258.4 259.5 260.5 261.4 262.2 263.1 263.9 264.5 265.1 265.4 265.3 265 264.2 263.4 262.3 261.1 260 259.7 259.3 258.8 258.3 257.8 257.2 256.9 256.9 256.7 256.1 255.4 255 254.5 254 252.9 251.3 250 248.3 246.7 245.1 244.2 243.1 242 241 239.7 238 235.9 233.5 230.9 228.2 225.6 220 210.4 206 207.4 217 229.2 227.7 231.6 236.8 240.1 243.5 246.4 249.5 251.8 254.1 256.3 258.3 259.9 261.1 262 263 263.5 263.2 263.6 262.4 261 259.2 256.6
255.2 256.6 257.9 259.1 260.2 261.3 262.1 262.9 263.7 264.3 264.8 264.9 264.8 264.3 263.6 262.8 261.7 260.4 259.6 258.4 257.8 257.4 257 256.5 256.2 255.9 255.6 255.2 254.8 253.8 253.2 252.7 253 250.5 249.1 247.4 245.8 244.4 242.8 241.9 241.1 240.1 239 237.6 235.9 233.9 231.6 229.2 227 224.4 218.4 210.4 202.2 205.7 211.5 215.6 223.7 231.4 235.4 238.5 241.3 244.4 247.5 250.1 251.9 254 255.4 256.7 258.4 259.7 260.8 262.2 262.8 263.2 262.5 261.2 259.4 257.4
254.7 256.1 257.3 258.6 259.3 260.9 261.8 262.7 263.3 263.9 264.4 264.4 264.1 263.5 262.9 261.9 260.8 259.6 258.5 257.3 256.2 255.8 255.5 255.1 254.7 254.6 254.3 253.8 253.2 252 251.3 250.6 248.3 248.2 246.8 244.9 243.2 241.9 240.5 239.6 238.8 237.9 236.6 235.3 233.6 231.9 229.7 227.5 225.3 223 217 209.6 201.5 202.1 206.2 211.7 219.5 229.1 233.7 237 239.2 242 244.7 247.7 249.7 251.6 253.2 254.7 256.1 257.7 259.3 261 262 262.3 262.2 261.1 260 258.3
