public/OST50/ST21.asc
ncols 200
nrows 200
xllcorner 320000
yllcorner 110000
cellsize 50
[rows 35 to 69 of 200, columns 78 to 155 of 200]
141.3 146.4 150.4 155.8 161.3 165.1 167.3 166.9 167.6 168.6 168.1 165.9 162.6 158.9 154.2 149.7 146.8 144.6 141.8 141.4 139.8 138.7 137.8 136.4 134.7 133.5 132.1 130 129.2 127.4 125 122.1 120.6 120.7 120.2 119 116.9 115.6 114.2 113 113.1 114.5 115.6 114.7 113.5 112.6 111.8 111.2 111.8 110.7 107.5 103.8 101.8 100 98.2 98.1 96.7 94.5 92.8 91.5 91.3 92.6 93.7 94.6 95.3 94.2 92.4 90.3 86.2 81.9 84 83.4 83.1 81.9 80.6 79.4 77.8 77.6
136.4 143 148.1 150.8 155.4 159.5 161.9 163.3 166.1 168.5 169.6 168 164.7 160.2 155.5 151.6 148.7 146.2 143.8 142.4 141.2 140.3 139.3 138 137 136 134.5 133.6 132.9 131 127.4 124.1 121.8 120.9 119.7 118.2 116.5 114.7 114.2 113.6 115.8 118.2 118.6 117.8 116.5 115.3 113.3 112.7 111.5 110.5 107.3 103.4 101 99.1 97.8 96.5 95.3 92.7 92.1 92.4 94.5 96.2 97.9 98.5 98.3 96.4 94.3 89.8 84 86.9 86 84.5 83.6 82.8 81.6 80.6 80 78.9
140.7 138.1 142.7 146.6 151.6 155.1 157.9 160.7 163.9 167.9 170.2 169.4 166.6 162.7 157.8 153.6 151 148.4 145.7 144.3 142.8 142.7 141.8 141.4 140.3 137 136.8 137.2 135.4 132.5 128.8 126.1 125.3 124 122.5 120.9 118.9 116.8 115.9 115.6 118.1 120.2 120.2 119 117.5 115.9 114 111.9 109.7 107.5 105.3 102.1 100.2 97.9 97.5 94.8 94.5 94.3 93.4 93.7 96.5 98.4 99.4 99.9 99.4 97.8 94.2 88.6 90 90.8 89.3 87.7 85.8 83.5 82.4 81.6 81.3 79.6
146.6 146.6 144.1 142.6 145.4 151.7 156.9 160.8 164.7 169.2 172.3 171.5 168.4 164.5 159.9 155.1 151.7 149.1 147.6 146.3 145.9 145.5 145.1 144.6 142 138.9 140 139 136.6 133.6 130 129.5 128.6 126.3 124.5 122.5 120.4 118.2 117.6 117.7 120.3 121.2 120.3 119 117.1 115 112.8 109.9 107.5 105.5 103.1 101.7 100 96.7 96.7 96.3 96.2 95.6 94.9 95.3 95.9 97.2 98 98.7 98.2 97.1 92.2 86.6 95.4 95.8 94.1 92.6 90.5 87.3 84.1 83.2 82.7 81.4
149.7 152 147.6 151.7 150 150.6 157.3 162.4 167.4 171.8 176.2 174.7 170.7 166 160.8 155.9 153.2 151.2 149.7 150.1 149.4 148.6 147.3 145.6 143.1 142.3 142.1 140.3 137.6 134.7 132.6 132.3 130.8 128.4 125.8 123.2 120.9 119.6 119.5 119.7 121.1 120.7 119.6 118.2 116.3 113.8 111.1 108 102.3 102.1 101.8 100.7 98.6 99.2 98.8 97.8 97.2 97.3 97.2 97.3 97.4 97.7 98.3 98.4 97.9 96.8 91.8 92.7 98.7 99.2 98.4 97.1 94.3 90.4 86.6 84.9 84.1 81.5
157.1 155.1 155.8 155.6 155.8 152.5 159.1 165.1 170.1 179.6 178.3 177.5 173.5 167.5 161.5 157.1 154.4 152.9 153.4 152.7 153.1 151.5 148.5 145.9 145.4 145.4 144.7 142 138.2 135.3 133.7 132.9 131.3 129.1 126.6 124 122.1 121.8 121.5 120.9 120.6 119.9 118.5 117.1 114.5 112 109.3 106 105.7 104.8 104.2 103.2 102.8 101.4 100.3 99.5 99.3 99.7 100.6 100.7 100.5 100 99.8 99.6 99.1 96.6 91.3 94.2 100.5 101 101.1 100.2 96.8 92.4 88.5 86.3 85 83.1
161.5 160.2 159.6 159.2 159.4 157.3 160.9 167.9 173.3 181.7 183 181.1 175.3 169.5 163 157.9 156.4 157.4 158.8 157.7 156 152.9 148.9 149.6 149.9 149.4 147.3 143.8 139.5 136.4 134.4 132.4 130.3 128.4 127.3 125.8 123.7 123.3 123.1 122.3 120.5 118.6 117.2 115.4 112.6 110.8 108.2 107.8 107.8 107.5 106.9 106.5 106 104.7 102.2 101.3 101.1 102.1 103.9 104.1 103.8 103.3 103.2 102.5 100.5 96 91 96.4 101.6 102.7 102.5 101.3 98.1 93.6 89.3 87.1 84.5 85.2
166.2 165.3 164.1 163.1 163.2 164 161.5 168.5 177.4 183.1 185.1 184.6 177.6 170.2 163.7 158.6 161.2 162.7 162.7 161 158.8 153.7 154 154.6 154.2 152.7 149.6 145.5 140.7 137.8 134.8 133.6 132.6 130.9 129 126.9 125.5 124.9 124.5 122.1 120.4 118.4 116.3 114.2 111.8 110.8 110.4 110.4 110.9 111 110.3 109.7 109.2 108.9 105.4 103.1 102.8 103.7 105.5 106.5 107.2 106.5 105.9 103.4 98.9 92.9 95.1 100.4 103.7 104.2 103.5 101.7 97.3 94 90.3 88.2 85.7 87
171.2 171.2 170.4 170.4 169.9 169.9 167.3 166.4 177.5 184 186.1 184.8 179.3 170.6 162.8 164 165.7 166.1 165.5 165.2 161.2 157.8 159.6 160.3 158.3 155.1 151.1 146.4 142.1 139.3 137.4 136.4 135.3 133.2 130.4 128 127.2 126.6 125.4 122.8 120.6 118.3 116.2 114.2 113.3 112.5 113 113.3 114.2 114.7 114.6 114.3 113.9 111.6 108.3 105.5 104.7 104.9 105.6 107.1 108.2 106.3 103.4 97.9 93.5 95.4 101.2 104.2 105.5 105.4 104.1 102.5 98.4 94.8 92.1 89.4 87.3 88.5
176.5 177.9 178.7 177.6 177.2 176.6 176 171.8 175.4 184.5 185.8 183.7 177.3 170.4 166.1 169 169.9 171.1 171.3 168.4 163.7 163.4 164.8 164.6 161.2 157.6 152.5 148.9 144.8 141.6 140.4 139.3 137.8 134.5 131.4 129.3 128.8 127.3 126.1 124.2 121.3 118.5 116.1 115.4 115 115.6 116.1 117.1 118.9 119.3 119.5 119.7 118.3 115.4 111.6 108.7 106.4 105.1 104.9 105.4 104.4 101.5 97.7 97.2 98 100.8 104.5 106.4 107.6 106.7 105.5 104.5 100.2 96.1 94.2 90.8 88.4 90.1
181.3 184.2 184.8 183.7 185.7 183.6 183.7 178.9 177 183.9 185.3 181.8 175.5 170 170.3 173.9 176.1 176.7 174.4 171 169.6 169.6 170.4 169.1 164.2 159.3 156.5 153.4 148 145.3 144.2 142.7 139.4 135.4 132.3 130.9 130.7 129.2 127.2 125.8 122.8 119.4 117.9 117 116.6 118.2 119.9 122.1 123.7 124.3 124.3 123.6 120.9 117.7 114.3 111.1 107.6 105 102.2 98.9 100.3 98.6 98.7 102.1 103.7 102.7 104.6 107.9 109 108.5 107.2 105.6 102.4 98 94.7 92.7 90.2 91
187.8 191.5 191.4 190.4 192.1 191.1 188.7 183.6 183 186.4 185.5 179.5 176.9 172.6 174.2 179.3 181.8 181.6 178.2 176.4 175.4 175.7 174.9 172.4 166.5 163.3 161.1 157.3 152.4 149.9 148.5 145.9 141 136.9 133.4 134.2 133.6 132 129.5 127.5 124.4 120.9 119.6 118.8 119.9 122.1 124.4 126.6 128.3 128.6 128.4 126.3 123 119.4 116.2 112.7 108.7 104.7 102.6 102.3 102.9 104 105.3 106.6 107.8 107.1 105.3 108.6 110.4 110.2 108.8 106.2 102.5 97.9 95.8 94 92.1 92
193.7 197.6 197.6 197.6 198.5 197.1 194.7 189.4 189.2 191.6 188.8 185.4 182.4 176.7 177.9 183.9 186.9 185.8 184.1 182.8 181.2 181 180 176 171.6 168.1 165 160.9 157.4 155.3 152.8 148.7 143.6 138.3 135.4 137 137.9 135.7 133.1 129.6 125.8 122.4 120.8 120.8 122 124.9 127.7 130.8 131.9 131.9 130.9 128.1 124.2 121 117.6 113.5 109 103.8 103.8 104.9 106.5 107.8 109.1 110.1 110.9 110.1 108.2 109.2 111.8 111.8 109.6 106.7 102.3 99.2 97.9 96.1 94.7 92.4
199.5 204.7 205.8 205.3 204.8 201.8 199 195.7 195.2 196.8 194.3 191.4 186.1 180.7 180.4 187.6 191.8 191.8 190.6 189.4 187.8 186.9 184 180 175.7 171.7 168 164 160.8 159.1 156 150.8 144.8 138.7 138.8 140.4 139.9 137.7 134.2 130.8 127.3 124 122.8 122.8 123.7 126.6 129.7 132.6 134.4 134.1 132.6 128.5 124.5 120.6 117.2 112 108.3 102.2 107.4 107.9 108.7 110.1 111.8 113.2 113.6 111.8 109.7 110.8 112.1 113.2 111 106.5 102.4 103.3 100.8 98.7 96.7 93.2
206 211.6 213 212.5 211.4 208.1 204.2 200.8 199.7 202.2 198.1 196.3 191.8 184.6 182.7 191.3 196.3 197.3 197.2 195.4 193.6 191.3 187.4 183 178.6 173.9 169.3 166 163.1 161.2 157.2 151.6 143.9 141.3 143.4 143.3 141.1 139.1 135.5 132.4 129.7 125.9 125 124.8 126.1 128.5 131.2 133.7 134.3 134.5 131.6 127.5 123.5 119.8 115.6 110.9 105.7 107.9 111 111.6 112.2 112.6 114.5 115.8 116.2 113.5 112.8 113.9 114.3 113.4 111 105.9 107.4 107.4 104.3 101.4 98.9 94.8
213.2 217.5 220.3 221.2 219.8 215.3 210.5 207.8 203.8 205.9 202.7 200.2 195.6 189 185.2 193.6 200.1 202.6 201.9 200.7 197.6 193.4 188.2 183.2 178.1 173.6 170.2 166.8 163.5 160.9 156.4 150.1 143.1 146.7 147 146.1 143.4 141 137.2 134.4 131.2 128 127.3 127.5 129.4 131.7 133.7 133.5 133.8 132.4 129 125.2 121.7 117.9 113.6 109.5 107.2 112.4 113.8 114.2 114.5 115.4 117.2 118.3 118.6 116.4 115.6 116.5 115.7 113.9 110.9 108.6 111.5 110.7 107.5 104.4 101.8 97.8
218.9 223.6 227.2 227.9 225.9 222.6 219.7 213.3 210.1 210.4 207.4 203.2 199.3 192 187.5 195.3 201.3 205.3 206 204.1 199.2 193 187.6 182.6 176.8 172.8 170.8 166.5 162.7 158.5 153.4 147.1 149 151.6 151.2 148.6 145.7 142.6 140 137 134.8 130.2 129.8 130.6 133.5 135.2 136.5 135.4 134.2 131 127.6 123.7 119.9 115.9 112 108.7 112.1 114.7 115.8 116.5 117.2 118.5 119.7 120.9 119.8 117.8 118.2 119.1 118.5 115.5 112 111.3 114.2 113.5 110.9 107.7 104.4 100.8
221.8 229.4 237.1 236.9 231.5 227.4 224.4 219.1 216.9 212.6 207.7 204.2 201.9 196.1 195.6 197.1 202.8 206.2 208.4 204 197.8 192 186 180.6 175.1 172.8 170.4 167.2 162.7 156.4 150.1 151.3 153.7 156.6 155.6 152.2 148.6 145 142.5 140.3 137.7 132.4 132.5 134.7 137.5 140.2 140.3 138.2 134.9 131 127 122.5 118.7 115.8 112.4 111.7 115.5 116.7 117.9 118 119.5 121 122.1 122.7 121 121.1 122.4 122.4 120.3 117.6 115.1 115.4 117 116.2 113.5 110.2 106.9 103.6
222.8 231.5 241.1 240.2 236 233.7 228.4 224.5 219.7 216.2 210.4 207.8 202.9 202.8 199.8 201.1 203.4 204.6 204.3 200.3 194.3 189.3 183.9 178.1 175.1 171 170.1 166.5 161.3 153 153.9 156.3 157.1 157.7 158.1 155.4 150.5 147.6 145.1 142.6 138.4 135.4 136.5 139.1 141.7 144.1 144.1 141 137.6 133.3 127.5 123.7 119.7 116 112.5 115.1 118.2 119.4 120 120.3 122.2 123.7 124.9 124.6 122.9 124.3 126.2 125.5 122.8 119.6 119.7 119 118.7 118.5 115.8 112.3 108.8 104.6
229.4 233.6 239.8 243 242.6 239.6 233.6 229.8 223.6 218.6 214 212.4 208.6 207.1 204.1 204.7 204.7 203.6 200.5 196.1 190.6 185.1 182.5 176.1 172.6 169.9 166.9 163.4 157.5 157.4 159.7 160.3 160.2 159.7 158.9 156.9 153.5 150.4 146.8 142.2 137.7 139.3 141.6 144.1 146 148.1 147.7 145.5 140.9 135.7 130.4 124.4 119.4 115.2 113.8 119.1 120.7 121.2 122.2 122.5 125.1 126.6 127.7 127.3 126.3 128.4 129.3 128.1 125 123.9 123.4 121.9 120.6 120.1 117.5 113.7 109.1 105.3
236.5 240.3 242.7 246.6 245.7 241.7 237.6 231.5 225.7 221.7 219.7 218.7 214.5 211.3 208.6 209.2 207.2 205.1 200.5 195.2 189.1 186.2 183.7 180.4 176.7 172 166 161.3 162 164.1 164.8 164.3 163.6 161.8 160.6 158.2 155.6 151.8 146.7 142.6 142.9 144.6 146.2 148.5 151 151.5 151.2 148.2 142.9 137.2 131.2 124.8 118.9 114.6 118.1 120.4 122.6 123.6 124.5 125.8 127.9 129.9 130.5 130.9 131.5 132.4 132.3 130.8 129 128.6 127.7 125.5 123.1 120.7 116.8 112.2 108.7 106.2
243.3 247.3 249.1 251.2 246.6 244.1 242 236.3 232.8 231.5 226.9 223.6 219.1 215.9 215.5 214.8 211.2 207.7 201.8 197.3 194.1 191.5 188.1 184.6 180.5 174.5 166.9 164.6 168.6 169.9 169.1 168.5 166.9 164.9 162.2 159.7 155.8 150.6 147.1 148.1 149 150.3 151.4 153 154.2 154.1 152.8 148.9 143.6 137.4 131.8 124.9 118.5 118.2 121.4 122.5 123.9 125.7 127.1 129.2 131.4 133.2 134.9 135.8 135.8 135.9 135.4 133.9 133.1 133 131.4 128 122.5 117.9 114.4 111.6 110.7 108.9
251.7 254.4 254.7 255.7 248.8 246.7 245.7 243.7 242.2 238.7 233.2 229.6 224.8 223 222.8 220 215.1 208.9 206.4 203.6 199.6 195.8 192.5 188.2 182.3 172.3 169.4 172.5 174.3 174.5 173.7 172.3 169.5 166.7 163.4 158.8 153.3 152.4 153.1 154.7 155.3 155.7 156.3 156.6 156.5 155.7 152.5 147.6 144 137.1 131.2 123.6 118.6 122.2 125.5 126.5 125.5 127.9 129.7 131.6 133.8 136.1 138.2 139.9 140 139 138.5 137.3 136.2 136 134.2 129.7 123.2 117.7 114.5 114.3 113.5 111.6
258.7 260.2 261.9 262.7 257.4 250.7 250.7 250.9 249.2 243 238.7 236.4 231.9 230.5 227.8 224.4 217 213.8 213.2 209.6 204.7 199.1 195.6 189.7 179.3 174.7 178.1 179.5 179.3 179 177.5 175.4 172.4 168.5 163.8 158 158 159.1 160.1 161.2 161.6 160.7 160.5 159.7 158.5 155.9 152.3 147.9 142.4 135.7 128.8 119.3 123 126.7 129.5 130.3 129.1 129.9 132 134.2 136.4 139 140.2 143.2 142.9 142.4 141.1 140.4 139.7 138.5 136.3 131.2 124.6 118.6 117.7 118.3 116.5 113.6
263.8 266.2 268.7 269.4 263.7 261.1 257.8 256.8 252.4 245.8 248 243 240.8 237.6 233.1 228.3 221.1 220.3 220.1 214.6 208.8 202.6 196.1 186.4 179.5 183.9 185.6 185.2 184.6 183.2 181.6 178.5 175.2 170.5 164.8 161.5 164 166.4 166.5 167.5 167.6 165.8 163.2 161.9 158.8 154.7 150.9 145.9 141.7 134.2 127.2 121.7 127.2 131.4 133.1 133.2 132.5 132.4 135.1 137.5 139.7 142.1 143.8 145.4 146.3 145.4 144.5 143.6 142.7 140.8 137.6 129.6 123.3 120.5 122.8 123.6 119.9 117.3
271.3 273 275.4 275.1 268.9 263.7 261.5 260.4 254.9 252.7 253.1 251.5 246.6 241.6 237.7 232.2 226.6 223.9 222.2 217.3 210.5 203.2 192.6 181.2 187.6 191.2 191.5 190.7 189.7 187.8 185.5 182.3 177.3 172.4 165.9 167.1 171.1 172.9 172.9 172.6 172.3 170 165.5 161.5 158 153 148 143.3 138.9 133 125.3 127.9 133.2 136.1 136.8 136.4 135.7 135.6 137.7 140.3 143.1 146.1 147.7 149.4 150.2 149.3 148 146.8 145.1 140.2 133.2 127 125.7 125.6 128.1 127.6 123.5 118.7
276.8 278.2 279.4 276.9 271 267.7 264.6 260.6 258.1 256.8 255.6 255.1 249.6 244.8 240.3 234.4 229.6 226.3 222.2 216.8 210.9 200.7 187.5 189.4 196.1 197.3 197.4 196.7 194.9 192.7 189.6 184.5 178.6 172.6 168.6 172.6 177.2 179.9 179.2 177.2 174.3 172.1 167.3 162.9 158.6 153.3 149.5 144.8 139.8 133.4 125.6 133.9 139.2 140.8 140.9 140.1 140.1 140.1 140.8 143.4 147.4 150.4 152.9 154.1 154.4 153 151.5 149.3 144.1 136.4 130.3 131.6 131.8 132 132.1 130.4 124.4 120.8
283.4 284.7 285.2 285.5 280.6 277.1 273.3 267.3 263 265.9 262.2 259.6 252.9 247.3 241.2 236.5 232.8 226.8 221.2 215.6 209.5 194.9 189.1 199 202.4 203.3 203.2 202.7 200.8 197.6 191.9 185.8 179.2 174.9 174 177.5 182.5 185.4 184.2 180.8 177.6 173.6 169.1 164.8 161 156 151.7 146.4 140.3 134 126.9 138 143.7 146 146 144.7 144.4 144.6 145.6 147.8 150.8 153.5 156.7 158 157.9 156.2 152.2 145.8 139.5 134.8 136.4 139 138.3 137.3 134.8 131.1 124.9 124.2
295.2 297.6 297.7 294.6 290 286.4 281.7 276 272.7 272.8 267.8 260.5 252.6 246.5 239.1 233.6 230.3 224.8 220 214.6 206.4 193.1 197.5 205.6 208.5 209.4 209.4 208.5 205.5 200.6 193.2 185.8 182.8 180.5 179.2 181.4 185.7 188.9 187.6 184.9 180.3 175.7 171.6 167.8 163.2 158.5 153.9 148.4 141.4 134.5 130.5 142.2 148.3 150.7 151 149.4 149.2 149.5 150.3 151.8 153.6 155 156.6 158.7 156.7 152.7 146.4 141.7 139.7 141.2 143.8 144.9 143.6 141.5 137.7 131.6 126.7 129
307.7 308.5 308.6 306.9 303.3 298.4 296.5 293.7 285.6 276.6 268 259.9 252.1 247.1 240.3 234 228 222.5 219.4 213.3 205.3 202.8 203.2 209.2 213.4 216.1 215.9 213.6 209 203 195.4 192.6 190.4 187.3 184.7 185.5 187.9 190.3 190 187.2 182.3 177.9 174.1 170 165.9 161.6 156.7 151 143.8 135.5 135.2 143.6 152.3 154.9 155.2 154.2 154.1 154.6 155.1 155.8 155.9 155 154 154.6 151.4 147.4 144.4 145.5 148.4 149.7 150.5 150 147.5 144.5 138.5 132 131.8 134
310.8 311.8 313.1 312.9 311.2 307.5 304.5 301.2 293.2 276.4 266.3 256 252.5 247 241.2 234.8 229.9 224.9 216.8 214.2 211.6 208.2 209.2 211.2 216.7 221 222.5 218.4 213.2 207.3 201.8 200.1 196.8 192.6 190.5 190.2 190.2 190.2 189.6 186.3 182.2 177.1 171.8 166.5 163.9 161.3 157 151.4 144.6 136.1 136.4 146.6 155.3 158.8 159.4 159.4 159.4 159.8 160 159.7 157.6 156.3 155.6 153.8 154 153.5 152.4 150.6 155.1 156 156 154.4 151.2 146.6 139.7 135.2 137.5 138.2
312.4 313.6 313.9 313.3 312.8 311 307.2 301.8 284.5 269.3 265.1 254.7 251.9 247 242.9 236.5 232.3 228.5 221.3 219.3 216.7 213.1 212.7 215.2 221 228.9 228.3 223.5 217.6 212.8 209.3 207 202.8 198.4 195.4 193.7 191.9 189 185.5 182.3 177.9 172.5 167.7 163.3 158.7 155.3 151 146.3 140.2 139.7 135.3 145.6 154.6 161.7 163.3 163.8 164.2 165.3 165 162.2 158.4 158.5 160.7 161.8 162.8 163.2 159.9 156.6 161.3 162.1 160.8 158.1 153.6 146.9 143.2 137.9 142 144.3
312.7 313.7 313.8 313.3 313 311.6 309.2 302.1 279.7 269.4 266.5 257.7 253.9 249.9 244.5 239.1 237.4 230.2 226.4 221.5 221 218.2 217.2 219 224.1 232.5 233.5 227.5 221.4 218.3 216.1 212.8 206.8 202 198.9 195.5 192 187.4 182.6 177.5 175.8 174.2 171.1 165.6 156.9 149.4 146.4 146.4 147 146.4 141.9 143.7 151.4 161.3 165.1 167.2 168.4 169.6 167.7 163.2 159.8 161.8 165.4 167.6 168.6 168.7 165.6 163.8 166.7 167.6 164.9 161.9 154.7 149.4 144.8 143.1 147 149.7
311.4 312.7 313.4 313.5 313.1 312.1 310.1 302.9 280.6 270.5 265.7 260.9 257.6 253.3 249.9 243.2 238.7 233.7 230.7 228.7 226.7 224.5 222 224 228.6 233.3 235.5 232.1 227.9 224.8 222.8 216.2 209.3 203.7 199.3 195.8 191.8 187.3 185.5 182.9 179.3 175.9 166.9 158.6 155.4 156.3 155.7 155.5 155.8 151.4 146.6 141.4 149.5 158.1 163.8 167.8 169.3 170.4 167.9 163.9 161.7 165.8 169.3 172.1 174.4 174 171.6 170.6 173 173.2 169.3 163 156.1 151 147.7 151.7 153.8 155.5
309.9 310.8 311.7 312.2 312 312.1 309.7 306 285.8 275.3 268.8 263.6 259.5 256.2 250.9 245.7 241.4 238 234 233.8 231.8 229.5 228.4 229.8 233.8 237.5 237.6 235.6 233 230.9 225.6 218.3 210.8 203.9 200.1 196.6 191 190.4 186.9 178.6 174.4 167 163.5 164.7 166.1 165.7 165.7 165.2 162.5 156.9 149.8 143.4 147.5 157 163 167.4 170.1 169.9 167.3 164.6 167.7 171.2 174.2 176.8 180 179.6 177.9 177.8 179.5 176 169.5 162.9 159.6 155.6 153.2 157.8 161.6 163.2
