public/OST50/ST23.asc
ncols 200
nrows 200
xllcorner 320000
yllcorner 130000
cellsize 50
[rows 74 to 110 of 200, columns 84 to 167 of 200]
49.6 48.7 47.9 46.3 45.4 45.7 43.9 42.1 40 37.7 36.2 34.3 35 35.5 36.1 38.2 37.7 38.7 39.4 39.1 37.7 36.3 34.4 32.5 30.3 29.9 29.2 28.5 28.6 27.6 27.7 27.2 26.9 26.7 26.2 25.7 25.3 24.9 24.5 24.2 23.8 23.4 22.4 22.6 22.1 21.5 21.5 21.5 21.5 21.5 21.5 21.5 21.5 21.5 21.5 21.5 21.5 21.5 21.5 21.5 21.5 21.5 21.5 21.5 14.1 14.8 14.7 13.5 13.4 13 12.6 12.5 12.3 12.4 12.2 13.1 13.1 13.6 14.9 15.9 18.1 19.7 23.1 24.5
49.8 49.1 48.3 47.3 45 45.5 45.2 43.4 41.6 39.3 37.4 35.9 34.3 33 34.2 34.6 35.2 35.4 36.3 36.3 35.4 34.2 33.5 30.3 30 29.6 29.2 28.5 28.2 27.4 27 27.4 27.2 26.8 26.4 25.9 25.4 25.1 24.8 24.4 23.9 23.3 22.1 22.6 22.6 21.5 21.5 21.5 21.5 21.5 21.5 21.5 21.5 21.5 21.5 21.5 21.5 21.5 21.5 21.5 21.5 21.5 21.5 21.5 14.3 14.5 12.6 13.5 13.8 12.7 12.6 12.2 12 11.8 11.7 11.4 11 11.5 11.8 12 13 14.8 17.1 20
47.6 46.4 45.9 46 45.5 44.9 43.9 40.8 39.6 38.5 37.3 36.4 35.2 33.9 33.6 33 32.6 33.1 32.5 32.3 32.1 31.1 30.4 30.3 30.8 29.4 28.6 28.5 28.7 28.6 28.2 27.7 27.3 27 26.6 26.2 25.4 25.3 24.8 24.3 23.2 23.3 22.3 22.9 22.9 22.1 21.5 21.5 21.5 21.5 21.5 21.5 21.5 21.5 21.5 21.5 21.5 21.5 21.5 21.5 21.5 21.5 21.5 21.5 15.8 15.1 15.8 15.3 14.5 14.3 12.8 11.6 11.5 11.4 11.1 10.6 10.7 11 10.5 10.8 10.4 11.7 13.1 16.2
44.9 44.7 43.9 43.1 42.7 41.9 41 40.3 38.9 37.7 36.8 36.1 35.1 35 34.6 33.6 32.9 32.7 32.8 31.7 31 30.8 30.7 30.6 30.9 30.7 30 29.5 29.1 29 28.6 28.1 27.6 27.3 26.6 26.7 26.1 25.4 24.8 24.3 24 24.1 23.3 22.9 22.4 22 22.7 21.5 21.5 21.5 22.1 22.9 22 21.5 21.6 21.5 23.1 24.1 23.7 21.5 21.5 21.5 21.5 21.5 21.1 21.7 19.5 18.9 17.8 16.6 14.7 13.3 12.8 11.3 10.7 10.9 10.7 11.1 10.2 10.5 10 10.1 9.9 11.6
44.7 43.7 43.3 42.4 41.8 40.9 40.1 39.1 38.2 37.1 36.1 35.7 35.7 35 34.6 33.8 33.8 33 32.6 31.8 31.5 31.2 31.6 31.6 31.2 30.7 30.5 30 29.5 29 28.6 28.3 27.8 27.5 27.6 27.1 26.6 26.6 26.6 27.2 27.2 26.9 26.8 26 24.6 22.8 22.6 21.8 24.5 25.3 27.2 28.6 28 27.5 27.7 27.6 28.5 29.8 29.3 28.4 27.4 27.6 26.1 25.1 22.4 23.7 22.6 23 21.6 20.3 18.5 17.5 16.3 14.8 13 11 10.7 10.2 10 9.9 9.7 10 8.5 8.8
44.2 43.1 42.4 41.7 40.6 40.3 39.8 39.1 38.2 37.3 36.5 36.1 36.2 35.9 35.7 35.9 36 34.5 33.7 32.8 33 32.2 32.5 32.3 31.9 31.4 30.9 30.4 29.9 29.4 29 28.8 28.8 28.4 27.8 27.9 29.1 30.9 31.5 31.8 30.2 30.4 30.5 29 27.7 24.8 22.9 23 24.6 28.7 31.1 33.4 32.6 33.2 32.9 32.7 32.5 32.1 31.7 30 29.2 29.8 29.1 28.2 25.1 26.1 26.1 25.2 24.4 23.5 22.2 21.2 20 18.2 15.7 12.9 10.9 10 9.8 9.5 9.5 9.4 9.3 8.9
44 43 42.3 41.6 40.6 39.8 39.2 38.7 38.5 37.8 37.3 36.8 36.2 37.6 37.6 37.5 36.7 34.7 34.1 33.3 33.7 32.9 33.2 33.1 32.5 31.9 31.4 30.9 30.4 29.9 29.9 29.6 29.3 29 28.6 29 30.6 32.7 34 33.1 32.7 32 32 31 29.1 26.2 24.1 23.4 25.2 29.1 31.8 34.5 34.1 34.1 33.9 32.7 33.6 33.2 33.2 32.6 32 31.6 30.8 30.5 29.6 28.9 28.3 26.7 25.4 24.5 23.9 22.6 21.8 20.7 18.4 15.5 12.9 10.8 10.4 9.4 9.4 9.1 9.1 9.2
44.1 42.9 42 41.4 40.9 39.3 38.6 38.3 38.4 38.3 38.3 35.4 38.7 39.3 39.1 38.5 37.1 35.7 34.4 33.8 33.9 34 34.2 33.9 32.9 32.5 32 31.5 30.9 30.9 31.1 30.8 30.8 30.4 30.3 31.8 31.6 34.2 34.6 34.3 33.2 33.5 32.6 30.8 28.6 26.2 25.1 23.2 22.7 26.4 28.6 30.8 32 32.4 32.8 33.3 33.7 33.1 33.2 33 32.8 32.5 32 29.3 30.8 30.1 29.3 27.9 25.7 24.1 22.9 22.3 21.6 21 19.9 17.6 15.1 13.3 10.8 9.4 8.9 9 8.9 8.8
44.5 43.2 41.8 41.4 40.5 39.9 39.9 38.9 38.9 38.7 38.5 38.2 39.5 39.9 39.3 39.2 37.9 36.3 35.6 35.4 35.1 34.9 35 34.6 33.1 33.1 32.6 32 31.5 31.6 31.9 32.7 34.4 34.5 35.4 35.7 36.1 35.2 35.6 34.6 33.7 32.3 30.9 28.8 28 25.5 24.4 22.9 22.6 23.3 24.9 25.8 27.3 29.1 31.1 32.1 32 31.9 32 32.2 32.1 32 31.5 29.6 30.7 29.8 29 27.1 24.6 22.8 21 19.7 19.1 19.2 19.4 18.5 14.8 13.5 11.7 9.4 9.2 8.6 8.5 8.4
44.9 44.2 42.6 42.1 41.3 41 41.5 41.3 39.5 39.1 38.7 38.9 40.6 41.4 41 39.9 38.1 36.7 35.4 36 35.7 35 35.4 35 34.5 34 33.5 32.9 32.8 33 33.4 37.3 37.4 37.1 37.3 37.2 36.4 35.3 34.7 32.9 30.7 29.1 28 27.2 25.9 24.5 23.7 23.4 23.1 23.3 24.4 25.1 26.4 28.6 30.6 30.8 30.7 30.8 31.5 31.4 31.4 30.2 29.9 27.2 29.3 28.6 27.6 25.6 23.7 22.1 20.8 19.4 18 15.8 16.6 15.8 14.7 12.7 11.1 9.9 8.7 8.3 8.3 8
45.4 44 43.8 42.3 41.9 42.4 42.9 42.1 41.3 40.5 39.7 40.4 41.3 41.9 41.5 40.3 38.6 37.3 36.4 36.5 36.4 35.7 36.2 35.4 35.5 34.8 34.8 34.6 34.6 36.5 37.6 38.3 38.5 38.6 38 37.3 36.1 34.4 31.8 29.4 28.3 26.4 25.6 25.1 24.3 23.9 23.4 23.2 23.3 23.7 24.7 26 27.7 29.6 30.2 29.6 29.3 29.4 29.8 28.9 28.8 27 27.3 25.7 27 26.3 25.8 24.9 24.1 22.9 21.6 20.3 18.5 16.3 14.4 13.3 12.4 11.5 10.3 9.5 8.8 8.2 8 7.8
45.5 44.8 44.6 43.9 43.2 43.4 43.7 43.7 42.2 41.1 40.6 40.9 43.3 42.7 42.1 40.6 38.2 38 37.2 36.6 36.3 36.3 36.4 36.9 37 37.4 37.5 38.9 40 39.6 39.6 40.3 39.6 38 37.2 35.6 33.4 31.5 29.4 27.4 26.4 25.5 25.2 24.9 24.5 24.1 24.8 24.5 23.6 24.8 26.6 28.4 29 30.8 30.8 29.4 28.9 28.6 28.4 27.3 26.4 24.1 24.6 24.7 24.6 24.1 23.5 23.1 22.2 21.3 20.2 18.5 17.1 15.6 13.6 12.1 11.3 10.5 9.8 9.1 8.3 8.1 7.9 7.9
47.3 46.4 46.4 46.5 45.4 44.8 44.5 44.6 43.4 42.4 42.4 43.1 45.1 44.6 43 41.2 39.1 38.6 38.1 37 36.2 36.4 37.3 38.3 41.4 40.9 41.7 41.8 41.4 41.2 41 40.3 39.2 36.6 34.2 32.5 30.9 29 27.3 26.2 25.6 25.6 25.5 25.3 25 25.3 25.5 25 25.6 27 29.7 30.2 31.3 31 30.5 29.4 28.5 27 26.8 25.8 24.7 20.6 22.3 21.9 21.7 21.3 21.2 20.4 19.5 18.4 17.2 16 14.9 13.6 12.5 11.6 10.7 10 9.4 9 8.2 8.2 8 7.9
48.9 49.4 49.8 49.9 48.3 46.6 47.2 46.7 46 44.1 44.5 45 46.1 45.4 43.4 40.9 39.1 39 38.4 37.8 37.4 37.3 39 41 43.1 42.9 43.5 43 42.2 41.5 39.4 38 36 32.8 31.3 29.7 28.3 26.9 27.1 27.5 27.7 27.4 27.1 26.6 26.3 26.7 27 27.2 28.8 30.1 31.4 31.2 30.5 29.4 28 27.1 24.9 23.5 23.7 22.9 20.9 20.6 20.7 20.3 20 19.7 19.6 18.6 17.8 16.2 15.1 14.3 13.3 12.4 11.6 11 10.4 9.9 9.4 8.9 8.7 8.4 8.2 8
51.4 51.4 54 54.3 52 49.9 51.1 50.1 47.5 47.3 46.7 47 47.3 45.6 43.7 41.8 40.1 39.7 39 38.6 37.9 38.7 38.7 42.9 44.1 43.2 43.5 43 41 38.7 36.6 34.6 32.4 29.6 29.1 28.5 28.4 29.2 29.9 30.9 31.2 31.1 29.8 29.5 29.1 29 29.3 29.5 30.6 31.2 28.6 28.2 28.2 26.8 25.5 22.9 21.8 20.6 20.9 19.6 18.9 18.7 18.5 18.7 18.4 18.8 19.2 18.7 17.9 16.3 15.1 13.9 12.8 12.1 11.3 10.8 10.1 9.4 9.6 9.3 9 8.6 8.7 8.3
54.5 54.3 58.2 58.2 57.4 55.6 56 53.2 49.8 49.8 49 49.4 48.4 46.7 44.7 42.5 40.7 40 39.8 39.3 38.1 39.7 42.3 45.1 44.7 44 43 41.1 38.2 36.1 33.6 32.1 30.4 28.9 29.8 30 30.6 33.1 34.1 34.8 34.6 34 32.7 32.5 31.6 31.8 31.7 31.7 30.7 29.3 28.2 26.3 24.9 23.1 21.9 20.7 19.8 19.5 18.3 18.1 17.4 17.3 16.9 17.1 17.2 18.3 19 18.6 17.6 16.4 15 13.5 12.5 11.8 11.3 10.9 10.3 9.7 9.8 9.5 9.3 9 8.7 8.4
57.6 58.8 61.2 61.9 61 61.6 60.5 58.7 54.7 52.2 51.3 50.6 50 47.6 44.9 42.5 41 40.9 40.2 40.1 39.5 42.2 44.6 45.3 44.3 42.2 40.6 37.3 35.7 33.8 32.2 31 32.3 33.6 32.5 33.3 35.1 36.9 36.9 36.6 36.2 35.4 34.7 34.3 34 33.6 32.5 31.3 29.9 28.1 26.2 24.3 22.8 21.6 20.5 19.3 17.8 17.9 17.6 16.9 16.7 16.2 15.9 15.5 16 17.1 18.1 17.9 16.8 15.7 14.4 13.1 12.2 11.7 11.2 11.3 11.3 10 8.9 9.6 9.5 9.1 8.9 8.7
60.2 64.1 65.1 65.6 68 67 64.7 61.2 58.5 54.9 53.3 52.6 51.5 48.9 44.7 42.6 41.9 41.6 40.9 40.3 40.3 45 44.8 43.3 41.8 39.8 38 35.8 34.3 32.2 33.4 33.8 35.7 37.3 36.1 36.9 37.7 37.6 37.4 37 36.7 35.8 35.9 34.7 34.1 33.5 32.3 30.8 28.6 26.6 24 22.5 21.5 20.2 19.4 19 16.9 17.8 17 16.9 16.4 16.5 15.5 15 14.9 15.3 16.1 16.6 15.1 14.2 13.2 12.6 12 11.5 11.2 11.6 10.9 9.8 9.9 9.6 9.3 9 9.1 9.5
62.8 67.2 69.8 73.5 74.7 72.1 68.7 64.5 60.8 57 54.3 52.2 51.5 48 44.2 42.9 42.6 42.2 41.5 41 45.9 44.6 42.6 40.8 39.1 37.6 35.3 34.8 33.4 34.7 34.9 37.7 39.5 40.6 39.9 38.9 38.8 39 38.2 37.2 36.6 35.7 34.8 34 32.5 32.2 30.7 29.1 27.2 25.3 23.1 21.6 20.6 19.3 19.6 19 19.3 18.8 18 17.5 17.2 16.7 15.5 14.9 14.6 14.3 14.5 14.4 13.9 13 12.3 12.1 11.8 11.6 11.2 10.8 10.5 10.2 10 9.8 9.3 9 9.1 10.1
64.9 69.2 73.3 78.6 78.1 74.1 70.1 65.4 61.5 57.9 53.9 51.6 49.8 48.1 44 43.7 43.2 42.8 41.2 45.4 47.5 44 40.8 38.9 37.5 35.9 37 36.6 36.1 36.8 38.2 41.3 42 41.7 40.8 39.7 38.5 38 37 35.9 35.1 33.6 32 31.2 30.3 29.5 28.1 26.9 25.2 23.8 22.6 21.5 20.3 21 20 19.9 19.8 19.4 18.8 18.3 17.8 16.6 15.9 15.2 14.8 14.4 14.1 13.5 13.2 12.7 12.3 12.2 11.5 11.6 11.2 10.7 10.6 10.2 10.1 9 8.7 9.4 9.7 11
66.5 71.2 74.9 78.3 77.5 75.2 71.8 69.3 66 61.6 56.4 52.4 49.5 46.3 44.6 44.2 43.6 42.3 43.1 47.8 46.5 43.8 41 38.5 38.8 39.4 39.4 39.3 38.8 40.6 42.4 42.7 41.9 40.3 40 38.7 36 36.1 34.7 33.2 31.8 30.4 28.6 28.5 27.4 26.6 25.8 24.6 24.1 22.8 21.6 21.5 21 22 22.3 21.5 20.7 20.3 19.8 19.1 18.1 17.2 16.1 15.3 14.9 14.4 13.8 13.1 12.7 12.9 12.5 12.6 12.6 11.9 11.2 10.6 10.1 10 10 10.7 10.3 10.8 10.2 11.5
69 72.8 75.6 78.7 78.4 76.5 76.3 73.9 68.6 65.5 61 55.2 49.7 46.3 44.9 44.6 44.1 42.5 44.1 47.7 45.7 43.2 40.9 41 40.4 40.9 41.8 41.9 43.2 43.3 43.2 41.5 40.9 39.9 38.1 36.1 34.2 32.6 31.3 30.4 29.6 28.4 27.3 27.1 26.2 24.8 23.4 23.1 22.8 22.5 22.7 22.5 23.1 23.3 23.4 20.5 22 21.8 20.2 19.2 18.2 17.1 16 15.5 15 14.5 13.7 13.7 13.2 13.3 13.8 13.7 13.5 13.5 12.2 11.6 11.3 11.2 11.1 11.2 11.1 10.8 10.4 11.3
71.3 72.6 75.6 78.2 79.4 79.5 80.3 78.5 74.3 68.5 62 56.6 50.4 46.8 47.2 45.7 44 43.9 44.4 44.9 44.3 43.4 43.1 42.1 42.1 43.3 44.7 44.3 43.2 41 41.6 40.9 38.6 36.8 35.2 33.3 31.8 31 30.3 29.6 28.6 27.9 26 25.3 25.1 25.4 24.6 24.2 23.8 23.3 23.9 24.2 24.3 24.5 25.1 24.3 23.9 21.9 20.5 19.1 18 17.3 15.8 15.5 15.2 14.6 14.9 14 14 14.1 14.9 14.7 14.5 14.6 13.6 12.7 12.3 12 11.9 12.2 12.2 11.6 10.8 10.9
69.3 70.4 72.6 77 78.6 78.4 78.2 77.5 74.8 68.8 62 55.8 50.2 46.8 47.5 46.9 46.7 44.6 45.6 47.1 46.6 46.1 45.3 45 44.5 44.7 44.3 43.6 42 40.7 38.8 38 36.7 34.1 32.5 31.8 30.9 30.3 29.8 29.2 28 27.2 26.5 26.5 27 26.8 26 25.7 25.4 25.2 26 26.3 26.3 26.4 26 24 23.3 21.7 20 19.1 17.8 16.3 15.9 15.6 15.1 14.9 14.7 14.8 14.8 15.1 15.7 15.9 16 16.2 14.9 13.9 13.6 13.4 13.1 13 12.6 12.3 11.9 11.6
66.5 68.2 72.6 75.7 74.6 72.9 72.3 70.9 68.4 64.8 59.6 53.4 47.8 48.4 47.4 47.5 47.7 49.6 50.8 50.3 49.5 48.1 47.9 45.8 44.7 43.5 41.6 40.2 38.5 37 35.9 34.9 34 32.9 32.2 31.2 30.6 30.3 29.7 28.5 26.9 27.2 27 27.8 28.5 29 27.4 27.3 27.4 27.7 27.5 27.3 26.8 25.8 24.5 23.5 22 19.7 19.2 18.2 17.1 16.3 16 15.8 15.1 15.6 15.6 15.9 16.2 16.9 18 18.4 19.2 18.6 17.2 16.5 15.6 15 14.5 13.8 13.2 12.8 12.5 12.3
64.5 66.5 69.7 70.5 68.7 66.4 65.5 64.2 62.3 60 55.5 49.8 48.7 49 48.4 48.1 49.8 53.3 53.1 51 49.1 48.6 47.3 45.6 42.9 40.9 42.5 41.6 39.9 37.3 35 34.3 33.3 32.4 33.4 32.3 31.3 30.3 29.6 28.6 27.9 27.7 27.8 28 28.5 29.5 28.9 28.3 29.2 29.3 28.4 27.2 25.9 24.4 23.1 22.5 21.1 18.9 18.9 17.6 16.9 16.3 16 16.1 16.2 16.2 16.9 17.4 18.5 20.7 21.4 22 23.1 23 21.5 19.9 18.3 16.7 15.5 14.3 13.5 13.4 13.1 12.9
62.8 62.9 64.4 63.5 62.9 60.8 58.8 57.3 55.4 54.9 50.9 49.7 49.3 48.5 49.5 49.1 52.9 52.8 52.4 49.8 48.5 47 44.7 45.2 45.6 45.8 44.4 42.4 40.4 38.1 36 35 33.4 32.9 33.4 33 31.8 30.6 29.8 28.5 27.8 27.5 27.4 27.7 28.2 28.1 27.8 27.5 28.3 28.4 27.6 26.4 24.6 23.1 22.1 21 20 18.7 17.7 17.4 17 16.9 17 16.6 16.4 17.1 18.1 19.6 22.2 24.8 25.7 24.7 26.1 25.6 24.1 20 19.9 18.2 16.4 15.1 14.8 14.1 13.7 13.1
62.5 61.4 60.1 59.6 58.2 57.9 55.4 54.2 52.7 51.7 50.4 50.5 49.9 49.4 49.1 50.4 53.4 52.3 50.5 48.1 46.7 47.2 48.2 48.1 46.7 44.8 42.8 40.7 39.3 37.5 35.5 34.5 33.8 33.8 33.6 33 31.9 30.8 29.7 29.2 28.3 27.1 26.5 26.9 26.6 26.3 26.5 26.4 26.6 26.6 25.9 24.7 23.2 21.8 19.8 20.5 19 17.8 17.2 17.7 18.2 17.9 17.4 17.5 17.6 18.8 20.6 23.5 25.9 28.1 28 27.7 26.7 25.6 23.4 21.8 20.5 18.9 17.4 15.5 15.1 14.4 13.9 13.3
65 63.5 61.1 59.7 61.5 61.2 59.8 57.6 54.6 51.1 51.3 51.2 50.9 50.2 50.6 52.7 53.1 51.4 50.1 48.8 49.6 49.9 48.7 47.3 45.5 43.1 40.8 39.3 38.1 36.7 35.5 34.7 34.1 34 33.4 32.4 31.6 30.6 30 29.3 28.4 27.8 26.9 26.3 25.5 24.8 24.8 25.2 25.4 25 24.1 22.9 21.2 19.1 18.9 18.8 18.8 19.9 19.7 19 18.9 18.5 18.1 18.2 19 21.2 24.1 28.1 29.8 29.7 28.9 28.1 27.2 25.1 23.8 22.1 20.8 18.4 18.1 16.8 15.8 14.8 14.2 13.6
68.3 65.7 64.5 63.8 63.5 63.6 62.6 60.4 54.3 51.8 52.7 52.1 51.5 52 53 53.3 51.9 50.4 49.6 50.2 50.9 50.1 48.8 46.4 43.5 41.6 39.4 38.4 37.3 36 35.3 34.6 33.9 33 33.1 31.4 30.3 29.9 28.6 28.3 27.2 26.3 25.2 24.7 24.4 23.3 23.6 23.1 23.8 22.9 21.7 21.3 20.2 20.1 20.8 20.8 21.3 20.8 20.7 20.3 19.1 18.8 18.9 19.6 20.5 22.5 27.3 30.6 31 30.2 29.2 27.5 27.1 25.4 22.9 22.6 21.2 19.7 18.3 17.2 16.2 15.3 14.7 14.2
71.9 69.5 67.9 66.5 65.3 63.8 59.9 60 54 54.6 56 55.7 56.3 55.6 54.7 53.5 52.9 52.2 52 51.3 50.6 49 46.4 43.5 41.5 40.7 39.1 38.2 37.3 36.2 34.7 34.2 33.2 32.7 32.8 31.7 31.7 30.8 29.9 28.7 28.3 27.8 27.2 26.4 25.8 24.9 22.6 21.4 21.1 22.1 22 21.8 21.6 21.4 22.1 22.5 22.4 22 21.6 21.1 19.3 19.8 20.9 21.8 23.1 24.8 29.1 31.6 31.1 30.5 29.2 27.8 25.1 24.7 23.6 22.2 20.6 19 17.6 16.5 15.8 15 14.4 14.1
77 73.3 70.7 68.1 65.3 61.9 58.1 55.1 54.1 58.6 58.9 58.6 57.8 55.3 55.8 55.5 54.8 54 52.9 51.4 48.9 46.3 43.9 42.4 41.3 40.5 39 37.6 37.5 37.3 36.5 36.3 35.9 34.6 33.6 32.8 31.9 31.1 30 29.4 28.1 27.6 27.4 25.6 24.4 21.7 23.3 24 22.7 23.3 23.3 23 22.9 22.9 23.1 23.4 23.5 23.2 22.7 22.4 22.2 23.1 24.1 24.7 26 28.2 30.8 31.6 30.9 29.4 27.6 25.8 25.4 23.9 22.5 21 19.6 18.1 16.6 15.1 14.3 13.5 13.2 13.7
79.1 76.2 72.1 68.2 63.6 57.9 56.2 54 57.6 61.5 59.7 58.9 56.7 57.5 56.9 56 55.4 54.7 53.2 50.7 47.3 45.3 44 42.7 41.4 40.4 38.9 40 40.3 39.9 39.4 38.7 37.8 36.3 34 32.8 31.9 31 29.7 27.2 25.5 27.1 26 24.7 25.5 25.6 25.6 24.8 24.6 24.3 24.1 23.9 24.1 24 24 24.3 24.6 24.3 24 24.2 24.8 27.1 29.5 29.3 29.3 31.2 32.5 31.4 29.1 27.6 24.6 25.4 23.9 22.8 21.4 20.1 18.8 17.5 15.2 14.1 13.2 12.3 12.2 13.2
76.4 73.7 69.9 66.6 61 57.4 55.3 56.9 61.1 62 61.5 59.4 59 58.8 58.3 57.2 56 54.2 51.1 48.3 46.5 45.2 44.2 42.9 41.6 40.6 40.8 42.2 44.5 45.8 43 40 37.4 35.6 33.2 31.7 29.9 30.4 29.1 29.2 28.8 28.2 27.2 27.4 27.2 27.2 26.5 25.9 25.7 25.6 25.5 25.2 25.2 25.3 25.4 25.8 25.8 25.4 25.4 26.1 26.7 31.3 34 32.3 31.7 32.6 32.4 29 26.4 25.5 25 23.9 22.7 21.7 20.8 19.7 18.4 16.7 15 13.8 12.7 11.9 11.4 12.2
71.5 69.3 65.8 62.6 59.3 57.4 57.9 59.9 60.9 62.2 61.2 59.9 59.5 59.7 58.8 57.7 55.3 51.9 48.8 47.6 46.5 45.2 43.9 43.3 42.4 41.7 42 43.1 44.4 43.5 40.8 38.1 35.4 33.2 32.8 32.8 32.6 31.9 30.6 30.4 30.1 28.9 28.2 28.9 28.6 27.9 27.2 26.8 26.6 26.7 26.6 26.8 26.5 26.4 26.7 26.8 26.9 26.9 26.5 26.7 28.1 32.1 32.4 32.5 32.2 33.6 28.8 28 26.1 24.1 23.9 23.4 22.6 21.2 20.2 19.4 18.3 17.1 15.9 14.4 13 11.9 11 10.9
66.7 63.8 61.2 60.1 58.2 58.8 61.8 63.5 62.9 62.6 61 61.1 60.5 59.7 58.7 57.2 53.3 50.2 48.9 47.4 46.3 45.4 44.3 43.4 42.1 42.7 42.1 41.6 40.8 38.8 36.3 35.7 35 35.1 34.1 34.3 33.7 33 31.7 30.6 31 29.6 30.2 30 29.5 28.8 28 27.8 27.7 27.7 27.8 27.8 27.7 27.7 27.4 27.9 28 27.9 27.6 27.5 28.1 29.3 30.9 30.7 30.7 28.5 27.9 26.1 25.3 24.1 23.1 22.5 21.5 20.2 19.8 19.4 18.7 17.8 16.5 15 13.5 11.6 11.4 11.5
64 62.4 60.7 60.2 60.3 62.2 64.1 64.2 61.5 62.3 61.6 61.2 61.3 59.2 58.6 55.1 51.9 50.8 49.1 47.8 47 46.3 45.1 44.1 43.7 42.3 41.3 40.2 37.1 38.1 38.6 38.5 37.6 36.5 36.3 35.5 35 34.2 33.3 32.2 31.1 30.5 31.7 31.9 31 29.9 29 28.9 28.8 28.7 29 28.1 28.6 28.5 28.4 28.8 29.2 28.8 28.4 29.4 29.5 29.9 30.2 29.7 28.6 27 25.9 25.2 24 22.7 21.5 20.9 19.9 18.8 18.4 18.6 17.8 17.2 15.8 14 12 12.8 14.5 15.4
