public/OST50/ST23.asc
ncols 200
nrows 200
xllcorner 320000
yllcorner 130000
cellsize 50
[rows 74 to 110 of 200, columns 0 to 83 of 200]
136 136 136.3 138.1 139 139.5 139.5 138.1 136.7 134.1 129.6 125.3 120.8 113.5 104.6 97.9 97.9 97.9 97.9 97.9 97.9 97.9 107.8 107.2 103.7 107.4 107.3 104.4 101.3 106.2 110.1 110 107.1 102.6 101.8 99.7 95.7 93.5 91.5 89.9 88.5 87 85.3 82.7 80.3 78.4 77.1 75.4 73.6 73.4 71.9 70.7 69.9 69.3 68.7 67.9 67.2 66.6 67.2 68.1 68.2 67.9 67.4 66.7 65.4 64.5 63.5 63.3 62.7 61.8 61 60.3 59.2 58.3 57.5 56.7 55.6 54.7 54.1 53.2 52.4 51.7 50.1 49.9
139.1 139.3 140.7 142 143.6 143.5 142.3 139.1 135.5 131.9 126.1 118 110.4 100.5 97.9 97.9 97.9 97.9 97.9 97.9 100.4 111.3 114.5 113.1 109.4 113.8 112.7 109.9 106.7 108.3 111 108.5 108.1 107.4 104.5 101.8 99.1 96 93.7 92 90.4 88.8 87.3 84.5 81.7 79.6 78.1 76.6 75.4 72.5 73.3 72.4 71.7 71 70.6 69.8 69 68.8 69.4 69.7 69.4 68.7 68.4 67.6 67 66 64.8 63.7 63.2 61.9 61.1 60.3 59.2 58.1 57.4 56.5 55.5 54.7 54 53.4 52.6 51.1 51 50.5
133.7 134.6 137.6 139.8 142.3 145.4 143.7 138.8 133.1 126.7 118.9 109.2 99.3 97.9 97.9 97.9 97.9 97.9 97.9 102.7 109.7 118.3 121.4 119.5 116.7 118.8 117.5 114.6 110.1 110.4 112.3 111.9 112 111.3 108.6 105.8 102.5 98.5 96 94.3 92.4 90.8 89.2 86 82.9 81.2 79.8 78.5 77.3 73.9 75.3 74.1 73.5 73.2 72.4 71.6 70.8 70.7 71.3 70.7 70.5 69.5 68.8 68.6 67.1 66 65.1 63.9 62.7 61.5 60.4 59.1 57.8 56.6 55.3 54.1 53.7 53.5 52.4 52.5 51.6 50.5 49.5 48.5
125.6 128.3 130 132.1 134.8 134.8 136.4 131.5 128.4 121.1 110.6 99.5 97.9 97.9 97.9 97.9 98.2 101.4 105.1 111.8 116.9 121.8 123.7 125.1 124.6 123.5 121.9 117.4 114.5 116.8 115.8 114.5 114.8 114.8 112.3 108.9 105.4 101.6 99.3 97.3 94.6 92.8 91 87 84.1 84.2 83 82 80.1 77.4 76.7 75.5 76.8 76.2 75.2 73.5 72.3 72 72.2 70.7 71.2 69.9 69 68.3 67.1 65.7 64.5 62.2 60.5 59.1 57.3 56.8 55.7 54.4 53.8 52.8 51.8 51.1 50.7 49.6 48.7 48.1 46.7 46.1
112.3 115.3 118 121.1 124.4 123.7 125.4 121.1 117.6 109.7 99.3 97.9 97.9 97.9 99.2 98.3 103 106.4 112.3 119.3 124.5 128.4 131.1 130 128.8 128.1 125.6 120.4 119.9 120.9 119.5 118.1 117.8 117.3 115.7 112.3 109 104.8 102.4 100.3 97.6 95.7 92 87.7 87 89.2 87.8 85.8 83.2 79.3 77 79.5 79.8 79 76.4 74.4 73.6 73.4 71.9 70.3 70.3 68.7 67.8 66.7 65 63.5 62.2 60.6 58.6 58.5 57.6 56.6 55.7 54.9 53.8 52 51 50.5 49 48.7 47.7 46.9 46.1 45.6
106.7 101 103.5 103.8 105.9 107.7 112.9 112.3 103.7 97.9 97.9 97.9 97.9 100.8 107.2 106 109 115.9 124.7 131.1 133.6 134.3 134.6 133.7 132.7 131.9 127.4 123.5 125.4 125.2 123.1 121.1 120.5 120.5 118.8 115.8 112.7 109.8 107.5 104.7 102 98.3 93 90 92.3 94.3 91.7 88.1 85.3 82.4 81.9 82.8 84.5 81.1 77.5 75.6 74.2 72 70.8 69.7 67.9 66.5 65 63.9 63.1 61.8 60.9 60.5 59.6 58.9 58 56.7 56.2 55.1 54.1 52.1 50.8 50.5 49.3 48.6 48.2 46.5 45.8 44.6
125.2 121.2 114.2 105.1 98.8 98.9 97.9 97.9 97.9 97.9 97.9 99.2 102.8 112.6 116.9 115.4 116.6 125.8 135.4 141.2 140.9 141.2 141.3 140.7 138.3 135.7 131.8 129.3 130.5 129.5 127 124 123.7 123.7 121.6 118.9 116.6 113.8 111.2 108.6 105.2 100.3 94.7 92.9 97.7 98.2 93.8 90.1 86.9 86.3 86.1 86.6 88.1 84.5 79.3 76.3 72.7 71.9 70.5 68.2 68.1 65.9 65.4 65.3 63.8 63.6 63.1 62.3 61.1 60 58.9 57.9 57 55.5 54.4 52.8 51.2 50.9 49.5 48.5 46.9 46.7 45.3 44.8
136.9 131.4 115.9 105.9 100.9 102.6 98.1 97.9 97.9 102.7 104.7 106.6 110.2 116.4 125.6 121.8 124.1 132.5 144.8 150.7 152.2 152.3 150.7 148 144.1 140.1 135.2 136 136.2 133.9 130.5 127.3 126.9 126.5 124.1 121.4 118.8 115.6 112.6 109.6 106 98.7 95.4 98 100.1 99.6 95.6 91.2 90.1 89.2 89.1 89.8 89.7 86.5 79.4 74.2 73.1 72.9 72.1 72.5 72.4 71.1 70.1 69.2 69 68.1 65.6 65 64 62.1 61.5 59.7 57.9 57.2 56.2 54.8 52.7 52.5 50.8 49.4 48.6 47.8 45.9 44.7
139.7 126.5 110.7 104 114.7 115.2 110.4 109 112.8 118.7 123.2 123.3 122.6 121.1 127.9 128.5 132.6 141.5 151.8 159.7 161.3 158.9 155.8 153 150.1 146 140.1 142.7 141.7 138.5 135.4 132.6 130.8 128.9 125.8 122.7 118.7 115 111 107.8 103.6 97.3 101.4 101.7 101.3 99 95.1 93.7 93.8 91.9 91 90.1 90.4 86.2 78.4 75.7 81.2 82.8 83.4 83.7 84.3 80.6 76.5 75.8 73.8 71 68.8 68.5 67.9 65.7 64.7 61.6 60.4 59.1 57.2 55.8 54.6 53.5 52.2 51.2 50.6 49.1 47.8 46.4
137.5 119.2 102.7 113.3 124 130.9 127.7 125.3 126.8 133.4 139.3 139.6 134.2 131.1 133.8 138.1 145.2 155.9 163.5 167.5 168.3 164 160.7 157.9 155.7 151.8 147.5 148.9 146.7 143.9 140 137.1 133.9 130.3 126.7 122.4 117.9 111.6 106.9 105 102.4 104.5 106.3 104.9 102.1 99.1 97 96.6 96.4 94.7 90.8 91.8 89.7 83.8 77.1 80.5 92.1 95.8 94.8 93.5 90.5 86.8 82.9 80.5 77.1 73 72.2 73.2 71.9 69.8 67.8 65.4 62.9 60.2 57.9 56.2 55.1 54.1 53 52.1 50.9 49.3 47.6 46.8
131.5 112.1 106.8 119 134 144.4 146.9 147.2 150 153.7 155.1 152.5 142.2 140.4 145.4 153.3 162.4 170.9 175.6 177.5 176.9 172.4 166.7 162.7 159.4 156.1 155 153.9 152.7 149.1 144.4 140.7 136.7 132.1 127.5 122.7 115.8 109.7 106.9 107.2 110.3 109.1 107.7 106.9 105 102.3 99.9 100 97.5 96.3 94.4 92.9 89.2 82.8 77.4 82.8 96.1 101.3 101.3 98.8 95.2 91.5 87.5 83.5 80.7 77.2 76.1 75.8 75.5 74.1 72.1 69.2 65.7 62.3 59.7 57.7 55.8 54.6 53.3 52.4 51.6 49.2 47.2 46.7
123.7 107.1 112.2 125.3 142.7 153.8 160.8 162.4 165.9 167.8 167.5 162.6 150.2 150.1 158.2 167.7 175.4 180.2 184.5 185.5 184 180.7 175.1 168.6 163.3 159.3 159.6 159 157.6 153.7 148.7 143.7 138.3 133.3 127.9 119.6 114.3 117.9 117.7 113.3 116.4 115.2 112.1 110.9 107.7 105.6 104.3 103.9 102.2 99.5 96.4 93.1 87.9 81.9 78.9 83.5 96.3 101.9 103.4 103.4 99.8 95.4 90.7 86.4 83.1 80.7 80 79.2 79 78.5 76.1 72.8 69 65.4 61 57.8 55.6 54 52.6 51.3 50.3 48.7 47.3 46.4
119.7 105.3 117.1 133 150.1 164 169.5 172.1 175.2 178 176.8 171.6 158.7 158.3 166.6 175.9 185.9 188.3 190.6 191.4 189.9 186 180.9 175.3 169 165.8 164.7 163.2 160.8 157 152.1 146.4 137.1 129.5 123.8 119.9 123.9 125.5 123 119.6 121.8 119.9 117.2 114.3 112 109.2 107.7 106.7 104.2 101 97.6 94 87.5 81.6 79.3 85.8 94.2 99.4 101.8 102 100.1 96.7 91.9 88 85.6 83.6 82.5 81.7 81.3 80.7 78.3 75.5 72 67.6 62.4 58.4 55.2 53.5 52.2 51.8 50.5 49.2 48.3 48
114.8 106.8 123.2 141.5 160.8 171.1 176.8 179.2 183.3 185.2 184.4 179.1 168.2 165.6 172.1 182.3 193.1 195.2 197 196.8 194.9 190.3 185.3 180.9 175 171.3 169 165.9 162.2 159.3 152.3 143.3 131.3 127.4 128.3 130.2 133 130.8 126.2 126.3 126.2 124.5 121.5 119.5 115.8 112.7 110.1 108.7 106.1 102.4 99 95 86.2 81.3 83.3 91.8 94.9 95.8 98.6 98.3 96.7 93.8 90.5 87.3 85 83.8 82.4 81.3 80.1 79.4 77.7 75.4 72.2 67.9 63 58.2 54.7 53.6 53.3 54.4 53.1 52.8 51.2 50.2
111.2 111.9 129.7 149.2 168.2 176.6 180.8 185.2 188.5 189.7 188.4 181.4 174.2 172.1 177.4 187.9 198.7 201.9 201.8 201 198.2 194.4 190.1 186 179.5 177.3 172.5 167.9 161.8 154.5 145.9 136 137.5 139.6 138.8 138.9 138.3 133.8 133.3 132 130.8 129.4 126.7 123.9 119.8 115.9 112.8 110.2 106 102 98.3 93.3 83.8 84.5 93.4 96.1 96.3 96.4 96.4 94.4 92.8 89.7 87.4 85.7 84 82.4 80.8 79.4 77.6 75.2 74.5 72.6 69.6 65.8 61.5 56.3 57.1 59.2 58.7 58 56.7 56.4 55 53.1
107.7 116.1 131.9 150.9 170.8 181.4 188.1 193.5 197 196.4 193.6 187.3 180.4 178.5 183.3 193 202.3 206.2 205.9 204.1 201.3 197.7 194 189 184.1 179.9 174 167 159.5 151.2 140.7 144.4 150.1 149.8 146.6 145.7 142.5 139.5 139.3 137.7 135.2 131.8 128.7 125.5 122.7 118.6 113.4 108.3 102.5 96.9 90.3 86.8 84.7 89.9 95.5 97.6 97 95.6 94.4 91.6 88.5 86 83.7 82.6 80.8 79.1 77.1 74.6 73.4 70.9 69.7 67.8 65.5 61.8 59.4 59.7 64.1 67.1 66.4 62 60.6 60.5 58.9 56.7
107.9 115.8 130.8 145.6 163.4 178.9 189.1 196 201.6 202.5 199.1 193.2 186.3 184.4 189.1 197.6 206.4 208.8 208.6 206.5 204 200.6 197 192.7 186.5 181.7 175.1 166.9 154.5 144.4 149.6 152.9 156.4 156.8 154 152.2 147.6 146.3 145 141.6 137.9 132.4 128.6 125.2 120.6 116.5 111.6 104.6 98.1 88.8 87 87.6 92.2 95.8 98.7 98.9 97.9 96.3 93.6 90 86.2 83 81.3 79.6 76.4 74.6 71.6 70.8 69.9 68.5 65.5 64.5 62.4 61 64 65.2 68.2 71.6 70.7 66.7 65.5 64.3 62.6 60.7
113.9 111.4 128.5 143.1 157.8 170.9 184.6 195.4 203.1 206.7 206.5 199.9 191.3 189.2 193.7 202.4 208.2 210 210.6 209.1 206.4 202.7 197.6 192.4 187.3 181.7 174.5 164.5 152.6 153.8 157.7 162.2 163.9 162.6 160.5 156.6 153.1 151.4 148.2 143 136.8 131.5 126.6 121.8 116 110.2 103.6 96.6 90.8 91.1 92.8 95.3 98.5 100.8 101.6 101 99.4 97 93.8 90.1 87 85.3 82.4 80.4 76.3 75.1 75.1 74.8 73.9 72.3 69.5 67.6 65.7 65.1 68.6 70 72.7 75 75.2 72.1 70.2 67.9 65.6 63.1
119.2 107.8 122.7 137.5 150.4 162.4 176.4 192.3 200.9 205.4 204.8 201.2 195.7 193.7 198.2 203.7 208.7 210.6 211.7 210 207 203.6 197.4 192.4 184.4 178 168.7 159 162.8 163.1 166.1 168.6 168.7 166.2 163.4 160.3 156.8 154.2 149.6 143.8 137.4 130.8 124.2 117.1 109.9 101.6 96.5 94 95.6 100.3 104.6 102.8 104 105.4 105.3 103.3 101 97.8 94.7 92.5 90.1 87.2 84.7 81 81.2 80.6 78 79.3 76.8 74.4 72.5 70.2 67.2 68.6 71.8 74.3 77.1 79 80 78.3 74.8 71 67.8 64.4
124.5 109.4 117 131.6 142.1 152.1 167.9 183.4 196.7 203.6 205.1 204.5 200.9 198.7 201.2 205.4 209.1 211.3 211.2 209.1 206.6 202.3 195.3 186.5 179.8 171.5 168.4 170.7 171 169.7 171.3 173.5 172.5 169.6 166.4 163.2 159.8 154.5 149.5 144 138.6 130.5 122.6 112.6 101 105.6 106.6 99.3 102 108.9 111.2 108 110.2 110.9 108.7 106.2 103.1 100 97.8 94.8 91.8 88.1 86.1 83.6 84.3 84.3 82 82.5 79.6 76.7 73.4 69.8 71.4 77 76.4 77.5 79.6 82.6 82.2 81.6 77.8 73.4 69.2 65.3
125 113.1 112.8 127.4 135.9 147.2 162 176.7 191.3 201.9 206.2 206.8 204.5 203.1 203.5 206.4 209.6 211.5 211.7 209.8 207.1 202.3 197.4 193 187.7 181.5 179.1 179.2 177.4 177 177.3 177.8 175.8 172.2 168.7 165.9 160.4 154.9 148.2 143.3 138.3 129.5 120.2 106.6 106.4 114.2 111.1 102 109.5 115.8 116.8 115.4 116.1 116 113 109.4 105.6 103.8 101 97.3 92.8 91.3 89.9 87.2 88.1 87 85.9 84.7 82.2 78 73.8 71.5 73.4 76.7 76.4 76.8 79.8 81.6 82.6 81.6 79.7 75.6 71.3 67.4
125.1 116.4 110 122.9 132.3 143.6 158.4 173 188.2 200.8 206.5 207.7 207.1 207.1 208.7 211.8 213.9 214.5 214.1 212 209 205.5 202.3 197.5 192.4 187.9 185.7 184.7 185.6 184.6 183.6 182.6 179 175.2 171.1 166.3 159.6 152.7 144.8 138.1 130.5 124.9 115.4 106.9 115.4 120 110.9 109.4 117.6 122.2 122.5 122 122.1 120 116.4 112.3 109.1 108 104.1 99.8 97.4 96.4 93.7 91.3 91.8 90.2 89.2 87.7 84.7 80.2 76.9 76.2 78.4 79.2 76.6 76.4 80.1 82 82.3 82.5 81.3 78.1 73.4 69
124.6 117.5 111.3 119.9 130.1 142.1 155.5 171.4 184.7 196.7 204 207.9 209.6 210.6 212.9 214.9 217.2 217.1 216.2 213.9 211.2 209.4 205.7 202.1 197.8 193.8 191.7 190.9 191.5 190.5 188.9 186.5 182.2 177.5 171.3 164.4 156.7 148.5 138.7 130.5 118 107.2 106.6 113 121.9 120.6 110.2 116.7 124.7 128.8 127.8 126.3 126.3 124.3 119.9 116.3 114.4 112 107.8 104 101.9 100.4 97.4 95.7 95.2 93.2 91.9 89.1 85.8 82.8 80 78.2 80.7 81.1 78.5 76.4 78.4 81.1 82.7 82.1 82.3 79.1 76.6 72.1
120.9 116.3 111.9 119.1 128.4 139.1 151.8 167.3 178.1 190.2 201.5 209 211.3 213.1 214.1 215.4 217.9 218.8 217 214.7 212.8 210.4 207.8 204.1 200.6 198.3 197.1 196.1 195.6 193.9 191.6 187.7 183 177.3 170.4 162.9 153.6 145.1 136.8 124.9 108.5 112.1 113.6 119.9 127.2 119.3 115.6 123 130.8 135.1 135 134.4 132 127.8 123.3 120.2 119.4 115.5 111.3 107.7 106.7 104.4 102.1 100.4 98.2 96.8 94.2 90.6 85.7 82.5 78.2 80 81.2 79.9 76.9 76.4 79.8 81.7 81 81.4 81.1 79.6 75.8 72
119.6 116.7 112.4 120.4 128.2 137.1 148.3 162.7 175.9 192 202 208.2 211.5 214.1 215.7 216.2 217.3 217.5 216.6 215.2 212.9 210.4 207.8 204.5 201.7 200.1 199.4 197.8 197 194.4 191.6 188 182.8 176.4 168.7 161.6 153.1 145.5 136.4 120.7 112.8 119.7 124 125.9 124.3 118.8 123.9 131.1 137.6 140.5 139.9 140.2 137.5 131.3 128.7 126.6 124.3 119.8 115.2 113.3 111.8 109 105.9 101.7 98.6 96.8 94 89.5 85.5 82.8 80.6 81.1 81.2 79.4 76.4 78.7 80.1 82.1 82.2 79 74.7 75 72.9 70
119.5 115.2 113.6 119.2 126.2 134.7 145.6 160.2 174.8 188.8 199.9 205.5 209.4 212.7 217.2 217.6 217.3 215.3 213.5 213.1 213.1 211.2 207.7 204.4 201.9 199.4 196.7 194.8 194.1 191.7 189 186.3 180.8 174.9 168.9 162.1 155.2 146.6 136.8 121.1 120.5 127.6 131.5 130.5 125.3 125.2 132.1 139.5 143.8 146.2 144.9 143.2 141.3 136.6 136.8 133 128.8 124.2 121.5 119.6 116 112.2 108.8 104.1 101.1 96.8 95.4 91.8 88.2 85.3 81.8 82 81.2 79.7 78.2 78.1 80.5 83 81.9 78.5 74.3 70.4 68.9 67.3
120 119 115.7 115.4 130.4 137.1 141.8 150.1 168.2 181.4 192.5 199 206.6 214.7 218.7 221.7 219.2 214.9 211.8 210.5 211.2 210.9 208.8 204.8 201.4 197.8 194.9 190.1 187.2 185.6 180.7 176.7 174.5 171.2 165.8 159.7 153.9 146.5 131.7 118.2 128.5 135.7 135.4 131.8 127.4 133.1 142.4 149 150.6 151.7 150.2 150.7 147.8 144.4 139.8 136.3 133.2 129.4 127.1 124.1 120.4 116.6 111.5 106.7 103.3 100 96.4 93.5 89.5 85.8 84.9 83.9 82.3 80.9 80.6 80.7 80.3 81.3 80.2 77.5 73.2 68.8 66.1 64.2
128.1 126.1 119.3 116.3 132.2 145.3 149.5 146.6 159.8 174.2 183.6 191.5 199.8 209.3 215.4 220 220.4 214.6 211.1 208.9 206.8 209 208.7 203.2 198.3 194.4 190.8 185.7 180.8 173.7 171.1 168.3 166.7 162.9 157.5 149.2 138.6 130.6 123.7 128.8 135.7 140.5 138.6 134.5 133.8 143.9 153.5 157.5 157.9 157 156 156.7 153.4 149.5 145.4 142.9 139.6 134.2 132.2 129.2 123.7 119.8 114.8 110.1 106.7 102.7 98.1 93 90.8 90.1 88.6 86.8 85 84.2 83.6 83 81.6 79.4 77.9 74.9 71.7 69.7 67.3 64.6
136.3 130.9 122.7 116.2 132.5 150 156.1 151.9 155 166 174.8 184.9 194.4 203 210.8 215.4 218.8 214.3 211.1 207.6 205.3 206.5 206.5 199.9 193.4 187.6 183.2 176.9 170.3 161.9 156 155 155.1 152.5 145.5 134.3 125.2 126.6 132.5 139.6 144.2 145.9 143 140.4 145.1 154.4 160.6 163.3 163.4 162.6 161.1 161.6 157.7 155 153.3 149.1 145.7 140.4 136.8 132.8 128 123.6 118.1 114.1 109.5 105.3 99.9 96.5 93.7 92.5 91.3 89.5 88.1 87.6 87 85.7 83.2 83.1 81.4 78.5 75.4 73.1 70.7 65.6
141.5 133.1 123.5 118 135.2 150.7 159.1 161 157.5 160.6 165.9 175.5 186 196.1 204.1 211.1 215.1 213.6 210.7 207.8 204.9 201.3 200.9 195.9 188.5 180.7 175.2 168.5 159.9 154.2 150.2 144.9 140.6 139.6 133 127 133 137.3 142.3 144.6 150.4 150.1 147 145.8 150.3 160.5 166.7 168.4 169 167.6 167.7 167.7 165.6 162.7 159 154.6 149.6 144.7 141.1 136.5 131.6 127.1 122 117.4 113 109.1 104 99.7 96.2 94 92 91.1 90.6 90.1 89.8 88.3 86.8 85.8 84.9 83.5 80.9 78.2 74.4 69.7
142.5 133.6 122.8 125.2 138.8 151.1 158.8 167 168.1 164.3 164.6 170.1 178.4 187.7 197.4 207.5 211.8 212 210.3 208.4 205.5 199.5 194.7 192.6 186.5 179.4 169.8 165.9 162.8 161.2 158.8 150.7 143.7 134.7 130.9 137.1 143.9 148.1 150.1 154.7 156.3 152.7 150.8 150.8 157.6 165.6 171.3 173.5 173.9 174.6 175.5 173.4 170.7 166.6 161.5 156 150.8 145.5 142.4 138.6 134.1 129.5 124.4 120.1 116.1 111.5 106.8 101.8 97.1 93.5 90.4 89.8 90.2 90.6 90.6 89.9 88.7 88.8 87.9 85.9 84.4 81.5 78.1 74.6
142.1 127.6 121.5 132.9 145.3 154.8 164.9 172.9 175.9 177.7 175.8 174.5 177.8 184.2 190.2 196.9 204.4 208.1 207.6 205.9 202.7 196.8 193.1 188.3 182.4 177.7 173.8 171.5 171.9 172.7 165.6 157.8 147.2 134.5 139.2 148.4 152.9 156.4 159.6 163.9 160.5 155.6 154.8 156.2 166.3 173.8 176.7 179 180.6 181.1 180.2 177.4 173.5 168.4 161.7 154.8 147.7 141.8 138.7 135 130.5 126.7 122.2 117.8 112.9 109.3 105.3 100.6 95.4 92.2 88.5 85.9 85.9 86.4 86.7 88.7 90.3 91.1 90.6 88.9 87 85.1 81.8 79.2
136.9 122.8 128.5 140.7 150.3 160.7 174.2 179.9 183.9 185.2 185 183.5 182.5 183.2 187 192.5 199.3 203.7 204.8 204.4 201.7 199.4 196.3 192.2 189.5 186 182.4 180.2 174.5 173 166.8 160.9 147.1 134.5 145.7 155.1 162 164.7 168.7 169.4 167.8 163.5 160.6 163 173.9 179.3 182.7 185.2 186.7 186.7 184 179.6 174.6 168.5 160.6 151.8 143 135.7 130.6 124.8 116.1 116.9 117.1 110.2 104.4 99.8 97.5 93.6 90.8 87.1 85.9 83.5 81 80.3 79 82.7 88 90.6 91.2 90.4 88.9 87 84.8 81.8
135.1 122.9 133.2 144.7 155.3 168.1 177.7 185.5 191.3 192.6 192.7 191.8 190.7 190.7 193.1 195.9 197.1 202.1 203.8 204.7 204.9 203.6 200.7 195.7 192.5 186.1 182.8 178.5 174.3 170.5 165.3 159.7 144.6 138.3 149.1 158.3 166.5 172.3 175.3 175 172.1 168.8 167.4 169.3 182.7 186 189.6 190.7 192 189.2 185.8 180.2 174.2 167.3 159.3 149.7 142.2 133 124.9 116.9 114 108.2 105 103.7 103.4 98.1 94.6 93.7 90.9 89.8 89.4 86.6 83.5 80.8 78 76.3 79.8 84.2 86.3 86.7 86.9 84.9 82.2 79.7
134.4 123.1 134.5 146.7 159.8 172.2 180.3 188.8 194.8 198.4 199.7 199.5 200.5 201 201.9 202.9 202.4 201.5 202.7 204 205.7 202.1 198.1 190.8 186.3 182.6 177.4 171.7 167.4 165.1 161.7 157.4 143.4 141.5 151.3 160 168.8 177.5 179.7 178.6 174.1 172.6 173.5 183 190.5 193.7 195.5 196.4 196 189.9 183.7 178.1 171.1 160.5 150.6 142 134.8 125.8 123.8 124.1 121.5 114.1 112.5 114.1 108.4 101.1 98.5 101.3 97.7 95.8 92.8 89.8 87.8 85.2 80.5 79.4 74.6 75.4 77 79.1 80.7 78.7 76.6 74.1
137.9 126.8 134.1 147.8 161.3 172.7 180.1 191.3 199.7 204.9 205.9 205.5 206.6 205.9 205 203.9 201.4 199 198.1 202.2 201.2 195.3 191.3 186.4 181.6 176.6 170 164 160.6 158.8 156.7 148.2 140 146.2 154.4 162.9 171.8 180.7 183.5 183.8 181.7 179.9 184.4 191 197.8 200.5 201 199.4 195.9 186.2 178.8 169.4 158.6 147.8 144.1 141.3 136.6 134.8 133.7 129.5 121.6 115.5 120.3 116.6 110.2 109.7 108.9 106.1 102.4 99.2 96.8 95.6 92.8 87.6 85 82 78.9 76.1 71.9 70.6 71.9 72 70.6 67.5
136.9 128.6 129.9 144.5 158.4 172.2 182.1 191.5 200.9 207.7 210.3 209.9 208.4 207.3 205.7 203.1 199.4 193.7 192.9 197.7 196.6 192.1 186.9 181.7 176.6 169.6 163 157 152.1 149.3 147.8 144.4 147.2 151.1 155.5 163.1 175.2 183.1 189.1 193.2 195.7 198.2 200.2 201.5 204.5 205 203.1 199.8 194.3 184.7 174.4 162.8 155 153.8 155 154.3 149.8 145.6 138.9 130.9 121.9 123.9 125 119.9 117.1 118.8 116.4 110.6 106.5 103.1 101.4 99.2 96.3 93.1 89.7 85.3 82.4 79.8 77.1 73.9 70 68.4 67.6 65
