public/OST50/ST33.asc
ncols 200
nrows 200
xllcorner 330000
yllcorner 130000
cellsize 50
[rows 0 to 42 of 200, columns 0 to 95 of 200]
6.6 6.5 6.4 6.5 6.4 6.3 6.1 6.1 6.2 6.3 6.4 6.5 7.2 8.2 1.1 -3.8 -3.8 7.7 7.6 6.8 7 7.5 7.6 7.1 6.6 6.2 6.2 6.1 6.2 7.5 6.8 6.4 6.1 6.2 6.3 6.3 7 6.3 6.6 6.6 6.4 6.9 7 7.3 7.7 7.3 6.4 6.6 6.6 6.6 6.9 7 6.7 6.8 6.9 6.9 6.9 7.2 7.5 6.9 6.4 4.9 7.2 6.7 8.6 17 25.9 28 30.7 24.6 14.1 21.7 24.9 26.5 28.5 30.6 30.7 29.8 26.8 22.4 22.8 26.1 29.4 31.8 34 35.9 36.4 35.4 33.8 32.4 31.5 31.6 32.3 32.7 32.6 34.2
6.5 6.6 6.6 6.4 6.3 6.2 6.2 6.2 6.2 6.3 6.5 6.6 6.7 7.4 2.9 -3.8 -3.8 7.5 7.8 7.1 7.4 7.4 7.3 7.1 6.4 6.3 6.3 6.3 6.2 7.7 6.9 6.8 6.4 6.4 6.3 6.2 6.8 6.9 7.1 6.9 6.6 6.6 7 7.4 6.7 6.3 6.7 6.7 6.5 6.8 7.5 6.8 6.8 6.8 6.8 6.8 6.8 7 7.4 7.7 7.5 5 2.6 6.9 7.1 7.2 7.8 11.4 11.9 11.3 9 11.1 14.1 13.8 15.8 16.3 14.4 16.6 17.9 16.2 19.1 25.4 29.8 33.3 36.7 40.3 39.7 38 35.7 33.9 31.3 28.9 30.7 31.3 30.3 30.3
6.3 7.1 6.7 6.5 6.3 6.2 6.2 6.3 6.1 6.6 8 7.6 -3.8 -3.8 -3.8 -3.8 -3.8 7.1 7 7.3 7.7 7.3 7 7 6.7 6.4 6.4 6.5 5.9 7.8 7 6.5 6.5 6.4 6.2 6.9 6.8 7.1 7.3 7 6.8 7 7.5 7.8 6.7 6.2 6.4 6.4 6.6 7.2 7.2 6.7 6.8 6.8 6.8 6.8 6.7 6.8 7 7.4 7.4 6.9 6.4 2.6 4.4 7.8 6.8 6.9 7.7 8.7 8.1 7.3 7.7 7.8 8.7 9.5 9.3 10 11.4 11.4 14.9 21.1 26.4 33 38.6 41.7 38.5 35.6 33 30.4 27.6 26.5 29.4 29.7 28.6 25
6.8 7.5 6.8 6.6 6.5 6.4 6.4 -3.8 -3.8 -3.8 -3.8 -3.8 -3.8 -3.8 -3.8 -3.8 7.1 7.4 7 7.3 6.9 7 7.4 6.4 6.6 6.7 6.4 6.4 6.3 7.9 7.8 6.5 6.5 6.5 6.4 6.5 7.2 7.4 7.5 7.3 7.2 7.7 7.7 8 6.6 6.5 7.2 7.5 6.8 6.3 6.8 6.6 6.7 6.8 6.8 6.7 6.6 6.3 6.6 7.1 7.4 7 6.6 6.7 4.1 2.6 7.3 6.5 7.3 7.4 7.1 6.9 7.2 6.8 6.8 6.6 6.7 7.8 8.4 8.7 10.8 18.9 28.8 30.2 38.1 37.7 33.8 30.2 27.3 24.5 22.2 22.7 25.1 19.4 24.8 23.5
6.6 6.6 6.6 7.3 6.5 -3.8 -3.8 -3.8 -3.8 -3.8 -3.8 -3.8 -3.8 -3.8 -3.8 7.3 8.9 5.6 5.6 7.1 6.7 7.2 6.9 6.2 6.3 6.3 6.3 6.4 6.1 7.9 5.4 6.5 6.5 6.5 6.4 7.4 7.4 7.5 7.6 7.6 7 7.1 7.9 7.7 6.6 10.9 9.3 8.6 7 7.1 6.7 7 6.4 6.6 6.7 6.6 6.5 6.4 6.4 6.5 7.3 7.3 6.7 6.4 8 6.1 2.6 5.5 9.6 7.6 7 7.1 6.4 6.7 7.1 7 6.6 7 7.7 8.1 7.8 13.4 25.6 28.7 32.8 30.3 27.2 24.3 19.8 17.7 17.8 18.6 20.5 21.2 20.9 19.9
7 6.4 6.8 6.7 -3.8 -3.8 -3.8 7.6 8 8 8.9 8.7 8 8.8 8.2 8.4 8.6 8.3 8.4 7.3 6.9 7.1 7.2 6.6 6.8 6.7 6.6 6.7 6.3 6.6 7 6.4 6.3 6.3 6.2 6.7 7.6 7.5 7.5 7.4 7.2 7 6.8 6.6 6.3 6.3 6.4 6.6 6.4 7 7.3 7.4 7.2 6.6 6.6 6.6 6.5 6.5 6.5 6.5 6.5 6.8 6.4 6.2 6.5 9 8.1 4 2.6 7.3 9.6 7.6 6.4 6.2 7 7.4 6.6 6.9 7.2 7.6 6.1 7.3 9.9 21.2 23.5 19.9 17.2 15.4 13 10.8 11 11.6 14.4 15.4 16.3 14.9
5.6 7.2 7 7 -3.8 -3.8 8.9 6 8.6 8.4 8.3 8.3 8.2 8.2 8.2 8.2 8.5 8.4 6.8 6.4 7.2 6.3 6.7 6.2 6.3 6.7 6.5 6.3 6.1 5.2 7.6 6.6 6.4 6.2 6.4 6.5 7.6 7.3 7.2 7 7.4 7.4 7.7 6.4 6.3 6.4 6.5 6.7 6.6 6.5 6.5 6.5 6.4 6.5 6.5 6.5 6.6 6.6 6.6 6.7 6.5 6.4 6.6 6.9 6.8 6.4 7.2 6.9 6.9 2.6 2.9 7 9.4 6.2 6.3 6.3 6.6 6.2 6.9 9.7 10.5 8.5 8.3 9.7 13.5 13.5 11.1 10.3 8.9 7.4 7.1 7.4 7.1 8.6 9.3 8.6
5.6 6 6.4 -3.8 -3.8 7.1 6 6 8.6 8.4 8.4 8.3 8.2 8.2 8.3 8.3 8.3 8.8 6.8 6.4 6.2 6.6 7.3 5.4 6.8 6.4 6.7 6.7 6.6 5.4 7.7 6.5 6.4 6.2 6.7 7.1 7.2 7.2 7.1 7 7.2 7.6 7.2 6.7 6.4 6.4 6.5 6.5 6.5 6.4 6.4 6.4 6.4 6.4 6.5 6.5 6.6 6.7 6.7 6.7 6.5 6.2 6.5 6.7 6.8 6.5 6.9 6.6 7.9 8.1 5.3 2.6 6.8 6.9 6.4 7.3 6.1 5.9 5.5 6.5 7.3 8.8 9.4 9.3 9.6 9.3 7.9 7.7 6.9 6.1 5.7 6.1 5.4 5.4 5.5 5.8
6.3 6.4 6.5 -3.8 -3.8 6.6 6.1 6 8.2 8.4 8.3 8.2 8.2 8.3 8.4 8.4 8.4 8.3 6.7 6.4 6.6 6.4 7 6.9 6.5 7.6 6.5 6.8 6.4 6.6 7.9 6.7 6.8 7 6.8 6.6 7.2 7.2 7.3 7 6.9 6.8 6.3 6.3 6.3 6.3 6.3 6.3 6.4 6.3 6.3 6.3 6.4 6.4 6.4 6.5 6.6 6.7 6.8 6.7 6.3 6.1 6.2 6.6 6.5 6.4 6.1 6.5 6.7 7.1 7.1 5.8 2.6 4.8 7.2 6.9 7.1 6.7 5.9 7.1 7.3 8.5 9.8 9.1 8.7 7.6 6.8 6.6 5.9 5.4 5.2 5.2 4.9 4.7 4.8 4.8
3.7 6.5 6.5 8.1 -3.8 -3.8 8.4 6.6 8.4 8.5 8.3 8.2 8.2 8.3 8.4 8.5 8.4 8.3 7.1 6.6 6.3 6.2 6.5 6.4 6.5 6.2 6.5 6 7.1 6.1 6.7 7 6.7 6.1 6.9 6.9 6.5 6.3 7.2 7.3 7.1 7.1 6.7 6.3 6.3 6.3 6.3 6.3 6.3 6.2 6.3 6.3 6.4 6.4 6.4 6.5 6.6 6.8 6.7 6.4 6.2 6.4 6.7 6.7 6.5 5.9 5.9 6 6 5.9 6.1 6.7 7.6 3.7 3.4 7 6.1 6 6 6 6.2 6.5 6.8 8 7.6 6.6 6 5.8 5.8 5.3 5.1 4.9 4.8 4.6 4.7 4.6
5.8 5.6 6.5 6.8 -3.8 -3.8 -3.8 8.8 8.2 8.4 8.2 8.2 8.3 8.4 8.4 8.5 8.4 6.8 6.7 6.6 6.8 6.4 6.7 6.3 6.7 6.2 6.4 6.2 6.6 5.8 6.8 7.7 6.3 6.4 7.1 7.1 6.7 6.6 6.7 7 7 6.9 6.9 6.3 6.3 6.3 6.3 6.4 6.4 6.4 6.1 6.1 6.1 6.2 6.5 6.6 6.7 6.6 6.3 6.4 6.5 6.2 6 6.1 6 5.9 5.9 5.9 5.9 5.9 6.1 6.9 6.8 6.9 3.8 4.1 6.4 6.9 5.9 5.8 6.1 5.9 5.7 7.2 7.2 6.1 5.5 5.2 5.6 5.7 5.1 4.7 4.5 4.3 4.4 4.4
5 5.9 5.8 5.9 6.8 -3.8 -3.8 7.1 8.7 8.8 8.2 8.2 8.3 8.3 8.4 8.6 8.5 6.7 8.2 6.5 6.1 5.1 7.2 6.8 6.5 6.1 6.1 6.9 6.1 5.9 7.1 7.9 6.2 6.3 7 7.4 7 6.6 6.4 7 6.8 6.8 6.6 6.4 6.4 6.5 6.5 6.5 6.4 6.3 6.2 6 5.9 6.2 6.5 6.7 6.8 6.8 6.2 6.2 6 5.9 6 6.1 5.9 5.8 5.8 5.7 6 6 6 6.5 7 7.1 7 3.5 3.2 7.4 7.2 6.6 5.8 5.7 6.2 6.2 6.6 5.9 5.4 5 5.6 5.6 5.5 5 4.6 4.2 4.1 4
5 5 5.1 5.6 6.9 6.8 -3.8 -3.8 8.7 8.4 8.2 8.2 8.2 8.3 8.5 8.7 8.7 7.8 6.2 10.2 6.5 6.2 6.8 6.8 6.8 5.5 6.4 6.5 6.5 6.2 6.2 6.3 7.6 6.2 6.4 7.2 7 6.9 6.8 6.8 6.8 6.6 6.3 6.4 6.6 6.6 6.6 6.5 6.4 6.3 6.2 6.8 6.5 6.5 6.5 7.2 6.5 7.6 7.4 6.1 6.2 5.9 6 6.1 5.8 5.8 5.7 6.4 6.5 6.7 6.9 7 6.9 6.9 6.9 5.1 4.1 2.6 7.6 6.5 5.7 5.8 6.1 6.4 5.8 5.3 5.3 5.2 5.4 5.4 5.2 5.1 4.6 4.2 3.9 3.8
4.9 5 5 5 5.2 6.8 -3.8 -3.8 8 8.5 8.2 8.1 8.2 8.4 8.6 8.7 8.9 7.1 6.3 6.4 11.8 7.1 6.5 6.8 7.5 6.3 6.5 6.4 7 6.4 6.4 7.3 7.7 6.2 6.1 6.2 6.3 6.5 7 7 7 6.6 6.8 6.2 6.7 6.7 6.6 6.5 6.4 6.3 6.6 6.3 6.4 6.9 6.8 7.1 6.9 7.4 7.2 7.6 5.8 6 7.1 6.8 6.7 6 5.8 6.3 7.3 7.5 7.1 6.9 6.8 6.6 6.4 7.1 6.2 5.6 3 6.4 6 6.7 6.6 6.3 6.3 6.1 5.7 5.3 5.1 5.1 4.9 5.1 4.6 4 3.8 3.8
7.1 5 5 5 5.6 6.7 8.4 -3.8 7.6 8.3 8.1 8 8.2 8.2 8.3 8.4 6.8 6.6 6.3 6.3 6.3 6.7 7.8 6.6 7.9 6.3 7.2 6.6 6.5 6.4 6.9 7 6.5 7.3 6.5 6.3 6.2 6.3 6.8 7.2 6.8 6.8 6.6 6.2 6.2 6.3 6.3 6.3 6.3 6.3 6.3 6.4 6.5 6.6 7 6.5 7.5 6.6 7.4 6.8 7.4 6.8 6.5 6.9 6.4 6.1 6 7.2 7.5 7.5 7.2 6.8 6.7 7 7.1 6.6 6.8 6.2 5.1 6.5 5.6 6.8 6.3 6.4 6.1 5.9 5.7 5.3 5 4.8 5.4 5 4 3.8 3.7 3.7
6.5 6.9 7 6.1 6 6.7 -3.8 -3.8 7.6 8.4 8.2 8.2 8 8.1 8.3 8.4 6.5 6.4 6.3 6.4 6.3 6.8 6.4 9.1 8.3 4.8 6.4 6.6 6.3 6.4 6.7 6.5 6.2 7.7 6.3 6.5 6.3 6.2 6.4 6.5 6.5 6.1 6.9 6.3 6.4 6.4 6.4 6.4 6.4 6.4 6.4 6.4 6.5 6.6 7.1 7.3 7.4 7.2 6.8 7.3 7.4 6.5 6.8 6.8 6.3 6.3 6.6 7.5 7.8 7.7 7.4 7 6.6 6.7 6.8 6.9 6.5 6.5 5.8 6 2.6 7.1 7.7 6.7 5.9 5.7 5.6 5.2 5 5.3 5 4.8 4.3 3.7 3.7 3.7
6.4 6.6 6.5 6.5 6.7 7.2 -3.8 -3.8 9.2 8.4 8.3 8.2 7.8 7.9 8 8.1 7.5 6.6 6.2 6.6 6.6 6.9 6.3 5.9 8 6.6 6.4 5.2 6.3 6.2 6.2 6.4 6.7 6.3 7.5 6.4 6.1 6.3 6.4 6.4 6.9 6.3 6.4 6.5 6.5 6.6 6.6 6.6 6.6 6.6 6.5 6.5 6.4 6.8 7.4 7.4 7 7.5 7.1 7.3 7.3 7 6.5 6.4 6.5 6.6 6.6 6.7 7.7 7.7 7.7 7.1 6.4 6.3 6.8 6.9 6.7 5.4 6.5 7.5 6.4 2.6 7 6.9 6 5.5 5.5 5.6 5.6 5.4 5 4.9 4.5 4 3.5 3.6
6.3 6.4 6.7 6.9 6.9 -3.8 -3.8 8 8.3 8.3 8.3 8.3 7.6 7.7 7.8 6.8 7 6.2 6.5 6.4 6.5 6.2 6.6 6.3 6.9 6.4 6.4 6.8 6.4 6.9 6.7 6.3 6.5 6.4 7.8 5.1 6.3 6.3 6.5 6.5 6.5 6.5 6.5 6.6 6.7 6.7 6.7 6.6 6.6 6.7 6.8 6.7 6.6 6.6 6.8 6.8 6.9 6.5 7.2 7.3 7.3 7.1 6.5 6.6 6.6 6.7 7 7 7.1 6.6 6.8 5.9 6.1 5.9 6.3 6.6 6.1 7.7 9.5 7.8 5.3 6.4 2.6 6.4 5 5.4 5.7 5.8 6.5 5.6 4.9 4.8 4.5 4.4 4.5 4.2
6.4 5.5 6.9 7.1 -3.8 -3.8 -3.8 8.8 8.2 8.2 8.2 8.2 8.5 7.7 7.8 7 6.8 6.2 6.3 6.2 6.5 6.3 7 6.6 6.8 6.7 6.4 6.5 6.6 7.1 6.4 6.4 6.7 6.4 6.6 7.3 6.3 6.3 6.5 6.6 6.7 6.6 6.6 6.7 6.9 6.8 6.6 6.5 6.6 6.7 6.9 6.5 6.8 6.8 6.9 6.6 6.4 6.3 6.5 6.6 6.8 6.6 6.9 6.4 6.5 6.7 7.1 7.4 7.3 7 6.4 5.3 6.3 6.4 6.2 6.2 5.5 10.7 11.1 7.1 5 4.9 5.1 2.6 6.9 5.6 5.6 5.6 7.5 6.7 5.2 4.7 4.5 4.5 4.6 4.4
6.2 6.4 6.6 6.9 -3.8 -3.8 8.4 8.4 8.2 8.2 8.1 8.2 8.2 7.5 7.5 6.8 7.1 6.3 6.3 6.3 7.4 6.1 7.3 7.3 7.1 6.9 6.9 6.3 6.5 5.3 6.6 6.4 7 6.3 6.5 7.5 6.7 6.3 6.4 6.7 6.8 6.7 6.7 6.8 6.9 6.6 6.5 6.4 6.6 6.7 6.7 6.8 6.5 6.8 6.4 6.3 6.4 6.4 6.4 6.4 6.9 6 6.5 6.5 6.4 6.8 7.2 7.5 7.9 8 7.5 6.7 5.8 5.7 5.9 6.2 6.2 9.4 13.1 6.9 6.1 4.6 4.2 5 2.6 6.2 5.4 5 7.4 8 6.4 5.3 4.8 4.5 4.6 4.6
6.4 6.8 6.2 7.3 -3.8 5.8 8.6 8.2 8.2 8.2 8.2 8.2 8.2 8 7.4 7 6.4 6.3 6.3 6.3 6.8 6.4 7.1 7 6.9 6.7 6.8 6.2 6.3 6.4 6.5 7.3 6.3 7 6.3 6.6 7.2 6.5 6.5 6.9 6.8 6.8 6.8 6.9 7 6.5 6.3 6.4 6.5 6.5 6.5 7 6.7 7 6.2 6.3 6.3 6.3 6.2 6.2 6.4 6.3 6.7 6.6 6.4 6.8 7.2 7.6 8.2 8.7 8.4 8.5 7.2 5.1 5.7 5.9 4.9 7.6 14.3 11.3 6.4 4.5 4.2 4.5 5 3.9 5.6 5.3 5 9.2 9.6 7.6 6.2 5.5 5 5.2
5.6 6.5 6.3 7.7 -3.8 7.7 6.8 6.9 7.8 6.9 -3.8 7.5 9.3 8.1 7.9 6.7 6.4 6.3 6.4 6.4 6.3 6.6 6.6 6.7 6.7 6.5 6.7 7 6.2 6.2 6.2 6.5 7.2 6.5 6.8 6.8 5.8 7.2 6.2 8.6 8.7 6.5 6.8 6.7 6.9 6.9 6.2 6.2 6.3 6.3 6.5 6.3 6.2 6.2 6.3 6.3 6.3 6.4 6.4 6 5.9 5.9 6.5 6.9 6.7 6.9 7.1 7.1 8.2 8.8 9.2 9.4 8.3 6.6 4.6 5 4.8 4.5 10.2 13.4 9.8 6.4 4.5 4.4 5.4 2.5 5.8 5.7 4.9 7.9 12.3 11.3 9 7.6 6.5 6
5.6 6.4 8.9 8.6 -3.8 -1.6 -1 -3.8 -3.8 -3.8 -3.8 -3.8 -3.8 9.7 6.8 6.1 6.6 6.4 6.5 6.6 6.5 6.2 6.2 6.2 6.3 6.3 6.3 6.2 6.4 6.1 6 6.2 6.7 6.7 7 6.8 6.5 7.1 6.6 8.8 8.3 7.3 6.7 7.2 6.7 6.5 6.2 6.2 6.2 6.2 6.2 6.2 6.2 6.2 6.2 6.2 6.3 6.3 6.3 5.6 5.5 6.4 6.7 6.8 6.6 6.7 7.7 8 7.2 8.1 8.5 8.3 9.1 7.8 5.3 5.1 5.3 4.9 6.3 13.5 11.4 6.7 4 4.1 4.8 4.5 2.5 5 5.2 5.1 9.3 14.3 13.3 10.9 8.8 7.3
7.7 11.1 10.4 10.2 9.3 -3.8 -3.8 -3.8 7.3 9.8 10 10.2 -3.8 -3.8 6.8 6.3 6.3 6.2 6.2 6.3 6.5 6.3 6.2 6.1 6.1 6.4 6.1 6.8 6.6 6.8 6.2 6.1 6.4 6.6 6.8 7 6.3 6 7.7 8.9 7.2 7.7 7.1 8.9 6.7 6.3 6.4 6.3 6.3 6.3 6.1 6.6 6.2 6.1 6.6 6.1 6 6 6 6.3 5.6 6.6 7 7.3 7.2 7.6 7.8 8.1 8.4 8.8 7.8 8.7 8.7 7.9 6 5.1 5.3 5 4.6 9 8.7 4 4.3 4.3 4.2 4.8 5.1 2.5 6.8 4.8 6.5 12.9 16.8 15.5 12.7 10.3
6.8 10.9 11.4 11 10.2 7.3 7.6 7.7 10.4 11.1 11.2 10.7 9.1 -3.8 6.9 7 6.2 6.2 6.2 6.2 6.3 6.2 6.1 6.1 6.1 6.5 7 7.3 6.7 6.5 6.1 7.1 6.2 6.4 6.6 6.6 6.3 6.2 7.3 5.6 6.9 7 10.3 6.3 6.3 6.3 6.4 6.3 6.3 6.2 6.2 6.6 6.2 6.1 6.3 6.1 5.9 5.8 5.7 5.9 6.4 7.1 7.5 7.8 7.6 7.7 8.1 8.2 8.3 8.6 8.8 9.1 8.8 7.7 6.1 4.9 4.4 4.9 5 5 4.4 4.1 4 4 4 4.1 4.6 4.8 2.7 4.3 5.1 8.5 15.4 18.2 16.5 14
9.3 11.4 11.8 11.5 10.8 6.9 7.4 7.7 11.2 11.5 11.5 11.1 8.2 -3.8 6.8 6.3 6.2 6.2 6.1 7.9 6 6 6.1 6.1 6.1 6.1 6.6 6.8 6.6 6.3 6.1 5.6 6.2 6.2 6.3 6.2 6.8 6.2 6.8 7.4 6.4 9.4 12.8 6.6 6.8 6.3 6.3 6.3 6.3 6.3 6.3 6.9 6.1 6.1 6.1 6.1 5.9 5.7 5.6 5.7 6.5 7.1 8.1 8.4 8.1 7.9 8.1 8 8 8.2 8.3 8.3 7.9 6.9 5.4 4.4 4.3 4.3 4.3 4.7 4.1 3.9 3.8 3.8 4 4 4.2 4.8 3.6 4 4.7 5.3 7.9 11.5 13.2 13.7
10.9 11.8 12.1 11.9 10.6 6.8 6.7 7.5 11.3 11.8 11.5 11.1 8.5 -3.8 6.7 6.5 5.7 5.6 6.1 7.3 6.1 6.1 6.1 6.1 6.2 6.2 6.4 6.2 6.5 6.2 6.7 5.6 5.6 5.1 5.1 6.2 6.8 6.4 6.6 6.8 7.5 14.5 11.5 9.9 6.6 6.3 6.3 6.2 6.3 6.4 6.4 6.3 6.1 6.1 6 6 5.8 5.7 5.7 5.9 6.7 7.5 8.4 8.8 8.6 8.2 7.8 7.5 7.6 7.8 7.9 7.6 6.7 5.6 4.8 4.1 4.2 4.2 4.2 3.9 4.2 3.8 3.6 3.7 3.9 3.9 3.9 4 5.4 2.5 5.8 4.9 4.4 4.5 5 5.4
11.4 11.7 12.2 11.9 11 7.3 7.9 7.2 11.4 11.7 11.4 11 -3.8 -3.8 6.7 6.5 6.3 6.1 6.4 7 6.4 6.2 6.2 6.2 6.3 6.3 6.2 6.2 6.4 6.5 6.6 5.6 5.6 5.1 5.1 5.1 5.1 6.3 6.4 6.2 7.3 8.6 9.2 7.7 6.4 6.6 6.6 6.3 6.4 6.4 6.4 6.2 6 6 6 6 5.8 5.7 5.8 6.5 7.4 7.8 8.3 8.5 8.4 7.4 7 6.3 6.8 7.2 7.3 6.9 6 4.7 4.1 4.1 4.1 4.2 4.3 4.5 4.4 4.1 4.1 3.8 3.9 3.9 3.8 3.8 3.8 4.7 2.5 6.5 5 4.4 4.4 4.4
10.9 11.6 12.2 11.7 10.5 7.5 8.3 6.7 10.9 11.1 11 10.3 -3.8 -3.8 6.7 6.4 6.3 6.3 6.4 7.1 6.6 6.4 6.4 6.4 6.3 6.2 6.2 6.7 6.7 6.6 5.1 6.2 6 6.3 6.5 5.3 5.1 5.1 7.1 13.9 6.7 7.2 8.2 7.5 7.4 6.4 6.9 6.7 6.5 6.4 6.2 6 6 6 6 5.9 5.8 5.8 6.2 6.7 7.3 7.6 8 8.2 7.7 7.3 6.2 5.8 5.5 6.2 6.2 5.6 4.9 4.4 4 4.1 4.2 4.3 4.5 4.7 4.4 4.2 5 4.8 4.3 4 4 3.7 3.8 4.6 5.1 2.5 4.7 4.4 4.5 4.4
10.9 11.4 12 11.6 10.1 7.4 8.4 6.5 9.2 8.4 7.4 -3.8 -3.8 8.4 6.5 6.2 6.2 6.3 6.5 6.7 6.6 6.6 6.5 6.4 6.3 6.2 6.2 6.6 6.6 6.5 6.4 6 6 6 6 5.6 5.6 8.1 12.9 10.8 6.1 7.3 6.5 6.7 6.5 6.6 6.5 6.2 6.4 6.3 6.1 6 6 5.9 5.9 5.9 5.9 5.7 5.8 6.3 6.9 7.3 7.7 7.2 7.1 6.4 5.7 5.2 4.9 4.9 4.9 4.4 4.3 4 3.8 3.9 4.1 4.4 4.6 4.7 4.3 4.4 4.7 4.4 4.3 3.7 3.8 3.9 3.8 3.8 5.4 3.3 4.5 4.7 4.5 4.3
10.6 11.2 11.6 11.6 9.4 6.5 6.3 6.3 6.5 -3.8 -3.8 -3.8 -3.8 6.5 6.8 6.6 6.4 6.6 6.7 6.8 6.8 6.8 6.6 6.3 6.2 6.1 6.4 6.2 6.4 6.5 6.4 6.4 6.6 6.3 6.3 7 9 7.4 8.4 7.2 7.7 7 7.2 6.3 6.4 6.3 6.7 6.1 6.1 6.5 5.9 5.9 5.8 5.8 5.8 5.9 5.9 5.7 5.7 5.9 6.4 7 6.9 7 7 6.4 6.3 5.3 5.1 4.6 4 3.8 3.8 3.7 3.7 3.9 4.1 3.9 4.6 4.6 4.6 4.3 4.4 4.4 4 4.1 4.3 4.2 3.8 3.7 4.2 5.7 3 5.7 4.4 4.4
11 11.4 11.5 10.8 6.2 6.6 6.8 -3.8 -3.8 -3.8 -3.8 8.1 6.7 6.4 6.4 7 6.2 6.5 6.8 6.7 6.5 7.1 6.8 6.4 6.8 6.5 6.2 6.3 6.5 6.7 6.6 6.3 6.3 6.7 6.7 7.1 6.9 6.9 7.2 6.7 7.7 7.1 7.3 6.2 6.1 6.1 6.6 6.3 6.3 6.3 5.7 5.7 5.7 5.7 5.7 5.8 5.6 5.8 5.7 5.9 6.3 6.7 6.8 6.8 6.8 6.5 6.7 6.3 5.7 4.6 4.9 4.1 3.8 4 4.7 5.1 5 4.4 4.2 4.2 4.9 4.2 4.3 4.1 3.8 3.9 4 4.6 4.1 3.9 4.3 4.4 5.4 2.5 5.3 4.4
10.1 10.6 10.5 9.9 8.5 7.4 -3.8 -3.8 7.8 7 7.1 6.2 6.6 6.8 6.5 7.5 6.3 6.1 6.6 6.5 6.3 6.2 6.3 6.3 7 6.8 7 6.3 6.5 6.5 6.8 6.5 6.1 6.6 6.7 6.7 6.7 7.2 6.8 6.5 6.4 7.1 6.5 6.5 6.2 6.1 6.2 6.3 6.3 6.3 5.7 5.6 5.6 5.6 5.6 5.6 5.4 5.2 5.3 5.9 6.2 6.4 6.5 6.6 6.6 6.7 6.3 6.2 6.3 5.9 5.5 4.8 4.4 4.3 5.7 7 7.2 6.9 4.3 4 4 4.2 4.4 4 3.9 4 4.2 4.5 3.9 3.9 3.9 4 5.3 5 2.6 4.4
8.3 9 9 7.9 -3.8 -3.8 -3.8 7.6 6.6 6.3 6.2 6.5 6.8 6.7 6.4 6.4 6.3 6.2 6.4 6.3 6.2 6.2 6.3 6.3 6.7 6.5 6.4 6.3 6.1 6.4 6.2 6.8 6.6 6.6 6.2 6.1 6.7 6.8 6.5 6.5 6.5 6.8 6.5 7.4 6.3 6.2 6.9 6.2 6.3 6.3 6 5.9 5.8 5.8 5.7 5.4 5.2 4.6 4.2 5.1 5.8 6.1 6.3 6.4 6.3 6 6.2 6.1 6.2 6.1 5.4 4.5 4.2 4.7 5.9 7.2 7.7 7 6.4 5.6 4.4 3.3 3.5 4.2 4 4.1 4.4 4.2 3.9 3.8 3.7 3.7 4.1 5.3 2.8 4.2
6.9 8 7.9 -3.8 -3.8 -3.8 7.6 7.1 6.3 6.2 6.3 6.1 6.6 6.6 6.5 6.4 6.3 6.3 6.8 6.2 6.1 6.1 6.2 6.3 6.4 6.3 6.4 6.3 6.5 6.7 6.5 6.2 6.6 6.3 6.7 6.6 6.8 6.6 6.6 6.5 6.5 6.4 6.5 6.9 5.5 6.1 6.9 6.8 6.3 6.3 6.3 6.5 5.9 6 6 5.6 4.8 5.2 4.9 4.9 4.7 5.1 5.4 5.5 5.5 5.2 5 4.9 5.8 5.6 5 4.4 4.3 4.7 6 6.9 7.5 7.2 6.7 6.6 6 4.6 3.5 4 4.3 4.3 4.1 3.9 3.8 3.7 3.7 3.7 3.9 3.8 5.1 2.5
6.4 7 -3.8 -3.8 8.2 7 6.9 7.1 6.5 6.4 6.2 6.5 6.7 6.6 6.6 6.5 6.4 6.3 6.9 6.3 6.1 6.1 6.3 6.8 6.3 6.5 6.5 6.4 6.6 6.9 6.8 6.5 6.1 6.6 6.6 6.2 6.6 6.6 6.5 6.4 6.3 6.3 6.3 6 7.6 5.7 6.9 6.9 6.6 6.3 6.6 6.8 7.1 6.3 6.1 5.9 5.8 5.9 5.9 5.5 5.3 4.8 4.5 3.8 4.4 4.8 4.7 4.6 4.5 4.6 4.7 4.5 4.5 4.8 5.8 6.7 7.2 7.4 7.2 7 6.7 5.5 4.8 4.5 4 3.7 3.8 3.7 3.7 3.6 3.6 3.7 3.9 3.8 4.6 5.2
10.3 -3.8 -3.8 -3.8 7 6.7 6.7 6.7 6.7 6.5 6.3 6.8 6.8 6.7 6.6 6.5 6.3 6.3 6.8 6.3 6.3 6.2 6.2 6.3 6.5 6.6 6.7 6.8 6.8 6.7 6.6 6.6 6.4 6.1 6.6 6.5 6.2 6.3 6.3 6.3 6.2 6.2 6.3 6.2 7.3 6.4 6.9 7 6.5 6.3 6.5 6.6 6.6 6.4 6.5 6.6 6.5 6.5 6.4 6.3 6.2 6.1 5.5 5.1 5.5 5.6 5.1 5.1 5 4.9 4.8 4.5 4.3 4.5 5.3 6.5 6.7 6.9 7.2 7.3 6.9 6.6 6.4 6.1 4.5 6 3.4 3.6 3.6 3.5 3.5 3.7 4 4.1 4.3 5.3
-3.8 -3.8 7.6 7 6.6 6.5 6.6 6.8 6.8 6.6 6.3 6.6 6.8 6.7 6.6 6.5 6.3 6.2 6.8 6.4 6.4 6.4 6.3 6.3 6.6 6.8 6.9 6.7 6.5 6.5 6.4 6.4 6.4 6.2 6.3 6.1 6.5 6.6 6.4 6.2 6.2 6.2 6.2 6.2 6.2 6.1 5.8 6.5 6.2 6.3 6.5 6.7 6.8 6.5 6.4 6.6 6.5 6.7 6.9 6.5 6.6 6.6 6.1 5.9 6.1 6 6.1 6 5.9 5.5 5.1 4.7 4.6 4.7 4.6 6.5 6.6 6.5 6.6 6.9 6.9 6.6 6.7 6.5 6.3 3.6 5.8 4.8 4.1 3.6 3.6 3.8 4 4.1 4.3 4.3
-3.8 7 7.5 6.9 6.6 6.3 6.5 6.6 6.9 6.6 6.3 6.3 6.6 6.7 6.6 6.4 6.3 6.2 6.6 6.4 6.4 6.4 6.4 6.4 6.5 7 6.5 6.3 6.4 6.5 6.3 6.3 6.2 6.4 6.6 6.4 6.2 6.5 6.5 6.2 6.2 6.2 6.2 6.2 6.2 7.5 5.9 6.1 6.1 6.3 6.5 6.6 6.8 6.4 6.5 6.6 6.5 6.9 7.3 7.1 7 7.2 7.3 6.7 6.4 6.3 6.7 6.6 6.6 6.2 5.3 4.8 5 4.8 5 4.7 5.1 6 6.1 6.5 6.8 6.5 6.7 6.9 7.4 7.4 7.3 6.4 6.1 5.5 4.9 4.1 3.7 3.4 4 3.7
6.6 6.8 7 7.2 6.7 6.4 6.3 6.3 6.6 6.6 6.3 6.9 6.6 6.5 6.6 6.5 6.3 6.3 6.4 6.4 6.4 6.4 6.4 6.6 6.6 6.8 6.5 6.5 6.4 6.4 6.4 6.9 7.1 6.6 6.2 6.4 6.7 6.6 6.3 6.2 6.2 6.2 6.2 6.2 6.2 7.3 6.4 6.2 6.1 6.2 6.3 6.2 6.2 6.3 6.4 6.5 6.5 6.9 7.3 7.6 7.5 7 7.6 6.9 6.4 6.6 6.8 6.7 6.6 6.1 6.1 5.9 5.6 5.7 4.8 5.7 5.4 5.4 5.4 5.9 6.3 6.6 6.8 7.5 7.7 7.6 7.5 7.4 7.2 7 7.1 6.8 5.8 4.2 3.2 3.7
6.3 6.3 6.6 7 6.6 6.2 6.5 6 6.4 7.1 6.5 6.5 6.2 6.2 6.4 6.5 6.4 6.4 6.3 6.4 6.4 6.4 6.4 6.7 6.8 6.7 6.4 6.7 6.6 6.5 6.4 6.2 6.3 7 6.2 6.7 6.5 6.7 6.5 6.3 6.5 6.1 6.2 6.3 6.2 7 5 6.2 6.2 6.1 6.2 6.5 6 6 6.1 6.2 6.3 6.8 7.2 7.7 7.4 6.9 6.9 7.5 7 6.8 6.5 6.8 6.7 6.7 6.2 6.3 6.4 6.5 6.2 6.3 6.1 5.8 5.1 5.6 6.4 6.5 7.1 8.1 7.9 7.7 7.5 7.4 7.2 6.9 7.1 7.2 7.3 7.1 4.7 4.3
6.9 6.7 6.3 6.6 6.2 6.7 7 6.9 6.5 6.8 6.9 6.7 6.8 6.8 6.8 6.7 6.4 6.4 6.3 6.7 6.3 6.4 6.5 6.7 6.7 6.2 6.3 6.7 6.8 6.7 6.3 6.4 6.1 6.4 6.5 6.6 6.5 6.4 6.5 6.6 6.6 6.5 6.4 6.2 6.5 7.1 7.5 6.3 6 5.8 5.9 6.5 6.1 6 5.9 5.9 6.1 6.6 7 7.4 7.5 7.2 7.7 7.7 7.7 7.5 7.4 6.8 6.8 6.7 6.6 6.6 6.6 6.7 6.8 6.7 6.5 6.1 5.2 5.5 5.8 7 7.9 8 7.9 7.7 7.6 7.4 7.1 7 7.1 7 7.5 7.3 6.2 3.9
6.4 6.8 6.7 6.4 6.6 7.1 7.3 7.1 6.8 6.3 6.5 6.7 7.2 7.2 7.2 7.3 6.7 6.3 6.2 6.3 6.6 6.9 6.5 6.4 6.4 6.2 6.2 6.5 6.6 6.7 6.2 6.3 6.1 6.1 6.5 6.2 6.6 6.6 6.6 6.6 6.5 6.4 6.4 6.3 6.2 6.3 7.6 6.4 6.1 6.2 6.2 6.6 6.2 6 5.9 5.9 6.1 6.3 6.7 7.2 7.2 7.2 7.3 7.4 7.4 7.5 7.7 7.8 7.8 7.3 6.6 6.8 6.4 6.4 6.6 6.9 6.7 6.6 6.7 6.6 6.5 6.7 7.5 8 7.8 7.6 7.4 7.3 7.1 7 6.9 6.8 7.2 6 5.3 4.4
