public/OST50/ST34.asc
ncols 200
nrows 200
xllcorner 330000
yllcorner 140000
cellsize 50
[rows 0 to 42 of 200, columns 96 to 191 of 200]
5.5 5.4 5.2 5.7 5.8 5.4 5.4 5.5 5.5 5.3 5.7 5.9 6 5.6 5.4 5.4 5.5 5.5 5.5 5.2 5.4 5.7 5 5.4 4.7 5 5.5 5.2 5.5 5.9 5.6 5.7 5.4 5.4 5.4 5.4 5.3 5.4 5.4 5.4 5.4 5.4 5.4 5.4 5.4 5.3 5.3 5.3 5.3 5.4 5.4 5.4 5.5 5.3 5.5 5.5 5.6 5.6 5.3 5.3 5.2 4.5 5.2 5.2 5.2 5.3 5.2 5.1 5.2 5.3 5.3 5 4.7 4.7 4.9 5.1 5.3 5.4 5.3 5.3 5.2 5.1 5.2 4.6 5.1 5.1 5.2 5.4 5.4 5.3 5.3 5.4 5.5 4.9 5.7 5.8
5.7 5.5 5.3 5.3 5.3 5.3 5.2 5.5 5.5 5.1 5.4 5.4 5.9 5.5 5.5 5.5 5.5 5.5 5.5 5.4 5.1 5.3 5.5 5.2 5.4 5.4 5.4 5.2 5.3 5.8 5.5 5.2 5.5 5.7 5.7 5.4 5.3 5.4 5.4 5.3 5.3 5.3 5.3 5.3 5.5 5.4 5.3 5.2 5.3 5.4 5.4 5.4 5.4 5.4 5.4 5.5 5.5 5.6 5.3 5.1 5.3 5.3 5.3 5.3 5.2 5.2 5.2 5.2 5.3 5.3 5.1 4.8 4.8 4.8 4.9 5 5.3 5.1 5.2 5.3 5.2 5 5.5 5.3 5.2 5.1 5.3 5.5 5.3 5.4 5.3 5.2 5.2 5.1 4.7 5.5
5.5 5.5 5.7 5.7 5.3 5.3 5.4 5 5.2 5.2 5.4 5.5 5.6 5.6 5.5 5.5 5.5 5.4 5.4 5.4 5.4 5.6 5.6 5.6 5.5 5.4 5.3 5.4 5.5 5.6 5.6 5.8 5 5.8 5.5 5.3 5.1 5.2 5.4 5.4 5.3 5.2 5.2 5.3 5.4 5.3 5.4 5.1 5.4 5.2 5.3 5.4 5.1 5.5 5.4 5.4 5.5 5.5 5.3 5.3 5.3 5.3 5.3 5.3 5.3 5.3 5.2 5.2 5.3 5.3 5 5 5 5 5 5 5.1 5 5.2 5.3 5.2 5.1 5.3 5.1 5.1 5.2 5.3 5.5 5.2 5.4 5.3 5.3 5.3 5.2 4.9 5.3
5.4 5.6 5.7 5.7 5.4 5.5 5.6 5.2 5.3 5.5 5.4 5.4 5.4 5.7 5.6 5.4 5.4 5.3 5.3 5.3 5.4 5.6 5.8 5.8 5.5 5.4 5.3 5.3 5.4 5.4 5.3 5.5 4.7 5.2 5.5 5.2 5.6 4.7 5.3 5.4 5.4 5.3 5.1 5.1 5.3 5.2 5.4 5.5 5.2 5.2 5.3 5.3 5.3 5.3 5.4 5.4 5.4 5.5 5.5 5.7 5.3 5.3 5.4 5.4 5.3 5.3 5.4 5.3 5.3 5.1 5.1 5.1 5.1 5.1 5.2 5.1 5.1 5.1 5.8 5.2 5.2 5.2 5.1 5.1 5.1 5.2 5.1 5.1 5.4 5 5.4 5.4 5.5 5.3 4.9 4.9
5.6 5.7 5.7 5.6 5.6 5.5 5.3 5.3 5.4 5.5 5.4 5.3 5.4 4.9 5.2 5.6 5.4 5.3 5.3 5.3 5.3 5.9 5.9 5.7 5.6 4.8 5.4 5.4 5.4 5.6 5.7 5.5 4.9 4.7 5.4 5.6 4.8 5.5 5.4 5 5.4 5.4 4.8 5 5.3 4.8 5.3 5.3 5.3 5.3 5.3 5.4 5.4 5.5 5.2 5.3 5.3 5.7 5.2 5.4 5.5 5.4 5.4 5.4 5.4 5.4 5.5 5.6 5.3 5.2 5.2 5.2 5.2 5.1 5.1 5.1 5.1 5.1 5.2 5.2 5.1 5.1 5.1 5.1 5 5.2 5.3 5.3 5.3 5.3 4.7 5.2 5.3 5.2 5.1 5.5
5.7 5.7 5.6 5.6 5.6 5.4 5.2 5.5 5.4 5.7 4.9 5.8 5.1 4.6 5.3 5.8 5.5 5.2 5.2 5.2 5.2 5.2 5.6 5.7 5.7 5.4 5.5 5.5 5.5 5.5 5.5 5.4 5.4 5.3 5.6 5.1 4.9 5 5 5.3 5.4 5.6 5.1 5.1 5.1 5.2 5 5 5.2 5.2 5.3 5.3 5.3 5.7 5.3 5.1 5.5 5.7 4.9 5.2 5.6 5.6 5.5 5.5 5.4 5.5 5.7 5.4 5.3 5.3 5.2 5.2 5.1 5.1 5.1 5.1 5.1 5.1 5.1 5.1 5.1 5.1 5.1 5 5 4.8 5 4.9 5 5.2 5.2 5.4 5.3 5.2 5.1 5.3
5.7 5.6 5.4 5.4 5.5 5.8 5.4 5.1 5.5 5.9 5.7 5.8 5.9 5.9 5.8 5.5 5.2 5.1 5.2 5.2 5.2 5.2 5.2 5.4 5.5 5.5 5.2 5.1 5.4 5.4 5.4 5.4 5.4 5.8 5.7 5.5 4.8 5.4 5.3 5.2 5.3 5 5.7 5.4 5.2 5.1 4.9 4.8 5.1 5.2 5.1 5.1 5.1 5.5 5.5 5.2 5.3 5.3 5.4 4.8 5.4 5.4 5.5 5.5 5.5 5.5 5.4 5.3 5.2 5.2 5.1 5.1 5.1 5.1 5.1 5.1 5.1 5.1 5.1 5.1 5.1 5.1 5.1 5 5.1 5.1 4.6 4.7 4.9 5.3 5.3 5.3 5.2 5.1 5 5
5.8 5.6 5.4 5.2 5.6 5.8 5.7 5.6 5.5 5.5 5.8 5.9 5.6 5.4 5.3 5.2 5.2 5.1 5.1 5.1 5.1 5.1 5.1 5.1 5.2 5.3 4.2 5 5.4 5.4 5.4 5.4 5.4 5.7 5.7 5.6 5.5 5.4 5.3 5.2 5.2 5.4 5 5.3 5.1 5 4.9 4.9 5.3 5.2 5.2 5.1 4.9 4.1 4.7 5.3 5.3 5.3 5.4 5.4 4.8 5.3 5.4 5.5 5.4 5.4 5.3 5.2 5.2 5.1 5.1 5.1 5.1 5.1 5.1 5.1 5.1 5.1 5.1 5.1 5.1 5.1 5 5 5.1 5.2 5.2 5.2 5.2 5.3 5.3 5.2 5.2 5.1 5 5
5.7 5.6 5.4 5.2 5.2 5.4 5.4 5.6 5.4 5.2 5.1 5.1 5.4 5.5 5.3 5.2 5.2 5.1 5.1 5.1 5.1 5.1 5.1 5 5 5.2 5.1 4.9 5.4 5.4 5.4 5.4 5.4 5.8 5.5 5.6 5.4 5.6 5.7 5.8 5.2 5.6 5.4 5.4 5.4 5.3 5.3 5.3 5.2 5.1 5 4.9 4.8 4.8 5.5 5.3 5.3 5.3 5.3 4.8 5.4 5.3 5.3 4.6 5.4 5.3 5.2 5.2 5.1 5.1 5.1 5.1 5.1 5.1 5.1 5.1 5.1 5.1 5.1 5.1 5.1 5 5 5.1 5.1 5.1 5.2 5.2 5.2 5.2 5.2 5.2 5.2 5.1 5 5
5.6 5.6 5.4 5.2 5.2 5.2 5.5 5.6 5.4 5.1 5.2 5.2 5.2 5.5 5.3 5.2 5.2 5.1 5.1 5.1 5.1 5.1 5.1 5.2 5.4 5.4 5.1 5.1 5.4 5.4 5.4 5.4 5.4 5.5 5.5 5.7 5.4 5.5 5.6 5.7 5.6 5.6 5.4 5.3 5.3 5.3 5.3 5.3 5.3 5.2 5.1 4.9 5.2 5.2 5.3 5.3 5.3 5.4 5.3 5.6 5.4 5.4 5.4 5.4 5.3 5.3 5.3 5.4 5.2 5.1 5.1 5.1 5.1 5.1 5.1 5.1 5.1 5.1 5.1 5.1 5.1 5 5 5.1 5.1 5.1 5.1 5.1 5.2 5.2 5.1 5.1 5.1 5.1 5 5
4.9 5.6 5.4 5.2 5.2 5.3 5.6 5.6 5.1 5.2 5.3 5.3 5.3 5.4 5.3 5.2 5.2 5.1 5.1 5.1 5.1 5.3 5.4 5.5 5.4 5.5 5.5 5.5 5.3 5.3 5.4 5.5 5.5 5.3 5.7 5.7 5.4 5.4 5.4 5.3 5.3 5.3 5.3 5.3 5.3 5.3 5.3 5.3 5.3 5.3 5.2 5 5 5.1 5.4 5.4 5.4 5.4 5.4 5.4 5.4 5.4 5.4 5.5 5.2 5.3 5.4 5.3 5.3 5.2 5.1 5.1 5.1 5.1 5 5.1 5.1 5.1 5 5 5 5 5.1 5.1 5.1 5.1 5.1 5.1 5.1 5.1 5.1 5.1 5.1 5 5 5.1
5.2 5.6 5.3 5.3 5.2 5.5 5.6 5.2 5.2 5.3 5.3 5.4 5.4 5.4 5.4 5.3 5.2 5.1 5.2 5.3 5.3 5.4 5.3 5.2 5 5.4 5.6 5.4 5.1 5.3 5.3 5.3 5.3 5.3 5.4 5.7 5 5.2 5.2 5.2 5.2 5.3 5.3 5.3 5.3 5.3 5.3 5.3 5.3 5 5 5 5.1 5.6 5.6 5.5 5.5 5.5 5.5 5.4 5.5 5.5 5.5 5.4 5.3 4.7 4.4 5.3 5.3 5.2 5.2 5.1 5.1 5 5 5 5 5 5 5 5 5 5 5 5.1 5.3 5.1 5.1 5.1 5 5 5.2 5.3 5.5 5.6 5.5
5.7 5.6 5.4 5.9 5.2 5.2 5.2 5.3 5.3 5.4 5.4 5.4 5.8 5.4 5.4 5.3 5.2 5.5 5.2 5.3 5.2 5.1 5 4.9 4.9 5.4 5.3 5.2 5.1 5.3 5.3 5.3 5.2 5.2 5.2 4.9 4.9 5.2 5.2 5.1 5.1 5.2 5.2 5.2 5.3 5.3 5.3 5.3 5.3 5.7 5.1 4.9 4.9 5 5.7 5.5 5.6 5.6 5.4 5.6 5.5 5.4 5.4 5.4 5.4 5.4 5.4 5.4 5.4 5.3 5.1 5.1 5.1 5.1 5 5 5 5.1 5.1 5.1 5.1 5.3 5.2 5.2 5.3 5.6 5 5 5 5 5.1 5.1 5.2 5.2 5.2 5.1
5.8 5.8 5.2 5.4 5.2 5.2 5.2 5.3 5.4 5.5 5.5 6.1 5.8 5.5 5.4 5.4 5.3 4.8 5 5.3 5.3 5.2 5.2 5.2 5.1 5 5.3 5.2 5.2 5.3 5.3 5.2 5.2 5.2 5.2 5.1 4.9 5.3 5.2 5.2 5.1 5.5 5.2 5.2 5.2 5.2 5.3 5.3 4.9 5.2 5 5.4 5.3 5.3 4.9 5.2 5.4 5.3 5.3 4.5 5.5 5.1 5.3 5.3 5.2 5.2 5.2 5.3 5.4 5.3 5.1 5.1 5.5 5.2 4.9 5.4 5.3 5.3 5.2 4.9 4.8 5 4.9 4.8 5.1 5.4 5 5 5 5 5 5 5 5 5 5
5.1 5.3 4.8 5.1 5.1 5.2 5.2 5.3 5.4 5.6 5.9 6.1 5.8 5.5 5.4 5.3 4.8 4.7 5.3 5.3 5.4 5.4 5.4 5.4 5.2 5.1 5.2 5.3 5.2 5.2 5.2 5.2 5.2 5.2 5.2 5.2 5 5.2 5.2 5.2 5.5 5.5 5.2 5.2 5.2 5.2 5.3 5.3 4.8 5.4 5.4 5.4 5.3 5.2 5.5 4.8 4.8 5.2 4.4 4.1 5.4 4.8 5.2 5.2 5.1 5 5 5 4.7 4.7 4.8 4.9 4.9 5.1 5.2 4.9 5 4.9 5 5 5.2 5.4 5.3 4.9 5.1 5.2 5 5 5 5 5 5 4.9 4.9 4.9 4.9
5.2 5.1 5.2 4.9 5 5.2 5.2 5.3 5.4 5.4 5.3 5.3 5 5 5.1 5.2 5.1 4.8 5.3 5.4 5.4 5.4 5.4 5.4 5.4 5.3 5.2 5.2 5.2 5.2 5.2 5.2 5.2 5.2 5.2 5.2 5.2 5.3 4.8 5.6 5.8 5.3 5.1 5.3 5.3 4.4 4.6 4.7 5 5.3 5.3 4.6 5.2 5 4.4 5 5.2 5.4 5.4 5.7 5.2 5.1 5.1 5 5 4.9 5 5 5 4.9 4.9 5 5.1 5.2 5.2 5.3 5.2 5.1 5.1 5.1 4.9 5.2 5 5.4 5.3 5 5 5 4.9 4.9 4.9 4.9 4.9 4.8 4.8 4.8
5.3 5.3 5.4 5.9 5.6 5.2 5.2 5.2 5.3 5.3 5.1 5.2 5.2 5.2 5.1 5.3 5.4 5.2 5.3 5.3 5.4 5.4 5.4 5.4 5.4 5.3 5.2 5.2 5.4 5.2 5.2 5.2 5.2 5.2 5.2 5.2 5.2 5.3 5.2 5.3 5.7 5.6 5.4 5.2 4.9 4.9 4.7 5 5.2 5.4 5.4 5.3 5.2 5.2 4.4 4.9 4.9 4.5 5.4 5.4 5.1 5.5 5.3 5 5.1 5.2 5.3 5.2 5 4.9 5 5.1 5.1 5.3 5.3 5.3 5.4 5.4 5.3 5.1 4.8 4.9 5 5.2 5.3 4.9 5 4.9 4.9 4.8 4.8 4.8 4.8 4.7 4.7 4.7
5.4 5.5 6 5.6 5.3 5.4 5.4 5.3 5.2 5.4 5.6 5.5 5.3 5.2 5.2 5.3 5.6 5.4 5.3 5.3 5.4 5.4 5.3 5.3 5.3 5.3 5.3 5.2 5.4 5.2 5.2 5.2 5.2 5.2 5.2 5.2 5.2 5.4 5.3 5.3 5.5 5.7 5.3 5 5.2 5 4.8 5.2 5.3 5.5 5.5 5.2 5.2 4.9 4.8 4.9 5.5 5.2 5.1 5.4 5.2 5.3 4.9 4.9 5.2 5.3 5.3 5.2 5.1 4.8 5.1 5.1 5.2 4.9 5.1 5.4 5.4 5.4 5.2 5.1 4.8 4.7 5 5.2 5 4.9 4.9 4.9 4.9 4.8 4.8 4.8 4.7 4.7 4.7 4.7
5.5 6 5.7 5.5 5.2 5.3 5.7 5.5 5.2 5.6 5.6 5.4 5.2 5 5 5.6 5 4.9 5.3 5.4 5.3 5.3 5.3 5.3 5.3 5.3 5.2 5.2 5.4 5.2 5.2 5.2 5.2 5.2 5.2 5.2 5.2 5.4 5.4 5.3 5.4 5.4 5.4 5.1 5.1 5.1 5.1 5.3 5.5 5.6 4.6 4.8 5.2 5.2 4.9 5.6 5.4 5.2 5.1 5.3 5.4 5.1 4.9 4.9 5.2 5.3 5.3 5.2 5.1 4.7 5 5.2 5.1 5 4.7 5.3 5.5 5.2 5 4.8 4.6 4.8 5.3 5.6 4.8 4.8 4.8 4.8 4.9 4.8 4.8 4.7 4.7 4.7 4.7 4.7
5.6 5.8 5.8 5.6 5.3 5.2 5.4 5.5 5.4 5.5 5.6 5.3 5.3 4.9 5.1 5.1 5.3 5.3 5.3 5.3 5.3 5.3 5.2 5.2 5.2 5.2 5.2 5.2 5.2 5.2 5.2 5.2 5.2 5.2 5.2 5.2 5.2 5.3 5.3 5.3 5.3 5.2 5.3 5.1 5.2 5.2 5.3 5.4 4.9 4.8 4.7 4.8 5.1 5.3 4.7 5.4 5.4 5.2 5.1 5.1 4.9 5.3 5.3 5.2 5.3 5.3 5.2 5.2 5.1 4.9 5.5 5.3 5.6 5.5 5.5 5.2 5.4 5 4.7 4.5 4.7 4.9 5.3 5.7 5.1 4.9 4.8 4.8 4.8 4.8 4.8 4.7 4.7 4.8 4.7 4.8
5.4 5.4 5.4 5.7 5.4 5.2 4.9 4.8 5.6 5.6 5.7 5.5 5.4 5.3 5.2 5.2 5.2 5.2 5.3 5.2 5.2 5.2 5.2 5.2 5.2 5.2 5.2 5.2 5.3 5.2 5.2 5.2 5.2 5.2 5.2 5.2 5.3 5.3 5.3 5.2 5.2 5.2 5.1 5.1 5.2 5.2 5.2 5.1 5 4.9 4.8 4.8 5.1 5.2 5.2 5.5 5.3 5.2 5.1 5.1 4.7 5.3 5.4 5.3 5.3 5.3 5.3 5.3 5.6 5.2 4.9 5.5 5.3 5.3 5.3 5.2 5.2 5.3 5.3 4.7 4.8 5 5.4 5.7 5.5 5.2 5.1 4.9 4.8 4.7 4.8 4.7 4.7 5.1 5.3 5.3
5.4 5.4 5.4 5.4 5.3 5.3 5.1 5.2 5.4 5.5 5.9 5.6 5.4 5.3 5.2 5.2 5.2 5.2 5.4 5.3 5.3 5.2 5.2 5.2 5.2 5.2 5.2 5.3 5.3 5.3 5.3 5.3 5.3 5.3 5.2 5.2 5.2 5.3 5.2 5.2 5.2 5.1 5.1 5.1 5.1 5.4 5.3 5.2 5.1 5 4.9 4.9 5.1 5.2 5.3 5 5.2 5.2 5.1 5.3 4.9 5.4 5.2 5.3 5.3 5.3 5.3 5.3 5.2 5.1 5.1 4.8 5.2 5.1 5 5 4.7 5.1 5.3 5.1 4.8 5.1 5.5 5.8 5.7 5.5 5.4 5.2 5.1 4.9 4.8 4.7 4.7 4.8 4.6 4.8
5.4 5.4 5.5 5.5 5.4 5.4 4.8 4.8 4.8 5.5 5.9 5.6 5.4 5.3 5.2 5.2 5.1 5.2 5.5 5.5 5.4 5.3 5.2 5.2 5.2 5.2 5.3 5.3 5.3 5.3 5.3 5.3 5.3 5.3 5.3 5.3 5.2 5.2 5.2 5.2 5.2 5.1 5.1 5.2 5.2 5.2 5.4 5.3 5.2 5.1 5 5 5.1 5.2 4.9 5.6 5.3 5.2 5.1 5.1 5.2 5.1 5.1 5.2 5.3 5.2 5.2 5.1 5.1 5.1 5 5 4.8 5 4.9 5 4.4 4.8 5.1 4.5 4.7 5 5.1 5.8 5.9 5.7 5.4 5.3 5.1 5 4.9 4.9 5 4.8 4.6 4.4
5.4 5.4 5.5 5.5 5.5 5.5 4.7 4.8 4.9 5.4 5.7 5.6 5.5 5.3 5.2 5.1 5.1 5.2 5.5 5.6 5.5 5.3 5.9 5.5 5.3 5.3 5.3 5.3 5.4 5.3 5.3 5.3 5.3 5.2 5.2 5.2 5.2 5.2 5.2 5.2 5.2 5.1 5.2 5.2 5.2 5 5.4 5.3 5.3 5.2 5.2 5.1 5.1 4.9 4.8 5.4 5.2 5.3 5.4 5.4 5.6 5.1 4.9 5.2 5.3 5.2 5.1 5 5 5 4.9 4.9 4.9 4.9 5 4.8 4.8 4.6 5.1 4.8 4.9 5.2 6.1 6.1 6.5 6.2 5.5 5.3 5.2 5.2 5.2 5.1 5.1 4.9 4.7 4.4
5.4 5.5 5.5 5.5 5.5 5.4 5 5.5 4.9 5.4 5.1 5.6 5.5 5.4 5.3 5.1 5.1 5.3 5.6 5.7 5.7 5.5 5.5 5.4 5.3 5.2 5.2 5.3 5.3 5.3 5.3 5.2 5.2 5.2 5.2 5.2 5.2 5.2 5.2 5.2 5.2 5.2 5.2 5.2 5.2 5.3 5.4 5.3 5.3 5.3 5.3 4.8 5.3 5.3 5.4 4.5 5.3 5.3 5.3 5.5 5.7 5.4 5.3 4.9 5 5.3 5.2 5.2 5.1 5.1 5 5 4.9 4.8 4.9 4.9 4.9 5 5 5 5.3 5.8 6.6 7.1 7.1 6.3 5.5 5.3 5.2 5.1 5.1 5.4 5.1 4.9 4.7 4.4
5.5 5.5 5.5 5.5 5.4 5.5 5.3 5.7 5.2 4.9 5 5.5 5.6 5.6 5.6 5.3 5.1 5 5 5 5.3 5.7 5.5 5.4 5.4 5.5 5.2 5.2 5.2 5.2 5.2 5.2 5.1 5.1 5.1 5.1 5.1 5.1 5.2 5.2 5.2 5.3 5.3 5.3 5.3 5.3 5.3 5.3 5.4 5.1 5.4 5.4 5.3 5.3 5.4 5.7 5.4 5.4 5.4 5.4 5.4 5.5 5.6 5.7 5.5 5.3 5.2 5.2 5.2 5.2 5.1 5.1 5 5 5 5 5 5.1 5.2 5.4 6 6.6 7.2 7.8 6.7 5.9 5.4 5.3 5.2 5.1 5 5.7 5 4.8 4.5 4.4
5.5 5.5 5.4 5.4 5.1 5.3 5.6 5.4 5.7 5.9 5.7 5.4 5.5 5.5 5.6 5.7 4.8 4.9 5 5.1 5.2 5.6 5.5 5.4 5.4 5.6 5.4 5.1 5.1 5.1 5.1 5.1 5.1 5.1 5.1 5.1 5.2 5.3 5.4 5.2 5.5 5.8 5.1 5.2 5.2 5.3 5.3 5.4 5.4 5.4 5.3 5.3 5.3 5.2 5.1 5 5.4 5.1 4.9 5.2 5.3 5.8 4.9 5 5.3 5.4 5.3 5.3 5.3 5.3 5.2 5.2 5 5.1 5.1 5.1 5.1 5.2 5.4 5.8 6.4 7.1 7.5 7 6 5.5 5.4 5.4 5.4 5.3 5.3 5.1 4.9 4.6 4.6 4.5
5.5 5.4 5.3 5.3 4.9 5.1 5.6 5.4 5.4 5.4 5.5 5.8 4.6 5.4 5.3 5.2 5.3 5.3 5.2 5.2 5 5.5 5.6 5.4 5.5 5.6 5.7 5.1 5.1 5 5.2 5.4 5.6 5.5 5.3 5.4 5.5 5.5 5.3 5.5 5.8 5.1 5.1 5.1 5.2 5.2 5.3 5.2 5.2 5.3 5.2 5.2 5.2 5.2 5.1 4.4 5.6 5.4 5.3 5.2 5.4 5.2 4.5 5.4 5.4 5.3 5 5.2 5.3 5.3 5.3 5.2 5.2 5.2 5.2 5.2 5.2 5.4 5.8 6.2 6.6 7 6.8 5.9 5.6 5.4 5.3 5.4 5.5 5.4 5.4 5.1 4.9 4.8 4.7 4.4
5.3 5.7 5.3 5.1 4.7 4.8 5.7 5.5 5.5 5.5 5.5 5.4 5.5 5.1 5.4 5.5 5.7 5.8 5.5 5.3 5.1 5.4 5.7 5.1 5.1 5.1 5.3 5.4 5.4 5.2 5.2 5.4 5.6 5.5 5.3 5.7 5.7 5.4 5.4 5.2 5.2 5.1 5.1 5.1 5.2 5.2 5.2 5.2 5.1 5.2 5.1 5.1 5.1 5.1 5 5.5 5.5 5.4 5.3 5.2 5.1 5.3 5.5 5.4 5.4 5.3 5.2 5.1 5.2 5.2 5 5.2 5.3 5.3 5.3 5.3 5.4 5.7 6 6.2 6.3 6 5.6 5.6 5.5 5.4 5.3 5.2 5.4 5.6 5.5 5.3 5.1 4.9 4.7 4.3
5.3 5.4 4.3 5.1 5 5 5 5.2 4.7 5.7 5.5 5.2 5.8 5.5 4.8 5.7 5.4 5.5 5.2 5.7 5.2 5.6 5.6 4.8 4.9 5.1 5.1 5.3 5.6 5.4 5.3 5.4 5.6 5.4 5.3 5 5.6 5.3 5.3 5.2 5.2 5.2 5.2 5.2 5.2 5.2 5.2 5.5 5.7 5.5 5.1 5.1 5.1 5.1 5.1 5.2 5.4 5.3 5.4 5.3 5.2 5.4 5.5 5.5 5.4 5.3 5.2 5.4 5.3 4.9 5.3 5.4 5.4 5.4 5.7 5.7 5.7 5.3 5.6 5.6 5.3 5.1 5.1 5.3 5.4 5.4 5.3 5.2 5.5 5.3 5.3 5.1 5 4.8 4.8 4.6
5.1 5 5.3 5.4 5.3 5.3 5.4 5.3 5.2 5.7 5.2 5.3 5.1 5.5 4.9 4.8 4.2 5.5 5.4 4.8 5.6 4.6 4.9 5.5 5.2 5.7 4.9 5.2 5.3 5.6 5.4 5.4 5.6 5.5 5.5 5.3 5.3 5.3 5.3 5.2 5.2 5.2 5.2 5.2 5.2 5.2 5.3 5.3 5.5 5.3 5.1 5.1 5.1 5.1 5 5 5.6 5.6 5.5 5.4 5.3 5.5 5.5 5.5 5.4 5.4 5.3 5.6 5.7 5.3 5.7 5.9 6.6 6.5 6.1 6.4 6 5.6 5.4 5.3 5.2 5.1 5 5.2 5.2 5.2 5.2 5 5.3 5 5 5 4.8 4.7 4.8 4.8
5.4 5 5.3 5.3 5.5 5.4 5 5.3 5.3 5.3 5 4.8 5.6 4.8 5.2 4.9 5.5 5.1 5 5 5.3 5.6 5.2 5.4 5.6 5.6 5.2 4.6 4.8 5.5 5.4 5.2 5.6 5.6 5.6 5.5 5.4 5.3 5.3 5.2 5.2 5.2 5.2 5.2 5.1 5.2 5.3 5.3 5.4 5.4 5.4 5.1 5.1 5.1 5 5.2 5.7 5.7 5.6 5.5 5.4 5.5 5.5 5.5 5.4 5.4 5.5 5.6 5.6 5.5 5.9 6.3 6.8 7.1 6.6 6.7 6.7 6.2 5.5 5.4 5.3 5.1 5 5.2 5 5 5.3 5 4.8 4.8 4.7 4.6 4.6 4.7 4.8 4.8
5.5 5.3 5.3 5.1 5.5 5.6 5.6 5.2 5.2 5.3 5.1 4.8 5.2 5.6 5.6 5.1 5.5 5.2 5.2 5.3 5.4 5.5 5.1 5.2 5.4 5.5 5.5 5.2 5.4 5.3 4.9 4.9 5.6 5.6 5.4 5.7 5.5 5.4 5.3 5.3 5.3 5.2 5.1 5.1 5.1 5.2 5.4 5.4 5.3 5.3 5.2 5.1 5.1 5 5.1 4.8 5.6 5.6 5.6 5.6 5.5 5.5 5.5 5.5 5.4 5.4 5.5 5.5 5.6 5.8 5.4 6.3 6.7 7 7.4 7.3 7.1 6.1 5.6 5.5 5.3 5.1 5 5.1 5.3 5.5 5.1 4.8 4.8 4.8 4.7 4.6 4.6 4.9 5.1 4.9
5.5 5.4 5.3 5.3 5.5 5.5 5.3 5.5 5.4 5.3 5.3 5.4 5.3 5.8 5.9 5.4 5.3 5.2 5.4 5.3 5.2 5 5.1 5.2 5.3 5.4 5.4 5.4 5.3 5.3 5 4.9 5.7 5.4 5.7 5.6 5.7 5.5 5.3 5.2 5.2 5.1 5.1 5 5.1 5.3 5.5 5.4 5.4 5.3 5.2 5.1 5.3 5.4 5.4 5.4 5.4 5.4 5.4 5.4 5.4 5.5 5.6 5.6 5.6 5.3 5.9 5.9 5.6 5.3 5.3 5.9 6.5 6.9 7.1 7.1 6.5 5.5 5.7 5.5 5.3 5.1 5 5.1 5.4 4.8 4.9 4.8 4.8 4.8 4.8 4.7 4.7 5.1 5.3 4.9
5.5 5.3 5.5 5.3 5.9 5.4 5.5 5.5 5.4 5.3 5.2 5.4 5.7 5.2 5.8 5.8 5.8 5.5 5.1 4.9 5 5.1 5.1 5.1 5.2 5.3 5.3 5.3 5.3 5.4 5.3 5 5.7 5.2 5.3 5.5 5.7 5.4 5.3 5.2 5.1 5 5 5 5.2 5.3 5.5 5.5 5.4 5.4 5.5 5.6 5.5 5.5 5.4 5.3 5.3 5.4 5.4 5.4 5.4 5.4 5.7 5.8 5.5 5.5 5.8 5.5 5.3 5.3 5.4 5.5 5.9 6.1 6.7 6.9 5.8 5.7 5.6 5.6 5.3 5.1 5 4.6 5 4.8 4.7 4.8 4.8 4.9 4.8 4.8 4.9 5.3 5 5
5.4 5.4 5.6 4.9 5.3 5.4 5.5 5.4 5.3 5.3 5.2 5.3 5.6 5.6 5.5 5.4 5.5 5.5 5.4 5.1 5.2 5.2 5.2 5.1 5.1 5.1 5.2 5.2 5.3 5.2 5.4 5.3 5.5 5.2 5.3 5.3 5.2 5.2 5.4 5.5 5.5 5.2 4.9 5.1 5.2 5.4 5.6 5.5 5.5 5.5 5.5 5.5 5.5 5.4 5.3 5.2 5.3 5.3 5.3 5.3 5.3 5.3 5.6 5.7 5.7 5.6 5.3 5.1 5.2 5.3 5.3 5.7 5.6 5.4 5.8 5.6 5.4 5.4 5.4 5.4 5.5 5.3 4.9 5.2 5 4.8 4.7 4.9 4.9 4.9 4.9 4.9 5 5.5 5 5
5.3 4.8 5.2 5.6 5.4 5.4 5.4 5.3 5.3 5.2 5.2 5.2 5.2 5.2 5.2 5.2 5.3 5.3 5.3 5.3 5.3 5.2 5.2 5.2 5.1 5.3 5.2 5.2 5.3 5.5 5.6 5.4 5.3 5.2 5.3 5.2 5.2 5.2 5.6 5.7 5.8 5.7 5.1 5 5.2 5.6 5.5 5.5 5.5 5.5 5.5 5.5 5.4 5.5 5.2 5.2 5.2 5.2 5.2 5.2 5.2 5.2 5.4 5.6 5.6 5.4 5.3 5.7 5.2 5.5 5.3 5.5 5.3 5.5 5.5 5 5.3 5.5 5.2 5.2 5.4 5.3 5 5 5 4.8 4.8 5 5.4 4.9 5 5.1 5.1 5.7 5.1 5.1
5.7 5.2 5.3 5.7 5.4 5.4 5.3 5.3 5.3 5.3 5.2 5.3 5.5 5.6 5.5 5.4 5.3 5.2 5.1 5.6 5.2 5.2 5.1 5.1 5.5 5.4 5.2 5.2 5.2 5.5 5.7 5.4 5.2 5.2 5.2 5.2 5.2 5.2 5.6 5.8 5.8 5.8 5.5 5.2 5.6 5.6 5.5 5.5 5.5 5.5 5.5 5.3 5.3 5.4 5.2 5.1 5.1 5.1 5.2 5.3 5.3 5.2 5.3 5.4 5.5 5.4 5.6 5.4 5.4 5 5.6 5.4 5.3 5.3 5.5 5.2 5.1 5.4 5.2 5.3 4.5 5 5.2 5 5.4 5 4.8 4.9 5 5 5.1 5.1 5.2 5.7 5.1 5.1
5.5 5.4 5.4 5.5 5.4 5.4 5.4 5.4 5.4 5.4 5.3 5.4 5.7 5.6 5.6 5.5 5.3 5.2 5.1 5.7 5.5 5.1 5 5.7 5.7 5.5 5.2 5.3 5.2 5.2 5.8 5.3 5.2 5.2 5.2 5.2 5.2 5.2 5.4 5.5 5.4 5.5 5.6 5.6 5.6 5.6 5.5 5.5 5.5 5.5 5.5 5.2 5.2 5.3 6.3 5.3 5.6 5.7 5.6 5.5 5.3 5.3 5.5 5.7 5.6 5.8 5.6 5.5 5.5 5.2 5.3 5.5 5.6 5.6 5.6 5.6 5.6 5.6 5.7 5.9 5.7 5.6 5.3 5.3 5.1 5 4.9 5 5 5 5.1 5.2 5.2 5.3 5.2 5.2
5.4 5.3 5.3 5.3 5.4 5.4 5.5 5.5 5.5 5.5 5.4 5.5 5.5 5.3 5.3 5.2 5.2 5.1 5 5.7 5.4 5 5.8 5.9 5.9 5.6 5.3 5.3 5.1 5 5 5.2 5.4 5.3 5.2 5.2 5.2 5.2 5.1 5.2 5.4 5.5 5.7 5.6 5.6 5.6 5.5 5.5 5.5 5.4 5.3 5.1 5.2 5.2 5.6 5.3 5.8 5.8 5.6 5.4 5.2 5.3 5.5 5.7 5.8 5.2 5.6 5.9 5.8 5.7 5.6 5.7 5.9 5.9 6.2 6.8 7.1 6.1 6.6 7 6.2 5.9 5.9 5.9 5.7 5 5.6 5.1 5.1 5.4 5.3 5.2 5.3 5.4 5.2 5.2
5.3 5.3 5.6 5.3 5.4 5.4 5.5 5.5 5.5 5.5 5.5 5.6 5.1 5 5 5 5 5 5 5.6 5.4 5.6 5.5 5.3 5.2 5.3 5.4 5.2 5.5 5.2 5.3 5.5 5.4 5.3 5.4 5.2 5.2 5.2 5.2 5.3 5.6 5.8 5.5 5.5 5.6 5.5 5.5 5.5 5.5 5.6 5.7 5.6 5.2 5.2 5.3 5.3 5.5 5.7 5.3 5.2 5.8 5.3 5.3 5.8 5.7 5.4 5.7 6.2 6.4 6.6 6.7 6.7 7 7.4 7.6 7.4 7.8 7.9 7.8 8.1 7.9 7.5 9.1 9.1 6.3 5.9 5.4 5.1 5.4 5.7 5.6 5 5.8 5.6 5.4 5.3
5.3 5.6 5.5 5.3 5.4 5.4 5.5 5.5 5.5 5.5 5.5 5.6 5.2 5.1 5.1 5.1 5.1 5.1 5.2 5.3 5.5 5.7 5.5 5.3 5.2 5.2 5.2 5.7 5.8 5.5 5.6 5.6 5.4 5.2 5.4 5.5 5.3 5.2 5.2 5.4 5.9 5.5 5.4 5.4 5.5 5.5 5.5 5.6 5.6 5.6 5.8 5.6 5.4 5.6 5.5 5.1 5.6 5.8 5.8 5.9 5.9 5.8 5.4 6.1 6.3 6.6 6.7 7.6 7.8 8 8.2 8.4 8.9 9.2 9.4 8.8 10.1 10.2 10.1 10.4 10 9.2 9.6 9.4 7.8 7.2 6.5 5.9 5.6 5.6 6 6 6.1 5.9 5.7 5.8
5.4 5.7 5.5 5.3 5.3 5.4 5.5 5.5 5.5 5.5 5.5 5.6 5.4 5.2 5.2 5.2 5.1 5.2 5.3 5.5 5.8 5.8 5.6 5.3 5.2 5.2 5.2 5.2 5.5 5.7 5.7 5.6 5.4 5.2 5.4 5.5 5.5 5.3 5.2 5.5 5.6 5.3 5.3 5.4 5.4 5.5 5.5 5.6 5.7 5.7 5.8 5.6 5.5 5.6 5.2 5.2 5.6 5.7 5.9 5.9 5.6 5.6 5.6 6.1 6.3 7.3 8.2 9.1 8.9 8.8 9.3 9.9 10.6 10.6 11 10.8 11.1 12.1 13.1 12.6 12.1 10.3 10.5 10.3 9.1 8.3 7.6 6.7 6.1 6.2 6.1 6.1 6.2 6.2 6.1 6.4
