public/OST50/ST35.asc
ncols 200
nrows 200
xllcorner 330000
yllcorner 150000
cellsize 50
[rows 43 to 85 of 200, columns 0 to 95 of 200]
5.8 5.7 5.7 5.7 5.8 5.9 6 6.1 6 5.8 5.7 5.7 5.7 5.8 5.9 5.8 5.7 5.7 5.7 5.7 5.7 5.8 6 4.9 -4 -4 5 -4 4.8 7 7.4 14.9 16.4 14.1 11.5 9.9 8.1 6.9 6.3 6.3 6.2 6.1 6.1 6.1 6.1 6.2 6.3 6.2 6.3 6.2 9.6 10.7 8.9 14.2 22.9 32.7 42.2 46.5 50.7 54.8 56.7 58.1 59.5 60.3 61.9 64.3 66.5 68.8 71.8 74.9 77.6 81.5 85 87.7 91.1 93.6 96.3 96.9 97.9 102 108.4 111.3 114.8 117.1 119.8 122.4 125.3 127.5 129.2 130.2 130.7 130.7 131.6 131.6 132.3 134.5
5.6 5.7 5.7 5.6 5.7 5.9 6.1 5.9 5.9 5.8 5.7 5.8 5.7 5.8 5.8 5.7 5.7 5.7 5.7 5.7 5.7 5.7 5.3 7.2 5.3 -4 -2.5 -4 4.3 6.5 6.8 7 9.5 10 8.1 7 6.3 6.2 6.2 6.1 6.1 6.1 6.1 6 6 6.1 6.1 6.2 6.3 6.4 6 7.1 10.6 9.2 20.2 32.6 41.8 45.9 50.3 54.2 56.1 57.3 58.5 59.9 61.6 63.7 65.7 67.8 70.3 72.8 76.3 79.6 82.3 84.1 86.5 88.7 90.2 90.5 95.7 97.7 103.8 105.5 109.3 112.5 115.7 118.6 121.3 122.5 124.2 125.5 126.1 128 128.9 130.1 131.5 133.1
5.3 5.6 5.6 5.5 5.6 5.8 6.1 5.7 5.9 5.8 5.8 5.8 5.7 5.7 5.7 5.7 5.7 5.7 5.7 5.7 5.7 5.7 5.8 6 7.9 4.3 -4 -4 6 6.4 6.6 7.1 8.5 7.4 6.5 6.3 6.2 6.1 6.1 6 6 6 5.9 5.9 5.9 6 6 6.1 6.2 6.3 6.4 6.1 9 7.2 18.8 29.3 35.4 39.6 43.6 44.4 50.9 55.8 57.8 60 61.3 63 65 66.4 68.5 71.2 74.1 76.2 78.7 80.4 82.2 83.6 84.6 88.5 90.8 92.1 93.5 96.9 102.1 106.3 108.7 111.4 114 117.6 119.8 118.4 122 125 127.1 128.9 130.7 132.4
5.3 5.5 5.6 5.5 5.5 5.6 5.6 5.7 5.9 5.9 5.8 5.9 5.8 5.7 5.7 5.8 6 5.7 5.1 5.7 5.6 5.7 5.8 5.9 5.9 5.7 3.7 -4 4.8 6 6.5 7 7 6.9 6.5 6.2 6.1 6.1 6 5.9 5.9 5.8 5.8 5.9 5.9 5.9 5.9 5.9 6 6 6.2 7.4 8.1 6.6 12.6 23.8 30 31.9 32.4 41 49 52.5 56.2 57.7 57.6 56.8 56.7 59.5 63.6 66.2 69.9 71.3 73.8 76.5 78 77.2 80.4 84.3 84.7 86.3 86.8 88.2 93.5 98.2 102.9 106 108.3 109.4 113 117.2 121.1 123.7 125.8 127.4 128.2 129.6
4.6 5.6 5.7 5.5 5.5 5.7 5.8 5.9 5.9 5.8 5.8 5.8 5.9 6 5.8 6.1 6.6 6.3 5.9 5.7 5.7 5.7 5.8 5.7 6.2 8 4.8 -4 4.5 5.7 6.4 7.1 7.2 6.9 6.5 6.2 6.1 6 5.9 5.8 5.8 5.8 5.8 5.8 5.9 5.9 5.9 5.8 5.9 5.9 6.1 7.6 7.4 7.9 7.6 14.5 20.2 20.2 32 40.8 43.2 48.9 50.5 51.1 49.8 46.2 43.9 47.1 52.1 55.7 60.3 63.4 67.7 70.7 70.8 72.9 75.1 76.4 78.1 79.8 80.3 80.8 84.2 90.7 97.4 100.2 101.4 107.7 111 114.7 118.1 121.7 124 125.3 126.3 126.9
5.3 5.7 5.8 5.6 5.3 5.4 5.6 5.9 5.8 5.8 5.7 5.8 5.9 6 5.7 6.1 6.5 6.5 6.2 5.9 5.7 5.7 5.8 5.7 6.2 6 5.2 -4 4.3 5.2 6 6.7 7.3 8.1 6.8 6.3 6.1 6 5.9 5.8 5.8 5.8 5.8 5.8 5.9 5.9 5.9 5.9 5.9 5.9 6.2 7.6 7.2 6.7 7.3 7.6 9.2 18.3 33.4 36.2 36.5 40.3 44.7 47.4 41.7 35.6 32.8 35.3 39.9 44.7 48.3 55.6 60.8 62.6 62.3 65.2 67.1 68 68.8 72.1 72.3 73.4 77.6 85.8 88.8 93.5 101.1 103.8 105.7 108.2 110.9 117.1 120.5 121.8 123.3 123.5
4.5 5.6 5.7 5.6 5.2 5.4 5.9 5.8 5.7 5.7 5.7 5.9 5 5.9 4.1 6 6.3 6.4 6.4 6.2 5.9 5.7 5.8 5.7 6.2 6.2 5.5 -4 2.3 4.9 5.7 6.3 6.8 7.2 7.1 6.4 6 5.9 5.9 5.7 5.7 5.8 5.8 5.9 5.9 5.9 5.9 5.9 5.9 6 6.2 6.9 6.7 6.3 6.9 7.5 8 16.2 28.4 28.4 26 27.4 38.5 44.9 37.6 29.1 26.6 27.4 29.2 32.4 37 42.8 50.2 49.9 49.6 54.6 56 56.6 59.7 64.6 64.8 67.3 72.9 79.9 86.2 93.7 97.8 98.9 97.8 98.2 102.2 110.8 116.2 118.3 118.8 117.8
4.2 5.6 5.6 5.5 5.2 5.7 5.7 5.7 5.7 5.6 5.8 5.8 5.8 5.8 5.9 6 6.1 6.2 6.3 6.3 6 5.1 5.8 5.7 6.1 6.3 5.2 -4 3.7 4.9 4.9 6.1 6.7 7.2 7.9 6.6 6 5.9 5.8 5.6 5.6 5.8 5.9 5.9 5.9 5.9 5.9 5.9 5.9 6.1 6 6.3 6.2 6.2 6.2 6.5 7 7.8 18.8 22.8 17.9 19 29.3 43.1 36.3 27.5 23 22.7 24.4 26.1 27.8 32.8 37.4 39.1 38.4 42.8 44.5 46.7 52.3 59 60.1 62.3 66.6 73.6 83.2 89.8 93.2 91.6 86.7 87.2 93.5 103.9 112.1 114.4 113.5 110.3
4 5.5 5.5 5.4 5.4 5.5 5.6 5.6 5.9 4.7 5.5 5.7 5.8 5.8 5.9 6 6.1 6.2 6.2 6.4 6 4.4 5.8 5.7 6.2 7 4.9 -4 4.3 4.5 6 6.3 6.6 8.4 6.6 6.5 6.1 5.8 5.6 5.5 5.6 5.6 5.7 5.9 6 6 6 5.9 6 6.1 6.1 6.2 6.3 6.3 6.3 6.2 6.1 6.8 7.4 10.9 8 13.7 25.4 40.8 39.8 27.5 21.9 19.3 20.4 21.4 22.7 24.4 26.5 28 28.9 31.4 35.7 39 45.2 54.7 55.7 55 60.5 68.3 77.9 84.3 88.7 85.7 75.1 75.3 88 100.9 109.5 111.5 109.8 103.9
4 5.4 5.4 5.3 5.3 5.7 5.3 6.1 6.4 5.6 5.5 5.5 5.8 5.8 5.8 5.9 6.1 6.4 6.5 6.4 6.2 5.7 5.8 5.6 6.2 5.9 2.6 -4 7 6.4 6.5 6.4 6.6 6.6 6.5 6.3 6.1 5.7 5.7 5.8 5.8 5.7 6 6.1 6.1 6.1 6.1 6 6 6.1 6.2 6.3 6.3 6.3 6.3 6.3 6.2 6.3 7 6.7 6.2 9.7 19.9 41.6 44.9 29.5 22.4 18 16.9 18 18.8 19.9 21.7 23.4 24.8 26.9 31.2 35.6 43.5 54.2 52 50.2 57 63.9 72.1 79.1 83.9 82.5 66.6 71.8 85.5 99.6 108.6 109.2 105.1 98.6
4.6 5.5 5.4 5.4 5.3 5.6 5.7 6 6.3 5 5.6 5.6 6.2 6.4 6.2 5.7 6.4 4.8 6.6 6.4 6.2 5.7 5.8 5.5 7 5 -4 4.9 7.1 6.7 6.7 6.2 8.4 5.8 6.4 6.4 6.1 5.8 5.8 5.8 5.8 5.8 6 6.1 6.2 6.3 6.2 6.1 6 6.1 6.3 6.4 6.4 6.3 6.3 6.4 6.4 6.4 6.9 7.1 6.5 7.9 18.5 43.3 49.7 32.5 21.9 16.5 14.5 14.4 15 16.2 17.6 19.4 21.4 23.4 27 31 39.9 47 48.2 46.3 53 57.3 63.8 72.7 76.7 74.5 64.1 75 91.8 102 106 105.8 100.5 95.1
5 5.7 5.6 5.5 5.3 4.8 5.4 5.6 5.6 5.1 5.7 5.7 6.2 6.3 6.3 6.4 6.3 6.3 6.5 6.4 5.7 5.7 5.7 5.4 5.6 -4 -4 7.3 7 6.8 8.6 6.7 6.4 6.5 6.2 6.1 5.9 5.8 5.8 5.7 5.7 5.8 5.9 6 6 6.1 6.3 6.2 6.1 6.1 6.2 6.3 6.3 6.3 6.3 6.4 6.5 6.6 6.6 6.9 7.2 6.7 16.9 45.4 50.9 35.3 22 15.2 11.2 11.5 12.3 13.5 14.9 16.5 18.4 20.1 23.4 26.9 32.2 37.7 38 43.6 48.7 50.9 57.9 63.5 67.4 65 59.4 76 88.2 94.4 95.7 97.3 93.3 87.7
5.8 5.8 5.8 5.6 5.5 5.3 5.3 5.3 5.2 5.7 5.7 5.7 5.2 6.4 6.3 6.4 6.3 6.3 4.9 6.2 5.7 5.5 5 7.7 3.4 -4 5.4 6.9 6.9 6.5 6 5.8 5.9 6 6 5.9 5.9 5.8 5.7 5.7 5.7 5.7 5.8 5.8 5.9 6 6.1 6.2 6.2 6.1 6.1 6.2 6.2 6.2 6.3 6.3 6.4 6.4 6.4 6.6 6.7 7.4 14.8 37.5 49.2 34.4 21.2 14.2 9.1 9.1 10.1 11 12.4 14.2 15.4 17.4 21 23.9 27 29.9 36.4 40.4 42.3 46.2 51.1 55.5 57.6 53.6 65 74.1 80.7 82 84 86.1 85.4 80.2
5.8 5.7 5.9 5.7 5.6 5.4 5.2 5.2 5.8 5.8 5.7 5.7 6.3 6.2 6.1 6.3 6.3 6.3 4.9 5.8 5.7 5.4 7.7 4.6 -4 -4 7.1 6.7 8.6 6.1 5.6 5.6 5.6 5.7 5.8 5.9 5.9 5.8 5.8 5.7 5.7 5.8 5.8 5.8 5.9 5.9 6 6.1 6.2 6.5 5.9 6 6.1 6.1 6.2 6.2 6.2 6.2 6.3 6.4 6.6 6.7 8.1 28.4 47.6 31.9 20.3 12.3 8.3 8 8.5 9.4 10.1 11.4 13.3 15.6 18.9 21.3 24.1 28.7 33.4 36.1 37.5 40 45.6 47.8 47.5 51.6 62.3 67.8 70.1 71.2 74.7 77.8 78.5 75
5.9 5.7 5.7 5.8 5.8 5.5 5.5 5.5 5.4 5.4 5.8 5.8 6 6 6 6.3 6.3 6.1 5.8 5.7 6 7.6 5.3 -4 -4 6.9 6.6 6.5 5.6 5.8 5.6 5.6 5.6 5.6 5.7 5.8 5.9 5.9 5.8 5.8 5.8 5.8 5.8 5.8 5.8 5.9 5.9 6 6 6.1 5.9 5.9 5.9 6 6 6 6 6.1 6.2 6.4 6.6 6.9 7.2 16 39.1 26.9 18.2 7.9 7.4 7.3 7.4 7.7 8.2 9.6 11.2 13.9 16.4 18.9 21.4 25 27.2 29.3 32.6 34.7 37.5 40 45.9 50.8 54.9 59.4 61.9 63.8 66.3 68.9 70.1 69
5.9 5.9 5.9 5.8 5.8 5.7 5.7 5.7 5.7 5.7 5.7 5.9 6.1 6.3 6 6.2 6.2 6 8.1 6 4.9 4.1 -4 -4 7 6.2 6.4 6.4 6.7 5.6 5.6 5.6 5.6 5.6 5.7 5.7 5.8 5.8 5.8 5.9 5.8 5.8 5.8 5.8 5.8 5.8 5.9 5.9 6 6 5.9 5.9 5.9 5.9 5.9 5.8 6 6 6.2 6.3 6.6 6.8 6.8 7.4 26.3 23 13 8.7 7.1 7.1 7.2 7.3 7.6 8.4 10.1 11.8 14 15.8 17.5 20.1 21.6 23.9 27.6 28.9 33.2 39.6 43.3 46.8 49.3 51.8 54.2 57.3 60.8 63.4 64.4 64.8
5.7 5.8 5.8 5.8 5.6 5.8 5.9 6 6 6.1 6.2 5.9 5.7 6.6 6.5 6.1 7.7 4.9 -4 -4 -4 -4 -4 4.3 4.3 4.4 5 6.5 6.7 5.8 5.8 5.2 5.1 5.6 5.8 5.7 5.7 5.7 5.7 5.8 5.8 5.9 5.9 5.8 5.8 5.8 5.9 5.9 6 6 6 5.9 5.9 5.9 5.9 5.1 5.9 6 6.1 6.3 6.5 6.8 6.9 7 7.5 9.6 7.8 6.1 6.7 6.8 7.1 7.3 7.2 7.6 8.5 9.7 11.7 12.8 13.6 15.2 16.9 18.7 21.4 26.7 31.4 36.2 38.9 41 43.2 45.9 48.6 52.5 56.2 58.6 59.1 63.3
4.8 5.5 5.5 5.4 5.4 5.3 5.5 5.8 6 6.1 6.2 5.9 5.9 5.9 7.9 5.2 -4 -4 -4 -4 5.7 4.8 5.3 4.7 4.8 6.2 5.2 8.5 6.4 6.1 5 6.8 6.3 5.8 5.7 5.8 5.8 5.8 5.7 5.7 5.8 5.8 5.9 5.8 5.8 5.8 5.8 5.9 6 5.7 6.1 5.9 5.9 5.9 5.9 5.9 5.9 6 6.1 6.3 6.5 7 7.5 6.9 6.8 7.8 7.2 6.6 6.6 6.7 6.9 7.2 7.1 5.2 7.5 7.8 8.5 10.2 11 12.2 13.6 14.7 18.6 22.2 26.5 32 34.4 34.5 36.7 39.2 41.7 47.3 51.1 52.5 58.6 61.3
5.4 5.3 5.2 5.6 5.6 5.9 5.9 5.9 5.9 6.1 6.1 6 6 6.4 4.8 -4 -4 5.9 6.3 6 6.4 8.8 7.7 7.5 7.4 7.5 7.1 5.8 6.3 6 5.9 5.5 5.8 5.8 5.8 5.9 5.8 5.9 5.7 5.7 5.7 5.8 5.8 5.8 5.8 5.8 5.8 5.9 6 6 6.1 5.7 5.7 5.8 5.9 5.9 5.9 6 6.1 6.3 6.5 5.6 7.4 6.9 6.7 6.7 7.7 6.4 6.5 6.6 6.7 7.1 7.2 7.2 7.1 7.2 7.7 8.1 9 9.6 10.9 11.4 14.2 17.9 20.8 23.4 25.6 27.5 31.1 32.8 36.9 43.4 49.5 52.4 56 58.3
5.6 5.6 5.4 5.6 5.6 5.6 5.6 5.8 6 6.1 6.1 6.1 6.1 6.2 6.6 -4 3.8 6.5 8 5.8 6.5 6.6 6.6 6.1 5.5 5.5 5.5 5.6 6 5.9 5.8 5.4 5.7 5.7 5.7 4.8 5.9 5.9 5.8 5.7 5.7 5.8 5.8 5.8 5.9 5.9 5.9 6 6 6.1 6.2 5.8 5.6 5.7 5.9 5.9 6.1 6 6.1 6.3 6.5 7.1 6.9 6.9 6.8 6.7 6.6 5.9 6.4 6.5 6.6 7.2 7.3 7.2 7.1 7.1 7 6.2 7.2 7.8 8.5 8.5 10.3 13.6 16.1 18.3 20.5 23.4 26.7 30.3 34.3 41.4 46.8 50.9 54.3 55.4
5.6 5.4 5.6 5.7 5.4 5.6 5.6 5.8 5.9 5.2 6.1 6.1 6.1 6.5 -4 -4 5 6.5 7.9 6.6 6.5 6.4 6.3 5.9 5.5 5.5 5.5 5.8 5.8 5.7 5.7 5.7 5.7 5.7 5.6 5.6 5.7 5.6 5.7 5.7 5.7 5.7 5.8 5.8 5.8 5.8 5.9 6 6.2 6.8 6.4 6.3 6 5.9 5.9 5.7 5.9 5.9 6 6.1 6.4 6.9 6.8 6.8 6.8 6.7 6.3 6.1 5.9 7.5 6.5 7.2 7.2 7.1 7.1 6.9 6.8 6.8 6.8 6.9 6.4 7.6 10.3 13.2 15.2 17.6 20.1 23.1 26.2 30.7 39.5 45.3 47.2 50.5 51.6 51.6
5.4 5 5 5 4.7 5.5 5.6 5.7 5.9 6 6 6 6 6.7 -4 3.1 6 6.2 7.4 6.4 6.5 6.5 6.4 6.5 5.5 5.5 5.5 6.4 6 5.8 5.8 5.7 5.7 5.7 5.6 5.5 5.6 5.6 5.6 5.7 5.7 5.7 5.7 5.7 5.8 5.8 5.8 6.3 7.3 6.8 6.3 5.6 7.5 6 5.7 8.2 6 5.9 6.1 6 6.4 6.8 6.7 6.7 6.7 4.6 6.3 6.2 6 5.9 6.3 7 6.9 7 7.1 6.9 6.8 6.8 6.8 5.4 8.1 12.8 12.2 14.1 20.5 21.4 23 27.4 34.4 40.3 46.9 49.3 49.6 47.8 45.3 42.9
5.7 5 5 5 5.5 5.7 5.7 5.8 5.3 6 6 6 6 8.7 -4 2.5 6.3 5.9 6.2 6.3 6.5 6.6 6.6 6.6 5.5 5.5 5.8 6.7 6.2 6 5.9 5.8 5.7 5.7 5.6 5.4 5.5 5.7 5.9 5.7 4.4 5.7 5.7 5.6 5.7 5.7 5.7 5.6 6.1 6.3 6.2 5.5 6.8 5.5 6.2 6.9 6.4 5.4 5.5 5.8 6.7 6.6 6.5 6.5 6.4 4.4 5.8 5.8 5.7 5.7 5.9 5.9 6 6.9 7.3 7 7 6.9 6.9 5.4 10.2 12.9 13.1 16.3 31.1 31.2 30.9 36.6 42.5 46.1 47.2 45.9 42.7 40.3 36.8 34.2
5.1 5.4 5.5 5.4 5.8 5.7 5.8 5.9 5.9 6 6 6 6 8 -4 -4 5.5 6.3 5.9 6.3 6.7 6.6 6.4 6.4 6 6 6.2 7 6.4 6.1 6 5.9 5.9 5.8 5.8 5.8 5.6 5.6 5.7 5.8 5.6 5.5 5.5 5.6 5.6 5.6 5.5 5.2 5.4 6.1 6 5.9 5.6 10 6 6.9 8.4 5.9 8.7 6.3 5.2 6.2 6 6 5.4 3.1 3.1 5.4 5.3 5.6 5.7 5.8 5.8 5.8 6 7.4 7.3 7.2 7.2 5.4 8.8 10.1 11.5 12.3 35 37.5 39.8 42.1 44.4 45.2 40.9 36.3 31.7 26.4 22.1 19.7
5.5 5.7 5.8 5.7 5.5 5.7 5.8 5.9 5.9 6 5.9 6 6 7.6 3.9 -4 6.3 6.5 5.8 6.1 6.1 6.5 6.1 5.4 5.9 6.3 6.5 6.7 6.5 6.2 6 6 5.9 5.9 5.7 5.5 5.6 5.6 5.7 5.7 5.5 5.7 5.7 5.6 5.6 5.6 5.7 5.8 6.2 6.1 5.9 5.7 7.7 5.6 5.7 6.1 10 6 6.2 6.5 3.9 3.9 3.9 3.9 3.9 3.9 3.9 4.6 4.8 5.4 5.5 5.5 5.5 5.6 5.8 5.9 6 7.4 7.3 6.1 10 10.6 12.6 12.1 33 36.8 38.3 39.8 40.3 37.9 30.4 24.1 17.9 14.3 12.7 11.6
5.3 5.5 5.7 5.4 5.4 5.7 5.8 5.9 5.9 6 6 5.9 5.6 7.6 -4 -4 6 7.6 5.6 5.7 5.6 6.2 8.9 5.6 6.2 6.3 6.3 6.6 6.5 6.3 6.1 6 6 5.8 5.6 5.7 5.8 5.8 5.7 5.6 5.5 5.5 5.5 5.6 5.6 5.6 5.7 5.8 6.1 6 5.6 5.7 7.3 5.7 5.7 6.1 8.5 5.9 6.9 3.9 5 5.2 5.4 5.5 5.6 5.6 5.4 4.3 3.9 3.9 4 3.9 3.9 4.9 5.1 5.6 5.8 5.9 7.4 7 14.8 21.7 25.7 24.9 26.6 28.3 29.6 30.1 30.7 29.1 19.2 13.1 9.4 8.5 7.7 7.5
5.7 5.7 5.7 5.7 5.6 5.7 5.8 5.8 5.9 5.9 5.5 5.6 5.4 6.5 -4 -4 5.3 7.8 7.2 8.1 5.9 5.8 5.8 6 6.4 6.4 6.5 7.4 6.8 6.5 6.3 6.1 5.9 5.7 5.5 5.8 5.8 5.8 5.7 5.6 5.5 5.5 5.4 5.5 5.7 5.7 5.8 5.9 6.1 6 5.8 5.7 8.2 5.7 5.5 7.6 9 6.3 6.2 3.9 5.1 5.3 5.5 5.6 5.7 5.8 5.6 5.9 6 5.9 5.8 5.9 5.9 3.9 4.8 5.1 5.5 5.8 5.8 7.3 8.2 17 15.4 14.2 16.7 16.4 17.9 18.2 18.9 16.4 11.1 7.8 7.4 7.1 6.9 7
5.7 5.7 5.7 5.7 5.7 5.7 5.8 5.9 5.9 5.9 5.7 5.2 5.4 5.6 6.2 -4 6.1 6.3 6.4 6.2 6.1 6 6 6.2 6.4 6.5 6.6 6.7 6.8 6.7 6.8 6.3 6.3 6.2 6.1 5.9 5.8 5.7 5.7 5.6 5.5 5.5 5.4 5.5 5.8 5.7 5.8 5.8 6 6.1 6 6 8.8 5.6 5.3 5.6 5.5 6.8 6.2 3.9 5.1 5.4 5.6 5.7 5.8 5.8 5.8 5.9 5.9 5.9 5.9 5.9 6 6.2 4.2 4.7 5.1 5.4 5.7 6.6 7.3 7.7 7.4 7.6 7.7 7.3 7.3 7.2 7.6 7.7 7.4 7 7 6.7 6.5 6.6
5.7 5.7 5.7 5.8 5.8 5.9 5.9 5.9 5.9 5.9 5.8 5.6 5.6 5.8 6.3 -4 6.3 6.5 9 6.3 6.2 6.2 6.2 6.4 6.5 6.6 6.7 6.8 6.9 7 6.8 6.5 6.5 6.3 6 6 5.9 5.8 5.8 5.7 5.6 5.5 5.5 5.5 5.5 5.6 5.8 5.7 6 6 5.9 9.5 5.8 5.1 5.3 5.8 6.3 6.5 6.1 3.9 5.1 5.4 5.7 5.8 5.8 5.8 5.8 5.8 5.8 5.8 5.8 5.9 6 6.2 5.7 4.2 4.6 5 5.1 5.5 6.8 7.4 7.3 7.3 7.6 7.3 7.2 7.2 7.6 7.6 7.4 6.9 7.1 6.4 6.2 5.3
5.8 5.8 5.8 5.8 5.9 5.8 6.1 5.9 5.9 5.8 5.8 5.7 5.8 5.9 6.7 -4 2.9 5.4 6.5 6.4 6.4 6.5 6.5 6.5 6.6 6.7 6.8 6.5 6.7 6.8 6.8 6.9 6.7 6.5 6.3 6.2 6.1 6 5.9 5.8 5.7 5.6 5.5 5.5 5.4 5.6 5.7 5.7 6 5.6 5.8 5.7 5.8 5.1 5.3 5.6 6.7 6.4 6 3.9 4.8 5.4 5.6 5.9 5.8 5.7 5.8 5.8 5.8 5.8 5.8 5.8 5.9 6 6.2 6.3 3.9 3.9 3.9 3.9 3.9 3.9 3.9 3.9 3.9 3.9 3.9 3.9 3.9 3.9 3.9 3.9 4.7 3.9 6.6 6.5
5.8 5.8 5.7 5.8 5.9 6 6.1 6 5.9 5.9 5.8 5.9 5.9 6 6.2 5.1 -4 6.3 6.5 6.6 6.4 6.6 6.7 6.7 6.8 6.9 6.3 6.5 6.6 6.6 6.6 6.7 6.6 7.1 6.7 6.5 6.3 6.1 6 5.9 5.8 5.7 5.5 5.6 5.6 5.7 5.8 5.9 6.3 5.6 5.6 5.6 5.7 5.1 5.1 6 6.4 6.2 6 3.9 4.2 4.6 3.8 5.5 5.6 5.7 5.7 5.7 5.7 5.7 5.7 5.7 5.8 5.9 6 6.2 6.3 6.3 6.2 6.3 6.2 7.4 6.4 6.4 5.9 5.8 6.4 6.4 6.4 6.4 6.3 6.2 4.8 6.1 6.4 6.4
5.8 5.8 5.8 5.8 5.9 5.9 6 5.9 5.9 5.8 5.8 6.1 6.1 6 5.9 6.5 -4 4.7 6.4 7 6.4 6.6 6.7 6.8 6.5 6.2 6.4 6.5 6.6 6.6 6.6 6.6 6.6 6.6 6.6 6.8 6.7 6.5 6.2 6 5.9 5.8 5.7 5.7 5.8 5.8 5.9 6.1 6.3 5.6 5.7 5.8 5.9 7.5 6.8 6.6 6.3 6.2 6 3.9 5.6 5.6 5.6 5.6 5.7 6 5.5 5.4 5.7 5.7 5.7 5.7 5.7 5.8 6 6.1 6.2 6.2 6.2 6.2 6.3 6.6 6.4 6.4 6.1 6.4 6.4 6.4 6.4 6.3 6.3 6.3 4.3 6.4 6.3 6.3
5.8 5.8 5.8 5.8 5.9 5.9 5.8 5.8 5.8 5.8 5.8 6.2 6.2 6.1 6.3 6.5 -4 -4 6.6 6.6 6.6 6.7 6.8 4.8 6.3 6.3 6.4 6.6 6.6 6.6 6.6 6.6 6.6 6.6 6.6 6.6 6.6 6.9 6.6 6.3 6 5.9 5.8 5.9 5.9 6 6 6.1 6.3 5.6 5.8 6 5.4 6.9 6.1 6.2 6.2 6.1 6 5.9 5.5 5.7 5.7 5.7 5.7 5.8 5.1 5.4 5.7 5.7 5.7 5.7 5.7 5.6 5.9 6 6.1 6.1 6.1 6.2 6.4 7.8 6.4 6.4 6.4 6.4 6.4 6.4 6.4 6.3 6.3 6.3 6.6 6.4 6.2 6.3
5.8 5.8 5.8 5.8 5.9 5.8 5.8 5.7 5.7 5.7 5.9 5.9 5.9 5.9 6.2 6.7 6.2 3.9 6.6 6.6 6.7 6.8 5.3 6.2 6.3 6.4 6.5 6.6 6.6 6.6 6.6 6.6 6.6 6.6 6.6 6.6 6.7 6.7 7 6.6 6.2 6 6 6 6.1 6.1 6.2 6.3 6.4 5.8 6.3 6.4 6.3 6.3 6.3 6.2 6.1 6 5.9 5.8 4 5.7 5.9 5.5 5.4 5.4 5.3 5.2 5.2 5.2 5 5.1 5.2 5.6 5.6 5.7 6 6 5.9 6.1 6.3 7.4 6.4 6.4 6.3 6.3 6.3 6.3 6.4 6.3 6.3 6.3 4.9 6 6.1 6.2
5.8 5.8 5.8 5.9 5.8 5.7 5.7 5.8 5.8 5.8 6 5.8 5.9 6 6.1 6.4 6 5.4 3.9 6.6 6.7 6.8 6.4 6.3 6.4 6.5 6.5 6.6 6.6 6.6 6.6 6.6 6.6 6.6 6.7 6.7 6.7 6.7 6.8 6.8 6.3 6.2 6.1 6.1 6.2 6.3 6.4 6.5 6.5 5.7 6.9 6.3 6.3 6.3 6.3 6.1 5.9 5.8 5.7 5.6 3.9 5.8 6 5.8 5.7 5.4 5.4 5.3 5.4 5.5 5.3 5.3 5.4 5.5 5.6 5.6 5.6 5.7 5.8 5.9 6 6.9 7.9 6.4 6.3 6.2 6.2 6.3 6.3 6.3 6.3 6.3 6.5 6.5 6.5 6.4
5.9 5.9 5.9 5.9 5.8 5.7 5.7 5.8 5.9 6 6 6 6.1 6.2 6.3 6.2 3.9 6.3 6.5 3.9 3.9 6.7 6.5 6.5 6.5 6.5 6.6 6.6 6.6 6.6 6.6 6.6 6.6 6.6 6.7 6.8 6.8 6.9 6.9 7.1 6.5 6.3 6.2 6.4 6.4 6.5 6.6 6.6 6.5 6.5 6.4 6.3 6.4 6.4 6.3 6.1 5.9 5.6 5.5 5.5 3.9 6.3 6 5.7 5.6 5.5 5.4 5.4 5.4 5.4 5.3 5.3 5.4 5.5 5.5 5.6 5.6 5.6 5.7 5.7 5.6 6.3 6.4 6.4 6.3 6.2 6.2 6.2 6.3 6.2 6.2 4.1 6.4 6.2 6.2 6.2
5.9 5.9 6 5.9 5.8 5.7 5.7 5.7 5.9 6 6.4 6.2 6.1 6.1 6.1 6.1 4.9 6.2 6.3 6.5 4.6 3.9 6.6 6.6 6.6 6.6 6.6 6.6 6.6 6.6 6.6 6.6 6.6 6.6 6.7 6.7 6.8 6.9 7 7 6.7 6.5 6.3 6.6 6.7 6.7 6.8 6.7 6.6 6.5 6.4 6.4 6.3 6.3 6.3 6.1 5.8 5.6 5.3 3.9 5.9 6 5.8 5.6 5.5 5.4 5.3 5.3 5.7 5.4 5.4 5.4 5.5 5.5 5.6 5.6 5.6 5.6 5.6 5.6 5.7 5.9 6.4 7.5 6.4 6.2 6.2 6.2 6.2 6.3 4.1 6.3 6 5.9 5.9 6.1
5.9 5.9 5.9 6 5.9 5.8 5.5 5.7 5.9 6 6.2 6 5.8 5.8 6 6 5.3 5.8 6 6.3 6.5 6.6 3.9 3.9 6.1 6.6 6.6 6.6 6.6 6.6 6.6 6.6 6.6 6.7 6.7 6.7 6.8 6.8 6.9 6.9 6.8 6.7 6.5 6.5 6.9 6.9 6.9 6.8 6.6 6.5 6.5 6.4 6.3 6.2 6.1 5.9 5.6 5.3 4.9 3.9 5.9 5.8 5.6 5.5 5.5 5.3 5.2 5.2 5.6 5.5 5.5 5.5 5.5 5.5 5.6 5.6 5.6 5.6 5.6 5.6 5.7 6.8 6.6 6.4 4.1 6.3 6.3 6.3 4.8 4.1 6.3 5.8 5.8 5.7 5.8 5.9
5.9 5.9 5.6 5.7 5.8 5.8 5.9 5.6 5.6 5.8 6.3 6.3 6.1 5.9 5.9 6 5.3 5.9 6.1 6.2 6.3 6.4 6.5 6.6 4.2 3.9 3.9 3.9 3.9 3.9 3.9 3.9 6.6 6.6 6.6 6.6 6.7 6.7 6.8 6.6 6.8 7 7 7 6.9 6.8 6.9 6.8 6.7 6.5 6.4 6.3 6.2 6 5.9 5.5 5.3 5 3.9 6.1 5.7 5.8 5.7 5.6 5.6 5.6 5.5 5.4 5.6 5.6 5.6 5.6 5.6 5.6 5.6 5.6 5.6 5.7 5.7 5.9 6.2 6.9 6.4 6.4 6.1 6.1 6.3 6.3 6.3 6.2 5.9 5.8 5.7 5.7 5.8 5.9
5.7 5.9 5.6 5.7 5.7 5.8 5.8 5.7 6 6 6.2 6.1 6 5.9 5.7 5.8 5.8 5.9 6 6.1 6.1 6.2 6.3 6.4 6.4 6.5 6.3 5.9 5.9 5.9 5.9 3.9 3.9 6.6 6.6 6.6 6.6 6.7 6.5 6.3 6.4 6.6 6.7 6.8 6.9 6.8 6.9 6.9 6.7 6.6 6.4 6.1 5.9 5.8 5.6 5.2 4.9 3.9 6.3 5.8 5.7 5.7 5.7 5.6 5.6 5.7 5.7 5.6 5.6 5.6 5.6 5.6 5.6 5.6 5.6 5.6 5.7 5.7 5.8 6 6.1 6.5 6.5 6.2 6.2 6.1 6.2 6.2 6.2 6.2 6 5.8 5.8 5.7 5.8 5.9
5.5 5.6 5.8 5.9 5.7 5.9 6 5.6 5.7 5.6 5.7 5.8 5.8 4.2 5.1 5.6 5.8 5.9 5.9 6 6 6.1 6.2 6.2 6.3 6.3 6.1 6 6 6 5.9 6 6.6 3.9 3.9 3.9 3.9 3.9 3.9 3.9 5.9 6.2 6.5 6.6 6.7 6.8 6.8 6.8 6.7 6.5 6.1 5.8 5.7 5.3 4.9 3.9 3.9 6.7 4.6 5.9 5.8 5.8 5.7 5.7 5.7 5.7 5.7 5.7 5.7 5.7 5.7 5.7 5.7 5.7 5.7 5.7 5.8 5.8 5.9 6 6.2 6.4 6.3 6.2 6.2 6.1 6.1 6.1 6.1 6 5.9 5.9 5.8 5.8 5.8 5.8
5.3 5.7 5.9 5.9 6.1 6.1 6.1 5.9 5.8 5.9 5.9 5.5 6.2 5.3 5.3 5.7 5.9 5.9 5.9 5.9 5.9 6 6.1 6.1 6.1 6.2 6.2 6.2 6.1 6.1 6 6.2 6.4 6.5 6.6 6.6 6.6 6.6 6.5 6 3.9 5.9 6.3 6.5 6.6 6.7 6.7 6.7 6.7 6.3 5.9 5.3 4.9 3.9 3.9 5.9 6 6.3 6.4 6.2 5.9 5.8 5.8 5.7 5.7 5.7 5.7 5.7 5.7 5.7 5.8 5.8 5.8 5.8 5.8 5.8 5.8 5.9 6 6.1 6.3 6.4 6.4 6.2 6.2 6.1 6.1 6.1 6.1 6.1 6 5.9 5.9 5.9 5.9 5.9
5.1 5.8 5.9 5.9 5.9 5.9 6.1 6 5.9 5.9 5.9 5.7 5.9 5.7 5.7 5.8 5.9 5.9 5.9 5.9 5.9 5.9 5.9 6 6 6.1 6.2 6.2 6.1 6.1 6 6.1 6.2 6.4 6.5 6.5 6.5 6.3 6.1 5.9 5.7 3.9 5.9 6.2 6.5 6.6 6.7 6.7 6.7 5.4 4.8 3.9 4 6 6.3 5.9 5.9 6.1 6.3 6 5.3 5.8 5.3 5.6 5.7 5.7 5.7 5.7 5.7 5.8 5.8 5.8 5.8 5.9 5.9 5.9 5.9 6 6 6.1 6.1 6.2 6.2 6.2 6.2 6.1 6.1 6.1 6.1 6.1 6 6 5.9 5.9 5.9 5.9
