public/OST50/ST35.asc
ncols 200
nrows 200
xllcorner 330000
yllcorner 150000
cellsize 50
[rows 86 to 128 of 200, columns 96 to 191 of 200]
5.9 5.9 6 6.2 6.1 6 5.9 5.8 5.7 5.7 5.7 5.7 5.7 5.6 5.7 5.7 5.7 6 6.2 6.3 6.5 3.9 8.2 7.9 7.6 7.2 6.8 6.5 6.6 6.5 6.3 6.3 6.3 6.4 6.6 7 8.5 11.2 17.6 20.5 21.9 22.4 21.3 17.3 9.6 7.3 7.6 10 10.9 10.9 10 8.3 7.9 8 7.8 7 6.7 6.6 6.8 7.1 7.9 7.7 7.4 9.3 13.1 17.6 21.3 29.1 36.5 47.7 70.8 90.9 111.7 128.7 140.2 144.7 150.8 157.9 162.8 165.2 164.4 162.1 158.1 141.6 125.2 110.2 95.8 79.9 69.5 63.7 60 55.7 51.7 49.1 45.8 46.2
5.9 5.8 5.6 6.2 6.1 6 5.9 5.8 5.9 5.8 5.9 5.7 5.7 5.7 5.7 5.7 5.7 5.8 6 6.1 6.2 6.4 5.3 8 7.9 7.5 7.1 6.8 6.6 6.4 6.3 6.3 6.3 6.3 6.6 7.1 7.1 7.5 11.1 12.9 14.4 15.1 14 11.2 7.5 6.9 6.8 7.9 8.3 8.6 9 6.7 7.4 7.6 7.4 6.9 6.7 6.7 6.9 7.2 7.9 7.5 7.5 9 11.5 14.8 16.9 24.4 32.5 46.5 67.1 88.5 105.2 119.4 126 130.2 137.6 149 156.1 159.3 160.4 160.2 158.1 150.2 131.6 114 96.8 81.5 67.9 59.6 54.2 49.1 45.8 43.7 41.1 40.7
5.9 5.9 5.5 6.2 6.1 6 6 6 6 6 6.1 5.9 5.7 5.7 5.7 5.7 5.7 5.7 5.7 5.9 6 6.2 6.7 7.2 5.4 7.5 7.2 6.9 6.8 6.5 6.4 6.4 6.4 6.4 6.7 7 6.7 6.9 7.5 8.1 9 8.6 8.5 8.3 7.5 7.1 7 7.5 7.6 7.6 7.6 6.5 7.3 7.3 7.1 6.9 6.9 6.9 6.9 7.4 7.8 7.6 7.6 8.4 9.9 11.9 13.5 22.8 33 35.4 58.3 77 91.8 103.4 107.7 113 124.5 138.8 147.7 151.7 155 156.9 156.7 150.5 136.6 117 93.6 81.3 68.9 58.9 51.9 46 41.3 38.9 36.7 36
5.8 5.6 6.2 6.2 6.1 6.1 6.1 6.1 6.1 6.2 6.4 6.1 5.9 5.8 5.7 5.7 5.7 5.7 5.7 5.8 5.9 6.1 6.4 6.9 6 7.4 7.2 7 7.1 7 6.8 6.7 6.7 6.7 6.8 6.9 6.9 6.9 7.2 7.2 7.2 7.2 7.2 7.2 7.3 7.3 7.3 7.2 7.2 7.2 6.4 6.2 7.1 7.1 6.8 6.5 6.6 7.1 5.9 7.8 8.5 7.4 7.3 7.7 8.7 9.8 11.9 15.1 23.8 33.4 43.8 61 75.4 83.6 89.2 100 111.4 123.7 132.4 139.8 145.2 149.4 150.9 149.7 138 122.1 99.9 82.8 69.8 60 52.3 45.5 40.7 36.6 31.8 32.1
5.9 5.5 5.6 6.2 6.2 6.2 6.2 6.2 6.1 6.3 6.4 6.2 5.9 5.9 5.9 5.9 5.9 5.8 5.8 5.8 6 6.2 6.4 6.6 7.3 3.9 7.1 7.4 7.5 7.5 7.3 7.2 7 7.1 7 7 7.1 7.1 7.2 7.2 7.2 7.2 7.2 7.2 7.2 7.2 7.2 7.1 7.1 7.1 6.5 6.5 6.6 6.8 6.7 6.7 6.8 7.1 7.1 7.8 7.1 9.9 7 7.3 7.2 7 10.5 13.7 20.2 25 36.6 42 55.6 64.9 70.9 81.7 94.6 105.7 113.3 120.9 127.2 132.3 136.7 142.9 141 125.9 106.8 88 70.6 62.3 54.8 48 41.8 36.9 33.4 29.5
5.5 5.6 5.4 4.8 5.4 6.1 6.1 6.1 6.2 6.3 6.3 6.3 6.1 6 6 6 6 6 5.9 5.9 6 6.2 6.4 6.4 6.8 7.3 4.6 3.9 3.9 3.9 7.8 7.6 7.4 7.3 7.2 7.2 7.2 7.2 7.1 7.1 7.1 7.2 7.2 7.2 7.1 7.1 7.1 7.1 7 7 6.9 7 6.9 6.9 6.9 6.9 7.2 7.4 7.7 7.5 7.1 6.8 6.8 7 6.7 6.7 9.2 12.8 19.9 23 28.9 34.7 41.4 51.1 56.6 65.9 78.3 87.6 94.5 101.6 108.7 113.4 120.9 128.2 134.3 131.2 112.4 96.1 80.7 67.4 58.9 52.3 45.6 40.4 36.3 33
5.6 5.5 5.4 5.5 5.5 6.1 6.1 6.1 6.2 6.2 6.3 6.3 6.2 6.1 6.1 6.1 6.1 6.1 6 5.9 6 6.2 6.2 6.3 6.4 6.8 7.2 7.3 7.3 7.6 7.2 4.1 7.8 7.8 7.7 7.2 7.1 7 7.2 7.1 7.1 7.1 7.2 7.2 7.1 7.2 7.1 7.1 7.1 7.1 7 7 7 6.9 6.9 6.9 7.3 4.4 7.7 7.4 7 6.6 6.6 6.8 6.8 7.1 8.7 10.7 14.8 20.2 25.2 30.8 35.2 39.8 44.2 49.1 61.2 68.3 76.8 85 91.9 97.9 103.8 111.9 121.4 125 120.7 104.7 91.8 81.2 66.6 57.6 49.7 43.7 38.5 34.3
5.7 5.6 5.6 5.7 5.6 5.5 6 6.1 6.2 6.3 6.3 6.3 6.3 6.2 6.3 6.3 6.3 6.2 6.1 6 6 6 6.1 6.1 6 6.4 6.7 6.8 6.9 6.9 6.7 6.4 7 3.9 7.5 7.3 6.8 7.3 7.3 7.2 7.2 7.2 7.2 7.2 7.2 7.2 7.2 7.2 7.1 7.1 7.1 7.1 7 7 6.9 6.9 7.3 7.6 7.6 7.3 6.9 6.4 6.5 6.7 6.9 7.3 8.9 10.4 13.2 17.4 21.8 26.3 30.6 34.5 37.3 40.5 45.1 48.5 55.8 66.2 72.7 79.4 88.3 95.9 106.1 113.1 116.5 116.8 111.3 100.3 91.6 72.8 56.4 46.3 39.9 35.5
5.8 5.7 5.7 5.7 5.7 5.7 6 6.1 6.2 6.4 6.4 6.4 6.4 6.3 6.4 6.4 6.3 6.3 6.2 6 5.9 5.9 6 6 6.1 6.3 6.4 6.6 6.8 6.9 6.6 5 6.8 6.9 6.9 7 3.9 6.6 7.3 7.3 7.3 7.2 7.3 7.4 7.3 7.3 7.3 7.3 7.2 7.2 7.2 7.1 7.1 7 7 7 4.8 7.5 7.4 7.2 7 6.6 6.7 6.9 7 7 8 10.2 12.4 15.5 19.6 22.7 26.4 28.7 30.8 33.7 38 41.2 44.3 48.6 52 56.2 68.7 80.3 89.3 96.2 104 110.1 113.4 114.9 110.1 93.3 69.9 49.6 42.7 36.7
5.9 5.9 5.8 5.8 5.8 5.8 5.8 6 6.2 6.3 6.4 6.4 6.4 6.4 6.4 6.4 6.4 6.3 6.3 6.2 6.1 6 6 6.1 6.1 6.1 6.3 6.5 6.7 6.7 6.6 6.5 6.7 6.7 6.7 6.7 6.6 6.6 6.7 4.9 4.2 7.3 7.6 7.6 7.4 7.4 7.4 7.4 7.3 7.2 7.3 7.2 7.1 7.1 7.1 7 7.4 7.4 7.3 7 7 6.8 6.9 7 7 7.1 7.3 9.3 10.7 11.9 16.1 19.6 22 23.4 26.5 28.6 30.5 33.6 37.2 40.2 42.2 46.3 50.4 61.8 67.6 75.6 86 94 99 104.6 109.3 104.7 87.7 65 46.9 39.3
5.9 5.9 5.9 5.9 5.9 5.8 5.9 5.9 6.2 6.3 6.4 6.4 6.4 6.4 6.4 6.4 6.4 6.3 6.3 6.3 6.2 6.1 6.1 6.1 6.1 6.2 6.2 6.3 6.4 3.9 6.4 6.6 6.6 6.6 6.5 6.5 6.5 6.5 6.6 6.6 6.6 6.6 6.1 3.9 7.8 7.7 7.5 7.4 7.3 7.4 7.5 7.3 7.2 7.2 7.2 4.7 7.4 7.3 7.1 7 6.9 6.9 6.9 6.9 7 7.1 7.2 7.3 8.7 10.6 11.6 15.6 17.8 18.3 19.9 21.8 23.3 26.3 30.2 31.3 32.7 36.4 40.8 45 50.5 57.8 66.5 73.7 78.9 86.6 93.8 100.2 97.1 79.8 60 42.9
5.9 5.9 5.9 5.9 5.9 5.9 5.8 6 6.2 6.2 6.3 6.4 6.4 6.4 6.4 6.4 6.4 6.4 6.4 6.4 6.3 6.2 6.1 6.2 6.2 6.2 6.3 5.9 6 6.3 6.4 6.4 6.5 6.5 6.4 6.4 6.4 6.4 6.5 6.5 6.5 6.5 6.5 6.8 6.9 6.6 3.9 7.4 7.3 7.7 7.6 7.5 7.4 7.3 7.3 7.3 7.3 7.2 7.1 7 6.9 6.9 6.9 6.9 7 7.1 7.2 7.3 7.4 8.6 10.2 12.1 12.4 13.5 14.3 16.5 17.8 19.7 22.3 23.4 25.2 28.1 33.2 36.6 38.7 40.2 45.1 52.5 57.1 65.2 75 83.6 87.2 86.4 77.8 52.3
5.9 6 6 6 6 6 6.4 6.2 6.3 6.3 6.3 6.4 6.4 6.4 6.4 6.4 6.4 6.4 6.4 6.4 6.4 6.3 6.2 6.2 6.3 6.3 6.4 6.3 6.4 6.4 6.4 6.5 6.5 6.5 6.4 6.4 6.4 6.4 6.4 6.4 6.4 6.4 6.4 6.4 6.5 6.3 6.1 5.9 5.5 3.9 6.8 7.8 7.7 7.5 6.2 7.2 7.4 7.3 7.2 7 6.9 6.8 6.9 7 7.1 7.2 7.3 7.4 7.4 7.7 8.6 9.9 9.7 9.4 9.4 11.3 13.5 15 16.3 17.6 19.1 21.2 25.2 29.2 30.3 31.7 34.2 35.9 38 44.9 52.6 61.2 68.1 72.1 74.2 66.9
5.9 6 6 6 6 6 6.3 6.3 6.3 6.3 6.3 6.3 6.4 6.4 6.4 6.4 6.4 6.4 6.4 6.4 6.4 6.4 6.3 6.3 6.3 6.3 6.4 6.2 6.7 6.5 6.5 6.5 6.5 6.5 6.4 6.4 6.3 6.3 6.3 6.3 6.3 6.3 6.3 6.3 6.3 6.2 6 5.7 5.5 6.5 7.5 7.7 4.6 4.5 7 7.5 7.7 7.7 7.7 7.4 7 6.8 7.2 7.3 7.4 7.5 7.6 7.7 7.7 7.9 8.1 8.4 8.1 7.9 7.4 7.8 8.3 9.6 11.5 13.3 15.3 15.3 18.2 21.1 22 24.5 27.2 28.8 30.2 33.2 35 39.1 46.3 51.7 56.3 59.6
5.9 6 6.1 6.1 6.1 6.3 6.2 6.3 6.3 6.3 6.3 6.3 6.3 6.3 6.4 6.4 6.4 6.4 6.4 6.4 6.4 6.3 6.3 6.3 6.3 6.4 6.4 6.7 6.7 6.6 6.6 6.5 6.5 6.4 6.4 6.3 6.3 6.3 6.3 6.3 6.3 6.3 6.2 6.2 6.2 6.1 6 5.8 5.5 6.4 6.8 6.6 6.2 7.1 7.3 5.8 3.9 8.3 8.1 7.9 7.7 7.8 7.8 7.8 7.7 4.7 7.5 7.8 5 5.2 7.7 7.7 7.6 7.6 7.2 7.4 7.5 8.1 8.3 8.4 10.4 10.2 11.9 13.3 14.3 16.7 18.5 19.4 21.9 24.6 24.8 26.3 29.6 31.8 35.7 40.4
5.6 5.6 5.6 5.6 6.2 6.2 6.1 6.2 6.2 6.2 6.3 6.3 6.3 6.3 6.3 6.4 6.4 6.3 6.3 6.3 6.3 6.3 6.3 6.3 6.3 6.4 6.5 6.7 6.7 6.7 6.6 6.6 6.5 6.4 6.4 6.3 6.3 6.3 6.3 6.2 6.2 6.2 6.2 6.2 6.1 6.1 6.1 5.8 5.5 6.2 6.1 5.8 5.5 7.1 6.6 7.2 7.1 7.6 7.2 3.9 8.6 8.8 8.5 3.9 7.4 7.6 7.5 7.5 7.6 7.7 7.8 3.9 4.6 5.3 6 6.3 3.9 3.9 3.9 3.9 3.9 3.9 6.1 6.8 4.3 5 6.6 9.7 13.4 16.1 15.6 17.3 19.8 21.1 22.3 24.2
5.6 5.6 5.7 5.8 4.7 6.1 6.1 6.1 6.1 6.2 6.2 6.3 6.3 6.4 6.4 6.4 6.4 6.3 6.3 6.3 6.3 6.3 6.3 6.3 6.3 6.4 6.5 6.7 6.7 6.7 6.7 6.6 6.5 6.5 6.4 6.3 6.3 6.3 6.3 6.3 6.2 6.2 6.2 6.1 6.1 6.1 6.1 6 5.8 5.8 5.8 5.3 7.1 6.3 6.3 6.7 6.5 6.6 7 7.3 7.7 7.1 7 7.1 7.1 7.1 7.1 7.1 7.2 7.3 7.4 7.1 7 7.3 7.3 7.4 7.8 7.9 7.5 7.5 8.2 7.5 7.1 6.9 6.9 6.7 6.7 6.8 5.6 7.7 9.1 10.6 11.8 12.7 13 15
5.6 5.6 5.6 5.6 5.8 6.2 6 6.1 6.1 6.1 6.2 6.3 6.3 6.4 6.4 6.4 6.4 6.3 6.3 6.3 6.3 6.3 6.3 6.3 6.3 6.4 6.5 6.6 6.7 6.7 6.6 6.6 6.5 6.5 6.4 6.4 6.3 6.3 6.3 6.3 6.2 6.2 6.2 6.1 6.1 6.1 6 5.9 5.8 5.8 5.6 5.4 7.1 6.7 6.1 6.2 4.9 6 6.4 6.7 7 7 6.8 6.9 7 6.9 6.9 6.9 7 7 7.1 7.1 7 7 7.1 7.2 7.2 7.2 7.3 7.4 7.8 7.9 7.5 7.2 7.1 6.9 6.7 6.5 6.6 6.9 7.1 6.9 4.5 7.5 6.1 7.4
5.6 5.7 6.1 5.9 5.9 5.9 6 6 6.1 6.1 6.2 6.2 6.3 6.4 6.4 6.4 6.4 6.3 6.3 6.3 6.3 6.2 6.2 6.2 6.3 6.4 6.5 6.6 6.7 6.7 6.7 6.6 6.5 6.5 6.4 6.4 6.4 6.4 6.3 6.3 6.2 6.2 6.2 6.2 6.1 6.1 6.1 6 6 5.8 5.7 7.1 6.2 5.2 6 6 6 6 6.1 6.4 6.7 6.6 6.6 6.7 6.8 6.8 6.8 6.8 6.9 6.9 6.9 6.9 6.9 6.9 6.9 7 7.1 7.1 7.1 7.2 7.5 7.5 7.7 5.5 7.3 7 6.7 6.4 6.6 7.1 7.3 7.1 7 7.4 7.3 8
5.8 6.2 6 5.9 5.9 5.9 5.8 5.9 5.9 6 6.1 6.2 6.2 6.3 6.3 6.3 6.3 6.3 6.3 6.3 6.2 6.2 6.2 6.2 6.2 6.3 6.4 6.6 4.2 6.7 6.7 6.7 6.6 6.5 6.5 6.4 6.4 6.4 6.3 6.3 6.2 6.2 6.2 6.2 6.1 6.1 6 6 6 5.8 7 6.5 6 6 6 6 6.1 6.1 6.2 6.4 6.7 6.9 5.3 6.7 6.8 6.8 6.8 6.8 6.8 6.9 6.8 6.8 6.8 6.8 6.8 6.9 6.9 6.9 7 7 7.2 7.3 7.4 7.4 3.9 7.2 6.7 6.4 6.5 6.8 6.9 6.8 6.6 6.8 5.5 7.1
5.9 6 5.9 5.8 5.8 5.8 5.9 5.9 5.9 6 6.1 6 6.1 6.1 6.2 6.2 6.2 6.3 6.2 6.2 6.2 6.2 6.2 6.2 6.2 6.3 6.4 6.6 6.9 7 6.9 6.8 6.7 6.7 6.6 6.5 6.5 6.4 6.3 6.3 6.3 6.2 6.2 6.2 6.1 6.1 6 6 6.3 10.3 7.3 6.6 6 6 6 6 6.1 6.2 6.2 6.4 6.5 6.6 6.7 6.8 6.8 6.8 6.8 6.8 6.8 6.8 6.7 6.7 6.7 6.7 6.7 6.7 6.8 6.8 6.8 6.9 6.8 7 7.1 7.2 7.2 4 6.6 6.4 6.4 6.5 6.6 6.6 6.7 6.8 4.5 6.7
5.7 5.5 5.8 5.8 5.8 5.9 5.8 5.9 5.9 6 6 6 6 6.1 6.1 6.2 6.2 6.2 6.2 6.2 6.1 6.1 6.1 6.1 6.1 6.3 6.4 6.5 6.8 7 7 6.9 6.9 6.8 6.7 6.6 6.6 6.6 6.5 6.4 6.3 6.2 6.2 6.2 6.2 6.1 6 5.8 5.9 7.3 7.4 5.8 5.6 6.1 6 6 6.1 6.2 6.2 6.3 6.4 6.5 6.6 6.7 6.8 6.9 6.8 6.8 6.8 6.7 6.6 6.6 6.6 6.6 6.6 6.7 6.7 6.7 6.7 6.8 6.7 6.7 6.8 6.9 6.3 6.2 6.1 6.4 6.4 6.4 6.5 6.6 6.8 6.9 6.7 6.6
5.8 5.7 5.9 5.8 5.8 6 5.8 5.9 6 6 6.1 6.1 6 6 6.1 6.1 6.1 6.1 6.2 6.1 6.1 6.1 6.1 6 6.1 6.2 6.3 6.5 6.7 6.9 4.2 7 6.9 6.9 6.8 6.7 6.7 6.8 6.8 6.7 6.6 6.5 6.4 6.4 6.2 5.9 5.8 5.6 7.4 6.5 6.5 5.8 6.1 6.1 6.1 6.1 6.1 6.1 6.2 6.2 6.3 6.4 6.5 6.7 6.8 6.9 6.8 6.8 6.7 6.6 6.5 6.5 6.5 6.5 6.5 6.5 6.6 6.6 6.6 6.7 6.6 6.6 6.6 6.6 6.4 6.2 6.4 6.4 6.5 6.6 6.6 6.7 6.9 6.7 6.6 6.5
5.9 5.8 5.8 5.7 5.7 6 5.8 6 6 6 6.1 6 6 6 6 6 6 6.1 6.1 6.1 6.1 6.1 6.1 6 6.1 6.2 6.3 6.4 6.6 6.8 6.9 4.2 7 6.9 6.9 6.8 6.8 6.9 6.9 6.9 6.8 6.7 6.6 6.6 6.2 5.9 5.6 5.5 7.6 6.3 6.2 6.2 6.2 6.1 6.1 6.1 6.1 6.1 6.1 6.2 6.3 6.4 6.6 6.7 6.9 6.9 5.6 6.7 6.6 6.5 6.5 6.4 6.4 6.4 6.4 6.4 6.5 6.5 6.5 6.6 6.5 6.5 6.5 6.5 6.4 6.2 6.4 6.7 3.9 6.8 6.8 6.9 6.9 6.6 6.5 6.4
5.7 5.7 5.7 5.7 6 6 6 4.7 6 6 6 6 6 6 6 6 6 6.1 6.1 6.1 6.1 6.1 6.1 6.1 6.2 6.2 6.2 6.4 6.5 6.7 6.8 6.9 4.6 7 6.9 6.9 7 4.2 7 7 5.7 6.9 6.9 6.6 6.2 5.9 5.7 7.6 6.4 6.4 6.3 6.2 6.2 6.1 6.1 6.1 6.1 6.1 6.1 6.2 6.4 6.5 6.7 6.9 7.1 7 6.3 6.6 6.5 6.4 6.4 6.3 6.3 6.3 6.3 6.4 6.4 6.4 6.5 6.5 6.4 6.4 6.4 6.4 6.3 6.4 6.4 6.5 6.5 7.3 7 7 6.7 6.6 6.4 6.3
5.6 5.8 5.9 6 6 6 6.1 6.3 6.5 6 6 6 6 6 6 6 6 6 6.1 6.1 6.1 6.1 6.1 6.2 6.2 6.2 6.2 6.3 6.4 6.5 6.7 6.8 6.9 6.9 7 7 7 6.9 6.9 6.9 7 7 4.2 6.6 6.2 5.4 7.6 6.4 6.4 6.4 6.3 6.3 6.2 6.1 6.1 6.1 6.1 6.1 6.1 6.2 6.4 6.6 6.8 7.1 7.2 7.4 6.7 6.5 6.4 6.3 6.3 6.3 6.3 6.3 6.3 6.3 6.3 6.4 6.4 6.4 6.3 6.3 6.3 6.3 6.3 6.3 6.3 6.3 6.5 6.8 7 7.2 6.7 6.5 6.4 6.3
5.8 4.3 5.9 5.9 5.9 6 6.1 6.2 6.4 4.7 6 6 6 6 6 6 6 6 6 6 6.1 6.1 6.1 6.2 6.2 6.2 6.2 6.3 6.3 6.5 6.6 6.7 6.8 6.8 7 7 6.9 6.9 6.8 6.9 6.9 6.9 7 6.7 6 7.8 6.4 6.3 6.3 6.3 6.3 6.2 6.2 6.1 6.1 6.1 6.1 6.1 6.2 6.3 6.5 6.6 6.8 7.1 7.4 6.8 6.7 6.4 6.3 6.2 6.2 6.2 6.2 6.3 6.3 6.3 6.3 6.3 6.3 6.3 6.3 6.3 6.3 6.3 6.2 6.2 6.3 6.3 6.3 6.6 6.9 7.3 6.9 6.6 6.5 6.3
5.8 5.8 5.8 5.8 5.8 5.8 5.9 6 6.4 6 6 6 6 6 6 6 6 6 6 6 6.1 6.1 6.1 6.2 6.2 6.2 6.2 6.2 6.3 6.4 6.5 6.5 6.6 6.7 6.8 6.8 6.8 6.8 6.7 6.8 6.7 6.7 6.8 7 7.1 7.8 6.2 6.3 6.3 6.3 6.2 6.2 6.2 6.1 6.1 6.1 6.1 6.3 6.4 6.6 6.7 6.8 6.8 5.1 6.8 6.7 6.5 6.4 6.2 6.2 6.2 6.2 6.2 6.2 6.2 6.2 6.2 6.3 6.3 6.3 6.2 6.3 6.3 6.2 6.2 6.2 6.2 6.3 6.3 6.4 6.2 6.3 3.9 6.6 6.5 6.3
5.7 5.7 5.7 5.7 5.7 5.7 5.7 4.5 6.2 6 6 6 6 6 6 6 6 6 6 6 6 6.1 6.1 6.1 6.2 6.1 6.1 6.2 6.2 6.3 6.4 6.4 6.5 6.5 6.6 6.6 6.6 6.6 6.6 6.6 6.5 6.5 6.6 4.6 7.8 5.7 6.3 6.3 6.3 6.2 6.2 6.1 6.1 6.1 6.1 6.1 6.2 6.3 6.6 6.8 6.8 6.8 6.8 6.8 6.7 6.5 6.4 6.3 6.2 6.1 6.1 6.1 6.1 6.2 6.2 6.2 6.2 6.2 6.2 6.2 6.2 6.2 6.2 6.2 6.2 6.2 6.2 6.3 6.3 6.3 6.2 6.4 6.8 6.6 6.4 6.3
5.7 5.7 5.7 5.3 5.7 5.7 5.8 5.7 6 6 6 6 6 6 6 6 6 6 6 6 6 6.1 6.1 6.1 6.1 6.1 6.1 6.1 6.2 6.2 6.2 6.3 6.3 6.4 6.4 6.4 6.5 6.5 6.5 6.4 6.3 6.2 6.4 7.8 6.5 6.5 6.3 6.3 6.2 6.2 6.1 6.1 6.1 6.1 6.1 6.2 6.3 6.4 6.6 5.1 6.8 6.8 6.8 6.8 6.6 6.5 6.3 6.2 6.1 6.2 6.2 6.2 6.2 6.1 6.2 6.2 6.2 6.2 6.2 6.2 6.2 6.2 6.2 6.2 6.2 6.2 6.2 6.2 6.2 6.2 6.4 6.7 7 6.6 6.5 6.4
5.8 5.8 5.8 5.7 5.7 5.8 5.8 5.9 6 6 6.1 6.1 6 6 6 6 6 5.9 6 6 6 6.1 6.1 6.2 6.1 6.1 6.1 6.1 6.1 6.1 6.2 6.2 6.3 6.3 6.3 6.3 6.4 6.4 6.3 6.4 6.3 6.3 7.8 7.5 7 6.5 6.3 6.3 6.2 6.1 6.1 6.1 6.1 6.1 6.1 6.1 6.2 6.3 6.6 5.1 6.8 6.7 6.7 6.8 6.6 6.5 6.3 6.2 6.2 6.2 6.2 6.2 6.2 6.1 6.1 6.1 6.2 6.2 6.2 6.2 6.2 6.2 6.2 6.2 6.1 6.2 6.2 6.2 6.2 6.2 6.2 6.3 6.4 7 6.7 6.5
5.8 5.8 5.8 5.8 5.8 5.8 5.9 5.8 5.9 6.1 6.1 6.1 6.1 6 6 6 5.9 5.9 5.9 6 6 6.1 6.1 6.2 6.1 6.1 6.1 6.1 6.1 6.1 6.2 6.2 6.2 6.2 6.2 6.2 6.3 6.3 6.2 6.2 6.3 7.8 7.7 7.3 6.9 6.5 6.4 6.3 6.2 6.1 6.1 6.1 6.1 6.1 6.1 6.1 6.2 6.3 6.6 5.2 6.8 6.7 6.8 6.8 6.7 6.5 6.4 6.3 6.3 6.3 6.2 6.2 6.2 6.2 6.2 6.2 6.2 6.2 6.2 6.2 6.2 6.2 6.2 6.2 6.1 6.1 6.2 6.2 6.2 6.1 6.2 6.3 6.4 7.2 6.9 6.6
5.7 5.7 5.8 5.9 5.9 6 6 5.9 6 6.1 6 6 6 6 6 6 5.9 5.9 5.9 5.9 6 6.1 6.2 6.2 6.1 6.1 6.1 6.1 6.1 6.1 6.1 6.1 6.1 6.1 6.1 6.2 6.2 6.1 6.1 5.9 7.7 8 7.3 7.1 6.9 6.5 6.4 6.3 6.2 6.1 6.1 6.1 6.1 6.1 6.1 6.1 6.2 6.3 6.5 6.8 6.8 6.8 6.8 6.7 6.7 6.6 6.5 6.4 6.3 6.3 6.2 6.2 6.2 6.1 6.2 6.2 6.2 6.2 6.2 6.2 6.2 6.2 6.2 6.1 6.1 6.1 6.1 6.2 6.1 6.1 6.1 6.2 6.6 4.7 6.9 6.7
5.7 5.8 5.9 6 6 6 5.8 6.1 6.1 6.1 6 6 6 6 6 5.9 5.9 5.9 5.9 5.9 6 6.1 6.2 6.2 6.2 6.1 6.1 6.1 6.1 6.1 6.1 6.1 6.1 6.1 6.1 6.1 6 6 5.8 7.1 8.1 7.3 5.1 6.5 6.6 6.6 6.4 6.3 6.2 6.1 6.1 6.1 6.1 6.1 6.1 6.1 6.1 6.3 6.5 6.7 6.8 6.8 6.8 6.7 6.7 6.6 6.5 6.4 6.3 6.3 6.3 6.2 6.2 6.1 6.2 6.2 6.2 6.2 6.2 6.2 6.2 6.2 6.2 6.1 6.1 6.1 6.1 6.1 6.1 6.1 6.1 6.2 6.3 6.2 7 6.8
5.7 5.8 5.9 6 6.1 6.1 6.3 6.2 6.1 6.1 6 6 6 6 5.9 5.9 5.9 5.9 5.9 6 6.1 6.1 6.2 6.2 6.2 6.1 6.1 6.1 6.1 6.1 6.1 6.1 6.1 6 6 6 6 5.9 5.3 8.1 6.7 5.1 6.5 6.4 6.4 6.3 6.1 6.1 6.1 6.1 6.1 6.1 6.1 6.1 6.1 6.2 6.2 6.3 6.5 6.6 6.7 6.8 6.8 6.7 6.7 6.6 6.5 6.4 6.4 6.3 6.3 6.2 6.2 6.2 6.2 6.2 6.1 6.1 6.1 6.1 6.2 6.2 6.2 6.2 6.1 6.1 6.1 6.1 6.1 6.1 6.1 6.1 6.1 6.4 6.7 5.8
5.7 5.8 5.9 6 6.1 6.1 6.3 6.2 6.1 6.1 6 6 6 5.9 5.9 5.9 5.9 5.9 5.9 6 6.1 6.1 6.2 6.2 6.2 6.2 6.2 6.1 6.1 6.1 6.1 6.1 6 6 6 6 6 5.9 7.7 6.2 6.8 6.6 6.4 6.2 6.1 6 6.1 6.1 6.1 6.2 6.1 6.1 6.1 6.1 6.2 6.3 6.3 6.5 6.5 6.6 6.6 6.8 6.8 6.7 6.7 6.6 6.5 6.4 6.4 6.3 6.3 6.2 6.2 6.2 6.2 6.1 6.1 6.1 6.1 6.1 6.1 6.1 6.2 6.2 6.1 6.1 6.1 6.1 6.1 6.1 6.1 6.1 6.2 6.4 6.5 6.6
5.8 5.9 5.9 6 6 6 6.2 6.1 6.1 6.1 6 6 5.9 5.9 5.8 5.8 5.8 5.8 5.9 6 6.1 6.1 6.2 6.2 6.2 6.2 6.2 6.2 6.2 6.1 6.1 6 6 6 6 6 6 7.5 6.6 6.7 6.6 6.5 6.4 6.2 6.1 6.1 6.1 6.2 6.2 6.3 6.1 6.1 6.1 6.2 6.3 6.4 6.4 6.5 6.6 6.6 6.7 6.8 7.1 6.9 6.7 6.6 6.5 6.4 6.4 6.3 6.3 6.2 6.2 6.2 6.1 6.1 6.1 6.1 6.1 6.1 6.1 6.1 6.1 6.2 6.2 6.1 6.1 6 5.9 5.9 5.9 6 6.2 6.3 6.4 6.5
5.8 5.8 5.8 6 6 6 6 6 6 6 6 6 6 6 5.7 5.5 5.5 5.5 5.7 6 6.1 6.1 6.2 6.2 6.2 6.2 6.2 6.2 6.1 6.1 6.1 6 6 6 6 5.9 7 6.5 6.6 6.6 6.6 6.5 6.4 6.2 6.1 6.1 6.1 6.2 6.3 6.3 6.1 6.1 6.2 6.3 6.4 6.5 6.5 6.7 6.7 6.8 6.8 6.9 7.2 7 6.9 6.6 6.5 6.4 6.3 6.3 6.3 6.2 6.2 6.2 6.1 6.1 6.1 6.1 6.1 6.1 6.1 6.1 6.1 6.1 6.2 6.2 6.1 6 5.8 5.7 5.7 5.9 6.1 6.2 6.2 6.3
5.7 5.7 5.8 5.8 6 6 6 6 6 6 6 6 6 6 5.8 5.5 8.5 5.5 5.7 6.1 6.1 6.1 6.2 6.2 6.2 6.2 6.2 6.2 6.1 6.1 6.1 6 6 6 5.9 5.7 7.5 6.8 5.1 6.5 6.5 6.4 6.3 6.2 6.2 6.1 6.2 6.3 6.4 6.3 6.2 6.2 6.3 6.3 6.4 6.5 6.5 6.5 6.8 6.8 6.9 7.3 7.2 7.2 6.8 6.6 6.5 6.4 6.3 6.3 6.3 6.2 6.2 6.2 6.1 6.1 6.1 6.1 6.1 6.1 6.1 6.1 6.1 6.2 6.2 6.2 6.2 6 5.8 5.6 5.8 5.8 6.1 6.2 6.2 6.2
5.6 5.9 5.9 4.8 5.8 5.8 5.9 6 6 6 6 6 6.1 6.1 6 5.8 8.1 6.6 6 6.1 6.1 6.1 6.2 6.2 6.2 6.2 6.2 6.2 6.1 6.1 6 6 5.9 5.8 5.7 7.5 6.4 6.6 5.1 6.3 6.4 6.3 6.4 6.3 6.2 6.2 6.3 6.3 6.4 6.3 6.1 6.2 6.3 6.4 6.4 6.5 6.5 6.5 6.5 6.7 7.3 6.8 7.3 7.1 6.6 6.5 6.4 6.4 6.3 6.2 6.2 6.2 6.2 6.2 6.1 6.1 6.1 6.1 6.1 6.1 6.1 6.1 6.2 6.2 6.2 6.2 6.2 6 5.7 5.9 6 6.1 6.1 6.3 6.4 6.3
5.9 5.9 6 6.1 5.6 5.8 5.9 6 6.1 6.1 6.1 6.1 6.1 6.1 6.1 6.1 6.1 6.1 6.1 6.1 6.1 6.1 6.2 6.2 6.2 6.2 6.2 6.2 6.1 6 6 5.9 5.8 5.7 7.5 6.3 6.4 7 7.5 6.3 6.4 6.4 6.4 6.4 6.3 6.3 6.3 6.4 6.4 6.2 6.2 6.3 6.3 6.4 6.5 6.5 6.4 6.4 6.5 6.5 6.6 6.6 6.6 7.3 6.6 6.5 6.3 6.3 6.2 6.2 6.2 6.2 6.2 6.2 6.1 6.1 6.1 6.1 6.1 6.1 6.1 6.1 6.2 6.2 6.2 6.3 6.2 5.9 5.6 6.1 6.2 6.3 6.4 6.5 6.5 6.4
5.9 6 6 5.9 5.7 5.9 6 6.1 6.1 6.1 6.1 6.1 6.1 6.1 6.1 6.1 6.1 6.2 6.2 6.2 6.1 6.1 6.1 6.2 6.1 6.1 6.1 6.1 6 6 5.9 5.9 5.8 7.5 5.2 6.3 6.4 6.8 6.8 6.4 6.4 6.4 6.5 6.5 6.5 6.4 6.4 6.4 6.4 6.3 6.3 6.3 6.4 6.5 6.4 6.4 6.3 6.3 6.3 6.3 6.3 6.3 6.3 6.6 6.6 6.4 6.3 6.2 6.2 6.2 6.2 6.2 6.2 6.1 6.1 6.1 6.1 6.1 6.1 6.1 6.1 6.1 6.2 6.2 6.2 6.2 6 5.7 5.6 5.9 6 6.1 6.2 6.3 6.3 6.4
5.9 5.9 6 6.2 6.2 6.1 6.1 6.1 6.1 6.1 6.1 6.1 6.1 6.1 6.1 6.1 6.1 6.1 6.1 6.1 6.1 6.1 6.1 6.1 6.1 6.1 6 5.9 5.9 5.9 5.9 6.1 7.3 6.1 6 6.2 6.3 6.6 7.2 7.4 7.5 5.6 7.5 7.4 7.6 6.1 6.5 6.5 6.4 6.4 6.4 6.4 6.5 6.4 6.3 6.3 6.3 6.2 6.2 6.1 6.2 6.2 6.2 6.2 6.8 6.5 6.3 6.2 6.1 6.1 6.1 6.1 6.1 6.1 6.1 6.1 6.1 6 6 6.1 6.1 6.1 6.1 6.2 6.2 6.2 5.9 5.5 5.6 5.6 5.8 5.9 6.1 6.2 6.1 6.2
