public/OST50/ST36.asc
ncols 200
nrows 200
xllcorner 330000
yllcorner 160000
cellsize 50
[rows 132 to 175 of 200, columns 0 to 95 of 200]
-4 -4 -4 -4 -4 -4 -4 -4 -4 -4 -4 -4 -4 -4 -4 -4 -4 -4 -4 -4 -3.4 -2.6 -2 -1.6 -1.3 -1.1 -0.9 -0.6 -0.4 -0.2 0.2 0.5 0.8 0.8 0.9 1 1.1 1.4 1.6 1.7 1.8 2 2.1 2.2 2.3 2.5 2.6 2.8 3 3.2 3.4 3.6 3.8 4 4.2 4.4 4.5 4.5 9.7 7 6.6 6.4 6.5 7 7.8 8.5 11.1 13.9 18.5 21.5 21.7 20.7 26.5 31.5 34.8 41.3 47.7 51.8 57.3 64.7 70 75.5 70 58.9 61.4 62.3 65.7 65.3 68.5 70.8 74.4 78.2 80.9 83.1 83.7 84.2
-4 -4 -4 -4 -4 -4 -4 -4 -4 -4 -4 -4 -4 -4 -4 -4 -4 -4 -4 -4 -3.3 -2.6 -1.9 -1.3 -1 -0.7 -0.5 -0.3 0 0.2 0.4 0.7 1 1.2 1.3 1.3 1.4 1.5 1.8 2 2.1 2.2 2.4 2.5 2.6 2.7 2.8 3 3.1 3.3 3.6 3.8 4 4.2 4.4 4.5 4.5 6.9 7.5 6.8 6.9 7.4 7.9 9.3 13.6 14.7 18.5 22.2 26.1 28.1 32 37.4 46.7 55.2 59.2 63.6 68.4 72.5 77.1 81 82.8 84.6 83.8 75.6 75.1 77.7 78.2 77.1 77.7 79.4 81.7 83.7 85.2 85.6 85.8 86.1
-4 -4 -4 -4 -4 -4 -4 -4 -4 -4 -4 -4 -4 -4 -4 -4 -4 -4 -4.1 -4 -3.3 -2.6 -1.9 -1.1 -0.7 -0.3 -0.1 0.1 0.3 0.6 0.7 0.9 1.3 1.6 1.7 1.7 1.8 1.9 2 2.2 2.4 2.5 2.7 2.8 2.9 3 3.1 3.2 3.3 3.5 3.7 3.9 4.1 4.4 4.5 4.5 4.5 11.3 9.2 9.2 10.3 13 14.1 14.7 16.5 21.9 27 33.6 40.2 49.7 57.5 61 67.3 73.3 76 78.8 82.1 84.1 85 84.6 85 84.3 82.5 80.2 81.2 81.3 81.6 81.1 82.5 83.7 85.5 86.4 87 86.9 87 87.1
-4 -4 -4 -4 -4 -4 -4 -4 -4 -4 -4 -4 -4 -4 -4 -4 -4.1 -4 -4.1 -4 -3.3 -2.6 -1.8 -1.1 -0.4 0 0.3 0.5 0.6 0.8 1.1 1.2 1.5 1.8 2 2.1 2.2 2.2 2.3 2.4 2.7 2.8 2.9 3 3.2 3.3 3.4 3.5 3.6 3.7 3.9 4.1 4.3 4.5 4.5 4.5 10 14.1 15.2 17.6 20.5 21.4 24.7 25.3 29 33.8 40.1 51.5 64.5 73.1 77.8 77.5 78 80.8 82.4 85.4 87.4 88.2 88.1 86.8 85.7 85.5 85.2 87.6 87.3 84.7 83.6 83.6 84.1 85.4 86.4 87 87 86.6 86.3 85.9
-4 -4 -4 -4 -4 -4 -4 -4 -4 -4 -4 -4 -4 -4 -4 -4.1 -4.1 -4 -4 -4 -3.3 -2.6 -1.8 -1.1 -0.4 0.3 0.6 0.9 1.1 1.2 1.4 1.6 1.8 2 2.3 2.5 2.5 2.6 2.7 2.7 2.9 3.1 3.2 3.3 3.4 3.5 3.7 3.8 3.9 4 4.1 4.3 4.5 4.5 4.5 5.9 15 19.8 23.5 27.7 31.9 33.8 37.4 39 43.9 54.2 64 74.2 79.9 82.7 84.1 84.1 83.8 84.8 86.5 88.3 90.2 91.2 90.5 89.9 89.6 90.4 91.9 92.4 91 88.7 86.7 85.5 84.9 85.5 86.3 85.9 84.8 83.1 83.2 82.6
-4 -4 -4 -4 -4 -4 -4 -4 -4 -4 -4 -4 -4 -4 -4 -4 -4 -4 -4 -4 -3.3 -2.6 -1.8 -1.1 -0.4 0.4 1 1.3 1.4 1.6 1.8 2 2.2 2.3 2.6 2.8 2.9 3 3 3.1 3.2 3.4 3.5 3.6 3.7 3.8 3.9 4 4.2 4.3 4.4 4.5 4.5 4.7 6 16.9 24.8 30.4 35.6 41.1 46.7 51.9 57.1 61.3 67.1 74.3 80.7 83.2 84.3 85.1 85.3 84.4 83.7 85.6 87.9 90 92.2 93.2 94 94.1 94.1 93.9 93.3 92.3 91.6 89.4 86.9 85.3 84.4 85.1 85 83.6 80.2 78.9 77.5 76.5
-4 -4 -4 -4 -4 -4 -4 -4 -4 -4 -4 -4 -4 -4 -4 -4 -4 -4.1 -4 -4 -3.3 -2.5 -1.8 -1.1 -0.3 0.4 1.1 1.6 1.9 2 2.2 2.3 2.6 2.7 2.8 3.1 3.3 3.3 3.4 3.5 3.5 3.6 3.8 3.9 4 4.1 4.2 4.3 4.4 4.5 4.5 5.1 6.6 10.8 22.2 30.3 36.9 43.1 49 55.2 60.6 66.7 73.8 78.7 81.7 84.6 86 86.7 86.8 86.7 85.5 84.7 85 87 89.9 91.9 94.1 94.9 94.8 94.3 93.7 92.3 91.9 91.2 90.5 87.9 84.2 81.7 81.7 83 83.1 80.7 76.3 68.2 64.4 64.1
-4 -4 -4 -4 -4 -4 -4 -4 -4 -4 -4 -4 -4.1 -4 -4 -4 -4.1 -4 -4.1 -4 -3.3 -2.5 -1.8 -1.1 -0.3 0.4 1.1 1.9 2.3 2.4 2.6 2.7 2.9 3.1 3.2 3.4 3.7 3.7 3.8 3.8 3.9 4 4.1 4.2 4.3 4.4 4.7 5.2 5.7 6.4 9.8 13.8 19.7 29.2 37.4 43.6 50 55.2 61.2 66.8 72.5 78.5 84.4 87.4 88 89.2 89.8 89.5 88.9 87.9 87 86.7 87.8 89.9 91.9 93.9 95 95.1 94.8 93.8 91.8 90 87.7 87.1 85.6 81.9 78.3 76.2 75.4 77.4 77.7 76.5 74.2 67.2 58.2 52.4
-4 -4 -4 -4 -4 -4 -4 -4 -4 -4 -4 -4 -4 -4 -4 -4 -4 -4 -4 -4 -3.2 -2.5 -1.8 -1 -0.3 0.4 1.2 1.9 2.6 2.9 3 3.1 3.3 3.4 3.6 3.8 3.9 4.1 4.2 4.2 4.3 4.3 4.4 4.4 13.9 15.5 19 21.7 23.1 25.1 27.7 32.1 38.3 45.7 51.3 57.4 62.4 66.7 71.4 76.8 81.9 86.4 90.6 93.2 93.2 93 92.9 92.2 91.4 90.6 89.6 90.2 91.4 92.3 93.5 92.4 94.3 94.9 94.6 93.5 92.1 89 84.4 79 75.7 71.4 65.9 62.5 63.6 66.5 66.3 65.3 64.2 63.7 59.2 51.9
-4 -4 -4 -4 -4 -4 -4 -4 -4 -4 -4 -4 -4 -4 -4 -4 -4 -4 -4 -4 -3.2 -2.5 -1.8 -1 -0.3 0.4 1.2 1.9 2.6 3.2 3.4 3.5 3.7 3.8 4 4.2 4.3 4.5 4.5 4.5 4.8 6.1 18.8 26 30.7 36.2 39.6 41.9 43.4 45.6 48 51.6 56.9 60.6 65.6 70.2 73.9 77.3 81 85.1 88.9 92.3 94.9 97 96.7 96 95.2 94.6 93.8 93.1 93.2 94.2 95.3 96 94.6 88.9 87.4 91.5 93.6 92.5 92.6 90.2 85.3 79.5 74.5 70.4 66.3 62.2 57.1 52.6 51.7 50.4 48.2 48.9 48.8 45.2
-4 -4 -4 -4 -4 -4 -4 -4 -4 -4 -4 -4 -4 -4.1 -4.1 -4.1 -4 -4 -4 -4 -2.7 -1.8 -1.4 -0.8 -0.2 0.5 1.2 1.9 2.7 3.4 3.9 4 4.1 4.3 4.4 14.4 17.1 18.5 21.7 22.9 25.9 31.3 37.4 44.3 49.6 55.1 59.7 61.9 62.9 63.7 65.3 68.3 71.2 73.9 76.9 81.1 84.4 86.7 88.9 91.9 94.6 97 98.7 99.6 99 98.3 97.5 96.9 96.6 96.5 96.6 98.1 99.9 100 97.1 87.7 78.1 77.6 79.2 79 82.1 84.5 83.9 82.1 77.3 74.6 72.6 71.3 67 56.7 47.2 41.2 38.7 37.8 37.4 36.8
-4 -4 -4 -4 -4 -4 -4 -4 -4 -4 -3.3 -3.7 -4 -4 -4.1 -4 -4 -4 -4 -4 -1.8 -0.9 -0.3 0.4 0.8 1.3 1.8 2.3 2.9 3.4 4.1 4.4 12.9 19 23.1 29.4 34.1 40.6 45.9 49.2 51.1 55 59.2 63.6 68.5 73 76.4 79.1 80 80 81.4 82.9 84.2 85.2 87.4 89.8 92 94.1 96 97.5 99.6 100.1 101.1 101.6 100.9 100.4 99.8 100 99.9 99.8 99.6 100.9 102.3 101.6 99.7 90.8 76.5 70.5 66.9 64.9 65.3 67.6 71.4 73.3 70.2 67.4 66.6 65.1 61.9 57.7 49.8 41.8 37.8 35.2 33.3 32
-4 -4 -4 -4 -4 -4 -4 -4 -4 -4 -1.6 -2 -2.5 -2.9 -3.4 -3.8 -4 -4 -4 -2.7 -1 0.1 0.8 1.4 2.1 2.6 3.1 3.5 4 4.5 18.3 23.1 32.2 38 42 47.7 53.6 58.6 63.6 67 70.8 73.8 77.2 80.5 83.6 87.8 91.3 93.3 94.2 94.6 95.9 95.3 95.3 95 95.7 96.4 98.3 99.9 101.7 102.9 103.4 103.9 104 103.3 102.8 102.3 102.6 102.9 103 102.7 102.8 102.5 102.4 100.9 99.4 96.6 81.1 70.6 64.6 59.7 55.4 52.2 52.6 53.9 54.1 53.5 52.7 51.9 50.7 49.1 46.3 41.6 38.2 34 31.4 29.5
-4 -4 -4 -4 -4 -4 -4 -4 -2.1 -0.9 -0.2 -0.3 -0.8 -1.2 -1.7 -3 -4 -4 -4 -2 -0.1 1.3 1.9 2.6 3.1 3.7 4.4 12.5 5.7 24.8 36.3 42.2 49.9 56.2 61.2 66.2 69.7 74.6 79.4 82.8 86.1 88.9 91.7 92.5 96.2 100.3 102.6 104.4 105 104.6 104.5 103.1 101.8 101.1 101.4 102.3 103.9 105.1 106.1 106.6 106.7 106.2 105.1 104 103.6 103.4 103.1 102.7 102.1 102.1 102.6 99.7 97.3 98.8 97.7 95.4 91.4 84.7 62.6 58.8 53.1 47.4 43.7 43.9 43.9 44.7 46 46 46.4 45.3 42.4 39.6 36 32.8 30.1 28.9
-4 -4 -4 -4 -4 -4 -4 -4 -0.7 1 1.5 1.4 0.9 0.5 -1.1 -2.7 -4 -2.5 -1.2 0 1.2 2.5 3.5 3.8 4.3 6.3 19.8 30.6 37.1 46.8 55.3 60.4 64.9 71.7 76.5 79 81.5 84.8 88.9 92.4 95.8 98.8 101.4 103.2 104.8 108.3 110.1 110 109.8 108.5 107.5 106.7 106.3 105.5 104.8 105.4 105.8 106.1 106.4 106.3 106.2 105.2 103.5 101.9 99.9 99 98.2 97.8 97.6 97.6 98.8 70.1 69.6 95.7 92 75.2 67.5 69.7 59.9 56.9 52.4 46.9 41.3 39.7 38.1 39.2 40.6 41.8 43 43.3 41 38.2 34.6 30.6 28.6 28.1
-4 -4 -4 -4 -4 -4 -4 -1.9 1.6 3.5 3.3 3.1 2.3 0.8 -1.1 -3.5 -1.7 -1 0.3 2 3.4 4.4 16.9 20.1 30.6 37.2 41.9 51.1 59.9 68.8 73.7 77.3 80.9 83.1 85.2 85.7 86.1 87.7 91.1 94.1 96.4 99.1 101.4 103.8 106.2 108.1 109.3 109.5 108.5 107.4 106.3 106.1 106 104.9 103.6 103.6 103.6 103.9 104.1 103.8 103.5 102.6 101.1 98.3 95.6 93.8 92.9 92.6 92.4 92.7 94 69.7 69 68.4 67.5 66.4 63.6 59.8 57.5 56.4 53.7 48 42.4 38.5 34.5 32 34.4 38.8 40.6 41.8 41.3 39.4 34 29.6 26.2 24.3
-4 -4 -4 -4 -4 -4 -4 -0.2 5.6 8 9 4.3 2.4 -0.1 -2.5 -2.3 0.2 0.9 1.9 3.1 8.7 22.3 31.9 39.8 50.1 56.5 63.2 71.3 79 86.2 90.5 90.2 90.8 88.7 88.1 86.7 85.8 87.3 89.8 91.1 93.5 95.9 98.1 100.3 102.6 104.5 105.9 105.5 104.5 103.8 103.1 102.6 102.1 100.8 99.9 100 100.1 100.4 101.2 100.7 99.5 98.4 96.2 92.9 89.9 88.6 87.4 86.6 85.8 86 85.8 81.2 68.8 67.8 67.1 65.1 61.6 58.2 54.7 53.5 50.1 46.3 43.2 39.5 32.9 27.9 26.4 33 36.9 39.1 40.1 39.8 37.3 30.2 24 20.7
-4 -4 -4 -4 -4 -4 -4 0 2.6 3.6 3.8 3.6 0.9 -1.5 -4 0.5 2.2 2.7 3.6 4.5 27.4 44.2 54.7 64.9 74.1 81.8 85.6 88.7 90.5 93.7 96.7 95.8 92.2 90.4 88.2 86 85 85.6 87.1 88.1 92.8 93.7 94.9 97 99 100.5 101.1 101.2 100.2 99.3 98.4 97.8 97.6 96.7 95.7 95.7 95.7 95.5 95.6 95.2 94.1 91 87.4 85.1 82.7 81.1 79.9 79.4 78.7 78.7 78.4 74.3 66.9 67.9 66.5 60.6 57.2 52.3 50.1 48.1 46 43.6 41.9 40.1 33.6 26.8 23.4 23 26.7 30 34.9 37.7 35.8 30.9 23.5 19.6
-4 -4 -4 -4 -4 -4 -4 -1.3 -0.1 1.2 1.3 0.4 -0.7 -4 -1.4 3.3 4.1 4.5 23.7 35.4 52.8 65.3 75.4 79.9 80.8 80.1 82 84.3 85.2 87.2 91 90.6 87.8 86.8 85.6 85 82.9 78.5 78.1 82.9 89.1 75.2 91.4 92.9 94.1 95.5 95.8 96 94.8 93 92.1 92.3 92.4 92 90.5 89.5 89.4 89.4 88.7 87.5 85.5 82.1 78.5 75.9 74.3 73.6 72.4 71.4 69.4 67.7 68.6 67.2 60.4 59.4 56.2 53 50.2 48.3 46.5 44.4 42.3 41.4 40.7 39.8 35.8 29.3 24.7 21.1 19.7 20.8 23.6 28.5 28.1 24.8 23 20
-4 -4 -4 -4 -4 -4 -4 -3.7 -2.5 -1.3 -0.7 -1.8 -4 -4 -0.7 3.5 4.5 14.8 32.9 43.2 52.6 64 70.6 69.6 66.6 69.9 72.4 74.9 76.3 76.7 78.9 80.8 77 76.5 78.2 82.5 75.2 65.6 67 46.7 49 56 86.2 87.5 89.2 89.8 90.1 90.3 88.4 85.2 83.1 86.2 86.4 85.5 84.3 82.7 81.6 81.6 80.6 78.7 76.1 72.1 69.1 66.5 65.1 64.9 65.2 63.2 59.6 56.2 52.7 53.4 54.4 50.5 49.9 48.6 46.5 45.4 44.2 42.1 39.1 37.3 38.9 38.5 35.5 31.5 26.2 21.3 17.1 16.1 17.3 19.2 21 19.7 19.1 18.6
-4 -4 -4 -4 -4 -4 -4 -4.1 -4.1 -3.7 -2.5 -4 -4 -4 -1.8 1.5 4.5 19.5 30.4 37.4 44.2 49.4 52.9 53.8 51.4 53.4 59.1 63.9 62.5 60.8 63.2 63.7 59.9 63.9 64.8 69.6 60.6 51.6 53.7 48.7 48.7 69.7 80.2 77.7 80.4 82.9 83.1 83.4 80.6 74 71.6 78.8 79.7 78.6 76.9 74.3 73.6 72.8 71.7 70 66.2 62.1 58.8 56 56.7 57.6 58.3 56.6 53.2 50.3 48.7 47.5 46.8 46.4 45.1 44.1 42.5 41.6 41.6 40 38.5 31.9 31.8 34.4 32.5 28 23.9 19.3 16.5 13.8 13.3 14.3 15.5 14.6 14.4 14.1
-4 -4 -4 -4 -4 -4 -4.1 -4.1 -4 -4 -4 -4 -4 -4 -1 1.8 4.8 19 28.2 32 35.7 37.9 39.9 40.9 42.1 44.6 47.4 49.5 48.4 48 49.9 50.1 48 49.3 50.7 53.8 51.7 47.4 47.8 51.3 56.9 63.3 76.3 61.8 57.1 60.4 65.1 72.4 71.2 63 63.5 70.5 71.7 71.6 69.6 63.4 64 63.6 62.6 60.8 56 51.5 49.3 49.5 50.7 50.7 49.5 49.5 48.5 46.5 45 44.2 43.8 43.4 42.5 41.2 39.2 37.4 37.9 37.4 34.1 28.6 23.5 26.1 26.9 22.5 19.6 15.4 12.2 11.8 10.5 10.7 11.3 11.1 10.4 10.4
-4 -4 -4 -4 -4 -4 -4 -4 -4 -4 -4 -4 -2.1 -1 0.1 1.7 4.5 17.4 26.4 28.7 29.6 32.4 34.3 36.7 37.6 38 38.6 41.5 42.2 42.6 43.2 43.3 42.8 42.7 43.7 44.4 44 42.5 43.4 46.3 48.8 53.5 57 55.2 51 50.4 53 53.9 58.4 53.3 56.2 62.3 61.1 60.9 61.7 55.3 54.6 55 54.1 52.4 47.7 44.3 44.4 45 45.4 45.8 45.3 45.1 44.8 43.8 42.1 41.4 40.8 40.7 40.4 38.9 36.4 33.7 32 32.8 28.7 22.7 19.8 19.2 19.9 17.8 15.6 13 9.3 9.5 8.6 8 8 8 7.6 7.2
-4 -4 -4 -4 -4 -4 -4 -4.1 -4 -4 -3.2 -2.2 -0.9 0.3 1.6 2.8 3.9 15.8 16.8 24.6 26.5 28.5 29.1 30.9 32.1 32.5 31.2 34.5 37.6 38.7 39.6 39.9 39.8 39.8 41 40.7 39.7 38.4 40.2 42.8 44.6 46.9 48.8 47.9 45.9 45.5 46.4 47.6 48 46.8 50.4 54 52.1 51.4 50.7 50.1 49.1 48.9 48.5 46.9 43.4 40.5 40.5 41.4 42.4 43 42.5 42.2 41.8 40.6 38.9 37.1 35.5 36.9 38.9 38.5 35.8 31.5 25.3 23.2 21.8 18.6 15.8 14.5 14.7 13.3 11.8 9.9 8.2 7.1 7 6.6 6.3 6.3 6 5.9
-4 -4 -4 -4 -4 -4 -4 -4 -4 -3.3 -2.4 -1.5 -0.6 0.3 1.2 2.2 3.4 4.5 13.4 21.5 22 20.4 22.5 25 26.4 25.1 27.5 31.4 33.8 34.9 35.7 36.3 36.8 36.9 37.8 37.8 36.5 33.7 37.7 40.6 42.6 43.3 43.4 43.1 42 41.6 42.4 43.5 42.3 42.6 44.9 46.7 47.5 46.7 46.2 45.8 45.2 44.7 43.9 43.1 41.2 37 34.2 39.6 40.4 39.6 38.6 38.4 38 35.5 32.7 31.8 31.3 32.3 34.2 34.3 33.6 31.1 26.4 19.3 16.6 14.8 13.1 11 10.5 9.4 8.1 7.5 6.8 6.1 6.2 5.9 5.5 5.5 5.7 5.8
-4 -4 -4 -4 -4 -4 -4 -4 -3.7 -2.8 -1.9 -1 -0.1 0.9 1.8 2.7 3.5 4.2 5.4 11.9 15.1 13.4 15.4 17.1 17.9 13.1 18.8 24.5 26 27.5 30.8 31.3 30 32.3 33.2 34.3 31.8 30.3 35.2 38.7 39.9 40.4 40.4 40.4 39.4 38.8 40 40 38.7 39.5 41.5 42.4 42.9 43.2 42.8 42.1 41.3 40.5 40.4 40.4 39.4 35.5 29 37.5 38.2 38 33.8 33.3 33.9 30.9 27.1 26.7 26.7 26.4 27.5 27.6 27 24.8 21.7 15.5 12.8 11.5 10.4 8.8 8 7.4 6.5 5.8 5.7 5.6 5.6 5.5 5.5 5.5 5.6 5.7
-4 -4 -4 -4 -4 -4 -4 -4 -3.2 -2.3 -1.4 -0.5 0.2 1.1 2 2.5 3.1 3.7 4.3 1 -4 -4 -4 10.7 -4 10.4 10.8 16 15.6 16 21.7 22 21.8 26.7 28.7 29.7 27.7 27.4 31.9 36.4 36.9 37.8 37.9 37 36.5 35.4 37.9 36.8 33.8 37.6 39.2 39.7 40.1 40.3 40.2 38.7 37.5 35.7 37.9 38.4 37.5 32.8 23.9 30.5 36 36.1 31.3 28.2 29.3 26.7 22.4 21.3 21.3 20.6 20.4 19.5 18.3 16.5 14.6 12.3 10 9 7.9 7 6.4 6 5.6 5.5 5.4 5.3 5.5 5.6 5.6 5.6 5.5 5.6
-4 -4 -4 -4 -4 -4 -4 -4 -2.9 -2 -1.1 -0.3 0.3 0.9 1.5 2.1 2.7 3.3 3.9 4.4 -1.2 -4 -4 -4 -4 9 9.1 10.6 9.4 10.5 13.3 12.9 15.1 21.7 22.8 25 21.8 19.5 26.9 33.1 33.4 34.3 33.6 30.2 30.2 36.3 36.9 32.8 32.6 36.1 36.9 37.2 37.5 38.4 37.5 35.4 34.7 32.7 34.8 34.9 33.7 28.9 19.8 24.8 33.1 33.9 30.5 23 24.5 21.8 17.8 17 18.3 17.2 14.3 13.4 12.3 11.6 10.3 9 7.6 6.7 6.6 5.7 5.7 5.7 5.5 5.4 5.3 5.3 5.7 5.8 5.6 5.5 5.5 5.6
-4 -4 -4 -4 -4 -4 -4 -3.4 -2.5 -1.9 -1.3 -0.8 -0.2 0.4 1 1.6 2.2 2.8 3.4 4 3.3 -4 -4 -4 -4 -4 7.8 7.5 7.6 8.2 8.4 9.4 11.4 15.1 15 16.4 15.3 13.5 19.8 29.5 29.2 28.4 26.1 21.4 29.8 35.6 35.5 28.5 28.1 33.8 34.3 34.2 36 35.9 33.1 30.9 29 25.7 30.8 31 30.3 25.3 17.9 20.6 28.8 29.4 27.6 19.3 18.5 16.6 13.6 12.9 15.1 13.5 11.1 11 8.8 7.7 7.2 6.1 5.6 5.5 5.4 5.3 5.5 5.6 5.5 5.3 5.3 5.4 5.7 5.5 5.7 5.7 5.4 5.6
-4 -4 -4 -4 -4 -4 -4 -3.5 -3 -2.4 -1.8 -1.2 -0.6 0 0.6 1.1 1.7 2.3 2.9 3.5 4.1 2.1 -4 -4 -4 -4 8 7.8 7.7 7.4 6.8 7.5 8.4 10.9 10.6 11.8 9.9 9.7 12.9 22.1 22.9 21.4 17.7 17 25.5 29.5 29.5 23 21.3 29.3 31.2 31.4 33.5 33.2 29.5 28.6 22.3 20.5 26.7 27.3 25.6 20.6 15.3 16 24.5 19 13.7 14.5 12.6 11.7 10.1 10.2 8.8 8 7.1 6.7 5.9 5.7 5.5 5.4 5.3 5.3 5.3 5.1 5.2 5.5 5.5 5.3 5.4 5.5 5.6 5.6 5.8 5.5 5.4 5.7
-4 -4 -4 -4 -4 -4 -3.6 -3.2 -2.7 -2.3 -1.8 -1.3 -0.9 -0.4 0.1 0.7 1.3 1.9 2.5 3.1 3.6 4.2 1.1 -4 -4 -4 5.9 4.5 4.5 6.7 7.6 8.2 8.9 8.6 8.8 8.1 8.3 8.3 9.4 15.2 16.6 13.6 12.5 13.5 16.5 20.4 21.1 18.4 17 27.2 28.5 28.3 30.1 28.3 26.6 28.2 19.9 16.1 20 20.1 19.7 16.8 12.1 11.2 12.8 12 11.3 10.1 9 8.3 7.4 7 6.1 5.6 5.7 5.4 5.3 5.4 5.3 5.2 5.2 5.2 5.2 5.2 5.3 5.5 5.4 5.3 5.4 5.5 5.7 5.7 5.1 5.2 5.6 5.6
-4 -4 -4 -4 -4 -4 -3.3 -2.8 -2.4 -1.9 -1.4 -1 -0.5 -0.1 0.4 0.8 1.3 1.7 2.2 2.7 3.2 3.8 4.4 10.2 9.2 4.5 4.5 4.5 4.5 4.5 4.5 7.9 8 7.9 7.9 8.1 8.3 8.1 8.2 9.8 11.1 9.3 8.3 8.5 9.5 13 14.5 13.1 14.3 24.1 26.5 24 23.8 20.6 20.9 26.2 18 12.7 13 13.4 13 12.7 8.8 8.1 8.6 8.1 7.2 6.4 5.9 5.3 5.1 5.3 5 5 5 5.1 5.2 5.4 5.3 5.2 5.2 5.2 4.7 5 5.3 5.5 5.4 5.4 5.4 5.5 5.6 5.1 5 5.3 5.6 5.5
-4 -4 -4 -4 -4 -3.3 -2.9 -2.4 -2 -1.5 -1.1 -0.6 -0.2 0.3 0.7 1.2 1.6 2 2.4 2.9 3.3 3.7 4.1 4.5 4.5 4.5 4.5 4.5 4.5 4.5 4.5 4.5 7.9 8.2 8.3 8.2 8.2 8 7.8 7.9 7.5 7.4 7.7 7.4 7.6 8.5 9.6 8.7 9.4 16.9 22.5 21.1 17.7 14 14.8 20.7 14 9.2 8.5 8.6 8.5 7.8 6.3 6 5.9 5.2 5 5.2 5.3 5.3 5.1 5.7 5.4 5.1 4.9 5 5.1 5.3 5.2 5.2 5.2 5.1 4.9 5 5.3 5.4 5.4 5.4 5.4 5.4 5.3 5.3 5.3 5.4 5.5 5.4
-4 -4 -4 -4 -3.6 -3.3 -2.9 -2.4 -2 -1.6 -1.2 -0.7 -0.3 0.1 0.5 1 1.4 1.8 2.2 2.6 3.1 3.5 3.9 4.3 4.5 4.5 4.5 4.5 4.5 4.5 4.5 4.5 4.7 8.3 8.5 8.3 8.1 7.8 7.5 7.5 7.4 7.5 7.1 6.3 6.5 6.8 6.8 6.4 6.7 8.5 15.7 17.6 13.8 10.5 9.9 11.1 9.7 6.8 6.2 5.9 5.8 5.3 5.1 5 5.1 5.1 5 5.1 5.3 5.3 5.1 5.7 5.7 5.4 5 5 5.1 5.2 5.2 5.2 5.2 5.1 5 5 5.2 5.4 5.3 5.3 5.3 5.4 5.3 5.4 5.4 5.5 5.5 5.5
-4 -4 -4 -3.7 -3.4 -3.1 -2.8 -2.5 -2.2 -1.8 -1.4 -0.9 -0.5 -0.1 0.3 0.7 1.2 1.6 2 2.4 2.9 3.3 3.7 4.1 4.5 4.5 4.5 4.5 4.5 4.5 4.5 4.5 4.5 8.3 8.4 8.4 8.1 7.6 7.2 7.6 7.5 7.2 6.9 6.1 6 6.1 5.9 5.8 6 6.6 8.1 13.3 10.6 8 7.3 6.8 5.8 5.4 5.4 5.4 5.3 5.2 5.1 5 5.1 5.3 5.2 5.1 5.2 5.3 5.2 5.6 5.8 5.3 5.2 5.2 5.2 5.1 4.9 5 5.1 5.2 5.2 5.1 5.3 5.3 5.4 5.4 5.3 5.3 5.3 5.3 5.3 5.5 5.7 5.6
-4 -4 -3.7 -3.4 -3.1 -2.8 -2.5 -2.2 -1.9 -1.6 -1.3 -1 -0.7 -0.3 0.1 0.5 1 1.4 1.8 2.2 2.7 3.1 3.5 3.9 4.4 4.5 4.5 4.5 4.5 4.5 4.5 4.5 4.5 7.2 8.6 8.4 8.2 7.8 7.3 7.5 7.2 6.9 6.6 6.1 6 6 5.8 5.6 5.4 5.9 6.5 7.1 7.8 6.4 6 5.9 5.6 5.3 5.4 5.3 5.2 5.1 5.1 5 5.1 5.2 5.2 5.1 5.2 5.3 5.4 5.6 5.5 5.2 5.3 5.3 5.3 5.1 4.8 4.9 5 5.1 5.1 5.1 5.3 5.3 5.4 5.5 5.2 5.6 5.1 5.3 5.3 5.4 5.7 5.8
-4 -3.8 -3.5 -3.2 -2.9 -2.6 -2.3 -2 -1.7 -1.4 -1.1 -0.8 -0.5 -0.2 0.1 0.4 0.8 1.2 1.6 2 2.5 2.9 3.3 3.7 4.1 4.5 4.5 4.5 4.5 4.5 4.5 4.5 4.5 5.6 8.7 8.4 8.2 7.8 7.3 7.3 7.2 6.8 6.4 5.8 5.7 5.9 5.8 5.2 5.2 5.4 5.8 6 5.9 6 5.8 5.7 5.4 5.3 5.5 5.3 5.2 5.2 5 5 5.1 5.2 5.1 5.1 5.2 5.4 5.4 5.4 5.3 5.3 5.3 5.3 5.3 5.1 4.9 4.9 4.9 5 5.1 5.3 5.4 5.2 5.3 5.5 5.3 5.2 5.2 5.3 5.4 5.4 5.7 5.8
-4 -3.6 -3.3 -3 -2.7 -2.4 -2.1 -1.8 -1.4 -1.1 -0.8 -0.5 -0.2 0.1 0.4 0.7 1 1.3 1.6 1.9 2.3 2.7 3.1 3.5 3.9 4.4 4.5 4.5 4.5 4.5 4.5 4.5 4.5 5.6 8.7 8.5 8.3 7.9 7.6 7.3 7.1 6.8 6.4 5.4 5.6 5.8 5.6 5.1 5.2 5.4 5.5 5.7 5.4 5.4 5.5 5.5 5.4 5.6 5.4 5.3 5.2 5.2 5.2 5.2 5.2 5.1 5.1 5.2 5.3 5.4 5.4 5.3 5.3 5.3 5.3 5.3 5.3 5.2 5 5 4.8 5 5.2 5.3 5.5 5.2 5.2 5.5 5.4 5.3 6.9 5.3 5.4 5.5 5.4 5.3
-3.8 -3.6 -3.3 -3 -2.7 -2.4 -2 -1.7 -1.4 -1 -0.7 -0.4 -0.1 0.3 0.6 0.9 1.2 1.5 1.8 2.1 2.4 2.7 3 3.3 3.7 4.2 4.5 4.5 4.5 4.5 4.5 4.5 4.5 5.6 8.6 8.7 8.3 8.2 8 7.7 7.4 7 6.5 6.2 6 6.1 5.7 5.4 5.5 5.5 5.5 5.4 5.3 5.3 5.4 5.4 5.4 5.4 5.3 5.3 5.4 5.4 5.5 5.2 5.1 5.1 5.1 5.2 5.3 5.4 5.4 5.3 5.3 5.3 5.3 5.3 5.3 5.2 5.1 4.9 4.9 5.1 5.3 5.4 5.5 5.2 5.4 5.5 5.5 5.4 5.8 5.1 5.2 5.6 5.4 5.3
-3.7 -3.6 -3.3 -3.1 -2.8 -2.4 -2.1 -1.8 -1.5 -1.1 -0.8 -0.5 -0.2 0.2 0.5 0.8 1.2 1.5 1.8 2.1 2.5 2.8 3.1 3.4 3.8 4.1 4.4 4.5 4.5 4.5 4.5 4.5 4.5 5.6 8 8.4 8.3 8.4 8.2 8 7.7 7.2 6.9 6.7 6.5 6.2 5.8 5.7 5.7 5.6 5.6 5.4 5.3 5.3 5.4 5.4 5.4 5.3 5.3 5.5 5.6 5.7 5.9 5.1 5.1 5.1 5.2 5.3 5.3 5.4 5.4 5.3 5.2 5.3 5.3 5.3 5.3 5.2 5.2 5.1 5.6 5.3 5.4 5.6 5.8 5.8 5.5 5.2 5.2 5.3 5.4 5.7 5.2 5.9 5.5 5.3
-3.5 -3.4 -3.3 -3 -2.8 -2.5 -2.2 -1.9 -1.5 -1.2 -0.9 -0.6 -0.2 0.1 0.4 0.7 1.1 1.4 1.7 2 2.4 2.7 3 3.4 3.7 4 4.3 4.5 4.5 4.5 4.5 4.5 4.5 5.6 7.4 8.4 8.4 8.6 8.5 8.2 8 7.6 7.4 7.2 7 6.5 5.9 5.8 5.8 5.7 5.6 5.5 5.3 5.3 5.4 5.3 5.3 5.3 5.4 5.5 5.8 6 5.6 5.1 5.3 5.3 5.3 5.2 5.2 5.3 5.4 5.2 5.2 5.2 5.3 5.3 5.4 5.4 5.5 5.5 7.8 5.8 5.9 5.5 5.3 5.4 5.3 5.1 5.1 5.2 5.2 5.2 6 5.4 5.2 5.3
-3.4 -3.2 -3.2 -3 -2.7 -2.5 -2.2 -1.9 -1.6 -1.3 -1 -0.6 -0.3 0 0.3 0.7 1 1.3 1.6 2 2.3 2.6 2.9 3.3 3.6 3.9 4.2 4.5 4.5 4.5 4.5 4.5 4.5 5.6 7.3 8.3 8.5 8.7 8.8 8.5 8.2 8.1 7.8 7.6 7.4 6.9 6.3 5.8 5.8 5.8 5.6 5.5 5.3 5.4 5.8 5.7 5.2 5.3 5.4 5.5 5.7 5.7 5.3 5.1 5.3 5.3 5.3 5.2 5.1 5.2 5.2 5.2 5.3 5.3 5.3 5.3 5.3 5.3 5.6 5.7 5.2 5 5.2 5.2 5.2 5.3 5.2 5.1 5 5.1 5 5.7 5.3 5.8 5 5
-3.2 -3.1 -3 -3 -2.7 -2.4 -2.2 -1.9 -1.7 -1.4 -1.1 -0.7 -0.4 -0.1 0.3 0.6 0.9 1.2 1.6 1.9 2.2 2.5 2.9 3.2 3.5 3.8 4.2 4.5 4.5 4.5 4.5 4.5 4.5 5.7 7.2 8 8.2 8.4 8.6 8.4 8.5 8.3 8.2 8 7.8 7.3 6.6 5.9 5.8 5.8 5.6 5.6 5.4 5.4 5.5 5.5 5.2 5.3 5.4 5.4 5.4 5.4 5.3 5.1 5.1 5.1 5.2 5.3 5.2 5.1 5.1 5.3 5.7 5.8 5.5 5.5 5.3 5.4 5.4 5.4 5.3 5 5.2 5.2 5.1 5.1 5.1 5.1 5 5.3 5 5.1 5.4 5.7 5.4 5.2
-3.1 -2.9 -2.8 -2.8 -2.7 -2.4 -2.1 -1.9 -1.6 -1.4 -1.1 -0.8 -0.5 -0.2 0.2 0.5 0.8 1.1 1.5 1.8 2.1 2.4 2.8 3.1 3.4 3.8 4.1 4.4 4.5 4.5 4.5 4.5 4.5 5.7 7 7.9 8.2 8.7 8.3 8.5 8.5 8.4 8.3 8.2 8.1 7.7 7.1 6.6 6.3 6 5.4 5.4 5.4 5.4 5.6 5.5 5.2 5.3 5.4 5.4 5.3 5.2 5.2 5.3 5.3 5.1 5.2 5.2 5.2 5.2 5.1 5.3 5.5 5.6 5.3 5.1 5.1 5.2 5.2 5.3 5.2 5.7 5.3 5.1 5.1 5.1 5.1 5.1 5.6 5.9 5.2 5.2 5.5 5.7 5.5 5.9
