public/OST50/ST36.asc
ncols 200
nrows 200
xllcorner 330000
yllcorner 160000
cellsize 50
[rows 88 to 131 of 200, columns 0 to 95 of 200]
-4 -4 -4 -4 -4 -4 -4 -4 -4 -4 -4 -4 -4 -4 -4 -4 -4 -4 -4 -4 -4 -4 -4 -4 -4 -4 -4 -4 -4 -4 -4 -4 -4 -4 -4 -4 -4 -3.6 -2.9 -2.3 -1.6 -0.9 -0.3 0.4 1.1 1.7 2.3 2.6 2.9 3.3 3.7 4.1 4.4 4.5 4.5 4.3 4.7 5.4 6.1 6.3 6.5 6.6 9.7 8.5 7.6 7.4 7 6.5 6.2 6.2 6.2 6.2 6.2 6.2 6.2 6.1 6.1 6.1 6.1 6.1 6.1 6.1 6.1 6.1 6.1 6.1 6.2 6.1 6.1 4.2 6.3 6.9 8.9 10.7 11.6 11.6
-4 -4 -4 -4 -4 -4 -4 -4 -4 -4 -4 -4 -4 -4 -4 -4 -4 -4 -4 -4 -4 -4 -4 -4 -4 -4 -4 -4 -4 -4 -4 -4 -4 -4 -4 -4 -4 -3.6 -3 -2.3 -1.6 -0.9 -0.2 0.4 1.1 1.4 1.8 2.2 2.5 2.9 3.3 3.7 4 4.4 4.5 4.5 4.6 5 5.7 6.2 6.4 6.5 7.6 8.2 8 7.4 6.9 6.5 6.2 6.2 6.2 6.2 6.2 6.2 6.2 6.2 6.2 6.1 6.1 6.1 6.1 6.1 6.1 6.1 6.1 5.9 6 6 5.8 6.2 6.7 8.7 10.9 12.5 12.2 11.6
-4 -4 -4 -4 -4 -4 -4 -4 -4 -4 -4 -4 -4 -4 -4 -4 -4 -4 -4 -4 -4 -4 -4 -4 -4 -4 -4 -4 -4 -4 -4 -4 -4 -4 -4 -4 -4 -3.6 -2.9 -2.3 -1.6 -0.9 -0.3 0.3 0.6 1 1.4 1.8 2.1 2.5 2.9 3.2 3.6 4 4.4 4.5 4.7 5 5.5 6.1 6.2 6.6 7.8 8.3 8 7.8 6.9 6.4 6.2 6.2 6.2 6.2 6.2 6.2 6.2 6.2 6.2 6.2 6.1 6.1 6.1 6.1 6.1 6.1 6.1 5.8 5.8 6.2 6 6.2 7.2 9.6 10.7 10.6 10.3 9.8
-4 -4 -4 -4 -4 -4 -4 -4 -4 -4 -4 -4 -4 -4 -4 -4 -4 -4 -4 -4 -4 -4 -4 -4 -4 -4 -4 -4 -4 -4 -4 -4 -4 -4 -4 -4 -4 -3.6 -2.9 -2.3 -1.6 -0.9 -0.5 -0.1 0.2 0.6 1 1.4 1.7 2.1 2.5 2.8 3.2 3.6 4 4.3 4.7 5.1 5.4 5.8 6.1 6.7 7.4 10.4 8.5 7.8 6.7 6.1 6.2 6.2 6.2 6.2 6.2 6.2 6.1 6.2 6.2 6.2 6.2 6.2 6.1 6 5.9 6.1 5.8 5.9 6.1 6.2 6.3 6.3 7.6 8.7 8.8 8.7 8.5 8
-4 -4 -4 -4 -4 -4 -4 -4 -4 -4 -4 -4 -4 -4 -4 -4 -4 -4 -4 -4 -4 -4 -4 -4 -4 -4 -4 -4 -4 -4 -4 -4 -4 -4 -4 -4 -4 -3.6 -2.9 -2.2 -1.6 -1.3 -0.9 -0.5 -0.2 0.2 0.6 1 1.3 1.7 2.1 2.5 2.9 3.3 3.7 4.1 4.5 4.5 4.6 4.6 4.9 5.5 7.5 9.9 8.6 8.8 6.8 6.2 6.2 6.2 6.2 6.2 6.2 6.1 6.1 6.2 6.2 6.2 6.2 6.2 6.2 6.1 6 5.8 5.9 5.9 6 6.1 6.2 6.2 6.3 6.7 7 6.9 6.8 6.7
-4 -4 -4 -4 -4 -4 -4 -4 -4 -4 -4 -4 -4 -4 -4 -4 -4 -4 -4 -4 -4 -4 -4 -4 -4 -4 -4 -4 -4 -4 -4 -4 -4 -4 -4 -4 -4 -3.6 -2.9 -2.4 -2.1 -1.7 -1.3 -0.9 -0.6 -0.2 0.3 0.7 1.1 1.6 2 2.4 2.9 3.2 3.6 3.9 4.3 4.5 4.5 4.5 4.5 4.7 7.2 9.3 8.6 9.2 7.3 6.4 6.2 6.2 6.2 6.2 6.2 6.1 6.1 6.1 6.2 6.2 6.2 6.2 6.2 6.1 6 5.8 5.9 5.9 6 6.1 6.1 6 6 6.2 6.4 6.5 6.5 6.3
-4 -4 -4 -4 -4 -4 -4 -4 -4 -4 -4 -4 -4 -4 -4 -4 -4 -4 -4 -4 -4 -4 -4 -4 -4 -4 -4 -4 -4 -4 -4 -4 -4 -4 -4 -4 -4 -3.6 -3.2 -2.8 -2.4 -1.9 -1.5 -1 -0.6 -0.1 0.3 0.7 1.2 1.6 2 2.3 2.7 3 3.4 3.7 4.1 4.4 4.5 4.5 4.5 4.5 7.1 8.8 8.6 9 6.6 6.1 6.2 6.3 6.2 6.2 6.2 6.1 6.1 6.2 6.2 6.2 6.3 6.4 6.3 6.2 6.1 5.8 5.9 5.9 5.9 6 6 6 6 5.9 6.1 6.2 6.2 6
-4 -4 -4 -4 -4 -4 -4 -4 -4 -4 -4 -4 -4 -4 -4 -4 -4 -4 -4 -4 -4 -4 -4 -4 -4 -4 -4 -4 -4 -4 -4 -4 -4 -4 -4 -4 -4 -3.6 -3.2 -2.7 -2.3 -1.9 -1.4 -1 -0.5 -0.1 0.4 0.8 1.1 1.5 1.8 2.2 2.5 2.9 3.2 3.6 3.9 4.3 4.5 4.5 4.5 4.5 5.1 9.2 8.5 8.7 7.4 6.5 6.4 6.2 6.2 6.2 6.2 6.1 6.1 6.1 6.2 6.2 6.3 6.3 6.4 6.2 6 5.8 5.9 5.9 5.9 6 6 6 5.9 5.9 5.9 5.9 6 6.1
-4 -4 -4 -4 -4 -4 -4 -4 -4 -4 -4 -4 -4 -4 -4 -4 -4 -4 -4 -4 -4 -4 -4 -4 -4 -4 -4 -4 -4 -4 -4 -4 -4 -4 -4 -4 -4 -3.6 -3.1 -2.7 -2.2 -1.8 -1.3 -0.9 -0.5 -0.1 0.2 0.6 0.9 1.3 1.6 2 2.3 2.7 3 3.4 3.7 4.1 4.4 4.5 4.5 4.5 4.6 8.8 8.5 8.7 8.1 6.6 6.4 6.2 6.1 6.1 6.2 6.2 6.1 6.1 6.2 6.1 6 6.2 6.2 6.1 6.1 5.8 5.9 5.9 5.9 5.9 6 5.9 5.9 5.9 5.9 5.9 6 6.1
-4 -4 -4 -4 -4 -4 -4 -4 -4 -4 -4 -4 -4 -4 -4 -4 -4 -4 -4 -4 -4 -4 -4 -4 -4 -4 -4 -4 -4 -4 -4 -4 -4 -4 -4 -4 -4 -3.5 -3 -2.6 -2.1 -1.7 -1.3 -1 -0.6 -0.3 0.1 0.4 0.8 1.1 1.5 1.8 2.2 2.5 2.9 3.2 3.6 3.9 4.3 4.5 4.5 4.5 4.5 8.5 8.6 8.6 8.4 6.9 6.4 6.2 6.1 6.1 6.1 6.2 6.2 6.1 6.1 6.1 6.2 6.2 6 5.9 4.1 5.9 5.9 5.9 5.9 5.9 5.9 5.9 5.9 5.9 5.9 5.9 5.9 6
-4 -4 -4 -4 -4 -4 -4 -4 -4 -4 -4 -4 -4 -4 -4 -4 -4 -4 -4 -4 -4 -4 -4 -4 -4 -4 -4 -4 -4 -4 -4 -4 -4 -4 -4 -4 -4 -3.4 -2.9 -2.6 -2.2 -1.9 -1.5 -1.2 -0.8 -0.5 -0.1 0.2 0.6 0.9 1.3 1.6 2 2.3 2.7 3 3.4 3.7 4.1 4.4 4.5 4.5 4.5 8.4 8.4 8.4 8.3 7.5 6.2 6.1 6.2 6.2 6.2 6.2 6.2 6.1 6.1 6.1 6.1 6.1 6.1 6 5.8 5.9 5.9 5.9 5.9 5.9 5.9 5.9 5.9 5.9 5.9 5.9 5.9 6
-4 -4 -4 -4 -4 -4 -4 -4 -4 -4 -4 -4 -4 -4 -4 -4 -4 -4 -4 -4 -4 -4 -4 -4 -4 -4 -4 -4 -4 -4 -4 -4 -4 -4 -4 -4 -3.8 -3.5 -3.1 -2.8 -2.4 -2.1 -1.7 -1.4 -1 -0.7 -0.3 0 0.4 0.7 1.1 1.4 1.8 2.1 2.5 2.8 3.2 3.5 3.9 4.2 4.5 4.5 4.5 8.3 8.5 8.7 9 7 6.1 6.2 6.2 6.3 6.3 6.2 6.2 6.1 6.1 6.1 6.1 6.1 6.1 6 5.8 5.9 5.9 5.9 5.9 5.9 5.9 5.9 5.9 5.9 5.9 5.9 5.9 6
-4 -4 -4 -4 -4 -4 -4 -4 -4 -4 -4 -4 -4 -4 -4 -4 -4 -4 -4 -4 -4 -4 -4 -4 -4 -4 -4 -4 -4 -4 -4 -4 -4 -4 -4 -4 -3.7 -3.4 -3.1 -2.8 -2.5 -2.2 -1.9 -1.5 -1.2 -0.8 -0.5 -0.1 0.2 0.6 0.9 1.3 1.6 2 2.3 2.7 3 3.4 3.7 4.1 4.4 4.5 4.5 8.1 8.5 8.6 8.9 6.9 6.4 6.3 6.3 6.4 6.3 6.2 6.1 6.1 6 6 6 6 5.9 5.4 5.8 5.9 5.9 5.9 6 6 5.9 5.9 5.9 5.9 5.9 5.9 6 6
-4 -4 -4 -4 -4 -4 -4 -4 -4 -4 -4 -4 -4 -4 -4 -4 -4 -4 -4 -4 -4 -4 -4 -4 -4 -4 -4 -4 -4 -4 -4 -4 -4 -4 -4 -4 -3.6 -3.3 -3 -2.8 -2.5 -2.2 -1.9 -1.6 -1.3 -0.9 -0.7 -0.3 0 0.4 0.7 1.1 1.4 1.8 2.1 2.5 2.8 3.2 3.5 3.9 4.2 4.5 4.5 8.1 8.4 8.4 8.5 7 6.6 6.3 6.4 6.3 6.2 6.2 6.1 6.1 6.1 6 5.9 5.9 5.9 5.8 5.8 5.8 5.8 5.9 5.9 6 5.9 5.9 5.9 5.9 5.9 5.9 6 6
-4 -4 -4 -4 -4 -4 -4 -4 -4 -4 -4 -4 -4 -4 -4 -4 -4 -4 -4 -4 -4 -4 -4 -4 -4 -4 -4 -4 -4 -4 -4 -4 -4 -4 -4 -3.8 -3.5 -3.2 -2.9 -2.6 -2.4 -2.1 -1.8 -1.5 -1.2 -0.9 -0.6 -0.3 0 0.3 0.6 0.9 1.3 1.6 2 2.3 2.7 3 3.4 3.7 4.1 4.4 4.5 8 8.4 8.5 8.6 8.1 6.8 6.3 6.3 6.3 6.2 6.1 6.1 6.1 6 5.9 5.8 5.9 5.8 5.8 5.8 5.8 5.8 5.8 5.8 5.9 5.9 5.9 5.9 5.9 5.9 5.9 5.9 6
-4 -4 -4 -4 -4 -4 -4 -4 -4 -4 -4 -4 -4 -4 -4 -4 -4 -4 -4 -4 -4 -4 -4 -4 -4 -4 -4 -4 -4 -4 -4 -4 -4 -4 -4 -3.7 -3.5 -3.2 -2.9 -2.6 -2.3 -2 -1.7 -1.4 -1.1 -0.8 -0.5 -0.2 0.1 0.4 0.7 1 1.3 1.6 1.9 2.2 2.5 2.8 3.2 3.5 3.9 4.2 4.5 8.1 8.5 8.3 8.5 8.8 7.4 6.6 6.3 6.2 6.2 6.1 6 6 5.9 5.8 5.7 5.7 5.8 5.9 5.8 5.8 5.8 5.8 5.9 5.9 5.9 5.9 5.9 5.9 5.9 5.8 5.9 5.9
-4 -4 -4 -4 -4 -4 -4 -4 -4 -4 -4 -4 -4 -4 -4 -4 -4 -4 -4 -4 -4 -4 -4 -4 -4 -4 -4 -4 -4 -4 -4 -4 -4 -4 -4 -3.6 -3.3 -3.1 -2.8 -2.5 -2.2 -1.9 -1.6 -1.3 -1 -0.7 -0.5 -0.2 0.1 0.4 0.8 1.1 1.4 1.7 2 2.3 2.6 2.9 3.2 3.5 3.8 4.1 4.4 8.3 8.4 8.2 8.4 8.6 7.7 6.9 6.3 6.1 6 5.9 5.8 5.7 5.7 5.6 5.6 5.7 5.8 5.9 5.9 5.9 5.8 5.9 5.9 5.9 5.8 5.8 5.8 5.8 5.8 5.8 5.8 5.8
-4 -4 -4 -4 -4 -4 -4 -4 -4 -4 -4 -4 -4 -4 -4 -4 -4 -4 -4 -4 -4 -4 -4 -4 -4 -4 -4 -4 -4 -4 -4 -4 -4 -4 -3.8 -3.5 -3.2 -3 -2.7 -2.4 -2.1 -1.8 -1.6 -1.3 -1 -0.7 -0.4 -0.1 0.2 0.5 0.8 1.1 1.4 1.7 2 2.3 2.6 2.9 3.2 3.5 3.8 4.1 4.4 8.5 8.3 8.2 8.5 7.7 6.2 6.1 6.1 6 5.8 5.8 5.7 5.7 5.7 5.6 5.6 5.8 5.8 5.9 5.7 5.7 5.8 5.8 5.9 5.9 5.8 5.8 5.8 5.8 5.8 5.8 5.8 5.8
-4 -4 -4 -4 -4 -4 -4 -4 -4 -4 -4 -4 -4 -4 -4 -4 -4 -4 -4 -4 -4 -4 -4 -4 -4 -4 -4 -4 -4 -4 -4 -4 -4 -4 -3.7 -3.4 -3.1 -2.9 -2.6 -2.3 -2 -1.8 -1.5 -1.2 -0.9 -0.6 -0.3 -0.1 0.2 0.5 0.8 1.1 1.4 1.7 2 2.3 2.6 2.9 3.2 3.5 3.8 4.1 4.4 8.7 8.4 7.9 8.4 6.7 5.9 5.8 5.7 5.7 5.7 5.7 5.7 5.7 5.7 5.6 5.6 5.8 5.8 5.8 5.6 5.5 5.8 5.8 5.8 4.9 5.8 5.8 5.8 5.8 5.8 5.8 5.8 5.9
-4 -4 -4 -4 -4 -4 -4 -4 -4 -4 -4 -4 -4 -4 -4 -4 -4 -4 -4 -4 -4 -4 -4 -4 -4 -4 -4 -4 -4 -4 -4 -4 -4 -3.8 -3.6 -3.3 -3 -2.8 -2.5 -2.2 -2 -1.7 -1.4 -1.1 -0.8 -0.6 -0.3 0 0.3 0.6 0.9 1.2 1.4 1.7 2 2.3 2.6 2.9 3.2 3.5 3.8 4.1 4.4 9.9 8 7.5 7.4 6.3 5.7 5.7 5.8 5.8 5.8 5.7 5.7 5.7 5.7 5.6 5.7 5.8 5.9 5.7 5.6 5.6 5.3 5.8 5.8 5.8 5.9 5.9 5.9 5.9 5.9 5.9 5.9 5.9
-4 -4 -4 -4 -4 -4 -4 -4 -4 -4 -4 -4 -4 -4 -4 -4 -4 -4 -4 -4 -4 -4 -4 -4 -4 -4 -4 -4 -4 -4 -4 -4 -4 -3.7 -3.5 -3.2 -3 -2.7 -2.4 -2.2 -1.9 -1.6 -1.3 -1.1 -0.8 -0.5 -0.2 0 0.3 0.6 0.9 1.2 1.5 1.8 2.1 2.4 2.7 2.9 3.2 3.5 3.8 4.1 4.4 9 7.8 7.2 6.7 5.6 5.8 5.8 5.8 5.8 5.8 5.8 5.7 5.7 5.7 5.7 5.7 5.7 5.8 5.8 5.8 5.8 5.8 5.7 5.8 5.9 5.9 5.9 5.9 5.9 5.9 5.8 5.8 5.9
-4 -4 -4 -4 -4 -4 -4 -4 -4 -4 -4 -4 -4 -4 -4 -4 -4 -4 -4 -4 -4 -4 -4 -4 -4 -4 -4 -4 -4 -4 -4 -4 -4 -3.6 -3.4 -3.1 -2.9 -2.6 -2.3 -2.1 -1.8 -1.5 -1.3 -1 -0.7 -0.4 -0.2 0.1 0.4 0.7 0.9 1.2 1.5 1.8 2.1 2.4 2.7 3 3.3 3.6 3.9 4.2 4.5 8.5 7.9 7.5 5.8 5.8 5.8 5.8 5.8 5.8 5.8 5.8 5.8 5.6 5.8 5.8 5.8 5.8 5.8 5.8 5.7 5.9 5.9 5.8 5.8 5.9 5.9 5.9 5.9 5.9 5.8 5.8 5.8 5.8
-4 -4 -4 -4 -4 -4 -4 -4 -4 -4 -4 -4 -4 -4 -4 -4 -4 -4 -4 -4 -4 -4 -4 -4 -4 -4 -4 -4 -4 -4 -4 -4 -3.8 -3.5 -3.3 -3 -2.8 -2.5 -2.2 -2 -1.7 -1.4 -1.2 -0.9 -0.6 -0.4 -0.1 0.2 0.5 0.7 1 1.3 1.6 1.8 2.1 2.4 2.7 3 3.3 3.6 3.9 4.2 4.5 8.4 7.6 7.1 5.7 5.7 5.8 5.8 5.8 5.8 5.8 5.8 5.8 5.6 5.8 5.8 5.8 5.8 5.7 5.6 5.5 5.7 5.8 5.9 5.9 5.9 5.9 5.9 5.9 5.9 5.8 5.8 5.8 5.8
-4 -4 -4 -4 -4 -4 -4 -4 -4 -4 -4 -4 -4 -4 -4 -4 -4 -4 -4 -4 -4 -4 -4 -4 -4 -4 -4 -4 -4 -4 -4 -3.9 -3.7 -3.4 -3.2 -2.9 -2.7 -2.4 -2.2 -1.9 -1.6 -1.4 -1.1 -0.8 -0.6 -0.3 0 0.3 0.5 0.8 1.1 1.4 1.6 1.9 2.2 2.5 2.7 3 3.3 3.6 3.9 4.2 4.6 8.6 7.9 6.1 5.7 5.7 5.8 5.8 5.8 5.8 5.8 5.8 5.7 4.1 5.7 5.7 5.8 5.8 5.6 5.5 5.5 5.5 5.7 5.8 5.9 5.9 5.8 5.9 5.9 5.9 5.8 5.8 5.8 5.8
-4 -4 -4 -4 -4 -4 -4 -4 -4 -4 -4 -4 -4 -4 -4 -4 -4 -4 -4 -4 -4 -4 -4 -4 -4 -4 -4 -4 -4 -4 -4 -3.8 -3.5 -3.3 -3 -2.8 -2.5 -2.3 -2.1 -1.8 -1.5 -1.3 -1 -0.8 -0.5 -0.2 0 0.3 0.6 0.9 1.1 1.4 1.7 2 2.2 2.5 2.8 3.1 3.4 3.6 3.9 4.2 5.6 8.7 7.8 6.1 5.7 5.6 5.8 5.8 5.8 4.3 5.8 5.7 5.7 5.5 5.5 5.6 5.7 5.8 5.7 5.5 5.5 5.7 5.7 5.8 5.7 5.8 5.5 5.6 5.7 5.8 5.8 5.8 5.8 5.8
-4 -4 -4 -4 -4 -4 -4 -4 -4 -4 -4 -4 -4 -4 -4 -4 -4 -4 -4 -4 -4 -4 -4 -4 -4 -4 -4 -4 -4 -4 -3.9 -3.6 -3.4 -3.2 -2.9 -2.7 -2.5 -2.2 -2 -1.7 -1.4 -1.2 -0.9 -0.7 -0.4 -0.2 0.1 0.4 0.7 0.9 1.2 1.5 1.8 2 2.3 2.6 2.8 3.1 3.4 3.7 4 4.3 7 8.7 7.9 6.2 5.8 5.7 5.7 5.8 5.7 5.6 5.6 5.6 5.7 5.5 5.6 5.7 5.8 5.8 5.8 6 5.6 6.2 6.4 5.5 5.5 5.7 5.6 5.7 5.8 5.9 5.8 5.6 5.6 5.8
-4 -4 -4 -4 -4 -4 -4 -4 -4 -4 -4 -4 -4 -4 -4 -4 -4 -4 -4 -4 -4 -4 -4 -4 -4 -4 -4 -4 -4 -4 -3.8 -3.5 -3.3 -3.1 -2.8 -2.6 -2.3 -2.1 -1.9 -1.6 -1.3 -1.1 -0.8 -0.6 -0.3 -0.1 0.2 0.5 0.7 1 1.3 1.5 1.8 2.1 2.4 2.6 2.9 3.2 3.5 3.7 4 4.3 8.3 8.4 7.1 6.3 5.9 5.8 5.7 4.5 5.6 5.5 5.5 5.6 5.7 5.5 5.6 5.8 5.9 5.6 5.7 5.9 7.2 8.6 7.4 5.4 5.4 5.5 5.7 5.9 5.8 5.9 5.9 5.7 5.5 5.7
-4 -4 -4 -4 -4 -4 -4 -4 -4 -4 -4 -4 -4 -4 -4 -4 -4 -4 -4 -4 -4 -4 -4 -4 -4 -4 -4 -4 -4 -3.9 -3.6 -3.4 -3.2 -2.9 -2.7 -2.5 -2.2 -2 -1.8 -1.5 -1.3 -1 -0.8 -0.5 -0.2 0 0.3 0.5 0.8 1.1 1.3 1.6 1.9 2.1 2.4 2.7 3 3.2 3.5 3.8 4.1 4.3 9.1 8.1 7 6.1 5.9 5.8 5.8 5.8 5.7 5.5 5.5 5.6 5.7 5.5 5.6 5.8 5.8 5.5 5.8 6.2 7.2 8.8 8.3 6 5.6 5.5 5.7 5.8 5.8 5.8 5.8 5.9 5.8 5.8
-4 -4 -4 -4 -4 -4 -4 -4 -4 -4 -4 -4 -4 -4 -4 -4 -4 -4 -4 -4 -4 -4 -4 -4 -4 -4 -4 -4 -4 -3.7 -3.5 -3.3 -3.1 -2.8 -2.6 -2.4 -2.1 -1.9 -1.6 -1.4 -1.2 -0.9 -0.7 -0.4 -0.2 0.1 0.4 0.6 0.9 1.1 1.4 1.7 1.9 2.2 2.5 2.7 3 3.3 3.6 3.8 4.1 4.4 9.8 8 6.8 5.9 5.9 5.8 5.3 5.8 5.7 5.5 5.5 5.5 5.5 5.5 5.7 5.9 6 5.5 5.5 5.9 6.8 8.2 8.2 6.5 5.8 5.7 5.7 5.7 5.8 5.8 5.8 5.8 5.9 5.8
-4 -4 -4 -4 -4 -4 -4 -4 -4 -4 -4 -4 -4 -4 -4 -4 -4 -4 -4 -4 -4 -4 -4 -4 -4 -4 -4 -4 -3.8 -3.5 -3.3 -3.1 -2.9 -2.7 -2.5 -2.3 -2 -1.8 -1.5 -1.3 -1.1 -0.8 -0.6 -0.3 -0.1 0.2 0.4 0.7 0.9 1.2 1.5 1.7 2 2.2 2.5 2.8 3.1 3.3 3.6 3.9 4.2 4.4 8.4 7.7 6.3 5.9 5.8 5.8 5.8 5.7 5.5 5.5 5.5 5.5 5.5 5.7 5.9 5.9 6 5.6 5.4 5.5 5.7 6.9 6.5 6 5.8 5.8 5.9 5.9 5.8 5.7 5.7 5.8 5.9 5.9
-4 -4 -4 -4 -4 -4 -4 -4 -4 -4 -4 -4 -4 -4 -4 -4 -4 -4 -4 -4 -4 -4 -4 -4 -4 -4 -4 -4 -3.6 -3.4 -3.1 -2.9 -2.8 -2.5 -2.3 -2.1 -1.9 -1.7 -1.4 -1.2 -1 -0.7 -0.5 -0.2 0 0.2 0.5 0.8 1 1.3 1.5 1.8 2.1 2.3 2.6 2.8 3.1 3.4 3.7 3.9 4.2 5 8.3 7.6 6.3 5.8 5.7 5.7 5.8 5.7 5.6 5.5 5.6 5.6 5.6 5.8 5.9 5.9 5.9 5.6 5.4 5.6 5.7 5.9 5.9 5.9 5.9 6.1 6.2 6.1 6.1 6.3 6 6 6.1 6.2
-4 -4 -4 -4 -4 -4 -4 -4 -4 -4 -4 -4 -4 -4 -4 -4 -4 -4 -4 -4 -4 -4 -4 -4 -4 -4 -4 -3.7 -3.5 -3.2 -2.9 -2.7 -2.5 -2.4 -2.2 -2 -1.7 -1.5 -1.3 -1.1 -0.9 -0.6 -0.4 -0.1 0.1 0.4 0.6 0.8 1.1 1.3 1.6 1.8 2.1 2.4 2.6 2.9 3.2 3.4 3.7 4 4.2 6.1 8.4 8.2 5.9 5.7 5.7 5.6 5.7 5.8 5.6 5.6 5.6 5.6 5.7 5.8 5.8 5.8 5.8 5.5 5.6 5.7 5.8 5.9 6.1 6.3 6.2 6.2 6.3 6.3 6.5 6.9 7.4 6.6 6.6 6.8
-4 -4 -4 -4 -4 -4 -4 -4 -4 -4 -4 -4 -4 -4 -4 -4 -4 -4 -4 -4 -4 -4 -4 -4 -4 -4 -4 -3.6 -3.3 -3 -2.7 -2.5 -2.3 -2.2 -2 -1.8 -1.6 -1.4 -1.2 -0.9 -0.7 -0.5 -0.3 0 0.2 0.4 0.7 0.9 1.2 1.4 1.7 1.9 2.2 2.4 2.7 3 3.2 3.5 3.8 4 4.3 7.4 8.6 7.9 6 5.7 5.7 5.6 5.9 4.1 5.7 5.7 5.7 5.7 5.7 5.7 5.7 5.7 5.7 5.7 5.7 6 6.4 6.6 6.6 6.6 6.5 6.3 6.1 6.9 7.4 7.6 7.5 9 9.2 8.2
-4 -4 -4 -4 -4 -4 -4 -4 -4 -4 -4 -4 -4 -4 -4 -4 -4 -4 -4 -4 -4 -4 -4 -4 -4 -4 -3.7 -3.4 -3.1 -2.8 -2.6 -2.3 -2.1 -1.9 -1.8 -1.6 -1.4 -1.2 -1 -0.8 -0.6 -0.3 -0.1 0.1 0.3 0.5 0.8 1 1.3 1.5 1.8 2 2.2 2.5 2.8 3 3.3 3.5 3.8 4.1 4.3 8.9 7.9 7.4 6.7 5.9 5.7 5.7 5.9 5.8 5.7 5.8 5.7 5.7 5.7 5.5 5.6 5.7 5.7 5.8 6.5 6.8 7.1 7.3 7.6 7.5 7.4 7.7 8.3 9.2 9.3 7.9 7.5 11.5 14 13.4
-4 -4 -4 -4 -4 -4 -4 -4 -4 -4 -4 -4 -4 -4 -4 -4 -4 -4 -4 -4 -4 -4 -4 -4 -4 -3.7 -3.4 -3.2 -2.9 -2.7 -2.4 -2.1 -1.9 -1.7 -1.5 -1.4 -1.2 -1 -0.8 -0.6 -0.4 -0.2 0 0.2 0.5 0.7 0.9 1.1 1.4 1.6 1.8 2.1 2.3 2.6 2.8 3.1 3.3 3.6 3.9 4.1 4.4 9.4 7.7 7.1 6.3 5.9 5.8 5.9 5.8 5.8 5.8 5.7 5.6 5.5 5.6 5.5 5.5 5.5 5.7 5.9 6.2 7.5 8.6 9.2 9.7 9.9 10.1 11.7 12.2 11.6 11.5 9 8.3 10 12.7 15.1
-4 -4 -4 -4 -4 -4 -4 -4 -4 -4 -4 -4 -4 -4 -4 -4 -4 -4 -4 -4 -4 -4 -4 -4 -4 -3.5 -3.2 -2.9 -2.8 -2.5 -2.2 -1.9 -1.7 -1.5 -1.3 -1.1 -1 -0.9 -0.7 -0.4 -0.2 0 0.2 0.4 0.6 0.8 1 1.3 1.5 1.7 1.9 2.2 2.4 2.7 2.9 3.2 3.4 3.7 3.9 4.2 4.4 8.4 7.4 6.7 6 5.9 5.9 5.8 5.8 5.8 5.7 5.7 5.6 5.5 5.7 5.5 5.4 5.4 5.7 5.8 7.1 11 11.6 11.9 11.6 11.6 11.4 13.6 15.4 14.5 12.1 9.3 9.9 11.1 11.9 13.6
-4 -4 -4 -4 -4 -4 -4 -4 -4 -4 -4 -4 -4 -4 -4 -4 -4 -4 -4 -4 -4 -4 -4 -4 -3.6 -3.2 -2.9 -2.6 -2.5 -2.3 -2 -1.7 -1.5 -1.2 -1.1 -0.9 -0.7 -0.6 -0.5 -0.3 -0.1 0.2 0.4 0.6 0.8 1 1.2 1.4 1.6 1.8 2.1 2.3 2.5 2.7 3 3.2 3.5 3.7 4 4.2 5.9 8.3 7.4 6.6 6 5.9 6 6 5.8 5.7 5.8 5.8 5.8 5.7 5.7 5.6 5.4 5.3 5.7 5.8 6.5 11.3 15.8 15.6 14 11.9 11.9 13.5 15.3 15.6 13.7 12.7 13.2 13.7 14.1 15.4
-4 -4 -4 -4 -4 -4 -4 -4 -4 -4 -4 -4 -4 -4 -4 -4 -4 -4 -4 -4 -4 -4 -4 -3.7 -3.3 -3 -2.7 -2.4 -2.1 -2 -1.9 -1.6 -1.3 -1.1 -0.8 -0.7 -0.5 -0.3 -0.2 -0.1 0.1 0.3 0.5 0.7 1 1.2 1.4 1.6 1.8 2 2.2 2.4 2.6 2.9 3.1 3.3 3.6 3.8 4.1 4.3 8.4 8 7.2 6.6 6.1 5.9 5.9 6 5.9 5.7 5.7 5.8 5.9 5.8 5.9 5.7 5.6 5.5 5.7 5.9 5.6 9.2 15.5 16.4 13.4 12.1 13.1 14.5 16 16.7 16.3 16 16.3 17 17.5 18.2
-4 -4 -4 -4 -4 -4 -4 -4 -4 -4 -4 -4 -4 -4 -4 -4 -4 -4 -4 -4 -4 -4 -3.8 -3.4 -3.1 -2.8 -2.5 -2.2 -1.8 -1.6 -1.6 -1.4 -1.1 -0.9 -0.6 -0.4 -0.2 -0.1 0 0.2 0.3 0.5 0.7 0.9 1.1 1.3 1.5 1.8 2 2.2 2.4 2.6 2.8 3 3.2 3.5 3.7 3.9 4.1 4.4 9.4 7.6 6.7 6.2 5.9 5.5 5.8 5.9 5.9 6 6 5.8 5.9 5.9 6.2 6.1 5.9 5.9 6.2 6.1 5.8 7.1 9.7 9.9 11.8 13.3 14.3 15.5 17.4 18.7 19 19 19.4 20.3 21 21.8
-4 -4 -4 -4 -4 -4 -4 -4 -4 -4 -4 -4 -4 -4 -4 -4 -4 -4 -4 -4 -4 -4 -3.5 -3.2 -2.9 -2.6 -2.3 -1.9 -1.6 -1.3 -1.2 -1.1 -0.9 -0.6 -0.4 -0.1 -0.1 0.2 0.3 0.4 0.5 0.7 0.9 1.1 1.3 1.5 1.7 1.9 2.1 2.3 2.6 2.8 3 3.2 3.4 3.6 3.8 4 4.3 4.6 8.4 7.1 6.5 6.3 5.9 5.9 5.9 5.9 6 5.9 5.9 5.9 6 6.6 6.8 6.9 7.2 7.3 7.7 7.6 7.9 8.8 10.7 11.4 13.1 14.9 15.9 17.2 18.9 20.6 21.9 22.9 24.2 25.3 26.8 27.3
-4 -4 -4 -4 -4 -4 -4 -4 -4 -4 -4 -4 -4 -4 -4 -4 -4 -4 -4 -4 -4 -3.6 -3.2 -3 -2.6 -2.4 -2 -1.7 -1.4 -1.1 -0.8 -0.8 -0.7 -0.5 -0.2 0 0.3 0.4 0.5 0.7 0.8 0.9 1 1.2 1.5 1.7 1.9 2.1 2.3 2.5 2.7 2.9 3.1 3.4 3.6 3.8 4 4.2 4.4 7.4 7.8 6.7 6.5 6.3 6.1 5.9 6.1 6.2 6.3 6.3 6.2 6.4 7 7.5 8.1 9 9.6 10.4 10.9 11.6 11.9 12.3 13.4 14.1 15.1 17.1 18.8 20 21.5 23.7 25.6 27.6 29 30.7 32.4 32.7
-4 -4 -4 -4 -4 -4 -4 -4 -4 -4 -4 -4 -4 -4 -4 -4 -4 -4 -4 -4 -3.6 -3.3 -2.9 -2.6 -2.4 -2 -1.8 -1.5 -1.2 -0.8 -0.5 -0.4 -0.3 -0.3 0 0.3 0.5 0.6 0.8 1 1.1 1.2 1.3 1.4 1.6 1.8 2 2.3 2.5 2.7 2.9 3.1 3.3 3.5 3.7 3.9 4.2 4.4 4.5 9.4 7.4 6.7 6.5 6.3 6.1 6 6.3 6.5 6.6 6.6 6.6 7.2 8.7 9.7 11.1 12 13.2 14.5 15.4 16.6 16.9 18.2 18.7 19.3 19.3 20.7 22.3 23.3 25.2 27.6 29.4 31.5 33.4 36.7 41.2 46.6
-4 -4 -4 -4 -4 -4 -4 -4 -4 -4 -4 -4 -4 -4 -4 -4 -4 -4 -4 -4 -3.4 -2.9 -2.6 -2.3 -2 -1.8 -1.4 -1.3 -0.9 -0.6 -0.3 0 0 0.1 0.2 0.4 0.7 0.9 1 1.2 1.3 1.5 1.6 1.7 1.8 2 2.2 2.4 2.6 2.8 3.1 3.3 3.5 3.7 3.9 4.1 4.3 4.5 4.5 8.1 6.9 6.4 6.4 6.2 6.2 6.1 6.5 6.8 6.9 7 7.8 10.3 11.6 13.4 14.5 16.1 17.1 19.1 21.9 25 26.1 26.7 26.3 25 24.4 25.3 26.6 27.5 29.2 32.6 37.4 43.1 51.5 57.7 64.8 70.1
-4 -4 -4 -4 -4 -4 -4 -4 -4 -4 -4 -4 -4 -4 -4 -4 -4 -4 -4 -4 -3.4 -2.6 -2.3 -1.9 -1.7 -1.4 -1.2 -0.9 -0.7 -0.4 -0.1 0.2 0.4 0.5 0.5 0.6 0.9 1.1 1.4 1.4 1.6 1.7 1.8 2 2.1 2.2 2.4 2.6 2.8 3 3.2 3.4 3.6 3.9 4.1 4.3 4.5 4.5 6.9 7.7 6.7 6.2 6.2 6.5 6.3 6.5 6.9 7.6 9.5 13.1 13.6 15 17.3 18.9 22.1 24.8 27.2 30.9 35.2 40.1 45.4 48 41.8 36.9 36.5 36.6 40.2 44.4 48.4 51.9 57.2 64.3 71 77.2 79.4 81.3
