public/OST50/ST38.asc
ncols 200
nrows 200
xllcorner 330000
yllcorner 180000
cellsize 50
[rows 0 to 42 of 200, columns 96 to 191 of 200]
76.5 82.6 88.6 92.1 96.7 100.6 100.5 99.5 101.4 102.6 100.6 98.3 95.9 89.7 82.9 76.5 77.3 82.6 80.5 76.2 70.2 64 60.2 55.7 48.8 43.7 42.9 41.1 39.1 36.5 36.6 35.2 33.7 31.5 31 30.8 30.8 30 29.5 28.9 28.2 27.8 27.7 28.1 27.8 27.6 27.7 28 27.1 26.3 27.5 28.4 28.8 29 31.5 32.1 30.6 27.6 25.8 32.7 38 40.2 40.4 39.8 36.8 30.5 24.9 21.8 21.4 20.9 20 19.5 20.1 22 22.1 22.7 26.1 29.5 33.3 36.3 39.1 41.1 43.2 46.2 48.8 49.7 49 47.4 47.6 49.1 50.2 50.5 46.6 40.7 35.4 42.1
75 81.3 86.7 92.2 96 99.6 98.9 96.4 98.5 99.3 99.1 98.5 95.9 91.3 84.9 76.2 73.8 76.6 77.7 74.3 68.7 60.5 54.2 48.7 44.4 41.9 39.9 37.3 36.1 36.2 36.2 34 32.1 30.4 29.5 29.8 29.2 28.6 28.5 27.7 27.2 26.9 26.5 26.7 26.7 26.3 26 26 24.9 24.6 25 25.9 26.4 26.8 27.3 27.8 26.6 24.4 23.8 28 33.4 37.7 38.4 37.7 34.1 28 22.7 19.9 19.7 19.3 18.7 19.3 19.9 20.3 20.8 21.1 25.5 28.2 29.3 31.7 33.9 36.5 38.7 41.9 44.8 46 45.9 45.4 46.7 47.7 48.9 48 43.5 36.1 35.7 45
77.5 83.8 87.6 90.7 94.1 97.2 96.3 94.6 96.3 96 97.9 98.5 96.8 91.8 84.5 76 68.3 64.8 68 66.6 61.8 53.9 47.6 44.1 41.1 39.2 37.6 36 35 34.7 34.8 32.6 31.2 29.6 28.8 28.3 27.7 27.2 27.4 26.5 26.3 26.1 25.7 25.5 25.6 25.1 24.6 24.3 23.7 23.5 24.1 23.7 24.2 24.6 25.1 24.7 23.3 22.3 22 24.5 28.1 31.2 34.3 33 29.4 24.4 20.6 18.9 19.3 18.4 18.3 18.7 19.4 19 19.2 20.3 26 28.3 26.1 28.3 30 31.9 34.8 38.3 40.8 42.1 42.4 43.8 45.1 45.6 46.7 45.4 40.4 33.7 37.4 45.1
76.1 81.6 85.1 88.9 91.6 94.6 92.5 92.9 94.1 93.5 96.6 98.5 95.4 90.7 84.8 76 66.4 54.9 55.3 56.9 52.3 47.4 43 41.3 39.4 37.9 36.3 35.3 34.4 33.3 33.2 31.5 30.4 29.9 29.1 27.9 27.1 26.5 25.7 26 25.3 25 24.7 24.6 24.5 24.4 24 23.7 23.1 22.8 22.6 22.4 22.5 22.8 23.1 22.5 21.8 20.6 20.6 21.1 22.7 24.7 26.3 26 24.2 21.7 20.1 18.3 18.3 17.8 18 18.2 18.3 18.5 18.6 20.3 26.6 27.2 23.6 24.6 26.3 28.1 31.2 34.2 36.3 38.1 40.2 42 42.7 43.5 44.6 43.7 38.6 32.1 37 43.6
73.1 79.5 85.5 86.9 89 91.6 90.3 90.3 92 91.1 95.7 97.4 93.8 90.6 84.5 76 66.7 57.4 51.8 50.2 47.1 44.3 41.5 40.6 38 36.5 37.7 36.3 35.2 33.9 32 30.8 30.1 29.8 29.7 29.1 28.2 27.4 27.5 26.4 25.9 25.3 24.6 24.5 24.4 24.2 24 23.7 22.7 22.2 21.6 21.4 21.2 21.4 21.1 20.6 20.1 20.1 20.1 19.2 19.6 20.2 20.3 20.4 19.9 19.8 19.3 18.4 17.6 17.4 17.5 17.6 17.8 18 18 18.7 23.3 24.7 21.9 21.5 22.8 24.4 26.6 30 32.1 33.4 36.9 39.3 40.1 41.2 42.6 41.9 37.7 30.9 35 41.3
72.9 79 83.5 85.4 87.8 89.4 89.7 88.5 87.4 90.8 94.4 96.7 92.5 89.9 82.7 72 65.6 59.7 55 52.2 47.7 45.6 40.4 40.2 39.8 39.1 35 34 33.2 32.7 31.5 32.3 31.8 31.4 31.3 31.5 30.8 30.3 28.9 27.6 27.1 26.7 25.8 25 24.4 24.4 24.1 23.8 22.8 22.2 21.9 22.5 24 23.8 23.2 22.8 22.4 22.2 21.7 20.5 19.2 18.5 18.2 17.8 18.3 18 18 17.5 17.2 16.9 16.9 17 17.1 17.4 17.7 17.8 18.3 20.9 20.7 20.4 20.2 20.8 22.9 24.9 27.1 30.2 33.5 35.8 37.2 38.6 39.9 39.5 35.6 29.5 32.5 38.6
80.7 83.8 85.5 86.2 87.3 86.8 86.6 84.3 83.6 89.4 93.6 94.7 91.5 86.6 78.6 70.5 62.4 55.8 51.7 51.1 48.7 44.2 39.8 39.6 39 38.7 35.5 34.4 33.8 34 34.7 35.4 34.6 34.7 34.9 33.8 33.4 32.3 31.3 30.6 29.9 29.1 28.1 26.3 25.3 24.8 24.3 25.5 28.3 27.4 27.8 25.3 21.9 22.6 24.7 29.5 33.4 33.4 28.1 23.4 22.3 20.8 18 17.6 17.1 17.3 17.4 17.2 16.9 16.6 16.3 16.4 16.6 16.8 16.9 16.9 17 18 18.9 19.2 19 19.1 19.9 22.3 24.5 27.1 30 32.2 33.5 35.8 36.5 36.5 32.8 28.5 30.6 35.4
85 87.3 88.1 88.4 86.4 85.7 85.9 79.8 79.3 87.9 92.9 94 90.9 80.1 71.6 63.1 60.1 52.3 46.7 47 46.3 46.5 39.5 39 38.3 38.2 39.2 45 44.6 44.1 44.1 42.1 39.9 37.7 37.2 36.7 36.2 35.6 35 34.4 33.8 33.2 34.7 35.6 34.2 34.4 33.9 27.1 26.4 26.2 26.2 26.8 25.7 25.4 29.9 36.9 38 38.4 37 34.5 29.1 22.6 21.5 19.9 17.2 16.4 16.5 16.4 16.4 16.1 15.9 15.9 16.2 16.3 16.2 16.3 16.4 16.5 16.9 17.6 17.8 17.7 18.7 20.2 22.3 24.8 27.2 29.1 30.8 32.5 33.4 33.4 30.7 27.9 30.6 34.3
86.2 89.2 90.4 88.6 83.5 79 72.7 77.2 80.6 86.3 87.2 86.8 80.5 72 64.3 56.4 48.3 47.5 47.1 45.1 43.1 41 40 38.5 38.1 37.7 40.2 41.2 43.7 46.7 46.7 45.9 44.6 43.2 42.8 42.5 42.1 41.6 41.1 40.3 39.5 42 44.6 44.2 41.1 38.2 37.2 33 33.3 33.5 33.8 33.2 30.4 27.8 32.8 36.7 37.2 37.6 36.3 34.1 31 26.8 26.1 26.3 21.3 18.8 17 16 15.8 15.6 15.4 15.5 15.7 15.8 15.6 15.7 15.8 15.9 15.8 16.1 16.6 17.1 17.6 18.9 20.4 22.1 24 26 26.9 28.9 30.2 30.2 27.8 26.9 30.4 33.4
88 89.8 90.6 88.7 82.5 70.4 65.8 72.2 77.8 80 76.5 72.3 64 54.8 49.2 48.8 51.6 48.9 46 43.6 42.2 40.4 39.2 38.4 37.8 37.5 40.3 41.3 45.4 58.6 63.7 63.4 64.8 64.5 63.5 62.4 61.6 60.1 58.6 56.7 55.2 52.8 50.9 48.4 44.8 44.3 42.4 39.2 38.5 36.6 35 33.9 32.2 32.3 34.6 35.9 36.5 36.6 35.4 33.6 31.3 30.7 30.5 30 27.7 26.2 21.6 18.8 17.4 15.4 15 15.1 15.3 15.1 15 15.1 15.2 15.3 15.3 16 16.7 17 17 17.5 19 20.5 21.1 21.9 22.6 23.8 25.7 27 25.3 27.7 30.5 33
88.6 90.3 90.1 87.1 82.2 68.6 62.7 65.6 67.2 64.4 60.2 52.5 50.5 50.2 49.4 50.2 49.2 46.2 44.5 42.5 41.3 39.3 37.7 36.7 36.4 37.2 41.2 41.6 49.7 62.7 69.9 70.5 70 67.3 65.3 62.5 60 58.1 56.5 55.8 55.1 53.9 52.4 48.3 45.3 43.2 40.5 38.8 37.5 36.4 35.4 34.3 33.4 33.8 34.6 35.4 36.1 36.3 35.1 33.8 33.3 33.5 32.3 30.6 29.4 27.6 25.9 23.7 19 19.1 16.9 17.4 15.5 14.8 14.9 15.1 15.1 15 15.5 16.1 16.6 16.9 16.8 16.7 17.7 18.4 19 19.4 19.3 19.8 23.1 23.4 22.6 26.3 29.8 31.4
90.6 89 87.4 83.5 75.1 65.5 61.3 58.8 56.2 51.9 51.6 51.7 50.7 45.2 43.5 44.2 45.2 44.6 41.3 39.5 39.1 37.8 37.2 36.5 36.7 38.7 41.7 41.7 50.5 62.3 71.1 77.3 75.4 70 65.5 61.8 59.1 56.2 53.8 52.8 52.2 50.9 49.4 46.8 44 42.5 39.7 38.5 37.9 37.3 36.1 35.4 34.4 33.6 34.5 35.9 36.4 36.3 35.3 34.2 33.7 33.2 31.2 30 29 27.9 27.6 26.2 21.9 17.1 15.1 14.8 18 19 19.2 19 19.1 17.8 16.5 16.6 16.9 16.9 17 16.4 17 17.3 17.6 18.1 18.3 19.2 20.5 21.7 21.2 24.6 27.2 28.7
88.5 85.5 81.7 75.6 69.1 62 55.5 53.1 52.3 46.8 44.5 45.7 42.7 41.2 41.4 41.7 42.9 42.3 41.4 38.3 37.4 37 37 36.4 36.5 39.7 40.8 42.9 55 64.1 73.4 81.2 78.9 74.3 69.1 64 59.8 55.3 52.6 51 49.7 47.6 45.7 43.9 42.6 40.5 39.3 38.3 37.4 36.3 35.2 34 33 32.7 33.7 35.4 35.8 35.6 35.2 34.2 32.9 31.3 29.5 28.6 27.5 27.5 27.4 25.9 23.1 18.9 15.4 14.5 14.3 14.7 16.8 19.6 23 21.8 21.6 21.3 20.6 18.3 17.8 17.6 17.5 17.9 17.9 18 18.3 19.1 19.4 20 21.6 24.2 25.9 26.7
82.3 78.1 72.4 67.1 56 54.8 55.7 51.9 46.6 42.1 39.7 39.8 39 39.2 38.2 38.7 39.7 39.2 38.8 38.4 36.8 36.1 35.5 36 36.9 39.9 46 57.5 64.1 70.5 76.9 80 78.1 75.7 71 65.9 60.1 55.8 52 49.7 47.2 44 42.2 40.4 39.1 38.4 37 36 35 34 33.7 33.5 32.1 31.6 32.9 34.6 34.8 34.4 33.5 32.2 30.7 29.1 27.8 27.1 26.1 26.1 26.2 25.5 23.2 19.2 16 14.7 14.4 13.6 19 26.5 29.6 32.3 35.2 30.1 23.8 21.5 20.9 18.6 18.3 18.4 18.4 18.3 18.4 18.8 19.3 20.4 21.7 22.6 23.5 24.9
73.5 67.3 60 56.6 59.3 56.8 53.3 48.8 45.8 42 38.4 36.6 35.2 34.8 35 35.2 35.4 35.5 36.7 36.8 35.4 35.2 35.1 34.9 36.5 45.5 59.2 68 72.8 74.4 76.6 75.5 73.2 72.6 69.3 64.9 60.7 56.4 52.9 49.5 46.2 42.3 38.9 36 35.5 35.5 34.6 33.7 32.8 32.6 32.4 32.6 31.3 30.4 30.6 32.6 32.3 31.8 31.2 29.7 28.1 27 26.2 25.4 24.6 24.4 24 23.3 21.9 19.6 16.9 15 14.3 15.4 20.1 26.9 29.3 31 34.1 37.4 39.5 38 28.8 20.5 20.1 18.8 18.8 19 20 18.9 19.3 20.1 21 21.9 23.2 24.2
66.1 60.1 60.7 56.7 57.4 53.6 49 45.7 43 39.7 37 34.9 34 32.9 32.6 32.6 32.8 33 33.8 33.3 33.5 33.3 33 34.3 40.9 53.1 65.5 71.7 72.8 72.8 71.9 70.2 68.7 67.5 65.3 61.8 58.3 54.5 50.9 47.2 43.6 40.1 37.4 34.7 32.3 32.1 32.4 31.8 30.7 31 31.8 32.7 31.7 30.4 28 28.8 28.2 28.2 28 26.7 25.8 25.5 24.8 24 23.3 22.6 22.2 21.9 20.7 19.2 17.1 14.6 14.1 15.6 19.9 25 27.8 29.9 32.1 35.8 38.9 40.2 38.9 31.2 23.4 20.8 19.1 18.9 18.7 18.9 19.1 19.8 20.6 21.8 23.1 23.9
62 54 54 54.7 52.9 49.4 44.6 41.2 39.3 37.3 35 33.8 33.2 32.2 31.2 30.7 30.7 31.2 31.9 31.7 31.2 31 31.9 33 43.1 57.4 67.3 69.6 69.3 68.5 67.2 65.6 63.4 62.6 60.9 57.9 54.6 51.5 48.2 46 41.6 38.2 35.4 33 30.7 29.1 28.3 29 29.2 29.6 31.7 33.5 33.5 31.8 27.2 24.9 24.9 24.8 24.5 24.2 23.4 23 22.8 22.8 22.2 21.5 21.2 20.5 19.2 17.7 16 13.5 13.9 15.9 19.8 23.6 26.5 28.9 31.1 33.3 35.9 38.2 38.7 32.7 25.8 24.3 23.5 22.1 19.6 19.5 19.6 19.9 20.6 21.7 22.5 23.3
52 48.9 51.4 50.8 47.3 44.3 40.1 38.4 37.3 34.5 33.2 32.6 32 31.5 30.9 29.5 29.4 30.5 31.2 30.2 29.6 28.1 31.8 33.6 46.8 59.1 66.1 66.6 65.8 64.9 63.8 60.9 59.7 58.2 56.7 54.5 51.6 48.7 45.6 42.8 38.8 36.4 33.5 31.2 28.9 26.5 26.2 27.1 28.3 29.8 32.4 35.2 35.2 31.6 27.6 23.3 21.5 21.5 21.9 21.4 21 20.4 20 20.1 20.1 20.4 19.2 18.3 16.5 14.7 13.3 13.4 13.4 16.9 20 22.7 25.7 27.9 30 32.2 34.5 36.8 37.6 30.3 31.1 33.6 31.7 29 26.7 23.6 20.6 20.5 20.7 21.3 22.1 22.9
49.9 45.3 44.8 43.1 41 37.8 35.9 35.6 34.1 32.6 31.9 31.3 30.7 29.8 29.2 28 28.3 31 30.3 28.6 27.9 27.2 28.8 34.1 46.7 57.4 62.5 62.5 62.2 61.6 59.6 58.3 56.8 54.9 53.5 51.8 48.5 45 42.3 39 35.8 33.9 31.6 29.4 27.1 24.4 24.2 25.9 28.4 31.1 34 35.2 33.8 29.9 25.9 22.1 19.7 19.3 19.2 19 18.6 17.9 17.3 17.6 17.7 17.4 16.5 14.6 13.3 13.1 13.2 13.6 15.9 18.3 21 23.2 25.6 27.3 28.9 31.1 33.3 36.2 37 36.2 37.8 41.4 43.4 44 39.7 37.7 34.5 24.9 21.8 22.3 22.6 22.8
45.4 40.5 37.2 36.1 34.6 34.1 32.1 32.7 31.5 30.6 30.1 29.7 28.7 27.4 27.5 26.5 29.1 30.1 28.6 27.3 26.6 26.1 27.9 30.9 42.8 52.2 56.7 58.3 58.1 57.4 57.4 56 54.5 52.9 51 49 45.8 42 38.2 36.2 33.6 31.9 29.6 27.4 25 22.8 22.7 26.1 29.8 32.8 34.9 34.6 30.9 26.9 22.6 20.3 17.9 17.1 17.5 17.2 16.8 16.8 16.2 15.9 16 14.9 14.1 13.5 12.7 13.5 15 16.9 18.6 19.8 22.1 23.7 24.7 26.3 27.9 30.7 33.8 38 40.4 38.1 39.1 41.2 44.3 46.2 49.3 48.5 42.7 33.7 23.8 21.7 20.5 23.7
38.7 35.5 32.9 31.9 31.4 28.8 29.3 29.7 29.7 28.9 27.9 28.4 28.1 26.1 25.8 26.8 28.2 27.8 26.9 26.5 25.7 24.7 26.2 30.4 37 44.9 49.5 52.1 53.6 54.6 54.9 53.8 52.5 50.5 48.5 45.7 43 40 36.9 34.8 31.7 29.3 26.8 24.1 21.8 20.3 22.4 26.4 30.4 33.2 33.5 30.6 26.5 22.9 20.1 17 15.2 15 15.8 15.4 14.9 14.7 14.1 13.3 13.3 12.6 12.5 13.4 14.8 16.6 17.7 20.5 21.4 21.3 22.6 23.2 24 25.6 28.6 32.4 37.1 44 47 43.7 40.9 41.1 43.1 45.2 47.1 47.6 46 36.6 27.2 23.3 21.2 20.2
33 31.7 30 28.8 27.1 25.9 26.9 27.9 28 27.1 26.4 27 26.5 25.4 24.9 26.6 26.3 26.8 25.8 26 25.1 24.1 25.1 26.8 31 38.1 41.6 44 47.8 50.6 52.4 51.7 50.4 48.7 46.8 43.8 41.7 38.9 35.9 33.1 30 26.4 23.3 20.9 18.9 18.9 22.2 26.2 29.9 31.5 29.1 25.4 21.8 18.3 16 14.2 12.9 13.4 13.4 13.4 12.9 12.4 11.5 11.2 12.3 12.7 15 15.8 17.5 18.8 20.6 21.8 22.7 23.2 24.1 25 25.5 28.4 32.4 37.5 43.1 50.4 55.1 51.6 47.5 43.2 42.4 42.8 44.3 46.7 47.6 43.4 36.5 28.7 22.7 19.3
30.3 28.7 27.3 24.9 24.3 24.4 25.4 26 26 25.8 25 25.3 24.4 23.8 24.8 26.4 24.4 24.5 24.1 24.1 24.2 23.5 24.1 25.7 29.8 33.3 35 35.7 40.7 47.7 49.9 49.8 48.6 47.1 44.9 42.9 41 38.2 35.3 32.2 29.5 25.9 22 18.9 17.3 17.7 21.7 25 26.9 26.5 23.3 19.5 16.1 14 12.4 11.4 11.7 12.7 12.1 11.5 11.7 11.8 11.7 11.8 12.4 14.9 16.6 17.6 19.5 20.4 21.3 22.2 23.1 24.5 25.7 27.2 30.2 33.9 38.1 43.4 49.9 57.2 61.4 57.9 52.6 45.4 41.6 41 41.8 43 45.1 46.6 44.9 39.1 27.8 19.7
27.7 25.9 24.7 23.3 22.5 22.8 23.4 24 24.1 23.7 22.5 22.8 23.6 24.3 25 25 23.5 23.2 23 22.7 22.8 22.5 23.1 24.3 25.7 29.1 31.3 32.5 37 43.5 47.5 48 46.7 45.4 43 41.8 39.8 37.4 34.5 31.6 29 25.6 21.4 17.4 15.9 16.8 20.5 22.4 23.3 20.9 16.8 14 11.8 11.8 11.9 11.8 11.3 11.9 11.5 11.3 11.1 11.7 12.1 12.2 13.5 14.8 16.5 18.3 19.6 20.4 21.5 22.3 24.3 27.3 29.9 33.2 36.7 40.3 44.1 50.9 57.7 64.2 64.2 61.2 55.4 47.4 41.4 39.4 39.8 40.3 42.5 44.7 46.6 44.4 35.4 22.1
23.7 23.2 22.6 21.2 20.9 21.7 21.9 21.6 21.7 20.6 22.6 25.4 26.2 25.5 25.6 25.5 25 24 21.6 21.9 22.1 21.3 21.7 22.9 24.2 27.3 25.7 29.5 34.4 40.5 45 46.1 45.2 43.9 41.9 40.5 38.4 36.6 34.1 31.7 28.8 26.1 23 19.1 14.8 14.8 18.6 19.9 18.7 15.5 12 9.4 10.3 11.7 11.8 11.7 12.2 10.3 12.2 12.2 11.6 10.5 12.5 13 14.1 15 16.5 18.1 19.3 20 21.5 23.6 27 32.1 36.4 40.3 44.2 47.2 52.8 60.2 64.2 64.5 64.2 63.8 56.8 48.7 41.5 38.6 37.9 38.4 40 42.1 44 44.9 41.9 27.8
20.7 20.9 21.5 20.2 19.3 19.6 18.2 19.7 20.4 25.9 30 30.6 29.3 28.6 26.3 26 25.6 25.7 21.7 21.3 21 20.5 20.6 21.6 22.9 24.8 27.1 28.5 32.8 38.1 43.5 45 44 42.5 40.8 39.2 37.1 35.1 33.4 31.1 29.2 26.7 23.6 19.5 14.5 12.9 15.3 16.6 14.5 11.8 10.9 11.6 11 12.1 13.8 13.9 14.1 14.5 13.8 13.6 13 12.6 12.9 13.8 15 15.6 16.7 18.9 20 21 22.9 26.7 32.4 38.7 44.4 48.2 51.8 56 63.3 65.3 65.3 64.8 64.8 64.4 57.3 48.8 41.8 38.7 35.7 36.6 37.9 39.6 41.6 43.7 43.1 33
18.9 19.5 19.7 19.5 17.4 18.6 23.7 26.4 28.8 34.7 36.3 37.2 37.9 34.4 30.4 27.6 26.6 26 23.6 21.6 20.7 20 19.6 20.4 21.8 23.6 26.1 27.6 30.4 36.8 41.4 42.7 42.4 41.2 39.6 37.8 35.6 32.5 29.7 28.7 27.3 25 22.3 18.5 13.8 11.5 11.9 12.1 11 10.3 10.9 9.8 13.5 14.8 16.1 16.4 16.6 16.6 15.8 14.8 13.9 13 13.1 14.6 15.9 16.8 17.7 19 20.6 22.5 26.7 32.2 38.4 46.9 52.1 56.1 59.7 65.3 65.3 65.3 65.3 64.8 64.8 64.5 57.8 49.3 42 39 37.3 35.7 36.7 37.7 39.4 41.5 42.9 37.5
17.8 18.7 18.9 15.1 21.6 24.6 29 32.8 36 40.4 48.4 53.6 51.4 48.7 43.3 39.8 35.5 31.4 27.3 24.6 22.6 20.1 18.5 19 20.7 22.5 23.6 26.1 30.4 35.6 40.3 41.3 40.7 39.9 38.9 37 33.3 30.2 26.8 24.9 22.7 21.3 19.5 16.3 12.3 11 10.5 10.2 10 10.1 11.7 13.9 16.6 17.8 18.5 18.9 18.7 18.1 17.6 16 14.1 14.2 14.6 14.9 16.5 18 18.9 20.8 22.8 26.3 31.8 38 44.3 52.3 58.2 62.2 66 65.3 65.3 65.3 65.3 65.3 64.8 64.6 58.9 50.6 42.6 38.6 36.7 34.3 35.2 36.4 38.1 39.9 41.6 39.2
16.3 17.6 15 23.9 27.6 27.1 30.5 34.2 40.6 55.4 63.6 63.5 62.7 61.5 55.3 50.9 48.4 43.1 36.9 30 25.8 21.4 18.4 18.3 19.5 20.9 22.7 25.4 32 38.5 40.4 41.2 40.5 39.6 38.5 37.3 35.8 32.8 29.4 25.2 19.7 16.3 13.8 12.6 10.9 9.8 10.2 10 9.6 8.7 14.3 17.6 19.9 20.6 21.3 21 20.4 19.4 18.3 16.3 15.2 15.8 16.2 16.8 17.8 19.1 21 23.2 26 29.7 35.7 43.2 49.7 57 63.4 67.1 68.1 67.1 65.3 65.3 65.3 65.3 65.3 64.8 60.1 51.9 42.6 37.9 35.7 33.6 33.2 35.7 37.9 39.8 41.2 41
15.1 14.4 24.2 26.6 25.7 27.2 30.4 36.2 51.8 64.4 66.6 64.6 62.7 60.9 59.4 56.7 53.7 49.3 42.8 33.9 28.1 22.7 18.5 17.7 18.5 20.4 22.5 25.3 32 37.7 39.4 40.1 39.6 38.8 37.5 36 34.9 32.8 30.1 26.3 21.3 15.3 12.3 10.6 9.5 9.4 10 10 10.3 12.4 17.5 21.5 23.2 23.7 23.4 22.8 21.8 20.5 18.5 16.7 15.9 16.6 17.6 18.6 19.7 21.3 24 27.5 31.3 34 39.4 47.3 54.8 61.8 66.4 66.2 66.1 66.3 65.3 65.3 65.3 65.3 65.3 65.7 59.7 50.9 41.2 36.3 34.3 32.3 31.6 35.4 37.8 39.8 40.7 40.8
14.1 17.1 22.6 20.7 24.1 27.3 31.2 42.6 60 64.5 63.9 61.8 60.1 58.3 56.4 55.3 52.7 46.7 38.5 32.8 27.8 23.1 19.1 17.4 18 20.3 21.6 25.1 31 36.9 38.2 39.4 38.7 37 35.7 33.8 31.9 30.1 27.6 24.2 18.6 13.4 10.4 9.7 9.2 9 9.3 9.4 12.5 16.7 20.9 24.4 25.5 25.7 24.7 23.8 22.4 20.8 18.5 16.3 16.7 18.2 19.4 20.6 22.6 25.2 29.2 34.5 38.5 41.8 46 53.1 59.7 63.8 64.5 63 64 65.1 65.5 65.3 65.3 65.3 65.4 62.8 57.5 48.1 39.7 35.2 32.7 29.7 30.4 34.9 36.9 39.5 41 41.9
13.7 16.5 19.5 25.9 28.1 28.3 32 40.6 56 60.4 59.3 58.7 56.9 55 52.6 51 48.3 41.8 33.4 28.2 26.2 22.1 18.3 17.3 18 20 22.8 27.5 33.2 37.2 39.1 39.4 38.3 36.5 34 30.7 28 26.3 23.8 20.2 15.8 11.4 9.6 9.5 9.1 9.3 9.2 11.7 17.3 22.5 26.6 29.6 28.4 27.1 25.3 24.1 22.5 20.6 18.6 17.4 17.9 18.9 20.6 23.1 26.8 31 36.1 40.7 45 48.9 52.5 58.2 61 61.3 60.3 62.2 63.9 64.8 65.2 65 65.3 65.3 64.6 60 53.2 44.6 37 33.7 30.9 26.5 30 33.6 36.2 38.6 39.8 41.3
13.8 16.1 21.8 29.7 34.5 34.1 33.2 38.1 46.2 52.6 53.7 53.9 52.6 49.4 46.5 44.9 42.6 36.3 29 24 22.8 20.2 17.1 16.4 18 19.8 26.7 31.9 35.2 38.2 39.7 39.9 38.1 36.1 32.9 30 26.5 23.3 19.7 16.7 13.2 9.9 8.7 8.7 8.9 9.3 10.4 15.9 22.4 28.4 34.2 35.5 33.9 28.9 24.9 23 21.6 20.1 18.9 19 19.3 20.4 22.5 27.9 35.2 41.7 45.4 48.3 51.3 53.7 56.5 59.1 59.7 59.2 60.4 62.4 63.6 64 64.1 64.1 64.5 64.7 61.5 56.2 48.4 40.6 35.3 31.9 28.7 25.6 29.4 32.9 35.3 37.2 38.5 40.1
13.3 18.1 31.6 39.7 44.9 45 40.7 38.1 39.3 39.9 43.3 43 41.8 39.4 36.3 34.3 31.8 26.7 22.3 20.5 19 17.7 15.7 16.5 19 27 32.7 35.6 37.4 39.6 41.4 41.2 39.6 37.1 33.8 30.1 26.1 22 18 13.1 10.8 9.4 8.9 8.8 8.9 9.4 12.2 19.4 25.5 32.2 37.8 38.5 36.6 31.5 26.9 23.1 21.6 20.8 19.8 19.5 20.2 23.1 26.2 33 40.8 46.8 51.2 53.4 54.3 56.5 58 59.2 59 59.6 61.4 62.3 62.9 63.1 63.1 62 62.5 61.9 57.4 51.1 43.4 37 34.1 31.5 28.2 25.5 28.1 31.4 34.2 36 37.3 38.6
13.3 20 34.2 41.5 44.6 45 43.9 41.5 38.6 33.3 29.6 27.8 26.8 25.6 24.2 23.8 23.3 21.6 19.3 17.7 16.8 15.7 16.5 20.7 26.7 34.8 39.1 39.3 39.7 40.7 43.1 44.9 44.2 40.5 35.1 30.3 25.3 20.3 15.5 10.6 9.3 9.1 8.9 8.9 9.3 10.6 13.7 20.4 26.9 33.6 38.7 38.8 35.7 31.5 27.1 23.8 21.6 20.9 20.7 21 22.5 25.7 30.4 36.7 44.2 49.6 53.8 55.4 56.5 58.3 58.8 58.7 59.3 60.1 60.7 61.4 61.8 62 60.2 59.1 59.7 57 51.5 45.2 38.2 33.5 32 30.3 27.2 24.5 27.1 31.2 33.3 34.7 36.3 38.1
13.2 16.9 29.8 37 39.9 39.7 39.4 38.6 37.4 36 33.4 28.1 22.6 19.8 19 19.7 19.7 18.5 16.9 15.8 15.4 15.8 21.9 26.9 33.3 40 43 41.2 40.5 41.7 47.3 51.7 51 45.1 36.1 30 25.6 20.8 15.8 9.4 8.9 8.9 8.1 9.1 9.9 12.2 14.9 20.7 27.4 34.8 37.7 36.8 33.3 30.9 26.6 24.4 23 22.1 21.9 23.7 26.5 31.3 36.3 41.4 46.8 51.6 55.5 57 58.7 58.8 58.2 58.5 59 59.3 59.8 60.4 60.7 58.5 57 58.8 57.9 52.8 46.3 40 34.2 31.3 30.2 28.3 24.9 18.5 25.6 30.4 32.2 33.7 35.3 37
15.6 11 20.9 30.1 32.9 32.6 32.7 32.7 31.4 30.1 28.6 26.5 22.1 17.9 15.3 16 16 15.2 14.4 14.7 20.7 27.5 27.8 30.8 36.4 41.4 44.7 41.7 41.6 46.9 53.5 56.2 53.4 46.1 36.5 28.5 23.2 19.6 15.2 8.7 8.7 8.8 8.4 9.1 10.5 13.4 16.6 21.4 29.3 36.2 36.9 34.7 31.6 28.7 26.8 25.5 24.1 23.5 23.7 26.8 30.9 36.8 41.8 46.8 51.6 54.7 56 56.5 55.9 55.9 56.3 57.1 58 58.5 58.7 59.2 57.9 58.7 60.9 60.9 57.4 51.1 43.4 36.2 31 29.5 28.3 27.7 25.2 19.3 21.6 27.8 31.1 32.9 34.1 35.9
17.5 11 13.4 21.6 25.6 25.4 24.5 22.5 21.5 20.3 18.9 17.8 16.5 14.2 13.8 13.9 14 14.2 18.3 24 29.2 33.3 32.4 35.1 37.6 42.3 46.5 46 48.7 53.5 57 56.7 52 43.6 34 25.5 19.8 16.2 12.3 8.4 8.7 8.4 8.4 9.1 11.6 14.2 17.4 20.7 28.6 34 35.6 35.2 33.2 31.2 28.9 27.9 26.7 26.1 27 31.2 36.1 41.2 47.1 52.3 55.3 55.2 53.4 51.1 49.3 48 47 47.3 49 50.5 51.7 54.3 55 60.7 62.9 62.3 58.2 52.9 43.2 34.7 28.8 27.2 26.2 26.4 26 20.3 17.1 24.9 29.5 31.8 33.1 33.6
20 11.9 10.1 15.9 18.8 17.8 15.9 15.1 14.7 15.6 14.1 13.6 12.9 12.6 12.7 13.2 16.5 21.7 27.1 31.8 33 34.9 35.7 37.3 39.9 43.4 48.1 54.6 56.9 59 59.3 56.2 50.1 40.9 31.6 22.5 17 12.9 9.5 8.2 8.7 8.1 8.3 9.6 11.8 14 15.9 19.2 26.7 31.8 34.1 37 35.5 34.7 34 32.1 31.7 32.5 33.8 36.8 41.8 47.9 52 54.3 56 53.6 49.5 44.9 41.2 38.2 37.6 38.8 40.1 41 42.9 47 52.1 57.7 59.8 59.4 56.9 51.3 43.6 34 27.4 25.4 24.8 24.9 24.4 20.6 12.1 23.1 28.8 30.7 31.5 31.5
17.4 11.3 10.3 13.1 15 13 12.1 12.6 12.6 12.1 11.3 11.5 15 19.4 22.9 21.9 23.6 25.3 28.8 32.4 35.1 36.5 40.8 42.8 47.1 50.8 55 58.9 59.5 58.9 58.1 53.6 45.7 36.7 29.2 20.9 16.5 12.1 9.5 8.2 8.6 7.8 8 9.6 11.3 13.1 14.3 17.8 23.9 31 33.6 35.7 37.7 38.3 39.5 39.8 40.3 41 43 45.8 49.2 52.9 54.6 55.6 55.4 51.6 45.4 38 32.7 29.3 29.8 32.8 33.5 33 39 44.4 49.2 53.8 55.4 54.9 51.8 46.8 40.6 33.3 27.4 24.6 23.1 21.1 19.1 16.3 12.5 21.4 27.1 29.6 29.3 27.6
15.1 11.3 9.8 10.7 11.2 11.4 11.4 11.5 12.2 16.8 20.5 21.4 22 22.8 23.3 23.3 23.9 24.8 28.1 32.8 37 42.9 47.5 50.7 53.5 56.2 58.2 59.6 58.2 56.6 53.9 48.7 40.3 32.1 25.2 17.4 14.2 10.8 8.7 8 8 7.7 7.5 8.6 10 12.6 14.7 17.3 22.5 28 31.3 34.5 37.5 41.2 43.2 46.9 49.2 50.6 51.4 52.4 54 55.5 55.9 56.1 55.3 49.2 41.2 32.7 25.3 23.1 23.4 25.8 26.6 32 39.2 44 48 49.6 50.8 49.9 46.1 41.1 35.1 30.3 26.7 25 22.9 19.3 15.7 12.8 12.9 19.6 25.7 26.9 25.5 24
15.9 11.2 9.1 9.3 9.6 11 11.4 14.9 19.8 20.4 21 21.9 23.1 23.9 23.8 24 24.7 26.2 31.6 36.7 43.1 49.8 53.1 55.1 55.7 57.2 57.3 56.7 55.3 52.5 47 40.4 33.4 27.5 19.8 14.9 12.1 9.6 7.9 7.8 8 7.4 7.3 7.7 8.6 11.3 14.8 16.9 20 23.7 27.5 31.6 37 42.6 47 51.2 53.3 54.8 55.8 56.5 56.9 57 56.7 56.2 53.4 46.2 37.5 28.5 21.6 18.6 18.3 19.9 24 31.2 38.8 44.8 46.5 46.1 45.3 45.2 41.1 34.9 30.6 27.7 26.6 25.3 23.6 20.9 17.8 12.9 11.4 18 23.2 23.8 20.8 20.9
15.3 10.2 9.4 9.5 9.9 10.8 12.4 14.4 18.5 20.7 21.6 23.3 24.7 24.7 24.5 24.7 25.7 30.7 37 42.5 47.7 49.8 51.5 51.6 51.3 51.3 51.4 50 48.4 44.9 40.2 34.4 27.8 21.4 15.8 12.8 10.8 8.9 8 8.2 7.6 7 6.7 7 7.9 9.9 12.5 15.3 16.1 19 24 29.5 35.6 41.7 48.3 52.7 55.6 57.6 57.9 57.9 57.8 57.1 56.7 54.2 48 40 32 23.8 18.1 17 20.4 23.2 26.6 32 40 45.5 45 43.7 44.4 41.2 35.5 29.5 27.1 26.1 25.1 24.5 23.2 21.4 18.8 12.9 10.7 17.3 20.8 19.4 16.4 17.5
