public/OST50/ST40.asc
ncols 200
nrows 200
xllcorner 340000
yllcorner 100000
cellsize 50
[rows 105 to 139 of 200, columns 0 to 78 of 200]
129.3 127.4 126.8 124.9 123 121.5 119.8 118.1 116.5 115.6 114.7 113.8 112.8 111 108.7 106.6 104.4 101.7 97.9 93.2 92.8 94.4 97 100.1 102.9 106 107.8 108.9 110 110 109.1 107.9 107 107.1 107.8 108.3 106.2 103.7 104.1 105.6 107.3 110.1 113.4 116.3 119 121.6 124.2 126.8 129.3 132.2 134.9 137.7 139.5 139.9 140.4 143.4 147 152.2 158 163.5 164.6 161.4 155.9 152.5 151.2 148.5 143.3 139.3 139 138.6 139 138.3 135.5 134.2 133.5 134.2 134.3 133.2 129.1
131.2 128.5 126.7 124.9 123.5 121.9 120.8 119.6 119 118.3 117.4 116.2 114.7 112.1 109.8 107.6 105.4 102.8 99.3 95.7 93.5 94.9 98 100.2 101.5 104.7 106.7 108 109.2 110.4 110.6 109.8 108.9 108 108.1 109.7 108.9 106.8 105 104.9 106.2 108.1 111.2 114.1 117 119.9 122.4 124.7 127.2 130.2 133 135.9 138.7 138.2 136.3 137.7 140.7 145.6 150.8 155.9 159.4 161.2 159.2 155.9 154 149.5 145.6 144.2 143.7 143.7 144.5 142.6 140.5 138.9 137.7 137.7 137.3 134.7 128.4
130.6 126.5 124.2 123 121.6 120.2 119.2 119.2 120 120.6 119.2 117.6 115.6 113.2 110.8 108.5 106 103.2 100.2 95.9 94.5 96.2 99.9 102.4 102.7 102.9 104.5 106.2 108.2 109.4 111.6 111 110.3 109.5 108.7 110.1 110.7 109.9 108.4 107.2 104.6 106.8 108.9 111.8 114.5 117.5 120.2 122.7 125.1 128 130.8 133.7 135.6 133.5 131.5 132.9 135.7 139.7 144 148.8 152.6 154.6 155.5 155.3 154.8 151.6 151.9 150.5 149.7 149.6 150 147.9 145.9 143.9 143 142.1 140.3 134.7 129.6
129.1 124.7 121.3 120.1 119.1 117.3 116.2 115.9 117.2 119.4 118.4 116.7 115.2 113.3 111.4 109.2 106.1 103.5 100.8 95.8 94.8 97.2 100.6 103.1 105 105 105.5 105.6 107 109.5 112.1 112.2 111.5 110.7 109.8 110.4 111.3 111.8 111.6 109.5 107.7 105.2 107.9 109.6 112 115.1 118 120.5 123 125.8 128.5 131.2 131.2 128.3 128.5 129.7 131.4 135.4 139.6 142.6 145.6 149.2 151.3 153.1 154.7 154.4 156 157.4 157 156.1 155 153 151 149.1 148 146.7 143.3 135.9 134.5
127.6 123.5 119.9 116.7 115 113.9 112.9 112.6 113.1 114.4 114 112.7 111.2 109.9 108.8 106.9 104.5 102.7 99 95.8 94.8 97.3 100.6 103.8 106.4 107.1 108.3 108 107.4 108.9 112.6 113 112.8 112.1 111.3 110.8 111.3 113.2 114 112.2 109.9 108.4 108.6 109.4 110.6 113.5 115.8 118.4 120.8 122.8 125.4 126.6 125.5 124.2 128 130.1 130.3 132.3 135.4 138.2 141.3 144.5 148 152.6 155.8 156.1 157.1 160 161.5 161.1 159.7 158 156 154.3 152.3 150.1 144.9 137.7 140
123.8 120.7 117.6 115.1 114.4 113.3 111.2 110 109.3 108.6 107.4 106.6 104.4 103.2 102.7 101.3 100.2 98.3 97.2 95.2 97.4 100.1 102.3 105.7 107.7 109.8 111 110.8 109.5 109.4 112.8 113.6 113.9 113.7 112.8 111.7 112 114.3 116 115.1 112.8 110.4 110.5 110.8 110.6 111.6 113 115.7 118.4 119.9 122.4 122.1 121.6 127.4 131.3 133.3 132.6 133.6 136.4 140.6 145.6 147.3 147.9 151.9 156.2 158.3 158.8 160.2 163.6 165.3 164.3 162.6 160.3 158.5 156 151.6 143.6 142.3 145
120.5 119.1 117.6 118.7 119.2 116.2 114.5 112.9 111.3 109.1 108.5 107.9 106.7 104.6 103 102 101.3 99.7 97.9 96.6 98.7 103 105.8 107.9 109.8 111.9 113.8 113.8 111.6 110.2 112.8 114.7 115.1 115.1 114.4 113.5 113 114.9 117.7 117.8 115.2 114.1 113.1 113 111.8 111.4 111.5 112.7 114.7 116.9 121 120.7 125.7 130.3 134.4 137 136.3 136.4 140.3 146.4 151.3 152.5 153 153.3 156.8 160.3 161.4 161.1 162.8 165.7 166.4 166.7 164.2 161.7 156.4 150.7 147.3 148.3 152.6
123.5 122.2 120.2 122.3 122 118.9 118.9 117.7 115 113.5 112.9 112.4 110.1 108.1 107 105.6 103.8 101.4 98 96.8 100.9 105.5 107.9 109.9 111.9 113.9 116 116.5 114.5 113 115 116.1 116.6 116.9 116.2 115.3 115 116.4 118.5 119.9 117.6 114.3 116.3 116.7 114.5 112.9 112.2 112.4 114.2 117.1 119.7 122.3 127 130.8 134.1 137.3 138.7 140 145.5 150.8 153.3 154.3 156.3 156.8 157.8 161 163.3 165.3 166.3 168.1 169.2 169.3 166.7 164 160.6 156.6 153.9 154.8 155.9
129.4 125.4 122.9 125.2 124.6 122.2 122.6 123.6 120.8 119 117.7 115.5 113.5 111.4 109.4 107 104.5 100.7 97.5 95.9 102.7 106.9 109.3 111.5 114 116 118.1 118.6 117.3 116.6 118.2 118.5 118.7 118.8 117.9 117.1 117 118.3 120.2 121.7 119.1 115.7 118.7 120.8 118.8 116.5 114 113 114.1 116.4 119.5 122.5 125.7 129.1 132.7 136.3 140.2 143.7 148.9 152.7 153.8 155.3 157.5 158.6 159 161.9 165.7 168.8 170.8 171.2 172.1 172.3 170.3 167.4 165 162.6 161.2 159.3 159.4
132.7 127.6 125.5 128.7 128.8 127 125.3 126.1 124.8 122.9 120.6 118.2 115.8 113.3 110.3 107.4 104.1 100.4 97.6 99.1 103.8 107.7 111 112.5 114.8 116.8 119.4 119.7 118.5 120 120.9 121 121.7 122.1 120.1 118.9 119.5 120.5 122 123.5 121 119 121.8 124.3 123.3 120.5 117.7 115.1 113.8 115.1 118 121 124 127.3 130.7 134.5 138.5 143 146.9 150.1 152 155 157.8 158.3 159.5 162.6 165.9 170 174 175.8 177 177.2 174.6 172.4 170.4 169.3 167.2 164.9 161.9
134.2 127.9 128.9 131.8 132.6 130.8 129.2 128.1 126.3 123.9 121.5 119.2 115.8 112.9 109.8 106.5 102.7 98.4 97.6 99.4 103.5 107.1 108.7 109.8 112.8 114.5 115.8 115.3 116.3 120.1 123.5 124.6 125.4 125.2 123.3 121.3 122.1 123.3 124.6 125.1 122.1 119.9 123.8 127.4 126.5 124 120.8 118 115.4 113.7 116.2 119.1 121.5 125 128.9 132.8 136.4 139.9 143.6 145.8 149.9 155.4 157.4 154.1 156.3 160.1 164.5 169.5 175.1 180.9 186.7 187 184.1 181.3 179.5 176.8 174.3 170.9 165.2
135.5 130 131.7 134.9 135.5 133.4 131.6 129.4 127.2 124.8 121.9 118.4 114.9 111.2 108.3 104.5 100.5 99.8 98.3 99.3 101.5 104 106 108 110.3 112.9 114.6 114.9 117.6 121.2 124.6 127.8 128.9 128 125.4 123.7 125.1 126.4 127.7 127.5 123.9 121.8 124.6 129 129.2 127.2 124.1 121 117.5 115.2 114.4 115.6 119 122.5 126.7 130.1 133.5 136.5 138.7 141.6 145.8 149.5 151.1 150 150.8 156.4 162 168.6 177.5 190 199.6 198.8 194.8 191.4 186.9 182.3 178 174.9 168
136.2 133.7 135.3 137.3 137.1 134.8 132.6 130.3 128 125.3 122.2 118 114.1 109.3 106.1 102.9 99.2 101 100.3 99.2 100.5 103.3 107.1 109.5 111.3 113.2 115.2 117.9 121.1 124.7 128.1 130.3 131.1 130 127.6 126.7 128.1 129.6 131 130.1 126.6 125 125.7 130.2 131.6 129.9 127 123.8 120.2 117.6 116.3 114.1 117.4 120 123.8 127.1 130.6 132.9 135.8 140.6 145.7 151.1 155 155.4 155.6 159.8 164 170.4 181.5 191.6 198.5 200.3 196.8 193.1 188.5 183.9 179.6 174.4 166.2
139.1 138 140 139.2 138.3 135.9 133.3 130.7 128.2 125.5 122.2 118.2 113.7 108.8 103.7 101.4 103.2 103.6 102 100.1 100.7 104.6 109.2 111.8 113.7 115.6 117.8 120.3 123.7 127.5 130.8 132.5 133.2 131.9 130.3 129.7 131.2 132.6 134 134 130.8 128.9 129 132 133.8 132.8 130.1 126.9 123.4 120 118.4 118.3 117.4 117.6 121 124.2 126.9 132.1 137.1 142.3 146.8 151.5 156.2 159.1 159.9 163.7 164 169.4 176.1 185.4 193 198.3 197.6 193.6 189.3 183.2 175.4 168.3 161.9
142.1 142.3 142.6 141.1 139 136.5 133.9 131.3 128.5 125.3 122 117.9 113.5 108.6 103.6 103.2 106 105.9 104.4 101.7 98.7 104.4 109.1 113 115.7 117.8 119.8 122.5 126.1 129.7 131.7 132.2 132.3 131.2 130.3 131 133.3 135.1 136.4 137 135.5 133.2 133.5 136.2 137.2 135.7 133.4 130.1 126.6 122.3 120.9 121.1 120.5 118.9 117.4 121.2 125.2 130.7 135.8 140.1 144.4 148.7 152.2 155.1 155.5 157.7 161.5 166 171.6 179 188.7 195.9 197.5 194.1 189.8 183.4 173 163.6 157.3
144.1 143.4 142.8 141.5 139.4 137 134.5 131.5 128.4 125.1 121.8 117.7 113 108.3 103.5 104.5 108.2 108.7 106.6 102.7 100.6 104.6 109.3 113.6 116.3 118.7 120.6 123.1 126 127.7 127.4 127.2 126.8 127.1 127.4 128 131.3 134.4 136.1 137.4 139.5 140.8 142 142 140.9 139.3 137.1 133.2 128.7 124.3 123.3 123.6 123.6 121.4 120.3 119.5 121.9 127.1 131.1 136.2 139.9 143.8 147.1 148.7 149.2 151.1 155.7 161.3 168.1 174.8 185.2 193.7 196.7 194.2 190 182.5 170.9 162.2 156.2
145.9 144.7 143 141.7 139.5 137.1 133.9 131.4 128.2 124.9 121.5 117.7 112.9 108.1 103.1 105.9 110 108.1 107.2 104 101.5 103.4 108.3 112.6 115.9 117.9 119.9 121.8 122.7 123.1 121.9 121.8 122.8 123.4 125.6 127.9 130.4 132.4 134.4 136.9 141.1 147 148.7 147.6 146.2 143.4 140.1 135.4 130.4 127.1 126.3 126.5 125.8 124.6 124 122 118.5 123.8 126.6 129.1 132.5 136.9 140.2 141.5 142.6 149.3 155.7 161.9 166.6 172.3 181.8 191.5 195.4 194.1 186.7 178.9 169.8 163.1 156.8
148 145.6 144.1 141.7 139.4 136.5 133.1 129.8 126 123.1 120.7 117.6 113.5 107.8 104.1 109.1 111.3 110.8 108.1 105.8 103.5 103.7 106.5 111 115 117.1 118.2 118.1 117.3 117.2 116.4 118.6 122.1 124.4 127.5 130.6 134.3 136.5 138.6 141.7 144.6 151.1 153.8 153.2 151.1 146.9 142.4 136.9 132.3 130.3 129.5 129.5 128.4 128 127.7 124.9 122.6 122.6 124.8 127.2 130.2 133.9 135.4 136.8 144 150.2 155.6 160.7 165.5 170.4 177.1 187 195.4 195.1 183 177.5 170.7 164.2 158.5
149.2 146.5 144.5 141.9 139.6 136 131.8 127.7 122.3 118.8 117.7 115.4 112.3 107.4 108.5 112 113.3 112.3 110 107.7 105.2 103 104.5 108.4 112.8 115.3 115.4 113.4 112.1 113.8 116.1 119.4 122.8 124.9 128.1 132.4 137.5 141.5 144.2 147.3 150.5 155.6 158.9 158.3 155.3 150.4 144.3 138.7 135.3 134.3 133 132.3 131.4 131.4 131.1 128.9 126.2 124.7 125.1 127.8 133.4 137.8 138.1 137 141.6 148 153.1 157.4 162.2 167.6 173.5 183 194 197.1 182.5 177.8 172.4 167.3 162.4
150.2 147.6 144.8 142.1 139.4 136.1 132.2 127.5 123.9 120.5 117.3 114 110.1 106.3 111.2 114.9 115.2 113.7 112 109.7 107.7 105.8 104.8 104.4 109.5 111.1 110.1 111.3 114.3 116.7 118.1 118.6 120.8 123.1 126.3 132.3 138.8 142.5 145.2 149.2 153.7 159.7 163.7 162.6 158.4 152.7 146.5 141.5 140 138.7 137.5 136 135.3 134.9 135 132.6 129.9 126.3 123.3 127.8 133.8 139.7 140 139.3 140.6 146 150.1 153.9 159.8 166.4 172.7 181.4 194 198.2 188.6 179.1 173.9 169 164.1
151.2 148 145.1 142.4 139.4 136.3 132.8 128.7 124.6 121 117.6 114.2 108.8 109.6 113.8 117.1 117 116.3 114.3 112.1 110.1 108.3 107 106.5 104.8 107 110.7 113.8 117.1 119.4 120.4 120.1 121.2 125.5 129.1 134.6 139 141.8 143.7 146.7 151.7 158.7 164.8 163.5 158.4 153.8 148.6 146.2 145.8 144.2 142.2 140.1 139.4 139 138.6 137.1 134.5 130.1 126.1 126.9 131.4 137.2 140.7 140.9 142.3 144.7 146 151.3 158.2 164.8 171.6 180 191.8 198.7 194.7 179.8 175.5 170.2 165.7
150.8 148 144.9 142.6 139.8 136.5 133.3 129.1 124.9 121.1 117.9 114.3 109.2 109.9 114.4 117.8 119.3 118.8 117.1 114.5 112.5 110.8 109.1 108 106.1 108.1 111.2 115.6 119.6 121.6 122.6 122.7 122.3 126.2 130.6 135.1 138.6 139.5 140.7 143.5 147.6 153.5 158 157.8 156.1 154.7 152 151.5 151.4 149.9 146.7 144.2 144 143.6 143.1 141.6 139 134.1 129.6 126.4 129.4 133.7 138.1 141.1 142 142.9 143.3 148.2 156.5 163.7 170.9 178 185.8 195.5 199 185.7 177.8 172.8 168.5
150 146 143.3 141.1 138.8 135.6 132.2 128.6 125.2 121.3 118.1 113.8 109.5 111.1 114.6 118.2 120.5 121 119.2 116.9 115 113.3 111.6 109.8 108.1 107.6 110.6 116 120.1 123.4 123.9 124.6 124.1 126.5 129.9 133.5 135.7 137 138.2 140.7 143.5 147.1 150.6 152.6 155.1 156.6 155.5 156.5 156.6 153.9 150.6 148.8 149.3 148.6 147.4 145.5 142.4 136.9 131.5 127.6 128.1 129.5 134.4 137.1 138.8 140 143.3 149.1 157.2 164.1 170.7 175.9 180.6 188.6 199.6 193.4 181.3 176 170.8
147.5 142.7 139.1 136.2 134.4 131.8 129 126.5 123.5 120.8 117.3 113.1 110.8 115.1 119.4 120.7 121.9 123.1 121.5 119.8 117.8 116 114.3 112.3 110.4 108.8 110.4 114.3 119.4 123 124.9 126 126.7 127.2 128.8 131.1 133.3 135.7 139.1 142.5 144.7 146.2 149.7 153.6 157.6 157.8 157.2 157.1 157.7 155.7 153.5 153 153.6 152.8 151.2 148.5 144.1 138.9 133.2 130.1 129.6 128.9 130.3 132.1 136.7 141.7 146.5 151.9 157.9 163.4 168.4 172.1 177.8 183.9 190.7 193.8 188.5 180 174
144.2 140.1 136.8 134 131.3 128.2 125.6 122.6 119.9 118.1 115 111.9 115.1 119.3 123.9 124.9 125 125.7 124.5 122.7 120.7 118.7 117 114.5 112.2 110.5 107.2 111.7 117.4 121.4 124.8 126.8 128.1 129.1 130.2 131.3 133.6 136.2 139.2 141 143.6 146.1 149.8 152.2 155.2 155.8 155.9 156.1 157.2 156.2 155.1 155.7 156.4 156.6 154.6 151.6 146.8 141.7 133.4 134.1 133.3 130.6 130.2 131.8 138.2 144.6 148.6 152.5 156.2 159.2 164.1 169.4 175.1 180.6 184.9 187.5 189.3 188.1 178.6
144.8 141.4 139.4 137.1 134.3 131 127.8 124.8 121.9 118.2 113.6 114 117.2 122 126.1 127.7 128.3 128.1 127.2 125.6 123.7 121.4 119.5 116.7 114 112.6 111.2 110.7 114.7 118.8 122.5 126.1 129 130.7 133.2 134.3 135.8 137.9 138.8 138.4 141 144.2 146.9 148.8 150.3 151.7 153.3 155.6 156.8 157.3 157.3 158.5 159.6 159.8 157.4 154.5 148.4 138.2 136.2 138.4 138.9 135.3 131.6 130.1 135.5 141.8 148.4 152.4 154.3 157.2 161.9 166.7 170.7 175.5 178.9 183.1 187.3 190.8 184.4
146.4 144.2 142.6 139.6 136.5 133 129.6 126.4 122.6 117.3 113 115.8 118.9 122.8 126.5 129 130.4 130.6 129.7 128.5 126.6 124.1 121.7 118.6 115.8 114.4 113.2 110 112.1 116.1 120.5 125.1 129.5 133.2 136.6 138.3 139.7 139.7 138.6 137.6 138.2 139.5 141.2 143.4 145.8 147 149.4 152.5 155.7 158.5 158.9 159.6 160.4 161 159.2 153.4 143.5 138.9 140.4 142.8 142.5 139.5 135.4 131.3 132.1 137.7 145.6 151.1 153.1 158.1 160.8 162.1 165.4 170.2 174.3 179.9 186 193.2 189.9
146.5 145.5 143.6 139.8 136.6 133 129.4 125.2 121.7 116.6 116.9 118.4 119.7 122.1 125.3 128.1 130.9 133.3 133.8 131.7 129.2 126.1 122.7 119.5 117.7 116.5 115.4 113.9 109.6 115.6 120.4 124.8 129.1 133.5 137 139 138.9 138.6 136.6 134.9 132.5 136.5 138 139.6 142.8 142.5 147.7 153.1 156.2 158.3 159.3 160 159.5 159.2 156.9 147.4 141 142.3 145.4 146.2 145 142.1 138.3 134.3 132.4 133.9 140 144.9 150.2 158.7 156.5 160.1 168.1 174.6 179.3 182.7 189.4 198.6 205.7
142.7 142.5 140.7 136.3 133.1 130.5 125.5 118.2 117.4 117.7 119.3 123.8 122.1 124 127.6 130.3 132.6 134.4 134.4 134.8 131.8 126.7 123.4 121.2 120.5 119.3 118.1 116.2 113.9 113.5 119.1 123.4 127.8 131.2 134.2 135.5 135.5 135.5 133.4 131.4 131.5 134.6 136.8 136.6 137.4 141.4 149.5 155.3 157.8 158.8 158.9 158.4 157.5 155.4 149.4 143.1 143.2 148.7 150.7 149.8 147.1 144.4 141.4 137.6 134.6 133.3 136.6 140.3 141.8 148.3 159.7 163.2 171.1 178.5 185.2 187.5 193.7 204.2 210.2
140.4 137.4 135.1 132.1 128.5 127.3 124.3 122 119.5 116.6 122.3 127.6 124.9 125.8 129.5 133.5 136.1 137.2 134.3 131.8 133 129.6 126.2 124.1 123.5 122.7 121 118.2 115.9 113.4 118 121.8 125.3 128.3 130.4 131.9 132.8 132 127.6 127.9 129.6 129.1 132.1 131.9 134.3 140.5 146.8 153.3 157.4 158.7 158.8 158.2 154.2 149.9 145.6 144.5 150.1 154.7 154.5 152 149.5 147 144.7 141.2 136.7 134.8 136.4 139.1 143.1 153.3 164.2 167.1 171.4 179.8 186.9 193 198.5 208.2 212.7
143 140.4 137.9 135.3 133.2 129.9 126.9 123.8 120.1 118.5 127.1 131 127.9 126.5 130.4 135 138.6 139.4 138.2 136.1 133.3 131 128.3 127.8 127.5 126.4 123.9 121 118 115.5 116.1 120.1 122.1 124.7 125.1 127.1 128.7 126.6 128 132.3 135.1 135.8 132.5 134 136.9 138.9 143.3 149.7 154.3 157.6 159.7 159.2 153.9 150.2 148.8 150.7 153.1 157.7 156.5 154.2 151.8 149.5 147.2 143.6 138.2 134.2 137.7 140.4 143.8 152.2 162.7 169.7 174.8 180.3 187.1 192.8 197.8 205.3 212.1
146.4 143.8 140.5 137.7 134.5 130.9 127.6 124.2 120.4 122.4 130.9 134.1 131 130 130.2 133.4 137 139.2 138.8 136.4 133.4 131.6 131.1 130.6 130.1 129 127 123.2 119.7 117.3 115.7 118.5 117.6 119.1 119.2 121.6 122.3 127 131.2 135.2 137.9 140.2 139.9 134.5 139.9 141.5 143.3 146 148.8 152.7 159.3 160.3 155.7 153.2 154.4 158 157.7 159.5 159.2 157.4 154.9 152.7 150.3 145.7 139.8 136.1 138.8 142 145.3 149.2 157.8 168 171.7 174.8 182.9 189.6 195 200.7 210
149.6 145.4 141.4 138.2 133.9 130.2 126.7 122.3 118.8 126.5 135.3 137.4 134.8 134.2 134 133.9 136.2 138.8 139.4 137 134.2 132.9 133.3 133 132.2 129.8 127 123.9 121.6 119.2 116.6 118.9 122.4 124.1 126.3 128.4 130.4 132.3 133.7 136.5 139.2 141.7 142.1 135.6 141.1 144.1 146.4 149.7 153.2 155.6 159.7 161.9 158.6 155.8 158.3 162 164.1 164.2 163.5 161.7 158.9 156.2 152.8 147.6 140.6 137.2 140.8 144.7 148.4 150.7 154.8 159.8 167.2 174.5 180.7 187.4 193.2 199.2 206
150.3 145.8 141.3 137.7 133.6 126.7 127.8 122.9 122.8 130.7 138.4 141 140 139.3 138.9 139.3 140.6 141 140.4 138.9 136.5 136.6 136.1 135.1 132.7 130.2 127.4 124.6 123.2 120.8 118 120 125.8 130.5 133 134.6 135.8 136.3 136.5 138 140.1 142 141.5 139.4 140.2 144.4 147.9 151.1 154 156.2 160.1 163.1 162.5 160.8 162.4 166.1 169 169 167 164.8 161.5 158.8 154.4 146.2 141.4 138.8 140 145.9 151.1 154.4 157.6 163.6 172.8 180 181.7 186.3 191.8 197.3 200.7
148.9 144.3 139.8 136.2 133.9 130.8 128 123.2 124.2 132.8 140.4 144.4 145.1 144.6 144 144.5 145 144 142.5 140.6 140.7 140.8 139.6 136.9 134.2 131.1 128.4 127.1 124.7 122.4 119.4 119.8 127.9 134.9 137.9 138.8 139.3 139.4 139.1 139 140.1 140.5 140.2 141.8 141.5 142.8 146.2 149.5 152.2 154.8 158.3 162.8 164.8 165.3 167 169.2 172.4 173.1 171.4 168.2 163.6 156.3 150.6 147.6 144.5 141.2 139.2 144.5 149.3 153.8 157.7 163.5 171.3 179.6 183.9 186.4 191.4 195.2 197.3
