public/OST50/ST40.asc
ncols 200
nrows 200
xllcorner 340000
yllcorner 100000
cellsize 50
[rows 140 to 174 of 200, columns 79 to 157 of 200]
192.8 189.3 187.4 186.7 185 181.1 177 171.6 164.7 158.4 156.3 156 151.5 148.2 144.2 139.6 135.5 132.2 130.2 129.4 130 130.8 132.1 133.8 137 140 143.7 148.3 149.9 154 158.6 157.1 152.2 153.7 157.3 156.1 155.9 157.9 162.7 167.4 171.5 174.4 177.6 186.1 196.8 203.2 210.9 216.7 214.4 209.8 201.1 187.6 173.7 163.8 157.2 149.6 146.6 150 151.8 157.1 157.5 160.6 162.4 167.4 174.9 179.5 187.8 191.7 176.1 161.7 154.4 148.8 141.9 135.7 135 138.7 141.9 142.4 141.9
190.5 186 182.4 184.2 182.6 178.8 174.5 167.6 161 154.5 147.7 149.8 150.6 146.8 142.9 138.9 134.9 132.3 130.9 131.1 131.7 133 133.8 135.2 136.1 139 143.5 149.7 154 154.6 157.3 156.8 155.4 158.1 161.6 159.2 160 161.5 166.1 171.1 176 179.2 182.2 188.4 200.4 210.5 213.7 211 204.3 199.2 195 185 171.1 159 151.5 141.9 136.8 138.9 145.4 147.1 149.5 153 156.5 161.2 165.4 170.4 181 191.9 177.9 160.2 147.9 141.5 135.7 130 129.8 135.3 137.6 136.3 133.9
188.6 183.5 179.7 179.5 178.3 175.1 169.9 163.2 157.2 152.4 147.5 146.1 144.6 142.9 138.9 136.2 134.5 133.2 132.9 132.6 133.9 135 135.6 136.9 138 139.6 143.3 150.2 156.5 157.9 154.2 150.5 150.3 150.7 148.9 147.6 146.9 150.1 155.4 161.9 167.8 179.8 188.3 193.8 203.8 210 207.9 199.6 191.5 185 180.4 174.3 165.7 155.2 145.8 139.6 134.8 128.9 135.6 139.5 142.9 143.2 149.2 154.4 158.2 163.6 172.3 181.5 170.5 155.6 143.4 136.7 130.8 125.7 119.9 126.2 127.6 126.7 122.6
187.9 183.8 179.9 176.7 173.5 169.6 165.5 162 159.6 156.9 153.1 148.3 144.5 141.2 137.5 134.8 135.2 133.5 134.5 134.5 136.3 137 137.7 138.6 140.7 142.5 144.5 150 153.7 157.2 153 146.6 144.5 143.5 140.9 141 140.7 140.8 145.1 153.2 159.2 166 172.9 177.9 199 204.8 196.8 187 178.6 172.1 167.5 162.4 156.1 152 145.1 138.6 133.6 125.4 129.9 133.1 135.4 138.7 145 147 151.2 156.5 161 161.6 156.3 147.4 138.3 130.3 124.7 121.3 117.7 116.3 116.7 115.6 114.6
186.8 184.6 181.7 178.7 175 172.1 169.6 167.9 165.8 162.1 157 152.2 148 144 138.8 135.2 134.8 135.9 135.8 137.2 139.2 139.7 140.4 141.2 143.2 145.6 149 150.7 154.6 157 152.8 146 141 137.3 135.9 135.6 134.5 134.4 139.6 145.6 151.3 156.7 162.1 168.3 175.6 185.7 186 176.2 167.9 163.2 159.1 155.5 149.3 143.9 141.6 136.7 130.2 122 125.1 127.7 129.3 131.5 135.7 139.6 145.2 148.5 150.2 148.6 145.5 140.7 132.2 122.8 116.9 116.1 114 112.2 110.9 109.8 110.9
188 186.9 184.9 183 180 177.4 174.9 172.9 169.1 164.4 158.6 153.7 148.4 143.7 138.3 136.1 137.6 138.7 139.5 140.8 142.7 144.3 144.4 144.7 145.8 146.9 146.5 148 150.5 154.2 151.2 147 142.9 138.7 134.4 130.8 129.9 131.2 134.7 138.6 143 148.4 153.5 159.3 164.6 169.1 174 167.8 158.5 154.6 150.9 148.3 143.4 137 133.5 131.7 126.3 117.6 119.3 122.6 124.1 126.4 129.7 132.1 137.4 139.3 138.4 136.1 133.5 131.3 125.9 117.7 111.9 111 109.6 107.8 106.6 106.2 106.8
183.5 185.4 186 185.4 184 180.8 178.7 175.6 171.2 165.9 160.3 153.5 147.2 142 136.4 138 142.3 143.3 144.2 147.3 148.9 150.4 150 148.2 145.8 144.1 140.2 141.5 144.6 148.7 150.3 147.1 143.9 139.4 134.8 128.1 125.7 128.2 130 132.1 136.2 143.1 147.3 151.4 157.1 160.1 164.4 166.8 155.8 144.6 139 138.3 137.6 132.4 127.4 126.9 122.7 117.5 112.6 117 118.9 121.8 124.7 126.6 128.5 129.8 127 123.9 122.9 123 120.7 114.4 108.7 106.1 105 104.3 103.1 101.3 102.7
175 177.3 179.1 182.1 183.7 183.7 181 177.2 172.6 167.7 160.5 152.9 146 140.7 137.5 141.8 146.4 147.8 149 152.9 154.9 156.4 155.2 147.6 140.3 138 135.9 136.6 139.1 143.8 146 142.7 138.6 136.8 133.3 127.7 117.3 121.8 124.7 127.9 133 139.7 146.3 148.9 151.3 154.1 158.1 163.9 156.5 147.3 139.5 133.2 131.5 126.7 122.3 122.4 118.9 113.6 107.3 112.1 115 117.3 119.5 121.5 122.8 123.5 121.1 117 113.8 116.1 115.3 111.2 106.3 102.3 100.6 100.8 100.3 97 98.7
169.4 169 169.5 172.1 175.4 178.3 179.1 176.9 173.4 168.1 160.4 152.9 146.1 140.8 139.1 144 149.5 152.2 153.6 157.5 160.7 160.6 156.6 148.8 139.9 133.5 131.5 130.9 132.9 139.2 141 134.6 132.8 131.8 130.7 124.4 117.4 117.8 122 126.5 128.6 133.9 138.8 142.4 143.6 145.1 149.8 158.1 158.2 151.3 141.4 133.8 126.7 121.4 118.3 118 114.3 110 105.8 107.9 110.9 112.7 114.3 116 117.1 117.4 118.2 115.9 110.9 110.2 110.7 107.5 103.9 99.9 97.6 98.2 98.4 96.2 95.7
167.7 165.5 163.6 163.4 164.7 167.4 169.6 171.6 170.6 167 161.1 153.7 146.9 141.2 139.9 145.9 152.6 156.1 158.7 161.8 165.3 162.2 153.8 146.7 139.8 133.7 128.9 127.4 130.3 135.6 135.7 129 126.9 127.3 125.8 121.8 118.8 113.3 118.9 123.7 125.2 126.5 130.2 135 140 141.2 144.3 151.9 152.9 148.5 140.4 133.4 127.3 120 114.3 113 109.6 106.3 101.5 105 107.3 108.9 110.4 110.9 111.8 114 114.8 111.8 108.5 105.6 105.9 104.1 100.9 97.8 95.3 95.7 96.1 94.8 93.4
168.4 166.1 163.5 160.8 159.1 158.4 159.5 162.2 164.3 163.6 161.5 156.8 150.4 142.3 139.6 147.5 155.5 160.7 163.9 166 164 159.8 152.8 145.6 139.2 133.6 129.1 125.5 127 130.5 132.2 128.3 123.9 123.7 123.4 123.2 122.8 119.4 113.4 119.2 121.4 122.3 124.2 129.2 132.8 134.8 140.4 147.8 150.2 143.7 138.6 132.6 126.6 120.6 113.9 108.4 105.3 102 101.2 101.9 103.6 105 106 107 110.4 112.6 112.8 109.1 105.3 102.3 101.2 99.9 97.8 95.2 92.8 93.3 94 93.9 91.9
169.6 167.8 165.3 162.6 160.3 158.1 155.9 154.7 156.4 158.2 158.8 156.9 151.6 139.7 143.1 150.3 158 164.9 168.9 169 162.9 156.4 151 145.5 138.8 134.7 130.8 126.7 123.3 124.5 124.7 124.3 121.7 121.6 121.4 123.2 128.3 128.8 118.1 114 117.5 119 120.4 123.8 127.8 128.3 133 138.4 143.6 140.7 136.6 131.1 125.3 120.5 114.3 108.2 103.4 100 98.2 98.9 99.9 101.2 102.5 105.7 108.6 109.6 109.3 106.3 101.7 99 97.4 96.7 94.8 92.7 90.8 91.6 92.7 93.3 92.3
170.7 169.3 166.9 164.4 161.9 159.3 156.2 153.4 151.2 151.4 152.1 149.7 144.4 142.2 144.8 154 161.8 167.7 171.8 173.3 166.1 157.6 150 144.1 139.8 135.4 132.2 128.1 124.3 120.7 119 119.9 119 118.9 118.8 122.4 129.2 134.4 120.4 113.1 113.7 114.3 114.7 119.5 122.7 121.9 126.5 131.2 136.2 134.7 132.4 127.7 122.1 117.1 111.8 107 102.7 98.7 95.2 96.5 96.9 98.1 100.3 102.9 104.9 105.4 105.1 103 98.7 95.7 93.8 93.6 92.5 90.6 88.8 89.5 90.8 92 91.8
171.9 170.5 168.4 165.7 162.4 159.2 156.3 153.9 151.8 149.4 147.5 145.6 144 143.7 147.7 155.7 164.2 169.7 173.4 170.3 162.5 156.5 149 142.9 138 134.5 132.4 130.4 127.1 123.9 119.2 114.5 115.4 114.8 117.8 122.2 126.3 129.1 120.7 114.7 105.4 107.9 109.4 115 117.6 117.1 121.5 126 130.8 129.7 126.6 122.5 118.6 114.1 109 104.5 100.5 97 93.9 93.6 94.6 96 97.6 99.4 101.1 100.8 100.6 100.1 96.4 93.4 91.3 90.3 89.6 88.7 87.2 87.4 89.2 90.4 90.8
173.6 171.9 169.7 165.6 162.5 160.6 158.8 156.7 154.6 152.3 150.4 148.6 146.6 143.8 148.9 156.8 165.2 170.5 170 164.3 158.5 152.5 147.2 142 137.6 133.8 130.4 128 126.1 123.8 123.2 120.6 110.7 116.5 120 123.6 124.6 123.3 120 113.6 105.6 101.9 103.6 106.2 110 110.8 115.8 121.7 125.6 125.3 122.6 120.5 116.5 111.4 106.2 101.4 97.5 94.6 91.4 91.3 92.5 93.8 95.1 96.3 97.3 97 96.7 96.4 95.1 92.1 89.8 87.8 87.2 86.1 85.1 85.9 87.6 88.4 88.8
174.9 172.7 170.1 167.6 166.4 164.9 163.4 161.3 159.1 156.8 154.3 151.8 148.1 145.1 150 157.9 164.9 169.6 166.2 160.1 153.5 149.3 144.2 139.6 135.7 132 127.6 126.5 124.7 123.4 120.7 117.4 109.8 116.8 119.3 121.6 120.4 117.8 116 113.2 108.1 104.9 100.9 96.4 101.8 106 111.4 116 119 118.6 118.4 117.9 113.2 107.8 103.1 98.2 93.8 91.7 89.7 90.3 90.7 91.7 92.8 93.2 93.7 93.8 93.8 93.6 92.9 91.3 89.3 86.5 84.7 83.8 82.9 84.3 85.9 86.1 86.3
177.3 175.1 172.6 171.7 170.9 169.7 168.2 166.3 164 161.4 157.8 153.6 150.1 146 149.3 157.7 164.7 169 162.5 157 148.7 142 138.4 136 132.4 128.8 125.5 122.7 123.1 123.6 121.7 119.1 116.1 105.2 115 116.4 116.9 117 112.7 115 115.7 113.8 108.6 100.7 97.7 100.5 105 107.9 109.3 109.4 111.7 114.6 110 105 100.4 95.5 92.3 89.8 88.1 88.9 89.4 89.7 90.2 90.6 91 91.2 91.9 92.4 91.4 89.7 88.1 85.7 82.9 81.7 80.9 82.4 84 84.1 84.1
181.2 178.1 176.2 176 175.7 175.5 174.3 172.5 169.4 164.8 160 155.2 151.5 146.1 150.4 157.7 165.1 169.7 163.6 156.5 148.1 140.4 133.8 128.5 126.3 126.7 124.7 120.4 117.5 119.7 119.7 118 116.4 111.3 110.8 109.4 107.8 106.8 111 114.4 117.9 119.5 114 107.2 98.9 94.8 96.5 98.1 100.2 101.7 105.9 112.3 109.5 104.7 100.2 95.9 91.3 88.4 86 86.7 87.2 87.7 88.1 88.4 87.7 88.4 90.3 90.9 90 87.7 86.6 84.9 82.2 79.8 79.6 80.7 82.1 82.4 82
185.5 183 182.5 182.7 182.1 182 180.4 176.7 170.1 163.1 158.5 154.5 150.9 149.2 154.6 161.4 167.7 171.3 167.5 162.9 158.3 147.6 138.4 131 123.2 118.4 117.2 115.9 113.9 113.4 115.2 113.6 110.9 103.9 105 111.3 107 106 108.5 110.8 112.8 117.2 117.6 112.1 108.1 100.9 91.8 87.4 91.3 99.3 106.1 109.7 107.1 103.1 99.9 95.7 90.9 87.3 85 84.6 84.9 86.1 86.9 86.5 85.6 85.8 87.5 89.5 89.2 87.3 85.7 83.4 81 78.6 78.4 79.6 80.3 80.1 79.7
190 188.5 190.1 190.5 188.5 184.7 179.6 174.3 167.1 160.2 156.6 153.7 150.6 155.1 163.5 170.3 174.7 177.1 174 168.5 164.1 159.2 150.5 136.3 125.7 125.4 122.9 117.5 112.2 106.6 107 105.8 106.1 98.5 100.7 102.5 102.2 98.8 101.7 103.8 105.8 110.5 115.4 114.5 111.1 105.8 99.7 86.8 94.2 104.3 111.6 109.3 104.6 101 97 93.6 89.3 86.3 83.8 82.9 83.2 84.9 85.6 84.6 83.8 84.7 86.2 88.6 89.8 88.2 85.5 82 80.1 77.6 77 78.3 78.2 77.9 76.9
193.2 193.9 194.7 194.3 190.6 184.4 175.9 169.9 165 160.9 158 154.6 153.4 159.9 171.6 179.8 182.9 183.5 180.4 174.6 168.3 156.5 146.6 142.5 140.4 139.2 136 130.2 121.9 114.1 106.9 101.8 102.6 94.9 97.8 95.9 96 94.6 95.2 96.3 99.5 103.6 109.2 110.8 109.4 104.5 96.9 82.7 96.4 104.1 110.2 106.9 101 96.4 93.4 90.3 87.4 84.6 82.6 81.5 81.8 83.3 83.8 82.5 82.9 84.4 86 88.4 90.4 88.3 85 81.6 78.3 75.9 75.1 77 76.9 76.4 74.6
196.7 196.8 196.9 195.9 192.8 185.7 177.7 171.1 166.1 162.8 159 155.3 158 164.2 175.9 187.6 188.6 189.4 186 179.3 167 162.1 165.9 160.6 157 154.7 149.6 134.3 117.9 115 112.1 111.6 110.7 106.5 97 91.6 92.3 93.5 90.9 91.2 94.1 98.2 103.4 105.2 103.7 99.9 92.3 80.5 92.3 98.7 102 100.7 96.4 92.3 89.3 86.8 84.6 82.8 81.9 81 80.1 80.8 81.3 81.5 82.8 84.3 85.9 88.7 89.7 87.6 84.3 81.3 78.1 74.8 72.8 75.8 76.3 74.4 72.4
200.1 195.4 197 196.4 193.7 188.4 181.4 172.1 165.6 161.6 158.5 158 163.5 171.6 180.9 190.8 191.9 193.5 189.6 180.9 175 177.1 174.6 170 166.9 163.4 154.5 130.5 127.2 128.6 125.7 124.8 121.9 116.1 109.3 100.6 93.1 86.5 87.9 87.8 89.7 94.5 100.4 102.7 99.5 95.9 89 79.1 81.3 88.6 92 93.1 92.2 88.9 85.8 84 82.2 81.3 81.7 81.2 79.9 79 81.5 82.4 83.1 84.5 86.3 89 88.9 86.5 83.2 80.1 77.5 74.2 72.8 74.7 74.8 72.8 70.8
202.2 198 194.9 194 192.2 188.4 181.6 171.4 164.3 160.8 160.5 163.1 170.8 181.7 192.4 193.8 192.4 192.6 189.1 183.4 184 185.6 182.1 177 173.1 167.8 155.8 135 142.8 146.6 143.2 143.8 138.6 127.2 117.7 108.5 101.3 94.6 88.6 82.7 86.3 92 97.5 100.9 96.4 91.3 86.9 79.9 74.6 79.9 83.7 86.3 88.8 87.2 84.4 82.6 80.8 79.8 79.8 80.5 79.4 77.7 80.2 82.6 83.4 84.2 86.5 88.1 87.2 84.2 81.3 78.8 75.6 72.7 71.2 73.5 73.5 71.3 69.7
201.5 195.7 190.5 188.9 187 183.6 177.3 168.5 163.9 162.5 162.8 166.6 175.6 187.2 194.8 194.7 193.5 191.6 188.5 186.7 190.2 191.3 186.9 181.6 175.5 169.1 159 138.8 149.5 154.6 151.7 148.1 144.6 137.8 127.4 119.2 110.8 101.7 93.6 86.2 84.6 94.4 99.6 97.2 92.7 88.2 82.9 78.6 74.1 75.7 78.1 83.3 87.1 85.5 83.1 81.2 79.5 78.7 77.9 77.6 76.8 75.5 78 79.7 80.7 81.3 82.9 84.1 83.2 81.8 79.4 77 74.6 71 69.6 72.1 72.5 70.5 69.2
198.8 193.2 187.6 181.7 179.3 175.7 170.8 167.2 166.7 165.2 165.8 169.1 176.9 187.1 193.1 194.8 194.7 192.5 189.7 188.4 190.8 192.8 186.9 180.1 173.3 168.8 164.8 146.5 150.7 155.1 152.3 149.1 146.6 142.5 138.2 129.3 118.3 107.8 96.7 86.1 82.2 99.9 105.8 103.2 97.8 92.2 86.4 80.4 74.1 73.7 77.8 82.9 85 83.7 81.7 79.9 78.2 77.6 76.7 75.9 75.3 74.7 75.6 76.1 76.9 77.3 78.6 79.4 79 78.1 77.5 75.6 72.9 69.1 68.3 71.4 71.6 70.5 68.8
196.5 189.8 184 179.7 174.9 172.4 171.5 172.4 170.1 168.3 170.1 176.7 182.1 186.4 192.5 196.7 197.1 194.4 192.2 189.2 186.9 186.4 183 177.2 172.2 168.2 164.4 156.7 152.4 155.6 152.8 150.3 148 144.4 141.4 127.9 112.2 98.4 88.4 83.7 79.2 95 104 106.2 101.9 96.7 90.2 83.3 76.2 71.9 76.4 80 81.3 81.3 80.8 79.6 76.9 76.5 75.8 75.2 74.5 73.7 74.4 73.9 74.3 74.4 75 76.2 75.4 75 75.7 73.4 70.6 66.2 67.2 70.5 71.9 71.2 71
193.9 189.3 185.7 182.5 179.7 179.7 179.6 176.8 173.6 171.8 173.3 181.3 190.6 194.9 198 201 201.9 199.4 196.8 193.7 189.9 185.7 181.8 178 174.5 169.7 165.3 160.5 156.2 156.3 152.6 149.7 147.4 144.3 128.3 112.7 96.4 92 95.6 93.8 75.6 78.9 85.5 94.5 99.6 91.3 81.9 77.2 75.9 69.7 72 75.9 78.1 81.2 82.6 81.6 79.6 76.3 75.8 74.5 73.9 73.3 73.2 72.8 72.3 72.2 72.5 72.6 71.9 72.3 73.2 72.3 69.7 66.7 65.5 68.3 70.3 70.2 70.2
200.7 196.5 192.2 189 187.2 187.5 182.8 179.6 177.4 175.7 176.7 184.3 194.7 203.6 206 206.6 207.2 205.8 203 199.3 194.5 190.5 188.1 185.1 181.5 176.3 170.5 164.3 161.5 156.9 147.3 138.7 138.7 131.3 114 98.9 101.6 109.6 113.1 108.7 94.6 79.3 73.6 77.3 79.8 77.1 73.3 71.3 69.8 69.6 69.2 72.6 77.8 85.8 86.1 84 82.3 77 77.8 75.9 74.6 72.9 71.3 71.1 70.6 70.5 70.7 70.8 70.4 70.3 71 71.4 69.6 66.9 64 65.7 68.2 68.4 67.6
211.2 205.7 199.7 195.6 194.4 193.1 188.9 184.8 181.8 179.3 178.5 184.8 193.3 206.4 207.8 208.4 207.8 208.4 211.4 210.3 208.8 206.9 203.5 201 192.8 187.4 181.7 173.5 168.6 161.6 150.6 139.1 129.3 117 102.7 111.6 121 127.5 128.1 123.1 114.3 103.3 95.3 83.5 73.4 75.3 79.7 91 90.2 86.3 69.4 65.8 76.5 86.7 87.6 85.7 83.1 77.8 80.3 77.5 75.5 73.9 71.6 69.6 69 68.7 68.7 68.7 68.8 69 69.1 70.4 69.4 68.1 62.6 62.7 65.4 66.4 66.4
223.3 215.5 208 203 202.4 199.2 194.4 190.1 185.8 182.4 181.4 177.4 185.5 193.6 207.3 207.4 206.7 205.6 203.9 207.4 209.6 207.8 197.9 193 193.7 199.9 194.8 187.6 180.6 173.3 164.4 152.7 137.7 124.4 120.6 132.2 143.2 140.9 139 135.2 128.1 115.8 102.1 92.9 82.7 88.2 101 101 98 93.8 79.8 65.8 72.6 80.6 85.1 85.7 84.3 81.1 81.5 79.6 77.1 74.9 72.4 70.4 68.9 67.1 67.6 66.6 67 66.9 67 68 69 68.2 64.8 60.7 62.3 63.6 65.1
228.8 223.2 215.8 211.6 208.8 204.7 199.3 194.7 190.1 184.6 176.4 168.2 166.9 178.7 194.5 193.9 187.5 184.4 184.2 187.7 195.8 195.3 183.3 178.2 178.2 185 196 197.5 193.4 187.5 179.8 168.8 155.5 142.2 138.7 143.6 149.9 148.5 145.1 140.5 129.9 115.9 99.5 88.6 85.6 93.2 105.3 104.4 98.8 90.5 80.4 68 66.9 73 78.8 82.7 82.7 83 81.9 80.5 79.2 77.8 76.1 72.9 71.1 68.7 67.2 66.2 64.8 64.7 65 65.4 66.4 67.4 63.7 61.7 60.6 61.2 63
232.2 227.7 220.5 216.3 212.4 207.7 203.5 199.3 192 181.2 165.2 156.4 153.4 165.4 181.4 177.4 167.1 162.6 165.3 168.9 172.4 173.8 165.6 156.7 159.4 168.2 180.5 196.3 197.1 194.1 185.6 169.7 153 138.9 136.4 139.1 145.8 152.7 151.3 145.3 134.2 123 113.4 105.9 100.3 105.4 109.7 107.2 95.2 83 75.4 69 63 66.3 71 76 81 81.9 82.9 82.1 81.9 81.3 79.8 76.4 73.3 70.8 68.7 66.7 64.7 63.8 63 62.8 63.2 63.3 62.6 62 60.1 59.7 60
232.6 227.1 220 214.5 208.4 199.4 197.3 200 189.1 172.4 157.7 148 144.9 162.8 170 165 152.4 142.8 144.7 150.9 155.4 156.2 151.8 140.4 139.9 151 166 183.3 195.8 185.5 171.7 156.2 142.6 130.3 121.3 128.9 135.4 144.2 154.1 154.7 146.9 138.3 130.4 123.9 120 120.2 119.3 113.7 102.9 92.7 83.7 73.9 63.9 61.6 66.1 70.4 73.2 81.3 83.4 84.9 85.4 85.1 83.5 80.3 77 73.9 72.1 69.6 67.9 67.2 66.4 64.6 62 60.2 60.7 60.8 59.6 57.8 57.6
229.4 219.9 207.9 203 194.9 182.4 186.2 192.8 183.6 168.1 153.1 141.7 140.8 159.9 162.6 158.2 148.5 138.4 130.5 132.9 141 142 141 133.1 125.3 137.7 153.8 169 187.6 174.1 159.4 142.8 134.6 124.3 111.2 118 122.3 132.6 144.9 158.2 161.1 153.8 145.3 139.2 135.1 134.1 133.4 127.3 117.9 107.8 98.1 81.3 66.6 60.8 62.8 65.9 69.6 75.7 83.6 86 87.8 88.6 87.2 84.8 81.2 80.5 79.6 76.1 73.2 72 70.4 68.5 65.7 62.6 58.1 58.9 58.5 57.7 58.7
