public/OST50/ST40.asc
ncols 200
nrows 200
xllcorner 340000
yllcorner 100000
cellsize 50
[rows 35 to 69 of 200, columns 79 to 157 of 200]
93.2 90.3 90.9 95.4 94.8 88.3 82.9 80.8 80.5 82.1 87.7 86.6 84.9 84.8 86.3 87.5 87.4 87.2 86.5 85.8 85 83.5 82.4 81.1 80.1 79.4 78.5 76.7 75 72.6 66.3 66.3 66.3 65.8 64.3 62.9 62.3 61.4 61.3 62.4 64.5 64.7 64.7 64.2 63.6 62.8 62.1 61.3 60.6 60 59.4 58.5 56.2 54 51.7 54.7 55.4 54.4 52.9 51.3 50.8 51.8 54.5 55 51.4 56.3 56.3 56 55.6 54.6 53 50.3 52.6 54.1 54.9 54.3 54.2 53.8 54.5
94.6 92.3 91.5 88.7 87.8 88 86.3 85.5 86.5 86.4 89.5 88.6 88.1 87.1 88.3 88.9 89 88 87.3 86.1 85.2 83.7 81.9 81 79.9 79.2 78.1 77.4 76.4 74.5 68.3 65.6 64.4 64.3 65 66 67.1 64.9 65.9 66.9 66.5 66.2 65.5 64.6 64.3 63.9 63.4 62 61 60 59 57.6 55.5 54 54.7 56.6 57.7 56.2 54.5 52.6 50.6 51.3 55.1 55.9 54.6 57.1 57.7 57.6 57.1 55.9 54.1 52.2 51.4 52.5 52.5 52.8 53.1 53.8 55.1
98.9 97.6 97.5 94.8 94.6 94.9 93.7 94.4 94.8 93.7 93 92.5 91.5 91 90.5 91 90.5 89.6 88.6 87.6 86.2 84.8 83.8 82.5 81.2 79.5 77.2 75.2 72 69.1 67.4 69.8 65.5 65.1 68.3 69.7 69.9 68.6 69.3 70 68.5 67.4 66.4 65 64.5 63.9 63.1 61.9 60.9 59.8 58.7 57 54.9 55.5 56.2 57.7 58.6 57.5 55.3 53 50.8 51.1 54.6 56.2 57.2 57.9 58.3 58.7 58.2 57.4 56 54 53.4 53.2 53.1 53.6 53.9 54.2 54.9
106.4 103.6 105.2 103.7 103.8 103.6 101.8 102.8 103.7 101.6 100.3 99.5 98.8 97 96.2 96 95.3 94.6 93.9 91.5 89.6 87.7 86 84.5 82.7 79.1 76.5 75.8 73.4 69.7 72 75.2 70.8 71.7 73.8 74 72 70.9 71.5 72.3 70.8 68.8 67.1 65.7 64.7 63.8 63 61.9 60.8 59.7 58.3 56.7 56.2 56.3 57.6 58.8 59.6 58.6 56.1 53.8 51.3 52.1 54.1 55.5 56.8 58 58.8 59.3 59.2 58.7 57.5 55.9 54.8 53.8 53.9 54.7 54.9 55.1 55.5
111 105.5 109 110.3 110.9 109.9 109.4 109.6 109.7 108.6 107.8 107 105.7 104.1 102.4 102 101.3 99.9 99.2 97.1 95 92.9 90.5 87.5 83.1 79.7 79.3 79.8 76.4 70.5 78 76.9 72.5 75.1 76.5 75.8 74.1 73.6 73.5 74.2 72.7 69.6 67.4 66.2 65.3 64.4 63.6 62.2 60.7 59.4 58.1 57 55.6 57.6 58.7 59.6 60.1 59.3 56.8 54.3 52.1 53 53.8 54.9 56.2 57.5 58.6 59.6 60.1 59.7 58.8 57.2 55.7 54.4 54.5 55.5 55.8 56 56.4
111.8 109.4 111.4 113 113.6 113.1 112.6 112.3 112.1 111.4 110.7 109.9 109.1 108.1 107.3 107 106.4 105.4 104.3 102.5 100.3 98 95.1 90.6 83.8 82 85.7 83.7 73.8 76.4 81.2 79.2 76.2 78.7 80 78.6 77.3 76.6 76 75.8 73.3 70.4 67.8 66.9 66 65 63.9 62.5 61.1 59.8 58.9 57.6 56.5 58.7 59.7 60.2 60.6 59.9 57.4 55.2 52.6 53.7 54.7 55.1 55.6 56.9 58.1 59.5 60.6 60.4 59.9 58.1 56.5 55.3 55.4 56.1 56.7 57 57.2
113.7 114 115.3 115.7 116.2 115.5 115.3 114.9 113.8 112.6 111.6 110.9 110.3 109.5 108.2 108.1 107.8 107.1 106.4 105.4 103.9 102.4 98.5 87.5 82.4 87 92.6 80.7 74.4 81.6 86.1 80.4 80.8 83.6 85.1 83.7 82.2 80.7 79.7 77.3 74 71.1 69 68.1 66.7 65.7 64.4 63 61.7 61.1 59.8 58.6 57 59.2 60.2 60.9 61.3 60.6 58.2 55.6 54.1 54.8 55.3 55.6 56 56.6 57.8 59.2 60.5 61.5 60.6 58.8 57.5 56.3 56.3 57 57.6 57.7 57.8
117.2 117 119.9 120.3 119.5 118.8 118.8 117.5 114.7 113.5 112.6 111.8 110.8 109.7 108.9 108.2 107.8 107.2 106 103.6 97.8 92.2 88 85.2 86.4 92.4 90.8 75.3 77.7 87.1 89 81.8 86.1 91.1 91.6 89.6 88.1 86.2 84 81.2 77.8 73 70.5 71 70.1 68.5 67 65 63.9 62.3 61 59.9 58.8 59.7 60.6 61.9 62.2 60.9 58.3 55.7 54.8 55.2 55.7 56.1 56.5 57.1 57.8 58.9 60.4 61.5 62 60.7 58.5 57.8 57.2 58.1 58.9 58.6 58.7
122.2 119.3 123.2 125.8 124.7 122.8 121 118.4 115.6 114.1 113.1 112.1 111 109.9 108.9 108 107.1 106.1 99.3 95.6 93.3 92.9 92.1 92.1 93.7 98 84.2 76.5 83.3 93.9 90.7 83.2 88.7 95.2 95.2 94 92.6 90.8 88.7 85.9 81.4 76.3 75.7 76.5 75.1 73.6 71.5 69.4 66.6 64.5 62.9 61.4 60.2 60.6 61.1 62.8 62.6 61.7 59.1 56.3 55.2 55.6 56.3 56.8 57.5 58.2 59 59.2 60.5 61.8 62.7 62.1 60.2 58.7 58.2 59.2 60.2 60.1 59.7
127.9 123.6 125.8 129.4 129.1 127 122.4 118.3 115.6 113.9 112.5 111.7 110.9 109.9 108 104.8 101.4 99.6 100 100.6 100.6 100.4 100.1 99.3 97.9 89.5 77.9 80.9 88.6 97.2 92 85.7 90.8 96.8 96.3 94.9 93.5 92.2 90.6 88.6 83.3 78.8 79.4 81.5 80.2 78.1 76 74.1 70.6 67.6 64.4 62.6 61.2 61.7 61.8 63.5 63.3 63 60.3 57.2 55.3 56.6 57.9 58.7 59.2 59.8 60.1 60.4 61.4 62.7 63.4 63.4 61.9 59.8 59.2 60.1 61.2 61.4 61.1
135 130.6 129.7 131.6 132.1 128.8 122.8 117.9 115.7 114 112.2 111.1 109.7 108.6 106.1 105.5 105.9 104.8 105.5 105.3 104.4 102.7 101.9 100.3 89.7 80.5 81.2 87 98.4 97.9 93 88.2 96.6 96.9 96.9 95.7 94.4 93 91.4 88.8 85.9 81.3 80 83.4 82.3 81.3 80.2 77.3 73.7 69.6 66.1 64 62.4 62.3 63.7 65 64.8 63.3 61.7 58.7 55.3 58.4 61.1 62.1 63 62.9 62.6 62.8 62.4 63.7 64.3 64.6 63.7 62.5 60.5 61.3 62.4 62.6 62.5
139 135.8 133.4 133 132.2 128.2 122.2 118 116 114.3 112.5 111.5 110.9 109.4 109 109.2 108.7 107.7 106.8 106.1 105.2 102.9 97.5 87.4 82.3 82.6 85.1 95.7 99.5 98.1 93.3 91.8 95.1 96.6 97 96.1 94.8 93.4 92.1 90 87.5 82.8 81.4 84.4 83.8 82.4 81 79.3 75.7 70.9 68.6 66.6 64.6 62.9 65.4 66.4 66.2 65.4 64.5 60.9 55.4 60.2 65.7 66.4 66.3 66 65.7 65.5 65 64.7 65.5 65.8 64.5 63.2 61.6 62.6 63.9 63.9 63.7
139.7 137.3 134.9 132.5 129.7 126 122.2 118.8 116.5 114.7 113.3 112.6 112 111.1 110.8 109.4 108.6 108.1 107.3 106.4 104.7 99.1 88.9 84.8 89.5 88.4 88.7 100.2 100.4 97.7 95.4 93.3 95.4 96.7 97.1 96.4 95.1 93.8 92.5 90.4 87.8 83.5 83.4 85.6 84.7 83.3 82 79.9 77.3 73.5 72.4 69.9 65.8 64.3 67.6 69 68.9 68 66.6 64.2 57.1 59.7 68 69.7 69.4 69.1 68.8 68.4 67.9 67.3 67.3 66.9 65.2 63.6 64.3 64.4 65.3 65.1 64.7
138.2 137.2 134.4 132.1 129.8 126.2 122.5 119.1 116.5 115.5 114 113.3 112.7 111.9 110.6 109 107.6 106.5 105.5 104.3 98.7 90.8 88.5 93.5 99 93.8 90.9 101.2 100.9 100.3 98.9 96.9 96 97.6 97.5 96.5 95.6 94.5 92.9 90.7 88 85 85.9 86.6 85.4 84.1 82.8 80.6 77.9 76.3 75.3 73 66.2 65 70.8 72.2 71.1 70.1 69.1 66.4 59.3 57.7 69.8 71.1 71.3 70.9 70.8 70.7 70 69.4 68.9 68 66.5 65.2 65.1 65.9 66.4 65.9 65.5
135.9 134.3 133 131.2 129 126.1 121.6 118.3 117.6 117 115.1 114 113 111.9 110.6 109.1 107.6 100.8 96.7 94 92.6 92.8 96.2 102.7 101.3 98.2 94.6 101.6 101.7 101.2 100.3 98.8 97.2 97.7 97.7 96.7 95.8 94.9 93 90.6 88.5 86.4 87.2 87 85.7 84.4 83.2 81.3 79.5 78.4 76.1 74.1 67.3 66.5 74.3 74 73.2 72.2 71.2 67.5 61 58 66.9 72.2 72.3 72 71.8 71.6 71.1 70.4 70 69.4 68.8 66.7 67.4 67.7 67.9 67.6 67
132.6 131 130.1 129.2 127.1 124 120.4 119.5 120.9 119.9 116.9 114.1 113 111.8 110.5 109.1 107 100.4 104.4 97 101.3 103.7 104 104.2 102.4 100.3 99.8 102.5 103.2 102.4 100.9 99.3 97.8 97.8 97.7 96.8 95.8 94.9 93.3 90.2 89.1 88 87.6 87.4 86.1 84.8 83.5 82.2 81.1 79.5 77.2 74.1 67 69.4 76.1 75.4 74.7 73.7 72.6 69.9 63.3 56.5 62.6 70.6 72.2 72.8 72.7 72.4 72.1 70 69.1 70.4 68.2 68.9 69.5 69.6 69.5 69.3 68.7
130.2 128.4 127.6 126.7 126 122.8 121.4 123.4 125.7 123.9 118.8 115.2 113 111.7 110.4 108.7 105.2 102.4 106.4 100.7 106.1 106.3 106 104.9 103.2 101.4 102.1 104.4 104.5 103 101.4 99.8 98.3 97.9 97.6 96.7 95.8 94.9 93.6 91.8 90.5 89.7 88.8 87.8 86.5 85.2 83.9 82.5 81.3 80.1 76.7 70.9 68.7 71.9 76.8 76.8 75.9 74.7 73.5 72 66.6 59.1 60.2 63.8 68 73.1 73.8 73.5 72.6 70.6 71.1 69.9 69.2 70.3 71.2 71.2 71 70.9 70.3
128.4 126.5 125.5 124.9 124.2 124.5 126.1 128 129.2 126.2 120.5 115.7 113.1 111.4 109.7 108 106.1 106.1 107.8 104.6 107.6 107.9 107.4 106.3 104.5 102.8 103.7 105.7 105.1 103.6 102 100.3 98.9 98.1 97.6 96.7 95.8 94.7 93.7 92 90.8 90.1 89.2 88.2 86.9 85.6 84.2 82.8 81.7 80.5 76.8 70.9 69.3 76 77.1 77.6 76.9 75.7 74.5 72.6 67.8 59.7 64.2 68.3 68.2 71.3 74 72.8 73.1 72.8 71.3 70.2 69.9 71.2 72.9 72.8 72.8 72.6 71.9
127.3 125.6 124 123.6 124.9 125.9 127.9 129.3 128.7 125.6 119.7 115.4 113.6 111.6 110 108.3 107.2 108.2 109 107 110 109.3 108.8 107.9 106.5 104.7 104.5 105.9 105.9 104.3 102.7 100.9 99.4 98.3 97.6 96.6 95.6 94.5 93.5 92.1 91 90.4 89.5 88.5 87.4 85.9 84.4 83.2 82 80.6 76.9 71 71.8 77 77.9 78 77.7 76.6 74.7 71.9 63.5 59.5 66.4 70.3 70.7 70.3 71.8 73.1 73.6 72.9 72 71.1 70.6 71.5 73 74.5 74.5 74.3 73.4
127.2 125.2 122.9 123.2 125.1 126.7 128.1 129.7 127.9 124.7 118.4 115.4 113.9 113.1 110.9 109.2 110.4 111.4 110.2 110.8 113.5 112.8 111.6 110.4 108.9 106.8 105.7 106.2 106.3 104.7 102.9 100.7 99.2 98.3 97.5 96.4 95.4 94.3 93.3 92.3 91.1 90.4 89.7 88.7 87.5 86.1 84.6 83.4 82.2 80 76.2 71.8 74.6 77.8 78.8 78.3 78.1 76.4 73.3 62.8 60.5 60.6 65.1 71.5 73.2 72 71.3 71.6 72.2 72.7 72.9 72.4 71.7 71.8 73.5 75.2 76.2 76 74.9
125.5 123.7 122 123 124.3 126.1 128.1 129.5 128.8 124.8 119.9 116.7 115.5 115.8 113.4 113.9 114.4 115.9 112.7 114.4 117.3 116.5 115.7 114.2 112.3 109.3 107 105.8 104.6 103 101.4 99.9 98.7 97.8 96.9 96.1 95.2 94.1 93.1 92.1 91.1 90.2 89.9 88.9 87.7 86 84.4 83.2 82 79.9 76.4 72.9 74.8 78.7 78.9 77.5 76.3 72.7 63.2 63.3 65.6 63.2 64.6 70.2 74.1 74.4 72.8 71.8 72.7 73.5 73.4 74.1 73.4 72.4 73.8 75.6 78 77.8 76.9
123.4 121.5 120.8 121.8 122.9 124.9 127.1 129 128.7 125.5 121.6 119.7 118.1 118.4 115.8 118.3 119.7 119.2 116.1 117.9 121.7 121.8 120.3 118.3 114.5 111.2 108.1 105.5 103.2 101.6 100 98.8 98.1 97.1 96.2 95.3 94.7 93.8 92.8 91.7 90.4 89.6 89.2 88.6 87.4 85.7 84.1 83 81.9 79.7 76.1 73.8 75.6 78.6 78.7 77.3 73.2 65.5 66.6 69.6 72.5 67.5 59.9 72.5 74.6 75.7 74.4 73.4 74 75.2 75.8 76.1 75.4 74.2 74.2 76.2 78.8 79.6 78.8
121.5 119.9 119.9 120.7 122 123.6 125.5 127.5 128.7 127.5 125.4 123.9 124.3 122.3 120.3 126.3 125.1 123.3 119.4 122.1 126.4 127.2 124.9 121 116.7 113.3 109.6 106.8 103.2 100.7 98.9 97.2 96.5 96.2 95.5 94.7 94 93.3 91.8 90.3 89.2 88.3 87.8 87.2 86.6 85.4 83.9 82.8 81.2 79.3 74.6 73.6 76.8 78.7 78.7 76.1 67.7 65.7 68.9 74 76.4 73.9 64.1 65.6 75.1 77 76.7 75.5 76.5 78.7 79.2 79.8 78.7 76.5 75.9 76.8 79.3 80.8 80.6
119.5 118.5 119.5 121.1 122.4 124.4 126.5 128.4 130.1 130.4 129.5 129.4 131.4 125.4 123.7 130.3 128.8 126.5 124.8 127.7 131.1 131.8 129.7 126.3 121.9 117.2 111.7 107.4 103.5 101 98.5 96.6 94.7 92.8 93.1 92.5 91.7 90.9 89.2 89.2 83 82.6 81.7 80.7 77.8 77.8 78.3 77.1 76.2 75.2 74.3 75.6 77.6 78.5 77.8 72.4 66.4 68.9 74.9 76.9 76.8 76.3 67.4 62.7 75.8 77.2 78.7 77.7 78.3 80.3 82.8 83.7 83.1 80.9 78.6 78.7 79.3 81.2 82.4
118 118.4 120 121.9 123.8 125.5 127.5 129.4 131.2 132.5 133.8 134.6 133.6 128 126.9 133.8 134.7 132.7 132.3 135.1 137.7 139.8 138.2 131.4 126.4 120.6 113.8 107.8 103.6 100.9 99 96.9 96 95.1 93.7 92.1 90.6 88.7 86.9 85.3 86.2 86.4 86.4 86.2 84.7 82.4 80.3 79.2 78.2 76.8 77.3 77.8 77.9 78 77 68.4 67.5 73.5 76.6 77.8 76.8 77.8 74.8 64.4 73.6 78.5 79.7 79.4 79.4 81.5 83.9 86.4 88 87.2 84.9 82.4 81.3 81.4 83.4
116.4 116.9 118.9 120.9 124.2 126.7 129.4 132.1 134.1 135.7 137.5 139.5 134.3 131 133.6 138.1 143.3 143.9 145 147.9 151.7 155.4 149.9 140.2 128.7 121.4 115.2 108.2 104.2 101.1 99.4 98.8 98.2 96.7 95.5 94.2 92.2 90 88.4 90.6 91.5 91.8 91.6 90.3 88.1 85.8 83.9 82.3 80.1 78.9 78.4 78.2 77.4 77 76 67.9 70.3 75.8 78 78.8 79.2 79.9 77.5 65 71.6 79 80.5 80.3 80.3 82.5 84.8 87.1 89 91 91.1 89.2 85.3 83.8 84.5
115.3 115.7 117.7 119.9 122.9 125.7 129.7 135 138.2 140.1 142 142.3 138.6 137.7 139.5 143.4 152.4 156.9 157.5 158.8 159.8 160.6 156.1 145.1 132.4 122.4 115.4 110.3 106 102.6 101.5 101.4 100.4 98.2 95.7 93.7 92.1 91.5 92.7 94.9 96.1 95.4 94.3 93.4 90.7 88.4 86.1 83.8 81.9 80.6 79.8 78 77 75.3 69 68.8 75 78.1 79.7 80.4 80.6 79 77.5 66.3 70.9 77.9 79.3 79.6 80.5 82.4 84.2 87.7 89.8 91.6 93.8 94.6 93 88.6 86.7
114.2 115.1 116.6 118.7 121.3 125.2 129.7 134.8 141.6 145.1 148.3 149.4 146.6 148.4 148.3 153 159.4 161.4 162.2 162 162 161 153.4 142.2 130.3 122.3 117 112.9 107.6 104.5 104.5 104.1 101.3 98.1 95.5 94.9 94.5 94.6 96.5 97.6 96.9 95.4 94.8 94.1 93.4 90.9 88.1 85.3 83.7 82.2 81 78.6 75.7 73.6 68.8 72.7 76.7 79.5 81.4 81.9 81.7 79.7 75.3 66.6 70.7 75.7 76.4 76.8 78.6 80.4 82.2 86.2 89.8 92.2 94.4 96.5 97.7 95.3 91
113.1 114.4 115.8 117.7 120.6 124.7 129.3 134.5 141.3 149 152.4 154.6 156 157.1 157.9 159.7 161.6 162.8 163.5 163.3 162.2 158.8 149.7 138.9 128.8 122.2 116.8 111.1 106.8 107.4 108 106.4 102.3 98.6 97.3 97.5 97.5 97.2 95.6 96.1 94.5 92.9 92.4 92.2 93.1 92.3 89.5 87.1 85.6 84 80.8 77.8 75 72.4 69.5 74.6 76.8 79.7 82.1 82.1 80.9 78 74.6 66.7 67.7 73.2 73.2 73.1 75.8 78.3 80.1 84 87.7 91.1 94.3 96.3 99.1 100.5 95.9
112.7 113.7 115.1 116.8 119.9 124.1 128.2 132.1 136.9 143.3 149.1 154 156.6 158.3 160.2 161.3 162.2 163.8 164.1 163.9 162.5 157.7 148.2 138.5 129.3 123 117.2 112.3 108.6 110.4 111.1 110 105.2 100.7 99.2 100.9 100.4 97.1 94.4 93.7 92.1 90.5 89.6 89.6 90.6 91.2 90.6 88.8 86.9 84.9 80.9 77.1 74.2 71.8 70.2 73.3 75.8 78.9 81.8 81.2 79.4 77.1 74.8 70.5 68 67.7 68.3 71.6 73.3 75.7 78.1 81.8 85.5 88.7 92.2 95.7 98.3 99.9 96.6
113.1 114.1 115.3 116.5 119.1 122.6 126.4 129.2 132.2 135.9 140.6 147.1 152 156 158.8 159.6 162.2 163.8 164.2 164 162.3 159.3 152.9 143.3 134.4 126.4 119.7 114.8 112 113.9 114.3 113.5 109 103.9 103.7 104.6 103.1 98.3 94.5 91.8 90.5 89.1 87.8 87.3 87.5 90 91 89.6 87.8 85.9 82.1 76.8 73.7 71.3 70.1 72.2 75.2 78.5 80.9 79.3 77.4 75.6 73.8 70.5 68.4 69.1 69 67.5 70.3 71.9 75.1 78.4 81.8 85.8 89.1 92 95 94.7 92.3
115.3 115.5 116 117.2 118.3 120.6 123.4 125.7 128.2 131.6 135.1 138.7 143.8 147.5 150.4 154 158.1 159.6 163 163.3 161.5 159.3 154.5 148.6 140.2 129.2 121.4 116.7 115.8 118 118.2 117.1 112.1 105.9 106.4 108.8 107.9 102.3 97.3 93 90.4 88.9 87.3 86 85.5 88.3 90.6 89.5 88.2 86.6 83.7 78.8 74 71.6 69.3 72 74.5 77.6 79.7 78 75.8 73.7 71.6 67.5 70.8 71.8 70.4 69.7 70 70 72.6 76.1 79.3 82.9 86.1 89.5 92.1 92 90.9
118.4 118.5 118.1 117.9 118.7 120.1 121.6 123.6 125.9 128.5 131.1 134.1 137.5 140.3 142.2 144.2 147 150.7 154.6 159.7 160.9 158.8 154.8 149.5 141.2 130.9 123.9 121.9 121.6 124.1 124.3 120.8 114.9 108.4 109 113.4 113.7 107.6 100.3 95 91.2 89.4 87.9 86.3 84.8 84.8 87.3 87.3 86.9 87.6 86 81.4 75.4 72 70.5 73 75.1 76.9 77.9 76.3 74.7 72.1 70.1 71.3 72.5 72.3 71.4 71.1 70.7 71.2 73.2 74.6 77.5 80.8 83.4 86.2 88.9 90.4 89.6
120.7 120.8 120.9 120.2 120.6 121 122.6 123.9 125.4 127.1 129.6 131.2 133.7 137.2 137.9 140.2 142.4 146 150.7 156.7 160.5 160 155.2 149.2 140 132.5 130.2 128.3 128.8 132.5 131.8 126.2 119.3 111.7 114.2 118.6 116.8 111 104.2 97.7 93.3 91 89.6 88.4 85.1 82.7 83.2 83.1 83.7 85.3 84.6 81 76 72.9 72 74 75.7 77 76.7 75.1 73.7 70.1 71.4 72.6 73.3 72.9 72.8 72.7 72.1 71.4 72.3 72.9 75.9 78.6 81 83.5 85.7 87.3 87.5
119.5 121.8 122.3 122.6 122.6 122.8 123.8 125.1 126.4 127.3 128.5 130.1 132.3 134.5 137.6 140.7 144.7 148.6 153.1 158.8 162.5 161.7 157 150.9 143.2 139.1 138 135.5 136.3 138.8 138.5 132.6 122.1 114.6 119.9 122.4 120.3 112.9 105 98.5 95.6 94.7 93.6 91.1 86.7 83.2 80.9 80.3 80.7 80.7 80.3 77.4 75 73.1 73.1 74.6 76.3 77.4 76.6 75.1 73.6 72.3 72.3 73.2 74.2 74.2 74.1 74.1 74.2 74.2 71.8 72.4 74.4 76.8 78.8 81 83.1 84.5 85.3
