public/OST50/ST45.asc
ncols 200
nrows 200
xllcorner 340000
yllcorner 150000
cellsize 50
[rows 111 to 147 of 200, columns 83 to 165 of 200]
19.1 19.4 20.2 21.1 22.8 23.3 24.8 26 26.6 27.1 27.7 28.1 28.7 28.9 29.2 29.8 30.2 30.8 31.8 33.2 36.4 41.7 46.9 56.7 66 69.2 68.4 64 72.8 72.1 57.8 49.9 46.6 46.8 48.5 49 49.4 50.5 53.4 57.9 67.7 80.4 83.6 115.3 145.5 161.2 167.1 168.4 169.2 170.2 171.9 173.4 178.6 179.3 179.6 186.3 192.5 186.8 176.9 156.2 137.8 136.1 137.6 117.8 120.3 154.1 176.2 190.4 203.8 209.5 213 218.2 222.8 228.7 228.2 224.9 220.6 223.8 217.6 195.9 172.4 163.7 181
18.3 18.3 19.4 20.5 21.1 22.4 23.5 24.5 25.3 25.8 26.2 26.7 27.1 27.4 27.7 27.9 28.1 28.1 28.7 29.3 30.4 33.9 38.4 43.6 50.5 54.8 55.6 56 70.5 74.9 58.4 47.6 44.9 44.3 45.1 45.5 45.7 47.2 49.8 54.6 64.8 88.4 85.2 118.9 144.6 159.3 161.8 161.1 160.8 160.8 159.8 163.3 170.3 170.8 176.5 178 163 154.5 144.5 129.4 97 102.2 111.1 110.3 170.7 196.6 219.3 233.6 238.6 235.4 234.2 232.8 232.3 235 239.6 240.9 240.5 233.2 219.5 196.3 174.7 164.7 189
17.4 18 19 19.9 20.5 21.2 22 23 24 24.5 25 25.4 25.8 26.1 26.4 26.5 26.5 26.3 25.9 25.8 27.3 29.8 32.6 35.2 37.7 41.8 45.3 50 66.9 69.7 59.7 46 42.3 41.8 42.4 43 43.5 44.5 47.4 51.9 59.4 83.2 105.5 125 141.2 155.2 154.3 150.3 149.5 148.3 146.1 151.2 159.6 170.2 168.1 134.2 126.4 111.2 104.9 104.8 80.9 87.4 89.7 149.1 216.7 238.8 248.2 252.8 251.4 246.1 246.5 239.7 238.5 240.1 245.1 245.9 240.7 227.3 211.7 191.5 174.9 167.6 196.2
18.5 18.5 18.5 19.3 19.8 20.2 20.9 21.6 22.5 23.3 23.7 24.2 24.6 25 25.1 25.2 25 24.8 24.3 23.8 25.4 26.8 28.9 31.7 33.8 35.5 37.9 49.1 57.3 59.3 56.2 45.6 40.2 40.4 41.1 40.9 41.2 41.9 44.9 49.1 55.8 74 101.8 117.3 131.1 138.4 140.8 138.2 136.9 134.1 129 143.4 157.7 167.2 114.9 83.1 76.8 77.5 68.7 73.5 108.2 176.7 163.6 223.4 234.3 242.3 247.6 251.2 253.6 251.6 253 246.5 243.2 245.4 250 246 229.9 215 195.8 174.8 164.8 182.9 209.7
18.5 18.5 18.5 18.5 18.5 19.3 19.9 20.6 21.3 22 22.5 22.9 23.3 23.7 24 23.9 23.6 23.4 23 22.8 23.7 25 26.9 28.7 30.6 32.2 32 38.4 43.9 46.8 47.6 45.3 39.2 39.3 38.4 38.5 38.7 39.6 42.2 45.9 51.5 68.7 90.6 104 114.6 122.4 124.2 124.9 122 117.2 119.9 139.9 146.1 151.7 114.2 58.6 59.9 74.4 156.5 139.5 195.3 204.6 214.7 220.7 232.5 238.5 244.2 248.9 252.9 253.7 253.8 248 245.8 248.6 252.5 241 219.8 196 169.5 175.8 187 199.6 221.1
18.5 18.5 18.5 18.5 18.5 18.5 18.9 19.5 20.2 20.8 21.2 21.6 22 22.4 22.6 22.6 22.4 22 21.7 21.8 22.5 23.8 25.2 25.9 27.9 29.4 29.2 28.3 29.1 32 35.4 36.7 36.8 36.1 36 36.2 36.3 36.8 38.9 42.2 48.1 64.2 82.4 92.7 101.9 107 109.9 110.8 106.1 100 114.8 132 138.6 108.1 74.2 63.9 139.2 168 180.7 198.5 205 213.4 218.7 224.3 229.1 235.2 240.7 246.1 250.8 252.7 252.6 250.7 247.4 249.1 249.1 238.1 213.8 181.9 175.9 190.8 203.4 220.6 233.2
18.5 18.5 18.5 18.5 18.5 18.5 18.5 18.3 18.9 19.7 20.1 20.4 20.7 21 21.2 21.5 21.6 21.5 21.5 21.5 22 23.1 24.2 25.1 25.5 26.8 26.6 26.8 27.6 29.3 30.7 32.3 33 33.5 33.7 33.8 34.2 34.6 36.2 38.7 45.2 59.9 70.2 79.3 87.4 92.1 95.3 94 88.2 86 106.8 116.5 119.4 98.9 71 75.8 138.5 170.9 192.7 199.8 204.8 209.7 214.7 220.1 225.5 231.8 237.2 242.5 248 250.5 250.7 250.8 249.7 249 246.3 238.4 209.8 176.1 184.8 202.8 218.6 234.7 243.3
18.5 18.5 18.5 18.5 18.5 18.5 18.5 18.5 17.6 18.5 18.9 19.2 19.5 20.1 20.3 20.5 20.9 21.3 21.3 21.3 21.6 22.6 23.4 24.1 24 24.2 24.5 24.9 26.3 27.8 29.3 30.5 31.4 31.5 31.5 32 32.7 33.2 33.7 35.2 41.7 45.5 53.9 61.1 70.6 75.8 78.5 75 66.8 81.2 93.8 81.4 85.3 74.3 48.1 77.1 125.9 165.2 188.8 196.2 200.9 205.8 210.8 216 222.1 227.3 233.1 238.5 244.3 248.1 249.5 250.1 250.4 249.5 246.1 235.3 210.2 176.1 186.4 204 216.7 234.3 239.6
18.5 18.5 18.5 18.5 18.5 18.5 18.5 18.5 18.5 17.5 18 18.3 18.7 19.4 19.7 20.1 20.4 20.6 20.9 21.1 21.3 22 22.6 22.7 22.8 23.5 23.8 24.5 25.3 26.1 27.9 29.1 29.9 29.9 29.8 30.1 30.7 31.2 31.7 32.2 34.5 39.4 42.8 47.2 53.5 58.1 57.6 54.3 53.5 72.9 66.4 36.6 39.4 42 75.2 109.3 139.8 172.8 185.9 192.3 196.3 201.5 206.9 212.2 217.4 223 228.9 234.9 240.9 245.6 248.2 248.9 248.8 248.1 246.4 237.7 217.5 192.5 177.9 186.2 193.9 207.8 222
18.5 18.5 18.5 18.5 18.5 18.5 18.5 18.5 18.5 18.5 17.5 17.7 18.1 19 19.5 19.8 20.1 20.4 20.6 20.6 21 21.7 22.2 22.6 22.8 22.8 23 23.7 24.5 25.2 25.9 27.4 28.5 28.3 28.1 28.2 28.7 29.2 29.7 30.3 32.2 35.4 38.3 41.5 43.5 42.7 39.4 34.4 41 47.2 41.9 48.2 71 85.3 112.7 144.7 160.9 171.6 179.1 185.5 190.7 196.1 200.6 205.6 212.6 218.8 225.4 231.7 237.5 243.2 246.5 247.5 246.8 246 245.6 245.1 226.9 213.8 201.2 194.8 189 182.9 203.3
18.5 18.5 18.5 18.5 18.5 18.5 18.5 18.5 18.5 18.5 16.9 17.1 17.7 18.6 19.2 19.5 19.8 20.1 20.2 20.4 21 21.7 22 22.5 22.7 22.7 22.6 22.8 23.6 24.2 24.7 25.4 26.2 26.5 26.6 26.5 27.2 28.1 28.5 28.6 31.2 33 34.1 35.6 33.2 21.8 22.2 24.1 26.9 28.7 30.3 60.7 107 127 134.4 146 155.2 164.7 172.7 177.8 183 189.4 193.2 199.8 206.9 214.6 220.8 227.8 234.6 240.5 244.5 244.3 243.9 243.1 245.1 246.5 241.8 231.3 218.7 212 207.9 195.4 191.2
18.5 18.5 18.5 18.5 18.5 18.5 18.5 18.5 18.5 18.5 17.7 17.5 17.7 18.2 18.9 19.2 19.6 19.9 20.4 20.9 21.2 21.6 22 22.3 22.5 22.7 22.7 22.9 22.8 23.2 23.6 24.5 25.5 26 26.1 26 26.1 27 27.4 28.2 23.5 22.7 22.4 23.3 18.9 21.7 32.3 48.2 61.7 64.6 71.6 103.7 128.7 130.7 133.8 141.4 148.1 154.2 162.6 168.9 174.6 181.4 187.3 194.3 202.4 210 216.2 222.6 230.7 237.6 240.3 240.4 240.9 242.6 244.7 246 245.7 244.2 236.5 227.2 218.9 207.5 185.7
18.5 18.5 18.5 18.5 18.5 18.5 18.5 18.5 18.5 18.5 18.5 17.3 17.7 18.2 18.6 19.1 19.4 19.8 20.2 20.7 21.2 21.5 21.8 22.1 22.6 22.5 22.3 22 22.1 22.4 22.7 23.3 23.9 24.7 25.6 25.5 25.1 25.9 26.4 19.3 17.1 17.1 18.1 26.6 34.5 41.9 63.2 81.7 96.8 102.1 105.8 111 116.8 118.2 123.6 131.7 140.7 147.1 153.2 157.1 166.3 174 181.7 189.2 196.4 203.1 209.1 216 224.4 229.7 234.5 235.9 237.9 240.8 243.1 245.9 246 245.5 243.6 241.6 234.1 219.6 194.5
18.5 18.5 18.5 18.5 18.5 18.5 18.5 18.5 18.5 18.5 18.5 17.5 17.9 18.1 18.4 19.2 19.4 19.7 20.1 20.6 21 21.4 21.6 21.8 21.7 21.5 21.2 21 21.3 21.6 22 22.6 23.1 23.3 24.3 24.9 24.6 25.1 25.6 17.3 17.1 17.8 29 50.7 66.7 70.8 78.2 84.9 89.8 94.2 96.8 97.6 97.8 101.9 110.2 119.4 129.2 139.2 147.2 154.8 161.4 167.9 174.4 181.2 188.7 194.4 200.7 207.6 215.9 222.2 227.3 230.1 234.6 239.1 241.9 244.6 246.5 246 245.1 244.5 244.8 235.5 213.8
18.5 18.5 18.5 18.5 18.5 18.5 18.5 18.5 18.5 18.5 18.5 17.7 17.8 18.1 18.5 18.4 19.4 19.7 20 20.4 20.8 21.2 21.5 21.2 20.6 20.5 20.2 20.3 20.6 20.9 21.4 21.9 22.2 22.4 22.6 23.7 24.3 24.4 24.6 17.4 16 16.5 39.9 58.3 64.3 65.5 69 73 77 81.9 81.7 80.4 83.8 89.7 101.8 112.9 122.7 132.8 141.8 151.2 157.3 160.5 165.2 172.3 177.8 183 190 198.5 206.5 214.1 220.1 224.3 229.6 235.9 240.2 243.2 246.1 246 244.6 244.1 245 243 228.5
18.5 18.5 18.5 18.5 18.5 18.5 18.5 18.5 18.5 18.5 18.5 17.7 17.8 18.1 18.5 18.9 16.4 19.6 19.9 20.4 20.8 20.9 21.5 20.6 19.6 19.4 19.3 19.5 19.8 20.1 20.6 21.1 21.3 21.4 21.5 21.9 22.5 22.4 20.4 15.6 15.5 20.3 38.1 48.8 53.7 54.1 58 61.9 65.2 67.6 67.1 71.2 76.8 88.2 100.3 110.7 118.6 126.2 135.4 143.3 148.4 151.3 152.9 159.2 165.2 172 179.2 189.1 197.6 205.8 213.2 219 225.1 231.8 237.8 241.2 242.5 243 243.1 244.2 245.1 243.4 238
18.5 18.5 18.5 18.5 18.5 18.5 18.5 18.5 18.5 18.5 18.5 17.7 17.8 18 18.3 18.7 19.1 19.3 20 20.4 20.5 19.9 20.5 19.9 19 18.4 18.5 18.8 19 19.3 19.8 20.1 20.2 20.3 20.6 20.2 19.5 18.5 17 15 14.9 15.8 25.4 38.4 42.3 44.3 46.8 51.1 54.7 58.1 60.5 64.7 75.2 87.6 98 105.3 112.1 119.2 126.6 131.9 136.1 139.7 144.3 153 157.7 163.6 170.9 180.9 190 198.2 206.8 214.7 222.1 228.6 234.5 237.3 237 238.7 238.3 240.2 243.7 243.2 240.3
18.5 18.5 18.5 18.5 18.5 18.5 18.5 18.5 18.5 18.5 19.1 17.3 17.5 17.8 18.1 18.5 18.8 17.6 19.7 20.4 20.2 19.6 18.9 18.2 17.6 17.7 17.8 18 18.2 18.5 18.9 19.4 19.4 19.2 18.5 18.2 17.7 16.9 14.7 14.2 14.4 15.3 20 34.3 37.4 39.4 42.3 45.6 48.6 51.7 55.1 59.2 71.3 83.2 92.1 101.3 104.6 110.2 114 118.5 121 124.7 131.8 140.2 148.7 156.7 165.4 173.8 182.5 192.5 202.6 211.3 219 225.5 229.2 231.6 231 232.6 232.5 235.9 240.5 244.9 244.6
18.5 18.5 18.5 18.5 18.5 18.5 18.5 18.5 18.5 18.5 16.9 17 17.3 17.7 17.9 18.2 18.6 18.9 15.4 19.6 18.5 16.8 16.9 17.1 17.1 17.5 17.6 17.8 18 17.7 18.1 18.6 18.5 17.7 17.3 17.1 16.5 15.1 13.8 13.9 14.2 15.3 16.4 29 32.9 36.1 38.7 41.1 43.6 46.3 49.8 54.3 63.3 74.6 83 91 96.3 98 100.1 101.8 104.9 111.4 122.5 134.7 146.1 154 162.6 171.4 180.3 190.7 199.8 207.8 215.6 221.7 224.2 225.8 225.8 226.1 227.3 230.1 236.1 240.4 243.9
18.5 18.5 18.5 18.5 18.5 18.5 18.5 18.5 18.5 17.6 16.1 16.5 16.9 17.1 17.2 17.5 17.4 17.9 17.8 16.4 16.3 16.4 16.4 16.6 16.9 17.2 17.4 17.6 17.7 17 17 16.9 16.7 16.4 16.5 16.2 15.5 14.2 13.3 13.4 13.5 14.7 17.5 24.6 29.2 31.4 35.7 36.5 38.9 41.2 44.1 48.5 55 65.6 73.4 80.1 84.6 85.6 85.8 87 96.6 114.2 128.2 137.2 145.9 153.8 161.2 169.7 178.8 190.4 203.2 213.4 219 221 223.2 223.4 223.5 223.6 224.4 226.5 230.6 236.5 241.9
18.5 18.5 18.5 18.5 18.5 18.5 18.5 18.5 19.2 14.9 15.1 15.3 15.5 15.9 16.5 15.7 15.4 15.7 15.6 15.8 15.9 15.9 16.1 16.3 16.7 17 17.2 17.4 17 16.1 16.1 15.3 14.8 15.1 15.7 15.2 14.4 13.4 12.8 12.9 13 14 16.6 21.2 25.3 28.9 30.8 32.3 33.9 35.9 40.1 43.6 48.6 54.2 63.3 69.5 72.7 72.1 76.8 87.4 102.6 116.1 128.1 137.3 145.2 151.9 159.3 167.6 177.6 191.6 207.2 218.2 225.5 229.9 224.7 223.5 223 223.2 223.5 225.3 227.3 232.4 237.7
18.5 18.5 18.5 18.5 18.5 18.5 18.5 18.4 13.2 13.4 13.6 13.8 14 14.4 14.6 14.2 14.3 14.1 14.2 15 15.4 18.2 15.7 15.8 16.1 16.5 16.7 16.3 16 15 14.9 15.2 14.6 14.7 15 14 12.9 12.8 12.4 12.3 12.8 13.5 16.4 19.4 22.6 24.8 26.8 28.2 29.4 31.9 35.2 39.7 45.1 50.1 55.3 62.3 62.6 67.9 77.9 89.9 101.5 113.1 124.2 133.6 141.1 148.8 156.5 165.9 175.9 187.8 202.2 214.6 222.5 230 231.5 224 222.6 222.8 223.3 224.5 226.4 229.6 236.3
18.5 18.5 18.5 18.5 18.5 18.5 16.2 11.4 11.6 11.9 12.3 12.4 12.5 12.8 12.9 13 12.9 13.4 13.9 14.6 14.9 15.4 18.3 15.6 15.6 15.7 15.5 14.9 14.6 13.9 13.8 14.5 14.7 14.6 13.6 12.5 11.9 11.7 11.7 12.1 12.7 13.5 15.4 17.9 17.5 20.3 21.9 23.3 24.3 26.8 30.8 35.8 41.5 45.9 50.1 54.1 59.9 68.8 79.9 92.1 102.3 112.5 119.8 124.5 131.1 139.7 149.8 160.5 171.7 182.7 196.1 210.3 218.5 225.1 229.4 232.7 224.6 223.1 223.6 224.6 226.9 230 235.4
18.5 18.5 18.5 18.5 18.3 10.9 9.5 9.7 10 10.8 11.2 11.2 11.5 11.7 12.1 12.3 12.6 13.3 13.7 14 14.2 14.7 15.4 15.3 15.1 14.9 13.7 13.1 13 12.6 13.1 13.3 13.3 12.9 12.5 11.9 11.4 11.4 11.6 11.8 11.9 12.5 13.9 15.4 16.8 18.7 20.9 23.5 25.4 27.8 30.4 32.9 37.8 42.2 47.2 54.3 61.8 71.1 80 94.5 102.6 105.8 105.5 108.3 122.3 132.5 140.9 152.3 165.7 178.6 190.9 201 208.9 217.5 221.3 224.7 226.4 224.3 225.4 227.1 230 233.7 237.2
18.5 18.6 14.3 8.9 8 8 8.5 8.9 9.4 10.1 10.4 10.8 11.2 11.4 11.6 12.1 12.6 13.2 13.8 14.1 14.1 14.9 15.1 15.4 14.8 14.2 13.5 11.6 11.6 11.7 11.7 11.5 11.5 11.7 12 11.8 11.2 11.4 11.6 11.8 11.5 12 15 17.1 18.9 21.1 23.3 25.6 27.4 28.9 31.1 34.1 37.4 39.7 44.9 53 62.3 71.6 79.7 91.6 95.9 89.5 98.4 114.7 127.6 136 142.8 152.1 164.4 177.2 186 194.1 199.9 209.8 213.6 217.4 220.2 225 230.9 234.9 240 244 245.9
7.5 6.7 7.1 7.4 7.5 7.7 8.2 8.6 9 9.5 10 10.5 10.9 11.2 11.7 12.1 12.6 13.3 13.9 14.1 14.1 14.3 14.3 13.8 12.8 11.6 11.5 9.9 9.8 11.1 11.4 11.3 11.2 11.3 11.5 11.6 11.4 11.7 11.6 10.8 11.1 12.3 16.4 18.5 22.5 23.4 25 27.6 29.8 31.4 32.7 35.2 39.6 42.6 48.3 52.5 57.4 63 72.9 76.3 82.5 98.1 111.5 125.9 140.1 149.6 158.8 164.5 172.9 185.2 194.4 201.9 201.6 203.5 207.4 210.8 214.1 221.5 228.9 236.1 242.4 248.4 251.4
6.7 6.4 6.6 7.2 7.3 7.5 7.9 8.5 9.2 9.6 9.9 10.3 10.7 11.2 11.7 12.1 12.6 13.2 13.8 14.1 14.1 14.1 14.1 11.2 10.4 10.2 10.3 10 10.9 11.2 11.3 11.1 11 11 11.1 10.8 10.4 10.1 10.2 10.5 11.1 12.5 17.3 19.3 23 23 25 27.9 30.1 31.9 33.4 34.9 38.4 43.7 49.8 54.5 60.3 65.4 76.5 88 99.9 111.6 122.8 134.8 145.3 154.5 163.1 171.2 180.1 189.1 196.1 204.1 209 210.8 207.9 210.1 211.6 217.5 226.1 233.4 240.7 247.9 251.6
6.1 5.9 6.4 7 7.2 7.5 7.9 8.7 9.4 10 10.2 10.3 10.7 11.1 11.6 12.1 12.7 13 13.6 14 13.9 12.5 10.4 9.4 9.4 9.7 9.9 10.3 11 11.3 11.2 11 10.8 10.5 10.2 9.9 9.5 9 9.4 10.2 11.1 13 17.3 20.7 23 23 26.3 28.2 29.3 30.3 31.1 33 36 41.4 48.2 53.1 59 66.7 76.7 88.1 101.3 113.6 125.2 136.2 145.6 154.8 163.6 172 181.3 189.2 195.8 203.9 210.2 210.9 210 209.7 211.8 214.9 222.2 232.7 242.1 247.9 250.7
5.8 5.9 6.2 6.8 7.2 7.6 8.3 8.9 9.7 10.3 10.4 10.8 10.9 11.4 12 12.5 12.9 13.2 13.2 12.7 12.2 10.9 9 8.7 8.9 9.1 9.4 9.6 10.7 9.9 10.4 9.9 9.8 9.7 9.8 9.5 9.2 9 9.2 9.9 10.7 12.8 17.7 20.9 22.1 23.8 25.6 27.1 28.1 28.6 29.6 31.2 34.4 39.6 45.3 51.3 57 64.8 74.5 84.5 96.4 112.7 123.2 133.7 143.9 153.8 162.9 171.3 175.9 178.2 189.8 201.4 209.7 211.4 211.3 211.2 212.7 215.1 222.8 234.9 242.8 247.7 249.2
6.1 6 6.3 6.8 7.2 7.9 8.6 9.3 10 10.8 11.4 11.6 11.8 12.3 12.7 13.1 13.3 13.2 12.4 11.3 9.9 8.6 8.2 8.3 8.5 8.7 8.7 8.7 8.7 8.9 9.1 9.4 9.6 9.6 9.6 9.3 9.1 8.9 8.8 9.4 10.5 11.3 18 20.6 21.7 23.2 24.4 25.5 25.5 26.2 27.3 29.3 32.9 37.9 43 48.9 55.2 62.4 71.5 81.4 91.9 109.8 121.4 132.4 142.2 151.6 158.8 165.9 167.5 173.1 188.7 202.4 211.2 214.3 213.9 215.4 216.6 218.7 224.4 234.5 241.1 244.2 246.1
6.4 6.4 6.9 7.3 7.7 8.4 9.3 10.3 11.1 11.8 12.1 12.3 12.4 12.5 12.8 13 12.8 12.4 11 9.7 8.5 7.4 7.7 7.8 7.9 8 8.1 8.2 8.3 8.4 8.6 9 9.3 9.3 9.4 8.9 8.6 8.8 8.8 8.8 10.3 10.8 17 20.4 21.2 22 22.6 22.5 22.8 23.7 25.2 27.9 31.6 36.1 41 46.7 53.3 60.4 69.6 80.1 91.6 109.6 120.8 131 140 148 154.3 156.5 160.6 170.6 187.2 203.9 213.2 219.2 219.7 220.9 222.1 220.2 222.6 228.8 236.1 240.3 242.8
6.7 7 7.4 7.8 8.2 8.9 9.8 10.8 11.8 12.3 12.5 12.6 12.7 12.7 13 12.9 12.3 10.8 9 7.7 6.9 6.9 7 7.4 7.5 7.5 7.6 7.7 7.8 8 8.1 8.5 8.6 8.6 11.2 8.2 8.4 8.4 8.5 8.6 9 10.4 16.4 19.5 20.2 19.9 20.2 19.6 20 22.3 24.6 27 30.8 34.3 38.8 45 52.4 59.4 69.6 81 94.9 111.7 121.8 128.4 133.9 139.7 145.2 148.8 154.8 168.1 185.4 203.3 211.9 219.2 225.5 228.1 229.8 227.1 223.7 226.3 230.6 235 240.6
7.1 7.5 7.9 8.3 8.7 9.4 10.4 11.4 11.9 12.2 12.4 12.6 12.8 12.9 13.1 12.2 11 9.2 7.9 7.2 6.6 6.7 6.8 6.8 7 7.1 7.2 7.3 7.4 7.5 7.6 7.9 7.9 8.1 8.7 8 8 8.1 8.2 8.3 8.8 11 15.4 18.5 18.1 17.8 16.7 18 20.4 22.3 23.5 25.8 29.4 33.1 36.6 42.7 50 58.1 69.2 81.9 96.9 112 115.1 120.3 128 132.2 135.8 142.2 152.1 165 181.2 199.8 209.3 215.7 221.4 226.9 230.6 233.4 231.3 230.1 230 233.9 237.5
7.6 8 8.5 8.8 9.2 10 11 11.5 11.8 12.1 12.3 12.4 12.6 12.8 12.7 11.4 10.8 10.2 8 6.8 6.4 6.6 6.6 6.6 6.6 6.6 6.8 6.9 7 7.1 7.2 8 7.8 7.7 7.8 7.7 7.7 7.8 7.9 8.1 8.7 10.9 14.6 15.5 14.4 13.7 16.5 18.6 20.7 21.4 22.2 24.4 27.7 31.8 35 40.5 47.7 57.2 68.7 81.3 93.9 101 103.3 106.5 111 117.5 127.9 140.3 150.7 161.4 177.3 192.5 203.2 211.2 217.9 224.5 232.4 236.3 238.2 237.6 235.9 233.3 233.5
8.4 8.6 9 9.4 9.7 10.6 11.1 11.4 11.6 11.9 12.1 12.3 12.5 12.8 12 11.6 11.5 9.9 8 6.4 6.2 6.3 6.4 6.4 6.4 6.4 6.9 6.4 6.2 6.2 6.2 6.7 7.3 7.5 7.6 7.7 7.7 7.7 7.6 7.8 8.3 10 12 12.2 11.8 15.2 17.1 19.3 19.3 19.4 20.8 23.5 26.5 30.2 33.4 38.2 44.3 57 68.5 79.8 87.9 92.6 95.7 97.6 104.4 116.5 129 139.8 149.6 159.1 170.8 184.6 196.4 205.4 214.6 224 232.3 238.2 240.1 240.4 239.6 237.2 233.8
8.7 8.8 9.3 9.8 10.3 10.7 11 11.2 11.5 11.8 12 12.2 12.4 12.7 11.9 11.7 11.7 9.8 7.8 6.1 6.1 6.1 6.1 6.2 6.1 5.9 5.9 6.1 6.1 6.1 6.2 6.4 7.1 7.3 7.2 7.3 7.2 7.1 7.1 7.5 8.3 8.7 9.1 10.4 11.9 14.8 16.3 17 16.6 17.8 19.5 22.3 25.1 27.9 31.6 37.3 46.6 57.2 68.2 76.5 81.7 85.4 87.5 90 100 112.7 126.3 137.8 148.7 156 164.1 177.8 190.6 201.1 210.4 221.1 232 238.2 240.2 241.1 240.4 239.7 235.8
9 9.1 9.4 9.9 10.3 10.6 10.8 11.1 11.3 11.6 11.9 12.1 12.4 12.1 12 11.9 11.1 9 6.6 6.1 5.9 5.9 5.8 5.7 5.8 5.9 6 6 6.1 6.2 6.2 6.3 6.8 7.2 7.1 7 6.9 6.5 6.8 8 8.3 8.4 9.1 10.5 11.2 11.7 13.2 14.8 17.4 18.9 20.4 21.6 24.1 28.8 35.9 43.1 49.7 57.7 66.1 71.8 76.2 79 82.3 88.6 96.5 107.2 118.3 131.9 142.5 151.4 160.9 171.2 184.6 196 207.3 218.3 229.2 236 238.7 240.1 240.9 240.1 238.7
