public/OST50/ST45.asc
ncols 200
nrows 200
xllcorner 340000
yllcorner 150000
cellsize 50
[rows 74 to 110 of 200, columns 83 to 165 of 200]
242 242.6 242.5 242.7 232 210.7 195.4 181.8 176.6 175.2 178 185.3 197.6 209.1 220.1 230.1 239.1 241.8 244.2 244.7 245.1 244.9 243.7 244.8 245.7 247.9 249.7 250.6 252.4 254.1 255.3 256.6 257.3 257.8 258.3 258.5 259 258.7 258.5 258.2 258 258.2 258.2 258.2 258.4 258.7 259.7 259.8 259.9 260.1 260.3 260.1 259.6 259.3 258.7 258.2 257.6 257.6 257.9 258.2 258.7 259.2 259.7 259.4 259.3 259.2 259 258.7 258 258.1 257.4 258.4 259.5 260.4 260.9 261.6 261.8 261.2 259.5 258.6 256.8 251.2 248
240.4 240.9 240.7 237.8 228.4 209.6 194.2 182.6 177 174.7 175.4 184.1 195.6 209.4 218 224.3 229.1 234.3 238.3 237.7 230.7 240.9 240.2 239.9 241.1 243.3 245.7 248 250.2 252.1 253.2 254.9 256.1 256.6 257.2 257.6 258.2 258.7 259 259.4 259.6 259.7 259.8 260.2 260.4 260.8 261.3 261.8 262.1 262.3 262.3 262.1 261.7 261.8 261.2 260.6 259.9 259.2 258.5 258.6 258.9 259.3 259.1 258.8 258.5 258.1 257.6 257 256.4 252.5 256.3 256.4 258 258.6 259.4 259.5 259.6 259.9 259.2 258.1 256.9 256.3 250.4
238.8 239.2 239.3 235.2 225.4 208.8 193.3 180 176.5 173.5 172.5 181.8 192.4 203.8 211.4 216.6 220.2 222.8 228 211.3 206.3 217 234.2 236.5 237.1 240.1 243.1 245.8 248 250.2 251.7 253.4 254.6 255.4 256 256.4 256.8 257.2 257.8 258.4 258.7 259.1 259.2 259.4 260.2 261 261.3 261.6 261.9 262.3 262.3 262.7 262.7 262.8 262.6 262.2 261.7 261 260 260 259.9 259.7 259.5 259.3 259.2 258.5 257.5 256.7 256.1 255.4 255.7 255.9 256.2 256.8 257.2 257.6 258.1 258.3 257.7 257.3 256.3 255.5 253.1
222.6 222.7 231 237.9 228 212.1 194.4 181.7 176.6 172.4 169.8 176.1 184.8 193 197.8 201 206.2 210.9 213.6 192.4 206 214.3 228.6 234.5 234.4 237.6 240.5 243.3 246.1 248.8 250.3 252 253.1 254 254.8 255.2 255.5 256.3 257 257.3 257.6 258.1 258.5 258.8 259 259.9 260.2 260.5 260.9 261.2 261.5 262.1 262.3 262.9 262.8 262.4 262.2 262.3 261.7 261.5 261.1 260.7 260.4 260.2 259.8 258.6 257.5 256.9 256.3 255.6 254.7 254.7 254.6 254.9 255.5 256 256.5 256.7 256.2 255.8 255.6 254.6 252.8
209.9 213.3 223.9 239.5 232.4 215 195.3 178.9 177.5 177 168.2 167.6 175.4 181.2 186.4 188.7 190.7 199 193.8 171.2 202.3 214.2 225.1 229.8 232.9 235.1 238 241.5 244.7 247.3 249 250.5 251.7 252.6 253.7 254.4 254.8 255.6 256 256.3 256.6 257 257.4 257.9 258.3 258.7 259.1 259.4 259.8 260 260.3 260.5 261.1 261.6 261.1 261.5 261.7 261.6 261.7 261.9 262 261.7 261.3 261.1 260 259.4 258.1 257.2 256.5 255.7 254.8 254.2 253.4 252.5 253 254.2 254.9 255.1 254.9 255.1 254.9 253.7 252.7
203.1 213.8 225.6 227.4 235.1 217.2 197.9 186.4 178.2 176.8 165.7 163.7 163.2 168.4 171.1 171.3 179.6 187.1 189.6 171.6 185.7 211.8 221.6 225.1 228.7 232.4 236.3 239.9 243.3 245.8 247.8 249.8 250.8 251.8 252.8 253.7 254.2 254.6 254.9 255.2 255.5 255.9 256.3 256.8 257.2 257.4 257.6 257.8 258.1 258.4 258.6 258.8 259.1 259.4 259.7 260.1 260.5 260.9 261.1 261.2 261.3 261.5 261.6 261.4 260.7 259.4 258.7 257.4 256.6 255.8 254.9 254.1 252.6 251.4 250.8 252.5 253.5 254.1 254.4 254.5 254.4 253.2 252
200.7 216.6 217.4 226.1 238.2 222.9 205.5 192.4 189.1 176 169.9 163.8 161.7 159.6 160.3 164.1 168.8 176.9 181.4 177.1 171.2 187.8 214.2 220.8 224.7 229.7 234.2 238 242 245.3 247.9 249.3 250.4 251.4 252.3 252.8 253.3 253.5 253.9 254.2 254.5 254.8 255.3 255.7 256.1 255.9 255.9 256.1 256.5 256.9 256.9 257.1 257.4 258 258.6 259.1 259.4 259.7 260 260.3 260.7 260.8 261 261.2 260 258.2 257.3 256.9 256.5 255.9 254.8 253.9 252.5 250.6 249.2 252.6 253.5 253.5 253.8 253.8 253.7 252.7 251.5
196.8 208.2 207.2 225.7 242.3 230 213.1 199 193.3 181.4 172.7 164.7 163.4 163 160.7 154.5 161.8 169.9 169.5 170.9 173.2 194.8 206.9 215.7 221.3 227.3 233.8 238.8 242.2 245.2 247.9 248.9 249.9 250.9 251.4 252 252.5 252.7 252.8 253.1 253.4 253.8 254.2 254.6 254.6 254.4 254.2 254.5 255 255.4 255.1 255.4 256 256.7 257.6 258 258.2 258.5 258.8 259.1 259.4 259.8 259.8 259 258.3 257 255.9 255.2 254.7 253.9 253.3 253.3 252.3 249.9 250.9 253.2 253.1 253 253.5 253.2 253 252.2 250.7
191.5 202.9 206.3 220.5 245.2 238.5 222.4 209.5 196.4 197.5 180 164.2 164 163.5 162.5 155.9 150.3 160.5 173.9 178 184.7 201.6 212.5 216.6 222.1 228.5 234.9 239.4 242.5 245.6 246.9 248.2 249.5 250 250.5 250.9 251.3 251.9 252.1 252.2 252.4 252.7 253.1 253.3 253.1 252.9 252.7 252.7 253.4 253.9 253.4 253.9 255.1 256.3 257.3 257.6 257.9 258.1 258.4 258.6 258.8 259.1 258.4 257.4 256.4 255.4 254.6 253.5 252.7 252.4 251.8 249.9 250.7 247.8 246.6 249.9 252.6 252.5 253.1 253.5 252.6 251.7 250
183.8 196.1 207 209.5 226 237 235.4 214.8 211.7 209.3 190.7 165.9 164.5 164 163.9 160 150.5 151.3 164.5 175.8 188.7 204.6 216.7 222.1 222.9 228.6 233.8 238.9 242.9 245.1 245.9 246.6 247.7 248.6 248.4 248.8 250.1 250.9 251.1 251.3 251.6 251.8 252 251.8 251.6 251.4 251.1 250.8 251.3 252.1 252.9 253.8 255 256.3 257 257.2 257.5 257.9 258 258.2 258.4 258.4 258.2 257.2 256.2 255.4 256.1 255.2 254.1 253.1 252.8 251.2 250 249 245.4 244.1 244.5 247.2 251.1 252.1 252.1 251.2 249.5
175.4 182.2 182.4 201.8 206.2 216.2 223.3 225.1 225.5 219.8 209.6 204.4 192.3 186.3 177.9 167.1 150.2 145 161.2 174.9 189.5 204.5 219.6 227.2 226.5 229 232.7 238.1 242.1 243.1 243.8 244.1 245.5 246.7 246.3 246.8 248.8 250 250.1 250.1 250.1 250.1 250.3 250.3 250 249.8 249.5 249.2 249.1 251.5 253.7 254.1 255.1 256.3 256.6 257 257.3 257.7 257.7 257.8 258 257.4 257.8 256.9 255.9 256.4 257 256.6 255.7 254.6 253.6 252.6 251.9 251.6 250.6 247.5 244.8 242 239.7 243.2 246.9 250.3 249
164.7 173.9 175.4 186.9 203.3 199.7 208 209.4 209.5 213.5 202.6 227.3 223.2 209.8 186 170.7 152.2 135.9 155.9 173 188.1 203 218.9 226.2 229.7 229.5 232.6 237 241.1 241.6 241.4 241.3 241.4 242.1 241.7 243 245.5 247.8 249.1 249 248.5 248.3 248.5 248.6 248.5 248.2 247.9 247.8 247.9 251 254.1 253.9 254.9 255.8 256.4 256.8 257.2 257.6 257.6 257.5 257.6 256.5 257 256.7 256.8 256.9 256.9 256.6 255.9 255.1 254.4 254.2 254.1 253.7 253.6 252.8 251.7 250 247.5 242.2 235.3 238.7 243.9
191.2 184.3 177.5 192.9 197.3 200.2 205.2 195.8 196.3 196.9 199.7 224.3 215.8 204.6 186.6 171.3 153 131.1 149.3 169.6 184.6 200 212.5 222.3 229.7 230.9 233.3 238.7 243.4 241.5 238.8 237.3 236.9 235.9 236.6 239.2 243 245.5 247.3 247.7 246.8 246.3 246.5 246.7 246.8 246.7 246.5 246.4 246.9 249.7 251.9 253.1 254.5 255.2 256 256.5 257 257.1 257.4 257.3 257.3 255.5 256 256.7 256.7 256.8 256.8 256.6 255.9 255.4 254.9 254.5 255.1 255.4 254.2 253 252.7 252 251.1 248.6 245.7 238.5 229.9
232.5 230.5 232.9 223.5 219 217.9 222.6 230.6 232.5 228.9 226.5 217.1 211.2 199.7 185 169.1 151.9 131.7 141.1 165 181 195.3 207.8 217.4 225.7 231.4 233.2 237.1 239.8 238.8 235.4 233.4 232.4 231.5 231.9 234.5 240.4 244.1 246.1 246.2 245 244.1 244.4 244.4 244.9 244.2 244.2 244.2 246.9 248.8 250.3 252.6 253.4 254.2 255 255.7 255.5 255.7 256.2 256.8 256.5 253.1 254.7 256.2 256.7 256.7 256.2 255.6 255 254.5 254.2 254.1 254.2 254 253.7 252.8 252.7 252.2 251.1 250 248.3 245.6 240.2
226.1 226.1 226.8 228.9 229.2 228.5 228.4 226.7 223.4 219.5 214.1 208.9 203.4 194.1 182.1 168.7 151.2 132.3 129.7 146.1 153.3 186.3 203.8 213.8 220.9 226.7 229.1 230.6 231.7 231.6 230.2 228.4 226.5 225.7 227.8 233.3 238.6 242.7 244.3 244 242.2 241.3 241.8 242.4 242.9 242.1 241.7 243.1 246.9 248.1 251.1 252.2 251.8 252.8 253.3 253.2 252.8 252.7 253.5 254 252.2 251.7 252.4 254.6 255.7 255 254.5 253.9 253.3 253 252.6 252.9 252.8 252.7 252.4 252.1 251.5 250.9 250.1 248.7 247.1 245.6 244
218.2 218.9 220.6 221.3 221.5 220.5 218.8 216.9 213.4 209.7 204.9 198.8 192.5 184.2 177 167.3 151.7 132.8 118.4 125.8 139.7 159.2 195 206.8 216.4 223.4 226.2 225.5 225.4 224.6 223.4 220.8 218.5 219 220.5 210.3 215.4 218.9 225 230.2 225.2 220.9 219.8 223.1 227.2 225.6 225 242.2 246.5 250.6 252.8 252 250.5 251.1 251.3 250.7 249.9 249.6 250.5 251.2 249.5 248.9 250.9 253.8 254.1 253.9 253.2 252.1 250.4 250 250.3 251.2 251.5 251.3 251.1 250.9 250.1 249.5 248.7 247.4 245.9 244.7 243.2
208.6 209.5 210.3 212.5 213 213 211.6 207.6 204.1 198.3 192.2 186.1 179.3 174.1 168.7 161.8 152.7 131.5 113.4 124.2 151 170.8 189.9 200 210 218.6 223.8 220.2 219.3 217.7 215.1 211.8 209.9 214.9 182.9 178.1 182.4 187.2 193.7 196.1 186.5 186.5 188.7 190.3 186.9 184.3 194.4 238.8 245.6 250.3 252.6 252 250.8 249.6 249.4 247.8 247.1 246.6 247.7 248.3 247.6 247 249.2 251.2 252.5 252.3 252.2 250.6 248.3 246.5 248.1 249.6 250.2 250.2 250.1 249.6 248.8 247.9 247 246 245 243.9 242.7
200.1 200.3 201.5 203.7 205.3 205.7 204 199.8 194.3 187.3 179.7 173.2 168.2 163.7 158.3 153.1 144.1 131.9 110.7 108.7 140.7 165.8 181.3 193.1 202.4 210.8 215.1 214.7 212.5 210.6 207.4 202.1 206.6 196.4 169.4 157.4 156.3 156.4 158.2 159.8 154.6 151.5 145.3 143.2 142.2 141.5 192.9 236.7 244.5 249.4 251.5 250.8 250 249.1 247.8 246.3 245 242.9 245.5 245.4 245.3 245.3 247.7 249.8 250.4 251 250.9 249.7 247.8 245.6 245.9 246.9 247.4 248.4 248.6 248 247.5 246.6 245.7 244.7 243.8 242.9 242
190.3 190.8 192.2 195.8 197.9 199 197.1 192.3 185.3 175.9 167.8 160.7 154.6 149.7 146.1 141.4 133.8 126.1 108.2 98.3 131.5 157 175.3 187.7 195 202.1 206.8 207.1 205.5 203.3 198.7 198.6 203 174.9 163.9 141.5 120.1 114.7 114 117.8 117 116.4 121.4 135.3 135.5 143 197 234.3 242.2 247.4 248.5 248.5 248 247.4 246.1 245.3 245.2 245.3 246.1 246 245.3 246.4 247.6 248 248.5 248.9 249.3 249.3 247.9 245.2 243.2 243.9 244.6 245.7 246.4 246.1 245.8 245.3 244.4 243.5 242.6 241.8 241.3
180 180.2 184.5 188.2 190.6 191.2 187.8 182.7 176 165.3 155.3 147.7 140 134.6 132.2 129.3 122.8 111 93.7 97.9 129 152.6 169.2 181.5 188.7 194.9 199.1 199.3 198.3 192.8 186.9 197.8 197.8 173.1 155.6 136.8 123.7 110.7 110.7 110.6 110.7 113.3 132.5 144.6 150.4 152.1 191.2 231.8 240.3 244.9 245.6 245.7 245.5 245.6 244.4 244.7 245.2 245.1 245.8 246 245.5 246.3 246.9 247.3 247.7 248.1 248.4 248.3 247.3 245.1 241.5 240.8 241.7 242.9 244.2 244.3 243.9 243.6 243.2 242.2 241.5 241.1 240.7
168.5 166.3 174.5 180.9 182.9 180.5 177.7 172.9 165.4 153.6 143.4 134.6 126.3 119.9 117.5 116 111.2 97.7 83.5 100.5 126.5 148.1 165.8 176.3 182.9 188.4 191.7 192.4 190.1 183.7 176.8 194.2 190 177 155.1 137.7 124.5 110.7 110.7 110.6 110.8 132.4 149.6 153 166.9 184.6 219.2 233.6 239.2 242.1 242.7 242.9 242.9 243.9 243.6 244.1 244.7 244.9 245.5 245.6 245.4 245.4 246.1 246.4 246.8 247.2 247.5 247.2 246.1 243.9 241 239.6 239.6 241 242.3 242.8 242.4 241.9 241.5 241 240.6 240.3 240
154 152.5 163 171.7 173.1 169.7 166.9 161.7 153.2 141.6 128.8 119.2 110.8 104.2 101.2 101.5 97.1 82.4 82.6 104.1 123.7 144.4 161.4 171.8 178.4 182.6 185.4 186.7 182.2 175.7 175.9 193.2 184.6 178.7 160.1 138 126.7 123.4 110.7 110.5 125 147.4 155.4 167.3 171.1 210.6 227.3 233.5 239.2 240.4 239.8 240.2 240.1 241.2 243.1 243.6 244.1 244.8 245.1 244.8 244.3 243.9 244.9 245.5 245.9 246.3 246.4 246.1 245.3 243.1 240.9 238.9 238.6 239.5 240.6 241.4 240.9 240.2 239.5 239.2 238.8 238.8 238.8
137.8 140 152.4 164.4 165.6 161.1 153.6 146.5 139.3 129.6 115.6 104.2 95.7 90 87.5 88.1 82.6 72.3 83.7 100.1 116.7 138 157.8 167.8 173.3 176.5 179.3 180.4 176.7 168.9 169.1 179.1 182.6 177.5 161.6 153.3 136.7 138.9 128.9 122.4 138.6 151.3 166.8 166.9 181.4 210.9 226 232.4 237.9 240.8 239.3 237.5 237.3 238 240.1 242.4 243.5 244.2 244 243.6 243.1 242.7 243.6 244.4 245 245.4 245.3 245.2 244.8 243.8 242.8 241.4 240.3 239.2 240.1 239.5 238.8 238.1 237.7 237.3 236.7 237 237.3
118.7 129.2 144.3 157.4 158.4 152 140.9 131.2 123 113.5 103 89.6 82 77 73.9 74.3 67.6 73.7 91 98.1 112.3 133 151.5 162.5 167 170 173 173.8 169.4 157.9 155.9 165 174 177.7 174.5 175.1 168.4 164.3 151 149.2 152.2 164.3 175.9 185.8 181.4 202.8 223.4 230.2 235.7 238.3 236.5 235 234.2 235.3 237.8 239.9 242.2 242.4 242.1 241.3 240.8 240.9 242.2 243.3 243.9 244.4 244.3 244.2 243.8 243.3 242.6 242.3 242 240.4 238.8 237.6 236.8 236.3 235.6 234.6 234.1 234.4 235.2
105.7 120.5 137.3 149 150.7 140.8 126.9 114.1 105.5 97.8 88.4 78.3 70.2 66.5 63.6 61.9 65.6 79.3 87 95 109.4 128.7 147.2 156.4 160.2 163.9 167.4 169 158.7 143.4 142.8 152.1 166.8 170.1 173.8 168.4 150.9 162.4 165.5 155 156.8 163.5 168.2 182.5 195.6 198.6 219.8 226.6 234.4 234.3 231.9 230.3 230.9 234.1 236.7 238.7 240.3 239.6 239 238.9 238.5 240.2 242 243 243.6 243.9 243.7 243.1 242.2 241.7 241 240.9 240.9 239.3 237.7 236.1 234.5 233.6 232.7 231.7 231.4 231.3 235.3
96.1 111.2 126.5 140.2 141.7 129.3 112.6 98.5 89.6 81.7 73.5 67.1 61.3 58.1 56.9 58 67.6 73.2 82.3 90.4 104.5 123.5 142.1 149.6 151.8 157.4 162.8 164.1 149.7 130.6 130.3 142.2 159 166.3 175.1 165.5 144.7 145.6 156.1 162.7 163.4 156.6 163 181.6 194.6 204.3 219 227.3 230.2 228.6 226.3 225.3 229.2 233.9 235.8 235.9 237.9 236.8 235.9 237.1 238.4 240.1 241.8 242.6 243.3 243.4 243.3 242.2 241 240 239.4 239.6 239.8 238.2 236.6 234.6 230.9 230.4 229.6 225.4 226.5 231.1 235.3
83.8 100.5 116 129.4 132 118.3 101.8 85.9 78.1 70.2 64.3 59.2 55 53.3 53.5 57.1 62.6 67.8 74 84.6 99 117.6 132.9 139.6 143 152.4 159.4 161.6 142.7 120.9 122.1 128.5 142.5 155.8 163.5 144.5 140.4 139.4 137.4 141.9 149.6 146.5 167.6 182.8 196.8 208.6 216.2 221.3 223.3 223 220.7 221 225.3 228.5 230.5 231.5 232.9 232.5 235.7 238.4 239.3 240.5 241.6 242.3 243 242.9 243 241.3 239.9 238.9 238.2 238.4 238.6 237.1 235 231.9 228.2 224.8 220.6 217.4 227.9 232.1 235
72.6 89.6 104.5 118.6 120.3 107.9 91.2 76.5 68.7 61.8 58.4 54.6 50.8 49.9 50.7 54.1 58.1 62.4 68.6 77.7 91.5 109.8 122.2 128.6 136 150.3 157.9 160.5 138.5 113.8 110.3 119.4 129.5 142.3 147.2 132 121.6 104.8 114.4 114.9 131.7 156 171.5 184.6 199.8 206.3 211.8 214.4 215.9 215.7 214.4 217.4 220.2 222.4 223.8 224.6 226.5 232 236.9 240 242.8 243.5 242.7 242 242.5 242.5 242.1 240.4 238.8 237.9 237.4 237.4 238.2 238.8 236.3 232.5 227.1 214.4 211.3 213.3 225.2 230.9 234.8
63.7 76.2 91.8 105.1 107.3 96.7 81.4 66.3 61.2 56.6 54.1 49.6 47.4 46.8 48.3 50.9 54.6 57.8 62.6 70.6 84 100.3 111.4 117.3 134.3 149.8 156.3 156.8 133.2 109.7 98.9 111.2 117.9 132.5 130.1 115 94.7 92.3 91.6 111.1 136.6 159.1 173.8 185.9 197.9 202.5 206.1 207.6 208.1 207.8 207.8 210.4 213.3 214.9 215.5 216.8 222.8 231.8 237.5 242.3 244.4 245.1 244.2 242.6 242.1 242.2 241.2 239.5 238 237.1 236.8 236.9 238.1 239.3 237.9 233.7 221.7 208.4 196.9 207.5 217.9 227.2 233.3
57.8 66.3 80.7 91.2 95.3 86.3 70.7 55.2 51.8 48.8 45.5 43.9 43.7 44.4 45.8 47.7 51.3 54 57.7 64.1 74.6 89.4 100.3 111 134.9 149.9 153.3 151 128.7 105.8 86.8 102.3 110.5 122.5 102.4 86.1 85.9 90 94.1 120.2 136.8 152.5 169.3 183.3 193 196.9 199.3 200.2 200.2 200.2 201 202.5 204.2 206.3 208.9 213.1 223.2 231.4 237.4 241.5 245.2 246.3 245.6 243.6 242.8 241.8 240.6 240.1 240.1 238.1 235.2 235 238.3 240.6 238.2 232 216.7 201.1 186.7 192.1 207.5 220.8 229.3
49.2 59.2 71.3 80.3 81.7 74.3 59.1 48.1 45.2 43.9 42.9 41.2 42.2 42.7 43.2 45.4 47.9 50.7 55 59.3 66.4 79 91.9 113.9 137.9 145.5 146.6 141.9 122.2 100.8 81 89.6 101.6 110.5 118.5 93 84.2 86.7 103.3 124.1 131.4 151.1 169.3 181.8 188.7 191 191.8 192.9 193.3 193.8 196.2 197.8 200.4 202.9 205.9 209.1 220.9 229.5 236.6 240.5 244.3 247.2 246 243.3 240.5 239.2 238.9 241 240.8 238.6 234.6 226.7 233.8 237.2 235.5 226.4 211.5 198.1 179.2 183.3 197 211.2 223.6
43.2 49.8 60.1 65 68 63.3 47.4 41.5 37.1 37 36.9 39 39.7 40.2 40.8 42.6 45.4 48.3 52 57 63.7 73.4 92.5 114.1 135.6 137.5 136.7 130.5 112.4 93.1 75.5 75.9 86.6 94.3 101.4 108 94.1 82.7 103.8 118.5 127.4 147.4 164.3 173.8 180.9 182.7 184.3 185.4 186.4 189.7 193.5 197.6 203.4 204 203.4 205.9 216.6 226 232.9 239.2 243.1 246.3 246.3 242.9 237.5 233.6 232.2 233.2 231.8 227 218.2 211.6 215.7 221.7 225.6 220.8 207.3 196.6 177 176.7 190.9 203.7 218.4
35.2 36.6 45.1 49.8 53.9 52.1 39.6 36.6 35.7 36.1 36.4 36.9 37.4 38.1 38.8 40.4 43.1 45.9 49.6 54.7 61.3 69.8 91.6 111.3 125.6 125.8 122 114.9 103.5 86.7 72.4 68.1 72.4 76.5 82.6 90.4 93 77.3 101.7 113.5 120.8 138.7 153 161.2 169.2 174.9 177.9 179.7 185.5 191.2 195.4 200.8 207.7 204.3 202.3 202.1 210.7 220.9 227.9 233.7 239.1 242.7 242.6 238.1 229.9 219.7 213.9 210.5 209.2 201.5 193.8 188.9 193.1 200.4 206.6 207.3 199.2 172 160.4 157.8 170.7 192 206.7
29.4 30.3 31.4 33.4 36.6 38.9 34.8 33.2 32.9 33.4 34.3 35.1 35.6 36.1 36.8 38.6 40.7 43.6 47.1 51.8 59.9 73.3 90.1 105.6 111.6 111.8 107.7 102.8 94.2 80.8 68.7 61.5 63.2 66.2 67.3 74.3 70.1 80 93.3 106.2 113.9 129 143.4 150.6 163.6 172.7 172.4 179.8 187 193.8 201.2 206.5 205.7 203.2 199.1 199.2 204.6 215.5 221.8 228 232.2 232.5 227.9 223 212.4 195.9 188.9 185.6 181 175.3 164.2 153.6 164.2 168.9 169.2 187.1 180.2 148.7 160.3 164 156 175.9 192.3
25.1 25.5 26.2 24.8 26.8 27.9 29.6 30.6 31 31.7 32.5 33.3 33.9 34.1 34.8 36.4 38.1 40.9 44.4 50.7 60.8 73.3 85.1 94.6 99.4 99.2 96.6 92.9 86.5 72.7 65 58.6 56.8 58.6 61 61.2 65.9 75.6 81.7 89.9 103.4 117.2 131.1 143.9 161 159.8 169.4 180 187.1 195.1 200.9 200.8 199.7 198.6 196.3 195.8 201.4 211.3 216.7 220.6 220.2 215.3 211.2 202.3 185.3 163.9 155.9 156 153 137.3 129.9 130.7 132.8 134.9 137.9 159.3 165.7 149.4 176.6 176.7 163.9 166.8 182.5
22.8 24.7 21.6 22.6 24.4 25.9 27.3 28.3 29.2 30 30.8 31.5 32.1 32.2 32.7 33.8 35.1 36.8 40.3 51 57.9 64.7 73.8 84.5 89 89.2 87.2 85 81.6 68.6 61.3 56.3 53.3 52.8 57.7 58 59.2 64.7 69.2 76.2 87.8 103.2 106.1 113.7 151.7 151.9 169.9 178.4 185 189.7 194 193.2 193.1 193.7 191.7 193.9 198.6 205.9 210.5 209.2 201.9 195.3 188.8 182 153 126.6 119.5 122.5 124.1 136.1 153.7 161.1 165.1 168.2 164.1 142.1 143.6 162.4 192 185.1 165.8 159.8 166
20.5 20.3 22.5 21.2 23.1 24.5 25.9 27.2 28 28.6 29.1 29.8 30.4 30.5 30.8 31.5 32.5 33.9 35.3 39.9 45.3 50.8 60.2 70.4 79.3 81.2 79.2 75.5 77.5 68.1 58 52.2 49.1 49.3 52 53.7 54.1 56.2 61 65.4 76.5 85.6 83.6 96 136.1 156.3 169.5 174.5 178.7 182.2 184.7 183.2 185.6 187.5 186.2 188.8 196.5 201.2 200.4 187.4 172.1 169 165.5 158.4 119 117.8 139.9 151.7 161.8 174.8 183 190.4 197.6 199.5 194.6 186.6 178.5 194.4 207.4 190.6 169.1 161.8 169.8
