public/OST50/ST47.asc
ncols 200
nrows 200
xllcorner 340000
yllcorner 170000
cellsize 50
[rows 39 to 77 of 200, columns 87 to 173 of 200]
-3.9 -3.9 -3.9 -3.9 -3.9 -3.9 -3.9 -3.9 -3.9 -3.9 -3.9 -3.9 -3.9 -3.9 -3.9 -3.9 -3.9 -3.9 -3.9 -3.9 -3.9 -3.9 -3.9 -3.9 -3.9 -3.9 -3.9 -3.9 -3.9 -3.9 -3.9 -3.9 -3.9 -3.9 -3.9 -3.9 -3.9 -3.9 -3.9 -3.9 -3.9 -3.9 -3.9 -3.9 -3.9 -3.9 -3.9 -3.9 -3.9 -3.9 -3.9 -3.9 -3.9 -3.9 -3.9 -3.9 -3.9 -3.9 -3.9 -3.9 -3.9 -3.9 -3.9 -3.9 -3.9 -3.9 -3.9 -3.9 -3.9 -3.9 -3.9 -3.9 -3.9 -3.9 -3.9 -3.9 -3.9 -3.9 -3.9 -3.9 -3.9 -3.9 -3.9 -3.9 -3.9 -3.9 -3.9
-3.9 -3.9 -3.9 -3.9 -3.9 -3.9 -3.9 -3.9 -3.9 -3.9 -3.9 -3.9 -3.9 -3.9 -3.9 -3.9 -3.9 -3.9 -3.9 -3.9 -3.9 -3.9 -3.9 -3.9 -3.9 -3.9 -3.9 -3.9 -3.9 -3.9 -3.9 -3.9 -3.9 -3.9 -3.9 -3.9 -3.9 -3.9 -3.9 -3.9 -3.9 -3.9 -3.9 -3.9 -3.9 -3.9 -3.9 -3.9 -3.9 -3.9 -3.9 -3.9 -3.9 -3.9 -3.9 -3.9 -3.9 -3.9 -3.9 -3.9 -3.9 -3.9 -3.9 -3.9 -3.9 -3.9 -3.9 -3.9 -3.9 -3.9 -3.9 -3.9 -3.9 -3.9 -3.9 -3.9 -3.9 -3.9 -3.9 -3.9 -3.9 -3.9 -3.9 -3.9 -3.9 -3.9 -3.9
-3.9 -3.9 -3.9 -3.9 -3.9 -3.9 -3.9 -3.9 -3.9 -3.9 -3.9 -3.9 -3.9 -3.9 -3.9 -3.9 -3.9 -3.9 -3.9 -3.9 -3.9 -3.9 -3.9 -3.9 -3.9 -3.9 -3.9 -3.9 -3.9 -3.9 -3.9 -3.9 -3.9 -3.9 -3.9 -3.9 -3.9 -3.9 -3.9 -3.9 -3.9 -3.9 -3.9 -3.9 -3.9 -3.9 -3.9 -3.9 -3.9 -3.9 -3.9 -3.9 -3.9 -3.9 -3.9 -3.9 -3.9 -3.9 -3.9 -3.9 -3.9 -3.9 -3.9 -3.9 -3.9 -3.9 -3.9 -3.9 -3.9 -3.9 -3.9 -3.9 -3.9 -3.9 -3.9 -3.9 -3.9 -3.9 -3.9 -3.9 -3.9 -3.9 -3.9 -3.9 -3.9 -3.9 -3.9
-3.9 -3.9 -3.9 -3.9 -3.9 -3.9 -3.9 -3.9 -3.9 -3.9 -3.9 -3.9 -3.9 -3.9 -3.9 -3.9 -3.9 -3.9 -3.9 -3.9 -3.9 -3.9 -3.9 -3.9 -3.9 -3.9 -3.9 -3.9 -3.9 -3.9 -3.9 -3.9 -3.9 -3.9 -3.9 -3.9 -3.9 -3.9 -3.9 -3.9 -3.9 -3.9 -3.9 -3.9 -3.9 -3.9 -3.9 -3.9 -3.9 -3.9 -3.9 -3.9 -3.9 -3.9 -3.9 -3.9 -3.9 -3.9 -3.9 -3.9 -3.9 -3.9 -3.9 -3.9 -3.9 -3.9 -3.9 -3.9 -3.9 -3.9 -3.9 -3.9 -3.9 -3.9 -3.9 -3.9 -3.9 -3.9 -3.9 -3.9 -3.9 -3.9 -3.9 -3.9 -3.9 -3.9 -3.9
-3.9 -3.9 -3.9 -3.9 -3.9 -3.9 -3.9 -3.9 -3.9 -3.9 -3.9 -3.9 -3.9 -3.9 -3.9 -3.9 -3.9 -3.9 -3.9 -3.9 -3.9 -3.9 -3.9 -3.9 -3.9 -3.9 -3.9 -3.9 -3.9 -3.9 -3.9 -3.9 -3.9 -3.9 -3.9 -3.9 -3.9 -3.9 -3.9 -3.9 -3.9 -3.9 -3.9 -3.9 -3.9 -3.9 -3.9 -3.9 -3.9 -3.9 -3.9 -3.9 -3.9 -3.9 -3.9 -3.9 -3.9 -3.9 -3.9 -3.9 -3.9 -3.9 -3.9 -3.9 -3.9 -3.9 -3.9 -3.9 -3.9 -3.9 -3.9 -3.9 -3.9 -3.9 -3.9 -3.9 -3.9 -3.9 -3.9 -3.9 -3.9 -3.9 -3.9 -3.9 -3.9 -3.9 -3.9
-3.9 -3.9 -3.9 -3.9 -3.9 -3.9 -3.9 -3.9 -3.9 -3.9 -3.9 -3.9 -3.9 -3.9 -3.9 -3.9 -3.9 -3.9 -3.9 -3.9 -3.9 -3.9 -3.9 -3.9 -3.9 -3.9 -3.9 -3.9 -3.9 -3.9 -3.9 -3.9 -3.9 -3.9 -3.9 -3.9 -3.9 -3.9 -3.9 -3.9 -3.9 -3.9 -3.9 -3.9 -3.9 -3.9 -3.9 -3.9 -3.9 -3.9 -3.9 -3.9 -3.9 -3.9 -3.9 -3.9 -3.9 -3.9 -3.9 -3.9 -3.9 -3.9 -3.9 -3.9 -3.9 -3.9 -3.9 -3.9 -3.9 -3.9 -3.9 -3.9 -3.9 -3.9 -3.9 -3.9 -3.9 -3.9 -3.9 -3.9 -3.9 -3.9 -3.9 -3.9 -3.9 -3.9 -3.9
-3.9 -3.9 -3.9 -3.9 -3.9 -3.9 -3.9 -3.9 -3.9 -3.9 -3.9 -3.9 -3.9 -3.9 -3.9 -3.9 -3.9 -3.9 -3.9 -3.9 -3.9 -3.9 -3.9 -3.9 -3.9 -3.9 -3.9 -3.9 -3.9 -3.9 -3.9 -3.9 -3.9 -3.9 -3.9 -3.9 -3.9 -3.9 -3.9 -3.9 -3.9 -3.9 -3.9 -3.9 -3.9 -3.9 -3.9 -3.9 -3.9 -3.9 -3.9 -3.9 -3.9 -3.9 -3.9 -3.9 -3.9 -3.2 -2.9 -3.8 -3.9 -3.9 -3.9 -3.9 -3.9 -3.9 -3.9 -3.9 -3.9 -3.9 -3.9 -3.9 -3.9 -3.9 -3.9 -3.9 -3.9 -3.9 -3.9 -3.9 -3.9 -3.9 -3.9 -3.9 -3.9 -3.9 -3.9
-3.9 -3.9 -3.9 -3.9 -3.9 -3.9 -3.9 -3.9 -3.9 -3.9 -3.9 -3.9 -3.9 -3.9 -3.9 -3.9 -3.9 -3.9 -3.9 -3.9 -3.9 -3.9 -3.9 -3.9 -3.9 -3.9 -3.9 -3.9 -3.9 -3.9 -3.9 -3.9 -3.9 -3.9 -3.9 -3.9 -3.9 -3.9 -3.9 -3.9 -3.9 -3.9 -3.9 -3.9 -3.9 -3.9 -3.9 -3.9 -3.9 -3.9 -3.9 -1.5 -1.2 -0.7 -0.4 -0.6 0 0.8 0.8 0 -0.5 -0.6 -3.9 -3.9 -3.9 -3.9 -3.9 -3.9 -3.9 -3.9 -3.9 -3.9 -3.9 -3.9 -3.9 -3.9 -3.9 -3.9 -3.9 -3.9 -3.9 -3.9 -3.9 -3.9 -3.9 -3.9 -3.9
-3.9 -3.9 -3.9 -3.9 -3.9 -3.9 -3.9 -3.9 -3.9 -3.9 -3.9 -3.9 -3.9 -3.9 -3.9 -3.9 -3.9 -3.9 -3.9 -3.9 -3.9 -3.9 -3.9 -3.9 -3.9 -3.9 -3.9 -3.9 -3.9 -3.9 -3.9 -3.9 -3.9 -3.9 -3.9 -3.9 -3.9 -3.9 -3.9 -3.9 -3.9 -3.9 -3.9 -3.9 -3.9 -3.9 -3.9 -3.9 1.1 1.7 1.9 2.6 2.8 3.3 3.2 3.2 3.7 5.3 4.5 3.9 3.5 4.2 3 -3.9 -3.9 -3.9 -3.9 -3.9 -3.9 -3.9 -3.9 -3.9 -3.9 -3.9 -3.9 -3.9 -3.9 -3.9 -3.9 -3.9 -3.9 -3.9 -3.9 -3.9 -3.9 -3.9 -3.9
-3.9 -3.9 -3.9 -3.9 -3.9 -3.9 -3.9 -3.9 -3.9 -3.9 -3.9 -3.9 -3.9 -3.9 -3.9 -3.9 -3.9 -3.9 -3.9 -3.9 -3.9 -3.9 -3.9 -3.9 -3.9 -3.9 -3.9 -3.9 -3.9 -3.9 -3.9 -3.9 -3.9 -3.9 -3.9 -3.9 -3.9 -3.9 -3.9 -3.9 -3.9 9.7 14.1 16.4 16.8 16 13.3 12.9 12.5 14.3 13.9 15.3 17.6 17.5 17.9 19.6 18.8 20.3 20.4 21.6 21.3 19.1 15.8 3.9 0.5 0 0.3 -3.9 -3.9 -3.9 -3.9 -2.8 -2.7 -2.6 -2.5 -3 -3.9 -3.9 -3.9 -3.9 -3.9 -3.9 -3.9 -3.9 -3.9 -3.9 -3.9
-3.9 -3.9 -3.9 -3.9 -3.9 -3.9 -3.9 -3.9 -3.9 -3.9 -3.9 -3.9 -3.9 -3.9 -3.9 -3.9 -3.9 -3.9 -3.9 -3.9 -3.9 -3.9 -3.9 -3.9 -3.9 -3.9 -3.9 -3.9 -3.9 -3.9 -3.9 -3.9 -3.9 -3.9 -3.9 -3.9 -3.9 -3.9 -3.9 -3.9 2.1 4.8 7.2 11.4 14.8 18.2 20.5 20.8 23.4 27.5 32 33.7 33.7 34.1 33.7 33.4 34.6 38.5 40.7 45.8 44.5 34.5 20.9 7.5 4.1 4.6 -3.9 -3.9 -3.9 -1.6 -0.9 -0.8 -0.8 -0.7 -0.8 -1.3 -2.2 -3.9 -3.9 -3.9 -3.9 -3.9 -3.9 -3.9 -3.9 -3.9 -3.9
-3.9 -3.9 -3.9 -3.9 -3.9 -3.9 -3.9 -3.9 -3.9 -3.9 -3.9 -3.9 -3.9 -3.9 -3.9 -3.9 -3.9 -3.9 -3.9 -3.9 -3.9 -3.9 -3.9 -3.9 -3.9 -3.9 -3.9 -3.9 -3.9 -3.9 -3.9 -3.9 -3.9 -3.9 -3.9 -3.9 -3.9 -3.9 -3.9 -1.4 1.2 4.8 7.4 10.2 13.1 16.2 20.5 25.1 34.4 42.9 48.8 52.3 52.4 51 50.7 52.2 53.4 56.5 54 45.4 34.8 27.7 23 16.6 10 7 -3.9 -3.9 -1.8 0.5 1.1 1.2 1.1 1 0.9 0.4 -0.4 -1.3 -3.9 -3.9 -3.9 -3.9 -3.9 -2 -1 -3.9 -3.9
-3.9 -3.9 -3.9 -3.9 -3.9 -3.9 -3.9 -3.9 -3.9 -3.9 -3.9 -3.9 -3.9 -3.9 -3.9 -3.9 -3.9 -3.9 -3.9 -3.9 -3.9 -3.9 -3.9 -3.9 -3.9 -3.9 -3.9 -3.9 -3.9 -3.9 -3.9 -3.9 -3.9 -3.9 -3.9 -3.9 -3.9 -3.9 -1.7 0 2.1 4.4 9.2 12.1 17.2 21.5 24.5 28.7 32.7 38.4 42 45.5 50.7 49.2 48.1 46.2 43.4 38.7 32 31.2 30.7 11.6 16.5 10.4 9.5 -3.9 -3.9 -3.9 -3.9 2.3 3.2 3.1 3 2.8 2.7 2.2 1.7 0.9 -3.9 -1.9 -1.8 -1.8 -3.9 1.3 -3.9 -3.9 -3.9
-3.9 -3.9 -3.9 -3.9 -3.9 -3.9 -3.9 -3.9 -3.9 -3.9 -3.9 -3.9 -3.9 -3.9 -3.9 -3.9 -3.9 -3.9 -3.9 -3.9 -3.9 -3.9 -3.9 -3.9 -3.9 -3.9 -3.9 -3.9 -3.9 -3.9 -3.9 -3.9 -3.9 -3.9 -3.9 -3.9 -2.1 -1 0.1 1.6 3.5 5.4 9.1 16.5 18.6 24.2 29.4 34.3 38.1 40.6 42.2 47.5 50.3 47.7 41.5 36.1 32 29.2 28.4 28.6 11.7 11.2 10.6 10.3 -3.9 -3.9 -0.3 -0.3 -3.9 -3.9 5.7 5.5 4.9 4.6 4.4 4.1 4 3.8 -3.9 2.9 4.3 5.6 -3.9 5.1 -3.9 5.4 5.8
-3.9 -3.9 -3.9 -3.9 -3.9 -3.9 -3.9 -3.9 -3.9 -3.9 -3.9 -3.9 -3.9 -3.9 -3.9 -3.9 -3.9 -3.9 -3.9 -3.9 -3.9 -3.9 -3.9 -3.9 -3.9 -3.9 -3.9 -3.9 -3.9 -3.9 -3.9 -3.9 -3.9 -2.8 -1.6 -0.6 0.1 1 2.1 3.2 4.5 6.7 7.4 11.6 17.6 24.4 31.3 39.4 43.3 49.8 54.4 54.5 51.6 46.3 38.4 31.9 28.8 27.3 26.8 14.4 11.8 11.1 10.1 9.1 -3.9 3.8 4.5 4 0 -3.9 6.3 6.6 6.6 6.4 5.6 5.5 5.5 5.6 5.7 5.7 5.8 6.3 6 5.9 5.9 6.1 6.7
-3.9 -3.9 -3.9 -3.9 -3.9 -3.9 -3.9 -3.9 -3.9 -3.9 -3.9 -3.9 -3.9 -3.9 -3.9 -3.9 -3.9 -3.9 -3.9 -3.9 -3.9 -3.9 -3.9 -3.9 -3.9 -3.9 -3.9 -3.9 -3.9 -3.9 -3.9 -3.9 -2.2 -1.2 0.2 1.4 2.3 3.2 4.2 4.8 5.6 8.6 7.2 7.8 16.2 24.8 33.3 40.9 52.9 58.9 60 58 50 43.3 35.9 29.2 25.5 21.2 20 11.2 10.6 9.5 9.3 9 9.4 9.1 7.2 7 5.5 -3.9 7.3 7.2 7.3 7.1 6.6 6.5 6.5 6.6 6.7 6.9 7 7 6.7 6.6 6.7 6.8 7.2
-3.9 -3.9 -3.9 -3.9 -3.9 -3.9 -3.9 -3.9 -3.9 -3.9 -3.9 -3.9 -3.9 -3.9 -3.9 -3.9 -3.9 -3.9 -3.9 -3.9 -3.9 -3.9 -3.9 -3.9 -3.9 -3.9 -3.9 -3.9 -3.9 -3.9 -2.6 -1.7 -0.5 0.4 1.6 3.1 4.3 4.4 5.7 5.4 6.7 5.9 5.9 7.6 14.6 24.6 33.4 41.2 53 59.6 59.3 49.2 45 38.9 31.7 25.6 17.1 13.8 10.6 9.7 9.4 6.8 6.3 8.8 8.8 9 9.2 13 9.9 8 6.2 7.3 7.7 7.7 7.6 7.5 7.5 7.6 7.7 7.8 7.9 8 7.4 7.4 7.3 6.2 7.4
-3.9 -3.9 -3.9 -3.9 -3.9 -3.9 -3.9 -3.9 -3.9 -3.9 -3.9 -3.9 -3.9 -3.9 -3.9 -3.9 -3.9 -3.9 -3.9 -3.9 -3.9 -3.9 -3.9 -3.9 -3.9 -3.9 -3.9 -3.9 -3.9 -2.6 -1.5 -0.2 0.8 1.9 3 4.5 5.6 5.6 6.1 6.5 8.1 5.9 5.9 8.2 14.5 25.3 32.9 40.1 50 55 49.5 44.8 39.9 33.8 27.7 21.4 15.6 13.9 10.3 9.3 7.8 6.3 6.3 6.9 8.9 9 9 7.4 6.6 11.1 12.2 10.2 5.8 9.6 13.7 13.3 10.4 8.7 9.3 10.6 11.1 9.5 6.9 6.9 6.6 6.9 6.8
-3.9 -3.9 -3.9 -3.9 -3.9 -3.9 -3.9 -3.9 -3.9 -3.9 -3.9 -3.9 -3.9 -3.9 -3.9 -3.9 -3.9 -3.9 -3.9 -3.9 -3.9 -3.9 -3.9 -3.9 -3.9 -3.9 -3.9 -2.9 -2.2 -1.4 -0.6 0.6 1.9 3.2 4.4 4.8 5.8 6.4 6.7 8.5 5.9 5.9 5.9 8.1 14.1 24.7 32.4 38.4 48.8 49.4 44.1 39.7 33.8 28 25.9 20.9 11.9 10.5 9.7 8.4 6.3 6.3 6.3 8.1 8.8 8.9 7.4 3.2 9.8 10.8 11.5 12.1 12.4 9.9 7.5 12.4 12.8 12.4 13.1 11.3 8.8 8.7 6.9 6.7 5.9 6.6 6.7
-3.9 -3.9 -3.9 -3.9 -3.9 -3.9 -3.9 -3.9 -3.9 -3.9 -3.9 -3.9 -3.9 -3.9 -3.9 -3.9 -3.9 -3.9 -3.9 -3.9 -3.9 -3.9 -3.9 -3.9 -3.9 -3.9 -2.3 -1.6 -1 -0.3 0.6 1.4 2.7 4 4.8 4.8 5.9 6.6 8.5 7.7 5.9 6.9 7.8 8 13 23 32 38.3 42.7 43.2 38.6 34.2 29.4 26.1 23.8 20.4 10.3 8.9 7.7 6.3 6.3 6.3 6.7 8.9 9 8.3 3.6 7.6 8.9 10 10.6 11 11.7 12.4 12.5 13.2 8 9.5 8.5 7.9 7.9 7.9 6.2 6.7 5.9 5.9 5.9
-3.9 -3.9 -3.9 -3.9 -3.9 -3.9 -3.9 -3.9 -3.9 -3.9 -3.9 -3.9 -3.9 -3.9 -3.9 -3.9 -3.9 -3.9 -3.9 -3.9 -3.9 -3.9 -3.9 -3.9 -3.9 -2.2 -1.2 -0.3 0.3 0.9 1.7 2.5 3.5 4.8 4.8 5.6 6.1 8.5 7.2 6.6 7 7.7 7.7 8.2 13 23.4 30.5 34.9 36.5 35.6 32.2 29.5 26.6 23.2 20.1 10.4 9.8 8.6 6.3 6.3 6.3 7.7 7.8 8.9 8.9 4.9 7.5 8 8.5 9.5 10.1 10.9 11.5 12.1 12.6 12.8 11.9 12.2 12.6 10.4 7.1 9.9 8.1 6.8 6.8 7.2 7.4
-3.9 -3.9 -3.9 -3.9 -3.9 -3.9 -3.9 -3.9 -3.9 -3.9 -3.9 -3.9 -3.9 -3.9 -3.9 -3.9 -3.9 -3.9 -3.9 -3.9 -3.9 -3.9 -3.9 -2.7 -1.9 -1.1 -0.1 0.9 1.6 2.2 2.9 3.7 4.5 5.3 6.4 10.8 10.2 9 8 7.2 7.5 7.8 7.7 9 13.7 23.2 29.1 31.6 31.2 28.7 25.8 23.1 21.8 19.6 10.8 9.6 9.2 7.8 6.3 6.2 8.3 8.8 8.9 8.6 5.8 6 7.9 8.2 8.6 9 10 10.8 11.5 12.1 12.7 12.5 12.1 12 15.6 10.9 11 10.7 8.4 7.5 6.4 6.4 6.4
-3.9 -3.9 -3.9 -3.9 -3.9 -3.9 -3.9 -3.9 -3.9 -3.9 -3.9 -3.9 -3.9 -3.9 -3.9 -3.9 -3.9 -3.9 -3.9 -3.9 -3.9 -3.9 -2 -1.3 -0.6 0.1 1 1.9 2.9 3.5 4.1 4.8 8.1 19.2 19.4 17.2 15.6 13.9 11.1 9.2 9 8.8 9.5 10 14.5 22.8 26.4 28.1 25.4 22.1 19.2 16.4 14.6 10.8 10.2 9.8 7.1 6.3 6.3 6.5 8.4 8.5 8.6 6.8 5.5 7.8 8.1 8.5 8.8 9.5 10.2 10.9 11.5 12.2 12.8 12.4 12.4 12.3 15.1 9.8 9.2 9.9 8.7 7.4 7.8 7.7 7.7
-3.9 -3.9 -3.9 -3.9 -3.9 -3.9 -3.9 -3.9 -3.9 -3.9 -3.9 -3.9 -3.9 -3.9 -3.9 -3.9 -3.9 -3.9 -3.9 -3.9 -2.3 -1.2 -0.5 0.3 0.8 1.4 2.1 3 3.9 5.1 9.1 12.1 21.3 23.9 23.5 21.9 20.6 20.3 17.7 15.2 14.4 14.7 12.3 14.6 17.4 20.9 24.1 25.2 20.9 17.3 14.7 12.1 10.4 9.1 8.9 8.9 6.3 6.3 6.3 8.3 7.9 8.6 7 3.8 7.8 8.1 8.2 8.5 8.9 9.5 10.1 10.7 11.5 12.2 12.8 12.8 12.8 12.7 13 6.5 6.1 5.7 6.6 7.5 8 7.8 7.7
-3.9 -3.9 -3.9 -3.9 -3.9 -3.9 -3.9 -3.9 -3.9 -3.9 -3.9 -3.9 -3.9 -3.9 -3.9 -3.9 -3.9 -3.9 -2.2 -0.9 -0.3 0.6 1.4 2 2.3 2.8 3.4 4.2 5.5 17.1 19.9 22.8 25.6 28.3 28.2 27.2 26.9 26.8 24.9 22.5 21.7 21.5 20.6 20.7 19.9 19.7 20.4 20 16.9 14 11.5 9.6 8.9 9 8.8 6.3 6.3 6.3 7.2 8.8 8.7 7.3 3.1 7.3 8.3 8.4 8.2 8.6 9 9.5 10.1 10.6 10.9 11.4 12.2 12.8 13.2 13.4 13.4 7 6.9 6.9 6.8 6.9 7.2 8 7.8
-3.9 -3.9 -3.9 -3.9 -3.9 -3.9 -3.9 -3.9 -3.9 -3.9 -3.9 -3.9 -3.9 -3.9 -3.9 -3.9 -1.5 -0.3 0.5 1.6 1.7 2.3 3.3 3.6 3.8 4.2 4.8 6.8 16.1 22.7 26.7 29 30.9 31.9 32.8 33.6 33.6 33.7 33.6 32.2 31.5 31.1 30.4 25.9 22.8 20.6 18 16.4 13.8 11.8 9.4 8.7 8.7 8.9 6.3 6.3 6.3 6.9 8.6 8.7 8.4 5 7.9 7.8 8 8.2 8.3 8.6 9 9.5 10 10.5 10.8 11.3 11.8 12.3 13.2 13 12.8 7.1 6.9 6.8 6.8 6.2 7.5 8.1 8
-3.9 -3.9 -3.9 -3.9 -3.9 -3.9 -3.9 -3.9 -3.9 -1.5 -1.8 -1.6 -0.9 -0.3 0 1.4 2.4 3.2 3.6 4 4 4.4 5.7 5.8 11.9 15.9 17.8 19.6 22 27.8 31.8 35 36.9 38 39.8 41.5 41.8 41.7 41.1 40.2 38.6 37.1 34.5 30.4 26.6 21.7 17.6 13.9 11.2 9.3 8.9 8.8 8.8 6.3 6.3 6.3 6.7 8.8 8.6 8.4 6.3 6 7.9 7.9 8 7.9 8.2 8.7 9.2 9.2 9.7 10.2 10.8 11.4 12.1 12.5 13.2 13.3 12.8 6.6 6.9 6.9 5.8 5.8 7.4 8.1 7.8
-3.9 -3.9 -3.9 -3.9 -3.9 -3.9 -0.8 1.4 2.3 2.2 1.4 1.6 2.5 3.7 3.7 4.6 11.1 13.7 12 16.6 16.3 15.2 18 19.1 22.2 25 26.8 28.9 30.6 32.7 36.2 39.6 42.7 44.6 45.9 46.5 47.6 49 47.9 47.1 45.1 41.5 37 33.2 28.1 23.2 17.6 12.4 9.3 8.6 8.7 8.9 8.9 8.1 6.7 8.6 8.3 8.5 8.4 6.9 6.4 7.5 8 7.7 7.5 7.5 8.2 8.8 9.3 9.4 9.4 9.9 10.6 11.2 12.1 12.9 12.9 13 13 5.5 6.9 6.9 5.8 6.8 7.1 7.6 7.8
-3.9 -3.9 -3.9 -1.5 0.2 1.4 2.7 6.3 10.2 5.7 4.5 4.7 6.2 16.3 9.9 15.4 17 20.2 21.7 24.2 23.9 23.3 24.6 27.4 30.7 32.9 34.9 36.5 37 39.3 42.1 45.2 49.1 51.5 51.7 52.8 56.2 56.7 53.7 52.1 49.4 44.2 38.5 33.3 27.9 22.2 16.3 11.9 9.4 8.7 8.7 8.9 8.9 8.5 7.8 8.3 8.4 8.2 7.7 6.4 7.3 7.4 7.6 7.6 7.4 8 8.7 9.2 9.5 9.3 9.2 10 10.6 11.2 11.8 12.7 13 12.7 12.5 5.8 7 6.4 6.9 6.9 7.2 7.6 11
-3.9 -3.9 -0.1 2 4 5.4 11.5 14.2 14.7 14.1 10.7 17.2 18.7 19.3 20.3 22.1 22.8 26.6 27.2 29.8 29.3 29.4 32.8 35.8 38.3 40.1 43.6 45 45.7 47.9 50.1 53.9 57.1 59.7 60.2 62.7 59.8 58.2 56.3 54.1 49 43 36.7 31 25.7 20.8 15.4 11.4 9.2 8.7 8.7 8.7 8.8 8.8 8.7 8.4 8.6 8.1 2.9 7.9 7.5 7.3 7.2 7.3 7.5 8.8 9.3 9.5 9.5 9.7 9.5 10.3 10.7 11.4 11.4 12.1 12.7 11.2 6.4 7.1 7 6.9 6.7 6.9 7.3 7.7 12
-3.9 -0.1 2.5 5.2 12.1 12.8 15 17 20.5 19.8 15.9 23.1 24.9 24.3 26.1 29.7 27.3 29.2 32.4 34.7 36.4 38.6 41.5 44.5 45.9 47.4 51.4 55.4 57.6 60.2 62.9 64.5 66.8 69.4 68.6 64 57.3 50.3 48.3 46 39.3 34.7 30.9 26.4 22 17.1 14.2 9.3 8.3 8 7.7 7.9 7.8 8.2 8.6 8.9 8.2 6.1 7.6 8.3 7.7 7.5 7.5 7.4 7.8 9.4 9.9 10.1 10.5 10 9.5 10.2 10.8 11 10.6 10.8 11.6 8.5 7.3 7.1 7 6.8 6.7 6.8 7.4 9.3 13
-0.1 1.7 4.1 11 13.6 17.2 20.2 22.5 25.9 24.8 21.4 31 31.2 27.9 31.4 34.9 35.4 34.9 38.3 41.9 45 47.5 50.1 52.6 56.7 62.4 64.2 66.4 68.5 71.7 72.9 74.7 75.9 75.2 69.1 58.4 49.7 44.1 41.9 39.3 34.3 28.9 24.4 20.7 17.3 13.3 11.2 7.2 6.5 7.2 7.3 7.5 7.6 7.7 8 8.1 7.3 7.2 8.4 8.1 7.8 7.4 7.3 7.3 7.6 9.5 10.2 10.4 10.4 10 9.9 10.2 9.7 8.9 8.2 6.1 7.5 7.1 7.1 7.1 7 6.8 6.8 6.7 7.1 10.2 13.2
1.4 3.5 6.7 15.1 15 21.7 25.7 30.1 31.4 31.8 26.3 37.6 35.2 33.8 36.4 39.7 41.2 43 50.2 53.7 56.9 56.7 61.8 66.1 70.4 72.1 74.4 76.4 78 79.6 81.3 82.3 80.7 77.5 70.4 58.2 55.3 53.9 52.8 48 39.4 34 27.4 19.1 14 11.2 9 6.9 6.7 6.9 7.6 7.5 7.5 7.6 7.6 7.6 3.1 7.7 8.5 8.2 8 7.6 7.3 7.1 7.3 8.2 10.3 10.3 10.2 10.1 10.1 9.7 9.2 8.7 7.8 7.4 7.4 7.3 5.5 7.1 7 7 7 7 7 9.6 13
3 4.7 18.9 19.5 14.8 16.3 27.2 32.4 35.7 35.1 31.2 37 38.2 39.1 42.1 45.8 49.9 56.1 61 68.4 70.6 70.9 72.9 76.8 78.7 80.5 81.8 83.9 84.6 85.4 86.5 85.1 82.2 77.3 68.3 62.2 62.7 60.5 54.7 45.7 38.4 32.1 23.9 18.1 13.3 10.4 8.4 6.8 6.7 6.8 6.9 7.3 7.4 7.4 7.3 7.6 7.4 7.1 8 8.1 8 7.7 7.6 7.5 7.7 4.7 9.7 10.1 10.1 9.8 9.6 9.1 8.7 8.4 8.2 7.8 7.5 7.7 9.8 5.6 7.1 7 7 7 7 11 12.6
6.5 18.1 19.4 20 28.6 24.7 23.6 30.9 35.4 35.7 35.5 38.2 43.7 48 54.5 61.1 67.5 71.8 75.1 76.5 79.2 81.7 83.4 85.1 87.1 88 88.9 89.1 90 89.5 88 85.7 81.2 74.8 69.1 68.2 66.2 59.4 52.9 42.2 35.2 25.9 19.8 15.6 12.7 9.5 7.2 6.7 6.7 6.6 6.4 6.6 7.1 7.6 7.6 7.9 8.2 8.1 8.1 8 7.9 7.9 7.9 7.5 7.4 7.6 8.5 9 9.1 8.9 9 9 8.7 8.5 8.4 8.2 7.9 7.5 7.7 9.4 7.1 6.9 6.8 6.8 7.7 12.1 11.9
16 20.1 23.3 26.8 33 33.7 32.2 29.6 35.5 38.6 42.7 47.3 53.4 62.8 71.4 77.5 81.3 82.8 84.6 87.1 88.2 89.4 90.5 92 92.9 92.9 92.4 92.7 93 91.3 88.9 84.4 79.7 74 72.3 71 65.5 59.1 51.3 43.9 34.1 24.6 17.6 13.8 11.8 8.9 7.1 6.8 6.8 6.8 6.5 6.1 6.7 4.9 7.3 8.2 8.1 8 7.9 7.7 7.6 7.7 7.5 7.2 7 6.9 6.6 7.4 8 8.1 8.3 8.4 8.5 8.4 8.3 8.2 8.1 7.7 7.5 7.4 8.3 7 6.8 6.7 10.2 11.1 11.3
20.4 26 29.8 34.4 37.5 38.6 38.6 36.9 39.8 44.5 52.8 61.2 69.4 78.1 84.5 88.4 91 91.8 92.8 93.4 94.3 95.3 96.3 97.4 97.3 96.8 96.3 95.3 95.1 92.7 87.9 82 77.3 75.9 74.7 71.2 67.1 61 54.4 43.1 32.1 22.6 17.2 14.1 11.9 9.3 7.7 6.8 6.9 6.9 6.6 6.3 5.6 6.5 6.8 7.5 7.6 7.8 7.7 7.5 7.3 7.2 7.1 7 6.9 6.6 5.5 6.1 7 7.2 7.7 7.9 8.1 8 8 8 8 7.7 7.5 7.4 8.7 5.5 6.9 9.1 11.6 11.1 10.6
23.6 29.5 33.7 38.7 41.8 43.5 43.5 43.7 51.6 59 69.4 78.8 85.6 90 94.3 95.8 96.9 97.5 97.9 98.7 99.5 100.4 101.4 101.4 101.1 100.2 98.6 97.7 95.4 91.8 85.9 81 78.3 78 76 73 70.6 63.9 53 41.7 29.9 22.5 18.4 15.2 14.2 11.3 8.5 7.1 6.9 6.8 6.7 6.5 6.4 3.4 7 7.2 7.4 7.6 7.5 7.3 7.1 7 7 6.9 6.8 6.8 6.5 6.6 6.8 7 7.1 7.3 7.6 7.7 7.8 7.8 7.8 7.7 7.5 7.3 7.7 8.5 7.5 11.8 11.1 10.5 10
31.2 30.4 35 42.5 45.9 48.3 51.9 58.9 67.4 76.6 84.4 90 94.1 97.3 99.1 100.2 101.6 102.1 102.2 102.9 104 104.4 105.3 105.3 104.5 102.7 100.8 98.4 94.1 90 85.1 82 80.4 78.9 76.8 74.7 71.5 63.7 54.2 39.2 28.9 23.7 19.9 17.5 15.5 12.5 9.3 7.7 6.8 6.8 6.7 6.6 6.4 6.3 6.3 7 7.2 7.3 7.3 7.1 7.2 7 6.9 6.8 6.8 6.8 6.6 6.7 6.9 7 7.1 7.2 7.4 7.5 7.3 7.4 7.7 7.7 7.2 7.4 7.6 8.3 10.4 11.8 11 10.2 9.2
