public/OST50/ST47.asc
ncols 200
nrows 200
xllcorner 340000
yllcorner 170000
cellsize 50
[rows 117 to 155 of 200, columns 0 to 86 of 200]
-3.9 -3.9 -3.9 -3.9 -3.9 -3.9 -3.9 -3.9 -3.9 -3.9 -3.9 -3.9 -3.9 -3.9 -3.9 -3.9 -3.9 -3.9 -3.9 -3.9 -3.9 -3.9 -3.9 -3.9 -3.9 -3.9 -3.9 -3.9 -3.9 -3.9 -3.9 -3.9 -3.9 -3.9 -3.9 -3.9 -3.9 -3.9 -3.9 -3.9 -3.9 -3.9 4.2 24 26.5 31.2 38.4 43.8 49.2 55.1 61.9 68.3 70 67.4 63 57.1 51.8 52.2 53.8 57.2 63.4 70.1 74.2 75.5 75.6 72.9 67.6 61.6 56 51 48.6 45.6 40.9 35.9 31.4 27.8 25.3 23.5 22.2 21 19.4 17.5 16.3 14.8 13.7 12.9 12.5
-3.9 -3.9 -3.9 -3.9 -3.9 -3.9 -3.9 -3.9 -3.9 -3.9 -3.9 -3.9 -3.9 -3.9 -3.9 -3.9 -3.9 -3.9 -3.9 -3.9 -3.9 -3.9 -3.9 -3.9 -3.9 -3.9 -3.9 -3.9 -3.9 -3.9 -3.9 -3.9 -3.9 -3.9 -3.9 -3.9 -3.9 -3.9 -3.9 -3.9 1.3 8.1 23.4 29.4 33.1 39.7 47.4 51.2 56.4 60.4 64.3 67.5 64.6 59.9 52.4 50.4 51.3 54.5 60.6 67.8 74.1 76.5 77.9 77.4 73.5 66.5 59.7 53.2 47.3 42.1 40.1 35.8 32 28.8 25.8 23.2 20.6 18.7 17.4 16.4 14.9 13.7 12.8 11.9 10.8 10.6 10.1
-3.9 -3.9 -3.9 -3.9 -3.9 -3.9 -3.9 -3.9 -3.9 -3.9 -3.9 -3.9 -3.9 -3.9 -3.9 -3.9 -3.9 -3.9 -3.9 -3.9 -3.9 -3.9 -3.9 -3.9 -3.9 -3.9 -3.9 -3.9 -3.9 -3.9 -3.9 -3.9 -3.9 -3.9 -3.9 -3.9 -3.9 -3.9 -3.9 2.3 19 24.8 29.1 33.9 39 44.6 50.6 57.1 60.9 63.1 63.1 59.2 54.4 49.9 48.4 51.1 56 64.6 72.1 76.4 78.5 80.4 79 74.5 68.6 58.9 51.2 45 37.5 32.2 29.3 27.3 25.1 23.2 20.5 17.9 15.6 14.5 13.4 12.5 11.7 10.9 10.1 9.3 8.1 7.8 7.8
-3.9 -3.9 -3.9 -3.9 -3.9 -3.9 -3.9 -3.9 -3.9 -3.9 -3.9 -3.9 -3.9 -3.9 -3.9 -3.9 -3.9 -3.9 -3.9 -3.9 -3.9 -3.9 -3.9 -3.9 -3.9 -3.9 -3.9 -3.9 -3.9 -3.9 -3.9 -3.9 -3.9 -3.9 -3.9 -3.9 -3.9 -3.9 4.2 18 24.4 29.8 33.5 36.5 40.1 44.2 50.5 57.1 60 57.4 53.5 49.2 46.7 47.6 52.7 58.7 68.9 75.8 78 80.6 81.2 80.2 78.8 74.6 67.4 55.3 45.1 36.1 30.4 25.8 23.5 22.1 19.9 17.8 15.3 13.5 12.3 11.1 10.4 9.7 8.8 8.1 7.4 6.7 5.7 5.6 5.6
-3.9 -3.9 -3.9 -3.9 -3.9 -3.9 -3.9 -3.9 -3.9 -3.9 -3.9 -3.9 -3.9 -3.9 -3.9 -3.9 -3.9 -3.9 -3.9 -3.9 -3.9 -3.9 -3.9 -3.9 -3.9 -3.9 -3.9 -3.9 -3.9 -3.9 -3.9 -3.9 -3.9 -3.9 -3.9 -3.9 -3.9 4 20.6 26.6 32.5 37.8 42.6 42 42.6 43.2 45.8 49.8 51 47.9 43.8 44.9 47.5 55.3 64.5 72.6 77.4 80.3 81.1 81.3 80.9 79.8 78.6 74.5 67.5 56.6 42 30.7 25.4 21.4 19.3 17.6 15.7 13.8 12 10.2 9.5 8.8 7.6 6.8 6 5.7 5.5 5 4.7 5.3 5.3
-3.9 -3.9 -3.9 -3.9 -3.9 -3.9 -3.9 -3.9 -3.9 -3.9 -3.9 -3.9 -3.9 -3.9 -3.9 -3.9 -3.9 -3.9 -3.9 -3.9 -3.9 -3.9 -3.9 -3.9 -3.9 -3.9 -3.9 -3.9 -3.9 -3.9 -3.9 -3.9 -3.9 -3.9 -3.9 -3.9 0.6 14.2 25.3 33.3 40.3 47.9 52 48.8 45.3 43.5 41.7 41.5 41.9 41.3 43.9 50.7 60.9 70.2 76.8 79.7 81.4 81.2 81.1 81.2 80.8 79.3 76.5 71.9 64.8 53.2 40 26.8 21.3 18.8 16 14.1 12.3 10.8 9.2 8.3 7.4 6.7 5.7 4.9 5.3 5.1 4.9 4.3 5.1 5.2 5.3
-3.9 -3.9 -3.9 -3.9 -3.9 -3.9 -3.9 -3.9 -3.9 -3.9 -3.9 -3.9 -3.9 -3.9 -3.9 -3.9 -3.9 -3.9 -3.9 -3.9 -3.9 -3.9 -3.9 -3.9 -3.9 -3.9 -3.9 -3.9 -3.9 -3.9 -3.9 -3.9 -3.9 -3.9 -3.9 1.7 8.2 23.5 33 41.2 47.2 55.1 58.3 57.1 50.9 44.9 39.6 38.9 40.6 45.8 54.6 64.6 75.2 80.9 83.4 82.1 81.4 81.3 80.8 81.1 78 74.9 71.6 67.6 56.6 41.8 29.8 20.7 17.9 15.3 13.1 11.4 9.9 8.7 7.7 6.5 5.6 4.6 5.3 5 4.7 4.8 4.8 4.8 4.9 5 5.2
-3.9 -3.9 -3.9 -3.9 -3.9 -3.9 -3.9 -3.9 -3.9 -3.9 -3.9 -3.9 -3.9 -3.9 -3.9 -3.9 -3.9 -3.9 -3.9 -3.9 -3.9 -3.9 -3.9 -3.9 -3.9 -3.9 -3.9 -3.9 -3.9 -3.9 -3.9 -3.9 -3.9 -3.9 2.3 13.7 22.9 32.4 38.8 46.7 52.8 60.4 63.6 59.5 52.8 43.4 37.8 39.4 44.9 55.9 68.4 77.9 85 84.2 83.2 82.1 81.5 81.2 80.6 77.6 73 69 63.8 55.1 43 29.5 21.6 17.6 14.5 12.3 11.2 9.3 8.3 7.4 5.9 4.3 5.2 5.1 5 4.7 4.8 4.8 4.8 4.8 4.8 5 5.2
-3.9 -3.9 -3.9 -3.9 -3.9 -3.9 -3.9 -3.9 -3.9 -3.9 -3.9 -3.9 -3.9 -3.9 -3.9 -3.9 -3.9 -3.9 -3.9 -3.9 -3.9 -3.9 -3.9 -3.9 -3.9 -3.9 -3.9 -3.9 -3.9 -3.9 -3.9 -3.9 -3.9 3.3 14.7 23.3 31.2 37.5 44.3 51.7 59.9 63.8 63 57.4 47.3 37.4 35.9 42.4 52.5 62.6 83.7 85.4 85 84.3 83.4 82.4 81.2 80.2 76.7 71.7 66.6 58.8 49.4 39.3 28.3 21.7 17.8 13.9 11.1 9.9 9.1 7.8 6.7 5.8 5.3 5 4.9 4.8 4.7 4.7 4.8 4.8 4.8 4.8 4.8 4.8 4.8
-3.9 -3.9 -3.9 -3.9 -3.9 -3.9 -3.9 -3.9 -3.9 -3.9 -3.9 -3.9 -3.9 -3.9 -3.9 -3.9 -3.9 -3.9 -3.9 -3.9 -3.9 -3.9 -3.9 -3.9 -3.9 -3.9 -3.9 -3.9 -3.9 -3.9 -3.9 -3.9 4 17.9 26.4 32.9 39 44.3 49.7 57.4 61.8 61.7 57.7 48.3 39.4 33.7 36.4 49.3 62.4 76.6 84.8 84.9 83.8 82.5 82.1 81 79.2 74 69.7 64.3 55 44.6 34.5 24.6 20.4 17.1 13.3 10.2 8.4 7.3 6.6 6.2 5.4 5.3 5 4.9 4.9 4.8 4.8 4.8 4.8 4.8 4.8 4.8 4.9 4.9 4.8
-3.9 -3.9 -3.9 -3.9 -3.9 -3.9 -3.9 -3.9 -3.9 -3.9 -3.9 -3.9 -3.9 -3.9 -3.9 -3.9 -3.9 -3.9 -3.9 -3.9 -3.9 -3.9 -3.9 -3.9 -3.9 -3.9 -3.9 -3.9 -3.9 -3.9 1.4 10.9 20.1 28.6 36.5 41.9 46.5 52 57.3 61.9 61.6 57.9 48.5 38.6 33.8 32.6 37.4 55.1 68.8 81.6 82.5 81.4 79.9 79.7 79.6 76.7 71.4 66.5 59.7 51.2 40.9 30.5 23.3 19.6 16 12.4 9.7 7.4 6.7 5.8 5 5.4 5.3 5 4.9 4.9 4.8 4.8 4.8 4.8 4.8 4.8 4.9 4.9 4.3 4.9 4.9
-3.9 -3.9 -3.9 -3.9 -3.9 -3.9 -3.9 -3.9 -3.9 -3.9 -3.9 -3.9 -3.9 -3.9 -3.9 -3.9 -3.9 -3.9 -3.9 -3.9 -3.9 -3.9 -3.9 -3.9 -3.9 -3.9 -3.9 -3.9 -3.9 3.4 16.3 25.8 33.1 39.4 44.1 49.5 54.8 60.2 63.1 63.2 58.8 48.3 38.8 35.6 32.9 29.6 34.1 50.5 67.7 80.4 78.8 76.8 75.6 72.5 69.5 67.1 61.8 53.7 44.8 35.6 26.6 23 18.9 15.3 11.7 9.3 6.7 5.5 5.4 5.4 5.3 5.2 5 4.9 4.8 4.8 4.8 4.8 4.8 4.8 4.8 4.9 3.9 4.9 4.9 4.9 4.9
-3.9 -3.9 -3.9 -3.9 -3.9 -3.9 -3.9 -3.9 -3.9 -3.9 -3.9 -3.9 -3.9 -3.9 -3.9 -3.9 -3.9 -3.9 -3.9 -3.9 -3.9 -3.9 -3.9 -3.9 -3.9 -3.9 -3.9 -3.9 2.9 18.2 29 36.8 42.2 46.7 51.8 57.6 62.9 65.8 65.6 60.1 49.3 40.2 38.1 36.4 34.3 30.2 29.7 36.9 66.7 76.4 73.7 70.2 65.8 61 58 55.5 47.6 38.5 29.5 24.1 21.4 17.6 14.1 10.8 8.6 6.6 5.3 5.4 5.4 5.3 5.2 5.1 5 4.8 4.8 4.8 4.8 4.8 4.8 4.8 4.9 4.9 4.8 4.9 4.9 4.4 4.9
-3.9 -3.9 -3.9 -3.9 -3.9 -3.9 -3.9 -3.9 -3.9 -3.9 -3.9 -3.9 -3.9 -3.9 -3.9 -3.9 -3.9 -3.9 -3.9 -3.9 -3.9 -3.9 -3.9 -3.9 -3.9 -3.9 -3.9 4.1 18.6 28.7 37.1 43.8 48.9 54.4 60.1 65.6 68.2 67.6 61.7 50.5 43.8 42.1 41.9 43.3 43.1 37.1 28.4 29.6 53.9 63.9 64.3 60.1 55.2 51.4 47 40.4 32.3 25.6 22.6 20 15.9 12.6 9.9 8.2 6.8 5.1 5.4 5.3 5.2 5.2 5.1 5 4.9 4.8 4.8 4.8 4.9 4.9 4.9 4.9 4.9 4.9 4.9 4.9 4.9 4.9 4.9
-3.9 -3.9 -3.9 -3.9 -3.9 -3.9 -3.9 -3.9 -3.9 -3.9 -3.9 -3.9 -3.9 -3.9 -3.9 -3.9 -3.9 -3.9 -3.9 -3.9 -3.9 -3.9 -3.9 -3.9 -3.9 1.8 8.7 22.3 30.7 37.7 44 50.2 56.2 62.4 67.9 69.7 69.6 63.6 54.7 47.4 45.7 46.9 50.3 55.3 57.6 43.1 28.7 28.5 43.9 47.8 49.2 49.9 45.7 43.4 39.1 32 23.4 20.8 18.6 15.2 12.2 9.6 7.5 5.7 5.2 5.4 5.3 5.2 5.1 5.1 5 4.9 4.8 4.8 4.9 4.9 4.9 4.9 4.9 4.9 4.9 4.9 4.9 4.9 3.8 4.9 4.9
-3.9 -3.9 -3.9 -3.9 -3.9 -3.9 -3.9 -3.9 -3.9 -3.9 -3.9 -3.9 -3.9 -3.9 -3.9 -3.9 -3.9 -3.9 -3.9 -3.9 -3.9 -3.9 -3.9 -3.9 3.6 14.5 25.4 35.1 38 43.9 51.1 57.7 64.1 69.3 71.3 70.2 65.4 57.2 50.1 48.7 51.5 58.2 63.7 67.2 57.6 41.1 29.3 26.2 38.1 35.9 34.1 36.1 37.3 34.3 31 23.3 18.9 16.8 14.2 11.6 9.6 7.8 6.2 4.9 5.3 5.3 5.2 5.1 5 4.9 4.9 4.8 4.9 4.9 4.9 4.9 4.9 4.9 5 5 4.1 4.9 4.9 4.9 4.9 4.9 4.9
-3.9 -3.9 -3.9 -3.9 -3.9 -3.9 -3.9 -3.9 -3.9 -3.9 -3.9 -3.9 -3.9 -3.9 -3.9 -3.9 -3.9 -3.9 -3.9 -3.9 -3.9 -3.9 -3.9 6 19.2 28.6 38.1 43.3 47.2 52.6 58.9 65.4 70.4 72.4 71.8 66.2 58.9 52.9 53.1 58.7 65.8 72.3 72.6 63 50.5 40.6 28.4 23.5 29.7 27.6 25.5 23.4 22.6 22.6 20.6 17.9 16.5 13.9 11.2 9.2 7.6 6.4 4.8 4.4 5.2 5.1 5.1 5 4.9 4.6 4.8 4.9 4.9 4.9 4.9 4.9 5 4.4 5.1 5.1 5 5 5 4.9 4.9 4.9 4.9
-3.9 -3.9 -3.9 -3.9 -3.9 -3.9 -3.9 -3.9 -3.9 -3.9 -3.9 -3.9 -3.9 -3.9 -3.9 -3.9 -3.9 -3.9 -3.9 -3.9 -3.9 -3.9 8.8 20.8 31.9 39.4 44.8 50.2 56.8 61.6 66.1 71.4 73.3 72 68.2 60.7 56.1 57 62.2 71.9 78.6 75.3 65.9 55 43.9 37.3 28.3 22.8 21.9 21.4 20.4 19.5 18.2 17.5 16.5 15.3 13.5 11 9.5 7.7 6.7 5.8 5.4 5.2 5 5 4.9 4.8 4.8 4.9 4.9 4.9 4.9 4.9 5 5 5.1 5.3 5.3 5.3 5.2 5.1 4.2 5 4.9 4.9 4.9
-3.9 -3.9 -3.9 -3.9 -3.9 -3.9 -3.9 -3.9 -3.9 -3.9 -3.9 -3.9 -3.9 -3.9 -3.9 -3.9 -3.9 -3.9 -3.9 -3.9 2.3 14.2 24.9 34 42.9 49.7 53.9 60.1 65.3 69.5 72 73.6 72.6 67.8 62.8 59.7 60.4 66.1 74.7 78.5 73.4 66.2 58.5 48.3 41.4 35.5 27.5 21.8 17.9 17.3 16.7 15.9 14.6 14 13.3 12.2 10.5 9.5 7.7 6.7 6.4 5.6 5.4 5.2 5.1 4.9 4.8 4.8 4.9 4.9 4.9 4.9 4.9 5 4.4 5.2 5.4 5.6 5.5 5.4 5.4 5.3 5.2 5 4.9 4.9 4.9
-3.9 -3.9 -3.9 -3.9 -3.9 -3.9 -3.9 -3.9 -3.9 -3.9 -3.9 -3.9 -3.9 -3.9 -3.9 -3.9 -3.9 -3.9 -3.9 2.3 17.2 30 38.5 45.9 53.9 59.1 64.1 69.8 73.8 74.9 75.4 73.5 69.2 65.2 64 64.4 68.7 77.5 77.9 71.9 65 58.6 51 43.9 39.7 35 29.2 26.7 18.8 15.5 13.1 13.3 12.5 11.5 10.9 9.6 8.8 7.8 6.7 6.7 6 5.6 5.2 5.1 5.1 4.8 4.9 4.9 4.9 4.9 4.9 5 5 5.1 5.4 5.4 5.5 5.6 5.7 5.7 5.8 5.7 5.6 5.4 6 4.9 4.8
-3.9 -3.9 -3.9 -3.9 -3.9 -3.9 -3.9 -3.9 -3.9 -3.9 -3.9 -3.9 -3.9 -3.9 -3.9 -3.9 -3.9 -3.9 -3.9 7.6 33.1 39.7 48 55.9 61.6 67.3 74.9 76.4 77.2 76.4 74.6 71.1 68.8 67.7 68.7 71.5 80 78.4 72 65.3 58.2 51.1 46.1 42.9 40.2 36 29.6 29.9 19.1 16.5 14.1 12.1 11.1 11.1 10 8.8 8.4 7.7 7 7.3 5.7 5.3 5.1 5.1 5.2 5.2 4.9 4.9 4.9 4.9 5 5 5.1 5.2 5.4 5.4 5.5 5.6 5.7 5.7 5.8 5.9 5.9 6.4 7 6.6 5
-3.9 -3.9 -3.9 -3.9 -3.9 -3.9 -3.9 -3.9 -3.9 -3.9 -3.9 -3.9 -3.9 -3.9 -3.9 -3.9 -3.9 -3.9 3.8 33.5 37.1 48.8 56.5 64.6 71 76.8 78 78.7 78.1 75.6 73.3 72.4 72 72.3 75.3 81.4 79.2 73.1 66.7 59.6 52.6 48.4 46.1 43.6 41.1 34 21.5 19.6 16.8 15.1 13.5 12.3 11.1 10.1 9 7.9 7.8 7.5 7.4 6.2 5.5 5.3 5.2 5.1 5.3 6.2 5.7 4.9 4.9 5 5 5.1 5.1 5.3 5.4 5.5 5.5 5.6 5.7 5.7 5.8 5.9 5.8 6 6.7 6.9 6.6
-3.9 -3.9 -3.9 -3.9 -3.9 -3.9 -3.9 -3.9 -3.9 -3.9 -3.9 -3.9 -3.9 -3.9 -3.9 -3.9 -3.9 3.7 30.9 39.6 49.8 58.9 67.4 73.8 76.7 77.6 77.9 77.2 74.6 73.7 74.3 75.3 76.9 78.9 82.2 80.4 74.2 67.9 61.2 54.6 50.7 48.3 47 45 38.6 28.1 19.8 16.8 14.9 13.1 11.8 10.8 10.3 9.3 8.2 7.5 7.5 7.3 6.8 6.1 5.6 5.5 5.3 5.5 7.3 8.3 7.7 4.9 5 5.1 5.2 5.2 5.2 5.3 5.5 5.5 5.5 5.6 5.7 5.8 5.8 5.9 5.6 5.7 6.4 6.6 6
-3.9 -3.9 -3.9 -3.9 -3.9 -3.9 -3.9 -3.9 -3.9 -3.9 -3.9 -3.9 -3.9 -3.9 -3.9 -3.9 -3.9 24.4 34.7 47.7 57.7 63.6 72.8 73.3 74.2 74.9 74.5 73.1 72 73.2 78 82.6 84.7 84.2 80.8 74 67.7 62.4 57.2 51.7 48.9 47.2 46.4 41 30.1 19.9 17.1 14.9 13 11.8 10.5 9.9 9.4 8.4 7.4 7.3 7.1 6.7 6.2 5.7 5.6 5.6 6.1 7.3 8.3 7.5 5.2 5.1 5.2 5.3 5.3 5.3 5.3 5.4 5.5 5.6 5.6 5.6 5.7 5.8 5.8 5.7 5.4 5.4 5.1 5.4 5.8
-3.9 -3.9 -3.9 -3.9 -3.9 -3.9 -3.9 -3.9 -3.9 -3.9 -3.9 -3.9 -3.9 -3.9 -3.9 -3.9 -3.9 4.8 27.7 47.7 56.8 61.4 66.8 67.5 69.5 69.9 69.4 66.9 70 74.8 86.1 87.7 86.5 83.1 74.9 68.9 63.4 59.1 54.5 50.3 46.5 43.2 41.1 36.7 28.2 19.2 16.1 13.1 12 9.9 9.5 9 8.5 7.6 7.1 6.9 6.6 6.3 5.8 5.4 5.3 5.5 6.9 7.2 6.2 5.1 5.2 5.2 5.3 5.5 5.5 5.5 5.5 5.5 5.6 5.6 5.6 5.7 5.7 5.8 5.7 5.5 5.2 4.9 5.9 7.1 8.4
-3.9 -3.9 -3.9 -3.9 -3.9 -3.9 -3.9 -3.9 -3.9 -3.9 -3.9 -3.9 -3.9 -3.9 -3.9 -3.9 0.1 4.2 25.3 38.8 50.9 57.2 58.8 61.8 63.6 63.8 62.7 65.9 70.5 74 86 88.1 87.2 82.4 76.2 70.5 65.3 59.1 54.2 50.2 44.6 38.3 31.4 28.3 21.3 16.1 14 12 9.8 9 8.6 8.1 7.6 7 6.6 6.2 6.1 5.9 5.4 5.4 5.2 5.1 5.6 5 5.3 5.3 5.4 5.5 5.5 5.5 5.6 5.6 5.6 5.6 5.6 5.7 5.7 5.7 5.7 5.8 5.5 5.2 4.9 6.2 8.1 9.5 11.2
-3.9 -3.9 -3.9 -3.9 -3.9 -3.9 -3.9 -3.9 -3.9 -3.9 -3.9 -3.9 -3.9 -3.9 -3.9 -3.9 2.5 21.1 30.1 41.2 47.5 50.8 50.9 52.8 55.8 57.3 59.1 63.6 66.5 68.9 76.9 83.8 86.1 82.7 78.9 74.3 68.6 61.7 54.2 45.8 41.2 35.1 26.2 19.8 17.3 15.2 12.7 10.3 9.1 8.2 7.6 7.1 6.7 6.4 5.9 5.7 5.6 5.4 5.3 5.2 5 5 5 5.3 5.3 5.3 5.4 5.4 5.5 5.6 5.1 5.3 5.4 5.7 5.7 5.8 5.8 5.7 5.5 5.3 4.1 5.8 6.8 8.6 10.7 12.7 14.7
-3.9 -3.9 -3.9 -3.9 -3.9 -3.9 -3.9 -3.9 -3.9 -3.9 -3.9 -3.9 -3.9 -3.9 -3.9 1.4 14.4 26.3 34.2 41.9 45.5 46.2 46.9 49.5 52.6 55.2 55.1 56.2 57.7 59 61.5 67.7 74.2 79.5 79.7 76.4 70.6 60.8 48.8 34.2 32.6 31 22.4 17.8 16 14.3 12 9.5 8.3 7.3 6.6 6.3 6 5.8 5.5 5.4 5.2 5.1 4.5 5.3 5.3 5.1 5.1 5.3 5.3 5.3 5.4 5.4 5.5 5.6 5.5 5.1 5.3 5.4 5.5 5.4 5.2 5.1 4.8 5.4 7 9 9.8 11.7 14.2 16.5 18.1
-3.9 -3.9 -3.9 -3.9 -3.9 -3.9 -3.9 -3.9 -3.9 -3.9 -3.9 -3.9 -3.9 -3.9 0 4.8 24.7 30.2 36.9 40.6 41.6 42.9 45.6 49.1 53.1 54.7 53.5 51.9 49 48.1 48.9 52.9 56.8 61.2 62.7 57.1 54.5 48.1 34.8 22.2 20.1 20.5 17.7 15.4 14.2 12.6 10.8 8.8 7.3 6.5 6.1 5.7 5.6 5.4 5.2 5.1 5 5.1 5.3 5.4 5.3 5.3 5.1 5.3 5.3 5.3 5.4 5.4 5.5 5.5 5.5 5.5 5.1 5 4.9 4.7 5.3 6.2 6.8 7.9 9.7 11.6 13.6 15.5 17.8 19.4 21.2
-3.9 -3.9 -3.9 -3.9 -3.9 -3.9 -3.9 -3.9 -3.9 -3.9 -3.9 -3.9 -3.9 -3.9 5 22.3 25.3 32.5 35.8 37.3 38.4 42.2 46.2 50.8 53.9 54.5 53.2 51.1 49.4 49 45.6 42.2 37.6 38 36.9 31.9 30.8 27.8 20.9 16 14.5 13 12.5 12.2 11.7 10.6 9.5 7.7 6.9 6.6 6.2 5.8 4.9 5.2 5.3 5.3 5.3 5.4 5.4 5.4 5.3 5.3 5.3 5.2 5.3 5.4 5.4 5.4 5.4 5.1 4.9 5.3 6 6.4 6.2 6.5 7.8 9.1 10.2 11.3 13 15.5 17.7 19.7 22.4 24.2 27.5
-3.9 -3.9 -3.9 -3.9 -3.9 -3.9 -3.9 -3.9 -3.9 -3.9 -3.9 -3.9 -3.9 5 19.3 31.2 31.2 31 33.6 35.4 38.7 43.1 48.3 52.4 53.3 53.3 53.1 54.2 55.6 55.4 53.4 51 35.3 28 23.6 20.7 19.6 17.5 15.6 13.7 12 10.3 10 9.7 9.5 8.8 8 7 6.9 6.6 5.9 5.8 5.4 5.3 5.3 5.3 5.3 5.4 5.4 5.3 5.3 5.3 5.4 5.2 5.4 5.5 5 4.9 5.5 6.3 6.8 7.4 7.9 8.3 8.7 9.8 11.1 12.6 14.1 15.8 17.4 19.8 21.5 24.3 28.4 33.6 39.9
-3.9 -3.9 -3.9 -3.9 -3.9 -3.9 -3.9 -3.9 -3.9 -3.9 -3.9 -3.9 5.7 25.8 29.1 32.6 36.1 34.5 34.9 37 40.6 45.3 51.2 52 52.8 53.3 53.9 55.6 57.2 57.4 55.3 49.8 35.6 25.6 20.6 19 17.7 15.5 13.6 11.8 10.4 9.8 9.2 8.5 7.6 6.9 6.3 6.1 6.1 6 5.9 5.6 5.5 5.4 5.3 5.3 5.3 5.4 5.4 5.3 5.6 5.5 5.6 5.4 5.5 6.1 5.6 6.6 7.5 8.4 8.8 9.6 10.9 11.7 12.8 14.4 16.3 17.9 19.1 21.5 23.9 26.2 31 36.8 43.5 50.9 57.3
-3.9 -3.9 -3.9 -3.9 -3.9 -3.9 -3.9 -3.9 -3.9 -3.9 -3.9 5.1 25.5 35.5 35.3 34.7 36.8 37.2 38.6 41.6 45 49.8 51.6 52.4 52.9 53.3 54.1 55.6 56.7 55.3 51.7 40.9 28.7 19.6 17.7 16.6 15.7 14.1 12.3 10.8 9.8 9.2 8.3 7.7 7 6.6 6.4 6.2 6 5.9 5.8 5.7 5.6 5.4 5.4 5.3 5.3 5.3 5.4 5.6 6 5.8 6.4 7.3 8.4 9.4 10 10.1 10.5 10.9 11.3 12.5 13.9 15.3 17.3 19.3 21.2 23.6 26 29.9 37 44.9 53.1 60.2 67.3 67.7 76.2
-3.9 -3.9 -3.9 -3.9 -3.9 -3.9 -3.9 -3.9 -3.9 -3.9 4.9 24.6 36.7 39.8 39.2 38.4 39.1 40 42.3 47.9 50.2 51.7 52.7 53.4 53.9 54.5 55.1 56 54.8 51.9 42.2 28.2 19.9 17.1 16 14.7 13.8 13.3 11.6 10.8 9.7 8.6 7.8 7.5 7.4 7.8 7.5 7.3 7.1 6.3 5.8 5.7 5.6 5.5 5.4 5.4 6 6.4 5.7 6.1 6.9 8.8 9.3 10.5 11.6 12.8 13.7 14.5 15.5 16.4 16.5 16.7 17.5 18.7 21.4 25.1 29.5 34.3 41.7 50 60.3 68.5 70.1 75.2 85.8 98.3 108.4
-3.9 -3.9 -3.9 -3.9 -3.9 -3.9 -3.9 -3.9 -3.9 2.3 22 35.9 41.5 42.6 41 40.3 42 44.2 47.8 50.6 52.2 53.2 54 54.8 55.5 56.1 56 55.6 53.3 44.8 29.9 19.8 17.2 15.6 14.4 14 13.4 12.8 11.6 10.8 10.3 10 9.6 9.6 9.9 10.2 9.8 9.5 9.2 8.3 7.6 6.5 5.8 5.7 5.7 6.3 6.5 7.2 8.1 9.4 10.5 11.7 12.7 14 15.3 17.3 18.4 19.8 20.6 21.9 22.9 21.8 22.8 25.9 33.3 39.7 45.5 53.2 63.4 67.9 73.4 87.9 105.8 106.8 109.3 111.2 113
-3.9 -3.9 -3.9 -3.9 -3.9 -3.9 -3.9 -3.9 -3.9 8.2 34.6 40.5 43.4 43.5 42.7 43.5 45.7 49.6 50.8 52.2 53.9 54.7 55.5 56.2 56.9 57.1 56.5 54.3 50.5 34 20.8 17.7 16.3 15 14.1 13.9 13.4 13.4 13.3 13.1 13.6 13.4 13.4 13.5 13.4 13.4 13 12.2 11.8 11.1 9.9 9 8 8.1 8.1 8.4 9.5 10.2 11.3 12.9 14.4 16 17.2 18.7 20.3 23.2 26.6 29 28.1 29.2 31.6 34.4 38.2 42.8 48.2 54 61.3 66.2 70.9 93 102.8 106.1 108.4 109.9 110.1 109.8 109.5
-3.9 -3.9 -3.9 -3.9 -3.9 -3.9 -3.9 -3.9 5.8 30.8 39.8 43.5 44.5 45 45.8 47.1 52.4 53.1 54 54.9 55.5 56.2 57 57.8 57.9 57.4 55.5 51.9 39.5 24.1 18.7 17 15.7 15 14.2 15 15.6 16.4 16.8 17.2 18 18.2 17.9 17.3 16.9 17.7 17.5 17.4 17 15.4 13.8 12.3 11.3 11.1 10.9 12.1 12.8 14 15.4 17.8 21.2 25.1 30 34.2 36.3 39.2 42 44.5 46.3 48.8 51.2 52.2 52 54.7 59.5 63.3 68.1 82.4 91.4 96.3 100.8 103.8 103.8 103.9 103.1 101.9 100.7
-3.9 -3.9 -3.9 -3.9 -3.9 -3.9 -3.9 2.9 26.7 38.4 43.7 45.7 46.7 48.2 49.5 52.9 55.3 56.2 57.1 57.4 57.4 57.7 58.5 58.7 57.8 55.8 50.2 38.8 27.2 20.2 17.9 16.3 15.3 14.6 15.6 17.7 22.5 27.3 29 28.8 26.4 25.3 25.4 26.1 25.1 22.9 22.9 22.6 21.6 21.2 19.6 17.1 15.8 15.8 16 16.6 20.1 22.4 26.2 30.5 36.2 43.3 48.5 52.4 54.8 57.7 61 64.3 66.1 67.5 67.1 66.9 62.6 60.3 64 72.6 83.3 86.3 87.8 89.5 92.5 93.4 94.4 94.4 92.9 91.2 89.4
-3.9 -3.9 -3.9 -3.9 -3.9 -3.9 -3.9 25 36.8 44.7 47.1 47.9 49.4 51.1 54.7 57 58.5 59.6 59.6 59.6 59.6 59.2 59.8 58.7 56.6 54.3 51.5 44 27 19.3 17 15.2 14.6 15.9 18.3 24.8 34.7 39.1 42 41.7 39.9 37.6 43.7 49.2 41 26.8 32.6 30.6 30 29.5 28.1 27.1 27.7 27.8 29.6 31.4 33.9 37.4 42.8 50.1 59.4 64.5 66.5 69.7 73.3 76.7 80.7 81.3 81.8 82.8 79.7 66.9 59.1 62.8 77.1 77.7 78.9 79.9 80.5 82 84 84.4 84.2 82.6 79.5 77 75
