public/OST50/ST55.asc
ncols 200
nrows 200
xllcorner 350000
yllcorner 150000
cellsize 50
[rows 35 to 69 of 200, columns 0 to 77 of 200]
204.5 203.6 202.8 202 201.3 198.8 196.2 191.7 189.7 188.1 189.2 192.1 193.6 194.1 190 174.9 162.1 160.7 158.1 153.2 151.9 153.5 153.8 151 153.8 154.1 150.2 144.4 133.1 126.4 113.2 104.3 119.5 117.4 112.4 104 96.2 87.7 77.1 72 68.5 64.2 61.4 61.7 62.2 62.1 61.4 60.5 59.7 59.9 60.7 61.5 61.4 61.5 61.1 61.2 61 61.8 62.7 61.2 62.9 61.9 61.2 61.3 60.9 60.4 59.9 59.3 58.8 58.1 57.6 57.1 55.9 56.4 58.3 59.2 59.4 59.1
207.6 208.4 208.5 208 207.2 205.5 201.7 200.2 198.1 197 197.7 199.8 202.4 201.6 186.8 177.6 179.5 177.1 172.3 168.1 166.4 166.3 164.8 160.7 163.1 164 160.8 154.3 148.8 144.5 128.5 112.8 128.3 126.3 118.2 110.3 104.8 93.7 84.1 78.3 72.3 66 64 64.7 65.2 65.3 64.2 62.6 62.1 63 63.7 64 64.1 64.3 63.8 63.6 63.5 63.5 65.1 63.8 64.6 64 63.2 63 62.7 62.2 61.6 61.1 60.4 59 58.4 57.9 56.9 57.6 59.4 60.6 61 60.4
211.4 212.5 212.5 212.3 211.7 210.3 208.5 206.6 205.9 204.8 204.4 205.2 206.4 197.2 187.7 191.6 196 191 184.7 179.3 176.9 176.8 174.5 169.8 170.8 172.4 171.9 166.8 163.8 156.7 140.8 124.1 135.2 130.4 124.5 120.5 113.6 101.2 91.7 86.5 78.2 68.9 68.2 68.9 68.4 68.3 67.4 65.8 65.1 65.4 67 66.9 66.9 66.8 66.6 66.4 66.4 66.6 67.8 67.2 65.9 65.9 65.1 64.7 64.4 64 63.4 62.7 62 60.4 59.2 58.7 57.8 58.2 59.4 60.9 62.1 62.9
215.8 216.3 216.1 215.8 215 214 212.7 212 211.5 210.9 210.3 209 205.8 200.4 201.5 204.6 203.8 198 193.2 188.7 186.7 186.1 184 179.9 180.5 182.4 181.4 178.1 176.5 167.9 149.8 140 146.4 141.8 132.3 125.3 120.6 110.6 101.2 90.7 80.7 74.4 73.7 73.9 73.3 71.6 69.6 68.3 68.2 68.4 70.2 70 69.9 69.6 69.4 69.2 69.1 69.8 70.7 70.1 68.2 68 67.5 67.3 66.5 66 65 64.2 63.5 62 60.6 59.7 58.6 59.6 60.5 61.6 61.8 63.6
220.2 220.2 219.4 219.1 218.6 217.4 216.2 216.4 215.8 214.6 214.3 212.5 209.3 206.9 208.2 210.6 210.1 206.3 200.9 197.3 195.4 194.1 192 190 190.3 192.1 187.6 187.4 184.8 177.2 158.9 153.7 157.2 155.6 147 142.2 135.2 123.8 112.1 98.3 90.2 81.7 80.4 80.2 79 75.2 73 70.6 70.8 71.3 72.5 73.4 73.6 73.7 73 72.4 71.8 72.5 73.4 71.7 71.7 71.1 70.6 69.4 69.2 68.2 66.8 66 65 63.6 62.1 60.6 58.8 61.4 62.6 62.7 63.4 64.4
223.9 224 223.4 223 222.4 221 220.1 220 219.5 218.6 218 216.9 214.4 212.6 213.6 215.5 215 213.5 209.1 206.4 203.3 202.6 199.7 197.4 196.8 197.1 194.3 194.1 191.6 183.8 169.6 168.9 172.1 167.7 165 161.4 154.4 140.3 124.5 111.4 99.8 91.7 88.2 85.3 81.6 78.7 76.4 73.9 73.8 75 76.7 77.9 78.3 78.2 77.6 76.7 76.1 76.2 76.3 74.4 74.3 73.5 72.7 72 71.3 70.3 69.2 67.7 66.5 65.1 63.7 61.7 60.5 61.4 63.8 64.5 64.9 66.2
227.5 227.8 227.4 227 226.4 225.2 224.4 224 223.5 222.7 222.1 221.8 220.5 219.7 220.6 220.7 221 219.4 218.3 213.5 211.7 211.8 207.9 204.2 202.2 201.4 201.2 201.2 198.1 191.9 178.4 183.3 185.1 183.4 183.7 178.4 173.5 161.2 140.6 129.2 113.9 106 98.4 91.1 87.2 84.2 81.1 77.8 77.5 79.6 81.6 83 83.2 81.6 83.8 82.5 80.9 80.3 79.8 79.4 78.7 77 75.4 73.9 73 71.8 70.7 69.4 68 66.7 65.3 63.6 62.6 60.8 62.9 65.2 67.6 68.8
231.2 231.6 231.4 231 230.5 230 229.8 229.7 229.5 228.7 228 228 227.2 227.2 227.5 227.3 226.5 225.6 224 222.3 219.8 218.1 214.4 211.1 209.1 208.2 208.2 207.9 205.1 200.6 196.3 195.8 198.6 197.6 196.4 195.7 190.3 180 164.8 151.3 135.8 129.6 121.8 113.8 104 96.7 86.4 82.4 82.3 84.8 87.7 91.2 91.5 90.5 89.5 86.9 86.4 85.6 85 85 83.3 81.4 79.9 78.2 75.5 74.1 72.4 71.2 69.5 68.8 67 65.6 64.1 62.5 63.2 65.4 67.7 69.6
235.4 235.1 235.3 234.9 235.4 235.3 235.5 235.4 235.9 235.2 234.6 234.3 234.5 233.9 233.7 233.7 233.4 231.7 229.9 228.1 225.2 224.1 222.4 219.3 218.8 215.5 216.1 215.7 213 210.3 207.3 204.2 207.6 208.4 207.1 205.7 202.4 196.8 186.8 175.5 163.1 156.1 149.5 140.7 129.3 118.9 107.8 94 89.7 91.4 94.2 99.4 101.2 100 98.2 94.6 89.5 92.4 91.1 89.5 88.4 86.6 84.9 82.8 79.2 77.3 75.2 73.2 72 70.5 68.8 67 65.2 63.9 65.5 65.6 66.4 68.9
239.8 239.6 239.2 239.6 240.2 240.9 241.5 242.3 242.4 242 241.6 240.3 240.1 240.3 240.5 239.8 239.2 238.4 235.8 234 231.6 229.5 228.8 227.5 225.7 223.3 224 223.9 222.3 219.9 217.1 210.1 214.4 216.3 215.4 213.8 213.1 212.2 206.9 197.2 187.4 180 173.3 164.4 151.4 140.2 132.7 121.7 109 101.5 104.5 108 109.4 108.7 107.5 105.8 102.3 101.1 98.2 94.5 93.2 91.5 89.5 86.6 83.4 80.7 78.7 75.9 74.4 72.2 70.2 67.8 66.3 64.8 66.2 67 66.3 67.1
245.2 245.5 244.1 244.9 246 247.1 247.7 248.6 248.9 248.4 247.8 246.8 246.6 246.6 246.5 246.3 245.8 244.1 242.1 240.2 237.8 235.7 235.6 234.3 233.2 232 231.7 231.4 230.1 229.5 225.5 217.5 222.7 224.3 223.6 222.9 220.9 218.7 216.8 212 204.8 199.7 192.9 185.3 175.1 165.8 155.8 145.6 132.2 124.6 122.7 123.3 121.4 119.3 119 114.7 113.6 110.7 108.4 105.1 101.7 97.6 94.3 90.9 87.8 84.7 81.2 78.6 76.1 73.9 71.3 69.1 67.5 66.1 66.4 68.3 68.3 69
251.6 252.1 250.7 250.8 251.9 253.3 253.8 254.1 254.5 254.5 254 253.3 253.1 253.2 253 252.3 251.4 249.8 248.4 246.4 244 243.6 242.3 241.2 239.9 239.3 238.6 237.7 236.9 235.7 233.9 227 229.1 231.5 231.8 230.2 227.5 226.2 224.9 222.3 216.5 213.6 208.6 202.5 194.8 186.5 177.9 163.1 157.5 149.4 143.4 140.3 137.3 133.1 134.2 125.9 127.6 126.2 120.1 114.2 109.8 103.7 99.6 95.4 91.4 87.5 83.3 79.9 77.7 75.1 72.4 70.3 68.8 67.1 66.1 68.8 69.7 70.6
257.7 258.1 257 257.2 257.8 259 259.5 259.3 259.5 260 259.7 259.1 259.5 259.5 258.9 258.2 257 255.4 254 252.5 250.6 249.5 248.4 247.5 246.3 245.5 244.8 244.1 242.6 241.2 239.1 236.2 229.6 236.1 238 238.2 237.5 233.8 232.5 230.6 226.5 223.6 220.2 214.9 209.8 204.2 197.5 189.5 181.2 172 162.8 162.3 155.4 150.4 148.7 142.2 141.5 140.3 135.7 127.7 119.8 112.7 104.7 98.5 93.6 89 85.4 81.8 79.3 76.4 73.6 71.5 69.8 68.1 67.8 69.3 71.2 72.1
263.8 264.4 263.9 263.9 264.2 264.6 265.2 265 264.7 265.1 264.4 264.3 264.5 264.6 264.8 264 262.9 261.6 259.5 257.6 256.5 255.5 254.5 253.2 251.8 251.1 251.1 250.7 249.1 246.4 244.3 240.9 236.1 236.1 240.7 242.4 242.5 242.1 239.7 237.1 235.4 232.2 228 224.4 221 218.1 213.8 207.2 201.1 195.3 188.6 182.9 175.3 170.4 165.5 159.2 155.4 151.5 148.1 143.8 134.2 122.3 112.8 101.1 95.1 90.8 87 83.7 80.5 77.6 74.5 72.5 70.9 70 70.1 70.8 72.5 73.6
268.1 269.8 269.8 270 271.1 271.2 271.1 270.4 269.8 268.9 268.3 268.6 269.2 269.2 269.1 268.7 267.5 266.1 264.9 262.9 262 261 259.9 258.7 257.4 256.6 256.4 255.8 254.7 252.1 248.7 245.5 241.5 236.5 242.8 245 245.9 246.4 245.1 243.9 243.1 239.8 236 232.3 230.5 228.1 225.4 221.8 217.2 212.9 208 199.8 192.6 188 180.6 175.9 170.6 162.6 156.8 151.8 146.2 133.9 118.6 106.1 99.1 93.6 87.4 84 81.3 77.9 75.6 73.8 72.2 71.2 71.5 71.8 73.4 75.2
271.2 272.9 273.3 272.7 274.9 275.8 275.3 274.4 273.1 272.1 271.3 272.4 272.2 272.3 272.6 272.1 271.2 270.1 269.1 268.1 266.8 266 265.1 264.1 263.2 262.3 261.6 260.5 259 256.6 252.8 249.1 244.6 239.3 243.5 246.6 247.5 248 248.1 247.9 246.6 245 243.3 241 238.5 236.3 234.3 232 228.5 224.3 220.1 211.8 208.1 202.5 194.2 191.3 189.5 177.1 165.4 160.2 153.9 140.2 123.7 110.8 100.6 94 88.5 85 81.8 79 76.9 75.1 73.5 72.7 73.3 73.3 75.3 77.4
270.7 273.6 274.9 274.8 276.4 276.5 276.5 275.9 275.2 274.2 273.2 272.9 272.6 273.5 273.8 273.4 273 272.3 271.5 271 270.7 270.1 269.8 268.9 267.6 267.1 266.5 264.6 262.9 260.6 257.9 253.1 248.4 243.9 242.9 248 249.7 249.1 249 249.6 249.4 249 248 246.4 244.5 243.1 241.8 239.4 236.5 232.4 226.4 219.6 219.1 214.3 207.4 207.2 206.5 193.7 179.9 167.5 161.5 145.7 128.4 113.7 103 96.8 93.1 88.3 84.6 81.9 78.6 76.5 74.5 74.6 74.3 76.4 78.6 81.2
268.6 270.9 273 275.8 276.9 276.2 274.8 275.5 275 275 274.6 273.9 272.4 273.6 274.3 274.2 273.6 273.2 273 272.8 273 272.9 272.4 271.3 270.2 269.9 268.5 267.9 266.8 264.7 262 258.5 251.7 248.1 245.4 244.3 246.5 248.6 249.7 250.4 250.1 250.1 250.5 249.4 248.3 248 247.4 245.6 242.1 238.1 231.8 229.6 228.2 224.2 216.1 218.7 217.6 208 194.2 177.7 168 155.2 137.3 120.5 110.6 104.7 100.7 94.4 88.9 84.8 81.2 78 77.2 76.2 76.8 79.6 82.2 84.5
267.9 270 271.8 272.7 275.9 275.3 274.6 273.9 274 273.7 274 273.4 273 273.3 273.6 273.4 273.5 273.1 272.9 273.1 273.4 274 274 274.1 273.5 271.8 270.4 269.7 270.1 268.2 265.4 261.4 255.4 252 250.7 250.1 250.1 249.9 249.9 251.5 252 251.7 251.8 251.8 251.8 252 251.7 250 246.9 242.5 237 236.6 234.6 231.5 222.7 227.6 224.6 216.5 202.8 191 180.3 167.2 151.9 137 132.7 126 115.2 103.8 96.9 89.6 84.5 81.3 79.5 78.8 78.3 79.9 83.2 86.3
269.1 270.2 271.5 271.5 271.6 272.6 273.1 271.4 272.4 272.2 272.8 272.6 271.7 271.4 272.1 272.9 273.3 273.3 273.2 272.9 273.2 273.3 273.3 273.2 273.2 272.7 271.4 271.4 271 270.4 268.5 264.2 260.5 256.2 254.6 253.4 252 251.7 251.3 251.6 252.6 253.8 254.4 254.5 254.5 254.6 254.2 252.5 249.3 244.4 242.6 241.9 239.6 235.3 230.2 233.7 230.1 223.5 212.7 204.2 196.7 184.4 170.1 159.1 152.8 148.1 139.7 128.4 114.3 103.2 91.5 87.3 85.1 82.4 82.5 82.3 82.7 86.2
271.6 271.2 270.7 270.1 269.4 268.3 267.6 267.7 269.4 269.7 270.8 270.4 270.1 269.4 271.2 272.9 273.8 274.1 274.1 273.8 273.4 273 273.1 272.3 271.6 271.8 271.4 271 270.8 269.3 267.9 267.1 264.5 261.1 258.3 256.1 254.5 253.6 253.8 253 253.5 255.1 256.3 257.5 257.9 257.1 255.3 253.3 250.1 247.7 246.8 245.6 242.7 238.7 236.2 237.6 235.4 231.3 225.5 219.4 210.7 200.6 188.4 178.1 172.5 169.2 162.2 151.2 138.4 124.9 111.9 100.5 93.1 90.7 88.6 86.8 86.5 86.7
274.2 273.2 271 269.4 268.4 267.1 265.6 263.8 263.8 264.8 266.3 268 268.5 268.2 268.9 270.9 272.7 273.7 274.6 274.6 274 273.1 272.8 271.8 271 270.7 270.1 269.8 269.6 268.3 266.6 265.7 265.2 262.2 259.4 258.3 256.7 256.2 255.9 254.2 254.8 257.1 258.9 260.6 261.4 260.1 257.6 255.2 251.6 251 250.3 248.1 245.1 242.1 242.1 243.1 242.4 240 235.9 232.1 225.7 216.6 203.8 196.3 193.4 190.1 184.4 174.4 162.2 149.3 137.1 124.5 112.3 102.9 95.4 92.7 90.3 89.9
276.7 274.2 271.9 270.2 268.7 266.9 265.4 263.3 261.2 260.3 260.7 263.9 266.2 266.6 267.3 268.9 270.8 271.9 272.7 273.5 274.4 274.1 272.7 271.4 270.7 270 269 268.4 268 266.5 265.3 264 263.7 262.3 260.4 258.5 257.3 257.1 255.9 254 255.8 257.6 259.6 261.2 262.5 262.1 259.6 256.8 255 254.5 253.3 250.6 248.8 247.5 248.2 249.1 248.5 247 244 241 232.2 227.6 220.5 214.1 211.2 209.5 205.1 194.6 183 169.4 159.3 148.2 135.6 125.4 113.2 102.6 95.8 93.6
279.3 276.4 273.5 271.7 269.9 267.8 266 263.6 261.3 259.4 257.9 259.1 262.5 263.9 265.4 266.8 268.5 270.1 270.7 271.5 272.7 273.3 273.2 271.6 270.5 269.8 268.9 267.7 266.6 265.3 264.2 263 261.8 260.5 258.7 257.8 256.9 256 255.3 255.4 257.4 258.6 259.8 261.4 262.3 261.7 259.8 259 258.2 257.4 256.2 254.2 252.9 252 252.8 253.9 252.9 251.7 249.9 247.4 243.6 240.1 233.1 229.9 225.7 222.7 218.8 209.7 199.7 188.2 178.6 169.9 158.6 147.3 134.8 121 105.7 98.4
282.1 279.2 276.3 273.2 270.9 269.9 267.5 264.9 262.1 259.5 257.6 256.3 258.3 260.2 263.2 264.4 266.6 268.3 269 269.7 271.3 272.2 272.5 271.2 270.5 269.6 269 268.5 267.6 266.2 264.6 263.3 262.3 261.1 260.1 259 258 257 255.9 256.7 258.1 259.7 260.7 262.1 262.7 261.7 261.5 261.3 261 260 258.7 257.3 256.1 255.8 255.9 257.5 256.9 255.8 253.8 251.6 249.2 246.3 242.5 238 235.1 233 228 221.7 214.3 206.9 198.4 189 177.8 165.5 151 135.3 119.1 106.6
286.3 283.9 280.6 277.4 274 271.7 269.1 266 263.2 260.6 258.2 256.3 254.9 256.6 259.4 261.9 264.8 266.6 267.6 268.8 269.8 270.3 270.2 270.5 270.1 269.6 269.5 269.3 268.7 267.4 265.7 264.3 263.5 262.5 261.5 260.4 259.1 257.3 256.7 257.1 258.2 260.3 261.7 262.5 263.3 263.6 263.5 263.3 263 262.1 261.3 260.4 259.3 258.8 258.9 259.8 259.6 258.6 257 255 252.7 250.4 248.1 244.5 241.6 238.9 235.8 232.3 225.6 221.9 214.1 204.8 192.9 178.9 162.2 145.1 127.1 118.4
295.3 290.4 284.8 280.4 276.9 274.3 270.5 267.2 264.5 261.9 259.3 257.1 254.6 253.4 255.8 259.1 260.6 264 265.2 266.3 267.4 267.9 268.4 268.1 268.6 269.8 270.1 269.9 269.4 268.6 267.4 266.5 265.5 264.5 263 261.4 259.7 258.5 256.4 256.4 258.3 260.4 262.6 263.7 264.6 264.7 265 265.2 265.3 265 264.2 263 262.2 261.4 260.4 260.4 260.6 259.5 259.4 258.1 255.9 253.9 251.6 248.6 246.8 244.4 241.2 238 234.6 231.3 225.1 215.8 203.2 187.5 169.2 149.9 134.8 137.6
301.4 296.5 290.9 283.4 279.5 276.3 272.7 269.4 266.7 263.7 260.6 257.7 254.8 253.1 252.1 252.8 255.3 258.7 261.5 263.7 264.8 264.6 265.6 266.6 267.3 268 268.8 269.6 270.5 269.2 268.7 268.3 267.6 266 264.9 263.2 261.3 259.2 257.7 257.7 258.3 260.3 262.5 264.6 265.8 266.2 266.6 267 267.1 266.9 266.5 265.1 263.9 263.1 262.2 261.8 261.3 260.2 260.1 259.4 258.1 256.1 253.7 251.9 250.4 248.3 245.4 242.3 239.6 236.8 233 223.9 209.9 192.5 171.9 151.5 155.6 157.9
305.5 301.4 296.6 289 283.3 279.6 275.2 271.3 267.5 263.9 260.7 257.9 255.7 253.9 251.9 251.3 252 254.3 257.7 260.1 261.7 262 263.5 264.3 265.5 266.6 267.4 268.4 268.9 269.6 269.6 269.5 269 267.7 266.5 264.7 262.4 260.2 258.5 257.8 258.5 260 262 264.5 266.5 267.2 267.6 267.7 268.6 268.6 268.2 267 265.6 264.8 263.8 262.8 262.1 261.2 260.6 259.8 258.7 257.2 255.5 254.3 252.7 250.2 247.8 245.2 241.5 239.1 233.1 226.2 211.9 194 174.5 173.3 176.8 177.4
308 304.6 299.2 293.1 287.8 282.2 277.5 273.1 268.4 264.6 261.3 258.2 256.4 254.6 252.8 250.6 250.4 250.6 252.8 254.6 257.1 258.4 260.9 263.1 264.1 265.2 266.3 267.7 267.8 268.7 268.8 268.9 268.7 268.4 267.7 266.1 263.8 261.5 259.3 257.5 259 259.8 261.5 263.6 265.8 267.4 267.8 268.5 269.3 269.5 268.9 268 266.4 265.6 264.6 263.4 262.8 261.6 260.3 260.2 258.7 257.3 256.1 254.6 252.5 250.1 247.5 244.6 241.4 237.2 230.5 220 211.2 196 193.3 193.8 194.1 193.6
309.1 306.2 302.3 296.8 290.5 285.2 280.6 275.4 270.9 265.8 262.4 259.8 256.8 255 252.7 250.7 248.9 249 249.6 250.7 252.3 253.8 256.8 260.2 261.9 263.2 265.4 266.8 267.6 267.8 267.8 267.9 267.9 267.9 267.6 266.8 265.3 263.3 261.2 258.8 259.3 259.7 261 262.2 264.7 266.3 267.6 268.8 269.5 269.5 269.1 268.2 266.9 266.2 264.7 264.1 262.9 261.5 260.2 259.2 258.4 257.3 256.5 254.9 252.6 250.1 248.5 246 243.6 240.3 236.3 228.8 219.1 211.5 208.7 207.7 208.1 206.2
307.8 306.3 301.9 299 293.8 287.7 283.4 277.9 273 267.2 264.2 261 257.8 254.9 252.2 250.3 249.1 248.3 248.1 249 250 251.3 253 255.8 259.4 262.3 264.3 265.7 266.8 267 267 267 266.6 266.7 267 266.9 265.6 264.2 262.9 261 260.4 259.3 260.4 262.2 263.8 265.1 266.4 268 268.7 268.8 268.9 268.4 267.3 266.3 264.7 263.6 263 261.8 260.8 259.4 258.5 257.4 256.6 255.5 253.6 251.8 250.1 248 245.8 243.2 240.2 235.8 227.5 219.2 219.2 218.3 219 214.8
305 305.3 303.8 300.3 295.5 289.4 284.2 279.4 274 268.5 264.6 261.3 258.3 255.3 252.7 250.4 248.5 247.3 247.1 247.7 248.3 249.6 251.1 253.1 258.3 261.1 263.2 264.6 265.8 266.2 266.2 266.2 265.9 265.8 266.2 266.2 266 265.5 264.1 262.8 261.6 260.7 260.9 261.5 262.9 264.2 265.4 266.5 268.3 268.7 268.6 267.9 267.1 266.3 264.8 263.4 262.9 261.4 261 260 258.6 257.5 256.5 255.6 254.7 253 251.4 249.3 247 244.7 242.2 238.9 231.9 229.6 229.1 227.7 227 219.4
301.4 302.2 301.7 299.5 295.4 289.7 285.1 279.8 274.3 269.1 264.2 260.5 257.7 255.5 252.8 250.1 248.3 246.7 246.5 246.4 247 248 249.4 251.7 255.2 259.2 261.9 263.4 264.6 265.2 265.2 265.2 264.7 264.5 265.3 265.3 265.1 264.9 264.6 264 262.5 262.2 261.7 261.3 262.5 263.4 264.6 265.9 267.3 268.3 267.8 267.2 266.7 266 264.8 263.6 263 261.8 261.2 260.7 259.6 258.6 257.4 256.5 255.4 254 252.4 250.5 248.1 245.8 243.5 240.7 238.4 236.6 235 231.7 228.4 219.4
296.3 297.7 299 297.5 294.2 290 285.9 280.2 275 270.1 264.7 260.7 256.9 254.2 252.3 249.9 248.1 246.4 245.9 245.7 246 247 248.2 251.4 254.9 258 260.5 261.9 262.9 263.8 264.2 263.9 263.2 262.9 263.2 264.5 264.3 264.5 265.1 264.6 263.6 263 262.5 261.9 262.2 263 263.9 265.3 265.3 266.5 266.8 266.8 265.9 265.4 264.9 263.7 263 262.4 262.1 262 260.8 259.7 258.7 257.5 256.1 254.5 252.9 251.2 249.3 247 244.7 242.4 241.6 240.2 236.1 232.1 225.3 213.8
