public/OST50/ST55.asc
ncols 200
nrows 200
xllcorner 350000
yllcorner 150000
cellsize 50
[rows 140 to 174 of 200, columns 78 to 155 of 200]
269.9 269.2 268.6 267.7 267.7 265.4 266 266.7 266.9 268.3 268.9 269.6 270.6 271.7 272.8 273.9 274.6 275.5 276.9 278.6 279.5 280.5 281.8 282.8 283.3 284.4 285 284.2 282.8 281.8 278.1 281.3 280.9 282 282.5 282.7 286.9 289.2 288.7 286 283.9 283.2 283.2 282.2 281.4 279.7 277.8 276.7 274.6 273.1 270.5 268.6 266.6 266 264.4 264.3 262.5 260.8 259.9 259.4 258.4 257.4 255.8 254.2 250.7 246.4 241.9 235.2 227.1 218.4 211.5 211.1 216.9 217.8 217.5 217 215.3 213.2
270.8 269.7 269.6 268.2 267.6 267.3 266.8 266.4 266.5 267.6 268.1 268.3 269.2 270.3 271.4 272.6 273.1 273.9 275 275.9 276.6 278.4 279.5 280.5 281.3 282.9 282.1 282.6 282 280.2 278.8 279.9 279.9 280 280.4 281.1 282.8 287.2 288.4 287.3 284.6 283.7 282.9 282.5 281.2 279.6 277.9 276.1 274.1 272.3 269.5 267.6 266.3 263.3 261.2 260.4 259.6 257.4 257.8 258 257.3 256.4 254.7 253.4 249.8 245.9 241.4 234.3 224.3 216.7 212.4 217 220.3 220.2 219.3 218.2 216.5 214.6
271.8 271 270.5 269.2 268.6 268.2 267.2 266.6 265.7 266.5 267.3 267 268.1 269.3 270.3 271.3 272 272.6 273.7 274.8 275.1 276.2 277.1 278.3 279.2 281 281.7 281.3 280.7 279.4 279 278.5 278.4 278.4 278.6 279.5 279.8 283.1 285.7 284.1 282.2 282.8 282.6 282.7 281.4 279.5 277.9 276.1 274.1 272.7 271.4 270 268.3 265.4 264.3 261.7 259.4 254.8 252.8 253.5 256.1 255.1 254.1 252.5 248.9 243.7 238.7 231.3 222 214.4 215.8 220.9 221.7 221.7 220.8 219.2 217.1 215.5
273.2 271.8 271.1 269.5 269.5 268.6 267.3 266.7 266.8 265.5 266.1 266.7 267.5 268.1 268.1 269.9 270.6 270.5 271.1 271.9 272.7 271.8 274.2 275.1 277.1 279.1 280 279.8 279.5 279 278 276.6 276.9 276.9 277.6 278.1 278.7 279.5 282 281.6 281.6 282 282.1 281.3 281.1 280 278.9 277.6 276 274.1 272.7 271.6 269.8 267.6 266.1 263.8 261 258.4 254.8 249.2 248.7 250.3 250.6 249.4 244.9 239 232.7 225.3 218.2 216.8 219.5 221.9 222.8 222.3 221.5 219.7 217.8 215.9
275.5 274.5 272.9 271.4 270.2 269 268.4 267.5 267.4 266.3 265.7 265.2 265.9 267.1 267.5 268.3 269.1 269 269.9 271 270.8 269.4 269.9 267.6 274.7 276.7 278 278.2 278.1 277.7 276.7 276.4 275.8 276.1 276.4 276.7 277.2 277.9 279.1 280.2 280.8 281.2 281.9 281.5 281.4 280.1 278.8 278.3 277.2 275.7 274.3 272.8 270.5 268.9 267.4 265.8 262.9 259.7 256.2 250.6 242.8 242.6 243.8 241.8 235.3 230.4 225.4 222.1 220.1 221 222 222.6 223 222.5 221.3 220 218.2 216.3
277.6 275.8 274.4 272 271.6 269.4 269.2 267.6 267.1 266.5 265.9 265.4 263.9 264.2 266.3 267 267.7 267.6 268 269.1 269 269.4 269.5 269.7 271.2 273.6 275.7 276.5 277.1 276.3 276.4 275.7 275.5 275.2 274.9 275.3 275.9 276.3 278.2 280 280.8 281.1 281 280.8 280.3 279.9 279.3 278.4 278 277.1 275.6 273.4 272 270.2 268.8 267.6 264.8 261.9 258.7 253.4 246 239.7 234.1 231.4 229.1 227.6 226.3 225.6 224.3 223.9 224 224 223.2 222 220.8 219.6 218.2 216.7
279.1 276.2 275.7 273.7 271.8 271.3 270.2 268.8 268.3 267.3 265.7 265.9 265.5 264.5 264.6 265 265.7 266.3 266.5 267.2 267 267 267.4 267.9 269.6 271.7 272.1 274.3 275.6 276 275.6 274.8 274.7 274.3 273.3 273.9 275 276.4 277.6 278.5 279.2 279.2 279.3 278.8 278.8 278.8 278.9 279 278.5 278 276.9 275.6 274.6 272.9 271 269.3 267.8 265.4 262.7 259.1 254.2 248.7 243.7 240.4 236 233.4 231 230.7 229.2 227.4 225.7 223.9 222.5 220.5 220 219.1 217.8 216.3
280.5 279.3 277.6 275.8 274.3 272.4 271 270.4 268.8 267.5 266.9 266.4 265.6 264.8 263.7 263.5 263.3 264.7 264.7 265.2 264.6 265.3 262.9 265.5 266 269.8 271.8 270.7 275.1 275.7 274.8 274.8 274.1 273.8 273.2 272.3 272.8 274.7 275.9 276.7 277.1 277.3 276.8 276.7 276.8 277.8 277.8 278.2 278.8 278.5 278 277.7 276.6 276.8 276 274.8 273.6 271.9 270.1 267.1 262.5 259.1 254.2 248.6 243.7 240.3 236.9 234.2 231.4 229.2 226.7 223.5 220.8 219.3 218.9 218 217 215.3
280.1 279.5 279.4 277.5 275.7 273.8 272.3 271.4 269.6 268.9 267.9 267.8 266.5 265.3 264.4 263.1 262.1 262.3 263.4 263.8 263.5 263.9 264.5 265.4 266.4 267.4 270.6 273.1 275 275.3 274.1 274.6 273.9 273.9 272.8 271.3 271 271.4 271.7 273.7 274.5 274.5 274.5 275 274.8 275.9 276.7 278.3 278.6 278.4 278.6 278.8 279.5 280.7 281 280.8 279.8 278 276.3 274.1 271.1 266.5 262.1 256.6 249.6 245.2 240.9 237.2 233.9 230.9 227.8 223.9 220.9 219.4 217.2 216.5 215.4 213.8
281.4 281.5 279.3 277.6 276.7 274.9 273.6 272.5 271.2 269.1 268.3 267.6 266.9 265.9 264.5 262.9 261.8 261.5 262.7 262.6 262.7 263 263.9 263.9 265.3 265.9 269.4 272.2 274.3 275.2 274.9 274.5 274 275.2 273.9 270.8 270.8 270.1 270.2 270.2 271 271.8 272.2 272.4 274 275.6 276.6 277.2 278 278.4 279.4 279.3 280.3 282.6 284.1 285.3 284.8 283.7 281.9 280.1 276.9 273.2 268.5 261.4 253.4 248.1 242.9 238.3 235.2 231.9 228.4 224.6 221.1 218.4 216.4 214.8 213 209.3
281.2 281.9 281.1 276.8 277.6 276.5 274.7 274.3 272.2 270.4 268.8 267.1 265.8 265.1 263.9 262.6 261.4 260.1 261.3 261.8 262.4 262.6 263.5 264.3 265.2 266.5 268.2 269.6 273.2 274.7 276 276.6 274.1 276.3 275.4 272.9 272.1 271.8 271.1 270 269.4 267.8 268.3 270.6 272.5 273.2 274.8 276.2 277.3 278.1 278.4 280 281.8 283.9 285.8 287.5 287.3 286.8 285.5 284.4 282.2 279.2 273.5 265.6 256.1 249.1 243.8 238.7 235.1 232.2 229 225.1 221.4 217.9 215.7 213.9 211.1 208.2
281.4 281.9 281.7 280.6 279.3 277.4 275.7 274.5 272.8 270.8 268.9 267.4 266 264.1 262.7 261.8 260.7 260.2 260.3 260.9 261.4 261.8 263.2 264.3 264.8 264.8 266.3 270.1 271.8 274.4 275.8 277.1 276 276.2 276.5 275.7 273.1 273.4 273.5 271.7 269.9 267.4 267.1 268.5 271 271 272.9 274.3 275.9 276.9 278.1 280.4 282.7 285 286.9 288.6 289.3 289.1 288.5 287.2 284.6 281.1 276.5 268.7 259.5 249.6 244.8 239.7 235 230.8 228.2 225.6 221.9 218.4 215.3 213.1 210.8 208
282.6 282.9 282.4 281.4 279.9 278 276.2 274.2 272 270.1 268.2 266.8 265.7 263.3 261.8 261.3 259.7 259.7 259.6 259.5 260.7 261.8 263.6 264.1 264.7 265.2 268.3 270 272 273.9 276.7 277.9 278.2 277.9 276.9 276.7 275.8 275.1 275.3 273.6 270.6 267.9 265.7 265.5 268 270.1 271.2 272.6 274.7 275.8 277.9 280.3 282.6 285.5 287.7 288.4 290.1 290.8 289.9 288.6 286.2 281.6 275.4 268.6 257.9 248.5 244.3 239.1 233.8 229.3 226.8 224.4 221.8 218.7 215.6 212.1 207.4 204.1
282.9 283 283 281.6 279.5 277.4 275.7 273.2 270.8 268.6 267 265.6 263.9 263.2 262.2 260.3 259.1 258.9 259.1 260.4 261.8 263.1 263.8 265.4 264.7 266.6 268.1 270.1 272.2 274.3 276.8 278.8 279.4 279.2 278.1 277.9 277.1 276.6 277 274.5 270.9 267.7 264.8 262.4 265.9 268.6 270.2 271.7 273.1 275.3 277.7 280 282.5 285.2 287.7 289.1 289.7 290.5 290.3 288.9 285.5 281.9 275.3 266.3 255.8 247.5 242.3 237.7 233 227.9 224.5 221.9 219.1 216.7 211.8 206.3 203.7 200.7
284.2 283.9 283.5 281.8 279.8 277.7 275.2 272.8 270.4 267.8 265.6 264 263.8 262.8 261.9 260.5 259.3 258.4 258.4 260.8 262.2 265.3 266.1 267.8 268 268.2 268.2 270.4 272.5 273.6 275.4 279.1 281.1 281 280.2 279.3 278.7 278 278.4 275.1 271.6 267.3 264 262.3 264.3 266.9 268.3 270.9 272.8 274.7 277.2 279.7 282.2 284.6 286.8 288.1 288.4 288.4 288.7 287 283.7 278.8 272.7 263.5 252 244.7 238.5 233.9 229 226 221.7 218.8 216.4 212.5 207.2 202.3 202 204
286.7 286.2 285 283.2 281 279.6 276.5 273.6 271.2 268.4 266.4 263.8 262.1 261.5 261.5 261.3 259.1 258.9 260.4 262.3 264.3 266 267.3 268.9 269.5 269.4 270 270.6 272.4 274.7 275.5 280.5 282.9 283 282.2 281 280.1 279.5 278.4 273.7 271.3 267.5 262.3 259.8 261.6 264.1 266.3 269.3 271.8 274.4 276.3 277.4 279.9 282.6 284.7 285.9 284.5 284.3 283.4 281 277.5 273 267.7 258.5 248.6 240.2 234.6 230.6 227.3 224.8 222 219.1 215.7 212.3 207.1 204.2 208.4 208.2
289.5 288.5 287.7 285.8 284 282 278.9 275.7 272.3 269.3 266 264.2 261.5 260.5 261.5 260.3 257.6 259.6 261.8 262.7 265.3 266.7 267.9 270 270.1 270.8 270.9 271.6 273.4 276.5 278.4 282.2 284.8 284.6 283.7 282.8 281.6 280.7 278.4 274.9 270.7 267.1 260.6 257.7 259.5 261.3 263.9 267 270 272.9 274.9 275.7 277.3 280.2 281.8 281.4 278.9 276.4 272.7 269.4 264.4 259.2 252.5 244.7 237.5 232.3 229.4 227.1 225 223.2 221.2 218.4 215.5 212.5 208 206.3 210.8 211
292.5 291.5 290.1 288.8 286.9 284.7 281.9 277.9 273.5 269.3 265.9 263.4 260.5 258.9 261.1 260.1 257.8 259.6 261.6 264.3 266.4 268.7 269.8 271.1 270.9 272 273.1 273.2 275.5 278 279.8 283.4 285.7 285.5 285 283.9 282.5 280.7 277.8 273.1 270.7 265.4 262.9 261.3 259.1 258.5 261.9 265.5 268.6 271.5 273.1 274 274.8 277 277.2 274.9 271.7 263.3 255.2 246.7 240.6 237.4 231.2 227.8 226.9 226 224.5 223.5 223.1 222.1 220.1 217.4 215 211.5 208 209.6 211.6 212.3
294.9 294.2 293 291.7 289.3 286.5 283.5 279.4 274 268.6 265.8 262.8 260.2 257.9 259.7 260.9 259.5 260.3 262.3 265.1 267 270.2 271.2 273.3 273.4 274.9 275.3 276 278.2 279.8 282 283.6 284.1 284.6 283.6 281.5 280.8 278.1 276.5 272.3 270 265.9 263.7 261.2 258.9 257.4 261.2 264.2 267.2 269.1 270 270.4 271.4 272.7 269.2 266.2 261.5 247 239.8 234.7 230.1 226.7 224.9 223.2 221.8 220.9 219.4 218.3 218.8 219.2 218.7 215 210.8 206.8 208.8 212 212.7 213.6
295.1 295.4 294 292.2 289.5 286.3 282.4 278.5 273.4 267.8 264.3 260.8 258.9 257 257.7 261.5 261.8 261 263.2 266.3 268.2 271.2 272.9 274.5 276.5 277.5 278.3 279.2 280.3 281.6 282 282.7 282.1 280.7 281 279.9 278.1 277 274.1 272.2 269.1 266 262.1 260.1 259.2 256.1 261 263.4 265.5 266.5 264.8 264.7 264.2 263 258.9 250.7 242.3 235.1 232 230.8 230.6 229.2 228.1 225.7 223.8 222.1 220.6 217.6 214.8 215.2 213.7 212.6 211 210.4 212.2 212.8 213.6 214.6
293.4 293.4 292.2 290.4 287.4 284.2 281.3 277.5 272.6 267.5 263 260.3 257.9 256.2 256 260 262 261.7 264.6 267.1 271.4 274.5 274.5 275.4 278.1 279.4 279.6 280.5 281.2 282.3 281.6 281.2 280.9 280.4 279.1 278.5 276.9 275.6 273.5 270.7 267.7 264.9 262.3 260.9 259.4 255.1 257.2 257.7 256.6 255.2 255.3 255 253.9 251.6 245.9 238 238.1 237.2 237.7 238.5 237.1 235.1 233.4 231.3 227.8 226.1 223.9 220.6 219.1 217.6 215.1 214.4 214.2 214.5 214.6 215 215 215.1
292.1 291.1 289.1 286.9 284.1 281.9 279.7 276.5 271.6 265.9 261.7 259.2 256.5 255.7 256.1 260 263 263.9 265.8 268 270.2 276.2 277.7 278.6 280.1 279.5 280.5 280.8 281.2 280.9 280.7 280.5 279.7 278.5 277.2 276.4 275.2 273.6 271.6 269 266.3 263.9 262 260.7 258.8 252.7 250.4 248.9 247.5 246.1 244.8 244.3 242.7 241.8 245.5 250.1 250.9 248.2 245.9 246.4 243.9 241 238.7 235.8 232.6 229.2 226.9 224.9 223.2 220.9 218.4 218.7 217.8 217.3 217.7 217 216.8 217.2
290.6 289.1 286.9 284.2 281.7 279.4 277.1 274.1 269.7 264 260.5 257.8 255.2 254.9 256.5 259 262.6 265 266.8 269.6 272 276.2 280.1 282.2 282.7 282.7 280.8 282.7 281.6 279.8 279.8 279.1 277.3 277 275.7 274.2 273 272.1 270.3 268.2 265.5 263.3 261.3 259.4 256.4 254.3 255.4 255.1 254.4 255.6 256.3 257 256.8 255.6 260.5 262.8 261.7 254.4 253.2 253.2 250.7 246.7 244.4 241.3 238.8 234.8 230.6 228.4 226.8 225.9 224 222.7 222.1 220.6 220.6 220.3 220.5 220.4
292.9 289.6 285.8 282.1 278.2 276 274 271.3 266 261.7 258.8 255.9 254.6 254.7 258 260.9 261.5 264.2 265.4 267.9 269.6 273.9 277.1 281.4 281.5 281.7 282.3 282.4 280.1 278.9 278.6 278 275.9 275.4 274.1 272.2 272.1 270.7 270 268.4 266.5 263.3 260.6 256.8 256.9 258.3 260.6 261.1 262.3 264.3 266.3 267.8 266.6 263.4 266.2 267.8 264.5 259.2 258.9 259.6 256.7 252.2 249.9 247.4 245.1 242.8 239 235.9 234 230.8 229.6 228.3 225.8 224.2 224.6 227.7 228.4 228.2
294.5 291.9 287.5 283.9 280 274.9 270.5 266.7 263.6 261 258.9 255.1 255.1 257.3 261.5 261.5 262 263.4 264.7 266.6 269.7 272.7 275.9 278.8 277.4 277.2 278 278.7 279.2 277.5 276.5 275.9 275 274.7 273.6 272.6 272.5 272.3 270.8 268.5 267.2 263.5 261.4 260 260.4 262.8 265.7 267.3 268.6 270 271.1 271.5 269.9 269 271.1 272 268.7 264.1 263.1 263.6 263 260.1 257.1 255.2 254 251 249.7 245.2 242.5 239.9 238.2 235.9 234 231.5 229.3 230.1 236.1 240.4
296.2 293.3 289.8 285.9 281.3 275.2 269.4 265.5 262 260 256.7 255.6 257.4 262.9 263 261.7 260.6 262.6 265.1 266.1 269.6 273 273.8 276 276.8 276.6 275.6 275.3 277.4 276.7 274.8 274.5 273.3 274.2 274.6 273.8 271.5 271.6 267.5 267.5 267.3 266.5 265.6 262.6 263.7 265.2 268.2 270.2 271.5 273.1 274.3 274.5 273.7 273.7 274.8 274.9 271.9 267.9 267.4 267.5 268.2 267.3 265.5 264.2 262.3 259.9 257.3 254.7 253 251.8 249.7 245.5 242 237.3 236.2 238.5 241 244.5
297.3 294.9 290.9 286.5 280.9 274.9 271.6 267.4 262.3 259.2 256.5 255.5 260.5 263.1 264.3 261.3 258.9 261.3 264.3 266.3 267.6 270.8 271.7 273.3 273.7 274 275.6 276.3 276.1 274.5 271.9 272.3 271.6 272.8 273.7 272.9 271.5 270.6 269.2 268.8 269 268.3 267.3 265.9 266.3 267.6 268 271.2 273 274.2 276.4 277.5 277.8 277.1 276 275.5 273.5 270.8 271.3 271.7 271.7 271.4 270.6 268.4 266.2 265 261.4 259.3 258.9 259.6 258.8 255.8 251 245.9 244.3 246 246.9 247.9
298 295 291.1 285.9 282.2 280.1 276.3 272.4 266.3 262.3 257.2 255 256.1 260.2 260.8 259.1 257.2 260.1 263.3 264.2 266 267.7 266.5 267.7 269 269.2 271.9 273.1 274.2 272.5 270.7 269.4 270.3 271.1 270.7 269.6 270.2 270 269.5 269.9 270.9 270.6 269.7 268.7 268.6 269.3 270.1 272.1 274 274.6 276.2 276.7 276.3 275.6 274.8 274.4 272.6 272 273 273.3 273.1 274 273.5 272 270.4 269.4 266.2 263.5 262.5 263.7 263.4 260.6 257.6 253.4 251.3 251.4 252.7 252.7
299.5 297.5 295 291.9 288.5 286.1 282 276.9 271.4 266.6 260.4 255.6 254.8 253.5 252.3 254.2 255.7 258.9 261.9 263.3 263.7 264 265.6 266 266.4 266.6 267.1 269.6 270.7 270 269 269.2 269.2 268.9 268.9 267.4 270.5 270.9 271 270.9 272.5 272.8 272.1 271.5 271.2 272.2 273 274 274.8 275.8 276.7 275.4 274.5 272.8 271.6 270.7 269.9 269.5 270.6 271.6 272.7 273.6 273.5 273.6 272.4 270.6 267.4 264.5 262.7 262.5 262.9 261.2 259.9 258.1 255.6 254.4 254.5 254.2
302.1 301 299.5 298 296.4 292.9 289 283.2 279.1 274.3 268.6 261.4 256.7 252.4 254 254 254 257 260.4 261.8 261.9 261 260.8 261.1 261.5 262.6 264.2 265.6 266.6 266.8 266.9 267 267.3 267.3 267.4 268.1 269.9 271.2 271.6 270.8 270.9 273.6 273.8 273.1 272.9 273.6 274.8 276 276.5 277.1 277.1 275.8 273.2 269.4 268.4 267 265.8 266.4 267.5 268.3 269.5 270.8 271.2 271.2 270.9 269.3 267 263.8 261.1 260.4 260.5 260.5 258.8 256.7 255.7 253.7 253.8 254.5
303.4 304.2 303 302.3 300.7 298.7 294.9 290.3 287.1 282.8 277.5 272 266.5 261.7 256.8 254 253.2 253.9 257 259.9 260 258.9 258.9 259.6 260.8 260.8 262.4 264.5 266.2 266.6 266.6 265.5 266.9 267.9 268.8 269.4 270.2 270.6 272 271.9 272.7 273.4 274 274.7 274 274.3 275.6 276.7 277.4 277.5 276.9 273.9 270.4 268.4 266.6 264.6 263.3 263.4 263.9 264.5 265.8 267.2 267.8 267.9 267.1 265.5 263.8 261.3 259.2 257.7 257.3 257.6 257 254.9 253.9 252.4 251.8 251.6
301.3 302.5 301.1 302.1 301.5 300 297.9 295.3 291.2 287.4 282.5 277.2 272.1 265.1 258.6 253.8 251.8 248.6 254.4 257.4 257.9 256.4 256.5 257.3 259.5 259.8 260.3 262.3 264.5 265.9 265.3 263.8 265 266.9 267.5 269 269.6 269 272.1 271.6 272.6 274 274.7 274.8 275.3 274.7 275.9 276.5 276.6 276.3 275 270.8 268.9 268.3 266.2 263.7 261 260 260 260.3 261.6 263 263.6 263.6 262.8 261.3 259.8 256.7 256.1 255.5 255 254.6 254.9 253.1 251.5 250.9 249.9 248.4
295.4 295.1 296.1 297.9 299.2 298.9 297.8 295.8 291.7 287.8 282.9 277.8 272.6 264.2 258 254.1 251.9 251.5 252.1 254 254.9 255.3 255.1 254.9 257.6 257.8 258.3 260.4 261.6 262.8 261.4 263 263.3 263.9 265.5 265.9 266.7 268.6 270.7 270.7 271.8 273 273.8 275.1 275.5 275.6 275.4 275.3 275.7 274.2 271 269.3 267.6 267.3 265.9 262.3 258.8 256.8 255.9 256.4 257.8 258.4 258.5 259.1 258.9 257.6 256.2 254.7 253.1 252.4 251.5 251 252.1 251.4 249.1 248.4 248 246.3
286.5 288.2 291.3 294.1 296.2 296.5 295.5 293.2 290.4 286.2 281.5 277 270.6 262.5 257.4 253.8 251.7 250.9 251.7 252.3 253 253.3 253.6 256.2 257.5 257 256.8 259.2 259.8 261.1 261.7 262.1 266 266.1 265.8 266.1 266.4 267.3 268.6 269.7 270.7 271.9 273.4 274.4 275.1 275.5 275.2 274.3 271 269.4 269.2 267.4 267.4 266 264.7 261.2 256.8 254.6 253.3 252.9 254 253.9 254.8 255.6 254.9 254 252.6 250.8 249.3 248.9 248.5 248.6 248.5 247.7 246.6 245.2 244.8 244.2
280.6 283.2 287.4 290.7 292.5 292.8 292.7 290.7 288.6 284.9 280.3 275 269.4 262.2 257.8 254 252.3 251.5 251.8 252.3 251.5 253.3 255.1 256.1 256.5 256.7 257.8 259 259.5 260.9 261 264 268.1 268.4 267.5 267 266.5 268.5 269.4 269.3 270.5 271.8 272.8 273.1 274.4 274.5 274.7 273.3 271.7 270.6 268.6 267.9 266.5 265.1 263.7 260.1 256 252.9 250.6 249.4 249.3 250.1 251.4 251.6 250.9 250.2 248.9 247.1 245.9 245.6 245.4 245.5 245.4 245.1 244 242.8 241.8 241.2
