public/OST50/ST58.asc
ncols 200
nrows 200
xllcorner 350000
yllcorner 180000
cellsize 50
[rows 0 to 45 of 200, columns 96 to 191 of 200]
-4 1.7 1.1 -0.3 -4 -4 -4 -4 -4 -4 -4 -4 -4 -4 -4 -4 -4 -4 -4 -4 -4 -4 -4 -4 -4 -4 -4 -4 -4 -4 -4 -4 -2.6 -2 -1.3 -0.6 0.1 0.8 1.5 2.2 2.9 3.7 4.4 5.1 7.5 29 40.4 39.2 37.7 37.4 38.6 34.8 25.5 21.6 25.9 34.6 42.3 44.3 45 45.8 45.1 45.7 45.6 43.4 37.8 25.8 16.8 14.1 11.8 10.4 9.2 8.3 7.4 7.3 7 7.2 7.1 6.8 6.7 6.7 6.9 7 7 7.1 7.2 8.9 12.5 15.2 15.5 15.8 16.4 16 15.9 15.5 15.7 16.6
-4 -4 -4 -4 -4 -4 -4 -4 -4 -4 -4 -4 -4 -4 -4 -4 -4 -4 -4 -4 -4 -4 -4 -4 -4 -4 -4 -4 -4 -4 -4 -4 -0.8 -0.1 0.4 0.9 1.6 2.2 3 3.7 4.4 5.1 9.8 35.2 42.7 40.8 38.5 36.1 33.1 33.5 37.7 38.6 36.1 28.5 29.3 42.1 45.5 46.3 46.2 46.4 46.4 46.5 45.8 44 38.3 26.2 17.8 13.8 11.8 10.1 8.9 7.9 7.6 7.3 7.2 7.1 7.1 7.4 6.6 6.7 6.8 7 7.1 7.2 7.3 9.7 12.9 14.6 15.1 15.2 15.2 16 15.8 15.6 16.2 17
-4 -4 -4 -4 -4 -4 -4 -4 -4 -4 -4 -4 -4 -4 -4 -4 -4 -4 -4 -4 -4 -4 -4 -4 -4 -4 -4 -4 -4 -4 -4 -4 -0.4 1 2.3 3 3.4 3.8 4.4 5.1 16.2 45 47 49.5 44.2 40.3 36.9 32.9 29.5 30 34.2 38.2 39.2 38.8 39 42.4 44.4 45.2 45.5 45.8 46 45.8 44.8 42.7 35 24 16.8 13.2 11.4 9.9 8.4 7.9 7.4 7.3 7.2 7.1 7.2 7.3 5.9 6.8 6.8 6.9 7.1 7.2 7.4 9.7 11.7 13.1 14 14 14 15 16 16.1 16.8 17.5
-4 -4 -4 -4 -4 -4 -4 -4 -4 -4 -4 -4 -4 -4 -4 -4 -4 -4 -4 -4 -4 -4 -4 -4 -4 -4 -4 -4 -4 -4 -4 -2.6 -0.6 1.4 3 4.1 13.3 14.1 41.6 44 40.9 44.8 49.5 50.1 45 39 35.8 30.7 27.2 27.6 31.9 37 38.6 40.9 41.3 41.8 43.3 43.9 44.2 44.5 44.8 44 42.7 41.3 32.1 20.3 14.9 11.8 11 9.6 8.2 7.7 7.4 7.3 7.2 7.2 7.2 7.2 6.7 7.1 7.2 7.2 7.2 7.3 7.3 8.8 10.5 11.6 11.7 12.1 15.1 15.8 16.5 16.9 17.8 18.3
-4 -4 -4 -4 -4 -4 -4 -4 -4 -4 -4 -4 -4 -4 -4 -4 -4 -4 -4 -4 -4 -4 -4 -4 -4 -4 -4 -4 -4 -4 -4 -2.5 -0.6 1.3 3.2 5 30.2 39.4 43.3 43.1 41.3 41.4 41.7 41.3 40.3 37.8 34.3 29.2 25.7 26.3 31.1 36.5 39.2 40.2 41.3 41.3 41.9 42.5 42.7 42.8 42.9 37.9 31.7 28.8 24 17.4 11.3 10.2 9.3 8.6 8 7.6 7.5 7.4 7.3 7 6.7 6.8 6.5 7.1 7.1 7.2 7.2 7.2 7.2 7.9 9.5 9.3 9.3 10.2 15.3 16 17 17.6 17.8 18.4
-4 -4 -4 -4 -4 -4 -4 -4 -4 -4 -4 -4 -4 -4 -4 -4 -4 -4 -4 -4 -4 -4 -4 -4 -4 -4 -4 -4 -4 -4 -4 -2.2 -0.3 1.5 3.4 5.7 40.5 35.3 32.6 41 41.2 40.8 40.6 39.7 39.3 37.1 33.8 29 25.4 26.7 24.8 29.2 34.3 31 31.1 40 40.2 40.4 40.7 40.9 40.6 37.4 28.8 20.9 17.2 14.1 10.2 9.7 9 8.3 7.9 7.5 7.5 7.4 7.3 7 6.9 6.9 7.1 7.1 7.1 7.1 7.1 7.1 7.1 7.2 7.6 7.5 8.2 9.7 12.7 15.3 16.5 15.8 15.5 16.6
-4 -4 -4 -4 -4 -4 -4 -4 -4 -4 -4 -4 -4 -4 -4 -4 -4 -4 -4 -4 -4 -4 -4 -4 -4 -4 -4 -4 -4 -4 -4 -1.9 0.1 2 3.9 10 37.3 37 38 30.1 29.2 40.1 39.4 38.6 37.5 36.2 32.9 30.7 27 29 28.1 29 33.1 31.9 31.2 38.2 38 38.4 38.8 39.5 39.7 39.6 33.2 21.6 16 12.6 10.5 9.2 8.6 8.2 7.8 7.4 7.4 7.3 7.2 7.3 7.2 7.1 7 7 7.1 7.1 7.1 7.1 7.1 7.1 7.2 7.3 7.9 8.4 10 11 11.9 13.4 14.4 15.7
-4 -4 -4 -4 -4 -4 -4 -4 -4 -4 -4 -4 -4 -4 -4 -4 -4 -4 -4 -4 -4 -4 -4 -4 -4 -4 -4 -4 -4 -4 -4 -2 0.2 2.3 4.4 35.7 35.8 36 36.8 36.8 31.1 27.5 29 36.4 34.8 32.1 31.2 30.6 27.6 29.4 29.3 28.6 35.5 36.6 35.1 33.1 35.5 38.1 37.9 36.3 36.2 31.4 22.9 17.6 14.6 11.9 10.2 8.8 8.4 8.1 7.7 7.3 7.3 7.2 5.6 7.2 7.1 7 7 6.9 7 7 7.1 7.1 7.1 7.1 7.2 7.3 7.7 7.9 9.3 9.7 11.1 12.4 18.1 18.6
-4 -4 -4 -4 -4 -4 -4 -4 -4 -4 -4 -4 -4 -4 -4 -4 -4 -4 -4 -4 -4 -4 -4 -4 -4 -4 -4 -4 -4 -4 -4 -1.4 0.7 2.9 5.1 34.4 34.4 34.8 35.2 35.5 35.1 30.6 25.5 24.9 28.6 31.7 30.1 29.1 27.8 26 28 31.7 34 34.3 32.9 29.3 33.6 36.2 36.2 33 27.7 24.1 21 18.8 14.6 11.6 9.7 8.5 8 7.8 7.6 7.3 7.2 7.2 7.2 7 7 7 6.9 6.9 6.9 7 7 7.1 7.1 7.1 7.2 7.3 7.6 8 8.7 10.3 11 11.7 12.2 17.5
-4 -4 -4 -4 -4 -4 -4 -4 -4 -4 -4 -4 -4 -4 -4 -4 -4 -4 -4 -4 -4 -4 -4 -4 -4 -4 -4 -4 -4 -2.8 -1.5 -0.5 1.5 3.6 7.5 33.4 33.1 33.2 33.3 33.3 33.4 33.1 28.2 24.6 24.2 23.6 28.5 26.9 25.3 22.4 19.5 25.3 29.7 29.2 27.1 24.5 31.9 34.4 34.6 34.6 34.3 33.7 32.4 26.5 15.1 11.5 9.2 8.6 7.9 7.6 7.4 7.3 7.2 7.2 7 7 6.9 6.9 6.9 6.8 6.9 6.9 7 7 7.1 7.1 7.1 7.3 7.8 9.2 11 13.4 12.4 11.8 10.7 11.3
-4 -4 -4 -4 -4 -4 -4 -4 -4 -4 -4 -4 -4 -4 -4 -4 -4 -4 -4 -4 -4 -4 -4 -4 -4 -4 -4 -4 -4 -1.8 -0.5 1 2.3 4.2 26.3 32.1 31.8 31.9 32 32 31.9 31.3 30.6 26.2 30.7 22.1 22.9 19.8 20.8 20.4 19.5 15.4 22 21.8 20.7 22.1 28.8 31 31 33.5 35.3 36.2 34.1 26.1 13.9 10.2 8.5 8 7.7 7.7 7.6 7.4 7.2 7.2 6.7 6.9 6.9 6.9 6.8 6.8 6.8 6.9 6.9 7 7 7.1 7.1 7.8 10 12.6 14.2 15.5 14.1 10.8 9.3 9.4
-4 -4 -4 -4 -4 -4 -4 -4 -4 -4 -4 -4 -4 -4 -4 -4 -4 -4 -4 -4 -4 -4 -4 -4 -4 -4 -4 -4 -2.1 -0.9 0.5 1.8 3.2 4.9 31.8 31.1 30.6 30.5 30.6 30.5 30.3 30.2 29.9 29.3 29.6 31.3 19.1 22 20.3 15.3 15 14.3 16 16 16.9 18.3 22.8 24.9 26.1 32 34.4 34.1 32.1 21.3 12 9.7 7.9 7.6 7.5 7.5 7.6 7.4 7.3 6.7 6.7 6.6 6.8 6.8 6.8 6.7 6.8 6.8 6.9 6.9 7 7 7.2 8.3 10.5 10.2 9.4 9.4 9.1 8.5 8.1 7.9
-4 -4 -4 -4 -4 -4 -4 -4 -4 -4 -4 -4 -4 -4 -4 -4 -4 -4 -4 -4 -4 -4 -4 -4 -4 -4 -4 -3.6 -1.7 0.1 1.5 2.8 4.2 6.6 30.2 30.1 29.5 28.9 29.5 29.2 29 28.9 28.6 28.7 28.3 30.3 30 22.9 16.9 20 17.1 16.1 12.2 13.4 14.5 15.1 16.9 18.6 24.2 30.4 32.5 31.8 27.5 17 10.6 8.3 7.5 7.3 7.3 7.4 7.4 7.4 7.3 6.8 6.8 6.7 6.6 6.7 6.7 6.7 6.7 6.7 6.8 6.8 6.9 7 7.2 7.9 8.1 7.7 7.6 8.1 7.6 7.6 7.8 8.4
-4 -4 -4 -4 -4 -4 -4 -4 -4 -4 -4 -4 -4 -4 -4 -4 -4 -4 -4 -4 -4 -4 -4 -4 -4 -4 -4 -3.3 -1.4 0.4 2.3 3.7 5.1 17.8 28.9 28.9 28.6 27.9 27.8 28 28.1 28.1 28 27.8 27 27.5 30.2 29.3 25.2 12.7 19.7 19.6 12.5 13.6 12.6 13.2 13.9 17.4 23.1 29.5 30.6 29 19.7 12.9 9.3 8 7.6 7.1 7.1 7.2 7.2 7.3 7.4 6.9 6.8 6.8 6.7 6.7 6.6 6.6 6.6 6.7 6.7 6.8 6.8 6.9 7 7.1 7.5 7.1 6.6 7 7.1 7.2 7.4 8.1
-4 -4 -4 -4 -4 -4 -4 -4 -4 -4 -4 -4 -4 -4 -4 -4 -4 -4 -4 -4 -4 -4 -4 -4 -4 -4 -4 -3 -1.2 0.7 2.5 4.4 6.7 27.7 27.4 27.3 26.5 25.9 26.7 27.4 27.5 27.6 27 26.8 26.4 26.7 28.5 26 24.6 12.3 15.2 11.9 17.6 13.9 16.3 12.1 12.8 17.3 22.9 26.8 27.5 22.7 16.4 11.6 8.6 8.1 7.5 7 7.1 7.2 7.2 7.3 7.4 7.1 7 6.9 6.9 6.8 6.7 6.6 6.6 6.6 6.7 6.7 6.7 6.8 6.9 7 7.1 6.8 6.6 6.8 6.9 6.9 7.5 7.7
-4 -4 -4 -4 -4 -4 -4 -4 -4 -4 -4 -4 -4 -4 -4 -4 -4 -4 -4 -4 -4 -4 -4 -4 -4 -4 -4 -4 -1.3 0.9 3 6.6 9.1 25.2 25.3 25.1 24.5 24 25.6 26.9 27 27.1 26.6 25.6 25.7 23.6 22.8 23.1 13.7 13.1 13.9 9.6 10.7 15.9 15.6 11.1 16.6 20.7 24.2 26 26.2 23.1 16.6 11.4 8.9 8 7.4 7 7 7.1 7.2 7.3 7.4 7.1 7 6.9 6.9 6.8 6.7 6.6 6.6 6.6 6.6 6.7 6.7 6.8 6.9 7 7 6.7 6.8 6.8 6.8 6.9 7.3 8.1
-4 -4 -4 -4 -4 -4 -4 -4 -4 -4 -4 -4 -4 -4 -4 -4 -4 -4 -4 -4 -4 -4 -4 -4 -4 -4 -4 -4 -4 0.6 4 7.9 13.7 23.4 22.5 22.3 23 24.3 25.5 26.5 26.5 26.6 26.1 24.5 24 22.5 22.4 14.4 17.2 18.1 14.4 10.6 9.3 8.5 14.9 15.2 12.6 15.5 24.6 25.6 25.2 22.8 15.6 10.5 8.2 7.7 7.2 6.9 7 7.1 7.2 7.3 7.4 7.1 7 7 6.9 6.8 6.7 6.7 6.7 6.7 6.6 6.6 6.7 6.8 6.8 6.7 6.9 7.2 6.9 6.9 7 7.1 8.1 8.3
-4 -4 -4 -4 -4 -4 -4 -4 -4 -4 -4 -4 -4 -4 -4 -4 -4 -4 -4 -4 -4 -4 -4 -4 -4 -4 -4 -4 -4 0.8 5.8 8.1 20.2 22.6 20.9 20.9 22.6 24.2 25.2 26.3 26.5 26.1 25.2 21.6 19.5 16.5 15.2 14.8 19.9 16.3 12.2 9.4 8.5 8.4 9.4 12.6 14.3 14 13.9 25.3 24.5 21 13.7 9.6 7.8 7.4 7 6.9 6.9 7 7.1 7.3 7.4 7.2 7.1 7 6.9 6.8 6.8 6.7 6.7 6.7 6.7 6.7 6.7 6.8 6.8 6.9 7 7.4 6.9 7.2 7.4 7.6 8.1 8.6
-4 -4 -4 -4 -4 -4 -4 -4 -4 -4 -4 -4 -4 -4 -4 -4 -4 -4 -4 -4 -4 -4 -4 -4 -4 -1.5 -0.8 -0.7 -0.6 2.3 7.9 8.7 22.9 22.6 20.8 20 22 23.1 24.2 24.8 24.2 24.2 23.7 22.9 21.1 18.4 14.5 16.8 18.5 12.2 9.7 8.5 8.2 8.4 9.1 11.8 16.1 13.1 12.5 13.9 22.5 17.1 11.5 8.9 7.7 7.4 6.8 6.8 6.9 7 7.2 7.3 6.1 7.3 7.2 7.1 6.9 6.9 6.8 6.8 6.8 6.7 6.7 6.6 6.7 6.8 6.9 7 7.1 7.4 7.1 7.4 7.8 8 8.2 8.6
-4 -4 -4 -4 -4 -4 -4 -4 -4 -4 -4 -4 -4 -4 -4 -4 -4 -4 -4 -4 -4 -4 -4 -4 -2.1 -0.6 1 2.5 2.6 5.4 8.8 9.4 23 23 21.1 18.3 19.8 21.5 23.1 23.6 24.1 23.6 23 22 20.1 17.4 14.1 16.1 15.2 10.9 8.7 8.5 7.7 8.2 8.5 10.6 14.2 18.9 12.5 12.4 13.9 13.4 9.3 8 7.5 6.8 6.8 6.8 6.8 7.1 7.2 7.3 7.4 7.3 7.2 7.1 7 6.9 6.8 6.7 6.7 6.7 6.6 6.7 6.8 6.9 7 7.1 7.1 7.5 7.2 7.6 8 8.4 8.7 9.2
-4 -4 -4 -4 -4 -4 -4 -4 -4 -4 -4 -4 -4 -4 -4 -4 -4 -4 -4 -4 -4 -4 -4 -2.5 -1.1 0.4 1.8 3.4 5 7.4 8.7 11.4 21.9 21.5 19.4 16.4 19.7 20.8 21.6 22.1 22.4 22.4 21.7 20.3 18.1 14.6 12.5 13.1 12.3 9 8 7.9 8.8 8.7 7.7 8.8 12.7 16.8 20.4 13 10.9 12.2 8.7 7.7 7.3 6.8 6.7 6.7 6.8 6.9 7.2 7.4 7.3 7.3 7.2 7.1 7 6.9 6.8 6.7 6.6 6.6 6.6 6.7 6.8 6.9 7 7.1 7.2 7.5 7.4 7.7 8.1 8.6 9.1 9.7
-4 -4 -4 -4 -4 -4 -4 -4 -4 -4 -4 -4 -4 -4 -4 -4 -4 -4 -4 -4 -4 -4 -3.1 -1.8 -0.4 1.1 2.6 4.2 6.6 7.9 8.4 9.7 20.8 20 19.2 15.6 17.3 19 19.7 20.4 20.8 20.9 20.4 19.3 16.3 14.6 11.1 9.8 9.3 8.2 7.9 8.3 8.4 8.2 8.2 9.3 11.6 17.1 22.1 21.8 10.5 10.1 8.5 7.9 6.9 6.8 6.7 6.7 6.7 6.8 7.3 7.5 7.1 7.2 7.2 7.1 7 6.9 6.8 6.6 6.6 6.6 6.6 6.7 6.8 6.9 7.1 7.2 7.3 7.4 7.6 7.9 8.3 9 9.9 10.7
-4 -4 -4 -4 -4 -4 -4 -4 -4 -4 -4 -4 -4 -4 -4 -4 -4 -4 -4 -4 -4 -4 -2.3 -1 0.3 1.7 3.2 4.7 6.2 7.8 8.3 9 18.4 20 19.4 17.4 15.2 16.9 18.2 18.9 18.7 18.8 19.4 18.7 17.5 14 10.2 8.7 8.6 7.9 7.8 8.2 8.1 7.8 8.5 12.8 17.1 18.8 21.5 22.6 19.7 9.8 9.2 8 7.5 7 6.7 7 6.9 6.7 7.3 7.6 6.9 7 7.2 7.1 7 6.9 6.8 6.6 6.5 6.6 6.7 6.7 6.8 7 7.1 7.2 7.4 7.4 7.8 8.3 9.1 10.1 10.9 11.6
-4 -4 -4 -4 -4 -4 -4 -4 -4 -4 -4 -4 -4 -4 -4 -4 -4 -4 -4 -4 -4 -2.8 -1.4 -0.1 1.2 2.5 3.8 5.1 7 8.4 8.8 8.6 10.2 19.7 19.4 17.7 15 14.8 16.9 16.6 16.9 16.3 17.2 17.3 16.6 12.6 9.3 8.2 7.9 7.8 7.7 8 7.9 7.8 9.6 16.8 21.8 22.4 23.3 23.2 17.5 11.3 9.4 7.8 8.4 7.4 7.1 6.9 6.8 6.8 7.4 7.8 6.7 6.8 7 7.1 7 6.9 6.8 6.7 6.6 6.7 6.7 6.8 6.9 7 7.1 7.3 7.4 7.8 8.4 9.2 10.2 10.9 11.8 12.8
-4 -4 -4 -4 -4 -4 -4 -4 -4 -4 -4 -4 -4 -4 -4 -4 -4 -4 -4 -4 -3.1 -1.9 -0.7 0.6 1.9 3.3 4.6 5.5 6.4 7.9 8.9 8.3 8.5 16.5 19.1 17.5 14.6 13.5 15.5 14.7 13.6 14 15 15.8 14 11.7 8.6 8.1 7.7 7.7 7.6 7.7 7.7 7.9 10.4 19 23.1 23.8 23.9 23.3 16.1 10.4 7.7 9.4 6.6 6.6 6.6 6.5 6.4 6.7 6.9 7.2 6.7 6.7 6.8 6.9 7 6.9 6.8 6.8 6.7 6.8 6.8 6.8 7 7.1 7.1 7.2 8.1 8.9 10.1 11.5 12.3 12.8 13.4 14.6
-4 -4 -4 -4 -4 -4 -4 -4 -4 -4 -4 -4 -4 -4 -4 -4 -4 -4 -4 -4 -2.2 -1.1 0 1.3 2.6 3.9 5.3 6.1 6.8 8.1 8.8 8.2 8.2 8.5 17.6 16.4 13.7 11.2 12.7 11.9 11 11.7 13.5 14.6 14.4 10.7 8.2 7.9 7.6 7.6 7.6 7.5 7.6 8.2 11.1 20.6 23.2 24.1 24.4 22.7 15.4 9.4 7.4 6.7 9.2 6.4 6.4 6.4 7.4 6.7 6.9 7 6.8 7.4 6.9 6.9 7.1 7 6.9 6.9 6.9 6.9 6.9 7.5 7.7 8 7.7 8.5 9.8 12.5 14.1 15.5 15.7 15.2 15.4 15.6
-4 -4 -4 -4 -4 -4 -4 -4 -4 -4 -4 -4 -4 -4 -4 -4 -4 -4 -4 -2.7 -1.5 -0.3 0.8 2 3.3 4.6 5.9 6.5 7.5 8.3 8.7 8.3 8.2 7.5 11.6 16.8 15.3 12.2 10 9.5 9.4 9.6 11.6 14.8 12.8 9.6 8.2 7.7 7.5 7.5 7.5 7.5 7.5 8 9.7 17.2 22.2 20.3 20.1 16.7 11.5 8.6 7.5 7.1 6.6 7.3 6.3 5.6 7 6.8 6.9 7.1 6.8 6.7 7.3 7.2 7.3 7.1 7 7 7 7 7.7 8.2 8.3 9 8.9 10.7 13.6 16.2 18.1 18.3 18 17.9 16.4 15.6
-4 -4 -4 -4 -4 -4 -4 -4 -4 -4 -4 -4 -4 -4 -4 -4 -4 -4 -3 -1.9 -0.8 0.3 1.5 2.7 3.9 6.8 7.9 8.2 8.4 8.6 8.7 8.3 7.8 7.4 7.2 13.7 15.4 14.4 11.9 10.1 8.9 8.4 9.1 13.5 10.4 8.7 7.9 7.5 7.4 7.4 7.4 7.4 7.4 7.5 7.9 10 11 11.5 10.5 8.6 7.8 7.4 7.8 7.6 7.3 9 6.4 6.9 6.7 6.8 6.9 7.1 5.8 6.9 6.9 7.2 7.2 7.1 6.9 7 7.1 7.8 9.1 10.4 10.9 10.7 11.3 13.3 16.2 18 18.6 18.9 19.1 19.2 17.3 15.9
-4 -4 -4 -4 -4 -4 -4 -4 -4 -4 -4 -4 -4 -4 -4 -4 -4 -3.3 -2.2 -1.2 -0.1 1 2.2 3.3 4.5 1.1 7.6 8.1 8.3 8.4 8.2 8.1 7.7 7.4 7.4 8.1 14.8 14.4 13.4 11.8 9.7 8.2 7.5 9.7 8.1 7.6 7.5 7.4 7.3 7.3 7.3 7.3 7.3 7.4 7.6 7.7 7.8 7.9 7.5 7.3 7.5 7.7 7.6 7.6 7.4 7 8.9 6.6 6.7 6.9 6.9 6.1 6.8 7 6.7 6.9 7.1 7 6.6 6.7 7.9 10.2 14 15.9 16 13.7 13.1 14.4 16.7 18.1 18.3 18.6 18.9 18.8 16.4 15.7
-4 -4 -4 -4 -4 -4 -4 -4 -4 -4 -4 -4 -4 -4 -4 -4 -4 -2.6 -1.5 -0.4 0.6 1.7 2.9 4 5.1 1.4 7.9 8.1 8.3 8.5 7.9 7.7 7.5 7.3 7.4 7.7 13 15 14 13 11 9 12.4 7.6 7.5 7.5 7.4 7.4 7.3 7.2 7.2 7.2 7.2 7.3 7.4 7.4 7.4 7.5 7.2 7.3 7.6 7.7 7.6 7.6 7.3 7 6.4 7.6 6.8 5.3 7.3 7.4 5.7 7.3 6.6 6.6 6.8 7 7.1 7.3 8.1 14.1 19.9 20.6 15.9 14.2 13.8 14.2 14.8 15.2 15.8 16.8 17.2 17.2 15.8 14.7
-4 -4 -4 -4 -4 -4 -4 -4 -4 -4 -4 -4 -4 -4 -4 -4 -2.9 -2 -0.9 0.2 1.3 2.4 3.5 4.7 -4 6.9 7.7 8.2 8.3 7.8 7.6 7.5 7.3 7.2 7.3 7.4 9.4 15.4 14.7 13.8 12.3 9.4 8.4 7.4 7.4 7.3 7.4 7.2 7.2 7.1 7.1 7.1 7.1 7.1 7.1 7.1 7.1 7.1 7.1 7.4 7.6 7.7 7.7 7.6 7.2 7.9 7.2 8.6 5.8 7.3 7.3 7.3 7.3 7.4 7.2 7.2 6.5 6.8 7 7 7.4 10.2 12.5 14.7 13 12.3 12.1 12.3 12.6 13.2 14 14.8 15.3 15.5 14.3 14.1
-4 -4 -4 -4 -4 -4 -4 -4 -4 -4 -4 -4 -4 -4 -4 -3.2 -2.2 -1.2 -0.2 0.8 1.9 3 4.2 5.7 -4 7 7.9 8.3 8.6 7.7 7.4 7.2 7.2 7.2 7.3 7.3 7.8 12.6 15.3 14 12.5 11.8 7.7 7.3 7.3 7.3 7.3 7.3 6.9 6.9 6.8 6.8 6.8 6.9 7 7 7 7 7.2 7.5 7.7 7.7 7.7 7.7 7.6 8.6 8.3 7.1 8.5 7.1 7.1 7.1 7.2 7.3 7.3 7.2 7.1 7.1 7.1 7.2 7.9 8 9 9.1 10.3 10.2 10.2 10.3 10.5 11.3 12 12.7 13.3 13.3 13.1 13.5
-4 -4 -4 -4 -4 -4 -4 -4 -4 -4 -4 -4 -4 -4 -4 -2.7 -1.6 -0.6 0.5 1.4 2.5 3.6 4.7 7 -4 7.7 8.2 8.3 7.9 7.6 7.3 7.1 7.1 7.1 7.1 7.1 7.1 9.4 13.5 13.5 11.5 9.2 7.4 7.3 7.3 7.3 7.3 7.3 6.8 6.6 6.6 6.6 6.6 6.7 6.8 6.9 6.9 6.9 7.1 7.5 7.5 7.6 7.6 7.2 8.2 8.6 8 7.8 7.1 7.2 6.9 7 7.1 7.2 7.3 7.3 7.1 7.2 7.2 7.2 7.8 7.6 7.5 7.9 8.1 8.6 8.4 8.7 9.2 9.7 10.3 10.8 11.3 11.9 12.4 13.1
-4 -4 -4 -4 -4 -4 -4 -4 -4 -4 -4 -4 -4 -4 -3.1 -2.1 -1.1 0 1 2.1 3.1 4.1 5.6 -4 -4 8 8.4 8.5 7.8 7.4 7.1 7.1 7.1 7.1 7.2 7.2 7.3 7.6 11.7 12.1 11.1 8.7 7.3 7.3 7.3 7.3 7.3 7.3 6.8 6.4 6.3 6.3 6.3 6.4 6.5 6.6 6.7 6.8 7.1 7.5 7.5 7.2 7.4 7.8 8.1 8.1 6.9 8.2 7.7 8.7 6.8 6.9 7 7.4 7.2 7.1 7 7.1 6.3 7.2 7.3 7.2 7.2 7.1 7.3 7.5 7.7 7.8 8 8.6 9.4 9.8 10.6 11.4 11.9 12.7
-4 -4 -4 -4 -4 -4 -4 -4 -4 -4 -4 -4 -4 -3.4 -2.4 -1.4 -0.5 0.5 1.6 2.6 3.7 4.7 6.6 -4 -4 8 8.5 7.8 7.5 7.2 7.1 7.1 7 7.1 7.1 7.2 7 7.4 7.3 9.2 8.4 7.5 7.3 7.3 7.3 7.3 7.3 7.3 6.9 6.4 6 6 6.1 6.2 6.3 6.4 6.7 6.9 7.2 7.5 7.4 7.1 7.4 7.7 7.9 7.8 6.7 7.9 8.4 7.1 9 7.2 7.4 7.2 7.1 6.9 6.9 7 7.2 7.3 7.2 7.2 7.1 7 7.3 7.5 7.4 7.4 7.5 7.9 8.5 9.2 10.3 11 11.5 12.3
-4 -4 -4 -4 -4 -4 -4 -4 -4 -4 -4 -4 -4 -2.8 -1.8 -0.8 0.2 1.2 2.1 3.2 4.2 5.3 6.4 -4 -4 8.3 8.5 7.8 7.3 7.1 7.1 7.1 7 7 7 7.1 7.2 7.4 8.8 7.4 7.4 7.3 7.3 7.2 7.3 7.3 7.3 7.3 6.9 6.4 5.9 5.7 5.8 5.9 6.2 6.5 6.8 7.1 7.3 7.6 7.6 7.2 7.5 7.6 6.8 7 7 7.1 7.5 8.2 8.6 7.6 7.2 7 7 6.9 7 6.9 7.1 7.3 7.5 7.1 7 7.1 7.3 7.4 7.3 7.3 7.2 7.7 8.3 8.9 10 10.7 10.4 10.8
-4 -4 -4 -4 -4 -4 -4 -4 -4 -4 -4 -4 -3 -2.1 -1.1 -0.2 0.8 1.8 2.8 3.8 4.8 6.6 7.4 7.7 -4 -4 8.9 7.5 7.1 7.1 7.1 7.1 7 7 7 6.6 7 8.2 7.4 7.4 7.3 7.3 7.2 7.2 7.2 7.3 7.3 7.3 6.9 6.4 6 5.5 5.8 6.1 6.3 6.6 6.9 7.2 7.4 7.7 7.2 7.1 6.9 6.8 6.9 7.5 7.5 8.4 11.3 13.5 11.5 9.7 7.4 7.3 7.2 7.4 7.4 7.2 7.1 7.4 7.6 7.5 7 7.1 7.3 7.3 7.2 7.2 7.2 7.5 8.1 8.5 9 8.7 9.1 9.5
-4 -4 -4 -4 -4 -4 -4 -4 -4 -4 -4 -3.2 -2.3 -1.4 -0.4 0.5 1.5 2.4 3.4 4.4 6.3 7.5 7.8 7.9 7.6 -4 7.8 8.3 7.1 7 7 7 7 7 7 9.5 7.2 7.4 7.4 7.3 7.3 7.3 7.2 7.2 7.2 7.2 7.3 7.3 6.9 6.5 6.1 6 5.9 6.2 6.5 6.8 7.1 7.3 7.5 7.4 7.4 7.3 7.2 7 7 8 10 17.3 20.9 20.7 16.9 11.7 10.2 7.7 7.7 7.8 7.9 7.6 7.3 7.5 7.5 7.6 7.6 7.6 7.2 7.2 7.2 7.2 7.2 7.5 7.7 8.1 8.5 9.3 9.3 8.2
-4 -4 -4 -4 -4 -4 -4 -4 -4 -4 -4 -2.5 -1.6 -0.7 0.3 1.2 2.1 3.1 4.1 5.1 7.4 7.6 7.9 8 8.1 9.3 9.1 5.2 7.2 6.9 7 7.1 7 8 9.2 7.1 7.3 7.3 7.3 7.3 7.3 7.2 7.2 7.2 7.1 7.2 7.3 7.3 7 6.9 7 6.6 6.5 6.3 6.6 6.9 7.2 7.4 7.4 7.3 7.3 7.4 7.3 7.2 7.4 8.6 13.2 19.9 21.7 21.7 19.7 14.2 10.6 9.4 8.8 8.3 8.4 8.1 7.7 7.5 7.6 7.6 7.4 7.3 7.5 6.8 7.2 7.2 7.3 7.6 7.3 7.7 8 9.3 8.5 7.6
-4 -4 -4 -4 -4 -4 -4 -4 -4 -4 -2.7 -1.8 -0.9 0 0.9 1.9 2.8 3.8 4.7 7 7.8 8 8.1 8.1 8.2 8.6 8.3 8.2 8.4 8 7.3 6.7 9.5 7.9 7.4 7.1 7.4 7.3 7.3 7.3 7.3 7.2 7.2 7.1 7.1 7.1 7.2 7.3 7.4 7.6 7.7 7.3 7 6.9 6.8 7 7.3 7.3 7.3 7.3 7.3 7.3 7.4 7.4 7.6 8.8 10.4 15.1 19.9 21.8 20.7 16.9 13 11.1 11.9 10.9 10.2 10.2 9.9 9.3 8.5 8.3 8.2 8.1 7.3 7.5 7.7 7.2 7.3 6.2 7.5 7.7 7.8 8.3 7.2 7
-4 -4 -4 -4 -4 -4 -4 -4 -4 -2.9 -2 -1.1 -0.3 0.7 1.6 2.5 3.5 4.4 6.4 7.7 8.2 8.2 8.1 8.1 8.4 8.3 8.2 8.9 8.7 8.5 8.5 8.2 7.3 6.7 7.3 7 7.5 7.3 7.3 7.3 7.2 7.2 7.2 7.1 7.1 7.1 7.2 7.2 7.4 7.5 7.6 7.7 7.6 7.5 7.4 7.3 7.3 7.4 7.3 7.3 7.3 7.3 7.3 7.4 7.9 8.4 9.6 13 19.1 22.5 21.8 19.1 18 17.9 12.6 14.7 14.3 13.5 13 12 11.4 11.2 10.4 9.4 8.8 8.2 8.1 7.4 7.2 7 7 6.9 6.7 7 6.7 6.6
-4 -4 -4 -4 -4 -4 -4 -4 -3.1 -2.2 -1.4 -0.5 0.4 1.3 2.2 3.2 4.1 5.1 7.6 8.1 8.3 8.2 8.1 8.2 8.8 8.8 9.7 9 8.6 8.5 7.7 7.4 7.3 7.2 7.4 7.4 7.5 7.3 7.3 7.2 7.2 7.2 7.1 7.1 7.1 7.1 7.2 7.2 7.4 7.4 7.5 7.6 7.6 7.4 7.3 7.3 7.4 7.4 7.4 7.3 7.3 7.3 7.3 7.9 8.9 10.7 11.2 13.1 20.1 22.4 22.4 20.2 21.8 22.9 11.8 19.8 20 18.5 16.8 14.7 14.4 14.1 13.1 11.9 10.7 9.6 8.2 7.8 7.3 6.9 6.8 6.7 6.8 6.9 6.9 6.8
-4 -4 -4 -4 -4 -4 -4 -4 -2.4 -1.5 -0.7 0.2 1.1 2 2.9 3.8 4.7 7.4 8 8.4 8.3 8.6 8.6 9.1 9.7 9.6 9.3 8.4 8.5 7.6 7.3 7.4 7.5 7.3 7.5 7.6 7.9 7.3 7.2 7.2 7.2 7.1 7.1 7.1 7.1 7.2 7.2 6.7 7.5 7.3 7.4 7.5 7.4 7.3 7.3 7.3 7.4 7.5 7.5 7.4 7.3 7.3 8.7 10.7 18.4 16.1 13.9 14 19.5 23.2 23 23.3 23.6 24 22.3 12.1 24.2 22.5 20.1 19.1 19.7 18 16.1 13.9 12.1 9.8 8.4 7.6 6.8 6.8 6.8 6.8 6.8 6.9 6.9 6.9
-4 -4 -4 -4 -4 -4 -4 -2.7 -1.8 -0.9 0 0.9 1.8 2.7 3.6 4.4 5.9 7.6 7.9 8.3 8.9 9.4 9.6 10 10.1 9.4 8.9 8.2 7.4 7.4 7.4 7.3 7.3 7.4 7.6 5.9 7.5 7.5 6.5 7.2 7.2 7.1 7.1 7.2 7.2 7.2 7.2 7.4 7.6 7.8 7.4 7.3 7.3 7.3 7.2 7.3 7.4 7.5 7.5 7.6 7.4 9.1 12.1 19.5 22.3 20.1 15.2 15.5 17.9 21.5 23.6 24.4 24.7 25.3 25.9 15.9 15.5 26.1 25 24 23.8 22.5 18.1 14.7 10.4 9.4 8.1 7.3 6.8 6.7 6.8 6.8 6.8 6.9 6.9 6.9
-4 -4 -4 -4 -4 -4 -3 -2 -1.1 -0.2 0.7 1.6 2.5 3.3 4.2 5.1 7.6 7.9 8.2 8.6 9.5 9.9 10.2 10.1 9.6 8.6 8.2 7.2 7.4 7.5 7.5 7.4 7.3 7.3 7.7 7.5 7.5 7.5 7.5 7.2 7.2 7.1 7.2 7.3 7.2 7.2 7.3 7.5 7.7 7.8 7.9 7.5 7.3 7.2 7.1 7.2 7.3 7.4 7.5 7.6 8.1 10.3 18.8 24.1 24.3 22.9 16.6 20.9 21.9 23.8 24.8 25.7 25.9 26.3 26.6 26.3 12 22 26.5 24 20.2 17 14.9 12.3 9.8 8.5 7.4 6.7 6.6 6.7 6.8 6.8 6.9 6.9 6.8 6.9
-4 -4 -4 -4 -4 -4 -2.4 -1.4 -0.4 0.5 1.4 2.3 3.2 4 4.9 7.5 7.9 8.1 8 9.5 10 10.4 10.6 9.9 9.1 8.1 7.8 7.3 7.4 7.5 7.5 7.5 7.3 7.4 7.4 7.5 7.5 7.5 7.5 7.2 7.2 7.3 7.4 7.5 7.4 7.2 7.2 7.2 7.3 7.3 7.5 7.3 7.2 7.2 7.2 7.2 7.2 7.3 7.3 7.6 9.1 13.7 24.4 25.7 25.6 22.3 23.3 24.5 25.1 25.8 26.2 26.8 26.4 26.7 26.8 26.4 20.3 11.1 19.8 15 11.9 10.5 9.9 9.1 8.4 7.7 6.9 6.8 6.8 6.8 6.9 6.8 6.8 6.8 6.8 6.7
