public/OST50/ST58.asc
ncols 200
nrows 200
xllcorner 350000
yllcorner 180000
cellsize 50
[rows 138 to 183 of 200, columns 96 to 191 of 200]
6.3 6.3 6.3 6.6 6 7.3 7.3 7.4 7.5 8.2 6.2 5.9 6.8 7.4 7.3 6.8 7.2 6.9 7.4 6.1 5.8 7.6 5.9 5.7 5.9 6.2 6.3 6.3 6.1 6.1 5.9 5.8 5.7 5.7 5.8 5.8 6 6.2 6.2 6.1 6.1 6.3 6.4 6.2 5.2 6.2 6.1 6.1 6.1 6.2 6.4 6.5 6.2 6.6 6.5 6.4 6.3 6.3 6.3 6.4 6.5 6.9 7.2 7.6 7.5 8.1 8.1 8 8.1 8.7 9.2 13.9 16.3 17.2 17.2 18.7 20 21.7 23.6 26.6 30.4 34.4 32.4 28.2 22.1 31.9 45 47.5 50.2 50.7 49.7 50.4 51.2 52.7 53.9 55.8
6.3 6.4 6.4 6.4 7.7 7.9 7.6 7.7 7.8 7.9 7.6 7.8 7.6 7.6 7.6 7.6 7.6 7.7 7.8 6.3 5.7 7.7 4.8 5.8 6.1 6.3 6.3 6.3 6.3 6.1 5.8 5.8 5.7 5.7 5.7 5.8 6 6.1 6.2 6.3 6.4 6.3 6.2 6.2 6.1 6.3 6.3 6.2 6.2 6.1 6.6 6.3 6.3 6.5 6.6 6.4 6.5 6.4 6.5 6.6 6.7 6.8 6.9 7 7.8 8.2 9.1 9.2 9.4 9.9 10.3 11.8 14.6 16.6 17 18.2 19.5 21.7 24.4 28 32.3 36.8 39.7 38.8 29.1 44.4 47.6 48.4 48.3 49.2 48.9 49.4 50.1 50.5 52.9 56.1
6.2 6.4 6.6 6.5 7.5 7.8 7.8 7.9 8 8.1 7.1 5.4 7.7 8 8.1 7.8 7.8 8.2 6.2 8.7 5.9 6.1 5.6 5.9 6.3 6.2 6.2 6.3 6.3 6 5.8 5.8 5.7 5.7 5.9 5.7 5.9 6.1 6.2 6.3 6.4 6.4 6.3 6.2 6.1 6.6 6.6 6.4 6.2 6.1 6.3 6.3 6.4 6.6 6.9 6.6 6.6 6.7 6.8 6.9 6.9 7 7.1 7.3 8 8.2 9.4 10.4 10.8 12.4 13.6 15.4 14.4 16.6 18.1 19.1 20.5 22.7 26.2 30 34.3 39 42.9 44.9 47 33 38.5 49.3 49.5 48.6 48.5 49.3 50 51.8 53.5 56.7
6.5 6.6 6.5 7.9 7.4 7.7 8 8.1 8 8 7.7 7.4 7.8 8.2 8.3 7.9 8 8.3 7.9 11.8 9.3 7.5 10.6 5.6 6.8 6.1 6.4 6.5 6.3 5.7 6 5.8 5.7 5.8 6.1 5.9 5.8 6.1 6.3 6.2 6.3 6.6 6.1 6.1 6.2 6.6 6.8 6.6 6.3 6.2 6.2 6.3 6.5 6.8 6.9 6.6 6.6 6.8 7 7.1 7.1 7.2 7.3 7.6 8.2 8.1 8.9 9.9 10.9 12.2 14.9 16.8 17.8 15.8 19.2 20.4 22 24.3 27.9 32.1 36.7 41.7 45.3 47.2 48 48.6 43.6 31.8 49.4 49.2 49.3 50.2 51 52.6 55.2 58.5
6.5 6.2 7.4 7.7 7.3 7.6 7.8 7.9 7.8 8 5.8 7.7 8 8.4 8.2 7.8 8.4 8.9 7.4 5.7 9 7.8 8.4 11.1 4.9 5 6.8 6.3 6.3 6.3 6.4 6.3 6.3 6.3 6.3 6.3 6.1 6 6.1 6.2 6.5 6.7 6.2 6 6.8 6.6 6.6 6.5 6.5 6.4 6.4 6.4 6.7 6.9 6.7 6.6 6.6 6.6 7 7.2 7.3 7.4 7.5 7.9 8.5 8.8 9.8 10.8 11.8 13.8 14.8 17.8 19.5 20.3 18.9 21.7 23.3 25.9 29.7 34.4 39 44.8 46.8 47.6 48.3 48.9 49.4 49.5 49.4 49.4 49.7 50.9 52.9 55.1 58.4 62.8
6.7 6.7 7.6 7.9 8.5 8.3 8 7.5 7.3 7.4 7.4 7.9 8.3 8.1 7.8 7.6 9 7.7 7.6 7.4 7.2 7.1 5.8 5.7 5.6 6.2 6.1 6.2 6.2 6.2 6.4 6.3 6.3 6.2 6.3 6.3 6.2 6 6 6.3 6.7 6.7 6 6.8 6.6 6.4 6.4 6.4 6.5 6.5 6.5 6.5 6.7 7 6.6 6.7 6.8 6.8 7 7.4 7.5 7.6 7.6 8.2 8.7 8.7 10.2 11.7 12.8 14.9 16 17.4 19.4 21.1 21.3 22.6 24.7 27.5 32.1 36.7 41.8 45.9 46.4 46.8 48.5 49.3 49.6 49.9 49.3 41.3 50.4 52.8 55.4 60.1 66.1 72.5
7.4 7.1 6.6 6.6 8 8.3 8.1 7.5 6.4 7.6 8.1 8.4 8.1 7.8 8 8.1 8.1 7.7 7.5 7.4 7.3 8 5.6 5.6 5.6 5.7 5 5.8 6.6 6.3 6.5 6.4 6.3 6.2 6.2 5.6 6.3 6.3 6 6.3 6.7 6.6 7.3 6.7 6.9 6.6 6.4 6.5 6.5 6.5 6.5 6.5 6.7 6.6 6.9 6.9 7 7 7.2 7.4 7.6 7.8 8.1 8.5 8.7 8.7 10.2 11.9 14 15.5 16.9 18.1 19.3 21.2 22.4 24 24.6 28.3 33.3 38.8 42.8 44.2 45.3 47.4 49 49.7 50.1 50.5 50.7 51.7 52 50.7 60.9 68.1 75.5 79.2
6.2 7 4.6 7.2 4.6 4.7 7.7 6.9 7.2 6.6 8 8.1 7.9 7.8 7.8 7.9 7.8 7.5 7.5 7.3 6.6 8.6 5.6 5.6 5.6 5.6 5.7 5.6 6.1 6.7 6.6 6.5 6.4 6.4 6.3 6.3 6.2 6.3 6.1 6.3 6.7 6.8 7.4 7.4 7.1 6.7 6.6 6.7 6.7 6.7 6.7 6.6 6.7 6.7 7.1 7.2 7.2 7.3 7.4 7.7 7.9 8.1 8.6 9.4 9.6 9.3 10.8 12.7 14 15.7 17.7 19 20 21.2 23.1 25.2 27 27.9 32.2 37.3 40.1 45.4 46.5 48.2 49.1 49.9 50.7 51.4 52.1 54.2 56.5 59.8 68.6 76.7 83.1 84.8
6.7 7.4 7.2 7.3 9.1 7.9 4.5 7 7.5 6.9 7.7 7.8 7.7 7.6 7.6 7.7 7.5 7.3 7.5 7.4 5.9 8.6 6.5 5.9 5.6 5.7 5.7 5.8 5.9 6.4 6.4 6.8 6.6 6.5 6.5 6.4 6.3 4.8 6.2 6.5 6.4 6.5 7.2 7 7.2 7.1 6.8 6.9 6.9 7.3 7.2 7.1 6.8 6.9 7.3 7.4 7.5 7.4 7.7 7.9 8.2 8.5 9.1 9.7 10.2 10.3 11.4 12.7 14 15.5 17.4 19.1 21 22.9 24.7 26.3 28 31 32.1 39.6 44.7 46.5 47.5 48.4 49.3 50.3 51.3 52.2 53.9 57.9 62.2 68.8 76.1 83.4 85.2 86.2
7.2 7.2 7.2 7.2 7.3 8.4 8.4 8 5.1 5.1 7.5 7.6 7.6 7.5 7.5 7.5 7.3 7.2 7.2 5.9 5.8 8.6 5.7 5.7 5.7 5.7 5.8 5.9 5.9 6.3 7.1 7 6.8 6.6 6.5 6.4 6.2 6.2 6.3 6.9 6.7 6.7 6.6 7.3 7.3 8.3 8.3 7.3 7.1 7.4 7.7 7.5 7.2 7.3 7.6 7.5 7.4 7.6 7.9 8.2 8.5 9 9.6 10 10.5 10.5 11.4 12.6 14.1 16.3 17.9 19.6 22.1 23.6 25.5 26.9 28.3 32.2 38.4 41.2 46 46.6 47.5 48.7 49.6 50.5 51.8 53.3 56.8 62.4 70.1 77 83.2 84.9 85.9 86.6
7.2 7.2 7.2 7.2 7.1 7.9 7.5 7.7 7.9 7.4 6.9 6.3 6.5 7.4 6.6 7.2 7.1 7.2 7.4 6 5.9 5.6 5.9 5.8 5.8 5.7 5.8 5.9 5.9 6.2 7.6 6.5 6.4 6.4 6.4 5.5 6.5 6.5 6.8 6.9 7.1 7 7 7.2 7.5 7.6 8.7 7.4 7.7 7.3 7.6 7.7 7.6 7.8 7.7 7.6 7.8 8.2 8.5 9 9.2 9.5 9.8 10.3 10.7 11 11.5 12.7 14.7 17.6 20.5 22.1 23.3 24.7 26.2 27.7 29.5 32.5 37.8 40.8 45.2 44.6 48.2 48.8 50.3 50.9 52.2 56 62.6 71.2 79 83.7 85.5 84.9 85.9 86
7.1 7.2 7.1 7.1 7.1 7.1 7.4 7.2 7.4 7.7 7.5 7.4 6.9 6.5 5.3 7.3 7.3 7.4 6.2 5.9 8.6 6.2 6 5.9 5.9 6.2 5.9 5.9 6.7 7.4 6.5 6.5 6.4 6.3 6.3 6.5 6.7 7.1 7.3 7.4 7.6 8.1 7.9 8.3 8.1 7.9 7.9 7.6 8 7.8 7.6 7.8 8.1 8 8.1 8.2 8.4 8.9 9.3 9.9 9.9 10.1 10.5 10.8 11.1 10.5 11.5 13 14.5 16.3 19.5 22.1 24.7 26 27.5 29.1 30.9 33.7 37.7 42.5 44.1 45.2 47 47.2 47.2 50.6 53.4 62 73.4 82.6 84.2 86.4 84.6 86.1 85.8 85.3
7.1 7.2 7.2 7.1 7.1 6.9 6.9 7.1 7.4 7.5 7.5 7.5 7.2 6.5 7.4 6.2 6.4 7.3 5.9 6.6 8.6 6.7 6.8 6.8 6 6.6 6.7 7.3 7.1 6.3 6.4 6.5 6.3 6.4 6.6 6.7 7 7.4 7.8 7.9 8.5 9 9.2 9.4 9.3 9 9.6 8.8 8 8.4 8 8.5 8.8 8.9 8.9 8.8 9 9.5 10.1 10.6 10.8 10.7 11.1 11.4 11.7 11.7 10.2 12.7 14.2 15.9 18 21.8 24.5 26.6 28.3 30.3 33 35.3 39.8 42.7 43 44.1 46.3 48 47.2 50.3 56.1 65.7 78 84.5 84.5 84.6 86.6 85.9 85.3 84.5
7.1 7.1 7.2 7.1 7 7.4 7.3 7.8 7.6 7.5 7.1 7.3 6.6 9.7 9.7 6.2 6.7 5.8 6.3 6.4 6.5 6.8 7 7.2 7.4 7.2 7.3 7.1 6.6 6.5 6.6 6.6 6.5 6.6 6.8 6.9 7.3 7.7 8 8.4 8.9 9.3 9.6 9.9 10 10.2 10.1 9.6 8.3 9.3 9.2 9.5 9.6 9.8 9.8 9.7 9.6 10.7 12.2 13 13.3 12.8 12.3 12.1 12.2 12.5 12.6 12.7 14 15.4 17.3 20.3 24 26.1 28.5 30.6 34 36.6 42.5 42.2 42 43 45.2 47.4 49.3 51.8 56.8 65.7 74.6 82.9 84.5 84.5 85.3 84.9 84.3 83.6
7.4 7.3 7.2 7.2 5.8 6.8 8 8 7.7 7.5 7.1 5.6 10.4 10.4 10 9.4 6 5.7 6.1 8.6 6.7 6.7 6.9 6.9 6.5 7 7 7 6.6 6.6 6.5 6.5 6.6 6.7 7 7.2 7.5 7.9 8.3 8.9 9.3 9.7 10.7 11.1 11.2 11.6 11.3 10.4 9.8 9 10.1 10.1 10.5 10.6 10.7 10.6 11.3 12.5 15.1 16.4 16.3 14.6 13.7 13.9 13.6 13.7 13.8 14 14 15 16.8 18.5 22.5 25.4 28.5 33.2 35.3 40.9 41.8 40.4 40.6 42.9 45.6 48 50.9 54.5 59.3 64.5 73 82.3 84.4 87.5 84.2 83.7 83.2 82.9
7.5 7.4 7.2 7 7.4 7.8 7.8 7.8 7.9 7.5 7 10.7 11.2 10.9 10 8.8 5.9 6.2 6.2 8.3 6.7 6.6 6.6 6.5 6.5 7 7.1 7 6.5 6.4 6.3 6.4 6.6 6.8 7.1 7.4 7.8 8 8.6 9.1 9.7 10.2 11.5 12.3 12.6 13 12.6 12 11.4 10.7 9.6 10.9 11.4 11.5 11.6 12.3 14.1 18.5 21 20.5 17.9 16.1 15.5 16.4 16.9 17.5 16.3 15.7 14.7 15.4 16.5 18.5 23 25.5 29.5 33.5 39.1 41.8 40.6 39.2 39.8 42.9 46.8 51.1 58.2 63.8 63.8 68.8 79.3 83.7 84.4 84.5 83.5 83.5 83 82.2
7.6 7.5 7.3 7.4 7.3 8.2 8.3 8.1 5.2 7.5 9.8 12.1 11.4 6.9 9.1 6.3 6.1 6.5 8.4 6.7 6.4 6.4 6.4 6.4 6.4 6.5 7.1 7.1 6.9 6.3 6.3 6.5 6.7 6.9 7.2 7.5 7.7 8 8.6 9.2 9.7 10.3 10.8 12.9 13.2 14.1 14.1 13.5 12.9 12.6 11.4 10 12.6 12.6 13.2 14.7 20 25.2 25.6 22.4 18.9 17 17.4 18.2 19.5 18.6 16.9 17.2 16 16.3 17.4 19.2 22.4 25.9 30.1 34.1 42.9 40.4 36.6 36.9 39.4 42.7 47.6 55.9 66.5 75 73 74.9 82.3 84.4 86.4 83.5 82.8 82.7 81.9 81.3
7.8 7.6 6.9 7 7.6 7.7 7.7 8 5.2 7.2 10.9 12.1 9.6 6.5 6.6 6.5 6.3 6.2 8.1 6.3 5.7 5.1 6.3 6.4 6.4 6.6 7 7 6.9 6.5 6.4 6.7 6.8 7.1 7.4 7.5 7.6 8 8.6 9.2 9.8 10.2 10.8 11.7 14.4 15 15.2 14.8 14.3 13.8 13 13.5 11.5 14.2 15.4 18.2 25.4 28.3 25.2 22.2 20.1 19 19.7 20.4 20.6 19 17.9 18.5 16.9 17.4 18.1 19.9 22.3 25.6 29.1 33.4 35.1 34.2 32.4 35.5 38.1 41.7 45.7 54.2 64.5 76.1 81.6 81.4 83.9 84.6 83.8 83.1 82.2 81.7 80.9 80.2
7.8 6.5 6 7.6 7.7 7.4 7.4 7.3 7.5 9 11.4 11.2 6.2 6 6.1 6.3 6.5 8.1 7.7 6.5 5.8 6.1 6 6.3 6.4 6.6 6.9 6.8 6.8 6.6 6.6 6.7 7 7.3 7.5 7.6 7.7 8 8.5 9 9.5 10.1 11.1 12.3 14.4 15.3 16.4 16.4 16 14.1 16 17.4 17.2 13.6 16.4 19.8 24.7 25.6 24 21.9 21.4 22.8 23.6 22.4 21.3 19.9 18.6 19.8 18.4 19.7 21.9 21 20.9 23.4 27.3 29.6 29.8 31.4 34.2 36.4 39.4 41.8 44.8 50.7 59.4 71.4 82.2 83.3 84.4 85.9 82.8 82.3 81.8 81.1 80.4 79.6
7.7 7.6 7.5 7.4 7.6 7.4 7.2 7 6.5 10.6 10.8 9.7 6.2 6.1 6.1 6.2 8.1 8.6 7 5.8 6.1 6.3 6.7 6.3 6.4 6.5 7.1 7.3 7.3 7 6.6 6.8 7.1 7.4 7.7 7.7 7.8 8.5 8.3 9.4 10 10.6 11.4 12.9 14.5 16 17.7 18.1 18 18.1 18.8 19.6 18.6 16.9 16.4 19.6 22 23.7 23.4 23 24.3 26.6 24.5 22.5 22 20.9 21.4 21.7 19.8 20.9 22.2 21.4 21.5 21.5 24.1 27.8 30.3 34.6 38 41 46.1 47.3 47.5 49.6 59.7 72.2 82 84.3 85.2 83.1 82.9 82 81.4 80.7 79.9 78.9
7.9 7.6 7.8 7.7 7.6 7.3 7 6.7 7.7 10.7 10.8 6 6.1 6.1 6.1 7.5 8.6 7.5 6.6 6.1 6.2 6.3 6.2 6.3 6.4 6.5 7.4 7.6 7.8 7.3 7.4 7.2 7.8 8.2 8.1 8.5 9.3 9.2 9.1 9.5 9.8 10.1 10.5 12.3 14.3 17.1 19 19.4 19.7 20.3 21 20.6 19.5 15.6 19.8 19.5 22.9 23.9 24.3 26.3 29.5 27.2 24.5 22.8 22.2 21.4 22.2 24.3 23.1 21.8 26.6 25 24.4 25.9 27.2 30.6 33.7 36.8 41.5 53 63.4 64.2 57.3 56.4 65.4 72.5 82.5 84 83.4 83.6 83 82.2 81.2 80.5 79.2 78.2
5.3 7.6 7.6 7.9 7.7 7.5 7.2 6.8 6.8 10.4 7.1 6 6 6.1 6.6 8.2 7.9 6.8 6.4 6.2 6.2 6.2 6.1 6.3 6.3 6.6 7 7 7.2 7.6 7.6 7.7 8 8.5 8.6 8.7 9.4 9.6 9.6 9.3 9.8 10.2 11.8 13.3 15.3 18 18.9 19.6 20 21.3 21.6 20.7 19.6 20.4 20.9 21.9 21.1 24.6 26.5 30 30.5 27.2 22.9 23.7 23.8 22.9 24.1 26.5 26.2 22.9 28.9 28.1 27.2 28.8 30.4 35.5 40.9 44.4 48.3 61 70.5 73.8 70 66.7 72.3 81 83.1 85.5 83.3 83.2 82.7 81.9 81.2 80.1 78.8 77.6
6.7 9.3 7.6 7.8 7.8 7.6 7.4 6.1 5.9 6.4 5.9 6 6.1 6.5 7.7 6.6 6.1 6.6 6.5 6.3 6.3 6.3 6.3 6.4 6.1 6.4 6.6 6.8 7.1 7.6 8.1 8.1 8.4 9.9 10.3 10.5 10.6 8.8 9.4 10 9.9 11.1 12.5 14.3 16.5 19 18.2 17.2 19.3 19.9 19.7 18.9 20.7 21.4 23 24.3 26.2 27.4 27.6 30.1 29.4 27.4 26.3 25.4 24.9 24.8 24.8 28.4 27.3 24.2 29.8 30.4 30.4 31.5 35 43 56.1 54.8 53.8 65.4 72.6 76.7 78.5 78.9 81.3 82 84.6 83.6 83.4 83 82.3 81.5 80.7 79.6 78.4 77.2
5.3 7 7.4 7.4 7.6 7.6 7.7 6.2 6.1 6 6.1 6.2 6.8 7.7 6.4 6.2 6.1 6.4 6.4 6.4 6.4 6.4 6.4 6.4 6.4 6.3 6.3 6.8 7.2 7.1 8.6 9.7 11.9 13.2 13.8 13.2 12.6 12 11.8 12.1 10.6 11 11.7 13.6 17.8 19 17.1 15.1 15.5 18.2 20.4 21.2 22.2 24.1 26.2 28.8 32.8 32.7 31.6 31.6 31.1 29.3 28.3 26.7 26.5 26 26.4 28.7 26.4 25.6 27.5 30.1 32.7 34.4 40.7 53.7 67 66.6 62.6 69.3 75 77.7 80.1 81.6 81.3 83.3 83.9 83.5 83.1 82.8 82 81.1 80 79.1 77.9 76.6
6.5 6.3 5.3 4.8 4.8 4.8 4.8 4.8 4.9 4.8 4.8 7.3 7.3 6.5 6.3 6.2 6.2 6.3 6.4 6.4 6.4 6.4 6.4 6.4 6.5 6.7 6.3 6.6 7.6 8.9 12.7 17.1 20.3 19 17.6 17.1 17.2 16.6 16.1 14.2 11.8 10.8 10.7 13.4 19.3 17.5 16.5 16.8 18.3 20.4 21.7 22.7 25.2 27.4 30.3 35.2 39.4 38.3 38.1 37.1 36 33.5 33.3 29.3 28.7 28.8 28.5 30 27.2 28.3 29.9 31.5 34.1 38.6 49.2 64 69.2 69.2 68.4 72.9 76 78.6 81.1 80.2 80.6 83.5 83.4 83.3 82.9 82.5 81.6 80.6 79.4 78.5 77.3 76.1
6.8 6.5 6.2 6.2 6.2 6.3 6.2 6.1 6.2 6.7 6.7 7.5 6.6 6.4 6.3 6.3 6.3 6.3 6.4 6.4 6.4 6.4 6.4 6.4 6.6 6.7 6.9 7.4 9.7 13.1 19.9 26.7 27.9 25.5 22.7 24 25.4 25.3 21.9 17.1 13.5 11.5 11.2 13 11.9 15.7 16.7 17.3 19.4 21.9 23.8 25.1 28.2 31.4 38.3 45.8 50.2 46.3 52.5 47.8 43.6 40.8 34.9 32.6 31.9 31.2 30.5 30.5 29.8 31.2 33.5 36.1 40.1 45.5 58.8 67.2 68.9 70.4 72.6 75.4 77.5 79.7 79.3 79.7 83.4 83.3 83.3 83.1 82.6 82.1 81.2 80.1 78.9 77.9 76.8 75.6
7.1 7.3 6.9 6.3 6.3 6.3 6.2 6.1 6.1 5.4 7.9 6.6 6.6 6.6 6.6 6.3 6.3 6.3 6.4 6.4 6.4 6.4 6.4 6.4 6.6 6.8 7.7 9.1 12.4 19.5 29 33.7 35.1 32.9 32.3 33.9 34.7 33.7 27.2 19.6 14.4 14.3 14.7 10.8 14.9 16.1 17.5 19.2 21.2 23.5 25.5 29.4 34.1 41.9 52.8 57.7 59.3 56 58.3 56.8 55.2 46.4 39.2 36.8 35.8 34.7 33.4 33.7 34.9 37.1 42.9 44.5 49.3 58.8 66 68.4 70 72.2 74.5 77 77.9 77.7 78.2 82 82.8 83.1 83 82.8 82.3 81.7 80.8 80 79 77.7 76.7 75.8
6.5 7 7 6.7 6.4 6.3 6.2 6.1 6 8.5 6.6 6.6 6.6 6.6 6.4 6.5 6.4 6.4 6.3 6.3 6.3 6.4 6.4 6.6 6.8 7.3 8.5 12 15.5 24 35 44.6 46.6 43 40.7 42.9 39.6 34.9 28.3 20.7 15.4 14.6 17.4 14.6 16.8 17 18.9 20.6 22.8 25.4 29.5 37.1 46.8 54.8 59.6 62.2 61.9 61.8 61.9 61.1 60.8 54.9 47.5 46.3 44.2 41 40.7 43.6 46.6 49.8 56.1 58 62.7 66.4 68.4 69.1 71.3 73.4 75.6 77 76.9 78 80.2 80.7 82.5 82.6 83 82.7 82.3 81.6 80.9 80.1 79 78 77.1 76.2
6.2 6.9 7.2 7.2 6.7 6.3 6.3 6.1 8.6 6.4 6.4 6.6 6.6 6.6 6.3 6.2 6.4 6.5 6.6 6.5 6.4 6.4 6.5 6.8 7 8 10 13.7 19.2 25.4 44.1 57.3 58.9 57.8 54 50.3 40.7 34.3 27.8 19.7 18 14.7 18.9 18 19.9 21.4 20.5 22.7 25.9 30.2 34.3 47.4 59 62 62 63 62.8 62.6 63 62.9 62.5 62.1 57.4 59 54.7 53.1 53.3 56.1 58.9 61.9 64.7 66.6 67.4 68.2 68.4 69.7 71.3 78.9 74 75.5 77.5 76.6 79.4 80.8 81.6 84.9 83.2 82.9 82.2 81.6 80.9 80.2 79.3 78.4 77.5 77.4
6.8 6.6 6.8 7.1 6.6 6.4 7.4 8.6 6.5 6.5 6.4 6.5 6.7 6.6 6.3 6.1 5 6.7 6.8 6.6 6.4 6.5 6.7 7 7.4 9.3 11.6 15.7 25.1 35 45.6 61.6 63.8 61.5 58.4 47.7 39.3 32.1 20.2 23.5 19.8 16.8 21.2 21.7 20.4 24.4 23.6 26 33.1 38.9 41.7 55.5 62.4 62.9 63.2 63.1 63.4 63.5 63.8 63.9 64 64 64.1 63.6 62.6 62.9 62.6 63.4 64.7 66 67.3 67.2 67.2 67.7 67.7 69.5 78.8 73 73.9 76.9 76.4 77 79.1 80.2 81.7 82.9 82.6 82.4 82.1 81.6 81 80.4 79.7 78.9 78.7 78.6
6.4 6.7 6.7 7 6.6 6.6 8.6 6.5 6.1 6.2 6.3 6.3 6.6 6.3 6 6.1 6.8 6.4 6.8 6.7 6.4 6.6 6.8 7.2 7.8 9.9 13.4 19.1 28.3 40.1 51.9 63.5 64.5 62.1 57.9 50.5 41.5 31.4 27.8 25.8 21 17.2 23.4 25 24.7 26 26.9 36.2 44.8 51.2 52.9 59.1 62.7 63.1 63.6 63.3 63.7 64.1 64.3 64.4 64.7 65 64.6 64.2 64 64.8 65 65.8 66.3 67 66.9 67.3 67.2 67.6 74.4 71.5 71.3 72.2 78.6 75.5 75.5 76.4 78.1 80.3 81.1 81.8 86.6 82.1 81.5 81.4 81.4 80.8 80.1 79.7 79.8 79.8
6.4 6.6 6.2 7.6 7.4 7.1 7.2 6.2 6.2 6.1 6.2 6.3 6.6 6.2 6.1 6 6.6 6.6 6.8 6.8 6.5 6.6 7.2 8 9.3 11.3 16.1 27.8 37.7 49.9 61.3 65 65 62.5 59.5 51 42.1 34.3 30.9 24.1 19.3 16.5 23.1 26.8 26.8 28 32.3 44 55.9 60.6 61.3 62.3 63.1 63.6 64 64 64.3 64.7 64.8 64.9 65.3 64.7 64.4 65.1 64.9 65.6 66 66.5 66.1 65.8 65.8 65.9 66.9 69.5 69 69.5 70.1 69.1 69.3 69.9 73.6 76.2 77.7 80.3 81 82.4 82.8 81.9 81.8 81.8 81.8 81.3 80.7 80.6 80.7 80.9
5.4 5.4 6.9 7.6 7 8.6 6.3 6.3 6.2 6.2 6.2 6.3 6.5 6.3 6.1 6 6.4 6.7 6.8 6.9 6.7 6.6 7.8 8.9 11.2 13.5 18.9 29.1 41.9 56.2 65.6 66.2 64.5 60 51.9 45.9 38 30.2 24.4 15.6 20.9 21.1 20.9 25.7 27.8 30.4 34.5 46.6 58.8 62.6 63 63.2 63.6 64.1 64.2 64.3 64.6 64.8 64.8 64.5 65.2 65.6 65.1 64.6 65.2 65.7 65.7 64.8 64.7 64.4 72.4 65 66.8 67.8 67.6 70.3 69.3 69.2 69.2 69.5 71.9 76.7 78.4 80.5 81.9 81.8 81.8 81.9 82.1 82.1 82.3 81.8 81.7 81.6 81.6 81.8
6.4 6.7 6.6 6.8 8.6 6.2 6.3 6.4 6.3 6.3 6.2 6.3 6.5 6.3 6.2 6.1 6 6.7 6.7 6.7 6.9 6.9 7.7 9.2 12.4 17 23.7 31.9 43.4 59.2 66.4 65.4 63.2 57.3 44.7 34 29.2 25.1 19.8 23.2 24.5 24.8 22.6 23.2 26 30.1 34.4 45.2 58.7 62.8 63.4 63.7 64 64.4 64.3 64 64.1 64.1 64.1 64.2 64.4 65.3 65.4 64.3 64.9 64.6 65.4 70.8 67.1 64.3 64.9 65.4 63.5 66.6 65.1 67.8 69.1 69.3 69.3 69.5 71.1 73.7 80.3 81.7 82.2 82.3 82.2 82.2 82.3 82.4 82.7 82.7 82.6 82.4 82.2 81.8
5.4 6.7 6.6 7.7 6.6 6.3 6.4 6.5 6.4 6.3 6.4 6.4 6.5 6.4 6.3 6.3 6.3 6.5 6.5 6.4 6.7 7 8.5 11.5 15.9 26.9 42.9 51.1 57.9 67.1 67.1 66.3 63.4 59.2 48 38.7 30.9 21.1 23.8 26.2 28.3 29.3 26.8 25.2 27.9 30.4 33.1 42.6 56.7 62 63.7 63.8 64.1 64.6 63.9 63.6 63.6 63.7 63.8 64.3 64.4 65.3 65.2 65.1 63.3 63.3 63.5 64.1 64.1 64 62.4 62.4 63.4 65.4 66.5 68.7 69.9 70.3 70.8 71 71.6 72.6 81.7 81.6 82.5 83 82.6 82.6 82.7 82.7 82.8 82.5 82.3 82 81.6 81.3
6.5 6.6 6.6 8.6 6.2 6.3 6.4 6.5 6.4 6.5 6.5 6.6 6.6 6.6 6.4 6.4 6.5 6.4 6.4 6.5 6.8 7.3 9.5 14.5 24.6 44.5 57 64.7 67 68.1 67.2 65.4 61.3 53.8 44.5 36.1 29.5 17.7 26 28.7 32.5 33.7 29.5 31.1 35 35.6 37.9 41.8 49.5 61.7 63.5 63.8 64.3 63.9 63.3 63.2 63.2 63.8 63.7 63.2 64.8 62.8 64.7 66 65.2 64.5 64 63.4 62.6 61 61.2 62.2 63.7 66.7 68.4 69.6 72.2 73.4 74.1 71.7 72.2 72.7 81.7 82 83.2 83.6 83.8 83.3 83.3 82.9 82.7 82.3 82 81.4 80.7 80.2
6.4 6.5 8.5 6.3 6.3 6.4 6.5 6.5 6.4 6.5 6.6 6.6 6.6 6.5 6.4 6.5 6.6 6.6 6.6 6.7 7.5 8.7 11.6 20.1 35.6 54.5 66 67.2 67.1 66.5 63.7 62.5 58.8 47.9 38.2 31 27.4 23.4 29.2 35.2 37.9 37.9 38.2 47 49.6 48.5 52.3 49.9 55.6 58.2 63.3 63.6 64.1 63.9 63.2 63.4 63.2 62.8 63.3 67.8 63.2 67.7 63.8 62.7 63 62.8 62.9 62.5 61.8 61.5 61.1 60.4 63.5 65.5 67.5 70.3 72 74.2 74.7 77.2 79.2 80.8 81.5 82.3 83.2 83.3 83.7 83.9 83.1 82.8 82.5 82.2 81.8 80.7 80.3 79.6
6.5 8.2 8 6.7 6.4 6.4 6.5 6.5 6.5 6.4 6.5 6.5 6.5 6.4 6.4 6.5 6.8 6.8 6.3 7 8.1 11.2 12.8 19.5 36.4 52.9 65.2 67 66.4 63.7 55.7 50 46.4 40.5 35.9 31.7 28.5 29.2 39.3 49.6 51.6 48.4 51.6 61.5 61.8 60.6 63.3 62.7 61.8 61.7 64.1 63.3 63.7 63.6 63.1 63.6 66.8 69.7 65.3 65.1 61.3 61.9 61.9 61.9 61.9 61.6 61.6 61.5 61.5 61.6 61.2 58.6 64.5 66.2 66.8 68.1 72.5 74.4 74.8 75.3 81.3 82.4 81.3 82.2 83.2 83.7 83.7 83.5 83 82.8 82.4 82.1 81.7 80.7 80.1 79
6.6 8.1 8.3 14.2 14.6 12.3 7.9 6.5 6.3 6.3 6.4 6.4 6.5 6.5 6.3 6.5 6.7 6.2 6.5 7.3 8.1 11.6 18.2 23.1 43.6 58 67.2 67.6 66.5 64.4 57.2 49.6 42.3 39.3 39.2 33.9 26.7 31.8 46.9 58.1 63.9 59.7 61.5 66.1 65 64.6 64.1 64.4 65.6 64.6 63.7 63.9 63.5 64 69.7 69.7 69.6 64.4 62.4 61.3 61.4 61.4 60.6 60.8 60.8 60.9 60.7 60.7 61.1 61.3 60.7 63.5 65.1 66.4 67.8 69.4 71.6 72.8 74.1 77.3 82.2 82.1 81.3 82.6 84 84 83.8 83.7 83.1 82.7 82.3 82 81.6 80.8 80.1 79.1
8.4 7.1 8.3 16.6 20.7 20.4 17.4 10.3 6 6.2 6.3 6.4 6.5 6.5 6.5 6.5 6.2 6.2 6.6 7.6 9 13.2 24.5 35.3 54.8 67.7 68.8 68 67 65.2 60.9 56.3 53.4 46.8 38.7 32.3 34.2 31.7 37.7 51.6 61.8 65.6 65 63.9 64.1 63.9 64.1 64.3 64.6 64.5 64.8 64.2 66.9 63.2 69.7 65.3 63.3 63.2 61.6 61.5 60.6 60.3 60.2 60.2 59.4 57.7 58.3 58.8 60.3 58.6 62.3 63.7 64 63.6 68.4 69.8 72.2 72.8 74.6 77.7 79.3 79.8 81.2 82.4 83.5 83.7 84 83.8 83 83.2 82.5 82.2 81.5 81 80.2 79.1
7.3 6.7 9.8 15.4 17.5 17.7 17.6 13.2 6.6 6.1 6.2 6.4 6.5 6.5 6.5 6.4 6.2 6.5 6.7 8.3 10.2 15.9 22.2 40.3 59.7 68.7 68.7 67.9 67 65.7 63.6 60.8 55.6 43.8 35.2 28.5 35.3 36.7 38.3 39.9 49.5 62.5 64.6 64.8 64.3 64.6 64.8 65 65 64.9 65.3 69 69.4 63.9 62.3 62.9 62.2 61.8 61.3 57.6 57.7 57.2 59.3 58.3 57.4 56.5 56.7 58 58.2 61.3 62.5 63.5 63.7 66.8 69.9 71.2 71.7 72.8 77.4 77.7 78.6 79.4 80.7 82.1 82.7 83.3 83.8 82.8 82.7 82.7 82.8 80.1 81.5 81.1 79.9 78.7
7.2 7 8.2 9.9 10.4 10.2 10.3 8.4 6.3 6.2 6.2 6.3 6.4 6.5 6.4 6.3 6.4 6.7 6.9 8.1 11.9 16.2 24.1 41.4 62.9 69.1 68.7 67.9 66.9 64.8 57.9 53.8 47.7 38.7 31.9 39.3 43.5 47.1 50.2 49.8 51.5 55.8 63 65.1 64.8 65.1 65.3 65.6 65.6 68.5 68.6 64.8 63.8 63.6 62.9 62.4 61.3 59.5 57.7 57.5 57.1 57.1 58.2 57.2 56.5 56.7 56.6 56.5 56.6 60.3 62.3 63.3 63.7 67.4 70.5 71.8 72.2 72.8 77.7 79 78.9 79.5 80.6 81.9 82.2 82.8 83.4 83.1 82.3 82.9 80 81.1 81.7 81.2 79.7 78.2
7.4 7.2 7.1 11.3 16.3 17.2 11.1 11.4 9.1 7 6.9 6.8 6.5 6.6 6.7 6.6 6.6 6.9 7.2 8.2 11.5 19 24.8 43.3 64.8 69.4 68.9 68 66.7 64.5 59.2 53.2 46.3 36.9 40.7 52.7 57.4 58.7 61.6 61.6 61.1 60.1 63.4 65.6 65.1 65.1 65.6 67.2 68.5 66.7 65.7 64.7 63.6 62.7 61.9 61.2 57.8 57.4 57 56.9 56.5 56.9 56.5 56.2 55.1 56.4 55.9 56.1 53.9 60.4 62 62.7 63.5 64.1 67 72.1 72.5 72.2 72.9 77.5 78.5 78.8 80.5 81.9 81.9 82 82.1 82.1 82.4 78.5 78.8 80.8 80.1 79.8 79.5 77.9
7.4 7.9 7.3 6.5 11.7 8.9 15 21.4 19.6 14.3 8.8 6.6 6.4 6.6 6.9 6.5 6.7 7 7.6 9.3 12.9 20.3 29.4 37.2 56.9 69 68.9 67.8 66.6 65 61.9 56.6 48.9 41.8 50.3 58.7 66 66.6 65.8 65.3 65.2 65.2 59.8 65.8 65.6 65.5 68.5 68.5 65.4 65.2 64.8 63.7 62.8 62 57.5 57.3 57 56.7 56.3 56.1 55.9 55.6 55.2 55 53.7 50.3 54.4 52.3 55.7 60.1 61.4 62.4 62.9 63.6 66.6 71.4 72.3 72.3 72.9 73.2 72.8 78.4 79.2 80.3 81.1 81 81.3 81 82 80.4 80.9 79.8 79.7 79.6 79.4 77.2
7.9 7.7 7.4 6.6 7.4 14 22.4 26.8 26.8 22.8 17 10.4 6.3 6.4 6.7 6.8 6.8 7 8.1 12.6 14.6 24.2 30.5 37.3 53.5 67.8 68.8 67.7 66.5 64.7 62.4 58.2 49.4 53.5 58.9 66.2 66.6 69.6 70.7 68.7 67.6 66.9 66.5 65.6 68.4 68.4 66 65.5 65 64.7 64 62.7 61.6 61.7 56.9 56.9 56.4 56.4 56.1 54.8 54.5 54.3 54.6 54.1 52.4 52.2 53.7 54.4 54.6 59.4 60.8 61.8 62.3 63.9 69.9 70.7 71.3 71.9 72.9 73.3 72.9 78.2 78.8 79.9 80.4 80.5 80.1 79.7 79.9 80.6 80.2 79.3 79.1 78.7 77.8 75
7.7 8.2 7.7 6.8 7 9.1 14.5 21.3 26.2 27.6 24.7 18.5 12.1 7 6.6 6.8 7 7.1 8.3 11.7 16.9 24.4 30.5 49.3 61.9 67.6 68.9 67.5 66.4 64.5 62.6 57.5 55.5 64.3 66.4 66.7 66.9 67.3 72.6 69.2 69.1 65.6 68 68.3 65.9 65.2 65 64.5 64.4 64.2 63.7 61.2 61.7 60.4 59.3 56.4 56 56 55.5 53.5 53.3 53.8 53.6 51.9 50.5 52.2 53.6 54.4 54.4 56.3 60.4 60.5 60.6 65.4 68.4 69.8 70.1 71.1 72.7 73.2 73.3 72.2 78.8 79.3 79.7 79.2 78.8 78.4 78.5 79.4 79.1 78.5 77.9 76.6 73.5 71.8
