public/OST50/ST58.asc
ncols 200
nrows 200
xllcorner 350000
yllcorner 180000
cellsize 50
[rows 92 to 137 of 200, columns 96 to 191 of 200]
6.4 6.4 6.4 6.4 6.4 6.4 6.3 6.4 6.5 7.6 6.4 7.1 5 7.4 6.8 7.3 9.4 11.1 8.5 6.3 6.2 6.2 6.1 6.5 6.5 6.4 6.4 6.5 6.5 6.7 6.9 6.9 6.8 6.8 6.7 6.7 6.5 6.5 6.4 6.5 6.6 6.6 6.6 6.6 6.4 6.5 6.4 6.3 6.4 6.5 6.7 6.8 6.6 7.2 7 6.8 6.8 6.6 6.6 6.6 6.7 6.7 6.7 6.4 6.4 6.4 6.4 6.4 6.4 6.5 6.4 6.4 6.3 6.4 6.6 6.9 6.9 6.7 5.4 6.9 6.7 6.8 6.8 6.5 6.4 6.4 7.3 7.1 6.9 6.7 6.6 6.6 6.9 7 7 6.8
4.2 9.9 6.3 6.3 6.4 6.4 6.3 7.4 7.3 6.5 6.5 7.6 3.6 6.8 6.7 7.1 8.2 11.5 9.4 6.1 6.1 5.2 6.6 6.6 6.5 6.5 6.4 6.5 6.6 6.7 6.9 6.9 6.8 6.7 6.6 6.7 6.6 6.5 6.5 6.5 6.6 6.5 6.5 6.7 6.6 6.5 6.6 6.4 6.4 6.6 6.6 6.7 7 7 7 6.8 6.8 6.4 6.8 6.8 6.8 6.6 6.4 6.3 6.3 6.3 6.4 6.4 6.4 6.4 6.5 6.5 6.3 6.2 6.4 6.9 6.7 6.6 6.7 6.7 6.8 6.6 7 7.5 7.4 7.3 7.2 7.4 7.2 6.8 6.9 7 7 6.9 5.9 6.9
-5 -2.9 5.9 9 6.4 6.4 7.6 7.4 6.2 6.5 6.6 6.6 6.3 7.2 7.3 7.4 9.5 8 7.8 5.8 4.3 6.4 6.6 6.6 6.6 6.5 6.5 6.6 6.7 6.7 6.8 6.8 6.8 6.7 6.5 6.6 6.6 6.6 6.6 6.5 6.6 6.5 6.6 6.7 6.6 6.6 6.7 6.5 6.4 6.5 6.5 6.3 7 7.1 6.8 6.9 6.8 6.7 6.8 6.9 6.6 6.5 6.4 6.3 6.3 6.4 6.4 6.4 6.3 6.4 6.4 6.6 6.5 6.3 6.3 6.7 6.5 6.5 6.5 6.5 6.5 6.5 6.8 7.4 7.6 7.6 7.6 7.4 7.4 7.1 7.2 7.2 7.1 6.7 6.8 6.8
10.1 3.6 -4.4 -1.6 7.9 7.5 6.6 6.2 6.2 6.3 6.3 6.7 6.4 4.6 7.4 7.2 7.4 7 6.9 6.4 6.5 6.2 6.5 6.7 6.3 6.6 6.7 6.7 6.8 6.9 6.6 6.7 6.7 6.7 6.5 6.8 6.6 6.4 6.4 6.4 6.5 6.6 6.8 6.6 6.5 6.6 6.8 6.5 6.5 6.5 6.5 6.5 6.6 7.1 6.9 6.7 6.6 6.5 6.5 6.6 6.7 6.5 6.5 6.4 6.3 6.4 6.4 6.4 6.3 6.3 6.4 6.6 6.7 6.7 6.7 6.5 6.4 6.3 6.3 6.3 6.3 6.4 6.5 6.7 6.8 6.9 7.1 7.2 7.7 7.2 7.1 7.3 6.8 6.6 6.7 6.8
5.9 6.7 10.9 5.5 7.1 5.3 6 6.2 6.5 5.8 6.1 6.7 6.5 6.6 6.4 4.3 3.6 6.7 6.4 6.3 6.9 7.1 6.2 6.5 6.9 6.8 6.8 6.8 6.9 6.3 6.4 6.5 6.6 6.7 6.7 6.8 6.8 6.8 6.3 6.3 6.4 6.7 6.8 6.6 6.5 6.4 6.6 6.5 6.5 6.5 6.5 6.5 6.4 6.6 6.7 6.5 6.4 6.4 6.4 6.5 6.7 6.5 6.5 6.4 6.4 6.4 6.4 6.3 6.3 6.3 6.4 6.6 6.5 6.7 6.5 6.4 6.3 6.2 6.2 6.2 6.3 6.4 6.5 6.5 6.4 6.4 6.3 6.3 6.2 6.1 7.8 7.1 6.4 6.6 6.7 6.9
6.1 6.5 6.7 6.7 6.6 5.2 -3.7 -1.5 5.9 10.9 6.1 6.5 6.2 6.2 7.6 7.1 7.3 7.1 6.7 6.1 6.6 7.2 7 6.7 6.6 6.7 6.8 6.9 6.4 6.1 6.3 6.4 6.5 6.6 6.8 6.9 6.8 6.8 6.8 7 6.5 6.8 6.7 6.6 6.4 6.4 6.5 6.5 6.5 6.5 6.5 6.4 6.3 6.3 6.5 6.4 6.4 6.4 6.4 6.4 6.4 6.6 6.5 6.4 6.4 6.4 6.4 6.3 6.3 6.3 6.3 6.7 5.8 6.5 6.3 6.2 6.2 6.2 6.2 6.2 6.3 6.4 6.5 6.5 6.4 6.4 6.3 6.3 6.2 6.2 7.1 6.5 6.4 6.6 6.7 6.9
6.1 6.3 6.3 7.4 5.7 5.6 8.8 4 -2.9 -0.6 5.8 11.2 6.3 7 6.5 6.9 7 7.1 7.2 6.7 6.4 7.2 7.3 6.7 6.5 6.6 6.7 6.6 6.4 6.1 6.1 6.4 6.5 6.7 6.9 6.9 6.8 6.6 6.5 6.3 6.2 6.9 6.7 6.5 6.3 6.3 6.4 6.5 6.4 6.4 6.4 6.4 6.3 6.3 6.3 6.3 6.3 6.4 6.4 6.4 6.4 6.5 6.4 6.4 6.5 5.3 6.4 6.3 6.3 6.3 6.3 6.9 6.5 6.2 6.2 6.2 6.2 6.2 6.2 6.3 6.4 6.4 6.5 6.4 6.4 6.3 6.3 6.3 6.2 6.2 6.1 6.3 6.4 6.5 6.6 6.9
6.2 6 6.1 6.2 5.7 6.1 6.1 9.4 10.4 5 -1.8 0 6.1 10.1 6.7 6.3 6.4 6.3 7 7.4 6.4 6.8 7.5 7.2 6.8 6.8 6.5 6.6 6.1 7.1 6.6 6.5 6.7 6.8 6.8 6.8 6.7 6.4 6.3 6.5 6.5 6.7 6.6 6.4 6.2 6.3 6.6 6.5 6.5 6.5 6.4 6.4 6.3 6.3 6.3 6.3 6.3 6.3 6.3 6.4 6.4 6.4 6.4 5.2 6.5 6.5 4.9 6.4 6.4 6.3 6.7 6.5 6.1 6.1 6.2 6.2 6.2 6.2 6.2 6.3 6.4 6.5 6.5 6.4 6.4 6.3 6.3 6.3 6.2 6.2 6.1 6.2 6.3 6.4 6.3 6.5
5.9 6.2 7.6 6.8 5.6 6.2 6.2 5.8 5.8 5.5 8.2 6.3 -0.9 1.2 7.5 8.6 6.3 6.5 6 5.4 7.7 6.8 7.6 7.4 7.3 7.3 7 6.4 6.7 7 6.7 6.4 6.4 6.7 6.7 6.6 6.6 6.4 6.3 6.4 6.4 6.5 6.4 6.3 6.7 6.5 6.6 6.6 6.6 6.4 6.3 6.3 6.4 6.3 6.3 6.3 6.3 6.3 6.3 6.4 6.4 6.4 5.8 6.4 6.4 6.4 6.4 5.4 6.6 6.8 6.6 6.4 5.9 5.9 6 6.1 6.1 6.2 6.2 6.3 6.4 6.5 6.4 6.4 6.4 6.3 6.3 6.2 6.2 6.2 6.1 6.1 6.2 6.3 6.4 6.2
6 6.2 9.9 6.8 6.2 5.9 6 5.5 5.5 5.6 5.9 5.2 7.8 6.3 0 2.8 9.4 6.5 6.3 6.1 6.4 6.3 6.7 7 7.1 7.3 7.1 7.2 6.8 6.8 6.2 6.1 6.1 6.1 6.5 6.4 6.4 6.5 6.4 6.2 6.4 6.5 6.5 6.7 6.7 6.7 6.6 6.5 6.4 6.3 6.3 6.3 6.4 6.4 6.4 6.3 6.3 6.4 6.4 6.4 6.4 6.4 6.3 6.2 6.2 6.2 6.2 6.7 6.6 6.8 6.2 5.9 5.7 5.8 5.9 6 6.1 6.1 6.1 6.2 6.4 6.5 6.4 6.4 6.4 6.3 6.3 6.2 6.2 6.1 6.1 6.1 6.1 6.2 6.3 6.3
5.6 6.9 9.1 6.1 5.7 5.2 5.7 5.5 5.3 5.7 6.1 5.7 6 5.1 7.2 6.8 0.9 4.5 10.8 6.4 6.9 6.3 6.7 6.8 6.9 7.1 7.2 7.2 7.4 6.4 6.1 6.2 6.2 6.2 6.4 6.2 5.9 6.2 6.6 6.7 5.1 6.7 6.7 6.5 6.6 6.6 6.4 6.3 6.2 6.3 6.3 6.3 6.3 6.4 6.4 6.4 6.4 6.4 6.4 6.4 6.4 6.3 6.2 6.1 6 6 6.2 6.8 6.7 6.9 6.1 5.6 5.7 5.8 5.8 5.8 6.1 6.2 6.2 6.3 6.3 6.5 6.4 6.4 6.3 6.3 6.2 6.2 6.1 6.1 6.1 6 6.1 6.1 6.2 6.2
5.8 13 8 6.4 5.8 5.4 5.7 5.5 5.2 5.6 5.6 6.3 6.3 5.7 5.8 5.7 6.7 7.1 1.4 5.6 10 6.7 6.4 6.7 6.8 6.9 7 7 6.8 6.5 6.1 6.2 6.3 6.2 6.3 5.8 6 6.3 6.6 6.2 6.1 6.1 6.3 6.4 6.4 6.4 6.2 6.2 6.2 6.3 6.3 6.2 6.2 6.5 6.4 6.4 6.4 6.4 6.4 6.4 5.8 6.2 6.1 6 5.9 5.8 6.4 7 6.9 7 7 6.1 6 5.8 6 6.1 6.2 6.3 6.4 5.1 6.5 6.5 6.4 6.3 6.3 6.2 6.2 6.1 6.1 6 6 5.9 6 6.1 6.1 6.1
7.2 15 5.2 6.1 6 5.5 5.7 5.5 5.5 5.5 5.6 6.1 5.9 6 5.8 5.6 5.3 5.3 7.1 7.5 2.3 8 6.6 6.2 6.6 6.7 6.6 6.9 6.7 6.6 6.5 6.3 6.2 6.2 6.1 5.9 6.2 6.4 6.7 6.3 6.2 6.3 6.4 6.2 6.2 6.1 6.2 6.2 6.2 6.3 6.3 6.2 6.2 6.5 6.5 6.4 6.4 6.4 6.4 6.4 6.2 6.1 6 5.8 5.7 6.3 7 6.9 6.9 6.9 6.9 7 5.1 5.8 6 6.4 6.4 6.4 6.5 6.5 6.5 6.5 6.4 6.3 6.2 6.2 6.1 6.1 6 6.1 5.9 5.9 5.9 6 6 6.3
8.3 11.6 5.8 5.6 5.9 5.6 5.6 5.6 5.5 5.5 5.5 5.6 6.1 6 5.7 5.5 5.4 5.5 5.5 5.6 10.4 8.1 3.3 8.9 6.6 6.2 6.5 6.8 6.7 6.6 6.5 6.7 6.3 6 6 6.1 6.4 6.6 6.3 6.3 6.4 6.3 6 6.1 6.1 6.1 6.2 6.2 6.2 6.3 6.2 6.2 6.1 6.4 6.6 6.5 5.7 6.1 5.1 6.1 6 5.9 5.8 5.7 6.1 5.8 6.9 6.9 6.8 6.8 7 7.1 7.3 7.1 4.9 6.7 6.5 6.5 6.4 6.5 6.5 6.6 6.5 6.4 6.3 6.2 6.1 6 6 6.1 5.8 5.8 5.9 6 6.2 6.3
9.6 6.7 9.9 6.6 5.9 6.2 5.6 5.1 5.4 5.6 5.3 5.3 6.2 5.9 5.6 5.4 5.5 5.6 5.8 5.8 9.5 6.8 6.5 8.6 4.4 9.3 6.7 6.3 6.4 6.5 6.5 6.5 7.1 6.7 6.1 6.4 6.6 6.8 6.2 6.1 6 6 5.9 6.1 6.2 6.1 6.2 6.2 6.2 6.2 6.2 6.1 6.1 6.3 6.6 6.6 5.8 5.9 5.9 5.9 5.8 5.7 5.6 6 6.8 6.7 6.6 6.7 6.7 6.8 7.2 7.4 7.6 7.6 4.8 6.4 6.5 6.7 6.5 6.4 6.5 6.6 6.6 6.5 6.4 6.3 6.2 6 6 6 5.7 5.7 6 6.2 6.4 6.5
15.1 8.4 5.9 5.8 6 6.6 5.6 5.4 5.7 5.7 5.7 5.5 6.1 5.8 5.5 5.5 5.6 5.6 6.1 6.2 8.4 6.3 6.5 6.8 7 9.2 5.7 10.3 4.4 6.4 6.5 6.7 7.1 7 6.1 6.6 6.8 6.7 6.3 6.2 6.3 6.1 6.1 6 6.3 6.1 6.2 6.1 6.2 6.2 6.2 6.1 4.8 5.8 5.7 5.7 5.5 5.6 5.7 5.7 5.6 5.6 6 6.7 6.8 6.6 6.6 6.6 6.6 6.6 7 7.5 7.7 7.5 7.2 6.3 6.5 6.9 6.7 6.3 6.4 6.5 6.6 6.6 6.5 6.4 6.3 6.1 5.9 5.9 5.6 5.8 6.2 6.5 6.7 6.9
11.7 6.9 8.5 6.3 6.1 5.8 5.8 5.7 5.8 5.8 5.7 5.7 5.9 5.8 5.7 5.6 5.7 5.7 6.1 7.1 6.9 6.7 6.5 6.6 6.8 6.9 6.8 9.5 6.8 9.8 6.5 6.7 6.8 6.8 6.7 6.8 6.6 6.7 6.4 6.9 6.5 6.2 6.3 6.6 6.3 6.2 6.1 5.8 5.6 6.3 6.2 6.5 6.4 6.1 5.9 5.9 5.8 5.7 5.6 5.7 6 6.4 5.4 6.9 6.8 6.6 6.4 6.5 6.5 6.5 6.8 7.3 7.4 7.1 6.8 5.9 6.4 6.6 6.6 6.3 6.3 6.4 6.7 6.7 6.6 6.5 6.4 6.1 5.9 5.6 5.5 5.8 6.1 6.3 6.7 7.2
7.1 6.8 7.3 7.4 5.7 5.7 5.8 5.7 5.6 5.4 5.5 5.6 5.8 6.1 5.9 5.8 5.7 7.1 5.9 7.2 7.5 7 6.4 6.4 6.6 6.8 6.8 6.8 7 10.1 7.7 8 6.8 6.8 6.7 6.7 6.5 6.5 6.2 6.2 6.3 6.6 6.5 6.5 6.2 6.1 6.1 5.8 5.6 6.2 6.1 6.4 6.5 6.4 6.1 6.1 6.1 6 6 6.3 6.6 7 6.7 6.6 6.6 6.6 6.5 6.4 6.4 6.5 6.5 6.8 7 6.7 6.7 6.7 6.4 6.3 6.4 6.5 6.5 6.7 6.7 6.7 6.6 6.6 6.4 6.2 5.9 5.6 5.4 5.7 6.1 6.4 6.6 7.1
6.2 6 5.9 8.5 6.4 5.7 5.6 5.6 5.3 5.4 5.6 5.7 5.7 5.8 5.7 5.7 6 6.5 6.9 7.1 7.2 6.1 7.2 6.9 6.9 6.8 6.9 6.9 5.8 6.8 6.9 10.4 8.6 6.9 6.7 6.7 6.4 6.3 6.2 6.2 6.6 6.3 6.2 6.1 6.1 6.1 6.2 6.1 6.2 6.1 6 6.2 6.4 6.6 6.4 6.3 6.3 6.3 6.4 6.8 6.9 6.6 6.3 6.3 6.3 6.4 6.5 6.3 6.3 6.3 6.3 6.5 6.6 6.6 6.7 6.6 6.2 6.2 6.2 6.4 6.5 6.5 6.4 6.4 6.5 6.6 6.4 6.2 5.9 5.6 5.5 5.7 6 6.3 6.6 7.4
6.2 6 5.8 6.2 8.5 5.7 5.7 5.7 5.7 5.8 5.9 5.9 5.9 4.9 5.6 5.5 5 6.3 6.6 7.5 5.8 5.6 6.2 6.7 6.8 7 7 6.9 6.7 4.5 6.8 6.8 6.9 10.1 9.6 7.1 7.2 6.4 6.5 6.6 6.4 6.4 6.3 6.4 6.5 6.4 6.1 6.4 6.4 5.8 5.9 6.1 6.3 6.5 6.7 6.5 6.6 6.6 6.6 6.7 6.5 6.2 6 6 6.1 6.1 6.2 6.2 6.2 6.2 6.1 6.6 6.5 6.5 6.6 6.3 6.3 6.2 6.3 6.3 6.4 6.2 6.3 6.4 6.5 6.6 6.4 6.2 5.9 5.7 5.6 5.7 6.2 6.6 7.3 8.5
6.1 5.9 5.7 5.5 5.3 8.4 5.7 5.8 5.8 5.8 5.8 5.8 5.8 6 7.7 6 6.3 6.1 6.3 6.8 7.3 6.3 6.7 6.1 6.8 7.3 7.1 6.8 6.7 6.6 6.8 6.8 6.8 6.3 8.3 9.6 11.1 9.2 4.4 7.1 6.2 6.2 6.3 6.3 6.4 6.6 6.6 6.1 5.8 5.8 5.8 6 6.2 6.4 6.6 6.7 6.7 6.8 6.6 6.4 6.1 5.9 5.8 5.8 5.9 5.9 6 6 6.1 6.3 6.4 6.6 7.7 7.4 6.5 6.4 6.4 6.3 6.4 6.4 6.4 6.2 6.3 6.4 6.5 6.6 6.4 6.2 5.9 5.7 5.8 5.9 6.3 6.8 7.5 9
5.9 5.9 5.7 5.4 5.5 7.2 7.7 5.9 5.8 5.8 5.9 5.8 5.9 7.4 6.2 6.2 6.4 6.5 6.7 5.8 7 6.7 7 6.5 6.6 7.4 7.1 6.9 6.7 6.6 5.1 6.8 6.8 6.8 6.7 6.9 8.3 10.4 11.3 10 7.2 6.7 6.5 6.3 6.2 6.1 6.1 6 5.7 5.7 5.8 6 6.1 6.3 6.5 6.6 6.7 6.7 6.5 6.2 5.9 5.8 5.8 5.8 5.9 5.9 6 6.1 6.1 6.4 6.3 6.7 10.3 7.6 6.5 6.5 6.5 6.4 6.4 6.5 6.5 6.2 6.3 6.4 6.5 6.5 6.3 6.1 5.9 5.9 6.1 6.2 6.5 7.1 8.1 9
6.4 5.9 6.1 5.6 5.6 5.6 8.1 7.4 5.7 5.8 5.9 6 6 6.7 6.4 6.2 6.3 6.4 6.6 6.6 5.5 6.7 6.6 6.5 6.1 7.4 6.8 6.6 6.7 6.7 6.8 6.8 6.8 6.8 6.8 6.8 6.9 6.9 9.8 10.3 10.9 6.7 6.2 6.3 5.9 6 5.9 5.8 5.8 5.7 5.7 5.9 6.1 6.3 6.5 6.7 6.6 6.5 6.3 6 6 5.9 5.8 5.8 5.9 6 6 6.1 6.1 6.2 6.3 7.4 7.9 6.6 6.5 6.5 6.5 6.5 6.5 6.5 6.1 6.2 6.3 6.4 6.5 6.5 6.3 6.1 6 6.3 6.8 7.1 6.9 7.7 8.7 10.6
6.2 6.1 6.1 5.5 5.6 5.6 5.7 8.1 7.2 4.4 5.9 4.5 6.2 5.8 6.6 6.4 6.2 6.4 6.4 6.2 5.8 6.5 6.4 6.4 6.4 6.1 6.4 6.9 6.8 6.8 6.8 6.9 6.8 6.8 6.8 6.8 6.9 6.8 6.8 6.9 8.3 10.7 10.3 7.4 6.2 6 6.1 6.2 5.8 5.7 5.7 5.9 6.1 6.3 6.5 6.6 6.5 6.4 6.1 6.1 6 6 5.9 5.8 5.9 6 6 6.1 6.2 6.2 6.5 7.4 6.9 6.4 6.4 6.5 6.5 6.5 6.6 6.5 6.2 6.2 6.3 6.4 6.5 6.5 6.3 6.2 6.2 6.8 7.2 7.4 8.1 8.8 10.6 13.1
5.3 5.7 5.5 5.6 5.6 5.6 6.2 6 8 7.2 6.4 6.3 6.3 6 6.4 6.5 6.1 6.2 6.2 5.9 5.8 7.6 6.7 6.9 6.8 6.4 5.9 6.9 6.6 6.8 6.8 6.9 6.9 6.8 6.8 6.8 6.8 6.8 6.8 6.9 6.9 6.1 6.5 10.8 10.3 6.4 6.3 6.2 5.8 5.6 5.7 5.8 6 6.3 6.5 6.1 6.2 6.2 6.2 6.1 6.1 6 5.9 5.9 5.9 6 6 6.1 6.2 6.8 8.3 8.3 7.3 6.4 6.4 6.4 6.6 6.8 6.7 6.5 6.2 6.2 6.2 6.3 6.5 6.4 6.3 6.4 6.5 7.2 7.6 8.8 9.4 11 14.4 19.8
5.1 5.8 5.8 5.6 5.7 5.9 6.3 6.7 5.9 7.8 7.2 6.2 6.2 6 7.6 7 6.3 6.2 6.1 6 6.1 6.4 8.4 6.9 6.8 6.3 6.1 6 6.5 6.6 6.7 6.7 6.8 6.7 6.7 6.8 6.8 6.8 6.9 6.8 6.8 6.9 6.9 6.9 10.9 10.9 10.7 6.6 5.8 5.6 5.7 5.7 5.9 6.1 5.4 6.3 6 6.2 6.2 6.2 6.1 6.1 6 5.9 5.9 6 6 6.1 6.9 8.7 9 7.6 6.6 6.7 6.9 6.9 7 7.1 6.9 6.8 6.7 6.6 6.2 6.2 6.3 6.5 6.5 6.5 5.1 7.6 8.5 9.8 10.9 13.1 17.6 23.3
4.9 5.6 6 5.8 5.9 6.5 6.5 6.7 6.6 7.2 7.5 6.2 6.2 7.6 7.1 7 6.5 6.3 6.1 6.2 6.4 6.4 6.8 7.3 7.7 7.1 5.9 5.9 6.4 6.4 6.5 6.6 6.7 6.7 6.7 6.7 6.8 6.8 6.8 6.6 6.9 7.1 6.7 6.8 7 10.7 10.7 10.7 10.5 6.7 6 6 6.4 7 6.7 6.3 6 6.1 6.1 6.1 6.1 6.1 6.1 6 5.9 6 6 6.3 8 10.8 7.9 6.7 6.8 7 7.3 7.4 7.2 7.5 7.4 7.4 7.4 7.6 7.3 7.2 7.1 7 7.1 7.2 7.8 8.7 9.9 11.6 13.7 16 19 24.9
3.5 5.4 6.3 6.6 6.6 6.5 6.5 6.6 6.7 6.4 7.7 7 7.5 7.7 7 6 6 6.6 6.2 6.3 6.3 6.4 6.7 7.4 4.6 6.2 5.9 5.6 6.3 6.4 6.5 6.6 6.7 6.5 6.6 6.6 6.7 6.8 6.8 6.4 7.3 7.3 7 6.7 6.8 6.9 6.8 6.7 6.8 7.1 11 7 6.6 6.3 6.1 6.3 6 5.9 6 6 6 6 6 6 6 6 6.3 6.6 8.5 9 6.7 6.5 6.8 7.1 7.3 7.7 7.5 7.7 8 8 8.2 8.4 7.8 8.1 8 8 8 8.1 9.3 10.3 11.9 14.2 16.4 19.3 23.9 28.6
4.5 6.3 6.8 6.8 6.7 6.6 6.6 6.6 6.6 6.6 6.7 7.7 7 7.2 7 6.3 7.6 6 6.4 6.2 6.3 6.6 6.6 4.6 4.6 6.3 5.9 5.6 6.1 6.4 6.5 6.5 6.8 6.3 6.8 6.4 6.3 6.2 6.3 6.1 7.2 7.5 7.2 6.7 6.9 7 6.9 6.8 6.8 6.4 6.7 7.1 10.8 6.5 4.7 6 6 6 6 6 6 6 6 6 6 6 6.1 6.3 7.4 6.9 6.6 6.4 6.9 7.2 7.6 8 8 8.3 8.5 8.8 9 9.1 8.8 9 9 8.9 8.8 9.1 11 13 14.9 16.9 20.3 23.5 28.8 31.8
5.5 6.6 6.8 6.8 6.8 6.7 6.6 6.8 6.6 6.7 6.8 6.9 7.7 6.4 7.6 7.1 7.9 6 6.4 6.8 6.9 6.7 6.6 4.6 7.7 6 5.8 5.7 5.6 6.1 6 6.2 6.2 5.8 6.9 6.3 6 6 6.3 6 6.2 6.9 7 6.8 6.9 7.1 6.9 6.9 6.7 5.9 6.2 6.2 5.9 5.7 9.2 9.5 5.1 6 5.9 6 6 6 6.1 6.1 6 6.1 6.2 6.3 6.4 6.4 6.5 6.4 6.9 7.6 8.1 8.3 8.6 8.9 9.2 9.5 9.5 9.4 9.4 10.1 10.1 9.8 10 11.5 14.1 16.4 18.5 20.9 24.7 30.5 33.4 36.1
5.1 6.2 6.7 6.8 6.9 7 6.9 6.8 6.6 6.5 6.5 6.4 6.8 7.7 6.3 7.5 7.2 7.5 6.8 7 6.1 6.9 6.5 4.6 6.2 5.7 5.9 5.7 5.6 5.8 5.8 5.8 5.8 5.7 6.9 6.1 6.2 6.2 6.3 6.1 5.7 5.7 6 6.5 6.7 6.8 6.8 6.4 6 5.9 6.1 6 5.9 5.8 6 5.5 7.7 12.5 6 6 6 6.2 6.2 6.1 6.1 6.2 6.3 6.3 6.3 6.3 6.4 6.5 6.9 7.5 8.2 8.5 9.1 9.6 10 10.1 10 9.9 10.1 10.9 10.6 10.8 11.8 14 16.1 18.3 22.2 26.1 30.9 34.3 37.3 40.1
7.8 6.4 7 7.1 6 6.3 6.7 6.7 6.6 6.4 6.3 6 7 9.6 7.7 14.5 12.2 7 8.1 7.9 7.5 5.6 5.7 6.7 5.8 5.8 5.8 5.8 5.7 6.5 6.4 5.8 5.9 5.7 4.5 6 6.2 6.3 6.2 5.7 5.6 5.6 5.8 6.2 6.5 6.5 6.6 6.2 5.9 5.8 6.2 6.2 6 5.8 5.9 5.7 5.9 5.7 9 13.6 6 6.2 6.2 6.2 6.1 6.2 6.3 6.3 6.2 6.2 6.3 6.5 7.1 7.4 8.2 8.8 9.4 10.2 10.9 10.8 10.7 11 11.1 11.9 12 12.1 13.9 16.6 16.9 19.4 23.5 31.4 34.7 37 39.9 42.8
6.4 7.6 6.4 7.1 6.2 6.4 6.3 6.6 6.5 6.3 4.8 5.9 5.7 6.7 9.6 7.7 6.6 5.8 5.7 7.9 5.7 5.7 5.8 5.8 5.8 5.8 5.7 5.7 5.7 6.2 6 6 5.9 5.9 5.8 5.9 5.1 6.3 6.1 5.8 5.8 5.8 5.9 5.9 6 6.1 6.5 6.1 5.8 5.8 5.9 6.2 6.1 5.9 5.9 5.8 4.8 5.8 5 5.9 10.5 12.2 6.1 6.2 6.2 6.3 6.2 6.2 6.2 6.2 6.4 6.7 7.2 7.3 8.1 8.6 9.3 10.4 11.7 11.6 11.7 12 12.3 13.3 14.1 15 16.7 19.7 29.2 31.5 32.1 34.5 37.2 34.9 41.9 43.7
6.4 6.6 6.9 6.5 6.9 7.1 6.4 6.4 6.4 6 6.4 6.4 6.1 10.4 8.5 7.8 7.7 6.1 4.5 5.6 5.8 5.8 5.8 5.8 5.9 5.9 5.8 5.7 6.2 6.3 5.9 6.1 6.3 6.2 6 5.7 5.6 5.6 5.9 6 6 6 6 6.1 6.2 6.1 6.1 6 6 6.2 6.2 6.2 6 5.9 5.9 5.8 5.8 5.8 5.8 5.8 5.9 5.9 11.7 7.7 6.2 6.2 6.2 6.1 6.1 6.3 6.5 6.8 7 7.3 7.7 8.8 9.4 10.8 12.7 12.4 12.7 13.3 14.1 16.1 19.3 24.5 24.7 27.9 30.3 33.2 36.4 36.4 31.4 21.6 36.1 44.2
6.6 6.6 6.5 6.3 6.8 6.9 7.1 6.5 6.3 6.2 6.5 6.7 7.1 10.6 7.6 7.5 8.1 6.3 4.5 5.7 5.6 5.7 5.7 5.9 5.9 6 6 5.8 6.3 6 5.8 5.9 6 6.1 5.9 5.7 5.5 5.8 5.8 6.1 6.2 6.1 6.1 6.1 6.2 6.2 6 5.9 5.8 6.3 6.3 6.2 6.2 6.1 6 5.8 5.8 5.8 5.7 5.7 5.8 5.8 5.6 5.8 16 4.9 6 6.1 6.1 6.3 6.6 6.8 6.9 7.3 8.9 9.8 10.5 10.9 13 14.1 14.5 15.5 17.1 20.3 18.6 19 21 25.1 30.6 36.6 39.6 28.3 20.5 20.5 24.1 44.9
5.8 6.6 6.5 6.3 6.7 6.8 6.7 7.1 6.6 6.3 6.6 6.8 8 7.2 6.2 6.5 6.4 7.8 5.9 4.5 5.8 5.6 5.7 5.9 6.1 6.3 6.2 6.6 5.9 6.3 6 5.8 5.4 6 5.8 5.6 5.8 5.9 5.9 5.7 5.8 5.9 5.9 6.2 6.2 6.2 6.1 6 6 6 6.2 6.1 6.3 6.3 6.2 6.1 6 6 5.6 5.6 5.6 5.8 6 6 5.9 12.3 10.1 6.1 6.2 6.5 6.7 6.5 6.9 7.6 9.4 11.5 12.2 12 13.1 14.5 16.3 17.8 23.1 19.2 20.9 21.2 21.1 30 30.2 33.8 34.1 27.1 20.4 20.1 19.3 38
6.4 6.2 6.2 6.5 6.9 7 6.8 6.6 7.1 6.5 6.3 7.7 6.6 6.2 6.5 6.9 6.9 7.5 7.7 6.3 6.2 6.1 5.8 6.2 6.3 6.1 6.2 6.3 6.3 5.9 5.8 6.4 5.8 5.8 5.8 5.7 5.9 6 6.1 6.1 6 5.8 5.8 6.2 6.2 6.2 6.1 6.2 6.2 4.9 6.2 6 6.4 6.2 6.3 6.3 6.3 6.4 6.4 5.7 5.9 6.1 6.2 6.2 6.2 6.1 6.7 17.1 6.2 6.5 6.5 6.5 7 8.5 12.1 13.7 15.5 14 13.8 15.7 18.1 21.3 20.3 21.4 22.4 25.5 31.4 34.2 34 33.8 31.4 27.8 25.5 20.4 27.6 46.4
6.6 6.4 6.5 6.8 7.4 7.3 7.1 7 6.7 7.4 7.2 6.3 6.8 6.3 6.6 6.6 6.7 6.3 7.8 5.5 6.5 6.2 5.6 6.1 6.1 6.1 6.1 6.1 6.4 6.1 6.6 6.4 5.9 5.5 5.8 5.8 6 6.2 5.9 5.9 5.8 5.8 5.7 5.7 5.8 5.8 6.2 6.3 6.1 5.9 6.1 6.3 6.1 5.9 6.2 6.4 6.3 6.2 6.3 6.2 5.9 6.1 6.2 6.5 6.5 6.4 6.2 6.9 12.3 13.7 6.2 6.5 7 9.4 14 16.6 17.5 16.7 13.6 17.3 20 25.7 21.7 23 24.2 30.5 33.6 37.4 39.2 38.4 37.4 37.9 20.4 22.1 46.4 51.8
6.7 6.8 6.9 6.6 6.9 7.5 7 6.6 7.1 7.4 6.9 6.4 6.6 6.5 6.4 6.4 6.5 6.1 6 7.8 6.1 6.3 6.2 5.9 6 6.1 5.5 6 6 5.9 6.1 6.2 6 5.8 5.8 5.8 5.8 5.8 5.8 5.9 5.9 5.9 5.6 5.6 5.7 5.7 5.9 5.8 5.5 5.8 6.4 6.4 6.2 6.5 6.3 6.1 6 6.1 6.1 6.1 5.9 6 6.2 6.5 6.4 6.2 6 6.1 6.7 6.3 18.5 7.2 6.9 7.8 11.8 13.7 15.5 17.3 15.7 17.4 22.3 21.9 22.9 24.7 31.3 32.5 34.9 42.5 26.2 28.5 38 26.7 18.2 39.2 53.9 60.5
6.8 6.7 6.7 6.5 6.4 6.3 7.2 6.6 5.8 6.6 7 6.6 6.7 6.3 6.4 6.3 6.3 6.4 6.3 7.8 6.4 6 6 5.8 6 6.2 5.8 5.8 5.8 5.7 5.7 5.8 4.9 6.1 5.9 5.8 5.7 5.7 5.7 5.7 5.8 5.7 5.4 5.6 5.6 5.6 5.6 5.7 5.7 6.2 6.1 6.1 6.2 6.4 6 5.8 6 6.3 6.5 6.2 6.1 6.1 6.2 6.4 6.2 6.1 5.9 6 6.2 6 6.5 13.6 17.7 8.2 10.8 13.7 15.5 16.7 17.1 22.3 23.1 23.3 23.6 25.9 31.2 32.3 42.2 35 19.5 13.2 11.6 13 36 54.8 60.6 75.2
6.6 6.5 6.4 6.4 6.4 6.3 6.3 6.7 6.7 6.8 6.7 4.8 6.2 6.3 6.3 6.3 6.1 6.2 5.9 5.5 6.7 5.7 5.8 5.8 5.9 6.1 5.8 5.8 5.7 5.6 5.8 5.9 5.9 5.8 6.2 6.1 6.1 5.6 5.6 5.6 5.6 5.7 5.6 5.7 5.7 5.9 5.9 5.9 4.8 6 6.1 5.8 6.4 6.5 6 6.4 6.4 6.5 6.4 6.4 5.4 6.2 6.2 6.3 6.1 5.9 5.8 6.1 6.5 6.4 6.2 6.7 8.2 21.3 15.7 16.4 19.3 20 18.9 22.7 23.5 24.1 26 28.1 30.9 37.9 40.3 21.6 11.6 8.9 11.1 29.9 51.6 57.1 70.3 90.3
6.6 6.4 6.4 6.4 6.3 6.6 6.6 6.6 6.6 6.7 6.8 8.2 6.3 6.3 6.3 6.2 6 6.4 7.3 5.8 7.4 5.7 5.7 5.8 5.9 6.1 5.8 5.8 5.7 5.6 5.9 6 5.9 5.9 6 6.1 6 6.2 6.1 6.1 6.7 5.1 5.4 7.4 5.9 6.2 6.1 6.1 6.2 5.6 6.4 6.5 6.5 6.4 6.5 6.8 4.9 6.6 6.3 6.5 6.6 6.4 6.2 6.2 6.1 6 6.1 6.6 6.6 6.7 6.7 7.5 8.2 9.9 14.6 22.5 23.3 23.7 23.2 23.2 23.8 24.1 27.5 27 21.7 17.9 18.2 10.2 8.6 12.6 25.8 46.2 54 62.4 81.8 93.2
6.5 6.3 6.3 6.3 6.3 6.4 6.4 6.5 6.6 6.8 6.9 7.7 6.4 6.2 6.2 6.1 6.3 7.3 7.2 5.9 6.9 5.7 5.8 6 6.4 5.8 5.9 5.8 5.7 5.6 5.5 5.9 5.9 6 6.1 6.2 6.2 6.1 6 6.1 6.2 5.8 5.9 6.1 6.2 6.4 6.3 6.2 6.3 6.2 6.3 6.5 6.5 6.3 6.2 6.4 6.5 6.7 6.9 7.1 6.6 6.5 6.5 6.4 6.3 6.3 6.3 6.6 6.6 6.6 7.2 7.8 8.8 11.1 13.5 16.1 23.1 23.3 23.1 23.2 23.6 23.8 26.7 14.3 13.9 4.8 8.1 5 24.3 34.1 47.2 51.3 55 64.3 83.5 90.2
6.4 6.2 6.2 6.4 6.3 6.2 6.3 6.4 6.9 7.1 6.9 5.1 6.8 5.9 5 4.5 7 7.4 7.3 7.4 5.5 6.5 5.9 6.1 6.2 6.4 5.8 5.8 5.7 5.5 5.7 5.8 5.9 6 6.1 6.2 6.2 5.9 6 6 6.1 6.1 6.3 6.3 6.2 6.3 6.7 6.4 6.5 6.5 6.4 6.5 6.5 6.3 6.2 6.4 6.5 6.5 6.6 6.7 7.4 6.6 6.7 6.5 6.3 6.5 6.4 6.4 6.5 7.1 7.2 8.2 9.4 11.5 14.2 18.3 21.6 22.6 25.1 23.5 24.4 26.6 26.2 24.5 14.1 4.8 4.8 24.3 43.4 48.7 48.8 52 54.5 60.3 72.1 84.5
6.4 6.2 6.2 6.5 6.6 6 6.2 6.4 6.9 7 6.5 7.4 5.8 7.2 7.5 7.1 7 9.6 7.4 7.5 5.7 7.3 5.7 5.9 5.9 6.1 5.8 5.8 5.7 5.8 5.9 5.8 5.8 5.9 6 6 6.2 5.8 5.8 5.9 6.1 6.1 6.3 6.3 6.2 6.7 6.2 6.1 6.4 6.4 6.6 6.6 6.5 6.3 6.3 6.4 6.4 6.5 6.6 6.7 7.3 7.6 6.6 6.5 6.6 6.7 6.7 5.4 7.1 7.4 8.3 9.8 12.5 14 15.4 19.5 21.5 22.7 23.8 26 26.6 24.6 15.4 29.8 31.1 28.6 20.7 42.4 49.8 50 50.7 52 54 57.4 63.8 69.1
6.3 6.2 6.3 6.5 7.3 7 6.2 6.3 6.3 7.4 7.6 6.8 6.1 7.7 7.3 7 7.1 7.1 7.5 7.5 5.9 7.4 6 6 5.9 6.1 6.3 5.9 5.9 6.1 5.9 5.8 5.7 5.8 5.9 6 6 6 5.7 5.9 6.1 6.1 5.8 6.3 6.4 6.3 6.2 6.2 6.4 6.5 6.5 6.5 6.6 6.4 6.4 6.4 6.3 6.4 6.6 6.8 7.2 7.7 8.1 6.6 6.8 7 7.3 7.2 7.2 7.4 9.5 12.8 15.5 17.2 17.7 19.4 20.9 22.5 24.1 26.3 30.4 27.4 16.4 21.2 27 35.3 36.3 46.7 49.2 50.4 51.4 51.7 52.7 54.7 55.8 59.1
