public/OST50/ST59.asc
ncols 200
nrows 200
xllcorner 350000
yllcorner 190000
cellsize 50
[rows 38 to 75 of 200, columns 0 to 85 of 200]
261.4 259.5 254.5 246.8 239.7 230.5 224.7 220.2 217.1 214.8 213 212.8 213 213.4 214.7 214.9 216 217.2 218.7 220.7 223.4 230.7 239.2 243 244.8 247.3 250.4 252.6 255 256.3 257.4 258.6 260.7 260.9 258 250.1 237.9 226.4 217.2 210.2 202.8 197.9 193 187.1 189.3 192.3 193.1 192.5 191.7 191.2 192.3 193.2 193.5 194.2 195.2 196.7 198.2 200.3 203.9 207 209.9 208.4 198.6 180.5 160.7 125.5 98.7 84.9 71.3 56.5 49 36.6 23.8 12.7 -3.6 -3.6 -3.6 9.1 11 15 21.7 28.3 33 38 44.1 47
262 260.6 257.3 253.5 244.1 237.3 231.8 227.4 223.2 220.6 218 217.2 218.7 220.3 220.2 221.2 223.3 224.4 226.3 231 235.2 241.2 241.2 240.4 241.7 244.9 248.2 250 252.3 254.3 255.5 257.1 258.3 258.8 254.5 247.8 238.2 228.6 220.6 212.8 205 199.3 194.6 192.1 194.4 194.8 194.6 193 192.4 192.6 193.7 195.1 195.6 197.6 198.4 199.4 200.6 202.7 204.8 207.2 208.3 207.6 198.5 180.5 165.3 136.7 113.5 93.8 84.3 66.7 51.9 41.8 34.4 21.5 9.8 -3.6 -3.6 -3.6 8.2 8.5 11.3 17.5 22.1 25.1 29.4 31.3
262.8 261.6 257.5 252.3 247.6 243.4 239.6 237.6 233.3 229.7 226.5 222.9 224.4 226.1 228 231.8 234.6 235.6 238.8 238.7 237.9 237.6 237.8 238.9 238.9 242.3 245 246.7 249.3 251.5 253.4 254.7 255.9 256 252.9 247.1 239.6 231.1 224 212.9 205.9 200.3 197.7 196.5 196.9 196.3 195.2 193.9 193.5 194.2 195.5 197.4 199.1 201.8 202.9 204.2 206 207.3 208 209.9 210.4 208.6 197.5 181.4 161.4 146.1 128.9 115.1 97.5 86.2 66 49.4 40.1 30.3 19 11 -3.6 -3.6 -3.6 -3.6 -3.6 7.5 10.1 16.2 20.1 22.9
264.4 262.2 257.9 254 249.8 246.9 247.6 246.7 244.3 241.8 239.9 236 235.4 235.2 235.7 237.2 236.6 235.2 234.3 234.2 233.9 233.6 233.7 234.2 236.8 239.9 241.5 243 248.3 248.4 250.6 251.8 253.3 253.6 252.4 248.6 241.4 234.3 224.9 212.6 207.8 202.7 200.5 198.8 198 197.1 196.1 194.8 194.6 195.6 197.2 199.5 202.5 205.3 207.3 209.8 211.8 213.2 213.8 214.7 214.4 210.4 198.7 182.4 163.3 145.9 131.1 117.8 108.7 102 90.1 67.3 54.1 44.1 33.4 19.9 12.5 -3.6 -3.6 -3.6 -3.6 -3.6 -3.6 -3.6 7.7 10.4
264.6 262.1 258.6 256.1 252.9 249.8 250.1 249.9 248.7 246.9 244.3 241.2 239.2 236.4 234.2 233.5 232.2 231.2 229.9 229.4 228.8 228.5 229.9 231.1 233.6 235.4 237.2 239.4 242.7 245.1 246.8 248.3 249.9 251.6 250.8 247.5 242.7 236.1 227.9 214.4 209.9 204.6 200.6 199.1 198.3 197.5 196.2 195.5 196 197.1 198.9 201.8 205 208.3 211.7 214.8 217.3 219 220.8 220.4 217.8 212.3 201.1 185.1 167.3 148 132 119.2 110.6 104.6 97.9 91.7 84.1 72.3 61.3 44.9 31.9 19.9 10.7 -3.6 -3.6 -3.6 -3.6 -3.6 -3.6 -3.6
263.3 262 259.9 256.6 253.5 251.6 252.1 252 251.3 249.1 246.7 244 240.1 235.9 232.5 230.1 228.3 227.1 226 225.2 224 224.1 225.4 227.1 228.5 229.8 232.8 235.4 237.5 241 243.2 244.8 246.5 247.7 247.4 246.2 242 236.1 228.7 219 211.6 205.3 200.3 198.8 197 196.7 196.3 196.4 196.9 198.4 200.9 204.1 207.7 212 215.6 219.1 221.4 223.8 225.4 223.1 220.1 212.2 201 187.6 168.6 151.7 135.9 121 110.8 103.2 97.3 93.2 89.3 85.6 82 77.7 71.9 62.3 45.9 31.9 20.8 13.7 11.4 10.7 -3.6 -3.6
261 260.4 258.9 256.6 254.3 251.7 252.8 252.7 252.8 251.1 249.4 246.4 242.1 236.2 231.4 227.8 224.8 222.1 220.2 219.9 219.6 219.3 220.4 222.8 222.8 224.7 227.9 230.7 232.6 236.2 237.9 239.7 241 241.7 242.8 242.3 239.7 235.1 229.4 223 216 206.4 201.3 197.7 195.9 196.4 197.5 199.1 199.9 200.6 203 206.6 210.5 215 219.2 222.8 225.4 228.9 228.4 224.2 219.2 213.7 202.2 187 170.7 153.4 136.7 124.8 111.8 100.6 95.4 91.6 88.3 84.9 81.5 79.2 78.7 77.8 77 74.4 63.9 55.9 44.8 12.8 11.6 10.3
257.9 256.7 255.9 254.8 253.3 252.1 252.4 253.2 253.5 252.7 250.4 247.9 243.4 237 230.1 225.7 221.1 217.2 214.2 213.2 212.7 213.5 214.7 216.5 216.8 218.6 221.9 224.7 227.9 231.2 232.7 234.7 235.4 235.3 236.9 237.6 237.6 234.3 230.3 224.2 218.5 208.6 202 197.3 194.6 195.2 197.9 202.9 204.1 204.4 205.9 209.2 213.7 218.2 222.2 226 230.6 231.3 230 225.3 219.6 214.1 203.7 189.4 172.5 154 137.2 122.5 108.7 98.1 93.4 89.2 85.5 83 80 77.5 75.4 74.5 74.4 73.7 72.6 70.3 60.3 11.6 11.4 15.4
254.4 252.5 251.6 250.9 249.9 248.3 248.2 250.2 250.8 250.6 249.5 247.6 244.2 238.5 232.2 226.8 219.5 215 210.4 207.7 206 208.1 209.8 209.4 210 211.8 215.8 220.4 223.1 226 227.6 229.6 230 229.9 231.3 233.6 233.9 232.2 228 223.4 218.1 211.6 200.3 195.7 193.4 191.8 196.8 204.6 207.8 208.2 209.5 212.4 217.1 221.1 225.1 229.8 232.9 233.3 229.4 224.6 219.7 213.9 203.6 189.2 169.7 151.6 135.6 121.2 105.2 97.2 91.7 86.8 82.9 80.4 78.4 75.9 73.5 71.8 71.8 71.5 70.5 69.3 59.4 11.4 9.2 14.9
250 247.3 247.2 246.2 243.7 243.1 243.2 245.2 246.2 245.9 245.2 244.2 242.1 238.3 234.2 229.5 222 214.7 208.7 202.3 197.7 200.3 202.1 201.5 202.4 205.4 210.7 213.7 217.9 221.5 222.3 222.5 222.3 223 226.3 228.4 229.5 227.8 224.9 220.5 215.8 210.3 203.8 195.6 189.7 189.7 194 203.7 209 210.5 212.8 215.2 219.4 223.6 228 232.7 234.3 233.2 228.4 223.4 218.3 212.1 201.6 184.3 165 148.2 131.7 118.5 102.5 95.4 89.7 84.6 80.8 78.1 75.9 74.9 73.1 70.8 69.1 69.4 68.5 67.5 22 11.7 9 18.9
245.1 243.7 241.9 239.7 237.7 237.6 237.8 238.9 239.3 240.1 239.8 238.7 237.8 236 233.2 230.4 226.8 219.3 211.6 199.4 194.2 191.6 192.8 193.1 194.9 201 206.2 210.9 214.6 216.3 215.1 215.4 214.5 216.7 219.7 223 224.5 223.2 221.7 217.3 213 208.9 204.6 195.5 188.7 185.9 190.1 197.3 206.3 210.2 214.1 217 221.3 225.6 229.9 233.3 234.5 232.1 227.2 221 215.9 209.4 196.7 179.2 159.4 143.1 128.4 115 99.1 93.3 87.3 82.7 78.8 76.3 74 72.7 72.4 70.9 67.8 66.3 66.7 65.1 13 11.9 9.1 7.5
245.5 240.1 236.7 233.3 232.3 232.2 232.3 232.5 232.3 232.6 232.1 232.3 231.7 231.2 230.1 229.5 226 220.6 213.6 204.7 193.7 188.3 184.1 185 189 196 201.6 206.8 210.8 209.8 206.9 206.9 207.2 211.1 214 217.5 219.1 218.8 216.5 214.4 210.2 206.7 203 197.1 186.7 183.2 186.3 190.1 201.9 208.3 212.2 216.6 221.5 225.8 230.3 231.9 232.8 229.5 223.8 217.1 210.6 203.5 189.1 169.8 153.9 137 122.8 106 97 90.7 85.1 80.8 76.9 74.2 71.7 70.3 67.8 52 48.9 64.1 64.2 59.3 14.8 9.3 6.8 6.8
243.4 239 234.2 229.3 227.2 226.1 226.3 226 226.2 225.6 225.4 225.9 225.5 226.4 227.4 227.1 224.2 219.5 213.6 205.8 197.5 187.6 178.6 177.9 184.2 191.4 197.9 202.4 204.5 203.3 200.1 199.8 200.7 204.5 207.9 211.7 213 212.7 211 209.2 207 204.3 202.1 196.5 185.7 179.9 180 183.8 196.3 205.7 209.7 214.1 219.5 224.6 228.3 223 217.5 215.7 208.2 202.8 195.9 189.5 178.8 163.4 147.3 131.3 117.9 98.9 93.1 87.4 82.3 78.2 74.8 71.9 68.8 66.9 55 47.8 43.1 40.5 58 52 12.9 6.8 6.8 6.8
239.3 236.5 232.5 227.6 222.5 219.8 218.6 214 217.2 218.9 218.7 219.1 220.7 221.8 223.4 223.8 221.6 217.8 212.6 205.8 198 189.6 177.5 173.5 178.6 187.6 193.7 198 197.3 197.3 194.6 192.5 193.2 198 201.8 205.1 207.1 206.8 205.4 203.1 202 200.6 199 196.1 187.4 179.3 176.7 178.6 186.3 198.6 207.6 211.8 217.6 221.7 220.5 199.2 172.7 175.9 175 163.8 164.9 164.9 159.6 151.9 137.7 125.2 104.6 94.2 87.5 83.3 79.1 75.6 72.4 70 67.6 62.5 47.6 26.5 22 17.8 16.4 15.8 10.6 8 8.8 8.8
235.2 232.8 229 224.9 220.6 216.2 212.8 211.2 210.1 210.9 211.6 212 214 216.5 219.5 221 218.9 215.3 209.5 203.9 196.9 187.1 175.4 168.3 177.6 185.6 190.4 193.6 192.1 190.4 187.6 183.8 186.2 191.3 197.2 199.9 201.1 200.9 199.7 197.2 196.1 195.7 193.7 192 187.7 182.5 176.7 174.4 179.5 190.8 201.6 206.6 206 200.1 191.6 164.5 150.6 141.7 126.6 115.8 108.6 120.5 129 128.2 118.8 106.7 95.3 88.1 83.2 78.9 75.2 72.5 70 67.5 65.1 62.2 51.3 24.9 21.3 15.1 10.8 10.9 8.7 7.9 12.4 26.2
230.4 228.1 223.9 221.3 218.1 214.1 210.1 206.7 204 203.4 204.3 205.3 208.6 212.3 217.7 219.3 217.4 212.7 206.3 200.6 194.4 183.2 170.6 165.6 175.6 183.5 184.9 187 186.2 184.5 180.8 177.1 180 185.5 190.2 194.3 195.8 195.3 193.7 191.4 191 190 188 186.7 184.9 181.3 177.7 170.5 174.3 183.2 188.4 185.9 173.3 162.6 155.5 146.8 137.6 129.9 116.4 103.9 96 92.2 92.8 96.3 97.7 93.8 87.4 83.4 78.5 74.6 71.4 69.3 66.3 64 61.8 60.7 56.2 54.5 35 22 9.7 8.7 8.1 12.3 30.1 28.5
224.9 223.1 219.6 217.4 214.8 211.5 207.5 204 199.9 196.9 197.8 199.9 204 209.2 212.9 214.8 215.3 210.8 204.5 198.3 190.8 180.2 166.9 163.6 171.9 177.9 179.4 179.6 180.6 178.4 174.2 171.1 175.2 181.4 185.9 188.2 190.6 189.6 187.2 185.6 185.8 184.1 181.5 180.7 179.7 176.5 172.3 167.5 164.8 167.4 162.9 153.8 143.9 141.4 135.7 128.4 127 119.5 106.8 93.2 86.9 81.1 71.5 69.1 68.5 72.4 75.4 75.8 72.4 69.8 67.1 64.4 61.6 59.5 57.9 56 55.5 52.8 50.6 46.4 29.4 18.1 19.8 30.1 26.3 19.7
218.5 217.3 215.1 213.1 211 207.7 203.4 199.5 195.4 190.5 190 195 199.4 203.6 206.7 208.8 210.1 208 202.3 196.4 189 179.7 165 159.5 165.7 171.2 172.9 175.6 175 172.4 167.6 165.8 171.2 176 179.4 184 185.3 184 181.4 180.9 181.7 179.3 175.1 174.1 174.3 171.1 165.5 163.8 156.6 152.1 149.7 140.1 132.4 130.2 122.7 115.5 112.4 106.4 96.1 83.9 81.5 75.7 66.1 61 53.7 45.8 44.6 45.1 48.4 55.2 59 59.3 57.4 54.6 53.1 52.5 52.1 46 45.9 43.4 39.4 31.9 23.8 19.9 16.6 13.8
212.9 211.3 209.7 207.8 205.3 201.9 198.9 195 190.8 184.7 182.3 188 193 197.4 200.9 202.7 204.5 202.9 199.9 194.8 187.3 179.8 167.6 156.9 155.8 161.3 165.7 169.3 168.8 167 162.5 160.9 165.9 170 174.2 179.1 178.9 179.5 175 176.9 177.8 175.7 170.1 167.6 167.8 166.1 161.8 160.6 157.2 141.9 129 122.6 121.6 119.4 111 107.1 101.3 88.8 78.6 71.7 67.1 60 54.1 50.6 44.1 38.5 33.2 31.1 31 36.6 40.7 46.3 49.2 51.2 48.6 48.1 45.5 41.8 37.5 32.5 25.3 19 15.4 12 8.8 7.9
206.1 204.3 202.6 201.2 199.4 197.2 194.2 190.6 187.7 180.8 173.3 179.4 185.2 190.3 194.4 197.1 197.7 196.1 194.2 191.9 187 180.9 174.7 163 149.5 148.1 156.5 162.4 164.2 163.9 157.5 154.4 159.9 165 168.3 170.8 172 170.1 167.9 171.3 172.1 170.4 166.7 162 159.5 155.5 154.9 160.3 152.6 135.7 125.2 120.5 113.3 105.9 96.8 84.5 74.6 65.6 53.5 47.2 41.5 36.7 32.6 33 31 27.8 23.7 19.2 18.4 21.4 19.7 22.9 19.6 24.1 29.4 30.5 30.7 26.4 19.9 16.2 11.5 8.7 7.8 7.8 6.8 -3.6
200.2 198.3 196.4 195.3 194.7 191.6 188.5 186.1 184.1 180 170.5 168.2 175.6 181.4 186.3 190.8 190.8 189.3 187.6 185.4 183.3 178.8 172.6 166.3 154.2 144 146.4 155.2 158.2 158.6 155.2 147.5 152.6 158.2 161.6 163.7 164 162 162.3 165.5 166.5 164.5 161.2 155.6 151.9 151.8 155.8 151.9 146.6 131.1 119.6 113.8 105.5 89.5 71.9 53.4 41.6 34.3 31.4 26.3 19.7 15.8 15 13.4 12 11.5 10.3 9.1 9.7 9.8 10.6 10.7 11.6 11.3 11.3 9.3 8.7 7.9 7.7 5.7 6.4 6.1 -3.6 -3.6 -3.6 -3.6
194.2 191.8 190 189.5 188.2 185.9 182.8 181.1 179.4 175.8 171 159.8 163.8 173.2 178.5 182.6 182.8 181.5 180.2 179 177.2 173.8 168.8 163.3 158.8 146.4 139.1 145.1 150.5 152.3 150.5 145.1 145.5 151 155 157.1 156.5 155.4 156.8 158.8 161.1 157.9 154.2 149.2 151 159.8 160.8 149.2 132.9 126.9 111.8 102.9 85.7 72.7 47.1 34.2 27.2 18.2 14.5 10.9 -3.6 -3.6 -3.6 -3.6 -3.6 -3.6 -3.6 -3.6 -3.6 6 5.9 4.9 5.1 5.9 7.5 7.4 6.9 6.9 5.3 -3.6 -3.6 -3.6 -3.6 -3.6 -3.6 -3.6
185.5 184.2 182.7 181 180.4 178.7 176.5 175.1 172.8 169.9 165.3 155.8 153.8 164.9 170.6 172.8 173.9 172.3 171 169.7 169.1 166.8 163.7 157.5 153.3 150.4 141.1 134.4 143.1 144.5 144.1 141.2 138.8 144.5 147.8 150.7 150.7 150.1 151.5 154 154.9 151.4 146.5 144.9 155.1 160.8 152 135.3 126.6 112.9 98.6 74 54.2 48 31.2 21.5 14.3 8.2 -3.6 -3.6 -3.6 -3.6 -3.6 -3.6 -3.6 -3.6 -3.6 -3.6 -3.6 -3.6 -3.6 -3.6 -3.6 5.3 6.4 5.4 -3.6 -3.6 -3.6 -3.6 -3.6 -3.6 -3.6 12.6 23.9 33
173.6 173.4 173.3 171.9 170.1 168.6 167.3 165.9 163.9 160.8 156.1 147.7 147.1 156.4 162 162.4 163.4 162.9 161.4 159.7 157.7 156.7 154.7 150.6 146.5 144.5 141.4 132.5 133.7 135.5 136.6 132.1 132.7 137.6 141.8 145.7 146.8 145.7 147.6 148.8 148.5 145.9 141 145.6 153 148.9 139.5 128.3 113.3 100.3 83 58.1 39.8 31.2 18.2 9 -3.6 -3.6 -3.6 -3.6 -3.6 -3.6 11.2 11.4 11.3 12.1 10.7 8.2 -3.6 -3.6 -3.6 -3.6 -3.6 -3.6 -3.6 -3.6 -3.6 -3.6 -3.6 -3.6 8.4 18.3 31.6 41.7 51.8 75.2
168.2 166.9 164.3 161.2 159.2 158.1 157 154 152.4 150.4 147 141.8 142.3 146.3 152.2 152.7 151.9 150.1 150.4 149.2 146 144.6 142.9 138.1 137 136 135.2 131.5 128.2 129.1 131 130 128.6 133.5 137.9 141.9 140.5 140.8 142.8 143 143.1 139.5 137 143.4 148.5 133.8 121 111.5 100.3 88.2 73.9 47.7 28.9 20.5 7.2 -3.6 -3.6 -3.6 -3.6 10.7 14.1 20.8 26.3 29.8 35.1 36.8 34.4 32.5 22.2 18.2 15.5 9.6 -3.6 -3.6 -3.6 -3.6 -3.6 9.2 17 25.4 35.2 48.3 61.7 77.1 93.5 110.5
162.4 159 156.3 153.6 152.6 150.6 148.4 147 145.1 144.2 140.5 136.7 135.5 136.8 141.3 143.1 142.4 141.2 138.8 136 136.6 134.4 132.1 129.8 129.1 129.6 123.8 123 125.1 124.6 125.5 126.9 127.1 129.9 133.5 134.1 134.5 136.3 138.2 138.3 137.9 134.4 133.5 141 144.6 123.1 110.6 98.5 86.3 75.6 63.7 38.6 23.8 16.2 -3.6 -3.6 -3.6 8.5 12.3 17.4 23.3 29.6 36.2 41.9 51.4 63.8 71.4 75.1 65.7 53.2 38.4 28.6 23.5 29.7 31.5 33.2 38.8 48.4 54.4 60.6 69.9 84.4 100.2 109.3 114.5 116
156.2 153.2 151 147.8 145.9 144 142.9 141.6 136.2 136.8 136 132.9 131.4 132.1 133.2 133.8 133.8 133.5 132.3 130.1 129 126.5 124.5 123.9 123.3 120.9 121.3 120.6 121.8 121.2 121.3 123.5 124.9 125.3 128.2 129.4 131 132.8 133.8 133.9 133.2 130.7 129 138.6 142.5 129.5 109.3 95 81.2 68.8 53.8 44 32.6 14.5 -3.6 -3.6 8.3 11 16.5 22.2 29.2 36.9 44.6 54.2 63.5 74.2 78.9 82.3 84.9 87.5 86.5 81.9 79.3 75.8 70.8 67.6 66.9 70.4 73 91.9 105.6 110.9 115.3 115.4 115.4 117.1
151.1 146.2 142.1 140.3 139.9 138.4 137.3 137 137.1 134.8 131.6 129.9 128.4 127.8 127.1 127.3 127.2 127 125.6 123.1 121.8 119.2 118.3 117.8 117.6 117.3 116.3 118.3 119 118.5 119.9 121.9 123.6 122.4 124.7 125.9 127.6 129.2 129.5 129.6 129.5 127 128.7 136.6 139.9 138.8 124.7 95.4 80.3 65.6 41.1 34.3 26.4 10.1 -3.6 -3.6 10 13.5 19.5 25.5 33.4 41.4 51.6 60.4 68.5 72.9 75.8 80.3 84.8 85.9 83.1 80.9 80.7 87.4 102.3 105 104.3 105.6 112 111.8 113.4 113.2 112.9 112.6 113.4 114.4
142.6 138.3 136.3 135.1 135.7 134.6 132.5 133.2 134.5 133.9 131 127.8 125.3 123.9 122.6 122 121.4 120.7 119.5 117.6 114.6 113 113.1 112.7 113.3 113.1 114.7 115.8 116.4 116.7 118.9 120.2 122.2 122.3 119.7 123.2 124.3 125.5 125.6 125.9 125.3 124.4 126.6 132.2 136.1 137.8 135.8 123.3 83.2 58.6 37.2 25.9 17.1 8.7 -3.6 -3.6 10.7 15.6 22.7 27.7 35.7 44.5 54.7 62.7 65.9 68.3 72.6 77.9 81.3 79.8 76.2 72.4 70.2 76.3 86.9 92.7 94.6 92.3 92.8 101.1 109.7 111.5 112 111.7 112.4 112.6
136.5 133.2 131 131.5 132.6 132.1 129.9 129.7 131.7 132.3 131.1 127.2 124.5 121.6 120 118.7 116.7 115.9 114 112.9 111.1 109.2 108.7 108.7 109.6 110.7 111.8 112.9 113.5 114.2 117.5 119.7 120.7 121.4 117.5 119.5 120.8 121.2 122.3 123.4 122.3 121.9 123.2 127.2 131 134.5 135.3 131.1 116.6 68.2 31.1 14.7 8.3 -3.6 -3.6 -3.6 10.6 17.2 24.6 29.6 36 44.1 54.5 60.9 63.5 66.1 68.9 73.2 73.3 70.5 65.4 59.3 55.5 57.3 66.5 67.2 65.6 60.1 59.2 63.3 71.2 96.8 111.8 112.5 113.4 113.4
134 131.9 129.1 128.1 127.9 128 127.3 127.3 130.3 130.9 130.7 129.4 126 122.9 119 116.3 114.4 112.1 110.6 109.3 108.1 106.9 105.8 105.9 107.4 108.7 109.4 110.1 110.9 113.2 116.1 119.4 119.9 119.3 117.1 116.3 117.4 118 119.2 120.2 120.1 119.9 119.7 122.9 126.8 130.4 130.8 129.5 118.2 77.1 31.2 8.4 8.3 -3.6 -3.6 5.2 11.2 18.3 26.1 31.7 37.1 48 54.6 58.5 61.3 63 65.1 66 64.9 57.3 52.2 47.2 44.9 45.8 43.9 36.6 24.1 18.4 22.8 33.3 47.4 58.3 96.2 113.5 114.4 113.2
137 133.8 129.8 125 123.7 122.8 124.4 125.5 128.2 129.1 128.7 128.2 127.1 126 123.1 119.5 117.3 114.4 111.1 107.9 106.4 104.9 102.9 104.1 105 106.7 107.7 109.5 112.2 114.3 116.5 118.5 118.7 117.7 116.4 113.9 114.5 115.5 116.9 118.2 118 118 117.7 119.2 122.7 125.2 126 125.8 115.4 77 28.6 8 5.9 -3.6 -3.6 7.5 13 20.1 27.4 33 37.7 44.7 50.2 54.1 57.2 59.2 59.5 59.9 57.3 53.4 46.4 40 34.8 31.1 25.4 15.4 5.1 -3.6 -3.6 3 11.8 27.9 53.6 112.3 113.9 112.8
138.6 135.9 133.7 126.6 121.1 119.7 120.7 124.4 127.2 127.8 126.6 125.3 124.6 123.6 121.8 120.2 118.7 117.3 114.3 110.8 106.2 100.7 101.4 102.7 103.6 105.9 107.7 110.7 113.3 115.6 117 118 118.7 117.2 115.7 113.6 112 113.3 115.6 116.2 116.4 116.5 115.7 116.3 118.6 121.3 121 120.9 112.2 74.1 29.6 7.9 -3.6 -3.6 -3.6 8 13.2 21.9 27.4 32.3 36.8 40.6 44 47.2 51.8 53.2 53.7 53 50 44 36 27.8 21.1 17.6 11.9 -3.6 -3.6 -3.6 -3.6 -3.6 -3.6 7.5 25.3 109.1 110.5 109.7
140 136.6 135.5 132 122.1 117.2 118.6 125.6 128.1 128.3 127.3 125.1 122.7 121.5 120 118.5 117.1 115.6 113.5 110.4 105.6 104.2 101 101.7 105.3 107.7 109.2 110.9 113.8 115.5 116.5 117.4 117.1 116.4 114.7 113.1 110.4 111.2 114.2 114.3 114.6 114.6 113.7 114.3 116.1 117.1 116.7 116.6 107.8 69.6 29.9 7.9 -3.6 -3.6 2.4 8.7 14.8 23.2 27 31.2 34.4 36.7 38.7 40.9 41 43.8 44.9 42.4 36.3 27.8 23.6 19.2 14.1 8.9 -3.6 -3.6 -3.6 1.4 1.9 -3.6 -3.6 -3.6 15.7 100.3 101.7 98.4
137.8 134.5 132.9 129.3 123.6 114.9 117.7 125 128.1 128.9 127.4 125.1 122.7 120.4 118.1 116.6 115.1 113.5 111.6 109 105 102.4 99.5 102.6 106.9 108.2 110.4 112.1 114 115.3 115.4 114.6 114.2 113.5 112 111.1 109.9 109.5 110.8 113.5 112.6 111.9 111.1 111.7 113.2 113.8 113.4 112.4 105 70.2 24.4 6 -3.6 -3.6 5.3 7.3 15.9 23.3 26.1 29.6 31.3 32.9 34.4 35.5 35.3 33.7 31 27.6 22.4 18.5 15.7 11.4 8.9 -3.6 -3.6 -3.6 6.4 8 5.3 5.4 -3.6 -3.6 8 42.1 94.6 89.6
132.1 129.7 126.3 123.3 120.4 112.6 118 124.7 126.5 127.5 126.5 125.1 123 120.7 118.5 116.3 114 111.9 109.9 107.4 104.9 100.5 99.1 104.1 105.5 106.9 109.2 111.4 113.9 113.6 112.4 111.7 111.3 110.6 109.3 108.7 108.4 107.8 108.9 111.6 110.3 109.4 108.6 109.6 110.7 110.5 109.7 108.2 103.9 73.8 23.3 5 -3.6 -3.6 6.3 8.1 15.3 22.8 25.1 27.6 29.3 29.3 30.8 31.4 30 26.9 25.2 22.2 18.3 14.5 10.9 8.7 5.6 -3.6 -3.6 -3.6 10.9 5.3 5.3 3.8 -3.6 -3.6 6.3 31.8 92.9 84.1
121.3 119.8 117 116.8 114.9 111 115.8 120.5 123.5 124.9 124.4 123.1 122.4 121.2 119.3 116.6 114.4 112.6 110.6 107.2 103.9 99.7 98 102.1 103.6 104.5 107.3 110.2 111.4 111.8 111 110.1 109.4 108.3 107.1 107.1 106.7 105.8 107.3 108.4 108.1 107 106.7 107.9 108.2 108 106.6 105.3 102.6 75.5 25.8 -3.6 -3.6 -3.6 6.8 8.1 14.4 21 22.8 24.1 25.4 25.6 25.6 25 24.3 21.8 20 17.5 15.8 12.5 8.6 7.7 -3.6 -3.6 -3.6 19.1 17.5 13.4 8.6 1.9 -3.6 -3.6 9.7 41 92.5 83.8
114.3 112.9 111.4 111.1 109.7 109.5 112.7 116.1 118.7 120.7 121.5 121.6 121.7 120.2 118.2 115.9 113.6 111.3 109.1 107 104 99.5 96.9 98.5 100.1 103.6 106.9 109.8 111.5 111.5 109.9 108.2 107.5 106.4 105.5 105.2 104.6 104.9 105.2 105 105.1 104.7 105.1 105.7 105.7 105.2 103.5 102.2 99.9 77.9 30.1 -3.6 -3.6 -3.6 8.5 8.1 11.3 17.8 19.4 20.5 21.4 21.2 21.7 21.4 20.7 17.6 15.2 12.9 11.8 8.2 8 -3.6 -3.6 -3.6 19.6 31 28.6 19.8 10.4 2.3 -3.6 -3.6 9 58.2 92.2 85
