public/OST50/ST59.asc
ncols 200
nrows 200
xllcorner 350000
yllcorner 190000
cellsize 50
[rows 38 to 75 of 200, columns 86 to 171 of 200]
45.5 33.7 40.7 65.8 64.8 29 31.5 85.7 134.5 166.8 178.9 185.2 192.3 193.5 191.3 187.3 186.9 186.6 185.8 185.7 184.7 184.1 183.3 182.5 181.8 181.3 180.2 177.6 175.9 178.8 179.8 178.3 176.6 173.2 168.2 161.3 155.7 150.2 144.1 136 130.7 124.4 118 111.5 99.6 84.1 79.8 74.9 69.2 62.7 57.8 49.9 44.5 40.2 39.6 41.5 47.3 48 44 38.9 35.2 30.7 27.7 25.6 24.9 27.1 26.2 24.2 20.7 16.9 15.3 15.2 17.4 20.1 20.2 19.9 19.8 19.5 18.7 18.2 17.7 18.8 18.9 19.2 19.3 19.3
32.3 35.6 43.2 66.1 77.1 43.9 39.9 101.1 143.6 173 186 190.7 192.6 192.1 191.1 187.7 185.9 185.1 185 184.8 184 183.2 182.5 181.8 181.1 179.5 177.7 174.7 173 176.4 176.8 175.6 173.2 169.4 164.4 157.7 152.3 147 139.5 131 126.5 121.5 115.6 110.7 102.9 83.1 77.9 73.1 67.9 62.1 57.5 51.5 47.6 42.2 36.8 34.1 34.3 35.4 33.5 32.9 30.5 27.7 27.5 26.9 27.7 26.6 25.4 24 22.7 20.1 18.2 14 14.6 19.6 19.8 19.6 19.5 19.1 18.3 17.7 17.6 18.7 19.1 19.2 19.2 19.2
20.7 24.4 43.7 54.1 69.4 53.6 57.2 123.8 145.5 168.4 183.5 188.2 189.7 190.2 187.2 186.1 184.6 184.8 184.8 183.6 182.6 181.8 181.1 180.3 179.4 177.6 174.9 170.9 170 173.8 173.3 171.7 167.3 162.7 159.1 154.5 148.3 143.1 134.5 126.8 122 117.1 112.4 107.1 99 82.7 76.2 71 66.9 62.7 58.5 54.4 53.3 52 48.5 43.3 36.8 30.3 28.1 27.6 26 24.2 26.5 25.7 27.1 25.9 24.5 23.2 21.9 20.9 19.6 15.6 14.5 18.6 19.4 19.3 19.1 18.8 18.3 17.2 17.1 17.9 18.3 18.9 19.1 19.1
10.6 19.8 31.7 43.6 57.9 76.5 57.4 114.6 132 153.6 178.6 183 183.7 184 183.4 183.8 184.2 184.3 183.6 182.5 181.3 180.4 179.5 178 176.7 174.3 171.2 167.8 167.1 170.7 169.8 166.8 163.2 156.8 153.1 149.2 143.8 137.4 128.9 122.7 117.3 112.4 107.4 103.1 87.8 79.5 74.8 69 65 61.5 59 55.7 54.6 52.6 50.4 48 42.7 34.7 28.5 25.6 23.4 22.7 23 25.2 25.4 25 23.7 22.4 20.9 20.4 19.5 15.2 11.8 17.5 18.8 18.9 18.9 18.5 17.9 16.6 16.3 16.9 17.5 18.1 18.6 19
-3.6 -3.6 13.9 26 40.8 54.9 67.3 95.1 117.5 146.6 171.1 179.1 180.3 181 181.9 182.5 182.8 182.3 181.8 180.6 179.4 178.3 176.8 175.2 172.6 170 167.6 164.6 164.7 167 165.4 162.2 158.2 151.2 146.9 143.4 138.9 133.4 124.5 118.1 112.5 105.6 100.8 91.2 78.4 74 69.9 65.9 61.8 58.6 56 53.2 51.8 50.3 48.2 44.9 40.4 35.5 29.1 26.4 24.4 24.1 21 20.5 22.2 23.6 22.8 21.3 20.4 19.9 19.4 14.6 10.5 15.8 17.9 18.5 18.7 18 16.9 15.7 15.9 16.8 17.7 17.9 18 13.1
-3.6 -3.6 -3.6 -3.6 18.3 35.8 51.4 52.5 99.1 126.6 157.2 177.4 179.5 179.6 180.4 181.1 181 180.4 179.7 178.3 177 175.6 174 171.9 168.5 165.7 162.4 160 161.6 163 160.4 156.7 151.5 145.9 141.8 139 135.3 128.5 121.3 115.2 108.5 99.2 92 79.2 72.5 68.8 64.7 61.3 58.3 55.2 51.5 48.4 46.9 45.3 43 40 34.4 31.3 28.2 28 25.6 22.4 19.7 17.9 18 18.7 20.1 20.4 19.8 19.2 18.5 16.8 11.2 12 16.2 17.8 17.5 17.1 15.5 15.2 16.6 17.6 17.7 17.6 13.6 17.3
9.1 -3.6 -3.6 -3.6 -3.6 13.2 31.5 52 60.7 111.4 136.6 171 179.5 178.8 178.8 179 179.1 178.9 177.5 176.3 175.2 173.3 171.2 167.4 164.1 160.3 157.2 156.3 158.3 158.6 155.3 150.9 145 140.9 136.8 133.9 130.2 123.7 117.7 112.6 104.8 94 80.4 73.2 66.6 62.6 58.9 55.8 53.8 50.6 46.7 43.9 41.9 40.5 36.6 32.5 29 26.6 26.3 25.8 24.4 25.6 22.7 18.7 15.9 14.9 16 18 19 18.3 16.9 16.6 13.1 9.9 15.5 17.5 17.2 15.6 14.1 15.1 16.9 17.4 17.7 17.5 17.4 16.5
23.1 9.8 9.7 -3.6 -3.6 -3.6 9.2 27.7 61.3 96.1 124.9 144.8 179.9 179.8 178.4 178.4 178.2 177.8 176.3 174.7 172.9 170.5 167.8 163.1 158.7 155.9 152.4 153.7 155.4 154 150 145.8 140.3 136.8 132.8 127.2 122.9 116.3 112.4 108.1 102 94.2 81.6 67.6 61.5 58.3 54.1 49.9 47.1 45.2 42.8 39.7 36.9 35.7 32.5 28.3 24.5 22.3 22.2 22.7 24.8 24.6 24 20.4 15.9 13.6 12.8 14.2 15.8 16.2 14.6 13.3 12.4 9.3 14.6 17.2 16.9 14.3 13.5 15.3 16.8 14.9 17.3 17.4 12.2 5
19.9 29.4 20.4 9.8 -3.6 -3.6 -3.6 14.1 43.6 75.6 111.8 137.8 177.2 177.8 176.4 177.2 176.9 176 174.2 172.7 170.5 168.3 165.7 160 154.1 149.6 145.6 149.9 150.6 149.5 146 141 136.8 133.3 128.1 119.7 112.4 107.9 105.4 101.5 95.7 88.2 76.8 62.9 58.1 52.8 48.5 45.3 43.6 41 39.4 36 32.8 30 28.3 24.9 20.6 19.1 19.6 21.5 23.1 23 23 21.6 18.9 14.1 11.1 11.4 12.9 12.7 12 11.4 10.4 8.6 14.1 16.7 16 13 12.7 15.9 13.1 17.8 17.8 17.3 4.8 0.3
17.4 18.2 30.4 22 8.4 -3.6 -3.6 -3.6 28.4 66.3 93.6 130.8 168.9 175.6 174.8 175.7 175.3 173.7 172.2 170.4 167.9 165.3 162.5 158 152.3 145.4 141.1 147.1 147.1 146.4 142.5 138 134.5 130.5 124.7 112.4 105 99.1 95.7 93.2 87.3 78.7 65.4 59.4 55 50.3 45.4 41.5 39.5 38.2 36.1 33.5 29.4 24.4 21.5 19.8 18.9 17.1 17.6 20.8 21.2 21.4 21.5 21.6 20.1 15.8 12.2 9.3 9.7 10 10.1 9.5 8.1 9.3 14.6 15.7 14.9 12.5 12.1 13.1 15.4 15.8 15.6 3.9 -3.6 -3.6
6.8 10.9 24.3 24.2 13.1 8.7 -3.6 -3.6 16.5 54.8 86.5 122.9 167.2 175.5 173.1 171.8 171.9 170.8 169.3 167.4 165.3 162.2 158.6 154.8 149.9 141.2 135.9 142.2 142.5 142.3 137.8 135.3 132.6 128.8 121.9 109.9 102.2 91.1 83.7 79.9 74.7 66 58.3 54.7 53.2 47.8 44 38.5 34.5 33.2 32.1 30.5 26.3 22.2 19.9 18.3 16.9 15.9 16.2 20.4 20.5 20.3 20.1 19.6 18.8 17.8 14.3 10.6 8.9 8.3 7.8 7.5 8 8.8 12.7 13.7 13.3 11.5 10.5 12.8 12.9 4.5 3.6 -3.6 -3.6 -3.6
6.8 10.7 21.4 23.4 17.5 8.3 -3.6 -3.6 12 44.9 83.1 119.1 153.7 172 170.7 169.5 168.9 168.3 165.7 163.5 161.2 157.9 153.8 149.3 145.6 135.4 129.3 136.8 137.1 136.7 134.3 132.6 130.3 125.6 118.6 108.3 99.5 89.3 77.5 66.3 60.4 54.3 52 51.3 50.1 47.6 43.2 37.1 33.5 29.3 27.5 26.4 23.6 21.9 19 18.3 16.7 15.7 14.9 16 18.1 17.2 16.2 16.3 16 15 14 11 8.8 8.1 7.5 7.4 8.3 9.3 9.5 10.2 10.2 9.7 7.6 6.6 4.9 1.6 -3.6 -3.6 -3.6 -3.6
10.3 11.8 25.1 23.3 16.5 7.9 -3.6 -3.6 8.6 44.2 87.3 125.6 160.5 170.3 168.5 165.7 166.6 164.6 162.6 159.5 156.3 152.5 148.5 143.9 140.1 131.5 123 130.2 132.4 132.2 131 129.4 126 121.7 111.8 104.4 96.5 88.2 70.7 59.4 54.2 49.8 47.7 47 46.8 44.7 41 37.2 32.1 28.1 26.9 22.7 22.4 20.6 20 18.3 18.4 18 14.9 13.5 13 12.6 12.1 11.9 12.3 11.4 10.6 9.7 8 7.6 7.5 7.4 7.4 8.4 8.4 7.3 7.8 8 4.2 5.1 1.1 -3.6 -3.6 -3.6 -3.6 -3.6
18.7 25.6 27.9 22.1 13.5 8.6 -3.6 -3.6 10.8 45.6 84.6 133.1 166.9 167.3 165.3 162.2 161.7 160.2 158.6 154.3 150 145.4 142 139.9 136.3 124.4 117.7 125.1 126.2 125.9 126.8 125.3 121.5 114 106.8 100.1 92.3 83.7 68.9 55.7 50.4 46.2 44.5 44.2 43.3 40.9 38.1 36.3 34.2 31.8 28.3 25.6 22.5 21.5 21.4 22 23 21.2 19 16.3 13.8 12.7 11 9.9 9.3 9 8.8 8.1 7.7 7.6 7.5 7.4 7.2 7.5 7.3 7.4 7.6 4.3 4.8 0.2 -3.6 -3.6 -3.6 -3.6 -3.6 -3.6
28.9 28 24.3 17.8 11.6 8 -3.6 -3.6 15.5 54.5 93.4 147.5 164.7 163.7 159.4 155.8 154.2 152.9 150.8 146.4 139.5 136.9 134.4 133.3 133.7 119.9 112.1 119 120.2 121.4 122.3 120.1 114.8 105.6 100.4 94.3 86.5 78 64.8 54.5 46.6 42.4 39.8 40.2 39.4 37.4 34.8 33.2 32.6 30 30.5 28.7 27.1 25 23.6 24.2 23.5 22.7 21.2 19.2 17.5 15.3 12.8 10.5 9 8.5 8.1 7.9 7.8 7.7 7.6 7.4 7.2 7.2 7.9 7.3 4.2 5.1 0.4 -3.6 -3.6 -3.6 -3.6 -3.6 -3.6 -3.6
25.3 22.7 18.2 11.9 9 -3.6 -3.6 -3.6 26.6 77.1 120.3 158 159.1 155 152.3 147.8 139.7 140.2 136.4 131.2 128.3 124.6 123.6 122.7 121.1 117.2 107.2 110.5 113.3 115.1 115.5 112.1 105.1 98.6 92.9 86.7 78.8 69.2 58.9 52.4 45.7 39.5 36.9 37.1 35.9 33.6 31 30.3 29.7 29 29.6 27.5 24.3 24.1 23.7 22.8 22.3 22.7 20.7 19.5 18.7 17.4 14.6 12 8.9 8.1 8 7.9 7.8 7.7 7.6 7 6.2 7.8 6.9 5.3 3.6 -3.6 -3.6 -3.6 -3.6 -3.6 -3.6 -3.6 -3.6 -3.6
16.6 14.7 10.7 9.6 8.6 -3.6 -3.6 18.1 51.7 96.4 137.9 155.3 151 146.8 142.4 133.9 126.5 122.2 117.9 117.2 117.7 115.2 114.8 114.2 113.5 110.7 103.8 102.7 107.3 107.5 107.1 103.3 95.7 91.7 85.4 78.5 70.1 61.4 55.1 50 44.3 37.6 34.6 34.6 32.6 30.1 28.6 27.8 27.2 27.8 27.9 26 22.5 21.3 21 20.3 20.1 20.4 19.7 19.2 18.3 17.3 14.5 11.2 8.9 8 7.9 7.9 7.8 7.6 7.5 6.3 5.8 5.3 -3.6 -3.6 -3.6 -3.6 -3.6 -3.6 -3.6 -3.6 -3.6 -3.6 -3.6 -3.6
11.4 9.3 8.2 8.4 -3.6 -3.6 -3.6 38.1 83.5 118.1 140.8 142.7 137.5 133.4 126.7 122 118.1 114.9 112.4 110.4 109.4 108.6 108.8 108.4 107.6 106 101.2 92.8 96.8 98.8 99.3 92.8 89.4 83.7 76.7 69.7 64.2 57.7 52.2 47.3 41.7 36.2 32.8 31.6 30.7 29 27.4 25.8 24.8 24.1 23.1 21.7 22.7 19.6 18.4 17.8 17.7 17.8 18.2 16.4 15.5 14.7 12.4 9.9 8.4 7.4 7.6 7.8 7.6 7.5 7.5 7.5 6.2 6.7 5.2 -3.6 -3.6 -3.6 -3.6 -3.6 -3.6 -3.6 -3.6 -3.6 -3.6 -3.6
7.6 7.8 6.4 -3.6 -3.6 -3.6 26.1 71.9 104.8 138 136.1 131.8 128.2 123.1 118.9 115.6 112.6 110 107.9 105.6 104.7 104.1 103.8 103.3 102.8 102 100.1 96.1 84.1 80.7 79.5 83.5 83 77.5 70.1 62.3 57.6 53.8 50.3 45.9 41.6 35.5 30.2 29 27.7 26.6 25.5 24.4 22.4 22 20.5 21.1 21.2 18.7 17.2 16.4 14.3 13.9 14.7 13.2 12.1 10.9 9.8 8.8 7.7 7.3 7.5 7.6 7.6 7.6 7.3 7 6.6 5.3 -3.6 -3.6 -3.6 -3.6 -3.6 -3.6 -3.6 -3.6 -3.6 -3.6 -3.6 -3.6
-3.6 -3.6 -3.6 -3.6 -3.6 22 69.5 99.1 134.4 132.3 129.4 125.9 122.7 118.4 114.4 110.7 108.6 105.6 103.1 102.9 101 100.9 100.9 100.5 100.2 99.6 98.6 100 96.1 83.5 73 70.7 72 69.8 62.7 56.6 52.9 49.8 46.8 44.5 41.5 36.8 29.3 26.2 24.5 23.8 23.3 23 21.3 20.3 19.8 21.1 21.7 20.1 19.3 17.8 15.5 12.7 9.9 9.4 9.2 8.4 7.9 7.9 7 7.2 7.5 7.5 8.1 7.4 7.2 7 5.2 -3.6 -3.6 -3.6 -3.6 -3.6 -3.6 -3.6 -3.6 -3.6 -3.6 -3.6 -3.6 -3.6
-3.6 -3.6 -3.6 13.9 33.4 65.4 124.9 130.4 128.6 125.9 123.6 120.9 117.8 114.6 111.7 108.2 105 102.9 100.9 99.8 98.8 98.2 98 98.2 98.3 97.4 96.5 97.1 94.1 85.6 76.8 66.6 62.4 59.3 56.1 51.4 47.8 44.7 42.4 40.8 39.2 35.8 29.7 25.3 22.8 22.6 22.3 22 20.6 17.5 19.6 20.8 21.8 20.8 19.9 19.1 17.5 14.1 11.5 10.1 9.1 7.7 7.5 7 6.7 7.1 7.4 8.5 7.4 7.4 7.1 5.2 -3.6 -3.6 -3.6 -3.6 -3.6 -3.6 -3.6 -3.6 -3.6 -3.6 -3.6 -3.6 -3.6 -3.6
10.9 21.9 37.6 61.2 103.4 128.3 126.4 125.3 123.4 121.8 119 116.4 114.1 111.4 108.4 105.5 102.2 100.3 98.9 97.3 96.4 95.9 96 95.5 95.4 95.6 94.8 94.8 92 86.7 80.7 75.1 65.3 58.3 52.2 48.1 43.9 41.1 37.8 36.2 34.8 31.1 27.2 23.5 22.3 22 21.7 20.4 18.9 17.7 18.7 19.4 20.7 20.7 19.9 19.2 17.9 15.6 13.1 12.4 10.8 8.5 7.5 6.9 6.5 7 8.8 7.6 7.9 6.9 5.3 3.8 -3.6 -3.6 -3.6 -3.6 -3.6 -3.6 -3.6 -3.6 -3.6 -3.6 -3.6 -3.6 -3.6 -3.6
44 60.1 84.1 126.3 124.5 123.4 122 120.9 119.9 118.6 115.8 113.2 110.6 107.6 105.6 102.6 99.6 97.7 96.3 95.2 95.3 94.7 95.2 94.8 94.4 93.9 94.6 93.2 88.6 84.3 81.4 78.3 70.8 61.2 51.4 47.7 44.5 41.3 37 31.5 30.5 27.5 25.4 22.4 22 21.4 20.7 18.8 17.5 16.5 15.9 17.3 19.1 19.6 20 19.1 17.6 16.1 16.7 16.6 8.4 7.6 7.5 7.5 7 9.1 7.9 6.6 7.4 5.3 -3.6 -3.6 -3.6 -3.6 -3.6 -3.6 -3.6 -3.6 -3.6 -3.6 -3.6 -3.6 -3.6 -3.6 -3.6 -3.6
83.2 100.3 124 122.2 121.1 120.1 119.4 118.7 118.4 116.7 114.7 112.4 107.6 104 101.5 99.7 97 95.1 94.4 93.6 94 94 94.5 94.1 93.7 93.4 94.1 91.1 86 82.2 80.7 76.8 69.3 60.6 50.8 45.8 43.7 42.1 38.4 32.4 27.9 24.7 24.4 21.3 20 19.1 18.9 14.8 15.9 14.8 13.8 14.9 18.4 19 19.4 19 17.6 17.9 18.2 8.3 7.1 7.6 7.4 7.4 9.2 7.5 7.7 7.8 7.2 5.3 -3.6 -3.6 -3.6 -3.6 -3.6 -3.6 -3.6 -3.6 -3.6 -3.6 -3.6 -3.6 -3.6 -3.6 -3.6 -3.6
122.1 122 121.7 119.5 118.9 118.3 117.9 118.6 118 116.2 114.5 113.5 108.9 103.2 99 95.9 94.1 93.3 92.6 92 92.4 93.5 93.7 93.4 93.2 92.9 93.9 90.7 84.6 80.1 78.5 73.9 66.8 56.9 48.5 44.4 41.6 39.5 35.4 30.6 25.8 23.5 21.5 19.6 17.8 16.4 15.3 15.5 14.7 13.2 12.3 14.3 18.1 18.5 18.7 18.7 18.5 18 7.5 7.1 6.9 7.7 7.3 9.3 7.6 7.3 7.5 7.5 5.3 -3.6 -3.6 -3.6 -3.6 -3.6 -3.6 -3.6 -3.6 -3.6 -3.6 -3.6 -3.6 -3.6 -3.6 -3.6 -3.6 -3.6
120 120.6 120.3 118.6 118 118.2 118.7 119.3 118.4 116.8 115.1 112.7 108.7 103.3 98.1 94.1 92.4 91.5 91.1 91.1 92.2 93.7 93.1 92.3 91.6 93.3 93.5 89.2 82.5 78.3 75.4 69.2 59.9 53.3 47.3 44.4 39.4 34.8 30.9 27.3 24.2 22.5 20.6 18.8 16 14.6 13.3 13.6 12.3 11.4 10.7 13.1 17.2 17.7 17.3 17 12.3 8.5 7.7 7.1 6.6 7.4 9.4 7.6 7.8 7.5 7.2 5.3 2.9 -3.6 -3.6 -3.6 -3.6 -3.6 -3.6 -3.6 -3.6 -3.6 -3.6 -3.6 -3.6 -3.6 -3.6 -3.6 -3.6 -3.6
118.2 119.2 119 117.7 116.8 117.9 119.4 119.4 118.4 117.2 115.7 112.4 108.4 102.2 96.4 93 91.1 90.4 90 91.1 92.5 93.8 92.2 91.5 91.7 94 93.4 87.4 81.1 77.6 73.3 64 55.1 49.3 46.1 43.5 39.8 34.8 29.7 25.4 23.2 21.6 20.4 17.6 16.1 14.2 12.2 11.4 10.7 10 9.5 11.8 13.8 13.9 13 9.2 8.2 8.2 7.7 7.6 7 9.2 6.5 6.5 7.5 7.3 5.3 3.6 -3.6 -3.6 -3.6 -3.6 -3.6 -3.6 -3.6 -3.6 -3.6 -3.6 -3.6 -3.6 -3.6 -3.6 -3.6 -3.6 -3.6 -3.6
115.4 116.9 117.7 116.9 115.4 117.5 119.4 119.4 119.5 117.8 116.2 113.1 108.4 102.7 96.4 92.5 90 89.6 89.8 91.8 93.2 93.2 91.5 91.7 93 95.1 92.1 85.2 80.6 77.8 73.1 65.5 54.8 47.8 44.3 41.9 38.3 34.1 29.3 24.8 21.9 20.4 19.5 18.4 14.8 13.4 11.6 11 10.1 9.1 8.6 9.2 9.7 9.3 7.6 7.5 7.7 7.8 7.7 7.5 9.2 7.7 5.3 6 7.4 5.3 4.3 -3.6 -3.6 -3.6 -3.6 -3.6 -3.6 -3.6 -3.6 -3.6 -3.6 -3.6 -3.6 -3.6 -3.6 -3.6 -3.6 -3.6 -3.6 -3.6
112.7 113.9 114.6 113.7 114.8 116.7 118.7 120.1 120.7 118.8 115.7 111.7 107.5 103 96.8 91.7 89.8 88.4 90.7 92.9 93.9 92.3 91.5 91.7 93.8 95.4 90.4 83.2 79.5 76.7 71 64 54.7 46.9 42.7 39.7 37 33 27.7 22.6 20.4 19 17.6 16 14.2 13 11.8 10.9 9.9 8.7 8.4 8.4 8.4 8 7.9 7.5 7.4 7.5 7.5 9.1 7.5 7.8 7.2 5.3 5.3 4.4 -3.6 -3.6 -3.6 -3.6 -3.6 -3.6 -3.6 -3.6 -3.6 -3.6 -3.6 -3.6 -3.6 -3.6 -3.6 -3.6 -3.6 -3.6 -3.6 -3.6
112 111.5 111.1 110.6 113.2 116 118 119.8 119.9 117.3 113.7 109.9 105.7 102 95.6 90.4 87.8 88.3 90.9 93.6 93.7 91.7 90.7 91.6 96 95.9 87.8 81.4 78.3 75.1 68.6 60 53.1 45.2 41 37.8 34.5 32.9 28.7 23.2 18.9 17.6 16.3 15.1 13.6 12.7 12.9 13.2 12.4 10.4 8.9 8.2 8.1 8 7.9 7.7 7.5 7.4 9 7.4 7.4 7.6 7.3 5.3 3.7 -3.6 -3.6 -3.6 -3.6 -3.6 -3.6 -3.6 -3.6 -3.6 -3.6 -3.6 -3.6 -3.6 -3.6 -3.6 -3.6 -3.6 -3.6 -3.6 -3.6 -3.6
112 111.7 110.1 107 108.8 113.4 116.4 117.8 117 115 111.3 107.5 103.9 100 94.5 88.5 86.2 89.1 91.6 94.2 94 90.9 90.1 92.2 97.2 93.9 85.7 80.8 76.9 72.1 64.9 56.3 49.5 43 39 35.4 30.1 25.7 23.5 21.5 17.8 16.2 15.4 14.1 13 12.3 15.7 18.4 18.6 16.2 13.3 10.1 8.1 8 7.9 7.9 7.6 9 7.5 7.5 7.5 7.4 4.6 5.3 1 -3.6 -3.6 -3.6 -3.6 -3.6 -3.6 -3.6 -3.6 -3.6 -3.6 -3.6 -3.6 -3.6 -3.6 -3.6 -3.6 -3.6 -3.6 -3.6 -3.6 -3.6
112.5 112.3 109.2 104.5 102.4 107.8 113 114.8 113.8 112.9 109.4 106.4 102.4 97.9 93.9 88.5 84 90.9 93.1 95 93.4 90.6 89.3 92.6 95.5 90 84.5 79.1 76.2 69.5 61.5 52.8 45.9 41.4 38.1 35 28.3 21.8 19.3 18 16.6 14.7 14 12.3 11.2 12.8 18.3 21.3 20.3 18.9 16.8 7.7 8 8.1 7.9 7.8 9.3 7.6 7.5 7.5 7.5 4.8 5.3 1.9 -3.6 -3.6 -3.6 -3.6 -3.6 -3.6 -3.6 -3.6 -3.6 -3.6 -3.6 -3.6 -3.6 -3.6 -3.6 -3.6 -3.6 -3.6 -3.6 -3.6 -3.6 -3.6
110.9 106.7 103.3 99.6 94.4 99.7 105.4 110.2 109 107.1 103.4 100.5 97.4 96 92.7 86.2 80.9 91.5 94.4 94.2 91 88.7 88.8 95.8 94.9 87 81.8 77.9 75 67.7 60.7 50.7 42.6 38 36.5 33 29.1 21.6 17.2 15.2 13.7 13.1 12.2 10.6 9.6 12.8 18.1 20.2 19.7 17.9 12.7 7.9 7.4 7.5 7.7 9.2 8.4 8.3 7.5 7.5 7.2 5.2 2 -3.6 -3.6 -3.6 -3.6 -3.6 -3.6 -3.6 -3.6 -3.6 -3.6 -3.6 -3.6 -3.6 -3.6 -3.6 -3.6 -3.6 -3.6 -3.6 -3.6 -3.6 -3.6 -3.6
94.7 89.7 87.1 86.9 85.3 94.3 98.1 98.1 95.9 93 90.7 89.7 89.9 89 88.6 78.9 79.7 92.2 93.1 92.6 88.1 86.5 89.3 95.7 91.3 84.1 79.9 76.7 73.4 66.3 58.2 49.3 40.7 37 32.4 28.4 25.2 20.7 15.6 13.9 12.1 11.4 10.4 9.6 8.9 11 16.1 19.3 18.5 16.6 7.5 7.8 7.5 7.3 8.6 7.5 7.7 8 7.9 5.3 5 1.1 -3.6 -3.6 -3.6 -3.6 -3.6 -3.6 -3.6 -3.6 -3.6 -3.6 -3.6 -3.6 -3.6 -3.6 -3.6 -3.6 -3.6 -3.6 -3.6 -3.6 -3.6 -3.6 -3.6 -3.6
85.9 83.4 81.1 77.6 78.9 81.5 86.5 86.3 83.6 80 76.7 75.6 77.6 78.8 79.8 71.2 78.8 89.5 89.8 88.2 84.5 83.8 89.1 93.7 87.2 81.2 78.3 75.5 71.2 64 56.7 45.4 39.2 35.5 32.9 27.9 21.2 16.3 13.6 12 11 9.3 8.8 8.5 8.3 10 14.8 18.5 16.8 11 7.7 7.7 7.6 8.4 7.7 7.4 7 7.2 5.3 4.1 -3.6 -3.6 -3.6 -3.6 -3.6 -3.6 -3.6 -3.6 -3.6 -3.6 -3.6 -3.6 -3.6 -3.6 -3.6 -3.6 -3.6 -3.6 -3.6 -3.6 -3.6 -3.6 -3.6 -3.6 -3.6 -3.6
81.7 79.2 77.4 74.8 75.1 75.2 74.8 76.9 73.9 71.9 70.9 70.3 68.9 68.5 69.3 66.8 75.3 82.5 84.2 83.4 80.1 80.8 89.9 89.7 83.7 79 75.9 74 69 61.2 52 41.7 37.2 35 32.4 29.8 25.8 18.5 13.7 11.2 10.1 8.7 8.4 8.2 8 9.1 14.6 17.7 16.4 7.7 7.8 7.9 8.1 7.6 7.7 7.3 6.8 5.3 3.1 -3.6 -3.6 -3.6 -3.6 -3.6 -3.6 -3.6 -3.6 -3.6 -3.6 -3.6 -3.6 -3.6 -3.6 -3.6 -3.6 -3.6 -3.6 -3.6 -3.6 -3.6 -3.6 -3.6 -3.6 -3.6 -3.6 -3.6
79.6 77.2 74.8 73.1 72.4 72 70.7 69.4 68.7 67.4 66.5 65.8 65.1 64.7 63.8 62.9 63.9 67.7 75.6 77.1 73.9 75.6 86.4 84.7 78.1 75.7 73.3 71.4 66 57.2 46.9 38.7 34.7 32.6 30.9 28.7 26.4 22.3 15.1 11.6 8.7 8.4 8.1 7.9 7.8 7.8 12.9 16.1 14.2 7.4 7.8 8.2 7.7 7.2 7.4 5 5.1 1.4 -3.6 -3.6 -3.6 -3.6 -3.6 -3.6 -3.6 -3.6 -3.6 -3.6 -3.6 -3.6 -3.6 -3.6 -3.6 -3.6 -3.6 -3.6 -3.6 -3.6 -3.6 -3.6 -3.6 -3.6 -3.6 -3.6 -3.6 -3.6
79.5 76.7 73.9 72 70.7 69.5 68.2 67.1 65.7 65 63.8 63 62.2 61.4 60.8 60.5 61.8 63.5 63.9 64.9 66.5 75.5 78.8 77.5 74.4 72.8 71.8 68.7 62.6 54.8 43.1 36.5 32.2 30.3 28.7 27.2 25.8 21.6 18 14.9 9.7 8.9 8.1 7.8 7.7 7.9 8.8 10.7 7.6 7.9 7.9 7.3 7.8 7.4 5.2 2.8 -3.6 -3.6 -3.6 -3.6 -3.6 -3.6 -3.6 -3.6 -3.6 -3.6 -3.6 -3.6 -3.6 -3.6 -3.6 -3.6 -3.6 -3.6 -3.6 -3.6 -3.6 -3.6 -3.6 -3.6 -3.6 -3.6 -3.6 -3.6 -3.6 -3.6
