public/OST50/ST62.asc
ncols 200
nrows 200
xllcorner 360000
yllcorner 120000
cellsize 50
[rows 144 to 179 of 200, columns 0 to 80 of 200]
32.6 32.9 32.9 33.1 33.1 33 33 32.8 32.9 33 33.1 33.5 34 34.4 34.9 35.3 35.6 36 36.3 36.3 36.1 35.8 35.4 35.6 35.9 36.3 36.6 37 36.3 37.4 37.5 37.7 37.9 38.1 38.3 38.6 39.3 40.3 41.5 43 44.7 47.7 51.4 58.3 68.3 80 90.4 97.1 101.9 108.7 118.2 127 135.9 136.2 132.5 128.5 124 119.6 116.3 114 111.4 108.5 105.2 100.9 97.5 94.2 96.4 98.2 103.2 111.6 116.1 127.3 135.7 147.5 168.7 185.8 191.2 189.7 187.8 185.8 183.8
33.6 34.1 34 33.8 33.8 33.8 33.9 33.6 33.4 33.5 33.7 34.1 34.5 34.9 35.1 35.4 35.9 36.2 36.6 36.7 36.5 36.2 35.8 36 36.3 36.7 37 37.6 37.7 38 37.8 37.6 38 38.8 39 39.2 39.8 40.8 41.9 43.4 45 48.5 54 62.4 73.3 84.8 95.1 101.8 110.5 113.4 120 127.7 134.9 135.3 131.9 128.4 123.5 119.2 115.3 112.9 110.1 107.2 103.8 100 96.6 93 92.3 97 102.6 108.7 113.2 116.6 125.1 139.7 154.2 176.1 190.4 189.4 187.8 185.9 184
33.6 34.3 34.3 34.3 34.5 34.5 34.6 34.4 34.1 33.9 34.2 34.4 34.6 34.8 35 35.5 36 36.4 36.8 36.9 36.9 36.6 36.3 36.4 36.7 37 37.4 37.8 38.8 38.8 38.3 37.9 39.1 39.8 39.8 39.8 40.4 41.5 42.7 43.8 45.8 50 55.9 65.1 76.7 89.2 98.3 105.5 111.9 115.8 122.7 129.7 135.2 134.1 130.7 127.3 123 118.5 114.4 111.6 108.8 105.8 102.5 99.1 95.8 92.4 93.3 98.2 101.2 103.1 107.3 113.8 119.4 133.2 146.8 167.4 185.6 186.9 187.5 185.9 184.6
33.5 33.4 33.5 33.7 33.8 34 34.2 34.7 34.3 33.8 34.2 34.4 34.6 34.8 35.1 35.6 36 36.5 36.9 37 37.1 37 36.8 37 37.3 37.6 37.9 38.2 38.8 39.8 38.9 38.3 39 39.9 40.9 40.3 40.9 42 43.3 44.7 46.9 50.8 57.4 67.6 79.5 91.9 100.2 107.4 112.1 116.5 124.4 132.6 136.1 133.1 129.6 126.2 121.9 117.5 113.4 110.6 107.5 104.9 101.9 98.3 94.8 91.9 92.3 96.3 99 101.4 106.9 112.9 120.8 132.1 147.6 164.2 180.4 185.7 186.2 185.6 184.7
32.7 32.8 32.9 33 33.1 33.5 33.6 34.1 33.9 33.5 33.8 34.4 34.6 34.8 35.2 35.7 36.1 36.5 36.7 36.9 37 37.2 37.4 37.5 37.8 38.1 38.4 38.7 39.2 40.2 39.8 38.8 39 39.9 40.7 40.1 41.3 42.8 44.2 45.6 48.4 52.1 59 69.8 81.2 93.1 100.6 106.9 111.3 117 125.6 134.3 135.5 132 128.6 125.1 120.7 116.3 112.4 109.4 106.4 104 101.1 97.2 93.6 89.8 89.7 92.7 95.6 98.9 104.5 111.4 121.5 135.7 151.7 169.9 180 182.6 184.6 185.4 184.9
31.8 32.2 32.4 32.1 32.3 33.9 32.5 32.3 33.3 33.1 33.6 33.9 34.6 34.8 35.3 35.7 36 36.4 36.8 36.9 37.1 37.5 37.8 38.1 38.4 38.7 39 39.3 39.6 40.5 40.6 39.8 38.2 39.7 40.5 41.6 42.6 43.6 45.3 47.3 49.8 53.5 60.3 71.2 83.2 93.5 100 106.1 110.8 117.3 125.9 134.5 134.1 130.8 127.5 123.9 119.7 115.4 111.4 108.2 105.6 103 100.4 96.5 92.7 87.4 87.7 94.3 100.2 103.7 105.3 114.7 125.9 141.9 162.9 176.4 177.6 179.4 181.6 183.8 184.1
34.9 32.2 31.7 32.4 33.3 33.6 33.2 33.6 34.1 33.6 33.6 33.6 34.2 34.9 35.2 35.6 36 36.5 36.7 37 37.3 37.7 37.8 38.4 38.7 39 39.3 39.7 40 40.6 40.8 40.6 40 40 41.2 42.3 43.4 44.5 46.5 48.6 51.1 55.4 61.1 71.3 83 92.8 99.3 105.7 110.7 117.4 126.1 133.9 132.8 129.8 126.5 122.8 118.6 114.5 110.5 107.1 105 102.4 99.7 95.7 91.5 86.7 90 95.9 101.2 106 109 118.1 130.2 150.6 170 175.8 176.1 176 176.9 179.8 181.6
32.6 31.6 31.8 32.2 32.7 33.2 34.1 34.8 33.8 33.8 33.8 33.8 33.9 34.1 35 35.6 36.2 36.4 36.5 37.2 37.6 37.7 38 38.7 39 39.3 39.6 39.9 40.2 40.6 40.8 40.6 40.8 40.8 41.9 43 44.2 45.5 47.3 49.8 52.5 56.2 62.1 70.8 81.1 90.6 97.7 104.6 110.3 117.7 126.3 133 131.3 128.4 125.5 121.6 117.5 113.3 109.4 106 104.1 102.4 99.2 95 90.4 86.3 86.8 93.1 97.8 102 108.5 119.4 135.4 155.7 171.7 173.8 172.5 170.1 169.4 173.8 178.1
31.4 31.6 31.8 32.1 32.5 33 33.5 33.7 34 34 34.1 34.1 34.2 34.6 35.1 35.5 35.9 35.7 35.9 37.5 37.5 37.4 38.3 39 39.3 39.6 39.9 40.2 40.5 40.7 41 41.1 41.2 41.5 42.5 43.6 44.6 45.9 47.9 51 53.8 57 62.6 70.1 79.4 88.3 97.4 105.3 110.5 118 126.7 132.2 129.8 126.9 124 120.3 116.4 112.2 108.2 104.7 102.9 101.3 98.4 94.9 90.9 87 83.6 89.7 93.3 99.9 107 122 141.4 161.3 171.8 171.6 170 166.3 164.7 168.7 172.1
31.5 31.5 31.8 32.1 32.5 32.9 33.4 33.7 34 34.3 34.3 34.3 34.7 35.1 35.6 36 36.4 37 36.4 37.2 36.9 37.4 38 39 39.3 39.6 39.9 40.3 40.8 41 41.3 41.5 41.6 42 42.4 43.4 44.5 46 47.6 50.1 53.1 56.3 62.9 72.2 84.2 92.3 99.3 105.3 110.3 118 126.6 131.1 128.3 125.5 122.6 118.7 114.8 110.9 107.1 103.4 101.2 99.5 96.7 93.4 90 85.5 82.8 86 92 98.8 104.6 123.7 144.2 165.2 170.2 169.4 168.1 164.1 161.1 163.8 166.6
31.3 31.5 31.8 32.1 32.5 33 33.5 33.8 34.1 34.3 34.5 34.7 35.2 35.6 36 36.5 36.9 37.5 37.5 37.6 38 38.1 39 39.2 39.2 39.5 39.9 40.5 41.1 41.3 41.6 41.8 42 42.5 43 43.5 44.5 46.1 47.7 49.6 52.4 56.1 63.7 74.3 85.2 92.5 98 103.2 109 117.5 127.2 129.4 126.6 123.8 121 117.2 113.3 109.5 105.8 102.7 99.6 97.4 94.9 91.6 88.2 84.9 82 86 90.7 96.4 104.5 122.8 141.1 161.9 169.3 168.5 165.8 161.8 158 159.5 166.1
31.5 31.5 31.8 32.2 32.6 33.1 33.5 33.9 34.2 34.4 34.7 35 35.5 35.9 36.3 36.8 37.2 37.6 38 38.2 38.4 38.7 39.3 39.3 39.2 39.5 40.2 40.8 41.3 41.6 41.9 42.1 42.6 43.1 43.6 44.2 44.9 46.2 47.7 49.6 52.2 57.1 64.8 76.4 86.2 91.6 95.4 94.9 108.1 117.9 127.7 127.7 125 122.3 119.4 115.7 111.9 108.1 104.5 101.4 98.6 96 93.3 90.2 87 83.4 81 84.2 87.9 92.4 100.4 114.7 132.6 149 164.8 166.8 163.4 159.7 156 159.1 168.2
31.3 31.5 31.9 32.2 32.7 33.2 33.6 34 34.3 34.6 34.7 34.9 35.3 35.7 36.1 36.6 37 37.8 38 38.2 38.4 38.9 39.4 39.4 39.4 39.8 40.7 41.3 41.5 41.8 42 42.3 43 43.7 44.2 44.8 45.7 46.6 47.8 50.1 52.4 58.2 66.4 78.9 85.5 88.5 86.5 92.5 109.1 119.3 128 126.3 123.5 120.8 117.7 114.1 110.4 106.6 103.3 100.5 97.8 95.3 92.9 89 85.2 82.1 80.5 81.1 85 89.6 95.8 106.1 120.7 135.1 150.4 162.7 160.6 155.6 154.2 160.1 170.3
31.3 31.6 31.9 32.2 32.8 33.3 33.7 34.1 34.4 34.6 34.7 34.8 35.1 35.5 36 36.4 37 37.5 37.8 38.2 38.4 39 39.3 39.3 39.4 40.2 41.1 41.5 41.8 41.9 42.2 42.5 43.2 44 44.8 45.4 46.4 47.5 48.5 50.4 53.5 58.9 68 79.4 82.7 83.8 78.1 95.5 110.2 120 127.1 124.9 122.1 119.3 116.1 112.7 109.2 105.7 102 99.2 96.5 95.2 92.5 89 85.7 82.4 80.2 79.4 82.3 87.2 92.2 100 108.7 121.9 138.9 155.8 157.1 152.8 152.6 161.6 172.5
31.4 31.7 31.9 32.2 32.9 33.3 33.7 34.1 34.5 34.6 34.7 34.8 35 35.3 35.8 36.2 37.3 37.5 37.8 38.2 38.5 39 39.2 39.3 39.4 40.6 41.3 41.5 41.8 42 42.4 42.7 43.3 44.1 44.9 45.9 47 48.2 49.8 51.5 54.9 60.4 68 76.6 75.1 72.6 81 100.9 110.7 120.4 124.9 123.2 120.4 117.5 114.3 111.1 107.8 104.3 100.4 97.5 95.5 94.1 90.9 87.9 84.5 81.1 79.4 79 81.9 85.3 88.9 94.9 101.6 113.8 131 145.9 152.2 149.7 150.7 162.4 172.8
31.6 31.8 31.8 32.2 32.8 33.3 33.6 34 34.4 34.5 34.4 34.8 34.9 35.3 35.6 36.4 36.9 37.5 37.7 38.1 38.5 38.9 39.2 39.2 39.7 40.8 41.5 41.7 41.9 42.2 42.8 42.9 43.4 44.1 45.1 46.1 47.4 49.1 51 52.5 55 58.9 63.7 64.7 67.3 75.5 89 102.7 110.7 118.2 123.4 121.4 118.5 115.8 112.6 109.4 106.2 102.8 98.9 96 94.7 92.9 89.9 86.9 83.4 80.2 78.9 76.7 80.8 83.5 86.2 89.9 93.9 104.7 118.9 129.1 147.4 147.1 149.2 161.9 170.6
31.7 31.7 31.7 32.3 32.9 33.2 33.4 33.8 33.5 35 35.5 35.6 35.5 35.6 35.6 36.3 37.5 35.9 34.5 37.3 35.5 38.9 39.1 39.2 40.2 41.1 41.5 41.7 42.4 43.1 43.8 43.2 43.5 44.4 45.1 46.2 47.1 48.8 50.7 53 56.1 60.1 64.1 69.9 78.2 87.1 96.7 102.5 109.2 115.8 120.6 119.3 116.8 114 111 107.8 104.6 101.4 97.6 94.6 93.4 91.9 89 85.8 82.6 79.4 77.9 77.8 79.6 82.2 84.7 87.1 88.8 93.8 103.5 116.6 134.8 143.6 147.7 159.7 166.4
31.7 30.3 32.1 30.2 32.9 33.5 33.9 34 34.3 34.5 34.5 35.4 36.6 37.2 36.9 37.3 39.3 39.8 39 38.5 39.6 39.7 40 40.1 40.5 41.3 41.6 42.1 43 43.6 43.9 43.7 44.7 45.1 45.2 45.9 46.6 48.6 50.5 53.7 58 62.6 70 78.4 85.5 88.9 97.4 101.1 107.8 114.5 119 117.6 115 112.3 109 105.3 102.2 99.1 96.1 92.8 91.4 89.7 87.2 84.3 81.4 78.5 77.3 74.9 78.6 81.2 85 88.5 91.1 94.1 98.5 111.4 126.8 141.5 144.3 154.2 162.1
30.7 31.3 31.4 32.3 32.7 33.2 33.6 34.4 34.5 35.8 36.1 36.4 36.6 39.3 40 39.9 39.9 41.3 40.3 41.5 41.4 40.9 41.1 41.2 40.4 41.6 41.9 39.4 43.3 43.6 44 44.3 44.9 45.4 45.6 46.3 46.9 47.7 49.3 53 57.9 63.7 71.5 80.4 86.2 88.8 94.8 100.2 106.6 113.6 117.3 115.8 113.1 110.5 107.1 103.6 100.4 96.8 93.8 91.1 89.3 87.6 85.3 82.5 79.8 77.5 76.3 75.8 78.6 82.3 86.6 91.1 97.6 102.3 104.3 111.1 125 141.3 141.9 146.3 156.6
31.3 31.5 31.7 32.2 32.6 33.2 34 34.9 36 37 38 38.9 39.3 40.6 40.7 40.4 41 42.4 41.6 42.1 41.9 41.8 41.8 41.8 41.3 41.8 42.3 43.3 43.5 43.7 43.9 44.5 45.1 45.7 46 46.8 47.7 48.5 50.4 53.4 57.7 64.1 72.3 79.3 83.9 88 93.6 99.2 107.3 112.9 115.8 114.2 111.4 108.6 105.3 102 98.8 94.9 91.8 89.5 87.9 86.6 84.1 81 78.1 76.2 75.1 75.8 80.3 84.5 88.8 94.4 101.4 109.7 114.1 119.4 126.4 137.9 138.5 141.9 148.9
31.3 31.5 31.8 32.1 32.7 33.5 34.4 35.7 36.9 37.9 38.9 39.8 40.6 40 40.6 42 42.9 43.4 43 43.5 42.5 42.1 42.1 42.1 41.6 42.1 42.3 43.2 43.4 43.6 44 44.8 45.3 45.9 46.4 47.2 48 49.1 50.9 53.3 58 64.1 72.1 77.1 82 86.3 92.7 102 108.5 110.8 113.7 112.7 109.7 106.7 103.6 100.4 97.2 93.8 90.3 87.6 86.6 85.7 83.3 80 77.2 74.8 73.6 77.3 82.1 87.5 92 97.7 102 115.7 128.8 137.6 151.1 144.6 139.5 138.4 140.3
31.2 31.4 31.6 32.4 33.1 34.2 35.5 36.5 37.7 38.8 39.8 40.5 40.5 40.2 40.8 42.4 44.1 44.8 44.9 44.2 43.1 42.6 42.6 42.4 42.4 42.9 42.5 42.6 43.3 43.4 44.2 45 45.5 45.9 46.3 47.1 48.2 49.3 50.9 54.4 57.8 62.7 69.4 74.8 80.4 85 92.6 102.6 111.5 112.4 112.7 110.9 107.6 104.8 101 98.2 95.2 92.1 88.6 85.4 84.4 83.6 81.1 77.8 75.2 73.3 75.3 79.5 83.5 89.7 94.6 101.9 112 128.6 146.1 159.8 157.2 150 145.1 136.7 134.9
30.9 31.3 32.2 33.3 34.3 35.3 36.5 37.6 38.6 39.7 40.2 40.2 40.2 40.5 41 42.7 44.5 44.7 47.3 45.7 44.1 43.4 43.1 42.9 43.1 43.3 42.9 43.1 43.1 43.3 44.4 45.2 45.5 45.8 46.3 47.3 48.4 49.6 51.1 54.3 57.8 61.8 67.4 73 79 83.5 90.8 100.3 107.6 109.2 110.8 109.1 105.5 102.8 99.7 95.7 93.2 90 86.4 82.9 81.8 80.7 78.9 75.5 73.3 74.8 78.3 81.8 84.6 88.9 95.5 103.6 116.4 133.8 157.3 161.3 160.4 150.5 149.2 139.9 133.7
31.2 32.5 33.6 34.6 35.6 36.3 37.5 38.6 39.6 40 39.8 39.8 40 40.5 41.3 42.7 43.5 45.2 48.4 47 45.5 44.8 44.1 43.5 43.5 43.7 43.6 43.7 43.9 44.1 44.7 45.1 45.3 45.6 46 47.5 48.6 49.8 51 53.9 57.1 61.2 66.3 71.7 77.6 81.8 88.1 96.3 100.9 103.3 107.9 107.5 104.4 101.4 98.5 94.4 91 87.2 83.4 79.7 78.6 77.4 74.8 72 70.5 76.5 80.5 84 87.7 93.5 99.5 108.1 120.5 140.4 159.3 161.6 163.1 160.9 158 149.4 139.8
31.9 33.4 34.9 36 36.9 37.4 38.5 39.4 39.9 39.8 39.6 39.5 40.4 41.2 42.1 43 44.9 46.4 47.8 49 46.6 45.7 45 44.5 44.4 44.4 44.4 44.5 44.7 45.2 45.4 45.5 45.6 45 46 46.3 47.3 48.2 51.1 52.9 56.1 60.6 65.8 70.9 76.2 79.6 84.7 91.4 94.9 98.7 104.6 105.2 102.2 99.5 96.5 92.8 89.6 86.6 81.6 77.9 74 73.6 71.3 71.1 73.6 76.5 79.9 83.6 89.2 94.4 101.3 110.2 123.6 146.1 157.6 160.2 162.8 165.5 165.2 160.4 152.3
32.5 34.1 35.6 37.1 38.2 38.4 39.1 39.6 39.8 39.6 39.2 39.5 40.4 41.4 42.3 43.2 44.8 46.2 47.3 48.2 47.5 46.6 46.1 45.6 45.5 45.3 45.1 45.2 45.7 45.8 46 46.2 46.3 46.4 46.4 46.5 45.4 47.2 49.4 51.3 55.1 60.1 65.2 69.8 74.3 76.7 81.7 86.9 89.1 95.3 102.2 102.4 99 96 93.8 91.1 87.9 84.7 79.5 72.9 68.5 68.8 69.6 71.5 75.7 77.5 80.8 84.6 89.2 94.5 101.6 112 127 149.8 154.7 157.3 160.7 164.8 167.2 165.4 162.6
33 34.6 36.3 37.7 38.3 38.9 39.4 39.5 39.2 38.9 38.5 39.4 40.3 41.3 42.2 43.1 44.6 46 47.4 48.1 47.8 47.9 47.2 46.6 46.3 46 45.9 46.1 46.3 46.5 46.7 46.9 47.2 47.3 47.3 47.6 47.4 47.1 47.1 49.8 52.7 58 63.6 67.8 71.6 73.8 77.4 81.8 86.2 92.2 99.1 99.3 94.1 89.5 90.1 88.6 85.1 78.9 71.3 66.1 70.5 71.9 71.3 70.4 75.2 78.3 81.2 84.8 90.1 95.9 104 115.9 132.3 149.3 150.8 152.5 156.1 161.7 165.1 164 162.7
33.5 35.1 36.5 37.6 38.2 38.6 38.7 38.6 38.5 38.2 38.4 39.3 40.2 41.2 42.1 43.1 44.4 46 47 47.9 48.8 49.1 48.6 48.5 47.7 47 46.6 46.8 47 47.2 47.4 47.5 48 48.1 48.5 48.8 48.5 48.3 47.8 48.3 52 56.6 61.8 64.8 69.3 71.4 74.1 78.6 83 88.6 95.5 95.1 89.1 81.8 83.5 84 80.4 71 63 72 75.3 73.4 72.4 74.7 74.7 78.5 82.2 85.8 92 97.9 105.3 118.9 138.3 146.8 146.6 148.6 152.2 156.9 161.5 161.7 160.5
34.2 35.1 36.3 37.4 37.7 37.8 37.9 37.9 37.7 37.7 38.3 39.1 40 40.9 41.9 43 44.5 45.6 46.7 47.7 48.7 49.5 50.9 50.9 50 48.2 47.6 47.4 47.6 47.8 48 48.2 48.8 49.2 49.6 50 49.7 49.2 48.7 48 50.1 54.8 60.1 63.4 66.5 69.1 70.8 75.6 79.7 83 87.6 88.4 83.4 74.2 75.5 75.5 69.3 64 68.9 74.4 75.3 73.4 74.2 74.9 76.7 79.1 82.3 85.3 92.2 99.3 107.8 122.3 143 144.1 143.8 143.5 146.5 150.9 155.7 158.3 157.7
35 35.9 36.6 36.9 36.9 37 37.2 37.3 37.2 37.8 38.4 39.1 39.7 40.7 41.8 41.8 44.4 45.4 46.9 47.9 48.8 49.7 51.1 52.2 50.7 48.9 48.5 48.7 49 48.9 48.9 49.8 50.1 50.4 51 51.6 51.5 51.2 50.6 49.5 47.9 54.4 59.5 61.8 64.3 66.8 68.2 71.9 75.3 77.6 78.7 79.3 76.2 69 65 63.7 61.8 67.7 68.9 73.2 74.3 74.5 75.4 77.6 80 82 83.2 85.5 89.5 96.6 107.1 122.4 140.9 141.5 141.7 140.5 140.8 143.6 148.2 153.2 154.6
34.8 35.6 36.4 36.2 36.1 36.3 36.5 36.6 37.1 37.8 38.7 39.4 40.2 41 41.3 43 44.3 46.4 47.4 48.4 49.2 49.9 50.8 51.2 50.6 49.8 49.9 50.3 50.7 50.9 51.2 51.6 52.3 53.3 53.9 54.6 55.4 54.5 53.8 51.9 50.2 48.6 56.1 59.6 62.6 64.6 65.1 67.2 70.1 71 71.4 71.1 66.8 61 56 65.4 72.9 77.9 76.9 74.2 74.2 75.5 77.3 79.7 82.8 84.1 86 89.8 93.1 97.2 104 115.9 129.6 139.5 140.9 139.6 139.9 138.4 140.7 145.4 150.5
35 35.7 35.5 35.4 35.7 36.1 36.4 36.7 37.3 38.3 39.2 40.1 40.9 42.4 42.4 43.9 45 46.4 47.9 49.1 50.1 50.7 51.4 53 53.2 51.7 51.5 52 52.4 52.4 52.3 54.3 55.4 56.4 57.5 58.7 59.7 59.4 58.7 57.1 53.6 48.8 52 58.2 60.7 62.2 62.2 62.5 64.8 64.8 64.8 63.4 60.6 57.4 69.5 81.3 82.6 81.3 78.4 75.7 74.9 77.2 79.3 82.4 85.2 86.1 89.6 95.2 101.5 106.7 112.1 124.1 137.9 142.4 143.7 143.7 143.8 139.1 137 138.5 143.5
35.2 34.8 34.6 35 35.4 36.2 36.9 37.2 37.8 38.7 39.7 40.6 41.7 43 43.1 44.1 45.7 47.3 48.8 50.3 51.5 52.3 53.6 55.2 55.1 53 52.8 53.4 54 54.4 55.5 57.4 59 60.5 61.7 62.9 63.5 62.9 62.2 60.6 58 51.1 48.9 53 56.3 57.7 58.1 58.4 59.3 58.8 59.5 57.4 56.2 71 82 85.2 83.8 81 78 75.1 75.8 78.1 81.2 85.9 87.8 91 95 101 108.3 117.3 125.8 138.6 149.9 151.6 154.1 153.4 150.6 144.9 139.8 135.1 135.4
34.5 34.1 34.3 34.7 35.4 36.2 37.1 37.6 38.2 39.2 40.2 41.5 42.8 44 44.6 45.2 47.1 48.4 49.9 51.6 53 54.2 55.2 56.4 56.4 55.2 55.4 56 56.6 57.3 59.2 61.3 63.4 64.7 65.5 66.2 65.9 64.9 63.8 62.4 60.9 57.8 50.8 51 52.4 53.4 52.9 53.7 54.1 53.7 54.5 64.1 73.7 85.4 86.4 85.7 83.6 80.6 77.6 75.6 76.8 79.5 83.6 88.3 91.1 98.1 104.5 114 121.9 129.5 143.7 156.8 160.9 161 159.4 158.1 152.7 151.9 148.3 140.1 134.1
33.7 33.8 34.3 35.1 35.8 36.5 37.1 37.9 38.7 40 41.3 42.6 43.9 45.1 44.4 46.8 48 49.5 51 52.9 55 56.4 56.9 57.6 58.3 59 58.9 59.2 59.7 60.6 63.1 65.9 67.9 69.2 69.4 69 67.9 66.5 65.3 63.3 61.5 58.8 54.2 52.2 57.3 59.5 61.6 64.1 66.9 66.8 72.5 77.5 85.9 88.2 87.3 85.9 83.6 80.4 77.5 76.7 78.3 81.5 86.2 89.5 95.1 102.5 114.2 128 141.1 150.8 162.4 164.9 162.8 160.6 159.2 157 154.5 151.3 149.2 147.1 143.7
33.9 34.4 35.1 35.8 36.6 37.3 37.9 38.9 40 41.3 42.6 43.9 45.2 46 46.4 48.7 50.4 51.1 52.6 55.2 57.4 60 60.4 60.9 62.2 62.8 63.9 63.8 63.5 64 67.5 70.5 72.6 73.5 73.4 73.4 72.2 70.7 68.3 65.7 62.9 60.1 56.2 52.7 55 60.5 64.4 69.9 74.5 76.6 83.9 92.2 91.2 88.1 86.9 85.4 83.4 79.9 77.1 77.4 80.1 83.2 89 92.7 100.6 111.5 125.5 140.2 157.2 166.5 167 164.8 162.3 160.3 158.2 155.8 153.4 151.3 148.8 146.9 144.8
