public/OST50/ST62.asc
ncols 200
nrows 200
xllcorner 360000
yllcorner 120000
cellsize 50
[rows 144 to 179 of 200, columns 81 to 161 of 200]
182.1 180.1 180.1 180.5 181.3 182.3 182.4 182.5 182 181.4 180.5 179.4 178.3 176.8 175.1 173.7 172.4 171 169.8 168.6 167.2 165.6 163.7 161.8 159.7 157.7 155.5 153.1 150.7 148.8 146.4 144.1 141.9 140.4 138.7 137.2 135.3 132.9 130.3 127.7 126.4 126 124.8 123.6 122.1 119.9 117.7 115.3 112.9 110.5 108.1 105.8 104.1 102.8 102.1 101.4 100.9 103.4 107.8 105.2 102.7 102 103.1 104.4 105.3 107.5 111.2 115.3 117 118 119.5 120.4 118.5 117.4 122.8 126 127.9 128.5 130.6 134.1 138.6
182.6 181.5 181.3 181.7 182.5 182.6 182.6 182.1 181.6 181 179.8 178.5 177 175.5 173.7 172 170.7 169.5 168.3 167.1 165.7 164.1 162.5 160.8 159.4 157.4 155.4 153 151.1 149.2 147.2 145 143.8 142.4 141.2 139.3 136.7 134.4 131.8 128.5 125.6 123.7 121.9 120.8 119.4 117.4 115.7 113.5 112 109.8 107.6 105.5 103.7 102.2 101.4 100.7 100.2 101.9 105.4 105.9 102.6 101.5 102.1 103 103.5 106.2 111.2 115.2 115.5 115.4 116.6 116.3 114.7 116.8 121.2 123.5 124.6 124.2 125.3 129.2 134.1
183.5 182.6 182 182 182.7 182.7 182.2 181.7 181.1 179.9 178.7 177.4 175.7 174.2 172.3 170.3 169.1 167.8 166.5 165.3 164.2 162.6 161 159.5 158.3 157.1 155.2 153.3 151.3 149.3 147.5 146.4 144.7 142.9 141.2 139.2 136.7 134.2 131.7 128.9 125.5 123.4 121.5 119.1 117 115.2 113.6 112.2 111 108.8 106.7 105.2 103.5 102.1 101.3 100.4 99.6 100.1 102.1 104.4 102.4 101.6 101.4 101.4 101.7 105.6 110.1 113.5 113.5 112.6 113.5 113.3 112.3 115.2 118.7 120.5 121.8 120.7 121.1 125.1 128.8
183.9 183.1 182.3 181.9 182.5 182.1 181.7 181.1 180 178.7 177.5 176.3 174.7 173 171 169 167 165.7 164.4 163 161.9 160.6 159.7 158.4 157.1 155.9 154.9 153.1 151.1 149.3 147.9 146.5 144.7 142.9 140.9 138.6 136 133.5 130.9 127.7 125.1 123.1 120.9 118.8 116.4 114.5 112.9 111.2 110 107.9 106.3 104.9 103.4 102 101.1 100.2 99.8 99.7 100.1 101.2 102 101.7 100.3 99.8 101 105.8 108.7 109.9 110.4 110.2 110.5 109.8 110.7 112.9 115.8 117.1 118.2 117.6 118.4 121.4 124.2
184.3 183.3 182.6 182.4 181.9 181.5 181.1 180 178.8 177.6 176.3 175.1 173.6 172.3 170.3 168.3 165.6 163.6 162.2 160.3 159.4 158.1 157.1 156.6 156 155 154.1 153 151.2 149.7 147.9 145.9 143.9 141.9 139.7 137.3 134.5 131.9 129.8 126.9 124.1 121.6 119.7 117.5 115.4 113.9 112.4 110.7 109 107.5 106.1 104.6 103.2 101.8 100.7 99.6 99.5 99.3 99.2 99.2 101.2 102.4 100.5 98.9 100.5 106.1 107.6 107.4 107 107.3 107.7 108.6 109.5 110.6 112.7 113.9 114.6 114.3 116.3 118.6 120.3
183.5 182.9 182.3 181.9 181.2 180.5 179.7 178.8 177.6 176.3 175.1 173.9 172.8 171.5 169.6 167.1 165.8 164.1 161.4 158.7 156.8 156.1 154.4 153.8 153.6 153.6 152.7 151.9 150.6 148.9 147.1 145.2 142.8 140.7 138.4 135.9 133.1 130.4 128.1 125.5 122.6 120.2 118.2 116.3 114.8 113.3 111.7 110.3 108.5 106.9 105.4 104 102.4 101.2 100.1 99.2 98.8 98.4 98.5 98.2 99 101 100.9 98.4 100.8 105.1 106.8 106 105.2 104.9 105.2 106.2 107.4 108.6 109.6 110.8 111.3 111.9 114.8 116.7 117.4
181.8 181.3 181.1 180.8 180 179.1 178.3 177.4 176.3 175.1 173.9 172.7 171.7 170.7 169 167.5 165.8 164.5 163 161 158.8 156.7 154.3 151.7 150.8 151.5 151.1 150.7 149.5 147.8 145.9 143.6 140.9 138.8 136.1 133.5 131.1 128.5 125.3 123 120.3 118.3 116.5 114.6 113.5 111.9 110.6 109.5 107.9 106.2 104.8 103.2 101.7 100.7 99.7 98.9 98.8 98.3 97.7 97.5 97.7 97.7 97.5 97.2 98.1 102.4 105.6 105.2 104.2 103.2 103 104.1 105.1 106.3 107.6 107.7 108.3 110.1 111.8 113.9 115.2
179.7 179.8 179.6 179.5 178.8 177.7 176.8 175.8 174.6 173.9 172.7 171.5 170.6 169.6 168.2 166.5 165.1 163.8 162.4 160.9 159.3 157.7 155.7 153.7 150.1 148.7 148.2 148.1 146.9 144.8 142.6 139.8 136.6 133.4 131.2 128.7 126.5 124.2 121.1 119.5 117.7 116.2 114.3 112.6 111.6 110.8 109.7 108.7 107.2 105.6 103.8 102.6 101.8 101 100.4 99.8 99.5 98.9 98.1 97.4 97.1 96.7 96.6 98.1 97.3 98.2 100.8 102.8 103.3 101.7 101.4 102.6 103.5 104.3 105.4 105.9 106.7 108 109.7 111.2 111.6
174.4 175.8 178.4 178.3 177.8 176.9 175.1 173.9 172.4 171.4 170.9 170.4 169.5 168.6 167.2 165.7 164.3 163 161.8 160.3 158.8 157.2 155.8 154.3 152.3 148.9 146 144.3 143.1 141.1 139 137.1 136.2 136 134.8 133.4 131.1 127.7 124.2 120.8 118 116 113.8 112.1 110.8 109.7 108.9 107.8 106.2 104.8 103.7 103.7 102.9 102 101.2 100.8 100.5 100 98.9 97.9 96.8 96.7 96.3 100.3 104.8 100.2 98.6 98 100.1 99.7 100.2 101.1 101.9 102.8 103.6 104.5 105.2 106.2 107.7 109.4 109.6
170.4 175.9 179.6 178.5 177.5 176.1 174.4 172.7 170.3 168.8 168.2 167.9 168.3 167.6 166.3 164.9 163.6 162.3 161 159.7 158 156.5 155.1 153.7 152.4 150.8 148.5 146.2 145.6 144.4 143.4 142.7 141.7 139.2 137.3 133.9 132 128.2 124.6 122.1 119.4 116.7 114 111.4 109.8 108.8 107.9 106.8 105.9 105.7 104.9 104.6 103.9 103 101.9 101.2 100.6 100.1 99.3 98.3 97.4 96.8 96.2 98.5 106.5 107.3 103.5 100.8 98.9 98.6 99.2 99.6 100.3 101.2 102.2 103 103.7 104.6 105.7 107.3 107.7
172.1 176.6 179.2 178.5 177.3 175.8 174.1 172.6 170.7 168.3 165.3 165.1 165.8 166.2 165.6 164.2 162.9 161.5 160.2 158.7 157.3 155.8 154.5 153.1 152 151.5 150.5 149.3 149 148.1 146.5 144.6 141.8 140 136.8 133.9 130.9 127.2 123.6 120.7 118.2 115.5 113.5 110.9 109.2 108 107.2 107 107.2 107.2 106.3 105.7 104 102.3 100.9 100.8 100.6 100.1 99.7 98.9 97.7 96.5 96.1 96.5 102.9 107.8 106.4 104.8 102.2 100.1 98.3 98.9 99.7 100.8 101.6 102 102.5 103.4 104 104.8 105.5
173.8 176.5 177.6 178.4 177 175.5 173.9 172.4 171.1 168.9 166.4 161.1 159.9 164.7 165 163.6 162.2 160.8 159.3 157.9 156.5 154.7 153.9 152.6 151.8 151.5 151.1 150.7 149.9 148.8 146.6 144.9 142.2 139.9 136.9 133.5 129.8 126.2 122.6 119.4 116.8 114 111.9 110 108.8 108 107.2 107.9 108.5 108.1 106.9 105.2 103.3 101.4 100 100.1 100.3 100.1 99.7 98.9 98.3 97.1 96.2 95 99.7 106 107.2 105.1 102.6 100.7 99.1 98.9 99.8 100.7 101.1 101.6 102 102.6 103 103.3 103.8
174.6 175.9 176.6 177.3 176.4 175.1 173.6 172.2 170.3 168.7 166.4 163 155.3 162.7 164.4 163 161.6 160.2 158.7 157.2 155.6 153.7 152.2 151.4 151.8 151.6 151.2 150.7 149.9 148.9 147.4 145.3 142.8 139.9 136.7 133.1 129.2 125.5 121.8 118.2 115.2 112.4 110.5 109.1 108.1 107.7 107.5 108.5 108.8 107.5 105.8 104.4 102.6 100.7 99.4 99.4 99.5 99.4 98.8 98.2 98.1 96.9 96.2 95.5 97 103.5 108.2 105.7 103 101.2 99.7 98.2 99.3 99.5 100.1 100.7 101.1 101.6 102 102.4 102.3
174.6 174.7 175.4 176.1 174.6 173.4 172 170.7 169.3 167.7 165.6 158.8 152.3 161.4 164.2 162.5 161.1 159.6 158.1 156.4 154.7 152.8 150.7 150.6 151.6 151.8 151.3 150.7 150.1 148.8 146.8 144.8 142.7 139.7 136.4 132.7 128.6 125.2 121.5 117.9 115.1 112.5 109.8 108.2 107.2 106.8 107.9 108.8 108.7 107 105.3 103.8 102.1 100.5 98.6 98.4 98.8 98.5 97.9 97.7 97.7 96.9 96.2 95.4 96.1 101.3 107.5 106.9 103.3 101.1 99.6 98.8 99 98.9 99.3 99.7 100.1 100.5 101 101.4 102.3
174.9 172.6 172.9 174.1 172.8 171.3 169.8 168.5 167.4 166.1 162.4 152.8 151.1 162.6 164.2 162.5 160.7 158.8 157 155.2 153.5 151.7 149.3 150.1 151.3 151.9 151.4 150.8 150.1 148.3 146.3 144.3 142.1 139.3 136.1 132.4 128.4 124.9 121.6 118.5 115.8 112.4 109.4 107.4 106.4 107.2 108.3 108.6 108.7 107 105.4 103.8 102.2 100.5 98.6 97.6 97.6 97.8 97 96.9 97 96.7 96 95.2 93.9 98 103.9 107.6 103.7 101.3 99.4 98.7 98.7 98.8 99.1 99.7 99.8 100.3 100.5 100.7 101.3
171.7 170.2 170.1 171.4 170.7 169.2 167.7 165.9 164.6 162.3 155.3 147 152.5 164 164.2 161.9 159.6 157.5 155.7 153.8 151.6 149.4 147 149.7 150.9 151.7 151.7 151 149.7 147.8 145.8 143.7 141.6 139 135.7 132.2 128.6 125.3 122.7 119.4 115.7 111.3 108.6 106.7 105.9 107.2 108.7 109.3 109 107.1 105.5 103.9 102.3 100.6 98.9 97.1 96.5 96.5 95.9 96 95.9 95.9 95.4 95 94.4 96.4 101.7 108.6 105.2 101.3 99.7 99.2 98.9 98.9 98.7 99.2 99.6 100.1 100.5 100.7 101.4
167.3 166.8 166.4 167.1 167.7 167 164.7 163.4 159.8 156.5 148.9 143.8 154.1 164 162.7 160.7 158.5 156.3 154.4 151.8 149.4 147.1 146 148.6 150 151.2 150.9 150.4 149.3 147.4 145.5 143.2 141.1 138.4 135.5 132.3 128.7 125.9 123.4 120.1 114.9 110.5 107.7 106.1 105.4 106.5 107.3 110 109.9 107.6 105.3 103.8 102.3 100.8 99.1 97.3 96.1 95.5 95.2 95 94.9 95.2 95.1 94.8 94.6 95.7 99.7 107.1 107.7 103.7 100.7 99.6 99.1 99.1 99 99.1 99.4 99.9 100.5 100.9 101.3
163.8 163.7 163.7 165.1 165 164.7 161.8 160.3 157.3 151.4 142.1 143 155 161.7 160.2 158.4 156.4 154.4 152.4 149.8 147.4 144.4 143.7 146.3 148.6 150.2 150.6 150.4 148.8 146.9 145 142.9 140.6 138.1 135.5 132.2 129 126.3 123.3 120 115.4 110.1 107.6 105.6 105.1 104.9 106.4 110.2 111.7 108.1 105.1 103.5 102 100.5 99.4 97.7 96.4 95.6 94.9 94.6 94.6 94.6 94.8 94.6 94.4 96.2 97.9 103.5 110.2 106.7 102.8 100 99.4 99.3 99.1 99.3 99.4 100 100.4 100.6 101
160.8 160.5 160.8 163.9 164.2 162.6 158.1 156.2 154 148.5 137.8 142 153.3 155.9 155.3 154.3 152.9 151.7 149.4 146.5 143.5 140.3 140.1 144.3 147.4 149.2 150 149.9 148.5 146.6 144.7 142.5 140.3 137.9 135.4 132.2 129.5 126.3 123 119.9 115.1 110.3 107.2 105.4 104.2 104 105.9 110.7 112.7 109.4 105.8 103.2 101.6 100.4 99.6 98.1 96.6 95.8 95.1 94.5 94.8 94.9 94.7 94.4 94.1 95.3 96.9 100.3 107.1 110.8 106.6 101.6 99.8 99.4 99.3 99.4 99.7 100.1 100.3 100.3 100.8
156.2 157 157.4 160.4 163 161.3 155.6 148.5 146.5 142.6 134.6 136.4 144.3 147.9 147.5 146.8 145.8 145.6 144.2 141 137.3 139.1 143.3 144.8 146.2 147.8 149.7 149.4 148.3 146.4 144.4 142.1 139.9 137.6 135.4 132.6 130.1 127.2 124 121.1 116.5 111.1 106.9 105.1 103.8 103.3 105.8 110.6 113.2 110.7 106.8 103.2 101.5 100.5 99.5 98.6 97 96 95.3 94.6 94.7 94.8 94.5 94.2 94 94 95.5 97.9 103.5 111.5 110 104.2 100.6 99.6 99.5 99.6 99.8 100.2 100.4 100.4 100.5
145.5 150.8 152.7 156.4 159.7 160.3 158.4 154 146.3 138.8 133.7 131.7 133 137.2 138 137.1 137.1 137.5 135.1 132.5 137.2 146.7 149.1 148.2 146.9 147.8 148.9 148.9 148 146.1 144 141.8 139.5 137.3 135.1 132.9 130.7 128.1 125.3 122.9 118.4 111.4 106.7 104.8 103.4 102.7 105.3 110.9 115.8 112.3 106.9 103.3 101.1 100 99.5 99.1 97.6 96.4 95.4 94.9 94.5 94.2 94.2 94 93.8 93.2 94.5 96 99.5 105.2 110.8 107.2 102.9 100.1 99.6 99.6 99.8 100.1 100.2 100.3 100.4
138.7 143.7 144.6 148.4 152.7 155.7 156.7 155.3 152.3 146.6 139.1 131.2 126.9 127.3 127.9 127.1 124.1 128.9 131 135.9 146.4 151.2 150.7 148.9 146.9 147 148.1 148.3 147.2 145.8 143.6 141.4 139.2 137 134.8 132.8 130.3 128.1 125 121.6 116.9 109.8 106.2 104.4 103 102.1 104.5 111.4 117.6 113.6 107.6 102.9 100.7 99.8 99.3 99.4 98.1 96.9 95.7 95 94.5 93.7 93.7 93.6 92.6 93.6 93.8 94.9 96.7 100.1 105.6 109.6 104.6 100.9 99.9 99.9 99.8 99.9 100.3 100.4 100.4
131.9 134.4 135.4 138.2 143.2 147.6 151.8 153.5 152.1 149.1 145.1 136.8 128.5 122.3 121.6 123.8 129 133 137.8 146.9 153.1 152.3 151.3 149.2 146.7 146.1 147.3 147.3 146 144.7 143.3 141 138.8 136.6 134.5 132 128.2 123.7 119.9 117.4 112.7 108.6 105.8 103.9 102.5 101.7 103.2 109.2 116.4 114.1 107.3 102.3 100.2 99.7 99.3 99.4 98.6 97.4 96.4 95.3 94.3 93.5 93.8 93.7 93.7 93.6 93.5 94.3 95.2 97.2 102 107.3 105.5 101.5 100.1 99.9 99.9 100 100.2 100.4 100.5
133.8 130.5 129.5 127.6 130.9 135.6 142.9 149 150.1 148.4 146 141.4 134.4 123.4 120.5 128.3 137.3 145.3 152.9 155.1 154.5 153.3 151.7 149.4 146.7 144.9 146.1 146.3 145 143.7 142.3 140.7 138.3 135.8 132.6 129.2 125.3 124 124.3 121.8 115.4 108.7 105.5 103.7 102 101.1 102 106.4 114.5 112.7 105.5 101.1 98.9 100.2 99.9 99.6 99.2 98 97 95.8 94.6 93.6 93.6 93.5 93.5 93.4 93.3 93.5 94.4 95.6 98.3 104.2 107.4 103 100.2 99.7 99.8 100 100.3 100.6 100.7
144.2 137.5 132.9 129.7 126.5 123 129.3 138 147 147.5 145.4 142.2 136.6 123.4 120.8 131.4 146.8 155.3 156.3 155.9 155 153.8 151.8 149.6 146.9 144 144.8 145.2 143.9 142.6 141.3 139.1 136.2 132.5 129.7 128.2 129.3 130 127.7 122.4 116.1 109.3 105.4 103.3 101.5 100.3 100.9 105.4 113.9 109.6 103.6 99.4 98.3 100.8 101.2 100.5 99.6 98.5 97.4 96.2 95 93.7 93.5 93.4 93.3 93.2 93.1 93 93.8 94.8 96.4 100.8 105.6 104.2 100.6 100.2 99.9 100.1 100.3 100.7 100.9
157.2 151.3 144.5 139 134.6 129.8 124.3 125.1 136.9 145.5 144.1 141.7 136.9 121 121.7 134.3 149.7 154.9 156.1 156.1 155 154 152.1 149.9 147.1 143.6 143 143.7 142.7 141.4 139.1 136 133.3 132.2 133.4 134 133 130.9 127.4 121.9 114.9 109.1 105.2 102.9 101 99.6 100.2 104.7 112.7 106.5 101 98.3 98.6 101.6 101.7 101.2 100.2 99 97.8 96.6 95.3 94 93.3 93.2 93.1 92.7 92.9 93.1 93.4 94.1 95.4 98.1 102.3 105.8 102.6 101.5 100.6 100.2 100.4 100.8 101.1
161 159.1 156.6 154.3 149.9 143.7 133 122.7 124.2 138.9 142.1 140.2 136.3 121 122.8 136.8 145.1 151.7 155 155.8 155 154 152.4 150.2 147.4 143.9 141.2 140.7 140.4 138.2 136.9 136.6 137.2 137.7 137.4 136.1 134 130.9 126.9 121.3 115.2 109 105.3 102.3 100.5 99 99.8 103.2 108.5 103 98.5 97.5 99.1 103 103.1 101.9 101 99.6 98.2 97 95.8 94.5 93.3 92.5 92.6 92.7 92.8 93.1 93.4 93.8 95 96.3 101.5 107.2 104.9 102 101.4 100.8 100.5 101 102.3
159.1 157.7 156.3 154.9 152.3 149 142.8 129.2 117.3 126.8 138.4 138.1 135.9 123.3 116.1 122.5 132.6 144.6 152.6 154.7 155 154.1 152.6 150.6 148.2 145.5 142.3 140 138.9 140.5 141.5 141.2 140.7 139.4 138.1 136.9 134.5 131 126.7 120.9 115 109.2 105.5 102.5 99.9 98.4 98.7 101.9 104.7 100.6 97.5 97.3 100.1 104.4 103.9 102.7 101.6 100.2 98.8 97.5 96.4 94.5 93 92.5 92.6 92.8 92.7 93 93.3 93.5 94.1 95.7 99.1 104.2 107.2 104.1 102.9 102 101.8 102.4 104.2
156.4 155.4 154.6 152.7 150.6 148.5 144.6 138.7 124.5 118.4 132.7 135 131.5 125.9 114 114.5 122.1 136.7 149.6 153.5 154.6 154 152.9 151 149.1 146.4 144.3 142.1 140.8 142.5 143 142.5 141.2 140 138.9 137 134.6 131 126.2 120.4 114.5 109.2 105.3 102.2 99.6 97.8 98.1 101.1 101.9 98.2 96.8 97.5 101.1 105.9 104.7 103.5 102.2 100.7 99.1 98 97 94.8 92.4 92.3 92.9 93 92.6 92.9 93.1 93.5 93.9 94.8 97.5 102 107.8 106.3 104.7 104.9 103.8 104.7 105
153.8 153 152 150.1 148.1 146.2 143.3 139.6 130.8 116.5 124.2 129.9 125.3 119.3 112.1 111.3 118.8 133.7 145.2 150.9 153.5 153.8 153.1 151.4 149.5 147.7 145.7 144 142.7 143 143.2 143 141.8 140.6 139.4 137.3 134.5 131.2 126.7 121 115.4 109.3 105 101.8 99.4 97.4 97.6 100.4 99.3 97.1 95.9 97.6 102 106.6 105.5 104.3 102.7 101.1 99.7 98.5 97 94.8 92 92.3 93.6 93.1 92.7 92.7 93.2 93.6 94 94.8 97.2 100.3 105.7 107.2 105.1 107.6 106.5 105.2 104
150.5 150.2 149.2 147.5 145.5 143.6 141.5 138.5 133.7 120.8 114.9 122.1 118.6 113.1 109.9 110.8 120.4 132 138.1 147.1 152.4 153.6 153 151.9 150.2 148.6 146.7 145.1 143.9 143.2 143 142.9 142.4 141.2 139.9 137.7 135.2 131.8 128.1 123.3 117.7 110.7 105.4 101.9 99.6 97.2 97.2 99.6 97.7 95.7 95.7 97.7 102.2 107 106.2 104.7 103.1 101.4 99.9 98.4 96.8 94.7 92.2 94 94.5 93.9 93.3 92.8 93.1 93.4 93.7 94.6 96.9 99.8 105.5 108.5 111.6 110.6 109 106.1 104
145.5 146.8 145.8 144.3 142.5 141.2 139.6 136.8 133.7 127.8 115.4 111.2 110.7 108.8 107.6 112 122.6 127.7 129.2 138.6 149.7 152.7 153.1 152.3 151 149.4 147.7 146.2 145.1 144.2 143.5 143.2 142.8 141.5 140.2 137.9 135.5 132.6 129.1 124.7 119.6 112 106.7 102.9 100.7 98.4 95.1 97.9 95.9 95 95.7 97.8 102.1 107.7 106.8 105.2 103.7 102.1 100.4 98.9 97.3 95.6 92.4 93.6 94.8 94.6 93.9 93.2 93.3 93.6 93.9 94.8 96.4 99.6 107 115.3 115.1 112.6 109.3 106 104.4
137.9 140.4 140 139.9 139.8 138.9 136.6 134 130.9 126.9 120.6 112.8 108.4 106.6 107.9 115.6 124.1 123.4 123.4 130.6 144 151.8 153.2 152.6 151.2 150 148.8 147.3 146.3 145.4 144.5 143.8 142.9 141.8 140.4 138 135.6 133.1 130.1 126.2 122.1 115.6 108.9 104.5 102.6 100.2 95.6 93.7 93.8 94 95.4 97.4 102.2 108.7 107.5 106 104.4 102.7 101 99.4 97.7 95.9 92.5 92.2 94.3 95.7 95 94.2 93.5 93.8 94.2 94.6 95.6 98.7 103.5 111.8 114.7 112.9 109.4 106.1 104.7
131.7 130.3 132.3 133.8 135.2 136.1 133.4 130.8 127.5 123.5 118.8 112.8 108 105.7 109.8 119.4 123.6 119 119 124.1 136.1 149.4 152.9 152.8 151.6 150.5 149.4 148.3 147.2 146.2 145.2 144.2 143.1 141.9 140.4 138.1 135.7 133.2 130.7 127.3 123.7 117.6 110.2 107.4 106.9 104.2 99.4 94.7 92.3 93.5 93.9 97.1 103.2 109.3 108.3 106.6 104.9 103.2 101.4 99.1 97 92.9 91.4 95.2 96.7 96.8 96.2 95.2 94.3 94 94.5 95 99.9 97.4 101 107.4 115.8 112.9 108.8 106.3 104.9
138.5 132.5 127.5 125.2 126.4 130.3 130 127.3 123.7 119.5 115.2 110.7 106.9 104.7 111.8 120.5 122.1 116.5 115.5 119.9 127.1 144.2 152.2 153.2 152.2 151.1 150 148.9 147.8 146.7 145.7 144 142.6 141.3 139.7 138 135.7 132.7 129.4 125.4 120.7 115.4 113.9 112.9 110.1 106.7 100.8 96.3 94.2 93.4 92.8 97 103.5 109.8 108.7 106.9 105.1 103.3 101.5 97.7 92.3 91 94.2 98.1 97.8 97.7 97.1 96 94.7 94.6 94.8 100.6 96.7 98.8 103.2 109.8 113.6 111.7 108.6 106.6 105.2
141.8 139.3 135.6 129.7 123.3 120.7 123.2 123.4 120.4 115.8 111.9 108.3 104.8 106 114.4 120.6 121.1 115 112.7 115.6 122.1 136.4 150.3 153.1 152.8 151.7 150.6 149.5 148.4 147.3 145.8 143.9 142.3 140.9 138.4 136.2 133.5 129.7 126 122.9 122 122.1 119.5 116.3 112.8 108.3 102.5 97.6 95.3 93.9 92.1 96.3 102.9 109.9 109.3 107.4 105.4 103.5 100.2 95.1 90.2 97.3 100.3 99.6 99 98.7 98.3 97.2 96.3 95.7 96.5 96.6 97.8 100.5 106.5 116.8 117.2 113.1 109.4 106.8 105.5
