public/OST50/ST76.asc
ncols 200
nrows 200
xllcorner 370000
yllcorner 160000
cellsize 50
[rows 111 to 147 of 200, columns 84 to 167 of 200]
25 25 24.2 21.8 19.8 24.6 23.3 19.7 19.1 18.3 18.8 16 16 16.9 19.1 19.3 19.5 19.5 19.6 20 20.5 21.2 21.2 16 19.2 19.6 20 19.8 19.5 21.5 26.6 33.4 34.2 34 41.6 51.5 61.1 65.8 70.6 77.9 83 88.4 94.5 101.8 109.8 120.3 130.4 138.9 145.6 150.7 156.5 160.6 168.5 170.5 173.8 176.1 177.2 177.1 177.4 178.8 178.2 180.8 181.6 182.3 182.3 181.6 181.1 180.3 178.7 177.4 177.5 177.1 175.5 174.2 173 172 171.1 170.1 167.2 156.9 144.4 132.5 121.1 110.7
26.4 25.2 23.3 23 21.7 21.6 24 25.4 25.4 20.6 20.4 19.5 18.6 16 16 19.8 19.6 19.3 19.1 19.6 20.2 20.9 27 26.2 19.6 20 20.3 20.8 20.3 25.6 31.1 39.1 40.1 35.3 37.9 45 51.2 56.5 68.9 78.2 82 86.7 91.9 97.6 104.7 112.5 120.6 128.5 135.4 141 147.2 153.1 159.5 165.9 170.6 173.8 175.4 175.7 176.1 177.1 178.6 179.1 180.4 181 180.9 180.6 179.8 179.1 178.2 177.6 177.5 176 174.7 173.4 171.9 171 170.2 169.4 167.9 163.2 151.5 139.9 128.8 118.5
29.9 28.8 26.9 26.8 28.8 29.6 29.1 27.3 25.6 23.3 22.3 21.2 19.9 19.4 19.6 19.7 19.6 16 16 27 27 21.2 23.8 16 18.6 19.6 21 22.2 23.7 29.2 38.4 46.9 48.4 42.7 39.2 40.5 44.3 51.6 64.9 73.7 78.4 83.4 88.1 94.5 97.9 102.5 108 114.5 122.7 131 137.9 145.1 152.3 159.9 166.7 170.6 173.4 174.4 175.1 175.4 177.1 178.3 179.4 180.1 180.5 180.5 179.7 178.9 178.1 177.8 177.7 177.5 173.8 172.5 171.1 170.1 169.4 168.6 168.1 166.5 157.7 147 136.5 125.5
34.4 36.6 35.6 31.1 36.3 39.9 39.5 37.6 37 36.5 35.5 35.6 34.6 27.9 24.7 22.9 23.5 20.4 20.4 20.2 16 16 16 22 22 22.3 17.8 24.8 24 36.7 45.4 55.3 56.9 52.7 49.4 48.9 47.1 46.8 53.1 60.1 68.6 78.2 79.2 79.9 80.4 82.9 86.4 93.2 107.1 119.2 127.9 136.7 145.5 153.3 160.8 168.1 171.7 173.2 174.2 175.1 176.3 177.4 178.7 179.6 179.9 180.5 179.4 178.4 177.9 177.9 177.9 177.7 173.1 171.7 170.3 169.2 168.6 168.1 168 167.7 163.9 154 142.9 132
41.2 40.1 38 36.7 43.1 47.5 49.3 49.1 48.1 47.2 46.3 45.4 44.6 41.6 36.2 32.6 31.7 31.1 30.1 27.9 27 25.6 25.7 23.8 23.1 22.3 23.1 25.9 32.9 43.4 53.3 57.5 60.4 62.5 60.6 58.2 56.2 52 51 54.5 59.9 62.5 62.3 65.8 69.7 74.4 80.3 86.4 96.9 108.7 119 129.3 140.6 149.1 157.6 167.3 172.3 173.4 174.3 175.4 176.3 177.1 178 178.4 178.7 179.1 178.6 177.9 177.7 177.4 176 176.3 172.8 171.1 169.8 168.6 167.9 167.6 167.8 167.7 166.1 160.2 149.3 138.4
48.1 48.1 44.7 41.7 49.4 54 56.6 58.5 58.2 56.4 54.9 52.7 47.8 47.1 47 44.8 41 38.5 34.1 34.9 38.6 34.1 33.2 31.5 28.7 28.2 23.4 27.3 35 45.2 53.5 58.7 61.9 65.3 67.9 69.8 66.9 62.6 57.6 56.4 59.1 60.2 63.1 67.7 74.3 82.9 91 97.5 105.9 114.1 123.6 134.3 143.3 152.6 163 170.6 173.4 174.3 175.3 176.7 177 177.6 178.3 178.8 178.6 178.5 178.2 177.6 177.1 176.7 174.5 173.5 172.8 171.9 169.1 168 167.1 166.6 166.9 167.2 166.2 163.6 154.9 145.9
52.5 53.1 50 47.6 53 58.2 62 65.1 67.3 65.2 64.7 68 70.2 64.1 61.5 57.4 54.7 51.9 50.7 48.8 50.6 48.4 43 41.6 40.6 36.3 28.1 25.4 31.8 42.2 50.2 58.1 62.8 66.5 71.1 74.9 76.3 74.6 70.5 68.2 68.1 69.2 72.3 77 85 95.7 103.8 109.5 116.4 124.6 133.7 142.4 151 159.2 168.3 173 174.9 175.6 176.3 177.1 177.6 178.2 178.7 178.8 178.6 178.5 177.9 177.2 176.6 176 173.9 172.8 171.8 171.2 168.6 167.3 166.3 165.3 165.8 165.9 165 163.6 157.2 149.9
55.2 56.2 55.1 53.8 57.7 62.8 66.6 69.6 71.5 78.2 83 85.7 88.2 90.5 88.4 84.7 80.7 73.6 68.7 61.5 59.6 58.8 56.3 53.2 49.1 42.2 34 26.2 29.2 41 49 56.5 62.3 66.9 71.7 77.8 81.3 83.7 84.9 86.1 87.5 88.1 90.5 95.1 100.8 108 113.9 120 127.1 135.1 144.1 152.3 159.5 167.1 172 174.7 175.6 176.5 177.1 177.7 178.1 178.4 178.8 178.7 178.6 178.4 177.7 176.8 175.9 174.6 173.3 171.4 169.4 168.4 166.8 165.9 162.8 160 162.9 164 163.8 162.8 159.5 151.7
56.3 57.5 58.3 60.6 63.3 66.4 69.3 71.6 75.3 80.5 85.1 88.3 91.9 97.1 102.1 105.9 106.7 102.5 96 88 76.9 74.7 74.1 67.6 57.9 48.4 40.1 31.4 27.9 36.6 44.8 50.9 56.9 64.5 72.8 76.5 83 88 92.9 96 99.1 101.9 103.2 107.8 111.4 116.7 122.6 129.2 138 145.6 154 161.6 168.1 172 173.2 174.4 174.9 176.9 177.8 178.2 178.4 178.6 178.9 178.7 178.5 178.2 177.5 176.5 175.5 174.3 172.9 170.7 167.9 167.2 165.7 161.2 155 151.9 152.2 154 155.5 156.9 155 150.1
56.3 58.4 60.4 62.9 65.2 68.1 70.5 73.2 76.6 82 86.1 89.8 94.9 100.2 105.9 112.2 117.8 119.9 120.5 118.5 110.1 101.6 87.2 72.4 63.7 54.4 45.7 36.2 28.8 31.5 36.8 43.1 48.9 55 65.6 75.5 82 88.4 94.4 99.1 103.2 105.5 106.5 110.1 114.8 121 129.2 137.7 145.8 153.1 161.9 167 170.3 172.1 172.6 173.8 174.5 178.1 178.3 178.6 178.7 178.9 179 179.1 178.4 178 177.2 176.2 175.1 174 172.4 170.4 167.9 166.9 163.7 155.6 147.9 143.2 141.6 142.8 144.8 146.1 146.2 142.9
54.8 57 59.4 62.1 65.5 68.2 70.7 73 77 82.5 86.3 90.7 96.4 102.2 108.5 115.1 121.1 123.8 126.8 122.5 114.3 105.2 93.5 76.7 67.4 58.8 49.9 39.8 31.7 29.1 31 35.7 41.3 47.7 53.9 64.3 81.3 87.7 95.9 101.1 104.9 106.8 108.8 111.2 115.8 123.3 131.9 142.9 152.9 159.8 166 171 172.1 173 173.6 174.1 176.7 176.6 178.2 178.6 178.8 178.9 179 179.2 178.4 177.7 177.1 176.1 175 173.7 172.3 169.8 167.8 167.2 159.9 149.6 141.3 134.7 132.3 130.3 133.3 135.9 135.9 134.2
50.2 54.5 56.8 59.9 63 66 68.6 72 75.7 81.1 86.2 90.8 96.4 102.1 108 114.2 120.6 123.7 126.4 122.9 115.7 107.5 95.9 82.2 70.9 63.1 54.4 47.5 39.5 31.6 30.2 33.2 36.1 42.2 49.6 55.9 67.7 84.4 91.7 99.2 103.6 106.4 108.1 111.6 116.7 125.3 136.3 147.1 156.1 163.8 169.1 170.8 172.4 173.1 174.2 174.8 174.5 177.6 178.3 178.7 178.7 178.8 178.9 178.8 178.1 177.4 176.8 176 174.7 173.4 171.4 168.9 167.8 166.8 158.2 148 139.7 129.4 124.1 120.6 122.2 125.1 127.3 126.6
47.7 51.6 54.2 57.7 60.3 63 66.1 71.2 74.7 79.9 85.1 90.2 95.8 102.4 108 113.3 117.5 121 122.7 120.9 116 108.1 96.4 85.9 75.3 68.1 61.6 54.5 44.4 33.6 33.1 36.8 38.3 39.1 45.8 52.2 58.4 71.2 82.3 93.2 99.6 103.8 106.3 109.5 116.9 127.4 139.9 150 157.3 166.3 170.5 171.7 173.2 175.1 174.4 175 173.9 177.7 178.3 178.4 178.6 178.7 178.6 178.1 177.7 177.2 176.6 175.6 174.3 173 171.4 168.9 167.9 165.5 157 147.3 137.8 126.7 119.3 111.3 111.1 112.6 112.1 112.1
50.1 51.4 53 55.6 58.7 61.8 65.4 72.2 74.4 79 84.4 90 95.7 102.4 107.8 110.2 113.9 116.3 117.8 117.7 112.3 106.2 95.6 86.2 76.9 70.3 64.5 54.8 43.4 34.3 36.7 41.9 42.9 40.3 42.7 47.4 53.4 61 71.5 84.2 92 99.3 104.2 108.6 114.7 128.7 140.9 150.9 158.6 167.5 171.7 174.1 175.7 175.3 174.5 173.5 177.1 177.5 178.2 178.2 178.3 178.2 178.2 177.8 177.4 176.9 176.2 175.2 173.9 172.6 171.4 169.8 168.5 165 156.6 147.7 138.3 126.7 114.1 103 96.6 96.1 93.8 93.6
52.9 54.3 54.3 58.2 60.7 63.4 66.6 72.7 75.6 80 85.3 90.5 95.7 101.4 107.5 108.6 110 111.9 112.6 111.4 109.9 99.7 92.8 84.7 78.3 72 64.8 54.1 42.5 35.4 39.3 47.4 49.5 47.5 45.1 45.8 48.4 55.5 61.8 69.6 85.2 97.4 101.9 106.9 115.5 128.4 141.5 151.9 160.2 169.5 171.9 173.5 173.9 174.4 174.9 175.1 176.1 176.8 177.6 177.8 177.7 177.6 177.6 177.4 177 176.7 175.7 174.8 173.5 172.3 170.9 169.4 167.3 164.4 156.6 147.6 138.5 127.4 115.8 100.5 89.3 83.6 79.5 73.6
55.8 56.8 57.3 59.7 62.7 66.6 69.8 73.6 77.4 81.9 86.4 91.6 96.4 101.6 106.6 107.5 108.4 109 108.2 104.8 98.1 91.9 86.8 81 75.7 70.2 62.3 50.6 38.8 37.7 43.2 53.9 61 58.4 54 51.9 48 53.3 64.7 76.6 85.2 94.3 101.1 108.1 119 132.4 143.2 152.8 160.6 169.1 171.8 172.8 173.3 173.4 173.7 174.1 175 175.8 176.7 177.2 177.1 177 177.1 177 176.7 176.3 175.2 174.6 173.4 172.1 170.8 169.5 166.5 162.2 155.1 147.6 138.9 128 115.9 103.1 92.8 85.4 79.2 73.6
58.3 56.6 59.6 60.7 64.4 68.5 72.9 76.1 79.1 83.9 88.3 92.6 97 101 103.3 105.2 104.8 103.9 101 95.4 88.6 83.7 79.3 69.3 66 60.5 52.4 43.8 38.9 43.8 48.9 58.4 67.2 68 64.2 59.6 52.1 53.7 67 78.5 86.5 93.3 99.7 106.2 118.2 131.4 143.5 153.1 164.2 169.8 170.9 171.3 171.8 171.9 172.4 173.2 173.9 174.9 175.8 176.6 176.6 176.6 176.6 176.6 176.2 175.9 175.1 174.4 173.1 171.6 170.1 168.8 166.5 163.3 155.6 148 138.6 129.7 117.4 106.7 102.5 95.3 89.1 79.7
60.5 64.6 64.3 59.9 66.1 71.1 75.6 78.9 82.3 86.1 90 93.8 97.2 100.1 101 100.2 97.3 92.6 85.5 76.3 67.8 63 59.6 54.8 52 49.4 44.2 40.2 44.2 50.9 57.5 67.5 73.6 75.1 72.9 68.4 55.6 55 64.6 76.7 83.7 89.8 96.1 105.2 116.2 129 142.8 153.2 163.5 169 170.3 170 170.4 170.7 171.4 172.2 173 174 174.9 176 176.4 176.3 176.2 176.1 175.8 175.5 174.9 174.3 172.7 171.4 169.9 168.4 166.5 163.3 156.6 148.6 139.1 128.3 118.7 115.9 113.4 105.7 99.6 88.7
62.6 67.2 67.7 67.8 69.5 74.6 78.2 81.5 84.7 88.2 91.4 94.1 96.8 96.7 95.4 88.8 80.3 72.2 66 60.3 57.2 54 50.9 50.8 47.9 43.5 43.7 47.3 53.5 60.4 69.7 76.5 78.2 80 79.3 76.2 62.1 56.7 62 73 81.5 89.1 97.1 105.6 116.2 126.8 139.1 148.8 156.1 164.1 168.3 168.3 169 169.6 170.2 171.2 172.3 173.5 174.7 175.8 176.2 176.1 175.9 175.7 175.5 175.3 175 174.2 172.7 171.1 169.7 168 165.9 163.3 156.8 148.4 140.8 132.5 128.9 129.2 120.8 112.1 103.9 93.3
65.2 69.7 71.5 71.5 75 78.2 81.1 84.3 87.1 89.5 92.6 93.8 90.2 82 73.7 68.8 63.8 61.4 58.8 57.2 56.2 52.9 52.6 56.3 57.2 50.4 58 60.8 67.3 74 77.2 79.7 82 84.3 84.5 82.7 72.7 58.3 60.6 67.8 77.9 88.3 95.3 100.8 108.8 118.3 128.3 139.1 148.5 158.4 166 166.6 167.4 168.6 170 171.2 172.2 173.4 174.6 175.6 176.2 176.1 175.8 175.6 175.5 175.4 175.2 174.2 172.6 171 169.4 167.4 165.3 163 157.6 150.4 145.3 142.7 139.1 134.6 125.6 115.4 104.4 92.7
70 73.1 74.9 75.8 78.7 81.4 83.9 87.5 89.6 92.1 92.2 80.3 72.7 67.9 66.1 64.9 63.9 65.4 65.3 67.9 67.7 63 57.7 60.8 68.4 58.9 69.8 73.6 75.5 80.3 82.4 84.9 87.8 89.9 90.7 89.8 78.9 58.3 60.8 66.3 71.3 77 83.3 93 103.3 111.7 120.3 131.6 143.6 154 163.5 166 167.2 168.8 170.2 171.4 172.4 173.4 174.4 175.4 176.2 175.9 175.7 175.5 175.5 175.4 175.3 174.1 172.5 170.9 169.1 166.9 164.8 162.4 158.4 154.4 151.3 148 141 134.2 125.5 115.3 103.5 92.2
73.9 76.1 78.3 79.9 81.8 85.2 88.1 90.7 91.9 91.7 80.8 71.7 71 71 71.9 73.5 78.1 81.4 82.2 83 81.6 76 64.7 67.3 75.2 70 72.8 79.3 81.5 85.6 89.8 92.4 95.1 97.4 97.8 95.4 80.1 60.3 66.2 75.4 82.9 89.1 95.3 103.8 108.8 115.6 124.1 136 145.3 153.6 162.5 165.9 167.4 169 170.4 171.6 172.6 173.6 174.4 175.3 175.7 175.8 175.5 175.5 175.5 175.4 174.7 173.5 172.1 170.5 168.6 166.5 164.3 161.8 158.7 156.2 153.4 147.7 140.1 132 122.8 112.5 101.8 91.2
78 80.2 82.3 84.3 86.8 89.5 92.6 95 96.5 90.1 76.3 75.2 83.2 89.5 89.8 91.1 92.1 91.7 89.5 89.3 88.2 84.9 75.4 78.9 82.7 80.7 79.2 85 88.9 92.3 97.4 101.8 105.5 108.5 105.9 99.8 82.7 63 71 85.5 95.7 102.6 109.8 117.6 123.4 129.6 136 142.9 151.1 157.9 164.5 166.1 167.6 169.1 170.6 171.8 172.8 173.8 174.4 174.8 175.2 175.6 175.4 175.4 175.4 175 174.2 172.9 171.6 169.9 168.1 166 163.7 161.4 158.7 156.1 151.9 146.2 138.4 130.3 120.4 109.5 97.1 86.5
83.1 85 87.3 90.1 91.2 93.4 97.8 99.1 97.2 79.8 76.2 83.2 96.1 102.7 103.4 102.2 100.5 99.2 97.2 97 95.4 90.8 81 82.9 89.1 88.7 88.1 92.4 97.3 102.1 109.8 115.5 118.9 119.9 117 106.7 88.6 68.7 73.7 87.2 99.2 109.1 118.1 128.4 135 140.5 144.5 151.8 158.6 162.7 165.3 166.4 167.9 169.4 170.8 171.5 172.6 173.4 173.9 174.3 174.7 175 175.2 175 174.8 174.3 173.5 172.5 171 169.2 167.2 165.1 162.7 160.8 158.4 155.2 150.8 143.8 136.3 127.7 117.7 105.6 91.7 80.2
88.7 92.3 94.3 96.1 96.6 98.9 100.9 101.6 94.8 79 82 93.5 104 108.8 111.1 111 109.5 109.7 109 108.2 102.7 98.3 87.4 82.7 93.2 93.8 93.9 100.4 108.8 115.6 123.2 128.2 130.1 130 125.6 114.5 98.3 79.7 75.2 91.2 105.9 116.4 126.7 134.9 141.2 147.4 154.2 159.2 161.2 163.1 165.1 166.4 167.9 169.2 170.2 171 171.8 172.4 173.1 173.6 173.9 174.3 174.4 174.5 174.3 173.6 172.7 171.7 170.2 168.2 166.2 164.1 162.1 160.3 157.3 153.9 147.7 141.1 133.7 124.8 113 100.1 86.7 76.7
96.8 99.3 101.1 102.5 102.6 102.6 103.5 104 95.2 82.1 87.4 99.2 108 113.2 118.1 120 122.1 122.4 121.4 119.2 113.3 107.6 98.3 88.6 95.3 100.4 105.4 111.5 120.6 128.1 134.6 137.5 138.7 137.3 131 120.7 105.6 87.6 80.1 93.1 107.1 121.1 130.9 139.2 145.4 152.9 157.6 159.8 161.5 163.3 164.9 166 167.1 168.2 169.3 170.3 170.9 171.6 172.2 172.9 173.2 173.5 173.7 173.8 173.8 172.8 171.9 170.7 169.3 167.4 165.1 163.4 161.6 159.7 156.5 152 146.3 139.4 130.9 119.9 106.1 95.2 84.3 75.6
103.9 106.6 107.8 110.4 110.4 108.9 108.8 107.5 98.8 84.2 88.7 102.7 111.9 118.4 125.4 129.7 131.9 131.3 130.3 127.8 124 115.8 106.9 98.5 101.1 108.7 116.7 124.7 132.9 137.7 144.5 147.3 148.1 143.1 134.3 125.2 112.4 96.3 90.3 96.6 109.5 123.3 133.8 141.1 149.2 156 158.5 160.3 161.9 163 164.1 165.3 166.4 167.5 168.5 169.4 170.1 170.7 171.4 172 172.5 172.7 172.9 173 172.8 172 170.9 169.5 168.2 166.8 164.5 163 161 159.1 155.9 150.8 145.2 137 127.4 115.6 102.6 92.6 82.9 74.8
114 116.8 119.3 121.1 118.3 115.9 114.8 110.8 102.3 86 90.5 104.7 115.4 124.3 131.3 137 139.8 138.9 137.6 134.5 130.7 124.2 114.1 105.8 108.7 118.3 128.3 136.2 143.1 148.4 155.8 155.2 153.3 148.7 137.5 129.4 118.2 105 99.5 100.9 112.4 125.5 135.3 142 151.6 156.7 158.8 160.4 161.6 162.5 163.3 164.5 165.6 166.7 167.6 168.4 169.2 169.9 170.5 171.2 171.8 172 172.1 172.3 171.8 171 169.6 168.3 166.9 165.5 163.8 161.8 159.8 158 154.6 149.7 143.9 134.2 123.4 112.1 101.2 91.2 82 75.3
127.4 130.1 132.1 132.2 128.9 123.5 118.7 112.1 101 91.8 94.1 108.5 119.5 129.7 135.5 141.7 145.2 146.1 144.8 141.1 137 130.9 122.2 114.2 120 128.8 138.5 147.9 154.6 156.8 156.4 155.4 154.6 150.6 139.6 132.8 124.1 112.9 108.6 109 116.4 127 136.4 144.2 153.7 156.8 158.7 159.9 161.2 162.1 162.7 163.7 164.8 165.9 166.7 167.5 168.2 169 169.7 170.3 171 171.3 171.5 171.6 170.8 169.9 168.5 166.9 165.4 163.9 162.7 161.3 159.2 157.2 153.2 148.3 141.6 131.7 121 110.1 100.2 90.9 81.8 75.4
138.4 140.2 139.5 139.7 136.8 130.5 120.6 110.8 98.5 92.8 101 112.5 125.1 132.7 139.5 145.7 148 149.9 150 148.2 142.9 136.7 128.3 128.2 132.2 137.7 148.3 156.6 157.4 157.2 156.6 155.8 155.4 152 143 136.1 128.1 119.1 119 119.1 123.7 131.9 137.4 147.1 154.3 156.9 158.1 159.4 160.8 161.6 162.1 162.9 164.1 164.9 165.7 166.5 167.3 168.1 168.8 169.5 170.1 170.5 170.7 170.6 169.7 168.8 167.3 165.5 164.1 163 161.3 159.9 158.3 155.3 151.3 146.1 138.8 129 118.3 107.8 98.9 90.1 81.7 74.5
148.9 147.6 148.6 144.3 142.2 132.2 119.7 106.9 97.1 93.7 105.2 118.2 128.6 136.2 142.8 147.7 151.7 153.8 153.8 152.8 149.2 142.6 138.9 139.1 143.2 149.2 156.8 157.5 157.5 157.8 156.8 156.3 155.9 153.5 147.1 139.4 136.1 131.9 128.4 129.3 134 136.3 144.1 150.4 154.5 156.2 157.5 158.8 160.2 161.2 161.6 162.4 163.2 164 164.8 165.6 166.3 167.2 167.9 168.6 169.2 169.4 169.7 169.4 168.4 166.8 165.1 163.3 162.2 160.9 159.5 157.1 154.9 153.2 149 143.4 135.9 125.6 115.4 105.5 96.5 88.3 80 72.7
164 162.8 159.4 149 140.8 129.7 119 107.1 101.4 103.4 110.8 122.7 131.7 138.8 145.7 149.6 153.3 155.2 156.5 155.9 154.2 150.1 147.1 148.5 153.4 156.7 157.1 158.1 157.8 157.5 157 156.6 155.6 154.1 152.4 147.6 142.2 138.9 137.8 136.6 141.4 145.1 149.1 153.6 152.1 155.6 156.7 158.2 159.2 160.2 161.3 162.1 162.8 163.5 164.2 164.3 165.4 166.5 167.4 168 168.6 168.6 168.2 168.1 165.8 164.4 163 161.8 160.7 159.2 157.7 156.1 153.7 151.2 146.5 140.2 132.3 122.8 112.7 103.1 94.6 86.4 78.5 71
166.2 159.6 157.7 145.2 137.1 128.3 113.9 107.1 105.4 111 118.5 128.4 135.7 142.4 148.6 152.5 156.2 158.1 159 157.8 156.2 153.2 153.3 155.1 156.6 157.3 158.8 159.4 159.1 158.2 157.7 156.9 155.9 155.4 154.2 152.1 149.8 146.8 146.4 148.4 149.8 151.7 154.1 155.2 155.7 156.6 157.2 158.4 159.4 160.2 161.2 162 162.5 162.9 163.7 164.5 165.4 166.1 166.8 167.6 167.6 166.9 166.2 165.5 164.5 163 161.6 160.5 159.3 157.7 156.1 154.3 151.9 149.3 143.2 136.5 129.1 119.9 110.8 102 93.2 83.7 75.9 67.7
164.2 160.3 152.2 141.6 132.6 121.7 114.7 111 112.6 119.7 126.4 133.4 140.4 146.4 151.3 155.8 158.6 160 159.6 158.4 157.1 155.6 155.9 157.7 158.5 159.6 160.1 160.8 160.4 159.3 158.7 157.9 156.8 156.5 155.4 154.5 153.3 153.1 153.6 153.8 154.6 155.4 156.4 156.4 156.1 157 158.1 159 159.8 160.6 161.1 161.7 161.9 162.4 163.2 164.1 164.7 165 165.5 166.1 165.9 165.3 164.5 163.6 163 161.6 160.2 159.1 157.8 156.3 154.7 153.1 150.6 147.3 139.3 133.5 126 117.1 108.1 98.9 87.9 78.9 70.6 57.8
161.7 155.5 145.5 135.6 127.8 122 118.3 117.9 122.6 128.2 133.5 140.3 146.2 150 154.9 157.8 160 160.6 159.6 158.6 157.6 157 157.9 159.1 160.1 160.5 160.9 161.3 160.9 160.4 159.8 159 157.8 157.5 156.4 156 155.2 155.2 154.7 155.1 155.6 156.8 157.2 157.2 157.3 158 158.9 160 160.2 160.7 160.5 160.3 160.5 160.9 161.7 162.7 163.5 163.8 164.3 164.3 164.2 163.5 162.6 161.8 160.7 159.1 158.1 157.3 156.2 154.4 153.5 151.9 149.6 146 138.7 131.1 123 114 105.1 96.4 86.2 75.3 63 51.6
158.9 149.5 138.8 132 127.7 125.3 126 126.8 130.7 135.6 141.4 145.1 148.9 153.6 157.2 159.7 160.7 160.7 159.8 158.9 158.2 158 158.8 159.8 160.8 161.1 161.5 162 161.8 161.3 160.4 159.6 158.8 158.4 157.3 157.2 157.7 157.7 156.6 156.6 156.6 158.2 158.6 158.8 158.4 157.7 158.8 159.7 159.9 159.8 159.1 158.7 159.3 159.7 160.1 160.7 161.9 162.1 161.2 161.6 161.5 160.8 160 158.6 157 155.7 154.5 152.8 150.2 147.1 144.9 143.7 142.2 139.5 133.5 127.3 120.2 110.9 102.9 94.9 85.3 74.3 59.2 45.7
153.8 142.1 136.9 136.7 135.7 134.7 135.2 134.8 138.1 141.9 146.5 148.8 150.4 153.1 159.4 161.2 161.5 161.3 160.3 159.2 159 159.5 160 161 161.5 162 162.8 162.8 162.7 162 161.6 160 159.7 159.1 158.8 159 159.2 159.2 159 159.2 159.4 159.6 159.5 159.4 159.3 159.1 158.6 157.9 158.5 158.4 157.8 157.9 158.3 158.7 158.7 158.6 158.1 157.9 157.8 158.8 157.8 156.8 154.8 153.3 149.3 146 144.8 143.7 139.1 134.9 132.6 131.5 131.9 129 124.3 120 115.4 108.7 101.9 93.5 83 70 55.5 45.2
