public/OST50/ST76.asc
ncols 200
nrows 200
xllcorner 370000
yllcorner 160000
cellsize 50
[rows 74 to 110 of 200, columns 0 to 83 of 200]
65.3 65.5 65.6 65.6 65.3 64.5 63.7 62.9 62 60.2 58.9 54.2 53.4 48.9 51.3 54.8 53.1 52.9 53.9 53.2 44.7 46.3 54.5 57.7 59.3 59.8 59.4 59.3 58.6 56 56.9 60.5 64.1 67.4 70.1 74.2 78.6 83.1 86.5 89.9 93.2 98.4 105 106.4 105.5 99.3 93.3 85.6 76.9 70.9 69.8 69.7 68.8 67.6 65.2 63.2 61.4 59.9 58.3 50.1 48.6 55.1 60.3 63.3 66.6 70.3 72.9 75.9 78.8 83 83.4 82.6 81.1 81.3 88.7 99.9 113.3 121.1 126.7 130.8 133.4 134.6 135 134.6
66.5 66.5 66.6 66.8 66.8 66.1 65.3 64.5 63.3 61.4 56.4 49.5 44.6 40.9 45 46.5 45 46.3 48.7 46.9 37.8 37.7 39.1 41.2 43 45.1 43.8 45.7 49.7 49.5 56.8 59.2 62.2 64.4 66.6 69 72 75.1 77.3 80.3 83.8 88.1 94.4 96.7 95.6 90.9 85.5 79 71 68.2 67.3 67.3 67.1 66.5 65.5 62.4 61 59.4 57.6 55.2 48.6 50.5 56.5 60.8 64 66 68.4 70.9 73.1 75.1 75.5 75.5 75.7 80.9 90.2 102.2 113.1 118 122.6 126 128 129 128.8 129.1
65.1 67.2 67.3 67.5 67.4 67.5 66.8 65.9 64 59.3 52.7 44.4 33 31 38.8 35.4 29.5 26.8 21.3 20.2 20.2 20.4 22.7 23.7 24.5 24.3 25 26.6 30.2 39.1 53 59 59.3 61.2 62.6 64.5 66.4 68.1 69.1 72.1 75.4 79.9 83.9 85.9 85.7 82.4 77.9 72.3 67.9 66.3 65.2 64.7 65 65.2 64.3 61.6 60.1 58.3 56.5 55 51.3 46.6 51 57.4 60.2 62.6 65.3 65.8 65.6 66.6 66.2 69.8 76.8 84.1 92.8 103.6 109.7 114.7 118.5 121.2 123.2 124 124.3 123.6
45.7 58.8 65 67.1 67.7 67.4 65.7 60.5 56.6 51.2 45.3 38.8 29.9 20.4 18.1 16.7 14.8 14.8 15.3 15.1 15.2 13 13 15.8 16.1 16.1 17.7 19.5 21.2 26.3 36.7 47.2 54 59.9 60.2 60.5 61.3 62.1 63.6 65.1 67.3 71.8 75.9 77.5 77.5 74.8 70.3 68 66.2 64.1 63 62.5 62.9 62.8 61.9 60 59.1 57.2 55.4 54.6 52.8 46.9 45.5 52.2 55.8 58.6 61.1 61.1 60.5 63.1 65.4 72.3 77.5 86 91.8 101.5 106.4 110.3 113.6 116.5 118.3 119 119.9 119.2
27.6 36.9 46.2 53.3 58.2 56.9 52.9 48.2 44.1 38.5 30.9 23.2 17 16.3 15.1 13 15.2 15.1 13.8 13 15.6 15.3 15.6 15.3 13 13 13 13 15.5 16.4 22 27.5 36.4 44.5 51.8 57.2 57.1 57.5 57.6 58.5 62.8 65.6 67.3 68.6 68.5 67.8 66.4 64.9 63.4 62.7 61.9 61 60.5 60.5 58.4 57.3 57.1 55.9 54.4 53.5 53 50 43.2 49.4 54.2 56.4 57.2 57.6 57.3 63 66.2 70.6 75.7 82.9 88.8 94.9 101.4 105.5 108.8 111.5 113.7 114.9 115.7 114.3
14.2 20.9 28 35.8 41 41.8 38.5 34 28.7 21.8 16.4 15 14.7 13 14.3 15.2 15.1 14.9 15.3 15.1 14.8 14.5 15 15.1 15 15 15.3 15.4 15.3 13 13 13.5 21.1 28.3 35 41 46.7 53.6 54.4 55.9 57.9 60.2 61.9 62.6 63.9 64 63.8 62.9 62.2 61.2 60.1 59 58.3 57.4 56.3 56.3 55.6 54.7 53.3 53.3 53.3 50.3 42.9 45.4 53.3 55.1 54.9 54.6 58.2 63.3 64.8 66.5 70.9 76.2 82.4 87.4 94.1 100.6 103.9 106.5 108.6 110.1 111.4 111
14.5 14.2 14.3 15.6 21.5 21.9 21.7 18.7 13 13 13 13 15.2 14.9 14.9 15 15 14.9 15.2 15 14.9 15.2 15.2 15.2 15.2 15.3 15.2 15.5 14.9 14.6 14.2 15.7 13.2 16.7 22 26.5 35.1 42.5 49.9 53 54.2 55.7 57.1 58.4 59.9 60.8 61.5 61.1 59.9 58.8 57.8 57.1 56.4 55.3 54.4 53.8 54.2 53.5 53 52.9 52.9 51.7 45.9 41 46.9 51.8 51.8 53.6 57.8 61.3 62.4 63.3 66.1 69.7 74.7 79.9 86.2 92.9 98.3 101.3 103.2 104.8 106.4 106.4
14.9 14.5 14.3 14.6 14.9 14.6 14.8 13 15.4 15.6 15.2 15.3 15 15.1 14.9 14.7 14.8 14.9 15.1 15 14.8 14.8 15.1 15.2 15.2 15.2 15.2 15.1 15 15.3 15.2 15.5 13 15 20.1 21.3 24.1 29.8 38.8 45 50.5 52 53.5 54.7 55.4 57.1 58.2 57.8 57.5 56.6 55.9 55.2 54.3 53.6 53.2 52.9 53 52.8 52.6 52.5 52.6 52.7 50.2 41.2 40 43.8 47.1 51.8 56.2 58.4 59.2 60.9 63.5 65.5 68.5 73.3 79.9 86.8 92.4 96.4 98.5 99.7 100.7 100.7
14.1 14.9 14.5 14.8 15 14.9 14.8 13 15.7 15.8 16.2 17.7 15.4 15.3 15.1 14.9 15 14.9 15 15.1 14.6 14.4 14.6 15.1 15.2 15.1 14.9 15 15.3 15.6 15.7 15.8 16 14.9 19 20.1 21.2 21.9 25.6 35 42 48.7 50.2 51.5 52.8 54.2 54.9 54.9 54.7 54.3 53.7 53.4 53 52.7 52.3 52 52.1 52.6 52.6 52.4 52.9 52.8 51.1 45.1 37.4 42.8 49.2 51.4 53.7 55.5 56.8 59.6 61.1 62.5 64.8 68.4 74.3 81.3 87 91.7 92.8 93.7 94.3 94.5
15.2 12.7 12.8 14.8 15.1 13 13 15.6 15.8 15.6 15.6 15.5 15.5 15.5 16.9 16.6 15 15 14.9 15.2 14.7 14.7 14.9 15.1 15 15.5 15.5 15.4 15.7 15.4 15.6 16 15.6 13 17.1 19.1 20 20.6 21 23.9 32.4 40.4 46.3 49.2 51.6 52.7 53.1 53.7 53.4 53.2 52.8 52.4 52 51.8 51.6 51.3 51.7 52.4 52.6 52.8 53.3 52.8 51.1 46.3 36.6 43.6 48.5 51.4 52.5 53.8 55.5 57.9 58.7 60 61.6 65.1 69.8 74.9 78.7 81.6 85 86.3 86 86.4
15.6 22.3 15.7 15.5 15.2 15.5 15.6 15.8 15.6 15.5 15.5 15.5 15.6 15.6 15.5 15.6 15.7 15.7 17.7 15.7 15.4 15.1 15.2 15 14.9 16 16.4 16.7 17.9 18.3 17.5 16.3 15.9 13 18.7 18.7 18.7 19.1 19.5 19.9 23.3 30.6 37.7 44.9 48.1 50.8 52.2 52.7 52.8 52.6 52.4 51.9 51.7 51.5 51.3 51.5 52.3 52.9 53.4 53.6 53.4 52.8 51.1 47 35.3 40.3 46.9 49.7 50.5 52 54.1 55.2 56.3 56.7 58.5 61 65.9 69.1 71.8 73.6 76.7 78.7 77.3 76.5
15.5 15.5 15.2 22.6 15.8 15.7 15.7 15.4 15.5 15.4 15.5 15.5 15.7 15.6 15.6 15.7 15.7 15.7 15.5 15.6 15.9 16.2 17.9 15.6 16.4 18.1 19.1 19.7 20.9 20.5 19.3 18.4 16.7 15.7 13 13 16.9 17.7 18.2 18.9 19.6 23.5 30.6 37.2 43.3 48.2 50.8 51.4 52.4 52.2 51.9 51.5 51.4 51.4 51.2 51.3 52.2 53.3 54.4 54.1 53.8 53 50.7 45.9 34.2 36.8 45.3 47.5 49 50.6 52.5 53 53.9 53.9 55 56.9 61.6 65 66.8 68.2 69.8 71.4 70.6 68.5
19.3 20.1 18.3 14.6 14.9 22.5 15.2 14 14.8 15.3 15.4 15.2 15.3 15.5 15.6 15.7 15.7 15.7 15.7 16.2 16.4 17.4 17.5 19.2 18.9 18.8 19.6 22.7 23 22.8 21.2 19.7 18 16.8 13 15.5 16.4 17.2 17.3 17.6 18.5 19.7 23.8 29.6 35.3 41.9 46.2 49.6 51.5 51.2 51.2 50.9 51.2 51.2 51 51 52.1 53.2 53.9 54.2 53.8 52.5 50.6 46 34.2 34.4 43 47.1 48.4 49.4 50.6 51.1 51.7 51.1 52.3 54.1 57.8 59.3 61.4 61.8 62.3 63.6 63.4 61.3
22.1 21.6 20.7 15.6 15.1 14.9 14.4 14.6 21.7 22.7 16.4 14.6 14.8 15.2 15.5 15.4 15.4 15.8 16.2 16.6 17.6 19.7 21.9 23.3 23 23.5 23.8 23.7 23.3 18.1 21.3 20.4 19.1 17.4 15.7 13 15.7 16.8 16.9 17.2 17.6 18.7 20.3 24.1 29 34.9 41.1 45.4 48.1 49.8 50.5 50.5 50.3 49.9 49.6 49.8 50.6 52.1 53.4 54.4 53.1 51.9 50.5 44.7 33 33.8 44.2 47.8 48.6 48.8 48.6 49.1 49.2 48.1 48.7 50.4 52.5 53.1 55.2 55.4 56 56.2 56 56.2
23.5 22.4 20.8 16.4 15.1 14.6 14.3 14.3 14.3 14.4 14.2 14.6 18.5 22 22.9 22.9 22.3 20.8 19 19.3 21.9 24.5 25.6 26.7 27.8 26 26 25.6 25.4 24 21.3 20.3 19.3 18.2 16.4 15.7 13 16.2 16.5 16.9 17 17.7 19.4 21.1 24.2 28.8 34.3 39.8 44.2 47.2 49.1 49.9 49 49.1 48.5 48.2 48 49.3 52 52.9 52.3 51.7 49.7 42.2 31.7 35.2 45.1 48.1 48.2 47.5 46.4 46.5 46.3 45.5 46.1 47 43.4 43.8 49.2 50.5 51.2 51.1 51.4 52.7
24 22.8 21 18.3 15.1 14.7 14.5 14.6 14.6 14.5 14.6 14.5 14.7 15.5 17.6 17.9 18.9 20.8 22.8 25.4 26.7 28.5 28.9 23.1 28.4 29 28.4 27.7 26.6 24.9 21.7 19.6 18.3 18.3 18.3 18.7 15.5 15.6 16.5 16.8 16.9 17 18.1 19.8 22.1 24.9 29.5 34.1 38.5 43.1 46.8 47.8 47.1 47.3 47.7 46.8 46.9 47.2 49.9 50.9 51.2 50.5 49.1 41.6 30.4 35.5 44.9 46.9 47 45.9 43.8 42 42.1 41.6 42.1 43.7 44.2 44.3 45.9 46.8 46.3 46.2 47.8 50.4
24.5 23.5 21.7 19.6 17.6 16.1 15.5 15.5 16 15.7 16.2 16.1 17 17.5 19.7 21.4 23.6 24.8 26.2 29.7 33.3 35.4 36.2 37.1 36.1 31.3 24.8 24.7 27.4 24.1 20.9 19.1 16.7 16.2 16.8 18.2 17 13 17.6 16.8 16.9 16.9 16.9 18.4 20.5 23.4 26.2 30 34.4 39.2 43 44.8 44.8 46.4 46.9 46.4 46 46 46.9 48.9 49.5 49.7 48.7 41.1 30.3 30.7 41.9 45.3 45.2 43.3 39.5 37.3 37.5 38 38.2 40.3 40.9 41.9 42.8 42.7 42.1 44.1 46.1 48.8
27.2 24.2 22.3 20.3 18.7 17.8 16.9 16.7 17.6 17.7 19 19.7 21.1 21.5 22.5 24 25.6 28.8 33.3 38.1 43.1 46.9 47.9 47.3 44.9 41.1 36.8 32.1 27.3 23.4 20.9 18.8 16.8 15.9 18.5 18.9 18.7 16.9 14.6 18.1 17 17.1 17.1 18 19.3 21.8 24.8 27.8 31.1 35.8 39.5 39.7 40.4 42.8 44.7 46 45.7 44.7 44.3 46.8 48.1 48.8 48.2 44.9 33.6 27.2 33 41.1 42 39 36.4 35.2 35.5 36.3 36.8 37.5 38.1 38.4 37.8 37.5 40.1 42.3 44.5 46.4
29.4 25.5 22.8 21 19.9 19.1 18.9 19.5 19.7 19.7 20.6 21.3 23.4 24.5 25.6 27.1 29.6 34.1 40.4 48.2 53.7 56.8 56.8 55.1 51.5 47.8 43 37.1 30.6 24.1 19.6 20.8 21.3 16.3 20.8 22.9 29.5 18.7 13 17 17.4 19 17.2 17.8 18.9 20.4 23.4 26.1 28.5 32.6 36.6 37.1 37 39.5 42.6 44.2 43.5 42.8 42.6 43.2 44.8 46.9 47.3 45.1 38.4 27 26.3 36.6 36.5 35.9 34.7 33.4 33.4 34.3 35 35.3 36 34.6 32.5 32.5 37.6 40.5 42.9 44.7
29.4 26.1 22.9 22.5 21.1 20.7 20.4 21 21.6 22.2 22.7 24 26.7 27.3 27.5 30 34 41 50 57 61.2 64.3 63.8 60.5 57.5 54.1 48.7 41.6 33.5 25.6 19.2 18 17 20.9 23.8 31.5 36.3 29.6 18.5 13 16.6 17.4 18.6 17.5 18.4 19.7 21.8 24.6 26.9 29 32.5 34.3 35.5 37.9 41.6 41.8 39.9 38 38.1 40.5 41.7 44 44.7 43.3 40.1 31.6 24.7 32.5 34.3 34 33.2 31.9 31.2 32 31.8 31 30.2 31.3 30.3 30.6 35 37.9 39.7 41.1
31.3 29.4 24.5 22.6 21.7 22 22 22.5 23.8 23.7 24.1 26.3 28.2 29.7 30.4 33.8 40.7 50.2 57.5 63.3 66.2 67.7 66.3 64.2 61.5 56.8 51.9 44.2 35.1 26.6 19.1 18 15.2 21.3 32.2 32.4 42 38.8 24.3 17.6 14.6 16.9 17.1 18.4 17.8 18.9 20.6 23 25.9 28 29.5 32.6 36 38.1 39.2 37.7 33.9 33.6 35.3 36.1 38.1 40.3 41.4 40.9 39.2 33.9 24.4 27.2 31.2 31.1 30.9 29.2 28.8 29.2 27.5 25.3 25.2 24.5 25.2 27.9 31.6 33.7 35.8 36.8
32.5 30 26.8 24.5 24.2 23.8 23.4 24.1 25.7 25.9 27.4 30 31.2 33.3 35.4 41.1 49.3 57.5 63.6 66.5 68.9 68.8 67.5 66.1 63.7 59.7 54.7 46.3 36.6 26.5 19.2 17.2 19.6 32.2 43.5 48.8 49.8 49 35.9 22 13.6 14.6 14.8 16.8 18 21.5 20.5 22.1 24.8 28 29.2 33 35.2 36.1 35 32.8 31.1 31.2 33 33.7 34.4 36.1 37.7 38.1 36.8 32.3 24.5 23 26.9 26.3 25.8 24.2 23.4 22.8 22.1 21.7 22.1 22 22.7 24.4 27.8 30.4 33.1 34.6
33.6 31 28.4 26.8 26.1 26.4 26.1 27.3 28 28.4 30.6 32.2 34.6 37.8 42.3 49.3 57 64.2 67.4 69.3 70.1 69.7 68.8 67.2 64.6 59.8 54.7 46.3 35.6 24.7 17.7 17.7 27.9 41.3 51.8 55.2 56.6 56.9 48.7 36.9 18.7 13.6 14.4 17.2 17.6 18 19.2 22.9 25.2 27.9 28.8 30.3 32 33.3 32.3 31.2 30.8 30.9 31.1 31.4 32 32.6 33.7 34.4 32.1 28.5 23.5 20.8 21.8 21.9 20.5 20.2 19.6 18.4 17.6 18.8 21.4 21.2 21.5 22 23.8 25.7 29 30.6
35.8 34.1 31.1 29.7 27.8 29.3 29.4 29.8 29.7 31.9 34.1 36.1 39.3 43.6 49.1 58 63.9 68 70.3 70.9 70.6 69.7 68.9 67.1 64.6 60 54.1 45.5 34.6 23.5 18 19.5 32.7 45.8 54.9 59.8 61.3 61.8 57.4 41.8 35.2 17.8 13.6 16.7 17.4 17.7 18.3 20.6 23.9 26.7 23.8 27.6 29.4 30.3 29.6 29 28.9 28.8 29 29.3 29.7 29.8 29 28.1 26.5 24.3 22.1 20.4 19.5 19 19.7 19.4 18.4 15.5 15.5 15.5 15.5 16 19.4 19.3 19.9 21.4 24.3 25.6
39 37.6 35.6 34.1 32.4 32.4 32.2 32.4 34.2 36.4 38.9 41.2 44.6 50.4 58 64.5 68.7 70.6 71.2 71.2 70.3 69.4 68.5 67 64.4 60.5 54.5 45.2 34.6 23.7 18.1 20.5 33.9 46.7 55.9 60.6 63.1 63.5 61.8 52 37.8 29.7 18.3 13.6 17.1 16.8 17.6 19.1 21.9 23.6 23.4 23.5 24.8 26.9 26.1 26.1 25.8 26.1 26.2 26.3 26.4 26.4 25.3 24 23.3 22.1 21.4 19.6 18.6 18.3 17.4 15.5 19.9 21 21.8 21.5 21.3 18.9 18.1 16.5 16 18.8 20.2 21
43.2 43.2 42.8 41.5 39.8 37.3 37.9 39 40.8 43.1 45.5 48.8 52.9 59.9 65.9 69.7 71.6 72.2 72.1 70.9 70 69 68.2 66.9 64.5 61.3 55.8 48.3 37.3 25.1 18.5 19.4 32.6 46.8 56.5 60.8 62.7 61.7 58.7 56 51.6 36.2 29 18.5 13.6 16.3 16.6 17.6 19.2 21.1 21.9 23.1 26.7 25.7 23.4 23 23.7 22.6 22.4 22 22.1 22.5 21.4 21.1 20.1 20.1 19.6 18.7 17.7 17.5 15.5 20.7 21.2 21.2 21.9 21.9 21.3 19.9 19.4 18.8 19.3 16 17.9 18.6
51.4 52.5 52.4 50.2 49.3 46.4 43.4 46.9 49.6 52.2 55 59.7 64.2 68.3 70.8 72.5 73.3 73 72.2 70.9 69.8 68.5 67.6 66.2 64.2 61.2 57 51.4 41.9 31.5 19.4 18.3 26.5 41.7 53.5 55.9 56.1 54.6 53.3 51 48.5 42.6 37.6 24.8 18.1 13.6 15.6 17 17 18.7 19.6 20.8 22.3 22.6 20.8 20.4 20.1 20 19.7 19.6 19.6 19.2 18.7 18.6 18.4 18.4 17.5 17.6 17.7 15.5 18.4 18.7 17 17 21.3 17 21.6 19.3 21.9 21.1 20.7 19.9 18 16
61.1 61.5 60.4 59.4 58.2 55.7 54.2 57.7 58.2 58.4 64 67.6 69.8 71.7 72.9 73.4 73.1 72.3 71.6 70.3 68.9 68 66.7 65.2 63.7 60.6 57.6 53.6 47.1 40.3 29.6 20.4 22.5 36.6 49.1 50.6 50.3 49.7 48.4 46.6 43.8 41.2 40.2 37.7 32.2 19.6 16.2 13.6 13.6 17.1 17.9 18.5 19.3 18.6 18.7 18.9 18.9 18.5 18.1 18.1 18.1 18.3 18.3 18.4 18.3 18.1 15.5 15.5 17.2 17.7 18.1 18 21.6 21.3 21.1 21.5 20.3 18.7 21.2 21.7 21.5 21.2 17.9 18
66.8 66.2 64.7 64 62.9 62.4 63.4 65.1 65.7 66.1 66.4 68.2 69.6 70.8 71.4 71.7 71.1 70.4 69.6 68.4 67 65.6 64.5 63.1 61.4 59.4 56 53.6 50 45.9 37.4 23.3 21.4 29.7 46.2 47.1 47 46.6 45.8 45 41.6 40 38.8 37.2 34.4 32.2 24.6 16.8 13.6 18.2 18.3 18.4 15.5 15.5 17 17.3 17.7 17.6 17.8 17.4 17.4 17.9 18 18.1 15.5 15.5 17.5 17.5 17.8 18.2 18.1 17.9 18.8 19.3 20.6 20.4 21.5 19 20.4 20.7 21 20.8 19.3 18.8
61.4 61.6 62.2 62.2 61.5 61.3 62.4 64.4 66.1 67.7 68 68.9 69.4 69.5 69.3 69.5 69.2 68.6 67.7 66.5 65.4 64.7 63.3 61.9 59.9 57.6 55.6 53.4 50.2 44.5 38.1 27 22.9 29.2 46.3 47.4 46.9 45.8 45 43 41.5 40 39.2 37.3 35.4 33.4 31.1 26.9 17.6 17.2 15.5 17 18.1 18.3 18.5 18.6 18.7 15.5 15.6 17.3 16.9 15.5 15.5 15.5 18.4 18.6 18.2 18.1 18.5 19 18.5 19.3 18.8 18.4 18.2 18.8 19.1 19 19 19 19.4 19.7 20.3 19.9
57 57 57.5 57.4 58.1 58.8 60.1 61 63.1 65.4 66.3 68.1 68.5 68.2 68 67.9 67.5 67.1 66.1 65.1 64.6 63.6 62.2 60.8 58.6 56.3 54.4 49.9 44.9 33.7 28.4 23.4 26.8 37.7 47.2 47.6 46.9 46.1 45.3 43.6 42.2 40.9 39.6 38.2 36.5 34.9 33.2 30.1 26.1 22.4 17.6 18.2 16.8 15.5 15.5 15.5 15.5 15.5 15.5 15.5 17.8 18.4 18.8 19.1 19.3 19.2 20.6 21.9 22.5 21.4 20.1 21.3 21.4 21.2 20.8 19.9 19.8 19.3 19.2 19.1 18.9 18.8 20.2 20.3
54.5 54.6 55.3 56.1 56.8 57.8 59.7 60.1 60.3 60.3 61.7 63 65.4 65.9 66.3 66.4 65.6 65.5 64.5 63.9 63.3 61.8 60.8 59.4 57.3 55.1 51.7 46.3 32.6 24.3 23.8 29.8 36.6 46.9 48.1 47.9 47 46.3 45.7 45.5 45.6 44.5 42.8 42 40.1 37.5 35.6 33.1 29.5 24.4 22.3 21 24.3 17.6 17.6 18.6 17.6 18.4 18.9 18.8 18.3 19.1 19.4 19.7 20.6 22.5 24.2 25.5 25.5 23.3 21.7 24 24 24.4 23.5 22.3 21 20.4 20.1 20.3 19.3 19.2 19.4 19.4
54.7 55.3 55.9 56.8 57.7 58.7 59.8 59.5 58.6 57.3 57.8 58.6 58.6 59.1 60.3 62.1 63.4 63 62.6 62.3 61.9 60.6 59.3 57.6 55.8 53.6 49.6 35.2 28.9 25.7 34.3 40.3 46.7 47.5 48.1 48 47.9 48.1 47.9 48.1 47.7 47.2 45.8 44.4 42.2 40.3 37 34.7 31.8 28.2 24.3 23 21.9 21.2 20.1 24.3 20.8 18.1 18.9 19 19.6 19.8 20.3 21.4 22.3 25 26.8 27.3 26.9 23.4 22.9 25.8 26.5 26.1 25.4 23.6 21.9 21.6 21.7 21.6 20.5 20 19.4 19
55.6 56.3 57.5 58.5 59.3 60.2 60.4 59.4 58.1 56.6 55 54.8 54.1 53.5 54.3 55.1 56.1 57.7 57.6 60 61.5 59.2 57.4 55.5 53.2 52.1 46 32.6 24 37.2 43 45.9 46.2 47.2 47.9 48.9 50.1 50.7 50.6 51.3 51.2 51.3 49.8 47.9 44.9 41.6 38.7 35.8 32.7 29.5 26.4 24.1 23.3 22.6 21 20.5 21.2 20.9 21.3 21.8 24.2 25 22.7 22.8 23.9 25.8 27.8 27.9 26.6 23.4 24.1 27.2 28.3 27.9 27.3 24 22.9 23.5 23.5 22.8 21.7 21 20.6 19.8
56.7 58.1 59.3 60.6 61.7 62.1 61.7 60.4 58.8 57.7 55.7 53.5 53.4 52.1 51.4 50.4 48.5 48.2 49.4 51.5 52.6 52.9 52.9 50.5 50.4 49.2 43.4 31.1 26.1 43.4 45.4 46.1 46.3 47.2 48.3 50.4 52.7 53.9 54.2 54.9 55.5 55.3 53.3 51.6 48.9 44.5 42 40.1 36.3 32.6 31.1 27.8 26 24.4 22.9 23 22.7 23.5 23.3 23.5 24 24.4 25.7 27.1 27 26.9 26.6 24.7 24.9 24.7 25.4 28.9 29.3 29.3 26.9 24.2 24.6 25.7 25 24.3 23.3 22.6 22.1 21.1
57.4 59.6 61.3 63.3 65.3 65 64.2 63.1 61.4 59.8 56.6 55.6 54.6 53.6 52.5 51 48.7 45.8 43.7 42.7 43.1 43.5 43.5 43.4 42.5 42.5 40.1 28.6 26.1 39.8 44.3 45.9 46.4 47 49.3 52.6 55.8 57.7 59.3 60.8 60.8 59.8 57.9 57 53.7 50 50.2 48 41.2 36.1 34.2 32 30.9 27.5 25.9 25.7 24.3 25.7 25.2 26.2 27 27.9 29.3 31.5 32.5 32.3 29.5 27.3 25.5 24.6 26.8 29.3 26.5 24.9 26.4 24.3 26 28.1 26.8 26.2 25.9 25.8 24.7 24.1
59 60 62.5 63.9 65.7 66.4 67.2 66.7 66.4 65 63 62.4 60.7 58 56.8 54.7 51.2 48 44.2 41.3 37.9 36.2 35.2 35.1 34.2 33.3 30 26.7 26.9 33.7 37.5 40.2 42.3 46.1 50.8 56.1 60 63.7 67.1 67.7 67.9 66.6 64.7 63.9 59.9 58.1 58 52.9 45.2 40.2 37.1 32.9 31.8 30.9 29.4 29.4 26.5 27.6 29 30.7 32.1 33.3 33.7 36 36.2 34.9 31.7 28.4 25.7 25.9 26.7 27.9 27.8 27.3 25.8 24.8 26.8 28.7 25 25 26.5 28.4 27.6 26.7
