public/OST50/ST77.asc
ncols 200
nrows 200
xllcorner 370000
yllcorner 170000
cellsize 50
[rows 144 to 179 of 200, columns 0 to 80 of 200]
47.4 47.4 48.4 49.1 50.4 52.4 55 58.1 56.4 62.7 65.6 70 72.3 74.5 76 77.9 80.3 84.3 85.6 87.3 89.1 90.5 91.3 91.4 91.5 92.1 93.3 95.5 97.5 99.2 100.5 100.8 102.2 103.3 105.3 106.2 106.6 108.3 111.4 114.6 116.3 118.2 121 123.4 126.6 129.8 133.9 138.4 142.8 146.6 150.4 154.4 157.8 160.2 163.2 165.9 169.2 170.7 173.2 176.1 179.4 182.8 186.3 189.5 195.6 202 206.7 212 215.1 216.7 218.4 219.6 220.5 220.5 219.6 219 218.3 217.2 216.1 215 213.6
45.7 46.7 48.1 50.3 52.4 54.2 56.3 58.5 60.3 63.1 66.6 70.6 74.9 76.8 78.9 81.8 84.6 85.3 84.9 88.1 89.6 90.5 91.5 92.3 92.6 93.1 93.6 94.6 96.3 98.6 99.7 100.2 100.9 102 103.5 104.9 106.7 109.3 113 115.5 117.1 119.9 122.8 126.4 129.8 133.1 137.5 143.7 149 153.1 157.2 162.1 166.2 170.2 172.9 177.7 183.2 187.1 189.7 192.9 196 199.1 201.6 205 207.8 210.5 212.8 215.1 216.2 217.4 218.9 219.9 220.6 220.8 220.1 219.2 218.1 216.9 215.8 214.5 212.9
47.6 48.1 49.1 51.5 53.4 55.2 57 59 61.5 63.6 65.3 69.4 72.9 75.7 78.3 81.5 85.3 87.5 87.6 88.1 89.8 90.6 91.8 92.7 93.9 94.5 95 95.6 96.3 97.1 98.8 100 100.2 101.7 102.9 104.3 106.7 110.4 113.5 115.5 117.3 120.7 124.8 129 132.4 136.1 141.5 147.1 153.8 159 164.6 168.2 173.5 179 184.6 190.3 195 197.8 200.1 202.4 204.4 206.9 208.9 210.4 212.2 214.3 215.6 216.7 217.5 218.3 219 219.6 220.1 219.7 219.1 218.5 217.8 216.7 215.2 214 212.6
48.9 49.4 50.5 52.5 54.4 56.3 58.4 61.1 62.7 64.7 66 67.7 70.3 72.4 75.6 79.7 82.9 84.7 86.5 88.1 90.2 91.7 92.6 94.4 95.6 96.5 96.8 97.4 98.1 98.4 98.6 100.2 100.6 101.6 102.7 104.8 107.9 111 113.5 115.2 117.6 121.5 126.1 130.6 135.2 139.7 145 151.5 158.2 165.2 172.2 178.1 184 190.1 195.6 199.2 201.4 203.7 206.1 208.9 210.9 212.1 213.2 214.8 215.5 216 217 217.4 217.9 218.5 219.1 219.4 219.1 218.3 217.8 217.1 216.5 215.3 214.2 212.8 211.3
49.8 50.7 51.6 53.5 55.5 57.5 60.3 62.1 63.3 64.9 67.1 70.5 73.3 74.4 74.7 77.7 82.1 85.2 88 89.5 91 92.9 94.1 95.9 97 97.7 98 98.6 99.4 101.2 101.4 100.9 101.2 101.9 102.9 106.4 109.3 111.4 113.2 114.8 117.4 121.1 125.3 130.3 135.9 141.3 147.8 154.5 162.3 171.4 179.7 187.3 194.2 197.5 201.3 204.7 207 209.5 212 213.6 214.8 216.1 216.2 216.8 217.3 217.7 217.5 218 217.8 218.3 218.4 218.4 218.2 217.2 216.7 215.8 214.7 213.8 212.4 211.8 211.1
52.8 52.8 53.3 54 55.5 59.5 62.8 64.5 64.8 65.6 68.1 72 75 76.4 76.6 80.5 86.2 89.4 91.2 91.5 92.8 94.2 95.7 96.4 97.8 98.8 99.3 99.8 100.7 101.7 103 102.5 101.8 102.4 103.4 106.3 109.1 111 112.5 114.1 117.1 120.4 124.1 128.5 135.1 141.8 149.2 158 166.5 176.6 185.6 193.1 197.6 201.8 205.9 208.9 211.3 213.2 215.2 216.7 217.3 217.6 217.5 217.8 218 217.9 217.7 217.2 217.2 217.4 217.9 217.4 217.1 216.1 215.5 214.8 213.8 212.5 211.1 210.4 209.7
58.3 58.5 57.7 57.2 57.1 58.7 63.3 67.4 68.8 69.3 70.5 72.1 74.8 76.8 78.4 81 83.7 87.6 90.2 91 92.9 94.5 95.8 96.8 98 98.9 99.7 100.3 101 102.3 103.6 106.3 106 103.6 103.9 105.3 107.6 109.5 111.1 113.1 116.3 119.5 123.7 127.6 134.2 141.2 150.4 159.9 170.8 180.5 188.9 194.2 198.6 203 207.8 210.9 212.7 214.3 216 216.9 217.2 217.7 217.7 217.6 217.5 217 216.5 216.3 215.7 215.6 215.8 215.7 215.6 215.1 214.3 213.5 212.5 211.3 209.7 209 208.2
63.7 64.4 65.1 64.4 62.1 59.1 61.8 67.6 71.6 73 74.5 75.9 77.3 78.9 81 83.3 85.6 87.8 89.6 91.3 92.9 94.9 96.5 98.3 98.6 99.1 99.8 100.4 100.5 101.4 102.5 106.8 105.5 104.7 104.2 107.8 106.4 107.1 109.8 112.3 115.4 118.6 122.9 128.8 133 139.9 150.3 160 169.5 177.9 185.1 193.2 199.1 204.5 208.6 211.7 213.6 215.2 215.9 216.7 216.1 216.4 216.3 216.1 215.7 215.1 214.3 213.1 212.9 212.9 214.1 213.6 213.3 213 212.3 211.8 211.3 210.2 208.7 207.2 206.6
66.8 68.3 69.5 69.1 67.9 65.6 63.2 65.9 70.3 73.3 74.8 78.4 79.9 81.4 84.6 87 89.1 90 90.9 92.3 93.8 95.6 97.8 98.5 99 99.2 99.9 100.1 100.4 101.2 103.7 105.7 105.9 104.9 105.4 105.6 107.1 108.2 109.7 113.1 116.3 119.5 122.2 125.9 130.7 137 146.1 154.4 163.6 172.4 180.5 190 197.6 203.8 208.5 211.6 213.8 215.2 215.8 216.2 215 214.8 212.9 212.6 211.8 211.1 210.4 209.7 209.3 208.6 209.7 209.5 209.8 210.3 210.4 209.9 209.6 209.1 207.8 206.2 204.8
67.7 69.4 70.9 71.3 71.9 72.4 69.5 66.9 65.7 67.3 70.1 74.7 77.7 82.2 85.9 88.9 90.5 91.6 92.9 94 95.4 96.8 97.7 98 98.6 99.9 102 99.7 100.4 103 104.9 107.2 106.1 105.9 106.5 106.5 108 108.9 109.8 111.6 114.9 118.2 121.7 125 129.3 135.3 141.1 148.6 157.4 166.6 175.8 187.9 196.6 202.9 207.8 211 213.6 215 215.6 214.7 213.5 211.4 209.5 207.6 206.5 205.4 204.9 204.5 204.4 203.5 204.9 205.2 205.5 206.1 206.9 207.4 207.9 207.8 207.2 206.1 205.1
67.9 69 70.9 72.2 73.5 74.7 75.2 73.7 72.2 72.7 72.6 73.4 73.5 78.2 82.5 85.9 88.8 90.4 92.1 93.9 94.9 95 95.5 96.3 97.4 98.6 100 100.7 100.9 102.8 105.6 107 106.6 106.7 107.6 108.5 109.6 110 110.8 112.1 114.6 117.5 120.4 124 127.3 132 137.6 144.8 153 163 173 183.4 195.5 201.7 206.7 209.8 212.7 213.6 213.3 212.4 210.6 208.2 203.6 197 197.3 197.1 197.2 197.2 197.5 197.5 199.2 199.9 201.5 202.4 203.3 204.6 205.7 206 205.7 205.5 205.3
68.2 69.2 70.9 72.7 74.1 75.3 76.4 77.9 78 79 79.8 80.4 80.5 80.3 80.2 80.9 84.4 86.6 89 90.4 91.7 92.7 94 95.4 96.4 97.8 98.8 100.4 101.5 103.3 105.4 106.3 106.9 107.6 109.1 110.1 111.4 111.8 113 113.6 114.4 116.6 119.3 122.2 125.3 129.5 134 141.2 150 160.1 170.4 180 193.8 200.4 205 207.7 210.4 211.6 210.7 209 205.9 201.8 196.5 185.8 182.2 182.6 183.5 185 188.6 189.3 191.3 192.5 194.8 196.8 198.1 199.8 201.6 202.4 202.4 202.3 203.2
68.3 69.6 71.2 72.9 74.4 75.8 77 78.7 80.1 81.2 82 82.9 83.5 83.6 83.9 84.2 84 84.9 86.1 87 89.7 91.2 93.2 94.6 95.8 98 99.8 101.8 103.7 105 105.9 106.4 107.7 108.6 110.1 111.8 113.6 114.4 115.3 115.8 116.2 117 118.8 121.9 126 128.3 134.2 139.9 147.1 157.5 169.1 178.8 192.1 199.8 203.9 207 208.7 209.3 207 204.1 199.5 194.9 187.8 175.9 169.7 170.7 171.3 173 175.7 179 181.4 183.7 187.4 189.6 191.5 194.1 196.8 198.2 198.1 198.2 198.8
67.4 69.4 71.3 73 74.7 76.2 77.4 78.6 79.8 81 82.2 83.3 83.9 84.4 84.7 85 85.5 85.8 86.8 88.2 89.7 90.9 92.6 94.2 95.5 98.4 101.2 103.1 104.5 106.2 106.5 107.7 109 109.9 111.4 113 115.2 116.8 117.8 118.2 118.6 119 120.8 123.5 127.1 131 136.3 141.1 148.3 160 171.1 180.4 193.2 200.4 203.4 206.5 207.6 203.8 200.4 196 190.7 185.6 178.8 168.7 159.2 159.3 161.4 164.2 166.8 168.1 169 172.3 178 182 185.4 188 190.6 192.8 193.5 193.5 194
66.7 68.6 70.7 72.8 74.2 75.7 77.2 78.4 79.6 81 82.4 83.6 84 84.7 85.2 85.7 86.1 86.9 88.2 89.6 90.4 91.6 92.9 94.2 96.2 99.8 103.4 104.8 105.8 107.2 107.7 108.6 110 111.5 112.6 114.1 116.4 118.3 119.7 120.9 121.7 121.9 123.3 125.6 128.2 132.7 138.4 144.7 153.8 164.7 173.9 183.4 196 201 205.1 206.1 204.3 200.2 194.3 187.5 180.8 174.8 169 162.3 154.2 148.5 151.3 156.7 159.3 159.8 160.7 163.4 167.6 174 178.8 182.1 184.3 186.6 188.3 188.8 189.3
67.7 69.1 70.9 72.7 74.4 75.4 76.8 78.3 80 81.2 82.7 83.9 84.1 84.8 85.6 86 86.4 88.1 89.6 91 91.6 92.3 93.5 94.6 97.2 100.8 104.5 106.2 106.9 107.8 108.7 109.7 110.9 112.2 115.8 116.4 118 120 121.9 122.9 124.1 124.3 125.8 128 130.4 134.9 140.7 149.5 160 169.3 178.3 189.2 197.7 202.5 206.2 206.8 206.1 200.3 193.2 180.9 170.3 162.9 156.8 151.6 145.4 139.9 142.4 148.7 151 152.5 154 155.8 159.6 165.6 172.5 176.6 178.5 180.5 183 184.2 184.6
68.9 69.9 71.6 72.8 74.1 75.4 76.7 78.7 80.7 82.1 83.2 84.2 84.4 85.1 85.7 86.4 87.3 89.9 92.2 92.7 92.8 93.5 94.1 95.5 98.3 101.5 104.7 106 107.1 108.4 109.5 110.7 112.4 114.1 116.6 118 120.1 122 123.4 125 126.6 127.4 128.6 131 134.5 138.4 144.6 154.9 165.7 174.4 183.3 193.3 199.7 204 207.3 208 208.3 204.3 195.8 184.3 171.3 162.1 154.4 147 141.5 135.8 134.5 139.6 141.4 142.6 145.6 148.4 152.2 157.8 165.4 171.6 173.5 175.2 176 177.3 177.2
69.6 70.3 70.9 71.7 73.3 75.2 76.9 79 81.1 82.4 83.4 84.4 84.9 85.5 86.1 86.7 88.5 91.2 94.5 94.8 94.2 94.5 95.2 97.5 100 103.4 105.9 106.4 108.9 109.7 111.5 112.8 114.5 116.5 118.5 120.6 122.6 125.1 126.9 128 130 131.1 132.1 134.6 138.1 143 151 159.9 170.8 179.7 190.2 197 202.1 205.8 208.7 210.4 209.9 207.7 200.1 188.6 176.5 168.3 161.8 155.3 149.8 143.8 135.6 130.8 132 132.2 135.4 138.8 144.9 151.2 158.2 166.3 168.5 169.5 170 168.4 166.9
68.7 68.6 67.2 66.9 69.4 72.2 74.9 77.9 79.9 81.5 83.4 84.5 85.1 85.6 86.2 86.8 88.4 91.9 95.1 95.3 94.8 95.1 96.6 99.5 102.5 105.3 106.8 107.4 109.4 111.4 113.4 115.4 117.1 119.1 121 122.9 125.3 128.3 131.2 132.5 134.4 135.5 135.7 138.2 142.7 149.5 158.1 167.6 177.3 185 193.6 199.5 204 207.6 210.4 211.5 211.9 209.4 205.3 197.2 185.3 176.9 170.5 164.5 157.8 150.9 143.9 136.2 131.2 127 128.5 131.5 137.8 145.2 152.8 159.8 163 163.9 159.1 156.4 155.1
61.3 61.9 60.4 64.5 68.2 69.9 71.5 73.4 75.6 78.9 81.6 83.4 84.9 85.7 86.2 87 88.5 92.4 93.9 94.3 94.6 96.2 98 100.4 103.4 106.3 107.6 108.7 110.6 112.8 114.9 117.2 119.8 121.7 123.5 125.1 128.1 131.3 134.7 137.3 139.3 140.6 141.3 142.5 148 157.3 166.3 175.2 183.4 190.8 196.8 202 206 209.5 211.8 212.6 212.5 211.1 207.4 202.7 194.7 188.6 181.9 175.8 167.7 159.6 152.5 145.7 140.2 134.4 127.3 124.1 130.8 139.3 147.6 154 156.8 153.2 149.3 146.7 145.3
53.5 55.7 61.7 67.7 71.8 73.4 75.8 76.9 77 78.7 80.3 82.4 83.6 85.1 86.4 87.1 87.9 89.7 91.4 93.3 95 97.3 99.6 101.2 104.7 107.3 108.4 110.2 112.4 114.5 116.6 119.5 122 124.4 126 128.3 131.6 135.1 138.6 141.3 143.9 145.6 147.6 150.1 154.3 163.7 173.8 181.6 188.2 195.1 200.1 204.6 208.2 211 212.7 212.9 212.6 211.1 208.1 204.4 198.8 192.9 187.6 181.8 174.3 166 158.3 151.1 144.5 138.2 129.2 120.4 124 132.4 141.2 146.2 146.3 143.4 141.6 138 134.9
50.7 54 62.1 67.7 71.2 73.7 76.5 78.7 78.9 80.4 82.8 84.1 85.2 85.9 86.4 87.3 88.3 89.5 91.6 93.6 95.5 98.1 101.8 104 106.3 108.5 109.4 111.9 114.2 116.3 118.7 121.8 124.6 127.4 130.4 133.5 137.9 142.3 143.8 146.2 148.8 151.8 155.5 161 164 171 180.6 187.5 194.2 198.8 202.8 207 210 212.3 212.5 212.4 211.5 210 207 204.2 199.1 193.8 188.2 183 176.1 167.7 160.1 153.1 145.1 135.1 126.6 118.7 116.6 125.4 133.5 137.3 136 134.2 131.5 127.7 125.3
49.3 51.7 56.8 61.3 65.6 69.3 71.7 71.5 72.2 76.1 80.3 84.1 85.8 86.6 87.4 87.8 88.8 90 92.6 94.7 96.3 98.3 102 105.5 107.8 109.6 110.9 113.4 115.9 118.1 120.9 124 126.9 132.5 135.5 138.8 144.9 151.8 154.9 156 159 161.9 165.9 171 174.7 180.1 187.5 193.7 198 201.9 205.5 209.4 211.5 212.7 212.1 211.2 209.5 207.6 204.8 201.8 197.8 192.6 187.3 181.2 175.7 168.5 161.3 153.9 146.2 137.7 129.8 120.6 112.4 117.5 124.9 126.7 125.6 124 121.8 119.3 116.5
48 49.4 52.3 55.9 58.6 61 62.9 62.7 64.5 68.8 76.1 82.7 85.8 87.3 88 88.5 89.4 90.8 93.7 95.5 97 98.2 101.2 105.3 108.6 110.3 111.5 114.2 116.9 119.7 123 126.1 129.4 136.9 139.8 143.4 150.5 159.9 166.3 168.1 170.7 173.5 177.3 182.5 187.8 189.9 194.2 198.4 201.7 205 208.6 210.7 212 211.9 210.2 208.5 206.5 204.3 201.6 198.8 195.8 191.1 185.8 180.1 174.8 169.5 162.4 155.5 148.9 141.5 133.7 123.8 116.6 110 116.1 116.7 114.9 114.4 113.4 114.9 120.4
49 49.7 50.6 52.6 53.5 54.8 57.1 58.2 60.2 63.7 71 79.4 85.1 87.6 88 89 90.3 91.9 94.9 96.5 97.9 98.5 100.6 105.1 108.9 111 112.7 114.9 117.8 120.8 124.5 128 134 137.8 141.6 146.6 153.3 162.5 173 179.6 184.6 188.2 190.4 192.7 194.6 196.9 199.2 201.9 204.8 207.5 209.6 211.2 211.1 209.4 207.3 205.2 202.8 200.3 197.8 195.1 192.2 189 183.7 178.4 173.1 167.9 161.7 154.6 147.9 140.4 133.6 126.3 118.6 112.3 108.5 110.1 112.6 115.7 117.9 117.3 122.9
51.3 51.6 51.8 53.8 54.7 55.9 56.9 57.8 58.7 61.3 66.2 72.8 79.7 85 88.5 89.9 91.1 93.4 96.2 97.9 98.8 99.4 100.9 105.2 109.1 111.7 113.3 115.5 118.8 121.9 126 128.6 132.4 139.2 143.2 149.6 156.4 164.7 175.1 188 190.9 193.8 195.8 197.8 199.4 200.9 202.5 205.2 207.2 209.6 210.7 210.4 208.8 206.4 203.9 201.1 198.6 196.1 193.5 190.8 188.3 184.9 180.8 176.5 171.2 165.3 158.3 151.1 144 137.3 130.3 123.6 117.5 111.2 105.7 109.8 114.4 119.1 121.6 122.7 122.4
57.3 56.4 56.8 58 58.3 58.7 59.3 59.9 60.2 61.4 63.1 67.8 71.4 78.4 84.2 89 92 94.6 97.4 98.9 99.8 100.9 102.6 106.1 110.6 112.8 113.8 115.2 118.1 122.2 126.8 128.5 133.4 139.9 144.7 150.7 157.9 165.6 174.4 185.4 194.9 198.1 200.1 201.7 203.3 204.9 206.4 208.3 209.8 210.2 209.8 208.6 205.9 202.7 199.4 196.6 193.7 190.9 188.3 185.6 183.2 180.9 176.8 172.6 167.4 160 152.8 146.2 139.1 133.2 126.4 120.3 114.5 106.6 104.9 112.1 117.5 120.5 124.5 126.2 126.1
65.2 63.4 64 67.5 67.8 66.3 65.2 64.7 65 64.9 65.7 65.5 66.7 71.7 76.7 83.4 91.2 95.1 98.3 99.7 100.8 102.2 103.6 106.1 110 112.9 114.5 115.6 117.4 121.9 127.9 129.8 133.8 137.5 145.8 149.6 156.9 165.9 175 187.6 199.3 202.2 204 205.6 207.2 208.8 210.3 210.8 210.9 208.8 208 205.9 202.5 198.9 195 191 187.7 184.5 180.7 177.3 174.2 174.1 169.7 166.2 160.7 154.2 147.6 139.7 131.9 125.4 120.4 116 112.1 106.7 108.1 114.2 116.2 121.6 125.6 128.5 130.3
72.1 70.3 71.2 73.7 75.9 76.4 75 72.9 74.9 74 71.8 70.3 68.9 69.5 72.7 78.8 87.1 94.2 98.2 100.3 101.1 101.8 103.2 105.2 107.6 110.6 113.6 115.7 119.7 122 126.7 129.9 134 136.7 143.1 149.3 156.2 165.4 174.4 187 203.4 205.4 207.6 209.5 211.1 212.5 212.1 212 210.4 207.3 204.5 201 197.2 193.5 189.4 184.6 180.4 176.7 172.2 167.2 163.6 162.4 160.6 157.8 152.8 147.6 142 134 127.2 121 116.2 112.6 109.1 99.9 107.1 111.5 114.5 119.4 125.4 129.6 134
75 74.6 75.7 77.4 79 81.4 81.3 81.6 84 84.3 81.6 79.4 76.8 72.7 71.9 75.2 82.1 91.2 97.3 100 100.7 101.1 101.1 103.8 104.7 106.9 109.6 111.7 116.2 117.7 127.3 130.5 132.8 136.7 140.7 148.3 155.4 163.5 173 182.8 199.9 208.5 210.7 212.5 213.9 214.3 213.8 212.5 209.5 205.1 199 192.6 187.5 183.8 181 176.8 171.4 167.9 163.5 156.1 152 151.2 151.1 148.4 144.6 140.2 136.5 130.4 125.1 119.8 114.6 111.2 107.3 99.9 105.7 111.6 116.3 123.2 128.9 133.3 139
76.7 77.5 78.1 79.6 81.5 83.5 85.4 86.2 87.8 88.6 88.8 88.6 87 80 75 74.4 77.3 86.9 94.6 96.4 96.7 97.5 98.6 99.4 100.9 102.5 103.9 106.2 110.7 120.8 125 129.5 131.9 135.6 140.1 146.2 152.9 159.5 169.1 178.8 193.7 207.2 211.2 213.4 214.7 214.6 214.1 211.1 206.8 201.4 194.2 185.1 176.9 172.4 169.8 167.6 162.4 157.6 156.1 147.9 140.6 140.8 141.4 140 137.3 133.1 130.3 126.2 121.4 116.9 113.9 110.6 106.5 99.9 108.5 114.1 119.8 126.8 134.7 140.6 147
77.4 78.1 79.3 81.1 82.9 85.1 86.9 89.1 90.4 90.9 92 92.8 90.9 87.1 82 77.4 77.6 79.1 87.7 93.1 96.5 98.9 100.7 102.7 103.6 104.6 106.8 106.7 107.9 112.4 121.4 126.5 129.7 136.6 140.1 144.2 149.7 156.5 164.5 174.2 183.8 194.6 205 212.8 214.9 214.8 213 209.4 204.1 197.2 189.1 178.8 168.6 160.5 158.7 156.7 152.5 147.1 145.9 141.4 136.1 132.4 134.2 133.1 130.7 127.2 124.8 121.2 117.9 114.1 111.1 107.8 102.4 102.3 111.4 118.3 127 133.3 140.5 148.1 154.8
76.2 78 80 82 83.9 86 88.2 91.4 92.7 93.3 93.8 94.3 94.7 93 90.9 85.7 84.7 84.2 90.2 96 98.7 101.6 104.6 106.3 107.5 108.5 109.5 110.4 110.6 110.1 116.2 122.7 128.7 134.3 139.8 142.9 147.3 153.2 160.4 167.9 175.1 183.5 193.6 205.3 213.9 213.2 211.3 207 199.7 192.4 183.5 174.3 164.1 153.5 148.2 146.2 143.6 139.2 136.8 134.1 131.3 126.6 127.7 127.3 125 122 119.4 118 115.4 112.2 107.2 104.4 100.1 106.4 114 122.9 132.1 139.7 146.8 154.6 162.7
75.7 77 78.8 81.2 83.8 86.9 90.3 93.3 94.9 94.7 95.4 95.9 96.4 96.4 95.5 93.2 94.8 93.2 95 99.1 101.5 104.8 107.5 109.6 110.5 111.4 112.2 112.8 113.5 113.2 112.4 122.1 124 133.6 136.9 140.6 144 149.6 155.8 162.4 169.2 177.1 185.9 195.7 206.4 212.4 209.1 201.7 193.7 184.8 176.4 167.8 160.3 150.7 144.2 138.9 137.3 134.8 131.1 127.7 124.7 121.9 119.6 119.8 119.4 117.2 116.4 115.4 112.5 109.2 105.3 100.4 101.2 107.9 116.2 126.2 135.7 144.4 152 159.7 171.1
74.2 75.3 79.5 83.1 86.7 90.6 93.2 95 96.4 96.4 96.6 97.2 98 98.6 99.1 99.3 100.5 99.7 98.4 101.5 105 107.7 110.4 112.4 113.3 114.2 115.1 115.7 117.1 117.4 116.2 115 123.3 128 137.1 139.3 139.8 145.6 151.7 158 164.4 171.7 179.6 188.1 198.5 207.6 204.2 195.5 185.3 177 168.7 160.4 152.6 146.2 141.5 136.3 132.1 129.5 126.1 123 120.2 117.7 116.1 115.2 114.3 112.3 112.6 111.7 109.5 106.6 103 97.3 103.8 112 120.9 131.1 139.5 147.6 156.1 165.7 177.3
72.5 74.6 78.9 84.3 89.1 93.4 95.9 97 97.4 97.9 98.1 98.4 99.1 99.9 100.4 101.9 103.9 104.8 103.5 102.8 106.7 111.2 113.5 114.9 116 118.3 120.2 119.9 121 121.8 120.6 118.1 117.9 123.6 130.3 133.2 134.8 140.1 146.8 153.4 159.8 166.7 173.9 180.4 189 197 197.1 188 178.8 169.9 161.3 153.7 147.2 142.1 137.2 132.6 128.3 125.6 122.7 119.5 116.5 112.7 111.6 109.7 108.9 107.5 108 107.4 106.3 104.2 99.8 100.3 108.9 116.8 127.5 135.7 142.8 150.4 159.2 169.4 175.5
