public/OST50/ST77.asc
ncols 200
nrows 200
xllcorner 370000
yllcorner 170000
cellsize 50
[rows 108 to 143 of 200, columns 81 to 161 of 200]
181.8 188.1 192.3 193.7 195.9 197.3 200.7 206.9 211.6 212.2 212.6 213.2 213.5 212.9 213.6 212.9 212.3 211.3 210.2 209 207.5 204.3 201.2 198.1 196.2 194.5 194.5 194.6 193.7 193 192 190.5 189.3 190.4 190.4 190.4 189.7 189 188.2 187.2 185.9 185 184 182.8 181.4 180 179.4 175.6 172.5 170.1 164.9 158.3 152.4 150.3 152.8 156.3 158.6 159 156.4 155.8 161.5 169.2 175.4 176.1 176.4 177.3 179 181.1 182.7 184.3 185.4 186.1 186.5 186.8 187.1 186.5 185.8 185.7 185.5 184.6 183.7
179.5 185.2 188.7 188.9 193.8 197.5 200 202.6 206.4 207.5 208.9 211.2 213.4 213.4 213.3 212.8 212 211 210 208.9 207.4 205.7 203.4 201 199.1 198.7 198.5 197.4 196.5 195.7 194.4 193.5 192.6 191.8 191.4 190.8 189.9 189.1 188.1 186.9 185.9 184.7 183.2 181.8 180.6 179.2 176.5 173.9 169.5 163.8 156.9 151.2 154.7 158.3 160.7 163 164 161.2 158 157.9 163.4 172.3 177.8 177.7 177.4 177.6 179.6 181.9 183.4 185 185.9 186.4 186.7 187.1 187.1 186.6 186.2 186.3 185.7 185.2 184.5
166.4 171.5 174.5 175.9 184.8 193.1 197.2 199.2 199.5 199.4 204 208.7 213.4 213.2 212.7 212.3 211.7 210.8 209.7 208.6 207.3 205.9 204.6 203.4 202 200.9 199.8 198.4 197.2 196 194.6 193.9 193 192.3 191.5 190.8 189.9 189 187.6 186.4 185.2 183.7 181.5 180.3 178.4 176 173.3 169.6 163.4 154.9 154.4 159.7 164.5 167.8 169.7 170.4 167.7 163.3 159.2 161.1 164.6 172.5 178.3 179 179.2 180.9 181.3 182.1 184 185.4 186.5 187.1 187.6 187.7 187.3 186.8 186.8 186.6 186 185.4 184.8
149.3 152.6 153.8 158.1 165.9 179.4 190 194.1 194.9 196.8 199.8 206.9 211.6 212.6 212.2 211.7 211.3 210.5 209.4 208.4 207.1 205.9 204.8 203.8 202.7 201.6 200.4 199.4 198 196.6 194.8 194 193.6 192.9 191.7 189.9 188.4 187.7 186.5 184.9 183.1 180.2 177.3 175.2 172.9 170.5 167 161.7 155.5 156.7 163.6 169.6 173.5 176.1 177.3 175.5 171 162.7 162.6 168.1 172.2 175.5 178.4 180.3 181.6 182.4 183.2 183.3 184.1 185.8 187.2 187.8 188.3 188.1 187.8 187.6 187.1 186.7 186.2 185.7 185
137.1 144.6 158.3 166 167.1 167.4 175.8 186.7 192.9 195.1 198.4 205.5 210.5 211.8 211.5 211.1 210.8 210.2 209.1 208 207 206 205 204 202.9 201.7 200.5 199.3 198.1 196.9 195.5 194.2 192.8 191.9 190.7 188.4 186.7 183.8 180.6 177.8 175.4 173 170.8 168.6 166 163 160.2 156 158.6 166.3 172.8 177.4 179.9 181.2 180.8 178.6 171.8 163.9 168 174.1 177.8 179.2 180.3 181 182.7 183.6 184.7 184.9 184.8 185.8 187.3 188.2 188.6 188.7 188.5 187.9 187 186.6 186.3 185.8 184.5
141.4 153.6 169.1 178.6 183.5 177.6 174.4 180.8 190.6 193.3 197.2 204.2 209.6 210.6 210.8 210.4 209.9 209.4 208.7 207.6 206.1 205.8 204.9 203.8 202.5 201.3 200.1 199 197.6 196.2 194.8 194 192.1 189 184.9 181.6 179 176.2 174.4 171.5 168.8 167.1 164.5 162 161.7 159.4 157 157 165.9 173.9 179.1 182.8 182.9 182.8 182 178.9 171.8 166.3 172.6 178.4 181 181.5 181.8 182.1 183.5 185 186.1 186.2 186.1 186.7 187.5 188.9 189 189.1 188.8 187.5 187 186.6 186.2 185.2 184
151.3 159.2 173.7 185.8 191.2 190 185.9 184.2 187.4 192.3 195.6 199.7 206 209.8 209.7 209.4 208.9 208.4 207.8 206.9 205.2 205.1 204.6 203.7 202.4 201 199.8 198.8 198.2 197.5 196.6 195.3 191.6 184.9 178.3 175.2 172.8 170 168.8 166.4 164 162.2 162.6 163.2 163.2 160.8 156.2 163.2 172.6 179.2 183.7 185 184 183.5 182.6 180.7 174.8 171.5 176.9 181.5 182.5 183.5 183.7 183.7 184.6 186.1 187.4 187.3 187.3 187.5 188.1 189 189.2 189.3 188.8 187.7 187.4 186.4 185.7 184.9 182.6
169.9 171.3 176.8 185.6 191.4 193.6 192.8 190.4 189.9 192 193.4 196 202.6 207.3 208.4 208.4 207.9 207.4 206.6 205.8 204.5 204.2 204.1 203.3 202.3 201.2 200.5 199.6 199.1 198.2 196.3 194.2 189.1 180.1 173.4 170.6 168.8 166.5 165 164.8 165.1 165.5 165.9 165.9 163.7 158.4 159.1 169.1 177.5 183.5 185.1 185.2 184.4 184.2 183.8 181.9 176.8 176.9 180.3 183.3 184.2 185.1 186 186.1 186 187.3 188.7 188.6 188.5 188.7 189.2 189.3 189.2 188.8 188.5 188.2 187.9 186.9 185.4 184.3 181.9
184.5 184.7 183.9 185 189.8 194.4 195.4 193.7 193.1 194.2 196.8 200.4 205.5 207.9 207.6 207.2 206.9 206 205.2 204.4 203.7 203.3 203.2 202.8 202.5 201.4 200.9 200.2 199.2 197.3 192.6 187.9 182.2 176.2 170.6 168.8 168 168.4 169.1 171.1 172.7 173.8 171.7 169.6 164.5 157.5 163.8 173.2 181.5 185.9 186.3 185.5 185 185.5 185.4 183.1 178.9 180.9 183.8 185 185.9 186.8 187.8 188 187.9 188.8 189.9 189.8 189.8 189.8 190.2 190.2 189.8 189.2 189.3 188.9 188.2 187.3 185.9 184.5 182.9
194.6 194.4 192.3 191 193.5 195.7 196.5 194.8 195.6 197.2 202.3 206.3 208.1 207.7 207.2 206.6 205.2 204.3 202.7 201.5 200.4 199.6 199.7 201 201.6 200.6 200 198.4 195.4 191.3 187 180.6 175.9 172.7 170.6 170.8 173 175.7 177.6 179.7 181.3 181.7 178 168.8 160.3 157.8 166.9 177.2 184.9 187.5 188.1 187.5 187.3 186.4 185.6 182.9 181.1 184.2 185.6 186.4 187.5 188.4 189.1 189.5 189.4 190.1 191.1 191.1 191 191 191.2 191 190.6 189.8 189.8 189.4 188.6 187.5 186.3 184.9 184.2
202.2 201.7 200.1 198.3 197.6 197.5 197.3 196.2 197.1 201.6 207.3 209.3 208.7 207.4 206 204.6 203.2 200.9 199.3 197.1 195.8 194.5 193.5 194.8 195.5 195 193.8 191.4 188.3 184 180.3 176.1 175.1 176.1 177.4 179.4 181.3 183.6 185.4 186.7 186.7 184.7 178.2 167.1 159.2 160.3 169.7 179.3 186.5 188.8 189.6 189.2 188.7 187.7 186.4 184.2 184.5 186.3 187.2 188.1 189.1 189.9 190.5 190.8 190.8 191.3 191.6 191.6 191.8 192 191.8 191.6 191.1 190.7 190.1 189.6 188.9 187.7 186.6 185.2 183.4
206.9 205.1 202.8 201.7 200.7 199.3 197.8 197.1 198.5 205.7 210 209.6 207.7 206.9 204.9 202.8 200.7 198.4 197.6 196.9 196.3 194.3 192.1 189.6 188.5 188.1 186.5 184.3 181.4 179.7 180.3 181.8 183.9 184.4 186.1 187.2 187.9 189.5 189 188.8 187.4 182.7 175.2 166.5 159.2 163.1 172.6 181.5 188.1 190.2 190.2 189.9 189.4 188.7 187.4 186.3 187.1 187.5 188.6 189.7 190.6 191.3 191.9 192.1 192.1 192.2 192.4 192.3 192.1 192.3 192.3 192.1 191.3 190.7 190.1 189.6 188.8 187.8 186.6 185 183.5
208.5 206.5 204.2 202.7 202 199.9 198.3 197.6 198.7 203.2 206.8 206.8 205.4 204.9 203.9 202.7 201.9 201.6 202.2 201.5 200.7 198.6 194.4 191.1 189.9 189.2 188.2 187.1 186.6 186.5 188.4 189.9 191.1 191.7 191.4 191.2 191.7 191.2 190.7 189.3 186.1 179.4 171.4 163.3 160.7 166.8 176.1 184.1 190.1 191.2 190.6 190.1 189.5 188.9 188.2 188.1 188.7 188.9 189.7 191 192.1 192.7 193.2 193.5 193.5 193.9 194.1 193.7 193.2 192.7 192.6 192.6 191.8 191.1 190.1 189.3 188.5 187.6 186.1 185.1 184.2
208.5 207.4 205.3 203.2 202.3 200.3 198.7 197.5 197.4 198.7 200.5 201.6 203.1 205.4 205.3 204.7 205.1 205.1 204.8 203.6 201.9 200.3 197.1 196.2 196.5 196 195 194.2 194 194 194.9 194.9 195 194.9 194.4 193.5 192.8 192 190.5 187.3 181.7 174.6 167.1 161.7 163.8 171.9 180.4 187 191.6 192.3 191.7 191.2 190.6 189.9 189.4 189.3 190.3 190.5 191 192.6 193.1 193.5 194 194.4 194.9 195.3 195.1 194.5 193.9 193.5 193.2 192.6 191.8 190.7 189.9 189.1 188.3 187.2 186 185.4 184.9
207 207.6 205.6 203.5 202 200.6 198.9 197.3 197.3 197.8 198.7 201.3 204.5 207.4 207.1 206.6 206.6 206.4 205.6 204.5 203.4 202.3 200.8 200.3 199.8 199.1 198.5 198 197.7 197.3 197.3 197.3 196.9 196.4 195.3 194 193.2 191.3 187.8 182.8 176.5 169.5 164.2 162.1 168.7 177.1 184.5 190.9 192 193 193 192.3 191.7 191.1 190.6 190.9 191.5 192.1 193.1 193.7 194 194.1 194.6 195.1 195.3 195.5 194.2 193.9 193.6 193.7 192.8 192.3 191.5 190.6 189.9 189.2 188.4 187.6 186.6 185.9 185.3
205.8 206.4 205.8 204.2 202.6 200.6 198.9 197.2 197 197.9 198.7 202.3 206.7 208 207.8 207.4 207.3 207.1 206.1 204.9 203.8 203.1 202.7 202.1 201.7 200.9 200 199.4 199 198.7 198.4 198.1 197.8 197 195.8 193.9 191.8 186.9 181.6 176.3 170.1 165.6 162.8 167.1 175 182.2 188.4 192.2 193.1 193.9 194.2 193.5 192.8 192.4 192.3 192.8 193.3 193.8 194.2 194.7 194.9 195 195.2 195.5 194.9 193.9 193.1 192.9 193.2 192.7 192.1 192 191.2 190.6 189.9 189.2 188.5 188.2 187.3 186.5 185.5
204.1 205.1 206 204.5 202.5 200.2 198.5 197.1 196.6 197.2 199.3 204.5 208.4 208.6 208.4 208.1 208 207.4 206.4 205.4 204.8 204.1 203.8 203.5 202.9 202.1 201.4 200.7 200.2 199.8 199.5 199.3 198.4 197.3 195.3 191.5 186.3 180.6 174 169.6 165.7 164.3 166.8 173.9 181.3 187.3 191.9 193.8 194.5 195 195.3 195 194.6 194.4 194.1 194.3 194.8 195.1 195.2 195.7 195.8 196 195.5 195.2 194.5 193.2 192.3 191.6 192.1 191.3 191.2 190.8 190.5 190 189.3 188.5 188.1 187.7 187 186.5 185.3
203.8 203.7 205.5 204.5 202.1 199.8 198.3 196.9 196.2 196.9 201.8 206.5 208.9 208.8 209 208.8 208.4 207.8 207.1 206.4 205.8 205.2 204.8 204.4 204 203.3 202.7 202.1 201.5 201 200.4 199.6 198.7 195.1 191 185.4 179.6 172.7 166.6 165.9 166.3 167.7 172.8 180 186.3 191.4 193.8 194.9 195.6 196 196.4 196.1 195.8 195.8 196 195.8 196.2 196.4 196.6 196.4 195.8 195.1 194.6 193.9 193.5 192.9 191.8 190.9 190 190.3 189.7 189.3 189.2 188.7 187.8 187.4 186.9 187 186 185.7 185.3
204 202.8 203.6 204.4 202.2 199.7 197.8 196.5 196.2 198.5 204.6 209.7 209.7 209.7 209.4 209.2 208.6 207.9 207.6 207.3 206.8 206.2 205.8 205.3 204.7 204.2 203.6 203 202.4 201.6 200.5 199.8 197.1 192.3 186.3 179.4 172.3 167 168.5 170.7 173.7 176 179.1 185.2 190.6 193.7 195.5 196 196.5 197 197.3 197.1 197 197 197.2 197.4 197.1 196.5 196.7 196.7 195.9 195.7 194.8 193.8 193 191.5 189.9 188.8 188 188.6 188.2 188.1 187.5 187.1 186.6 185.9 184.9 185.9 185.1 185 184.6
204.7 203.2 201.9 203.8 202.4 199.3 197.2 196 197.2 201.9 207.8 210.8 210.6 210.1 209.6 209.1 208.6 208 207.8 207.5 207.2 206.9 206.5 206 205.5 205 204.4 203.6 202.8 201.9 200.8 198.5 193.8 187.9 181.1 172.7 168.1 171.3 176.6 180.1 183.1 185.5 187.3 190.7 193.4 195.6 196.1 196.7 197.4 197.9 198.1 198.1 198.1 198.2 198.1 198.1 197.9 197.5 197.5 197.4 197 196.1 195.2 193.9 192 189.9 188.3 186.3 185.1 185.5 185.7 185.6 183.9 182.9 181 179.6 179.2 178.7 177.9 179.1 180.2
204.6 202.7 200.8 201.5 202.2 199.5 196.8 195.3 198.2 205.2 210.3 211.5 210.9 210.2 209.1 208.7 208.2 207.7 207.6 207.3 207 206.6 206.6 206.1 205.7 205.2 204.4 203.6 203 201.7 198.4 194.7 188.9 182.3 175.5 169 172.4 179.8 185.2 188.2 190.7 192.8 194.4 194.7 195.8 196.8 196.9 197.4 198.2 198.7 198.7 198.6 198.5 198.4 198.2 198.1 197.8 197.6 197.1 196.6 196 195.2 194.9 193.2 191 188.4 186.7 184.3 181.3 181.2 181.5 181.7 180.7 177.9 176.3 174.6 172 169.4 169.3 170.5 171.5
204 202.8 200.8 199.4 199.7 199.8 196.4 195.2 199.9 207.2 211.6 211.7 210.7 209.9 208.9 208 207.6 207.2 206.7 207 206.6 206.4 206.7 206.1 205.6 205.2 204.4 203 200.5 197.7 193.2 188.4 182.8 176.5 171.2 171.5 179.6 187.2 192.1 195.2 197 197.5 197.4 197.4 197.5 197.6 198.1 197.8 197.6 198.6 198.6 198.6 198.5 198.4 198.2 197.9 197.7 196.9 196.1 195.5 194.8 194.2 193.4 191.9 189.9 187.5 185.3 182.4 178.1 176.1 178.9 179.5 179.5 176.8 176 174.9 172.9 169.1 164.4 161.3 160.9
203.4 202.8 201.1 198.7 198.7 199.8 196.6 194.3 199.3 206.6 211.7 211.4 210.2 209.4 208.6 207.3 206.9 206.3 205.5 204.4 204.8 205.2 205.1 204.9 204.1 202.4 200.3 197.7 194.2 190.8 186.7 182.2 177.9 173 170 177.6 186.5 193 198 199.9 199.6 199.4 199.2 199.3 198.4 198.2 196.6 196.8 196.8 198.6 198.6 198.6 198.3 197.9 197.6 197.2 196.8 196 195.2 194.5 193.7 192.6 191.8 190.3 188.7 186.5 184 180.6 175.6 172.3 177.5 181.4 181.2 181.5 181.5 180.5 178.5 174.9 170.5 164.4 157.9
203.2 202.2 200.9 199 197.2 198.4 196.8 193.1 196.9 203.5 209.1 210.8 209.8 208.9 208.1 206.1 203.3 200.6 198.7 197 196.5 196.9 197.1 197 196.3 194.9 193 189.5 187.1 183.6 180.2 177.2 173.6 170.4 175.1 183 191.3 197.7 201.9 202 201.4 200.8 198.4 197.3 197.2 197.1 196.3 197.6 197.5 198.3 198.1 198.3 198 197.2 196 195.9 195.6 194.8 194.2 193.4 192.1 190.6 189.2 187.5 185.8 184.5 181.8 177.2 172.1 169.7 178.6 183.2 184.5 185 184.4 183.7 181.5 178.2 172.5 164.1 159.8
203.7 202.8 201.7 199.8 196.9 196.8 197.1 192.4 193.6 198.3 202.1 204.5 204.6 204 202.2 199.6 195.7 192.7 190.3 188.8 187.9 188 188.9 188.2 187.5 186.6 184.5 182 180.3 177.4 174.9 172.6 173.1 175.7 180.9 188.9 196.1 201.6 203.6 202.4 201.6 199.4 195.6 192.5 190.3 190.1 191.2 191 192.3 193.5 195 195.9 194.8 193 191.3 190.9 192.3 192.1 191.4 191.1 190.1 186.2 182.6 180.4 178.4 177.5 174.4 169.7 166.8 171.9 181.2 185.5 186 186.2 185.5 184.3 182.3 178.8 173 170.2 168.7
204.5 203.5 201.8 200 197 194.8 195.9 192.6 189.5 192.2 193.6 195.3 196.5 195.8 194.5 191.9 189.1 185.8 183.4 181.8 180.2 180 180.6 179 178.4 177.8 176.9 175.5 174.9 174.3 175.9 176.8 178.6 181.9 187.4 194.5 201 204.9 204.6 201 197.3 193.2 189.1 185 181.7 180.8 182.2 182.1 183 185.1 187.1 188 187.2 185.4 183 182.4 183.6 184.6 183.9 183.1 182.2 178.6 174.7 171.5 169 167.2 164.2 163.6 169.8 179.4 184.4 186.9 187 186.7 186.2 184.9 183.1 180.6 178.5 176.7 174.9
204.9 203.2 201.4 200.2 197.2 193.5 192.7 192.4 188.4 187 187.9 187.9 188.5 187.6 186.9 185.6 183.8 182.3 180.8 180.3 180.3 180.1 180.1 180.2 179.9 179.9 179.5 179.6 180.2 180.9 182.8 185 187.1 190.5 195.7 201.2 204.9 203.2 199 195.2 190.4 185.8 182 178.2 173.6 175.1 177.4 174.6 174.7 174.5 179.8 179.2 177.4 176.3 173.7 172.4 174.1 174.8 174.1 174.2 172.8 170.2 167.5 164 161.9 160.9 164 169.9 178.4 184.3 187.6 187.9 187.3 187 186.6 185.4 183.7 182.2 180.9 179.6 176.8
203.1 202.1 201.5 200.5 197.8 193.3 190.7 191.8 189.8 187.9 186.3 185.6 184.7 184 183.5 183 182 182 182.5 183.3 184.6 185.8 186.5 187.1 187.5 187.7 187.5 188 188.7 190 192 194.1 196.4 198.7 203.2 204.5 201.5 197.2 192.6 188.3 184.8 181.1 177 172.5 167.2 172.7 173.4 168.2 164.6 165.7 172.2 175.1 169.3 166.2 167.9 161.6 168.1 169.1 164.5 166.7 167.6 165.8 163.6 160.7 158.8 163.5 169.9 177.1 184 188.2 188.4 188.1 187.4 187 185.8 184.9 183.4 181.5 178.3 174.9 171.2
201.4 200.3 199.2 198.4 195.1 194.2 192.9 193.7 192.4 189.9 186.8 185.6 184.9 184.5 184 184.2 184.6 185.1 186.9 188.5 191.3 193.6 194.6 195 195.7 195.4 195 196 197.4 198.3 199.9 201.4 203.6 205.5 205.2 201.6 196.1 191.5 188.3 184.9 181.6 177 173.2 167.8 162.4 165.4 167.2 161.4 157 147 156.9 166.7 163.7 153.5 161.2 155.8 163.9 165.1 158.6 159.2 160.5 156.9 154.3 158.6 165.1 171 177.5 183.9 188.6 188.8 189 188.7 187.6 186.2 184.8 182.2 178.5 175.2 171.7 168.2 163.9
199.9 199.4 198.6 197.6 198.5 197.9 196.1 195.8 193.7 189.7 187.7 186.8 187 187.1 187.5 188.8 189.3 189.8 192.1 194.5 196.6 198.4 199.5 199.6 200.8 200.3 201 202 203.2 204.5 204.9 205.6 206.4 206 203.2 196.8 191.5 188 185.7 181 176.4 173.1 170.3 165.4 161.1 158.3 153.6 150.4 143.1 137.6 134.4 154.9 156.6 142.1 147.6 146.4 157.8 155.4 150.7 149.9 150.9 153.1 159.4 166.6 172.6 178.7 184.4 188.7 190.2 189.5 189.2 188.6 186.8 184.1 179.7 175.3 171 167.4 163.8 161.4 156.9
201.9 201.8 201.3 201.8 201.9 200.8 198.8 197 192.9 190.2 190.5 192.4 193.2 193.6 193.5 194.5 194.6 194.7 197.1 198.3 199.4 200.6 201.5 202.9 203.4 204.7 205 205.1 204.1 205.5 206 207.2 206.9 204 199 194.2 189.4 187.5 182.2 176.4 172.6 169.7 168.4 169 170.4 167.7 163.4 158.6 157.2 147.3 133.9 137.8 134.9 133.2 135.8 137.8 141 144 146.7 151.9 157.9 163.4 169.2 175 180.8 185.7 189.2 190.9 191.1 190.1 189.1 186.9 183.7 178.7 172.8 167.3 163.2 159.6 158 156 154.9
206.2 206.4 206.1 205.1 204.1 202.5 200.6 197.6 193.6 193.9 198 200.6 199.7 199.2 199.1 199.5 198.9 199.1 199.8 200.8 201.5 202.4 204.1 205.3 205.8 206.2 206.9 207.3 207.9 208.3 208.4 207.2 203 198.7 194.6 191.1 187.6 184.6 179.3 176.2 174.3 174.5 174.3 175 174.7 173.7 172.6 170.9 168.6 153.8 134.6 129.6 133.3 143.7 153.2 153.4 157.6 162.8 161.4 164.4 169.8 172.7 177.8 183.1 187.9 190.9 192.2 191.4 191.4 189.2 186.6 182.2 177.7 172.2 166.4 162.3 159.7 158 155.9 153.6 151.1
209.6 208.9 208 206.8 205.2 203.2 201.1 197.9 194.4 197.8 203.3 204.7 203.9 202.9 202.2 202 202.1 202.2 202.7 203.5 204.6 205.4 206.2 206.5 206.8 207.3 208.1 208.8 209.3 209.7 210 207.4 201.7 195.1 191.7 189.4 188.9 186.9 183.8 181.4 177.9 177.5 177 176.7 176 175.3 174.2 172.4 163.7 144.7 130.4 130.8 143.2 161.3 164.5 167 171.3 174.3 171.6 171.5 174.2 178.7 184.7 190 193 194.1 192.6 191.2 188.5 185.3 181.3 176.1 171.6 166.3 163 160.3 158.2 156.2 153.2 151.9 153.3
211.1 210.1 209.1 208 206.1 202.8 200.5 197.9 195.4 199 205.5 206.5 205.6 205 204.6 204.6 204.6 205 205 205.6 206.5 207 207.4 207.8 208 208.2 209 209.8 210.3 210.9 210.7 208.2 201.7 195.5 192.2 191.1 191.2 190.3 188.4 184.3 180.5 179.2 178.4 177.4 176.2 174 169.6 155.7 142.4 129.3 127.7 139.2 154.8 168.7 170.6 171.8 177.2 179.6 177 177.1 177.2 181.8 190.5 196.2 195.7 192.3 190.4 186.6 183 178.4 173.4 170.3 167.5 163.5 160.3 159.5 157.1 155.6 155.4 157.4 158.1
212.1 211 209.6 208 204.9 202 199.7 198.3 196.8 200.7 207.1 207.7 206.9 206.7 206.3 207.5 207.5 207.7 207.5 207.4 207.9 208.3 208.4 208.8 208.9 208.9 209.8 210.7 211.2 211.7 211.9 208.9 202.6 196.9 193.5 192.7 192.4 192.1 191.2 186.1 180.5 177.2 174.6 171.8 164.2 153.3 144.2 133 126.3 123.6 133.3 147.6 168.3 173.7 174.2 174.7 180.9 181.6 180.8 181.1 181.3 182.9 190.4 192.4 189.8 187.1 183.4 179.5 175.9 173.2 169.8 167.2 164.9 161.8 160.4 160.3 160.9 160.4 159.9 160.8 160.9
212.6 211.1 209.6 207.5 204.6 201.4 199.3 199.1 198.3 202.3 209 208.7 210.7 209.9 209 208.5 208.6 208.9 208.6 208.3 209 209.3 209.5 209.7 209.7 209.7 210.3 211.1 211.9 212.4 212.3 208.6 201.2 194.7 192.5 191.9 191.2 190 186.8 181.8 175.9 171.2 163 149.7 141.6 134.2 126.3 121.6 122.4 125.2 134.8 153.5 171.9 176 175.9 176.1 180 181.8 183.7 185 185.5 186 186.8 186.1 183.7 180.9 177.8 175 172.6 170.2 168 166.8 165.6 164.3 163.2 163.4 164.1 163.7 163.1 163.7 163.4
