public/OST50/ST78.asc
ncols 200
nrows 200
xllcorner 370000
yllcorner 180000
cellsize 50
[rows 72 to 107 of 200, columns 0 to 80 of 200]
59.2 58.5 58.2 58.5 59.1 60.1 61.1 62.5 63.8 64.6 65.3 64.4 65.7 65.3 64.9 64.5 63.9 63.3 62.8 62.3 61.6 63.1 64.5 65.4 66.5 67.7 68.2 68.7 69.6 70.8 71.9 73.1 74.9 77.8 83.6 86.5 91.4 97 99.9 98.9 97.8 97.2 96.8 96.3 95.9 95.2 94.6 95 95.4 95.9 96.4 96.1 95.8 95.7 95.8 95.9 95.9 95.3 94.1 92.2 90.3 88.9 87.3 86.5 85.8 84.9 84 83 81.9 79.7 73.3 72.9 77.5 79.4 81.9 84.5 86.9 89.4 90.9 91 90.7
60.1 59.8 59.4 59.4 60.3 61.2 62.1 63.1 64.3 65 65.6 66.3 66 65.7 65.4 64.9 64.4 63.7 63.1 62.5 61.6 62.9 63.7 64.6 65.5 66.7 67.5 68.2 69.1 70.6 71.8 72.9 74.9 77.5 80.8 84.5 90.9 97 100.1 99.2 97.8 97.3 96.8 96.4 96 95.4 94.8 94.9 95.2 95.7 96.4 96.7 96.4 96.3 96.2 96.3 96.3 95.8 94.6 92.7 90.9 89.4 87.7 86.9 85.9 84.8 84.1 83.2 81.4 79.6 70.4 75.9 79.4 81.5 84 86.5 88.9 91.3 92.6 92.5 92.1
60.2 60.7 60.5 60.8 61.4 62.3 63.1 64.1 64.7 65.3 66 66.2 66.2 66.2 65.9 65.4 64.9 64.3 63.6 62.9 62.3 63 64 64.9 65.5 66.3 67 67.8 68.8 70.5 71.6 73 75.1 77.7 80.9 84.9 91 96.1 99.6 99.6 97.9 97.3 96.9 96.5 96.1 95.5 94.9 95 95.1 95.8 96.5 97.2 96.9 96.9 96.8 96.6 96.6 96.1 94.8 93.2 91.5 89.8 88.1 87.1 85.9 84.8 83.9 81.9 78.1 70 74.8 77.2 80.9 83.4 85.9 88.6 91 92.7 93.7 94 93.6
60 61.6 61.5 61.9 62.5 63 63.7 64.3 64.8 65.4 63.5 66.2 66.3 66.5 66.4 65.9 65.4 64.8 64 63.3 62.5 63.3 64.3 65.2 66.1 67 67.6 68.2 69.4 70.5 71.7 73 75.1 78.2 82.7 89.5 93.4 95.7 99.1 99.5 98.2 97.4 97 96.7 96.2 95.6 95.1 95.2 95.3 95.8 96.5 97.3 97.5 97.2 97 96.9 96.9 96.4 94.8 93.4 91.8 90.2 88.5 87 85.9 84.9 83.8 82.1 80.6 79.4 72.4 79.9 82.5 85.4 87.9 90.6 92.4 94 94.5 95.1 94.7
59.7 62.1 61.9 62.2 62.4 63 64 64.5 65 65.6 65.7 66.4 66.6 66.7 66.6 66.1 65.5 65 64.2 63.4 62.6 63.6 64.7 65.9 66.7 67.6 68.2 68.6 69.7 70.8 71.9 73.2 75 78.2 84.7 91.8 93.1 95.1 97.8 99.2 98.3 97.5 97.1 96.8 96.3 95.8 95.3 95.4 95.4 95.8 96.5 97.3 97.7 97.5 97.2 97.2 97.1 96.4 95.2 93.9 92.2 90.5 88.9 87.5 86.7 85.7 84.5 83.6 83 81.4 76.6 81.2 84.5 87.4 89.5 91.5 93.7 94.7 95.3 95.5 95.5
59.4 61.7 61.2 61.5 62.4 63.2 64.1 64.8 65.5 65.8 65.9 66.8 66.8 66.7 66.7 66.2 65.7 65.2 64.4 63.7 63.2 64 65.1 66.3 67.6 68.5 67.3 68.9 69.9 71 72.2 73.6 75.2 77.8 81.6 86.1 90.3 94.5 96.9 98.7 98.2 97.5 97.2 96.9 96.5 95.9 95.5 95.5 95.6 95.8 96.6 97.4 97.9 97.7 97.5 97.4 97.4 96.9 95.7 94.3 92.4 90.9 89.2 88 87.7 86.5 85.2 84.7 83.6 81.7 77.7 82.6 86.2 89.3 90.9 92.7 94.7 95.4 95.9 96.1 96.3
58.3 60.2 58.8 59.8 61 62.5 63.9 65 65.4 63.8 66 66.8 66.8 66.8 66.7 66.2 65.8 65.4 64.7 64.1 63.4 64.4 65.5 66.7 68 68.9 68.4 68.9 70 71.2 72.5 73.7 75 78 82.1 86.9 92.4 95.2 97.9 99.4 98.2 97.5 97.4 97.3 96.7 96.1 95.7 95.7 95.7 95.9 96.7 97.4 98.1 97.9 97.6 97.7 97.6 97.1 96.3 94.6 92.7 91.2 89.6 88.7 88.2 87.4 86.4 85.3 84.4 83.2 82.3 83.7 86.9 90.3 92.2 93.9 95.2 96.3 97.1 97.3 97.3
56.6 56.9 57.2 58.4 59.7 61.2 62.8 64.2 65 64.7 66.1 66.7 67.2 66.8 66.7 66.3 65.8 63.8 65.2 64.2 63.7 64.7 65.9 67.5 69.9 70.4 70 70 70.3 71.3 72.2 73.3 75 77.4 79.3 90.3 95.4 96.6 99 99.7 98.5 97.7 97.9 97.7 97 96.3 96 95.8 95.9 96.2 96.9 97.6 98.3 98.1 97.5 97.7 97.8 97.3 96.3 95 93 91.6 91.7 91.4 90.9 90.1 89.4 88.1 86.6 85.8 85.5 87.3 88.9 91.5 93.6 95.4 96.4 97.5 98.3 98.5 98.1
58.8 59.7 56.5 57.4 58.6 60.3 61.9 63.3 64.2 65.7 66.4 66.8 67.4 67.2 66.8 66.3 65.7 65.4 64.8 64.4 63.9 64.6 65.8 66.7 69.8 70.6 70.6 70.4 70.4 71.2 72.1 73 75.1 77.2 79.5 84.2 98.6 100.1 100 100.1 98.8 97.9 98.1 98.2 97.4 96.4 96.1 95.9 96 96.3 97 97.7 98.4 97.9 97.5 97.7 97.9 97.2 96 94.8 93.8 94.1 94.9 94.7 94.1 93.4 92.3 90.8 89.3 88.7 88.9 90.8 92.4 93.7 95.4 96.5 97.6 98.7 99.5 99.6 98.9
59.9 60.6 58.8 57.6 58 59.5 60.9 62.6 63.6 65.3 66.7 67.2 67.6 67.2 66.4 65.8 65.2 65 64.8 64.7 64 64.9 65.2 65.5 69.6 70.5 70.6 70.6 70.4 71.1 72 73 74.5 76.7 79.8 79.4 98.3 101.9 102 100.8 99.1 98.1 98.2 98.4 97.3 96.4 96.2 96.1 96.3 96.5 96.8 97.5 98.7 98.2 97.5 97.7 97.6 97.3 96.3 95.1 94.9 96.4 97.3 97.4 97 96.6 95.1 93.5 92.1 92.4 92.7 93.9 95.4 96.2 97 97.8 98.8 99.8 100.6 100.4 99.7
60.5 61.3 59.6 58.4 57.6 58.4 60.2 61.7 63.1 65 66.5 67.4 67.6 67.4 66.3 65.1 63.8 65 64.8 64.7 64.7 64.2 65.3 65.6 67.7 70.2 70.7 70.6 70.6 71.2 71.9 73 74.6 76.7 79.5 78.6 96.4 101.4 102.3 100.6 99.3 98 98.3 98.4 97.1 96.4 96.3 96.4 96.6 96.9 97.1 98 99 98.5 97.4 97.4 97.1 96.9 96.3 96 96.8 98.2 99.2 99.8 99.1 98.3 97.1 96.5 95.1 95.2 95.6 96.1 97.1 98 98.6 99.3 100 100.7 101.8 101.2 100.5
60.9 61.5 60.2 58.9 58.3 58.2 60.1 61.2 63.3 64.1 65 66.4 67.7 67.6 66.5 66.6 66.4 65.9 65.5 65.4 65.2 65.8 65.8 66.4 67.6 69.7 70.7 70.6 70.8 71.4 71.9 73.1 74.8 76.5 79.3 82.4 89.2 99.1 102.1 100.8 99.4 98 98.2 98.1 97.3 96.5 96.5 96.7 97 97.2 97.8 98.8 99.3 98.4 97.3 97.1 97 97 96.6 97.4 98.7 100 101.1 101.2 100.5 99.7 98.9 98.3 97.9 97.7 97.9 98.3 98.7 99.1 99.4 99.9 100.5 101.2 101.9 101.7 101.1
61.3 61.4 60.4 59.3 58.6 57.9 59.4 59.7 61 62.5 62.3 64.7 66.5 67.8 68.2 68.3 67.8 67.3 66.8 66.3 65.7 66.3 65.7 67.2 68 69.3 70.6 70.7 71 71.5 71.9 73 74.8 76.7 79.1 82.8 89.6 97.2 101.7 100.7 99.4 98.1 97.7 97.8 97.2 96.8 96.9 97.1 97.3 97.7 98.6 98.9 99.2 98.6 97.3 97.1 97 96.9 97.3 98.6 100 101.4 102.4 102.4 101.9 101 100 99.4 98.9 98.7 98.7 98.9 99.3 99.7 100 100.4 101 101.7 101.9 101.9 101.3
62.2 61.9 60.9 59.6 58.9 58.5 58.3 58.5 58.9 59.5 61.5 64.2 66.3 68 68.3 68.7 68.2 67.7 67.3 66.8 66.1 67.1 68 67.7 68.3 69.1 70.3 71 71.2 71.5 72.5 72.9 74.5 76.5 78.8 81.7 88.9 97.7 100.8 100.7 99.4 98 97.1 97.4 97.2 97.2 97.4 97.5 97.7 98.4 98.8 99.2 99.5 98.5 97.2 97 97 96.9 97.6 99.3 101.3 102.3 103 103.2 102.7 101.6 100.6 100.2 99.9 99.7 99.6 99.7 99.9 100.3 100.5 100.9 101.5 101.6 101.7 101.8 101.5
62.6 62.1 61.2 59.9 59.1 58.6 57.9 58.3 58.8 60 61.1 63.2 65.7 68.1 68.5 69 68.6 68.3 68 67.2 66.7 67.6 68.2 67.9 68.3 68.9 70.2 71.3 71.5 71.7 72.3 73.1 74.9 76.7 78.7 81.6 88.2 96.4 99.5 99.4 98.2 96.7 96.9 97.1 97.4 97.5 97.7 97.8 98.2 98.7 99.1 99.5 99.5 98.5 97.2 96.7 96.8 96.9 97.7 99.5 101.4 103.2 103.6 103.2 102.7 101.9 101.1 100.5 100.5 100.7 100.5 100.6 100.7 100.9 101.1 101.4 101.2 100.9 101 101.2 101.4
63 62.6 61.5 60.2 59.1 58.6 58 58.6 59.5 60.7 62 63.6 65.4 68.1 68.7 69.3 69.4 69 68.5 67.6 67.1 67.6 68.1 68.4 68.1 68.9 71 71.7 71.8 71.7 72.6 73.3 75 76.8 78.5 81 86.5 93.5 97.3 96.2 95.6 97 96.9 97.3 97.6 97.8 98 98.1 98.6 99 99.4 99.7 99.4 98.3 97.2 96.3 96.3 96.5 97 98.4 100.5 102.2 103.2 102.8 102.3 101.5 100.7 100.1 100 100.3 100.2 100.2 100.1 100.2 100.5 100.6 100.5 100.3 100.2 100.7 100.9
63.7 62.8 61.7 60.4 59.4 58.6 58.1 60.8 60.4 61.5 62.8 64.6 66.5 68.5 69.1 69.6 68.7 69.9 69.2 68 67.2 67.5 67.8 68.3 68.6 68.5 70.6 71.6 71.3 71.5 72.4 73.5 74.8 76.2 77.8 79.8 83.7 91.5 94 95 97.6 98 97.4 97.5 97.9 98.1 98.3 98.5 98.9 99.3 99.7 99.5 99.2 98.2 97.1 96.4 96 96.3 96.6 97.5 99.1 100.6 101.8 102.4 102 101.2 100.4 99.7 99.6 99.4 99.3 99.3 99.3 99.5 99.7 99.8 99.7 99.5 99.5 100.2 100.6
64 63 61.9 60.7 59.7 58.7 58.5 62.5 61 62.2 63.8 65.7 67.6 69 69.5 69.9 70 70.1 69.4 68.2 67.6 67.9 68.1 68.6 68.7 68 70.1 70.7 70.7 71.4 72.3 73.2 74.4 75.6 77.1 79 81.7 89.8 94.2 97.6 100.5 99.8 98.5 97.7 97.8 97.7 97.9 98.5 99.1 99.6 99.7 99.3 99 98.1 97.1 96.5 95.7 96 96.4 96.7 97.3 98.8 99.8 100.5 100.6 100.3 99.6 99 98.8 98.4 98.4 98.5 98.4 98.7 98.8 98.9 98.8 98.7 98.7 99.3 100
64.2 63.1 62 60.9 59.7 58.7 59 62.7 61.5 62.9 64.8 66.6 68.4 69.3 69.8 70 70.2 70.4 69.6 68.3 68.1 68.6 69.1 69.1 69.3 69.6 69.9 70.1 70.6 71.4 72 72.9 74.1 75.3 76.4 78.3 82.4 90.5 98 101.3 101.2 100.3 98.9 97.8 97.6 97.5 97.4 98.3 99 99.4 99.5 99.1 98.8 98.1 97.2 96.3 95.5 95.5 95.8 96 95.9 96.7 97.5 98.3 98.4 98.5 97.9 97.4 97.6 97.4 97.5 97.6 97.6 97.8 98 98.1 97.9 97.8 97.9 98.4 99.1
64.1 63 62 60.6 59.4 58.8 59.3 61.8 61.6 63.4 65.2 67 68.4 69.7 70 70.2 70.5 70.7 69.8 68.5 68.5 69.1 70.1 69.9 69.6 69.8 70.2 71.1 70.9 71.4 71.7 72.6 73.6 74.6 76.1 78.2 82.7 89.5 97.6 101.8 101.8 100.6 99.2 98.1 97.5 97.2 96.9 97.6 98.2 98.8 99.4 99.2 98.8 97.9 96.8 95.9 95.3 95.4 95.4 95.5 95.2 95 95.6 96.1 96.2 96.3 96.3 96.1 96.3 96.5 96.6 96.7 96.8 97 97.2 97.2 97.1 97 97.1 97.5 98.2
64 63 61.9 60.3 59.3 58.8 59 60.1 62 63.9 65.7 67.4 68.7 70 70.4 70.7 71 71 70.5 69.2 68.7 69.4 70.6 70.4 70.4 70.3 70.7 71.5 71.6 71.4 71.6 72.4 73.3 74.5 76 77.9 81.4 86.2 95.3 100.5 102 100.9 99.4 98.3 97.4 97 96.3 96.8 97.5 98.1 98.6 98.4 98 97.2 96.7 95.6 95.2 95.2 95.4 95.6 95 94.3 94.1 94.4 94.4 94.5 94.8 95.1 95.4 95.6 95.8 95.9 96 96.2 96.3 96.3 96.2 96.1 96.3 96.7 97.3
63.9 63 61.8 60.2 59.2 59.2 59.4 60.1 61.9 63.6 65.5 67.1 68.9 70 70.7 71.2 71.3 71.3 71.2 69.8 68.6 69.3 70.5 71.4 71.3 71 71.4 72.8 72.3 71.2 71.8 72.5 73.2 74.4 75.9 77.4 80.1 84.6 91.6 98.1 102.5 101.4 100 98.2 97 96.1 95.3 95.6 96.3 97 97.6 97.5 97.2 96.8 96.3 96 95.2 95.5 95.7 95.7 94.9 94 93 93.1 93.4 93.7 94 94.3 94.6 94.8 94.9 95.2 95.3 95.3 95.5 95.5 95.4 95.3 95.5 95.8 96.5
64.6 63.3 61.7 60.1 58.7 59.6 59.9 60.3 62.1 63.5 64.9 66.5 68.2 70 70.8 71.4 71.2 71.3 71.3 69.9 68.6 69.1 69.9 71.4 71.7 72 72.4 73.3 73.5 72.4 72.1 72.7 73.1 74.1 75.6 76.9 79.1 83.2 88.3 96.1 102 101.5 100.1 98.3 96.6 95.8 94.8 94.5 95 95.8 96.2 96.4 96 96.1 95.7 95.6 95.4 95.6 95.8 95.6 94.9 93.9 92.8 92.3 92.6 92.9 93.2 93.5 93.8 94 94.2 94.6 94.7 94.7 94.8 94.8 94.6 94.5 94.9 95.4 96.1
64.7 63.4 61.5 60 59.3 59.8 60.8 62.3 62 63.1 64.5 66.2 67.7 69 70.6 71.5 71.5 71.7 71.3 70 68.7 68.9 69.6 70.9 71.4 71.8 72.2 74.1 75.3 74.4 73.4 72.8 73.1 73.7 75 76.3 78.5 81.9 87.5 94.5 100.9 101.5 99.9 98.2 96.6 96.1 95.1 94.1 93.9 94.2 94.9 94.9 95 95 95 95 94.8 95.3 95.7 95.5 94.8 93.7 92.7 92.1 91.7 92.1 92.4 92.7 93 93.2 93.6 94 94.1 94.1 94.4 94.7 94.5 94.4 94.6 95.2 96
65.1 63.2 61.3 59.6 59.7 60.8 62.1 63.7 63.6 63.3 64.3 66 67.4 68.7 69.9 71.2 71.6 72.1 71.4 70.2 69.3 69.2 69.4 70 70.7 71.1 72.2 74 75.6 75.1 73.6 73.2 73.3 73.7 74.6 75.7 77.8 80.3 86.8 93.6 99 101 99.8 98.2 96.3 96.6 95.8 93.5 93 93 93.5 93.7 93.9 93.9 94 94 94.1 95 95.4 95.3 94.4 93.4 92.5 92 91.2 91.4 91.6 91.9 92.2 92.6 93 93.4 93.5 93.6 94 94.4 94.3 94.3 94.5 95.2 96.1
64.7 61.9 60.2 58.8 60.8 62 63.4 64.5 63.6 63.4 64.3 65.8 67.1 68.4 69.7 71 71.6 72.1 72 70.8 70.2 70.1 70.4 70.6 70.1 70.7 72.1 73.8 75 72.9 73.7 73.5 73.7 74.1 74.5 75.5 77.3 79 85.6 92.1 97.6 98 98.2 97.8 96.4 95.8 95.9 93.7 92.4 92.6 86.1 84.1 92.3 92.8 93.2 93.3 93.5 94.2 94.3 94.4 93.8 92.8 92.3 91.9 90.6 90.9 91.1 91.4 91.6 92 92.4 92.8 92.9 93.3 93.7 94.1 94.2 94.3 94.8 96.2 97.4
63.7 61.3 60.5 60.7 61.6 62.8 63.7 64.6 64 63.7 64.6 65.8 67 68.4 69.7 70.7 71.6 72.1 71.9 71.5 70.3 70.7 71.2 71.5 70.8 70.6 72 73.7 75.2 72.9 73.7 74.1 74.2 74.6 75.1 75.3 77.1 79.1 83.2 90.6 92.5 93.5 95.1 97.3 96.2 95.5 96.2 93.9 91.9 92.9 81.3 81.4 81.7 89.3 92.4 92.6 93 93.2 93.3 92.6 92.7 92.1 91.9 90.4 90.6 90.5 90.7 90.9 91.1 91.5 91.9 92.2 92.6 93 93.3 93.7 94.1 94.5 95.3 96.2 98.3
64.3 63.5 61.8 61.2 61.7 62.6 63.4 64.8 64.3 64.1 65 66 67.2 68.4 69.6 70.4 71.3 72.2 72.1 71.7 70.8 71.3 71.8 71.7 71.2 70.7 71.4 73.2 75.2 72.9 74.3 74.6 74.8 75.3 75.7 76.3 78.1 79.6 82.1 87.5 90.5 92.5 94.9 98.2 96 95.3 96.8 94.3 91.4 93 81.4 81.9 82.2 86.2 91.9 92 92.2 92.3 92.4 91.2 90.7 90.5 90 90.8 90.9 90.9 90.9 90.7 90.7 91.2 91.6 92.1 92.6 93 93.4 93.7 94.4 95.2 95.9 96.8 98.8
64.4 63.6 62.9 61 61.2 62.2 63.2 64.6 64.8 64.7 65.2 66.1 67.4 68.5 69.3 70.1 70.9 71.9 72.5 72 71.5 72.1 72.3 71.9 71.6 71.2 71.1 72.6 74.6 73.3 74.6 75.2 75.6 74.4 75.8 77.2 79 79.9 81.9 86.4 91.5 93.7 95.8 98.3 95.9 95.2 96.3 93.5 90.6 92 81.5 81 75.6 85.6 91.6 91.4 91.1 91.4 91.3 90.2 90.5 91 91.4 91.5 91.2 91.2 91.1 91.1 90.7 91 91.6 92.1 92.7 93.1 93.5 94.2 95.1 95.9 96.6 97.7 98.8
65.6 64.9 63.9 61.9 61.2 61.7 63.3 64.6 65.2 65.4 65.8 66.3 67.3 68.1 68.9 69.6 70.5 71.4 72.8 72.6 72.3 72.5 72.3 71.9 71.5 71.2 71.2 72.3 74 75.7 75.3 75.3 75.5 76.1 76.7 78.3 80.3 81.2 82.4 86.1 93 96.9 97.9 97.4 95.6 94.7 94.5 93.8 89.3 90.1 81.8 81.7 79.2 87.7 91.7 90.2 89.4 88.7 90 91.3 91.7 92.2 92.6 92.2 91.8 91.5 91.6 91.7 91.8 91.1 91.6 92.2 92.7 93.2 93.9 94.8 95.7 96.6 97.5 98.5 99.1
65.9 66.2 64.9 63.2 61.8 61.8 62.9 64.5 65.7 66 66.2 66.5 67.3 68 68.8 69.6 69.8 71.1 72.9 72.7 72.6 72.8 72.3 71.9 71.5 71.2 71.5 71.8 73.4 75.5 75.8 75.5 75.7 76.2 77.3 77.8 79.4 80.5 82.2 86.2 93.4 97.4 97.6 97.3 95.5 93.7 93.1 87.7 85.5 85.8 86.4 87.4 88.1 88.9 88 88.3 88.5 89.3 90.7 91.5 92.3 92.9 93.2 92.6 92.1 91.6 91.7 91.8 91.9 91.4 91.8 92.4 92.9 93.8 94.6 95.5 96.4 97.3 98.2 99.2 99.7
66.5 66.8 65.6 64.3 63 62 61.9 64.1 65.7 66.1 66.2 66.7 67.4 68 68.8 69.5 69.7 70.8 72.7 72.9 72.9 72.8 72.4 72 71.6 71.6 71.7 72 73 75.6 75.4 75.7 75.9 76.7 77.1 77.8 78.2 79.3 81.1 86 92.7 97 97.1 96 94.3 89.1 84.5 84.9 87.5 86.3 90 89.9 87.8 86.9 83.8 88.4 88.7 89.5 90.8 91.9 92.8 93.3 93.6 93 92.4 92 91.8 91.9 92 91.8 92 92.8 93.6 94.5 95.3 96.2 97.1 97.7 98.9 99.8 100.4
67.2 67.5 66.2 65.1 63.9 62.7 62.4 63.4 64.6 66.1 66.2 66.8 67.4 68.1 68.8 69.4 70.1 71.4 72.9 73.1 73 72.8 72.4 72.2 72.2 72.1 72.1 72.4 74 75.4 75.4 75.7 76.1 76.7 77 77.5 78.5 79 79.2 82.7 87.7 89.4 96 85.7 85.8 83.1 86.5 90.3 91.8 88 78.4 75.7 70 58 56.9 81.3 91.1 90.2 91.1 92.2 93.3 93.9 93.7 93 92.5 92 91.9 92 92.2 91.9 92.5 93.5 94.3 95.2 96 96.9 97.6 98.2 99.4 100.5 101.1
68 67.8 67 65.8 64.6 63.3 62 62.1 63.5 65.9 66.3 66.9 67.5 68.2 68.8 69.8 71 72 73 73.2 73 72.8 72.5 72.3 72.3 72.3 72.3 72.5 73.6 75 75.1 75.5 76 76.6 77.1 77.6 78.4 79.1 79.3 79.6 80.2 81.7 83 83.3 83.4 84.5 92.5 94.2 92.7 90.1 77.2 32.3 32.5 32.6 52.1 76.6 91 90.6 91.6 92.6 93.7 96.9 93.6 93.1 92.6 92.1 92 92.1 91.8 92.3 92.9 93.9 94.9 95.8 96.7 97.4 98 98.7 99.8 101 101.4
68.2 67.8 67.5 66.3 64.8 63.5 62.3 61.8 62.8 64.9 66.4 67.1 67.8 68.4 69.4 70.5 71.6 72.3 73 73.2 73 72.8 72.5 72.4 72.4 72.4 72.4 72.7 73.4 74.5 74.9 75.4 75.9 76.5 77.1 77.6 78.4 79.1 79.8 81.2 86 84.3 83.7 82.7 84.4 93.5 92 94.8 94.7 91.8 75.4 44.8 31.9 29.4 46.1 75.9 92 91.5 92.4 93.3 94.2 95 94.3 93.3 92.7 92.2 92.2 91.8 92.1 92.6 93.2 94.3 95.3 96.4 97.2 97.9 98.5 99.2 100.2 100.7 100.9
68.4 68 67.4 66.4 65 63.8 62.6 62.1 62.9 64.7 66.2 67.5 68.1 68.7 69.8 70.7 71.5 72.2 72.8 73.1 73 72.8 72.6 72.5 72.5 72.4 72.5 72.9 73.6 74.3 74.8 75.3 75.9 76.4 77 77.6 78.2 78.8 79.7 82.4 91.2 100.6 101.7 100.1 97.9 94.3 92.5 95 98.9 93 74.5 44 36.1 24.8 39.5 70.6 92 97.2 94.1 93.8 94.7 95.4 94.6 93.8 93 92.3 92.3 90.5 92.4 92.8 93.8 94.9 96 97 97.6 98.2 98.9 99.5 99.8 100.1 100.4
