public/OST50/ST78.asc
ncols 200
nrows 200
xllcorner 370000
yllcorner 180000
cellsize 50
[rows 144 to 179 of 200, columns 0 to 80 of 200]
68.6 69.4 70 68.8 71.3 71.8 72.3 72.4 72.4 72.5 72.8 73.3 73.7 74.3 75.2 76 76.8 77.5 78.2 79 79.7 80.4 80.6 80.6 80.5 80.7 80.5 80.9 80.5 80 79.7 79.7 79.1 78.8 79.7 80.7 81.6 82.1 82.3 82.4 83 83.8 84.7 86 88.7 92.9 98.5 102.7 98.1 75.2 83.3 96.9 101.8 101.1 100.4 100 100 99.5 99.2 97.9 98.4 99.7 99.2 98 96.2 94.6 93.3 92.1 91.7 91.4 91 91.1 91.7 92.3 93.2 94.6 96.1 97.8 99.6 101.3 102.9
68.5 69.6 70.1 68.9 71.8 72.4 72.5 72.6 72.6 72.6 72.9 73.5 74.1 74.4 75.1 75.9 76.6 77.4 78.4 79 79.8 80.5 80.7 80.7 80.8 81 81.2 81.4 81.2 80.8 80.5 80.1 79.6 78.7 79.8 80.8 81.7 82.2 82.5 82.7 83.1 83.9 84.5 85.7 88 91.6 94.6 102.5 90.5 91.6 91.8 91.7 99.5 99.8 99.1 98.4 98.6 98.9 97.7 96.5 97.5 98.6 98.2 96.8 95.4 94.1 92.4 91 90.7 90.7 90.9 91.4 91.9 92.6 93.7 95.1 96.6 98.4 100.4 102.5 103.6
68.7 70.4 70.1 69.3 72.3 72.5 72.6 72.8 72.9 73.1 73.4 74 74.4 74.7 75.1 75.8 76.6 77.4 78.6 79.2 79.8 80.5 80.5 80.7 80.8 80.9 81.3 81.7 81.9 81.6 81.3 80.9 80.3 77.6 79.9 80.9 82.1 82.6 82.8 83 83.2 83.8 84.5 85.2 87.2 90.3 97.2 102.6 96 92.2 92.2 92.3 97.1 98.5 97.4 96.7 98.5 98.4 97 95.7 96.3 97 96.7 95 93.5 92.6 91.1 90.8 90.7 91 91.4 91.9 92.3 92.8 94.2 95.5 97.5 99.6 101.6 103.4 104.1
68.8 69.8 69.9 69.1 72.2 72.5 73 73.3 73.6 73.8 74.2 74.4 74.7 75.1 75.4 75.8 76.5 77.3 78.7 79.3 79.9 80.3 80.5 80.6 80.7 80.9 81.3 81.6 81.8 81.6 81.4 81.2 80.8 79.6 80 81.2 82.5 83 83.2 83.3 83.3 83.9 84.5 85.2 86.7 89.3 98.6 102.9 98.1 92.1 92.3 92.6 96.4 96.3 95.2 95.6 96 97.4 96.3 95.2 94.8 95.2 95.3 93.2 91.6 91 91.4 91.5 91.5 91.6 92 92.4 92.6 93.1 94.5 96.3 98.5 100.5 102.4 104 104.4
68.8 68.6 68.7 71 72.2 72.7 73.3 73.8 74.3 74.5 74.5 74.8 75.2 75.5 75.7 76.2 76.7 77.5 78.8 79.3 79.8 80.2 80.3 80.5 80.6 80.8 81.1 81.4 81.7 81.6 81.4 81.3 81.1 78.7 80.2 81.4 82.4 83.4 83.5 83.5 83.4 84 84.6 85.3 85.9 87.2 99.9 101 101.5 92.6 93.1 94 96.3 94.8 92.5 94.5 95.7 95.8 95.2 94.6 94.2 93.6 93.7 92.1 91.4 91.4 91.7 91.9 92.4 92 92.2 92.3 92.5 93.5 94.9 97.1 98.9 100.8 102.6 104.4 104.4
70.9 70.2 70.4 71.8 72.3 72.9 73.4 74 74.6 74.8 74.9 75.2 75.6 75.8 76 76.5 76.9 77.6 78.7 79.2 79.7 80.1 80.2 80.3 80.5 80.8 81 81.3 81.5 81.6 81.4 81.5 81.3 81 80.5 81.4 82.3 83.3 83.7 83.7 83.6 84.1 84.7 85.3 85.7 86.6 105.1 100.2 101.7 92.7 93.9 94.7 95.9 94.9 94 94.1 94.8 95 94.6 94 93.6 93.1 92.3 90 91.3 91.8 92.1 92.2 92.4 91.9 92 92.2 92.8 93.8 95.1 97 99.2 101.1 102.8 104.2 104.4
70.4 70.2 70.7 71.8 72.5 73.1 73.6 74.2 74.6 74.9 75.3 75.6 75.9 76.2 76.3 76.7 77.2 77.7 78.5 79.1 79.6 79.9 80.1 80.2 80.4 80.7 81.2 81.1 81.4 81.6 81.4 81.6 81.5 81.3 80.7 81.2 82 83.1 83.6 83.7 83.7 84.2 84.7 85.4 85.4 86.7 100.3 96.5 92.8 92.3 93.8 95.3 95.3 94.8 93.2 93.5 93.8 94.2 93.8 93.3 92.2 91.4 90.8 91.5 92.4 93.1 92.8 92.5 92.6 91.9 91.9 92.2 93 93.7 95.2 96.9 99.1 101.1 102.5 104 104.1
70.5 69.5 71 72.1 72.7 73.3 73.8 74.3 74.6 75 75.4 75.9 76.3 76.6 76.7 77.1 77.5 77.9 78.4 79 79.5 79.8 79.9 80.1 80.4 80.6 80.9 81.4 81.3 81.5 81.5 81.7 81.7 81.1 81.1 81.3 81.8 82.9 83.2 83.5 83.6 84.2 84.7 85.2 85 86.5 89.2 94.5 96.2 91.9 93 94.5 94.5 94 92.3 92.6 93.1 93.4 92.8 91.1 90.4 91.5 91.9 92.9 93.8 94 93.3 92.9 92.8 90.7 91.8 92.2 92.9 93.7 95.4 96.9 98.8 100.7 102.2 103.7 103.8
70.3 70.2 71.5 72.3 72.9 73.4 74 74.3 74.7 75.1 75.5 76 76.4 76.9 77 77.2 77.7 78.1 78.3 78.9 79.4 79.6 79.8 80.1 80.3 80.6 80.8 81.3 81.6 81.5 81.6 81.8 81.8 81.5 81 81.3 81.6 82.5 82.8 83.2 83.5 84 84.5 85.1 85.9 83.4 86.6 85.7 86.7 90.7 89.9 91.9 92.3 92.4 91.2 90.6 91.4 91.3 89.4 91.4 91.6 91.8 93.2 94.2 95.1 94.8 93.9 93.2 92.6 92.1 92 92.4 93 93.8 95.4 96.9 98.5 100.3 102 103.2 103.4
69.4 70.7 71.8 72.4 72.9 73.5 74 74.4 74.8 75.1 75.6 76 76.5 76.8 76.9 77.2 77.6 78.1 78.5 78.8 79.3 79.5 79.8 80 80.3 80.5 80.7 81 82 82 81.9 81.8 81.9 81.6 81.2 81.5 81.6 82.4 83 83.3 83.5 83.8 84.3 82.7 85.4 85.5 87.9 88.7 86.6 87.3 89.3 91.7 92.3 91.2 92 92.5 91.8 93.4 94.4 93 91.9 92.7 94.2 95.4 96.2 95.2 93.8 93.2 92.6 92.2 91.8 92.5 93.1 94.2 95.7 97.4 99.3 100.8 101.8 102.5 102.7
70 71.5 71.9 72.4 73 73.5 74 74.4 74.8 75.2 75.6 76.1 76.5 76.7 76.8 77.1 77.6 78 78.4 78.8 79.2 79.5 79.7 80 80.3 80.5 80.8 81 81.4 79.9 82.3 82.3 82.5 82.6 80.2 81.5 81.5 82.2 83 83.3 83.6 83.7 84 85.1 85.6 86.1 89.7 96.4 99.9 99.7 99.3 98.3 97.8 96.7 95.2 93.7 94.6 95.1 94.8 93.6 92.3 93.2 95.1 96.8 97.1 95.7 93.8 93.2 92.6 92.3 91.9 92.8 93.4 94.7 96.4 98.5 100.1 101.3 102.1 102.2 102
71 71.6 71.9 72.5 73 73.5 74 74.5 74.9 75.2 75.7 76.2 76.6 76.6 76.7 77.1 77.5 78 78.3 78.7 79.1 79.5 79.8 80.1 80.3 80.6 80.8 81.2 81.6 82.3 82.7 83 83.2 83.1 83.4 84.2 84.6 83.3 84.8 85.4 85 83.2 85 85.2 85.6 86.9 89.8 94.3 100.3 100 100.7 100.3 99.4 97.5 96 94.8 95.3 95.6 95.2 94.3 93.5 94.9 96.6 98.4 98.1 96.3 94.4 93.4 92.7 92.4 92.2 93.4 94.2 95.5 97.4 99.4 100.7 101.7 101.9 101.7 101.5
71.6 71.8 72 72.5 73 73.5 74 74.5 74.9 75.3 75.7 76.2 76.5 76.5 76.6 77.1 77.5 77.9 78.2 78.6 79 79.4 79.8 80.1 80.3 80.6 80.8 81.3 81.9 82.6 83.1 83.3 83.2 83.1 83.6 83.9 84.4 85.1 86 86.9 87.6 87.9 87.6 86.5 86 87 88.6 94.8 100.5 102 102 101.5 100.3 98.4 96.6 95.9 95.9 96.1 95.9 95.2 94.5 96.4 98.6 99.6 99 96.7 95.1 94 93.1 93.2 93.1 94 95.1 96.2 98.1 99.8 101.2 101.6 101.4 101.3 101.1
71.7 71.7 71.9 72.5 73 73.5 74 74.5 74.9 75.4 75.8 76.3 76.4 76.4 76.6 77 77.5 77.9 78.1 78.5 78.9 79.3 79.9 80.3 80.4 80.6 81 81.5 82.2 82.9 83.3 83.4 83.5 83.2 83.4 83.8 84.2 84.3 84.3 86.1 89.3 90.1 88.9 87.9 87 87.8 89.1 94.1 102.2 103.5 102.9 102.7 101.2 99.3 97.4 96.9 96.5 96.8 96.8 96.4 95.3 96.8 99 100.5 99.6 97.3 95.8 94.7 93.7 93.5 93.7 94.3 95.1 96.5 98.6 100 101.1 101.2 101.1 100.9 100.4
71.5 71.8 71.8 72.4 73 73.5 74 74.4 74.9 75.3 75.8 76.1 76.1 76.4 76.6 77 77.5 77.8 78 78.4 78.9 79.5 80.1 80.5 80.6 80.8 81.3 81.8 82.5 83.2 83.5 83.6 83.8 83.3 83.5 83.8 84.2 85.1 85.7 89.8 86.5 91.2 90.5 89.7 88.7 87.4 89.1 93.8 100.7 103.5 103.5 103.4 102 100.3 98.3 97.2 97.2 98.2 99 98.4 96.8 97.2 99.6 101 100.1 98.3 96.7 95.5 94.4 93.8 93.4 94.3 94.9 96.9 98.8 99.9 100.5 100.7 100.7 100.2 99.7
71.5 71.3 71.9 72.7 73.1 73.4 73.9 74.4 74.8 75.3 75.4 75.9 76.4 76.5 77.2 77.2 77.4 77.7 77.8 78.5 79.1 79.7 80.4 80.7 80.8 81 81.6 82.1 82.8 83.5 83.8 83.9 83.9 83.4 83.7 83.9 84.3 85 85.9 87.7 91.9 87.8 92.4 91.5 89.9 87.2 89.2 93.6 100.3 103.6 103.5 103.1 103.4 101.6 99.6 98 98.2 100.4 101.1 100.7 98.8 98.2 100.4 101.1 100.9 99.5 98 96.4 95.2 93.8 93.8 94 94.8 96.8 98.3 99.4 99.6 99.9 99.7 99.3 98.9
71.7 71.6 71.7 71.6 71.5 71.8 72.9 73.8 73.9 74.4 75 76.1 77 77.3 77.6 76.8 76.7 77 77.8 78.6 79.3 79.9 80.6 80.9 81.1 81.3 81.9 82.5 83.1 83.8 83.8 83.8 83.5 83.4 83.7 83.9 84.3 85 85.4 84.8 91.3 92.9 89.2 92.6 90.8 88.1 89.7 93.4 103.2 103.4 102.7 103.1 104.3 103.2 101.5 99.9 99.4 101.9 102.7 101.5 99.8 99.3 101 101.7 101.9 101.4 100.3 98.4 95.8 94.3 93.8 93.8 94.7 96.3 97.3 98.2 98.5 98.7 98.5 98 97.9
72 72.1 72.2 72.2 72.1 72.3 73.3 73.7 73.9 74.4 75 75.5 76.4 77.7 77.2 76.7 76.7 76.8 77.7 79 79.6 80.2 80.9 81.2 81.4 81.6 82.1 82.7 83.4 84 84.2 83.9 83.2 83.3 83.6 83.9 84.3 85 85.4 87.7 93.1 94.7 93.7 90.5 90.7 88.7 90.2 93.5 102.5 101.9 101.6 103.3 104.6 104.6 103.2 101.8 100.8 102.2 102.7 102.2 100.8 100.2 101.4 102.3 102.8 102.8 102.1 100 97 95 94.5 94 94.5 95.5 96.3 97 97.3 97.2 96.4 96.4 96
72.5 72.6 72.7 72.7 72.7 72.7 73.3 73.6 73.9 74.4 75 75.5 76.1 76.7 76.7 76.7 76.7 76.9 78.5 79.5 80.1 80.7 81.4 81.6 81.7 81.9 82.3 82.8 83.5 84.2 84.7 85.8 83.5 83.4 83.7 84.1 84.6 85.2 86.1 88.8 93.5 94.5 94 92.5 92.3 93.2 90.3 93.2 96.9 99.8 100.9 102.2 104.6 104.8 104.3 103 102.3 103.1 103.3 102.9 101.8 101.2 101.9 102.8 103.7 104.7 103.9 101.8 98.5 96.1 94.5 94.5 94.6 94.8 95.2 95.2 95.5 95.5 95.5 95.6 95.9
72.8 72.8 72.8 72.9 72.9 73 73.3 73.6 73.9 74.4 75 75.5 76 76.4 76.6 76.8 76.7 77.2 79.3 80 80.7 81.4 81.8 82 82.2 82.4 82.6 82.8 83.4 83.8 84.4 85.3 84 83.6 83.9 84.3 84.8 85.5 86.6 88.4 92.2 94.3 93.4 92.9 91.6 90.2 90.4 93.6 97.5 98.3 100.5 99.8 104.8 104.8 104.8 104.1 104 104 104.2 103.6 102.7 102.3 103 104.4 105.6 106.7 105.3 103.2 100.1 99.9 95.5 94.8 94.7 94.3 94.5 93.7 95 95 95.1 95.3 95.2
72.8 72.8 72.8 72.9 72.9 72.9 73.2 73.5 73.9 74.4 74.8 75.2 75.6 76.1 76.3 76.3 76.6 77.3 79.4 80.7 81.4 82 82.2 82.3 82.4 82.6 82.7 82.9 83 83.1 83.5 82.9 83.1 83.8 84.2 84.6 85 85.9 86.7 88.5 91.3 94.1 93.9 93.6 92 90.8 91.3 93.5 98.8 101.8 101.9 100.6 104.1 104.5 104.9 105.3 105 104.7 104.7 104 103.3 103.5 105 106.6 107.8 108 106.3 104.2 102 98.5 97.3 96.2 95.6 95.2 94.9 94.8 94.9 95.2 95.2 95.6 97.2
72.8 72.8 72.8 72.8 72.8 72.9 73.2 73.5 73.8 74.1 74.5 74.9 75.3 75.8 76.1 76.4 76.7 77.3 79.2 80.6 81.9 82.3 82.4 82.4 82.4 82.6 82.8 83 83.2 83.1 83 82.9 83.2 84 84.5 84.9 85.4 86.2 87 88.7 91.4 94.1 94.5 93.7 92.5 91.3 91.9 94 100.3 102.8 102.9 103.4 104.1 104.8 105.2 105.2 105.2 105.1 105 104.8 104.5 105.1 106.8 108.8 109.9 109.9 108.7 105.4 102.6 100.8 98.7 98.5 96.9 96.1 95.7 95.5 95.8 96.2 97.1 97.9 98.9
72.7 72.7 72.8 72.8 72.8 72.9 73.1 73.4 73.7 73.9 74.3 74.7 75.1 75.5 76 76.4 76.7 77.3 79 80.4 81.7 82.2 82.5 82.5 82.5 82.7 82.8 83 83.4 83.3 83.1 83.7 84.2 84.7 85.2 87 87.3 86.4 87.4 88.9 92.1 94.9 95.1 94.1 93.1 91.9 92.9 94.4 96.2 103 102.2 101.8 104.6 105.1 105.1 104.9 105.2 105 105 104.6 104.3 106 109 111.1 111.3 112.2 111.2 107.6 106.4 104.2 102.5 101.2 99 97.6 96.5 96.2 96.4 97.3 98.5 99 99.7
72.7 72.7 72.7 72.7 72.8 72.9 73.1 73.4 73.5 73.6 74.1 74.5 74.9 75.3 75.7 76.3 76.8 77.4 78.8 80.2 81.5 81.8 82.1 82.1 82.3 82.7 82.9 83.1 83.5 83.5 83.8 84.6 85.4 85.5 86.4 87.6 87.8 87.4 88.3 90.6 93.9 95.8 95.9 94.8 93.8 93.1 93.6 95 96.7 98.7 100.6 101.3 103.9 104.8 105 104.7 104.6 104.9 104.9 103.9 101.1 101.2 102.8 104.5 106.2 107.9 109.4 110 109.3 107.1 105.9 103.8 102.1 100.2 96.1 96.2 96.4 98.2 100.2 101.1 101.3
72.8 72.7 72.7 72.7 72.8 72.9 73 73.3 73.4 73.5 73.8 74.3 74.7 75.1 75.5 76.1 76.6 77.3 78.6 80 81.2 81.5 81.5 81.5 81.8 82.4 82.9 83.2 83.5 83.9 84.5 85 85.8 86.1 86.6 87.4 88.2 89 90.1 93.2 96.4 97 97 95.9 94.4 93.2 94.2 96.6 99.3 101.6 101.7 100.9 101.3 99.3 93.5 92.6 97.3 101.1 103.9 105.8 106.7 108.4 107.5 106.3 105.1 103.6 102.1 100.5 98.8 97.1 95.8 94.7 95.2 95.2 95.2 95.4 95.6 96 96.1 102.7 101.4
72.9 72.8 72.7 72.6 72.7 72.9 73 73.2 73.3 73.4 73.6 74 74.5 74.8 75.2 75.8 76.4 77.1 78.4 79.7 80.9 81 80.9 80.9 81.3 81.9 82.5 83 83.3 84 84.5 85 87.1 86.4 87.4 88.6 89.7 90.6 92.7 95.9 98.5 98.8 98 96.1 94.7 93.4 95.1 97.8 101.1 102.8 97.1 91 102 102.7 103.2 104.3 105.1 105.4 106.3 107.2 108.4 110.9 112.6 114.5 116.6 116.8 115.8 115.8 114.4 113.7 111.1 108.6 105.7 102.4 99.1 97.7 100.1 103 103.3 102.4 102.1
72.9 72.8 72.7 72.6 72.7 72.9 73 73.1 73.2 73.3 73.4 73.9 74.3 74.7 75.1 75.7 76.3 76.9 77.9 79.4 80.4 80.4 80.4 80.4 80.8 81.4 82.1 83 83.1 83.4 84.6 85 86.3 86.8 88.2 89.6 91 92.8 95.4 98 100.2 99.8 99.1 97.5 95.7 94.8 95.5 99.2 91.4 99.4 105.2 105.5 105.4 104.9 104.3 105 105.4 105.9 106.9 108.1 109.9 112.4 114.7 116.8 118.1 118.4 118.2 117.6 116.3 114 111.4 108.8 105.6 102.2 99.3 98.7 101.6 103.6 104.4 103.2 103.3
72.9 72.8 72.6 72.6 72.6 72.8 73 73.1 73.2 73.3 73.4 73.7 74.3 74.7 75.1 75.6 76.2 76.8 77.5 78.1 79.1 79.5 79.7 79.8 80.4 81.1 81.8 82.7 83 83.2 84.3 86 86.9 87.3 89.3 90.8 92.8 95.1 97.6 100.1 101.5 101.2 100 98.2 96.5 95.6 91.1 101.5 105.6 107.5 107.9 107.2 106.6 106.1 105.6 105.8 106.3 106.8 108.4 110 111.3 113 115.6 117.8 119 119.4 119 118.2 116.3 114.3 111.6 108.9 105.5 102.1 98.8 99.6 102.8 104.2 104.6 103.9 103.9
72.9 72.7 72.6 72.5 72.5 72.7 72.9 73.1 73.2 73.3 73.4 73.6 74.2 74.7 75.1 75.6 76.1 76.7 77.1 77.4 77.5 78.1 78.8 79.4 80.1 80.7 81.5 82.3 83.2 83.5 84.1 85.4 86 89.6 92.6 93 94.9 97.6 100.2 101.9 102.7 102.7 101 98.9 92.7 96.1 99.5 103.7 107 109.7 109.7 108.5 108 107.4 106.8 107 107.1 107.8 109.3 111.8 113.1 114.3 116 118.2 119.5 120.1 119.7 118 116.2 114.1 111.7 109.1 105.6 102.5 99.8 100.1 102.8 104.7 104.8 104.4 104.5
72.8 72.6 72.5 72.4 72.4 72.6 72.8 73.1 73.2 73.3 73.4 73.5 74.2 74.6 75 75.5 76.1 76.6 77.1 77.1 76.8 77.4 78.5 79.2 79.9 80.5 81.3 82.3 83 83.5 83.6 84.9 85.6 92.6 95.3 97.1 97.6 99.9 102.8 104.2 104.6 104.1 98.7 93 98.4 97.3 100 104.1 106.9 109.7 110.2 109.8 109.2 108.6 108 108 107.9 108.8 110.6 113.2 115.3 116.5 116.8 118.2 119.1 119.7 119.5 117.9 116.1 114 111.6 109.1 105.8 103.3 100.9 99.7 102.3 104.5 104.8 105 105
72.6 72.6 72.5 72.4 72.4 72.5 72.8 73.1 73.3 73.4 73.3 73.4 74 74.6 75 75.4 76 76.5 76.9 77.1 77.5 77.5 78.3 79.1 79.7 80.3 81 82.2 82.8 83.5 84.4 85.2 86 93.6 98.1 100.9 100.2 101.9 104 105.8 105.5 89.7 102.4 103.7 100.4 99.3 101.6 104 107 109.7 110.6 110.7 110.3 109.8 109.2 109.1 109.1 110.2 112.7 115.8 117.1 117.9 118.2 118.2 118.7 119.2 119 117.8 116 113.9 111.6 109.5 107.5 105.1 102.5 100.5 101.2 103.3 104.9 105.5 105.6
72.2 72.4 72.4 72.3 72.3 72.4 72.7 73 73.3 73.4 73.5 73.4 73.8 74.5 74.9 75.4 75.9 76.3 76.8 77.1 77.7 78.2 78.6 79.2 79.7 80.2 80.7 81.9 82.6 83.4 85 85.4 89.6 95.2 100.6 103.2 103.8 104.1 106 94.7 95.9 107.5 107.4 105.8 102.9 101.6 103.8 106.4 108.7 110.6 111.7 111.6 111.3 110.9 110.8 110.7 111.1 112.1 115.3 117.6 118.6 119.5 119.5 119.1 118.6 118.8 118.4 117.5 115.7 113.8 112 110.2 108.3 106.4 104.5 103.1 101.1 103.4 104.4 105.7 106
70.8 71.9 72.2 72.3 72.2 72.4 72.7 73 73.3 73.5 73.6 73.7 73.4 74.4 74.8 75.4 75.9 76.4 76.9 77.7 78.1 78.7 79.5 80 80.2 80.6 80.3 81.6 82.4 83.7 85.2 85.7 92 98.7 103.6 104.9 105.4 101 88.6 104.1 107.8 107.9 107.4 106.5 102.9 104.1 106.1 108.5 110.7 112.2 113.4 113.7 113.7 114.1 115 114.3 113 113.9 117.7 119.7 120.8 120.8 120.3 119.9 119.4 118.7 118.4 117.6 116.4 114.7 112.9 111 109.2 107.4 106.2 104.1 101.4 103.3 104.6 106 106.5
69.7 70.7 71 71.8 72.4 72.5 72.7 73 73.3 73.5 73.6 73.7 73.7 74.1 74.8 75.5 76 76.6 77.5 78.4 78.9 79.7 80.4 80.6 80.8 80.8 80.8 81.4 82.8 84.3 85.5 86.1 95.7 101.4 105.2 105 91 97.2 107.4 107.9 108.4 108.5 108.4 107.2 105.9 107.1 109.1 111.8 113.9 115.9 117.2 117.3 117.8 117.3 117.1 116.5 115.3 115.6 119.6 121.7 122 121.8 121.2 120.6 120 119 118.5 117.8 116.7 115.2 113.7 111.9 110 108.2 106.6 103.7 102.3 103.8 105 106.3 106.8
71.4 69.2 70.6 72.3 72.7 72.8 73 73.1 73.3 73.6 73.6 73.8 73.9 74.2 74.9 75.6 76.1 77.1 78.1 79.1 79.9 80.7 81.2 81.2 81.3 80.7 80.9 82.2 83.7 84.7 86 86.6 95.3 100.7 96.7 90.3 105.8 107.2 107.8 108.5 109 109.2 110.1 110.5 109.1 110.7 114.1 116.2 119 120.9 122.4 122.2 122 121 121.6 120.8 118.1 118 120.9 122.7 123 122.7 122.1 121.4 120.4 119.5 118.7 117.9 117 115.5 113.7 111.8 110.2 108.6 106.2 103.7 103.1 104.6 106 107.2 107.6
77.3 68.7 71 72.8 73 73.1 73.3 73.4 73.4 73.6 73.7 73.8 73.9 74.3 75 75.6 76.6 77.7 78.6 79.7 81.1 81.9 81.8 81.8 82 82.2 82.8 83.4 84.4 85.2 86.4 87.5 94.9 87.8 94.5 101.1 105.8 107.2 108 108.7 110 111.3 113.1 114.9 112.3 114.6 119.1 121.1 123.1 124.9 126.2 125.9 125.1 124.7 124.9 123.3 120.5 120.3 122.6 123.6 123.8 123.5 122.8 122 120.7 119.7 118.9 118.1 117.3 115.8 114.3 112.5 110.6 108.4 105.8 103.7 103.9 105.6 107.2 108 108.3
