public/OST50/ST83.asc
ncols 200
nrows 200
xllcorner 380000
yllcorner 130000
cellsize 50
[rows 0 to 34 of 200, columns 0 to 77 of 200]
164.9 160.2 156 149.3 149.6 154.7 170.7 180.1 188.9 195.7 202.9 207.1 209 209.8 209.8 209.6 209 207.9 206.9 206.1 205 203.4 202 200.4 198.3 195.1 183.5 179.2 189.6 192.6 192.8 191.3 188.5 173.9 167.5 169.1 183.7 185.9 187 186.7 186.2 185.3 184.8 184.5 184.8 185.5 186.8 187.7 187.9 188 188 187.5 188.2 189.7 193.2 197.4 195.4 190.5 185.4 180.1 175.9 173.7 171.6 169.5 168.1 167.4 166.5 165.2 164.3 163.2 162.1 161.1 160.1 159.2 158.2 157 156 155
169.2 164.4 157.6 151.9 149.9 153 164.5 180.1 188.6 193.9 201.2 205.4 207.6 208.7 208.8 208.9 208.1 207.1 206.1 205.2 203.8 202.3 201 199.6 197.7 194.3 184.2 187 193.3 193.9 193.1 191.7 189.7 183.9 170 168.6 172.9 183.8 185.9 185.6 185.3 184.5 184 184.6 185.4 187 189.2 190.2 190.4 190.2 190 189.3 189.8 191.7 195.8 199.2 197.5 191.2 184.1 178.6 175.4 173.9 171.6 169.4 167.8 166.6 165.3 164.3 163.4 162.4 161.3 160.2 159.2 158.3 157.2 156 155.1 154.4
172.2 167.2 159.5 153.8 150.9 154.4 162.5 175.9 187.2 193.1 199.9 203.9 205.9 207.4 207.7 208 207.2 206.2 205.2 204 202.6 201.2 199.8 198.4 196.5 193.6 186.3 192.6 194.2 193.7 192.8 191.4 189.1 186.2 172.2 173.9 172.1 182.6 184.1 184.3 184.5 183.3 183.9 184.6 186.2 188.7 191.8 193.7 193.7 193 192.2 191.1 191.9 194.1 199.8 204.6 201 193.2 184.1 178.4 176.2 174.8 172 169.5 168.1 167 166.5 165.2 163.6 162.7 161.9 160.7 159.5 158.3 157.6 157.1 156.6 156.1
175.8 168.9 162.2 156.6 153 154.4 160.3 170.9 181.8 188.6 196.4 200.6 202.6 205.5 206.6 206.9 206.1 205.1 204.2 202.7 201.3 199.7 198.6 197.1 195.3 192 190.9 193.6 193.6 193 191.9 190.5 188.2 185.8 172.4 181.5 182.6 177.5 179.5 181.1 182.1 183.1 183.8 185.5 187.3 191.1 195.1 197.9 197.9 195.8 193.7 193 194.4 197.7 206.6 210.2 202.9 192.9 184.1 179.7 177.1 174.7 172.3 170.1 169.4 169.2 168.2 166.7 165.2 164.6 164.3 162.7 161.4 160.2 159.7 159.7 159.4 159
181.2 175.7 168.9 158.1 154.2 155.1 159.3 167.4 172 177.6 182.8 188.9 195.9 203 205.1 205.5 204.9 204.1 203 201.4 199.9 198.2 197.1 195.5 193.4 191.4 192.1 193.5 192.9 192 190.8 189.4 187.3 182.9 173.3 182.8 184.4 184.2 183.2 182 182.8 183.3 184.4 185.9 189.2 194.3 199 202.6 201 198.1 195.4 195.7 199.1 210.7 219.1 215.9 202.7 190.8 183.5 179.5 176.4 174.1 172.3 172.4 172.7 172.7 171.4 169.1 167.7 167.4 166.7 165 163.3 163.1 164.1 164 163.5 163.1
186.4 181 171.8 159.9 155.6 156.5 159.7 163.9 168.4 172.2 176.5 181.2 187 197.9 203 204.7 204.1 203.1 201.7 200.2 198.5 197.1 194.8 193.9 193.1 193 193.3 192.9 192.2 190.6 189.4 187.7 183.8 175.8 181.2 182.5 184.7 184.8 184.8 184.6 184.2 184.6 185.6 187.1 190.6 196 202.7 206.9 204.6 200.4 197.3 201.6 215.1 228.2 227.6 221.9 203.8 189.9 182.8 178.6 176.2 175.2 174.5 176 177.2 176.7 174.6 172.2 171.2 171.3 170.1 168.1 167.1 167.7 169.9 169.3 171.7 173.5
188.5 181.8 171.1 160.5 157.6 159.5 163.6 166 168.2 172.3 175.7 179.8 183.9 190.8 199.7 203.5 203.5 202.4 200.4 197.1 198.7 197.7 197 196.4 195.1 193.8 193.1 192.2 191.3 189.6 187.5 185.9 178.9 184.5 185.5 184.3 184.8 185.4 185.5 185.5 185.8 186.2 186.9 188.4 191.8 197.9 205.7 214.1 208.8 202.5 201.9 217.7 231.8 242.9 236.4 228.7 208.5 189.7 182.6 180.7 179.7 179.5 179.7 180.7 181.8 182 181.2 180.4 180.7 179.7 179.7 177.6 178 180.8 185.8 190.1 192.7 196.5
180.2 174.6 168.4 161.9 159.9 163.3 167.2 170.7 173.6 176.2 180.9 184.6 186.7 189.6 198.2 202.4 202.8 201.9 201.4 200.9 200.3 199.5 198.8 197.2 194.9 193.4 192.1 191.2 190.3 189.1 187 182.7 185 185.3 184.7 184.5 185.2 185.8 186.5 187.4 187.7 188 188.7 190.3 193.6 199 211.7 222.7 211.6 204.3 216.9 232.9 247.9 252.7 245.8 234.4 211.5 190.6 186.9 186 184.4 185.5 190.9 194.7 197.7 202.7 205.7 204.3 204.3 202 199.3 197.5 199.5 202.3 207.5 212 218.3 220.6
174.2 169.7 167.4 163.2 161.9 165.2 169.6 174.2 179.5 188.4 195.1 198.9 199.2 194.7 197.2 201.3 202.6 203.4 202.5 202 201.8 200.9 199.2 197.2 194 192.5 191.1 190 189.2 187.8 186.3 185 184.2 184.2 184.5 185.1 185.9 186.6 187.5 188.7 189.8 190.2 191.1 192.7 196.6 203.9 223.1 234.5 220.8 211.9 231.5 249.3 260.6 260.6 252.7 240 213.2 194 193 194 198.4 204.1 210.6 215.3 223.4 228.4 229.4 229.3 228.5 225.2 222.9 221.1 222.1 224.3 229.5 231.8 233 232.6
172.2 169.6 169.1 164.9 164.5 168.1 172.6 179.1 193.4 199.2 201.3 202.2 201.8 199.2 198.4 200.8 202.2 203.3 203.2 203.3 202.5 200.3 197.5 195.4 192.7 191.1 189.9 188.9 188 187.2 186.2 185.1 184.3 184.5 185 185.6 186.3 187.6 188.6 189.7 190.9 192.4 194 196.5 199.8 217.2 237.8 249.5 237.7 222.4 243.8 260.7 267.2 265.7 258.1 243.5 217.7 202.2 206.6 214.9 219.8 226 234 238.1 247 247.9 248.9 246.1 242.8 239.9 238.4 237.9 237.9 238.9 239.8 239.2 237.5 233.8
175.9 172.5 169.5 168.6 170.9 173 175.2 184.1 198.3 201.3 202.2 202.9 202.3 201.2 199.8 201 200.9 200.9 200.8 200.9 199.7 197.8 195.4 193.3 191.4 190.1 189 188.1 187 186.3 185.9 185.2 185.1 185.3 185.6 186.2 187.5 188.9 190.1 191 192.3 194 196.8 200.4 206.9 227.3 248.5 259.7 254.9 244.9 253.8 267.9 272.1 270.7 262.6 246.2 223.7 221.7 230.6 236.1 240.9 246.1 253.2 257.4 259.6 260 258 253.4 251.3 249.1 247.4 246.3 245.4 243.9 240.9 237.3 232.4 227
181.1 175.4 171.8 173.9 178.9 179.8 180.2 185.9 198.1 201.2 202.3 202.7 202.1 201.2 200.4 199.8 199.6 199.4 198.5 198 196.9 195.4 193.8 192.1 190.5 189.4 188.7 187.9 187 186.5 186.1 186.2 186.4 186.5 186.5 187.2 188.7 190.2 191.5 193.1 194.6 195.8 199 202.9 210.1 228.4 249.5 263.3 267.2 264.9 269.6 273.6 276.2 274.2 268.4 256.5 247.3 245.6 250 255.1 259.6 261.5 264.3 265.8 266.5 265.5 262.5 258.2 255.4 252.9 250.5 248.1 244.9 240.6 235.2 229.1 222 212.4
188.8 178.4 174.6 184.7 196.4 194.7 186.9 186.9 196.3 201 202 202.1 201.6 200.6 199.8 199.2 198.5 198.3 197.5 196.4 195.1 194 192.9 191.6 190.6 189.7 189.2 188.6 187.9 187.5 187.4 187.5 187.6 187.8 188.6 189.3 190.5 192.2 194.7 196.6 198.2 200.2 202.8 206.4 217.3 229.6 251.1 266.1 272.6 275.1 276.9 278.3 279 276.9 274.5 270.5 268.3 267.1 267.5 268.9 269.7 269.4 269.5 268.6 267.7 265.1 261.7 257.5 253.5 250.1 246.8 242.6 237.8 231 223.5 213.5 202.5 192.2
193.6 181.6 178.5 191.6 201.8 201.2 199 192.8 195.8 200.3 201.2 201.7 200.8 200 199.2 198.6 197.9 197.2 196.4 195.7 195.2 194.7 194.2 193.4 192.9 192.3 191.6 190.6 189.7 188.8 188.7 188.8 189.6 190.8 192 192.3 193.7 196.3 199.3 202.3 205.1 211.5 219.5 229.1 240.1 248.6 258.5 270.2 276.1 279.5 280.5 281.3 281.4 280.7 279.4 277.3 275.7 276.1 275.2 274.2 273.3 271.8 269 265.8 263.2 259.1 253.5 247.9 241.6 237.1 231.8 226.4 220.7 212.8 202.8 193.5 184.5 176.2
198.5 184.8 181.8 196.1 202.6 202.3 201.4 199 195.5 199.4 200.3 200.8 199.9 199.4 198.7 198.3 198.1 197.9 197.3 197.6 197.4 197 197.9 197.7 197.2 196.4 195.4 194.4 193.6 192.9 192.3 192.1 193 194.8 196.4 197.9 200 203.1 210 219 227.5 236.1 244.2 250.9 259.7 265.2 270.2 275.3 279.1 281.5 282.2 283.1 282.8 282.6 282.5 281.3 280.8 279.3 276.2 273.8 271.1 267.2 261.8 255.5 249.1 242 234.1 226.9 220 213.3 207.5 201.4 195.4 189.5 183.9 175.9 172.1 167.8
200.2 186.4 185.7 199.6 202.4 202.6 201.8 200.5 198.4 198.4 199.6 199.6 199.2 198.8 198.2 198.5 198.6 198.6 199.1 199.7 199.9 200.4 201.1 201.4 201.3 200.6 199.9 199.3 198.3 197.5 197.1 196.7 198.6 200.9 206.3 213.5 220.4 226.5 234.1 243 251.9 255.8 259.1 263 267.2 272.4 276.1 279.1 281.1 282.3 283.1 283.4 283.6 283.5 282.5 281.6 280.6 277.9 272.5 267 260.2 251.9 242.8 234.4 225.7 217.4 209.9 201.9 195.5 190.6 185.5 180.5 177 173.1 170.6 168.3 165.5 162.5
200.5 188.4 191.2 200.8 202.3 202.4 201.8 200.6 199.5 198.3 198.7 198.4 198.2 198 198.1 198.3 198.3 198.4 198.6 199.1 199.3 199.7 200.4 200.8 200.4 200.4 200.6 200.7 201.3 201.6 202.2 204.6 211.2 217.1 224.3 233.1 237.8 240.6 244 250.7 253.1 255.4 257.6 262.2 267.1 272.1 276.3 279.5 281.4 282.4 283.4 283.7 284 283.6 282.8 280.2 276.2 270.2 261 249 236.6 227.1 218.7 209.6 201.1 193.9 189 183.7 180 177.2 174.5 172.8 170.9 168.5 166.2 164.1 161.6 160.5
197.9 191.5 195 200.6 201.6 200.8 200.6 200 199.1 198.3 197.5 197.3 196.6 196.7 196.9 196.9 195.9 196 195.2 195.1 195.4 195.4 195.1 195.2 195 194.7 195.1 195.6 196.5 196.9 197.7 197.3 199.2 203 207.4 211.4 215.8 219 224.7 231.6 236.2 241.2 246.3 251.3 256.9 263.7 270.4 275.5 279.9 282.3 283.4 283.9 283.7 282.9 280.7 276 269.1 258 238.1 220.5 208.8 201.9 195.7 189.7 185 181 178.3 176.6 173.4 171.8 170 168.3 166.8 165.1 163.6 162.4 161.8 161.9
197.3 198.3 197 199.2 199.7 200.5 200.3 199.4 198.5 197.6 196.1 196 195.2 194.6 194.2 193 192.1 192.2 191.6 191.3 189.8 190.3 189.9 189.7 189.3 189 189.1 188.9 188.9 188.8 188.3 189 190.5 192.5 194.2 195.2 197.3 200.5 205.5 210 214 218.1 222.9 229.8 238.1 249.4 259.3 269.7 276.4 281.3 283 283.2 282.7 281.9 277.4 270.6 260.2 239.7 215 198.7 193.2 188.5 184.6 181.5 179.3 177.1 175.4 174.1 172.5 171.5 169.8 168.8 167.5 166.9 166.2 166 166.5 167.7
199.6 199.5 199.2 199.3 200 199.4 199.1 198.2 197.3 196.4 195 194.8 194.1 193.3 192.2 191.1 190 188.9 188.3 187.4 186.1 186.2 185.5 184.9 184.5 184 183.3 182.8 182.3 182.3 181.9 182.9 184.4 186 187.4 188.4 189.4 190.9 193.3 195.2 196.6 199 204.4 209.3 217.6 228.8 243.9 259.6 269.7 275.2 278.6 281.2 281.7 280.5 275.1 265 250.2 226.2 210.3 207.7 202.4 197 191.1 187.6 186.3 185.3 183.6 182.5 181.2 179.8 179.1 178.6 178.1 178.9 180.2 182.2 185.7 189.3
200.5 199.9 199.8 199.2 198.8 198.2 197.6 197 196.1 195 194 193.3 193.1 192 190.4 189.3 188.2 187.2 185.6 184.6 183.5 182.8 182.3 181.5 180.9 180.1 179.6 178.7 178 177.4 177.6 178.3 179.8 181.3 182.2 183.1 183.8 184.7 186.8 188.4 189.2 190.7 192.4 195.7 203.3 212.1 227.9 244.8 258.9 265.8 271.1 276.1 279.2 279.2 274.5 264 248.1 238.3 231.8 226.7 222.9 217.7 211.9 208.4 205.1 203.4 202.8 202.6 201.8 200 200.1 201.1 201.2 201.3 202.8 205 207.6 207.4
199.5 199 198.4 198.3 197.4 196.9 196.3 195.8 194.9 194.1 193.2 192.4 191.7 190.7 189.1 188 186.9 186.1 184.1 183.3 182.2 181.1 180.2 179.2 178.7 177.7 177 176 175.2 174.8 175.1 175.2 175.8 176.7 177.4 178 178.8 180 181.4 182.2 182.9 183.7 185 187.6 191 200.3 213.1 228.2 238.5 248.1 257.9 268.3 276.1 279.1 277.2 273 269.4 263.1 255.1 248.6 245.7 242.2 234.7 232.1 228.3 227.7 227.4 226.8 225.5 224.5 223.5 223.6 223.4 222.4 223 222.6 221.9 221
199.1 197.7 197 196.5 196.4 195.9 195.3 194.6 193.9 193.2 192.3 191.4 190.3 189.2 187.9 186.7 185.5 184.3 182.9 181.8 180.7 179.7 178.7 177.7 177.2 176.2 175.4 174.6 173.8 173.1 173 173.1 173.5 173.8 174 174.5 174.8 176.3 177.5 177.6 177.8 178.6 180.5 182.6 185.1 189.7 200.4 210.6 219.9 230.7 246.5 261.5 272.8 278.1 279.5 278 277 275.6 274 270.3 267.7 265.5 260.3 255.8 252.6 252 250.9 249.5 247.6 245.3 243 240.6 237.7 235.1 232.8 230.6 228.4 226
198.8 197.1 195.8 195.4 195.3 194.8 194.2 193.5 192.8 192.1 191.2 190.3 189 187.6 186.5 185.3 184.2 183 181.7 180.4 179.3 178.5 177.4 176.3 175.6 174.8 174 173.2 172.4 171.8 171.4 170.9 171.1 171.3 171.4 171.5 171.7 172.2 173.5 173.8 173.8 174.2 176.1 178 180.4 184.4 189.8 198.8 202.6 217.9 241.9 256.5 268.3 277.1 279.3 279.7 279.4 279.1 278.4 277 274.8 272.5 270.3 268.5 265.8 264.3 262.9 262 259.7 256.8 253.5 249.4 244.9 240.7 236.9 233.3 230.2 227.5
198.5 196.9 195.3 194.1 193.9 193.7 193.1 192.4 191.7 191 190.1 189.2 187.7 186.2 184.9 183.8 182.9 181.7 180.3 179 177.7 176.4 175.2 173.7 172.8 171.9 171.4 171.1 170.6 170.3 169.5 168.8 168.6 168.8 168.9 168.8 168.8 169.4 170.2 170.5 170 170.6 171.8 174 177.4 181.2 185.8 190.7 200.3 215.5 233.6 250.8 264.5 272.7 276.7 278.1 278.2 277.8 277.1 276.7 275.9 274.9 272.9 270.6 267.9 266.3 265.5 264.5 262.3 259.6 255.6 250.9 245.8 240.4 235.6 231.4 226.8 223.1
198 196.4 195 193.6 192.5 192.3 192.4 191.8 190.7 189.8 188.8 188.3 187 185.4 182.9 181.6 181.2 180.1 178.2 176.5 174.9 173.5 172.9 172.2 169.4 170.1 168.8 168.2 168.3 168.3 167.1 166.5 166.6 166.7 166.4 166.5 166.9 167.6 167.9 167.7 167.2 167.8 169.1 171.7 175.1 178.8 183.4 188 195 208.4 225.6 244 258.5 267.8 272.1 273.1 272 271 271.7 272.1 271.9 271.7 269.6 267.2 264.7 263.4 263 262.1 261 258.3 253.1 247.6 240.5 232.7 223.3 215.7 209.3 203.9
197.5 196 194.7 193.4 191.6 191.3 190.6 190.1 189.5 188.6 188.1 187.5 186.3 184.1 181.4 179.3 178.2 176.9 175.9 175.3 173.7 172.5 172.4 170.8 171.2 169.5 168.6 167.3 167.8 166.7 165.8 165.2 165.2 165.1 164.6 164.3 164.9 165.5 165.8 165.5 164.9 165.5 167.4 170.4 173.4 176.7 180.3 184.4 189.5 198.5 214 235.8 252.2 261.6 265.1 264.2 259.7 256.7 260.7 264.7 265.8 265.1 262.4 259.8 257.4 257.1 257.2 258.6 258 255.1 249.4 240.1 226 211.6 200.5 192.1 185.4 180.2
196.4 195.5 194.1 192.9 190.9 189.8 188.7 188.6 188 186.6 185.9 184.8 183.7 181.7 180 178.1 176.9 176.2 175.5 173.3 174.2 173.8 173.6 173.1 172.6 171.6 170.7 169.5 168.3 166.7 165.1 164.2 163.8 163.4 162.9 162.8 163 163.4 163.5 163.4 163.1 163.9 166.3 168.9 171.6 174.8 178.1 180.9 184.7 189.8 209.5 230 246 254.5 256.2 251.6 235.7 229.9 244 254.8 257.7 256 252.2 249.3 246.8 246.4 250 252.9 253.9 251.8 245.9 233 205.6 188 179.5 173.2 168.6 166.7
195.3 194.4 193.2 192 191 188.6 187.2 186.4 185.1 182.8 182.6 180.8 178.7 180 180.4 179.4 178.3 177.1 176 175.4 176.1 176 175.4 175.2 173.3 172 170.8 169.7 168.5 167.5 166.5 165.6 164.8 163.6 161.7 161.5 161.5 161.9 161.7 161.6 161.7 163.1 165.2 167.8 170.4 172.4 175.3 177.3 180.2 185.1 202.8 223.6 238.8 247.1 245.9 235.8 215.6 208.9 225.8 243.5 248.7 245.8 240.8 235.6 229.7 227.4 239.4 246.9 248.4 248.9 244.1 234.7 212.6 191.2 178.5 173.2 170.2 167.9
194.2 193.3 192.1 190.8 189.4 188.1 186.3 184.6 183.3 182.6 182.6 183 182.8 182.2 182.3 181.1 178.9 178 177.1 177.8 178.6 178.2 177.5 176.2 174.1 172.3 170.7 169.4 168.2 167.2 166 165 164.2 163.4 162.4 161.1 160.2 160.3 160.1 160.1 160.5 161.8 164.1 166.4 168.5 170.5 172 173.5 175.7 179.7 194.6 214.6 230.4 239.5 237 223.3 200.9 196.2 211.2 230.4 239.1 235.6 227.5 218.2 206.6 208.9 229.6 240.2 244.2 245.5 243.1 237.7 227.4 210.5 198.5 189.9 183.6 176.8
193.1 191.4 189.5 188 186.8 185.6 183.4 184.5 184.6 184.7 185.1 185.3 185 183.7 182.7 181.6 179.5 178.5 179.8 180.9 181.5 180.4 179.4 177.3 174.9 172.7 170.9 169 167.9 166.6 165.4 164.5 163.6 162.7 161.8 160.9 160.1 159.3 158.6 158.8 159.4 161.5 163 164.7 166.4 168 169.1 169.9 172.3 175.3 184 202.4 219.5 227.1 225.4 215.6 193.4 187.7 197.9 218.4 227.6 223.4 215.1 198.9 191.8 200.4 220 232.7 239.1 241.7 241.3 239.2 235.2 229.5 219.7 209.9 201.5 193.7
190.9 189.1 187.3 187.9 187.5 186.8 185.6 186.5 186.7 186.9 187.2 187.5 186.5 184.8 183.1 181.8 180.1 180.2 182.5 184.6 185.4 183.1 180.3 177.6 174.8 172.6 171.2 168.9 167.3 166 164.8 163.9 163 162.1 161.2 160.3 159.4 158.6 158.2 157.8 157.8 159.6 161.2 162.9 164.1 165.3 166.3 166.8 168.5 171.2 175.4 189 204.1 211.3 211.3 206.4 194.4 180.9 186.8 205.7 214 211.8 205.8 195.2 183.2 192.6 210.8 225.3 232.8 236.9 238.4 238.3 237.2 235.2 231.8 226.6 221.3 214
190.4 191.3 190.7 189.7 188.7 187.6 186.3 187.9 188.8 189.3 189.8 190.2 189.1 187.3 185.3 182.5 181 182 185.3 189.7 191.8 185.6 180 176.4 174 171.5 170.2 168.5 166.7 165.2 164 163.2 162.3 161.5 160.6 159.7 158.8 158.2 157.7 157.2 157.1 157.5 159.3 160.8 162.1 163 163.6 164.1 164.9 167.6 171.2 176.2 184.4 190.4 191.6 189 187.5 179.2 179 197.1 205.9 204.4 197.3 186.8 177.3 187.2 202.5 217.3 226 231 234.4 235.8 236.2 235.6 234.2 232.5 231.5 228.6
191.5 192.5 191.6 189.6 189.5 188.2 187.3 189.5 191.4 192.6 193.5 193 192.2 189.5 186.5 183.6 181.9 183 185.8 188.5 189.2 183.8 178.6 174.6 171.8 169.8 168.3 166.9 165.6 164.2 163.1 162.3 161.6 160.7 159.8 158.9 158 157.4 157 156.6 156.5 156.5 157.6 159 160.4 160.9 161.5 161.7 162.1 163.7 166.5 169.5 171.8 175.4 177 177.7 179 177.1 174.1 190.4 201 198.6 189.6 179.1 173.8 179.6 194.8 209 218.9 224.3 228 230.9 231.8 232.3 233 233.2 234.4 235.4
193 194.2 192.9 191.3 190.1 188.9 188.1 190.3 192 193.8 194.4 194.1 193 189.7 186.4 184 182.4 182.6 184 183.1 182.4 178.9 175.3 172.5 170.3 168.1 166.8 165.6 164.4 163.2 162.2 161.5 160.7 159.8 158.8 158 157.1 156.6 156.2 155.8 155.8 154.2 156.3 157.7 158.7 159.1 159.3 159.4 159.5 160.7 162.6 164.4 167 168.7 170.4 172.3 173 173.2 171.4 187.5 195.9 196 186.8 176.6 171 171 185.4 199.7 209.8 217 221.4 223.5 225.1 226.1 226.3 229.6 233.8 237.8
