public/OST50/ST83.asc
ncols 200
nrows 200
xllcorner 380000
yllcorner 130000
cellsize 50
[rows 70 to 104 of 200, columns 0 to 77 of 200]
161.1 159 157.9 156.9 155.9 155.3 154.9 154.5 154.1 153.4 152.5 152 151.9 151.7 150.7 150.4 150.2 150.1 150.2 150.9 152 152.1 151.6 150.5 149.3 148.5 148.9 149.6 151.3 153.2 155 157.6 161.4 170.6 185.8 200.1 205.4 211.6 215.8 219.1 221 222.6 223.2 223.3 222.7 222 220.8 219.7 218.6 217 215.4 213.4 211.6 210 208 205.4 202.9 199.9 196.2 192.3 188.7 185.7 183.7 182.3 182.2 182.4 182.1 182.3 183.1 183.6 184.3 185.2 184.7 183.7 181.4 178.5 173.7 169.4
159.5 158.1 157.1 156.3 155.2 154.8 154.5 154.1 153.7 153 152.5 152.1 152 152.7 151.3 150.8 150.9 151 151.9 152.7 153.5 152.7 151.3 150.1 149.7 149.8 149.7 150.2 151.7 154 157 162.5 176.7 187.9 202.1 208.3 212.7 216.1 218.9 221.1 222.1 222.6 222.6 222 221.1 219.9 218.7 217.1 215.4 213.8 211.7 209.6 207.6 205 202.7 199.3 195.4 191.7 187.5 182.6 176.1 169.8 166.5 165.9 166.2 165.3 166 168 169.5 170.6 171.9 174.4 174.6 173.7 171.7 168.6 164.9 161.1
158.2 157.3 156.4 155.5 154.7 154.5 154.2 153.8 153.4 153 152.6 152.2 152 152.3 151.5 151.7 152.6 153.7 154.9 155.1 154.1 152.6 151 150.7 150.8 151.1 150.9 151.4 153.5 156.3 164 177.6 193.6 203.2 209.6 213.8 216.5 219 221.4 222.3 222.2 222.2 221.3 220 218.4 217 215.2 213.5 211.6 209.4 206.9 203.6 201.8 198.4 195.1 191.1 187 182 175.7 168.8 163.7 158.1 156.1 154.5 154.2 153.7 153.2 153 153.3 153.7 158.4 161.4 162.1 161.9 160.6 158.8 155.9 153.1
157.6 156.7 155.7 154.8 154.4 154.2 154.1 153.7 153.1 152.7 152.4 152.2 152.5 153.2 153.2 154.4 156.3 157.6 157.8 156.6 154.2 152.3 150.8 150.7 152.3 152.6 152 153.1 155.9 162.4 179 194 203.3 210.1 213.7 217 219.6 221.7 222.6 223.2 222.8 220.7 219.5 217.2 215.3 213.1 211 208.6 206 202.3 199.4 196 192.7 189 184.9 180.2 175.2 170.1 163.7 159 155.3 152.7 151.9 152.1 151.2 150.5 149.5 148.7 147.5 146.3 148.3 150.4 151.2 151.3 150.7 150.2 148.5 146.9
157 156.1 155.1 154.7 154.6 154.5 154.4 153.8 153.2 153.2 153.3 153.5 153.9 154.5 155.9 158.4 160.6 161.7 160 157.2 154.6 152.2 150.9 152.3 154.5 154.4 153.5 154.1 157.7 172.4 188.6 200.6 208.9 213.5 217 219.6 221.7 223.3 223.8 223.4 222.3 219.8 216.4 213.4 210.8 207.6 203.3 198.8 195.1 191.2 185.8 181.1 176.4 171.7 168 165 162.6 159.5 156.7 156.4 158.2 159.8 161.1 161.7 160.8 160.4 158.3 155.3 152.3 148.7 145.4 145.3 145.5 145.7 145.6 145.6 144.6 143.9
156.5 155.5 155.7 155.8 155.3 154.8 154.5 154 154 154.4 154.6 154.8 155.6 158.1 160.5 163.9 165.1 163.3 160.4 157.4 154.4 152.2 151.8 153.5 156 156.6 155.6 155.1 158.2 172.3 190.9 202.6 210.9 215.4 218.3 220.8 223 224.7 225 224.5 222.6 218.4 212.4 207.2 201.9 196.4 190.6 185.7 181.3 177.7 174.1 171.1 168.6 166.3 165.2 163.6 163.4 164.4 166.4 169.8 173.4 176.8 177.1 175.3 171.6 167.5 162.9 156.1 150.8 148.2 145.9 144.1 143.4 143.1 143.3 142.6 141.9 141.4
156.5 156.1 156.8 157 156.5 155.6 154.6 154.6 155.9 156.3 156.8 157.6 159.2 162.5 166 169.4 167.7 163.5 159.8 156.4 153.9 152.4 152.5 154.4 157.1 158 158.4 157.1 157.6 162.8 180.7 200.1 210.4 215.5 219.2 221.6 223.9 225.8 226.1 225.2 223.6 220 215.2 210.6 204.5 200.6 198 196.7 194.6 192.1 189.9 187.3 184.9 183 181.9 180.9 181.3 182.2 183.6 186.9 187.6 185.9 182.2 177.5 171.9 165.9 159.3 152.7 148.3 147 145.6 143.7 143.3 142.9 142.4 142.2 141.6 141.5
156.6 157.8 158.8 158.3 156.6 155.5 155.3 156.1 157.6 159.1 161.5 162.3 166.6 171.1 173.3 171.2 166.5 161.3 157.8 155.2 154.2 153.4 152.6 154.8 157.5 159.4 160.6 159.9 159.4 160.5 170.5 191.2 206.7 214.4 218.7 222.4 225 226.6 227.1 226.6 225 222.6 220 216.1 212.1 209.8 208.3 207 205.9 204.9 204.2 203.5 202.5 200.7 200.2 199.3 198.3 197.7 196.3 194.7 192.1 187.4 181.3 175 167.9 159.9 152.4 148.2 146.7 145.4 144.6 144.2 144.4 144.6 144.3 144.4 144.3 144.6
157.8 159.1 159.5 158.7 156.9 155.7 156.8 158.7 161.4 165 170.4 175.9 182.4 181.5 175.3 168.1 162.5 158.7 156.5 156 155.1 154.1 153.5 154.6 157.5 159.9 162.1 163.1 162.6 162.9 165.7 181.5 201.5 212.7 218.2 222.9 225.7 227.4 227.8 227.5 226.5 225.1 222.9 220.6 218.1 216.2 214.7 213.3 212.3 211.1 210.1 209.3 208.3 207 205.6 204 202.3 200.3 197.3 193.9 189.4 183.4 176.5 168.6 160 152.6 148.2 146.3 145.4 145.1 144.8 145.8 146 147 149 151.2 153.9 154.1
159.1 160.4 159.9 158.6 157.1 157.1 158.7 163.2 172.1 183.8 193.5 197.4 190.3 179.9 171 163.8 159.8 157.8 157.3 157.2 156.2 154.9 154.3 154.1 156.5 159.8 162.4 163.8 165.1 166.1 168 176.2 197.7 210.9 218.2 223.1 226.3 227.8 228.3 228.4 227.2 226 225.1 223.6 221.7 220 218.8 217.6 216.3 214.9 213.5 212 210.5 208.6 206.6 204.8 202.2 199.2 195.2 189.7 183.8 176.7 167.8 158.5 151.9 148.9 146.5 146.7 147.8 148 149.5 150.6 149 155.7 161.9 166.7 168.2 164.9
159.9 160.9 159.6 158.3 157.3 158.1 162 172 192.7 205.1 205.2 197.8 184.5 173.8 166.4 161.5 159.1 159 158.7 158.4 157 155.5 155.2 155 155.3 158.5 161.7 163.7 165.4 166.9 169.1 177.9 198.7 211.5 218.4 223.2 226.5 228 228.6 228.6 227.8 226.6 225.9 224.8 223.5 222 220.3 219.1 217.8 216.7 214.9 212.7 209.9 207.7 206.1 203.5 200.2 196.2 189.9 183.5 175.6 165.5 156.5 151.1 148.1 147.5 149 151 154.9 159.9 162.7 159.6 153.1 165.5 172.2 176 176.5 172.4
160.5 160.2 159.6 158.6 158.4 160.2 164.7 176.8 201.1 207.4 203 191.9 180 170.7 165.5 161.1 160.1 160.4 160.2 159 157.8 156.7 156.3 156.3 156 156.4 159.8 161.8 163 164.5 168.7 182.3 201.6 213.1 219.6 224.3 227 228.1 228.7 228.2 227.7 227.2 226.1 225 223.7 222.5 221.3 219.6 218.1 216.4 214.5 212.1 208.9 206 204.5 201.1 196.8 190.5 183.6 175.4 163.2 154.3 150.5 148.9 149.7 151.5 155.7 164 171 173.8 172.2 163.6 158.9 173.3 179.8 183.1 182.9 178.6
160.1 159.6 159.1 159.3 159.9 161.8 166.3 176.8 199.5 206.3 201.2 188.9 178.1 168.7 163.9 161.7 162 162.3 161.1 160 159.1 159.4 159.7 159.5 158.3 157 158.1 159.6 161.5 165.8 177 193.7 208.7 216 221.3 224.8 227 228 228 227.5 227 226.1 225.1 224.2 223 221.4 220 218.7 217.2 215.1 212.8 210.4 207.6 204.6 201.5 197.2 190.9 183.9 175 163 154.4 150.9 150 151.6 153.4 158.4 169.3 177.6 181.4 181.7 176.7 163.9 168.4 179 185 188.4 187.5 183.4
160.4 160 159.5 160.4 161.3 163.7 168 176.3 198.7 208.1 202.2 188.8 175.2 167.6 164.7 164.5 165.2 165.5 163.5 162.5 164.1 165.5 165.3 163.2 160.1 158 158.2 160.4 167.9 179.5 191.3 204.3 213.1 218.8 222.8 225.5 226.6 227.1 227.2 226.6 225.7 224.9 224.1 222.7 221.4 219.9 218.2 216.4 214.7 212.6 210.4 208 205.4 202 197.6 191.6 184.4 175.9 164.9 155.6 151.3 150.9 153.8 155.5 159.6 170.4 180 186 188.2 187 178.8 167.9 178 184.4 189.6 192.4 191.6 189
161.6 160.6 160.5 161.6 162.7 165.2 169.6 180.9 203.7 212.1 207.2 192.5 180.5 175 172.5 171.3 171.5 172.9 174.8 177.9 181 179.1 174.9 168.4 162.4 158.6 158.8 166.4 179.2 191.8 203.4 211.4 216.7 221 224.2 225.4 226.2 226.1 225.8 225 223.9 222.6 221.4 219.9 218.1 216.4 215 213.6 212.1 210 207.9 205.6 202.1 198.1 191.9 185.5 177.2 166.5 157.9 153.1 151.7 155.4 158.5 164.7 173.7 182 188.2 191.7 192.8 190.1 184.6 173.1 184.5 189.7 193.6 196.2 196.5 194.6
162.8 161.2 161.9 163 164.3 166.8 171.8 184.3 209 219.1 215.9 208.5 201.5 197.1 194.2 192.5 193.7 195.7 196.4 195.7 193 188.3 180.3 171.4 163.5 159.4 159.7 168.7 189.6 202.2 211 215.5 219.1 222.3 224.4 225.2 225.2 224.7 223.7 222.3 221 219.8 218.5 216.5 214.6 212.7 211.7 210.8 209.5 207.4 205.1 201.7 197.7 192 185.9 179 169.3 160.8 155.7 152.4 155.6 162.8 171.2 179.2 185.1 190 193.6 196 196.5 193.8 188.5 181.2 189.6 194.2 198.4 201 201.7 201.4
163.6 162.8 163.5 164.6 166.6 169.4 176.4 194 217.3 225.5 222.8 219 215.5 213 211.1 209.7 209.8 209.2 208.1 204.8 200 193 184.5 173.5 164.5 160.2 161 171 192.8 207.5 213.8 218.2 221.1 223.3 224.5 224.5 224.1 222.6 220.8 219 218 216.8 215.5 213.1 210.6 208 207.5 207.6 206.8 204.2 201.1 197 191.8 185.9 179 171.9 165 158.1 154.1 153.4 161.7 172.6 181.8 187.3 192 195.3 198.1 200 200.2 197.7 193.3 188.2 194.3 198.8 203.2 205.6 206.3 206.2
164.2 164.2 165.2 166.7 169 173.3 185.8 207.1 224 228.2 227.1 225 223.2 221.2 219.8 218.6 217.5 216.4 214.2 210.4 204.1 196.1 188 175.8 164.7 160.9 162.5 172.5 194.6 210.1 216 220 222.6 224 224.3 223.7 222.3 220.2 217.3 215 214.1 214 213.1 210.7 206.6 201.9 202.4 203.3 203.3 201 196.4 190.7 184.5 178 172 166.2 160.5 156.4 153 157.7 168.6 180.8 188.9 193.7 196.2 199.2 201.9 203.6 203.6 201.9 197.5 194.6 199.4 203.3 207.1 209.1 209.8 210.1
165.3 165.8 167.2 168.9 171.9 179.7 198.2 219 227.3 229.8 229.2 228.1 226.8 224.9 223.6 222.1 220.7 218.7 216.4 212.1 205.9 197.8 189.8 177.4 165.4 161.2 163.9 174.3 195.8 211.7 218 221.5 223.4 224 223.6 222.4 220.6 217.5 214.2 209.7 210.5 211.8 211 209 205.3 199 190.8 195.7 198.1 196.5 191.1 184.5 177.2 171.7 166.5 162.1 158 154.9 153.7 160.4 172.4 183.1 191.4 196.1 199.3 202.4 204.9 207.1 207.3 206.1 203 200.6 204.2 207.5 210.8 212.2 212.6 212.9
166.9 168 169.5 172.3 178.1 193.3 212.7 225.7 230.1 230.6 230 228.8 227.6 226 223.4 222.1 219.9 217.1 215.5 211.3 205.3 197.4 189.3 175.9 165.4 161.6 165.6 175.7 197.1 213.5 219.5 222.6 223.7 223.6 222.1 220.7 218.6 215.1 211.2 203.1 206.9 209.5 209.1 207.1 203.9 198.8 192.1 184.2 191.5 189.5 184.5 177.8 171.8 166.8 162.8 159 156.2 154.9 158.6 163.8 171.4 179.4 187.7 196.6 201.4 205.5 208 210.3 211 210.4 208.6 207 209.8 212.1 213.5 214.3 214.6 214.4
169.3 170.7 173.5 179.3 192.7 210.1 222.5 228.9 230.7 230.7 229.5 228.3 226.1 223.8 220.9 218.3 214.8 212.2 210 206 200.5 193.9 187.3 174.2 164.4 163.1 167.7 179.2 200.7 215.1 220.2 222.7 223.3 222.7 221 219.2 216.3 213.1 208.3 197.2 201.9 206.4 205.5 203.4 200.3 195.8 189.9 179.2 180.6 179.8 175.6 171.1 167.2 163.1 159.6 156.9 155.6 160.1 167.6 169.5 181 188.7 195.3 199.4 203.6 208 211 213.2 213.6 213.7 213.7 213.3 214.1 215 215.8 216 215.7 215.2
171.9 174.9 181.2 194.7 210.7 220.8 227.8 230.7 231 229.9 227.7 224.7 221.5 216.3 212.8 210.1 207.4 204.4 201.6 197.6 193.6 188.7 183 170.8 163.9 164.7 170.8 185.3 206.2 217.2 221.5 222.9 223 221.8 219.7 217.2 214 210.2 205.5 193 195 200.9 200.3 197.6 193.6 188.3 182.8 177.2 171.3 171.7 168.7 165.2 162.3 159 156.9 156.3 157.9 163.2 173.7 177.6 185.1 193.7 199 203.5 207.4 210.7 214 216 216.4 216.6 216.7 217 217.2 217.4 217.4 217 216.5 215.4
175.9 182.2 197.2 213.1 223 226.7 230.7 231.1 230.4 228.1 224.5 218.4 212.7 204.8 197.1 191.4 187.7 184.9 183.4 182.4 182.6 181.3 174.9 167.2 163.8 167.8 176.5 194.3 212.2 219.2 222.1 222.8 222.2 220.6 218 214.9 211.4 206.7 201.3 194.2 184.5 193.7 192.6 188.7 184.2 180 176.2 171.9 167.4 164.5 162.1 159.9 158.5 158.1 160.6 163.9 168.4 166.2 176.2 184.3 190.1 196.5 202.2 207.3 211 214.2 216.4 218.3 219 219.4 219.2 219.1 218.9 218.5 218.2 217.5 216.8 215.4
181.5 196.4 215.4 224.8 229.4 231.6 232.1 230.7 228.1 223.1 215.9 206.2 192 182.5 176.6 174 173.1 172.3 170.4 168.1 167.6 168.3 166.4 165 166.6 173.6 188 206 216.7 220.9 222.6 222.4 221.2 218.8 215.9 212.7 207.9 201.9 195.4 188.9 179.1 183.3 181.2 178 175.1 172.5 170.2 166.8 163.4 160.9 159.3 161.3 164.6 168.3 173.8 180.3 180.8 173.2 178.1 188.3 194.9 200.1 205.4 210.5 214.2 216.6 218.7 219.7 220.3 220.3 220.1 220.1 220 219.2 218.8 218.1 216.7 214.9
194.5 212.7 224.8 230.6 232.9 233.2 231.7 228.9 224.2 215.1 200 184.5 178 179.6 184.2 188.1 189.3 188.8 186.3 175 168.5 168.8 168.1 171.4 177.9 189.2 204.1 215.2 220.2 222.6 222.7 222 219.7 217.3 214 209.8 204.9 198.1 189.9 181.2 175.4 171.6 170.6 168.3 166.6 165.7 164.1 162.7 162.3 162.1 160.9 168.4 176.5 183.5 189.5 190.3 188.6 179 185 192.3 199 204.4 209.5 213.7 216.8 218.9 220 220.9 221.1 221.1 221.1 221 220.6 219.8 219.3 217.9 216.4 214.9
212.5 225.5 231.7 234.1 234.4 233.5 231.5 226.8 218.5 202.2 187.7 189.6 194.8 200.3 204.8 208.1 208.1 204.4 192.7 172.6 172.3 179.6 186 192.1 199.9 208.4 215.5 219.9 222.6 223.2 222.7 221 218.7 215.5 211.8 206.5 200.2 192.9 183.4 174.8 170.6 171.6 172.2 171.7 170.3 171.2 170.6 172.8 171.2 164.3 169.3 182.3 192 196.9 198.4 198 194.7 185.6 192.3 197.7 203.6 208.8 213.2 216.5 218.9 220.1 221.1 221.6 221.8 221.9 221.8 221.2 220.4 219.4 218.6 217.4 216.1 214.6
224.2 232.4 234.9 236.1 235.8 234.1 231.1 225.4 212.8 200.5 209.1 212.2 216.8 219.6 219.8 218.6 214.8 208.3 192.3 172.8 177.2 188.8 200.7 209.3 213.5 217.5 220.4 223.1 223.9 223.4 222 219.8 216.8 213.5 208.9 203.1 195.3 185 175.7 174.9 180.1 183.8 186 186.3 185.9 184.7 185.2 183 171.3 167.1 181.3 192.9 199.6 202.6 203.9 203.3 199.8 196.5 198.2 203.3 207.5 212.5 216.2 218.6 220 221.2 221.7 222 222.3 221.9 221.4 220.8 220 219.1 217.9 216.7 215.6 214.4
227 236.1 237.1 237.1 236.6 235.3 231.9 227.2 217 215.6 222.3 224.3 225.4 225.8 224.4 222.4 218.2 209.9 193.6 174.8 180.4 196.3 211.3 216.7 220.1 222.6 224.1 224.7 224.1 223.1 220.9 217.9 214.7 210.7 205.9 198 188.1 177.4 180.7 188 194.5 199.7 201.7 201.5 200.6 198.7 194.3 189.2 172.3 172.8 187.6 198.5 203.4 207 208.3 207.9 205.6 204.5 205.2 209.2 212.4 216.1 218.3 219.9 221.1 221.6 222.1 222.3 221.8 221.4 220.9 220.3 219.3 218.4 217.2 216 214.6 212.9
220 222.9 229.2 235 236.4 236.1 233.8 231.3 227.2 227.2 228.4 230.1 230.1 229.1 226.8 223.6 218.9 210.3 195.6 177.5 185 203.4 216 221 224 225.6 226 225.7 224.5 222.2 219 215.8 211.7 207.2 201.3 192.8 180.4 184.8 193.9 202.4 206.2 207.9 208.2 207.7 206.4 203.7 199.6 190.9 174.5 174.4 189.6 200.3 206.1 209.9 212 212.6 212 211.8 212.5 214.4 216.8 218.6 219.9 220.9 221.4 221.9 222 221.5 221.1 220.6 219.7 218.5 217.6 216.7 215.6 214.4 212.9 210.9
192.7 196 204.7 220.9 232.4 235.5 235.4 234.9 233.9 233.6 233.8 234 233.3 231.2 228 223.8 218.1 206 190.6 181.5 191.7 209.4 218.8 223.4 225.9 226.8 226.8 225.6 223.7 220.8 217.3 213.3 209.1 203.6 195.5 184.9 188.6 197 204.5 208.9 211.4 212.2 211.5 210.6 208.9 205.9 201.1 192.4 176.2 175.2 191.1 201.8 207.4 212.1 214.6 215.7 216.3 216.9 217.6 218.4 219.4 220.3 221.2 221.4 221.6 221.4 221.2 220.6 220.2 219.2 217.9 216.8 215.6 214.4 213.2 212.1 210.7 208.9
178 179.4 185.1 199.7 220.7 232.9 236.4 238.1 237.5 237.1 237 236.8 235.4 232.6 228.4 222.8 212.3 196.5 199.5 188.7 197.7 213.3 221 224.9 227.6 227.8 226.9 225.4 222.8 219.2 215.3 211 206.3 198.7 187.8 191.5 200.1 206 210.5 213.2 215.1 215.3 214.2 212.9 210.4 207 202.1 192.8 176.9 177.6 193.9 203.1 209 214 216.9 218.4 219 219.5 220.3 220.6 221.2 221.1 221.2 220.6 220.9 220.5 220.1 219.5 218.3 217.1 215.5 214.2 212.4 211.9 210.9 209.9 208.3 206.3
170.4 171.2 175.4 185.1 207.3 228.7 236 238.9 240.3 239.9 239.6 238.7 237.3 234.1 230.2 224.5 213.8 212.1 207.4 194.2 201.3 215.6 222.6 226.4 228.3 228.2 226.8 224.2 221.2 217.3 213 208.6 203.1 192.8 194 202 206.7 211.6 214.5 216.7 217.4 216.9 215.8 214 211 207.5 202 191 175.7 183.4 197.6 204.6 210.7 215.4 218.4 220.1 220.8 221.4 221.7 221.7 221.5 221.3 221.1 220.5 220 219.3 218.5 217.4 216.2 214.9 213.4 211.7 210.6 209.6 208.6 207.6 205.7 203.6
165.1 166.9 171.3 179.6 197.8 223.6 235.1 239.6 241.5 241.9 241.3 240.3 239 236.1 232 227.6 221.9 218.8 209.9 202.8 205 218.2 224.4 227.8 228.7 228 225.9 223 219.1 215.2 210.4 205.4 196.5 196.4 203.9 208.4 212.6 215.6 217.9 218.7 218.9 218 216.2 214.2 211.1 207 201 188.7 175.9 189.5 200.2 206.5 212.4 216.8 220 221.6 222.1 222.4 222.5 221.9 221.7 221 220.1 218.8 217.8 217.1 215.9 214.7 213.6 212.4 210.9 209 206.8 206.3 206.1 205 203.1 200.8
161.9 165.2 169.6 177.8 194.3 219.6 234.1 239.7 242.1 243 243.3 241.8 240.1 238.2 235.1 231.6 227.6 223.1 218 213.1 210.7 222.1 226.6 228.9 229.1 228.1 224.5 221 217.1 211.6 206.8 199.5 199.5 205.2 209.6 213.4 216.5 218.7 219.7 219.7 219.2 218.3 216.4 214 210.6 206.4 200.2 186.6 183.3 195.1 202.8 208.5 214.2 217.9 220.9 222.5 223.2 223.1 222.6 222 220.8 219.7 218.1 216.7 215.4 214.2 212.9 211.7 210.7 209.7 207.8 205.9 203.4 202.6 203 201.7 200.2 198.1
160.8 164.2 169 177.1 194.4 219.4 234.7 239.9 242.1 243 245.8 243 241.5 239.6 237.4 234.7 231.8 228.2 224.2 219.4 220.2 225.3 228.9 230.1 229.6 228 224.8 220.5 214.8 209.3 206.9 205.8 204.4 209.6 214 216.8 219.7 220.4 220.6 219.9 219.4 218 216.1 213.3 209.8 205.8 200 185 188.6 200 205.4 210.8 216.2 219.6 222 223.1 223.5 223.3 222.4 221.1 219.3 217.6 215.9 213.9 211.8 210.2 209.1 208.6 208 206.7 204.7 202.7 200.2 198.8 199.5 198 196.7 194.8
