public/OST50/ST92.asc
ncols 200
nrows 200
xllcorner 390000
yllcorner 120000
cellsize 50
[rows 70 to 104 of 200, columns 0 to 77 of 200]
124.9 122.7 120.2 119.4 119 117.9 117.3 116.5 116.5 119.9 122.2 126.6 127.4 125.9 126.3 123.5 122.4 123.8 119.8 115.4 113.2 113 112.2 111.9 111.6 111.9 120 125.9 130.9 132 130.5 128.8 126.4 123 118.8 114.6 111.8 108.7 105.8 103.4 102.1 101 99.7 99.5 99.8 100 102.7 102.4 103.6 103.3 103.4 103.6 104 104.8 105.6 106 108 110 114.2 117.2 119.8 123.1 124 121.1 118 116.3 116.8 117.7 119.2 118.1 121.1 124 125.1 125.3 132.1 135.9 137.7 142.9
129.3 125 121.9 120.6 119.8 119 118.7 116.5 117.4 119.4 121.9 126.5 128.7 128.3 127.9 127.2 128 127.1 121.9 116.3 114.8 116 113.8 113.3 113 112.4 116 122.3 129 131.7 128.8 126 121.2 118.4 115.4 112.3 110 107.7 105.5 102.9 101.7 100.6 99.6 99.8 100.5 101.3 101.3 101.3 103.9 104.9 104.1 104.4 104.8 105.3 106.2 107.5 109.3 111.1 113.5 116.6 120.9 126 127.4 124.6 121 118.1 119.5 121.2 121 120.5 119.7 119.6 123.7 125.3 130.3 131.7 134.6 140.4
132.1 127.6 124.1 122.8 121.6 120.8 119.6 118.2 118.4 121 125.6 130.2 130.7 131.5 131.4 131.5 131.2 128.2 122.4 117.1 119 119.9 115.8 115.1 114.9 113.3 114.4 119.5 126.4 128.4 124.2 120.7 116.6 113.1 111.9 109.9 108.2 106.3 104.5 102.7 102 100.7 99.7 100.1 101 101.3 101.3 101.3 101.3 104.1 105 104.9 105.5 106.1 107.3 108.9 110.6 113.1 115.6 118.1 121.5 126.2 128.6 126.5 122.7 120.6 122.3 124.7 125.3 124.7 123.2 122.1 125.3 125.3 125.3 125.6 136.6 140.2
138.1 133.3 128.1 125.3 123.9 123.1 121.6 119.4 119.6 122.2 125.8 130.5 132.7 133.7 134.8 135.5 132.2 127.7 122.8 121.1 121.3 120.9 118.1 118.5 115.9 113.7 115.1 118.9 124 125.2 121 117.5 113.4 110.3 109 107.5 106.2 105 104.2 103.1 102 100.3 99.7 100.7 101.5 102.2 102.6 101.6 101.3 103.2 105.3 104.5 105.2 106.1 107 108.9 110.5 113.4 117.3 121.9 124.4 125.1 125.3 124.6 123.5 123.1 124.5 129.1 130.7 129.6 126.8 125.2 125.3 125.3 125.3 129.2 138.2 140.3
143.1 138.3 132.2 127.9 126 126.2 123.2 119.5 121.8 126.2 127 128.5 133.2 136.6 137.7 138.1 132 126.5 125.2 123.9 122 121.1 121.8 121.4 117.4 114.6 117.2 120.1 124.7 124.2 119.6 117.1 114.6 112.1 109.9 108 107.1 106.3 104.3 103.2 102 100.3 100.4 101.3 102 102.8 103.9 104.5 103.9 104.3 103.7 103.7 105 106.1 107.1 108.5 109.9 112.1 114.9 119.6 122.3 122.1 121.4 120.9 123.3 127 129 132.5 135.3 133.9 130.5 129.3 126 126.5 125.3 128.4 134.1 137.6
144.5 139.7 134.2 130 127 124.2 120.9 122.5 125.3 128.6 131.8 133.2 135.3 140 139.8 140.8 134.7 131.1 128.5 125.7 123.3 123.4 124.1 122.6 117.1 115.9 119.8 123 126.8 124.9 120.3 118.3 116.5 115 112.2 110.6 110 107.9 105.2 103.5 101.7 100.4 100.8 102 102.8 103.5 104.2 105.5 105.2 104.7 104.4 103.7 104.5 105.7 107 108 109.4 111 113.4 114.6 117.2 117.6 118.8 121.6 125.5 130 134.4 137.6 139.5 138.9 136.7 135.9 135.9 134.7 133.1 133 133.4 135.5
141.1 134.8 130.7 127.1 123.4 122 124.4 128.9 131.5 132.4 137.8 139.8 138.3 142.6 146.2 143.3 136.8 134.3 129.9 126.8 124.3 124 124.1 121 116.7 117.6 120.8 125.9 127.5 126.3 124.7 122.5 120.9 118.5 114.3 112.5 110.9 108.2 105.6 103.3 101.1 98.9 101.2 102.6 103.4 104.3 105.4 105.6 106.1 105.6 105.2 104.8 104.9 106 107.3 108.5 109.9 110.6 112.1 113.5 116.8 120.8 122.3 123.8 130.1 135.3 140.4 143.4 145.1 145.5 144.3 143.7 143.7 142.1 139.6 139.3 139.4 141.5
138.4 133.5 128 123.7 126.8 125 127.6 133 138 138.9 143.2 144.3 143 146.5 147.6 141.6 136.1 130.8 127.6 125 123.1 122.7 122.1 118.5 118.4 119 120.8 126.2 130.8 132.2 131.3 128.5 123.7 120.5 116.1 112.4 110.5 107.6 105.2 103 100.7 100.8 102.1 103.3 104.6 105.5 106.5 107.6 107.6 107.1 106.6 106 104.9 106.1 107.8 110.3 112.2 112.7 113.2 114.9 120.2 126.4 128.7 127.8 135 141.6 148.1 153.1 156.1 157.1 155.8 156.3 156.3 153.8 151 151.1 150.6 151.3
135.6 131.5 126.1 127 131.4 129.9 130.9 134.3 142.1 147.8 148.9 149.4 148.3 148.4 144.9 137.5 131.8 128.4 125.3 123.2 121.3 119.9 118.8 118.7 121.2 122.6 123 128.7 137.3 138.6 134.2 129.2 124.1 119.9 115.5 111.9 109.4 106.8 104.7 102.6 100.7 101.3 103 104.6 106.3 106.9 108.1 109.3 109 108.5 107.8 107.2 106.2 106.1 108.3 112 116 117.5 118.4 118.8 124.5 130.2 133.7 135.1 141.7 149.5 158.7 168.7 173.4 176.1 175.4 173.2 172.4 171.2 169.6 169.4 168.5 169
132.1 127.3 127.1 132 137 135.4 133.7 132.7 141.1 151.4 153.9 153.6 152 148.2 141.4 133.9 133.2 130.8 127.2 125.7 123.7 120.9 121 122.2 126.7 131.1 130 132.5 140.5 141.5 135.4 128.9 124.7 121.1 117 113.3 109.9 106.4 104.2 102.3 99.8 101.9 104.2 106.1 106.8 107.2 108.6 110.8 110.9 109.6 108.9 108.3 107.1 106 108.2 112.4 117.8 122.7 125.4 125.5 130 134.3 137.1 141.6 147.6 157.3 173.3 185.2 189.1 188.9 186.7 184.6 182.7 182.2 182.8 182.7 183.2 182.4
129.7 130.6 134.7 133.3 139.8 141.4 140 136 138.3 146.4 154.3 155.4 152.3 145.3 139.2 141.2 141 135.8 130.2 130.5 126.7 122.3 124.6 128.5 135.6 140.8 139.9 137.1 138.4 137.8 132.5 125.6 125.1 123 118.2 113.6 110 106.4 104 102.1 101.3 103.2 105.6 106.3 105.9 106.5 107.9 110.4 111.3 110.6 110.4 109.6 108.5 106.6 108.3 112.7 118.1 122.6 126 128.1 130.4 132.7 137.7 144.7 152.5 164.6 182.4 189.6 190.4 190.1 189.4 187.7 186.8 186 185.6 185.4 184.5 183.6
129.4 137.5 143.8 139.1 141.7 146.2 147 141.3 141.3 143.7 149.5 154.9 151.6 146.2 148.2 148 143.3 137.3 134.7 133.4 128 124.7 130.4 138.7 144.8 147.3 143.7 137.6 132.8 129.9 126.7 121.4 122 120 115.9 112.5 108.6 105.7 103.4 102 101.5 103.5 105.1 105.1 105.8 107 108.3 110.4 112 112.2 112 110.8 109.5 107.7 107.7 112.3 117.1 119.3 121.7 124.3 126.4 130.8 138.2 144.8 152.2 163.1 180 186.9 188.8 188.7 188.1 187.3 186.6 185.8 185 184.3 183.7 182.8
132.8 144.2 150.2 147.2 145.6 148.9 150.8 149.8 148.9 150.2 152.6 154.7 154.1 153.6 155.2 152 143.6 140.2 138 134 128.1 129.6 136.8 146.2 150.9 146.5 140.7 134.7 128.8 122.7 119.7 116.6 116.7 116.3 113.9 110.6 107.8 105.4 103.1 102.2 101.9 104.6 105.4 105.7 107 108.4 109.6 111.2 113.6 115 114.3 112.6 110.5 108.5 107.7 108.3 114.8 115.7 117.9 119.8 122.7 129.4 137.8 143.7 149.3 158.9 175.4 184.4 187.3 187.5 186.8 186 185.2 184.4 183.6 183 182.3 181.3
135.2 139 144.7 147.9 152.4 156 158.3 158.7 157.2 156.7 159.4 160.5 160.7 163.3 162.2 156.5 151.1 147.5 142.2 138.3 133.3 134 142.2 150.8 152.6 144.5 135.1 126.2 123.2 118.7 115.4 113.8 112.3 111.4 110.9 109.3 106.9 104.9 102.8 102.1 102.7 105.8 106.7 105.6 107 109.4 111.5 113.3 115.9 118.4 117.3 114.1 113.3 112.7 110.4 109.4 111.4 111.4 114.3 117.2 121.9 129.2 137.3 142 148 156.1 170 182.6 185.7 186.2 185.4 184.6 183.8 183 182.2 181.5 180.6 179.7
138.6 140.9 141.4 147.9 154.3 161.3 166 167.7 166.7 165.8 167.7 169.1 169 166.8 166.4 161.4 156.1 151.9 148.5 144.2 138.9 138 145.1 153 152.3 143 133.6 123.5 119.2 117.5 117.1 115.9 113.6 110.8 107.9 107.7 106.1 104 102 102.2 105.8 108.8 109.9 108.5 108.6 111 113.3 116.1 119.1 121.9 121.9 118.9 118.1 119.1 115.7 112.9 111.4 111.4 112.6 116.4 120.3 126.5 134.1 138.9 145.2 151.7 167.1 180.1 184.3 184.6 184 183.2 182.3 181.3 180.5 179.8 179 178.1
139.6 145.7 147.6 151.9 159.1 166.3 173.9 179.2 177.8 178.2 179.5 180.3 181.1 180.7 170.8 166.5 161.8 156.7 151.9 148.8 144.5 142.5 148.7 156.2 154.6 145.9 137.7 130.1 124 122.4 119.8 116.9 114.2 110.7 107.9 106.1 104.6 102.7 102.4 104.2 107.7 111.6 113.5 111.8 111.5 113.4 116.9 120.1 122.8 125 126.7 126.5 125.8 125.6 120.5 116.2 115.7 113.7 111.4 115.3 119.8 124.2 133.3 138 142 148.9 166.2 178.3 182.2 182.6 182.1 181.2 180.2 179.1 178.5 177.9 177.2 176.4
141.8 150 155.1 158.9 164.1 171.8 184.5 194.2 192.4 193.8 197.5 199.7 200.5 200 179.6 170.6 167.3 162.5 158.3 153.3 150.2 146.7 147.8 152 151.9 148.6 139.9 132 125.6 122.9 120.4 117.2 113.7 110.8 108 106 103.7 101.3 103.5 105.4 107.9 111.7 115.1 116.2 117.1 119 123.5 126.7 129.6 130.8 131.6 132.3 131.4 128.8 123.6 119.8 117 113.5 111.4 114.9 121 124.3 131.4 135.8 138.9 145 163.7 175.4 179.4 180.7 180.2 179.2 176.7 175.4 175.5 175.7 175.1 174.5
148.3 153.1 159.9 166.6 170.4 178.7 190.6 197 198 201.7 207.1 208.3 207.4 206.7 191 178 169.8 165.7 162.7 159.7 153.3 148.3 145.4 145.5 145.2 142.3 135.4 127.6 122.9 120.3 117.9 115.6 113.5 110.9 108 105.7 103.4 103.3 104.7 106.6 109.6 112.5 116.6 122.3 125 128.1 130.8 134 137 138.2 139 137.9 135.3 130.4 125.2 120.1 117.9 115.8 113.8 112.4 116.4 122.6 128.8 134.1 137.5 140.9 157.8 171.7 176.8 178 177.9 177.1 174.3 171.1 171 171.4 172.9 172.5
150.4 155.1 161.9 170.6 174.8 174.6 177.1 180 180.4 180.8 180.9 193.1 205 205.8 196.4 178.7 172.4 167.8 164.4 160.9 154.6 148.7 143.4 139.7 137.6 134.3 129.4 122.5 117.5 114.5 113.2 112 110.3 108.6 107 105 102.7 103.8 106 109.4 114.7 118.8 120.5 126.2 133.3 137.8 140.4 144.7 148.7 148.1 147.6 144.1 138.8 132.9 127.7 124.3 122.2 119.1 117 114.9 113.8 119.4 127.6 132.6 136.3 139.3 153.2 167.4 173.4 174.6 174.4 173.9 172.2 167.9 166.1 167.9 169.5 170.1
149.3 153.3 160.1 166.2 171.1 172.3 173.1 173.4 174.5 176.3 178.3 178.3 179 185.8 183.5 177.2 173 168 164 160.5 152.8 148.9 143.4 140.6 135.5 130.4 126 122.6 120.3 116.4 114.1 112.1 109.9 107.8 105.3 103.7 101.8 105.4 108.2 113.6 117.4 124.6 127.6 131.6 138.9 145 151.4 158.2 163.4 161.6 156.3 150.9 144.9 138.4 133.7 130.7 128.1 125.2 121.2 118.4 114 118.8 126.6 132.6 134.1 136.6 146.8 158.2 165.8 165.9 167.2 168.1 167.8 163.7 155.8 159.3 163.8 166.4
148.7 149.9 157 163.3 168 169.5 170.5 171.6 172.1 173.7 174.2 173.7 174.5 176.4 176.9 173.8 170.9 166.5 163.6 161.5 154.5 148 143.1 139.7 135.7 130.8 128.4 127.9 125 121 118 114.4 111 107.9 105 104 104.8 107.4 110.1 115.3 119.5 125.3 133.6 138.9 143 150.3 160.3 174.3 178.6 176.7 169.5 161.2 153.1 147.2 141.9 138.7 134.7 131.3 126.5 122.2 118.3 117.5 124.3 130.2 132.1 134.7 140.4 150 158 157 157.9 159.6 160.1 152.1 145.5 146.6 151.9 157.6
148.5 148.5 153.2 160.2 164.3 166 167.6 168.4 169.4 170.1 169.8 170.8 170.8 170.5 170 169.3 167.2 164.6 162.7 160.1 155.2 148.9 145 141.1 136.6 134.4 135.9 131.7 126.2 122 118.4 115.4 111.1 106.4 104.4 104.4 105.9 109 111 114.9 120.5 127.5 136.1 140.5 144.3 153.7 165.3 180.5 183.5 180.9 176.8 173.1 164.9 157.5 151.1 145.6 141.2 136.9 132.4 127.1 122.4 118.5 121 127.1 129.9 130.5 135.5 141.6 144.8 145.1 145.2 146.7 146 139.6 137 138.8 139.9 145.9
149.5 148.8 149.9 155.4 160.9 164.6 164.2 164.4 165.9 167 167.3 167.4 166.3 166.8 166.7 165.4 164.5 163.4 161.7 158.8 154.6 151 144.8 142.3 139.1 141.9 138.4 130.7 122 118.6 116.6 114.9 110.8 105.3 104.3 104.9 106.4 108.6 110.9 115 121.3 128.6 136.2 140.2 146.6 156.3 169.6 181.6 183.7 183.4 181.9 178.2 173.9 169.3 164.2 155.7 150.1 144.4 138.4 132.7 127.6 122.2 118.3 122.8 126.5 127.2 128.8 131.3 132.4 133.1 132.9 132.4 131.4 133 135 136.4 136.8 137.7
154.2 152.1 148.3 152 154.1 155.9 157.7 158.1 161.2 163.9 163.9 164.5 162.5 164.5 164.2 163 161.3 161 159.2 156.3 155.3 156.2 151.8 144.1 144.1 145.3 138.4 131.2 120.9 115.4 115.1 113.2 109.3 104.6 104.6 105.6 107 108.6 110.2 117.5 122.1 129.3 135.7 139.2 145.2 158.4 174.6 180.5 182.3 182.7 182.2 180.8 178 174.9 170.6 165.4 159.3 153.7 147 139.6 133 126.7 121.9 120 121.7 123.2 123.7 124.1 124.8 125.5 126.3 128.7 131.2 133.5 136.4 139.8 141.5 141.1
159.6 156.4 152.5 148.1 149.9 152.6 152.3 152.6 158.6 159.7 161 161.7 160.9 161.3 160.9 160.4 158.9 157.4 155.7 154 151.1 148.4 147.7 144.7 145.3 145.7 138.7 131.3 122.3 112.3 111.6 110 105.9 103.2 105.5 106.5 107.5 109 110.8 117.7 123 128.7 134 139.6 146.7 162 173.2 178.4 180.3 180.9 181.1 179.9 179.1 177.1 174.2 170.1 166.8 162.5 155.8 148.2 140.5 132.9 126.3 121 120 120 120 122.8 125.9 128.9 131 134 138.4 143 149.9 155.4 156.8 152.5
164.5 158.9 154.4 149.4 145.6 145.7 148.1 148.6 152.5 154.1 157.8 160.7 158.4 157.6 156.7 155.7 155.9 154.9 153.1 151.5 146.5 142.7 140.1 138.8 141.2 143.6 137.1 129.9 121.8 113.9 109.6 106.3 104.6 105 105.9 107.2 108.4 110.4 112.4 115.4 122.3 127.2 133.3 139.3 148.4 162.6 170.4 175.4 178.3 179 179.4 178.5 178.3 177.1 175.4 172.6 170.1 166.6 163.5 157.4 149.5 141.4 133.1 127.1 120.8 120 123 129 135.6 140.3 143.9 148.3 153.9 157.1 160.6 162.4 163 160.2
169.9 166.7 159 153.5 147.4 142.8 146.2 144.4 146.7 148.7 150.4 152.3 152.8 152.6 152.3 151.8 151 151.4 150 146.4 140.6 137.8 134.7 131.5 134.3 140.7 134.4 126.7 119.8 113.1 109 105 105.1 105.4 105.7 107.3 109.4 111.9 114.6 117.5 121.2 128.3 135.1 142.5 147.3 159.4 166.3 171.6 175.7 177 177.8 177.7 177.5 176.9 175.5 173.4 171 168.7 166.1 162.7 158.2 149.4 140.6 132.3 123.1 120 124.4 139.7 149.2 154.5 157.4 159.3 160.9 161.8 163.2 164.6 164.2 162.8
173.7 167.4 162.6 154.1 151.6 144.8 140.1 140 141.1 143.1 144.2 146.3 146.4 146.9 146.9 146 146.3 146.1 143.5 139.4 136.6 135.1 131.4 128.7 130.3 137.2 131.7 123.7 115.3 111.7 107.9 104.7 105.5 105.8 105.7 107.2 109.7 113.3 116.8 120.8 125.4 130.6 135.7 141.5 145.2 152.9 162.8 167.9 172.6 174.7 175.6 176.6 176.4 176.1 175.1 173.7 171.4 169.1 167.1 165 161.3 155.5 148.4 137.4 124.2 122.2 129.6 144.6 154.8 159.7 161.7 162.8 163.4 163.9 164 164 163.5 162
175.8 169.6 164.2 157.7 152.8 148.3 143.8 139.6 135.7 139.1 139.3 140.5 140.2 142 142 142.4 142.5 141.6 137.1 134.4 131.9 130.7 128.5 125.1 126.9 132.5 129.7 122.4 114.3 110.7 107.7 104.9 105.4 106.2 106.5 106.9 109.2 113.1 118.3 123.9 127.2 130.9 133.8 137.8 141.2 146.5 156.6 163.8 168.9 172 173.5 174.4 175.2 174.9 174.1 173 171.8 169.6 167.4 165.3 163.4 159.9 153.7 141 128 123.4 130.3 143.8 155.8 160.2 161.9 162.5 162.8 162.7 162.7 162.6 161.9 160.5
178.2 173.5 167.3 162.1 157.4 151.5 147 142.3 137.3 133.8 135.3 133.2 133.9 135.5 137 137.7 137.7 136.8 132.1 129.8 127.5 125 121.7 119.2 121.4 126.1 125.7 120.5 114 111.9 109.1 105.7 106 106.6 107.6 107.3 107.8 110.5 116.5 120.5 123.7 126.2 130.1 133.6 136.8 140.8 150.4 159 164.6 169.3 171.5 172.6 173.5 173.6 173 172.2 171.3 169.9 167.7 165.7 164 161.7 157.4 145.3 133 125.6 128 140.4 155.7 160.3 161.2 161.5 161.6 161.4 161.5 160.8 160.1 159
178.9 174.4 167.8 163.5 158.9 155.3 149 145.5 140.8 134.5 128.1 126.9 127.2 128.5 131.1 132.2 132.5 131.1 127.7 129.9 126.9 122.4 119.1 116.3 117 120.3 122.1 118.1 113.9 110.7 107.8 106 105.8 107.5 108.3 108.4 108.2 107.8 111.3 114.7 117.3 120.5 125.3 128.8 133 136.6 143.9 153.3 161.4 167 169.6 170.7 171.9 172 171.8 171.1 170.2 169.3 167.9 165.8 163.9 162 159 150.3 138.6 129.1 126.4 134.5 149.3 158.8 159.9 160.1 160 160 159.7 159 158.3 157.8
180.4 175.5 168.9 164.5 159.7 155.5 152.8 147 143.6 136.9 132.7 126.5 123 122.4 125.4 125.8 126 125.5 126.4 129.5 128.1 122.8 118.8 116.7 114.4 116.7 117.5 115.2 112.7 109.7 107.3 106.5 108.2 109.7 109.4 109.8 109.7 109.9 109.4 107.6 110.9 115.8 120.3 123.5 127.8 131.5 138.4 148.1 157.7 164.8 167.7 169 170.2 170.4 170.3 169.9 169 168.2 167.4 165.4 164 162.1 159.2 153.8 145.2 136.1 129.4 129.5 141.9 156 158.1 158.5 158.1 158.1 157.9 157.3 156.7 156.4
189.9 175.2 172.4 166.1 161.5 156.9 153.2 148.6 143.5 140.7 136.4 129.4 123.9 121.2 119.5 119.1 120.3 121.2 123.5 124.6 125 121.5 116.8 115.4 113.1 112.2 112.6 112.6 110 108.1 106.8 106.6 110.6 111.3 112.5 112.9 113.3 113.4 112.7 111.4 110.3 109.3 113.2 119.2 123 127.9 135.4 144.8 154.8 162.7 165.9 167.3 168.5 168.8 169 168.7 167.9 167.1 166.3 165.3 163.8 162.5 160.1 157.3 154.5 147.2 136.8 130.5 134.7 147.1 154.2 156 156.3 156.1 155.9 155.8 155.5 155.1
201.4 179.5 175.1 168.8 163.2 159.5 153.9 149.3 144.4 142.1 137.7 132.5 127 123.6 121.6 117.7 117.1 116.9 118.3 118.2 118.1 116.4 113.9 112.4 110.9 110.3 109.3 108.8 108.6 107.4 107.6 109.6 113.4 115 116.5 117.7 117.9 116.7 116.1 113.2 115.8 113.3 111.2 115.1 119.7 126.4 133.9 143.4 152.3 159.9 163.8 165.8 166.9 167.4 167.9 167.9 166.9 166.1 165.2 164.5 163.3 162.1 161 159.7 158.7 155.8 146 135.8 132.4 137.6 146.4 151 152.6 153.8 154.2 154.2 154.3 153.7
203.2 188.1 172.2 169.3 164.5 160.1 157.1 152.3 149.2 143.6 138.7 134.6 130.4 128.9 126.5 122.8 118.4 117.3 115.6 114.1 113.4 111.8 112.1 111.6 110.5 110.7 109.2 108 107.7 106.3 109.7 112.5 116.4 120.2 121.8 123.4 123.4 122.1 119.9 120 119.1 117.2 113.7 112.3 118.4 126.4 133.7 142.3 149.9 157.8 162.4 164.4 165.4 166 166.6 166.9 165.7 165 164.2 163.4 162.7 161.6 160.4 159.4 158.5 157.2 153.7 144.6 138.2 136.6 137.2 139.8 145.9 150 152.1 153.6 152.9 152.3
