public/OST50/ST92.asc
ncols 200
nrows 200
xllcorner 390000
yllcorner 120000
cellsize 50
[rows 140 to 174 of 200, columns 78 to 155 of 200]
192.7 192 190.2 187.8 184.9 181.2 177.8 174.2 169.6 165.9 161.2 156.5 152.1 147.6 143.7 140 137.1 134.4 133.2 133.1 136.8 140.6 139.5 137.7 135.6 134.4 133.2 132.3 132.1 131.9 131.1 129 127 124.7 124.2 123.8 123.4 123.1 123 122.8 122.6 122.2 121.8 121.1 120.8 120.7 120.7 122.7 124.7 128.6 135.1 143.9 148.3 148.8 146.6 143.4 140.5 137.3 135 132.1 130.6 129.3 128.5 127.8 127 126.3 125.4 124.4 124.1 123.9 123.8 125 126.4 128.4 129.2 136 141.2 145.4
177.5 177.7 177.2 175 173.1 171.6 168.8 165.5 162.1 158.4 154.4 150.1 146.3 142.8 139.6 136.8 135 134.7 134.9 141.5 149.2 152.8 152 149 145.9 143 140.9 137.7 135.6 133.7 131.2 128.6 126.4 124.9 124.5 124.1 123.8 123.5 123.2 122.5 122.3 122.1 122 121.6 121.4 121.4 121.3 122.5 124.3 127 132.3 139.4 145.1 146.2 144.1 138.4 137.2 135 132.7 131.4 130 129 128 127.2 126.4 125.8 125.2 124.9 124.7 124.6 124.5 125.2 126.4 128.2 129.9 136.1 139.4 140.6
161.4 162.5 164.4 165.2 164.6 163.6 161.5 158.6 155.4 152.1 148.5 145 141.9 139.2 136.9 135.8 135.1 135.2 138.7 148.6 154.3 158.6 157.1 153.3 150.2 145.9 142.5 138.9 135.9 132.6 130.2 128 125.6 125.1 124.7 124.4 124.1 124.4 124 123.6 123.4 123.2 123 122.9 122.9 122.6 122.1 122.5 124 126.5 131.2 136.6 141.6 143.9 141.5 138.2 136 133.9 131.6 130.5 129.7 128.7 127.7 126.6 125.8 125.5 125.5 125.5 125.4 125.2 125.1 125.3 126.4 127.9 130.4 134.3 136.4 137.7
151.8 154.4 156.7 158.5 158.9 157.8 155.6 153.1 150.1 146.9 143.9 141.1 138.8 137.1 136.3 135.5 135.5 135.8 140.2 148.6 154.4 156.7 155.1 152.1 148.1 144.4 140.7 137.4 134.4 131.5 129.4 127.3 125.9 125.2 125.2 126 127.6 127.2 127 126.6 126.2 125.6 125.5 125.1 124.1 123.5 122.9 122.8 124.5 126.6 130.3 136.2 141.5 143.4 140.6 137.7 134.8 132.7 131 129.9 129.1 128.1 126.9 126.3 126 126.1 126.1 126.2 126.1 125.9 125.8 125.8 126.5 128.1 130.1 133.5 135.2 135.5
148 150.4 152.7 154.7 154.6 153.2 151.3 148.8 145.8 143.3 141 138.7 137.7 136.6 135.9 135.4 135.4 135.7 138.5 146 150.9 152.4 150.7 148.4 145.3 141.8 138.4 135.3 132.7 130.6 128.5 127.4 126.1 126.5 128.9 132.2 133.6 132.2 131.5 130.5 129.5 128.3 127.2 125.5 124.5 123.7 123.4 123.7 125.1 126.9 131.3 137.6 143.6 144 140.5 137.6 134.5 132 130.8 129.6 128.8 128.3 127.6 127 126.9 126.9 127.1 127.1 127 126.8 126.5 126.3 126.8 128.6 130.6 133.3 134.5 134.8
148.7 150.7 152.4 153.4 152.3 150.2 147.7 145.5 142.9 140.8 139.4 138.9 138.2 137.7 137 136.6 136.1 136.3 137.4 142 145.4 146.6 145.8 144 142 139.2 136.7 134 131.8 130 128.1 127.3 127.1 129.7 136.4 142.7 142.6 138 134.8 132.7 131 129.2 127.3 125.4 124.1 123.8 123.5 124 126.1 129 133.6 140.2 145.9 145.2 141.6 137.8 135.1 132.7 131.5 130.3 129.4 128.8 128.2 127.8 127.7 127.8 128 128 128.1 127.9 127.5 127.1 127.3 129 130.6 132.7 133.8 134.2
151.7 153.3 154.4 154.2 152.6 150.2 147.7 145.1 142.6 141.3 140.6 140.7 141.6 141.1 139.7 137.9 137.4 137.3 137.6 139.9 142.6 143.1 142.3 140.7 139.1 137.2 135.1 132.7 130.9 129.4 127.9 127.7 130 135 144 149.3 145.7 140.2 136.2 132.8 130.6 128.4 126.3 124.9 124.4 123.9 123.7 124.8 127.6 131 136.4 144 147.9 146.8 142.9 138.7 136 133.7 132.3 131.3 130.4 129.5 128.9 128.8 128.7 128.8 129 129 129.1 128.9 128.5 128 127.9 129.3 130.7 132.3 133.3 133.4
154.3 155.8 156.1 156.1 154.2 151.9 149.2 146.9 145.3 143.3 142.9 144.8 145.5 144.3 142.3 140.5 139.3 138.4 138.7 139.2 140.7 140.4 139.4 138.1 136.5 135.1 133.7 131.6 130.3 129.1 128.3 128.4 132.5 141.8 151.7 151.2 145.7 140.1 136.2 132.6 129.7 127.2 125.7 125.2 125.2 124.3 124.1 125.8 129.1 133.2 140.8 148.2 150 148 144.7 140.9 138.1 136 133.6 132.2 131.5 131.1 130.6 130.5 130.2 130 130 130.1 130.2 129.9 129.4 129 128.6 129.9 131.2 132.1 132.8 132.4
156.2 157.9 158 157.9 156 153.9 152.1 149.7 147.6 146.2 145.4 148.6 148.8 147.6 145.5 143.5 141.4 139.5 139.7 140.2 140.1 138.8 137.8 136.1 134.7 133.4 132.1 131.4 130.5 129.5 129.1 130.4 136.2 147 154.1 149.7 144.5 139.5 135.7 132.4 128.9 127 126.1 126.2 126.2 125 124.8 127.4 131.8 137.9 146.4 154 154.2 150.6 148.5 144.9 142.5 139.7 137.3 135.6 133.9 132.9 132.4 132.1 131.9 131.9 131.4 131.3 131.3 130.9 130.4 130 129.5 130.3 132 132.3 132.2 131.5
158.8 160.2 159.2 159.7 158.4 156 154.2 151.9 149.8 148.8 148.7 151.7 151.9 150.8 148.7 146.3 143.4 141.2 141 141.4 141.3 139.7 137.9 136.1 134.6 133.1 132.3 131.4 130.8 130.4 130.3 133.2 141.3 151.2 151.7 147.4 142.7 138.4 134.8 131.5 128.5 127.5 127.2 127.5 127.2 125.4 126 131.2 136.9 146.3 156.5 160.8 159.9 156.3 153 152.3 149.4 145.8 141.9 139.4 138.1 136.5 135.3 134.8 134.1 133.6 132.9 132.9 132.3 132 131.6 131.2 130.7 131.5 134.1 132.1 132 131
161.5 162.5 162.7 161.6 158.9 157.7 155.9 153.7 152.1 151.3 152.2 154.3 154.2 152.4 150.9 148 144.9 142.3 142.5 142.8 143.1 141.6 139.7 137.7 135.9 134.2 134 133.5 132.7 131.9 132.3 136.9 145.9 150.8 148.9 145.3 141.4 137.5 133.6 130.2 129.2 128.8 129.3 129.6 128.6 125.9 128.1 135.2 145.9 157.7 162.6 164.7 164.5 163 157.9 161.9 160.8 155.9 152.9 149.9 148 145.2 140.8 138.7 136.6 135.7 134.7 133.9 133.3 133 132.7 132.3 132 132.5 133.5 132.6 131.8 130.5
163.1 164.1 164.8 163.9 161.5 159.8 158.1 155.6 154.3 153.6 154.7 155.8 154.4 153.2 151.5 149.5 146.4 143.5 143 144.8 144.8 143.6 141.6 139.3 137.2 136.6 135.9 135.1 133.9 133.1 134.5 141.6 149.1 149.9 147.1 143.5 139.8 136 132.4 130.4 130.5 131.3 131.5 131.1 129.1 126.2 129.6 139 151.5 160.5 163.8 164.9 165.1 164.9 165.8 166 169.5 168.3 167.7 164.6 160.8 155.4 148.8 143.9 139.4 137.2 135.9 134.9 134.3 133.9 133.8 134.1 134.3 134.5 134.7 133.9 132.7 131.5
164.6 165.5 166.3 165.7 163.5 162.7 160.8 158.3 155.9 156.1 156.9 157.3 155.5 154.4 152.6 148.7 145.9 143.6 144 145.5 146.4 145.5 143 140 138.9 138.4 137.9 136.5 134.9 134.5 137.7 143.5 148.1 147.7 144.7 141.4 137 134.2 132 131.6 132.9 133.9 133.7 131.7 129.2 127 130 137.9 149.8 157.4 160.3 160.8 160 159.2 164.5 172.4 177.3 178.8 177.8 174.8 169.8 164.1 155.7 148.2 142.3 138.5 137 136.3 136.5 136.7 137.9 139.3 139.4 138.3 136.9 135.6 134.2 132.7
165.9 166.8 167.7 167.5 166.8 165.7 163 160 158.2 158.5 159.6 158.5 156.5 154.7 152 148.1 144.6 144.1 144.2 145.1 147.7 143.8 141.7 141.1 139.8 138.8 139.9 138 136.7 137.4 140.1 143.6 144.6 144 141.7 139.2 136.5 133.7 133 133.5 135 135.1 133.6 131.5 129.2 127.6 128.7 134.7 141.5 148.4 151.6 152.1 150.3 153.9 167 180 185.8 187.4 186.8 183.7 178.1 171.3 160.7 150.7 143.4 139.8 138.7 138.7 139.5 142.3 147.5 149.5 147.7 143.9 141.4 138.5 136.3 134.5
167.2 168.1 169.1 169.2 168.8 167.5 164.9 161.9 160.8 161.7 160.6 159.2 159.5 157.3 153 148.8 144.5 147.7 149.7 149.8 150 149 147.3 145.3 144.5 143.7 142.2 140 139.7 142 144.5 145.3 145.2 143.3 140.8 138 135.7 133.9 133.9 135.4 136 135.3 133.4 131 128.6 128.1 127.9 131.2 135.5 140.1 143.3 144.3 149 161 175.3 185.5 192.1 194.2 193.9 191 185.3 176.8 161.3 149.6 142.2 140.4 142.2 145.4 151.5 158.2 165 164.3 160.1 155.1 148.7 143.5 139.3 136
168.7 169.6 170.5 170.6 169.7 167.6 165.8 163.8 162.8 162.5 162.5 161.7 160.1 157.9 153.8 147.6 146.9 151.1 152.7 151.8 151.4 150.9 149.1 147.5 146.8 146 143.7 141.7 141.5 144 146.8 146.3 144.9 142.9 140.5 138.1 135.9 134.9 135.5 136.8 136.7 135 132.6 130.4 128.9 128.8 128.6 130 131.9 134.9 137.8 142 150.2 165.6 179.4 190.7 196.8 200 200.4 197.5 192.4 182 163.7 148 143.4 144.1 149.5 159.7 170 179.2 182.4 180.6 174.7 165.4 156.4 148.5 141.9 136.6
170.6 171 171.4 171.1 169.4 167.3 165.4 163.8 162.6 162.4 161.7 160.6 159.3 157.3 154.1 145.9 150.2 154.9 155.2 153.6 153.1 152.5 150.7 149.6 149.2 147.9 145.6 144.1 143.4 146 147.7 147.2 145.5 142.7 140.9 138.4 136.2 135.5 136.8 137.7 136.5 134.3 132 130 129.2 129.3 129.4 129.9 130.6 132.6 135.3 140.2 149.8 166.2 181.9 193.5 201 205.1 206.9 204.7 199.1 189.5 168.9 154.4 145.8 148.9 162.3 176.6 189 199.6 198.5 192.6 184.4 173.9 162.8 151.9 142.5 136.2
172.1 172.2 171.9 170.6 168.7 167.1 165.8 163.9 163.5 162.2 160.9 159.4 158.3 156.8 152.1 148 153.6 156.8 156.7 155.5 154.7 154.1 152.8 151.9 151.4 150.6 149.4 148.1 147.3 147.9 149.3 148.5 145.6 142.5 140.3 138 136.4 137.2 138.4 137.9 136.4 133.9 131.5 130.1 130.7 130.7 130.7 130.6 131 131.5 133 136.6 144.3 161.1 180.9 195 205.5 211.5 213.8 212.6 207.3 199.7 185.9 169.8 155.3 154 171.1 189.7 207.1 212.6 208.7 201 189.9 177.5 163.2 150.3 140.8 135.4
173.6 172.9 172.1 170.4 169.2 168.1 167.1 164.5 164.7 163 161.3 159.7 157.8 154.8 147.7 150.2 155.3 157.6 158.1 157.6 156.4 155.6 155.6 156.3 156.8 157.3 157 155.9 154.8 154.5 154 152 146.8 142.8 140 138.3 138.3 138.1 139 138.1 136 133.7 131.6 131.9 133.5 132.4 132.8 133.2 133.6 133.6 134.1 134 138 154.4 177.8 198.5 209.6 217.1 220 220 217.4 212.7 203.7 188.8 174.2 174.2 183.3 202.5 219.1 221.9 216.4 207.6 194.8 171.6 151.4 142.8 138.4 136.2
174.6 173.9 172.5 171.4 170.5 169.5 168.3 166.2 165.9 164.3 162.6 161.7 159.8 154.9 149.8 153.2 154.9 157.7 158.9 159.1 158.9 158.6 160.4 162.7 166.1 173.1 175.9 176.8 174.7 172.8 163.1 156 148.5 143.5 140.9 140.6 140.2 139.7 139.5 137.8 135.8 133.8 133.9 133.6 135.9 136.6 137.5 138.1 138.2 138.5 138 135.6 136 153.7 177.2 200.2 212.5 221 223.7 225.9 225.4 223.3 219.8 207.4 198 198.6 202 216.8 227.5 226.7 222.3 214.5 197.1 173.2 157.5 147.9 141.2 139
175.4 175 173.7 172.8 171.8 170.8 169.1 167.3 166.6 165.2 163.8 162.1 159.4 151.1 153.6 157.5 155.9 157.3 158.6 159.8 160.2 162.5 165.8 173.1 187.1 199.6 202.8 200 192.9 183.3 169.5 157.6 148.7 144.5 143.3 142.2 141.3 140.5 139.6 137.4 135.5 134.2 136.3 138.7 140.9 142.9 143.7 144 143.8 143.4 141.5 135.9 140.3 158.2 181.3 203.6 215.7 223 226.6 229.1 230.3 230.5 229.9 227.1 220.8 220.7 225.7 231.5 232.6 230.7 226.5 220.8 208.9 191.6 177 165.4 152.1 149.8
176.1 175.7 174.9 173.9 172.9 171.6 169.9 167.4 166.8 165.3 163.3 161.5 158 150.7 157.5 160.3 158.8 157.9 158.4 159.8 162 165.5 170.8 186.5 204.3 217.1 216.1 209.8 199.8 185.6 170.2 156.7 149 146.4 144.4 142.4 141.1 139.8 138.9 136.9 136.1 137 140.3 144.7 147.8 150 149.5 148.6 147.7 145.2 139.8 138.2 149.4 166.2 189.7 206.1 217.1 224 228.1 231.6 234.1 235.7 236 235.4 234.9 235 235.7 236.5 236.2 234.3 230.9 225.9 219.5 210.7 198.7 187.8 176.6 167.3
176.6 176.4 175.7 175 173.7 171.6 169.8 168.2 166.3 164.8 162 160.1 150.8 155.1 160.7 162.8 161.2 158.8 158.3 160.2 163.3 168.4 178.1 196.3 217.7 226.3 223.5 216 204.2 185.9 165.8 155.1 149 145.9 143.4 141.1 139.7 138.3 137.1 136.4 137.7 140.9 145 149.7 154.4 154.8 152.6 150 147.4 143.2 138.7 145.1 159.5 176.6 194.6 208 217.5 224 228.6 232.7 236.3 238.9 240.1 240 239.9 240 240.2 239.8 238.6 236.9 234.4 230.8 226.2 221.2 214.9 208.1 200.1 193.8
176.8 176.5 175.9 175.2 173.3 172.2 170.7 168.5 165.6 163.1 158.4 152.2 155.3 160.4 163.1 163.2 161.9 160 159 161.1 164.4 170.4 183.7 205 225.7 231.4 228.7 221.4 208.8 187.6 163.7 154.5 150.4 147.5 144.8 141.7 138.8 137.6 137.7 139.2 142.1 146.2 154.6 157.9 159 157.2 153.7 150.3 145.5 141.7 140.3 152 164.7 181.9 196.2 208.3 217.4 223.3 228.3 232.7 236.7 240 241.4 242.2 242.7 242.4 242.1 241.6 240.1 238.3 236.8 234.6 230.7 227.3 223.4 219.5 216.6 213.5
177.3 176.8 176.1 175.1 173.8 172.1 169.8 167.8 165.1 160.9 154.7 158.1 161.2 162.3 164 163.5 162.3 160.5 160.2 162.5 165.8 172.9 189 211.9 230.7 236.2 234.1 227.3 215.6 197.8 175.9 158.3 153.8 149.7 145.4 141.3 138.7 139.1 141.2 144.5 147.9 157.8 165.9 164.8 162.9 158.8 154.6 149.3 144.3 141.3 141.8 152.6 164.5 180.6 194.9 206.2 215.1 221.7 227.2 232 236.6 240.2 242.4 243.2 243.7 243.7 242.7 242 241.1 239.6 238.2 236.3 234.2 231.2 228.6 226.1 224.1 222.2
178.1 177.2 176.2 174.7 173.1 171.6 169.2 166.7 162.7 158.2 155.2 160.9 163 163.7 164.7 164.3 162.7 161.3 161.4 163.8 167.9 176.4 194.6 218.1 235.4 241.9 239.9 233.5 222 204.2 182.9 163.1 155.1 149.4 145 140.8 139.1 141.6 145.8 150.9 161.9 173.5 173.8 170.8 164.7 159.1 154.4 149 147.5 145.2 141.4 147.3 158.3 171.8 187.4 200.4 211.1 218.7 225.5 230.7 235.5 239.8 241.9 243 243.4 243.3 242.4 241.7 240.6 239.3 237.7 236.2 234.8 233.1 231.8 230.8 228.8 227.7
178.7 177.2 175.1 173.6 172.2 170.8 167.9 164.4 160.2 158.1 157.8 160.8 163 164.4 165.2 164.8 163.7 162.7 162.8 165.2 169.3 180.6 200.5 223.9 240.8 248.2 246.6 239.6 228.9 213.3 185.7 164.6 152 146.9 143.5 140.3 140.5 143.7 149 162.2 176.9 180.5 179 173.7 166.4 159.6 154.1 149.9 152.2 148.6 143.4 144.1 151.5 160.9 172.8 188.7 204.3 215 222.9 229.2 234.7 239 241.3 242.7 242.8 242.6 242.1 240.7 239.4 238.1 236.4 235.3 234.1 233.3 232.6 232.1 231.3 230.9
179.2 176.9 174 172.2 170.7 168.8 166.4 162.1 158.5 160.7 161.9 160.8 162.9 164.1 165.6 165.7 165.9 165.2 165.7 166.4 170.5 184.3 204 228.4 245.2 252.3 251.5 245.4 234.6 220.5 195 172.8 156.2 148.3 143.7 141.3 141.9 145.4 152.9 167.8 181.6 187.4 186.2 180.8 174.2 165.5 156.5 154.3 156.9 151.8 147.6 144.8 145.3 151.9 161.1 174.3 190.9 208.6 219.9 227.6 233.9 237.9 240.5 241.4 241.6 241.3 240 238.7 237.3 235.3 234 232.5 231.2 231.2 231.1 231.9 231.8 231.6
179.5 176.8 173.5 170.7 168.2 166.7 163.8 160.4 160.4 161.7 162.2 162.2 163.3 164.8 166.1 167.5 168.1 169.6 170.4 171.1 172.6 186.1 206.4 231.3 247.8 255 255.1 249.2 239.4 225.1 205.8 186.3 168.1 153.3 146.1 142 142.9 146.4 156.6 172.8 187.8 194.8 194.4 190.8 183.4 174.2 157.4 161.2 165.1 162 156.8 152.7 149.3 147.1 153.7 161.5 179 202.8 218 226.5 232.9 236.9 238.9 239.9 240 239.3 237.9 236.5 234.3 232 229.6 227.2 226.3 227.3 229.1 230.4 231.1 231.3
179.6 177 173.9 169.9 167.4 164.9 162.3 163.7 163.7 162.6 162.6 163.3 164.4 166.6 168.3 171.2 174.1 177.4 180 180.4 179.7 188.1 210.5 234.5 250.7 257.5 258.3 250.4 243 231.6 217.8 199.8 179.7 162.2 149.1 144.2 143.4 147.1 159.8 176.1 193 201.5 202.8 200.8 195.1 181.8 163 173 179.5 178.4 171.7 165.1 159 151.6 150.4 158.1 175.3 197.6 216.7 225.6 232 235.9 237.4 238.1 237.9 236.7 235.1 232.8 230.5 227.8 225.2 222.6 220.8 222.7 226.2 228 229.2 229.6
179 176.7 173.5 169.9 166.9 164 163.3 165.6 164.7 163.5 163.3 164.6 166.1 168.7 169.9 177 183.8 189.6 193.7 195.3 196.4 197.4 220.5 242 255.3 259.7 257.5 252.3 245.3 235.9 223.4 208.4 187.5 169.5 151.8 145.5 144.4 148.4 163.1 179.8 198.2 208.2 211.5 210.4 206.1 193.4 179 191.2 199.9 198.6 190.5 180.4 171 161.4 160.8 158.8 171.4 196.4 217.2 225.4 231.2 234.4 235.7 235.8 235.5 233.6 231.6 229.1 226 223.1 220.2 217.4 213.7 217.5 222.4 225.6 227 227.6
177.6 175 172.2 169.6 166.8 164.3 164.1 166.4 165.4 164.1 164.1 166.2 167.8 172 176.9 186.1 194.8 201.8 208.6 214.1 218.4 217.3 234.1 251.6 259.1 260.5 257.5 252.2 246 238.2 226.8 211.8 190.5 172 155 146.9 145.2 150 165.7 183.2 203.7 215.6 219.9 219.8 216.8 211 204.9 210.7 212.8 211.6 207.3 198.2 188.1 178.4 175.7 172.5 173.1 198.6 218.3 225.9 230.6 233.2 234 233.9 232.5 230.4 227.5 224.4 221 218 215.4 212.7 206.4 212.9 219.5 223.2 224.6 225.4
175.8 173 170.3 167.8 165.5 164.2 164.5 165.9 165.7 164.6 164.9 167.3 170.5 175.3 183.8 194.7 204.4 215.1 224.2 231.5 236.6 242.2 250.6 256.8 260.8 260.2 256.5 251.3 245.4 237.4 225 209 188.9 172.8 157 149.3 146 152.3 168.4 187 207.8 220.4 225.5 227 226 224 222.5 222.3 222.5 220.8 217.5 212.4 205.4 199.5 195.2 192 184.9 204.6 219.8 226.8 230.7 232 232.4 231.5 229.1 226.5 223.4 219.7 215.7 212.7 210.4 207.8 201.9 209.9 216.6 220.8 222.1 222.4
173.7 171 168.8 166.8 164.8 164.4 164.7 165.3 165.5 165.4 166.2 169.3 173.5 180 189.3 199.5 211.3 224.1 234.4 243.8 250 254.3 257.4 259.7 261 258.6 254.4 249.1 241.7 230.1 216.3 200.6 184.7 170.8 157.8 151.7 147.2 155 170.9 190.1 211.2 223.2 229.4 232.4 232.7 232 231.2 230.6 229.9 227.6 225 221.5 217.8 214.6 212.6 210 208.2 214 222.8 228.1 229.8 231 230.3 228.5 225.8 222.6 218.6 214.7 210.7 207.1 204.6 202 197.4 207.5 214.5 218.3 219.7 219.5
171.8 170 167.8 166.3 165.3 164.7 165 165.4 165.7 166.1 167.8 170.7 174.9 182 190.8 200.7 214.9 227.5 240.3 249.4 254.6 258.3 260.4 261.2 260.1 256.3 251.7 242.8 227.6 213.9 200.9 188.7 177.8 166.7 156.9 152.2 148.1 153.7 170.5 191.9 213.2 225.1 232.2 236.2 237.6 238.2 237.9 237.3 236 234.3 231.8 228.9 226 223.8 222.3 220.8 220.8 222.2 225.6 229 229.8 229.3 227.8 225.6 222.4 218.3 214.1 209.4 205.2 201.1 198.5 195.9 193.8 205.3 212.1 215.9 217.1 216.5
