public/OST50/SU17.asc
ncols 200
nrows 200
xllcorner 410000
yllcorner 170000
cellsize 50
[rows 140 to 174 of 200, columns 0 to 77 of 200]
162 162.4 162.6 163.4 164.4 165.5 166.4 167.6 168.7 169.9 170.9 171.2 171.4 171.3 171.6 172 172.3 173.4 174.6 175.8 176.8 177.7 178.6 179.6 180.9 182.1 183.6 185.3 186.5 187.8 189.5 190.5 192.6 194.8 198.6 204.8 211.7 219.5 233.3 244.8 252.9 259.8 265.1 268.4 270.4 271.1 271.4 270.7 270.1 269.3 267.3 265.4 263.8 263.8 264.1 264.1 263.6 263.5 263.3 262.6 261.5 260.9 259.1 257.2 255.4 253.4 250.7 248.1 246.4 245.4 244.6 243.6 243.1 242.5 242 241.9 239 234.9
161.7 162.6 163.6 164.6 165.5 166.8 168.1 169.3 170.4 171.5 172.6 172.8 172.9 172.9 172.8 172.9 173.3 174.3 175.5 176.2 176.9 177.9 178.9 179.9 180.9 181.9 183.3 185.1 187.2 188.8 190.6 192.6 194.6 197.2 202.1 210.4 220.9 230 238.6 247.7 255.9 262.9 267 269 269.5 270.2 269.9 269.6 268.9 268.5 267.5 266.8 266.5 266.5 266.1 265.7 264.9 264.6 264.1 263.5 262 260.5 258.3 256.3 252.8 250.1 247 244.5 240.9 238.1 234.7 234.9 236.8 239 241.5 241.9 239.3 235.8
162.2 163.8 164.8 165.8 167 168.2 169.9 171.1 172.1 173.2 174.1 174.3 174.5 174.4 174.3 174.3 174.2 175 175.7 176.3 177 178.1 178.5 179.4 180.6 181.8 183 185.1 187.1 189.1 191.6 194.5 197.1 201.1 209.3 219.8 230.7 238.6 246.9 253.5 259.5 264.8 267.5 267.8 268.1 268.4 268.2 268.2 268 268.4 267.7 267.3 267.2 267.1 266.8 266 265.2 264.8 264.1 262.7 260.5 257.4 253 248.9 243.8 239.7 235.3 231.3 226.7 222 218.3 216.9 218.4 222.6 228.4 234.4 235.3 233.4
163.1 165 166.1 167.3 168.5 169.7 171.3 172.8 173.7 174.6 175.6 176 176 175.9 175.6 175.3 174.7 175.2 175.8 176.4 177.1 177.6 178 178.8 180 181.4 183.1 185.1 187.2 189.7 193.2 196.7 201.2 207.2 216.2 229.9 240.1 246.1 252.5 257.8 262.4 265.7 266.9 267 266.8 266.2 265 265.7 267.2 267.8 267.9 267.7 267.5 267.3 267 266.2 265.5 264.6 262.8 260.9 257.7 251.6 245.8 240.1 236.9 234.1 231.2 228.6 225.6 222.5 219.6 215.8 210.7 208.5 210.7 217 223.4 226.8
164 166.1 167.5 168.8 170 171.2 172.7 174.4 175.5 176.3 177.2 177.5 176.8 176.3 175.8 175.2 174.8 175.4 175.8 176.1 176.5 177 177.5 178.2 179.9 181.6 183.3 185.2 188.1 191.3 195.9 199.9 206.7 214.9 224 236 244.5 251.1 255.1 260.5 263.7 265.5 266.3 265.6 263.9 261.3 259.6 261.2 264.8 267 268.2 268 267.7 267.5 267.2 266.4 265.6 263.6 261.5 258.8 254.6 251.6 250.9 248.4 246.6 243.6 239.4 234.7 230.3 227.9 225.1 219.7 214.5 209.9 204.5 203.4 206.8 213.6
165 167.1 168.7 170 171.4 172.7 174.1 176 177.6 178.7 179.6 179.1 178.2 176 175.2 174.6 174.3 174.8 175.2 175.5 175.8 176.3 176.8 178 179.8 181.6 183.4 185.6 188.9 192.6 196.9 202.5 212.3 222.2 232.6 240.5 247.3 252.4 256.7 260.3 262.5 263.8 263.9 262.7 259.2 255.1 251.8 257.3 261.9 265.9 267.6 268 267.9 267.7 267.3 266.6 265.5 263.5 261.5 259 258 257.5 256.7 254.8 252.8 249.4 244.2 238 236.4 233.2 228.3 222.3 217 211.5 204.6 200.9 199 197.4
165.5 168.1 169.9 171.2 172.5 173.8 175.8 177.7 179.3 180.5 181 180.2 178.3 175.7 174.2 173.6 173 173.6 174.2 174.8 175.2 175.6 176.6 178 179.3 181.2 183 185.6 188.9 193.2 197.6 203.9 214.9 228 238.3 244.4 249.3 252.8 255.6 257.9 259.9 261.1 260.9 258.6 254.1 247.3 245.3 252 258.3 263.7 266.6 267.8 267.8 267.8 267.5 266.7 265.7 264.1 262.5 261.4 261.1 260.8 260.5 259 256.4 252.8 247 245.6 242.8 237.8 231.8 224.6 217.6 211.8 208.2 205.7 203.5 199.1
165 167.7 170.6 172.1 173.4 175 177.2 179.3 181 182.3 182.1 180.5 177.9 175.4 173.2 172.5 171.8 172.4 172.9 173.5 174.2 175.1 176.5 177.9 179.2 180.7 182.6 185.3 189 193.1 197.3 204.1 215.3 229.2 239.9 245.8 249.1 251.4 252.9 254.4 255.1 255.6 254.8 252.6 248.1 238.7 238.5 246.2 254.7 261.3 265.3 267.3 267.6 267.4 267.5 266.7 266.1 265.7 264.4 263 263.4 263.3 262.1 260.8 259.1 256.4 253.6 251.9 248.8 243.3 236.9 229.6 222.5 218.2 214.8 212.9 209.5 205.5
164.6 167.5 170.4 173.1 174.5 176.4 178.5 180.7 182.1 183.1 182.6 180.6 177.7 175 172.6 171.4 170.7 171.3 172 172.7 173.9 175.2 176.5 177.9 179.1 180.4 182.4 184.8 188 191.4 196.6 203.1 214.6 227.4 237.6 244 247 247.4 248.5 249.1 249.7 249.2 247.9 245.5 241.7 232.1 229.7 242.7 251.6 258.3 263.3 265.9 266.8 266.8 267 266.8 266.2 265.8 265.3 264.8 264.3 263.7 263.2 262.5 261.1 259.7 257.7 255.3 252.4 248.1 242.3 235.9 229.5 225.1 221.9 219.5 215.7 210.7
164.4 167.3 170.2 173.2 175.7 177.8 179.8 181.6 182.8 183.5 182.5 180.1 177.2 174.7 172.4 170.5 170.1 170.5 171.5 172.7 173.9 175.2 176.5 177.5 178.6 179.7 180.7 183.2 186.5 189.8 194.7 201.2 211.9 224.5 235.4 241.9 243.3 242.9 243.3 243.7 244.4 243.8 241.4 237.7 234 226.7 223.3 236.8 247.5 254.8 260.1 263.8 265.1 266.2 266.5 266.8 266.3 265.8 265.4 265 264.7 264.1 263.5 262.9 262 260.8 259.4 257.3 254.5 250.3 245.8 239.9 234.1 229.6 225.7 221.6 217.7 214.2
164.5 167 169.8 172.3 175.1 177.9 180.2 182.2 183.3 183 182.1 179.4 176.6 173.8 172 170 169.4 170.1 171.4 172.6 173.9 175.3 176.4 177.3 178.1 178.5 179.2 181.6 184.7 189 193.8 199.2 208.7 221.2 232.1 238.1 238.2 236.2 236.8 237.7 239 238.4 235.2 230.4 225.5 219.7 217.2 229.7 242 250 256.2 261 263 264.3 265.8 266.4 266.3 265.9 265.6 265.2 264.9 264.5 263.9 263.1 262.2 261.1 260.1 258.3 255.1 251.2 245.9 240.7 235.3 230.1 225.1 221.5 217.7 214.5
163.8 166.3 168.5 171.1 173.9 176.7 179.1 180.9 181.9 181.8 180 178.2 175.9 173.1 171 169.3 168.8 169.8 171 172.2 173.3 174.5 175.7 176.6 176.4 177.1 177.8 180.2 183.4 187.8 192.4 197.1 203.8 212.6 221.8 227.6 228.7 228.5 228.8 229.8 230.5 229.1 225.1 221.3 217.4 214 213.5 224.8 236.3 245.1 252 257.4 259.6 261.6 264.3 265.4 266 265.7 265.4 265 264.7 264.2 264 263.2 262.4 261.4 260.6 258.1 253.9 249.3 243.8 238.4 232.2 227.5 222.9 218.5 214.7 211
163.3 165.2 167.3 169.9 172.7 175.4 177.9 179.6 179.9 179 177.9 176.1 174.3 172.5 170.1 168.5 168.4 169.5 170.2 170.8 171.6 172.8 174.2 174.6 174.6 175.3 176.8 179.2 182.7 186.6 190.6 195.3 200.2 207.5 213.8 219 220 220.4 220 218.9 217.9 217 215.7 214.4 213.1 210.2 211.7 220.8 232.1 241.5 247.9 251.3 252.2 257.8 262.4 264.5 265 265.1 264.7 264.2 263.8 263.3 263 262.8 262.6 261.5 259.5 255.9 251.3 245.5 238.7 233 226.7 222.2 217.8 214.2 210.5 206.2
162.2 164.1 166 168.4 171 173.6 175.3 176.3 176 175.2 174.6 174 172.2 170.4 169 167.6 167.7 168.4 169.1 169.6 170.2 171 171.8 172.5 173.1 174.3 176.1 178.2 182.1 186.1 190 193.7 198.3 203.2 208.4 212.8 213.7 214.9 215.1 213.5 212 210.9 210 208.9 207.6 206.3 207.7 217.9 229.6 237.4 241.4 241.5 247.3 254.9 260.1 263.1 264.1 264.2 263.8 263.3 262.8 262.4 262.1 261.9 261.7 260.2 257.6 253.1 247.5 240.8 233.1 226.7 221 216.2 212.1 208.8 205 200.7
161 162.9 164.6 166.2 168.5 170.8 171.6 172.2 172 171.7 171.1 170.6 170 168.8 167.5 166.4 166.7 167.3 167.9 168.5 169 169.4 170.2 171.4 172.6 173.8 175.6 177.9 182 185.7 189.3 192.8 197 201.2 205.5 208.6 210.8 212.2 212.5 210.4 207.9 206.3 205.1 204.6 203.5 202.6 205.8 213.9 224.7 229.4 229.7 230.8 244 252.9 258.9 261.7 263.2 263.2 262.8 262.3 261.9 261.3 261.2 261 260.8 259.2 256.2 250.8 243.9 236.5 229.6 223.7 218.5 213.6 209.5 206.6 203.4 200.6
159.7 161.5 163.2 164.8 166.4 167.4 168.4 169.2 169.4 169.2 168.6 168.4 168.2 167.3 166 165.6 165.7 166.2 166.8 167.3 167.8 168.4 169.7 171 172.3 173.5 175.2 177.8 181.4 184.9 188.6 192.2 195.2 198.6 202.4 205.1 207.8 209.3 210.3 209.1 206.4 203.8 202 200.6 199.8 200.3 203.6 208.2 215.9 217.3 218.6 230.4 243.5 252.1 258.3 261.2 262.3 262.2 261.8 261.1 260 259.4 260.1 260.1 259.8 258.4 256.2 250.5 244.8 238.7 233.6 228.9 222.5 217.2 214.3 213.1 211.9 211.4
159.3 160.1 161.8 163.4 164.6 165.3 165.8 166.6 166.9 166.9 166.7 166.6 166.4 165.6 164.7 164.8 164.8 165.3 165.9 166.6 167.2 167.9 169.2 170.5 171.8 173.1 174.8 177.5 181.2 184.9 188.6 191.2 193.9 196.7 199.6 202.3 204.6 206.6 207.5 207.6 205.9 203.5 200.5 198 197.3 198.5 201.4 204.2 206.7 210.6 220.6 233.4 244.4 252.4 258.1 260.8 261.4 261.3 260.1 259 257.9 257.6 258.3 259 258.9 258 256.4 253.1 248.5 244.6 240.5 234.8 229.2 228.8 229.4 228.6 227.5 226.8
158.7 159.6 160.4 161.6 162.6 163.4 163.9 164.5 165 165.4 165.1 164.9 164.6 164 164.1 164.4 165.3 165.9 166.2 166.8 167.5 167.9 168.7 170 171.3 172.6 174.7 177.3 181.2 184.8 187.3 189.8 192.6 195.4 197.1 199.5 201.4 203.1 204.5 205 204.2 202 198.8 196.6 195.7 197.1 199.5 201.7 205.7 211.9 224 236.8 246.5 254.1 258.7 260.7 260.6 260.1 258.8 257.3 255.5 255.5 257.1 258 258.6 257.8 257.3 255.1 252.1 249.8 245.9 241.5 238.8 239.7 240.4 239.4 238.2 236.8
158.2 159 159.8 160.1 160.6 161.5 162.1 162.7 163.2 163.6 163.9 163.5 163.5 163.7 164.3 165.1 166 166.6 166.9 167.2 167.8 168.2 168.4 169.5 170.8 172.3 174 177 180.5 183.3 185.8 188.5 191.3 193.5 195 196.8 198.7 200 200.7 201.3 200.2 198.8 196.4 194.1 194 196.2 198.7 202 206.1 215.3 228.5 240.6 249.3 255.7 259.1 260.4 260.1 258.7 256.9 254.8 253 253.5 255.5 257.1 258.2 258.2 257.6 257 255.1 253.1 250.8 247.9 246.5 247.1 246.6 245.1 244.4 242.8
157.6 158.2 159 159.4 160 160.7 161 161.4 161.7 162.1 162.5 163 163.5 164.3 165.1 165.9 166.7 167.3 167.6 167.9 168.2 168.5 168.7 169.2 170.8 172.4 174 176.2 179.2 181.9 184.4 187.2 190 191.5 192.9 194.4 195.5 196.2 196.9 197.2 195.9 194.5 192.9 191.5 193.8 196.8 199.7 202.8 208.3 219.6 233.3 244 251 256.6 259.2 259.7 259 257.4 254.9 252.3 250.6 251.8 254.6 256.3 257.5 258.7 258.3 257.9 257.2 255.9 254.1 253.2 252 251.2 250.7 249.8 248.6 247
157.2 158 158.7 159.5 160.2 160.9 161.4 161.7 162.1 162.5 163.1 163.7 164.2 165 165.8 166.6 167.5 168 168.3 168.5 168.6 169.1 169.4 169.7 171 172.6 174.2 176.2 178.6 181.1 183.7 186 187.9 189.2 190.6 191.7 192.4 192.7 193.2 193 191.6 190.2 189.8 191.5 194.5 197.2 200.4 204.9 213.1 225.3 237.1 246.6 253.1 257 258.7 258.6 257.7 255.3 252.8 249.6 248.9 250.9 253.7 256 257.2 258.4 258.9 258.7 258.1 257.3 257.1 256.5 255.9 254.8 253.7 252.1 250.6 249
157.5 157.9 158.8 159.6 160.4 161.1 161.8 162.1 162.5 163.1 163.7 164.3 164.9 165.7 166.6 167.4 168.2 168.5 168.7 168.8 169 169.5 170 170.3 171.3 172.8 174.4 176.4 179 181.9 183.9 185.2 185.4 186.7 188 188.8 189.7 189.7 189.7 188.4 187.3 187.9 189.5 191.8 194.7 197.6 201.2 207.1 217.5 229.4 240 248.4 254 257.5 258.4 257.7 256.4 253.7 250.5 247.2 247.2 249.9 252.7 255.2 257.2 257.9 258.7 258.8 258.8 259.1 259.4 259.6 259.4 258.4 255.6 253.9 251.5 249.3
157.2 157.9 158.9 159.7 160.5 161.3 162.1 162.5 163.1 163.8 164.4 165 165.6 166.3 167.3 167.8 168.3 168.7 169 169.1 169.5 170 170.4 170.9 171.6 173.1 175 177.7 180.6 182.4 183.8 183.8 183.5 184.2 185.1 186.1 186.7 186.2 185 184 184.9 187.2 189.5 192 194.8 198.1 202.1 209.5 220.8 231.8 242.1 249.4 255 257.6 258 256.8 255.4 252.6 248.4 244.8 246.1 249 251.7 253.7 255.1 256.3 257.6 258.3 258.3 259.2 259.9 261.3 261.7 259.4 257.4 254.8 251.9 249
157.1 158 158.9 159.8 160.6 161.4 162.2 163 163.8 164.4 165 165.6 166.2 166.9 167.3 167.8 168.3 168.8 169.1 169.5 169.9 170.4 170.9 171.3 172.2 174.2 177.4 179.8 181.1 181.8 182.3 182 181.9 181.6 182.6 183.6 183.6 182.3 181.6 183.4 185.9 188.2 190.2 192.3 195.1 198.5 202.8 211.8 223.2 234.2 243.6 250.8 255.3 257.3 257.4 256.5 254 251.2 246.6 242.7 244.3 247.7 249.8 251.3 252.6 253.9 254.9 255.8 256.5 257.3 258 258.6 259.3 257.7 256.2 254 251.1 248.1
157.2 158.1 159 159.9 160.7 161.5 162.3 163.5 164.5 165.1 165.7 166.3 166.9 167.3 167.2 167.6 168.2 168.7 169.1 169.4 169.7 170.2 170.9 171.5 173.1 175.4 177.9 178.9 179.4 179.9 179.9 179.9 179.8 179.6 180.2 180.9 180 179.5 181.9 184.5 187.1 189.1 191 193 195.5 198.9 203.4 212.4 224.9 236 245.1 251.7 255.4 256.9 257 255.8 253.3 250.7 246.3 241.4 242.4 245.5 247.4 248.9 250.2 251.2 252.1 252.8 253.4 254.2 255.1 255.9 255.8 255.5 254.1 252.7 250.3 247.2
157.6 158.3 159.1 160 160.8 161.6 162.7 163.8 164.8 165.9 166.5 167.1 167.7 168 167.9 167.8 168 168.6 169.1 169.4 169.4 169.8 170.2 171.1 172.2 174.2 175.8 176.7 177.6 177.6 177.7 177.8 177.3 177 177.6 177.6 177.7 180.4 183 185.6 188 189.9 191.8 193.7 196 200.1 204.5 214.4 226.8 237.1 245.7 251.8 254.9 256.5 256.5 255.3 252.6 249.6 245.5 240.3 240.5 243 245 246.5 247.5 248.5 249.2 249.8 250.3 251.1 252 252.4 252.4 252.4 252.1 250.6 249.2 246.5
158 158.7 159.3 160.1 160.8 161.8 162.8 163.8 165 166.2 167.2 167.9 168.6 168.9 168.4 168.4 168.4 168.5 169 169.3 169.3 169 169.4 170.5 171.7 172.5 173.5 174.4 175.1 175.5 175.6 175.5 174.9 174.8 175.3 176.7 178.6 180.5 183.2 185.7 187.6 189.7 192 194.3 197.1 201.1 208.5 217.8 228.7 238.4 245.4 251.2 254.2 255.2 255.1 253.8 251.3 248 243.9 239.1 238.6 240.7 242.5 243.8 244.8 245.7 246.2 246.7 247.3 248 248.7 248.9 248.9 249 249 248.7 247.2 245.7
158.3 159 159.7 159.9 160.8 161.9 162.9 163.9 165.2 166.5 167.5 168.5 169.4 169.6 168.8 168.9 169 169.1 169.2 169.2 168.8 168.4 168.6 169.7 170.5 170.8 171.3 172.1 172.7 173.1 173.5 173.6 174.1 174.9 176.1 177.5 179.4 181.3 183.2 185.5 187.4 189.2 191.4 193.9 197.6 203 213.2 222.6 230.9 238.2 244.5 250 253.1 253.9 253.7 252.3 249.7 246.1 242.1 237.2 236.4 238.2 239.4 240.8 242.1 242.6 243.1 243.7 244.2 244.9 245.4 245.5 245.5 245.5 245.5 245.5 245.3 243.9
158.5 159.3 159.2 159.7 160.8 161.9 163 164.1 165.4 166.7 167.9 168.8 169.8 170.2 171.3 169.7 169.8 169.9 169.7 168.5 168.2 167.9 167.8 168.5 168.8 169.4 170.3 171.1 171.7 172.5 173.2 173.8 174.3 175.6 176.8 178.4 180.3 182.2 184.1 185.7 187.5 189.5 191.6 193.9 197.8 204.7 215.2 224.6 231.4 236.9 243.6 247.9 251.7 253.3 252.5 250.5 247.5 244 239.7 234.9 234.3 235.7 237.2 238.6 239 239.3 239.7 240.3 240.8 241.4 241.8 241.8 241.8 241.9 241.9 241.9 242 242.3
158.5 158.9 158.8 159.7 160.8 161.9 163 164.3 165.6 166.9 168.2 169.1 169.6 170.1 170.4 170.4 170.6 170.5 169.2 167.9 167.5 167.2 167.4 168.1 168.9 169.8 170.7 171.2 171.8 172.5 173.2 173.8 174.9 176.4 177.6 179.2 181.1 183.1 184.9 186.5 188 190 192.2 194.5 198.4 204.1 214.5 221.8 227.6 235.3 242 246.8 250.5 251.4 250.5 248.7 245.3 241.9 237.4 233 232.5 233.6 235 235.7 236 236.2 236.5 236.7 237.3 237.8 238 237.9 238 238 238 238.4 239 239.5
158.2 158.3 158.7 159.8 160.9 162.1 163.5 164.8 166.1 167.4 168.2 169 169.6 170.1 170.4 170.6 170.3 169.7 168.5 167.3 166.9 166.7 167.4 168.2 169.1 170 170.9 171.4 171.9 172.5 173.2 174.3 175.5 177 178.4 180.1 182.1 184 185.6 187.2 188.8 190.6 192.8 195.1 199.1 203.5 210.7 218.2 225.7 233.3 240.5 245.8 249.1 250.5 249.4 247 243.7 239.5 235.4 231.1 230.4 231.5 232.4 232.6 232.9 233.2 233.4 233.5 233.7 234.2 234.2 234.1 234.1 234.1 234.7 235.2 235.6 236.5
157.7 158.3 159 160 161.2 162.5 164 165.5 166.2 166.9 167.6 168.4 169.2 169.3 169.6 169.5 168.8 168.3 167.6 166.5 166.3 166.6 167.2 167.9 168.7 169.6 170.5 171.5 172 172.8 174.3 175.7 177 178.6 179.2 180.9 183 184.8 186.4 187.9 189.5 191.1 193.2 195.5 199 203 208.9 216.9 224.4 232.6 239.8 245.2 248.3 249.6 248.8 246.3 242.6 236.8 232.4 228.4 228.2 229.2 229.3 229.5 229.8 230.1 230.3 230.4 230.5 230.5 230.6 230.6 230.7 230.8 231.3 231.8 232.5 233.6
157.9 158.6 159.3 160.3 161.6 163 164.4 165.4 166 166.7 166.9 166.5 166.6 166.9 167.1 167.7 167.3 166.9 166.5 165.9 166.2 166.5 167 167.7 168.4 169.1 170 171.3 173 173.9 174.9 176.6 178.2 179.3 179.9 181.5 183.5 184.9 186.4 188.1 190.1 191.7 193.4 195.8 198.7 203 208.8 216.5 224.8 232.7 239.6 244.2 247.3 248.8 248.6 246.6 243 237.6 231.1 225.6 225.8 226.1 226.2 226.4 226.7 227 227.2 227.3 227.6 227.8 227.6 227.7 227.7 227.7 227.9 228.4 229.5 230.6
157.7 158.5 159.2 160.6 162.1 163.4 164.7 165.2 165.9 165.3 164.5 164 164.1 164.4 164.7 165.3 165.5 165.1 165.5 166 166.3 166.6 167.2 167.7 168.3 169 169.7 171.8 173.7 175 175.8 177.2 178.8 179.5 180.5 181.8 183.2 184.6 186.1 188.1 190.1 191.6 193.4 196.1 199 204.8 211.3 218.7 226.1 233.1 239.2 242.6 245.9 247.8 248.2 246.7 244.1 238.3 231.9 222.2 222.8 223.1 223.2 223.3 223.5 223.9 224.2 224.5 224.9 225.1 224.8 224.7 224.7 224.7 224.6 225.4 226.4 227.4
157.4 158.2 159.1 160.6 162.1 163.5 164.2 164.6 163.7 162.9 162.1 161.6 162.2 162.8 163.3 163.7 164.5 165 165.6 166.1 166.5 167.3 168 168.4 168.9 169.3 170 172.2 174.2 176 176.9 177.9 178.6 179.7 180.5 181.5 182.9 184.3 186 188 189.3 190.6 192.5 195.8 199.9 205.9 213 219.5 225.4 231.4 236.9 240.6 243.1 245.8 247.2 246.7 244.2 240.4 233.8 223.7 220 220 220.1 220.2 220.3 220.7 221.3 221.8 222.2 222.4 222.2 221.9 221.8 221.8 222 223.3 224.1 224.7
