public/OST50/SU17.asc
ncols 200
nrows 200
xllcorner 410000
yllcorner 170000
cellsize 50
[rows 105 to 139 of 200, columns 78 to 155 of 200]
203.4 201.2 199.3 198.3 197.5 195.9 191.7 189.4 196.5 198.8 201 203.3 206.1 208.6 209.4 210.6 210.8 209.8 208.6 207.2 205.5 204.8 203.6 201.5 198.9 196.2 192.4 189.3 186.2 183.3 181.1 178.9 179.4 182 183.1 183.8 185.5 185.8 185.1 184.5 184 182.7 184.5 186.6 190.1 195.9 205.9 217.1 228.5 238.8 247.5 252.9 255.1 254.9 252.8 249.6 245 238.1 232.4 226.8 221.1 216.6 213.9 210.5 204.7 199.6 194.6 189.3 184.8 180.8 177.9 176.8 175.7 173.4 170.6 168.6 167.3 174.3
203.9 201.6 199.7 197.9 197.4 196.7 193.7 190 188.4 190.1 192.4 194.8 198.1 200.9 202.8 203.8 203.9 203.1 202.3 201.1 201.5 200.9 201 200.2 198.4 196.1 193.2 190.1 187.2 184.2 181.5 179.3 177.9 179.3 180.2 181.3 182.2 182.3 181.2 180 181.2 184 187.6 191.2 194.6 201.6 210.8 221.4 231.7 240.6 248.1 253.2 254.2 254.4 253.3 251.1 247.1 241.9 236.2 229.9 224.1 221.2 218 213.3 206 199.9 194 188.7 183.9 179.8 176.9 176.3 175.7 175 173.5 171.7 168.4 167.6
203.8 200.9 199.3 197.6 195.7 195.1 192.7 189.7 188 186.4 186.4 188.2 191.5 194.7 197 197.8 197.9 197.2 196.2 195.5 196.3 197.1 198.2 198 197.1 195.5 193.5 191.3 188.3 185.3 182.2 179.8 177.9 176.9 177 177.8 178.5 178.2 177.9 180.7 183.9 187 191.4 195.7 201.7 209.5 217.2 225.5 233.8 241.6 248.2 252.9 254.4 254.5 254 251.8 248.2 244 238.3 231.7 226.1 221.4 218.1 212.5 205.5 198.6 192.3 186.5 182.2 178.5 177.9 178.2 177.7 177.2 176.5 174.8 171.4 166.6
201.4 199.2 197.4 196.5 194.8 192.1 190.5 190.9 190.3 188.5 186.4 184.7 185.9 189.8 192.2 193.2 192.8 192 191.1 190.5 191.5 193.2 194.5 195.5 195 194.5 193.1 191.1 189.9 186.9 183.9 180.7 178.2 177.1 175.7 175.1 174.4 174.9 177.8 182.1 185.5 188.7 193.5 199.7 208 215.9 222.1 227.6 234.6 241.4 247.2 251.4 253.8 254.2 253.6 252.2 248.9 245.2 240.1 233.5 226.3 219.6 212.9 209.5 202.9 196.4 190.2 184.7 182 180.8 180.5 180.5 180 179 178 176.2 174 169.9
201 198.2 197.3 196.1 194.4 192.5 193.2 193.6 193.1 191.9 190.2 186.9 184.1 184.5 188.1 188.7 188.3 187.5 186.8 186.2 187.4 189.3 190.9 191.9 192.7 192.5 192.7 190.7 190.9 188.9 185.8 182.7 179.9 178.2 177.4 176.6 175.1 173.1 176.5 181.7 185.3 188.7 193.7 200.3 209.6 217.3 223 227.9 233.7 239 245.1 249.7 252.4 253.1 252.3 251.3 248.9 246.1 241.3 235.3 228.3 221.4 215 207.8 201.1 194.7 189.6 186.9 184.8 183 182.4 181.6 180.6 179.4 178.2 177.1 174.5 170.8
200.6 199.4 199.1 197.3 195.4 195.4 196.1 196.3 195.7 194.5 192.4 190.1 186.3 182.8 183.4 184.8 185.1 184.2 183.4 182.6 183.6 185.4 187.4 188.6 189.8 190.6 191.2 190.8 191.9 190.9 188.6 186.3 183.8 182.3 180.7 179.7 177.2 174.4 173.9 180 183.1 186.4 191 197.8 206.8 214.7 221.1 224.7 228.5 235.1 241.5 246.8 250.1 251.5 251.2 249.9 248.4 245.9 242.1 237 230.4 224 217.9 211.6 205.5 198.5 193.9 191 188 185.4 183.3 181.3 179.4 177.9 176.8 176 174.9 172.4
203.6 202.2 200.7 197.7 196.1 197.6 199.1 198.9 197.7 195.4 193.3 189.7 186.5 183.9 181.5 181.3 181.3 181.1 180.1 179.5 180.1 181.2 183.1 185 186.2 187.4 188.3 190.3 191.9 192.2 191.5 189.9 186.8 184.6 183.2 180.9 179 175.3 172.2 177.2 180.2 183.1 187.2 192.7 201.3 209.5 216.1 219.2 221.2 229.1 237.4 243 246.9 248.7 249.1 248 246.9 244.8 242.2 237.6 231.9 225.5 219.6 214.2 208.3 202.4 197.6 193.3 189.4 185.9 182.9 180.5 178.3 176.5 175 174.2 173.7 172.2
206.5 203.6 200.8 198.3 198.5 200.6 202 201.8 198.6 196.3 192.9 189.4 186.1 184 182 180.6 179.8 179.4 178.6 177.7 176.7 176.8 178.8 181.4 182.8 183.9 185.5 188.4 190.7 192.9 193.1 192.5 190.4 186.7 185 181.7 178 174.6 171.6 173.9 177.3 179.5 182.9 185.9 193.5 201.8 209 210.5 212.4 223.9 231.9 239 243.9 245.9 245.6 244.9 244.6 243.3 240.4 236.4 231.1 224.8 219.6 215.6 211.1 205.3 199 193.9 188.8 184.7 181.2 178.7 176.4 174.5 172.9 172.1 172 171.4
209.3 204.5 201.5 200.4 202.1 205.1 205.4 203.3 200.1 196.2 192.6 189.1 186 184.1 182.9 182.5 181.5 181.5 180.8 180.6 179.6 177 175.4 177.2 179 181 183.6 186.5 189.5 192.2 194.2 194.1 192.2 189.5 185.6 181.1 177 174.3 171.9 171.1 174.1 176.2 177.3 180.2 185.8 192.7 198.1 197.5 205.2 217.4 227.5 235.8 241 241.9 241.1 240 240.6 240.4 237.9 234.4 228.5 223 217.5 214.2 211.4 205.1 197.9 192.2 186.8 182.1 179.4 176.9 174.5 172.5 170.9 169.7 170 169.8
211.6 208.2 205.6 205.2 208.6 212 210.6 206.6 201.1 196.2 191.8 188.4 185.9 186 186.3 186.3 185.6 185.7 184.8 184.8 184.4 181.6 178.2 175 175.3 177.5 181.2 185.3 188.3 191.2 193.4 194.4 193.6 190.5 186.5 181.9 177.4 175.2 173.3 170.8 171 173 172 175.7 180.7 184 186.1 188.5 200.2 214.4 224.7 233 236.5 237.4 235.3 233.3 235.3 236.3 235.3 232.2 227.1 221.4 215.8 209.4 204.9 200.8 194.7 188.9 183.7 179.5 177.2 175 172.7 170.5 169 167.5 167.8 168.2
222 218.2 214.5 216.1 219.7 220.2 215.7 209 201.9 195.4 191.6 188.6 188.3 189.3 190.3 190.2 189.7 188.8 188.1 186.7 185.1 183.4 181.3 177.7 174.4 174.7 178.5 182.3 185.9 188.7 192 194.3 193.8 190.9 187.7 184.8 177.6 175 172.8 171.3 169.7 169.4 169.7 171.9 173.5 176 180.3 190.9 201.9 212.4 221.1 228.6 232.6 234.1 231.2 226.5 229.8 230 229.9 229.5 225.8 220.1 214.4 208.7 200 192.8 188.9 184 179.2 176.1 173.7 171.5 170.2 168.9 167.2 165.6 165.2 165.2
233.6 229.5 228 229.1 230.3 228.6 223.4 214.6 205.5 199 196.3 194.4 194.5 195.7 195 193 191.6 190.6 188.8 186.3 184.2 183.1 181.5 179.3 176.4 173 174.3 178.7 182.5 185.7 189.7 198.4 194.3 192.6 189.7 184.9 179 173.6 173.2 171.7 170.5 169.7 168.3 167.6 168 171.9 178.3 185.9 197.2 210.1 219.3 226.5 230.5 231.4 227.9 220.8 221.2 223.4 224.2 223.5 221.3 217.5 212.9 207.2 200.1 191.1 182.7 178.1 174.9 172.5 170.6 169.7 168.7 167.7 165.8 163.8 162.8 162.1
242.1 238.4 237.3 237.2 235.9 233.1 229.3 223.7 216.9 212 209.2 206.9 205 202.6 198.6 195.3 192.4 189.6 187.3 184.6 182.6 181.4 178.8 177 175.2 173 171.5 173.3 177.4 181.5 185.7 193.1 198.7 194.1 191.5 187.1 182 176.2 173.4 173.2 172.2 171.5 170.9 170 167.4 167.2 172.1 181.2 197.5 210.5 219.7 226.5 229.4 228.6 225.6 220.3 211.4 216.1 218.1 218.4 217.3 214.3 210.2 205.2 197.6 189.9 181.9 175.8 171.1 169.2 167.8 166.8 166.7 166.7 164.7 162.6 160.7 159
245.3 243.6 242.3 243.4 241.3 237.8 233.8 229.8 226.8 223.6 220.9 218 213.7 208.5 202.7 196.6 191.1 187.5 185.2 183.1 180.9 179.2 176.9 176.6 175.9 174.5 173 171 170.5 173.6 181.6 187.6 200.4 195.2 193.6 189.4 184.3 179.7 176.4 175.3 175.6 175 174.1 173.1 169.9 165.9 169.5 184.6 200 211.6 219.9 225.3 227.8 225.9 223 217.8 210.5 206.2 211.3 213.6 213.2 211.2 207.6 202.2 194.4 186.9 179.7 174.2 170 167.1 164.9 164.6 164.4 164.6 163.1 160.9 158.7 158.1
244.4 244.3 246.1 249.2 244.8 241.3 238.2 235.9 233.5 231.2 228.3 224.4 219.1 212.1 204.7 197.1 191.6 186.4 183.6 182 181 180.6 179.9 180 178.4 177 175.7 174 171.3 169.4 173 184 194.1 200.2 195.3 192.3 188.7 184.7 181.7 180.8 180 179.1 176.4 173.7 170.8 166.3 168.5 185.3 200 209.9 217 221.3 222.9 221.6 219.7 214.9 209.1 201.2 202.3 207.5 209.9 209.6 207.2 201.4 193.7 186 180.3 175.1 171.4 167.8 164.9 162.7 162.6 162.8 161.2 158.3 157.3 164.7
232.6 241.3 245.2 249.2 245.2 242.2 240.2 239.4 237.2 233.5 230 227.7 223.3 216 208.6 201.6 194.3 189.4 187.6 186.3 185.7 185.1 184.6 184.6 183.1 182 180.6 178.7 176.9 173.5 167.7 177.5 188.8 199.7 197.6 194.7 192.2 189 187.6 185.9 184 181.8 178.5 175.1 170.7 166.4 168.5 183.6 197.1 206.2 213.5 217.3 218.9 218.4 217.4 212.7 207.2 199.3 192.3 200.7 206.6 208.2 206.9 202.4 196.1 189.1 183.1 177.6 173 169.4 165.8 162.7 160.7 160.7 158.9 156.8 161.3 169.1
215 222.8 234.1 243.9 241.8 240 238.9 239.1 237.7 234.3 230.9 228.6 225.3 221.4 214.1 206.7 201.2 198.2 195.5 193.3 191.8 190.7 190.1 188.8 186.9 185 182.5 181.8 180.2 177.4 168.5 169.5 185.2 195 197.8 194.5 194 192.2 190.2 188 185.4 182.5 179.4 175.2 170.8 166.3 167.6 179.2 191.6 202.2 209.9 214.1 216.7 216.2 215.1 210.7 205.2 198.4 189 193.2 201.4 205.1 205.8 203.3 197.3 190.2 184.4 179.4 174.7 170.9 167.6 164.3 161.1 158.6 156.2 157.2 164.6 169.8
200.8 208 215.9 225.5 230.9 232.5 232.4 233.3 233.2 231.3 229.1 227.9 227 224.2 219.7 214.8 210.7 206.5 202.4 199.2 196.7 193.9 192.1 190.4 188.3 186.3 183.8 183 180.8 177.7 171.8 167 181.3 188.4 191.5 192.6 192.5 192.1 190.3 188.1 185.5 182.5 179.6 175.8 171.4 167 164.3 173.1 185.7 198.4 207.3 211.2 214.5 214.3 212.6 208.7 202.6 195.4 187 183.8 194.1 200 203.7 203 198 191 185 180.3 176.2 172.3 168.7 165.1 162.4 159 155.5 158.3 164.1 167.5
193.1 194.9 201.1 207.4 211.2 215.7 219.2 221.1 223.1 225.7 226.6 227.2 226.7 225.9 223.4 220.4 216.9 211.6 206.1 202 198.1 194.3 192.6 190.2 187.9 186 184.1 182.1 179.9 177 172.7 166 177.3 183.7 187.3 189.2 190 189.6 188.3 186.2 184.1 181.7 178.9 176.2 172.6 168.7 164.1 166.8 179.1 194.9 204.1 209.6 212.7 212.7 211.2 208.6 204 197.5 188.9 181.6 181.1 191.1 199 200.2 195.2 189.2 184.2 179.7 175.9 172.5 169.2 166.4 164 160.1 156.3 156 160.9 163.7
194.6 192.7 191.7 193 194.9 198.5 202 205.8 211.3 216.9 221 225 226.3 225.2 224.1 222.5 219 212.6 206.3 201.2 196.9 193.5 190.9 188.2 186 184.1 182.1 180.2 178.3 176.4 173.2 165.7 171.7 179 181.8 183.8 184.7 185.8 185.2 183.5 181.6 179.7 178 175.6 172.9 169.8 165.3 162.5 173.4 189.2 201.5 207.7 210.9 211 209.6 207.9 205.1 200.2 193.9 186.8 177.1 179.3 191.1 192.7 189.9 185.8 181.5 177.9 174.4 171.7 169.9 167.9 165.6 162.4 158.7 154.8 155.3 157.2
197.1 194.8 192.1 190.3 189.5 190.3 191.1 192.2 195.4 200.9 209.2 218.3 225 224.7 223.4 221.1 216.7 209.6 203.5 198.3 193.9 190.3 187.7 185.4 184.1 182.1 180.2 178.3 176.4 174.4 172.5 167.2 167.3 173.9 176.8 179 180.6 181.6 181.5 179.5 178.1 177.3 176.1 174.2 171.9 169.4 165.6 161.9 168.6 184.7 199.2 205.6 209 209.3 208 206.6 204.4 200.3 194.5 188.3 180.7 171.6 182.9 185.5 184 181 178.1 174.8 172.5 170.3 168.9 167.5 166 163.5 161.4 158.1 155.5 153.9
198.1 196.2 193.8 191.6 189.5 188 187.5 187.1 187.1 187.9 195.8 208.2 219.8 223.4 222.3 217.3 211.6 205.2 199.2 194.4 190.2 187.2 184.3 182.9 181.5 180.2 178.2 176.3 174.3 172.3 170.4 167.1 165 169.7 172.6 174.8 176.5 178.3 178 177.3 176.5 175.3 174.1 172.9 170.6 167.9 165.1 161.5 167.2 182.7 197.6 204.8 207.5 207.6 206.3 205 202 197 190.7 184.4 178.3 169.7 176.5 179.7 178.7 176.7 174.2 171.7 169.7 168.3 166.9 165.5 164.5 163.8 162.6 161 158.6 157.1
196.9 195.1 192.8 191.2 189.5 187.6 185.9 184.8 184.4 184.2 184.8 194.3 209.2 219.4 218.7 212.7 206.1 199.7 194.2 190.2 187.2 184.2 181.8 180.3 178.9 177.8 176.3 174.3 172.3 170.2 168.2 166 164.3 166.1 169.3 171.4 173.6 176.2 176.5 175.7 174.5 173.3 172.1 171.1 169 166.3 163.5 161.1 167.9 183.3 197.1 204.3 206.3 205.6 204.3 202.7 198.8 193.1 186.3 179.9 173.7 168.4 170.1 174.5 173.6 172 170.6 168.8 167.2 165.7 164.4 163.6 162.8 162 161.4 160.9 160.3 160.1
196.2 193.9 192.1 190.5 189.1 187.5 185.1 183.6 182.9 181.7 181.1 182.8 195.5 210.2 211.7 206.5 201.1 195 190.4 187 184 181.2 179.2 177.7 176.6 175.6 174.1 172.4 170.5 168.4 167 166.1 164.5 163.6 166.4 169.5 172.2 174.2 174.9 173.8 172.8 171.8 170.6 169.4 167.5 165.4 162.7 160.6 169.1 184.9 197.6 203.4 204.9 203.2 201.6 200.1 195.7 189.6 183.1 176.8 171.7 168.8 164.8 168.4 169.3 168.2 167.3 166.1 164.6 163.4 162.6 161.9 161 160.3 159.8 159.3 158.9 158.9
194.9 193 191.4 189.9 190.1 190 189.4 188.2 186.4 184 181.4 179.3 184.1 199.5 205.6 203.6 198.2 192.8 188.2 184.5 181.6 179.5 177 175.5 174.5 173.8 172.5 170.6 168.9 168.8 168.9 168.8 166.2 163.6 163.7 168.1 170.9 172.3 172.7 172.5 171.4 170.2 169 167.5 165.7 163.8 161.8 162.1 170.7 189.2 198.9 202.9 203.8 202.9 201.3 199.7 195.5 189.4 183.1 177.9 174.5 171.5 167.7 164.7 164 164.5 164 163.7 162.4 161.3 160.1 159.4 158.6 157.8 157.5 157.2 157 157.3
195.2 193.9 193.9 195 195.6 195.3 193.9 192.2 189.4 186.5 183 179.3 179 191.7 201.7 201.6 198.8 194.9 190.4 186.2 183.2 180.3 177.3 174.9 173.4 172.7 171.4 169.8 170.1 171.3 171.7 171.4 168.2 165.2 162.3 165.5 169 170.5 170.5 170.5 169.8 168.6 167.3 165.7 163.9 162 160.5 165.9 178.1 193.2 199.8 202.3 202.7 202.4 201.1 199.8 196.8 191.9 185.8 181.4 178.3 174.1 169.9 165.8 162.2 161.1 161.3 161.1 160.4 159.2 158.1 157 156.1 155 154.5 154.1 153.8 154.3
198.4 199.1 199.4 199.4 197.9 196.2 194.2 191.8 189.2 187 184.2 180.1 177 186.5 197.8 199.5 198.8 196.7 193.1 188.9 185.6 181.3 177.4 174.7 172.9 172 171.3 171.6 172.8 173.9 174.3 172.3 169.9 166.7 162.8 163.2 167.3 167.9 168.4 168.4 167.8 166.9 165.7 163.8 161.8 159.9 163 170.8 185.3 195.5 200.4 201.5 201.6 201.4 200.9 199.8 197.9 193.5 188.3 184.2 179.5 174.8 170.1 166.1 162.6 160.6 159.2 158.6 158 157.5 156.4 155.2 153.9 153 152 151.3 150.7 151.3
202.9 203.7 201.6 199.1 197.2 194.7 192.4 189.9 187.3 185.2 183 179.7 176.5 180.4 192.9 195.8 196.6 196.6 194.9 191.6 187.7 183.2 179 176.2 175 174.9 174.6 175.6 176.9 177.4 175.2 172.4 169.5 166.6 162.8 161.2 164 165.3 166 166.2 165.6 164.9 163.9 161.9 160 160.9 167 176.5 188.2 196.6 200.1 200.7 200.8 200.6 200.1 199.1 197.9 194.8 190.1 184.6 179 174 169.8 166.4 162.9 161 159.1 157.6 156.5 155.5 154.5 153.5 152.7 152.8 152.8 152.1 151 149.8
206.2 205.4 201.4 198.9 195.7 193.1 190.6 188.1 185.5 183.5 181.4 178.6 176.5 175.7 183.9 190.4 193.1 194.1 194.4 193.8 190.8 187.3 183.4 180.5 179.9 180.1 181 182.9 182.9 180.2 177.5 173.3 168.7 165.2 162.6 160.6 161.8 162.7 163.4 164.1 164 163.4 162.4 160.1 159.3 162.6 168.8 176.6 186.2 195.1 199.1 199.7 199.8 199.8 199.2 198.5 197.3 193.9 188.9 183.1 177.4 172.3 168.5 165 162.5 160.7 158.8 157.4 156.6 155.5 154.6 154.1 154.5 154.4 154.3 153 151.7 150.6
208.3 205.3 201.7 197.4 194.1 191.7 188.9 186.3 184 182.4 181 179.2 177 175 175.3 181.9 187.2 190.5 193 194.2 193.7 192.4 190.2 189.2 189.5 190.6 191 190.7 188.4 185 180.7 175.4 170.2 166.5 163.9 161.4 159.9 160.4 160.8 161.5 162.2 162 160.8 158.6 159.6 163.3 167.9 173.3 181.1 189.4 194.2 197 197.7 198.6 197.8 197 196.1 193 187.8 182.2 176.5 171.4 167.3 164.6 162 160.1 158.5 157.1 156.4 156 156.2 156.6 156.6 156.2 155.5 154.3 153.1 151.8
209.2 204.5 199.8 195.5 192.7 190.2 187.8 186.3 184.9 183.8 182.2 180.2 177.9 175.6 173.6 174.1 179.9 185.1 189.2 192.5 194.9 196.5 197.1 197.6 198.4 198.9 198.5 196.9 193.7 189.7 185 179.1 173.8 169.6 167.1 164.4 162.5 161.3 159.1 159.2 159.9 160.4 159.2 158.3 159.5 162.7 165.9 168.4 173.8 180.3 186.1 191.7 194.9 196.5 195.9 195.1 194.4 192.7 187.8 182 176.3 170.9 166.9 164.1 161.6 159.7 158.6 158.5 158.7 158.6 159.5 160 159.5 158.9 157.3 155.8 154.5 153.1
213 206.5 199.9 195.1 192.5 190.8 189.7 188.6 187.1 185.3 183.5 181 178.5 176.1 174 172.1 172.3 177.2 182.3 187.7 192.9 198 202.2 203.1 204 203.7 203 201.1 198.3 193.8 189.4 185 179.5 174.6 171.1 167.5 165.5 162.7 159.8 159.1 158.6 158.7 158 158 158.5 160.9 163.3 165.1 167.4 172 178.6 186.2 192.6 194 195 194.2 193.5 192.4 188.2 182.1 176 170.8 167.1 164.9 162.7 161.2 160.9 161.9 162.6 163.3 165 164.8 163.4 162.2 160.5 158.6 156.8 155.4
217.8 211 204.1 197.7 196.5 196.1 195.2 193.2 190.6 187.7 184.7 181.9 179.4 177 174.7 173.1 170.9 171.2 173.9 178.7 186.1 195.3 201.8 204.9 205.4 204.8 204.3 202.9 201.6 198 193.6 189.2 184.8 180.5 176.2 171.4 167.2 164.1 161.2 159.5 159 158.1 157.2 157.3 157.6 159.2 159.9 161.3 162.9 166.2 174.1 183.3 188.7 191 192.4 193.3 192.6 191.9 188.7 183.9 177.8 172.4 169.9 167.5 164.9 163.1 164.7 166.3 170.1 171.5 172.3 171.4 168.9 166.2 163.8 161.5 159.6 157.5
222 215.2 208.3 206.2 206.8 205.7 203.8 199.6 194.9 189.7 186.4 183 180.4 178.1 175.8 174.2 172.6 171.1 170.1 170.6 175.2 185.1 196.3 201.1 203.3 203.7 203.5 202.8 202.3 200.5 197.9 193.5 189.3 184.8 179.6 174.3 169 165.4 162.6 160 159 158.4 157.4 156.5 156.6 157 157.6 158 159.7 163.1 168.3 175.1 181.4 186.3 190.4 192 192.2 191.7 190.3 186.8 182.3 179 175.6 171.9 168.8 166.4 168.5 174.1 178 179.8 179.4 177.8 174.6 171.4 168.1 165.1 161.5 159.1
226.9 220.9 216.1 215.9 215.7 213.5 210.1 205.7 199.6 192.8 188 184.5 182.5 180.5 178.7 177.1 174.9 173 170.8 168.9 168.5 172.9 183.6 193.5 197.8 200 200.9 201.9 202 201.4 199.5 196.9 192.7 187.4 181.9 175.8 169.4 164.7 162.5 161.2 160.4 159.3 158.5 157.3 155.7 154.9 155.6 156.2 157.3 159.4 162.5 166.7 173.2 181.1 187 190.4 191.3 191.6 191.4 190.5 188.5 185.3 181.5 177.3 174.2 172.6 176.3 181.4 184.4 185.1 185.1 183 179.6 175.8 171.3 166.8 163.6 160.1
