public/OST50/SU19.asc
ncols 200
nrows 200
xllcorner 410000
yllcorner 190000
cellsize 50
[rows 76 to 113 of 200, columns 86 to 171 of 200]
76.2 75.8 75.8 75.9 74.2 75.6 75.4 75.2 75.3 76.7 76.4 76.4 76.4 76.4 76.3 76.2 76.2 76.1 76 75.9 75.9 75.8 75.8 75.8 75.8 75.8 75.7 75.6 75.6 75.5 75.5 75.4 75.4 75.4 75.3 74.6 74.2 75.1 75.1 75 75.1 75.2 75.1 75 74.9 74.8 74.9 74.9 74.9 74.8 74.8 74.4 74.3 74.3 74.2 74.3 74.2 74.2 74.3 74.2 74.3 74.4 74.4 74.4 74.3 74.2 74.3 74.3 73.9 74.3 74.2 74.2 74.1 74.1 73.9 73.9 73.8 73.8 73.8 73.8 73.8 73.8 73.8 73.7 73.7 73.5
76.2 76 76.1 76.1 76 74.2 75.8 75.7 77.3 77.1 77 76.8 76.7 76.5 76.4 76.3 76.2 76.1 76 75.9 75.8 75.8 75.8 75.8 75.7 75.7 75.7 75.6 75.6 75.5 75.5 75.4 75.4 75.3 75.2 75.1 74.9 75.1 74.9 74.8 75 75.1 75 74.9 74.8 74.8 74.9 74.9 74.8 74.8 74.8 74.3 74.3 74.3 74.2 74.2 74.2 74.1 74.3 74.3 74.3 74.2 74.3 74.2 74.2 74.3 74.3 74.3 74.3 74.2 74.2 74.2 74.1 74.1 74 73.9 73.9 73.9 73.9 73.9 73.9 73.9 73.9 73.8 73.7 73.6
76 76.2 76.2 75.8 76 76.1 75.9 78 77.8 77.7 77.5 77.1 76.9 76.7 76.4 76.4 76.2 76.1 75.9 75.9 75.8 75.8 75.8 75.7 75.7 75.7 75.7 75.6 75.6 75.5 75.5 75.4 75.4 75.3 75.2 75.2 75.3 74.5 74.8 74.7 74.9 75 74.9 74.8 74.7 74.8 74.2 73.9 74.1 73.9 73.9 74.3 74.3 74.3 74.2 74.1 74.1 74.2 74.3 74.3 74.8 74.3 74.8 74.8 74.4 74.2 74.2 74.2 74.2 74.2 74.2 74.2 74.1 74.1 74 74 73.9 73.9 73.9 73.9 73.9 73.9 73.8 73.8 73.7 73.7
76.1 76.1 76.2 75.6 75.2 74.2 76.1 78.5 78.4 78.3 77.9 77.5 77 76.7 76.6 76.3 76.2 76 75.9 75.9 75.9 75.8 75.7 75.7 75.7 75.7 75.6 75.6 75.6 75.5 75.4 75.4 75.3 75.3 75.2 75.2 75.2 75.1 74.8 75 74.3 75 74.8 74.7 74.8 75 74.9 74.6 74.5 74.8 74.5 74.6 74.7 74.8 73.9 74.3 74.3 73.9 74.5 73.9 74.8 74.8 74.8 74.3 74.2 74.2 74.1 74.1 74.1 74.2 74.2 74.2 74.1 74.1 74 74 74 74 73.9 73.9 73.9 73.8 73.8 73.8 73.7 73.7
75.8 75.9 76 76.1 75.7 75.9 78.8 79 78.9 78.7 78.2 77.4 77 76.9 76.8 76.6 76.3 76.1 75.9 75.9 75.8 75.7 75.7 75.7 75.7 75.6 75.6 75.6 75.5 75.5 75.4 75.4 75.3 75.2 75.2 75.1 75.2 75.2 74.9 74.8 74.7 74.7 74.8 74.8 74.8 74.8 74.9 74.8 74.8 74.8 74.7 74.3 74.5 74.7 74.8 74.8 74.3 73.9 74.8 74.8 74.3 74.5 74.4 74.3 74.3 74.2 74.2 74.1 74.1 74.1 74.1 74.2 74.1 74.1 74 74 74 74 73.9 73.9 73.8 73.8 73.7 73.7 73.5 73.4
75.6 75.7 75.8 76 76 77.2 77.7 78.2 78 77.8 77.5 77.2 77.2 77.2 77 76.9 76.8 76.6 76 75.9 75.8 75.7 75.7 75.7 75.6 75.6 75.6 75.5 75.5 75.5 75.4 75.4 75.3 75.2 75.2 75.2 75.1 75.1 74.9 74.6 74.6 74.7 74.8 74.8 74.8 74.8 74.8 74.8 74.7 74.7 74.6 74.3 74.2 74.3 74.6 74.8 74.3 74.4 74.6 74.6 74.6 74.5 74.5 74.3 74.3 74.2 74.2 74.1 74.1 74.1 74.1 74.1 74.1 74.1 74 74 73.9 73.9 73.9 73.8 73.7 73.6 73.5 73.5 73.3 73.1
75.9 75.7 75.6 75.7 76.8 78.8 78.4 78 77.7 77.7 77.8 77.7 77.7 77.8 77.9 77.6 77.5 77 76.4 75.9 75.8 75.7 75.7 75.7 75.6 75.6 75.5 75.5 75.5 75.5 75.4 75.4 75.3 75.2 75.2 75.3 75.3 75.2 74.8 74.4 74.5 74.6 74.8 74.9 74.9 74.8 74.8 74.7 74.6 74.5 74.4 74.3 74.2 74.4 74.6 74.5 74.3 74.3 74.6 74.6 74.5 74.5 74.4 74.4 74.3 74.3 74.2 74.2 74.1 74.1 74 74 74.1 74.1 74 74 73.9 73.9 73.9 73.8 73.6 73.4 72.4 73.4 73.6 73.7
75.9 75.8 75.9 76.2 78 78.8 78.6 78.3 77.9 77.7 77.9 78.1 78.2 78.5 78.8 78.4 77.9 77.4 76.7 76.1 75.7 75.7 75.7 75.6 75.6 75.6 75.5 75.5 75.5 75.5 75.4 75.4 75.3 75.2 75.3 75.3 75.4 75.4 74.8 74.3 74.5 74.6 74.7 74.9 75 74.8 74.7 74.6 74.6 74.5 74.4 74.3 74.3 74.5 74.5 74.5 74.3 74.3 74.5 74.5 74.5 74.5 74.4 74.3 74.3 74.3 74.2 74.1 74.2 74.2 74.1 74 73.8 73.7 73.8 73.9 73.9 73.7 73.3 73.4 73.6 73.6 73.7 74.1 74.2 74.1
75.1 75.1 76.3 77.9 78.2 78.4 78.5 78.4 78 78.2 78.4 78.6 78.6 78.6 78.8 78.9 78.3 77.7 77 76.4 75.7 75.7 75.6 75.6 75.6 75.6 75.5 75.5 75.5 75.5 75.4 75.4 75.3 75.3 75.3 75.4 75.5 75.6 75.1 74.7 74.5 74.6 74.8 74.9 74.9 74.8 74.7 74.6 74.5 74.4 74.3 74.4 74.5 74.5 74.5 74.5 74.3 74.3 74.5 74.5 74.4 74.4 74.4 74.3 74.3 74.2 74.1 74 74 73.9 73.9 73.8 73.8 73.8 73.8 73.5 73.8 73.7 73.5 73.6 73.8 73.9 74.1 74.4 74.6 74.6
75.3 76 78.4 78.6 78.5 78.6 78.5 78.5 78.6 78.7 78.9 79.1 79.1 79 78.7 78.7 78.4 77.7 77.1 76.3 75.8 75.7 75.6 75.6 75.6 75.6 75.5 75.5 75.5 75.4 75.4 75.3 75.3 75.3 75.4 75.5 75.5 75.5 75 75 75 75 74.9 75 74.9 74.8 74.7 74.6 74.5 74.4 74.3 74.4 74.4 74.4 74.4 74.4 74.3 74.3 74.4 74.4 74.4 74.4 74.3 74.3 74.3 73.6 74.3 74.6 74.7 74.4 73.6 72.5 73.4 74.1 73.8 74.1 74.1 74 73.8 73.8 73.9 74.2 74.5 74.7 74.9 74.6
75.6 77.4 78.4 78.7 78.7 78.8 78.8 78.8 78.9 79.1 79.2 79.4 79.4 79.3 79 78.6 78.4 77.7 76.9 76.3 75.9 75.7 75.7 75.6 75.6 75.6 75.5 75.5 75.5 75.4 75.4 75.3 75.3 75.4 75.5 75.5 75.5 75.4 75 75 75 75 75 75 74.9 74.8 74.7 74.6 74.5 74.4 74.3 74.3 74.4 74.4 74.4 74.4 74.3 74.3 74.4 74.4 74.3 74.3 74.3 74.3 74.4 74.5 74.4 74.6 74.5 74.6 73.9 73.7 74 74.6 74.4 74.3 74.2 74.1 74.1 74 74.2 74.4 74.8 74.6 74.5 74.3
78 79.2 79.1 78.8 78.9 79 79.2 79.2 79.3 79.4 79.5 79.7 79.8 79.7 79.3 78.7 78.4 77.4 76.9 76.4 76 75.8 75.7 75.7 75.6 75.6 75.5 75.5 75.5 75.4 75.4 75.3 75.4 75.5 75.5 75.4 75.4 75.3 75 75 75 75 75 75 74.9 74.8 74.7 74.6 74.5 74.4 74.3 74.3 74.3 74.3 74.3 74.3 74.3 74.3 74.3 74.3 74.3 74.2 74.4 74.5 74.6 74.6 74.3 74.4 74.4 74.4 74.2 74.2 74.3 74.5 74.5 74.4 74.2 74.1 74.1 74.1 74.4 74.6 74.8 74.5 74.4 74
79.3 79.2 79.1 79.1 79.1 79.2 79.3 79.5 79.6 79.8 79.8 80 79.8 79.7 78.8 78.6 78.4 77.8 77 76.5 76.1 75.9 75.8 75.7 75.7 75.6 75.5 75.5 75.5 75.4 75.4 75.4 75.5 75.4 75.4 75.3 75.3 75.2 75 75 75 75 75 75 74.9 74.8 74.7 74.6 74.5 74.4 74.3 74.3 74.3 74.3 74.4 74.3 74.3 74.3 74.3 74.3 74.3 74.4 74.6 74.7 74.8 74.6 74.3 74.2 74.2 74.3 74.4 74.4 74.5 74.5 74.5 74.4 74.3 74.3 74.2 74.1 74.5 74.7 74.9 74.3 74.1 74.1
79.6 79.4 79.3 79.3 79.3 79.3 79.5 79.6 79.7 79.9 80 80.1 79.8 79.2 78.9 78.6 78.4 78.2 77.5 76.9 76.3 75.9 75.8 75.8 75.7 75.6 75.6 75.5 75.5 75.4 75.4 75.4 75.4 75.3 75.2 75.2 75.2 75.1 75 75 75 75 74.6 74.9 74.8 74.7 74.7 74.6 74.5 74.4 74.1 74.3 74.3 74.3 74.4 74.4 74.3 74.3 74.4 74.3 74.3 74.4 74.7 74.8 74.8 74.5 74.3 74.5 74.3 74.6 74.7 74.3 74.4 74.5 74.4 74.3 74.5 74.5 74.4 74.1 74.5 74.9 74.6 74.2 74.2 74.2
79.8 79.6 79.5 79.4 79.4 79.4 79.7 79.8 79.8 80 80 79.9 79.8 79.5 79 78.8 78.6 78 77.2 76.3 76 75.9 75.9 75.8 75.8 75.7 75.6 75.6 75.5 75.5 75.4 75.3 75.3 75.2 75.1 75.1 75.1 75 75 75 75 75 74.9 74.8 74.7 74.7 74.6 74.5 74.4 74.4 74.3 74.3 74.3 74.3 74.3 74.3 74.3 74.3 74.3 74.3 74.2 74.4 74.6 74.7 74.5 74.4 74.7 74.7 74.2 74.4 74.5 74.2 74.2 74.3 74.3 74.2 74.7 74.8 74.7 74.9 74.9 74.7 74.3 74.2 74.3 74.3
79.9 79.7 79.6 79.5 79.5 79.4 79.8 79.9 79.9 79.9 79.8 79.8 79.7 79.4 78.7 78.1 77.5 77.1 76.4 76.2 75.9 75.9 75.9 75.9 75.8 75.7 75.5 75.3 75.1 75 75 75.1 75.1 75 74 74.6 74.6 74.6 74.6 74.6 74.6 74.3 74.7 74.6 74.5 74.5 74.4 74.4 74.3 74.3 74.3 74.3 74.3 74.3 74.3 74.3 74.3 74.3 74.5 74.3 74.2 74.3 74.5 74.6 74.7 74.5 74.4 74.5 74.1 74.1 74.2 74.1 74.1 74.1 74.2 74.3 74.2 74.8 74.9 74.9 74.8 74.4 74.1 74.2 74.4 74.4
79.8 79.7 79.7 79.7 79.7 79.7 79.8 79.7 79.7 79.7 79.7 79.7 79.5 78.7 77.7 77.1 76.8 76.7 76.6 76.4 75.8 75.7 75.6 75.5 75.4 75.2 74.9 74.8 74.7 74.7 74.6 74.6 74.6 74.6 74.6 73.8 74.6 74.6 74.6 74.6 74.6 74.6 74.5 74.4 74.4 74.3 74.3 74.2 74.2 74.3 74.3 74.3 74.3 74.3 74.3 74.3 74.3 74.6 74.6 74.3 74.2 74.4 74.6 74.7 74.7 74.7 74.8 74.4 73.9 73.8 73.8 73.7 73.8 73.8 74.1 74.2 74.4 74.6 74.8 74.9 74.8 74.3 74.1 74.2 74.4 74.4
80 79.9 79.9 79.9 79.9 79.9 79.8 79.8 79.8 79.7 79.7 79.4 78.8 77.8 77.3 77.2 77.2 77.4 77.2 76.5 75.9 75.4 75.1 75 74.8 74.6 74.6 74.7 74.7 74.8 74.8 74.6 74.6 74.6 74.6 74.6 74.6 74.6 74.6 74.6 74.6 74.4 74.3 74.2 74.2 74.1 74.1 74.2 74.2 74.3 74.3 74.3 74.3 74.3 74.3 74.4 74.4 74.3 74.3 74.3 74.4 74.6 74.6 74.8 74.8 74.8 74.3 73.8 73.6 73.5 73.3 73.3 73.5 73.8 74 74.2 74.4 74.5 74.7 74.9 74.8 74.2 74.1 74.2 74.5 74.7
80.2 80.1 80 80 80 80 79.9 79.9 79.8 79.6 78.9 78.4 77.9 77.5 77.5 77.6 77.9 77.7 77.2 76.5 75.9 75.3 74.9 74.7 74.7 74.7 74.8 74.9 74.9 75 75 74.6 74.6 74.6 74.4 74.5 74.6 74.6 74.6 74.6 74.6 74.3 74.1 74.1 74.1 74 74.1 73.6 74.2 74.1 74.3 74.3 74.3 74.3 74.4 74.5 74.6 74.5 74.4 74.6 74.5 74.6 74.6 74.7 74.9 74.9 74.1 73.7 73.6 73.5 73.3 73.2 73.4 73.8 74.1 74.3 74.5 74.6 74.7 74.9 74.8 74.2 74.4 74.8 74.9 75.1
80.4 80.3 80.2 80.1 80 80.1 79.9 79.9 79.1 78.4 78.2 78.1 78 78 78.1 78.2 78.3 77.7 77.1 76.5 75.9 75.4 74.8 74.7 74.7 74.7 74.9 75.1 74.3 75.2 75.1 75.2 75 75 75 75 74.9 74.8 74.6 73.8 74.6 74.5 74.3 74.3 74.4 74.4 74.4 74.4 74.5 74.1 74.5 74.3 74.4 74.5 74.6 74.7 74.8 74.7 74.7 74.4 74.3 74.5 74.5 74.6 74.7 74.3 73.8 73.8 73.7 73.6 73.5 73.4 73.4 73.9 74.3 74.5 74.7 74.6 74.7 74.8 75.3 75.7 75.2 75.3 75.4 75.5
80.3 80.4 80.3 80.6 80 79.3 79.8 79.5 78.9 78.6 78.4 78.3 78.2 78.2 78.3 78.4 78.1 77.4 76.9 76.5 76 75.4 74.8 75 75.1 75.1 76 75.5 75.4 75.5 75.5 75.4 75.2 75.3 75.4 75.3 75.1 75 74.8 74.7 74.7 74.6 74.5 74.6 74.6 74.7 74.8 74.7 74.7 74.8 74.9 75.1 74.6 74.7 74.8 74.8 74.9 74.9 75 74.9 74.5 74.4 74.3 74.1 74.5 73.8 73.8 73.8 73.9 73.8 73.7 73.5 73.6 74 74.4 74.7 74.6 74.6 74.8 75.5 75.6 75.7 75.7 75.8 75.9 76
80.4 80.4 80.5 80.5 80 78.9 79.9 79.6 79.1 78.7 78.6 78.5 78.3 78.2 78.3 78.2 77.6 76.9 76.5 76.1 75.8 75.5 75.4 75.8 75.6 75.9 76.3 75.8 75.6 75.7 75.6 75.4 75.3 75.3 75.5 75.4 75.4 75.1 75 74.8 74.8 74.8 74.7 74.8 75 75.1 75.2 75.1 75 75.1 75.1 75.1 74.8 74.8 74.8 74.9 74.9 74.9 75 74.9 74.8 74.7 74.7 74.5 73.9 73.8 73.9 73.9 73.9 73.9 73.8 73.8 73.9 74.2 74.6 74.7 74.7 74.7 74.9 75.8 76.1 76.1 76.1 76.2 76.3 76.5
80.5 80.5 80.4 81.4 81.1 79.5 79.7 79.5 79.3 78.8 78.7 78.5 78.4 78.2 78.3 77.8 77.1 76.5 76 75.8 74.9 75.7 75.6 75.6 75.9 76.2 76.3 76.1 75.9 75.8 75.6 75.5 75.4 75.4 75.6 75.5 75.4 75.3 75.3 74.9 76.1 75.9 75.9 75.9 75.6 75.4 75.6 75.3 75 75.1 75.1 75.1 74.9 74.9 74.9 74.9 74.9 75 75 75 75 75 75 74.9 74.5 74.1 73.9 73.9 74 74 74 74 74.2 74.4 74.7 74.7 74.8 74.8 74.8 75.7 76.2 76.3 76.2 76.3 76.6 77.2
80.6 80.5 80.3 80.2 80 79.7 79.5 79.4 79.2 78.9 78.8 78.6 78.4 78.2 77.9 77.3 76.6 76 75.9 75.6 75.3 75.5 75.7 75.9 76 75.4 76.2 76.1 76 75.9 75.9 75.8 75.8 75.8 75.6 75.5 75.4 75.3 75.2 75.2 76.1 75.8 75.8 75.7 75.5 75.3 75.2 75.1 75.1 75.1 75.1 75.1 74.9 74.9 75 75 75 74.3 74.9 74.9 74.9 74.9 74.9 74.9 74.8 74.7 74.3 74 74.1 74.1 74.1 74.3 74.4 74.5 74.7 74.8 74.8 74.9 74.9 75.6 76.2 76.2 76.1 76.6 77 77.9
80.6 80.5 80.4 80.2 80 79.8 79.6 79.4 79.3 79 78.6 78.4 78.2 78 77.4 76.8 76.2 75.9 75.8 75.6 75.3 75.6 75.8 76 76.1 76.3 76.2 76.2 76.1 76.1 76 76 76 75.9 75.7 75.5 75.4 75.3 75.2 75.2 76.1 75.8 75.6 75.5 75.3 75.2 75.1 75 74.9 74.9 74.9 75 74.9 75 75 75 75 75 74.8 74.8 74.8 74.9 74.9 74.8 74.7 74.7 74.6 74.5 74.2 74.2 74.3 74.4 74.5 74.6 74.7 74.8 74.9 74.9 75.2 75.9 76.2 77 77.2 77.4 77.6 78.2
80.7 80.7 80.5 80.4 80.2 80 79.8 79.6 79.3 79 78.6 78.2 78 77.5 76.9 76.3 76 75.8 75.7 75.5 75.5 75.8 75.9 76.1 76.3 76.3 76.3 76.3 76.2 76.1 76.1 76 76 76 75.8 75.6 75.5 75.4 75.3 75.4 76 75.7 75.5 75.3 75.2 75.2 75.1 75 74.9 74.3 74.8 74.8 74.8 74.8 75 74.9 74 74.9 74.7 74.7 74.8 74.8 74.8 74.7 74.6 74.6 74.5 74.4 74.3 74.3 74.4 74.5 74.6 74.7 74.8 74.8 74.9 75 75.5 76 76.2 77.2 77.2 77.6 78.3 78.5
80.9 80.8 80.7 80.6 80.4 80.2 80 79.7 79.3 79 78.6 78.1 77.6 77 76.4 76.1 75.9 75.8 75.6 75.6 75.7 75.9 76 76.2 76.3 76.5 76.4 76.3 76.2 76.1 76.1 76.1 76 76 76 75.8 75.5 75.4 75.5 75.7 76 75.6 75.4 75.2 75.2 75.2 75.2 75.1 74.9 74.7 74.8 74.7 74.8 74.8 74.8 74.8 74.9 74.7 74.7 74.7 74.8 74.8 74.7 74.6 74.6 74.5 74.4 74.4 74.4 74.4 74.5 74.6 74.7 74.8 74.8 74.9 75 75 75.4 75.9 76.3 76.1 77.4 77.5 78.1 78.8
81.1 81 80.9 80.8 80.6 80.4 80.3 79.9 79.4 78.6 78 77.5 77.1 76.5 76.1 76 75.9 75.7 75.6 75.7 75.8 76 76.2 76.4 76.6 76.6 76.5 76.4 76.3 76.2 76.1 76.1 76.1 76.1 76.1 76.1 75.8 76.3 76.1 75.6 75.8 75.6 75.3 75.3 75.3 75.2 75.2 75.1 75 75.2 75.1 75 74.9 74.9 74.8 74.9 74.9 74.8 74.7 74.7 74.8 74.7 74.6 74.5 74.5 74.5 74.5 74.5 74.5 74.5 74.5 74.6 74.7 74.8 74.9 75 75 75.1 75.4 75.8 76.2 76.6 77.3 77.5 78 78.8
81.2 81.2 81.1 80.9 80.8 80.7 80.5 79.8 79 78.3 77.6 77 76.6 76.1 76 75.9 75.8 75.7 75.7 75.8 75.9 76 76.2 76.5 75.4 76.6 76.6 76.5 76.4 76.3 76.2 76.1 76.1 76.1 76.1 76.2 76.3 76.2 76.2 76.1 76.2 75.9 75.6 75.4 75.3 75.3 75.2 75.2 75.4 75.4 75.3 75.1 75 75 74.9 74.9 74.9 74.9 74.8 74.7 74.7 74.7 74.7 74.6 74.6 74.6 74.6 74.6 74.6 74.6 74.6 74.7 74.8 74.9 75 75 75.1 75.3 75.4 75.8 76.2 76.6 77.2 77.2 77.8 78.5
81.2 81.2 81.1 81 80.9 80.9 80.5 79.7 79 78.3 77.5 76.8 76.2 76.1 76 75.9 75.8 75.8 75.8 75.9 76 76.1 76.3 76.5 76.7 76.6 76.6 76.5 76.4 76.4 76.3 76.2 76.2 76.2 76.2 76.3 75.9 76.9 76.7 76.4 76.2 76.2 75.9 75.6 75.5 75.4 75.3 75.4 75.4 75.5 75.4 75.3 75.2 75 75 74.9 74.9 74.9 74.8 74.8 74.8 74.8 74.8 74.8 74.7 74.7 74.7 74.7 74.7 74.7 74.7 74.8 74.9 75 75 75.1 75.2 75.4 75.5 75.8 76.2 76.6 77.2 77.2 77.5 78.1
81.3 81.1 81.1 81 80.9 80.8 80.5 79.8 79 78.1 77.4 76.7 76.2 76.1 76.1 76 75.9 75.9 76 76.1 76.1 76.3 76.4 76.7 76.7 76.7 76.6 76.6 76.5 76.4 76.3 76.2 76.2 76.2 76.3 76.3 76.3 77.4 77.2 76.9 76.5 76.5 76.2 75.9 75.7 75.7 75.6 75.6 75.7 75.7 75.5 75.4 75.3 75.2 75.1 75 75 74.9 74.9 74.8 74.8 74.8 74.8 74.9 74.9 74.8 74.8 74.8 74.8 74.8 74.8 74.9 75 75 75.1 75.2 75.3 75.5 75.6 75.8 76.2 76.5 77.2 77.1 77.4 78
81.8 81.6 81.4 81 80.9 80.7 80.5 79.7 78.8 78 77.2 76.6 76.2 76.1 76.1 76 76 76 76.1 76.2 76.3 76.4 76.5 76 76.7 76.7 76.7 76.6 76.6 76.5 76.4 76.5 76.6 76.5 76.1 76.1 76.6 77.5 77.6 77.2 77 76.8 76.5 76.2 76 75.9 75.9 75.9 75.9 75.5 75.5 75.4 75.3 75.2 75.2 75.1 75 75 74.9 74.9 74.9 74.9 74.9 74.9 74.9 74.9 74.9 74.9 74.9 74.9 74.9 74.9 75 75.1 75.2 75.3 75.5 75.6 75.7 75.8 76.2 76.5 76.7 77.2 77.1 77.5
82.2 82.1 81.7 81.2 80.8 80.6 80.4 79.5 78.7 77.8 77.1 76.5 76.2 76.1 76.1 76.1 76.1 76.2 76.3 76.4 76.5 76.6 76.7 76.7 76.7 76.7 76.7 76.7 76.6 76.6 76.7 76.9 77 77 77 76.7 76.9 77.6 77.7 77.8 77.6 77.4 77.1 76.9 76.7 76.6 76.5 76.2 76.2 75.3 75.5 75.4 75.3 75.3 75.2 75.2 75.1 75 75 75 74.9 74.9 74.9 74.9 74.9 75 75 75 75 75 75 75 75.1 75.2 75.3 75.4 75.6 75.7 75.8 75.9 76.2 76.5 76.8 76.8 77.3 77.3
82.7 82.4 81.9 81.4 81 80.6 80.1 79.3 78.5 77.7 77 76.3 76.2 76.1 76.2 76.2 76.2 76.3 76.4 76.5 76.6 76.8 76.9 76.7 76.8 76.8 76.8 76.8 76.8 76.9 77.1 77.3 77.4 77.4 77.4 77.6 77.6 78 78.1 78.3 78.4 78.2 77.9 77.7 77.5 77.3 77 76.4 76.1 75.1 75.5 75.5 75.4 75.3 75.3 75.3 75.2 75.1 75.1 75 75 75 74.9 75 75 75 75 75 75.1 75.1 75.1 75.1 75.2 75.3 75.4 75.5 75.7 75.8 75.9 76 76.2 76.5 76.8 77.1 77.1 77.4
82.8 82.5 82.1 81.6 81.2 80.7 79.9 79.1 78.3 77.5 76.9 76.2 76.2 76.2 76.3 76.3 76.3 76.3 76.5 76.6 76.7 76.8 76.9 76.9 76.9 76.9 76.9 76.9 77.3 77.5 77.6 77.7 78 78.3 78.5 78.8 78.4 78.7 78.9 78.9 78.9 78.8 78.7 78.5 78.3 77.9 77.2 76.6 76 75.3 75.6 75.5 75.5 75.4 75.4 75.4 75.3 75.2 75.2 75.1 75.1 75 75 75 75 75 75.1 75.1 75.1 75.1 75.1 75.2 75.2 75.4 75.5 75.6 75.7 75.8 76 76.2 76.3 76.5 76.8 77.1 77.2 77.5
82.6 82.7 82.3 81.8 81.4 80.8 80.1 79.3 78.6 77.9 77 76.2 76.3 76.3 76.4 76.4 76.3 76.4 76.5 76.6 76.8 76.9 77.1 77 77 77 77 77.3 77.8 78.1 78.6 79 79.7 79.9 80.2 80.2 80.4 80.5 80.4 80.1 80.1 80 79.7 79.3 78.9 78.2 77.6 77 76.6 75.8 75.7 75.6 75.6 75.5 75.5 75.5 75.4 75.3 75.3 75.2 75.1 75.1 75 75 75.1 75.1 75.1 75.1 75.1 75.2 75.3 75.3 75.3 75.4 75.5 75.7 75.8 75.9 76.1 76.3 76.4 76.6 76.8 77.1 77.2 77.7
82.4 82.7 82.4 82 81.6 81 80.3 79.6 78.9 78.2 77.4 76.7 76.4 76.4 76.5 76.5 76.4 76.4 76.5 76.6 76.8 76.9 77.2 77.2 77.1 77.1 77.2 77.8 78.3 78.9 79.8 80.3 81.1 81.6 81.8 81.4 82 82 81.8 81.7 81.6 81.1 80.7 80 79.2 78.6 78 77.4 76.9 76.1 76 75.7 75.7 75.6 75.6 75.6 75.5 75.4 75.3 75.3 75.2 75.2 75.1 75.1 75.1 75.1 75.1 75.2 75.3 75.4 75.4 75.3 75.3 75.5 75.6 75.7 75.9 76.1 76.3 76.4 76.6 76.7 76.9 77.1 77.2 78
82.2 82.5 82.5 82.2 81.7 81.2 80.6 79.9 79.2 78.5 77.8 77.2 76.7 76.5 76.6 76.4 76.4 76.5 76.5 76.7 76.8 76.9 77.2 77.3 77.3 77.2 77.7 78.3 79 80 81 81.6 82.4 83.2 83.5 83 84.2 84.4 83.7 83.6 82.9 82.4 81.6 80.6 79.5 78.8 78.2 77.6 77.2 76.4 76.2 76 75.8 75.7 75.7 75.7 75.6 75.5 75.4 75.4 75.3 75.3 75.2 75.1 75.1 75.1 75.2 75.3 75.4 75.6 75.5 75.4 75.4 75.5 75.7 75.8 76.1 76.3 76.4 76.6 76.7 76.8 77 77.1 77.2 77.2
