public/OST50/SU19.asc
ncols 200
nrows 200
xllcorner 410000
yllcorner 190000
cellsize 50
[rows 76 to 113 of 200, columns 0 to 85 of 200]
81.7 82.1 82.5 82.4 82.5 82.6 82.6 82.6 82.7 82.7 82.6 82.5 82.2 82 81.8 81.6 81.5 81.4 81.2 81 80.8 80.7 80.6 80.4 80.2 80 79.8 79.6 79.1 78.4 78.2 78.1 77.8 77.6 77.5 77.4 77.3 77.2 77.2 77.2 77.9 77.8 77.6 77.3 77.2 77.1 77 77.2 77.3 77.1 76.8 76.7 76.6 76.4 76.2 76.3 76 76.5 76.3 75.1 76.2 75.1 75.1 75.1 75.1 75.1 75.1 75.1 75.1 75.1 76.1 75.1 75.1 75.1 75.1 76.2 76.2 76.1 76.1 76.2 76.3 76.3 76.3 76.3 76.3 76.2
81.2 81.6 82 82.2 82.4 82.5 82.5 82.5 82.6 82.7 82.6 82.4 82.2 81.9 81.7 81.7 81.6 81.4 81.3 81.1 80.9 80.7 80.4 80.2 80 79.7 79.5 79.3 78.7 78 78.1 78.1 77.5 77.4 77.3 77.2 77.2 77.1 77.1 77.1 77.1 77.7 77.4 77.2 76.9 77.1 77.2 77.3 77.4 76.9 77.1 76.6 76.5 76.3 76.4 76.4 76.2 76.6 75.1 75.1 76.2 76 76.1 75.7 75.8 75.1 75.1 75.1 75.1 75.1 76.1 75.1 75.1 75.1 76.2 76.5 76.2 76.2 76.1 76.2 76.3 76.3 76.3 76.3 76.3 76.2
81.2 81.4 81.7 82 82.1 82.4 82.4 82.4 82.5 82.6 82.6 82.4 82.1 81.9 81.7 81.6 81.6 81.5 81.3 81.1 80.7 80.4 80.1 79.9 79.7 79.5 79.3 79 78.4 78 77.9 78 77.1 77.3 77.2 77.2 77.1 77.1 77.1 77 77 76.7 76.9 77.2 77.2 77.3 77.4 77.4 77.4 77.4 76.4 76.7 76.3 76.5 76.6 76.5 76.4 76.2 76.3 76.2 75.1 75.1 75.5 75.1 75.1 75.1 75.1 75.1 75.9 76 76 76.3 76.2 76.1 76.1 76.1 76.2 76.2 76.2 76.2 76.3 76.3 76.3 76.3 76.3 76.3
81.3 81.3 81.6 81.8 81.9 82.1 82.3 82.4 82.5 82.5 82.5 82.3 82 81.8 81.7 81.6 81.5 81.4 81.3 81 80.5 80.1 79.9 79.6 79.4 79.2 79 78.8 78.3 78 77.9 77.8 77.4 77.2 77.2 77.1 77.1 77 77.2 77.4 77.5 77.2 77.4 77.2 77.5 77.4 77.5 77.4 77.4 77.4 77.3 77.4 77 76.5 76.8 76.7 75.9 76.2 76 76.1 75.8 75.9 75.7 75.1 75.1 75.1 75.1 75.2 75.2 75.2 76.1 76.5 76.2 76.2 76.2 76.1 75.1 76.2 76.2 76.2 76.2 76.3 76.3 76.3 76.1 76.2
81.3 81.4 81.5 81.5 81.7 81.9 82.1 82.3 82.4 82.5 82.5 82.2 81.9 81.8 81.7 81.6 81.5 81.4 81.2 80.8 80.4 80 79.6 79.3 79.1 78.9 78.7 78.5 78.3 78 77.8 77.8 77.4 77.3 77.2 77.1 77 77.1 77 77.1 77.2 77.3 77.3 77.4 77.4 77.6 77.5 77.5 77.4 77.4 76.2 76.9 76.5 76.3 76.2 76.3 76.3 76.2 76.2 76.1 75.9 75.9 75.1 75.1 75.1 75.1 75.1 76.1 76.2 76.1 76.2 75.6 76.4 76.3 76.3 76.2 75.5 76.2 76.2 76.2 75.7 76.1 76.2 76.2 76.2 76
81.5 81.6 81.6 80.5 81.4 81.6 81.9 82.3 82.3 82.3 82.3 82.1 81.9 81.8 81.7 81.6 81.5 81.2 81 80.7 80.3 79.8 79.4 79.1 78.8 78.6 78.5 78.3 77.9 77.8 77.8 77.7 77.5 77.4 77.2 77.1 77.7 77.4 77 77.1 77.2 77.2 77.3 77.4 77.4 77.4 77.5 77.5 77.4 77.2 76.8 76.6 76.3 76.2 76.1 76.1 76.6 76.4 76.2 76 75.9 75.9 75.3 75.4 75.7 75.9 76.2 76.2 76.1 76.1 76.2 76.5 76.5 76.5 76.4 76.3 76.2 76.2 76.2 76.2 75.9 76.1 76.2 76.2 76 75.8
81.3 81.4 81.5 81.6 81.2 81.4 81.9 82 82 82.1 82 81.9 81.9 81.8 81.7 81.6 81.3 81.1 80.8 80.5 80.1 79.7 79.3 78.9 78.6 78.4 78.2 78 77.8 77.8 77.9 77.9 77.8 77.7 77.6 77.6 77.8 77.6 77 77.1 77.1 77.3 77.3 77.4 77.4 77.4 77.4 77.3 77 76.7 76.6 76.4 76.2 76.1 76 76.4 76.3 76.3 76.3 76.2 76.1 76 76 75.9 75.9 75.2 76 76.1 76.1 76.2 76.2 76.4 76.5 76.4 76.3 76.3 76.2 76.2 76.2 76.2 75.1 76.1 76.1 76.1 75.8 75.6
81.1 81.2 81.3 81.5 80 81.5 81.6 81.7 81.8 81.8 81.7 81.8 81.8 81.9 81.7 81.4 81.1 80.9 80.6 80.3 80 79.6 79.1 78.7 78.4 78.1 78 77.8 77.8 77.9 78 78.1 78.2 78.1 78 77.9 77.7 77.5 77.2 77 77.1 77.3 77.4 77.4 77.4 76.2 77 76.8 76.6 76.5 76.3 76.2 76.1 76.5 76.6 76.5 76.4 76.4 76.3 76.3 76.3 76.2 76.1 75.2 75.8 76.1 76.1 76.1 76.1 76.2 76.2 76.2 76.5 76.4 76.3 76.2 76.2 76.2 76.1 76.1 76.1 76.1 75.1 76 75.8 75.6
80.9 81 81.2 81.4 81.4 81.4 81.4 81.4 81.5 81.5 81.6 81.6 81.7 81.5 81.5 81.2 80.9 80.7 80.4 80.1 79.8 79.4 79 78.7 78.4 78.1 77 77.8 77.8 77.9 78 78.2 78.3 78.2 78 77.9 77.7 77.4 77.2 77 77.2 77.3 77.4 77.3 77.2 76.9 76.7 76.6 76.4 76.2 76.1 76.6 76.8 76.8 76.7 76.6 76.5 76.5 76.4 76.3 76.3 76.3 75.2 76.1 75.9 76.1 76.1 76.1 76.2 76.2 76.2 76.2 76.4 76.4 76.3 76.2 76.2 76.1 76.1 76.1 76.1 76 75.9 75.8 75.7 75.6
80.7 81 81.1 81.3 81.5 81.4 81.4 81.4 81.4 81.4 81.4 81.3 81.2 81.1 81.2 81 80.7 80.5 80.2 80 79.7 79.3 79 78.6 78.6 78.3 78.5 77 78 78.1 78.2 78.3 78.4 78.1 78 77.8 77.6 77.4 77.2 77.2 77.3 76.3 77.2 77.1 77.1 76.7 76.6 76.4 76.2 76.1 76.6 76.8 76.8 76.8 76.8 76.8 76.6 76.5 76.5 76.4 76.3 76.2 76 76.1 76 76.1 76.2 76.2 76.2 76.2 76.2 76.2 76.3 76.3 76.3 76.2 76.2 76.1 76.1 76.1 76.1 76 75.5 75.7 75.3 75.1
80.6 80.8 81 81.1 81.3 81.4 81.4 81.4 81.5 81.3 81 80.9 80.7 80.8 80.8 80.8 80.6 80.3 80.1 79.8 79.6 79.4 78.9 78.5 78.8 78.6 78.4 78.3 78.1 78.2 78.3 78.4 78.4 78.1 77.9 77.7 77.6 77.5 77.4 76.4 77.2 77.2 77.1 77.1 76.9 76.6 76.4 76.3 76.1 76.7 76.8 76.8 76.9 77 77.1 77.1 76.7 76.3 76 75.7 75.6 75.5 76 76.1 76.1 76.1 76.2 76.2 76.3 76.3 76.2 76.2 76.2 76.3 76.2 76.2 76.1 76.1 76.1 76.1 76 75.9 75.5 75.9 75.6 75.6
80.5 80.6 80.8 81 81.2 81.4 81.4 81.5 81.6 81.1 80.6 80.4 80.3 80.4 80.3 80.3 80.2 80.1 80 79.7 79.5 79.3 79 78.5 78.5 78.4 77.8 78.4 78.1 78.2 78.4 78.6 78.3 78 77.8 77.7 77.6 77.5 77.4 77.3 77.2 77.2 77 77 76.7 76.5 76.3 76.2 76.9 76.9 77 77.3 77.5 77.5 77.6 77.4 77 76.5 76.2 75.8 75.5 75.9 76 76.1 76.1 76.2 76.2 76.3 76.3 76.3 76.2 76.2 76.2 76.3 76.2 76.2 76.1 76.1 76.1 76 76 75.9 76.3 76.2 76 76.5
80.6 80.8 80.7 80.7 81 81.1 79.8 81.5 81.3 80.8 80.4 79.9 79.8 79.8 79.8 79.8 79.7 79.6 79.5 79.4 79.3 79.2 79 78.9 78.9 78.9 78.8 78.5 78 78.2 78.3 78.4 78.5 78.1 77.8 77.7 77.4 77.4 77.3 77.2 77.2 77.2 77.2 76.8 76.6 76.3 76.2 76 76.9 77.1 77.8 78.4 78.6 78.4 78 77.7 77.3 76.7 76.3 75.7 75 75.9 76.5 76.1 76.2 76.2 76.3 76.3 76.3 76.3 76.3 76.2 76.2 76.2 76.2 76.1 76.1 76.1 76 76 75.9 76.6 76.9 77.2 77.9 78.6
80.9 81 80.8 80.7 80.5 80.8 81 81.3 81.1 80.7 80.3 79.8 79.4 79.2 79.2 79.2 79.2 79.1 79 78.9 78.8 78.4 78.4 78.8 78.9 78.6 78.5 78.3 78 78 78.2 78.3 78.4 78.2 76 77.2 77.4 77.3 77.3 77.2 77.2 77.1 77.1 77.1 77 76.9 76.6 77 77.3 78.1 78.9 79.4 79.4 78.8 78.3 78 77.4 76.7 75.8 75.2 75.3 75.8 76.2 76.1 76.2 76.3 76.3 76.3 76.3 76.3 76.3 76.2 76.2 76.2 76.2 76.1 76.1 76.1 76 75.9 76.8 77.2 77.6 77.9 78.6 79.2
81.3 81.2 80.9 80.8 80.7 80.7 80.7 80.7 81 80.5 80 79.4 79.3 79.1 79 79 78.9 78.8 78.6 78.5 78.4 78.9 78.9 78.8 78.3 78.2 78.3 78.1 77.9 77.7 78.1 78.1 78.1 77.9 77.6 77.5 77.5 77.5 77.3 77.2 77.1 77.1 77.1 77 76.8 76.8 76.8 77.4 78.3 79.2 79.9 79.9 79.7 79.1 78.7 78.2 77.3 76.4 75.5 75.2 75.4 75.7 76.5 76.2 76.2 76.3 76.3 76.4 76.3 76.3 76.3 76.3 76.3 76.3 76.4 76.4 76.4 76.4 76.1 76.9 77.6 77.9 78.3 78.6 79 79.4
81.6 81.3 81 80.8 80.8 80.7 80.6 80.6 80.4 79.9 79.6 79.4 79.3 79.1 79 78.8 78.8 78.7 78.5 78.4 77.5 78.9 78.8 78.4 78.2 78.1 78.1 77.9 77.9 77.8 77.9 78.1 77.8 77.4 77.7 77.7 77.6 77.5 77.3 77.2 77.1 77 77 76.9 76.7 76.6 77 77.9 79.3 80.2 80.2 80.1 79.9 79.5 78.8 78.3 77.3 76.3 75.4 75.3 75.5 75.8 76.5 76.4 76.4 76.4 76.4 76.6 76.5 76.5 76.6 76.6 76.6 76.7 76.8 76.8 76.8 76.9 77.3 77.7 78.3 78.7 79 79.2 79.5 79.8
81.6 81.4 81.1 80.9 80.8 80.7 80.5 80.4 79.9 79.7 79.6 79.4 79.3 79.2 79 78.8 78.7 78.6 78.6 78.6 78.9 78.7 78.5 78.2 78 78 77.9 78.3 78.2 78.2 77.9 77.6 77.4 77.5 77.8 77.7 77.7 77.5 77.4 77.1 77.1 77.1 77.1 76.8 76.6 77.7 77.4 78.7 80.1 80.3 80.3 80.2 80.1 79.8 79.1 78.4 77.4 76.4 75.4 75.5 75.6 75.8 76.5 76.6 76.6 76.6 77.2 77.4 77.2 77 76.9 77 77 77.1 77.4 77.6 77.7 77.6 78.1 78.6 79.1 79.3 79.5 79.7 80 80
81.6 81.3 81.1 80.9 80.8 80.6 80.4 80.2 79.6 79.7 79.6 79.5 79.3 79.2 79 78.9 78.8 78.8 78.7 78.8 78.4 78.2 78.1 77.9 77.9 77.1 77.1 77.1 78.2 77.9 77.6 77.4 77.6 77.7 77.9 77.8 77.7 77.8 77.5 77.3 77.2 77.2 76.9 77.2 77.8 77.8 78.2 79.5 80.3 80.4 80.4 80.3 80.2 79.9 79.1 78.2 77.3 76.3 75.3 75.5 75.7 75.8 76.3 76.7 77 77.5 78 78.1 78 77.7 77.4 77.3 77.4 77.8 77.9 78.6 78.7 78.7 78.9 79.4 79.6 79.7 80 80.2 80.2 80.1
81.5 81.3 81.1 80.9 80.7 80.4 80.2 80 80.4 79.7 79.6 79.5 79.3 79.2 79.1 79 79 78.9 78.3 77.9 78.3 78.4 77.2 77.9 77.1 77.1 77.1 77.1 78.2 77.6 77.5 77.5 77.7 77.9 77.9 77.7 77.5 77.3 77.3 77.6 77.4 77.3 77.2 77.1 78.4 78.3 79 80.7 80.7 80.5 80.4 80.4 80.4 79.8 78.9 77.9 77 76.2 75.3 75.5 75.7 75.7 76.2 77.1 77.9 78.4 78.7 78.8 78.7 78.4 78.2 77.8 77.7 77.7 78 78.7 79.1 79.5 79.7 79.9 80 80.2 80.4 80.3 80.3 80.3
81.4 81.1 80.8 80.6 80.3 80 79.9 79.8 79.5 79.9 79.7 79.5 79.3 79.3 78.9 78.8 78.8 80.9 78.3 78.1 78.5 81 77.1 77.1 77.1 77.1 77.1 77.1 77.1 77.5 77.4 77.6 77.8 77.9 77.6 77.5 77.3 77.2 77.5 77.7 77.7 76.9 76.9 78.5 78.6 78.8 80.7 81.3 81.3 80.9 80.7 80.5 80.4 79.5 78.6 77.7 76.7 75.9 75.1 75.7 75.9 75.6 76.7 77.9 78.9 79.3 79.5 79.6 79.4 79.1 78.7 78.1 77.7 77.7 78.1 78.6 79 79.4 79.8 80.3 80.4 80.4 80.3 80.3 80.3 80.3
81.1 80.8 80.5 80.2 79.9 79.7 79.5 79.3 78.8 80.5 79.7 79.3 79.2 79.3 78.8 78.7 78.6 79 78.7 78.6 78.9 79.5 77.1 77.1 77.1 77.1 77.1 77.1 77.1 77.8 77.5 77.8 77.8 77.7 77.7 77.5 77.3 77.4 77.6 77.8 77.8 77.9 78.3 78.7 79 81.1 82.3 82 81.8 81.4 81.2 80.7 79.8 79.1 78.2 77.3 76.7 76.4 75.9 76 76 76.5 77.3 78.8 79.8 79.7 79.7 79.7 79.7 79.6 79.2 78.5 77.8 77.9 78.1 78.4 78.8 79.2 79.7 80.2 80.4 80.4 80.3 80.3 80.3 80.3
80.8 80.5 80.2 79.9 79.6 79.4 79.1 78.9 78.7 80 79.6 75.6 75.6 75.2 78.7 78.7 78.8 78.8 79.1 79.9 79 77.1 77.1 77.1 77.1 77.1 77.1 77.1 77.1 77.1 78 77.7 77.7 77.7 77.7 77.5 77.5 77.6 77.8 77.9 77.9 78.1 78.5 78.9 81.2 83.1 83.3 83 82.4 81.8 81 80.2 79.1 78.5 77.8 76.9 76.7 76.7 76.5 76 76.3 76.5 77.6 79.4 79.7 79.7 79.8 79.8 79.8 79.8 79.6 79.3 78.7 78.5 78.3 78.2 78.6 79 79.4 79.8 80.2 80.4 80.3 80.3 80.3 80.3
80.5 80.1 79.9 79.6 79.3 79.1 78.8 78.6 79.5 76.9 81.3 79.6 75.5 75.4 75 78.8 78.8 78.7 78.8 78.8 78.6 77.1 77.1 77.1 77.1 77.1 77.1 77.5 78.2 77.8 77.7 78.2 77.9 77.8 77.7 77.7 77.8 77.9 78 78.1 78.2 78.3 78.6 79.5 82.2 83.5 83.3 82.5 81.9 81.4 80.9 79.9 78.6 77.9 77.2 76.8 76.8 76.8 76.6 76.1 76.3 76.5 76.1 79.4 79.7 79.7 79.8 79.9 79.9 79.9 79.7 79.4 79.2 79 78.7 78.4 78.7 79.2 79.5 79.7 79.9 80.3 80.3 80.4 80.4 80.5
80.2 79.8 79.6 79.3 79.1 78.8 78.5 79.2 76.9 76.9 78.1 80.8 79.8 75.5 75.7 78.5 78.6 78.3 79 78.9 78.4 77.3 77.1 77.1 77.1 78.3 77.6 78 78.2 78.2 77.8 78.2 78.2 78.1 77.8 77.9 77.9 77.9 77.9 77.9 77.9 78.4 78.4 80.3 82.8 83.4 82.7 81.9 81.4 80.8 80.2 79.4 78.2 77.5 76.9 76.8 76.8 76.8 76.2 76.2 76.3 76.4 76.6 79.3 79.7 79.8 79.9 79.9 80 80 79.8 79.6 79.4 79.4 79.2 79 79 79.3 79.7 80 80.2 80.4 80.4 80.5 80.5 80.6
80 79.8 79.5 79.1 78.7 78.4 78.1 79.5 76.9 78.5 76.9 78.6 80.7 79.6 75.6 77.2 78.7 78.6 79.3 79 78.4 78.8 78.3 78.2 77.9 77.5 77.6 77.8 78.2 78.2 78 78.2 78.3 78.5 78.2 78 77.9 77.9 77.9 77.9 77.6 78.2 78.8 80.4 81.9 82.4 82.2 81.3 80.8 80.2 79.6 78.8 77.9 77.2 76.9 76.8 76.8 76.8 76.6 76.7 76.4 76.5 77.4 79.1 79.7 79.8 79.9 80 80 80.1 80 79.8 79.8 79.7 79.6 79.5 79.4 79.5 79.9 80.3 80.5 80.6 80.6 80.6 80.6 80.7
79.8 79.7 79.4 78.9 78.4 77.9 80.6 76.1 76.1 76.9 76.9 77.4 78.6 80.4 79.6 75.6 78.8 76.8 76.6 76.9 76.7 79.1 78.4 77.6 77.1 77.4 77.6 78.1 78.1 78.1 78.1 78.1 78.1 78.1 78 77.9 77.9 77.9 77.9 77.8 77.4 78.6 79.1 80.2 81.1 81.4 81.4 80.8 80.2 79.6 79 78.4 77.7 76.9 76.9 76.9 76.8 76.8 76.5 76.3 76.4 76.4 78.1 79.5 79.6 79.8 79.9 80 80.1 80.2 80.3 80.1 80.2 80.1 80 80 80 80.1 80.3 80.5 80.8 80.8 80.8 80.8 80.8 80.8
79.7 79.6 79.4 78.8 78.1 79.3 76.1 76.1 76.1 79.3 78.6 78.6 78.6 78.6 80.1 79.4 75.9 79 79.1 78.7 78.3 76.7 78.2 77.6 77.5 77.7 78 80.5 78.5 78.3 78.1 78.1 78 78 77.9 77.9 77.9 77.9 77.8 77.8 78 78.8 79.3 80 80.3 80.5 80.5 80.3 79.8 79.2 78.7 78.1 77.5 76.8 76.8 76.8 76.8 76.7 76.5 76.3 76.2 75.3 78.8 79.5 79.6 79.7 79.8 80 80.1 80.2 80.4 80.5 80.6 80.5 80.5 80.5 80.6 80.7 80.8 81 81 81 81 81 81 81
79.7 79.5 79.3 78.6 78.2 79.5 77.7 78.6 78.6 78.6 78.6 78.6 78.6 78.6 78.6 79.8 78.8 79.2 76.7 77.8 78.2 76.9 78.2 78 77.9 77.9 78.2 80.6 78.9 78.2 78.1 78.1 78 77.9 77.9 77.8 77.7 77.7 77.7 77.7 78.5 78.9 79.2 79.5 79.7 79.8 79.9 80 79.5 78.9 78.4 77.9 77.4 76.7 76.7 76.8 76.4 76.8 76.6 76.3 76.1 77.6 79.2 79.4 79.6 79.7 79.8 80 80.1 80.2 80.4 80.6 80.8 80.8 80.6 80.7 80.9 81.1 81.1 81.2 81.2 81.2 81.1 81.1 81.2 81.2
79.5 79.3 79.4 79.7 78.7 78.7 78.8 78.6 78.6 78.6 78.6 78.6 79.3 78.7 78.9 79.3 79.7 78.5 78.1 78 77.2 76.7 76.7 78.2 78.1 78.1 78 78 78.1 78.1 78.1 78 77.9 77.9 77.8 77.8 77.6 77.5 77.5 78 78.5 78.6 78.8 79.1 79.4 79.5 79.4 79.5 79.2 78.6 78.1 77.6 77.1 76.6 76.5 76.6 76.8 76.8 76.8 76.7 76.3 77.8 79.3 79.4 79.5 79.7 79.8 79.9 80 80.2 80.5 80.7 80.8 81 80.8 80.9 81.1 81.3 81.3 81.4 81.4 81.3 81.2 81.1 81.1 81.3
79.4 79.8 80.9 78.6 78.6 78.6 78.6 79.4 78.8 78.6 78.5 80.7 80.6 79.3 79.5 79.6 79.5 79.8 78.2 76.7 76.7 76.7 76.7 78.2 78.2 78.1 78 78 78 78.1 78 77.9 77.9 77.8 77.8 77.7 77.6 77.5 77.8 78.6 78.8 78.8 78.9 79 79 79.4 79.3 79 78.9 78.3 77.8 77.3 76.8 76.4 76.5 76.7 76.8 76.7 76.5 76.7 75.3 79.2 79.5 79.6 79.6 79.7 79.8 79.8 79.7 80.2 80.5 80.7 80.9 81.1 81.1 81.2 81.3 81.5 81.6 81.6 81.5 81.4 81.4 81.3 81.2 81.2
80.5 83.4 82.2 78.4 78.5 78.6 78.4 78.3 79.3 79.8 79.2 80.5 80.1 79.8 79.7 79.7 79.6 79.3 79.4 78.2 76.7 76.7 76.7 76.7 78.2 78.1 78 77.9 77.9 77.9 77.9 77.9 77.8 77.7 77.7 77.7 77.6 77.6 78.5 78.8 79 79.1 79.2 79.2 79.3 79.3 79.2 78.7 78.6 78.1 77.6 77.1 76.6 76.3 76.6 76.8 76.8 76.8 76.8 76.5 77.8 79.6 79.7 79.7 79.7 79.6 79.1 78.9 79.2 79.8 80.5 80.8 81 81.2 81.3 81.4 81.6 81.8 81.8 81.5 81.6 81.6 81.5 81.4 81.3 81.4
80.3 81.9 84 78.4 78.5 78.3 78.2 78.2 78.2 78.4 78.8 78.8 78.8 80.1 79.8 79.7 79.5 79 77.9 79.9 79.1 76.7 76.7 76.7 78.2 78.1 78 77.9 77.9 77.9 77.8 77.8 77.7 77.7 77.7 77.7 77.8 78.5 78.7 78.9 79.2 79.3 79.4 79.5 79.5 79.4 79.1 78.6 78.2 77.8 77.3 76.9 76.5 76.4 76.7 76.7 76.6 76.5 76.6 75.3 76.5 79.2 79.7 79.7 79.3 78.8 78.4 78 78.4 79.1 79.7 80 80.2 80.5 80.9 81.3 81.6 81.9 81.6 81.5 81.6 81.7 81.6 81.6 81.7 81.8
79.9 80.1 81 78.9 78.5 78.5 78.6 78.5 78.6 78.7 78.8 78.8 78.8 78.8 77.8 79.1 78.8 80.5 77.9 77.9 78.5 76.7 76.7 76.7 76.7 78 77.9 77.9 77.8 77.9 77.8 77.7 77.7 77.9 78.4 78.4 78.5 78.3 79 79.2 79.3 79.5 79.7 79.7 79.6 79.4 79.1 78.6 78.1 77.6 77.2 76.8 76.4 76.6 76.4 76.7 76.5 76.4 75.7 77 76.8 75.8 79.5 79.1 78.6 78.1 77.8 77.5 77.8 78.4 79 79.3 79.7 80 80.4 80.8 81.2 81.6 81.5 81.7 81.7 81.7 81.8 81.9 82.1 82.2
79.1 80 79.6 79 78.9 78.9 78.9 78.8 78.8 78.9 78.9 78.8 78.8 77 77 77 77.9 77.9 77.9 77.9 78.6 78.9 76.7 76.7 76.7 78.2 77.8 77.7 77.7 77.9 77.9 78.2 78.5 78.5 78.5 78.5 78.8 78.9 79.2 79.4 79.6 79.7 79.9 79.8 79.5 79.3 79.1 78.4 77.7 77.2 77 76.7 76.4 76.7 76.8 76.6 76.5 76.3 77.1 77.6 77.3 77 77.9 77.9 77.9 77.5 77.2 77.3 77.4 77.9 78.4 78.8 79.2 79.5 79.8 80.3 80.7 81.1 81.5 81.6 81.6 81.6 81.7 81.9 82.3 82.6
79.1 87 79.6 79.3 78.9 78.8 78.7 78.5 79 79 79 78.9 78.3 77.2 78.6 77 78.2 81.4 81.4 80.6 79 78.4 78.1 78.2 78.1 78.2 78.1 78.1 78.2 78 78.5 78.6 78.5 78.5 78.4 78.5 79.1 79.5 79.6 79.8 80.1 80.3 80.2 79.7 79.4 79.2 78.8 78 77.3 77 76.7 76.5 76.5 76.8 76.8 76.6 76.4 76.3 78.6 78.6 78.1 77.4 77.6 77.6 77.5 77.3 77.4 77.3 77.3 77.4 77.9 78.3 78.6 79 79.3 79.8 80.2 80.6 81.1 81.3 81.3 81.4 81.6 81.7 81.9 82.4
79.1 86.1 79.7 79 79.2 78.5 78.4 78.2 78.3 78.2 78.2 78.2 78.1 78.1 78 77.8 77.9 78.3 78.4 78.6 78.5 78.4 78.2 78.2 78.4 78.2 78.4 78.4 78.5 78.6 78.7 78.7 78.7 78.5 79 79.6 80.1 80.4 80.5 80.7 80.9 81 80.4 79.9 79.3 79.1 78.5 77.7 77.1 76.8 76.7 76.6 76.7 76.8 76.8 76.8 76.7 75.7 79.3 79.8 79.1 78.4 77.9 77.6 77.6 77.7 77.8 77.7 77.7 77.4 77.3 77.7 78.1 78.5 78.8 79.2 79.6 80.1 80.6 81 81.2 81.3 81.4 81.5 81.8 82.2
79.4 79.3 82.8 79.7 78.9 79.3 78.1 78.2 78.3 78.2 78.1 78.1 78 78 77.9 77.8 77.7 77.8 78.1 78.4 78.3 78.2 78.4 78.2 78.3 78.4 78.1 78.1 78.6 78.6 78.8 78.8 79.2 80.1 80.4 80.9 81.4 81.4 81.4 81.6 81.6 81.4 80.8 80.2 79.6 79 78.1 77.4 77 76.8 76.8 76.8 76.8 76.9 76.9 76.9 76.9 76.1 80.1 80.4 80.2 79.5 78.8 78.2 78 78 78.1 78.1 78 77.6 77.4 77.6 77.7 77.9 78.3 78.7 79.1 79.5 80.1 80.6 80.9 81.1 81.3 81.4 81.7 82
79.1 79.1 79.1 80 79.3 79.1 79.9 78.3 78.2 78.1 78 78 77.9 77.9 77.8 77.7 77.7 77.2 78 78.2 78.1 78.1 77.9 78.4 78.2 78.2 78.3 78.4 78.5 78.6 79.1 79.7 81.2 81.7 82 82.5 82.8 82.4 82.2 82.2 82.1 81.8 81.3 80.7 79.8 78.8 77.8 77.2 76.9 76.7 76.8 76.8 76.8 76.7 76.8 76.9 76.9 77.5 80.4 80.7 80.6 80 79.3 78.8 78.4 78.5 78.5 78.5 78.2 77.8 77.5 77.6 77.7 77.9 78.1 78.5 78.9 79.1 79.6 80.1 80.5 80.8 80.9 81.1 81.4 81.8
