public/OST50/SU22.asc
ncols 200
nrows 200
xllcorner 420000
yllcorner 120000
cellsize 50
[rows 72 to 107 of 200, columns 81 to 161 of 200]
65.1 66.7 71.4 74.9 76.6 77.4 77.9 78.1 78.9 79.6 79 78.3 77.2 75 72.6 69.3 66 64.2 65.6 68.9 70.1 71.7 73.6 75.1 75.4 75.2 73.4 73.2 71.7 70.5 68.4 65.5 62.3 58.9 56.6 57.5 61.3 60.8 59.3 57.2 56.2 55.8 54.4 52.9 53.1 55.4 58.2 59.4 58.2 56.9 56.1 56.2 56.5 57.2 58 58.4 59 59.8 59.1 60.1 61.8 64.6 73 82.3 88.9 89.7 87.4 84.4 79.6 75.3 71.1 66.8 62.7 61.1 58.8 57.8 57 56.7 56.8 56.8 57.3
66.3 69.7 73.3 76.9 78.7 79.7 80.7 81.2 81.7 82.3 81.6 80.2 77.9 75.3 71.9 68.6 66 65.8 67.7 70.6 72.6 73.7 76.5 77.4 78 77.6 75.8 74.7 72.7 70.1 67.2 64.4 61.2 59.2 58.5 60.3 63.1 62.4 61.1 60.2 59 58.1 57 55.7 56.1 57.3 59.8 61.7 60.9 59.9 59.2 59.2 59.5 59.4 60.1 60.4 61.6 62.8 62.8 64.3 66 70.2 82.8 92.4 97 95.1 91.3 85.5 79.8 74.8 70.3 67 64.7 64 62.2 61.2 60.1 60.1 60.4 62.6 68.4
68 70.7 74 77.5 80.4 81.7 82.9 83.7 83.8 84 82.7 79.9 77.2 74.5 71.2 68.1 67.2 68.1 70.1 72.7 75.3 76.5 78.8 80.8 81.2 79.5 77.1 74.9 71.9 68.9 65.9 63.2 61.8 61 61.7 63.3 64.9 65.1 64 63.1 62.6 61.3 59.7 59.3 59.4 60.3 62.2 64 64 63.3 62.5 62.4 62.5 62.6 63.8 64.2 65 66.2 66.9 68.4 75.7 77.5 90.1 102.1 104.8 101.8 93.9 86.3 79.8 75.9 72.8 70.4 69.5 68 66.7 65.4 67.2 71.6 77.3 83.4 85.2
70.7 72.2 74.9 78 81.1 83.9 85.5 85.9 85.2 84.1 81.5 78.6 75.3 73.5 70.6 69.3 69.9 71.1 73 74.9 77.6 79.6 81.1 83.3 82.3 80.8 77.4 74.2 72.3 69.3 66.6 65 64.3 64.3 65.2 66.4 68 67.9 66.9 66 65.5 64.9 63.8 62.9 63.7 64 65.8 66.7 67.2 66.5 66 66.2 66.2 66.3 67.2 67.9 68.7 69.8 71.2 77.1 77.1 86.1 99.8 111 112.4 109.5 102.4 94.9 90.1 88.9 87.7 85.9 84.3 83.2 81.5 82.7 83.2 84.3 89.2 91.3 92.2
74.1 75.2 76.6 78.3 81.4 85.2 87.3 87.8 86.3 83.6 80.3 77.2 74.4 72.7 71.5 72.2 73.3 74.5 76.4 78.4 80.4 82.8 84 85.7 84.4 82.1 78.6 76 76.7 74.9 72.7 71.5 70.7 70.7 70.6 69.5 71.2 70.7 70.2 69.3 68.7 68.2 67.5 67 68.9 68.9 71 71.7 72.6 72.4 71.8 72.1 71.8 71.7 73.2 73.7 75.9 76.9 76.8 78.9 86.2 101.1 114.3 119.3 119.3 116.7 112.9 107.5 104.7 103.6 102.8 101.3 99.8 99.2 97.3 96.2 95.2 95.2 96.7 97.1 97.3
80.1 80.6 81 81.8 82.6 86.2 88.6 88.6 86.4 82.8 79.3 77 75.5 75.1 75.1 75.6 76.7 77.9 79.8 81.8 83.8 85.8 87.7 89.4 89.1 87.3 85.2 83.3 81.2 81.7 80.3 79.2 78.1 77.2 76.1 77.3 76.5 77.2 77.3 76.9 76.5 75.7 76.6 75.7 73.9 74.8 76.5 78.6 79.7 80.8 81.6 81 81.1 81 80.8 81.9 82.6 86.9 91.3 96 103.3 117 123.3 125.3 123.8 121.9 120.3 117.4 115.5 113.9 112.3 110.9 109.5 108.4 106.5 104.7 102.8 101.7 100.6 99.9 98.5
95.5 95.5 95.3 93.4 90.7 88.9 89.5 89 86.3 83.6 81.5 80 79 79 79.1 79.2 80.3 81.3 83.2 85.2 87.1 89.3 92.3 93.6 96.6 99.2 98.7 98.6 100.3 100.4 99.6 98.3 95.9 93.1 89.3 88.6 87.4 86.7 83.7 83.1 80.7 81.4 82.2 83.7 86.8 88.4 92.4 96.6 100 102.1 102.1 102.9 102.7 102.6 102.6 102.8 104.8 106.9 110.7 115.7 119.9 125.4 128.2 129 127.1 125.5 125.6 124.3 122.1 120.3 118.7 117.5 115.3 113.1 111.5 109.3 106.9 104.8 102.8 100.4 97.6
111.7 112.1 111.4 107.5 102.8 98.1 94.3 91.4 89 87.1 85.5 83.9 82.9 82.9 82.8 82.9 83.9 85.9 87.9 89.7 92.9 97.6 103.1 106.9 114.9 120.6 120.8 121.1 120.9 120.4 121.9 120.9 119.9 118.9 114.9 113.3 111.5 111.2 107.9 106.5 105 104.5 106.4 108 110.3 113.2 117 120.4 121.8 122.1 121.8 122.1 122.2 121.9 122.3 122.5 122.4 123 125 126.8 128.9 130.8 131.5 132.3 131 130 129.8 128.1 126.4 124 121.9 119.5 117.3 115.6 113.5 111.2 108.4 105.5 102.5 99.7 96.5
129.6 129.7 127.6 125 119.9 112.5 107.3 102.8 99.4 96.3 94.6 92.7 90.5 90.5 91.9 92.9 95.2 97.6 100.4 104.5 108.6 114.1 120.4 128 133.9 135.8 134.7 133.4 132.9 134.1 133.8 132.7 132 131.6 131.1 130.6 129.7 128.9 128.4 127.9 127.2 127 127.3 128.5 129.3 129.8 129.9 131 131.3 130.9 131.1 131 130.8 130.7 130.5 130.4 130.2 130.3 132.3 133.6 134.7 135.3 135.2 134.6 133.8 132.8 131.4 129.5 127.6 125.3 122.9 120.4 118.1 115.2 112.3 109.7 107.3 104.4 101.1 98.3 95
142.6 142.2 141.5 141.4 138.2 132.2 127.3 122.6 118.4 114 111.1 109.3 106.5 106.7 108.8 111 113.1 116 119.9 124.4 129 133.9 138.4 141.5 143.6 142.8 141.1 139.7 139.7 140.1 140.3 140.2 140.2 139.7 139.3 139.7 139.3 139 138.8 138 137.1 136 135 135.4 135.9 136 136.4 136.7 136.5 136.3 137 136.9 136.1 136.3 135.7 135.4 135 134.5 135.3 136.7 136.5 136.1 135.7 135.2 133.9 132.8 131.4 129.4 127.2 124.9 122.4 119.9 116.8 112.8 108.9 106.1 103.8 101.7 99.2 96.4 93.8
148 148.4 148.1 148.2 147.1 145 143.2 140.7 138.6 135.6 133.5 131.8 131.1 130.7 130.6 131.9 133.2 134.9 136.4 140.3 143 145.5 147.4 148.1 147.5 146.9 144.7 142.9 141.7 142 142.5 142.6 142.9 142.9 142.9 142.9 142.7 142.3 141.6 140.3 138.7 138.7 137.6 138.2 138.4 138.1 138.2 138.2 138.4 138.7 138.3 137.9 137.6 136.6 136.3 136.5 136.2 136.7 137 136.6 136.2 136.1 135.4 134.5 133.5 132.2 130.7 128.7 126.7 124.3 121.9 118.6 114.8 112 107.3 102.6 98.8 97.1 95.7 93.7 91.2
149.3 150 151.3 152.3 152.9 152.5 150.9 149.6 147.7 146.6 145.6 144.3 142.5 141.5 141.1 141.4 141.9 142.6 144.7 147.5 148.6 150.1 150.6 150.5 149.2 147.7 145.5 142.7 141.6 141.6 141.7 141.5 141.8 142.9 143.2 143.2 143 142.8 141.7 140.6 139.8 138.7 138.1 137.8 137.2 136.9 137.7 138 138.7 138.3 137.8 137.6 137.1 136.1 136.3 136.1 135.8 136.1 136.4 136 135.7 135 134.1 133.5 132.6 131 129.2 127.3 124.9 122.4 119.8 116.2 112.5 109.2 105.2 100.4 96 93.1 91.2 90.5 89
146.3 147.8 149.9 152.7 154.4 155 155.5 154.1 153.1 152.4 151.3 149.9 148.1 146.8 145.7 144.4 144.4 145.2 147.4 149.5 150.3 151.2 151.4 150.5 148.5 146.6 143.4 140.4 138.4 137.7 138.6 139 140.1 140.4 140.9 141.3 141.2 141.1 140.4 139.5 138.3 136.6 135.6 135.3 135.1 135.1 135.9 136.7 137.1 137.1 137 136.6 135.9 135.3 134.5 134.3 134.4 134.7 134.8 135.1 134.6 133.7 132.8 132.1 130.9 129.4 127.8 125.2 122.3 119.8 116.9 113.2 109.5 105.8 102.4 98.4 94.3 90.3 88.1 87.5 86.1
140.5 142.6 146 150.1 153.1 154.9 155.8 155.1 154.9 154.1 152.7 150.3 147.9 145.7 144.1 142.7 142.9 143.4 145.7 148.1 148.7 150.1 149.7 148.5 146.8 145 143 139.9 135.9 134 134.3 135.4 136.5 137.9 138.4 138.6 139 138.6 138.3 136.9 135.9 134.1 132.7 131.5 131.6 131.7 133.5 134.8 135.3 135.5 135.6 135.2 134.6 133.7 132.4 132.7 132.8 132.9 133 133.1 132.8 132.2 131.4 130.1 128.8 127.3 124.7 122.2 119.7 117 113.5 109.8 106.1 102.5 99 96.8 92.6 88.6 85.8 84.5 83.4
133.7 136.2 140.8 145.9 149.7 152.1 153.8 153.9 153.6 152.4 150.6 148.1 144.4 141.8 140.6 139.4 138.6 139.2 140.9 143.5 145.1 147.1 147.3 146.8 145.9 144.1 142.1 139.4 135.8 131 129.6 130.2 132.1 133.9 134.9 134.7 135.4 135.3 135.1 134 132.4 130.5 127.3 126.1 126.7 127.7 130.3 132.7 133.9 134 134.1 133.9 133.2 131.6 128.8 130.5 131.2 131.3 131.4 131.2 131 130.4 129.5 128.3 126.7 124 121.3 118.7 115.8 113 110.1 106.4 102.8 98.7 95.9 93.9 90.9 88.1 84.9 82.4 80.6
126.8 130 135.2 141 145.7 149.4 151.3 151.7 151.8 150.6 148.5 145.5 141.5 136.5 135.1 133.8 133.5 134.4 136.1 138.8 142.2 144.3 145.6 145.4 144.6 143.2 141.1 139 135.8 132.1 127.2 125.2 127.2 129.6 130.6 130 130.8 131.4 131.2 130.6 128.9 126.9 124.1 121.1 121.6 124.3 128.3 131 132.3 132.5 132.7 132.5 131.7 130.1 126.7 128 129.1 129.8 129.6 129.4 129.1 128.8 128.1 126.7 123.8 120.6 117.5 114.2 111.1 108.5 106.4 102.3 98.3 95.3 92.7 90.6 88.6 86 83.3 80.6 78.3
121.7 124.9 130 136 141.7 146.1 148.7 149.5 149.5 148.6 146.6 143.7 139.8 134.3 130.2 128.2 128.4 128.6 130.5 134 138.5 141.4 143.5 143.8 143 142 139.9 137.8 135.4 131.9 126.9 122.9 121.8 124.7 125.8 125.4 126.1 127 127.2 126.5 125.2 123.5 120.6 117 117.9 122.3 126.3 128.8 130.6 130.9 131.2 131 130.4 128.8 125 124.4 126.6 127.8 127.6 127.3 127.8 127.4 126.7 125.3 122 118.3 114.5 110.3 107 104.4 101.5 98.2 95 92.7 90.3 87.8 85.8 83.9 81.2 79.6 79.2
118 121 125.2 131.4 137.2 142 145.4 147.6 147.4 146.9 144.9 142.2 137.9 133 128.7 125.3 123.6 123.7 126.3 130.3 134.9 137.9 140.8 141.5 140.9 140.1 138.9 136.7 134.8 131.5 127.4 122.7 119.5 119.6 120.8 120.7 121.6 122.5 122.7 122.2 121.4 119.6 117.6 114.2 115.3 120.3 123.9 126.9 128.8 129.6 129.7 129.3 128.6 127.2 124.6 121 123.7 125.5 125.4 125.7 126.5 126 125.3 124.7 122 120.3 117.8 114.2 110.6 106.9 104.8 101.9 99.5 97.3 95.1 90.9 88.4 86.3 84.7 83.6 83.1
114.8 117.2 121.6 126.8 133.4 138.7 143.3 145.4 145.4 145.1 143.1 140.7 136.7 132.8 129.2 125.1 120.9 119.8 122.6 126.5 131.2 134.5 137.4 139.1 138.6 138 137.2 135.7 133.7 131.4 127.3 122.9 118 116.1 115.9 116.2 117.2 118.3 118.4 118 117.5 115.8 113.4 110.6 113.4 117.8 121.3 124.3 126.5 127.7 128.3 128.2 127.2 126 123.8 118.4 119.8 121.9 123.2 123.6 124.9 124.6 124.2 123.8 123.2 122 119.7 117.9 115.5 112.7 110.4 108.6 107.6 106.6 105.1 101.4 98 95.3 95 95.1 96.2
111.8 114.6 118.3 123.1 129.7 136.1 140.9 143.5 143.8 143.3 141.6 139.4 135.9 132.2 128.8 125.6 120.8 116.8 118.6 122.5 127.2 131.1 134 136.5 136.1 135.8 135.3 134.3 132.7 131 127.8 123.9 119.9 115.8 112.9 111.6 112.5 113.5 113.9 113.7 113 111.9 109.5 108.5 111.5 115.6 118.9 121.6 123.9 125.1 126.3 126.6 126 124.9 122.5 117.9 116 118.6 119.5 121.1 122.5 123.4 123.3 122.8 122.2 121.7 120.8 119.7 118 116.4 115.1 113.7 113.2 112.7 111.3 109.2 107.1 104.3 105 104.5 105.6
109.3 111.9 115.2 119.6 127 134.7 139.5 141.8 142.4 141.8 140.2 138.1 134.8 131.3 127.8 124.3 121.9 117 114.8 118.6 123.3 127.8 130.5 133 133.8 133.5 133.2 132.4 131.9 130.3 128.7 126.3 123 118.9 114.9 110.9 109 108.2 108.2 108.8 108.9 107.9 107.7 107.8 109.7 112.9 115.5 118.3 120.9 123.1 124.2 124.7 124.3 123.4 120.9 117.9 112.7 113.8 116.7 118.3 119.8 121.1 121.6 121.8 121.4 121.1 120.6 119.9 119.2 117.9 117.2 116.2 115.9 115.5 114.9 114.1 112.8 111 110.8 110.5 110.2
107.1 109.3 112.8 119.9 128.7 135.8 140 141.1 141.3 140.4 138.6 136.4 133.4 129.8 126.5 123.6 121.2 117.6 112.1 114.4 119.9 124.2 127.3 129.9 131.3 131.1 130.9 131 130.5 129.8 128.1 127.1 124.4 122.3 119.1 115.1 110.9 107.2 104.9 103.8 104.4 103.8 102.8 103.6 106.8 109.4 111.9 114.7 117.7 120 122.1 122.7 122.4 121.4 119.5 116.7 112.3 109.7 113.2 115.5 117 118.6 120.1 120.8 120.9 120.4 120 119.4 119 118.5 118 117.3 116.7 116 115.8 115.5 115 113.9 113.3 112.7 112.1
105.4 107.7 113.7 122.8 131.7 137.5 139.5 140.3 139.9 138.5 136.8 134 131.3 127.5 124.8 122.3 119.8 117.2 111.1 110.5 116.1 119.7 123.4 126.7 128.4 128.6 128.4 128.8 129.1 128.5 127.7 126.5 125.3 123.3 121.2 118.3 114.5 111.1 107.9 103.8 101.2 100.3 99 101 104 105.1 108.1 111.4 114.5 117.4 119.4 120.3 120.6 119.9 118.3 115.1 111.2 106.5 109 112.7 114.6 116.5 118.2 119.4 119.5 119.5 119 118.6 118.3 117.9 117.4 116.8 116.1 115.8 115.7 115.4 114.9 114.5 113.4 112.8 112.7
104 107.9 117.3 124.8 133 137.2 138.1 138.6 137.8 136.5 134.6 131.8 129.1 125.6 122.5 120 117.5 114.9 111 107.7 111.5 115.5 119.4 123 125.2 126 126.1 126.7 127.2 127.2 126.8 125.9 124.8 123.8 122.2 119.6 117.2 114.3 110.3 106.3 103.3 100.5 97.8 97.9 99.4 100.8 104.7 107.8 111.3 114.3 116.8 118.1 118.6 117.9 116.6 113.5 109.9 105.3 105.3 109 112.1 115 117 117.8 117.9 118 117.9 117.5 117.2 116.9 116.5 115.6 114.2 113.8 113.4 113.8 114.6 114.3 113.4 113.1 112.3
102.9 110.4 120.4 129.4 134 135.7 136.6 136.5 135.6 134.5 132.3 129.9 126.9 123.9 120.7 117.4 114.6 112.3 109.5 105.9 107.6 112.2 117 119.9 122.2 123.3 123.9 124.5 125.1 125.4 125.2 125 123.8 123.1 122.1 120.6 118.2 115.7 112.3 109 106.4 102.9 99.2 96.4 94.4 97 101.1 103.8 107.7 111.1 113.8 116.1 116.3 115.6 114.7 112.5 108.9 104.3 103.1 105.7 109.5 113.4 115.8 116.2 116.3 116.3 116.4 116.4 116.1 115.8 115.2 113.9 112.3 111.7 111.2 111.6 112.6 113.3 113.5 112.8 111.9
103.7 112.7 123.9 130 133.4 134.5 134.8 134.3 133.5 132.2 130 127.6 125.2 122.7 119.1 115.1 111.4 109.3 107.8 104.5 104.5 109.5 114.5 117.8 119.6 120.5 121.4 122.2 122.8 123.4 123.6 123.7 123.3 122.5 121.5 120.4 118.5 116.3 113.3 111.3 108.7 106.2 102.8 98.9 94.4 93.6 97 99.9 103.9 108.4 111.6 114.1 114.3 113.5 112.7 110.7 107.2 103 101.3 104.7 109 111.8 114.4 114.9 115 115.1 115.3 115.3 115 114.6 114 112.4 110.9 110.1 109.4 109.8 110.7 111.6 112.2 112.5 111.7
105.6 116.3 125.1 129.9 131.9 132.8 132.9 132.3 131.4 129.9 128 125.6 123.1 120.9 117.8 113.9 109.8 105.8 106.6 102.7 102 107.8 113.1 116.1 116.9 117.7 118.6 119.4 120.3 120.8 121.2 121.5 121.5 120.9 120.3 119.2 118.1 116.2 114.5 112 110.2 108.2 105.5 101.3 96.5 92.8 92.5 96.4 101.4 105.8 109 111.8 112.5 111.9 111.1 109.2 105.6 101.8 100 103.4 107.6 110.6 112.8 113.7 113.9 114 114.1 114.2 113.8 113.4 112.7 111.1 109.7 108.8 108.1 108.1 108.9 109.9 110.8 111.3 111.2
110.6 119.4 126 128.7 130.2 130 130.3 129.5 128.6 127.6 126 123.9 121.5 119.2 116.6 113 108.1 104.7 104.2 102.9 100.2 106.6 110.9 113.5 114.5 114.8 115.6 116.4 117.2 118.7 119 119.4 119.6 119 118.6 117.6 116.7 115.3 113.6 112.3 110.4 108.6 106.3 103.1 98.6 93.8 90.9 93.6 98.7 103.3 106.5 109.5 110.9 110.6 109.4 107.4 104.3 99.9 97.6 101.8 106.2 109.4 111 112.3 112.8 113 113.1 113.4 112.9 112 111.1 109.6 108.1 107.1 106.6 106.4 107.3 108.3 109.2 109.9 110.2
115.2 121.3 125.1 127 127.8 127.8 127.7 126.7 125.6 124.6 123.6 122.2 119.9 117.5 115.2 112.6 108.6 104.8 102.3 100.2 98.6 104.4 107.9 110.6 112.1 112 112 113.2 114.4 116 116.9 117.2 117.6 117.2 116.9 116.2 115.4 114.2 112.9 111.9 110.1 108.3 106.5 103.8 100 95.1 90.9 90.5 95.9 100.6 104.6 107.3 108.3 108.6 107.8 105.7 102.8 98.4 95.6 100.5 104.9 107.5 109.5 110.3 110.9 111.5 111.6 111.3 110.4 110.1 109.4 108.2 106.4 105.1 104.8 104.8 105.6 106.6 107.6 108.4 108.7
118.3 121.2 123.4 124.7 125.4 125.5 125.3 124.2 123.5 122.8 121.7 119.9 118.1 115.8 113.5 111.2 108.8 105.5 101.6 97.9 97.4 101.6 104.7 107.8 109.3 109.2 108.6 109.3 111.4 113.3 114.8 115.1 115.2 115.3 114.9 114.7 114.1 113.1 112.1 110.9 109.3 107.2 104.8 103.3 99.6 95.4 90.2 87.4 93.3 98.2 102.2 104.6 105.7 106.3 105.2 103.5 100.9 96.5 93.9 99.3 102.9 105.6 106.8 107.8 108.8 109.3 109 108.6 107.8 108.2 108 106.7 104.8 103.1 102.9 103.1 104 105.1 106.2 107 107.3
119 120.3 121.5 122.4 123.1 123.2 122.9 122 121.6 120.9 119.4 117.7 116 114.2 112.5 110.5 108.5 105.9 102.4 97.5 94.1 98.8 102.1 105 106.9 106 105.7 106.2 108.6 111.1 112.1 112.5 112.4 112.9 112.8 112.5 112.3 111.6 110.5 109.2 107.3 105.2 103.1 100.2 97.2 95.1 90.7 86.6 90.3 95.4 99.5 101.8 103.2 103.7 103.1 101.2 98.8 94.4 92.7 98.5 102.3 103.6 104 104.6 105.8 106.6 106.2 105.7 104.9 105.6 105.8 105.1 103.7 101.8 101.5 102 102.7 103.7 104.7 105.5 106.1
118.9 119.4 119.8 120 120.4 120.7 120.5 120.1 119.6 118.3 116.9 115.4 113.9 112.1 110.2 108.4 106.7 105.2 103.3 98.8 93.1 95.6 99.9 103.1 103.6 102.4 101.8 103.4 105.6 107.9 109 109.5 109.7 109.9 110 109.9 110.1 109.6 108.5 107.6 106 104 101.6 97.9 95.1 93.2 89.1 86.1 87.7 92.9 97 99.4 100.6 101.1 100.8 99 96.7 92.3 91.9 96.9 100.4 100.4 100.6 101.4 102.7 103.6 103.3 102.7 101.6 102.4 103 103.1 101.8 101 100.4 101.1 101.7 102.5 103.5 104.7 105.7
118.2 117.5 117.5 117.6 117.6 117.9 117.8 118 117.1 115.8 114.6 113.4 112 110.3 108.6 106.9 105 103.2 102 99.2 94.5 92.1 97.1 100.6 101.2 98.9 97.8 100.5 102.9 105.1 106 106.5 106.5 106.3 106.5 106.8 107.1 107.3 106.8 105.9 104.8 102.6 100 96.8 93.6 90.4 87.5 85.1 85.3 90.2 94.1 96.6 98.2 98.7 98.4 96.5 94.4 89.9 91.1 95.7 97.8 98.1 97.3 97.9 99.3 100.2 99.8 99.1 98.2 98.7 99.8 100.2 99.6 98.8 98.6 99.2 100.2 101.7 103.1 104.5 105.6
116.6 115.9 115.3 115.3 115.2 114.6 114.9 115.2 114.8 113.6 112.5 111.3 110 108.5 106.8 105.1 103.6 101.5 99.6 97.3 94.1 90.2 94.3 97.5 98.2 96.1 94.9 98.5 100.7 102.7 103.5 103.5 103.3 102.8 102.8 103.1 103.9 104.2 103.9 103.8 103.1 101.3 99.1 96.7 93.4 90.5 87.5 84.3 83.6 87.2 91 93.5 95.6 96.1 96.6 95.1 92.5 88.3 89.2 93.7 95.5 94.9 92.8 93.3 96 96.2 96.4 95.5 94.7 95.2 97.1 97.1 96.5 95.7 96.3 97.3 98.8 101.2 103.1 104.6 105.2
114.3 114 113.4 112.9 112.5 111.9 112.3 112.4 111.9 111.1 110.2 109.4 108.1 107 105.4 103.9 102.1 99.1 97 94.9 92.4 89.1 90.7 93.9 95.1 93.7 92.2 96.3 98.5 100.1 100.9 100.4 100.2 99.8 99.1 99.6 100.4 101.2 101.5 101.5 101.3 100 98.2 96.9 94.9 92.8 88.8 84.8 82.1 84.7 87.6 90 92.1 93.6 94.4 93.5 90.9 87.1 87.8 91.9 92.7 92.2 89.7 90.4 91.8 91.9 92.4 92.4 91.3 91.3 93.6 94.1 92.4 92.1 94.4 96.2 98.9 101.6 103.4 104.2 104.6
111.8 111.4 110.6 109.5 109 108.4 108.8 109.5 108.8 108 107.1 107.3 106.7 105.8 104.5 102.8 101 99.3 96.8 94.7 92.2 89 86 89.1 91.4 89.3 91.1 94.6 96.4 97.2 98 97.2 96.6 96.4 95.5 96.2 97.1 97.9 98.2 98.6 99 98.6 97.5 96.8 96 93.7 90.2 86 82 81.6 83.9 86.9 89.1 90.9 92.2 91.5 89.4 86.6 85.7 89.2 90.6 89.7 86.9 87 88.6 88.6 88.5 88.9 87.2 88.2 90.2 89.6 88 89.8 94.1 97.6 100.1 101.9 103 103.5 103.2
