public/OST50/SU22.asc
ncols 200
nrows 200
xllcorner 420000
yllcorner 120000
cellsize 50
[rows 144 to 179 of 200, columns 81 to 161 of 200]
52.3 52 53.2 55.9 57.8 59.7 60.3 60.3 60.3 61.9 68.9 75.9 79.3 77.5 73.9 69.7 67.5 64.8 61.6 62.9 63.1 60.7 58.5 58.7 57.7 56.7 56 58 58.3 57.8 57.3 56 55.3 55.6 55.7 55.5 54.9 53.5 50.5 47.5 44.9 44.1 46.9 51.8 55.5 54 52.3 53.3 55.8 58.2 60.6 62.4 63.8 64.1 63.4 63.2 63.5 63.3 61.2 59.5 58.2 57.3 56.6 56.5 56.3 56.9 56.9 55.9 53.9 51.5 49.5 45 43.1 42.6 43.4 45.3 46.6 47.7 48.4 48.4 48.1
52.3 51.6 52.7 55.2 56.3 57.5 58 57.4 58.3 64.9 72.3 77 79.6 77.3 72.6 68.5 66.6 64.5 62.1 61.1 62.3 63.8 65 62.9 61.3 59.6 57.1 58.6 59.8 59.6 57.9 56.1 54.6 55.1 55.3 55.1 54.6 52.5 50 47.3 45 43.4 46.8 51.9 54.7 52.8 51 52.3 54.6 56.8 59.7 61.6 63.3 65.4 65.5 66.7 67.2 66 62.9 58.5 56.3 55.1 54.2 53.6 53.8 53.9 54.9 55 53.3 51.3 49.6 46.8 43.8 42.5 41.8 43.2 44.5 45.3 46.1 46.8 46.5
51.4 51 51.9 53.9 54.9 56 55.3 55.7 59 65.3 73.8 76.8 77.3 73.9 70.2 67.2 65.9 64.6 64.3 64.2 65.6 67.2 66.9 64.5 61.8 58.9 58.7 59.9 60.7 60.4 58.6 56.8 55.1 54.5 54.9 54.7 54 52 49.4 46.9 44.7 43.2 45.8 50.2 52.7 51.4 49.8 51.3 53.7 56.2 59 60.8 63.5 66.3 68.4 69.6 68.9 66.9 62.3 57.7 55.1 53.1 52 51.4 50.1 51 52.2 53.5 52.1 50.8 49.4 47.4 43.5 41.9 41.2 41.2 42.1 42.9 43.8 44.4 43.8
51.5 50.6 50.7 52.4 53.5 54 53.6 56.5 60 64.5 70.6 73.7 72.7 69.6 67.8 66.2 65.2 65.1 65.4 65.8 67.7 68.8 66.9 64.1 61.4 58.9 59.7 61.3 61.7 61.2 59.4 57.6 55.8 55.3 54.7 54.4 53.8 52 49.2 46.7 44.6 43.2 44.4 47.9 51.2 50 49.3 51.9 54.5 55.8 58.5 61.5 65.4 69.3 70.5 70.2 68.7 66.5 61.8 56.6 54 52.5 50.7 49.1 48.3 48.1 50.2 51.6 50.7 49.6 47.9 46.3 43.9 42.1 41.3 40.6 39.9 40.8 41.1 42.1 41.1
51 50.2 50.3 50.9 51.5 51.9 53.3 56 58.7 63 66.6 69.5 68.5 66.8 65.5 64.8 64.5 64.8 65.9 67.2 69.2 69.6 66.8 63.7 61.1 59 61.2 62.3 62.6 61.9 60.2 58.3 56.5 55.8 54.6 54.2 53.5 52.4 49.5 46.8 45.3 44 44 47.4 49.9 48.2 50.6 54 54.8 56.1 58.5 62.8 67.4 70.7 70.7 70.1 67.7 63.8 59.1 55.2 53.2 51.8 50 48.1 47 47.3 48.3 48.5 48.1 47.1 45.1 44.3 42.6 40.9 41 40.8 40 39.5 37.8 39.8 40.1
50.8 49.7 49.9 50 50.5 51.2 53 55.2 57.8 61.8 64.4 66.3 66.2 64.6 63.7 63 63 64.8 66.7 68.7 69.6 69.6 66.2 63.2 60.7 60.1 61.6 63.1 62.9 62 60.5 58.7 56.9 55.5 54.5 53.9 53.2 52.3 49.8 46.9 45.6 44.6 44.3 47.6 48.7 47.6 50.7 54.1 54.8 58 61 64.6 68.2 69.6 70 68.6 66.1 61.8 57.1 53.6 51.8 50.7 49.3 47.9 46.7 46.6 46.8 45.4 44.6 43.8 43 42.4 40.8 39 40.9 42.5 42 39.6 38.9 38.9 39.1
51.3 49.4 49.4 49.5 49.9 51 52.9 55.7 58.6 60.8 62.5 64.2 64.1 62.5 61.2 60.5 60.6 64.1 67 68.8 69.6 67.7 65.2 62.7 61 61.2 63 62.7 62.2 61.4 60 58.2 56.7 55.2 54.2 53.2 52.7 51.6 49.5 47.6 45.7 44.8 44.7 47.9 48.4 46.3 49.3 52.6 55.6 59.5 63.5 66.7 68.1 68.9 68.8 67.4 65.1 60.2 55.6 52.2 50.3 49.2 49.4 48.8 48.5 47.4 47.1 48.4 47.5 45.1 42.9 41.6 40.7 39 41.8 44.7 45 42.2 39 38.5 38.1
51.3 49.3 48.8 48.9 49.3 51.1 53.8 56.4 58.3 59.4 60.9 62.7 62.4 60.5 58.9 58.1 60.6 63.9 66.9 68.2 68.5 66.6 64.2 62.1 60.5 60.9 62.4 62.1 61.6 60.9 59.5 58 56.6 55.1 53.5 52.3 51.3 50.2 48.9 47.2 45.2 44.5 44.8 48.7 46.2 47.9 51.1 54.3 56.8 60.5 62.2 65.1 66.3 66.9 67.4 67.5 64.9 61 56.8 53.6 52 51.4 51.2 50.8 49.9 49 49.2 50.4 48.8 46.5 44.3 42.2 39.7 40.4 40.6 43.9 45.2 44.1 40.5 38.6 37.8
51.5 49.4 48.4 48.2 49.2 51 53.3 55.5 56.7 58 59.4 61.3 60.6 58.8 57 57.4 60.4 65.2 67.9 69.1 67.6 65.9 63.9 61.9 60.9 60.8 60.6 61.6 61.6 61.3 60.1 58.3 56.5 55 52.9 51 49.9 48.8 47.4 46 44.6 44.4 44.3 46.3 45.7 49.7 53.3 56.1 58.5 59.7 60.5 62.1 63.3 64 65.3 66 65.5 62.4 59.4 56.2 56.4 55.8 54.5 54.1 52.5 51.6 50.2 50.6 49.1 47 44.8 43.8 42.4 41.1 37.4 40.4 42.4 42.8 40.8 38.6 37.5
51.4 49 48.2 47.5 48.5 49.9 51.9 53.5 55.4 57.1 58.4 59.8 58.8 57.1 55.2 56.9 61.2 67.8 69.6 68.6 67 65.3 63.4 61.5 61.2 60.9 60.8 61.6 61.7 61.9 60.8 58.8 56.8 54.9 52.4 50 48.5 47.3 45.9 44.6 43.2 42.2 42.6 42.9 47 51.3 54.8 57 58 58.2 58.2 59 60.1 61.3 62.9 65 66.1 63.9 61.7 62 62.2 61.9 60.2 57.9 55.4 53.8 51.3 49.5 48.2 47.5 46.3 46.1 43.9 41.3 38.8 38.7 39.7 40.5 39.4 37.3 36.7
51.2 48.9 47.7 47.2 47.7 49.1 51.5 53.9 55.4 56.5 57.2 57.7 56.7 55.4 53.5 56.4 63.5 69.3 70.6 68.5 66.4 64.6 62.7 61.9 61.8 61.8 61.7 61.6 61.8 61.9 61.8 59.8 57.3 54.7 52.1 49.6 47.7 46.2 44.6 43.2 41.9 41.2 41.5 44.2 48.1 52.2 53.7 55.7 55.6 55.4 56 56.3 56.4 58.2 63.2 66.3 66.4 65.9 64.3 64.3 64.5 63.3 62 59.5 57.4 54.6 50.7 48.5 47 47.2 47.5 46 43 40 38.7 37.8 37.8 38.1 37.6 36.4 36.3
51 48.1 47.4 46.8 47 48.4 50.9 53.4 54 54.6 55.2 55 55 53.7 53.7 60.6 67.5 70.7 69.6 67.2 64.8 63.7 61.8 61.2 61.2 61.4 61.5 61.9 61.7 61.7 61.4 59.9 57.2 54.4 51.8 49.3 47.1 45.5 43.8 42.2 41.1 40.6 41 44.8 48.8 51.1 52.2 52.9 52.2 51.7 51.9 51.9 53.7 59.7 64.7 66.1 65.8 65.3 65 64.4 63.9 62.7 60.7 59.9 57.1 53.7 50 47.6 48.1 49 47.9 44.4 41.5 39.9 39.1 38.1 37 37.1 36.4 35.9 36.1
50.2 47.5 47 46.4 46.4 47.8 50.2 52.1 52.1 52.7 52.8 53.2 52.7 51.7 55.3 63.3 68 68.2 67.2 64.8 63.2 62.4 61.4 60.9 60.9 60.9 60.9 61.5 61.5 61.2 60.7 60.1 57.3 54.4 52 49.6 47.3 45.6 44.1 43 41.4 40.5 40.9 43.6 47 48.5 49.8 49.7 48.7 47.2 47.9 52.1 56.7 61.3 64 64.9 64.2 63.6 62.9 62.4 62.6 61.3 59.2 59.1 58 55 51.8 51 52.6 51.3 48.7 44.2 41.9 41.9 40.9 39.3 37.4 36.3 36 35.6 36
48.6 47.1 46.4 45.7 46.3 47.4 49 50 50.1 51 51.6 51.2 50.3 51.3 55.2 60.2 63.4 64.5 64.5 62.5 62.1 62.8 62 61.1 61.1 61.1 61.2 61.1 60.7 60.3 59.8 59.4 57.6 54.9 52.5 50.3 48.4 46.3 45.1 44 42.6 41.7 40.9 41.3 44.4 45.9 47.4 46.6 45.3 44.9 50.1 54.4 57 59.4 61.7 63.3 62.9 61.9 60 58.8 58.2 57.6 57.9 59.9 60 58.1 56.4 56.3 55.1 52.6 47.6 44.7 45.5 44.6 42.4 40.2 38.3 37.1 36 35.7 35.8
47.2 46.7 45 44.5 45.3 46.1 47.2 47.8 48.7 49.6 50.3 49.1 50.5 51.8 54.2 57.4 59.7 61.5 61.3 61.6 62.1 62.2 61.6 60.8 60.4 60 59.7 59.6 59.7 59.3 58.9 58.6 57.9 56.3 54.2 52 49.8 47.9 46.7 45.6 44.3 43.3 41.9 40.4 41.7 43.6 45 44 43 46.3 50.2 53.1 53.5 56.7 59.2 62 62.3 61.7 57.3 54.7 54.4 54.7 57.2 60.8 61.8 61.5 60.6 59 57.1 52.1 47.5 47.7 47.9 45.9 42.9 40.5 39.6 39.6 38.7 36.2 35.7
46.3 45.9 45.6 45.3 44.1 45.1 46.2 46.8 47.4 48.1 48.4 47.6 49.7 52.5 53.1 55.9 58.5 60.1 60.8 61 61.2 60.8 60.4 60.1 59.3 59 58.7 58.5 58.3 58 57.9 57.8 58.4 57.6 56.5 54.2 52 49.7 48 46.6 45.3 44.2 42.5 40.9 40.4 42 42.5 42.5 42.4 44.2 46.4 47.6 50.8 56.5 58.2 60.2 60.8 60.1 57 53.1 51.8 54.5 58.2 60.5 62.2 62.4 61.7 60.7 57.2 52.9 52.1 51.3 49.4 46.8 43.5 40.6 41.4 43.4 41.4 37.7 35
45.4 44.9 44.6 44.7 44.5 44.5 45 45.3 45.8 46.4 46.5 47.1 48.6 50.9 52 55 58.1 59.6 60.5 61.1 60.6 60.1 59.5 59 58.4 58 57.7 57.5 57.3 57.1 56.9 57.7 59.1 59.3 58.2 56.5 54 51.4 48.9 47.3 46 44.2 42.2 40.7 38.6 40.1 40.9 40.8 41.1 42.4 43.6 46.9 51.7 56.7 57.3 58.2 57.9 57.4 55.8 51.5 49.3 53.6 57.2 59.2 60.6 61.5 61.2 60.7 58.7 56.2 54.5 52.8 50 46.4 42.5 42.8 46.4 47.2 43.8 39.3 36.5
46.7 45.2 44.4 44.6 44.7 44.2 44 44.5 44.6 45.3 46.1 46.9 48.8 50.4 52.6 55.6 58.3 59.6 60.6 60.9 60.3 59.7 59.1 58.4 57.8 57.1 56.8 56.5 56.3 56.2 56.3 57.8 59.7 60.3 60 58.3 55.7 53 50.5 48.1 46.5 44.1 41.8 40.2 37.8 38.1 39.1 39.2 40 41.2 44.4 48.6 53.2 54.8 55.9 55.9 56 55.7 54.5 51.6 49.4 51.9 55.4 56.9 57.7 58.4 60.2 60.8 58.6 56.2 54.6 52.5 49.8 45.9 44.6 47.9 50.6 49.4 46.8 41.8 37.2
49.1 46.9 45.3 44.6 44.1 43.8 43.5 44.1 44.5 45.8 46.9 48.4 48.9 50.8 53.4 56.3 59 60 60.7 60.3 59.7 59 58.4 57.8 57.2 56.4 55.8 55.6 55.4 54.9 55.6 57.7 60.6 61 61.3 59.6 57.2 54.7 52.1 49.5 46.6 44.1 41.2 39.3 37.6 37.3 37.5 38.6 40.2 42.7 45.8 51.5 53.3 52.2 53.3 54.1 54.2 53.8 52.7 50.7 49.7 50.9 53.1 54.2 54.5 56.8 59.7 60.1 58.3 56.1 54.5 52.7 50.8 49.2 50.6 52.4 51.2 48.4 44.8 40.8 38.1
52.7 51.1 45.1 44 43.6 43.4 43.1 43.9 44.7 46.6 48.6 49.6 50.5 51.9 53.6 56.4 58.9 60 60.5 59.7 59 58.4 57.8 57.1 56.6 55.9 54.9 54.5 54 53.4 54.6 57.9 61.6 62.2 62.4 60.5 57.9 55.6 53.1 50.4 47.7 43.9 41 39 37.6 36.9 36.8 38.7 41.2 44.6 49.4 51 50.6 48.3 50.9 52.1 52.2 51.4 49.5 47.3 46.7 49.4 51.2 52.5 52.7 55.7 58.6 59.2 57.7 55.6 54.3 53 52.5 52.6 52.6 52 50 48 44.8 41.9 39.4
55.1 52.2 45.7 43.9 43.2 42.9 42.6 43.6 45 48 50.1 50.2 51.4 52.9 55.9 56.2 58.4 59.6 59.9 59.2 58.5 57.6 57 56.4 56.1 56 55 53.4 52.3 52.3 54 58.1 61.7 62.3 62.6 60.9 58.1 56 53.8 51.2 48.7 45.2 42.1 40.3 38.6 36.9 36.2 38.4 44.3 47.4 50.6 51.7 51.1 45.5 45.7 49 49 48.4 46.5 44.8 44.6 47.1 49.3 50.5 50.9 54.5 57.8 58.2 56.7 55.1 53.6 52.3 51.8 52.3 51.7 50.9 49.7 47.6 45.4 43 41.4
55.5 51.2 47.5 45.4 43.5 42.5 42.1 40.6 44.3 47.3 49 51.3 53.4 55.3 58.1 61.1 58.1 58.7 60 59.3 58.9 58 56.9 55.9 55.6 55.5 55.7 54 51.2 50.3 52.4 55.1 57.5 59.7 60.7 60.2 58.4 56.5 54.4 51.8 49.1 46.1 43.2 40.6 38.5 36.5 35.9 39.9 45.7 47.5 48.4 49 49.9 47.9 42 44.3 45.8 45.3 44.1 42.9 43.6 45.4 48.1 49.5 51.9 54.7 56.8 57.2 55.9 54.2 52.9 51.6 50.3 50.4 49.9 49.1 48.9 47.5 45.9 44.6 43.5
54.2 51.8 48.8 46 43.6 42.6 41.8 40.1 42.9 46.9 50 52.7 54.9 57.3 60.9 62.9 61.8 60.9 60.5 60.6 59.7 58.6 57.4 56 54.9 54.6 55.3 53.7 50.3 48.6 50.3 52.3 54.9 58.2 59.2 59 58 56.2 53.6 51.1 48.4 46.1 43.6 40.8 38.2 36.7 36 39.1 44.2 43.9 45.6 47.6 47.9 46.7 43 41 43.2 43 41.8 42.4 45.7 46.8 48.8 50.2 51.5 53.2 54.9 55.4 54.2 52.9 51.7 50.4 48.4 47.9 47.5 47.8 48.3 47.6 46.9 46 44.9
54.1 51.6 48.9 46.1 44 42.5 41.5 41.1 42.1 48.2 51.4 54.4 57 59.5 63.9 66.1 65.5 64.2 62.1 63.5 61.5 60 58.4 56.8 54.7 52.5 52.4 51.9 49.6 47.5 49.4 52 54.1 56.8 57.6 57.7 57 55 52.8 50.3 47.8 45.7 43.5 41.1 38.3 36.7 36.2 37.6 40.5 43.5 45.8 46.2 45.1 42.7 40.4 39.2 40.6 40.4 41 43.4 46.7 47.7 49.2 49.6 50.2 50.5 52.1 52.3 52.1 51.5 50 48 46.6 46.1 46 46.1 46.9 47.4 47.1 46.7 45.8
53.7 51.8 49.2 46.4 44.3 42.6 41.2 40.8 42.6 47.6 52.7 55.6 58.4 61.6 64.6 65.5 67 66.8 65 63.3 65 61.1 59.9 57.8 55.5 52.6 50.8 48.8 48.6 47.4 49.2 51.5 53.6 55.7 56 56.2 55.3 53.5 51.4 49.3 47.4 45.2 43 40.8 38.1 36.1 36.4 37.7 40.5 43.7 44.8 44.2 41.9 39.6 38.4 38 38.8 40.1 42 44.4 46 47 47.4 47.7 48 48 48.5 49.3 50.2 50.1 48.4 46.1 44.8 44.5 44.5 44.6 45.1 46 46.3 46.5 46.3
53.5 51.8 49.2 46.5 44.7 42.8 41.3 40.5 41.5 46.8 51.7 55.4 57.8 59.7 61 60.5 62.4 64.7 64.2 62.9 63.3 62.8 60.4 58.4 55.6 52.7 52 49.9 47.3 46.7 48.7 50.9 53.1 54.2 55 54.8 53.4 52.1 50.1 48.1 46.3 44.4 42.5 40.3 38.1 36.1 35.8 37.7 40.5 42.6 43.4 42 39.7 37.7 36.6 37.9 39.6 41.4 42.8 44 45.1 45.6 45.5 45.3 45.2 45.8 46.4 47.2 48.1 48.1 46.8 45.1 43.6 43 43.1 43.1 43.4 44.2 45.2 46.3 46.1
53.3 51.5 49.2 47.2 45.1 43.2 41.5 40.3 41 45.2 49.7 53.5 55.6 56.8 56.7 57.7 59.8 61.5 61.2 61.7 62.9 60.7 59.9 58 55.6 52.9 51.7 49.8 47.8 44.8 48.1 50.4 51.7 52.8 53.7 53.3 51.6 50.5 48.8 47 45.2 43.3 41.4 39.7 37.8 35.9 35.5 37.4 40.5 41.9 41.8 40.5 37.8 35.8 37 38.7 40.6 41.7 42.3 43 43.9 44.1 43.8 43.5 43.4 43.9 45 45.9 46.6 46.5 45.7 44.1 42.6 41.7 41.6 41.7 42 43 44.6 46 45.9
53.4 51.5 49.5 47.6 45.7 43.8 41.8 40.5 40.4 44.7 48.5 51.6 53.6 53.9 52.6 54.7 57.2 59 58.6 57.7 58.6 59.8 59.3 57.6 55.2 53 51.1 49 47.2 45.8 47.6 48.9 50.2 51.3 52.4 52.8 51.9 50.2 48 46 44.1 42.6 41 39.2 37.4 35.9 35 36.7 39.9 40.7 39.9 38.7 36.3 36.1 37.9 39.5 40.4 41.1 41.7 42.3 42.5 42.3 42.2 41.9 41.7 42.5 43.9 44.9 45.4 44.9 44.3 43.2 41.7 40.6 40.2 40.4 40.8 42.1 44.2 46.3 46.8
53.7 51.8 49.7 47.8 45.9 44 42.1 40.7 39.7 43.1 46.6 49.7 52 50.4 48.7 52.5 57.1 57.4 56.6 54.1 53.6 56.1 59.1 57.8 55.2 52.8 50.5 48.1 46.3 46.2 47.9 49 49.6 50.4 51.5 52.5 52.1 50.9 48.7 46.4 44.6 44.3 43 40.4 37.7 35.6 34.3 35.9 38.4 38.6 37.8 36.8 34.6 36.9 37.7 38.3 39.2 40.4 40.5 40.7 40.5 40.3 40.2 40.1 40.8 43 44.2 44.4 44 43.6 43.1 42.3 40.9 39.5 38.8 39.3 40.4 42.1 43.9 46.5 48.3
53.9 52 49.9 47.9 46 44.2 42.6 41 39.1 41.9 45.1 47.6 47.2 46 47.8 53.5 56.4 56.7 55.4 52.3 50.4 53.9 57.2 57.5 56 53.2 50.1 47.9 46 45.5 47.8 48.3 48.8 49.6 50.6 52 52.1 50.8 48.4 47.3 46.2 46.6 45.1 42.6 39.1 36.5 34.5 34.1 36.1 37 36.1 34.9 34.6 36 36.9 37.5 38.2 38.5 38.7 38.9 38.6 38.5 38.5 39.2 40.8 42.9 44.1 43.7 43 42.4 41.9 41.4 40 38.7 37.4 38.2 40.3 43.3 44.5 47.4 49.9
54.8 52.2 50.1 48.1 46.2 44.6 43 41.2 39 40.8 43.3 45.3 44.3 45 48 52.3 54.2 54.4 53.1 50.7 48.5 51.7 54.8 56.5 55.7 53.5 50 47.8 45.7 45.5 47.5 48.1 48.1 48.8 49.7 50.9 51.3 50 48.4 46.6 46.3 46.9 45.8 43.4 40 36.8 35 33.3 33.6 34 33.9 33.7 34.3 35.3 36 36.7 36.9 36.7 36.8 37.1 36.9 36.9 37.8 39.3 40.8 42.5 43.7 43.6 42.6 42.5 41.2 40.3 39.2 37.9 36.5 36.5 40.2 43.7 45.5 47.4 50.6
55 52.9 50.3 48.3 46.6 44.8 43 41.1 39.4 38.8 41.1 42 42.6 44.3 47.1 49.5 50.4 50.9 50.2 48.6 47.6 50 51.1 55.6 55.3 53.1 50.2 47.4 44.8 44.4 46.9 47.2 47 47.7 48.8 49.8 49.6 48.5 47.2 45.8 46.3 47 45.9 43.9 40.7 37.6 35.3 33.6 32.9 32.6 32.6 33.1 34.1 34.8 35.4 35.6 35.4 35.2 35.4 35.6 35.3 36.3 37.5 38.8 40.5 41.9 43.5 44.1 43.6 43 42.3 41.1 39.4 37.9 36.2 35.4 38.8 42.4 43.9 45.7 50
53.9 52.2 50.3 48.5 46.6 44.8 43 41.2 40.3 39.4 39.6 40.3 40.9 42.5 44.6 46.9 48.1 48.1 47.2 45.6 47.2 48.4 49.1 53.7 54.7 52.5 49.8 47 44.4 44.2 45.5 45.7 46.2 47.8 48.3 48.4 48.1 47.1 45.6 45 46.1 46.4 45.2 43.6 41.6 40.1 36.8 35.2 34 32.9 31.8 31.5 32.8 34 34.2 34.4 34.1 34.3 34.4 34.3 34.7 35.8 36.8 37.9 39.1 40.9 42.4 44.6 45.7 44.7 43.5 42.4 40.3 38.8 36.9 35.2 36.4 41 41.9 42.6 47.8
52.7 50.6 50.3 49.1 47.6 45.3 43.3 41.7 40.9 40.1 39.3 38.8 39.3 41 42.6 44.7 45.9 45 43.9 43.8 45.7 47.7 49.3 53.7 54.4 52.1 49.4 47 44.9 43.4 44 45.4 46.2 47.4 47.7 46.6 46.4 45.5 44 43.7 44.3 44.4 43.9 43.4 42.8 41.8 38.7 39.8 37.8 34.6 33.4 31.7 30.7 31.8 32.4 33 33 33.3 33.2 34.3 35.4 35.8 37.3 38.2 39.4 41.6 44.1 47.5 47.7 46.8 44.8 42.9 41.2 40 38.6 36 35.7 39 39.2 40.3 45.6
53.3 52.3 51.3 50.7 49.5 47.2 44.6 44.3 43.6 41.3 39.8 38 37.4 38.5 40 42.1 43.1 42.7 42.2 43.3 44.9 46.5 49.2 52.7 52.9 51.6 49.4 47.4 45.3 43.6 43 45 46.2 46.9 47 45.9 44.7 43.9 42.5 42.4 42.6 42.9 42.6 43.1 43.5 42.6 41.5 43.4 41.1 37.9 35.9 33.4 31.1 29.5 30.3 31.4 32.2 33.5 34.9 35.4 36.4 37.4 38.5 40.6 42.4 45.6 46.4 46.6 46.3 45.6 44.3 42.6 40.7 39 37.7 36.2 34.9 36.7 36.8 38.9 43.3
53.5 53.5 53.3 52.6 51.3 49.9 49.1 49.5 45.5 43.2 41.9 40.4 38.2 37.2 37.3 39.6 40.4 39.5 41.6 43.2 44.9 47.2 49.8 52.8 51.8 51 48.8 46.8 44.7 42.9 42.9 44.5 46.1 46.3 46.4 45.3 44 43.2 42 41.2 41.4 41.5 41.6 42.3 43.1 44 43.9 45.2 43.8 41.2 38.4 35.7 32.9 30.6 29.6 30.4 32.2 34.3 35.9 36.2 36.8 39 41.1 44 45.5 45.4 45.2 43.4 42.8 42.6 41.6 41 39.1 37.7 36.4 35 33.6 34.2 35.2 38.8 45.1
