public/OST50/SU24.asc
ncols 200
nrows 200
xllcorner 420000
yllcorner 140000
cellsize 50
[rows 108 to 143 of 200, columns 81 to 161 of 200]
114.7 116.5 118.3 120.8 123.4 127.3 132.8 139.4 145.1 150.6 154.2 154.4 151.5 147.9 143 136.6 131.2 128.4 128.3 128.1 127.2 125.1 124.9 127.1 128.7 130.3 133.8 139.7 139.6 134.3 128.9 127.2 127.1 126.3 125.8 125 123.8 122.7 120.3 119.2 117.6 115.9 113.9 111.9 110.2 108.8 107.5 106.9 106.6 106.4 106.5 106 105.6 105.3 104.9 104.5 104.5 103.5 103.2 102.6 101.3 101.1 100.2 96.7 99.1 99.3 99.2 99.1 99.4 99.2 99.5 99.9 99.5 99 97.7 95.7 93.6 91.8 89.4 88.1 86.7
114.8 116.8 119.2 122.5 126.6 133.4 139.9 147 152.4 156.5 158.4 157.1 152.8 146.7 141.5 136.3 134.4 131.8 137 136.5 132.9 128.2 126.8 128.7 131.7 138.3 142.9 145.5 141.6 136.7 133.1 130.5 129.1 127.8 126.8 125.5 124 123.3 121 120 119.1 117.6 116.3 115 113.7 112.7 112.2 111.1 110.6 109.6 108.8 107.6 107.2 106.2 105.6 105.3 104.9 104.7 102.4 101.9 101.6 101.1 100.3 99 98.1 99.5 99.4 99.4 100 100.5 101.5 101.5 100.9 99.7 97.6 95.3 93.1 90.7 88.3 86.2 84.7
115 117.2 119.8 123.5 129 137.6 144.7 151.4 156.5 159.9 160.8 158.3 154.2 151.3 148.3 144.9 140.4 136.4 143.6 143.8 137.6 130.8 129.9 134.1 140.8 145.7 148.4 147.3 142.5 137.5 133.9 131.1 129.7 128.1 126.6 124.9 124.1 122.7 121 120.1 119.1 118.1 117.2 116.7 115.7 114.9 114.1 113.2 111.9 110.9 109.4 108.5 107.2 106.4 106.2 105.4 103.1 101.8 100.9 100.3 100 99.7 99.5 99.5 97.8 99 99.5 100.4 101.2 102.2 102.2 101.8 100.6 98.3 96.5 94 90.9 89.2 86.9 84.9 83.8
114.7 117 119.8 123.4 128.9 137.7 144.9 151.5 156.9 160.6 161.1 159.2 158.4 158.7 156.1 151.2 145.9 141.9 149 148.4 143 138 138.3 143.2 146.9 149.4 149.4 146.1 141.5 137.4 133.7 130.9 129 127.5 125.9 124.1 123 121.5 120.9 119.8 118.9 118.3 117.4 116.5 115.5 114.8 113.9 112.8 111.7 110.7 108.3 107.2 107 105.9 104.7 103.3 101.9 101 100.2 99 98.5 98.1 98.2 97.6 97.8 97.8 99.3 100 100.8 102.3 102 101.1 99.8 98.6 95.9 93.4 90.3 88.5 86.1 84.5 84.9
114.3 116.6 119.3 122.3 126.7 133.7 141.8 147.6 153.8 157.6 157.7 159.3 161.9 163 160.7 155.8 150 147.8 154 152.3 149.4 147.4 146.3 147.8 149.1 148.6 146.2 142.3 138.8 136.1 132.6 130.3 128 126.2 124.4 122.6 121.1 119.6 118.7 118.3 117.3 116.9 116.2 115.3 114.4 113.6 112.4 109.2 109 108.9 108.9 107.7 106.6 105.2 103.9 102.4 101.2 99.9 98.4 97.6 96.8 96.2 96.1 96.7 96.6 96.6 97.3 98.8 100.8 101.6 101.3 100.1 98.9 97 94.2 91.9 88.9 86.6 85.1 85.3 86.6
113 115.5 118.1 120.9 124.6 128.9 137.4 143.6 148.3 151.5 153.4 156.9 164 166.4 164.6 160.2 154.1 155 155.9 154.7 152.2 150.2 148.6 147.9 147 145.3 142.3 138.3 135.7 131.2 130.7 128.6 126.1 124.4 122 120.1 118.5 117.4 116.9 116.2 115.6 114.4 112.1 111.5 111.1 110.8 110.1 109.4 109.9 109.1 108.1 106.6 105.4 103.8 102.6 100.8 99.5 98.2 97.2 95.9 95.9 95.9 95.4 95.4 95.1 95.1 96 97.4 99.2 99.9 99.9 99.2 97.7 95.4 92.8 90.2 87.6 85.6 85.2 86.7 88.6
111.8 114.1 116.5 119.1 122.2 126.2 132.5 138.8 142.1 145.2 148.8 156.7 165.5 168 167.1 163.8 160.5 157.9 156.3 154.6 152.4 150.1 147.3 144.9 142.1 139.9 137.5 135.9 128.6 131.8 130.9 127.5 125.7 123.9 121.7 120 118.7 117.5 116 113.6 114.4 113.1 112.2 111.5 111.3 110.7 110.1 109 108.5 108 106.9 105.6 104.1 102.5 101 99.5 97.8 96.4 95.1 94.3 93.4 93.7 93.2 93.1 93.3 93.3 94.5 95.8 97 97.5 98 97.7 96.1 93.2 90.9 88.5 86.1 85.3 86.3 88.3 90.8
113.4 114.4 116 117.7 120.2 124 128.5 133.6 136.8 139.7 145 156 165 168.7 168.6 165.6 162.1 158.5 155 152.9 150.5 147.7 144.3 140.8 140.6 140 138.1 135.8 131.1 128.2 126.2 124.7 121.7 120.3 118 116 114 112.9 112.6 112.3 112.4 111.8 111.4 110.8 110.1 109.5 108.8 107.5 106.8 106.2 105 103.6 102.1 100.7 99.4 98 96.3 94.6 95.4 95.3 95.1 93.9 93.2 91.8 91.7 91.8 92.2 93.2 94.4 95.2 95.4 95.4 93.8 90.4 88.2 86.5 86.1 86.8 88.6 90.6 91.9
116.1 117.3 118.5 119.5 120.7 122.6 125.6 129.2 132.3 137.8 147.5 156.8 164.3 168.9 166.9 164.8 161.3 157.5 154.1 149 144.5 143.9 142.8 139.6 136.6 133.9 129.4 128.1 127 126.2 125.6 123.2 120.4 118.1 116.1 114 112.2 110.8 109.9 109.9 110.6 109.8 109.6 109 108.3 107.6 107 106.1 105.5 104.3 103 101.5 100 98.8 97.4 95.5 96.3 96.9 96.4 96.2 95.9 94.5 93.6 92.8 92 91 90.4 90.7 91.3 92.3 92.4 92 90.2 88.6 86.7 86.6 87.4 89 91.8 92.4 93
118.1 119.2 120.2 121.3 122.9 124.8 126.9 130.5 136.2 142.6 149 156.2 162.2 165.2 160.8 153 145.4 144.1 144.4 146.6 143.7 139 134.8 131.5 128.5 127.5 126.7 125.8 125.2 124.4 123.4 121.4 119.3 117 115.1 113.5 111.8 110.1 108.9 107.8 107.7 107.9 107.6 107.1 106.5 105.8 105.1 104.4 103.4 102.3 101 99.6 98.1 96.6 97 98.6 98.7 99.2 99.3 98.7 97.7 96.2 95.1 93.5 92.3 91.5 90.5 90.2 89.4 89.3 89.7 88.8 87.8 87 87 87.5 89.3 91.1 92.6 93.8 94.1
119.2 119.7 120.4 121.6 123.8 125.9 129.2 132.9 137.4 142.8 148.1 153.3 150 141.5 141.6 145.7 152.2 151.2 148.4 143.5 138.7 134.2 129.7 127.2 125.8 124 123.3 122.8 122.9 122.2 121.2 119.7 118.8 117 116 114.9 113.4 112 110.4 108 106.5 105.4 105.2 104.9 104.4 103.7 103 102 100.8 100 99.3 97.9 98 99.2 100.3 101.7 102.3 102.5 101.9 100.5 99.2 97.4 96 95.1 94.6 94 93.1 91.9 90.3 88.9 88.4 88.3 88.4 88.2 88.9 89.3 91.3 92.7 93.6 94.1 94.3
119.2 118.8 119.2 120.7 123.3 125.6 128.7 133.2 138.2 143 139.4 138.2 141.3 151.4 153.6 154 152.3 149 144.1 139.3 134.6 130 126.3 123.7 122.3 120.8 119.9 119.7 120.1 119.9 119.2 118 116.9 115.7 115.2 114.1 112.8 112.4 110.7 109.2 107.3 105.2 103.7 102.4 101.8 101.1 100.2 99.8 99.2 98.8 98.7 99.1 101.3 102.3 103.9 104.6 104.9 104 103.2 102 100.2 98.2 97.1 96.5 96.1 95.9 94.9 93.6 91.4 89.5 88.8 89.1 89.9 90.1 90.1 91.3 92.6 93.8 94.2 94.7 94.8
118.2 117.4 117.8 120.4 121.8 124.4 128.4 132.7 134.3 136.7 147 150.2 152.4 154 153.8 152 148.9 145 140 135.1 130.4 125.8 122.8 120.1 117.9 116.6 116.4 115.9 116.7 116.8 116.2 115.1 114.2 113.5 112.9 112.9 111.3 110.7 109.9 108.6 107.1 104.6 102.8 101.8 101.3 101.1 100.9 100.6 100.4 100.8 101.7 102.3 103.7 106 107.1 106.9 106.2 105.3 104 102.6 100.6 99.1 98.1 97 96.3 95.9 95 92.4 90.3 89.8 89.9 90.3 90.7 91.1 91.5 92.4 93.6 94.4 94.8 95.1 94.3
116.7 117.6 120 123.9 127.6 129.5 129.9 130.7 135.3 140.2 144.2 148.5 152.2 153.3 151.9 150.1 146.5 141.9 136.5 131.1 127.1 123.2 122.2 122 120.7 118.6 116.6 114.1 113.4 113.6 113.6 113.3 112.3 111.6 111.6 111.7 109.6 108.5 107.1 105.9 103.9 103.1 103.8 104.1 103.5 103.3 103.8 102.8 102.3 103 103.9 103.9 106.1 108.4 109.1 108.2 107.4 105.9 104.2 102.8 101.2 99.7 98 96.7 95.7 94.4 93.1 91 90.4 90.8 91.4 91.7 92 92.6 93.1 93.8 94.6 94.8 94.7 94.4 93.4
120 122.2 122 119.9 118.9 121.4 124.6 128.5 132.5 136.8 142.8 148.8 152.6 152.8 151.1 147.5 143.5 138.7 133.5 128.3 125.9 126.6 126.2 124.9 123.5 121.2 118.3 116.1 113.7 112 112 110.9 110.2 109.1 110.2 110.7 108 105.7 105.4 105.2 105.4 106 107 107 106.5 106.1 105.9 104.7 104.4 105.4 105.8 106.8 108.7 109.2 110.3 109.4 107.8 106.1 104.3 102.8 101.4 99.9 97.6 95 95.5 92.7 90.7 91.1 91.2 92 92.7 93 93.3 93.9 94.6 94.5 94.9 95.3 94.4 94 93.1
112 112.2 113.6 115.3 117.2 119.9 122.7 125.9 129.7 137.3 145.2 150.6 153.4 153.4 151.5 147.8 142.5 136.1 136.1 132.2 131.6 132.4 130.7 128.2 125.4 122.9 119.5 116.9 114.7 113.1 110.9 109.6 109 108.6 108.4 108.2 108.4 108 108 108.8 108.9 109.5 109.4 109.4 108.6 107.8 106.9 105.8 106.4 106.8 108.5 109.6 111.2 110.3 110.6 109.3 107.5 105.9 104.1 102.5 100.9 99.2 97.5 95.3 93.4 91.2 91 91.8 92.8 93.3 93.8 94.3 94.5 95 95.1 95.4 95.5 95.7 95 94 93.1
110.1 111.4 113.3 115.5 117.7 120.5 123.7 127.3 133.3 140.2 146.9 152.3 154.5 154.4 152.4 149.2 144.5 145 142.9 140.5 139.6 137.3 134.5 130.5 126 123.1 119.9 116.9 114.4 112.3 112 111.7 110.5 110.3 109.8 109.9 110.9 111.8 112.5 112.6 112.7 111.8 111.7 110.7 109.4 108.6 108 107.6 108.1 109.1 111.3 112.7 113.1 112.1 109.9 107.9 106.4 104.6 103 101.2 99.2 97.8 96.4 94 92.8 91.8 91 92.9 94 94.5 94.6 95.4 95.2 95.7 96.2 96.4 96.5 95.9 95 94 93.1
110.2 112.2 114.3 116.5 119.5 122.3 125.3 129.3 134.4 141.1 146.9 151.6 154.6 156.2 155.6 154.9 154.1 152.6 150.3 148.1 145.2 141.5 136.6 131.4 126.5 122.3 118.6 115.5 113.4 113.8 113.9 113.6 112.6 112.4 113.2 113.7 113.7 114.7 115 114.8 114.2 113.1 111.9 110.7 109.7 108.9 108.9 109 109.5 111 113 113.9 113.5 110.4 108.4 106.5 104.9 103.3 101.4 99.6 97.4 95.5 93.7 93.3 92.4 91.6 92.8 94.6 97.1 96.6 96.1 96.3 96.5 96.6 97.1 96.9 97 96.4 95.6 94.3 93.1
111.8 113 115.4 117.8 120.1 123 126.1 129.8 134.9 139.9 144.8 149 153.1 156.3 159.2 160.7 160.4 158.4 155.8 151.7 147.3 142.2 136.6 131.3 126.1 121.3 117.9 115.1 115.1 116 115.7 115.5 115.2 115.4 116.5 115.6 115.2 114.5 114.3 113.9 112.9 111.5 110.6 109.4 108.6 108.5 109 109.7 110.2 112.1 113.7 113.6 112.1 109.9 107 105.1 103.2 101.1 99.2 97.4 95.4 93.8 93.3 93.4 94.5 95.8 95.5 96.6 96.9 97.4 97.2 97.4 97.6 97.6 97.4 97.3 97.4 96.9 96.2 95.1 93.8
112.4 113.9 115.9 118.2 120.6 123.4 126.5 129.6 133 137.1 141 144.9 149.7 155 159.1 162.1 162.4 159.9 157.5 152.5 147.6 141.5 135.9 130.1 124.7 120.9 117.7 116.7 118 118.3 117.9 116.9 117.4 117.5 117.9 116.1 114.5 113.5 112 111.2 110.5 109.5 109.2 108.2 107.8 108.1 108.7 109.4 110.4 112 113 111.9 110 108.7 105.7 102.6 100.8 99.1 96.9 95.1 94.1 93.9 94.6 95.9 96.9 97.8 96.4 97.4 98.2 98.4 98.5 98.3 98.1 97.8 97.6 97.5 97.4 97.1 96.4 94.8 98.6
114.3 115.1 116.5 119.1 120.9 123.3 126 128.3 131.3 134.1 137.9 141.7 146.7 151.7 155.9 157.5 157.4 156.3 153.8 151 145.9 140.6 135.2 128.4 123.3 120.3 119.1 119.4 120.2 119.8 118.7 118 119 118 116.5 115.3 113.4 112.1 110.7 109.7 108.7 107.8 106.9 106.9 106.1 106.4 107.2 108.9 110.2 111.4 111.7 110.2 107.8 105.8 103.1 100.5 98.3 96.9 95 94.2 95 96.3 97.3 98.1 98.3 99.4 98.4 99 99 98.9 98 97.8 97.7 97.5 97.2 96.9 96.7 96.5 96 94.8 100.9
115.2 115.8 117.3 119.1 120.8 123.1 125.4 127.6 129.7 132.2 135.6 138.9 143.3 147.6 150.3 151.5 151.7 152 150.4 148.2 145.3 140.4 134.8 130.4 126.1 122.6 121.3 122 121.6 120.2 118.8 118.5 117.2 116.8 115.4 114.1 112.8 111.4 109.4 108.1 107 106 104.9 104.1 104.2 104.9 106.4 107.8 109.4 110.5 109 107.6 105.4 102.8 100.4 98.1 96.1 95.2 95.5 96.7 97.8 98.9 99.3 99.7 99.5 99.5 99.3 99.3 99.1 98.6 97.5 97.3 97.1 96.8 96.4 96.1 95.8 95.6 95.9 96.6 100.2
114.9 115.7 116.6 117.9 119.6 122.1 123.9 125.6 128 130.3 132.4 134.9 138.7 142 144.5 146 146.8 147 146.9 146 144 141.4 139 136 129.7 125.7 123.6 122.1 121 119.5 118.1 116.8 115.8 115.2 114.3 113 111.7 110.3 108.2 106.9 104.9 103.7 103.2 103.1 102.2 102.9 104.7 106.1 107.5 107.8 106.2 103.8 101.9 99.4 97.5 96.7 96.1 96.9 98.2 99.3 99.9 100.4 100.5 100.8 100.5 99.6 99.1 99 98.3 97.9 97 96.7 96.4 95.9 95.6 95.3 95 95.1 95.3 95 94.9
114.1 114.9 115.5 116.9 118.3 120.4 122 123.6 125.8 128 129.7 131.2 133.4 136.2 138.3 140.2 141.7 142 142.8 143.5 145.1 145.2 145.1 141.9 135.1 128.7 124.6 120.5 118.2 116.2 114.8 114 113.7 113.2 112.8 111.8 108.7 108.5 107 105 104.4 104.4 104.8 104.2 102.9 102.4 102.6 103.9 104.8 103.9 102.2 100.7 98.5 97.4 97.4 98.5 100.4 101 100.9 100.9 101.6 101.8 101.9 101.7 101.2 100.4 99.2 98.2 97.3 96.7 96.6 96.1 95.5 95.1 94.8 94.5 94.2 94.1 94.1 94.3 94.3
112.3 112.9 113.7 115.1 116.6 118.5 120.4 122.5 124.1 125.9 127.1 128.3 129.7 131.7 133.4 134.8 136.4 136.2 137 139.8 144.4 150.4 152.5 148.8 141.9 135.9 128 122.4 119.8 117.6 115.7 113.4 111.9 110.5 110.1 109.3 108 107 105.2 105.7 106.3 106.8 106.9 106.2 104.2 102.7 101.5 101 101.1 100.1 99.6 99.5 99.5 100.6 102 102.9 103.4 103.3 103.1 102.8 103.2 103.2 102.7 102.1 101.7 101.2 99.8 98.3 97.4 96.6 96.1 95.7 95.1 94.4 94.3 93.8 93.4 93.2 93.3 93.4 93.7
110 110.8 111.9 113.6 115.7 117.6 119.8 121.6 122.4 123.3 124.4 125.7 126.8 128.3 129.9 130.4 129.9 132.8 139.8 146.2 152 155.9 156.7 152.9 146.4 139.9 132.7 126.6 122.5 120 117.4 115 113 110.9 109.4 108.5 107.4 106.4 105.9 107.8 108.5 109 108.2 106.7 104.5 103.8 102.5 101.5 100.9 100.5 101.9 103.6 104.8 105.1 105.4 105.6 105.3 104.6 104.4 103.6 104.3 103.7 103.2 102.7 101.9 101.1 100.2 98.8 97.6 96.9 96.1 95.3 94.8 94.2 93.7 93.2 93.4 92.5 92.5 92.7 92.9
108.2 109.6 111.4 113.4 115.3 117 118.6 119.5 120.2 120.9 121.7 123.1 123.7 125 125.7 125.8 130.7 140.8 151.3 157.8 159.3 159.3 157.8 152.7 146.7 140.2 134.3 128.6 123.8 120.5 117.7 115.8 113.9 112 109.9 109 107.8 106.3 107.6 108.7 110.2 109.9 108.9 106.6 105.2 105.6 104.4 104.4 103.7 103.8 106.1 107 107.5 107.4 107 106.8 106.5 105.9 105.3 104.5 104.2 103.5 103 101.6 100.9 100.3 99.6 98.6 97.9 97.3 96.5 95.6 94.7 94.1 93.8 93.7 92.8 92 91.8 91.7 91.8
107.8 109.3 111.1 113 114.5 115.7 116.8 118.1 118.5 118.5 119.2 120.2 120.7 121.4 122 125.9 135.3 147.2 156.7 162.9 163.2 160.6 155.3 149.9 144.4 138.8 133.6 128.6 124.1 120.7 117.8 115.5 113.5 111.4 109.4 107.8 107 108.7 110 110 110.1 111.1 109.4 107.1 107.3 106.7 107.5 107.3 106.5 105.4 107.5 108.9 108.8 108.1 107.8 107.1 106.6 105.9 105.1 104.4 103.7 102.8 101.6 100.4 99.7 99.1 98.5 98.3 97.9 97.6 97 96.1 95.5 94.9 94.2 93.5 92.8 92.2 91.6 90.9 90.6
107.5 108.9 110.6 111.9 113.1 114.2 115.2 115.3 115.9 115.8 116.1 117.1 118 119.9 123.9 131.1 141.5 151 157.1 161 160.5 156.5 152.5 147.6 142 137 132.3 127.9 123.9 120.6 117.5 115 113 110.8 108.9 108.3 107.8 111.1 112.3 111.7 111.3 111.1 110.2 108.4 108.8 108.3 108.7 110.9 109 107.5 108.7 109.6 109.2 108.1 107.5 107 105.8 104.9 103.9 103 102.1 101.2 100.1 99.2 98.5 97.9 97.4 96.9 97.2 96.9 96.8 96.6 96.1 95.5 94.9 94.1 93.3 92.5 91.5 90.7 90.2
106.2 107.5 108.6 110 111.3 112.4 112.9 113.1 113.3 113.3 114.3 116.3 119 122.5 128.4 138.3 146.4 151.7 154.7 155.8 155.5 153.2 149.4 144.7 139.3 134.5 130.7 127.1 123.7 120.1 117.3 114.8 113 110.2 110.6 109.5 108.8 111.5 112.9 112.7 112.9 112.8 111.8 109.7 110.5 109.9 110.7 111.4 110.8 109.3 109.4 110.1 108.8 107.3 106.8 105.6 104.1 103.2 102.4 101.4 100.5 99.6 98.6 97.9 97.3 96.8 96.3 95.7 95.6 95.3 95.4 95.8 96 95.2 94.1 93.8 93.5 92.8 91.7 91 90.3
103.9 104.8 106.1 107.3 108.7 109.8 110.7 111.2 111.6 112.9 114.7 117.3 120.2 123.5 131.7 141.5 147.8 151.9 153.5 153.7 152.7 149.5 146 141.2 136.4 132.1 128.6 125.6 122.7 119.4 117 114.4 112 111.2 111.8 109.9 109.6 110.9 112.9 113.7 114.3 114.6 113 111.3 112.7 112.3 113 113.4 112.8 111.3 111.2 110.9 109.2 107.5 105.6 104.2 102.6 101.5 100.7 100 98.9 98 97.5 96.7 96.2 95.8 95.3 94.9 94.6 93.9 94.1 94.5 94.7 94.8 93.8 92.9 92.6 92.1 91.5 90.6 89.9
104.9 105.6 106 107 107.6 108.5 109.3 110.3 111.8 113.3 115.1 117.5 119.7 124.4 134.9 143.5 149 151.8 153.4 153.7 150.1 146.5 142.9 138 133.3 129.7 126.8 123.8 121.5 118.6 116.3 113.9 111.5 112.5 112.1 110 111.2 111.4 112.7 115.1 116 116.2 114.6 113.1 114.8 114.3 115.1 115.2 114.8 115 115.8 115.5 114.4 112.5 106.8 104.3 102.6 100.9 99.8 99.2 98.4 97.6 97 96.6 95.8 95.3 94.8 94.4 94.5 93.2 92.6 92.7 92.8 92.6 92.3 92 91.6 91 90.5 89.9 89.5
107 107.9 108.3 108.8 109.6 110.1 110.8 111.4 112.8 113.8 115.6 117.4 119.6 126.8 139.2 146 149.7 152.2 155 154 148.4 144 139.8 134.5 130.4 128 125.4 122.6 120.3 117.9 115.6 113.3 113.1 113 111.6 111.6 112.7 113.4 113.2 115.2 117.7 118.3 116.4 114.2 116.7 116.6 117.3 118.7 122.5 125.2 124.5 121.9 120.9 117.2 109.7 105.1 103.1 101.7 100.5 101 101.5 101.4 100.8 99.3 97.6 96.4 95.9 95.4 95 93.7 92.7 91.9 91.5 90.9 90.7 90.4 90.6 90.1 89.8 89.3 89
108.8 109 110.1 110.8 111.3 112.1 113.1 113.7 114.4 115.3 116.9 119.7 126.7 136.1 142.5 146.8 150.2 154.4 155.9 154.1 147.6 142.2 137.9 132.9 127.9 125.2 122.6 119.8 118.1 116.9 114.7 113.7 114.4 113.1 111.2 113.2 114.8 115.3 114.9 115.4 117.9 119.3 119 117.3 116.6 118.9 121.3 126.4 130 131 129.2 126.6 124.5 120 113.4 105.9 103.1 102.2 102.2 103.5 105.2 105.2 103.7 102.3 101.6 99 97.1 96.5 95.7 95.1 93.5 92.1 91.6 91 90.7 90.2 89.8 89.4 89.3 89 88.6
110 110 111 112 113 114.1 115.5 116.1 117.2 119.9 123.6 128.6 133.9 139.3 143.9 147.9 151.9 154.8 155.1 152.5 147.1 141.1 137.1 133.1 129.1 125.5 122.5 119.9 118.6 116.7 115.5 115.4 114.6 113 112.6 115.3 116.6 117.2 116.8 116.6 118.9 120.8 121.1 120.6 119 121.5 126.4 132.2 135.4 135.4 133.2 129.5 125.8 120.6 115.3 107.1 104.1 103.8 104 103.6 106.2 107.2 105.9 104.8 104.1 99 97.8 97.3 96.5 95.2 93.4 93 92.5 92 91.4 90.9 90.5 89.8 89.7 89.7 89.6
110.2 111 111.5 112.5 113.9 115.7 117.2 120 123.1 126.2 129.1 131.9 135.6 140.1 144.6 147.3 150.8 152 151.3 149.3 145.5 139.7 136.6 133 130.5 127.7 124.8 121.8 119.8 118.2 117.1 116.6 115 113.6 114.8 116.6 118.2 119.2 118.9 118.3 119.7 122.8 123.5 123.8 121 123.9 130.9 136.6 139.3 138.9 136.4 131.4 127.3 122.6 116.3 107.2 105.7 105.7 105.9 105.2 104.5 108 108.7 108.4 106.9 103 98.9 97.6 96.4 94.9 93.8 93.9 93.6 92.8 92.2 91.6 91.1 90.4 90.5 90.5 90.2
