public/OST50/SU24.asc
ncols 200
nrows 200
xllcorner 420000
yllcorner 140000
cellsize 50
[rows 108 to 143 of 200, columns 0 to 80 of 200]
119.4 121.6 124.4 123 119.9 119.5 124.2 126.6 127.8 128.8 129.2 130 132.2 133.8 134.6 135.5 136 137.3 139.3 142.3 152.7 162.1 169.4 173.8 173.7 170.6 166.9 161.4 157.1 155.7 153.8 152.9 151.4 149.6 147.6 145.8 143.8 142.3 140.7 138.6 135.9 134 131.7 128.4 125.9 123.5 121 118 115.5 113 111.1 110.1 108.9 108 106.6 105.1 103.9 103.7 103.8 104.1 104.5 104.1 104.1 103.6 102 100.7 99.4 98.5 96.9 95.2 94.8 96.6 99.6 101.9 103.6 104.3 108.1 110.2 110.9 112.6 113.5
120.3 122.6 124.7 125.9 123.6 120.8 124.8 128.3 130.2 131.6 132.4 133.3 134.8 136.1 139.7 140.9 142.6 145.8 148.4 153.8 165.3 173.6 177.8 178.4 177.2 174 165.7 156.9 151.1 149.2 148.9 148 147.1 146.5 145.5 145 144 142.3 140.7 139.5 139 136.6 132.6 129.5 127 124.3 121.2 118 115.4 113.3 111.6 110.1 108.9 107.9 106.9 105.9 104 102.6 102.1 102 102.9 103.5 103.8 103.3 102 100.6 99.3 97.9 96.1 94.7 94.5 98.2 101.9 104 105.1 107.2 108.7 109.6 110.3 110.8 112.9
120.4 123.6 125.6 127.8 126.8 124.3 125.4 130 132.4 134.5 135.6 136.3 138.7 143.9 150.6 155.1 155.5 164.2 167.9 172.1 177.3 182 183.5 183.5 181.5 177.1 169.4 160.8 151.5 140.9 141.9 142.7 142.6 142.6 142.7 143 142.9 141.9 140.6 139 138.3 137 134.1 130.3 127.7 125 121.8 118.8 116.5 114.6 112.8 111.3 110.4 109.6 108.4 107.4 105.4 103.1 101.7 100.8 101.3 102.1 102.9 102.7 101.6 100.6 99.3 97.1 95.9 95 95.1 98.7 102.2 104.3 106.3 107.6 107.9 108.3 109.3 110.5 112.7
120.5 123.7 126.1 129.6 129.4 128.2 127.3 131.5 134.8 136.7 139.9 143.7 150.8 157.1 163 168.4 170.1 173.5 177.6 180.4 183.5 185 185.5 184.8 182 177.5 170.6 162 152.9 142.1 133.9 136.3 137.5 138.4 139.4 140.1 140.8 140.5 139.5 138.5 136.7 135.3 135 131.7 128 125.3 122.5 120 118 116 114.4 112.8 111.8 110.8 110 109.6 106.9 104.4 102 100.7 99.9 100.5 101.4 102.1 101.7 101 99 96.6 95.5 95 95.5 98.8 101.4 103.4 105.7 106.7 106.7 106.8 108 110.2 112.4
122.1 124.5 127 129.5 131.3 131.2 131.4 133.2 136.4 140 145.8 153.1 161.1 167.3 173.6 177.3 178.9 180.7 184 184.9 185.5 185 182.9 181 177.9 173.7 167.7 159.6 150.7 141.2 131.9 130.2 131.3 133.3 134.6 136.5 137.9 138.3 137.7 137 135.2 133.5 134.2 132.9 128.3 125.3 122.9 120.9 118.7 117.5 115.9 114.3 112.9 111.4 110 109.8 107.4 105.3 103.1 101 99.2 99.2 100.3 101.4 102.3 102.1 99.5 96.2 95 94.8 95.5 97.6 99.7 101.8 103.6 104.3 104.6 105.4 107.2 109.3 111.7
124.1 126.2 128.5 130.9 133.1 134.4 134.7 136.3 139.9 145.6 153.1 159.9 167 173.3 180.1 184.7 184.8 186.6 187 186.5 184 181.7 177.6 173.5 169.8 165.7 160.9 153.3 145.5 137 129.9 127.2 126.6 127.4 129.3 132.3 134.4 135.7 135.7 134.9 133.7 132.2 132.4 131.9 128 124.8 122.5 120.4 118.5 117.5 116.4 114.4 112.4 111.2 109.8 108.4 106.8 105.1 103.3 101.2 99.8 98.4 98.9 100.4 101.2 101 99.3 95.9 95.2 94.6 95.9 97.5 98.8 100 101.7 103.2 104.6 105.6 106.9 108.3 110.5
124.7 127.7 130.2 132.6 135.2 136.8 138.1 139.9 145.7 154.2 160.9 166.9 171.7 176.1 181.1 185.8 188.3 189.4 188.6 185.5 182.7 178.5 172 165.6 160.8 156.5 151.9 145.7 139.3 133.1 127.6 125.6 123.7 122.7 124 127.3 131.9 132.6 133.3 132.6 131.7 130.5 129 129 126 124.1 121.7 119.6 118 116.9 115.4 114 112.1 110.5 109.2 107.7 106.1 104.5 102.9 100.5 99.6 98.4 98.5 99.8 98.9 99.5 97.6 95.3 94.2 94.6 96.6 98.5 100.2 101.4 102.8 104.6 105.8 107.3 108.4 109.4 110.7
124.5 128.2 132 134.6 137.7 140.2 142.2 147.9 156.3 162.8 167.7 171.8 175.3 178 180.7 184.2 188.5 189.6 187.7 184.4 181.2 176.7 170.7 160.3 149.8 147.1 143.6 138.4 133.1 130.9 130.2 127.7 124.7 122 120.6 123.7 127.1 130.3 130.2 130.2 129.4 128.7 127.3 126.2 124.3 123.1 120.9 119.1 117.6 115.7 113.7 112.9 111.1 109.8 108.4 107 105.6 104 102.4 100.8 99.6 98.5 99 99.1 98.1 97.9 95.9 94.8 94 95.3 97.7 99.4 100.9 103 104.8 106.2 108 109.6 110.7 111.9 112.5
125.2 129.3 133.3 137.1 140.4 145.3 151.4 158.4 165.2 169.7 172.7 175.1 177.1 178.5 179.4 181.5 187.4 190.1 185.1 182.1 178.9 174.6 169.8 162.8 152.2 143.5 139 136.7 134.7 133 131.3 128.6 125.7 122 119.3 120.7 124 126.5 127.9 127.7 127.1 126.8 125.5 124.4 123 121.5 119.7 118 116.4 114.3 112.5 111.2 110.4 109.2 107.8 106.3 104.9 103.5 101.9 100.8 99.3 98 97.8 96.5 96.8 95.9 95.3 94.6 94.7 96.4 97.7 99.4 101.3 103.8 106 107.9 109.8 111.7 112.9 114 114.9
127.6 130.9 135.8 140.4 147.2 152.7 159.5 166.1 171.7 174.9 176.6 176.1 175.9 175.6 176.3 178.2 182.4 184.5 182.2 178.6 175.3 172.2 167.8 162.7 157 150.1 145.6 141.7 138.1 134.6 131 127.5 124.2 121.2 118.5 118.9 121.5 123.4 124.5 125 125.1 124.9 124 123.1 121.9 120.3 118.6 116.8 114.8 112.8 111.1 109.7 109.7 108.4 107.1 105.7 104.2 102.8 101.3 99.9 98.8 97.6 97 96.5 95.2 94.7 95 94.6 95.2 97.9 98.7 100.9 102.8 104.6 106.9 109 111.2 114 114.6 115.8 116.9
134.6 138.5 142.3 148.6 155 160.2 166.4 171.4 176 176.5 175 173.4 172.1 171.5 172.4 174.8 177.4 178.9 177.2 173.9 170.6 168.6 164.6 161.5 157.9 152.4 148.2 143.3 139.3 134.9 130.4 126.2 123 120.7 117.9 116.5 118.7 120.7 121.9 122.3 122.7 122.8 122.4 121.7 120.9 119.5 118.1 115.6 113.5 111.5 109.6 108.7 108.7 107.8 106.5 105.1 103.6 102.2 100.7 98.2 97.1 96.2 95.4 94.1 94.6 93.7 94.8 94.9 96.8 98.1 100.2 102.4 104.7 106.6 108.4 110.1 112.3 114.8 117.4 117.3 118.1
143.4 148.4 151.3 155.9 162.1 167.1 171.3 176.1 176.4 174.3 171.9 169.5 168.1 166.5 169.7 172.1 174.2 173.4 171 168.1 165.4 162.9 160.8 157.8 154.9 151.2 147.1 143.1 139 134.7 130.2 126.4 123.3 120.6 118.3 115.7 115.9 117.9 119.4 120.1 120.4 120.7 120.5 120 119.8 119 117.7 116.2 113.7 111.3 108.9 107.8 107.7 107.2 105.8 104.4 103 101.5 99.5 96.2 95.4 94.8 93.7 93.6 93.6 94 94 98 98.8 99 101.7 103.9 106.2 108 109.1 111.1 113.4 115.5 117.7 119 119
151.8 157.5 160.8 164.7 168.5 172 174.9 175.8 173.9 170.7 166.7 164.1 162 161.3 165.7 169.5 170.6 168.9 165.7 162.7 160 157.5 156 153.5 150.7 147.8 145.1 141.7 138.1 134.2 130.5 127.3 124.2 121.6 118.9 116.4 114.4 115.1 116.6 118.1 118.4 118.7 118.8 118.8 118.7 118.1 117.2 115.2 113.9 112.5 110.9 109.1 107.6 106.6 105.2 103.8 102.4 100.7 98.2 96.1 94.1 93.7 93.3 93.1 93.3 96.2 99.1 101.5 102.4 102.9 103.6 106 107.7 108.6 109.7 111.4 113.7 115.9 117.8 118.7 118.5
159.4 166.2 169.3 171.6 173.5 175 174.2 173.1 170.1 166.2 161.5 158.2 154.5 158 164.5 167.3 166.7 164.4 161 157.8 154.9 152 151.3 149.1 147 144.7 141.6 138.5 135.9 132.9 129.9 126.8 124.1 121.6 119.3 116.9 114.7 113 114.5 115.9 116.6 116.9 117.4 117.5 117.4 116.8 115.9 114.7 113.2 112 110.9 109.9 108.7 107.1 105.7 103.6 101.8 100.1 98.1 95.3 93.1 93.2 93.6 93.8 94.1 98.6 102.2 103.8 104.9 105.9 106.5 107.4 108.2 109 110.4 112.1 113.9 116 117.1 117.6 117.7
164 171 175 176.8 177.7 175.9 172.1 167.7 164.7 160.5 155.9 152.2 150.2 155.9 162.2 164.3 162.6 159.2 156.3 153.1 150.3 147.9 146.8 145.5 143.6 141.6 138.2 135.6 133.1 130.6 128.6 125.9 123.5 121.3 119.2 117.1 115 112.3 113 114 114.8 115.2 115.6 116.1 116.1 115.9 114.7 113.8 112.5 111.3 110.2 109.4 109.1 108.2 107.6 106.5 104.4 101 98.5 95.2 92.7 93.8 94.1 94.3 98.7 100.5 102.7 104.5 105.6 106.2 107.8 108 108.4 109.6 111.4 112.7 114.3 115.1 115.4 115.7 117.6
166.1 172.8 177.1 179.2 178.8 175.2 168.2 161.3 157.6 154.4 150.2 146.4 146.3 153.7 157 158.3 156.4 153.5 150.7 148.6 146.7 144.4 142.8 142.1 140.6 138.3 135.3 132.9 130.5 128.5 126.6 124.6 122.3 120.4 118.4 116.5 114.4 111.7 111.1 112.9 113.3 113.8 114.3 114.6 114.7 114.2 113.4 112.5 111.7 110.8 109.9 109.1 108.4 107.7 108.5 108.3 105.8 101.5 99 95.1 92.7 95.5 93.9 95.5 98.4 99.9 101.1 102.6 104 105.6 106.8 107.5 105.4 104.3 105.9 107.4 109.4 111.4 113.4 113.1 112.6
166.9 171.8 176.7 179.2 178.2 174.3 166.2 157.7 150.6 147.9 145.3 140.9 146.5 149 150.7 151.2 150.6 148.5 146.7 145.1 144 141.3 139.1 138.5 137.1 135 133.2 130.4 128.4 126.5 124.4 122.4 120.6 119 117.2 115.2 113.8 111.3 110.1 111.4 112.4 112.7 113.2 113.4 112.8 112.6 111.9 111.1 110.4 109.8 109.3 108.6 107.8 107.2 106.8 107.4 105.7 103.4 100.3 95.7 93.8 97.6 93.7 93.9 97.1 98.4 99.5 100.9 100.9 101.2 101.7 102.9 105 106.3 107.8 108.7 108.5 110.1 110.1 109.9 110.1
167.9 171.4 174 177.2 177 172.5 165.4 158.5 150 143.6 140.1 137.5 142.9 144.3 145.7 145.2 144.8 144.2 142.8 141.2 140.5 139.8 137.7 135 133.7 132.6 130.9 129.2 126.4 124.4 122.6 120.7 119.1 117.4 115.6 113.9 112.4 110.2 109 109.9 111 112 111.8 111.5 111.2 110.9 110.3 109.9 109.2 108.7 108.1 107.6 107 106.7 106.4 106.4 105.9 104.4 102 98 98 100.2 100.4 100.8 100.7 100.7 97.2 96.5 97.7 98.6 99.4 100.8 102.2 103.3 105.1 106.4 105.7 106.6 107.3 107.7 108.8
168 170 171.8 173.4 173.8 170.1 163.5 157.9 153.4 147 140.8 134.9 138.7 140 141.2 140.7 140.2 139.7 139.1 137.9 136.8 135.8 135 132.3 131 130.1 128.4 126.9 125.4 123.2 121 119.2 117.7 115.9 114.2 112.6 111.2 109.2 108.1 109.4 110.4 111.1 110.6 110.2 109.9 109.9 109.5 108.9 107.9 107.4 106.9 106.4 105.7 105.1 105.6 105.7 105.9 104.9 103.1 100.5 100.7 100.8 96.8 92.7 93.4 94.8 96.6 97.7 99.2 99.9 100.8 100.9 101.3 101.9 103 104.4 105.4 106.5 107.7 108.8 110.9
167 168.3 168.4 169 169.6 167 160.8 153.8 149.2 144.7 139.6 134.7 133.5 136.2 136.7 136.9 136.4 136 135.3 134.8 133.8 133.4 132.1 130.4 128.4 127.6 126.2 124.8 123.3 121.9 120.1 118 116.1 114.5 112.9 111.8 110 108.2 107.3 108.8 109.9 110 109.4 108.8 108.7 108.2 107.9 107.5 106.7 106 105.2 104.5 103.7 103.4 103.6 104.5 100.4 100.7 100.7 100 96.6 93.5 92.2 92.4 93 95.1 98.1 100.3 103.5 103.7 104 104.7 105.2 105.5 106.4 107.6 108.7 110.1 109.9 110.8 111.6
165.4 164.9 163.8 163.2 164 162 156.4 149.5 143.9 140.3 136.7 133.3 129.5 132.5 132.9 133.1 133 132.6 131.7 131.1 130.6 130.6 129.8 128.4 126.8 125.5 124.5 123.2 121.8 120 118.5 117.1 115.1 114.3 112.8 110.4 108.9 107.8 106.6 108.2 109.3 108.8 108.1 107.4 106.7 106.1 105.8 105.5 104.4 103.8 103.3 102.4 101.7 100 99.9 100.6 101.2 101.6 98.2 98.2 96.6 94.6 92.3 91.9 92.4 93.2 97.3 101 104.1 105.3 106.6 107.2 107.7 108.8 109.9 110.9 111.9 112.9 113.8 113.2 113.4
162.5 160.4 156.8 154.7 155 153.8 149.6 144.6 139.2 136.7 133.8 131.9 128.3 129 129.8 129.7 129.6 129.1 128.3 127.8 127.7 127.9 127.8 126.5 125.1 123.6 122.7 121.7 120.5 119 117.2 115.6 114 113.5 111.8 110.2 108.5 106.8 106.7 107.4 107.3 107.4 106.9 105.8 104.8 104 103.5 103.1 102 101.5 99.6 99.4 99.4 99.1 99.1 99 98.4 98 95.9 94.9 93.8 92.3 92.5 92.2 92.3 92.9 95.9 100.6 103.9 105.2 106.4 108 109.1 109.9 110.8 111.7 114.4 115.4 115 114.6 115.1
158.2 154.9 149.8 146 145.4 144.5 141.8 138.9 135.8 133.6 132.1 130.5 128 125.8 126.6 126.6 126.5 125.9 125.2 124.5 124.7 125 125.6 124.9 123.7 121.8 121 120.1 118.9 117.7 116.1 114.5 112.9 111.5 110.4 109.1 107.7 105.9 104.6 105.6 106.9 105.9 105.4 104.2 103.2 102.6 101.6 100.9 98.9 98.8 98.6 97.9 97.8 97.3 96.4 96.2 95.4 94.6 94 93.6 93.3 93.2 92.7 91.9 92.2 91.6 93.2 99.7 103.5 104.9 106.3 107.7 109.1 110.1 110.9 112.6 114 114.9 113.9 114 115.6
153.3 149 144.5 140.1 139.3 138 136.4 134.4 132.6 130.6 129.5 128.6 127.1 124.1 123.8 124 123.8 123 122.2 121.3 121.9 122.3 123.3 123.2 121.6 120.3 118.8 118.3 117.5 116.4 115 113.4 111.8 110.4 109 108 106.8 105.1 103.9 101.6 104 103.8 103.5 103.2 102 99.8 99.2 98.7 98.6 97.9 97.4 97.2 96.9 96.2 96 95.8 95.3 95.3 95.1 95.6 94.9 94.4 93.9 92.6 91.2 91.6 92.5 99.4 102.9 104.1 105.6 107.1 108.7 110.1 111.1 112.2 112.5 112.2 112.5 113.1 114.1
150.9 146 140.9 137 135 134.3 132.3 130.6 128.8 127.3 127 126.7 125.9 123.8 122.8 123.8 123 120.6 119 118.6 119.1 120.2 121.2 121.4 120.2 118.8 117.3 116.3 116.1 115 113.9 112.3 110.9 109.7 108 107.2 105.9 104.3 102.8 103 103.5 102 101.4 99.8 99.9 99.9 99.3 99.4 98.5 98.4 98.2 98 98 98 97.9 98.1 98.2 98.3 98.1 98.3 96.7 95.9 94.5 92.8 91.2 91.1 92.3 97.7 101.9 102.9 105 106.8 108.6 109.7 110.5 111.3 111.1 111.1 111.4 111.7 112.1
158 152 145 138 134 132.2 130.4 128.5 127.5 125.1 123.7 123.1 123.9 123.1 122.7 122.9 123.8 118.6 117.6 117.3 116.2 117.4 119.7 119.5 118.4 117.3 116.3 114.8 113.7 113.4 112.3 111.2 109.8 108.4 107.4 106.1 104.7 103.3 102.5 102.1 102.9 100.9 100.8 100.3 100.1 100.5 100.6 100.4 100.3 100.1 100.4 100.2 100.5 101.1 101.6 101.8 102.1 102.4 101.6 99.8 97.8 96 94.2 92.5 91.3 90.8 93.4 97.6 101.6 103.8 105.3 106.7 108.2 109.3 109.7 110 110.1 110.1 110.2 110.6 110.7
162.6 153.9 144.4 140.2 137.9 135.6 133.5 131.4 128.8 126.8 124.9 122.9 120.8 120 123.6 125 124 121.1 120.5 120.4 119.5 118 116.8 116.8 116.2 115.6 115.1 113.7 112.4 111.2 110.2 109.2 107.7 106.5 105.4 104.6 103.9 103.7 103.5 102.4 104 102.1 102.1 102.8 103.4 104.6 105.2 104.7 104.2 104.2 104.3 105.4 106 105.8 105.8 106 105.9 105.1 103.7 101.4 98.1 95.7 93.9 91.7 91 91.5 93.7 98.4 102.1 103.8 105.3 106.8 108 108.8 108.9 108.6 108.7 108.9 109 109.2 108.5
165.1 158.7 152.2 146.5 142.8 138.6 135.9 133.1 130.5 128.5 125.9 122.9 121 120.6 124.3 126.4 124.7 123.2 125 123.9 120.8 118.2 114.9 116 115.2 113.6 112.9 112.5 110.6 109.2 107.9 107 105.9 105.6 105.2 105 105.1 104.9 104.6 105.4 105.8 105.8 105.6 108.1 110.8 112.3 111.5 110.5 110.1 109.3 110 109.4 108.3 107.4 107 106.7 106.5 105.6 104.2 102.1 98.5 95.2 93.1 91.4 91.6 91.9 95 98.8 102.4 103.9 105.4 106.3 107.1 107.8 107.6 107.3 107 107.1 107.3 107.3 106.3
167.2 161.5 155.4 150 145.3 141.1 137.7 134.7 131.8 129 126.1 122.9 122.5 124.1 126 126.7 128.2 128.6 127.9 125.5 121.8 119.1 117 117 116.8 115 112.4 109.2 108.6 108 107.2 107.1 107.1 106.9 106.6 106.2 106.8 107.5 108.4 109.4 109.9 109.8 111.3 113.5 115.3 115.9 115.9 114.8 113.8 112.8 111.4 110 108.7 107.6 106.5 105.5 105.2 104.4 103.4 101.5 98.4 95.2 92.4 90.8 91.2 92.2 96.2 100.6 103.7 104.1 105.1 105.8 106.4 106.3 106.1 105.8 105.4 105 104.9 104.7 105.9
164.8 159.4 154.6 149.3 145.3 141.7 138.3 135.4 132.3 129.3 125.5 123.9 126.5 127.7 129.3 129.7 130.5 130.5 127.8 123.6 119.4 117.9 118.3 118 117 115.9 110.8 109.8 109.6 109.7 109.8 109.4 109.1 109 108.5 108.2 109.4 110.5 111.7 112.4 112.8 113.3 114.4 115.2 116.2 116.1 116.4 115.9 114 112.3 110.4 108.9 107.6 106.4 105.4 104.1 103.5 102.9 101.4 99.7 96.8 94.3 91.3 90.9 91.1 94.4 98.4 101.1 103.6 105 106.1 106.8 106.2 105 104.3 103.8 102.8 102.4 102.6 103.3 104.3
160.1 156.2 151.7 148.1 144.6 141.2 137.9 134.9 131.7 128.2 125.1 127.3 129.4 130.3 131.2 131.3 130.8 129.8 125.3 122.5 119.8 118.9 118.7 119.1 117.7 116.3 113.8 113.1 112.7 112.7 112.5 112 111.6 111.3 111 110.7 111.6 112.9 114.2 115.2 115.3 115.3 114.9 114.9 115.4 115.1 114.9 113.7 112.1 110.5 108.9 107.6 106.2 104.8 103.7 102.5 102.1 101.1 99.4 97.6 95.5 93.5 91.3 90.8 91.9 96.6 99.4 101.5 103.4 103.7 103.9 103.7 103.7 103.1 102.2 100.9 100.3 100.9 101.8 102.6 103.2
156.5 153.2 149.4 146.4 142.8 139.6 136.3 133.4 130.4 126.7 127 130 131.1 132.1 132.3 132 130.8 129.2 125.5 122.7 120 118.5 118.8 118.8 118.1 116.6 116.1 115.3 114.7 114.1 113.4 113.2 113.1 113 113.2 113.2 113.9 115.1 115.7 116.3 116.8 116 115.3 114.4 113.4 113.1 112.5 111.4 109.8 108.3 106.9 105.6 104.3 102.4 101.8 101.2 101 100.3 98.4 96.5 94.2 92.2 91 90.7 92.6 96.6 98 98.8 99.4 99.6 100 100.3 100.4 100.2 99.3 100.3 100.6 101.9 103.3 104.1 104.6
154.3 150.7 147.2 144 140.8 137.6 134.9 131.1 128.5 128.4 129.9 131.7 132.4 132.7 132.8 132.5 130.8 128.6 125.7 122.8 119.9 118.2 118.3 117.9 118.6 118.1 117.8 116.7 115.8 115.3 114.7 114.6 114.4 114.2 114.5 114.7 115.5 115.7 115.8 115.8 115.8 115.1 113.8 112.8 111.8 110.8 110 109.1 107.6 106.3 104.9 103.6 102.4 100.3 99.2 99.9 101 100 97.4 94.5 92.4 91.4 91 90.9 92.1 94.9 95.7 96.3 96.9 96.7 97.3 97.9 98 98.1 99.1 100.8 102.3 103.5 105 105.8 106.4
152.5 148.7 144.8 141.7 138.8 135.7 132.6 130.5 131 131.5 131.3 132 132.6 132.1 132.1 131.8 130 127.7 125 122 118.2 119.7 121.3 119.8 119.5 118.9 118.5 117.6 117 116.5 116.1 115.8 115.5 115.3 115.1 114.9 115.4 115.7 114.6 115.4 115.1 114.4 113.1 111.3 110 109 108.1 107.2 105.6 104.2 102.9 100.9 99.5 98.1 97.5 98.4 99.2 98.1 95.4 92.8 91.1 90.4 90.1 90.7 92.3 92.7 93.5 93.9 94.9 95.8 96.3 97.6 98.9 99.9 100.8 102.3 103.9 105.1 106.3 106.9 107.5
150.9 148.5 146.1 143.2 139.1 136 133.2 133.7 133.7 132.9 132.9 132.5 131.7 131.2 130.7 129.9 127.4 126.4 123.7 124.5 123.8 121.3 121.2 120.8 120.5 119.8 118.9 118 117.3 116.6 116.1 115.9 115.4 114.9 114.7 114 113.6 113.6 113.1 113.4 113.2 112.6 111 109.6 108.4 107.1 106.2 105.3 103.8 102.2 100.6 98.8 97.2 95.8 96.2 95.9 96 94.9 92.9 90.7 90.2 89.7 90.4 91.3 92.6 92.7 93.6 94.8 95.5 96.5 97.2 97.4 100 101.9 102.6 103.8 104.9 106 107.1 107.4 108.1
147.6 146.4 144.2 141.6 138.2 135.2 135.7 136.1 135.3 134.2 132.6 131.4 130.5 129.5 128.8 127.7 126.9 127.8 126.5 121.7 123.1 122.7 122.1 121.6 120.5 119.6 119.8 117.9 116.9 116.3 115.9 115.3 114.6 113.9 113.4 112.5 111.8 111.1 110.5 110.5 110.5 110.1 109.1 108 107.2 105.3 104.1 103.1 101.4 100.1 98.7 96.9 95.4 94.3 94.3 93.8 92.6 91.1 90.3 90 89.8 90.1 92 94.1 95.2 95.8 94.6 95.8 96.4 96 98 98.3 100 102.4 103.2 104.4 105.4 106.1 107.4 108.1 108.4
