public/OST50/SU27.asc
ncols 200
nrows 200
xllcorner 420000
yllcorner 170000
cellsize 50
[rows 0 to 34 of 200, columns 78 to 155 of 200]
180.4 179.4 177.9 176.1 173.4 170.4 168.1 169.4 173.5 176.4 178.2 179.7 184.3 187.1 188.7 192.3 208.6 221.4 228.6 234.1 236.1 236.3 234.1 231.9 229.8 228.1 226.2 224.7 223 220.5 218.7 216.8 215.2 212.8 210.3 207.9 205.1 201.6 197.5 189.7 184.8 196.7 201.1 201.6 199 197.2 195 193.1 191.3 189 186.5 185.1 183.6 182.3 180.9 179.6 179.1 178.2 177.7 177.9 178.8 180.6 182.7 183.4 183.1 181.9 180 177.4 175.7 173.7 170.9 168.4 167.4 167.6 168 169 169.2 168.9
171.3 172 178.9 177.2 175.3 172.7 170.3 167.8 168.3 171.1 173.4 175.8 177.9 179.7 183.9 194.4 208.5 219.1 226 232.3 232.8 233.6 230.7 228.5 226.5 224.6 222.8 221.8 220.3 218.9 218.2 217.3 216.2 214.6 211.1 207.1 203.5 200.4 196.8 191.6 183.6 186.6 190.7 191.6 191.3 190.2 189.1 188.2 186.9 185.4 183.5 182.2 180.7 179.4 178.1 176.9 176.2 175.4 175 174.8 176.4 178 180 180.9 180.6 179 177.4 175.4 173.1 170.3 168.8 168.3 168.9 169.7 170.8 171.7 172.5 172.2
172.6 172.2 171.1 171.2 175.7 174 171.8 169.8 166.9 167.3 169.5 172.5 175.5 180.2 185.8 195.4 206.8 216.1 222 226.3 227.2 227.5 225.9 223.5 222.1 220.3 219.5 218.9 217.8 217.5 217.2 216.7 215.6 213.2 208.6 204.1 199.7 196.1 192.1 188.6 185.6 183.1 184.1 185.3 184.7 184.7 184.6 184 183.2 181.9 180.6 179.2 177.8 176.5 175.9 175.6 175.7 175.3 174.7 173.7 173.5 174.4 175.9 176.6 176.3 175.2 173.4 171.6 170.4 169 169.3 170.5 171 172.3 173.5 174.4 175.2 175.8
173.2 172.5 172.2 171.7 171.2 171.2 171.6 169.6 167.5 166.2 168.2 172.4 175.7 179.1 185 192.5 200.6 209.4 215.5 218.5 218.7 218.8 218.2 217.5 216.7 215.6 214.8 215.1 216.2 216.1 215.8 215.6 214.4 210.9 206.2 201.3 197 194.3 193.2 191.4 188.3 185.2 184 183.1 182.2 181.4 180.7 180.5 180 179.5 177.9 176.9 177 177.1 177.1 177.3 177.2 176.6 176.1 175.2 174.3 173.4 173.1 172.4 172.3 172.7 172.1 170.6 170.6 170.7 171.6 172.7 173.6 174.9 176.5 178.3 180.8 184.7
172.5 172.6 171.8 171 170.1 169.3 169.7 171.2 171.8 170.3 166.6 169.8 172.9 175.8 179.8 185.1 190.5 197.7 204.6 208.2 209.3 210 209.5 209.1 208.6 207.2 206.8 209 212.5 214.1 214.6 214.7 213.4 209.4 204.9 201.1 199.3 197.9 196.7 194.1 191.1 188.1 186.7 185.5 184.2 183.1 182 180.9 179.7 178.9 178.8 178.9 177.9 178.6 178.6 178.8 178.8 178.2 177.5 177 176.1 175.5 174 172.6 172.4 172.2 172 172.2 172.6 173 174.2 174.9 176.2 177.9 180.1 184.3 192.7 201.4
171.3 170.7 170.4 170 169.5 169.1 168.7 168.3 167.3 170.3 173.2 173.8 174 170.3 173 175.7 178.2 184.3 190.1 194.1 199.3 200.7 200.9 200.5 198.7 197.2 197.4 201.3 206.2 210 212.9 213.6 212.5 210.2 206.6 205.2 204.1 202.1 199.6 196.9 194 191.3 189 187.1 185.3 184.1 183.1 181.7 180.8 180.4 180.3 180.4 180.6 180.8 180.8 181 180.6 179.9 179.2 176.6 177.2 177 176 174 173.9 174.7 174.3 174.5 174.9 175.5 176.4 177.1 178.9 181.3 185 193.7 205.3 213
171.9 171 170.9 171 170.7 170.4 170 169 168 167.1 166 165.1 173.8 174.4 176.5 177.5 177.9 175.4 177.5 181.8 188.9 191.2 191.6 191.5 190 188.9 189 193.2 198.7 203.9 209.7 212.5 212.6 211.1 209.9 208 207 204.7 202.2 199.6 197 194.3 191.4 188.2 185.9 184.5 183.6 182.9 182.8 183.2 183.6 183.5 184 184.5 183.7 183.6 182.8 182 180.7 179.8 178.4 177.2 176.3 175.4 176.2 176.6 176.6 176.7 177.2 177.8 178.8 180 182.3 186.1 194.5 205.3 213.2 220.8
172.9 172.4 172.3 172.7 172.4 171.9 170.7 169.5 168.8 168.2 167.2 166.5 165.9 165.5 162.1 164.9 170.8 176 180.4 181.9 183.4 184.6 185.9 184.8 182.7 182.4 183.5 186.9 191.7 198.7 206.7 211 212.2 212.2 211.4 210.7 208.8 206.9 204.7 202.3 199.3 196.2 192.7 189.4 186.6 185.6 185.7 185.5 186.5 187.4 188.9 188.4 188.4 188.1 187.2 186.3 184.8 183.5 182.2 181 179.5 177.3 177 177.4 178.4 178.5 178.7 179 179.6 180.7 182.2 184.1 186.9 196.2 206.7 214.6 221.3 226.8
174.6 174.1 174.1 174.2 173.5 172.4 171.1 170.2 169.6 169 168.7 168.2 167.4 166.5 165.4 163.2 162.6 163.2 166.4 170.2 172.5 175.6 179.8 184.3 188.7 190 191.1 192.3 191.7 195.1 202.6 208.4 211.4 211.4 211.5 211.1 210.4 208.6 206.5 204.3 201.2 198 193.7 190.6 188.9 189 189.5 191.5 193.2 194.6 195.3 194.3 193.3 191.9 190.5 188.9 187.2 185.2 183.8 181.8 179.7 178.5 178.7 179.6 180.7 180.7 180.8 181.5 182.2 183.6 186.1 189.2 196.4 207.4 216.1 223.1 228.2 231.7
176.2 175.8 175.5 175 173.9 172.6 171.6 171.1 170.7 170.7 170.5 169.5 168.6 167.8 166.8 165.8 164.5 163.1 161.7 164.6 167.2 169.7 171.5 173.7 175.6 177.4 181.1 184.8 190.9 195.4 196.7 198 202.6 209.1 210.4 210.6 210.3 209.8 208.5 206.2 203.2 199.4 195.6 194 193.4 194.3 197.4 199.5 200.9 201.7 201.4 200.2 198.7 196.7 194.4 192.2 189.9 187.2 184.4 182.3 180.3 179.9 180.5 182 182.9 183 183.4 183.9 185.6 188.2 191.9 199.1 208.8 217 223.9 229.6 232.7 235.8
177.7 177 176.3 175.2 174.1 173 172.5 172.1 172 172.1 171.7 170.7 169.9 169 168.1 167.1 165.7 163.9 162.8 161.7 165.3 166.8 169.2 171.1 171.2 171.3 173 176.4 180.7 186.2 192.2 194.4 196.9 200.3 201.6 203.7 209.8 209.8 209.8 208 205.2 202.8 200.9 200.1 200.8 202.2 203.9 205.4 206.2 206 205.2 204.1 202.5 200 196.8 193.4 190.5 186.8 184.5 182.6 181.8 182.4 183.1 184.2 185.4 185.5 186.6 188.4 191.2 195.1 204.7 213.1 219.2 225.4 230.7 233.6 236.3 237.4
178.6 177.6 176.5 175.3 174.4 174 173.6 173.2 173.2 173.2 172.7 171.9 171.1 170.3 169.5 168 166.4 165 163.4 161.7 163.3 164 166.6 168 167.8 168.2 170.4 174 177.4 182 187.4 190.6 194.1 198.9 202.5 207 207.2 205.9 206.9 210.1 208.8 207.7 206.9 206.8 207.4 208.7 209.2 209.3 209 207.7 206.4 205 203.2 200.4 196.7 192.6 189.3 185.8 184 183.9 185 185.5 186.3 187.4 188.7 189.8 192 195.2 200 206.6 216.5 223 227.6 231.4 233.6 236 237 237.4
178.4 177.4 176.2 175.8 175.6 175.4 174.8 174.2 174.1 173.3 172.9 171.9 170.8 169.7 168.6 167.4 165.8 164.6 163.6 162.1 160.7 162.1 164.1 165.2 164.9 166.3 169 171.4 173.9 177.8 180.8 183 187.7 193.2 197.3 204.9 207.7 210 213.2 211.2 209.3 210.7 212.9 212.9 213.7 214 213.7 212.2 210.6 208.4 206.4 204.6 202.1 198.8 194.5 190.4 187.3 186 186.5 187.8 188.4 189.3 190.3 191.4 193.6 196.7 200.9 205.8 211.6 217.2 223.6 229.3 232.6 234.8 236.4 236.9 237 236.7
178.3 177.4 177.1 176.9 176.7 176.2 175.2 174.4 173.7 172.6 171.8 170.7 169.7 168.6 167.5 166.3 165.2 164 162.9 162.1 161.1 159.3 161.5 162.8 163.1 165.7 167.7 169.6 171 172.5 174.1 176.1 180.4 185.6 194.6 203 207.4 208.9 210.8 212.1 214.1 215.9 213.2 213.9 216 216.8 215.7 214.1 211.4 208.2 205.3 202.8 198.7 195.1 192.6 189.5 189.4 190.2 191.2 192.5 193.1 194.2 196.2 198.8 202.6 208.5 213.1 216.9 221.4 225.6 229.4 233.3 235.5 236.5 236.5 236.3 235.7 235.1
178.8 178.5 178.2 178 177.5 176.4 175.3 174.4 173.6 172.5 171 170 168.6 167.5 166.4 165.2 164.4 163.4 162.5 161.8 160.8 159.8 159.4 160.3 162.3 164.5 166.3 166.6 166.8 167.5 168.7 169.9 174.3 181.1 190.4 198.3 204.5 207.1 210.7 212.6 215.5 218.3 219.6 220.2 220.3 216.7 218.1 215 211 207.1 203.9 199.3 195.6 193.9 193.6 194.5 195.2 196.4 198.5 200.4 201.7 203.6 207.4 210.5 213.8 217.8 222.8 226 228.9 231.5 233.3 235.3 236.3 236.6 236 235.2 233.9 232
179.9 179.6 179.3 178.8 177.7 176.6 176.1 175.7 174.7 173.6 171.4 169.8 168.4 166.7 165.5 165 164.5 163.8 162.7 161.5 160.5 159.5 158.5 158.9 160.2 162.2 163.3 163.6 163.4 163.4 163.8 166.1 170.3 176.1 184.5 193.6 200.1 205.1 209.7 214.3 217.4 218.8 221.4 223.1 222.8 221.1 218.4 220.2 221.4 218.5 210 199.5 200.1 200.6 202 202.7 204.9 206.1 208 211 213.9 215.7 218.5 222.1 224.8 226.6 229.4 231.8 233.5 235.2 236.1 236.8 236.7 236.2 235.1 233.3 231.6 228.7
181 180.8 180.1 178.9 178 177.4 177.2 176.9 175.8 173.9 171.9 169.8 168.3 167.2 166.5 166.1 165.3 164.2 162.8 161.4 160.5 159.5 158.8 158.3 157.9 158.8 159.1 159.7 160 160 160.6 163.2 165.9 170.1 177 186.3 196.4 203.7 207.7 211.8 216.5 219.2 222 225.2 224.3 222.9 220.5 216.4 212.3 221.6 224.5 222.7 210.1 212.6 216.1 216 215.9 216.2 217.8 220.9 223.3 225.1 227.3 229.2 231 232.7 234.3 235.6 236.5 237.1 237.2 236.4 236.2 235.2 233.9 231.7 229.1 225.6
182.3 181.4 180.3 179.9 179.7 179.3 178.7 178.1 176 174.1 172.2 170.1 169 168.2 167.3 166.5 165.4 164.1 162.6 161.3 160.7 160.2 159.4 158.9 158.3 158.1 157.7 156.8 157 157.2 158.4 160.5 161.9 165.3 172 182 190.8 198.5 204.8 209.9 214.9 216.9 219.5 224.1 225.5 225.9 224.7 221.7 215.6 215.2 220 224.2 227.1 227.2 225.2 224.9 225.1 225.3 225.9 227.9 229.8 231.6 232.8 235.1 235.9 236.6 237 237.7 238 237.4 236.5 235.5 235.1 234 232.5 229.8 226.9 222.8
183.7 182.5 182 183 183 181.8 180.7 178.9 176.8 174.4 172.4 170.4 169.6 168.7 167.8 166.6 165.6 164 163 162.6 162 161.5 160.8 159.9 159.1 158.5 158 157.4 156.5 155.6 154.9 155.5 156.8 160 165.7 173.8 181.2 191.5 200.4 203.6 206.8 209.5 215.5 221.7 225.9 228.3 228.9 227 223.8 226 228.9 229.9 230.4 232.8 228.9 229.4 231.1 230.9 231.1 232.4 234 236 236.6 236.3 236.8 237.8 238.1 238.5 237.7 236.7 235.7 234.7 233.8 232.5 230.3 227.8 225.2 221.5
185.7 185.1 185.5 187.2 186.9 185.7 181.9 179.3 176.3 173.9 172.3 171.5 171.4 170.8 170.2 168.9 167.3 165.7 165.4 165.3 165 164.3 163.5 162.8 162.1 160.9 159.7 158.5 157.3 156.4 155.9 154.7 154.5 155.4 156.6 161.6 166.8 180.7 188.3 185.5 187.1 202.6 212.7 221.4 226.5 229.4 231.5 233 231.2 232.7 234.6 235.5 236 236.5 236.6 235.8 229.9 230.3 234 234.8 236 236.7 237.2 237 237.4 237.7 237.6 237.6 237.4 236.3 235.2 234.2 232.1 229.9 227.3 224.7 221.9 219.3
191 190.5 191.8 193.2 192 188.2 183.9 179.3 176.4 174.8 174.6 174.8 174.8 174 173.1 171.8 170.1 169.5 168.9 168.6 168.1 167.5 166.6 165.8 165 164.1 162.8 162 160.9 159.7 158.4 156.9 155.1 154 153.9 153.4 156.3 166.3 170.3 171 186.2 197.5 209.3 222 228 231.3 233.8 234.6 235.4 237.2 237.7 238.8 238.8 239.1 238.2 237.3 235.8 234.5 234.5 230.8 231 236.3 236.6 237.2 237.5 237.5 237.4 237.3 236.8 235.8 234.6 233.2 229.9 227.1 223.9 221.3 218.6 216.4
199.9 199.1 199.6 199.3 196.3 191.2 185.5 183.2 180.6 180.2 180 180.1 180.1 178.8 177.2 176.2 174.8 173.9 172.8 171.8 171.3 170.2 169 167.9 167.1 166.5 165.9 164.8 163.7 162.7 161.7 160.5 159 157.2 155.5 153.1 152.3 155.4 159.6 165.5 174 184 207 222.9 229.2 233.1 235.8 237.1 237.8 239.1 240 240.3 239.8 239 237.6 236.1 234.6 232.6 231.4 231.3 232.8 232.3 231 230.8 236.5 236.9 236.9 236.7 235.9 235.2 233.7 231.4 228.3 224.4 221.3 218.2 215.6 213.3
207.6 206.6 206.3 204.4 200.9 197.1 194.6 192.7 190.2 189.1 188 186.8 186.5 184 182.1 180.6 178.6 176.8 175.7 174.1 172.8 171.6 170.3 169.2 168.1 167.6 166.8 165.9 165.1 164.2 163.5 162.1 161.1 160.4 159.4 157.4 153.8 151.8 154 158.9 169.2 186.8 210 223.6 230.1 233.6 236.7 237.4 238.6 239 239.4 239.6 239.4 237.8 235.3 233.7 231 228.1 225.3 225.6 226.9 228.2 230.1 232.3 231.9 230.4 230 234.3 234.6 234.5 233.5 231.4 228.5 225.2 222 218.7 216.5 214.3
214 212.7 211.7 209.4 206.8 204.7 202.3 200.3 198.4 197.2 196 194.5 191.8 188.8 185.8 183.5 180.9 178.6 176.4 174.6 172.9 171.2 169.7 168.6 167.4 166.3 165.6 165.2 164.8 164.3 163.8 163 162 160.8 159.5 158.6 155.5 151.7 152.3 162.3 175.6 195.6 214.2 223.9 228.7 231.8 234.1 235.4 237.1 237.7 238.1 238.5 237.6 235.6 232.5 227.2 226.8 223.1 219.9 219.6 220.9 221.6 223.2 226.6 229.7 231.6 231.1 233.6 229 228.5 228.3 231.4 229.8 227 224.3 222 219.6 216.8
218.1 217 215.6 213.5 211.7 210.3 208.5 206.5 204.8 203.6 202 199.7 195.8 191.5 187 183.6 180.4 178 175.6 173.4 171.5 170 168.5 166.9 165.6 164.6 163.9 163.6 163.3 162.5 161.7 161.2 161.4 160.4 159 156.4 153.6 151 156 166.8 183.6 200.9 212 220.2 224.9 228.1 230.7 232.8 233.3 234 235.4 236.5 235.5 233.3 229.6 225.3 222.2 215.7 214.9 214.6 215.3 215 217 221.6 224.3 225.3 226.2 227.8 231.1 232.5 233.3 228.7 226.9 226.3 225.5 224.6 221.2 217.9
221.8 220.2 218.9 217.6 215.7 213.5 210.9 208.8 207.1 206 204.5 201.8 196.9 191.4 186.1 181.9 178.4 175.4 173.4 171.8 170 168.3 166.8 165.2 163.7 162.9 162.2 161.9 161.2 160.4 159.2 158.6 157.7 156.1 154.8 152.7 151.5 152.4 160.9 171.9 186.9 200.7 209.6 215.4 220.4 223.9 227.3 228.9 228.6 230.1 232.1 233.5 233.4 231.3 227.4 222.2 218.3 214.7 211.1 208.3 209.5 208.6 211.5 215.3 217.2 218.3 219.9 224.3 228.2 231.2 233.3 232.8 232.2 230.5 229.3 227.3 224.1 223.6
223.8 223.2 222.1 220.3 218.5 215.5 212.3 209.8 208.1 206.4 204.1 200.3 194.5 188.8 183.9 179.3 175.7 172.8 171 169.5 168.1 166.4 165 163.5 161.4 160.6 159.9 159.2 159.1 157.7 156.5 155.6 154 153.7 152.8 151.3 150.1 153.2 163.9 177.8 191.2 200.6 207.5 210.3 214.6 219.2 222.6 223.6 223.2 225.4 229 231 230.6 229.3 226.8 223.3 218.5 213.8 209.7 205.2 203 204.1 207 208.3 209.4 211.1 215.3 221.1 225.4 229.4 231.4 232.7 232.9 231.8 230.7 229.5 227.5 225.6
222.9 223.6 223.4 221.4 218.8 216 212.6 208.9 206.7 204.7 200.8 195.6 190 184.9 180.3 176 172.7 170.3 168.5 167.3 165.9 164.5 163.1 161.8 159.9 159.7 158.9 160 156.4 156.5 156.3 156 156.1 156 155.3 152.9 150.4 152.6 162.9 177.4 189.6 197.7 200.1 204.6 210 214.3 217.5 218 217.3 222.5 227.1 228.3 227.6 227.4 225.6 223.1 220.3 217.4 213.9 208.2 202.3 199.2 200.4 200.6 201.3 205.9 212.2 218.2 222.2 226.3 229.3 231.2 232.1 232.6 232.3 231.2 230.5 231.5
216.8 221.8 222.5 221.1 219 216.5 212.7 208.5 202.4 199.3 195.6 189.9 184.6 180.1 175.8 172.8 170.8 169.1 167.9 166.3 164.6 163.2 161.5 160.6 160.6 159.4 159 157.9 157.9 158.2 158.6 158.9 159.2 158.9 157.9 154.3 150.9 151.1 160 173.1 184 189.6 190.1 199.6 206.4 210.1 212.6 211.3 213.8 220.1 223.5 224.5 224 224.8 223.7 222.3 220.2 217.4 214.1 208.6 203.6 198.5 195.9 196.3 200.4 204.9 209.7 213.3 218.1 222.1 224.9 228.6 231.5 231.8 232.6 233.1 232.7 233.9
207.3 219.6 221.6 220.8 219 216.2 212.6 208.8 202.1 193.2 188.6 184.4 179.9 176.1 173.5 171.1 169.7 168.4 167.2 165.7 164 163 162.5 161.9 161.4 160.9 160.3 160 160.3 160.9 161.2 161.8 162 161 159.6 156 152.2 149.9 155.9 168.4 175.9 176 187.2 197 203.7 206.7 207 204.5 210.5 215.1 217.8 219.3 220.6 222.2 222 220.5 218.7 216.8 214.3 210.5 207 202.9 196.7 192.4 195.5 200.9 204.2 208.4 212.1 216 219.4 224.8 229.1 232.4 233.5 234 234.1 234.3
205.7 218.3 220.1 220.1 218.1 215.5 211.9 208 201.7 194.5 187.4 181.2 178.6 175.7 173.1 171.5 169.6 168.5 167.2 166.9 166.4 166.2 165.9 165.6 165 164.6 164.1 163.9 164 164.2 164.5 163.9 163.2 162.6 160.6 157.2 153.6 149.9 152 162 162.8 172.8 186.4 195 199.4 202.3 201.9 199.1 205.1 209.3 211.7 213.8 217.4 219.6 219.8 218.6 216.8 214.8 213 210.3 207.1 204.1 200.1 192 190 195.8 196.7 202 206.5 209.7 216.1 222.6 227.1 230.6 232.9 234.3 234.9 235
202.3 211.7 214.5 215.8 215.2 214.2 211.7 208.4 203 197.1 189.9 188.1 184.3 180.5 176.4 173.4 172.6 172.5 171.9 172.4 172 171.6 170 169.7 168.8 168.3 167.8 166.9 166.4 166 165.1 164.4 163.7 162.1 160.4 157.3 154.3 150.9 148.8 153.5 163.3 173.7 184.1 192.3 197.2 199.5 198.5 194.6 198.9 201.9 205.3 210.9 215.4 217.3 217.4 216 213.9 211.9 210.5 208.2 205.7 203 200 195 187.9 187.3 190.2 193.7 198.4 206.1 214.1 219 223.1 227.6 231.6 233.6 234.5 235.2
189.6 199.1 206.7 210 211.5 211.8 210.4 207.9 204.7 200.4 198.7 195.5 191.7 186.4 181.4 181.2 179.9 179.6 178.6 178.1 176.8 175.4 174.2 172.9 171.7 170.7 169.6 168.2 167.1 166 164.9 163.7 162.3 161.1 159.7 157.4 154.4 151.2 148.2 153.8 162.3 171.4 181.8 190.5 196.2 197.3 195.9 187.6 193.2 196.4 205 210.4 213.4 214.2 214.7 213 210.9 207.6 206.2 204.9 202.7 200.1 198.3 196.7 192.5 185.4 183 188.7 196.7 204.1 208.7 213.2 219.5 225 229.2 232.6 233.8 234.8
174.8 182.3 190.2 199.3 207.7 209.8 209.4 208.3 207.2 205.2 203.3 201 197.2 193.8 191.3 189.4 187.3 186.2 183.6 180.9 179 176.7 174.7 173.1 171.7 170.6 169 167.5 165.9 164.5 163.1 161.7 160.3 159.6 158.2 156.9 154 150.9 147.7 153.6 161.3 170.1 178.3 187.5 193.5 195 191.9 181.3 191.5 199.2 204.5 208.3 210.8 211.3 211.5 209.9 208.1 204.2 202 201.4 199.2 197 195.5 195.1 193.7 189.3 180.9 185.6 193 198.3 201.6 208.5 216 222.3 227.4 231.3 233.1 234.3
165.1 170.5 174 184.1 197.6 205.9 208.3 208.3 207.2 206.6 206.3 204.1 201.9 199.5 197.5 196 193.4 189.6 185.6 181.9 178.5 175.6 173.8 171.8 170.4 168.9 167.4 165.8 164.2 162.6 161.2 159.8 158.4 157.4 156.2 155.7 153.6 150.6 147.2 153.4 161.1 168.8 175.4 183.1 190 190.5 186.4 181.6 192.1 197.8 202.2 205.2 207.8 208.4 208.7 207.7 205.9 202.4 198.3 197.3 195.8 194 192.1 191.2 191.2 189 183.1 178.1 187.3 190.9 196.7 205.1 212.2 219.7 225.3 230.1 232.5 233.8
