public/OST50/SU27.asc
ncols 200
nrows 200
xllcorner 420000
yllcorner 170000
cellsize 50
[rows 0 to 34 of 200, columns 0 to 77 of 200]
179 179.8 180.5 181 182.2 183.3 184.7 186.7 189.3 191.4 193.4 196.1 199 201.9 206.9 213 221.3 229.2 238 244.9 248.7 253.5 258.2 262.9 267.8 270 271.3 271.3 270.8 269.9 268.1 265.9 261 254.3 248.6 242.8 240 237.9 232.5 227.6 224.7 222 219.9 217.8 216.4 215 213 210.4 207.7 204.5 202.1 201.3 199.6 197.6 195.4 192.8 190 188.4 187 186 185.5 186.5 188.5 190.1 190.4 190.2 189.6 188.7 187.7 187.1 186 185.1 184.5 182.9 179 175.1 172.1 174
179.3 180 180 180.6 181.8 183.8 185.2 187.1 189.8 192.7 194.8 198.6 203.3 209.4 215 222.7 231.7 241.1 249.2 255.9 260.5 263.8 265.9 268.1 270.3 271.7 271.8 270.8 270.1 268 264.4 259.3 252.3 245.8 240.2 235.8 234.8 233.7 230.9 228.3 226.5 224.4 222.8 221.7 220.8 219.4 217.3 214.8 212.2 209.8 207.5 206 203.1 200.2 196.6 193.3 190.8 188.9 187.7 186.9 187.3 188.5 189.6 190.8 190.7 190.4 189.7 188.5 187.6 186.5 185.2 184.2 183.2 182.3 181.1 178.1 173.8 172.8
179.2 179.3 179.3 180.5 181.8 183.9 185.8 187.6 190.4 193.2 197.3 203.4 209.7 216.5 223.7 233 243 252.6 260.4 265.6 268.8 269.7 270.3 270.7 271.5 271 270.6 270 268.6 264.5 257.8 249 242.4 236 231.6 229 227.9 227.5 225.3 223.7 223.7 223.5 222.3 223.1 223.3 223 220.8 219.2 217.6 216.1 213.9 211.1 207.5 203.5 198.9 194.8 191.7 189.8 189 189.3 189.9 191.1 191.7 190.9 190 188.9 187.9 187 185.8 184.7 183.5 182.3 180.8 180.1 178.9 178.1 175.9 173.6
178.5 178.5 178.9 180 181.5 183.3 185.8 188.2 192.2 197.1 202.9 209.6 216.4 223.5 232.4 243.4 253.9 262.8 269.7 271.5 271.6 272.3 272.1 271.5 270.5 269.9 268.4 266.6 263.7 258.9 251.5 240.3 231.9 228 224.9 222.7 221.3 220.3 218.7 217.5 217 216.7 216.8 218.4 221 221.9 221.8 221.9 222.1 222.3 220.5 216.1 211.5 206.4 201.8 197.7 193.7 192.1 191.8 192.9 193.5 193.8 192.9 191.8 189.5 187.6 186 184.8 183.6 182.6 181.2 179.7 178.2 176.8 176.1 175.4 175.2 174.5
177.2 177.4 178.2 179.5 181.1 182.2 186.1 190.6 195.5 202.3 208.4 215.1 222.2 232 242.1 253.2 263.7 269.9 272.8 272.2 273.7 273.5 272.8 271.6 269.2 267.1 264 259 254.6 250.3 243.6 234.5 227.7 223.3 220.6 219.3 217.7 216.8 215.7 213.7 212.1 210.8 210.9 211.6 213.2 215.3 218.2 219.7 221.4 225.1 225.6 219.6 214.3 209.1 205.4 201.5 199.7 198.1 197.2 197.6 197.1 195.8 194.2 191.6 189.3 187.1 184.8 182.6 181.4 180.1 178.8 177.3 176.2 175.2 174.5 173.7 173 172.5
176.1 176.4 177 178.2 179.4 183.8 187.5 192.8 199.3 207 213.6 220.4 227.6 239 252 260.2 268.5 271.6 273.7 274.5 275.1 274.2 273 271.3 267.4 262.7 257.2 250.4 244.1 240.6 236.1 230.3 225.7 223.9 221.7 220.5 219.5 219.1 216.9 214.1 211.2 208.8 207.6 206.8 207 207.3 209.8 212.9 216.2 221.8 224.8 219.7 215 211.2 208.3 206.5 205.4 204.3 203 202 200.5 197.5 194.2 191.4 188.8 186.3 184 181.8 180.2 179.3 179.2 177.9 177 176.3 175.8 174.9 173.9 172.7
175.1 175.4 176 178.7 181.1 184.8 188.6 194.8 203.2 211 217.1 223.3 231.4 244.4 259.6 266.5 269.7 272.4 274.5 275.7 275.7 274.5 273.6 272.4 269 264.7 258.1 250.4 242.1 235.2 231.7 230.5 229.8 228.5 226.9 224.9 225.9 224.5 222.2 218.4 214.1 211.9 208.8 205.4 203.6 203.8 204.1 204.5 207.1 211.7 216.5 215.9 213.1 210.8 209.3 209.5 209.4 209.6 208.3 206.4 203.1 198.7 193.9 190.4 187.8 185.4 183.3 181.4 180.4 180.6 180.5 179.6 178.6 177.8 177.2 176.3 175.3 173.6
174.2 175.3 176.8 179.1 181.7 185.6 189.7 196.3 206 213.7 219.4 225.2 233.4 244.9 259.3 264.7 268.7 271.1 274.4 273 274.5 274.9 274.6 273.4 270.8 267.5 261 251.9 242.3 243.7 244.8 245 242.5 240.1 236.8 235.1 233.3 230.1 225.5 220.6 217.6 215.5 212 208.7 204.7 202.1 201.3 201.6 201.3 201.7 205.2 207.1 206.8 206.4 206.1 207.7 210.6 212.8 213.5 210.6 205.2 199.2 193.7 189.3 186.8 184.7 182.6 181.6 181.3 182.2 182 181.3 180.2 179.2 178.1 177.1 175.8 174.2
173.9 175.5 177.4 179.9 183 186.7 191.2 197.6 206.6 213.8 219.4 225.6 233.7 241.7 246.2 251.1 259.4 267.3 267.8 269.5 271.2 274.2 275 274.2 272.3 269.1 263.5 254.7 253.7 256.9 257.5 256.3 253.9 250.7 247.7 243.5 239.6 233.4 228.3 225.6 221.2 216.5 212.4 208.3 204.7 202.2 200.2 199.1 198.5 197.8 197.8 198.1 198.3 198.6 199.3 203.1 207.2 211.7 216.8 214.3 208.1 200.3 193.9 189.4 185.9 184.3 183.3 182.8 182.9 183.5 183.9 183.1 181.8 180.6 179.4 177.8 176.4 175.1
174.2 176.3 178.6 181 184.5 188.2 193.2 200.2 207.4 213.9 219.2 225.4 232.8 237.6 237.4 238.6 245.9 252.9 257 261 268.2 272.9 274.5 275 273.5 270.7 266.4 260 262.9 264.7 264.2 263.3 260.9 258.4 254.8 249.4 243.8 238.4 233.9 228.6 222.7 216.5 211 207.3 204 203.3 201.6 199.9 198.2 196.9 195.5 194.3 194.2 193.6 193 194.3 199.1 206.2 212 216 211.3 204.3 196.9 191.3 189 187.1 185.2 185.1 186.3 187 186.5 185 183.7 182.3 180.3 178.6 177.1 176.5
174.3 176.9 179.4 182.2 185.8 190.1 196.9 204.3 210.5 215.4 219.6 223.8 227.4 229.9 230 230.9 235.5 239.4 242.5 254.8 265.2 270.8 273.9 274.7 274.2 271.7 268.9 266.6 268.6 269 268.4 266.9 264.3 261.7 258 253.5 247.7 241 234.6 228 221.4 214.8 208.6 207.1 206.5 205.4 203.9 201.2 199.2 197.6 196.3 195.2 194.5 192.3 190.8 189.7 192.1 197.7 207 215.4 215.9 209.9 203.4 199.4 197 193 189.7 190.4 192.5 191.6 189.7 187.4 185.3 183.7 181.6 179.5 178.1 178.2
174.6 177.2 179.9 183.2 186.9 191.8 199.3 207.1 212.7 216.2 219.1 221.1 222.8 223.7 224.2 225.5 227.7 229.2 235.6 249.1 261.1 267.1 271.9 274.1 274.2 273.4 271.7 271.8 272.3 272.1 271.3 269.4 266.8 263.5 258.8 253.4 246.2 237.8 231.4 224.3 217.9 211.6 211.3 210.6 209.7 208.9 206.5 202.9 200.4 198.9 198.9 198.1 196 193.2 191.4 189.4 187.7 190.4 198.6 209.8 216.2 216 212.3 210.3 206.9 202.6 199.8 198.7 198.6 195.9 193.1 190.5 187.5 185 182.7 180.8 179.8 179.3
174.5 177.3 180 183.2 187.1 193 201.1 208.6 213.1 215.6 217.7 218.7 219.5 219.7 219.6 220.4 222 224.3 229.5 240.5 253.9 263.4 268.9 273.1 274.4 274.7 274.6 274.6 274.4 273.9 272.7 271 268.5 264.7 259.5 252.3 243.5 232.9 224.4 218 215 214.9 217.4 216.9 215.2 213.9 209.9 205.5 201.8 201.3 201.4 200.1 197.5 194.9 192.2 190 187.2 186 189.8 199.1 209.1 218.4 220.8 219.3 215.8 212.3 209.6 207.1 204.9 200.7 196.8 193.7 190.2 186.9 183.9 182.2 180.8 179.7
173.9 176.7 180.3 183.5 188.2 194.8 202.2 209.2 212.4 214.5 215.9 216.8 216.8 216.8 216.4 216.2 219.2 222.9 226.9 234.4 247.2 259.7 265.6 271.1 274.3 275.4 275.7 275.7 275.4 274.8 273.8 271.8 269.2 265.2 259.5 252 242.2 230.9 225.1 226 223.1 225.8 226.5 225.5 223.6 219.1 213.7 207.9 204.9 203.6 203.2 201.1 198.6 196.2 194.1 191.9 188.9 185.8 184.2 187.9 196.7 208.8 223.7 224.6 222.7 220.3 217.7 214.1 210.5 205.5 200.7 196.3 192.3 188.6 185.3 182.9 181 179.9
174.7 177.5 180.9 184.7 190.5 197.3 203.9 209.1 211.9 213.3 214.1 213.9 213.8 213.3 212.4 215 219 222.4 224.5 228 240.5 252.4 260.7 268.1 273.7 275.5 276 276 275.7 274.9 274.1 272.4 269.9 265.1 259.4 252.7 243.8 236.5 239.6 239 237.5 237.2 236.4 233.8 230.4 223.4 216.2 211.4 209 206.4 204.1 201 198 196.6 194.8 192.6 190.8 187.3 184.1 182.7 186.4 197.7 212 225.4 225.5 224.3 223.3 220.3 215.1 209.3 202.8 197.5 193.2 189.4 185.8 183.6 181.4 180
176.1 179.1 183 186.9 192.9 200.2 205.6 208.7 210.1 211.1 211.3 211 210.7 209.6 209.4 214.6 217.8 219 219.6 221.9 230.5 242.6 257.5 266.1 272.6 275.3 276.2 276.3 275.8 275 274.1 272.8 270.3 266.2 261.1 255.9 249.3 249.3 249.1 247.5 246.7 245.3 243.3 240.1 234.9 227.7 220.9 217.1 213 208.9 204.6 201 197.5 195 193.4 190.4 187.4 186.1 185.1 182.8 181.7 187.7 199.5 217.1 226.9 225.9 224.8 222.8 218.5 211.8 204.3 198.2 193.3 189.6 186.2 184.1 181.9 180.4
177.9 181.9 186.2 190.5 195.2 203.1 206.9 208.1 208.5 208.4 208.1 207.9 207.4 205.3 208.7 213.3 214.4 214.1 215.3 220.6 230.9 244.4 257.1 265.6 272.1 275.2 276.1 275.7 275.3 274.5 273.6 272.5 270.8 267.7 264.8 261 257.9 257.3 255.6 253.1 251.3 249.4 247.2 243.8 239 232.8 227.1 221.6 216.3 210.9 205.4 200.1 196.1 192.8 190.1 189 189.4 189.3 187.6 184.7 181.7 180.2 190 204.6 221.4 226.8 225 223.6 219.6 212.3 204.9 198.8 193.1 189.2 186 183.7 182.2 181.6
180.7 184.7 188.9 193.8 200.3 204.4 206.2 206.8 205.7 204.2 203.6 204.5 203.4 203 209 210.2 210.2 209.7 212.2 217.3 226.2 242.1 255.5 264.7 271.4 274.8 275.3 274.8 274.2 273.3 272.2 271.8 271.3 269.5 267 265.3 263.3 261.6 259.5 256.5 253.6 250.7 247.7 245.8 243 237.4 231.4 224.9 218.2 211.7 205.7 199.7 194.8 191.8 192 192.2 192.9 192.9 190.4 187.6 184.6 181.1 180 192 208.9 223.8 225.6 223.9 219.7 213 205.7 198.5 193.1 188.4 185.9 184.2 183.4 183.1
183.4 187.6 192.7 197.9 203.2 204.5 204.3 203 200.3 198.3 198.4 199.5 199.1 201.9 206.1 205.9 205.1 207.3 212 217.4 228.5 243.1 254.9 263.7 270.6 273.6 273.6 272.7 271.2 269 268.9 270 270.6 270.3 268.7 266.9 264.9 262.8 260.2 256.8 253.8 250.6 247.4 245.7 244 238.8 233.1 226.2 220.2 211.8 204.1 198.4 195.3 194.5 195.1 196 196.3 195.3 193.3 190.6 187.7 184 179.5 180.7 197 213.9 224.5 224.3 221 214.8 207.8 200.9 194.9 190.4 187.2 185.7 185.3 184.7
186.5 191.6 196.8 201.5 203.6 203.1 200.2 197.3 195.1 193.7 194.3 194.7 195.4 198.7 201.1 201.1 203.3 207.6 212.4 217.7 228.8 243.8 255.4 263.4 268.4 270.8 270.9 269.3 267.2 264.4 264.1 267.4 269.2 269.1 268.1 266.4 264 261.2 258.5 255.8 252.7 249.8 247 245.3 243.3 239 233.6 227.6 223.3 216.3 205.1 201.3 199.1 198.2 198.6 197.6 197.3 195.8 194.5 192.4 190.2 186.6 182.1 177.7 184.4 199.9 217.2 224.2 222.3 217.1 210.8 204.4 198.9 194 190 189 188.1 186.8
189.7 194.5 199 202.3 201.2 197.8 194.6 191.7 190.4 190.5 191 191.7 192.9 195.4 197.4 200.4 204.1 208.2 212.3 219 230.9 245.3 255.3 262.5 268 269.7 268.7 266.5 263 258.4 259.1 264.4 267.3 267.7 266.6 264.2 260.8 258.2 255.7 254 250.1 247.3 245.3 244.8 243.8 241.1 234.6 227.1 221.4 217.5 210.8 205.9 202.8 201.7 199.6 198.4 196.9 195.5 194.5 193.9 191.7 188.1 183.9 179.5 176.8 187.9 203.2 218.7 222.2 219 213.5 208.7 204.1 199.9 197.1 195.1 193.7 191.9
191 195.9 200 199.9 196.2 192.4 189.3 187.8 187.5 188.2 189 189.9 191.5 194.2 197.8 201.2 204.8 208.9 213.3 219.8 229 242.9 253.3 260.6 264.8 266.9 266.5 263.9 259.1 250.1 253.8 260 264 265.6 264.2 260.8 256.5 253.9 251.3 249.6 247.2 244.3 242.7 241.8 242.1 240.7 236.1 229.1 222.4 216.7 211.8 208.2 205.1 202 199.6 197.5 195.8 194.6 193.3 192.6 191.9 189.1 185.5 181.2 177.1 177.1 191 206.3 218.8 219.8 217.1 212.9 210.2 207.1 204.6 202.8 201.2 200
193 197.3 199.1 196.1 191.8 188 185.8 185 185.8 186.6 187.3 189.3 191.6 194.5 198.7 201.9 206 210.6 216.2 225.8 237.7 247.5 253.5 259 261.9 263.7 263.9 261.6 257.1 246.1 241.3 249.3 258.1 261.7 261 257.8 253.4 248.7 246.4 245.1 244.4 240.4 237.8 237.9 237.4 239.4 236.7 229.4 221.7 216.3 211.8 207.6 204.4 201.1 198.5 196 194.3 192.6 191.3 191.7 191.3 189.5 186.6 182.9 179.4 175.4 178.5 191.5 207 217.5 216.9 216.4 214 212.2 210.9 209.3 208.3 208
193 197.4 195.3 191.8 187.6 184.7 183.1 183.3 184.2 185.3 186.3 188.7 191.4 195.4 199.6 203.1 207 211.6 218.7 229.6 242.7 252 255.9 258.7 258.4 260.9 261.4 259.3 255.7 248 234.7 234.1 242.7 254.3 256 255.1 252.4 247.4 241 238.6 237.4 233.5 227.9 230.9 229.8 233.6 230.8 225.5 219.2 213.6 209.4 205.7 202 199.4 197.1 194.5 192.6 190.6 189.5 190 190.3 189.8 187.9 184.9 181.3 177.5 173.6 177.9 192.5 202.7 209.5 212.1 214.3 215 214.4 213.5 213.8 214.3
192.7 193.5 190.9 187.2 184 182 180.7 181.7 183 184.3 185.6 188 191.7 196.5 200.7 204.3 208.2 212.5 219 230.6 243.6 250.4 252 253 252.6 256.6 256.8 255.6 252.5 248.2 237.7 226.2 230.3 243.9 250.2 250.9 250.5 247.1 241.3 233.4 227.6 223.6 218.5 221.1 220.7 224.5 221.1 218 214.4 210.3 206.1 202.2 199.3 197.2 195.2 193 190.9 188.9 187.4 188.4 189.1 189.3 188.5 185.5 183 179.8 176.1 172.3 177.2 185.8 192 200.4 207.2 210 213 215.1 217.8 218.9
191.8 190.7 186.9 183.3 181.3 179.7 179.4 180.8 182.3 184 185.8 188.2 192.5 197.6 201.8 205.1 208.4 212.2 217.4 225.6 236.6 242.4 243.4 244 246.4 249.8 250.1 250.2 249.1 245.7 238.4 227.1 220.9 229.9 241.4 245.3 246.3 244.4 242.3 236.4 229.5 221.8 215.1 210.7 212.6 213.5 212.5 211.4 209.2 205.3 201.8 198.6 196.5 194.4 192.6 190.9 189.1 187.1 185.5 186.5 186.9 187.4 186.9 186.1 183.7 181.1 178.2 174.3 171.1 174.7 178.6 183.6 189 194.5 204.4 214.8 220.7 223.3
188.8 186 182.7 180.8 178.7 177.4 179 180.8 182.5 184.1 185.8 189.4 193.9 198 202.1 205.2 208.2 210.7 214.2 217.2 223.1 227.7 229.4 230.2 242.7 246.2 247 246.9 246.5 244.5 240.3 232.6 219.9 216.8 225.7 235.5 237.8 237.4 236.4 234 228.3 223.4 216.3 209.9 204.6 205.6 205.4 204.8 203.1 200.1 197.8 195.7 193.7 192.2 190.5 188.9 187.3 185.4 183.7 184 184.6 185.1 185.2 184.4 183.1 181 177.9 175 171.5 170.2 170.3 172.5 175.8 179 188.8 202.4 213.1 225.1
183.9 182 180 178.3 176.6 176 178.2 180.6 182.6 183.8 185.6 190.8 195.3 198.9 202.2 204.5 206.2 207.3 208.8 210.7 212.3 214.4 217.5 226.6 238.6 242.9 244.6 245.1 244.9 243.4 239.3 231.7 222.3 214.5 211.7 218.6 224 224.7 224.6 221 218.6 217.1 213.4 208.9 204.5 200 199.2 198.6 198 196.5 194.8 192.9 191.2 189.8 188.3 186.8 185.4 183.9 182.4 181.6 182.1 182.7 182.1 181.5 179.8 177.5 174.8 171.9 170.9 169.9 169.4 168.3 167.9 170.8 178.3 186.6 199.4 219.5
180.1 178.7 177.3 175.8 175.3 175.6 177.9 180.2 182.3 183.4 185.7 191.3 196.4 199.3 201.2 202.6 203.8 204.3 204.8 204.7 205.2 207.6 212.8 220.8 230.3 237 242.2 243.3 244.1 243 240.2 234.6 228 220.1 211.8 207.6 209.2 211.9 211.1 209.8 209.2 209.5 208.1 205.5 202 199.7 196.7 194.8 194.5 193.8 192.3 190.6 189.1 187.6 186.2 184.9 183.7 182.2 180.8 179.4 180.1 178.9 178.1 176.2 173.8 172.4 172.2 172.1 172 171.6 170.5 169 167.7 166.7 168.4 177.2 190.7 203.2
176.5 175.4 174.5 174.1 173.6 175.5 177.8 180.1 181.6 182.9 186.3 192.1 195.6 198.2 199.3 199.3 199.3 199.5 200 199.7 201.4 205.1 210 216.5 223.6 234.5 239.8 241.9 244.2 243.6 240.9 235.9 230.2 223.5 215.7 208.7 205.1 203 202.4 201.5 201.1 201.8 202.2 200.7 198.9 197.3 195.6 193.5 191.4 190.7 189.4 188.4 187.1 185.5 184.2 183.3 182.3 181.2 179.9 178.7 177.4 176.1 174.7 174 174.1 174.5 174.5 174.4 174.1 173.7 173.3 172.1 170.2 167.9 165.8 169 179.1 187.7
173.7 172.8 172.5 172.2 173 175.2 177.6 179.5 180.8 181.8 186.5 191.9 194.8 196 196.4 196 195.9 195.7 195.5 197.3 200.6 204.6 209.8 217.3 226.7 233 234.1 239.8 242.5 242.4 240.1 234.4 228 221.2 212.8 209.2 206.8 204.9 202.9 200.8 198.9 197.1 196.3 196.4 196.2 195.3 194 192.7 190.9 189.1 187.5 186.4 185.4 183.9 182.9 181.7 180.7 179.5 178.2 176.8 175.7 175.5 175.3 175.8 176.3 176.6 176.9 176.7 177 177.2 177.3 176.5 175 171.8 167.2 164.8 169.4 184.7
171.3 170.4 170.7 171.8 173.1 175.2 177.2 178.7 179.3 180.5 185.3 191.3 192.9 193.4 193.1 192.7 192.5 192.3 194.1 197 200.4 204.8 209.5 216.2 221.6 223.3 227.6 236.8 241.1 242.1 238.8 232.9 225.9 220.5 216 213.2 211.4 209.7 206.7 202.9 199.3 197 194.8 193.5 192.9 192.6 191.8 190.9 190 188.5 186.9 185.3 183.7 182.9 182 180.7 179.3 179.3 178.4 177.6 176.7 176.5 176.9 178 178.4 178.8 179.1 179.6 179.4 179.2 178.2 178 176.7 174.3 170 165 166 182.2
169.9 169.2 170.1 171.6 173.3 175.2 176.3 177.5 178.1 179.3 182.8 187.8 189.4 189.8 190.1 189.6 189.3 190.6 193.5 196.8 199.3 202 205 209.4 211.6 213.6 226.2 236.4 242 243.7 241.5 237 232.1 227.9 223.9 220.8 217.2 212.7 208.5 203.7 199.8 197.3 195 193.2 192 190.6 189.7 188.8 187.8 187 186 184.3 182.9 181.9 181 180.1 180.7 180.9 180.2 179.2 177.7 177.3 178.2 179.4 180.6 181 181.5 181.1 180.3 179.3 178.3 176.7 175.3 173.5 170.4 165.7 163.9 176.6
169.3 168.7 169.9 171.4 173.2 174.5 175.4 176.3 176.9 177.5 180.1 183.2 184.7 185.7 186.3 186.5 187.6 190.2 192.8 195.5 197.4 198.4 199.8 201.4 206.3 216.8 229.4 238.9 244.5 246.3 244.4 242.1 238.7 235.1 231.2 225.9 219.7 213.6 207.3 202.5 198.6 196.5 194.9 193.2 191.7 190 188.9 187.9 186.8 185.8 184.6 183.3 182.4 182 182.5 183.1 183.1 181.8 180.7 179.2 178.7 179.2 181.1 182.2 183.3 183.6 182.1 181 179.4 177.7 176 173.9 172.2 170.6 168.6 165.8 163.3 167.1
168 168.4 169.6 171 172.6 173.8 174.6 175.2 175.7 176.4 178 179.9 181.1 182.2 183.5 184.7 186.8 189.7 191.8 192.7 193.7 194.7 197.3 202.2 211.4 222.3 230.7 239 244.5 247.3 246.6 244.5 240.9 237 233.5 226.4 218.5 211.5 204.8 200.5 197.4 195.7 194.4 192.7 191.4 189.8 188.6 187.8 186.6 185.3 184.3 184 185.1 185.6 185.3 184.9 184.2 182.7 181.3 180.6 180.9 182.4 184.7 185.7 186.4 185.5 182.8 180.4 178.1 176.3 174.5 172.6 171.2 169.7 168.2 166.1 164.2 162.7
