public/OST50/SU35.asc
ncols 200
nrows 200
xllcorner 430000
yllcorner 150000
cellsize 50
[rows 105 to 139 of 200, columns 0 to 77 of 200]
235.5 234.6 234.4 234.3 233.8 233.9 233 231.7 229.4 226.1 221 213.3 207.1 203.7 203.8 201.4 202.3 207.5 212 215.7 218.7 220.8 221.1 219 216.4 213.4 211.8 210.2 207.7 206.2 213.8 218.1 220 221.7 220.6 218.6 218.1 218 218.9 219.9 219.3 218.2 215 210.5 206.2 206.7 208.8 209.3 208 205.8 203 205.9 207.2 206.6 205.1 201.5 198.2 202.4 203.8 204 202.6 200.9 199.2 196.1 191.7 190 190.3 189.6 187.3 186.1 183.3 177.3 170.9 174.6 174 178.1 176.5 170.1
231.5 230.7 229.9 230.3 230.5 231 230.6 229.6 228.1 224.8 220.9 215.7 210 202.7 197.9 196.7 200.1 204.7 209.2 212.8 215.4 217.2 217.1 215.3 212.7 208.7 206.5 204.4 201.5 206.8 212.8 216 216.7 217.4 215.9 213.9 213.4 213.7 215.6 217.3 218.1 217.8 215.8 212.2 208.9 204.1 203.5 204.6 204.5 202.8 200.1 203.6 205.1 204.8 203.8 199.5 196 200 201.2 200.2 198.1 196 194.7 193.8 190.4 186.2 183.2 184.3 183.2 181.3 178.6 174.1 167.8 167.2 169.1 169.9 166.3 156.3
227.4 225.6 226 226.6 227 227.6 228.2 227.4 226.3 223.5 220.2 216 211.2 205.3 198.7 193.3 195.9 200.4 205.7 209.6 212 213.4 212.9 211.4 208.9 205.1 201.3 199.4 200.9 207.5 211.5 213.3 213.9 212.6 210.5 208.2 207.8 210 213.2 215.5 216.3 216.7 215.1 213.4 211.2 207.3 202.5 200.4 198.5 198.1 196.7 200 202.1 203.9 203.3 198.8 195.5 195.6 197.5 196.5 194.5 192.4 192 191.5 188.1 184.1 179.1 179.5 178.3 176 172.4 167.4 162.3 159.3 159 158.6 156.6 151.9
223.2 220.9 222.9 223.5 222.8 224.6 225.7 224.9 223.7 222.6 219.6 215.2 211.4 205.6 200.1 193.4 191.2 196.9 200.4 205.2 208.3 209.2 208.8 207.8 205.5 201.9 197.8 195.2 201.9 206.7 209.4 210.6 211 209 206.6 203.7 203.7 207.6 211.4 213 214.3 214.6 214.6 213.3 212.3 211.3 208.5 204.7 200.9 196.9 193.2 193.8 197.3 201.9 202.7 199.7 195.8 190.6 193.3 192.5 191.6 188.4 187.5 186 182.8 179.1 175 172.3 170.3 166.7 162.5 158.4 157.8 157.3 157.3 157.5 158.1 158.3
218.9 216.2 219.3 220.2 219.8 221.7 222.9 222.5 221.5 220.5 217.6 213.8 210.1 205.2 200.5 194.8 188.7 192.8 197.5 201.5 204 205 205 203.4 202 199.3 194.9 194.3 201 204.7 207.1 207.8 208.2 206 202.9 199.8 202.4 206.4 208.9 210.5 212.5 212.5 213 212.5 212.6 212.4 211.7 209.6 207.3 203.2 197.7 191.3 190.4 197.3 198.4 197.3 194.3 189.3 187.8 186.9 186.2 183.5 180.3 176.9 174.6 171.7 167.9 165.6 162.4 162.5 163.6 163.1 165 166.3 166.5 166.2 166.5 167.4
215.1 212.6 214.7 216.5 216.8 219.5 220.2 220.3 219.5 217.8 215.1 211.9 208.7 205 200.4 195.9 189.4 187.4 193.4 198 199.7 201 201.5 200.5 198.5 195.4 191.6 193.1 199.3 202.3 204.4 205.1 205 203.1 199.3 196.6 200.1 203.7 205.8 208.2 209.6 209.9 210.4 211 211.2 212.1 212.2 211.8 210.1 206.5 202.2 197.4 191.2 186.2 189.9 191.2 188.4 184.2 181.7 180.8 179.5 176.1 171.8 170 167.7 166.3 166.5 168.5 169.7 173.2 177 178.5 180 178 176.9 179.3 178.9 174.7
211.2 208.5 207.2 210.8 214.1 216.7 217.3 217.7 217.4 215.3 212.5 209.3 206.1 203.7 200.4 196.3 190.3 185.8 189.2 193.9 195.9 196.9 198 196.9 195.1 191.4 188.9 192.4 197.2 200.1 202.1 203.3 202.5 200.8 197.2 193.9 197.3 201 203.8 205.4 207.1 207.4 207.8 208.3 208.7 210.1 211.5 213.2 213.2 211.6 207.5 205.5 201.9 196.8 189 186.9 179.9 177.7 175.7 174.4 173.2 172.2 171.1 171.8 172.7 174.6 177.3 182.5 185.8 190.5 192.8 193.8 195.1 194.9 194.4 194.9 194.7 191.7
207.9 204.4 204.9 208.8 212 213.8 214.2 214.5 214.2 212.4 209.4 206.2 203.3 201.4 199 195.3 190.9 183.4 183 188.4 191.9 194 193.9 193.1 190.1 187.4 187.1 191.2 194.9 197.8 199.8 200.6 199.6 197.9 194 190.9 194.5 198.5 201.6 203.7 203 203.4 204 203.9 204.5 207.3 210.7 212.1 214.6 214.9 212.6 212.6 208.7 201.9 197.1 194.5 192.5 189.5 186.7 185.5 184.9 185.6 186.3 187.6 188.9 192.3 196.1 198.5 201.3 204.2 205.5 206 206.4 207 207.1 207.8 208 208.1
204.5 200.6 203.5 207.2 209.1 210.6 210.9 211.3 210.9 209.5 206.2 203 200.2 198.1 196.1 194 190.4 183.8 178.7 183.3 187.7 190.7 190.6 189.9 186.4 183.2 185.1 189 192.7 196 198 198.3 197.9 195.6 192.6 188.8 192.2 195.2 198.1 199.8 199.3 199.1 198.8 199.4 200.9 205.1 209.2 213 213.5 217.3 215.8 215.4 214.4 211.7 207.9 207.3 205.7 204 202.4 202.1 202.1 202.6 203.3 205.1 206.2 208 210.2 211.7 213.1 213.6 213.9 214.4 213.4 215.2 217.1 217.5 217.9 218.4
201 198.6 201.9 204.4 206 207.3 207.6 207.9 207.8 206.1 203.2 200.1 196.8 194.5 192.8 191.4 189.4 184.1 178.8 179.8 184.9 188.1 188.8 187.2 184.6 181 184 188 191.2 194.2 196.4 196.9 195.9 193.6 190.2 185.1 189 191.9 193.4 194.5 193.3 192.8 193.4 195.9 200.7 205.6 210.4 214.7 218.5 218.8 217.4 216.2 216.3 215.3 213.4 214.9 213.7 213 212.6 212.4 213 214.5 215.5 217 217.6 218 221.1 219.8 220.2 217.7 218.4 219.5 220.6 222.1 222.4 223.2 224.4 224.8
198.4 196.5 199.6 201.1 202.4 203.6 204.1 204.6 204.5 203.7 200.8 197.8 194.6 191.1 190 189.3 187.3 182.8 176.6 176.2 181.8 185.5 185.9 185.6 183.3 178.9 182.2 186.8 190.2 192.9 194.9 194.9 194 191.9 187.9 182.3 185.8 189 189.4 188.5 188.4 189.5 194.4 198.6 202.9 204.9 211.2 215.6 218.4 220.4 219.5 218.4 218 218.1 218 218.6 218.2 217.9 217.6 217.9 219 220.7 221.9 222.7 223.3 224.2 224.3 222.8 222.5 221 221.8 222.9 224.2 225.7 226.4 227.1 227.8 228.3
196.5 193.2 196.3 196.8 198.1 199.3 199.9 202 201.8 200.7 196.8 193.5 189.9 186.8 184.8 186 184.6 181.1 174.6 174.6 180.4 183.6 184.1 183.2 180.8 176.7 181.1 186.3 189.9 191.8 192.1 192.9 192.6 189.4 185.5 180.3 182.9 184.2 183.7 184.5 188.6 192.7 196.9 202 204.9 206.5 212.1 214.3 217.5 220.4 220 220.1 220.2 220.4 220.5 220.3 220.4 221.1 220.6 221.1 222.2 224 224.2 224.9 225.4 225 224.6 223.4 223.2 223.4 223.5 224.6 225.6 226.3 226.9 228.2 228.9 229.5
196.3 190.2 192.2 193.4 194.3 195.3 196.3 198.5 197.7 197.2 194.4 190.6 186.6 183.3 181.2 182.2 181.6 178.8 172.2 172.4 178.9 181.2 181.7 180.7 177.6 175 180.6 185.9 189 190.6 191.5 192 190.9 187.4 182.5 178 178.2 178.9 183.3 187.1 191.4 193 196.6 202.6 206 208 212.8 215.3 217.8 219.5 218.9 219.7 220.2 220 220 219.9 219.7 220.2 220.8 221.7 222.9 223.8 224.4 224.7 224.5 224.5 224.4 223.2 222.6 222.5 223.5 224.5 225.5 226.3 226.9 227.5 227.8 228.2
196.7 190.7 187.1 188.2 190 191.1 193.1 194.8 194.5 193.3 192.3 188.9 183.9 180.3 177.9 179.9 179.1 176.4 170.1 172.8 176.9 179.1 179.3 178.3 175.3 174.7 180.1 185.5 188.5 189.8 190.4 189.8 189 185.5 181.4 176.2 175.6 177.8 183.2 188.7 192.3 194.3 198.7 203.7 207.1 209.7 213.9 216.2 217.7 218.5 219.2 218.5 219.1 218.2 217.9 218 218.2 218.7 220 220.9 222.3 223.2 223.6 223.4 223.3 223.2 222.9 222.2 221.4 222.3 222.8 223.8 224.6 225.2 225.6 225.9 226.4 227
196.4 192.6 187.2 184 185.5 187.2 189.6 190.8 191.2 190.2 189.1 185.9 182.1 177.7 174.9 176.9 176.8 173.9 168.1 170.3 175.2 176.7 176.8 175.5 172 175.1 181.2 185.4 187.9 188.5 189 187.9 187 184.9 180.8 176.5 175.3 179 183.8 189.2 192.5 195.9 200.3 204.5 208.2 211.5 213.9 215.8 216.5 217 217.4 217.5 216.8 216 215.3 214.8 215.8 216.9 218.3 219.8 220.9 221.5 221.3 221.2 221.3 221.2 221.2 220.8 220 220.9 221.7 222.4 223.2 223.6 223.9 224.3 224.6 225.2
196.3 194.1 189.5 184.9 181.2 182.9 185.9 187.3 187.9 187.4 186.5 183.8 180.8 176.5 172.6 174.4 173.9 171.1 166.9 169.8 172.7 174.4 173.8 170.8 170.7 177.8 183 186.2 187 187.5 187.3 186.5 185.9 182.5 179.5 172.8 174.9 180.6 185.6 189.5 192.2 196.1 200.9 205.2 208.9 211.5 213.3 214.2 214.5 214.8 215.3 214.8 213.8 212.5 211 211.2 212.4 214.7 216.7 217.9 218.8 219.2 219.1 219.1 219.1 219.2 219.2 218.8 218.5 219 219.7 220.4 221.1 221.8 222.2 222.6 223 223.7
194.8 193.3 190.8 187.5 182.3 179.4 181.7 183.7 184.1 184 182.6 180.7 178.6 175.4 170.7 171.4 170.4 168.7 164.8 167.8 171.1 171.2 168.7 171.4 175.7 180.8 184.2 186.5 186.1 186.3 185.9 185.7 184 181 177.3 172.2 176.4 182.5 187.4 189.1 191.8 196.4 201.4 205.8 208.6 211.1 211.5 211.7 212.1 212.5 212.3 212 210.7 209.2 206.9 207.4 210 212.7 214.7 215.7 216.6 217 216.5 216.8 216.8 216.8 217.2 217.2 217 216.9 217.7 218.2 218.9 219.8 220.3 220.7 220.7 221.4
193.2 192.2 190.7 188.1 183.4 178.4 177.9 179.3 180.4 180.2 179 178 175.8 173.8 170 167.6 168.3 165.7 163.2 166.7 167.9 166.1 170.5 176.4 180.5 183.7 186 186.3 186.3 186 185.8 184.3 180 175.8 174.4 170.7 177.3 183.8 188.7 189.7 191.6 196.7 201.8 205.4 208.3 208.6 208.9 209.3 209.7 209.7 209.9 208.6 207.4 205.5 203 206 208.4 211 212.9 213.5 214.3 214.3 214 214.5 214.4 215.3 215.3 215.3 215.2 215.2 215.7 216.2 216.8 217.7 217.9 217.8 218.5 219.3
191.9 190.9 189.5 187.5 185 179.9 175.5 174.6 175.7 175.9 175.6 174.9 173.5 171.7 169 165.5 164.8 163.4 161.6 163.5 163.2 164.7 171.9 178.4 182 183.4 185.5 184.7 183 184.6 184.4 182.2 176.6 173 171.2 171.3 178.7 183.8 187.1 189.4 192.9 197.1 202.2 205.4 206.6 206.2 206.1 206.5 206.8 206.7 206.6 206 204.9 202 200.7 203.7 207.4 209.6 211.1 211.9 212.3 211.9 211.3 211.8 212.2 212.8 213 212.9 212.8 212.5 213.3 213.8 214.5 214.8 215 215.6 216.4 217.2
190.3 189.7 188.2 186.7 184.5 182.3 178 174 171.7 171.3 171 170.4 169.9 168.3 166.7 163.5 162.3 161.4 159.6 160.9 162.8 167.7 173.9 178.7 181.1 183 183.6 182.2 181.2 180.1 180.4 178.3 173.8 170.7 171.1 172.4 180.8 184.5 188.3 191.6 195.1 198.8 202.6 204.2 203.9 203.6 202.8 203.3 203.7 203.8 203.7 203.4 201.4 198.2 200 203.3 206 208.4 209.7 209.9 210.1 208.8 208.2 208.8 209.4 209.9 210.5 210.3 209.9 210.1 211 212.2 212.5 212.7 212.5 213.3 214.1 214.6
188.1 187.5 186.5 185 183.8 181.6 179.6 176.7 173.7 171 168.6 167.3 166 165.5 163.3 162.5 160.6 159.1 158.4 160.1 165.9 170.7 174.2 177.2 179.3 180.7 180.8 179.9 178.8 177.6 175.9 174.2 170 170.2 169.8 175.3 182.3 187.4 191 193.9 197.4 200.8 201.8 201.9 201.1 199.6 199.5 200.3 200.9 201.1 201 200.5 198 197.1 199.3 202.5 205.3 207.4 207.8 208.1 207.3 205.2 205 206 206.9 207.3 207.9 208 207.5 208 209.4 210.3 210.4 210.4 210 210.5 211.5 211.4
185.8 185.1 184.2 183.3 182.1 180.7 178.9 177.5 176 174.4 172.4 171.1 170.2 168.7 167.4 165.4 161.7 158.4 157.5 161.7 167.3 171.5 174.3 176.3 177.4 177.8 178 177.4 176.3 174.7 173.1 170.1 168.8 170.3 170.3 176.7 183.8 188.7 192.9 196.1 198.3 199.4 200.1 199.9 198.3 195.6 196.4 197.2 198 197.8 198.2 197.7 195.1 195.7 199.4 202.1 204.9 206.2 206.8 206.1 204.6 202.2 202.6 203.7 204.3 204.7 205.1 205.1 205.1 205.9 207.6 208.3 208.4 208.2 207.6 207.9 208.8 208.5
183.4 182.7 181.8 180.5 179.8 179.6 178.4 177.3 176.3 175.1 173.9 173.3 172.5 171.7 169.9 167.4 164 158.9 155.6 161.2 166.5 171 173.3 174.7 175.9 175.8 175.4 174.5 173.3 171.7 170 167.5 169.5 169.7 172.8 176.2 182.4 188.1 192.7 195.7 197 197.9 198.4 197.9 196.1 192.8 192.6 193.6 195.1 195.6 195.7 195 192 194.7 198.5 201.8 203.6 205 205.3 204.6 202.8 199.7 200.3 201 201.4 201.7 201.5 201.8 202.6 204.8 206.5 207 206.8 206.5 205.2 205.6 205.6 205.6
180.9 180 178.8 177.4 177 177.1 177.2 177 176.4 175 174.1 173.4 172.7 172.3 170.9 168.8 165.2 159.4 155 159.6 165.7 169.6 171.9 172.9 173.9 174.1 172.7 171.7 170.4 168.8 166.6 166.3 166.6 167.3 173.3 174.9 180.8 187 191.1 194.4 195.7 196.4 196.8 196.1 194.5 191.3 189.3 190.5 192.4 193.5 193.7 192.9 190.6 193.6 198 200.7 202.4 203.5 203.7 203.1 201.1 196.9 197 197.9 196.8 196.7 197.5 199 201.3 203.6 205.1 205.6 205.1 204.6 203.3 203 203 202.3
177.8 177.1 175.8 174.4 174.6 175.1 175.3 175.6 174.8 174.5 173.3 172.8 172.4 171.8 170.7 169.5 166.3 160.1 154.7 157.1 163.2 168 169.9 171.2 173.1 172.8 170.6 169 166.9 165.7 164.4 161.9 161.5 166.8 171.7 175 179.9 185 189.1 192.3 194.5 195.3 195.6 195 192.9 190 187 188.2 190.7 192.1 192.1 190 189.2 193.5 197.2 199.9 201.4 201.7 202.3 201.4 199.7 196 193.3 194.5 194.3 193.8 194.5 198.2 200 202.2 203.6 203.9 203.5 202.9 201.6 200.4 200.5 199.8
174.7 173.9 172.6 171 171.8 172.7 173.5 173.7 173.4 173 172.2 171.3 170.9 171.1 170.5 169.4 167.4 161.3 155 154.8 161.1 165.7 167.7 168.6 171.6 172.3 169.8 165.4 163.3 161.6 159 158.4 161.5 165.1 169.5 174.1 180.1 184.4 189 191.8 193.6 194.3 194.6 193.7 191.4 188.8 185 185.7 188.8 190.2 189.3 186.2 189.5 194 197.4 199.2 200.3 200.6 201 200.2 198.4 195.3 190.8 190.7 190.8 190.3 194.3 197.4 199.5 201.4 202 202.2 201.8 201.3 200 198.6 198.5 197.8
171.4 170.7 169.2 168.2 168.3 170.4 171.6 171.7 171.5 170.7 170.3 169.8 169.4 169.5 170.3 169.3 167.6 162.1 155.7 153.4 157 162.6 165.2 167 169.3 169.2 166 161.8 159 156.6 157 160.9 164.8 168 172.1 177.3 181.4 185.1 188.9 191.2 192.6 193.4 193.6 193.6 191.4 187.7 183.6 183.7 185.6 187.2 185.3 185.1 189.7 193.3 196.6 198.3 199.1 199.6 199.6 199 197.4 194.7 189.8 186.6 187 190.2 193.8 196.6 198.4 199.9 200.5 200.4 199.9 199.3 197.9 196.6 196.5 196.7
169.1 167.6 165.6 165.8 166.9 168.3 169.4 169.6 169.5 168.1 167.7 166.9 167 168.9 169.4 169 167.7 164.1 157.3 152.2 153.4 159.2 162.2 163.9 165.3 163.7 159.8 156.9 154.5 155.9 160 164.2 167.9 171.9 175.4 179.6 182.8 186.2 188.7 190.7 191.5 192.4 192.6 192.5 190.1 186.8 182.9 181 182.6 183.3 181.8 184.4 189.1 193.1 195.2 197 198 198.2 198.1 197.7 196.1 193.8 190.6 185.2 185.6 189.9 193 195.6 197.3 198.3 198.7 198.6 197.9 197.3 195.8 194.5 194.8 195.3
165.9 164.4 161.2 162.8 164.8 166.2 167.2 167.4 166.9 165.8 164.5 163.8 165.3 167.6 168.6 168.9 167.7 164.9 159.7 153.2 151.5 155.6 159.5 161 160.1 157.7 154.6 153 155.1 159 163.2 167.3 171.2 175.2 178.6 181.1 183.7 186.2 188 189.9 191 191.4 191 189.8 188 185.3 181.7 178.8 180.3 180 179.7 184.4 189 191.7 193.9 195.7 196.7 196.7 196.6 196.2 194.7 192.6 189.9 184.6 183.7 188.8 192.1 194.6 196 196.5 196.8 196.4 195.5 194.8 193.5 192.5 194.2 194.7
163.1 161.5 157.9 161 162.6 164.1 165 165.3 164.4 162.8 160.9 161.3 164.1 166.4 167.4 168.3 167.6 165.4 161.4 155.2 150 151.4 155.8 157.5 156.8 153.5 151.5 154.6 159.3 163 166.5 169.9 173.2 176.3 179.8 181.9 183.8 185.6 187.2 188.7 189.5 189.6 188.9 188.1 186.7 184.1 180.3 177 177 177.1 179.2 184.4 187.7 190.5 192.6 194.1 195.3 195.2 195.2 194.4 193.3 191.3 188.1 182.7 182.6 187.7 190.8 193.1 194.6 194.8 194.7 194.3 193 192.3 191 190.9 192.7 193.7
160.4 159.1 155.5 158.5 160.7 162.3 163.2 162.9 161.5 159.9 158.2 160.5 163.1 165.2 166.7 167.4 167.4 165.6 163 158.4 152 149.7 151.2 153.4 151.8 149.9 153.9 158.8 162.5 165.9 169.1 172.3 174.9 178.2 180.6 182.7 184.3 185.7 187 187.9 187.8 187.7 187.3 186.8 185.3 183 179.5 176 175 176.7 180.6 184.3 187.3 189.5 191.5 192.9 193.4 193.4 193.4 192.6 191.6 189.7 186.3 181.2 181.4 186.7 189.9 191.9 193.1 193.1 192.6 192.2 190.8 189.7 188.4 190.1 192.3 192.8
157.7 156.6 153.5 156.1 158.8 160.6 161.7 161 158.8 157 157.1 160.1 161.9 164 165.5 166.5 167 166.3 163.7 160 155 150 147.9 149 149 153 157.9 161.7 164.9 168.2 171.4 174.5 176.8 179.3 181.4 183 184.7 185.8 186.6 186.5 186.4 186.1 185.7 185.2 184.1 182 178.6 175.4 173.3 176.4 180.7 184.1 186.8 188.8 190.4 191.6 191.6 191.4 191.4 190.7 189.9 187.9 184.3 178.8 179.9 186.1 189 190.7 191.7 191.4 190.8 190 188.1 186.2 186.9 189.3 190.9 191.7
154.7 153.5 152.3 154.6 157.5 158.9 159.8 160 157.2 154.5 156.2 158.6 160.3 162.7 164.3 165.5 166.2 165.8 164.3 161.5 157.8 152.6 148.7 146.5 149.7 155.6 159.5 163.8 167.3 170.5 173.2 175.9 178.1 180.1 181.6 183.1 184.2 184.6 185.3 185.3 184.9 184.6 184.4 184.2 183 181 177.4 173.3 173.1 176.2 180.8 184 186.2 188.1 189.2 189.8 189.7 189.5 189.4 188.8 187.9 186.1 181.8 176.5 179.2 185.2 188.5 189.4 189.6 189.7 189.2 187.7 185.5 183.6 185.6 188.2 189.9 190.3
151.6 151.2 150.7 154.4 156.6 157.5 157.7 157.7 156.9 154.1 154.8 157.1 159.1 161.2 162.7 164.5 165.3 165.2 163.7 161.7 158.6 154.8 149.4 146 149.3 155.2 160.2 164.8 168.3 171.5 174.1 176.8 178.8 180.3 181.6 182.3 183.1 183.4 183.6 183.6 183.6 183.5 183.3 183 182 180 176.1 172.4 173 176.8 180.8 183.5 185.6 187 187.8 188.5 188.2 187.8 187.5 187 185.9 183.8 180.1 177.3 180.7 183.8 187 187.8 188.2 188.3 187.6 185.9 183.1 181.9 184.4 186.8 188.3 189.2
148.1 147.9 150.1 153.8 155.6 156.1 156.4 155.5 154.3 153.8 152.9 155.5 157.4 158.9 161.2 163.3 163.9 164.3 163.1 161.4 158.7 154.4 149.7 146.1 149.6 155.9 161.1 165.7 169.6 172.4 174.7 177.3 179 180.3 180.9 181.5 181.9 182 181.9 181.8 181.7 181.6 181.8 181.7 180.9 179 174.9 170.7 172 177.2 180.3 183 185 186.1 186.8 186.5 186 185.6 185.5 185.1 183.8 181.4 177.9 177.4 181.3 182.6 185.4 186.7 187 186.9 186.1 184.2 180.9 180.1 182.4 185.4 186.6 188
