public/OST50/SU35.asc
ncols 200
nrows 200
xllcorner 430000
yllcorner 150000
cellsize 50
[rows 70 to 104 of 200, columns 0 to 77 of 200]
261.3 260.7 259.6 257.9 255.5 252.6 248.7 243.7 239.1 235.3 230.9 225.8 220.8 215.4 208.4 198.7 189.9 180.1 174.2 170.2 169.1 175.3 186.1 199 214.8 222.6 225.5 225.1 225.8 225.9 228.3 232.2 237.4 242.1 246.9 251.5 253.5 254 253 251.5 249.5 246.6 243.1 238.2 233.6 227.9 221.4 214.2 206.7 198.4 190 181.3 175.1 169 165 160.2 156.6 154 151.6 148.6 145.2 141.2 137 134.9 134.5 135.3 136.6 137.2 139.4 141.3 142.1 142.1 141.9 140.9 139.5 137.6 137 137.5
261.3 260.4 259.5 258 256.3 253.2 249.9 245.8 241.1 235.8 231 225.8 220.7 216.4 210.2 203.3 194.1 184.7 177.4 171.5 167.7 170.3 181.3 193.9 212.3 212 209.4 206.3 205.1 205.5 207 212.6 218.8 226.9 234.6 242.3 249.4 249.5 251.6 250.1 247.5 244 239.7 235 230.5 224.8 217.5 210.7 202.1 192.8 185.9 176.4 170.1 164.6 159.8 156.6 153 149.2 146.6 144.2 140.8 137.2 136.5 135.9 136.8 139 140.8 141.7 144.2 146.4 146.6 146.6 145.4 143.2 140.7 140.2 141.4 141.8
260.2 259 258 257.2 255 252.4 249.6 245.2 239.9 233.9 228.2 222.6 218.2 214.5 210 204 196.9 187.7 180.7 173.7 168.3 167.2 174.8 185.2 193.3 194 192.7 191.2 190.7 191.4 192.2 196 199.7 208.4 219 228.6 237 245.3 246.6 245.8 243.3 239.4 234.9 231.1 226 219.9 213.3 205.2 196.9 187.9 179.2 172.5 166.1 160 156.2 152.7 149.3 145.8 142.5 139.5 136.4 135.7 137.6 138.4 140.4 143 145.2 146.2 146.8 149.2 149.7 148.7 146.4 143.9 143.3 144.7 145.9 145.9
257.6 256.5 255 254.1 252.2 250.3 246.6 241.3 235.5 228.8 223.3 217.2 212.3 210.5 206.2 201.8 195.3 188.3 181.5 174.7 168.2 165.1 168.8 175.2 179.4 180 180.1 179.4 180.4 181 181.4 183.5 185.7 190 201.7 210.5 222.7 231.9 238.1 239 236.4 233.1 229.6 225.1 219.6 214 208.2 200.3 193.1 184.7 176 167.6 160.7 156 152.1 148.6 145.2 141.5 138.2 137.1 138.1 139.8 140.7 141.8 144.1 146.5 149 152.4 154.8 155.5 152.6 150.5 148.2 147.6 147 148.5 148.6 148.5
254.6 253.6 252.3 250.8 248.5 245.2 242.1 236.9 232.5 223.4 217.3 211.2 205 200.8 198.9 195.8 190.6 184.7 178.3 171.9 167.3 164 164.4 167.4 169.7 170.5 171.5 172.1 174.2 173.4 173.3 173.7 174.3 178.5 184.9 193.5 205.8 218.3 225.9 229.9 229.1 225.8 221.1 217.1 212.5 207 201.5 196.6 190.1 182.5 175.1 167.1 158.2 151.9 147.4 144.2 140.7 137.8 138.1 141.6 143.6 144 144.6 145.1 147.1 149.5 152.2 157.1 160.4 160.5 158.6 154.9 151.6 151.2 151.2 151.9 151.7 151.2
250.6 249.2 247.8 245.4 243.4 240.1 236.5 232 226.1 218.7 211.7 205.7 198.3 191.3 189.9 187.6 183.1 177.2 171.9 167.6 164.2 162.4 162.3 163 163.8 164.6 165.7 166.7 167.5 167.2 166.8 166.7 166.8 169.5 173.1 180.4 190.5 203.3 213.8 219.9 220.5 216.7 212.3 208 203.6 199.9 196.3 191.4 186.9 181.8 175.7 167.6 158.2 150.7 145.4 141.4 138.3 139.2 145.9 148.8 148.8 149 148.6 149 150.3 153.1 155.3 159.2 163.8 163.3 164.2 162.5 160 157.2 155.5 155.4 155.2 154.7
244.9 244.8 243.6 240.1 236.2 233.6 229.6 225.7 221.7 214.6 206.9 197.2 191.4 184.5 181.1 178.3 175.1 170.4 166.4 164.2 162.2 160.7 160.4 159.5 159.2 159.4 160.7 161.4 161.8 161.8 161 160.1 160.1 160.8 163.1 168.7 176.5 187.7 201.3 210.8 210.7 207.7 203.5 199.3 196.6 193.2 190.4 187.9 184.2 180.3 174.8 167.4 158.7 149.6 143.7 139 139 147 154 154.7 153.5 153 152.9 153.5 154.8 156.8 159 161.9 168.1 169.1 168.4 166.3 163.5 160.2 159.2 158.9 158.7 157.5
238.6 238.1 237.8 234.6 229.9 225.1 222.8 219.6 215.1 211.4 204.4 193.4 183.9 179 174.4 171.7 168.5 165.3 162.8 161.8 162.1 163.1 163.1 161.4 159.7 158.7 157.9 157 156.4 156.1 155.5 155.1 154.3 153.5 153.4 158.4 166 174.1 185.7 199.7 202 199.8 196.1 191.9 188.2 186.6 184 181.3 179.7 177.5 173 166.2 158.6 149.7 142.7 139.5 144.3 154.4 160.6 160.4 160 159.7 158.6 158.7 159.7 161.3 163.2 165.6 172.4 173.1 170.6 166.7 164.9 164 163.4 162.7 161.2 158.3
232.7 231.7 230.9 229.7 223.5 218.4 215.7 213.3 210.4 206.8 198.1 189.1 180.8 174.3 171.3 168.3 165.3 163.8 164.3 165 166.4 167.8 168 166.8 164.7 163 162.3 162 161.8 162.7 161.2 159.7 158.8 157 154.5 152.4 156.8 164.1 172.5 185.2 193.7 193.1 188.1 182 177.6 177.1 175.2 173.8 172.5 170.9 167.7 162.7 156.7 149.6 141.3 140.1 149.5 160.2 165.9 169.2 172.7 172.7 172.2 170.1 168 166.8 169.2 173.2 176.4 174.9 170.1 169.6 169.2 168.2 166.6 165 162.3 155.7
225.4 226.2 223.7 223 219.1 211.3 207.8 207.1 205.8 200.7 193 184.2 177.1 172.3 169 166.2 164.4 166.3 167.7 169.7 171.9 174.7 176.9 176.1 173.6 172.7 173.2 173 171.7 171 169.7 166.5 162.5 158.8 156.4 153.3 151.6 156.6 162 171.6 181.9 183 179.2 174.5 168.7 167.2 166.3 165.2 164.6 163.3 161 157 152.7 146.8 141.4 141.4 153.9 165.7 173.2 178.7 183.6 184.9 185 183.6 182.3 181.3 181.1 181.4 180 177.4 175.8 174.4 172.9 170.9 168.7 165.3 160.6 155.3
218.3 220.3 216.9 215.2 212.5 206.9 199.9 199.4 198.7 194.5 187.4 179.9 174.4 170.4 166.6 165.4 167.6 170.5 173.5 176.2 181.9 186.8 188.2 187.4 184.9 184.1 184.1 183.1 180.3 177.4 173.8 169.2 164 160.4 157.2 154.3 152.5 150.9 154.5 158.4 167.3 171.7 170.5 167 163.7 161.3 160.2 159.1 157.6 156.4 154.9 152.1 148.9 144.5 141 144.5 157.3 170.7 177.7 186.4 192.2 195 195.1 194 192.6 190.8 189.5 187.7 185.2 182.9 180.1 178.3 176 173 168.8 163 156.9 160.6
213.4 215.5 212.7 207.6 204.8 199.7 195.8 190.7 190.5 187.4 181.4 175.4 171.1 167.2 166.5 170.7 173 176.6 180.7 186.1 191.5 196.3 198.2 197.9 194.6 193.9 192.1 188.5 184.9 180.5 175.9 171 165.5 160.9 157.2 155.3 153.6 152 149.9 152.1 156.8 161.1 162 161.2 159.9 158 157 155.7 154 151.3 149.6 147.7 145.8 142.5 141.4 148.8 161.3 173.7 182.1 192 199.1 203.2 204.3 203.8 202.1 199.1 196.8 194.1 190.3 186.8 183.9 181 176 171.5 167.5 163.2 166.4 168.6
207.7 211.6 210.4 203.9 196.4 190.6 189.1 184.1 181.2 178.5 174.6 170.6 167.5 168.5 173.3 176.5 181.2 186 191.6 196.9 201.7 203.5 206.5 206 201.5 197.3 192.5 186.5 182.1 176.7 173.8 169.8 164.7 160.3 157.2 156.4 156.8 154.6 151.8 149.3 151.5 154.3 156.3 156.4 155.9 154.9 154 152.8 150.7 148 145.6 143.7 142.4 141.7 145 153.4 166.7 177 186.1 197.2 205.5 209.8 212.1 211.1 208.8 205.5 201.5 197.2 193.4 189.9 185 180.9 176.1 176.5 177.1 176.2 176.2 176.2
199 208.7 207.8 202.7 194.5 186.1 182 178.9 175.1 172.5 169.1 168.7 171.7 174.1 178.9 184.1 191.1 197.9 201.8 207.4 211.7 212.8 214.3 212.9 206.9 198.4 188.6 181.4 175.7 171.3 167.8 164.4 161 159.3 160.4 160.9 158.6 155.5 152.9 151.4 148.7 150.4 151.3 152.3 152.7 151.8 150.8 149.5 148 145.2 143.3 142.5 143.9 146 149.6 158.4 171.3 181.2 191.5 203.9 210.8 215.1 217.5 215.9 213 209.2 204.2 198 194.2 188.8 180.9 178 182 185.5 186 185 182.6 179.1
191.9 204.5 204.9 199.6 192.4 184 178.2 174.1 170.2 169.9 171.7 174.3 176.8 180.7 186 194.3 201.9 206.1 214.8 220.2 221.2 219.9 220.5 217.9 210.9 199 186 178.5 171.9 167.5 165.3 163.9 162.8 163.7 165.2 162.7 158.7 156.2 155.3 153.8 150.7 148.5 148 149.1 148.9 148.7 147.5 146.2 145.1 143.7 144.8 146.1 147.5 150 154.3 163.2 175.8 186.3 199.9 210.3 215.7 219.5 220.2 218.2 214.9 210.3 204.2 197.6 190.4 185.2 176.1 182.6 188.7 192.4 192.1 190 184.9 180.5
187.1 199.3 201.5 195.2 188.5 180.8 174.4 170.8 172.9 176 177.2 179.7 183.5 188.6 195.8 202.3 208.8 219.3 226.5 229.2 228.7 225.3 224.3 220.4 212.8 201.1 187.7 180.4 173.5 170.4 168.8 167.9 168.9 169.8 167.7 162.9 159.9 158.6 157.9 155.7 152.9 150 148.3 147 146.3 145.8 145.3 145 145.8 148 148.4 150.5 152.2 154.8 160.9 170.5 182.7 194.7 209 215.4 220.1 221.7 221.2 218.5 214.7 209.6 202.6 195.8 188.1 180.4 183.8 191.9 195 196.7 196.4 192.2 187.4 183.5
183.9 193.4 195.3 191.8 184.1 176.9 171.8 174.3 177.5 181 183.6 187.4 192.7 199.2 201.2 208.3 218.5 229.1 234.9 235.9 234 229.6 226.5 219.7 210.9 200.8 190 181.5 176.2 174.7 175 175.8 177.3 175.6 170 165.2 162.7 161.2 160.3 157.8 155.5 154 152.1 150.8 150.6 150.4 151 152.1 152.5 152.6 153.2 154.7 158.5 162.4 168.8 179.1 191 204.8 214.4 220.3 222.9 223.2 221.4 217.7 213 207.3 201.8 195.3 187.3 183.5 192.7 198.4 201.9 201.6 199.1 196.2 192 188.1
178.8 184.7 186.5 184.3 178.9 173 175.4 179 182.5 188.3 192.9 197.7 200 202.3 208.5 218.6 228.8 236.8 241.9 241.5 238.3 232.6 227 219.2 206.9 196.6 187.4 184.2 182.4 183 184.2 185.6 185.5 181.3 173.9 169.3 166.8 165.3 163.6 161.2 160 158.5 156.8 157.2 158 159.8 161.7 163.6 163.2 161.2 159.8 162.7 167.9 173.7 179.7 188.6 202.7 213.9 221 224 225.2 223.5 220.3 216.9 211.3 204.9 200.9 194.4 185.6 193.7 200.7 204.3 205.9 205.5 203 199.4 195.4 191.1
177 175.8 177 176.4 173.5 178.2 181.5 186.3 189.2 195.8 200.5 202.2 204.8 208.8 218 229.5 238.2 243.8 245.9 245.7 242.2 234.8 228 218.4 205.5 200.9 197.1 194.7 193.8 193.7 196.2 197.1 194.9 190.4 184.6 179.7 175.9 172.2 169.9 167.7 166.6 165.6 163.9 165.9 168 170.5 172.6 175.3 176 175.2 173.6 175.1 179.3 186.3 192.8 202.9 214.2 221.7 225.3 227.2 226.1 222.9 219.5 213.8 209.3 203.5 198 192.7 196.5 203.1 206.6 208.2 208.6 207.3 204.8 201.3 197.3 193.6
184.8 180.8 177.2 177.8 181.2 186.9 192.1 193.5 198 201.8 202.8 206.1 210.2 217.7 229.7 239.1 245.3 248.3 248 245.7 241.8 236.8 231 224.9 218.8 217.1 214.8 212.7 211.5 210.3 210.3 210 205.5 201 195.4 191 187.1 183.4 180.6 178.7 178.1 177.1 176.8 177.6 179.6 183.7 188.1 192.3 195.5 195.1 192.9 193.2 196.9 203.1 209.6 216.2 222.7 226.6 228.8 229 227.1 222.9 218.3 213.2 207.5 201.1 198.6 201.8 206.3 209.5 211.1 210.9 211 208.6 205.2 202 198.2 194.2
190.7 186.8 181.5 184 191.6 196.9 199.9 201.4 203.9 204.8 207 211.7 219.6 232.4 241.2 246.3 249.8 249.9 249.4 247.6 243.7 240.5 237.3 234.3 231.9 231.2 229.4 229.1 228 226.8 225.2 223.6 220.8 216.5 212.1 207.2 202.6 198.4 195.1 192.8 192 191.5 191.2 194.1 196.7 201.8 206.9 210 210.9 210.2 209.6 210.1 212.9 216.3 220.4 225.3 228.2 230.5 231.2 229.7 227.8 222.4 216.3 213.1 210.5 208.7 209.8 211.2 213.1 214.2 213.9 214.4 212.8 208.5 204.6 200 195.8 192.6
197.4 192.6 187.7 191.4 197.2 203.4 207.6 207 207.7 210.9 215.1 222.8 233.6 242.1 247 250.6 251.6 251.3 250.5 248.9 247 245.2 243.1 240.4 239.9 240.1 240 239.1 237.7 237.2 235.6 234.1 231.3 228.7 225.3 221.8 218.8 216.1 214.2 212 210.7 211.1 212.5 213.7 215.8 218.9 223 224.6 223.9 221.3 219.9 220.8 222.7 225.2 228.2 230.4 232.1 232.8 232.4 231.3 229 225.2 220.7 217.7 216.9 216.5 216.6 217.5 218 217.8 216.6 214.6 210.3 206.7 203.3 199.5 194.5 187.8
201.5 198.3 194.4 195.7 201 206.7 210 212.3 214.5 219.2 228.4 237.1 243.3 247.6 250.9 252.2 252.3 251.9 251.3 250.4 249.1 247.7 246.4 244.9 244.6 244.9 244.8 244.6 243.8 242.8 241.2 239.3 237.2 235.4 233.5 231.7 229.9 228.5 226.9 226 225.2 225.2 226.6 227.5 228.9 231 231.1 232 231.3 229.1 228.4 227.7 229.8 230.8 232.1 233.3 234.1 233.9 233.1 232 230.6 228.6 225.9 224.2 222.9 222.3 221.9 221.3 221.4 220.3 219.4 216.1 212.7 209.9 206.1 202.8 198 189.8
209.1 204.1 202.4 203.7 207.8 211 215.1 218.8 225.6 234.3 240.1 244.5 247.9 250.9 252.1 251.9 251.7 251.4 251.2 251.5 249.9 248.1 246.9 246 245.5 246.2 246.8 246.5 246.2 244.9 243 241.7 240.9 239.9 238.9 237.4 236.7 235.7 235.2 234.7 234 233.8 233.8 234.3 235.1 235.8 236.2 236.3 236.1 233.9 232.8 232.4 232.8 233.4 234 234.4 233.8 233.7 232.8 232.4 231.7 230.5 228.8 227.9 227.1 225.9 225 224.1 223.1 221.9 220.5 217 214 210.9 208.2 205 201.2 196
222.1 219.5 217.8 217.4 218.5 220.6 225.7 233 238.1 242.4 246.1 248.8 250.2 250.6 250.6 250.3 250.4 250.3 250.4 250.4 249.6 248.5 247 246.4 245 246 246.9 246.3 245.7 244.6 243.3 242.2 241.8 241.2 240.7 240.5 240.3 239.8 239 238.7 238.2 238 238.1 238.2 238.1 237.7 238.2 237.6 236.6 235.4 234.6 234.4 234.1 233.9 233.7 233.4 233 232.7 232.5 232.1 231.6 231 230.2 229.1 228.1 227.3 226.3 225.1 223.6 221.8 220 217.2 214.5 211.6 209.2 206.3 203.6 200
235.7 235.6 233.6 233.5 234.5 236.1 238.3 242.5 245.2 247.9 249 248.9 249.1 248.7 249.1 250.1 251.2 251.8 251.8 250.6 249.3 248.2 247 246 246.1 246.1 246.6 246 244.8 243.9 242.7 241.2 241.3 241.6 241.6 241.5 241.4 240.6 239.9 239.6 239.3 238.9 238.5 238.3 237.9 237.7 237.8 237 236 235 234.2 233.6 234.1 233 232.4 231.9 231.4 231.2 231 230.9 230.8 230.7 230.3 229 227.7 226.6 226 224.5 222.5 220.8 218.8 217.6 214.7 212.1 209.9 207.2 204.4 201.1
244.4 243.7 243.1 243 242.3 244.6 246.4 247.5 249.2 249 248.6 247.5 246.7 246.4 246.5 247.7 248.2 248.6 249 248.7 248.2 247.8 247.6 246 246 245.6 245.2 244.8 243.3 241.7 240.2 239.1 240 240.3 240.5 240.2 239.8 239.6 239.2 238.8 238.3 237.7 237.4 237.4 237.4 237 236 235.5 234.2 233.2 232.5 231.9 232.4 232.6 230.4 229.3 228.9 228.6 228.8 229.7 229.8 229.5 228.9 228.2 227 225.8 224.4 223 221.3 219.4 218.5 216 213.3 211.4 209.2 206.7 204.3 200.7
248.4 247.8 248.1 247.4 246.6 249 249.1 248.9 248.3 247.6 246.5 245.4 244.2 243.3 242.8 243 243.4 244 244.6 245.6 246.4 246.5 246.6 245.5 245 244 242.7 241.6 240.5 238.9 237.4 237.1 238.2 238.8 238.9 238.4 237.8 237.3 237.2 236.9 236.4 236 236.2 235.8 235.4 234.4 233.9 232.9 231.8 230.8 229.8 228.9 229 229.4 226.3 225.7 225 224.4 225.9 227.3 227.8 227.7 227.6 226.7 225.4 223.6 221.8 220.7 219.7 218.4 215.7 212.9 211.2 209.9 207.6 205.9 203 198.9
248.6 248.7 248.8 249.4 249.6 249.2 248.4 247.4 246.2 245.3 244.1 242.5 240.6 239.1 238.3 238.4 240 240.8 241.7 242.8 244.2 244.7 244.7 244.2 243.7 242.8 240.8 237.6 236.2 235.6 233.9 234 236.3 237 236.4 235.7 235.1 234.7 234.3 234 233.4 233.4 232.9 233.1 232.8 232.1 231.4 230.3 228.8 228.1 227.1 225.9 225.9 224.8 222.5 221.5 220.9 220.6 223.4 224.9 225.7 225.6 225.3 224.2 222.4 220.9 219.2 217.3 216.1 214.1 211.7 210 208.4 207.4 206.2 203.7 200.8 196.7
248.1 248.2 248.4 248.8 248.6 247.7 246.2 245.1 243.6 242.3 240.8 239 236.9 234 232.2 232.8 235.1 236.1 238.4 240.3 241.1 242 242.5 242.2 241.2 240 238 235.1 232.1 231.5 229.7 231.4 233.7 235.2 234.8 233.4 232.3 230.9 230.5 230.5 229.9 229.2 229.4 229.4 229.5 228.9 227.9 227.4 225.2 224 223.1 222.5 221.8 222.3 219.9 217 215.8 217 220.3 222.3 222.9 222.4 222.1 220.8 219.1 217.8 215.4 212.6 209.8 207.7 206.9 205.1 204.5 204 202.9 201.1 198.2 194.3
246.6 247.2 247.6 247.4 247 246.1 245.4 243.3 240.2 238.7 236.9 234.8 232.1 228.8 225.8 227.3 229.9 230.7 233.5 236 237.4 238.3 238.7 238.5 237.9 236.6 234.8 232 226.8 226.1 224.6 228.1 231.4 232.5 232.5 231.1 229.5 227.7 227.3 226.9 225.9 225.4 225 225.5 226 225.4 224.7 224.8 223.2 221 218.7 218.4 218.6 219 215.5 212.3 211.8 214.6 218 219.5 220 219.2 218.4 218.8 218.4 214.9 211.5 208 204.3 201.6 200.1 198.9 198.9 199.9 199.4 198.3 195.5 192.4
245.1 245.6 245.9 245.7 244.9 243.9 242.8 240.1 236.2 234.3 232.3 229.4 227.5 224.5 219.9 220.5 223 224.7 228.7 231.1 233.5 234.6 234.8 234.6 233.8 232.7 230.8 228.7 224 219.9 220.7 225.2 229.3 230.5 230.8 229.9 228.4 225.7 223.8 222.8 221 220.7 220.8 221.5 222.1 222 221.6 221.3 219.6 217.5 215.1 214.8 215.8 214.8 210.9 208 208.7 212.6 215.6 216.6 216.4 215.3 214.2 214.3 215.3 212.6 207.6 203.8 199.4 196.6 193.9 192.7 193.3 195.3 195.6 195.5 192.9 191
243.5 243.5 243.5 243.1 242.6 241.5 240.3 237.3 232.1 229.4 227 224.3 222.5 219.6 216.6 214.1 216 219.4 223.9 227.1 229.7 231.3 231.7 230.7 229.9 228.4 226.6 224.8 222.2 216.9 217.4 223.4 227.3 228.3 228.9 228.3 227.1 225.5 223.1 220.4 217.3 216.5 216.2 217.5 218.1 218.4 218.1 218.3 216.4 214.2 211.9 211.5 212.8 212.1 208.4 205 208.3 211.2 213.2 213.5 212.9 211.7 209.8 208.7 209.9 208.4 202.9 200.7 196.6 191.3 186.9 185.7 188.1 190.4 190.8 191.9 192.6 190.2
241.1 241.1 240.9 240.5 240.1 239.3 237.9 235.7 231.3 225.6 222.1 219.3 217.2 215.3 213.5 208.9 209.6 214.7 218.7 222.7 226.1 227.8 228.4 227 225.3 223.4 221.8 220.4 218.6 214 214.8 221.4 225 225.8 226.2 226.1 225.3 224.2 222.7 222.2 219.4 215.7 212.8 213.3 215 214.5 215.3 215 213.7 211.4 209 209.4 210.7 210.1 207.2 204.2 205.6 208.9 210.4 210.5 209.5 208 205.9 203.5 203.4 203.3 200.1 197.1 194 189.5 183 178.9 182.6 185.5 186.5 189.9 189.9 187
238.8 238.3 238.3 238 237.3 236.5 235.6 233.4 231 225.8 219.1 213.1 211.5 210.4 209.2 204.7 205.7 210.7 215 219.2 222.5 224.3 224.9 223.3 220.8 218.3 216.9 215.4 213.7 209 214 219.8 222.7 223.8 223.5 222.2 222.1 221.3 222 221.3 220.1 217.8 213.1 209.4 210.3 210.3 212.1 212.1 210.6 208.2 206.2 207.6 209.1 208.5 205.6 202.5 201.5 205.6 207.2 206.8 206.2 204.8 202.5 199.3 196.1 197.3 196.2 193.7 191.4 188.9 184.2 176.8 176.4 180.4 182.7 185.1 184.3 180.2
