public/OST50/SU38.asc
ncols 200
nrows 200
xllcorner 430000
yllcorner 180000
cellsize 50
[rows 0 to 34 of 200, columns 78 to 155 of 200]
77.1 77.4 77.1 77 76.8 76.5 76.9 76.9 76.9 77 77.2 77.5 78.5 78.5 78.4 78.3 78.6 78.7 79.6 80.5 81.3 82.2 83.8 84.2 84.2 83.9 83.6 83.3 83 82.7 82.7 82.8 82.7 81.5 81.4 81.1 80.8 80.1 80.3 82.3 84.6 86.3 87 87.2 87.5 86.9 86.7 85.5 84.9 83.7 81.7 80.7 80 79.2 79.1 78.4 77.6 76.9 76.5 76.1 75.8 75.1 74.2 73.5 72.8 72.6 72.6 72.4 72.4 72.2 72.4 72.3 72.2 72.2 72.4 72.3 72.5 72
76.6 77.1 77.6 77.5 77.2 77.1 76.7 77 77.1 77.4 77.6 77.3 77.5 77.9 77.8 78.3 78.5 79.5 80.5 81.3 82.2 83.1 84 84.7 84.6 84.3 84 83.6 83.2 82.9 82.9 82.8 82.7 82.1 81.7 81.5 81.2 80.3 81.2 83.5 85.8 86.9 87.3 87.6 87.7 87.3 86.7 85.4 84.3 83.1 82.1 81.1 80.3 79.4 78.8 78.2 77.5 76.7 76 75.4 74.8 74.2 73.6 73.2 73 72.8 72.6 72.5 72.6 72.5 72.5 72.4 72.4 72.4 72.4 72.3 72.3 72.1
76.9 76.8 77.7 77.5 77.4 77.4 77.3 77.2 77.3 77.3 77.5 77.6 77.5 77.8 78.1 78.9 79.7 80.5 81.5 82.2 83.2 84.4 85 85.1 85 84.7 84.3 83.8 83.4 83 82.9 82.8 82.5 81.9 81.6 81.5 81 80.6 82.2 84.6 86.7 87.5 87.7 87.9 87.9 87.6 86.9 85.8 84.7 83.7 82.6 81.4 80.3 79.4 78.7 77.9 77.1 76.4 75.7 74.9 74.2 73.6 73.4 73.2 73.1 73 72.8 72.8 72.8 72.7 72.7 72.7 72.6 72.5 72.5 72.3 72.2 72
77.3 77.2 77.8 77.7 77.6 77.7 77.5 77.4 77.5 77.6 77.7 77.8 77.9 78.2 78.6 79.5 80.4 81.7 82.8 83.4 84.5 85.6 85.6 85.6 85.6 85.1 84.7 84.1 83.5 82.9 82.7 82.6 82.1 81.3 81.2 81 80.5 81.4 83.1 85.6 87.3 87.8 88 88.1 88.1 87.6 87 85.9 85.1 84.1 83.1 81.7 80.5 79.4 78.4 77.5 76.8 76.1 75.3 74.6 74 73.8 73.5 73.3 73.2 73.2 73.1 73 73 72.9 72.9 72.9 72.8 72.7 72.5 72.4 72 71.9
77.7 77.9 78.1 77.9 77.9 77.9 78 77.8 77.8 77.9 78 78.1 78.2 78.4 79.2 80.3 81.3 82.5 83.8 84.4 85.1 86.1 86.5 86.2 86 85.6 84.9 84.1 83.4 82.8 82.2 82 81.6 80.9 80.5 80.7 80.8 82.3 84.2 86.4 88 88.2 88.4 88.5 88.3 87.7 87.1 86.1 85.2 84.6 82.8 81.7 80.6 79.5 78.3 77.3 76.6 76 75.2 74.6 74.3 73.9 73.7 73.4 73.4 73.4 73.4 73.4 73.2 73.2 73.2 73.1 72.9 72.7 72.4 72.1 71.8 71.8
78.3 78.4 78.4 78.2 78.2 78.2 78.6 78.4 78.2 78.4 78.2 78.5 78.4 78.5 79.5 81.2 82.3 83.5 84.4 84.9 85.7 86.6 87 86.6 86.3 85.6 84.9 84.2 83.4 82.7 82.1 81.4 81 80.6 80.7 81.4 81.2 82.5 84.7 87.2 88.4 88.6 88.8 88.7 88.4 87.8 87.1 86.3 85.4 84.1 81.6 81.3 79.9 78.7 77.6 76.9 76.1 75.4 74.7 74.7 74.4 74.1 73.9 73.7 73.7 73.7 73.7 73.6 73.5 73.4 73.4 73.3 73.1 72.7 72.4 72.1 72 72
78.7 78.9 78.7 78.4 78.4 78.5 78.9 79 78.9 78.8 78.6 78.4 78.6 78.8 79.7 81.6 83 84.3 85.3 85.6 86.1 86.5 86.9 86.9 86.4 85.6 84.7 84 83.4 82.7 82.2 81.6 80.9 81.2 81.5 81.8 81.7 82.7 85.2 87.6 88.9 88.6 88.4 88.5 88.4 88.1 87.7 86.5 85.5 83.9 82.5 80.6 79.5 78 77.2 76.5 75.9 75 74.4 74.6 74.5 74.2 74.1 74 74 74 74 73.8 73.7 73.6 73.5 73.4 73.1 72.7 72.4 72.3 72.3 72.3
78.7 79.4 79.2 78.6 78.7 79 79.2 79.6 79.4 79.2 79 78.8 78.8 79.2 79.5 81.6 83.2 84.2 85.2 85.2 85.3 85.6 86.4 86.8 86.2 85.1 84.3 83.6 83.2 82.6 82.2 81.8 81.3 81.6 82 82.3 82.3 82.9 84.6 86.9 88.6 87.8 87.9 88.2 88.4 88.1 87.7 86.8 85.4 83.6 82.1 80.1 78.5 77.8 77 76.1 75.5 74.9 74.6 74.6 74.5 74.5 74.4 74.3 74.3 74.3 74.2 74.1 74 74 73.7 73.5 73.2 72.8 72.6 72.6 72.5 72.5
78.8 79.6 79.6 79.1 79.8 79.2 79.5 79.9 79.9 79.7 79.5 79.3 79 79.2 79.2 81.4 82.2 83.7 83.6 84.3 84.5 84.6 86 86.5 85.6 84.7 83.9 83.3 82.9 82.6 82.2 81.9 81.7 82 82.5 82.9 82.8 82.8 84 85.6 86.5 86.6 87.2 87.8 88.4 88.1 87.6 86.4 84.9 83.2 81.6 80 78.7 77.6 76.7 75.9 75.3 75.1 74.8 74.8 74.8 74.8 74.7 74.6 74.6 74.6 74.5 74.4 74.3 74.3 74 73.5 73.2 72.9 72.8 72.8 72.7 72.6
79.3 79.7 79.4 79.3 79.6 79.3 79.5 79.9 80.3 80.3 80 79.7 79.2 79.2 79.1 80.2 81.5 82.2 82.4 83.1 83.2 83.5 84.5 85.2 84.6 83.8 83.2 82.8 82.4 82.3 82.2 82.1 82.3 82.5 83 83.3 83 82.6 83.3 84.6 85.1 85.9 87.2 88.3 88.3 88.1 87.2 85.8 84.2 82.5 81 79.6 78.4 77.7 76.7 75.6 75.1 75.1 75.1 75.1 75.1 75.1 75 75 74.9 74.9 74.8 74.8 74.7 74.6 74 73.4 73.2 73.1 73 73 72.9 72.7
79.8 79.9 79.6 79.3 79.8 79.2 79.6 80 81 80.5 80.2 79.9 79.1 79.2 79.1 79.3 80.3 80.5 81.4 81.6 82.2 82.5 83 83.8 83.2 82.8 82.5 82.1 82 82.2 82.3 82.3 82.6 82.9 83.1 83.2 83 82.7 82.8 83.9 84.8 85.9 87.5 88.5 88.5 87.9 86.7 85 83.4 81.8 80.4 79.3 78.1 77.2 76.3 75.7 75.5 75.4 75.4 75.4 75.4 75.4 75.3 75.2 75.2 75.1 75 74.9 74.8 74.4 74.1 73.7 73.5 73.4 73.3 73.3 73.2 73.1
80.8 81.5 80 79.7 79.3 79.6 80 80.4 80.5 80.6 80.2 79.7 79.8 79.6 78.7 79.7 80 80 80.2 80.7 81.2 81.6 82 82.3 82.1 82.1 81.7 81.7 82 82.3 82.4 82.8 83 83.2 83.3 83.1 82.9 82.7 82.8 83.7 84.8 86.4 88.2 88.8 88.3 87.7 85.6 84 82.4 81 80 79 77.9 77.1 76.2 75.5 75.8 75.8 75.8 75.9 75.8 75.7 75.6 75.5 75.4 75.2 75.1 75 74.9 74.6 74.3 73.9 73.8 73.7 73.5 73.5 73.5 73.4
80.8 81.8 80.5 80.2 80.2 80.1 80.4 80.4 80.4 80.4 80.1 79.4 79.6 79.8 79.8 80 79.8 79.8 79.6 80.6 80.6 81 81.4 81.4 81 81.2 81.4 81.8 82 82.3 82.6 83.2 83.4 83.4 83.3 83.2 83 82.9 83.2 84.2 85.5 87.3 88.7 88.8 87.9 86.6 84.6 83.2 81.8 80.6 79.7 78.7 77.7 76.9 75.8 75.8 76.4 76.2 76.3 76.3 76.2 76 75.9 75.8 75.7 75.5 75.3 75 74.8 74.7 74.4 74.2 74.1 74 73.8 73.7 73.7 73.7
81.2 81.8 81.1 80.7 80.9 80.5 80.6 80.6 80.6 80.3 80.1 80.1 80 80 80.2 80.3 80.4 80.1 79.7 80.5 80.2 80.4 80.6 80.7 81 81.3 81.6 82 82.4 82.7 83.3 83.7 83.6 83.5 83.3 83.2 83.1 83.4 83.9 85 86.6 88.3 88.7 87.9 86.8 84.9 83.1 81.9 81 80.2 79.3 78.3 77.2 76.1 75.8 76.3 76.8 76.7 76.8 76.8 76.6 76.3 76.2 76.1 76.1 75.7 75.5 75.1 74.8 74.7 74.6 74.4 74.4 74.2 74 74.1 74.1 74.2
81.7 81.6 81.4 81.5 81.3 80.9 80.8 80.8 80.6 80.4 80.3 80.3 80.3 80.4 80.5 80.7 80.7 80.4 80.3 80.5 80.2 80.5 80.8 81 81.4 81.7 82 82.3 82.7 83.3 83.9 84.2 84 83.7 83.5 83.3 83.4 83.9 84.7 86.3 88 88.6 88.3 87 85.2 83.3 81.9 80.8 80.5 79.6 78.7 77.4 76.5 76.4 76.4 76.6 77.1 77.1 77.1 77.1 76.9 76.7 76.5 76.6 76.3 76 75.7 75.4 75.1 75 74.9 74.8 74.7 74.6 74.4 74.4 74.5 74.9
82.2 82.2 82 81.7 82 81.3 81.2 81 80.8 80.6 80.6 80.6 80.6 80.7 80.9 81 80.8 80.8 80.7 80.8 80.9 80.9 81.1 81.4 81.7 82.1 82.4 82.8 83.3 84 84.5 84.7 84.4 84.1 83.9 83.7 84 84.5 86 87.5 88.7 88.7 87.1 85.3 83.5 82 80.8 80 79.9 79.2 77.9 77.1 77 77.2 77.4 77.5 77.5 77.4 77.4 77.3 77.2 77 76.8 76.7 76.4 76.1 75.9 75.7 75.4 75.3 75.2 75.1 75.1 74.9 74.8 74.7 74.6 74.2
82.8 82.7 82.6 82.4 82.5 82 81.6 81.3 81.2 81 80.9 80.9 80.9 81 81.2 81.1 81.1 81.1 81.2 81.3 81.3 81.4 81.5 81.8 82 82.4 82.8 83.2 83.9 84.7 85.1 85.2 84.8 84.6 84.4 84.2 84.8 85.8 87.4 88.7 88.8 87.2 85.3 83.5 81.9 80.9 80 79.4 78.9 78.5 77.4 77.5 77.7 78 77.9 77.9 77.9 77.8 77.8 77.7 77.5 77.5 77.1 76.9 76.5 76.3 76.1 76 75.8 75.6 75.6 75.5 75.4 75.3 75.2 75 74.7 74.5
83.4 83.2 83.1 82.9 82.5 82.5 82 81.9 81.7 81.4 81.2 81.2 81.2 81.4 81.5 81.5 81.5 81.5 81.6 81.7 81.8 81.9 82 82.2 82.6 83 83.4 83.9 84.5 85.2 85.6 85.6 85.4 84.9 84.8 85.1 85.5 86.9 88 88.6 87.2 85.4 83.7 82.1 80.8 79.9 79.3 78.7 78.4 78.1 77.9 78.2 78.4 78.5 78.5 78.4 78.3 78.2 78.1 78 77.7 77.7 77.3 76.8 76.6 76.5 76.4 76.3 76.1 76 75.9 75.8 75.8 75.7 75.6 75.3 74.9 74.7
83.7 83.6 83.7 83.3 83 82.4 82 82.2 82 81.7 81.5 81.5 81.5 81.7 81.9 81.9 81.9 81.9 82 82.1 82.2 82.3 82.5 82.8 83.1 83.5 84.1 84.6 85.2 85.8 85.8 85.8 85.5 85.3 85.4 85.8 86.4 87.4 88 87.2 85.3 83.5 82 80.9 80 79.2 78.5 78.2 77.9 78 78.5 78.7 79 78.8 78.7 78.6 78.6 78.6 78.3 78.1 78.2 77.9 77.3 77.2 77 77 76.9 76.6 76.4 76.3 76.2 76.2 76.1 76 75.8 75.5 75.2 74.9
84.6 84 84.3 83.9 84 83.4 82.1 82.5 82.3 82 81.9 81.8 81.8 82.1 82.3 82.4 82.3 82.2 82.3 82.5 82.6 82.8 83 83.3 83.6 84.1 84.7 85.3 85.7 86.3 86.1 85.9 85.5 85.3 85.3 85.6 86.9 87.7 87 85.2 83.2 82.2 80.9 79.9 79.5 79 78.8 78.8 78.7 78.6 79 79.3 79.4 79.2 79 79 79 78.8 78.5 78.2 78.1 78 77.8 77.7 77.5 77.3 77.2 77 76.8 76.6 76.6 76.5 76.4 76.3 76.2 75.8 75.7 75.7
84.7 84.3 83.7 84.6 84.4 83.6 83.3 82.9 82.6 82.4 82.3 82.3 82.3 82.6 82.7 82.8 82.8 82.7 82.8 82.9 83.1 83.3 83.5 83.9 84.2 84.7 85.4 86.2 86.6 86.5 86.3 85.9 85.4 85.3 85.1 85.6 86.4 84.1 85 83 81.9 80.9 80.5 80.1 79.6 79.4 79.1 79.2 79.2 79.3 79.6 79.9 79.7 79.5 79.4 79.4 79.4 79.4 78.9 78.4 78.2 78.2 78.3 78.1 77.8 77.6 77.6 77.4 77.2 77 76.9 76.8 76.7 76.5 76.3 76.2 76.1 76
85.5 85 85 84.9 84.4 84.2 83.7 83.3 82.9 82.6 82.5 82.4 82.5 83 83 83 83.1 83.1 83.3 83.4 83.5 83.6 84.1 84.4 84.8 85.4 86.4 86.9 87 86.6 86.3 85.6 85.1 84.7 84.5 84.7 85.3 82.6 81.3 81.9 81.1 81 81 80.9 80.4 79.6 79.5 79.7 79.8 80 80.1 80.2 80.1 80 79.9 79.8 79.6 79.6 79.1 78.7 78.5 78.3 77.9 78.2 78.2 78 77.9 77.9 77.8 77.4 77.2 77.1 77 76.8 76.6 76.4 76.3 76.3
85.8 85.6 85.4 84.9 84.6 84.8 84 83.5 83.2 82.8 83.2 82.7 82.8 83.3 83.3 83.3 83.4 83.5 83.6 83.7 83.8 84 84.5 84.9 85.3 86.1 87.1 87.5 87.2 86.7 86.1 85.4 84.9 84.6 84.2 83.7 82.5 81.6 81.3 81.4 81.3 81.3 81.4 81.4 80.9 80.3 79.9 80 80.2 80.3 80.4 80.4 80.5 80.5 80.2 80 79.8 79.7 79.3 79.1 78.9 78.7 78.5 78.4 78.3 78.2 78.2 78.4 78.1 77.6 77.4 77.3 77.2 77.1 76.9 76.7 76.6 76.9
86.2 85.9 85.9 85.5 85.4 85 84.8 83.4 83.4 83 83.5 83 83.4 83.6 83.7 83.7 83.9 83.8 83.9 84.1 84.2 84.3 84.9 85.5 85.9 87 87.8 87.6 87.2 86.5 85.8 85.1 84.8 84.6 84 83.4 83 82.6 82.5 82.2 82 82 81.7 81.5 81 80.4 80.3 80.3 80.4 80.5 80.6 80.7 80.9 80.9 80.6 80.3 80.1 79.9 79.7 79.3 79.1 79 78.7 78.7 78.5 78.3 78.5 78.3 77.8 77.5 77.4 77.2 77.4 77.4 77.3 77.1 77 77
86.8 86.2 86.1 85.8 85.4 85 84.7 84.3 84 83.4 83.3 83.6 83.6 83.7 83.9 82.7 83.6 84.3 84.3 84.5 84.7 85.3 85.3 85.6 86.4 87.6 87.9 87.5 86.9 86.2 85.6 85 84.6 84 83.3 83.7 83.4 83.4 83.1 82.9 82.6 82.3 82.1 81.6 81.1 80.7 80.6 80.7 80.9 81.3 81.3 81.2 81.3 81.4 81 80.7 80.5 80.3 80.1 79.8 79.4 79.2 79 78.9 78.7 78.5 78.4 78.2 78.1 78.2 78 77.8 77.6 77.6 77.7 77.5 77.3 77.1
87.1 86.5 86.4 85.9 85.4 85.1 84.7 84.3 84 83.7 83.5 83.7 83.9 84.1 84.2 84.4 84.5 84.5 84.7 84.6 84.9 85.3 85.3 84.7 85.4 87.1 87.8 87.3 86.5 85.9 85.4 84.9 84.4 83.8 83.8 84.1 84.2 84 83.7 83.4 83.1 82.8 82.4 81.9 81.3 80.7 80.8 81 81.2 81.6 81.8 81.8 81.8 82.2 81.4 81 80.9 80.7 80 79.4 79.4 79.4 79.3 79.2 79 78.9 78.8 78.7 78.7 78.8 78.9 78.8 78.3 78.2 78.1 78.1 78 77.6
87.3 86.7 86.7 86.1 85.7 85.4 85.1 84.5 84.1 83.6 83.9 84 84.2 84.4 84.6 84.7 84.7 84.7 84.9 85 85.4 85.8 85.7 86.4 86.9 86.6 87.1 86.9 86.2 85.5 85.5 84.9 84.6 84.2 84.1 85.2 84.8 84.3 83.9 84.1 83.9 83.4 82.7 82.1 81.4 80.8 80.9 81.2 81.5 81.8 82 82.3 82.2 82.1 81.8 81.5 81.1 80.8 79.4 79.8 79.7 79.9 79.7 79.6 79.5 79.4 79.4 79.2 79.1 79.2 79.2 79.2 78.9 78.8 78.7 78.7 78.6 78.3
88 86.8 86.7 86.1 86.1 85.5 85.5 84.8 84.5 84.3 84 84.1 84.4 84.8 85 85.1 85 85 85.2 85.5 85.8 86.2 86.5 86.7 87 87.8 83.5 86.2 85.7 85.2 85.4 85.2 84.7 84 85.3 85.7 84.9 84.8 84.5 82.6 84.4 83.6 82.8 82.1 81.5 80.8 80.8 81.2 81.6 82 82.3 82.5 82.4 82.2 82.1 81.3 81.3 81 80.8 80.4 80.3 80.2 80.1 80 80 80.1 80 79.8 79.6 79.5 79.6 79.6 79.5 79.4 79.4 79.3 79.4 79.2
88.1 87.2 87.3 86.6 86 85.8 85.3 84.9 84.6 84.6 84.3 84.4 84.8 85.2 85.4 85.4 85.4 85.4 85.6 85.9 86.3 86.7 87 87.2 87.3 87.4 87.3 87.6 86.8 86.3 85.5 85.5 85.3 85.8 85.9 86 85.6 85.2 85.1 84.6 83.9 84 82.8 82 81.4 80.7 80.6 81.3 81.8 82.3 82.6 82.8 82.6 82.5 82.5 81.5 82.1 81.3 81.2 81 80.9 80.8 80.8 80.7 80.7 80.8 80.6 80.4 80.2 80.1 80.1 80.2 80.1 80.2 80.1 80 80 79.9
88.2 87.6 87.7 86.8 85.8 85.6 85.3 86 84.7 84.6 84.8 84.7 85.1 85.4 85.6 85.7 85.8 85.8 86 86.4 86.9 87.4 87.4 87.4 87.4 87.4 87.1 86.6 86.1 85.9 85.9 85.9 86 86.2 86.4 86.7 86.3 85.9 85.6 84.9 82.6 83.9 82.9 81.9 81.3 80.7 80.7 81 81.9 82.7 82.9 83.1 83 82.9 82.3 82.5 82.4 81.9 81.9 81.7 81.6 81.4 81.3 81.4 81.4 81.4 81.2 81.1 80.9 80.9 80.8 80.8 80.9 80.9 80.8 80.7 80.6 80.4
88.3 87.7 87.7 86.9 86.6 86.3 86.1 85.7 85.2 84.8 85.1 85.1 85.4 85.7 85.9 86.1 86.3 86.3 86.6 86.9 87.4 87.9 87.9 87.9 87.8 87.7 87.5 87.1 86.6 86.5 86.8 87 87.1 87.4 87.6 87.7 87.6 86.8 86.1 85.1 84.7 83.7 82.7 81.7 81.2 80.8 80.9 81.2 82 82.8 83.2 83.6 83.6 83.4 82.8 82.5 82.6 82.1 82.2 82.2 82.2 82 81.9 82 82.1 82 82 81.9 81.8 81.7 81.6 81.6 81.7 81.7 81.8 81.3 80.6 80.3
88.2 87.8 87.6 87.1 86.7 86.6 86.4 86 85.7 85.6 85.4 85.5 85.7 86 86.3 86.5 86.8 86.7 87 87.3 88.1 88.3 88.4 88.6 88.6 88.2 87.9 87.6 87.2 87.6 87.9 88.2 88.4 88.6 88.7 88.6 88.7 87.7 86.7 85.7 84.7 83.2 82.5 81.9 81.4 81.2 81.3 81.5 82.1 82.8 83.6 83.9 84.1 83.9 83.7 83.3 82.6 82.7 82.9 82.9 82.7 82.5 82.5 82.6 82.7 82.7 82.8 82.7 82.6 82.6 82.4 82.4 82.5 82.5 82.7 82.4 81.7 81.4
88.6 88.1 87.7 87.3 87.2 86.7 86.8 86.4 86.4 86.3 86.6 85.7 86.1 86.4 86.7 86.8 87.4 87.5 87.3 87.8 88.6 89.6 89.9 89.9 89.1 89.5 88.7 88.2 88.3 88.6 89.3 89.6 89.7 89.9 89.8 89.6 89.6 88.9 87.6 86.4 85.2 83 83 82.3 81.9 81.6 81.6 81.8 82.3 83 83.7 84.2 84.3 84.4 84.4 83.4 83.3 83.2 83.3 83.3 83.2 83 83 83.2 83.3 83.3 83.4 83.2 83.5 82.8 82.4 82.4 83.7 83 82.3 82.4 82.3 82.3
88.9 88.3 88.1 87.7 88 87.6 87.1 86.9 87 87.2 86.7 85.7 86.4 86.7 87.1 86.8 87.7 87.5 87.3 88.2 88.9 89.8 90.9 90.4 89.8 89.4 89.1 88.9 89.2 89.6 90.1 91 91.1 91.2 90.9 90.6 90.9 90.1 88.4 86.8 85.5 84.4 83.3 82.7 82.3 82 81.9 82.2 82.6 83.3 84.2 84.8 85 84.6 84 83.9 83.6 83.9 83.7 83.8 83.2 83.3 83.4 82.6 82.7 83 83.2 83.4 83.6 84.4 84 83.5 83.7 83.6 84 84.4 84.1 83.8
89.2 89.6 88.9 88.6 88.4 88.2 88 87.6 87.7 87.8 87.7 86.7 86.6 87.1 87.5 87.6 87.8 87.6 87.6 88.4 89.2 90.1 90.9 90.8 90.4 90.1 90 89.7 89.9 90.7 91.6 92.4 92.9 93.3 92.7 92.3 92.3 91.3 89.3 87.6 86.2 85 84.1 83.1 82.8 82.8 82.3 82.7 83.1 83.9 85.1 85.7 85.8 86.2 85.9 84.1 83.9 84.8 84.1 84.3 83.3 83.3 83.9 84.4 84.8 85.2 85.5 85.6 85.9 85.8 85.6 85.3 85.6 85.5 86 86.6 86.3 85.6
