public/OST50/SU38.asc
ncols 200
nrows 200
xllcorner 430000
yllcorner 180000
cellsize 50
[rows 70 to 104 of 200, columns 78 to 155 of 200]
150.1 146.2 146.5 152.3 156.9 159.4 159.7 159.6 159.1 157.8 156.1 155.1 154 152.9 151.6 150.9 150.2 149.6 149.4 149.9 150.1 150.4 150.8 150.2 149.7 149.3 148.1 146.8 145.7 145 144 141.9 139.4 136.9 134.8 132.6 131.3 129.8 129 128.9 130.1 131.9 133.7 135.3 138.1 139.6 140.6 141.3 141.8 142.3 142.1 142.2 141.2 140.2 138.5 136.5 134.3 131.8 129.8 127.4 125.3 122.8 120.9 118.7 116 113.5 110.7 108.5 106.5 105.3 104 103.7 103.8 103.1 102.2 102.1 102.2 102.1
153.1 150.1 151.5 153.3 158.2 161 161.2 160.7 160.3 158.7 157.3 155.8 154.8 153.5 152 151.3 150.9 150.5 150.6 150.9 151.1 151.1 150.7 150.2 149.3 148.1 146.8 145.4 144.1 143.1 140.8 138.5 135.7 133.4 132.7 132.6 132.1 131.1 130.4 131.6 133.1 134.8 136.4 138.3 140.4 140.7 141.8 142.7 143 143.3 143 142.6 142.1 140.9 139.5 137.2 134.6 131.9 129.7 127.3 124.7 121.7 119.8 117.8 115.7 113.3 110.8 108.3 106.7 105.1 104 103.6 103.2 103.4 103.8 103.9 103.5 103
156.1 154.5 157.5 157.3 160.1 162.1 161.3 161.3 160.3 158.9 158 156.6 155.3 153.9 152.8 152.6 152 151.9 151.9 152 151.8 150.9 149.9 149.1 148.1 146.8 145.2 143.6 142.2 139.6 137.1 135.7 135.1 135.7 136 135.5 134.5 132.7 132.6 134 135.1 136.7 138.3 139.7 141 141.7 142.7 143.7 143.9 143.9 143.5 142.9 142.1 140.9 139.5 137.7 134.7 132.1 129.7 126.9 123.9 120.8 118.6 116.7 114.4 112.2 109.8 106.9 105.9 105.1 104.9 105 105 104.8 104.9 105.2 105 104.7
159.5 159.7 162.5 161 162.3 163.5 162.9 161.8 159.9 158.7 157.7 156.5 155.7 154.8 154.5 154 153.5 153.3 153.3 153 152.2 150.9 149.5 148.1 146.6 145 143.3 141.4 139.3 137.5 137.7 138.1 138.3 138.2 137.6 136.5 135.2 134.3 134.8 136.2 136.9 138.4 139.5 140.6 141.8 142.3 142.7 143.5 144 144.1 143.5 142.7 141.7 140.3 138.9 137.3 134.2 131.7 128.6 125.9 122.9 119.8 117.4 115.5 113.2 111 109.6 108.5 107.4 106.9 106.8 107.1 107 107 106.7 106.6 106.4 105.6
164 164.7 165.7 164.3 165 165.2 163.8 161.8 159.8 158.5 158 157.4 156.9 156.5 156.1 155.4 154.8 154.5 154.5 153.6 152.1 149.7 148 146.6 144.9 143.2 141.6 139.5 138.7 139.5 140.2 140.6 140 139 137.9 136.8 136 136.3 137.1 137.9 138.6 139.7 140.6 141.4 142.2 142.7 143.1 143.5 143.6 143.3 142.7 141.8 140.6 139.4 138.1 136.2 133.2 129.5 126.7 124.1 121.4 118.7 116 113.9 112.3 111.4 111.5 111.8 110.6 109.9 109.8 109.9 110.2 110.1 109.3 108.5 107.1 105.5
168.2 169.6 169.6 168.3 168.4 166.6 164.5 161.9 160.9 160.3 159.2 158.9 158.4 158.3 157.5 156.4 155.8 155.1 154.2 153.3 150.6 148.2 146.8 145.2 143.5 141.8 140 139.2 140.1 141.3 140.9 140.8 140.4 139.3 138.2 137.4 137.5 138.4 138.8 139.2 139.9 140.3 140.9 141.4 142 142.3 142.6 142.6 142.3 142 141.3 140.2 138.7 137.5 136.2 133.6 130.8 127.4 124.5 121.7 119.5 116.5 114.3 114 113.4 113.1 114.8 115.7 115.6 114.7 114.1 113.8 113.3 112.5 111.4 109.9 107.7 104.2
173.1 174.3 173.8 173.1 170.9 167.8 164.8 164.3 163.7 162.4 161.6 161.1 159.9 159.2 157.8 156.8 155.8 154.6 153.4 151.5 149 147 145.7 144 142.6 141.2 140.3 140.5 141.3 142.1 141.7 141.1 140.4 139.6 138.7 138.5 139.1 139.8 140.2 140.5 140.7 141 141.3 141.5 142 141.7 141.7 141.7 141.4 140.3 139.1 137.9 136.7 135.3 133.6 130.8 128.1 125.2 122.2 119.3 117.1 115.7 115.8 115.7 114.4 116.4 118.8 120.1 120 119.6 118.7 117.5 115.8 114.4 113.1 110.8 107.7 100.2
181.6 180.6 179.1 177.2 173.6 171 168.8 168.3 167.4 166.1 164.8 162.9 161.9 160.1 158.2 156.7 155.3 153.8 152.1 150.1 147.7 148.4 145.2 143.5 142.7 141.9 141.2 141.9 142.5 142.8 142.4 141.9 141.1 140.3 140.1 140.3 140.6 141.1 141.4 141.4 141.5 141.8 142.2 141.8 141.5 140.9 140.6 140.4 139.1 137.6 136.4 135.2 133.9 132.1 130 127.2 124.4 122.1 120.4 119.7 119.4 119.1 118.5 117.1 115.9 119.9 122.8 123.7 123.7 122.7 121.5 119.9 118.3 116.6 114.3 111.4 106.2 103.2
188 186.6 185 182.8 180.3 177.4 176.7 175.5 172.9 170.6 168.4 166.3 164.1 161.7 159.7 157.3 155.4 153.5 151.5 149.2 147.6 145.6 145.1 144.2 143.4 142.6 142 142.6 143.6 143.7 143.6 143.1 142.5 141.8 142 141.9 142.1 142.4 142.6 142.7 142.8 143.2 142.2 141.4 140.7 139.8 139.1 138 136.8 135.8 134.5 133 131.5 129.9 127.8 125.8 123.8 123.5 123.8 123.2 122.7 121.3 120.4 117.4 119.5 124.1 126.5 126.6 126.1 125.1 123.5 121.7 120 117.8 115.1 111.5 104 107.2
194.4 193.5 192 190.6 188.7 186.8 185.9 182.5 179 175.9 171.8 169.9 167.2 164.4 161.1 158.5 155.5 153.3 151.3 149.2 147.5 145.5 145.6 145.1 144.3 143.4 143 143.3 144.6 145.1 145.1 144.7 144 143.9 144.1 143.6 143.6 143.7 144 144.3 144.3 143.2 141.9 140.8 140.3 139.2 137.4 137.1 136.8 136.2 135.5 134.8 133.5 132 130.1 127.9 126.7 126.5 126.4 125.8 124.5 122.8 120.6 118.9 123.7 127.6 129.2 129 128.3 127 125.1 122.8 120.5 118.1 115 111.3 102.5 109.2
201.7 202.6 199.9 198.6 196.2 193.8 191.2 187.2 184.1 179.1 176.7 173.6 170.3 166.1 162.2 158.9 155.7 153.1 151 149.5 147.7 146.2 146.5 146.5 145.7 144.3 143.9 144.9 146.2 146.9 147.2 146.5 146.1 145.8 146.1 146.1 145.3 145.1 145.4 145.1 143.9 142.9 141.9 140.7 139.9 139.1 138.2 138.1 138.1 137.7 136.9 135.8 134 132.7 130.7 129.2 129.2 129 128.1 127.2 125.8 123.6 121 123.3 128.1 129.6 130.8 130.7 129.7 127.7 125.7 123.4 120.8 118.2 114.8 111.5 102.5 114.1
209.4 209.7 207.8 206 203.2 199.6 195.5 191.1 186.9 184.6 182 176.2 171.2 166.5 162.3 158.6 155.3 153 151.5 150.3 148.4 148.7 148.8 148.3 146.7 145.1 145.5 147 148 149.2 149.4 149.3 148.9 149.3 149.3 149.2 148.7 147.7 147.4 145.9 144.4 143.3 142.3 141.1 140.4 139.9 139.2 139.1 138.9 138.4 137.1 135.7 134.1 132.7 131.4 130.8 130.6 130.5 129.3 127.8 125.6 123 123.3 127.6 130.3 131.2 131.1 130.8 130.3 127.9 125.6 123.3 120.8 117.9 114.2 109.4 102.5 116
216.8 217 215.1 212.4 208.6 204.3 199.5 195.4 192.2 188 184.2 178.7 172.5 166.3 161.4 157.5 155.5 155.1 153.6 151.9 150.2 151 150.7 149.2 147.3 146.7 147.7 149.4 150.9 152.2 153.1 153.3 152.8 153 153.1 152.5 151.9 150.9 148.7 146.6 144.9 143.9 142.9 142.3 141.7 141.1 140.5 139.8 138.9 137.8 136.7 135.6 134.4 133.5 132.5 131.6 131.2 130.7 129.3 127.5 125 124.9 127.6 130 131.5 132.1 131.3 130.4 130.2 127.8 125.5 123.2 120.7 117.6 114.1 108.7 105.2 118.3
223.9 223.6 221.5 217.8 213.8 208.7 204.5 200 194.6 189.4 184.4 178.9 170.8 164.3 159.7 158.5 159.3 158.9 156.4 152.7 152.4 153.2 151.8 149.9 148.6 149 150.8 153.5 156.3 157.8 158.9 159.3 158.7 158.1 156.7 156.9 155 152.2 149.8 147.6 145.7 144.8 144.1 143.5 143 142.2 141.3 140.5 139.4 138.2 137.1 136 135 134 133 132.1 131 130 128.4 126.6 126 128.1 130.3 131.8 132.2 132 131.1 130.1 129.2 127.6 125.4 123 120.6 117.3 114.1 107.5 105.8 119
230.7 229.8 226.7 222.8 218.7 213.8 209.2 203.4 196.2 190.5 183.4 175.9 167.2 164 161.4 163.2 165.4 162.9 157.2 154.1 156.3 155.8 153.9 151.4 150.8 152.2 155 160.5 164.5 166 166.5 165.4 165.2 164.8 162.5 159.9 156.8 152.9 150.2 148.5 147 146.2 145.9 145.5 144.4 143.5 142.6 141.6 140 138.7 137.4 136.3 135.3 134.1 133 132 130.9 129.7 128.5 127.6 127.8 130 131.5 132.2 132.4 131.9 130.8 129.9 128.9 127.2 125.1 123.2 120.8 117.9 115 107.5 106.6 119.5
235.1 234.4 231.4 227.4 223.4 218.9 213.3 206.8 199.8 191.4 182.9 173.7 173.8 169.4 166.8 170.7 171.1 162.8 156.8 157.3 161 159.8 156.7 155.4 155.5 160.6 166.4 168.9 172.2 172.5 172.5 172.3 172 170.8 166 161.5 157 153.1 150.4 149.3 148.8 148.2 148.1 147.1 146 145.1 144.1 142.7 141.1 139.2 137.9 136.7 135.5 134.3 133.4 132.3 131.4 130.7 129.8 128.8 128.5 130.4 131.6 132.5 132.6 131.8 130.6 129.6 128.3 126.6 125.1 123.3 120.9 118.6 115.8 106 110.7 120.1
236.4 236.2 233.7 232 227.8 222.9 216.2 208.6 202.2 196.5 187.8 183.7 180.4 175.2 172.9 174.8 168.3 159.5 159.5 162.2 167.2 164.1 161.4 162.8 162.9 171 175.4 177.3 179.5 179 178.5 176.8 175.1 172 167.5 162.9 158.8 155.1 152.6 151.6 151.3 150.6 150.1 149.1 147.8 146.7 145.7 144.3 142.4 140.2 138.3 137.2 135.9 134.7 134 133.1 132.5 131.8 131 130.1 129.5 130.6 131.8 132.1 132 131.2 130.4 129.3 128.2 126.5 124.4 122.9 120.6 118.2 115.1 104.6 113.9 120.6
238.3 237.7 235.6 233.6 230.5 225.4 220.5 214.2 208 199.9 193 191.9 186 180.2 178.5 173.8 162.6 162.2 166.2 167.1 172.6 169.2 169.3 171.1 171.2 178.5 182.9 185 185 185 184 181.7 178.4 174.8 171.6 167.6 163.3 160.1 157.6 155.8 156.1 155.5 153.9 152.4 150.4 149.4 147.5 146.1 143.9 141.3 139 137.8 136.7 135.8 135 134.2 133.4 132.7 131.8 130.8 130.2 131.1 131.8 131.8 131.6 130.9 130.1 129 127.9 126.4 123.9 121.8 119.9 117.1 112.6 102.5 117.9 121
239.8 238.9 237.5 235.1 231.9 228 224.1 217.7 209.4 203.3 202.7 198 189.8 181.8 175.4 166.6 170.3 171 174.5 173.9 176.6 174.4 176 178.9 180.6 186.1 190.9 192.7 192.8 192.1 190.4 187.4 184 181.9 177.9 173.4 170.1 167.8 164.7 162.5 162.5 161.1 159.6 157.2 154.1 152.2 150.1 147.4 144.7 142.2 140.4 138.9 138.1 137.2 136 134.9 134.1 133.3 132.1 131.2 130.8 131.3 131.9 131.8 131.6 130.8 129.9 128.8 127.5 125.5 122.6 120.4 118.3 115.8 109.7 106.7 118.2 121.2
240.3 239.8 238.6 236.5 233.7 227.9 225.1 219.3 216.6 213.4 207.5 199.2 191.7 185.8 176 173.5 178.5 178.7 180.1 181.2 181.5 182.3 183.7 187.5 191.5 195 198.8 201 200.9 199.7 196.9 193.5 191.6 188.5 184.8 181.1 178.2 175.3 172.3 170.1 168.8 167.1 165.1 163 160.5 156.2 153 149.1 145.8 143.4 142.3 141 139.5 138.5 136.7 135.4 134.4 133.8 132.7 132 131.6 131.6 132 131.9 131.7 130.8 129.2 127.5 126.3 124.6 121 118.6 116.2 114 102.5 115.2 119 121.7
240.8 240.3 239.2 237.6 234.6 231.5 228.6 226.1 222.5 216.9 211.2 204.8 198.4 190 175.3 181.7 187.3 188.3 187.2 189.2 189.9 191.6 193.4 198.2 201.2 204.5 207.6 209.4 208.9 206.7 204.2 202.5 199.2 195.9 192.7 189.7 186.5 183.2 179.9 177.5 175.1 172.9 170.2 167.7 164.2 160.4 156.4 152.4 148.6 146.3 144.7 143.3 141.1 139.5 137.9 136.3 135.1 134.4 133.8 133.1 132.5 132.3 132.2 131.9 131.4 130.5 128.5 126.7 124.5 122 119.4 116.7 114.4 108.8 111.5 116.1 119 122
241.4 240.4 239.4 237.8 235.6 233.4 230.9 228.5 224.9 220.3 215.8 209.3 202.7 187.3 188.7 195.2 196.6 197.8 198.5 199.2 199.5 202.7 205.4 208 210.4 213.2 215.8 217 216.2 214 212.5 210 206.9 203.9 201 198 194.7 191.2 187.7 184.2 181.3 178 174.7 171.5 168.2 164.8 160.8 156.7 153.3 151.1 148.1 145.8 143.6 141.3 139.7 138.3 136.7 135.6 135 134.5 133.8 133 132.8 131.9 130.9 129.9 128.5 126.1 123.8 120.8 118.3 115.9 112.2 106.8 115.3 117.2 119.9 122.3
241.4 241.8 240.3 238.2 236.8 234.8 232.9 230 227.6 223.8 219.1 212.7 204.6 190.2 199 205.4 206.2 207 208.2 208.6 210.7 212.7 214.9 216.2 217.2 218.9 219.9 220.7 220.7 219.4 218.2 216.5 213.9 211.4 208.5 206.3 202.8 198.9 194.6 190.9 186.7 183 178.9 175.1 171.7 168.5 165.2 161.6 158.6 155.7 152.2 149.4 146.6 144.3 142.1 140.3 138.7 137.4 136.5 135.9 135.3 134.3 133.4 131.9 130.5 129 127.2 125.6 123.5 120.5 117.7 114.1 106 114.9 117.1 119.5 121.3 122.8
241.4 242 240 238.5 237.1 235.6 233.3 231.1 228.4 225.6 221.6 216.5 207.6 202.7 210.7 213.5 214.8 215.6 217 216.6 218 220.2 221.2 222.2 221.8 222.1 222.2 222.2 221.8 221.1 221.2 220.2 219 217.1 214 212.6 209 205.6 201.4 197.2 192.6 188.1 182.9 178.3 174.7 171.4 168.3 166 163 159.9 156.5 153.2 150.2 147.2 145.1 142.7 140.6 139.4 138.3 137 136.3 134.9 133.6 131.8 129.8 128.2 126.3 124.1 122.2 119.5 116.4 105.8 112.9 117.4 119.9 121.8 123.1 124.2
241.8 242 240.2 239.1 237.4 236 234.2 233 230.4 227.7 224.4 220.1 213.8 214.8 217.9 219.7 221.7 222 222.1 222.5 222.6 222.4 223.1 223.3 223.3 223.9 224.4 224.6 223.3 222.3 221.8 220.9 219.8 218.3 217.1 215.5 213 210.1 206.9 202.3 197 191.7 186.6 181.6 177.6 173.8 170.1 168 165.6 163.2 160.2 156.4 153.2 150.2 147.5 145.6 143.2 140.7 139.3 138 136.9 135.2 132.6 130.7 128.7 126.9 124.6 122.3 120.1 118.1 105.3 106.5 116.8 120.2 122 123.5 124.8 125.8
242.4 242.1 240.3 239.4 238.2 236.9 235.6 233.9 231.8 229.5 226.7 223.7 219.8 222.1 223.7 223.8 224.3 224.7 225.2 224.6 224.7 224.6 224.3 224.8 224.8 225 225.4 225.4 223.9 222.4 220.6 220 220.2 219.5 217.7 217 215.4 213.1 211.7 208.9 202.7 197 189.7 184.1 178.9 175.2 172 169.4 167.1 165.1 162.9 159.9 156.2 153.2 149.9 147.3 145.2 142.6 140.6 138.3 136.2 134.2 131.8 129.5 127 125 122.1 119.9 118.2 105.5 113.1 114.2 117.7 120.9 123.2 125.2 126.5 127.5
242.4 241.7 240.3 239.1 237.9 237 235.9 234.6 232.8 231.3 229.7 227.6 226.4 227.2 227.1 226.9 226.8 226.9 226.9 226.8 226.2 225.6 225.7 224.4 223.5 224.1 223.8 223.1 221.8 220.3 219.1 218 217.2 215.4 213 212 210.4 208.2 207.3 207.3 205.8 199.9 192.1 185.2 179.5 174.6 171.6 169.2 167.1 165 163.4 161.5 158.9 155.5 152 149.1 146.1 143.5 139.2 137.4 135 132.5 129.5 127.3 124.8 122.2 119.9 109 106.1 117.4 118.4 115.7 117.4 119.6 123 126.4 128.9 129.7
242.4 241.6 240.5 238.9 237.6 236.6 235.4 234 232.8 232.4 231.4 231.1 230.2 229.7 229.3 228.7 228.9 228.3 228.1 227 225.5 223.7 222.2 219.5 215.1 220.9 221.5 220.2 218.6 217.9 213.5 209.2 205.9 200 195.1 192.2 187.9 187 185.4 186.5 189.9 194.3 190.5 183.3 177.8 173.5 170.6 168.1 166.1 164 162.5 161.2 159.1 155.4 151.3 148.1 144.6 142 138.9 134.7 132.9 129.2 126.2 124.1 121.5 108.6 107.1 110.6 118.2 119.6 119.5 118.9 120.8 121 121.7 125.9 130.4 130.6
242.2 241.4 240.4 238.8 237.4 236.1 234.4 232 232.5 232.6 232.8 232.3 231.8 231.4 230.6 229.5 228 227.4 225.2 224 222.3 220.5 215.7 198.3 195.3 205.7 210.5 214.4 208.8 206.3 199.4 192.1 187.6 182 178.1 177.4 173.8 173 169.2 171.3 171.2 181.3 183.9 179.2 174.7 171.8 168.9 166.9 164.8 162.6 160.5 157.6 153.4 149.4 146.2 144 141.2 138.7 135.9 132.8 128.8 123.4 120.7 117.7 113 117.7 117.3 118.4 120.8 119.8 123.1 122.4 124.1 124.6 124 124.4 129.8 131.6
242 240.8 240.3 238.8 237.2 235.6 233.5 231.4 232.8 233.4 232.6 232.8 232.6 231.8 230.5 228.8 227.2 224.6 222.1 220.2 218.1 214.6 206.6 184.8 179.1 187.3 189 198.2 197.3 189.3 185.4 180.1 176.1 173.2 169.7 167.8 164.2 162.9 159.4 158.4 155.3 162.6 171.9 174.1 171.5 169.2 167.1 165.5 161.9 157.9 155.7 152.1 146.1 141.3 138 136.8 136.4 134.1 131.5 128.6 124.7 120.8 118.8 119.4 119.6 121.1 121.1 119.3 122.3 123.7 123.5 126.5 127.4 128.2 127.9 125.8 128.1 132.3
241.3 240.3 240.1 238.7 237.2 234.8 232.9 231 231.6 232.4 232.4 231.8 231.6 230.8 229.4 227.6 225.1 221.5 217.8 214.4 209 200.9 191.9 181.1 168.2 169.3 173.7 181.6 187.7 183.6 177.5 173.5 168.5 168.2 165.1 159.9 155.3 151.9 148.7 145.1 142.5 143.1 153.4 168 168.4 166.5 165.7 163.3 159.7 153.4 147.1 145.8 140.5 134.8 132.3 131.3 130.4 128.9 126.7 124.3 121.7 121.5 122.6 122.2 121.5 122.7 123.1 122.3 124.5 126.4 126.9 128.8 130.8 131.2 130 127.7 126.5 131.9
240.4 238.6 239.6 238.5 236.6 234.6 232.9 230.8 230 230.4 231.2 230.8 230.3 229.5 228.6 226.8 223.9 219.7 214.1 203.8 194.2 181.2 173.6 171 169.6 164.5 161.9 164.3 171 176.3 174.4 171.5 166.4 163.2 160.1 154.4 149 145.7 143.2 141.8 141.6 140 138.9 151.6 166.3 164.5 162.6 160.2 155.3 148.2 141.6 135.5 133.5 129.7 127.3 125.8 125.1 124.4 123.4 122.9 122.9 124.5 125.1 124 123 124.4 124.8 126.1 127 130.4 132.5 130.6 134.9 133.5 132.1 131 129.6 131
238.8 238.5 238.9 237.8 236.1 235 232.9 231.7 229 227.3 228.7 229.6 229.5 228.1 228.1 226.8 224.2 219.4 213.5 202.9 197.6 193.8 189.6 184.3 178.3 171.7 166.1 160.8 158.1 159 164.2 164.9 168.4 161.5 155.1 149.7 146.2 143.3 145.7 152.3 152.8 145.5 140 138.5 153.3 162.1 158.6 154.3 148.8 141.8 135.3 131.9 127.9 126 126.4 126.7 126.1 125.3 125.6 125.6 125.6 126.9 127.1 125.8 124.3 126 127.6 128.5 131.5 134.9 138.3 140.1 139.1 137.3 137 135.7 133.9 130.4
237.1 236.7 237.2 237.4 235.9 234.4 233 230.8 228.7 225.9 225 226.8 227.6 227.5 226.4 226.9 225.4 222.7 218.1 215 211.4 206.5 200.9 194.9 187 177.2 171.9 170.5 167.3 162.9 156.9 154.6 163.9 164.6 156 148.3 144.8 153.8 165.3 163.2 158.5 151.4 145.3 138.4 138.2 156 156.8 149.4 142.4 135.6 132.4 128.8 126.3 127.8 130 129.5 127.5 128 128.8 128.7 128.8 129.6 129.2 127.3 125.9 127.7 130.5 132.6 135.3 139.7 146.1 148.1 141.9 143.5 143.7 140.8 137.6 133.5
235 235.2 235.6 235.9 234.7 233.2 232.8 230.3 228.5 225.9 223.9 223.8 225 225.7 226.3 226.2 226.4 225.9 223.8 221.9 218.4 214.5 209 202.6 191.3 184.5 181.7 176.7 171.8 166.6 162 155 151.6 157 151.4 146.4 156.1 168.9 167.2 164.6 160.2 154 148.2 141.7 135.5 145.5 152.9 145.6 138.6 133.4 129.9 128.2 129.7 132.6 133.4 131.1 129 130.4 132.6 131.8 131.5 132.5 130.9 128.8 127.6 130 133.6 137.9 140 143.9 149.1 152 147.2 150 148.2 144.6 140.9 134.6
