public/OST50/SU69.asc
ncols 200
nrows 200
xllcorner 460000
yllcorner 190000
cellsize 50
[rows 0 to 36 of 200, columns 84 to 167 of 200]
68.5 68.7 68.4 67.8 68.2 67.1 66.5 64.6 63.2 63.1 64.8 66.4 66.9 65.7 64.9 65 65.4 65.8 65.9 66.2 66.3 66.9 67.5 67.9 69 70.5 72.4 73.6 74.2 74.9 76.1 76.2 76 75.5 75.3 74.8 73.1 73.7 72.6 72 71.9 71.5 71.1 71.4 71 71.8 71.6 72.6 73 74 75.1 76.1 77.2 77 77.6 79.1 80.3 81.2 81.9 81.7 82.1 82.2 81.7 81.4 82.1 83.6 84.7 85.4 85.1 84.8 84.1 84.1 83.7 83.4 83.8 83.6 83 82.1 81.1 80 78.9 77.8 77.6 77.3
67.9 68 67.6 67.3 67.5 67.2 66.3 64.5 62.7 63.6 65 66.1 65.2 63.7 63.1 63.5 64 64.4 64.5 64.7 65.1 65.9 66.5 67.2 68.3 69.6 71.4 72.8 73.4 74 74.3 75 74.8 75.1 75.1 74.3 73 72.3 72.2 71.6 71.5 71.3 71.2 71.3 71.6 72.4 72.3 73.1 73.7 74.7 75.6 76.6 77.7 77.8 78.4 79.7 80.5 82 84.1 85.8 86.3 85.9 85.5 85.2 85 85.5 85.8 86.4 86.6 86.3 86 85.3 84.8 84.3 84.1 83.9 83.2 81.9 80.8 79.7 78.8 78.1 77.8 77.5
67.2 67 67.1 66.8 66.8 66.5 65.8 64 62.4 62.7 63.3 64.1 63.5 62.7 62.9 62.9 62.9 63 63.3 63.6 64.1 64.9 65.5 66.6 67.7 68.9 70.3 72 72.3 72.2 72.3 73.1 74.3 74.8 74.8 73.6 72.8 72 71.8 71.2 71.1 70.9 71.1 71.7 72.3 72.8 73 73.6 74.4 75.4 76.3 77.2 78.1 78.7 79.1 80.1 81 82.3 85.6 88.6 90 90 89.6 89.2 88.8 88.4 88.5 88.7 88.4 87.7 87.2 86.6 85.7 85.2 84.7 84.2 82.8 81.6 80.5 79.7 78.9 78.4 78.1 78.1
65.7 65.7 66 66.2 66 65.4 64.6 63.5 62.3 62.4 62.8 63 62.6 62.6 62.9 62.9 62.9 63.4 63.7 63.9 63.7 64 64.8 66 67.1 68.1 69 70.3 70.5 70.3 70.2 71.3 72.6 74 74.3 73.5 72.7 71.9 71.1 70.8 70.8 71 71.2 71.7 72.7 73.3 73.7 74.1 75.1 76.1 77 77.9 78.7 79.5 79.8 80.6 81.7 82.8 85.8 89.9 92.5 93.7 93.8 93.4 93.1 92.3 91.5 90.9 91 89.9 88.7 87.8 86.6 85.8 85.1 84 82.4 81.5 80.6 79.8 79.1 78.7 78.7 78.6
64.3 64.3 64.5 65 64.7 64.1 63.4 62.3 62.2 62.1 62.3 62.4 62.6 62.6 62.9 62.9 63.1 63.7 64.1 64.2 64 63.9 63.9 64.5 65.3 66.2 67.2 68.2 68.7 68.4 68.8 69.6 70.8 72.2 73.1 72.7 72 71.3 70.6 70.7 70.9 71.1 71.3 71.6 72.6 73.6 74.2 74.4 75.6 76.8 77.7 78.6 79.9 81.2 81.7 82.6 83.4 84.1 85.8 90.1 94.3 97.1 98 97.7 97.1 96.3 95.5 94.7 93.7 92 90.6 88.5 87.4 85.8 85.1 83.6 82.6 81.6 80.8 79.9 79.4 79.2 79.2 79.1
62.9 63 63.1 63.2 62.8 62.4 62.7 62.3 62.2 62.6 63 63 63 62.8 62.9 63.1 63.4 64 64.6 64.5 64.4 64.4 64.4 64.4 64.7 65.3 65.5 66.1 66.8 67 67.6 68.5 69.4 69.9 70.7 71.5 70.8 70.4 70.2 70.4 70.9 71.2 71.4 71.6 72.6 73.4 74.3 74.4 75.6 76.9 78.3 80 81.4 82.9 84.3 86.9 88.2 88.8 89.3 91.6 95.7 99.8 101.2 101.3 101.1 100.2 99.4 98.3 96.4 94.1 92.5 89.8 88.2 86.4 85 83.9 82.9 81.8 80.9 80 79.8 79.8 79.8 79.7
61.7 61.8 61.9 61.7 61.5 61.8 62.7 62.4 62.5 63.3 63.9 63.9 63.8 63.6 63.5 63.5 63.7 64.3 64.9 64.9 64.8 64.8 64.8 64.8 64.8 64.9 64.8 65.1 65.6 65.9 66.5 67.5 68.6 69.2 69.6 70.1 70.2 70 69.7 69.9 70.5 71.1 71.5 71.7 72.5 73.2 74.3 74.4 75.6 76.7 78.4 80.4 82.2 83.6 86.9 91 94.8 96.6 95.6 95.5 98.6 101.9 103.1 104 104.6 104.1 102.8 101.2 99.1 96.5 94.4 91.5 88.8 86.9 85.5 84.4 83.2 82.1 81 80.4 80.4 80.3 80.3 80.2
61.5 61.6 61.4 61.5 61.3 62 62.8 61.3 62.7 64 64.7 64.7 64.6 64.5 64.6 64.7 64.9 64.8 65.3 65.3 65.3 65.3 65.4 65.5 65.6 65.7 65.6 65.5 65.9 66.1 66.2 66.7 67.8 68.4 68.9 69.2 69.6 69.5 69.3 69.5 70.1 70.7 71.2 71.8 72.4 72.9 75.3 74.6 75.5 76.6 78.6 80.5 82.5 84.4 88.2 93.9 98.4 101.3 100.3 100.8 101.9 102.7 103.8 104.8 104.9 105.1 105 103.4 101.1 98.7 95.9 92.6 89.8 87.3 86.1 85 83.8 82.7 81.6 81 80.9 80.9 80.9 80.7
61.3 61.2 61 61.1 61.3 62.1 63.4 63.1 64.4 65.3 65.5 65.5 65.5 65.7 65.9 66 66.2 66.1 66 66 66.1 66.1 66.2 66.3 66.4 66.4 66.4 66.2 66.2 66.4 66.6 66.2 67 67.7 68.1 68.3 68.7 69.1 68.8 69.1 69.7 70.2 70.8 71.4 71.8 72 72.4 72.3 75.6 76.4 78.2 80.2 82.1 84 87.1 92.2 96.6 100.3 102.3 102.3 101.8 100.9 102.1 103.5 104.2 104.2 104.3 103.8 102 98.9 95.9 93 90.5 87.9 86.7 85.6 84.4 83.3 82.6 81.8 81.5 81.5 81.4 81.3
61.7 62 62.4 62.7 63.3 64.1 64.5 64.8 65.8 66.2 66.3 66.5 66.8 67 67.2 67.3 67.5 67.4 67.5 67.4 67.2 67 67 67.1 67.2 67.2 67.1 67.1 67 66.8 66.9 66.5 66.2 67 67.2 67.4 67.7 68.3 68.4 68.7 69.3 69.8 70.4 71 71.3 71.6 72.2 72.9 74.2 76 77.4 78.7 80.9 83 85.8 88.9 93.2 97.1 99 98.3 97 95.9 97.5 99.5 100 99.3 99.1 100.4 100 96.1 94.2 91.6 90.2 88.5 87.4 86.2 85 84.2 83.5 82.8 82.3 82 81.9 81.8
62.3 62.9 64.8 65.2 65.7 65.7 66.3 66.6 66.9 67.2 67.4 67.6 67.9 68.2 68.5 68.7 68.8 68.8 69 68.9 68.7 68.5 68.3 68.2 68 68.1 68.2 68.3 68 67.4 67.2 66.8 66.5 66.5 66.8 67.1 67.5 67.5 67.9 68.3 68.9 69.5 70.1 70.7 70.9 71.4 72 72.7 73.4 75.3 76.7 78.2 79.7 81.4 83.8 86 88.1 91.5 92.1 91.7 91.2 91.1 92.8 94.9 94.8 93.9 93.6 94.9 94.6 93 90.9 90.3 90.1 89.1 88.2 87.4 86.5 85.4 84.6 83.8 83.1 82.9 82.6 82.5
64.5 64.5 65.4 66.3 66.9 67.3 67.2 67.4 67.9 68.3 68.5 68.7 69 69.3 69.6 70 70.1 70.3 70.4 70.4 70.1 69.8 69.5 69.2 69 69.2 69.4 69.4 68.8 68.2 67.6 67.2 66.9 66.9 67.2 67.5 67.9 68.1 68.1 68 68.5 69.1 69.7 70.3 70.5 71.2 71.9 72.6 73.3 74.5 76 77.4 78.7 80 81.3 83.5 85 86.7 86.6 86.4 86.8 88 89.7 91.1 90.6 90.1 89 89.3 88.7 88.7 88.2 89 89.2 90.6 89.9 89.1 88 86.7 86 85.4 84.6 84.2 83.7 83.4
64.5 66.8 64.8 65.7 66.2 66.7 67.4 68 68.6 69.1 69.6 69.9 70.1 70.3 70.4 70.6 70.8 70.9 70.9 70.9 70.9 70.6 70.3 70 69.9 70.1 70.3 70.1 69.4 68.8 67.9 67.6 67.3 67.3 67.6 68 68.4 68.6 68.6 68.5 68.3 68.8 69.4 69.9 70.4 71.1 71.8 72.4 73.1 73.8 74.8 76.1 77.4 78.7 79.7 80.9 82.2 83.4 83.1 83.2 83.8 85.4 87.1 87.9 87.5 87.1 86.5 85.4 85.5 85.9 87.2 88.2 89.4 90.8 91.6 90.8 89.8 89.1 87.7 87.1 86.2 85.5 85.1 85.7
64.5 62.9 63.6 64.4 65.2 65.9 66.8 67.4 68.1 68.7 69.2 69.8 70.1 70.2 70.4 70.6 70.8 70.9 71.1 71.2 71.4 71.4 71.2 70.9 70.9 71 70.9 70.7 70 69.4 68.5 68 67.7 67.7 68 68.4 68.8 69.1 69.1 69 68.8 68.7 69 69.5 70.2 70.9 71.6 72.2 72.7 73.3 74.3 75.2 76.1 77.4 78.4 79.3 79.7 80.3 80.8 80.9 81.8 83.1 84.4 84.6 84.7 84.1 83.7 83.5 83.8 84.5 86 87.5 89.7 91 92.4 92.7 92.1 91.5 90.2 88.8 87.8 87.1 87.6 88.1
63.9 61.6 62.5 63.2 64.1 65.3 66.2 66.8 67.5 68.2 68.7 69.5 70 70.2 70.4 70.6 70.7 70.9 71 71.1 71.3 71.7 72 71.8 71.8 71.7 71.6 71.3 70.7 70 69 68.4 68.1 68.1 68.5 68.9 69.3 69.6 69.6 69.4 69.3 69.2 69.1 69.3 70 70.7 71.4 72 72.2 72.9 73.9 74.8 75.7 76.1 77 78 78.3 78.7 79.2 79.5 79.8 80.7 82 82.5 82.4 82.3 82.1 82 82 83.1 84.3 86.5 88.9 91.6 93.9 94.9 94.5 94 92.6 91.1 90.2 90.3 90.9 91.8
59.4 60.1 61.1 62 63.1 64.6 65.6 66.3 67 67.7 68.3 69.1 69.8 70.1 70.4 70.5 70.7 70.8 70.8 70.8 70.9 71.3 71.9 72.4 72.5 72.4 72.3 71.9 71.3 70.6 69.6 68.8 68.5 68.5 68.9 69.3 69.7 70.1 70.1 69.9 69.8 69.7 69.6 69.9 69.8 70.5 71.2 71.5 71.6 72.4 73.5 74.5 74.9 75 75.6 76.6 77 77.4 77.9 78.2 78.5 78.9 79.5 80.7 80.6 80.5 80.5 80.6 80.8 81.4 83 85.4 88 91.4 94.7 97 97.5 96.9 95.5 93.6 93.1 93.6 94.6 95.5
57.8 59.2 60.7 60.4 62.1 63.6 65 65.7 66.5 67.2 67.9 68.7 69.5 69.9 70.2 70.4 70.4 70.4 70.4 70.5 70.6 71 71.5 72.1 72.7 73 72.9 72.5 71.9 71.1 70.2 69.4 69 69 69.4 69.8 70.1 70.5 70.6 70.4 70.3 70.2 70.1 70.5 70.3 70.3 70.8 70.9 71 71.9 72.9 73.6 73.7 73.8 74.3 75.2 75.6 76.1 76.6 76.9 77.2 77.6 77.9 78.3 78.8 78.9 79.4 79.5 79.7 80.5 81.9 84.3 86.9 90.6 95.2 99 100.2 99.8 98.3 96.1 95.7 97.1 98.5 99.3
61.2 61 58 58.4 60.4 61.6 62.8 64.3 65.5 66.2 67.6 68.4 68.7 68.8 68.9 69 69.4 69.8 70 70 70 70.4 71.2 71.8 72.3 72.9 73.5 73.1 72.3 71.9 71.1 70.2 69.8 69.7 69.8 70.2 70.6 71 71.1 71 70.9 70.7 70.6 71.1 71.2 71.3 70.9 71.2 71.3 71.4 72.2 72.5 72.5 72.7 73.1 73.8 74.3 74.8 75.3 75.7 75.9 76.3 76.7 77.3 77.7 78 78.4 78.6 78.7 80 81.2 83.2 85.7 90.4 96.5 100.8 102.3 101.8 100.7 98.6 98.6 100.3 102 103.3
62.1 61.8 61.6 61.4 59.1 58.6 60 61.7 64.1 65 66.5 67.3 67.2 67.4 67.6 67.7 68 68.4 68.3 68.2 68.2 68.8 70.1 71.4 72.1 72.7 73.4 73.4 72.9 72.5 71.9 71.1 70.6 70.6 70.7 70.7 71 71.4 71.6 71.6 71.4 71.3 71.9 72.9 73.1 72.8 72.2 71.9 71.7 71.4 71.7 72.1 72.3 72.3 72.7 73.1 73.3 73.7 74.2 74.6 75.1 75.7 76.4 77 77.2 77.2 77.5 77.6 78.6 79.8 81.4 83.5 86.9 92.4 97.9 103 104.5 103.6 102.6 101.6 101.6 103.2 105.4 107.6
63 63 63 62.9 62.3 61.7 61.2 59.1 61.4 63.8 65 65.7 65.8 66 66.2 66.4 66.6 66.9 66.6 66.4 66.6 67.2 68.5 69.9 71.3 72.3 73.1 73.8 73.4 73.1 72.7 71.9 71.5 71.5 71.6 71.6 71.7 71.8 72 72 72 72.2 73.5 74.6 75 74.4 73.7 73 72.6 72.5 72.1 71.9 72.2 72.4 72.8 73.2 73.4 73.5 74.3 74.6 74.9 75.4 76.1 76.7 76.7 76.7 76.8 77.6 78.8 80.6 82.7 85.8 91.1 96.6 100.9 105 106.7 106.6 105.9 105.7 106.2 107.3 109.4 111.6
64.3 64.4 64.4 64.3 63.8 63.2 62.6 62 58.7 60.9 63 64.2 64.4 64.6 64.8 65 65.2 65.3 65 64.7 65.1 65.6 66.9 68.3 69.7 71.1 72.4 73.5 74 73.6 73.3 72.8 72.4 72.5 72.5 72.6 72.6 72.7 72.6 72.6 72.6 73.7 75 76.1 76.6 76 75.2 74.2 73.8 73.5 73.2 73.3 73.9 73.6 73.3 73.2 73.6 73.8 74.3 74.5 74.9 75.2 75.8 76.2 76.2 76.5 77.1 77.9 79.6 81.5 84.3 89.7 95.6 100.4 104.2 107.3 109.3 109.4 109.2 110.2 111.1 112 114 116.2
65.3 65.5 65.7 65.8 65.2 64.6 64 63.4 62.9 62.4 59.3 61.3 62.6 62.9 63.3 63.6 63.8 63.7 64 64.3 64.7 65.1 65.3 66.7 68.2 69.6 71.2 73.3 74.4 74.1 73.8 73.5 73.4 73.5 73.6 73.7 73.8 73.7 73.5 73.4 73.3 74.5 75.2 76.7 77.5 77.5 76.5 75.5 74.9 74.6 74.5 75.1 75.8 75.4 74.9 74.6 74.2 73.9 74.2 74.5 74.8 75.1 75.5 75.7 76.2 76.8 77.3 78.3 80.1 82.5 87.7 93.9 99.1 102.9 106.8 109.6 111.6 112.1 113.1 114.7 116.1 117 119.1 121.2
66 66.2 66.4 66.6 66.6 65.9 65.4 64.9 64.3 63.5 62.6 62.2 60.1 60.8 61.2 62.7 63.5 63.6 63.8 64.1 64.5 64.8 65 65.4 66.9 68.4 70.5 72.9 74.6 74.5 74.2 74.1 74.5 74.7 74.8 74.9 74.8 74.6 74.5 74.3 74.3 74.8 75.5 77 78.4 78.5 77.7 76.8 76.3 75.8 76.2 76.9 77.6 77.3 76.5 76.2 75.5 74.4 74.3 74.5 74.8 75.2 75.6 76.1 76.6 77.1 77.7 78.7 81.6 85.6 91.6 97.5 102.4 106 108.8 111.5 113 114.2 116.1 118.2 120.4 122.1 124.5 126.3
66.2 66.4 66.6 67 67.5 67.3 66.8 66.2 65.4 64.5 63.6 63.1 62.8 62.4 62.3 63.1 63.6 63.9 63.9 64 64.2 64.5 64.8 65.1 65.9 67.4 69.8 72.2 74.5 74.9 74.7 74.9 75.3 75.8 76.1 75.9 75.8 75.7 75.6 75.5 75.6 75.7 75.8 77 78.1 79.1 79.3 79.1 78.8 78.2 78.3 78.8 79.5 79.3 78.2 77.5 76.3 75.2 74.4 74.7 75.1 75.9 76.5 77.1 77.7 78.2 79.2 81.2 84.3 89.6 95.1 100.8 105.1 108.1 110.9 112.9 114.3 115.7 117.9 119.9 122.1 124.7 128 129.7
66.5 66.7 67 67.4 67.8 67.9 67.7 67.3 66.4 65.4 64.7 64.3 63.8 63.5 62.9 63.7 63.8 64.1 64.2 64.4 64.5 64.5 64.8 65.1 65.9 67.2 69.7 71.8 73.9 75.4 75.5 75.7 76 76.6 77 77.1 77 76.9 76.8 76.7 76.9 77 76.8 77.7 78.8 79.9 81.7 81.7 81.3 80.4 80.5 81 81.4 81.2 80.2 78.3 77 75.9 75 75.1 75.6 76.4 77.1 77.8 78.7 79.6 81.2 83.9 88.3 93.5 98.4 103 106.9 110 112.7 113.7 114.8 116.4 118.1 119.1 120.9 123.3 125.2 126.2
66.9 66.9 67.3 67.6 68 68.2 68 68 67.3 66.4 65.9 65.5 65 64.5 63.5 64.7 64.5 64.4 64.6 64.8 64.8 64.8 64.8 65.1 65.9 67 69.6 72.1 74.2 75.5 76 76.5 76.8 77.2 77.7 78 78.2 78.1 78 78 78 77.8 77.9 78.8 79.8 80.8 83.4 84.5 85 84.4 83.6 83.6 83.8 83.6 81.6 79.4 77.9 76.6 75.7 75.4 76.1 76.9 77.7 78.7 80.1 81.7 84 87.5 91.6 96.8 101.2 105.2 108.6 111.2 113.6 114.5 115.4 116.2 117.3 117.9 119.3 119.9 120.3 121
66.4 67 67.5 67.8 68.2 68.4 68.3 68.3 68.3 67.6 67.1 66.5 65.9 65.3 64.7 64.2 65.2 64.9 65 65.2 65.2 65.2 65.2 65.2 66 67.1 69.4 72 74.3 75.6 76.2 76.8 77.2 77.8 78.3 78.8 79 79.3 79.2 79.1 78.8 78.5 79 79.9 80.8 81.8 84.7 88.2 90.5 90.4 89.8 88.6 87.3 85.4 83 80.6 79.1 77.6 76.5 76.3 77 77.8 79.1 80.5 82.1 85 87.9 91.6 95.7 99.6 103.9 107.4 110 112.6 114.5 115.2 115.5 115.7 116.4 116.7 117.6 118 118.4 118.7
66 66.8 67.4 68 68.4 68.7 68.6 68.6 68.6 68.6 68 67.5 66.9 66.3 65.7 65.1 65.4 65.5 65.5 65.6 65.6 65.6 65.5 65.5 66.1 67.4 69.4 71.8 74.2 75.8 76.8 77.2 77.5 78.1 78.7 79.3 79.8 80 80.1 79.9 79.6 79.3 80.1 81.1 82.2 83.5 86.9 90.9 94.4 96.5 96.3 94.8 93.2 90.1 85.9 82 79.7 78.1 77.5 77.5 79 80.1 81.3 83.5 87.1 89.6 92.3 95.7 99.4 102.9 106.1 108.7 111.3 113.4 114.7 115.3 115.4 115.5 115.7 115.5 115.6 116 116.4 116.7
65.9 66.6 67.2 67.9 68.5 68.9 68.9 68.9 68.9 68.8 68.7 68.5 67.9 67.4 66.8 66.2 66.1 66.2 66.2 66.1 65.9 65.8 65.8 65.9 66.2 67.6 69.6 71.8 74 75.6 76.8 77.4 77.8 78.4 79 79.6 80.2 80.7 80.7 80.6 80.3 80.3 81.5 82.7 83.9 85.4 88.2 92.6 98.2 100.5 100.4 100.1 99.4 95.1 88.1 82.9 80.3 79.5 79.5 80.2 81.5 83.8 86 88.7 92.4 94.9 97.2 99.3 102.8 105.6 107.4 110.1 112 113.9 114.6 115 115 115.1 114.8 113.7 113.6 114 114.4 114.6
65.7 66.4 67.1 67.7 68.3 68.9 69.1 69.1 69.1 69 68.9 68.9 68.8 68.4 67.8 67.3 67.2 67.2 67.1 66.8 66.3 66.1 66.1 66.3 66.5 67.7 69.8 71.9 73.6 74.9 75.9 76.8 77.8 78.5 79.1 79.6 80.4 81.2 81.2 81.2 81 81.4 82.6 83.7 84.7 86 88.9 93.2 98.3 101.1 102.1 102.6 101.8 95.5 88.2 83.7 81.3 81.9 83.1 84.5 86.4 88.9 91.8 94.7 97.3 99.4 101.5 103.2 105.9 107.7 109.5 111.1 112.8 113.9 114.3 114.6 114.6 114 113 112 111.7 112 112.3 112.6
65.9 66.2 66.7 67.3 68 68.6 69.3 69.4 69.3 69.2 69.1 69.1 69 69 68.9 68.3 68.3 68 67.8 67.4 66.9 66.4 66.4 66.6 66.7 67.5 69.6 71.4 72.9 74.2 75.1 76 76.6 77.9 79.2 79.7 80.5 81.3 81.6 81.6 81.7 82.4 83.4 84.4 85.4 86.5 88.9 92.3 96.6 100.5 102.1 102.5 98.5 93.7 87.7 84.5 84.9 86.6 88.1 90.4 93.1 95.7 97.7 100.2 101.4 102.6 104.9 106.6 107.9 109.5 110.9 112 113.4 113.8 114.1 114.1 113.3 112.4 111.3 110.2 109.7 110 110.3 110.5
65.9 65.8 66.4 67 67.7 68.3 69 69.5 69.5 69.3 69.3 69.3 69.2 69.2 69.1 69.1 69 68.7 68.5 68 67.5 67 66.6 66.8 67 67.4 69.3 70.7 72.1 73.3 74.4 74.9 75.4 76.7 78 79.4 80.6 81.2 81.7 81.8 82 82.8 83.8 84.8 85.2 85.6 87.4 90.3 93.9 97.1 99.4 98.2 95.1 91.5 88 87.3 90 92.5 94.9 97.3 100 102.5 103.6 104.4 105.5 106.7 107.7 108.9 110.2 110.9 112 113.1 113.3 113.2 113.3 112.8 111.8 110.5 109.3 108.1 107.3 107.6 108 108.3
66.3 66.2 66 66.7 67.3 68 68.6 69.1 69.2 69.5 69.5 69.4 69.4 69.3 69.3 69.4 69.7 69.4 69.1 68.6 68 67.5 67.1 66.9 67.1 67.3 68.5 69.9 71.1 72.2 73.2 73.5 74.2 75.4 76.7 78.1 79.7 80.6 81.3 82.2 82.4 83.2 84 83.9 84 84.7 86 87.6 89.5 92.3 93.8 93.1 91.2 88.9 88.5 90.6 94.7 98.8 101.5 103.9 106.2 107.4 107.9 107.8 108.4 109.3 109.9 111 111.4 111.9 112.9 112.9 112.8 112.6 112.4 111.2 109.8 108.3 106.9 105.7 104.7 105.1 105.5 106.1
66.8 66.8 66.6 66.3 67 67.6 68.2 68.6 68.9 69.5 69.6 69.6 69.5 69.5 69.5 69.7 70 70.1 69.7 69.1 68.6 68.1 67.7 67.3 67.3 67.7 68.4 69 70 71 71.6 72.4 73.2 74.1 75.3 76.8 78.1 79.2 80 81.6 82.8 83.2 83 82.6 82.7 83.5 84.3 85.2 86.9 88 88.2 88.6 88.1 88 89.3 94 98.3 103.3 106.9 108.9 110.2 110.7 110.8 110.6 111 111.6 112.2 112.6 112.6 112.4 112.4 112.5 112.4 111.8 110.7 109.4 107.6 106 104.7 103.4 102.4 103 103.5 104.1
67.4 67.3 67.2 66.9 66.6 67.3 67.9 68.2 68.8 69.5 69.7 69.7 69.6 69.6 69.8 70.1 70.3 70.4 70.2 69.6 69.1 68.7 68.3 67.9 67.5 68 68.5 69 69.6 70.3 70.7 71.4 72.2 73.2 74.2 75.2 76.5 77.8 78.7 80.3 81.7 82.5 82.1 81.6 81.2 81.9 82.8 83.5 84.6 85.4 85.6 86 86.1 87.5 90.5 95.3 101.6 106.5 109.9 111.7 112.5 112.7 112.6 112.3 112.2 112.5 112.9 112.6 112.2 112.1 112 111.7 110.9 110.2 108.7 107.2 105.4 103.8 102.4 101.1 100.8 101.1 101.6 102.2
67.9 67.9 67.8 67.5 67.2 67.3 67.6 68.3 69.1 69.7 69.8 69.8 69.8 69.9 70.1 70.2 70.3 70.4 70.4 70.2 69.6 69.2 68.8 68.4 68 68.2 68.7 69.8 70.6 71 71.4 71.8 72.4 72.9 73.9 74.4 75.1 76.2 77.3 78.7 79.7 80.5 80.2 79.7 79.9 80.4 81 81.7 82.4 83 83.6 84.6 85.6 87 90.6 96.3 102.5 107.8 111.1 113 113.4 113.3 113.2 113 112.9 113 113 112.7 112.3 111.9 111 110.1 109.2 107.7 106.3 104.6 103 101.6 99.9 99.1 99.2 99.5 99.8 100.5
68.4 68.4 68.4 68.1 67.7 67.8 68.3 69.1 69.6 69.7 69.7 69.8 69.9 69.9 70 70.1 70.2 70.3 70.4 70.4 70.2 69.8 69.4 69 68.6 68.5 69.5 70.8 71.4 71.8 72.2 73.1 73.7 74.1 74.1 74 74.1 75 75.9 76.4 77.1 77.8 78.3 78.4 78.6 79.5 80.2 80.7 81.8 82.9 83.8 84.6 85.5 86.8 90.3 96 102 107.3 110.7 112.4 114 114 113.9 113.7 113.7 113.2 112.7 111.9 111.1 110.4 109.5 108.3 106.8 105.3 103.7 102.2 100.9 99.5 98 97.8 97.7 98.4 99.2 100.1
