public/OST50/SU69.asc
ncols 200
nrows 200
xllcorner 460000
yllcorner 190000
cellsize 50
[rows 37 to 73 of 200, columns 0 to 83 of 200]
55.2 55.8 56.4 56.9 57.4 58 57.9 57.1 56.3 55.8 55.6 55.3 54.6 54.7 55.6 55.8 56.3 57.1 57.7 58 58.4 58.9 59.3 59.5 59.5 59 59.3 59.8 60.2 60.5 60.8 60.8 60.8 60.9 60.9 60.8 60.6 60.7 61 61.3 61.6 62.1 62.7 63.3 64 64.9 65.2 65.4 65.6 65.7 65.8 65.8 65.7 65.8 66.1 66.3 66.5 66.8 66.8 67 67.2 67.3 67.4 67.6 67.6 67.7 67.6 67.5 67.7 67.9 68 68.2 68.3 68.5 68.7 68.8 69 69.1 69.3 69.4 69.3 68.8 68.8 68.9
55.4 56 56.5 56.9 57.4 57.9 58.4 58.1 57.4 57.1 56.7 56.3 55.8 56.2 56.1 55.9 56.4 56.8 57 57.2 57.6 57.8 58.3 58.5 58.3 58.2 58.1 58.5 58.8 59.1 59.4 59.6 59.7 59.7 59.8 59.9 59.8 60 60.2 60.5 60.8 61.3 61.9 62.5 63.3 64.2 65.1 65.4 65.6 65.8 65.9 65.8 65.8 66 66.2 66.5 66.7 66.9 67.2 67.3 67.4 67.5 67.6 67.6 67.7 67.8 67.7 67.6 67.8 68 68.2 68.3 68.5 68.7 68.8 69 69.2 69.3 69.5 69.6 69.7 69.3 69.3 69.4
55.2 56 56.1 56.2 56.7 57.4 58 58.7 58.6 58.3 58 57.7 57.7 57.5 56.8 56.1 56.9 56.5 55.6 55.9 56.5 56.5 57.2 57.4 57.3 57.3 57.2 57.3 57.6 57.9 58.1 58.4 58.6 58.8 58.9 59 59.2 59.4 59.5 59.7 60 60.5 61.1 61.8 62.6 63.6 64.7 65.3 65.6 65.8 65.9 65.9 65.9 66.2 66.4 66.6 66.9 67 67.2 67.4 67.5 67.6 67.6 67.7 67.8 67.9 67.7 67.8 67.9 68.1 68.3 68.5 68.6 68.8 69 69.2 69.3 69.5 69.7 69.8 69.9 69.8 69.8 69.8
54.1 54.8 55.1 55.3 55.6 56.3 57.1 58.1 59 59.4 59.4 59.3 58.7 58 57.2 56.4 54.1 56.5 56.7 56.2 55.7 55.9 55.1 56.4 56.4 56.4 56.3 56.7 57 57.2 57.6 57.9 58.2 58.4 58.6 58.7 59 59.2 59.3 59.4 59.6 59.7 60.4 61 62 63.1 64.3 65.1 65.5 65.8 65.9 66 66.1 66.3 66.6 66.7 66.9 67 67.2 67.5 67.6 67.6 67.7 67.8 67.9 67.9 67.8 67.9 68.1 68.2 68.4 68.6 68.8 68.9 69.1 69.3 69.4 69.6 69.8 70 70.1 70.3 70.3 70.4
53 53.5 53.9 54.2 54.5 55.5 56.5 57.5 58.3 59 59.2 59.5 59.8 59.1 58.4 57.7 54.1 55.9 56 55.9 56.1 56.2 56.1 56.1 56 56.1 56.2 55.4 56.4 56.8 57.2 57.3 57.7 58 58.3 58.5 58.7 59 59.1 59.2 59.4 59.6 59.7 60.4 61.4 62.4 63.4 64.1 64.8 65.5 65.9 66.1 66.3 66.4 66.5 66.7 66.8 66.9 67.2 67.5 67.6 67.7 67.8 67.9 68 68 68 68 68.2 68.3 68.5 68.7 68.9 69 69.2 69.4 69.6 69.7 69.9 70.1 70.3 70.4 70.5 71.3
51.8 52.3 52.6 53 53.7 54.9 56 56.8 57.5 58.2 58.6 58.8 59.3 59.7 59.8 59 58 56.6 56 56.2 56.5 56.4 56.4 56.4 56.4 56.4 56.5 56.6 56.7 56.5 56.6 56.7 57.1 57.6 58 58.1 58.4 58.5 58.5 59 59.2 59.4 59.6 59.9 60.5 61.5 62.4 63.1 63.7 64.4 65.2 66.1 66.2 66.4 66.5 66.6 66.8 66.9 67.2 67.5 67.7 67.8 67.9 68 68.1 68 68.1 68.1 68.3 68.5 68.6 68.8 69 69.2 69.3 69.5 69.7 69.9 70 70.2 70.4 70.5 70.6 70.6
50.6 51.1 51.6 52.1 53 54.1 55.7 56.1 56.7 57.4 57.9 58.2 58.7 59.1 59.5 59.5 59 57.9 56.9 56.6 56.7 56.8 56.8 56.7 56.8 56.8 56.9 57 57.1 57.2 57 54.7 57 57.3 57.6 58.4 58.7 58.6 58.7 58.8 58.9 57.8 59.7 60 60.3 60.6 61.4 62.3 63.1 63.9 64.8 65.6 66.2 66.3 66.5 66.6 66.7 66.9 67.2 67.5 67.8 67.9 68 68.1 68.2 68.1 68.2 68.3 68.4 68.6 68.8 68.9 69.1 69.3 69.5 69.6 69.8 70 70.2 70.3 70.5 70.6 70.6 70.7
49.7 50.2 50.9 51.2 52.2 53.9 55.6 56 56.2 56.5 57.2 57.6 58 58.3 58.5 58.5 58.3 58.2 57.8 57.1 57.1 57.1 57.1 57.1 57.2 57.2 57.3 57.4 57.7 57.9 57.9 57.7 56.9 56.3 57.7 58.7 58.8 58.7 58.9 59.1 59.2 58.9 59.5 59.7 60 60.3 60.9 61.8 62.6 63.4 64.3 65.1 65.9 66.3 66.4 66.5 66.6 66.9 67.2 67.5 67.8 68 68.1 68.2 68.3 68.3 68.3 68.4 68.5 68.7 68.9 69 69.2 69.4 69.6 69.7 69.9 70.1 70.3 70.5 70.6 70.6 70.7 70.8
50.1 49.8 50.3 50.3 52 53.8 55.4 55.8 56.1 56.3 56.6 56.9 57.1 57.3 57.5 57.5 57.4 57.6 57.9 58.1 57.8 57.5 57.4 57.5 57.5 57.6 57.7 58 58.4 58.6 58.7 58.6 58 57.2 58.2 58.8 59 59 59.1 59.3 59.5 59.2 56.7 59.4 59.6 60 60.6 61.3 62.1 63 63.8 64.6 65.4 66.2 66.4 66.5 66.6 66.9 67.2 67.5 67.8 68.1 68.2 68.3 68.3 68.4 68.5 68.5 68.6 68.8 69 69.2 69.3 69.5 69.7 69.9 70.1 70.3 70.4 70.6 70.6 70.7 70.8 70.9
51.3 51.3 50.8 50.3 50.7 52.6 54.7 55.9 56.4 56.8 57.2 57.5 57.4 57.3 57.3 57.1 57.2 57.4 57.9 58.5 59.3 58.9 58.3 57.9 58 58 58.5 58.7 59 59.2 59.6 59.7 59.9 60.1 60.5 60.9 60.8 60.3 59.9 59.6 59.7 59.4 59.3 59.2 59.1 59.7 60.3 60.8 61.6 62.5 63.3 64.1 64.9 65.7 66.1 66.4 66.7 67 67.3 67.6 67.9 68.2 68.3 68.4 68.4 68.5 68.6 68.6 68.8 68.9 69.1 69.3 69.5 69.6 69.8 70 70.2 70.4 70.5 70.6 70.7 70.8 70.9 70.9
50.1 50.3 50.1 49.6 50 50.8 52.5 55.5 57.2 57.6 58.2 58.4 58.3 58.3 58.1 57.9 57.5 57.3 57.8 58.9 60.4 60.4 59.4 58.3 58.4 59 59.7 60.1 60.9 61.4 61.8 61.9 62 62.7 62.8 63 62.6 62.1 61.7 61.2 60.7 60.2 60 59.7 59.4 59.5 60 60.5 61.2 62 62.8 63.6 64.4 65.2 65.5 65.8 66.3 66.7 67 67.4 67.7 68.1 68.4 68.5 68.6 68.6 68.7 68.8 68.9 69.1 69.2 69.4 69.6 69.8 70 70.2 70.3 70.5 70.6 70.7 70.8 70.9 70.9 71.2
50.2 49.8 49.5 49.7 49.9 50 49.7 53.3 56.7 58.5 59.1 59.3 59.3 59.1 58.9 58.7 58.4 57.9 58 58.9 59.3 59.7 59.2 59 59.3 60.2 61.3 62.6 63.3 63.7 64 64 64.3 65.2 65.1 64.9 64.5 64 63.5 63 62.2 61.2 60.8 60.5 60 59.4 60.2 60.5 60.9 61.4 62.2 63 63.8 64.6 64.8 65.2 65.9 66.2 66.6 66.9 67.3 67.5 67.8 68.2 68.7 68.8 68.8 68.9 69 69.2 69.3 69.5 69.7 69.9 70.1 70.3 70.4 70.6 70.7 70.8 70.9 70.9 71.1 71.4
50.3 50 49.8 49.5 49.4 49.6 49.9 51.1 54.8 58.1 59.2 60.2 60.1 59.9 59.7 59.5 59.3 58.7 58.3 58.5 58.7 58.9 58.8 58.8 59.8 61.1 62.6 63.9 64.8 65.6 66 66.2 66.6 66.7 66.6 66.6 66.7 66.1 65.4 64.6 63.6 62.6 61.7 60.9 60.3 59.7 60.1 60.5 60.8 61 61.6 62.4 63.2 63.9 64.2 64.6 65.3 65.8 66.1 66.5 66.8 66.9 67.2 67.4 68 68.6 69 69 69.1 69.3 69.5 69.7 69.9 70.1 70.2 70.4 70.5 70.7 70.8 70.9 70.9 71.1 71.4 71.6
50.6 50.3 50.1 49.8 49.5 49.2 49.4 48 52 55.8 58.9 60 60.4 60.3 60.2 60.1 60 59.8 59.4 59.6 59.8 60 59.5 59 59.5 60.5 61.5 63.6 64.4 64.9 65.5 65.7 66.1 66.5 66.8 66.9 66.9 66.9 65.9 64.7 65 64 63.2 62.3 61.3 60.2 59.7 60.3 60.7 60.9 61.2 61.9 62.6 63.3 63.6 64 64.7 65.3 65.7 66 66.1 66.2 66.5 66.7 67.3 67.9 68.5 69.1 69.2 69.4 69.6 69.8 70 70.2 70.3 70.5 70.7 70.8 70.8 70.9 71.1 71.4 71.6 71.8
50.8 50.6 50.3 50 49.8 49.5 49.2 49.6 48.6 53.8 57.7 59.8 60.6 60.5 60.4 60.1 60 60.6 60.5 60.7 60.9 60.8 60.4 60 59.5 59.9 60.7 61.9 62.7 63.3 63.8 64.1 64.5 64.8 65.1 65.5 65.6 65.6 65.7 65.2 65.3 65.5 64.7 64 62.8 61.4 60.3 59.5 60.5 60.8 61 61.3 62.1 62.6 63 63.4 64.1 64.8 65.2 65.3 65.4 65.5 65.8 66 66.5 67.2 67.8 68.4 69 69.6 69.8 70 70.1 70.3 70.5 70.6 70.8 70.8 70.9 71.1 71.4 71.6 71.8 71.9
51.1 50.9 50.6 50.3 50 49.7 49.4 49.4 50 51.9 55.7 58.7 59.6 59.3 59 58.9 59.6 60.6 61.4 61.7 62.1 61.8 61.4 61 60.7 60.8 61.4 61.4 61.3 61.7 62.1 62.6 62.8 63.3 63.7 64.3 64.3 64.5 64.8 65.1 65.4 65.9 66.3 65.5 64.5 63.1 61.6 60.5 60.3 60.1 60.7 61.2 61.5 62 62.4 62.8 63.5 64.2 64.6 64.7 64.8 64.9 65 65.3 65.8 66.4 67 67.6 68.3 68.9 69.5 70.1 70.3 70.4 70.6 70.7 70.8 70.9 71.1 71.3 71.6 71.8 72 72.1
51.4 51.1 50.9 50.6 50.3 50 49.6 49.2 49.9 50.7 53.9 56.7 57.4 57.2 57.2 57.4 58.4 59.3 60.7 62.2 62.4 62.3 62.3 62.1 62.1 62.1 62.3 62.4 62.7 62.9 63.2 63.6 63.9 64.3 64.6 64.9 64.9 64.9 65 65.2 65.5 66.1 66.6 67 66.3 64.8 63.2 61.7 60.8 60.1 60.1 60.7 61.1 61.6 61.9 62.4 63.1 63.9 64.2 64.3 64.3 64.4 64.3 64.5 65.1 65.7 66.3 66.9 67.5 68.2 68.8 69.8 70.4 70.5 70.7 70.8 70.9 71.1 71.3 71.6 71.8 72 72.1 72.3
51.6 51.4 51.1 50.9 50.6 50.3 49.9 49.5 49.6 51 51.4 52.8 54.8 55.1 55.2 56.4 57.4 58.7 60.7 62.8 63.2 63.5 63.5 63.4 63.4 63.4 63.7 64 64.4 64.5 64.7 64.9 65.3 65.6 66.1 66.3 66.3 66.3 66.3 66.3 66.1 66.2 66.7 67.2 67.4 66.6 65.1 63.6 62.5 62.1 62 57.9 60.7 61.2 61.7 62.1 62.8 63.6 63.9 63.9 64 64.4 64.5 64.7 65.1 64.9 65.5 66.1 66.8 67.5 68.2 69.3 70.4 70.6 70.8 70.9 71.1 71.3 71.6 71.8 72 72.2 72.3 72.4
51.6 51.5 51.4 51.1 50.9 50.5 50.1 49.7 50 50.9 50.3 51.3 52.4 53.1 54.1 56 57 59.1 61.7 64.2 65.1 65 64.8 64.7 64.7 65 65.4 65.7 66 66.1 65.9 66.3 66.8 67.2 67.5 67.7 67.7 67.7 67.6 67.5 67.1 66.8 66.9 67.3 67.6 67.9 66.9 65.4 64.3 63.1 62.3 62.3 62.7 59.9 61.5 61.9 62.6 63.4 63.5 63.6 64.2 64.5 64.7 65 65.5 65.3 65 65.4 66.1 66.8 67.7 68.7 69.6 70.2 70.9 71.1 71.3 71.6 71.8 72 72.2 72.3 72.5 72.6
51.6 51.5 51.4 51.3 51.1 50.8 50.8 50.9 50.9 48.8 50.7 52 51.7 51.8 53.4 55.7 57.3 60.2 62.8 65.3 66.2 66.3 66.1 66 66.2 66.6 67 67.3 67.3 67.1 67.1 67.6 68 68.5 69 69.1 69 69 68.8 68.5 68.2 67.9 67.6 67.7 67.8 68.1 68.4 67.3 66.1 64.8 63.6 62.6 62.9 63.1 63.4 61.7 62.3 63 63.2 63.8 64.3 64.6 65 65.4 65.9 65.8 65.5 65.6 66.3 66.6 67 67.9 68.7 69.3 70.1 71 71.5 71.8 72 72.2 72.4 72.5 72.6 72.6
51.7 51.5 51.4 51.3 51.2 51.1 51.4 51.4 51.4 49.2 51.5 51.3 51 50.8 52.7 55.3 58.2 61 63.9 66.3 66.8 66.9 66.6 66.7 66.9 67.1 67.3 67.5 68.2 68.1 68.3 68.8 69.2 69.4 69.6 70 70.3 70.2 69.9 69.6 69.3 68.9 68.6 68.4 68.2 68.4 68.6 69 67.9 66.6 65.4 64.1 63 63.1 63.4 63.4 62.4 62.8 63.4 64 64.3 64.7 65.3 65.8 66.4 66.3 66.2 66.2 66.9 66.4 66.2 67.1 67.8 68.5 69.3 70.2 71 71.4 71.9 72.4 72.5 72.5 72.6 72.7
51.6 51.4 51.3 51.2 51.2 50.9 50.8 51 51.3 51.5 51.4 51.3 51 50.3 51.8 55.3 58.9 61.8 64.6 66.8 67 66.5 66.6 66.8 67.1 67.3 67.5 67.8 68.5 69.1 69.4 69.6 69.8 70 70.3 70.7 71.1 71.2 71.1 70.8 70.5 70.1 69.8 69.5 68.7 68.7 69.1 69.5 69.7 68.4 67.2 65.9 64.6 63.3 63.7 63.9 63.4 60.5 63.4 63.7 64.1 64.7 65.6 66.2 66.8 66.8 67.2 66.8 66.9 66.2 65.5 66.2 66.9 67.7 68.6 69.6 70.2 70.6 71.1 71.9 72.5 72.6 72.7 72.8
51.4 51.3 51.2 51.2 51.1 50.9 50.6 50.4 50.7 50.9 50.9 51.1 50.5 49.9 51.1 55.1 58.8 62.4 65.2 66.5 66.5 66.4 66.7 66.9 67.2 67.5 67.7 68.1 68.7 68.8 69.5 70.1 70.4 70.6 71 71.4 71.7 71.7 71.8 71.8 71.8 71.5 71.2 70.8 69.8 69 69.2 69.6 70.4 70.1 69 67.7 66.3 64.7 64.7 64.3 64.1 63.7 64 63.2 63.7 64.3 65.1 66.4 64.5 65.9 65.3 67.4 66.8 66.4 65.9 65.7 66 67 67.9 68.9 69.4 69.8 70.6 71.3 72.1 72.7 72.8 73
51.3 51.2 51.2 51.1 51.1 50.9 50.6 50.3 50.1 50.4 50.9 50.9 50.6 49.8 50.5 54.5 58.6 62.4 65 65.9 66 66 66.1 66.2 66.3 66.4 66.5 67.2 67.7 68.3 69 69.6 70.3 71.3 71.7 72.1 72.2 72.3 72.3 72.3 72.4 72.4 72.4 71.9 70.8 70 69.3 69.7 70.7 71 70.3 69.4 67.9 66.3 65.5 65 64.7 64.4 64 62.9 60.9 64.3 63.9 63.9 63.8 64.2 64.8 66.2 67.3 66.9 66.5 66.3 65.9 66.3 67.3 68.1 68.6 69.3 70 70.8 71.6 72.3 72.9 73.2
51.2 51.2 51.1 51.1 51 50.9 50.6 50.3 50.1 49.8 50.5 51.5 50.5 49.7 49.9 53.9 57.9 61 62.3 62.7 62.8 63.3 63.4 63.5 63.6 63.7 63.9 64.8 65.9 67.2 68.8 69.8 70.9 71.6 72.4 72.8 72.8 72.8 72.8 72.9 72.9 72.9 73 72.5 71.7 71 70.3 69.7 70.5 71.4 71.3 70.7 69.7 68.4 67.8 67.2 66.6 65.7 65.2 64.8 63.9 63.9 64.4 64.4 64.5 64.6 64.9 66.1 67.3 67.3 66.9 66.6 66.3 66 66.6 67.3 68 68.7 69.5 70.2 71 71.8 72.5 73.2
51.2 51.1 51.1 51 51 50.9 50.6 50.3 50.1 49.7 50.1 50.8 50.7 50.1 49.4 51.9 55.5 58.6 59 59.4 60 60.1 60.6 60.8 60.9 61.1 61.6 62.6 64.5 67.3 69.1 70.4 71.2 72 73.2 73.3 73.3 73.3 73.3 73.4 73.5 73.6 73.7 72.9 72.3 71.6 70.9 70.3 70.4 71.3 72 72.1 71.5 70.7 69.7 68.8 67.9 67 66.5 65.8 64.8 63.8 64.2 64.6 64.9 64.9 65.1 66 67.2 67.9 67.2 66.9 66.6 66.3 66 66.7 67.4 68.2 68.9 69.7 70.5 71.2 71.9 72.6
51.1 51.1 51 51 50.9 50.9 50.6 50.3 50.1 49.6 50.1 50.6 48.1 50.5 50.1 50.2 53.2 55.9 56.3 57.1 57.8 57.9 58.1 58.3 58.5 58.8 59.4 61.2 63.8 66.2 68.3 70.1 71.6 72.4 73.2 73.8 73.8 73.8 73.9 74 74.1 74.2 74.1 73.5 72.9 72.2 71.5 70.8 70.5 71.2 71.8 72.5 72.2 71.8 71 70.2 69.3 68.4 67.7 66.6 65.4 64.2 64.3 64.8 65.2 65.3 65.4 65.9 66.9 67.8 67.7 67.3 66.8 66.4 66.2 66.4 66.9 67.6 68.4 69.2 70 70.7 71.3 72
51.1 51 51 50.9 50.9 50.8 50.6 50.3 50 49.6 50.1 50.6 51.6 48 51.1 49.7 50.9 53.4 54.3 55.2 55.6 55.8 55.9 56.1 56.3 57.1 57.6 59.6 61.5 63.9 66 68 70.1 72.1 72.9 73.7 74.1 74.3 74.4 74.6 74.7 74.8 74.7 74.1 73.6 72.9 72.2 71.4 71.1 71.2 71.9 72.7 72.8 72.6 71.8 71 70.3 69.5 68.4 67.2 66 64.8 64.5 65 65.4 65.6 65.8 65.9 66.9 68 67.6 67.2 66.9 66.7 66.4 66.6 66.9 67.2 67.9 68.7 69.4 70.1 70.8 71.5
51 50.9 50.9 50.9 50.8 50.8 50.6 50.3 49.8 49.6 50.2 51.1 51.3 51.2 50.9 51 50.7 50.9 52.7 53.1 53.4 53.6 53.8 54.7 51 55.6 57.1 58.1 59.4 61.5 63.7 65.9 68.5 71 72.4 73.4 74 74.5 74.6 74.8 74.9 75 75 74.7 74.2 73.5 72.7 72.2 71.7 71.5 72.2 72.9 73.3 73.5 72.7 72 71.2 70.2 69 67.8 66.6 65.4 64.9 65.3 65.6 66 66.2 66.5 66.7 67.2 67.6 67.4 67.2 66.9 66.7 66.7 67.1 67.2 67.4 68.1 68.8 69.5 70.2 70.9
50.9 50.9 50.8 50.8 50.7 50.7 50.6 50.2 49.6 49.7 50.4 50.6 50.7 50.6 50.5 50.7 48 50.4 51.6 53 53.9 54.5 55.6 56.5 57.3 56.8 55.5 57.8 58.6 59.8 61.5 64.7 67.1 69.5 71.9 73.1 74 74.7 74.9 75 75.1 75.3 75.3 75 74.8 74 73.3 72.8 72.1 71.8 72.5 73.1 73.5 73.9 73.6 72.9 71.9 70.7 69.5 68.4 67.2 66.1 65.2 65.6 66.2 66.8 67.1 67.4 67.6 67.8 67.4 67.7 67.4 67.1 66.9 66.9 67.1 67.4 67.8 67.6 68.3 69 69.7 70.4
50.9 50.8 50.8 50.7 50.7 50.6 50.5 50 49.4 49.7 49.9 50.2 50.1 49.9 49.8 50 50.6 51.5 52.9 54.3 55.9 56.9 57.8 58.6 59.3 59.4 57.9 56.2 57.8 59.2 60.6 63.4 65.8 68.2 70.5 72 73.7 74.5 75.1 75.2 75.3 75.6 75.5 75.3 75.1 74.6 74 73.3 72.6 72 72.7 73.2 73.7 74 73.8 73.5 72.5 71.3 70.1 68.9 67.7 66.7 65.7 66.4 67.1 67.7 68 68.2 68.5 68.2 67.7 67.7 67.5 67.4 67.1 67 67.4 67.8 68.2 67.9 67.8 68.5 69.3 70
50.8 50.8 50.7 50.7 50.5 50.4 50.2 49.8 49.2 49.2 49.5 49.6 49.5 49.3 49.1 50 51 52.8 54.2 55.6 57.2 59.3 60.2 61 61.8 61.4 59.9 58.4 57.3 58.6 60 62.1 64.4 66.7 68.9 70.8 72.8 74.1 75.1 75.4 75.6 75.8 75.8 75.6 75.4 75.1 74.4 73.7 73 72.3 73 73.4 73.8 74.2 74.1 73.8 72.8 71.8 70.7 69.3 67.9 67 65.9 66.8 67.7 68.6 68.8 69.1 69.1 68.5 67.9 65.5 66.6 66.6 67 67.4 67.8 68.3 68.7 68.5 68.2 68 68.8 69.6
50.7 50.7 50.5 50.3 50.2 50 49.9 49.6 49.1 49.1 49.1 49.1 49.2 49.3 49.5 50.5 51.4 53.7 55.5 56.9 58.7 61.3 62.8 63.6 64.2 63 61.2 58.7 57.5 58.9 59.8 61 63.2 65.4 67.1 69 71 73 75 75.5 75.8 76.1 76.1 75.9 75.7 75.5 74.8 74.1 73.4 72.7 73.1 73.5 74 74.4 74.4 74.1 73.1 72.2 70.8 69.3 68 67.1 66.2 67.1 68 69.2 69.6 69.9 69.7 69.2 68.7 67.6 67.1 67.1 67.4 65.7 68.1 68.6 68.4 69.3 68.9 68.3 68.3 69.1
50.5 50.3 50.2 50 49.9 49.7 49.6 49.4 49 49 49.3 49.7 49.8 50 50.1 48 52.2 54.3 56.4 58.3 60.8 63.4 65.4 65.7 65.4 63.4 60.8 58.8 57.8 58.8 59.5 60.1 61.7 63.6 65.2 66.8 68.8 70.9 72.8 74.4 74.6 75.1 76.1 75.9 75.6 75.6 74.9 74.3 73.6 73 73.3 73.7 74.2 74.6 74.8 74.4 73.5 72.7 71.1 69.4 68 67.1 66.5 67.4 68.4 69.7 70.3 70.7 70.9 70.3 69.2 68.3 67.8 67.5 67.9 68.1 68.4 66.4 69.4 69.8 69.6 69.5 69.4 68.6
50.1 50 49.8 49.7 49.5 49.4 49.2 49.1 48.9 49.2 49.7 50.2 50.5 50.6 48 51.3 53 55 56.8 59.2 62.7 65.3 66.7 66.9 65 62.5 60.4 58.9 58.1 58.7 59.3 59.9 60.9 62.1 63.3 64.9 66.7 68.6 70.4 72.1 73.3 74.1 75.1 75.9 75.7 75.7 75 74.4 73.7 73.4 73.5 74 74.4 74.8 75 74.7 74 73.1 71.4 69.8 68.1 67.2 67 67.7 68.9 70.2 71 71.4 71.6 71.1 70.2 69.3 68.8 68.3 68.6 68.9 69.1 69.1 69 69 69.1 69.8 68.1 68.7
50.5 49.5 49.4 49.3 49.2 49 48.9 48.8 49.2 49.7 50.2 50.6 50.9 51.4 52.5 52.2 54.1 55 57 59.5 63.2 66 67.2 65.8 63.8 61.6 59.9 58.9 59 58.9 59 59.6 60.5 61.7 62.8 63.9 64.8 66.3 68.2 69.9 71.3 73 74.1 75.3 75.8 75.8 75.2 74.5 73.8 73.8 73.9 74.2 74.6 75 75.3 74.8 74.3 73.4 71.7 70 68.4 67.4 67.5 68.2 69.4 70.7 71.6 71.7 71.9 71.8 71.2 70.5 69.7 69.1 69.4 69.3 69.4 69.5 69.7 69.7 69.6 69.1 69.6 69.3
51 50 49 48.9 49.1 49.4 49.5 49.6 49.7 50.2 50.7 51.8 52.7 53.2 53.8 55.9 55.4 56.7 56.8 58.8 62.1 65 65.6 64.3 62.2 60.9 59.8 59.7 59.9 59.8 59.6 59.5 60.1 61.1 62 62.8 63.8 64.7 66.1 67.3 69.3 71.3 72.9 74.1 75.2 76 75.4 74.8 74.1 74.2 74.2 74.5 74.8 75.2 75.4 74.9 74.5 73.4 71.9 70.3 68.6 67.6 67.5 68.7 69.7 70.6 71.5 72 72.1 72.1 72 71.4 70.6 70.1 70.1 70.2 70.3 70.5 70.6 70.7 70.6 70.1 69.6 69.5
