public/OST50/SU71.asc
ncols 200
nrows 200
xllcorner 470000
yllcorner 110000
cellsize 50
[rows 108 to 143 of 200, columns 82 to 163 of 200]
58.9 59.2 59 60.2 61.9 63.7 65.7 68 70.3 72.5 73.2 73.4 73.2 71.1 69 67 67.1 68.4 69.7 71.1 72.3 73.3 74.3 75.2 74.1 72.8 70.6 68.5 72.3 75.9 80.4 84.8 89.9 98.3 107.7 118.2 128.1 136 142.9 147.8 150.7 153.9 155.4 156.3 156.3 155.9 153.5 151.6 147.2 141.4 136.7 139.6 138.9 136.6 132.3 125.5 118 108.7 96.1 83 74.7 70.9 69.3 68.7 69.9 70.5 70.7 70.3 71.5 73.4 76.4 79.3 82.2 85.4 93.6 104.8 116.3 127.3 135.9 142.8 148.1 150.2
57.6 58.2 58.1 59.5 61.2 63 65.1 67.4 69.8 71.8 72.6 72.6 71.8 69.7 67.6 65.9 65.8 67 68.4 70 71.3 72.4 73.6 73.5 72.6 70.3 68 69.3 74.3 79.2 84.9 90.5 98.4 107.8 118.3 128 135.9 140.8 146.2 149.9 152.3 153.5 154 154.2 154.3 154 151.7 148.6 145.2 137.3 131.2 133.5 135.5 133.4 129.4 123.6 116.5 108.3 96.7 86.1 77.6 72.1 68.9 68 68.4 68.8 69.2 69.9 71 73.5 76.5 79.5 82.5 85.9 93.8 105.6 117.6 127.9 136 142.4 146.8 148.3
56.6 57.1 57.4 58.9 60.5 62.7 65.4 68 70.1 71.6 72.3 71.4 70.4 68.4 66.4 64.8 65.1 65.8 67.4 69 70.4 71.5 72.6 71.7 69.8 67.4 67.5 72.6 77.6 83.8 91.4 99 106.7 117.8 128.9 135.6 140.4 144.9 148.4 150.6 151.5 151.7 151.9 152 152.1 151.9 149.8 146.7 142.9 135.1 126.4 128.4 131.8 130 126.9 121.4 115.3 107.9 99.6 90.5 80.9 74.7 69.6 67.6 67.6 68 68.3 69.3 70.8 73.7 76.7 79.7 82.8 87.1 95.5 107.6 119.3 128.9 136.7 142.2 145.9 146.4
56 56.3 56.8 58.1 60.6 63.5 66.3 68.8 70.6 71.4 71.6 70.5 69.3 67.4 65.5 64.5 64.5 65.8 66.5 68 69.4 70.5 71.3 69.3 66.6 65.9 71.8 77.6 84.9 92.4 101 109.6 117.7 130.1 135.5 140 143.5 146.6 148.5 149.5 149.6 149.7 149.8 149.9 150 149.9 147.9 144.7 139.6 130 121.7 123.4 128 126.7 123.7 119.3 114 107.7 99.8 91.6 82.8 76.3 71 68 66.9 67.2 67.6 68.7 70.7 73.8 77 80 83.1 87.5 97 110.9 121.4 130.6 138.1 143.5 146.2 145.8
55.3 55.4 56.4 58.4 61.1 63.9 66.8 69 70.7 71.4 70.9 69.5 68.3 66.4 64.5 64 64.2 64.5 67 67.5 68.5 69.1 68.4 65.6 65.7 72.7 78.6 86 93.8 101.7 110.7 119.1 128.2 135.1 139.3 141.4 144.1 145.9 146.8 147.4 147.5 147.6 147.7 147.8 147.9 147.8 146.5 143.3 135.9 125.9 117.5 120 124.7 123.8 121.2 116.9 111.7 106.1 99.8 91.7 83.4 77.6 72.4 68.5 66.8 66.5 66.8 68.1 70.2 73.4 76.8 80.3 83.4 89.3 100.2 114.1 125 133.9 141.2 145.5 147.2 146.3
54.7 55.5 56.4 58.7 61.4 64.2 66.3 68.6 69.8 70.7 70.5 69.3 67.7 65.7 63.2 63 63.9 63.3 66.8 66.8 66.2 65.9 64.1 66.9 71.6 79.3 87.6 95.2 103.6 112.8 121.7 129.1 134.2 138.2 141.3 142 143.4 145 145.1 145.2 145.2 145.3 145.4 145.6 145.9 145.7 144.5 140.9 134.3 123.4 113.7 116.1 120.9 120.1 118.1 114.9 109.8 104.3 99.2 91.3 84.2 78.5 73.4 69.3 67.2 66 66.1 66.8 69.3 72.9 76.5 80 84 91.5 104.1 119.5 128.8 137.1 143.5 147 147.8 146.2
54 55.3 56.6 58.9 61.6 64.3 66.1 68.1 69.1 69.7 69.5 68.6 67.1 64.8 62.7 62.4 63.2 64.1 63.6 63.1 62.7 65.2 69.7 75.5 82 91.1 99.4 108.2 115.2 122.5 129.8 133.9 137.6 140.1 141.2 142 142.8 143 143 143 143.1 143.1 143.2 143.2 143.6 143.6 142.6 138.8 131.6 120.8 109.4 111.4 117.6 116.7 115 112.1 108.1 103 98.2 91.2 84.9 79.2 74.7 70.8 67.7 66.2 65.3 65.6 68.5 72.3 76.2 80 84.8 94.3 109.1 122.4 131.6 139.2 144.8 147.9 148.1 145.7
53.2 54.6 56.6 59 61.7 64.6 66.4 68.1 68.9 69.1 68.2 67.2 65.2 63.1 61.4 61.4 62.3 62.1 62.4 63.3 68.2 74 81.4 88.4 95.2 103.2 112.8 120.7 127.1 131.6 134.1 136.7 138.2 138.5 139.5 140.4 140.9 140.8 140.8 140.8 141 141 141.1 141.3 141.5 141.5 140.6 137 129.8 118.8 107.3 106.5 112.8 113.3 111.8 109.4 106.1 101.9 96.7 91 85.2 79.5 75.8 71.6 68.6 66.9 65.3 64.9 67.9 72.3 75.7 79.8 86.3 99.9 114.1 125.4 133.8 140.3 145.2 147.3 147.2 145.3
52.5 54.8 56.8 59.2 62.7 65.8 67.8 68.5 69 68.7 67.3 65.5 63.4 61 59.7 60.1 61.4 64.7 67.6 72.3 80.3 87.3 94.9 101 108.1 115.7 123.3 128.5 132.2 133.6 134.8 137.1 137.4 137.7 137.8 138.4 138.4 138.2 137.9 137.8 138 138.3 138.6 139.6 139.9 139.9 138.9 135.6 128.8 117.9 105.9 100.5 107.5 108.7 107.3 105.8 103.5 100.1 95.4 90.2 84.8 80.1 75.8 71.7 68.7 66.8 64.9 64.8 68 72.1 75.7 81 91.1 106.2 117.9 127.9 135.6 141.1 144.5 146.1 145.6 144.7
52.4 54 57.6 61 63.9 66.2 68 68.7 68.7 66.8 65.2 62.9 60.1 57.7 57.4 59.8 64.6 71 76.4 88.1 93.9 101.2 108.3 115.9 122.1 125.4 129.1 131.9 133.8 134.2 135 135.4 135.3 135.6 135.8 135.9 135.6 135.3 134.9 134.5 135 135.3 136.5 137.8 138.6 138.3 137.6 134.7 128.1 117.6 105.2 96.4 99.6 102.4 101.9 101.4 99.8 97.4 93.2 88.2 83.3 79.3 75 71 67.9 66 64.7 64.6 67.6 72.1 77.1 85.8 100.4 113.2 123 131.2 136.7 141.1 143.6 144.5 144 143.3
51.8 53.2 57.4 61.2 63.6 65 65.6 66.2 65.4 63.6 60.9 58.2 56.5 57.1 62.2 67.9 72.1 81.1 92.3 100.4 106.2 114 121.6 124.4 126.6 128.7 130.7 132.1 132.7 132.7 133 132.8 132.7 133 133.1 133.1 132.8 132.4 132 131.6 132.1 133.5 135 136.4 137.8 137.5 136.6 134.4 128.9 120 108.5 96.8 92.7 95 96.5 96.9 95.9 94.1 91.5 86.5 81.8 78.2 74.2 70.1 67.1 65.2 63.7 64.3 67.7 72.8 79.8 93.4 108.4 119 127 133.6 137.7 140.3 142 142.7 142.4 141.8
51 52.7 56.5 60.1 61.3 61.8 61.9 61.5 59.9 57.4 55.2 56.8 60.1 64.7 68.8 74 82.2 93.4 105.4 111.6 116.8 122.5 124.7 126.8 128.6 129.2 130 130.5 130.5 130.6 130.6 130.3 130.1 130.4 130.3 130.2 130.1 129.7 129.1 128.5 130.4 132.1 133.6 135.1 136.5 136.7 135.8 134.2 130.1 122.3 111.5 99 88.6 89.6 90.3 91.3 91.5 90.9 88.5 84.7 80.5 77 73.1 68.9 66.2 64.7 63.3 64.8 69 75.7 87.7 101.6 113.5 121.7 128.4 134.1 137.4 139.4 140.2 140.8 140.7 140.6
51.1 52 55.5 57.2 57.5 57.3 56.7 56.3 54.6 56.5 61.9 66.3 70 74.4 81.3 90.4 97.3 110.9 115.4 119 122 124.3 126.2 127.6 128.2 128.5 128.2 127.9 128.4 128.4 128.1 127.8 127.6 127.6 127.5 127.4 127.3 126.2 124.9 126.6 129.2 130.6 132.2 133.8 135.1 135.8 135.3 134.2 130.7 124.1 115.3 103.7 91.6 86 86 85.7 85.6 86.6 85.2 83 79.3 75.9 71.8 67.7 65.6 64.3 62.9 66.2 71.7 82.9 97 107.6 116.5 123.7 128.8 133.6 136.1 137.5 138.3 138.6 138.7 138.6
50.3 51.3 53.2 53.7 53.8 54 53 54.6 58.2 65.1 71.6 79.1 86.1 92.1 98.3 107.5 113.2 116.8 119.5 121.9 123.8 125.3 125.7 125.5 126.1 126.1 125.4 124.8 125.2 125.6 125.6 125.2 124.9 124.8 124.7 124.3 123.1 120.6 122.6 126.1 128.5 130 131.4 132.8 133.9 135.1 134.9 134 131.6 127.2 121.4 113.3 101.5 89.6 82 81.4 81 81.2 81.5 80.1 77.7 74.2 70 66.5 64.4 62.9 63.3 68.3 77.1 91 100.9 110.1 117.8 123.5 127.5 131.2 133.6 134.9 135.7 135.9 135.9 136.1
50 50.4 51.6 51.5 52.9 53.4 55.2 58.1 64.8 74.8 85.4 95.7 103.6 107.9 111.1 113.6 116.9 118.1 121.2 123.1 123.5 123.8 124.1 123.8 123.4 123.6 122.5 121.6 122.1 122.4 121.6 121.2 120.8 120.8 120.7 119.8 117.4 117.4 122.3 126 127.8 129.3 130.8 132 133 133.9 134.6 134 132.8 129.5 125.6 119.3 112.8 103 90.9 78.1 77.8 78 77.1 76.7 75.8 72.4 68.1 65.7 63.1 62.7 65.2 71.9 84.3 94.7 103.3 110.7 115.9 121.4 125 127.5 129.5 131.1 132.6 133.3 133.5 133.7
49.8 50.4 51.1 51.7 53.5 56.6 59.4 63.5 73.1 87.1 97.6 105.9 109.5 112.9 115.3 117 118.7 119.5 120.5 121.7 122.1 122.4 122.3 121.9 121.6 120.8 119.7 118.5 118.9 119.2 118 116.9 116.4 116.2 116.1 114.8 112.5 118.7 122.6 126.1 127.4 128.7 130.1 131.1 131.9 132.7 133.3 133.6 132.8 131.7 129.1 124.5 119.7 113.5 102.3 91.1 76.6 75.1 74.3 74.2 73.5 70.6 67 64.2 62.3 63.6 68.6 78.5 88.4 96.9 103.9 110.1 114.1 118.2 120.9 123.5 125.6 127.1 129.2 130.4 131.1 131.4
49.6 50.1 51.1 53.9 56.9 59.8 62.6 69.3 82.8 97.3 104.7 109.1 112.7 114.9 115.3 116.9 118.4 118.7 118.8 120.1 120.2 120.4 120.1 119.8 119 117.7 116.7 115 114.5 114.4 114.4 112.6 111.7 111.5 111.2 110 114.8 119.7 123.5 125.7 127 128.1 129 129.9 130.7 131.4 131.9 132.2 132.1 131.3 130.5 126.5 122 116.8 108 96.7 81.7 74.3 72.5 71.5 71 68.3 65.6 62.9 61 65.7 73.9 83.2 90.9 97.7 103.5 107.5 110.5 113.1 115.4 118.4 121.5 123.9 125.8 126.8 127.8 128.7
49.5 50.2 52.2 55.4 58.9 62.1 65.8 75.3 90.3 101.7 107 110.5 113.3 114.8 115.5 116.2 116.4 116.9 117.5 118 118.2 118.3 118 117.6 115.5 114.5 112.8 110.6 109.8 109.2 107.9 106.3 105.6 105.1 107.1 110.1 117 121.1 123.9 125.2 126.1 127 127.9 128.7 129.4 130 130.5 130.8 130.5 129.7 128.7 127.2 123.3 117.7 109.8 99.3 83.8 74 70.7 70 68.5 66.5 64.4 62 62.4 68.6 78.4 85.6 92.2 97.5 100.4 103.2 105.6 107.7 109.9 113.2 116.8 120.2 122.2 122.9 123.5 125
49.1 49.5 51.8 56 60.1 64.6 69 81.1 95.2 103.1 107.4 110.1 112.5 113.6 114.2 114.3 114.4 115 115.9 116 116.2 116.3 115.8 114.1 112.3 110.7 108.3 106 104.1 102.4 100.7 100.5 105.8 109.5 112.8 116.1 119.8 122.1 123.2 124 124.9 125.8 126.7 127.6 128 128.5 129.1 129.3 128.9 128.1 127 126 122.8 117.1 109.7 100.1 86.4 74.6 70.8 68.5 66.9 64.8 62.8 60.8 64.3 71.9 81.9 87.2 91.9 95.5 97.3 98.9 99.9 102.2 104.7 108.1 112.2 116 118.5 119.2 119.2 121.5
48.5 48.8 51.8 55.9 60 64.3 73 86.1 96.6 103.6 107.1 109.8 111.1 112 112.3 112.5 112.9 113.3 114.1 114.2 114.3 114.4 113 110.8 108.4 106 103.2 100.4 97.9 96.9 101.5 106.8 110.3 114.1 116 118.3 120.5 121.1 122.1 122.9 123.8 124.6 125.5 126.4 126.9 127.1 127.7 127.8 127.2 126.5 125.7 124.7 121 114.6 106 96.7 86.8 75.6 71.8 67.6 64.8 63.1 61.1 60.1 66.2 75.9 81.7 86.5 89.7 92 92.9 93.3 93.2 95.2 99.4 104.3 108.7 111.9 114.9 115.3 114.9 117.2
48.2 48.5 51.8 56 60.2 65.1 77.3 91.2 99.7 104.5 107.1 108.8 109.7 110.3 110.5 111 111.4 111.8 112.3 112.4 112.5 112.1 110.1 107.8 103.7 100.5 97.9 95.1 92.4 98.2 104.7 110.5 112.9 115.3 116.9 118.2 119.5 120.1 121 121.8 122.6 123.5 124.3 125.2 125.8 126.3 126.3 126.3 125.9 126.1 125.5 123.9 118.2 109.1 99.8 91.1 86.4 75.9 72.3 68.4 65.3 62.6 60.9 60.9 69.9 76.3 80.7 83.7 86.5 87.5 87.5 87.2 87.2 90.5 95.7 100.7 106 108.8 110.2 109.9 109.8 112.8
47.8 48.4 51.8 56.3 60.8 69.9 83.3 95.2 102 105.3 106.8 107.2 108 108.5 108.9 109.3 109.7 110.2 110.5 110.5 110.6 110.2 107.9 104.1 99.4 96.2 93.1 89.7 96.3 102.9 108.2 111.1 113.5 115.2 116.5 117.4 118.2 119 119.8 120.7 121.5 122.3 123.2 124 124.6 125.2 125.9 125.7 125.9 126 125.8 124 120.5 115.6 107.1 95.8 81.1 76.2 72.3 68.7 65.6 62.7 60.3 62 70.5 74.8 77.9 80.2 82.8 82.6 82.3 82 83 87.6 92.9 98.2 102.6 105.2 105.6 105.4 105.3 109.2
47.8 48.1 51.9 56.6 62.2 74.1 88.9 99.1 103.5 105 105.6 106 106.4 106.8 107.2 107.6 108 108.4 108.5 108.3 108.4 107.3 104.7 100.5 95.3 91.5 88.6 92.7 100.2 105.5 108.4 110.3 111.8 113.2 113.9 114.3 115.1 116.7 118.7 119.5 120.4 121.2 122 122.9 123.7 124.4 125.1 125.7 125.7 126.2 126 124.7 122.8 118.5 112.4 101.3 85.8 77.5 72.2 68.4 64.7 60.8 59.9 63.1 69.1 71.7 73.6 75.9 78.3 78.2 78.1 77.9 80.5 85.6 90.1 95.3 98.9 101.1 102.4 101.8 101.4 105.8
47 47.9 52.2 57.4 65.9 80.8 93.8 101.5 103.7 104.3 104.7 104.7 104.9 105.2 105.6 105.9 106.3 106.7 106.5 106.1 105.8 104.2 101.2 96.4 90.7 88.2 89.9 96.2 101.8 105.9 107.5 108.6 109.1 109.1 109.7 110.7 112 114.7 117.8 119.5 120.5 121.1 121.5 122.1 122.9 123.6 124.3 125.1 125.5 126 126.1 125.4 123.8 120.9 114.9 107.3 93.1 82.3 72.6 68.2 64.2 60.4 59.8 61.9 64.7 67 69.1 71.6 74 74 74.2 74.9 79.5 84.3 88.3 92.7 95.7 97 98.3 97.8 98.1 102.6
46.3 48.3 52.5 58.7 70.8 85.8 96.5 101.5 103.1 103.1 103.1 103.1 103.3 103.6 104 104.4 104.8 104.9 104.8 103.9 103 100.1 96.4 90.5 86.2 86.1 92.3 98.2 102.7 104.2 104.6 105 104.2 104.3 107.9 112 114.6 116.4 118.8 119.7 120.4 120.7 121.1 121.5 122.1 122.9 123.6 124.3 125 125.4 125.5 125.2 124.2 121.3 117.7 111.5 101.3 90.4 76.8 68.9 64.9 60.8 59.3 59.8 60.6 62.5 65 67.8 70.3 70.6 71.1 74.7 78.6 82.8 86.7 90.4 92.4 93.7 95 93.8 95 99.6
47.2 49.3 53.4 61.1 76.6 89.2 97 100.3 101.2 101.4 101.5 101.6 101.8 102.1 102.5 102.8 103 103.1 102.2 101.2 99.6 96 91.9 87.1 82.5 87.8 94.4 99.2 101.2 101.7 101 99.4 101.3 107 111.5 114.7 116.5 118 118.6 119.3 119.7 120.1 120.5 120.9 121.4 122.1 122.9 123.7 123.9 124.1 124.2 124.4 124.1 122.3 119 115 107.4 100.4 87.8 74.5 66 61.7 58.5 58.3 58.7 59.5 61.5 64.2 66.6 67.3 69.2 73.1 76.9 80.8 84.7 87.8 90.3 91.9 91 89.8 92.4 98.2
48.5 50.5 55.9 67.8 82.9 90.8 95.8 98.7 99.2 99.7 99.9 100.1 100.3 100.6 100.9 101 101 100.8 99.6 98.1 94.5 91.2 87.3 82.9 82.1 89 94.5 97.4 98.4 97.6 95.7 100.4 105.2 109.5 113.1 115.7 116.8 117.6 118.2 118.6 119.1 119.5 119.9 120.4 120.8 121.2 122 122.9 123 123 123 123.1 123.3 122.5 120.6 117.1 112.5 107.1 97.3 85.9 73.6 64.1 59.9 57.2 57.3 57.7 58.7 60.4 63 65 67.5 71.1 75 78.8 82.6 85.2 87.7 88.3 87.9 87.9 90.9 97.8
49.6 52.5 59.9 73.8 85.5 91.8 94.5 96.5 96.9 97.4 97.9 98.4 98.7 99 99 99 98.9 98.1 96.6 94.8 90.3 87.4 83.1 78.7 83.3 89.1 92.5 94.1 92.9 92.5 97.1 102.2 106.7 110.3 114 115.7 116.6 117.2 117.6 118.1 118.5 118.9 119.4 119.8 120.2 120.7 121.2 122 122.3 122.3 122.3 122.3 122.4 122.3 121.1 119 115.9 111.9 106.9 98.7 85.3 75.6 67.6 59.1 57.8 56.8 57.2 58.4 60.4 62.8 66.1 69.5 73 76.8 80 82.7 85.3 85.4 84.7 85 90.3 96.8
49 54.3 65.1 78.8 86.2 91 93.2 94 94.2 94.7 95.5 96.4 96.7 96.1 95.8 96.1 95.6 94.4 93 90.6 86.9 83.4 79 77.6 83.4 86.9 88.5 88.4 87.2 93.9 99.7 104.6 108 111.6 114 115.5 116.1 116.3 116.9 117.5 117.9 118.4 118.8 119.2 119.7 120.1 120.5 121.1 121.6 121.6 121.6 121.6 121.6 121.4 120.5 119.3 117.5 115 111.8 108.3 100 89.4 82.1 76.1 66.5 57.3 56.6 56.9 58.6 61.5 64.7 67.9 71.4 74.9 77.9 80 82.4 82.4 81.8 83.5 89.1 95.7
50.6 59.1 71 80.8 86.4 90.2 91.8 91.6 91.5 92.2 93.2 94.2 93.7 91.7 91.6 91.7 91.7 90.4 89.1 87 83.9 80 75.8 77.1 81.6 82.2 82.9 84.4 91.2 97.5 102.6 106.9 109.1 112.4 113.8 115 115.4 115.5 116 116.7 117.3 117.8 118.2 118.7 119.1 119.5 120 120.4 120.9 120.9 120.9 120.9 120.9 120.6 119.6 118 117.2 116.8 114.4 111.8 108.9 103.8 95.9 89.6 81.4 69.7 58.8 56.4 57.4 60.2 63.3 66.5 69.9 73.3 76.1 78.2 79.3 79.8 79 82.3 88.4 95.5
53.4 64.5 75 81.8 86.9 89 89.2 88.8 88.9 89.9 90.9 91.6 90.9 88.2 87 87 87.5 86.3 85 83.3 80.7 76.8 73.2 75.9 77.7 81.4 82.4 89 95.2 100.2 104.8 107.8 110.1 112.1 113.3 114.3 114.6 114.8 115.2 115.8 116.5 117.1 117.7 118.1 118.5 119 119.4 119.8 120.2 120.2 120.2 120.1 120.1 119.7 118.2 116.5 116.2 116 116 114.9 112.7 109.3 104.9 97.8 88.8 75.5 59.8 56.2 56.6 58.9 62 65.2 68.3 71.3 73.8 75.6 76.1 76.4 78.4 83.3 89.2 97.4
59.1 69.2 77 82.7 85.8 86.7 86.3 85.6 86.6 87.6 88.3 89 87.3 84.7 82.4 82.8 83.3 82.1 81 80.2 77.7 73.9 72.1 73.4 74.6 79.5 85.6 91.9 97.7 102.1 105.3 107.9 110.3 111.5 112.6 113.6 113.8 114 114.3 114.9 115.6 116.2 116.9 117.5 118 118.4 118.8 119.3 119.6 119.8 119.6 119.4 119.4 118.6 116.9 115.5 114.8 115.1 116.3 116 114.6 111.7 107.4 100.1 88.8 71.5 58.9 55.4 56.5 58.6 61.3 64.5 66 68.7 70.7 72.4 73.3 74.3 78.1 84.2 91.7 100
64 71.9 78.4 82.1 83.8 83.6 83.2 82.9 84.2 85.8 86.5 86.5 84 81.2 78.6 78.8 79.2 78.2 77.4 76.5 74.6 71.3 70.6 73.2 76.5 82 88 94.9 99.5 102.9 105.3 107.8 109.6 110.7 111.7 112.6 113.1 113.3 113.4 114 114.7 115.3 116 116.6 117.3 117.8 118.3 118.7 118.9 119.1 119.4 119.2 119 117.8 116.3 114.8 113.8 114.5 115.1 115.5 114.2 111.8 107.3 98.5 86.2 67.1 57.2 54.7 56.5 58.6 61.1 63.2 64.9 65.9 67.8 69.5 72 74.9 80.3 86.7 94.9 102.9
67.1 73.6 77.7 80.3 80.7 80 79.4 81.1 82.9 84.4 83.9 83.1 80.6 77.9 75.5 75 75.3 74.7 73.7 72.9 71.6 69.1 71.2 74.7 78.3 82.7 88.7 95.4 99.9 102.7 104.7 106.7 108.6 109.5 110.4 111.3 112.1 112.5 112.7 113.1 113.8 114.4 115.1 115.7 116.4 117 117.7 118 118.3 118.5 118.7 119 118.4 117.5 116.2 114.8 111 112 112.6 112.9 111.7 109.4 103.5 95.8 83.9 65.5 56.7 54.8 55.8 58.3 61.8 64.5 66.5 68 69.2 71.9 74.6 78.6 84 90.5 98.5 106.1
67.9 72.7 75.4 77.2 77.1 76.3 77.5 79.3 81.3 81.6 81 79.7 77.4 75.2 72.9 71.3 71.5 71.4 70.5 69.4 67.6 69.2 74.3 79.2 83.8 86.6 90.5 94.3 99.1 102.2 103.7 105.5 107.5 108.3 109.2 110.1 110.9 111.5 111.9 112.3 112.9 113.6 114.2 114.8 115.6 116.3 117.1 117.4 117.6 117.9 118.1 118.2 117.8 117.1 115.8 114.4 110 108.2 106.8 106.4 106.4 103.1 99.7 92.6 82.5 65.4 56.2 53.6 54.9 58.4 63.1 67.1 69.8 72.8 74.7 76.9 79.6 83.8 88.9 95.3 103 109.2
67.1 70.2 71.8 72.8 72.7 73.3 75.2 78.2 78.5 78.9 78.1 76.6 74.4 72.2 69.9 68.4 68.1 68.2 67.3 65.7 67.8 74.1 79.8 84.9 90 93 94.1 95.5 98.8 101.8 103.5 105.2 106.6 107.4 108.2 108.9 109.7 110.4 110.9 111.4 112 112.8 113.5 114.3 115.1 115.8 116.5 116.7 117 117.2 117.5 117.3 117 116.4 115.3 114.4 110.6 105.9 101.1 98.5 98.2 97.3 95.1 89 81.1 68 57 53.7 53.5 58.1 63.3 67.2 71 73.9 77.9 80.9 85 89.3 94.3 100.8 106.3 110.6
