public/OST50/SU71.asc
ncols 200
nrows 200
xllcorner 470000
yllcorner 110000
cellsize 50
[rows 144 to 179 of 200, columns 0 to 81 of 200]
78.3 78.1 76.6 76.6 76.3 76.6 76.8 76.9 72.9 68.9 75.5 73.9 69.4 64.1 62.6 63.6 67.8 69.4 69.3 69.2 69 68.9 68 67.4 67.5 68.3 69 69.8 70.5 70.8 70.9 71.2 71.4 71.6 70.8 70.1 70.1 71.3 71.9 72.1 72.5 73.1 73.7 74.3 74.4 74.6 74.6 74.7 75 75 75.2 75.5 75.9 77 77.9 78.7 79.5 80.4 80.4 80.2 80.2 80 79.6 79 78.8 79.1 78.2 77.5 75.5 72.8 68.2 60.8 52.2 45.8 43.6 43.5 42.8 42.2 42.6 47.3 55.9 60.6
77.1 75.7 74 73.7 74.5 75.4 75.7 75.7 71.8 66.4 75.8 74.8 71.6 66.4 62.4 62.1 60.9 67.4 68.3 68 67.8 67.7 66.8 66.2 66.4 67.2 67.9 68.7 69.5 69.8 70 70.2 70.5 70.4 69.1 68.4 69 69.8 70.4 71.1 71.7 72.3 72.9 73.4 73.6 73.7 73.6 73.5 73.7 73.8 73.9 74.2 74.5 75.5 76.3 77.1 77.9 78.7 79.2 79.1 79 78.9 78.4 78 78.3 78.5 78.7 78.1 77 75.8 73.3 68.9 61.5 53.3 46.7 43.4 42.7 41.7 42.2 47.8 54.9 59.4
74.9 72.8 71.8 72.4 73.6 74.3 74.7 75 70.4 66.3 75.6 75 72.5 68 64 61.4 62.5 65.6 67.3 67.4 67 66.6 65.5 64.7 65.5 66.3 67.1 67.9 68.5 68.8 69 69.3 69.5 68.7 67.4 67.3 68.4 69.5 69.9 70.3 70.9 71.5 72.1 72.6 72.7 72.7 72.6 72.5 72.5 72.5 72.7 73 73.3 73.9 74.7 75.5 76.4 77.2 77.9 77.9 77.8 77.7 77.3 77.4 77.7 78.1 78.7 78.5 78.5 78.2 76.9 74.2 69.3 61 50.5 44.6 42.4 41.3 41.2 47.6 53.2 57.4
72.1 71.1 70.8 70.7 72.6 73.4 73.6 74.2 69 65.8 75 74.6 73.5 70.2 66.1 61.8 60.9 63.8 65.4 66.7 66.7 66.2 64.8 63.3 64.1 65.2 66.3 67.2 67.5 67.8 68.1 68.3 68.3 66.9 65.9 67 68 68.6 69.1 69.7 70.2 70.8 71.3 71.8 71.8 71.7 71.6 71.5 71.5 71.5 71.7 72 72.3 72.8 73.5 74.3 75.2 76 76.4 76.4 76.5 76.5 76.6 76.9 77.1 77.6 78.2 78.8 79 79.3 79.3 77.7 74.2 66.8 56.8 47 42 41.3 41.7 45.8 51 55.2
70.6 70.3 70 69.6 69.2 68.9 68.7 71.4 69.3 66.4 74.3 74.2 74 71.7 68 63.5 59.6 61.9 63.3 64.5 65.3 65.6 64 62.2 63 64.2 65.4 66.3 66.6 66.8 67.1 67.4 66.8 65.4 64.9 66.5 67.2 67.6 68.1 68.7 69.3 69.8 70.4 71.1 70.8 70.7 70.6 70.6 70.5 70.6 70.7 71 71.3 71.8 72.4 73.2 74.1 74.8 74.8 74.9 75.2 75.8 76 76.3 76.5 77.1 77.8 78.4 79 79.5 79.9 79.3 76.6 70.5 60.9 49.8 42.5 41.3 40.8 44.1 48.7 52.8
70.2 69.5 69.1 68.3 68.2 68.1 68.3 70.7 70.7 64.7 73.5 73.7 73.4 72.4 69.7 65.9 61.3 60 61.3 62.4 64 64 62.8 61.3 62.1 63.5 64.5 65.1 65.6 65.9 66.2 66.5 65.6 63.8 63.9 65.4 66.4 66.7 67.2 67.7 68.3 68.9 69.8 70.6 70.4 69.9 69.6 69.6 69.5 69.7 69.8 70 70.3 70.9 71.5 72.2 72.9 73.2 73.6 74 74.5 75.1 75.4 75.6 76.1 76.7 77.3 78 78.6 79.2 79.8 79.2 77.8 72.6 64.5 52.3 42.4 40.8 41.8 43.2 46.7 50.5
70.3 68.8 67.7 67.5 67.2 67.4 67.9 71.5 71.5 64.1 70.5 73.7 73 71.6 69.9 66.7 63.2 59.5 59.8 59.6 61.5 62.2 61 60.4 61.7 62.8 63.3 63.8 64.7 65 65.3 65.7 64.2 62.2 62.9 64.3 65.5 66.1 66.3 66.7 67.3 68.2 69.2 70 70.1 69.7 69.3 68.8 68.6 68.7 68.8 69 69.3 70 70.6 71.3 71.9 72.4 72.9 73.3 73.9 74.5 74.7 75.1 75.7 76.1 76.8 77.4 78.1 78.7 79.3 78.5 77.7 73 65.6 52.3 42.8 39.7 43.6 42.7 46 48.5
67.5 64 63 63.4 65.3 67.6 69.9 71.6 69.3 64.1 69.4 70.1 71.1 69.4 68 67.4 65 63.6 59.3 58.9 58.2 59.4 59.1 59.1 60.5 61.1 61.9 62.6 63.5 64.2 64.6 64.7 63.1 61.5 62 63.2 64.3 65.5 65.8 66 66.8 67.9 68.6 69.5 69.9 69.5 69 68.7 67.9 67.5 67.9 68 68.4 69 69.7 70.3 71 71.7 72.1 72.6 73.4 73.8 74.1 74.7 75.1 75.2 76.1 76.9 77.5 78.1 78.6 78.1 77.5 72.6 65.2 53.4 43.1 39.9 42.6 41.8 44.5 46.7
66.9 63.5 61.9 62 63 64.4 66.7 71.4 69.2 63.4 69.6 73 72.4 71.8 71 69.5 68.3 66.1 63.2 59.2 57 56.7 56.6 57.6 58.6 59.3 59.9 61.2 62.6 63.4 63.8 63.5 62.3 60.7 60.3 61.6 63 64.4 65.3 66 67 68 68.6 69.2 69.7 69.3 68.9 68.4 67.6 66.9 66.4 66.8 67.4 68.1 68.7 69.4 70.1 70.8 71.4 72.1 72.9 73.2 73.7 74 74.1 74.6 75.5 76.3 77 77.6 78 77.7 77.2 73.3 66.3 55.3 43.6 39.4 41.7 40.9 42.8 44.3
66 62 60.4 60.7 61.3 63.5 65.9 68.7 70.5 63.5 69.2 72.2 72.2 71.4 70.8 70.1 69.2 67.7 65.7 63.6 59.6 58.3 57.2 56.2 56.4 57.1 57.9 59.8 61.7 62.6 62.6 62.3 61.6 60 59.3 59.6 61.4 63.4 65 66 66.9 67.6 68.5 69.1 69.2 69.1 68.7 68.1 67.3 66.6 65.7 65.4 66.1 66.9 67.7 68.5 69.3 70.2 70.9 71.6 72.2 72.7 72.9 73.1 73.2 73.9 74.8 75.6 76.4 77 77.4 77.3 76.4 75 68.1 57.6 44.5 39.1 42.2 40.1 41.5 42.5
64.5 61.1 58.7 58.8 60.1 62.7 65 67 68.2 62.1 69.3 70.9 71.4 71 70.5 69.9 69.1 67.4 66.8 66.2 65 63.5 58.6 57.7 55.8 54.5 55.4 58.1 60.3 61.5 61.5 61.1 60.8 59.8 59.4 60.2 61.5 63.8 64.7 65.4 66.1 66.8 67.9 68.8 68.8 68.9 68.5 67.8 67.2 66.4 65.1 64.2 63.8 65.1 66.9 68.2 69.1 69.9 70.5 71.1 71.6 71.8 72 72.2 72.3 73.2 74.1 74.9 75.8 76.3 76.8 76.8 76.2 75.1 69.6 59.3 45.8 38.6 40.5 40.2 41.1 42.8
62.7 60.3 58.1 57.4 58.9 62 64.2 65.8 66.3 61.7 67.5 69.3 70.2 70.4 70.1 69.6 68.7 67.8 66.9 66.6 66 65.3 63.9 58.7 57.1 55.5 54 55.9 58 60 60.5 60.3 59.7 59.2 59.8 60.6 61.4 62.7 63.8 64.6 65.3 66.1 67.2 67.9 68.2 68.1 68 67.8 67.1 65.9 65.3 61.3 61.5 61.6 66.5 67.9 69 69.6 70.1 70.6 70.8 71 71.1 71.3 71.6 72.5 73.1 73.8 74.6 75.6 76.2 76.5 76.1 74.7 70.7 61.9 47.7 39.6 41.7 39.5 40.5 42.7
60.9 58.9 57.3 56.5 57.8 60.8 62.4 64 63.8 61.4 65.5 67.1 68.7 69.7 69.6 69.2 68.5 67.7 66.9 66.3 65.9 65.4 64.9 61.1 59.7 58.1 55.4 54.1 55.9 57.9 58.8 58.8 58 57.7 58 59 60.3 61.6 62.8 63.7 64.5 65.4 66.2 67 67.5 67.5 67.4 67.2 67 66.3 65.2 63.2 62 63.7 65.8 67.4 68.5 69.1 69.6 69.9 70.1 70.2 70.3 70.5 70.8 71.3 72 72.7 73.5 74.5 75.4 76 75.8 74.5 70.9 63.2 51 41.6 38.3 38.9 39.7 42.7
59.1 57.7 56.5 55.9 57.6 59.6 60.4 61.3 61.3 60.7 63.1 66.7 68.5 69.4 69.1 68.7 68 67.2 66.4 66 65.6 65.2 64.8 64 63 60.7 57.8 55.1 54 55.6 56.5 56.7 56.4 56.3 56.6 57.9 59.2 60.5 61.8 62.7 63.6 64.4 65.2 66 66.6 67 66.9 66.7 66.5 66.2 65.2 63.6 61.2 62.8 65 66.6 67.9 68.5 69 69.2 69.3 69.5 69.7 70.3 70.7 70.8 70.9 71.6 72.3 73.3 74.3 75.2 75.6 74.1 70.8 63.1 53.1 43.5 41.7 38.5 38.5 41.8
59.5 57.6 56.1 55.5 57.7 59.1 58.5 56.5 59.6 60.1 63.6 67.1 68.6 68.7 68.3 67.8 67.4 66.7 66.1 65.7 65.3 64.8 64.3 64.1 63.5 62.3 60.2 57.1 54.5 53.7 54.2 54.9 54.9 55 55.4 56.6 57.9 59.3 60.7 61.8 62.6 63.5 64.3 65.1 65.6 66 66.3 66.2 66 65.7 65.4 63.7 61.5 61.6 64 65.8 67.1 68 68.2 68.3 68.5 69 69.8 70.5 70.9 70.9 70.9 70.9 71.2 72 73.3 74.4 75.4 73.9 70.2 63.7 54.9 44.8 42.6 38.3 38.5 41.1
60.1 58.7 56.9 55.3 56.6 56.5 52.1 56 59.2 59.6 63.6 65.9 67.6 67.8 67.3 66.9 66.5 66.1 65.6 65.1 64.6 64.2 63.9 63.6 63.4 62.8 61.2 59.5 56.8 54.3 52.8 52.6 52.8 52.6 54 55.3 56.7 58 59.4 60.8 61.7 62.6 63.4 64.1 64.7 65.1 65.5 65.7 65.5 65.1 64.9 63 60.4 59.8 61.9 64 65.2 66.2 66.6 67.1 68.2 69.3 70.2 70.8 71.2 71.2 70.9 70.6 70.8 72 73.3 74.6 75.1 73.4 70 64.1 55.6 46.7 41.2 38 38.2 39.9
60.2 58.9 57.3 55.8 54.8 55 56.2 58.6 59.7 59.4 63.2 65.2 66.6 66.8 66.4 66.1 65.7 65.3 64.9 64.4 64 63.7 63.5 63.2 63 62.7 62 60.4 59.4 57.2 55.6 53.4 51.9 50.9 51.8 53.8 55.4 56.8 58.2 59.6 60.8 61.6 62.4 63.2 63.7 64.1 64.6 65 64.9 64.9 64.2 62.6 60.5 59 59.9 61.8 62.8 63.9 64.8 66.7 68.4 69.7 70.6 71.3 71.1 70.8 70.5 70.1 71.3 72.6 73.7 74.5 74.6 72.7 69.4 63.7 55.4 47.5 40.7 38.1 38 38.8
59.4 58.5 57.4 55.6 54.4 55.4 57.6 59.2 59.8 59.1 62.5 64.3 65.7 65.9 65.6 65.2 64.9 64.5 64.2 63.9 63.6 63.3 63.1 62.8 62.6 62.4 62.1 61.4 61 60.5 59.4 56.7 54.7 52.4 49.8 51.1 53.5 55.6 57 58.4 59.7 60.7 61.5 62.2 62.8 63.2 63.6 63.9 64.2 64.1 63.3 62.2 60.8 59.3 58.3 59.8 61.7 63.2 65.2 67.1 68.7 69.7 70.7 71.1 70.9 70.5 70.2 70 71.6 72.7 73.6 74.1 73.8 71.4 68 62.2 54.9 46.5 41.1 38.7 38.4 38.2
58.9 58.2 57.3 56.1 54.8 54.2 56.2 57.4 58.4 58.8 61.6 63.6 64.8 65 64.7 64.3 64 63.7 63.5 63.4 63.2 63 62.8 62.5 62.3 62 61.8 61.8 61.5 61.1 60.9 59.1 56.7 55.2 52 49.5 51 53.6 55.6 57.2 58.4 59.3 60.1 61 61.7 62 62.3 62.7 63 63.1 62.5 61.3 60.1 58.4 57.1 58.9 61.5 63.5 65.4 67.1 68.5 69.5 70.5 70.7 70.6 70.2 69.9 70.1 71.7 72.5 73.4 73.2 72.4 70.2 65.8 59.8 53.3 45.5 40.7 38.3 38.1 37.9
58.3 57.8 57 56.1 54.6 53.6 54.4 55.4 56.9 57.9 60.6 62.6 63.7 64.1 63.7 63.4 63.2 63.1 63 62.9 62.7 62.5 62.4 62.2 61.9 61.7 61.5 61.5 61.3 61 60.5 59.2 57.3 56.3 54.3 50 49.3 51.3 53.4 55.5 57 57.9 58.5 59.4 60.4 60.8 61.1 61.4 61.8 62.1 61.8 60.5 59.3 57.7 55.8 57.7 60.9 63.8 65.4 66.8 67.8 68.8 69.8 70 69.9 69.6 69.2 69.8 70.8 71.8 72.5 72 71.1 67.9 63.9 57.1 50.5 43.2 40.3 37.3 37.5 38.5
57.4 57.3 56.4 55.2 53.4 53.6 54 55.5 57.4 58.4 60.3 61.7 62.7 63.2 63 62.8 62.7 62.6 62.4 62.3 62.1 62 61.8 61.7 61.5 61.3 61.1 60.7 60.3 60.1 59 57.6 56.2 55.4 53.9 50.6 48.3 50.1 51.7 53.4 55.2 56.3 56.9 57.8 59.2 59.5 59.9 60.2 60.6 60.9 60.8 59.8 58.5 56.4 55.1 57.6 60.9 63.6 65.2 66.2 67.2 68.1 69.1 69.3 69.2 68.6 67.8 68.3 69.7 70.7 71.1 70.8 69.3 65.8 60.6 53.9 47.7 42 39.2 36.7 37.4 38.7
55.3 55.4 54.7 54 53.1 54 54.7 56.4 58.4 60.7 59.7 62.2 62.2 62.4 62.4 62.3 62.1 62 61.9 61.8 61.6 61.4 61.3 61.1 61 60.8 60.7 59.9 59.3 58.8 57.3 55.9 55.5 54.6 52.6 50.4 48.5 48.6 49.8 51.6 53.2 54.5 55.1 56.1 57.9 58.2 58.5 58.8 59.3 59.7 59.9 59 57.1 55.4 54.3 57.4 60.9 63.4 64.6 65.6 66.5 67.5 68.5 68.6 68.3 67.5 66.7 66.9 68.5 69.4 70 68.9 67 62.9 57.5 51.6 45.6 40.9 37.7 36.5 37 38.3
52.6 53 53 52.6 53.3 54.6 55.9 57.6 58.6 58.4 59.3 60.6 61.4 61.5 61.6 61.7 61.6 61.4 61.3 61.2 61.1 60.9 60.7 60.6 60.4 60.5 60.3 60.3 59.3 58.1 56.9 55.4 54.9 53.8 52.1 50.5 49.1 48.5 47.5 48.5 50.1 51.9 53.1 54.7 56.5 57 57.3 57.5 57.8 58.2 58.5 58.3 56.6 55.3 54 56.9 60.5 62.6 64.2 65.2 66.2 67.1 67.7 67.7 67.3 66.4 65.6 65.7 67.2 68 68.5 67.4 64.5 59.7 54.2 48.8 43.4 39.2 36.7 36.5 36.8 38.1
50.9 50.8 50.7 51.7 53.7 55.9 57.1 57.7 57 57.8 58 59.7 60.5 60.6 60.7 60.8 60.8 60.9 60.8 60.6 60.5 60.4 60.2 60.1 60.2 60.2 60.1 61 60.1 59.1 57.9 56.5 55.2 54.3 52.6 51.1 49.7 48.6 47.8 47 47.1 48.3 50.4 52.7 55 55.8 56 56.3 56.6 56.8 56.9 57 56.4 55 53.6 56.4 59.6 61.9 63.5 64.7 65.6 66.3 66.8 67.1 66.3 65.3 64.3 64.3 65.8 66.6 67 66 62.5 57.9 52 46.6 41.3 37.7 36.6 36.6 36.6 38.6
51.5 49.7 50.3 51.8 53.8 56.1 56.8 56 55.3 56.9 56.6 58.3 59.3 59.5 59.5 59.6 59.8 59.9 60 60.1 60 59.8 59.8 59.8 59.7 59.5 60.5 61.4 61 59.9 58.5 57 55.8 54.7 53.2 51.9 50.5 49.5 48.9 47.5 46.4 46.3 47.8 50.7 53.1 54.3 54.7 55.1 55.3 55.1 55 55.6 55.8 54.5 53.2 56.2 58.7 61.1 62.5 63.9 64.9 65.5 66 66.2 65 63.9 62.9 62.8 64.4 65.1 65.3 64.5 60.3 56 50.6 44.3 40.1 36.6 36.1 36 36.9 39.7
50.5 49.3 50.6 52.3 54 55 55.3 54.4 53.7 54 55.5 56.7 57.2 57.9 58.4 58.7 59.1 59.3 59.2 59.3 59.3 58.8 58.6 58.3 58.5 60.1 61 61.9 61.9 60.7 59.2 58.2 56.8 55.4 54.6 53.3 51.9 50.7 50.1 48.4 46.9 45.6 46.9 49 51 52.6 53.3 53.7 53.7 53.6 54.2 54.9 54.9 53.1 52.1 54.8 58.3 60.4 61.8 63.1 64.1 64.7 65.2 65.3 64.2 62.7 61.6 61.4 62.6 63.8 64.4 63 59.3 55.1 48.7 42.9 37.6 36.4 35.7 36.3 37.1 40.5
49.7 49.3 50.5 52 53.3 53.2 53.4 52.9 52.1 52.3 54 54.3 55.1 55.8 56.7 57.4 58.8 59.2 58.9 58.6 58.4 58.1 57.6 57.2 59 61.1 62.8 63.9 63.6 61.7 60.9 59.3 57.7 55.9 55.1 54.8 53.7 52.3 50.9 49.6 48.1 46.4 45 46.9 49.3 50.8 51.9 52.2 52.6 53 53.5 54 53.5 52.2 50.9 53.8 57.5 59.6 60.8 62 63.2 63.8 64.4 64.3 63.6 62.1 60.6 59.4 60.5 62 62.2 60.5 58.1 54.1 48 41.2 36.7 35.9 35.3 35.9 37.7 42.1
49.4 49.4 49.2 51.3 51.9 51.8 51.8 51.4 50.3 51.7 52.8 52.5 53.2 54 54.9 55.5 56.2 57.3 57 56.8 57 56.8 56.5 58 60.3 62.5 64.5 66.2 66.1 64.4 62.8 60.4 58.6 56.5 55.3 55.1 54 52.6 51.2 50.1 48.6 47.2 45.7 44.7 47.2 49.3 50.6 51 51.5 52.1 52.5 52.7 51.8 50.4 49.7 54.1 57.4 58.9 60 60.9 62.2 62.9 63.3 63.5 63 62 60.1 57.3 57.8 59.5 60.3 59 56 52.1 45.1 38.7 35 35 35.3 35.9 39.6 44.1
50.7 49 48.6 49 50.5 50.5 50.5 49.8 49.1 50.3 52.4 50.5 51.4 52.2 53.1 53.7 54.1 54.5 54.8 55 55.2 55.3 56.5 59 61.4 63.8 65.9 67.9 68.6 66.9 64.7 61 58.5 56.1 54.7 54.2 53.5 52.6 51.5 50.3 48.4 46.6 44.9 44 45.2 47.7 49.1 49.8 50.4 51 51.6 51.1 50.1 49.1 51.1 54.1 56.1 57.8 58.9 60 61.1 61.7 62 62.4 62.4 61.8 60.3 57.7 53.7 56.9 57.8 57.3 53.9 49.7 43.1 36.3 34.5 34.9 35.3 37.5 41.5 47.5
53.4 50.9 48.3 47.2 47.9 48.9 49.2 48.3 47.8 48.9 51.8 48.9 49.1 50.2 51.2 51.7 52.1 52.6 53.1 53.9 54.1 54.4 57.1 59.6 62 64.5 67.4 69 69.7 68.7 66.3 62.5 59.1 56.4 54.4 53.2 52.6 51.4 51.1 50.3 48.4 45.7 44.4 43.7 44.5 46.5 47.5 48.2 49.1 49.6 50.4 49.8 48.6 48.2 50.6 53.1 54.8 56.7 57.8 58.8 59.5 60.2 60.7 61.1 61.3 61 59.9 58.2 53.2 51.6 55.2 54.5 51.3 46.9 39.3 34.1 34.2 34.5 35 39.3 43.7 52.7
56.3 52.6 49.7 47.5 46.4 46.8 46.7 46.3 46.6 47.6 51.1 47.8 46.6 48.1 49.6 50 50.5 51 51.7 52.6 53.4 54.3 56.7 59.7 62.4 65 67.9 69.4 70.3 69.7 67.8 64.1 60.6 57.3 54.9 53.6 51.2 50.8 50.5 49.6 47.8 45.7 44.6 43.6 43.9 45.1 46 46.9 47.8 48 48.5 48.6 47.4 47.8 50.4 52.4 53.8 55.6 56.6 57.3 58 58.7 59.4 59.8 60 60.1 59.2 56.9 53 48 50.8 52.3 49.8 44.5 37.4 33.8 33.9 34.2 36.8 41.1 48.1 56.9
57.6 54.1 50.5 48.8 47.6 47.1 45.4 44.8 44.5 45.1 49 43.4 42.6 44.1 45.9 47.9 48.8 49.5 50.2 51.2 52.3 54.2 56.4 59.3 62.3 65.4 68.2 69.7 70.8 70.3 68.6 65.4 62.4 59.4 56.3 53.7 50.8 50.3 49.8 48.5 46.5 45.1 44.6 44.1 44.1 44.1 44.7 45.6 46.5 46.6 46.6 46.9 46.2 47.3 49.8 51.7 53.1 54.3 55.1 55.8 56.5 57.2 57.9 58.5 58.7 58.9 57.9 56.2 52.9 47.8 45.9 49 47.8 39.7 35 33.4 33.6 34.9 38.9 45.2 52.8 60.2
57.5 54.4 51.8 50.8 49.9 49.1 49.1 48.6 48.4 48.8 50.1 47.5 45.6 42.7 40.6 43.1 45.9 48.1 48.8 50.3 51.5 53.3 56.8 60.4 63.8 66.4 67.4 68.9 69.6 69.4 68.1 65.7 63.5 61.5 58.5 55.3 52 49.9 48.4 46.9 45.5 44.8 44.3 43.9 43.7 43.7 43.5 44.4 45.1 45.2 45.2 45.2 46 47 49.1 50.7 51.7 52.5 53.3 54.1 54.8 55.6 56.3 57 57.4 57.3 56.1 54.9 52.2 47.5 42.3 42.9 44.2 39.5 32.6 32.9 33.7 36.2 41.8 49.8 57.7 61.6
58.2 55.7 53.3 52.6 52.3 52.8 52.8 52.4 52.2 51.9 52.5 51.8 51.1 48 44.2 40.1 41.5 45.4 47.8 49.3 50.7 53.8 58.1 62.3 64.6 65.5 66 66.2 66.6 67.1 66.8 66.1 64.5 62.5 60.4 57.1 53.7 50.9 49.1 47.8 46.5 45.5 44.6 43.8 43.5 43.3 43.2 43.1 43.7 43.8 43.9 44.6 45.7 46.9 48 49.2 50 50.7 51.5 52.3 53 53.8 54.6 55.4 55.7 55.4 54.2 53 50.8 46.6 41.4 39.7 38.3 35.4 32.1 33.1 34.2 38.6 45.9 53.7 58.2 60.7
58.6 57.7 55.7 55 56 56.3 56.4 56.1 55.8 54.5 53.9 53.3 51.5 49.6 47 42.4 39 43.6 46.6 48.4 50.6 54.4 58.7 62.2 63.8 64.3 64.5 64.6 64.8 65 64.6 65.1 65.4 63.8 61 58.7 55.3 52.6 50.1 48.7 47.7 46.6 45.7 44.9 43.5 42.5 42.6 42.6 42.4 42.7 42.9 43.8 45.1 46.3 47.3 48.1 48.7 49.3 49.9 50.5 51.4 52.2 53 53.8 53.8 53.8 52.1 50.3 48.6 44.7 40.5 39.2 36.3 34.1 32.7 33.1 35.7 42.1 50 55.8 58 59.1
58.8 58.8 59 58.6 59 59.1 58.9 57.6 56.7 52 55.3 53.4 51.1 48.2 47 44.1 39.4 41.2 45 48.7 52.4 56 59.4 62 62.6 62.7 62.9 63.1 63.2 63.2 62.8 63.2 64 63.1 61.5 59.9 57 54.3 51.7 49.8 48.7 47.7 46.8 45.9 44.3 41.4 40.9 41.8 41.7 41.7 41.9 43.1 44.4 45.6 46.3 47.1 47.8 48.3 48.8 49.3 49.8 50.6 51.4 52.1 52 51.9 50.2 48.6 46.7 42.7 39.7 36.4 34.6 33.5 32.3 32.9 38.3 46.3 52.1 55.1 56 56.9
