public/OST50/SU71.asc
ncols 200
nrows 200
xllcorner 470000
yllcorner 110000
cellsize 50
[rows 36 to 71 of 200, columns 82 to 163 of 200]
96.9 95 102.3 111.8 118.6 117.4 109.1 107.3 117.5 132.7 148.7 162.6 174.1 183.3 186.8 187.4 185.3 179.9 172.9 159.8 143.7 128 117.7 115.3 116.4 120.9 129.3 139.8 149.3 161.2 169.3 175.7 180.8 183.9 185.8 187.1 187.9 187.3 185.5 181.8 177.4 170.9 161.2 153.4 163.5 177.1 189.2 196.5 201 203.3 203.5 200.6 196.8 190.2 180.3 166.4 147.7 134.4 128.5 122.9 120.2 117.5 115.1 113.3 112.5 113.4 118.6 126.5 136.1 144.9 151.7 155.5 154.9 152.2 146.7 139.9 133.2 129.5 132 137.1 143.8 157.6
98 92.6 94 98.9 104.8 106.1 102.7 112.4 126.5 141.6 157.4 168.4 178.2 183.6 185.7 186.1 184.4 179.7 172.6 160.7 144.1 128 117.3 115.5 121.5 130.1 138.7 149.3 157.2 165.1 171.6 176.1 180 182.2 183.4 184.1 184 182.9 181 177.5 171.1 161.4 150.1 156.2 169.2 182.9 191.7 197.4 199.8 201.5 201.2 199.5 196.1 191.5 183.9 175 163.2 146.5 132.4 123.5 119.9 117.1 114.6 112.3 112.7 115 123.2 131.8 140.2 147.3 152.9 154.5 153.3 148.7 143.2 136.6 129.8 128.8 134 140.2 155 170.3
103.6 92.9 92 93.6 96.4 102.7 111.3 123.2 137.4 152.2 164.2 173.9 179.4 182.9 184 184.3 183.2 179.5 173.1 162.1 145.7 129.1 117.3 115.7 124.9 134 143 151.9 158.6 165.1 170.3 174.2 177.4 179.5 180.2 180.4 180 178.3 175.9 171.2 163.2 151.4 149.5 161.3 175.2 186.5 193.5 197.5 198.9 199.4 198.4 196.9 194.6 190.5 185.7 178.4 170.8 157.3 137.3 125.3 120.2 116.9 113.6 111.7 113.2 118.3 126.7 134.9 141.9 148.1 152.1 152.4 149.9 145.4 139.3 132.7 127.4 130.7 138.4 152.6 167.2 177.8
104.6 93.6 92.4 96.1 102.8 112.4 123.7 135.5 147 159.9 168.9 175.6 179.3 181.6 182.3 182.3 181.8 179.2 174.2 165.2 149.8 132.7 118.8 114.6 124.5 133.1 142.3 150.5 156.7 162.8 167.5 170.9 174.1 176.3 177.3 176.6 175.3 172.8 169.2 163.7 153.7 144 154.4 166.9 179 187.8 193.3 196.1 197 196.8 195.6 194.1 192.6 189.6 185.2 179 171.6 161.9 143.1 126.9 120.6 116.9 113.1 111.4 113.7 121.4 128.4 135.5 141.2 146.3 149.2 149.1 146 141.4 134.9 128.1 127.5 134.5 147.6 161.3 174.5 182.6
102.9 92 93.7 101.8 112.7 124.4 135.4 146.1 156 164.1 171.1 175.3 178.1 179.3 179.9 180 180.1 178.2 174.7 168.2 157.1 137.5 122 112.9 120 128.4 137.1 146.2 153.3 159.8 164.2 167.5 169.6 171.6 172.3 171.4 169.6 166.5 162.6 155.4 143.7 146.1 158.9 171.3 181.6 188 192.3 193.9 194.2 193.8 192.8 191.3 189.7 187.3 183.6 177.9 171.5 162.7 147.5 128.5 120.8 116.4 112.2 111 115 121.8 128.2 133.6 138.6 141.1 143.1 142.8 140.6 135.9 129.6 125.2 129.8 141.7 156.7 169.4 178.8 184.5
98.5 91.1 96.2 108.4 121.3 133 144.2 152.5 160.2 167 171.7 174.7 176.1 177.1 177.8 178.1 178.3 177 174.4 169.8 162.4 147.8 129.6 116.6 112.9 119.5 129.6 141.2 150.3 156.3 160.8 163.1 164.9 165.8 165.2 164.8 163.4 160.1 155 145.2 137.1 151.9 163.3 175.8 182.3 187.7 190.2 190.9 191.3 190.4 189.5 188.5 186.9 184.8 181.4 176 170.2 161.3 149.6 129.2 120.5 115.6 111.7 110.4 114.6 120.5 124.9 128.4 130.8 132 133.8 135 133.8 129.8 124.2 126.8 135.6 149.7 163.4 174.1 180.7 185.8
96.1 92.2 100.1 114.4 127 139.2 149.2 155.9 161 167.4 170.7 171.7 173.2 174.3 175.8 176.2 176.4 175.5 173.7 170.5 165 154.7 140.4 125.6 114.3 112.9 121 135.3 145.9 151.7 156.5 158.5 159.6 159.5 159 157.8 155.9 152.1 145.7 134.9 142.7 157.5 167.6 177.3 182.7 186.6 188 188.1 187.4 186.1 185.2 185.1 183.9 182.1 178.9 174.5 167.8 160.5 150.4 132.9 121.5 115.6 111.2 109.7 112.4 116.2 117.5 118.2 118.3 119.2 121.8 124.2 125.3 122.1 123.7 131.3 142.5 157.5 170.5 176.5 182 185.3
93.1 92.7 105.7 119.6 132.6 144.3 152.6 158.9 163.4 166.1 167.6 168.1 170.2 171.6 173.4 174 174.2 173.6 172.3 169.8 166.3 159.4 146.5 133.2 120.7 111 113.9 128.8 139.9 147.4 151.6 153.1 153.5 153.3 151.8 149.5 146.5 142.2 134.6 135.2 150.8 162.7 171.8 179 183.1 185.8 186 185.2 183.4 181.7 181 181.4 180.4 179.9 176.7 172.7 166.1 159.4 150.5 137.1 123.4 116.2 111.7 108.8 109.9 110.3 111.9 112.8 114.3 115.4 116.1 117.2 119.1 122.9 130.6 140.5 153.4 165.4 173.2 178.5 181.2 182.7
90.1 96.3 111.6 125 138.4 149.5 155.2 159.9 162.5 164.1 163.1 163.5 166 169 171.3 171.7 172 171.8 170.4 168.7 166 161.6 153.8 139.6 125.1 114.5 109.8 122.9 134.2 142 145.8 147 147.3 145.9 143.3 139.5 135.4 130.8 129.3 143.7 157.5 166.7 173.7 179.2 182.2 183.5 183.4 182.6 180.3 177.4 176.3 177.2 177.8 177.3 174.5 170.6 164.4 157.5 149.9 139.9 127.1 118.3 112.5 108.8 109.8 110.7 114.3 116.3 119.7 120 121.1 122.8 126.7 131.2 141.7 153.1 162.7 170.5 175.2 178.3 179.3 179.7
91.2 103 117.1 130.5 143.5 150.6 156 158.6 159.7 159.7 158 159.6 163.6 166.8 169.1 169.5 169.8 169.8 168.1 166.5 164.8 161.3 156.6 144.7 130 116.7 108.9 118.8 129.6 135.4 139.2 140.7 139.1 136.5 132.6 127.6 123.1 128.2 139.9 153.1 163.8 169.8 174 178.5 180.6 180.9 180 178.8 176.7 173.3 171.5 174 175.4 174.7 172.1 168.3 162.7 156.2 148.7 139.8 130.6 121.3 114.2 108.8 108.6 111.2 115.9 122.2 126.4 129.2 131.4 134.9 139.8 145.6 153.5 161.8 168.4 172.4 175.9 177.2 177.2 176.1
98.7 111.5 123.2 136 146.1 150.7 155.2 156.8 156.7 155.1 153.4 157.9 162 165 166.7 167.4 167.7 167.3 165.9 164.2 162.6 160.6 157.3 150.6 136.3 120.8 108.7 114 124.5 130.4 132.6 132.8 130.7 125.9 120.6 122.8 129.7 139.5 151.5 160.9 167.4 171.2 174.5 176.5 178.1 178 176.9 174.8 172.2 169.5 168.5 171.5 172.9 172.3 169.5 165.7 161.3 154.3 146.1 138.2 130.2 122.5 115.7 110.4 107.2 111.5 119.6 128 136.4 142.4 146.6 149.4 154.4 159.4 162.3 167.6 170.9 173.1 174.5 175.1 174.7 172.6
108.2 119.4 129.2 140.7 147 150.1 152.4 154.2 152.8 149.2 148.9 155.3 160.5 162.6 164.2 164.9 164.7 164.2 163.1 161.5 159.9 158.4 156.4 151.8 144.1 128.2 113.2 107 117.5 123.3 124.8 122.8 119.8 116.1 122.5 133 141.2 150.5 158.3 163.6 167.4 170.5 172.7 174.7 175.4 175.5 173.8 172 168.7 165.2 165.1 169.7 171.1 170.3 167.4 162.9 158.7 151.7 144 135 127.7 121.1 115.2 110.4 107 112.3 121.5 135.2 144 150 155.5 158.8 161.5 164.5 167.2 169.5 170.8 172.1 172.7 172.6 171.6 169.5
115.8 126 135.4 143.3 147 149.2 149.7 150.1 147.9 141.2 146.7 154.5 158.3 160.5 161.7 162.1 161.6 161 159.6 158 156.5 156 154.7 152.3 146.6 136.6 121 107.3 108.4 113.7 113.6 111.3 115.8 125.2 134.4 144.4 150.8 156.1 159.3 162.9 166 168.7 170.9 172.7 173.1 172.8 171.2 169 165.5 161 163.2 167.5 169 168.1 165.9 161.6 156.5 149.1 139.5 130.9 124.2 118.6 114 108.7 106.4 115 127.9 140.3 148.8 154.8 158.8 161.6 164 166.2 168 169.3 170 170.2 170.1 169.9 168.4 165.4
121.4 130.5 138.4 143.4 145.7 146.8 146.6 145 141 137.3 148.2 152.9 156.5 158.4 159.2 159.1 158.6 157.8 156 153.7 151.9 152.5 153.7 151.3 147.2 138.8 126.6 111.3 104.1 106.5 112.7 120.9 129.4 136.6 142.9 150.1 154 156.3 158.4 161.2 163.9 166.9 169 170.6 170.8 170.3 168.4 165.8 162.1 158.6 161.2 163.8 166.1 166 163.8 160.8 155.6 147.8 137.8 127.9 120.7 116.1 111.7 107.3 107.1 116.1 132.7 144.4 151.1 156.4 159.6 162.2 164.3 165.6 167.4 167.6 167.7 167.6 167.2 166.7 164.9 161.5
126.1 133.5 138.9 142.3 143.2 142.2 141.4 138.5 131.9 140.3 148.8 152.6 154.8 156.1 156.4 155.9 155.4 154.1 151.9 149.6 147.4 148.9 151.4 150.7 147 139.7 128.5 110.1 104.1 113.1 121.7 129.3 135.8 140.5 145.8 149.8 151.8 153.8 155 157.9 160.9 164.9 167.4 168.3 168.5 167.4 165.7 161.9 157.8 155.8 158.9 161.3 163.6 164.5 162.2 159.4 154.7 146.9 138.2 128.4 119 113.7 109.4 105.6 108.8 121.5 134.8 144.2 151 155.6 159.2 161.5 162.7 164.1 164.7 165 165 164.5 163.6 162.4 160.8 157.9
129.1 134.1 137.9 140.1 139.6 138.3 134.4 129.7 131.8 142 148 151 152.7 153.1 152.9 152.3 151.4 150.2 147.9 145.6 142.8 146.4 149.2 148.9 146.4 140.1 129.6 111 104.6 114.4 123.4 130.6 136.8 141.1 144.3 146 147.8 148.2 150.1 154.6 159.4 163.3 165.1 166.2 166.2 164.8 162.9 158.4 154 153.3 156.5 158.9 161.2 162.6 161 158 153.3 146.2 138.9 129.2 119.1 112.1 107.3 105.2 110.3 124.2 133.5 142.9 149.1 153.7 156.8 159.2 160.7 161.6 161.9 162.1 161.5 160.5 159.2 157.6 156.1 154.1
129 132.8 135.2 136.2 135.2 133.6 128 122.8 134.7 142.6 146.6 149.3 149.6 150 148.9 148.2 147.8 146.9 144.7 141.5 138.4 143.5 146.7 146.9 145.3 140.6 131.4 112.8 103 112.9 121.8 129 134.1 137.8 139.5 139.1 139.4 140.2 146.8 153.3 158 161.5 162.9 164.3 163.7 162.4 160.1 155.6 150.6 150.6 155 157.2 159.6 160.6 159.3 156.8 152.5 146.5 140.2 130 117.6 109.5 104.7 106.1 115.3 124.8 132.8 139.1 145.8 150.8 153.8 156.1 157.6 158.3 158.6 158.1 157.5 156.3 154.4 153 151.7 150
128.3 130.9 131.9 130.8 128.9 125.3 117.3 126.1 137 142.8 145.3 146.5 146.8 146.1 144.9 144.8 144.4 143 140.8 136.1 134.5 139.9 144.1 144.8 143.2 140 132.9 115.9 103 109.8 118.3 125.4 129.1 131.7 132.1 130.5 133.9 141.8 146.9 153.4 157.7 160.1 161.5 162.1 161.3 160.1 157.6 153.7 147.5 147.6 152.2 155.8 157.3 158.4 157.5 155.7 152 146.5 141.1 130.7 117.5 108.6 102.9 108.6 117.1 123.7 127.9 132.9 140.2 147.7 150.7 152.6 154.2 154.5 154.4 154 153.4 152 150.3 148.3 147.3 146
125.9 126.8 126.6 124.6 122.5 117.7 118 129.1 137.1 141.3 143 143.7 143.3 142.1 140.9 140.6 140.8 139 135.9 132.2 131.5 137.8 141.4 142.8 141.2 138.7 133.6 121.3 106 104.3 114.1 121.3 122.8 122.6 121.5 128 135.4 141.9 148.9 153.4 157.1 158.8 160.1 160.1 158.9 157.7 155.3 151.6 146.5 144.2 148.1 152.4 154.3 155.7 155.6 154.3 151.4 146.9 141.5 132.4 119.1 107.9 101.7 107.4 114.3 120.2 124.4 128.4 135.5 144.3 147.2 149.2 150.5 150.3 150.1 149.9 149.4 147.7 146.1 143.7 142.7 141.6
121.5 121.3 120.7 117.9 115.5 110.7 122.9 132 137.4 139.3 140.5 140 139.3 138 136.1 136.4 136.9 135.9 132.6 127.8 128.3 135.3 138.5 140.2 139.6 137.2 133.1 124.2 110.3 100.6 109.1 114.5 114 116.4 123.5 129.8 137.5 142.9 148.1 153.3 156.1 157.3 158.6 158.1 156.9 155.5 153.4 149.9 144.8 140.8 144.1 148.6 151.3 152.7 153.6 152.6 150.7 147 142.7 136.4 123.6 110.5 101.6 104.4 110.2 115.9 120.5 125.5 133.2 141.1 143.8 145.9 146.6 146.2 145.8 145.5 144.8 143.8 141.1 138.5 135.5 136.7
116.7 116 113.4 109.8 107.3 117.2 126.1 132.7 136.3 136.9 136.9 136.4 135 133.1 131.2 131.7 133 132.1 129.2 123.8 125.5 131.2 134.6 137.2 137.4 134.8 131.4 125.1 114.9 102.1 103.7 105.9 112.4 118.6 125.6 133.3 139.3 144.3 149.3 152.7 154.7 155.9 156.9 156.1 154.7 153.1 151.5 148.7 144.1 138.7 139.3 144.6 147.5 150 150.7 150.6 148.9 146.8 143.4 139.1 131.3 118.8 104 101.3 103.9 109.5 115.4 123.2 132.8 137.8 140.7 142.1 142.3 142 141.5 140.9 140.4 138.9 136.4 132.5 129.7 131.3
111.2 109.1 105.9 102 112.8 122.5 128.5 132 133.6 134 133.4 132.3 130.6 128.8 125.7 127.5 129.3 128.1 125.2 119.2 121.9 127.4 131 133.7 133.9 131.6 128.7 125.1 118.4 105.5 99.5 105.5 113.7 120.5 127.9 134.8 139.9 145.1 149.5 152.3 154.2 154.7 155 153.9 152.5 151 149.2 147.1 143 137.5 135.5 139.6 144.2 147.4 148 148.1 147.3 145.5 143 140.2 135.2 127.3 116.3 104.1 99.5 103.9 111.7 121.6 129.2 135 137.4 138.5 138 137 136.6 136.1 135.5 134.2 131.6 128.7 124.7 125.1
104.1 101.6 97.8 104.6 116.5 124.8 128.6 130 130.8 130.6 129.5 128.1 126.4 124.5 120.6 124 125.7 124.5 121.1 115.4 118.6 124.5 127.8 130.2 130.4 128.2 125.7 122.6 117 107.1 97.8 104.4 114 122.4 129.6 135.8 140.6 145.5 149.4 151.6 153.4 153.4 153.2 151.8 150.4 149 147 144.3 141.4 136.6 133.7 136.9 141.5 145.1 145.4 145.3 144.8 144.1 142 139.8 136.5 131 122.9 111 101 100.5 108.4 119.7 127.9 132.2 134.6 134.4 132.6 131.6 131.2 131.1 130 129.6 126.9 123.7 120.2 118.6
96.7 93.9 101.5 110.2 118.6 124.7 126.9 127.7 127.5 126.3 125.2 123.8 122.3 120.1 115.4 120.2 121.5 120.5 117.3 110.7 114 121.1 124.1 125.9 126.2 124.7 122.6 119.4 114.2 106.1 97.4 103.5 112.7 122.7 129.6 136.3 141.5 145.6 149 151.2 151.9 151.8 151 149.7 148.3 146.2 143.5 140.7 138.1 135.2 131.2 134 138.9 141.7 142.6 142.5 141.9 141.3 140.5 138.6 135.2 131.5 125.2 115 103.2 98.5 107.1 117.7 125.2 129.4 130.5 130.6 128.4 125.5 126.8 125.9 124.8 123.6 120.9 118 114.9 119.4
87.8 96.2 106.3 114.6 119.7 123.6 124.4 124.3 123.4 122.1 120.9 119.5 118.1 114.4 110.1 115.9 116.9 116.5 113.6 106.7 110.3 116.7 119.3 120.7 121.3 120.4 118.4 115.5 110.6 103 98.5 104.6 114.2 124.4 131.4 136.9 141.5 145.2 148.3 149.9 150.6 150 149.1 147.6 145.7 142.9 140 137.2 134.9 132.4 129.1 131.7 135.8 138.3 139.4 139.5 138.8 138.3 137.9 136.7 134.2 130.9 124.8 115 102.9 98.6 106.9 116.7 123.5 126.4 127.1 126.5 124.4 120.4 120.4 120.4 119.1 117.6 114.9 112.2 119.4 127.9
93.3 101.8 111.1 116.5 120.3 120.9 121 120.5 119.3 118 116.8 115.5 113.2 109.3 107.2 111.3 112.7 111.8 108.8 102.9 106.4 111.7 113.9 115 115.9 115.5 113.6 110.3 105.3 96.4 101.2 109 119.1 125.4 131.6 137.8 141.7 145.3 147.4 148.2 148.5 148.4 146.9 145.3 143.1 140 137.3 134 131.4 128.6 127.1 128.2 132.3 134.7 135.9 136.3 135.9 135.4 134.9 134.2 132.2 129.4 123.9 113.9 102.8 97.4 106.1 115.3 120.8 123 123.2 122.3 120.2 115.6 114.8 114.4 112.9 111.1 112.6 120.3 126.1 131.2
98.8 107.7 113.7 116.9 118.3 118.4 117.3 116.5 115.2 113.6 111.5 109.7 107.9 103.8 101.4 106.9 107.8 106.8 104.5 98.6 102.2 105.3 106.8 107.3 108.4 108.8 106.4 101.8 95 100.5 106.7 115.7 122.6 127.7 133.3 138.4 141.9 144.5 146.2 146.4 146.6 146 144.7 143.2 141.5 138 134.6 131.7 129.2 125.6 123.8 124 128.3 130.8 132.6 132.8 131.4 130.7 130.3 130.8 130.1 127.6 123.7 115.7 103.6 97.3 103.6 112.7 117.1 119.6 119.6 117.7 115.1 111.3 109.3 108.3 108.4 114.1 120.5 126.3 129.8 132.4
103.4 110.3 113.4 114.7 115.7 115.1 113.9 111.9 110.1 107.9 106.4 105.2 103.9 99.2 96.9 101.4 101.6 101 99.2 94.3 96.6 97 97.4 97.9 98.4 97.7 94.6 95.3 100.3 107.6 114.8 120.4 125.7 130.7 135.4 138.9 142.2 144 144.4 144.6 144.2 143.4 142.8 141.9 140.1 137.2 134.5 132.2 129.7 127.6 124.8 120.6 123.4 126.2 128.4 129.1 127.8 126.3 126.1 126.9 127.9 126.3 123.7 117.5 107 98.1 99.6 108.3 112.9 115.6 114.9 113 110 106.7 104.3 109 114.8 121.4 125.3 126.7 128 130.8
106.3 110.2 112 112.4 112.4 111.3 109.3 107.2 105.4 102.6 100.9 100.5 99.1 95.5 91.2 93.3 93 92.3 91.7 89.5 88.9 89 90.8 92.9 93.3 96 98.4 104.9 110.3 115.4 119.5 124 128.8 132.9 137.1 139.9 141.6 142.3 142.5 142.4 141.4 140.5 140.3 139.9 139.4 137.5 135.8 133.9 131.6 130.3 128.9 123.8 120.1 121.7 123.7 125.4 124.3 122.6 122.6 123.7 124.8 123.7 122.2 119.3 110.3 99.9 94.9 101.9 108 110.5 110.6 108.6 104.9 104.2 109.8 115.2 119.7 123.3 124.9 126.3 126.5 127.5
107.2 108.8 109.5 109.3 108.3 106.9 104.9 102.5 99.7 96.6 94.7 92.2 90.8 88.8 86.5 85.2 87 89.4 91.4 94.6 97.7 101.6 104.9 105.6 106 107.4 111.5 114.1 116.6 119.5 122.9 127.6 132.1 135.8 138 140.3 141.1 141.2 140.8 139.3 138.4 137.4 137.6 138.4 138.1 137.2 136 134.7 132.9 131.2 129.3 125.7 120.1 117.4 119.5 121.5 120.7 118.9 118.7 120.4 121.3 121.5 120.9 118.7 114 104.4 96.7 96.5 102 105.2 104.7 101.1 105.2 109.6 113.8 118.2 121 122.3 123.1 123.2 122.4 125.5
106.2 106.9 106.3 105.7 104.1 102.4 100.1 97.2 94.1 90.6 87.7 85.3 83.7 85 89.3 94 98.5 102.3 105.6 108.5 110.4 112.7 113.9 114.7 115.6 116.7 118.1 119.2 120.6 123.1 126.9 131.3 134.7 137.5 140 140.8 141 140 137.7 136.3 135.2 134.4 135.6 136.5 136.5 136.2 135.1 133.7 131.9 129.4 126.9 124.2 120 115.3 115.5 117.8 116.9 115.5 114.6 116.2 117.7 118.4 118.4 117.1 114.9 108.9 100 94.4 97.2 100 99.3 104.3 108.5 112.9 115.9 118 118.8 119 118.5 119.5 123 127.1
104.3 103.3 102.7 101.6 99.6 97.3 94.4 91.4 87.9 83.8 80.7 84.3 90.1 97.1 102.6 105.8 108.7 110.3 110.6 112.3 113.6 114.8 115.6 116.5 117.7 118.9 120.2 121.2 122.8 126.8 130.6 134.8 136.9 139.4 140.4 140.5 139.6 137.5 135.4 133.3 132.1 132.2 133.8 134.8 134.9 134.7 134.2 132.8 130.6 126.8 123.9 121.4 118.5 113.7 111.7 114.1 113.7 111.8 110.4 112 113.3 114.2 114.9 115 113.5 109.8 102.9 94.6 94.5 95.9 101.4 106.5 110 113.1 114.1 114.9 114.5 113.8 115.9 120.3 124.6 128.8
101.7 100.7 99 96.9 94.5 91.1 87.5 84 80.1 81.5 90.6 97.3 102.8 105.9 107.5 108.3 109.7 110.7 111.6 112.4 113.4 114.1 114.1 115.7 116.9 117.8 119.6 122.3 125.4 130.2 134.4 137.7 139.7 140.8 140.6 138.9 137.5 134.5 132.4 130.4 129 129.9 131.4 132.3 133.1 133.1 132.9 131.5 129.4 125.5 121.7 119 116.5 113.1 109.1 109.8 110.2 108.3 106.3 107.3 107.9 109.6 111 112.2 111.6 109.6 104.9 96.4 93 95.4 102.2 106.8 109.1 110.1 109.8 109.1 110.2 114.1 118.4 122.4 126.7 129.7
98.2 96.4 94.3 92 88.8 84.9 81.2 78.3 84.3 94.6 99.8 104 105.5 106.4 107.2 107.9 108.5 109.2 109.7 110.2 111.1 112.1 113 113.7 114.4 116 118.6 122.4 128.4 133.5 137.8 139.9 140.8 141 139.5 137.3 134.7 131.7 129.4 127.5 126.1 127.5 128.8 129.7 130.9 131.3 131.5 131.2 128.7 125.6 121.7 118.1 114.8 111.6 108.9 107.4 106 104.9 104.1 102.1 101.6 102.9 105.9 108.2 109.4 108.1 105.1 98.3 92.3 94.4 101.3 104.2 105 104.1 105 108.8 112.7 116.7 120.9 124.2 127.4 129.6
94.4 92.4 89.8 86.5 82.9 79.6 79.1 86.9 94.6 99.1 101.8 103.2 104.4 105.1 105.6 106.8 107.1 107.3 107.6 107.9 108.8 109.5 109.9 110.7 111.6 113.8 117.7 124.3 132 137.1 140.3 142.1 141.7 140.5 137.8 134.7 131.6 128.8 126.6 125 123.3 125 126 127 128.4 129.8 130.4 130.6 128.8 126.9 123.9 120.7 117.6 114.4 112.1 109.9 107.7 106.9 105.6 104.3 102.5 99.9 99.1 104 106.8 106.9 105.1 99.8 92.6 92.8 97.8 99.2 98.9 103 107.5 111.7 115.5 118.9 121.7 124.7 127.8 129.8
90 87.2 84.1 80.5 77.7 79.4 87.8 93.8 96.7 99.3 99.3 100.6 101.9 103 103.5 104.1 104.8 104.6 105 105.4 105.1 105.7 106.4 107.1 108.6 112.6 119.6 128.3 135.4 139.6 142.1 142.8 141.8 139.4 135.9 132.7 128.5 126.1 123.8 122 120.1 121.7 123.1 124.1 125.8 128.1 129.4 129.8 129.3 128.3 126.1 123.7 121.1 118.2 115.9 113.2 110.8 109 108 107 105.4 102.3 98.4 96.6 102.2 104.5 104.4 100.1 93.8 91.3 93.5 96.6 100.6 105 109.7 113.4 116.2 119.1 122.2 125.1 127.3 128.8
