public/OST50/SU91.asc
ncols 200
nrows 200
xllcorner 490000
yllcorner 110000
cellsize 50
[rows 36 to 71 of 200, columns 81 to 161 of 200]
38.8 38.2 37.6 38.2 39.8 41.1 40.9 38.7 36.1 36.8 38.8 39.4 40.2 39.4 37.8 41.9 46.3 45 43.3 41.5 39.7 37.8 36.9 36.5 34.5 33 31.6 30.8 30.5 30.3 29.9 29.6 29.3 28.8 28.4 28.2 27.2 26.1 24.6 24.7 25.3 25.9 27.6 27.2 25.7 24.9 25.2 27.9 26.7 27.6 29.9 33.6 37.6 37 35.4 30.1 30.8 28.3 25.9 25.5 24.8 25.5 25.5 26.3 27.7 27.8 29 31.1 35 35.1 33 29 24.6 21.6 18.4 15.3 15.1 14.6 11 10.5 17.6
40 39.4 38.3 38 38.2 36.9 36.1 35.5 35.6 39 41.8 42.7 42.8 41.2 40.4 43.5 45.7 44.1 42.6 40.9 39.1 37.2 36.8 36.8 33.9 32.5 31.5 31.1 30.8 30.6 30.3 29.7 29.6 29.2 28.5 27.6 25.7 25.4 27.2 27.2 27.9 28.7 29 29.8 28.1 25.9 26.8 28 27.7 29.2 31.7 35.9 37.8 36.6 32.8 29.4 28.8 26.6 23.7 21.5 22.4 22.9 22.5 23.9 25.3 25.7 27.5 30.9 34.6 34 29.8 26.2 23 20.9 18.9 17.2 16.5 12.1 10.5 13.3 19.4
42.1 40.6 39.8 39.4 39.4 38.4 36.1 35.6 36.3 41.6 43.8 44.3 44.5 44.2 43.7 45.8 44.6 43.1 41.7 40.1 38.5 36.7 36.5 35.8 33.9 32.5 31.9 31.5 31.2 30.9 30 29.7 28.9 28.2 27.4 25.7 25.6 26.2 27.7 29 29.6 29.2 28.9 29.4 28.5 26.7 29 28.8 29.8 32 35.4 37.5 37.6 34 29.7 27.2 26.2 25.4 22.1 20.8 20.5 20.6 20.5 21.1 22 23.5 27.2 32.4 36.6 33.9 29 26.1 23.2 21.5 19.6 16.8 13 10.3 11.1 17 22.9
43.5 42.1 41.9 42 41.1 41 38.8 36.2 36.7 41.4 44.6 45 45.2 45.3 45.5 45.7 43.4 42.5 40.7 39.2 37.6 36.1 36.5 35.1 33.7 32.5 32.2 31.9 31.4 30.3 29.3 28.4 27.6 26.8 26.2 26.3 26.9 27.6 28.8 29.5 29.7 29.3 28.6 28.6 27.6 28.3 30.7 30.6 33.4 37.1 39.2 38.2 35.1 29.7 26.8 25.1 24.4 24.8 23.1 21.5 19.6 19.2 20 22.5 21.7 23.9 27 28.2 34.7 31.5 28.2 25.6 23 21.5 18.8 13.6 15.7 12 10.9 20.6 26.9
46.4 45.2 45 43.9 42.4 41.5 39.5 36.9 36.5 39.6 43.2 43.6 44.5 45.3 46.1 45.5 44.4 42.7 40 38.6 37.2 36.1 37 34.7 33.3 32.4 32.3 31.6 30.3 29.5 28.9 28 27.3 26.9 27.2 27.4 28.1 28.9 29.6 30 29.7 29.4 28.9 29.1 28.7 30.4 32.4 34.5 39.9 40.3 39.6 35.7 30.7 27.3 25.2 23 22.6 23.1 23.1 20.9 19.6 20.1 19.4 20.8 21.6 23 23.9 21.8 22.9 23.7 25.4 24.4 22.2 20.1 17 13.6 13.6 13.6 15.2 21.9 27.3
49 48.2 47.1 45.4 42.3 40.7 39 36.8 36.4 39 40.1 40.7 42.1 43.5 44.8 44.5 43.6 41.7 39.6 38.1 36.8 36.9 36.7 34.8 33.6 32.4 31.9 30.9 30.1 29.7 28.6 28.1 27.7 28.2 28.4 28.6 29.3 30.1 31.1 30.4 30.2 30.4 30.4 31 30.6 33.3 34.1 38.6 42.4 41.3 37.1 31.8 28.3 25.4 24 23.5 21.4 21.9 21.6 20.7 20.1 20 19.7 19.6 20.9 21.3 20.3 18.5 17.7 18.4 21.3 21.8 20.6 19.6 14.7 13.6 13.6 13.6 13.6 20.1 24.4
48.8 46.9 44.7 43.2 41.7 39.5 37.8 36.8 36.4 37.3 37.9 39.3 40.5 41.3 42.8 43.1 42.6 40.7 38.6 37.5 37.1 38.3 36.4 35.4 34.5 33 32 31.1 30.2 29.7 28.6 28.5 29.1 29.5 29.7 30.2 30.4 30.4 31.7 31.5 31.2 31.1 31.4 31.6 32.8 34.6 36 42.1 43.2 39.8 34.8 30.3 26.3 23.6 21.8 21.6 22.1 21.5 21 20.7 20.2 21.3 20.3 18.8 18.4 18.3 17.5 16.9 16.8 17 20.4 21.1 20.5 16.1 13.6 13.6 13.6 13.6 13.6 15.1 17.3
47.8 45.6 43.4 41 39.6 38.1 37.8 37.5 36.9 37 37.5 38.5 39.9 41.6 42.7 43 41.3 39.6 38.1 37.8 38.7 38.1 36.5 35.8 35.3 34.9 33.2 31.5 30.4 29.6 29.6 30.5 30.7 30.9 31.3 31.7 31 30.9 31.9 32 31.9 32.2 33.4 33.9 35 35.4 40.6 42.7 42.4 38.6 33.4 29.5 26.4 24.5 22.8 21.4 21.7 19.9 19.1 21.4 22.5 22.5 20 18.4 17.9 18.1 17.9 17.9 17.3 16.8 17.5 19.4 15.7 13.6 13.6 13.6 13.6 13.6 13.6 16.6 16.9
47 44.6 43.2 41.5 39.2 39.1 38.8 38 37.4 37.9 38 39.2 40.8 41.9 42.9 41.7 40.5 39.3 38.8 39.3 39.6 37.7 36.9 36.2 35.4 35.3 34.3 33.4 31.4 30 31.3 33.2 33.9 34.3 33.3 33 31.8 31.9 32.6 34.2 33.4 35.1 36.5 37.9 35.9 38.8 42.9 41.8 40 37.2 33 29.9 27.3 25.7 24 22.5 21.1 20.8 20.7 21.7 20.8 20.5 18.3 18.1 17.7 19.5 20.1 19.7 17.8 15.6 13.6 14.9 13.6 13.6 13.6 17.3 14.7 13.6 13.6 17.3 19.2
45.2 44.3 42.5 41.4 40.6 40.2 39.7 38.3 38.3 39.3 38.7 40 41.5 42.4 42.5 41.9 40.7 39.5 38.7 39.4 38.7 37 36.6 36.2 35.8 35.3 33.2 34 31.7 31 34.6 36.9 37.2 37.1 36.4 36.6 35.9 35.8 37.1 39.1 38.6 40.5 42.6 42.2 43.6 42.9 40.8 40.1 37.9 35.4 33.3 31 29.2 27.2 25.2 23.7 23 22.5 22.2 20.9 19.8 18.7 18.9 20 20.8 20.3 21.8 21 19.1 17.8 14 13.6 13.6 13.8 19.3 18.1 16.9 14.1 13.6 16.3 18.4
42.1 42.2 43.9 44.1 42.4 42.5 41.6 39 39.2 39.7 40.2 40.8 42.3 43 42 41.5 41 39.8 39.1 39 38.3 35.7 35.9 35.5 35 34.8 33.1 33.3 31.8 31.4 35.2 36 36.5 37.4 37.8 38.6 39.8 40.7 42.7 43.4 44 44.2 44.2 43.3 41.9 40.3 38.9 39.7 36.7 34 33 31.7 30.1 28.2 26.6 25.1 24.6 24 22.2 19.7 18.2 18.1 20.3 22 22.2 22.3 21.5 20 19.3 17.2 13.6 13.6 13.7 21 20.7 18.8 18.4 15.7 13.6 14.6 16.3
43.3 43.2 43.7 44.8 43.9 43.2 42.4 41.4 40.7 38.9 39.9 41.7 43.1 42.6 41.5 41.4 41.3 40.6 39.8 40.1 38.8 35.3 35.8 35.3 34.3 34 32.9 32.5 31.7 31.4 33 34.7 36 36.5 37.3 38.7 40.8 43.1 45.1 45.1 45.1 44.9 43.5 41.7 39 36.8 35.3 35.7 34.4 32.7 32.1 31.9 29.7 28.6 27.6 26.4 26.3 24.5 21.6 18.7 18.9 19.8 21.7 24.2 23.5 21.6 19.8 18.8 17.7 13.6 13.6 13.6 17.2 23.2 21.9 19.8 18.8 16.9 15.5 16 16.4
45.1 44.9 44.5 44 42.9 42.5 41.1 41.3 40.3 38.2 40 41.8 42.6 42.2 41.6 41.9 42 41.3 40.5 41 38.6 36.5 35.6 35.7 34.7 34 33.8 32.7 31.6 32.2 33.8 35.1 36.9 37.6 38.5 40.2 42.8 45.5 44.8 46.5 45.4 43.4 41.5 39.4 36.4 33.9 32.2 33.2 31.8 30.4 30.3 29.4 28.9 27.4 27.6 27.9 27.5 24.3 21.6 20.6 20.3 21.9 22.9 22.9 22.4 20.5 18.5 16.2 14.1 13.6 14.3 18.8 22.4 24.2 22.6 20.4 19.2 17.5 16.4 16.4 16.6
46.9 46.5 46 45.2 43.1 41.3 39.9 41 40.2 39.1 39.4 41.1 41.6 41.6 41.6 42.2 42.7 41.9 41.3 41.6 38.7 37.1 36.6 36.1 35.2 34.5 33.7 32.6 32.8 34.2 35.5 36.8 38.2 39.1 40.3 42.9 44.8 46.8 45.8 43.7 41.7 39.4 38.5 36.5 34 32.2 30.5 30.5 30.1 28.5 27.6 27 26.8 25.9 25.7 25.8 23.9 22.2 21 21.2 21.4 21.7 21.1 21.5 19.8 18.8 17 14.2 13.6 15.2 16.9 22 24.6 24.7 23.2 21.6 20 18 16.9 18.4 20.6
48.4 47.8 46.8 45.1 43.3 41.3 42.2 42.4 40.9 40 38.8 40 40.6 41 42.2 42.9 43.2 42.5 42.1 41.7 38.4 37.6 37 36.5 35.7 35 34.8 34.4 34.3 35.9 37.5 39 40.7 42.5 44.5 45.7 46.5 45 43.1 40.7 38.8 36.3 35 35 32.3 30.8 29.7 28.7 28.1 28.1 28 27.4 26.9 26.4 26 26.7 23.1 22.6 22.2 22 22.1 21.4 20.2 18.9 17.2 17.3 14.9 13.6 15.3 16.6 19.1 24.1 25.8 24.8 23.1 21.5 20.2 18.7 17.4 18.7 21.8
48.9 48 46.4 44.5 42.8 41.8 44.1 43.5 42.2 41.1 39.4 40.1 40.4 41.1 42.5 43.8 43.7 43.1 42.9 41.7 39 38.2 37.3 36.8 36.3 35.6 35.9 37 37.1 38.2 40.3 42.6 44.9 46.4 46.8 45.3 43.9 42.3 40.7 38.6 36.4 36.2 34.9 33.6 32.2 30.6 30.4 29.2 28.9 29 28.6 28.5 28.5 27.5 26.7 26.2 25.2 24.5 23.9 23.6 23.1 22 19.6 19 19 18 13.6 15.8 17.1 17.7 19.1 25.9 26.8 25.5 22.9 21.3 20 18.4 17.3 18.3 17.8
49.3 47.9 46 43.9 42.4 42.6 43.9 45.2 43.4 42.2 40.3 40.6 41 41.4 42.4 44.6 44.3 44 43.7 42.1 39.4 38.7 37.9 37.2 36.9 36.1 38 39.6 40 41 43.8 47.1 48.3 47.1 45.2 43.2 41.3 39.6 37.5 36.4 36 35 34.4 33.5 33.4 32.9 32.3 30.3 29.9 29.9 29.7 29.8 29.6 28.8 28.5 27.1 26.7 25.7 25.1 24.6 24.1 22.3 19 19 19 19 19.1 18.9 20.3 21 23.7 27.5 27.1 25.7 23.2 21 18.9 16.9 17.6 17.4 17.6
48.5 46.8 45.2 43.6 42.3 43.2 45.6 45.7 45.2 43.6 41.5 41.3 41.6 42.1 43.6 45.4 45.7 45.5 44.3 41.3 39.9 39.1 38.4 37.5 36.9 37.8 39.9 42.1 43.7 45.4 47.8 50.3 48 44.9 43.3 40.9 38.9 37.3 35.8 35.9 36.1 34.8 33.7 34.4 34.3 33.7 32.3 30.8 30.3 30.1 30.1 29.8 29.6 29.8 29 27.8 27.3 24 23.4 23.9 23.6 19 19 19 19 19 21.6 21.5 25.2 26.8 28 29.2 28.2 26 23 21 18.7 18.1 18.8 18.4 16.9
46.9 45.6 44.2 43.4 42.4 44.4 46.4 46.9 46.6 45.9 44.2 42.8 42.9 43.3 45.2 46 46.2 45.4 44.6 42.9 41.3 40.2 38.5 37.9 39.7 40.9 42.3 45.4 48.1 49.5 49.5 48.7 46.9 44.6 40.4 38.8 37.2 36.4 35.6 36.4 35 34 33.7 34.3 33.7 32.7 31.6 29.8 29.1 28.7 28.7 28.6 28.4 28.1 27.5 26.6 24.2 19.6 19.8 19 19 19 19 19 19 19 24.6 26.1 27.6 29.7 31.4 28.8 28.2 26.5 25.2 20.2 19 19.5 20.7 19.6 18.2
45.9 44.6 44.7 44.3 44.1 46.5 47.1 47.6 47.8 48 46.6 45.3 44.5 45.2 46.4 45.9 45.4 44.4 43.2 42.6 42 41.1 38.6 40.1 42.3 45 47.9 50.3 51 50.4 47.4 46 44.5 43.3 40.8 37.8 36.2 35.5 35.6 36.3 34.8 33.7 32.6 32.7 32.3 31.3 30.4 28.3 27.6 27.2 26.5 26 25.4 24.1 21.4 19.5 19 19 19 19 19 19.1 19 19 22.7 23.7 23.8 26.3 28 30.3 31.6 29.3 28.3 28.8 22.5 20.5 20.4 20.4 20.9 20.1 19.2
47 46 46.3 46.9 47 47.3 47.9 48.4 49.4 50 48.8 47 47 46.2 47.1 45.7 44.5 43.7 43.3 41.6 40.7 40.1 39.5 42.5 46.8 49.6 51.6 52.2 50.1 48.3 45.5 43.3 42.2 41.3 39.6 37.1 36.1 35.3 34.7 35.9 34.8 33.8 32.6 30.9 29.9 28 27.8 26.6 26 25.9 26 22.6 19.6 18.6 18.9 18.9 19.8 19 19 20.4 22.5 21.4 19 19 19.3 22.1 22.7 24.9 27 29.9 30.8 29.6 27.6 25.9 23 22.4 21.7 21.4 20.7 19.6 18.8
50.1 49.3 49 48.7 48.5 48.4 49.1 50.1 50.7 50.6 50.3 49.1 48.1 47.9 47 45.3 44.2 44.8 43.2 41.7 40.8 40.2 41 45.8 50.3 53.1 53.8 52.7 49.3 46.2 44.1 42.1 40.5 39 37.8 36.8 35.7 34.8 33.6 34.2 33.9 33 31.5 30.2 28.9 26 25.7 24.7 23.2 24 19.6 19 19 21.5 21.5 22.5 21.5 20 19 22.7 22.6 22.6 19.8 21.1 22.2 21.2 21.6 23.1 25.3 29 30.9 29 26.4 23.7 25.7 24.7 23 21 19.5 18.2 17.3
54.5 52.9 51.1 50.8 50 49.9 50.9 51 51.2 50.9 50.8 49.2 48 47.4 46.3 45.4 44.3 45.2 43.5 42.2 41.1 40.8 42.6 47.7 51.9 54 53.6 51 47.3 45.3 43.4 41.5 40.1 39 37.8 36.1 34.8 33.9 33 31.7 31.6 31.4 30.4 29.4 28.4 27.6 26.7 25.6 23.2 22.8 21.6 21.3 22.9 23.9 23.8 23.2 21.4 19.4 21.4 23.2 22.9 22 22.4 23.2 23.2 21.6 22.4 24.6 26.2 29.2 31.2 29.8 29.5 28.7 28.2 26.6 24.9 22 19.7 17.8 16.7
59.5 56.9 55.9 55.1 53.3 52.3 51.2 51.8 52 51.5 50 49.6 48.8 47.9 47.2 46.4 45.4 45.2 44.7 42.9 41.8 42 45.5 50.2 53.1 53.6 52.7 50.3 47.3 45.1 42.9 40.9 39.3 38.4 37.1 35.5 34 33 30.8 29.9 29.2 30.3 29.3 28.5 27.6 26.2 25.7 25.3 23.4 23.6 24.9 23.5 24.7 24.3 23.9 23.8 22.2 19.8 21.2 23.3 23.7 23.5 23.6 24.2 24.5 24.1 24.8 26.3 27.9 30.6 31.5 30.7 29.3 28.8 28.4 26.6 26.1 23.7 20.5 18.9 17.3
65.2 63.4 61.1 58.9 57 54.9 53.4 53.8 53.4 52.7 50.6 50.4 48.8 47.6 48.7 48.3 46.9 46.5 45.8 43.1 42.7 43.4 47.3 51 52.9 52.7 50 48.6 46.8 44.9 42.9 40.6 38.5 37.2 35.7 34.6 33 30.9 31.3 31.4 29.3 29.3 28.1 27.1 26.1 25.7 25.4 23.8 24.8 26.6 26.4 25.3 25.4 25 24.6 24.2 22.7 21.3 23.2 24.5 24.9 24.9 25 25.9 26.5 26.7 26.7 28.5 30.1 31.3 30.9 30.7 28.5 27.8 26.9 26.4 26 25.3 22.6 19.7 18
66.3 65.8 64.6 62.4 60.7 58.9 56.7 54.5 53.7 52.9 52 50.1 49.1 47.9 49.6 49 46.3 45.9 45.5 43.9 44.4 44.7 48.2 50.1 51.5 50.9 48.1 45.7 44.4 43.6 42.4 40.4 38.5 36.4 35.4 34.3 33.3 30.5 28.3 28.2 28.8 27.9 26.5 25.1 24.7 25.8 25.8 25.8 27.1 28.2 27.7 26.3 26.1 25.5 24.3 23.3 22 22.8 24.8 25.5 25.9 26.3 26.6 27.9 28.3 27.9 28.9 30.6 31.8 31.4 30.8 30.3 27.6 26.4 25.4 25.9 25.5 25.3 24.5 22.8 19.5
65.5 65.4 65.1 63.9 62.7 60.9 59.1 56.8 54.5 53.1 51.6 50.6 49.8 49.2 51.7 50.3 48.8 48.2 47.4 46 47.1 47 47.9 49.7 50.2 49.2 47 45.3 43.9 42.7 39.6 37 35.8 34.6 32.8 31.5 31.4 30.5 29.3 28.4 25.2 25.6 25.4 26.4 26.2 26.2 26.5 26.5 28.5 28.1 28.2 26.7 26.2 25.2 24.2 23.1 22.3 24.5 25.4 26.3 27.1 27.5 28.5 29.7 30.1 30.6 31.2 32 32.1 31.8 30.7 28.6 27 25.5 24.6 24.7 25.3 25 24.5 23.6 21.4
64 63.9 63 62.8 62.2 60.7 59.5 57.2 54.5 52.7 51.9 50.9 51 53.5 56 55.8 54.2 53.3 52.4 50.4 49.9 49.3 48.8 49.4 49.5 48.2 46.7 45.3 43.6 40 35.9 33.4 33 34.6 33.5 32.7 33.2 32.4 30.8 28.8 27.2 29.4 27.7 26.2 26.2 26.8 26.5 26.5 27.6 27.6 28.3 26.7 26.3 25.6 24.6 23.6 23.7 25.4 25.8 26.8 28 28.7 30.3 32.8 33.6 33.4 32.4 31.9 31.6 30.8 28.9 28.1 26.6 25.3 24.3 23.9 23.7 23.9 23.7 23.2 22.6
63 62.3 61.3 61.2 60.9 58.9 57.6 56.4 54.4 55.1 54.7 53.2 55 58.1 58.8 59 58.8 57.6 56.4 55.2 53.5 52.4 51.1 50.3 49 48 46.1 43.9 39.8 35 37.1 40.3 41.7 39.7 38.9 37.2 35.9 33 31.4 31.6 30.9 31.9 32.7 31.1 30 29.6 26.5 26.5 27.6 27.6 28.9 27.6 26.8 25.9 25 24.6 25.1 26.3 26.7 27 27.8 29 31.5 34.3 35 33.7 31.9 31.2 29.9 28.5 28.1 28.5 26.6 25.1 24.7 23.8 23.7 23.2 22.3 22.5 20.3
62.8 61.4 61 60.9 60.1 57.5 57.4 56.2 55.7 56.6 57.1 55.6 55.3 58.3 58.2 58.9 59.5 59 59 58.2 57.1 56 54.4 52.8 51.7 49.6 46.7 41.7 35.4 41.5 47.2 47 46.6 46.5 45.4 42.2 37.7 33.9 35.3 36.9 36.9 36.1 36.3 36.5 36.9 37 35 32.4 31.6 30.1 29.9 30.6 29.5 27.6 26.9 26 26.1 27.4 27.8 28.1 28.4 28.8 30.5 32.5 33.5 32.1 29.9 29.6 28.4 28 27.9 28.4 26.4 25.6 25.1 24.2 23.6 22.9 22.3 22.3 21.3
62.8 61.2 60.6 59.3 58.2 58.1 58 58 58.6 59.1 57.8 57 55 55.8 57.1 57.7 58.5 59.4 59.9 59.7 58.7 57.4 56.3 55.1 54.5 51.6 48.8 41.9 44.6 49.8 49.9 50.4 50.7 50.2 49 45 37.3 41.7 45.3 45.2 44.9 44.3 44.4 43.5 42.5 41.6 38.9 35.1 33.7 31.6 31.6 34.2 34.1 31.9 30.7 28.8 28.2 28.5 29.4 29.7 30.3 30.2 30.2 31.2 31.2 29.7 29.1 28.5 28.1 27.8 27.7 28.4 26.8 26.2 25.5 24.6 23.7 22.7 21.8 21.3 20.3
65.2 64.1 61.2 60 60.2 60.9 62 61.1 61.2 60.3 59.2 57.7 55.1 55.2 55.9 56.2 56.7 58.5 59.7 59.3 58.1 57 55.9 55 55.1 52.9 49.6 42.4 47.1 50.6 51.4 52.5 53 52.8 51.4 43.8 39 48.7 51.3 51.7 51.8 51.3 50.8 50.2 49.5 45.1 38.9 35.6 31.6 32.2 37.8 41.5 41.6 38.7 36.9 34.6 32.9 31.4 31 31.5 31.6 31.5 30.7 30.6 29.7 28.7 28.4 28 27.6 27.3 27.4 28.3 27.2 26.6 25.8 25 23.7 22.1 20.3 18.7 17.4
67.8 66.2 63.2 61.7 61.9 62.4 63.8 63.4 63.2 61.6 59.8 58.1 55.8 55.8 55.9 55.8 56.5 57.9 59.4 58.8 58.2 57.3 55.9 54.4 54.1 52.1 49.3 46 48.9 50.3 51.7 52 52.2 52.5 51.3 45 42.6 51.6 53.6 54.3 54.3 54.2 53.3 53.3 53.3 45.9 35.7 36.8 37.4 39.1 44.4 48.7 49.5 47.3 44.5 41.2 38.6 36 34.6 33.9 33.2 32.2 31.3 30.2 28.9 27.4 26.4 26.4 26 26 26.1 26.1 26.2 26.4 25.5 24.1 22.6 19.7 17.4 15.6 16.2
72.6 68.3 65.4 63.2 63.2 64.8 65.8 65.5 64.6 63.1 61.3 58.5 56.6 56.4 56.5 56.6 56.7 56.9 59.1 59.8 59.1 57.6 56.1 53.6 52.3 50.6 48.3 46.7 47.8 48.7 49.8 50.7 51 51.3 51.1 46.4 45.4 52.4 52.7 53.4 53.4 54.1 54.5 54.1 53.2 48.1 38.7 48.7 45.9 46.3 50.6 54.6 55.6 53.7 51.3 48.1 44.6 40.5 38 36.4 34.8 33.7 32.9 31 28.3 26.9 25.3 21.5 20.9 21.1 23 22 21.8 22.3 21.2 19.9 18.9 17.2 17.9 19.7 20.9
77.2 71.4 66.8 65.1 65.3 67.4 68.1 67.9 66.3 63.7 61.2 58.8 57.8 57.2 57.1 57.2 57 57.3 58.8 59.8 58.7 57.7 55.2 52.4 50.3 49.1 46.7 45.6 46.1 47.2 47.4 48.6 49.5 49.8 49 49 47.8 50.1 50 51.2 52.3 53 52.7 52.1 51.1 48.8 46.8 52.1 50.6 52.6 54.4 57.7 59.1 57.7 55.8 53.3 50 45.5 42.2 39 36.6 34 32.5 30.7 30.6 30.1 29.2 28.7 27.4 25.3 24.1 21.5 20.7 19.7 18.8 19.4 20.2 21 22.3 22.4 20.8
77.5 71.8 67.7 66.2 67.1 69.2 70.2 69.6 67.4 65 62.7 61.6 59.5 58.7 59.3 58.3 58.1 59 60.8 60.7 59.9 57.9 53.8 50.9 48.7 47.7 46.5 46.3 46.2 46.2 46.2 47.2 48.1 48.4 47.8 48.4 48.8 48.9 50.8 52 52.4 52.9 53.2 52.7 51.7 50 52.3 55.5 54.5 54.9 56.1 58.1 59.7 59 58.3 56.3 53.3 49.5 45.5 41.7 37.5 34.2 31.1 33 34.4 34.9 35 34.3 31.9 28.4 27.1 26 24 22.9 22.1 22 23.3 23.9 24 22.3 20.4
