public/OST50/SU91.asc
ncols 200
nrows 200
xllcorner 490000
yllcorner 110000
cellsize 50
[rows 0 to 35 of 200, columns 81 to 161 of 200]
43.6 41.4 33.4 30 27.8 26.7 26.3 29.7 27.7 24.3 21.8 19.4 17.7 16.1 13.9 18.6 18.5 16.6 16.3 15.8 15.8 15.9 14.6 15 16.1 15.6 15 13.4 11.9 10.6 10.9 10.6 11.1 12.6 13.8 14.3 14 13.4 14.3 13.2 12.3 11.8 9.6 9 9.4 10.5 12.6 15.2 19.6 19.5 18.7 19.2 16.2 16 15.1 14.2 13.2 12.6 11.5 10 8.9 13.2 24.4 21.9 21.1 20.6 19.6 20.4 20.1 20.7 21.6 22 23.2 20.9 18.9 16.8 17.4 16.9 17.1 17.2 17
41.4 33.1 31.9 32.9 32 30.5 30 34.2 33.1 28.3 25.2 22.6 19.4 16.8 14.1 18.9 19.6 16.9 16.5 16.2 15.6 15 14.9 14.7 15.4 15 14.4 13.1 12.9 11.1 10.7 10.6 9.5 11.5 12 12.9 12.9 12.8 12.7 11.3 10.3 10.4 9.3 9.2 9.8 11.8 13.9 15.9 19.9 21 20.1 19.1 17.5 16.2 15.3 14.4 13.3 12.4 11.7 9.4 9.1 12.3 23.4 20.6 19.7 19.5 19 18.5 18.4 18.6 19 19.3 18.9 18.2 17.5 17.3 16.9 16.4 15.7 15.3 15
38 36.2 37.7 39.5 38.3 35.8 33.6 38.3 37.4 32.9 28.7 24 20.9 16.8 14.2 17.9 21 18 17.6 17.2 16.8 17 17.2 15.8 14.8 14.6 14 13.7 13.9 11.8 10.9 10.2 10.8 10.3 10.9 12.2 12.3 12.3 11.9 10.8 10.4 9.6 9.4 9.7 10 14.2 15.6 16.6 19.8 21.8 21.6 20.2 18 16.4 15.5 14.5 13.6 12.6 11.5 9.7 9 13.8 21.5 19.6 19.4 19.1 18.8 18 17.9 17.7 17.7 17.8 17.5 17.2 17.1 16.9 16.7 16.3 15.6 14.7 14.6
42.5 41.7 41.8 41.9 40.9 39.1 39.1 40.8 39.5 36 29.6 25 20.4 15.7 13.5 17.1 21.7 18.8 18.5 19.1 19.6 18.7 18.2 18 17.3 16.2 15.5 16.3 14.6 12.6 10.8 10.4 10.6 10 11.8 13.6 13.9 13.7 13.3 12.4 11.1 9.1 9.4 9.2 10.8 16.5 18.4 20.6 22.1 22.8 22.9 20.9 18.4 16.6 15.7 14.7 13.8 12.8 12.1 10.2 10.4 17.1 19.2 18.7 18.7 18.7 17.7 17.6 17.5 17.3 17.4 17.5 17.4 16.8 16.6 16.5 16.3 16.1 15.6 15 14.7
44 43.2 43.2 43.1 42.6 42.3 42.6 42.5 41.2 37 29.2 24.6 20.5 16.6 12.6 15.9 21.6 20.9 20 20.4 20.2 20.3 19.5 20.3 20.1 19.7 18.6 19.6 19.9 17.3 13 11.3 11 9.7 10.1 12.2 13.4 14.1 13.1 12.5 12.4 9.7 9.7 9.1 12.5 21.8 25.6 25.5 25.6 24.7 23.1 20.6 18.5 16.8 15.7 14.7 13.7 12.7 11 10.4 11.1 17.6 17.8 17.8 17.8 17.7 17.3 17.1 17.1 17 17.1 17.2 17.2 16.5 16.2 16.1 15.9 15.7 15.4 14.8 15
43.8 42.3 42.1 41.2 40.5 42.3 42.8 42.4 38 33.8 27.9 23.5 20.2 16.8 13.3 17.5 20.8 22.6 21.1 21.5 21.5 21.6 20.7 22.1 21.9 21.3 21.2 20.8 22.5 22.5 19.2 14.9 11.3 9.7 9.5 10.5 10.8 12.1 12.4 12.3 11.1 9.3 10.2 10.3 15.8 27.4 28.7 27.4 26.8 24.9 22.6 20.4 18.4 16.6 15.8 14.8 13.8 12.9 10.6 10.2 10.1 14.9 16.9 17 17.4 17.1 16.7 16.7 16.6 16.6 16.8 16.9 17 16.3 15.8 15.6 15.4 15.2 15 14.7 14.6
43.4 40.2 36.2 35.9 35.8 39.9 39.8 38.2 33.1 28.4 25.2 23.9 21 17.6 15.6 20.3 22.3 23.4 24.3 22.7 22.9 23.1 22 24 24.5 24.1 23.2 22.7 25.6 19.8 24.1 17.7 12.1 10.5 10 9.3 9.2 9.3 10.2 9.9 9.3 9.4 10.2 11.3 17.6 29.6 29.7 28.6 27.3 25 22.3 20.5 18.6 16.8 15.5 14.1 12.9 11.5 9.5 9.3 9.1 11.5 16.2 16.8 17 16.9 16.8 16.8 17 16.7 16 15.9 16.2 16.2 15.7 15.4 15 14.8 14.5 14.3 14.7
42.1 38.8 34 31.3 30.9 31.6 30.7 26.8 24.9 22.8 22.3 20.9 17.2 15.6 18.8 21.8 23.7 26.2 26.2 25.7 25 24.5 24 25 27.7 27.2 26.1 25.7 28.1 28 22.9 18.3 14.2 12.1 9.9 10.1 9.7 9.9 9.3 9.4 9.4 9.4 9.8 12 24.4 31.1 30.1 29.5 28.2 25.7 22.6 19.4 17.7 16.2 13.6 13.9 12.4 9.4 8.7 9.6 9.5 9.2 11.8 16.4 16.7 16.5 16.2 16.6 16.6 16.3 15.9 16.2 15.9 15.4 15.3 15.4 15 14.7 14.6 14.1 13.7
38.9 36.1 30.9 28.9 28.1 25.9 21.6 20.6 18.7 17.7 16.8 16.7 16.5 18.9 21.6 23.4 26.2 29.5 30.5 29 30.3 28.1 27.3 28.4 29.5 28 31.1 28.4 30.9 29.9 24.3 17.6 19.4 15.9 11.7 11.3 10.4 10.5 10.1 9.6 9.5 9.5 11.2 19.4 29.8 31.1 30.4 29.7 27.7 25.3 22.7 18 16 15 12 11.9 10.4 9.5 9.3 9.8 9.4 9 10.3 15.4 16.1 16.1 15.8 16.4 16.2 15.9 15.6 16.1 15.2 15.3 15.4 15.3 15 14.9 14.1 13.5 13.3
34.9 33.3 29.4 27.3 25 21.2 20.7 20.7 20.5 20.1 20.8 21.2 21.1 21.9 24.3 25.9 28 32.7 35.4 32.8 34.9 34.9 33.8 31.2 30.4 31.4 32.6 33.2 34.1 34.5 24.9 22.9 23.5 19.1 16.7 17.8 12.7 12 11.4 11.2 11 11.5 16.5 23.6 31.2 29.6 29.8 28.6 25.7 22.2 19.5 17.7 15.3 13.8 10.7 9.5 8.8 8.4 9.2 9.9 11.3 10.9 11.5 14.1 14.9 14.9 15.1 15.5 15.2 14.9 15 14.9 14.8 14.9 15.1 15.1 14.3 14.5 13.8 13 13.1
30 29.8 27.4 25.6 22.9 20.9 20.9 21.9 21.4 21.2 22.7 24.5 24.4 26.2 29.9 31.3 29 34.2 37 34.5 38.4 40.1 39 35.8 35.3 36.4 34.8 36 38.4 36.9 27.1 31.5 31.8 27.4 20.8 16.2 13.9 13.8 17.1 17.6 19 20 22 25.1 26.1 27 24.8 22 19.3 18.8 16.3 13.8 12.7 11.4 9.2 10.2 8.1 9.2 8.8 8.8 9.8 10.7 11.1 13.4 14.8 13.9 14.3 14.4 14.1 13.7 13.9 14.3 14.3 14.4 14.5 14.2 13.1 13.8 12.9 12.8 12.9
28.4 28.2 26.2 24 21.1 22.7 23.4 23.3 23.9 25.5 28.5 30.1 28.9 32.3 34.3 35.8 35.4 36.2 38.3 36.9 40.2 42.8 43 40.3 40.6 41.3 36.1 40.3 41.6 38.3 34.2 38.9 40.1 39.6 33.4 27.1 21.4 19.3 19.3 20.1 22.8 27.4 32.5 32 31.1 28.9 25.1 21.7 18.6 16.8 15.3 12.8 11 9.3 11.9 11.7 8.2 8.8 8.3 8.3 8.5 9.3 10 11.6 13.9 12.9 13.5 13.8 13.5 13.2 13.3 14 13.8 13.8 13.9 13.3 12.4 12.9 12.2 11.8 12.8
27.2 27.1 23.1 21.6 21.3 21.9 23.1 24.3 26.6 28.7 32.5 34 34.9 35.9 36.8 37.7 36.7 37.2 38.3 38.8 40.4 43.5 45.1 44.5 44.8 42.1 41.5 43.1 44.8 43.2 40.8 43.6 41.8 40.4 39.6 39.1 35.9 35 35.1 33.4 34.4 33.6 32.4 31.2 29.2 25.9 21.3 18 15.4 14.9 16 16.1 16.7 17.4 19.5 13.1 8.5 8 8.1 8.2 9 10.2 9.4 10.3 11 11 12.8 13 13.1 12.7 12.5 13.1 13.4 13.3 13.3 12.3 12.1 12.5 11.1 10.6 12.6
27.7 25.9 22.4 21.6 23.8 24.7 24.7 24.8 26.9 30.9 32.5 33.5 34.9 35.5 35.5 35.5 36 35.6 36.3 37.2 38.8 41.7 45.4 47.4 47.4 46.1 46.8 47 46.7 46.1 43.5 42.5 40.9 39.6 38.1 38.3 38.2 38.2 37.6 36.2 34.1 31.8 31.7 30.7 27.8 23.4 17.5 14.8 14.3 15.4 22.3 25.1 28.3 21.2 19.7 17.5 10.3 8.4 8.2 8.5 9.8 10.1 9.4 9.7 8.7 9.2 10.4 11.6 11.8 11.3 11.6 11 12.2 11.6 11.9 11.7 11.8 9.6 8 8 9.7
27.5 24.6 21.6 22 24.6 25.7 26.1 27.1 25.7 28.1 29.9 31.7 33.8 34.5 34.1 33.5 34.2 34.4 35.7 37.4 39.4 41.3 45.1 48.3 49 48.7 48.1 47.3 47.5 46.8 44.2 41.6 38.9 36.6 35.5 35.4 36.2 36.4 35.8 34.9 33.8 30 28.1 25.7 21.6 18.1 14.7 14.2 19.1 23.6 29.3 31.4 30.3 27.2 20 21.5 20.3 11.8 9.2 10.7 10.3 9.5 9.8 9.2 8 7.6 7.7 8.9 8.8 8.6 7.2 7.9 8.9 8.2 8.3 8.6 8.7 7.6 7.1 7.1 6.1
27.6 23 21.8 25.5 26.2 27 27.8 28.7 28.3 27.3 27.9 30.1 31.5 32.1 33.1 33.6 33.6 34.3 35.8 37.4 39 40.7 44.5 47.4 48.4 48.5 48.3 48.1 48 46.9 43.9 41.5 39.9 36.5 31.1 29.4 31 32.5 32.4 30.3 30.6 26.1 20.1 16.3 14.4 16.3 17.7 20.3 25.4 30.3 30.8 30.8 28.6 24.9 27.6 22.8 20.6 18.1 10.1 10.2 10.2 10 10 8.8 7.9 7.7 7.5 7.4 8.1 7.8 7.5 7.8 7.8 7.5 7.3 7.2 7.6 7.6 7.7 7.6 7.3
26.2 22.8 23.7 27.2 27.8 29.7 30.4 30.4 29.4 28.2 29.2 29.7 29.9 31.1 31.5 33.3 34.4 34.6 35.4 36.8 38.8 41.7 44.4 46.5 47.1 47.3 48 48.2 48.3 47.3 44.7 43.1 42.8 37.5 29.1 26.4 26.2 25.8 26.5 25.9 23.6 19.1 15.6 16.4 18.8 19.6 22.1 23.4 29.3 30.6 30.5 29.3 26.5 27.6 29.8 30.4 25.1 14.9 11.8 10.6 9.2 10.2 9.6 8.4 8 7.8 7.7 7.6 7.5 7.6 8.1 8.5 8.2 7.9 7.6 7.5 7.5 7.9 7.9 7.8 7.5
23.8 22.9 26.5 28.4 29.8 32 31.2 31.5 30.2 28.8 29.6 31.4 31.6 32.8 33 33.4 34.1 34.8 36.4 39.9 42.8 42.7 45.2 45 45.3 46 47 47.6 48.4 46.7 45.9 43.6 38.4 34.2 30.1 26.2 24.3 21.1 21.8 21.5 18.5 16.6 18.4 21.1 22.5 25.3 26.9 25.6 30.1 30.1 30.1 29 28.6 29.4 30.7 30.3 25.5 20 17.7 13.2 11.5 9.8 9.9 8.6 8.4 7.8 7.9 8 8.2 8.3 8.2 8 8.4 8.5 8.9 8 8.2 8 8.1 8.1 7.9
22.6 24.3 27.3 29.7 32.2 34.3 32.8 33.3 32.9 32.7 33.8 34.6 34.6 36 36.5 36.8 35.7 36.2 39.5 41.1 42.3 42.3 43.1 43.7 44 43.6 44.2 46.5 47.2 46.6 45.9 44.9 41.4 38.3 34.3 28.8 23.8 21.2 19.7 17.4 17.8 20.5 23.6 25 24.8 27.7 30.3 29.5 29.6 29.7 29.1 28.7 29.7 30.7 30.1 28.4 25.2 25.8 25.3 21.2 15.5 12.3 10.7 8.7 8.3 9 7.7 9.4 9.3 8.9 9 8.7 8.4 9 9.2 9 8.7 8.7 8.6 8.2 8.3
23.1 28.1 31.2 33.2 34.7 35.7 34.9 35.3 35 35.7 37.1 37.2 38.1 38.7 39.3 39.1 37.8 37.3 38.5 40.1 41.4 41.9 42.8 43 42.8 42.4 42.7 45 45.4 45.1 45.2 44.2 42 38.5 34.4 29 24.1 20.6 18.5 17.8 20.6 23.5 25.3 29.2 30 30.5 32.9 31.3 31.2 30.7 29.4 29.5 30.6 31.6 30.1 28.6 29.2 30.6 30.1 31 25.4 18.3 13.3 13.7 12.3 12.1 11.7 11.9 12.4 12.1 11.7 11.6 11.8 12 12 11.9 11.8 11.1 9.9 9 8.6
27.2 33.6 34 34.3 35.5 36.6 36.9 36.5 36.5 37.1 37.9 38.3 39.4 39.5 39.4 39.6 38.9 39.7 40.7 41.9 42.6 42.9 43.3 43.3 42.8 42.2 41.5 43.3 42.3 42.5 41.7 40.7 38.1 34.6 31.8 27.6 23.3 20.2 17.6 20 22.7 26.8 29.2 32.1 34.5 35 35.2 35.5 34.1 33.5 32.3 30.5 31.4 30.4 31.1 31.9 32.4 32.4 31.7 28.9 24.2 18.9 18.6 19.9 19.2 20 21.3 21 17.5 15.8 13.6 13.2 12.6 12.1 11.9 11.8 11.6 11.1 10.2 10.7 9.9
29.9 32.8 33.1 32.8 33 34.2 35.2 35.8 36.4 36.9 37.4 37.6 38.2 38.4 39.3 40 39.7 40.8 41.1 42.7 43 43.7 43.7 42.9 43.5 43.4 42.4 40.4 40.6 38 36.1 34.5 32.8 30.6 30 26.9 22 18.5 21.6 26.4 30.3 32 33.8 35.1 36.8 37.7 38.1 38 37.2 35.9 35.1 34.1 33.5 32.7 32.7 33.8 34.6 33.8 31.6 26.6 21.5 21.9 24.7 26.3 22.6 25.5 28.1 23.6 19.8 17.2 15.4 14.2 13.3 12.6 12.3 12.1 11.7 11.1 10.5 10.8 10.4
27.2 28.1 30.5 30.7 30.6 31.7 32.9 34.4 34.6 35.1 35.6 35.5 36.1 35.5 36.8 37.9 38.9 39.4 39.9 40.4 41.3 41.9 41.4 40.6 42.3 41.7 40.7 39.2 37.4 35 30.8 26.8 27 26.9 26.1 23.8 20.6 20.9 25.3 30.6 33.1 34.4 34.4 34.3 34.7 36.3 36.2 36.1 37.7 39.2 38.5 37.7 35.9 34.5 36.2 36.8 36.1 34.3 30.6 24.1 25.8 26.7 29.5 32.2 26.5 30.8 31.3 27.3 24.6 19.9 17.6 16 14.6 13.6 12.7 12.2 11.7 11.5 11.1 10.8 10.4
29.4 27.8 27.1 29.1 29.6 31.1 31.4 30.8 30.1 30.4 32 33.5 33.9 33.6 34.5 34.6 36.9 37.1 37.5 37 38.3 39 39.1 38.7 40 38.1 37.6 35.8 33.3 30.6 28.4 25 22.9 22.6 23 20.7 18.5 21.9 28.4 32 32.9 32 31.4 30 29.6 31.7 33.3 33.2 33.4 38.5 40.3 38.9 37.4 36.3 37.5 38 36.4 34.5 28.7 28.9 35.4 34.5 34 35.3 31.1 36.2 33.9 34.4 29.7 23.9 21.1 19.3 16.9 15.7 14.5 13.5 12.5 11.9 11.2 10.6 10.3
30.9 27.7 28.1 29.5 29.2 30.7 29.3 28.6 28.8 29.2 30.8 31.8 32 32.4 33.2 34.3 35.3 35.4 35.5 35.5 35.7 36 36 35.7 36.7 34.6 34 32.2 29.3 27.3 24.5 25.5 25.2 25.1 23.9 21.1 19.1 25.9 31.2 35.1 35.1 38.1 38.7 34.4 30.2 27.3 32.6 32.7 34 38.8 39.7 39 38.7 38.3 39.1 38.1 36.6 33.4 30.9 35.2 37.7 37.7 37.4 37 34.4 36.9 36.5 36.1 33 33.5 31.7 27.9 21.9 18 17.2 15.6 14.1 12.9 12.1 11.2 10.6
30.9 27 27.4 29.5 29.7 29.4 30 30.1 29.5 29.9 32 32.1 32.6 33.9 34.7 35.7 35.8 34.9 35.2 34.2 34.2 34 32.7 32.6 32.6 31 29.6 27.2 26.3 27.6 27.7 27.7 27.6 26.8 24.3 21.1 21.6 27.5 34.6 39.3 44.9 45.3 42.7 34.2 26.6 21 25 32 33.4 37.4 39.4 39.1 39.9 40.5 38.4 39 37.5 34 35 38.4 40.7 40.2 38.7 37.9 36.4 37.2 36.9 35.8 35.4 35.4 34.3 31.3 26.1 21.3 18.7 17.7 15.7 15.2 13.3 11.8 10.6
30.9 28.7 27.6 28.3 29.7 30.2 30.6 31 31.4 31.6 32.6 34.3 36.1 37.6 38.2 36.6 36.5 35.4 35.4 34.5 32.9 31.3 33.6 33.6 32.6 32.6 33.1 33.1 32.2 32.1 31.4 30.9 29.3 28.9 26.2 21.6 22 27.1 31.5 33.8 38.1 32.8 30.8 27.3 21.1 25.7 25.7 22.5 29.9 36.6 37.4 36.3 38.2 39.6 37.8 37.5 36.1 37.6 38.5 40.6 42 41 39.9 38.8 37.7 37.7 37.4 36.8 36.7 36.4 34.8 32.6 28.5 25.3 22.7 18.6 17.2 15.3 14.1 12.5 11.4
33.8 31.9 30.7 29 30.7 31.1 31.5 32 32.3 33.9 35.3 37.7 39.7 40.6 39.4 37.7 35.9 35.3 34.6 35.6 36.9 38.2 39.1 38.3 38.1 38 37.8 36.6 34.6 33.3 32.9 32.2 31.9 30.5 27 23.3 22.8 25.1 27.3 22.5 23.4 23.3 25.3 25.6 24.5 25.7 25.7 25.7 25.7 26.3 33.7 33.1 33.5 36 35.5 35.8 37.8 38.9 39.3 42.6 42.4 41.7 41.4 40.8 39.7 39.6 39.2 38.8 38.6 38 37.4 35.8 33.9 30.9 25.8 20 17.9 16.2 14.4 13.5 13
37.8 35.3 32.9 31.1 31.2 32.2 32.6 33 34.9 36 38.2 40.4 41.3 40.2 38.4 36.4 34.9 34 33.5 37.5 39.3 40.5 41 40 39.5 40.2 38.9 38.1 36.5 35.1 33.8 33 31.6 30.7 26.6 24 21.2 22.7 25.4 23.8 22.6 25.7 25.7 25.7 25.7 25.7 25.7 25.7 25.7 32.4 30.9 30.2 31.2 33.6 34.4 36.6 37.9 39.9 41.8 43 42.4 41.7 42.3 42.5 41 40.8 40.6 40.1 39.8 39.2 38.8 36.8 33 30.7 25.6 20 17.9 16.2 14.7 14.1 14.4
39.1 35.9 33.2 30.9 31.7 33.5 34.6 35.7 37.7 38.4 40.9 41.8 40.4 39 37.4 35.5 34.5 33.6 36.5 40.1 41.8 40.3 40 39.7 40.3 39.7 39.1 38.4 37.6 35.5 33.9 34.3 32 30.1 27.5 25.2 23.1 22.2 22.6 24 25.4 26.9 25.7 25.7 25.7 25.7 25.7 25.7 25.7 28.1 27.6 28 29.9 32.1 34.8 36.3 36.8 39.2 42.2 43 42.9 42.4 43.6 42.5 41.3 41 41.3 40.9 39.8 39.3 37.3 34 28.9 26.8 22.6 20.4 18.3 16.1 14.4 14.6 12.7
37.8 34 32.9 32.4 32.6 33.7 36.4 38.6 40.4 41.2 41.2 41.2 39.1 37.8 35.8 34.4 33.8 36.1 40 43 43.7 43.4 41.8 41.7 42.2 41 39.5 37.7 36.6 35.6 34 32.6 31.2 30 27.8 25.7 24 24.2 23.8 23.3 23 25.6 27.9 28 26.7 25.2 25.1 25.7 25.1 27.9 27.4 28.3 30.2 33.1 35.2 36.8 37.7 38.8 42 45.7 44.6 43.7 44.9 43.2 42.5 42.9 41.8 41.2 40.5 37.4 31.8 28.4 25.9 23.5 21.5 20 18.3 16.3 14.2 14 12.1
34.9 32.6 32.1 32.9 34 36.8 37.9 41.4 42.2 41.6 40.7 40.5 38.8 35.9 34.3 35.2 35.5 38.7 43.5 45 44.4 43 42.5 42.3 41.3 39.8 38.4 36.8 35.7 34.6 33.2 31.8 30.2 28.2 26.1 25.1 25.2 25.6 25.5 24.5 23.9 23.5 25.6 26.6 26.4 25.7 25.5 25.9 27.5 27.8 27.8 29.1 30.8 34 36 37.1 38.1 40 42.9 46.8 45.9 45.6 45.4 43.5 41.9 43 41 41.3 40.9 38.3 33.5 28.6 26.1 22.9 21 19.5 17.8 16.1 14.5 12.1 10
33.2 32.6 32.8 34.1 35.2 37 41.7 42.3 41.3 40.1 38.7 36.8 36.4 35.5 36.1 36.6 37.8 41 44.3 43.4 42.1 41.8 40.6 40.3 38.4 36.3 34.9 34.1 33.2 32.2 31.2 30.1 28.2 26.5 24.5 25.8 26.3 26.4 26 25.4 24.7 24.6 24.6 25 24.8 24.5 24.4 25.3 27.9 27.9 27.9 29.5 31.6 35.4 36.6 37.1 38.7 40.4 44.4 45.3 44.3 43.5 43 40.4 39.5 39.5 39.4 40.9 41.4 39.8 35 29.9 25.9 22.4 20.7 19 17.4 15.6 14.7 12.2 10
33.5 34.2 34.2 34.4 38 40.4 42.8 43.3 42.7 38.6 36.3 35.7 36.3 36.3 35.9 35.3 35.9 41.5 44.1 43.1 41.3 39.7 37.4 37.1 36.5 33.2 32 31.4 30.9 30.3 29.5 28.5 26.9 26.5 26.3 26.8 26.9 26.9 25.9 24.2 24.4 24.6 24.8 25.1 24.2 23.3 24.7 25.4 28.4 27.2 27.8 29.5 32.9 36.2 37.1 37.7 37.9 38.8 42 42 41 40.2 39 38.8 37 35.7 35.8 38.9 40.6 38.6 34.2 29.7 25.8 21.7 19.9 18.2 17 15.5 13.6 12 11.4
34.9 35.7 36 36 38.6 42.7 45.6 44.2 41 37.4 35.9 35.3 35.8 34.9 34.5 35 38.1 43.6 43.1 41.9 41.4 39.2 37 35.6 35.6 32.6 31.7 30.8 29.9 29.3 28.1 27.5 27.4 27.5 27.3 27.4 27.5 26.9 25.7 24.1 23 24.4 25.6 25.7 23.9 23.5 23.7 25.8 27.1 26.4 27.9 30.1 34.1 36.9 37.4 38 36 36.7 38.1 36.6 35 34.6 34.4 35.3 34.9 33.5 32.9 34.9 36.1 35.7 32.7 28.7 25.5 21.1 18.7 17.3 16.7 16.3 13 11.3 12.9
36.4 37.4 37.7 37 39.6 42.5 43.3 42 38.4 36.9 36.4 36.9 37.2 36.6 35.8 37.4 44.2 45.4 43 41.4 39.7 38.5 36.7 36.4 34.7 32.8 31.6 30.7 29.7 29.2 28.9 28.5 28.5 28.3 28.2 28.1 27.7 26.7 25.2 23.8 23.6 24.4 26.1 25 24.4 24.2 24.4 27.2 26.4 26.8 28.6 31.6 35.9 37.3 37.1 35.6 33.9 32.2 31.7 30.5 29.5 29.2 29.1 29.3 30.9 30.1 30.7 31.6 33.6 35.3 32.7 29.1 25.3 21 17.8 16.6 16.5 16 12.5 10.5 14.7
