public/OST50/SW42.asc
ncols 200
nrows 200
xllcorner 140000
yllcorner 20000
cellsize 50
[rows 0 to 36 of 200, columns 84 to 167 of 200]
93.4 91.3 89.3 86.5 83.7 81.5 78.3 75 70 69 70.6 69.9 71 72.3 73 71.7 70.4 69 67.4 65.8 64.3 63.6 62.9 63.4 63.3 63.2 63 62.7 61.5 59.3 57 53.2 48.8 43.8 39.3 35.1 33.4 31.3 28.8 26.4 24.5 22.1 17.8 13.6 12.7 12 11.2 10.6 10 9.3 8.9 8.9 9.2 10.6 13.4 19.1 19.7 18.1 15.3 14.2 12.6 11.8 12.3 12.4 13 13.7 11.9 9.6 7.7 4.7 -1.6 -1.6 -1.6 -1.6 -1.6 -1.6 -1.6 -1.6 -1.6 -1.6 -1.6 -1.6 -1.6 -1.6
95.4 93.2 90.6 87.8 85.2 81.9 78.2 74.3 70.3 67.5 66.5 64.6 66.3 68 69.8 69 67.4 65.8 64.3 62.7 61.2 60.2 59.5 59.8 60.1 58.9 58.6 58.4 58.9 59.2 55.3 54.9 47.5 45.8 40.8 37.6 35 33.8 30.5 29.3 27.5 25.9 21.7 18.1 14.4 11.9 10.3 9.1 8.5 7.8 7.7 8.1 8.5 9 10.6 15.3 16.3 14.4 13.2 11.4 9.8 9 9.2 9 8.8 9.2 8 7.7 7.3 5.5 -1.6 -1.6 -1.6 -1.6 -1.6 -1.6 -1.6 -1.6 -1.6 -1.6 -1.6 -1.6 -1.6 -1.6
97.3 94.7 92.1 89 85.5 82.3 79 75.1 71 67.2 63.5 62.6 62.7 64 66.8 66.4 65.2 62.8 61.3 59.8 58.3 56.8 56 55.7 55.6 54.5 55.1 55.6 56.2 55.8 55.9 51.4 51.4 47.1 43.2 40.2 37.9 37.2 34.7 32.2 31.7 30.3 27.6 25.4 22.7 19.5 14.1 9.9 7.6 6.5 6.6 6.9 7.5 8.1 8.9 10.7 10.8 10.3 9.3 8.3 7.8 7.4 5.5 5.3 4.4 4.1 2.2 5.6 5.6 2.7 -1.6 -1.6 -1.6 -1.6 -1.6 -1.6 -1.6 -1.6 -1.6 -1.6 -1.6 -1.6 -1.6 -1.6
98.4 95.8 93.3 89.8 85.7 81.9 78.5 73.7 70.8 67.5 63.1 61.2 61.6 61.1 62.6 63 62.4 59.8 58.3 56.8 55.1 53.9 52.3 51.9 50.5 48.6 49 50.2 51.2 51.3 52.4 49 49.4 49.1 46.3 43.8 41.8 39.4 40.4 38.7 37.9 35.2 33.1 31.8 30.3 28.6 21.8 12.1 7.8 6 5.7 5.9 6.6 7.2 7.8 8.4 8.3 7.7 6.7 7.6 6.7 6.2 3.1 1.5 0.8 -1.6 -1.6 0.7 1 2.1 -1.6 -1.6 -1.6 -1.6 -1.6 -1.6 -1.6 -1.6 -1.6 -1.6 -1.6 -1.6 -1.6 -1.6
97.8 95.8 93.3 90.1 86.2 82.2 77.5 73.3 70.6 68.2 64.1 60.9 58.4 57.8 58.5 58.6 57.9 56.3 54.8 53.5 52.4 51.3 49.6 47.7 45.8 43.5 44.4 45.5 46.1 46.4 47.9 47.6 50.6 50.7 49.7 48.4 46.3 45.9 46 45.4 43.3 39.7 37.1 34.6 31.9 29.4 23.8 13.9 7.6 5.8 4.7 5.2 5.6 6.6 7.2 6.8 6.1 6.3 6.7 6.6 6.3 0.8 -1.6 -1.1 -1.6 -1.6 -1.6 -1.6 -1.6 -1.6 -1.6 -1.6 -1.6 -1.6 -1.6 -1.6 -1.6 -1.6 -1.6 -1.6 -1.6 -1.6 -1.6 -1.6
96.9 95.3 93.1 90.1 86.3 82.3 77.6 73.2 70.5 67.8 64.1 60.1 56.3 53.8 53.5 53.5 53.3 52.8 52.1 50.9 49.8 48.7 46.5 44.1 41.8 38.6 39.1 39.9 40.5 41.6 43 46.9 50.7 53.3 53.5 53 51.8 52.6 52.8 50.4 46.8 42.6 39 35 32.7 28.4 23 14.7 8 4.1 4.3 4.5 4.7 5.2 5.5 5.2 5.5 5.5 -1.6 -1.6 -1.6 -1.6 -1.6 -1.6 -1.6 -1.6 -1.6 -1.6 -1.6 -1.6 -1.6 -1.6 -1.6 -1.6 -1.6 -1.6 -1.6 -1.6 -1.6 -1.6 -1.6 -1.6 -1.6 -1.6
95.5 93.4 92.3 89.4 86.2 82.2 78.1 73.5 70.5 68 64.4 60.2 55.8 51.1 48 49 49 48.9 49.4 48.5 47.2 45.4 43.3 40.7 37.7 35.6 34.6 34.2 34.7 36.9 39.2 44.7 49.4 54.2 57 57.1 57.3 58.1 57 52.7 47.5 42.6 38.7 34.4 30.7 26.3 21.9 14.8 8.1 4.3 3.9 4.3 4.4 4.5 4.6 5.2 5.6 -1.6 -1.6 -1.6 -1.6 -1.6 -1.6 -1.6 -1.6 -1.6 -1.6 -1.6 -1.6 -1.6 -1.6 -1.6 -1.6 -1.6 -1.6 -1.6 -1.6 -1.6 -1.6 -1.6 -1.6 -1.6 -1.6 -1.6
92.3 89.8 89.4 87.7 84.3 81.6 77.6 73 70.2 67.8 64.3 60.6 55.3 50.5 46.8 45.7 45.5 45.9 46.4 45.7 44.2 42.5 40.8 38.5 35.2 31.7 30.6 30 31 31.8 34.8 40.3 46.9 52.7 58.7 60.6 60.7 60 57.9 52.9 47.7 42.6 38.6 34.2 30.1 25.7 20.7 15.3 9.1 5 4.5 4.2 4.2 3.9 4.5 5.2 -1.6 -1.6 -1.6 -1.6 -1.6 -1.6 -1.6 -1.6 -1.6 -1.6 -1.6 -1.6 -1.6 -1.6 -1.6 -1.6 -1.6 -1.6 -1.6 -1.6 -1.6 -1.6 -1.6 -1.6 -1.6 -1.6 -1.6 -1.6
88.1 86.1 85.6 84.5 82.4 79.8 77 73.3 70.9 67.8 64.3 60.8 55.7 50.3 45 42.5 42.5 43 43.3 43.6 42.4 38.8 36.5 35 32.6 29.4 27.1 25.3 24.4 26.5 29.2 34.4 43 48.7 56.3 61.3 61.6 60.3 57 52.4 47.3 43.7 38.7 34 28.4 23.9 18.6 13.4 8.3 6 5.3 3.8 3.6 3.8 4.8 1.4 -1.6 -1.6 -1.6 -1.6 -1.6 -1.6 -1.6 -1.6 -1.6 -1.6 -1.6 -1.6 -1.6 -1.6 -1.6 -1.6 -1.6 -1.6 -1.6 -1.6 -1.6 -1.6 -1.6 -1.6 -1.6 -1.6 -1.6 -1.6
84.3 81.9 81.5 81.4 80.2 79.3 76.9 73.9 71.7 68.5 64.4 61.1 56.5 51 45.4 40.2 39.5 40.5 42.5 42.5 38.8 35.2 31.7 30.2 28 24.9 23.5 20.7 20.3 20.8 21.9 26.2 36.7 42.1 49.5 61.3 62.4 59 55.7 50.5 46 42.4 38.2 32.8 27.6 22.1 16.5 11.1 6.9 4.1 3.7 3.7 4.2 5.4 1.3 -1.6 -1.6 -1.6 -1.6 -1.6 -1.6 -1.6 -1.6 -1.6 -1.6 -1.6 -1.6 -1.6 -1.6 -1.6 -1.6 -1.6 -1.6 -1.6 -1.6 -1.6 -1.6 -1.6 -1.6 -1.6 -1.6 -1.6 -1.6 -1.6
81.2 77.7 76.8 77.5 78 77.4 76.5 74.3 72.2 69.2 65.4 61.9 58 52.8 46.2 40.3 36.6 37.9 39 39.3 36.5 33.2 29.5 26.7 23.2 21.1 21.1 18.6 19.5 20 17.5 17.3 29.9 35.9 43.7 54.2 61.6 58 53.1 47.9 42.1 37.8 33.3 28.3 23.4 18.9 13.8 8.9 5.7 4.1 3.6 4.2 1.6 0.4 -0.3 -1.6 -1.6 -1.6 -1.6 -1.6 -1.6 -1.6 -1.6 -1.6 -1.6 -1.6 -1.6 -1.6 -1.6 -1.6 -1.6 -1.6 -1.6 -1.6 -1.6 -1.6 -1.6 -1.6 -1.6 -1.6 -1.6 -1.6 -1.6 -1.6
78.3 73.4 73.8 73.4 74.2 75.4 75.6 74.6 72.6 69.4 66.8 63.2 59.4 54.2 47.9 41 35.3 34 36.2 35.6 33 30.5 25.5 23.2 21 19.6 18.3 21.4 24.4 25 24.3 18.5 23.2 28.3 34.1 41.8 46.5 48.1 44.6 40.6 37 32.6 28.3 23.7 19.5 15.7 11.6 7.1 5.4 4 2.9 0.4 -1.6 -1.6 -1.6 -1.6 -1.6 -1.6 -1.6 -1.6 -1.6 -1.6 -1.6 -1.6 -1.6 -1.6 -1.6 -1.6 -1.6 -1.6 -1.6 -1.6 -1.6 -1.6 -1.6 -1.6 -1.6 -1.6 -1.6 -1.6 -1.6 -1.6 -1.6 -1.6
74.6 69.4 69 69.4 70.4 71.5 73.4 73.9 72.7 70 66.6 63.8 60 54.7 48.8 42.6 35.8 31.1 32.8 31.3 29.1 24.5 22.6 21.1 20 18.4 18.4 18.2 25.5 25.7 24.7 24.5 15.3 22.5 26.3 31.9 37.3 38.7 37.4 35.3 32.7 29.1 24.7 20.1 16.5 13 9 5.6 5.8 2 0.9 -1.6 -1.6 -1.6 -1.6 -1.6 -1.6 -1.6 -1.6 -1.6 -1.6 -1.6 -1.6 -1.6 -1.6 -1.6 -1.6 -1.6 -1.6 -1.6 -1.6 -1.6 -1.6 -1.6 -1.6 -1.6 -1.6 -1.6 -1.6 -1.6 -1.6 -1.6 -1.6 -1.6
71.1 65.9 62.2 62.6 63.1 65.2 71.6 71.9 70.5 69.2 66.1 62.6 59 54.1 49.4 44.2 37.5 31.8 27.7 26.2 24.1 21.8 21.1 20.8 19.9 19.7 19 22 26.8 26.3 24.9 23.5 23.3 13.3 15.7 22.4 29.4 31.3 34 31.8 29.5 25.5 21 16.6 12.9 9.5 6.7 5.3 1.6 0.5 -0.4 -1.6 -1.6 -1.6 -1.6 -1.6 -1.6 -1.6 -1.6 -1.6 -1.6 -1.6 -1.6 -1.6 -1.6 -1.6 -1.6 -1.6 -1.6 -1.6 -1.6 -1.6 -1.6 -1.6 -1.6 -1.6 -1.6 -1.6 -1.6 -1.6 -1.6 -1.6 -1.6 -1.6
69.6 61.2 57.9 56 52.6 48.3 61.4 67.9 68.1 67.4 65.1 61.6 58 53.1 48.9 44.1 38.5 32 26.4 24.1 22.6 21.9 21.7 20.5 20.7 21.6 25.4 31.6 32.7 30.9 27.8 23.2 21.7 17.9 11.5 12.2 20.2 28 30.9 29.5 27.1 22.9 18.5 13.7 9.7 6.6 5 1.6 0.1 -1.6 -1.6 -1.6 -1.6 -1.6 -1.6 -1.6 -1.6 -1.6 -1.6 -1.6 -1.6 -1.6 -1.6 -1.6 -1.6 -1.6 -1.6 -1.6 -1.6 -1.6 -1.6 -1.6 -1.6 -1.6 -1.6 -1.6 -1.6 -1.6 -1.6 -1.6 -1.6 -1.6 -1.6 -1.6
65.1 57.5 51.8 47.6 43.7 43.1 48.5 62.8 63.2 62.4 61.4 58 54.6 51.1 48.1 43.9 38 31.8 25.7 23.7 22.9 23 23.3 24.2 28.5 33.7 36.9 37.8 38.4 36.8 34.7 31.1 25.8 19 14.4 10.2 11.7 23.3 27.6 27.5 24.3 20.1 15.4 10.9 6.5 5 1.9 0.2 -1.6 -1.6 -1.6 -1.6 -1.6 -1.6 -1.6 -1.6 -1.6 -1.6 -1.6 -1.6 -1.6 -1.6 -1.6 -1.6 -1.6 -1.6 -1.6 -1.6 -1.6 -1.6 -1.6 -1.6 -1.6 -1.6 -1.6 -1.6 -1.6 -1.6 -1.6 -1.6 -1.6 -1.6 -1.6 -1.6
59.1 52.9 48.2 46.4 46.1 44.4 42.6 50.3 55.3 53.7 53 51 48.8 48.7 46.2 43.2 37 31 25.6 23.8 25.1 25.6 30 36.3 40.6 43.8 44.9 44.7 45.3 46.5 43.9 41.3 36.9 31.8 23.2 14.7 9.1 12.2 24.5 26.1 21.6 15.3 10.6 7.1 5.4 2.2 0.7 -1.6 -1.6 -1.6 -1.6 -1.6 -1.6 -1.6 -1.6 -1.6 -1.6 -1.6 -1.6 -1.6 -1.6 -1.6 -1.6 -1.6 -1.6 -1.6 -1.6 -1.6 -1.6 -1.6 -1.6 -1.6 -1.6 -1.6 -1.6 -1.6 -1.6 -1.6 -1.6 -1.6 -1.6 -1.6 -1.6 -1.6
54 49.4 47.3 47.1 52.7 49.9 45.4 42 43 43 42.3 41.5 42.1 43.9 45 42.6 37.7 31.5 26.2 24.3 26.5 30.1 37.1 45.1 50.2 53 54.4 53.2 54.7 56.1 53.3 49.4 45 41.7 40 31 15.2 6.8 13 16 13.5 10.3 7.2 5.4 3 0.9 -0.1 -1.6 -1.6 -1.6 -1.6 -1.6 -1.6 -1.6 -1.6 -1.6 -1.6 -1.6 -1.6 -1.6 -1.6 -1.6 -1.6 -1.6 -1.6 -1.6 -1.6 -1.6 -1.6 -1.6 -1.6 -1.6 -1.6 -1.6 -1.6 -1.6 -1.6 -1.6 -1.6 -1.6 -1.6 -1.6 -1.6 -1.6
51.5 47.8 48.1 51.9 63.2 59.2 53.6 48.2 43.8 38.9 37.1 36.5 38.1 41.1 43.1 41.3 37.7 32.4 26.9 26 28.2 33.6 43.7 51.9 57 59.9 61.4 60.6 61.8 62.9 60.5 56.4 51.7 48.9 47.4 45.3 37.5 18.2 5.6 7.5 7 5.9 4.9 4.7 2 0.8 -1.6 -1.6 -1.6 -1.6 -1.6 -1.6 -1.6 -1.6 -1.6 -1.6 -1.6 -1.6 -1.6 -1.6 -1.6 -1.6 -1.6 -1.6 -1.6 -1.6 -1.6 -1.6 -1.6 -1.6 -1.6 -1.6 -1.6 -1.6 -1.6 -1.6 -1.6 -1.6 -1.6 -1.6 -1.6 -1.6 -1.6 -1.6
50.7 48.4 50.9 60.6 67.5 70 64.8 58.5 52.1 47.5 39.8 36.1 35 38 41.8 41.9 37.6 32.8 28.2 27.7 31.5 38.4 49 57.4 62.4 66 68.7 66.2 66.5 66.9 65.4 63.4 59.7 55.7 52.8 50 45.1 38 21 8.4 3.1 4.4 4.7 3.9 2 2 -1.6 -1.6 -1.6 -1.6 -1.6 -1.6 -1.6 -1.6 -1.6 -1.6 -1.6 -1.6 -1.6 -1.6 -1.6 -1.6 -1.6 -1.6 -1.6 -1.6 -1.6 -1.6 -1.6 -1.6 -1.6 -1.6 -1.6 -1.6 -1.6 -1.6 -1.6 -1.6 -1.6 -1.6 -1.6 -1.6 -1.6 -1.6
50 49.9 55.4 66.2 76.6 80.8 78.3 70.1 62.7 55.7 50.1 44.9 36.1 32.7 36.7 38.9 37.4 33.2 28.6 28.4 34.9 43.9 53.2 60.8 66.4 70.5 71.8 70.8 70.2 70.6 71.1 69.8 67.3 63.6 58 53.8 49.4 44.6 31.3 16 6.5 3.8 -1.6 2 0.6 -1.6 -1.6 -1.6 -1.6 -1.6 -1.6 -1.6 -1.6 -1.6 -1.6 -1.6 -1.6 -1.6 -1.6 -1.6 -1.6 -1.6 -1.6 -1.6 -1.6 -1.6 -1.6 -1.6 -1.6 -1.6 -1.6 -1.6 -1.6 -1.6 -1.6 -1.6 -1.6 -1.6 -1.6 -1.6 -1.6 -1.6 -1.6 -1.6
50.9 51.4 57 73.7 85.7 90.5 86 80.2 71.9 63.6 57.5 51.8 45.2 36.3 32.8 35.2 34.8 32 29.1 30.8 39.1 45.8 54 62.3 67.9 72.5 74.7 73.1 73.3 73.9 74.3 75 74.9 70.7 64.4 58.1 52 45.9 35 18.6 7.1 3.7 -1.6 -1.6 -1.6 -1.6 -1.6 -1.6 -1.6 -1.6 -1.6 -1.6 -1.6 -1.6 -1.6 -1.6 -1.6 -1.6 -1.6 -1.6 -1.6 -1.6 -1.6 -1.6 -1.6 -1.6 -1.6 -1.6 -1.6 -1.6 -1.6 -1.6 -1.6 -1.6 -1.6 -1.6 -1.6 -1.6 -1.6 -1.6 -1.6 -1.6 -1.6 -1.6
52.3 52.4 63.7 80.1 90.8 93.7 90.9 86.1 79.5 72 64.4 57.6 52.2 44.5 36.4 32.4 30.9 29.3 28.6 37.5 42.7 46.8 53.2 60 67.3 72.2 76.3 75.7 76.5 77.3 77.6 79.3 81 77.1 69 62.2 55.2 47.6 34.5 18 8.6 5.4 2.8 1.6 -1.6 -1.6 -1.6 -1.6 -1.6 -1.6 -1.6 -1.6 -1.6 -1.6 -1.6 -1.6 -1.6 -1.6 -1.6 -1.6 -1.6 -1.6 -1.6 -1.6 -1.6 -1.6 -1.6 -1.6 -1.6 -1.6 -1.6 -1.6 -1.6 -1.6 -1.6 -1.6 -1.6 -1.6 -1.6 -1.6 -1.6 -1.6 -1.6 -1.6
54.3 58.3 70.7 84.8 93.9 96.7 94.7 92.6 86.8 80.4 72.6 64.5 59.2 51 43.6 39.2 36.9 34.3 41.9 47.4 49.3 52.5 54.8 58.5 65.6 72.9 77.2 78.6 79.7 80.6 80.7 83.3 83.9 81.4 75.5 67 58.4 48.5 30.8 14.7 9.1 5.7 -1.6 -1.6 -1.6 -1.6 -1.6 -1.6 -1.6 -1.6 -1.6 -1.6 -1.6 -1.6 -1.6 -1.6 -1.6 -1.6 -1.6 -1.6 -1.6 -1.6 -1.6 -1.6 -1.6 -1.6 -1.6 -1.6 -1.6 -1.6 -1.6 -1.6 -1.6 -1.6 -1.6 -1.6 -1.6 -1.6 -1.6 -1.6 -1.6 -1.6 -1.6 -1.6
58.8 68.4 81.5 90.9 97 99.6 97.8 95.8 91.4 86.5 80.2 72.4 65.3 58.6 51.7 50.7 48.1 50.4 53.6 56.8 58 58.1 59.4 59.5 62.7 70.5 77.2 79.1 82.1 83.7 84.3 84.9 84.5 82.7 77.5 69.1 60.3 48.5 29.9 15.7 9.4 5.5 -1.6 -1.6 -1.6 -1.6 -1.6 -1.6 -1.6 -1.6 -1.6 -1.6 -1.6 -1.6 -1.6 -1.6 -1.6 -1.6 -1.6 -1.6 -1.6 -1.6 -1.6 -1.6 -1.6 -1.6 -1.6 -1.6 -1.6 -1.6 -1.6 -1.6 -1.6 -1.6 -1.6 -1.6 -1.6 -1.6 -1.6 -1.6 -1.6 -1.6 -1.6 -1.6
68 75.9 86 95.5 100.9 101.9 101.4 99.7 96.1 91.6 87.4 81.9 73.7 67.4 62.6 62.2 62.7 63.3 65.5 68.2 67.2 66.7 67.1 64.6 63.7 68.9 77 80.3 83.5 85.5 86.2 86.1 84.2 82 78.3 70.5 60.9 45.2 28.9 17.2 11.2 5.8 2.9 -1.6 -1.6 -1.6 -1.6 -1.6 -1.6 -1.6 -1.6 -1.6 -1.6 -1.6 -1.6 -1.6 -1.6 -1.6 -1.6 -1.6 -1.6 -1.6 -1.6 -1.6 -1.6 -1.6 -1.6 -1.6 -1.6 -1.6 -1.6 -1.6 -1.6 -1.6 -1.6 -1.6 -1.6 -1.6 -1.6 -1.6 -1.6 -1.6 -1.6 -1.6
73.9 81 91.1 98.4 101.7 103.6 103.7 103.5 100.9 96.9 93.4 88.7 82.6 77.2 74 74.7 76.2 76.6 79.5 77.8 75.6 75.9 74.6 72.7 70.2 71.3 77.2 81.2 85.1 86.9 88 88.1 86.3 83.7 78.4 71.1 62.1 47.9 27.8 19.7 12.1 3.5 -1.6 -1.6 -1.6 -1.6 -1.6 -1.6 -1.6 -1.6 -1.6 -1.6 -1.6 -1.6 -1.6 -1.6 -1.6 -1.6 -1.6 -1.6 -1.6 -1.6 -1.6 -1.6 -1.6 -1.6 -1.6 -1.6 -1.6 -1.6 -1.6 -1.6 -1.6 -1.6 -1.6 -1.6 -1.6 -1.6 -1.6 -1.6 -1.6 -1.6 -1.6 -1.6
77.1 84.8 91.8 96.8 101.3 103.2 105 105.3 103.6 101 98.6 96.6 91.5 86.7 84.9 86.1 85.9 86.9 87.2 85 83.3 82.6 80.9 78.4 75.3 74.8 79.5 83.5 87.1 88.3 89.4 90 88.6 86.3 80.3 73.6 63 50 35.3 23.3 14.2 3.4 -1.6 -1.6 -1.6 -1.6 -1.6 -1.6 -1.6 -1.6 -1.6 -1.6 -1.6 -1.6 -1.6 -1.6 -1.6 -1.6 -1.6 -1.6 -1.6 -1.6 -1.6 -1.6 -1.6 -1.6 -1.6 -1.6 -1.6 -1.6 -1.6 -1.6 -1.6 -1.6 -1.6 -1.6 -1.6 -1.6 -1.6 -1.6 -1.6 -1.6 -1.6 -1.6
79.3 85.8 91.6 96.1 100.4 102.2 104.9 105.3 105.4 103.7 102.3 100.7 98.6 95 94.4 94.6 94.2 93.5 92.6 90.5 89 86.9 84.8 82.6 79.6 79.2 82.1 85.6 88.6 89.7 90.9 92.3 90.9 88 82.8 76.4 66.4 53.8 41.2 28.4 18.5 11 3.4 0.6 -1.6 -1.6 -1.6 -1.6 -1.6 -1.6 -1.6 -1.6 -1.6 -1.6 -1.6 -1.6 -1.6 -1.6 -1.6 -1.6 -1.6 -1.6 -1.6 -1.6 -1.6 -1.6 -1.6 -1.6 -1.6 -1.6 -1.6 -1.6 -1.6 -1.6 -1.6 -1.6 -1.6 -1.6 -1.6 -1.6 -1.6 -1.6 -1.6 -1.6
80.8 85.8 90.6 95.7 100 102.1 103.9 104.8 105.3 105.5 105.3 104.7 102.7 100.1 100.5 100 99.5 99.1 97.6 95.8 93.2 91.1 88.9 86.2 83.8 84.5 85.6 87.7 90.1 91.2 92.5 94.3 95 91.6 86.8 77.4 65.9 55.9 48.1 36.1 23.4 17.5 14.3 10.4 0.4 -1.6 -1.6 -1.6 -1.6 -1.6 -1.6 -1.6 -1.6 -1.6 -1.6 -1.6 -1.6 -1.6 -1.6 -1.6 -1.6 -1.6 -1.6 -1.6 -1.6 -1.6 -1.6 -1.6 -1.6 -1.6 -1.6 -1.6 -1.6 -1.6 -1.6 -1.6 -1.6 -1.6 -1.6 -1.6 -1.6 -1.6 -1.6 -1.6
82.4 87 92.1 96.4 99.6 101.3 102.8 104.1 105.1 105.6 106 105.5 104.3 103.7 103.4 103.2 102.7 102 101.2 100.4 97.9 95.2 92.6 89.5 87.8 87.9 88.9 91 91.9 92.8 94 96.1 96.9 94.7 88.4 79 68.1 58.8 51.8 41.7 31.2 27.1 20.1 15.2 6.4 2.1 -1.6 -1.6 -1.6 -1.6 -1.6 -1.6 -1.6 -1.6 -1.6 -1.6 -1.6 -1.6 -1.6 -1.6 -1.6 -1.6 -1.6 -1.6 -1.6 -1.6 -1.6 -1.6 -1.6 -1.6 -1.6 -1.6 -1.6 -1.6 -1.6 -1.6 -1.6 -1.6 -1.6 -1.6 -1.6 -1.6 -1.6 -1.6
85.4 88.1 92.4 97.1 99.4 100.2 101.2 102.6 103.8 105.1 105.8 105.7 105.6 105.3 105.2 104.7 105 104.4 103.7 102.7 101.7 99 95.4 92.9 91.6 91 92.2 93.8 94.2 95 95.3 95.9 95.9 94.3 89.5 79.5 70.6 61.2 53.9 49.1 43.2 36.5 33 23.1 15.5 12 1.1 2 -1.6 -1.6 -1.6 -1.6 -1.6 -1.6 -1.6 -1.6 -1.6 -1.6 -1.6 -1.6 -1.6 -1.6 -1.6 -1.6 -1.6 -1.6 -1.6 -1.6 -1.6 -1.6 -1.6 -1.6 -1.6 -1.6 -1.6 -1.6 -1.6 -1.6 -1.6 -1.6 -1.6 -1.6 -1.6 -1.6
91.6 95.2 97.2 98.8 99.7 99.5 99.7 100.8 102.9 104.5 105.5 105.4 105.5 105.2 105.6 106.2 106.5 106.4 105.9 105.5 104.7 102.1 98.1 96.4 95.2 94.2 95.7 96.8 96.5 95.9 95.1 94.8 92.9 92.5 86.4 78.1 70.6 66 61.8 56.7 54 50.9 47.8 34.4 22.9 18.6 13 10 4.9 4.8 -1.6 -1.6 -1.6 -1.6 -1.6 -1.6 -1.6 -1.6 -1.6 -1.6 -1.6 -1.6 -1.6 -1.6 -1.6 -1.6 -1.6 -1.6 -1.6 -1.6 -1.6 -1.6 -1.6 -1.6 -1.6 -1.6 -1.6 -1.6 -1.6 -1.6 -1.6 -1.6 -1.6 -1.6
96.3 100.2 100.3 100 99.7 97.5 96.3 98.3 101.8 103.6 104.7 104.8 104.4 104.8 105.2 105.9 107 108.2 108.3 107.9 106.5 104.7 102.3 100.6 99.5 97.8 98.5 98.7 98.5 97.4 96.1 94.7 91.7 86.6 81.4 78.6 76.1 75 72 66.7 62.8 58.3 53.5 43.9 33.7 26.7 19.9 14.1 5.8 5.6 -1.6 -1.6 -1.6 -1.6 -1.6 -1.6 -1.6 -1.6 -1.6 -1.6 -1.6 -1.6 -1.6 -1.6 -1.6 -1.6 -1.6 -1.6 -1.6 -1.6 -1.6 -1.6 -1.6 -1.6 -1.6 -1.6 -1.6 -1.6 -1.6 -1.6 -1.6 -1.6 -1.6 -1.6
99.1 101.2 102.1 100.9 99.9 97.2 93.7 95.7 100.3 101.6 102.6 103.5 103.7 103.8 103.9 105.5 106.9 108.6 109.7 109.5 109 107.1 105.4 104.3 102.6 100.5 100.6 100.7 100.4 98.9 96.8 95.2 93.2 89.3 87.3 85.7 84.4 83.2 79.5 74.8 71.5 66.9 61.8 55.2 48.3 41.7 34.8 21.6 12.2 7.3 2 -1.6 -1.6 -1.6 -1.6 -1.6 -1.6 -1.6 -1.6 -1.6 -1.6 -1.6 -1.6 -1.6 -1.6 -1.6 -1.6 -1.6 -1.6 -1.6 -1.6 -1.6 -1.6 -1.6 -1.6 -1.6 -1.6 -1.6 -1.6 -1.6 -1.6 -1.6 -1.6 -1.6
100.6 103.1 103.1 102.3 100.5 98 93.9 93.3 96.6 99.5 100.5 101.1 101.8 102 102.5 104.2 106.2 108.8 110.3 110.7 110.5 109.5 107.9 106.6 105.1 103.7 102.8 102.8 102.8 101.1 98.5 96.2 94.9 95 95.3 93.6 91.5 90.7 86.4 82.1 77.3 72.6 68.3 65.1 61.8 54.2 42.6 29.6 14.5 7.2 1.6 -1.6 -1.6 -1.6 -1.6 -1.6 -1.6 -1.6 -1.6 -1.6 -1.6 -1.6 -1.6 -1.6 -1.6 -1.6 -1.6 -1.6 -1.6 -1.6 -1.6 -1.6 -1.6 -1.6 -1.6 -1.6 -1.6 -1.6 -1.6 -1.6 -1.6 -1.6 -1.6 -1.6
101.6 103.5 104 103.8 101.6 98 93.6 91.4 93.5 96.5 99.1 100.1 100 100 101 102.6 104.9 108.2 110.4 111.1 111.7 111 110 108.8 107.3 105.6 104.6 104.5 104.6 103.2 100.7 97.7 97.2 98 99.1 98.6 96.5 96.4 92.4 88 82.8 79 74.5 69.7 65.3 58 47.5 33 19.6 7.3 2.6 -0.1 -1.6 -1.6 -1.6 -1.6 -1.6 -1.6 -1.6 -1.6 -1.6 -1.6 -1.6 -1.6 -1.6 -1.6 -1.6 -1.6 -1.6 -1.6 -1.6 -1.6 -1.6 -1.6 -1.6 -1.6 -1.6 -1.6 -1.6 -1.6 -1.6 -1.6 -1.6 -1.6
