public/OST50/SW42.asc
ncols 200
nrows 200
xllcorner 140000
yllcorner 20000
cellsize 50
[rows 74 to 110 of 200, columns 0 to 83 of 200]
116.1 118.6 119.9 120.8 121.6 121.8 121.9 121.6 121.3 121.2 121.1 121 121.5 121.2 120.5 120.5 120.5 120.2 119.5 119.2 118.5 118.8 119.3 120.4 121.1 121.9 122.7 123.6 123.3 122.5 121.3 120 118.4 116.2 112.2 107.6 101.6 95.3 91.6 91.3 93.1 95.1 96.1 95 92.8 87.2 79.4 87.7 96.6 102.9 106.9 108.7 110.4 111.6 110 107.3 103.7 99.8 95.9 91.2 86 81.8 77 71.1 64.6 58.1 52.1 50.7 51.4 51.1 52.6 53.4 53.4 58.9 62 63.6 65.2 65.5 64.3 63.6 64.6 71.9 79.9 86.8
113.8 116.6 117.9 119.6 120.7 120.9 121 120.8 120.6 120.5 120.4 120.3 120.7 120.2 120.5 120.8 121.1 121 120.6 120.3 119.9 120.2 120.2 120.1 120.2 120.7 121.8 122 122 122 120.9 120.2 118.4 115.4 111.8 107.9 101 95.7 90.9 89.8 89.5 90.6 91.7 89.8 86.9 81 81.3 87.9 93.2 99 104 106.4 108.6 109.5 108.5 106.7 102.4 98.1 93.9 89.6 85.5 81.6 77.6 70.8 64.6 59 54.6 52.1 52.6 54.6 55.5 55 53.6 53.4 55.8 58.7 60.7 59.9 58.4 57.5 60.6 66.3 74.5 82.3
110.6 113.4 115.8 117.4 118.8 119.5 120.1 120.1 120 119.8 119.7 119.6 119.7 120 120.3 120.6 120.9 121.2 121.6 121.3 120.9 120.8 120.8 121.2 120.6 120.5 120.1 119.9 120.2 120.9 120.5 119.9 118.4 114.5 110.6 105.4 99.5 94.4 90.3 87.7 86.4 86.3 87.2 84.9 81.7 77.5 81.2 86.4 90.7 95.3 100.7 104.3 107 108.5 108.2 105.5 101.6 97.9 94 89.3 85.3 81.4 77.9 71.9 66.5 61.6 58.3 55.2 53.8 56.8 60.8 60.9 55.4 53.9 52.6 52.6 54.2 54.9 54.5 54 56.4 63.9 71.5 79.3
106.8 110.2 112.3 114.2 116 117.2 118 118.9 119.3 119.1 119 119.4 119.5 119.8 120.1 120.4 120.7 121.1 122.2 122.2 121.9 121.5 121.4 121.8 121.7 120.7 119.8 119.5 119.5 120.1 119.8 119 117.2 114.3 110.5 105.4 99.8 94.6 91.6 88.2 85.4 83.8 82.6 80.7 79.1 77.2 79.9 82.4 87 90.8 96.1 101.2 104.8 106.6 106.8 105.9 102.9 99.1 94.3 89.3 85.3 81.8 78.5 75.5 69.9 65.2 61.8 57.5 54.9 57.3 62.1 65.2 64.2 61.9 58.7 52.2 51.5 52.4 53 53 54.6 61.1 68.5 76.4
103.9 107.1 109.2 111.1 112.9 114.1 115.7 117.2 118.4 118.6 118.7 119.5 119.6 119.6 119.9 120.3 120.6 120.9 122.1 123.1 122.9 122.4 122.1 122.5 122.7 121.7 120.7 120 119 118.7 118.4 117.7 116.5 115 111.9 107.2 101.2 96.7 93.9 90.9 87.7 85.3 83 80.7 78.5 76.5 77.8 79.9 83.5 87.3 91.7 97.9 102.2 104.4 104.3 103.7 103.2 99.6 94.5 89.5 85.2 82.1 79.5 76.9 74.2 71.1 66.3 61 56.5 57.7 63.1 66.2 67.4 66.8 63.8 57.8 51.7 51.2 52.4 52.2 51.2 56.7 65.4 73.2
99.4 104.2 106.4 108.3 111.2 113.1 114.9 116.4 117.7 118.3 118.4 119 118.7 118.4 118.9 120 120.5 120.8 122.1 123.3 123.7 123.2 122.8 122.8 122.7 122.7 122.1 120.8 119 117.8 117 116.2 115.8 115.6 113.6 111 106.1 101.6 99.5 96.1 91.8 88.8 85.2 82.8 80.3 77.1 75.6 77.6 80 83.2 87.6 93.8 99.2 101.9 102.8 102.3 101.6 98.8 94.6 89.7 85.7 83.1 80.5 78.4 76.8 74.2 69.2 63.2 59.5 59.5 63.5 66.7 68.7 69 65.8 62.2 54.7 51.3 51.9 51.8 50.9 55.3 62.9 71.8
94.8 100.3 103.7 107.3 110.3 113.2 115 116.2 117.3 118 118.1 118.4 118.1 117.6 117.7 118.7 119.7 120.9 122.3 123.7 124.3 123.8 123.6 123.3 123 122.9 122.9 121.1 119.4 117.5 116.5 115.3 115.3 115.4 114.4 112.7 110.6 107.5 105.2 101.3 97.3 93.5 89.6 85.8 82.3 79.9 75.8 75 76.7 79.4 83.8 90.1 96.1 99.1 100.7 100.9 100.3 97.7 94.6 90.5 86.8 84.6 82.7 81.2 79.5 76.9 71.9 65.5 62.1 62.9 65.2 67 68.3 68.6 66.4 62.3 55.4 52.5 51.6 50.6 50.3 54 61.4 68.3
90.9 98 102.2 106.6 109.6 112.8 115 116.1 117.1 117.7 117.8 117.8 117.2 116.7 117.7 118.7 119.8 121.4 122.9 123.9 124.6 124.5 124.2 123.8 123.5 123.2 123.1 121.6 119.8 117.7 116.1 114.9 113.6 114.1 114.7 114.5 113.6 112.5 110.1 104.7 100.8 97.9 94.2 89.7 86.4 83 79.7 75.7 74.1 77 81.6 87.2 92.3 95.7 98 98.6 98.5 97.6 94 91 88.3 86.8 85.3 84.3 82.2 79.3 74.5 69.5 66 64.9 65.3 66.6 67 67 66.3 61.4 59.4 57.4 53.8 50.2 49.4 52 58.3 63.8
90.5 95.9 101.6 106.2 109.4 112.3 114.7 115.4 115.9 116.4 116.4 115.7 115.2 117.3 118.2 119.1 120.3 121.8 123 124.1 124.9 125.1 124.7 124.4 124 123.6 123.4 122.1 120.8 118.7 116.6 115.3 114 113 113.8 114.4 114.1 114.2 113.1 107.8 104.5 101.2 98.1 94.3 90.2 86 82.9 78.7 74.1 74.5 77.5 83.2 88.1 91.7 94.4 95.9 95.8 95.3 93.5 91.1 89.5 88.4 87.8 87.2 85.2 83 79.6 74.9 70.2 68.5 68.2 67.6 67.5 66.9 66.7 65.8 68.1 66.9 61.7 54.7 49.9 48.6 54.2 58.1
91.3 94.8 100.3 105.1 108.9 111.1 113 114 114.4 114.8 114.7 114.5 114.6 117.2 119.7 120.8 121.8 122.4 123.5 124.5 124.9 125 124.9 124.6 124.3 124 123.7 122.9 121.8 119.8 117.6 115.9 114.4 112.9 112.3 113.1 114.1 114.4 113.4 111 107.5 104 99.9 97.6 94.2 89.8 87 82.8 78.4 74.5 73.7 78.6 83.1 87.5 91.5 92.5 92.5 91.9 90.3 88.6 88.2 87.3 87.8 86.3 84.7 84.8 83.2 79.7 75.5 72.1 71.2 70.3 69.6 69.2 69.9 71.6 73.9 74 69.8 60.2 51.3 48.6 50.7 53.1
92.9 94.3 97.8 102.2 107.6 109.9 111.3 112.4 112.7 112.3 112.6 113.3 114.4 117.4 119.8 121.7 122.5 122.6 123.8 124.4 124.8 124.7 124.4 124.1 123.9 123.6 123.3 122.9 121.9 120.8 119.2 117.3 115.6 113.4 112.6 110.8 111 112.2 113.5 110.6 108.6 105.9 102.1 99.6 98 95 91.9 88.8 85.4 80.9 75 73.2 77.3 82 85.7 88.4 88.7 88.6 86.5 84.5 83.9 85.1 85 85.1 85.4 85.6 85.1 83.6 80.2 76.9 75 74 72.8 72.1 73.1 74.4 76 76.6 74.7 66.2 53 49.5 51.3 55
91.9 93.3 96.7 99.2 102.9 106.8 108.9 110.3 110.2 109.9 111.2 113.3 115.4 118.4 120.5 121.4 122.1 122.8 123.9 124.4 124.6 124.5 124.1 123.7 123.4 123.1 122.8 122.5 121.9 121.2 120.2 118.8 117.1 115.7 113.7 110.9 108.8 110.3 110.6 109.6 107.8 106 104 101.6 100.3 98.8 95.5 93.8 90.5 85.2 80 76 70.8 74.8 79.1 81.4 83.7 84.6 82.3 80.4 79.6 80.9 83.1 83.8 84.7 85.4 85.7 85.1 83.7 81.5 79.7 77.8 76.2 75.1 74.3 76.1 77.2 77.8 76.3 71.2 54.8 49.5 52.2 56.3
92 92.5 94.2 95.9 98.8 102.9 106.2 107.9 108 108.2 111.6 113.9 117 119.3 119.6 120.2 120.9 121.8 122.5 123 123.5 124 123.8 123.4 123 122.7 122.3 121.8 121.9 121.4 120.8 119.6 118.2 116.6 114.3 111.2 108.2 106.8 107.8 108 106.8 105.4 104.6 103.1 102.2 101.1 99.4 97.1 94 89.2 84.4 81.1 76.8 72 71.7 73.7 75.5 76.9 77.2 75.6 75.7 78.5 80.5 81.2 82.5 84.5 85 85.8 85.4 85.1 83.8 82.8 80.1 77.8 77.1 76.7 77.6 78.4 78.5 74.8 61.4 50.3 52.2 56.9
90.7 90.8 92.1 93.8 95.3 98.6 100.7 102.4 104.6 106.9 111.8 115.6 118.6 119.3 119.3 119.2 119.8 120.4 120.9 121.4 121.9 122.7 122.8 122.5 122 121.6 121.3 121.1 121.2 121.5 121.2 120.1 118.9 117.4 115.1 111.7 108.5 105.3 104.9 104.9 105.3 105 104.3 104 102.9 101.8 100.6 97.9 95.2 91.8 88 84.1 80.6 76.4 72 69.8 69.9 70.4 71 71.3 72.2 74.5 76.7 78.5 80.2 82.4 84.2 85.4 86.5 86.9 86.9 85.2 83 80.7 79 77.3 77.6 78.8 78.6 75.3 66.3 51.6 51.6 56.6
90.5 90.5 90.6 91.3 92.7 93.7 95.4 97.8 101.2 108.5 112.8 116.3 118.5 119.2 119 118.4 118 118.8 119.3 119.8 120.6 121.4 121.3 121 121 120.7 120.5 120.3 120.6 120.9 121.2 120.7 119.9 118.2 115.9 112.9 109.7 106.3 103.1 101.6 100.2 100.3 101.4 102.5 102.6 101.7 100.7 99.3 95.9 92.6 88.9 85.3 82.7 79.4 75 71 66.6 66.6 67.7 68.1 69.4 72.3 75.3 77.1 78.9 81.3 83.4 85 86.8 88.5 89.1 87.5 84.6 82.4 79.7 78.5 77.7 76.2 75.4 73.6 69.8 54.6 50.4 54.2
90.6 90.9 91.1 91.2 91.6 92.8 94.6 96.8 101.6 108.6 113 115.6 117.6 116.7 116.9 116.3 115.9 116.7 117.4 118.3 119.3 120 120 120.1 120.1 119.7 119.3 119.1 119.6 119.9 120.2 121 120.1 118.8 116.6 114.3 111.1 108 104.8 101.1 98 96 95.3 97.2 100 100.8 100 98.5 96.2 92.9 89.6 86.4 83.7 80.2 76.7 72.6 68.4 66.1 65.4 66.4 68 70.4 73.7 76.2 78.5 81.1 82.6 84.1 86 87.8 89.2 89.1 86.2 83.2 80.6 78.7 75.5 72.5 70.9 69.2 66.5 56.6 50.2 52.6
91.3 91.5 91.5 91.5 91.5 92.2 94.4 97 104 109.6 112.3 113.6 115.1 115 114.8 113.5 113.7 114.7 116 116.3 116.9 117.9 118.7 118.8 118.6 118.2 117 118 118.5 118.8 119.8 121.1 120.2 119.2 117.5 115.3 112.5 109.7 106.5 104.2 102 98.1 95 93.2 94.2 97.2 97.6 97.2 95.3 93.5 90.2 86.6 82.8 79.5 75.1 71.5 68.9 68.2 66.9 64.4 66.1 68.9 72.7 75.8 78.7 80.2 81.7 83.1 85.2 86.5 87.6 87.8 86.4 83.6 81 77.7 73.6 69.2 67.1 65.1 63.1 57.2 49 51.2
92 92.1 92 92 91.9 92.5 95.1 99.7 106.5 108.8 109.7 110.9 112.4 112.6 111.8 111.2 111.7 112.7 113.7 113.9 114.2 115.4 116.4 117.2 116.9 115.9 115.9 116.9 117.5 118.2 119.5 120.8 120.3 119.2 118 116.2 113.6 110.8 108.1 106.7 105.1 102.1 98 93 88.6 91.3 94 95.1 95.5 94.5 90.7 86.6 82.5 78.7 73.8 70 72.2 74.1 72.9 70.5 66.3 65.4 68.6 73.1 77 78.6 79.9 81.8 83.2 84.7 85.8 86.2 85.3 82.8 79.7 76.3 72.3 67.1 64 61.7 60.9 60.1 49.1 50.1
92.7 92.9 93.1 93 93 93.9 96.5 101.1 104.8 106.6 107.4 108.2 108.7 109.6 109.8 109.2 108.4 108.6 109.8 110.4 111.4 112.7 114.1 114.5 114.9 114.2 114.7 115.8 116.6 117.9 119.2 120.6 120.3 119.1 117.9 116.8 114.7 112.1 109.6 107.5 105.6 102.5 98.7 94.1 89 87.2 90.3 93.8 94.4 94.9 90.8 86.9 83.8 79.3 74.5 73.2 77 78.8 79.6 77.2 72.9 68.6 65.8 65.1 70.9 74.6 75.7 78.3 79.9 81.1 82.7 81.7 82.3 81.2 78 74.9 70.4 64.5 57.9 56.5 57 58.1 49 47.8
94 94 93.9 94 94.5 96.7 98.9 101.3 103.1 104.5 104.6 104.6 105.2 105.7 106 106.9 106.1 105.7 105.8 106.9 108.5 110.7 111.4 111.8 112.3 112.5 113.6 114.9 116.1 117.2 118.7 120.2 120.3 119.3 118.3 117.1 115.4 113.4 110.5 108.2 106.1 103.3 99.5 95.5 89.9 85.2 86.8 90.2 94.3 94 91.5 88.5 84.9 80.7 76.4 73.4 77.6 80.1 82.5 82.5 78.5 74.1 70.8 68.3 65.9 65.3 68.7 70.5 73.1 74.6 76.5 76.9 76.4 73.9 73.3 71.9 69.3 63.1 54.3 51.4 52.3 55.8 55.9 47.5
97.1 96.6 96.5 96.6 97.4 98.3 99.5 100.8 101.6 101.2 100.8 100.5 100.6 101.6 102.4 103.5 103 102.1 103.8 106.2 107.1 108.7 109.9 110.8 111.8 112.2 113.1 114.3 115.5 116.6 117.7 118.9 119.9 119.9 118.7 117.3 115.9 113.8 111.2 108.9 106.2 103.5 100.4 96.4 92.5 87.4 83.1 86.2 90.7 92.1 92.3 89 85.4 81.4 76.9 73.3 76.8 81.3 84.5 84.9 83 79.1 75 72.5 69.8 67.6 64.3 61.5 64.2 65.1 68.9 70.8 66.9 60.9 59.4 59.3 60.6 53.9 50.4 47.1 46.2 51.7 55.7 50.7
100.5 99.4 98.9 98.8 99.2 99.6 100.1 100.9 100.1 98.3 97.6 97 96.2 95.8 97.4 98.5 99.6 102.1 104.1 106.6 108.1 109.4 110.5 111.3 111.8 112.1 112.7 113.7 115 116.1 117.2 118.3 119.9 119.9 119.6 118.1 116.7 115.3 112.6 109.5 106.6 103.8 101 97.2 93.9 88.6 82.7 82.3 84 87.7 90 88.3 85.9 81.9 76.5 74.4 76.8 81.9 85.4 85.8 84.6 82.1 78.3 75.5 72.9 71.6 68 64.7 62.4 61.3 60.6 59.9 59.4 58.4 55.3 53.2 50.1 49.3 48.2 46.3 44 41.6 47.9 53.9
101.9 100.6 99.8 99.6 100.1 100.6 101 100.1 99.2 97.5 95.9 94.5 93.2 93 93.5 94.7 98.3 102.4 104.8 106.9 108.7 110.1 110.9 111.5 111.6 112.1 112.7 113.3 114.4 115.5 116.7 118.1 119.1 119.8 119.9 119.5 118.9 117 114.3 111 108.2 104.8 101.2 98.6 94.7 90.2 84.5 81 80.7 81.9 84.1 85.1 85.1 80.5 76 76.5 79.5 83.1 85.5 86.7 86.4 83.9 80.3 76.6 74.8 73.2 70.9 69.6 67.7 65.4 63.6 62.8 61 65.8 60.1 54.9 50.7 47.8 48.8 50.3 48.4 44.1 41.4 48.9
103.3 102.3 101.5 100.8 101.1 100.9 100.4 99.9 99.4 97.6 95.5 93.6 92.5 93 93.5 93.6 96.8 100.5 103.8 106 107.7 109.1 110 111 111.4 112 112.6 113.2 113.8 115.1 116.5 117.6 118.5 119.2 119.8 119.9 119.5 117.3 115.8 112.6 108.5 104.4 101.4 99 95.7 91.3 85.3 82.4 80.1 78.5 78.7 77.7 78 77.5 76.5 80.1 83.4 86.4 88 88.5 88.2 85.3 81.6 78.2 75.6 74.3 74.6 73.7 73.1 71.6 70.4 68.3 65.7 64.3 60.3 58.3 55.3 52.3 57.5 58.9 56.4 48.1 41 43.8
103.2 103.1 102.8 102 101.7 101 100.8 100.3 99.8 98.8 96.4 94 93 93 93.3 93.1 95.8 96.6 99.9 103.7 106.2 107.7 109 110 111 111.8 112.4 112.8 113.1 114.1 115.6 117.2 117.9 118.7 119.5 119.8 119.7 117.6 116.3 113.2 108.9 104.6 101.9 100.1 96.5 93.1 88.3 84.5 81.6 79.2 79.1 78.6 78.9 79.6 81.8 85.5 88.4 90.1 90.6 90.7 89.5 86.5 83.3 81.2 79.1 79 78.7 78.3 78 77.1 76 74 70.9 67.6 64.3 63.9 62.6 64.5 66.4 66.7 61.6 51.5 44 41.6
103.1 103 102.9 102.7 101.9 101 100.7 100.6 100.2 99.8 97.5 95.1 93.5 93.2 92.9 92.3 93.5 93.7 95.3 98.9 103.5 105.8 106.5 108.1 109.3 110.6 111.1 111.4 112.1 113 114.8 116.7 117.4 118.2 118.9 119.7 119.7 117.9 116.8 113.7 110.1 106.7 104.2 102.5 99.8 96.1 91.2 86.7 82.9 80.5 79.2 79.3 80 82.2 85.7 89.6 92.5 93.1 92.8 92 90.5 88.9 86.3 84.5 84.1 84.3 83.9 83 82.3 81.3 80.2 78.8 76.4 75.7 72.2 70.9 72.9 74 74.9 71.4 64.2 54.9 45.6 40.6
102.8 102.6 102.4 102.1 101.9 101.7 101.4 100.8 100.3 100.1 99.3 97.6 95.8 93.7 92.2 91.4 90.1 90.6 91.8 94.3 97.8 102.4 103.9 105.7 107 108.4 109.1 109.7 110.8 111.9 113.5 115.9 117 117.7 118.5 119.2 119.2 118.1 116.8 115.5 112.4 110.3 108.5 107.4 103.9 99.5 94.7 89 84.5 81.3 79.5 79.8 80.9 84.5 88.5 91.8 94.2 94.6 94.4 93.4 91.7 89.8 88.7 89.4 89.1 88.8 87.8 86.7 86.3 85.6 84.5 83.2 82.5 82.9 80.8 78.7 78.2 80 79.3 75.1 68.1 58 47.2 42.5
100.8 100.8 101.1 101.2 100.9 100.7 100.8 100.6 100.1 99.7 99.4 98.9 98.5 96.1 94.2 92.4 90.4 88.7 89.5 90.7 93 96 100.2 102.8 104.2 105.8 107.2 108.4 109.5 110.7 112.3 114.7 116.6 117.3 118.1 118.6 118.4 118 117.1 115.8 114.4 113.5 112.3 110.9 107.4 102.6 97.4 91.8 85.5 81.9 80.1 80.6 81.1 85 89.8 93.3 95.3 95.9 95.9 94.9 93 90.9 90.7 91.7 92.5 92 91 89.7 89.6 89.1 87.9 87 86.1 85.8 84.3 84.1 84 83.5 82.1 78 71 60.5 51.3 45.9
98 98.1 99 99.4 99.1 99.4 99.8 99.4 98.3 97.9 97.7 98.5 99 99.6 97.3 95.6 92.3 89.3 86.9 87.8 89 91 96.4 99.5 100.6 102.9 104.5 106.3 108 109.4 111.1 113.5 115.8 116.9 117.5 117.9 117.6 117.2 116.8 116.4 115.6 115.1 114.9 113.6 110.1 105.1 100 94.4 87.4 82.4 80.1 80.6 81.6 85.1 90.1 94.8 96.3 97 97.1 96.1 94 91.7 92.5 94.8 95 94.8 94 92.5 91.6 90.7 89.9 88.9 88.1 87.7 87 86.3 85.9 84.9 83.1 79.7 75 66.6 56.8 50.9
94.2 96 96.8 97.5 97.4 97.6 97.7 97.9 96.6 96.3 96.6 97.7 98.8 99.8 100.1 98.7 95.6 92.4 88.4 85.4 86.6 88.8 91.1 94.8 98.5 100.7 101.4 103.1 104.8 107.4 110.1 112.7 115.1 116.2 117 117.1 116.9 116.6 116.3 115.8 115.4 115.5 115.8 114.4 112.1 108.2 103.3 96.8 89.1 82.4 81.4 81.7 82 84.3 88.9 93.3 95.7 96.9 96.8 95.9 93.9 92.1 93.9 96.4 97.5 97.4 96.1 94.5 93.2 92.4 91.6 91 90.4 90.2 89.7 88.5 87.7 85.9 84.1 81.9 78.8 71.1 64 59.1
90.8 93.8 94.7 95.4 95.7 95.6 95.8 96 95.5 95 96 97.9 99.1 100.2 101.1 101.1 98.7 96.6 91.9 86.3 84.5 86.1 88.6 92.2 95.7 98 98.5 100.8 103.5 106 108.8 111.8 113.6 114.7 115.6 116.2 116.1 116 115.7 115.3 115.4 115.5 115.6 115 113.2 110.1 105.5 99.1 90 84.5 81.6 81.8 82.2 83.3 86.4 92 94.4 96.5 96.7 95.5 94.1 93.4 94.9 97.5 99.8 99.8 98.2 96.5 94.8 94 93.2 92.7 92.2 92.1 91.6 90.7 89.1 87.8 86.3 85.3 81.7 77.9 73.3 67.7
89.4 91.9 93.1 93.9 93.8 92.9 92.8 93.4 93.4 94.4 95.6 97.7 99.4 100.5 101.4 101.4 101.3 99.4 96.1 91.4 85.2 83 86.1 89.5 92.6 94.8 96.3 97.9 100.5 103.5 106.7 109.5 111.1 112.8 114 114.9 115.4 115.3 115.1 114.9 114.8 114.7 114.6 114.2 112.8 110.8 107.8 102.3 93.6 87.9 83.5 83.2 83.2 83.8 84.7 87.5 93.5 95.7 96.5 96.3 95.2 94.6 96.6 99 101.1 101 100.7 100 97.8 96.3 95.1 94.8 94.1 93.6 93.5 92.8 91.4 90.3 89.3 88.4 86.5 82.6 79.3 74.9
89.3 90 91.6 92.3 91.7 91 90.2 90.6 91.8 93.6 95.3 97.3 99.3 100.5 101.4 101.4 101.4 101 98.7 95.9 89.9 82.8 80.2 85.7 87.8 89.4 91.4 93 96.7 100.7 104 107 108.7 110.6 112.2 113.4 114 114.2 113.3 113.4 113.6 113.5 113.4 113.3 112.2 111 107.8 104 97.1 91.9 88.5 86.2 86 86.2 86.3 87.6 90.5 94 96 96.4 96.1 95.5 97.5 100.1 101.3 101.7 101.9 101.8 100.6 99.3 98 97.4 96.7 96.4 96 95.6 95.2 93.5 91.5 90.1 89.1 87.3 83.1 78.6
89.7 89.5 90.1 90.2 89.7 89.1 88.5 88.1 90.1 91.9 94.2 96.4 97.9 99.1 100.4 101.4 101.5 101.2 100.1 97.6 93.8 87.3 79.7 78.5 83.7 85.2 87 88.4 92.5 97.4 101.3 104.3 106.4 108.4 110.2 111.4 112.3 112.5 111.7 111.9 112.1 112.2 112.1 112.3 112.6 111.7 108.8 104.8 101 97.1 94.9 93.4 92.9 92.2 91.7 92.5 93.7 93.1 93.9 94.8 95.2 95.4 96.7 99.3 101.8 102.6 103 103.4 102.5 101.6 101 100.8 100.5 100.6 101 100.7 99.6 97.8 95.6 93.4 90.7 89.3 87.3 82.2
90.7 90.1 89.4 87.6 86.9 86.1 84.9 85.1 87.8 89.8 92.9 95.2 96.3 97.2 98.6 99.8 100.8 101.3 100.1 98.9 96 92.9 85 79.3 78.4 83.4 84.8 86.2 88.4 93 97.7 101.2 104.2 106.3 108 109.1 110.1 110.7 110.1 110.3 110.5 110.7 111 111.4 111.8 111.6 109 105.7 102.7 102 101.6 101.9 101.9 100.1 98.7 98.3 98.2 96.4 94.6 93.3 93.6 94.4 95.5 98.8 101.2 102.6 102.9 103.6 104.2 103.3 103.1 102.8 103.3 104.3 104.9 104.3 103.4 101.3 99 96.1 92.9 91.2 88.7 85.2
92.3 90.2 88.1 85.9 84.3 83 81.6 80.9 84 87.6 90.7 92.9 93.8 94.7 96.6 98 98.9 100.4 100.1 99.1 97.3 94 91 84.9 81.2 81.6 83.2 84.4 84.8 88.6 93.4 98.6 101.5 103.7 105.3 106.7 107.6 108 109 109.5 109.9 110.3 110.6 110.8 111.2 110.6 110 107.3 106.3 106.2 107.5 108.2 107.9 106.6 104.4 102.7 100.9 98.9 97 95 93.6 93.4 95 97.9 99.9 102.1 103.3 104 104.7 105.8 106.8 107.1 107 107.5 108 107 106.3 105.7 102.3 98.8 95.4 92.3 89.3 87
92.8 89.9 87.2 84.3 82.7 81.2 79.3 79.6 81.3 84.7 87 88.9 90.9 92.5 94.4 96.1 97.4 98.9 99.5 99.2 98.4 96.4 93.9 89.4 83.8 80.3 81.4 81.8 82.7 83.5 88.6 94.1 98.2 101.1 102.7 104.2 105.2 105.9 107.3 108.6 109.3 109.9 110.1 110.3 110.5 109.9 109.3 109.9 109.2 108.8 110.7 111.5 111.4 109.9 108.2 105.3 102.6 100 98.5 97 95.3 94.8 95.7 97.9 100.4 102.6 103.9 104.7 105.3 106.6 108 108.8 109.4 109.5 108.8 108.1 107.9 108.3 105.5 101.6 97.8 93.1 90 88.1
