public/OST50/SW42.asc
ncols 200
nrows 200
xllcorner 140000
yllcorner 20000
cellsize 50
[rows 111 to 147 of 200, columns 0 to 83 of 200]
93.1 90.5 87.1 84 82 80 78.4 78 78.7 81 83 85 87.1 90.4 92.4 94.2 95.7 97.1 99 99.5 98.6 97.1 95.1 93.2 90.1 82.8 79.7 80 81.6 82.5 84.3 89.6 94.5 97.2 100.1 101.8 102.8 104.2 105.5 106.9 108.3 109.2 109.2 109.2 109.2 108.8 109.3 109.9 110.9 111.1 112.1 112.7 112 110.8 109.2 106.9 104.2 100.9 99.3 97.9 97.4 96.9 96.8 99 101.3 103.3 104.4 105.4 105.8 107 109 109.4 109.8 109.9 109.4 109.2 109 108.6 107.6 103.7 99.8 96.2 92.7 89.5
93.3 91.4 88.5 84.8 82.3 79.7 78.7 77.8 77.8 79.1 79.9 81.2 83.5 87 90.7 92.6 94.1 95.8 97.6 98.9 98.5 97.8 96.1 94.4 91 85.3 78.9 78.9 80.4 81.5 82.4 84.9 89.2 93.1 96.9 99.3 100.8 102.3 103.8 105.2 106.4 107.2 107.5 107.8 107.8 108.3 109 109.6 110.3 112 113.2 113 112.3 110.9 109.8 107.5 105.5 103.5 100.6 99 98.7 98.4 98.1 100.1 102.2 103.9 105 105.8 106.3 106.9 107.7 108.7 109.3 109.5 109.3 108.8 108.3 108.4 107.2 103.9 103 98.8 95 91.7
92 90.1 87.9 85.7 83.6 81.2 79.8 78 77.6 77.4 78.1 78.8 80 84 87.9 90.9 92.9 94.9 96.7 98.2 98 96.7 95.4 94.5 91.7 87.2 81.8 78.3 79.1 79.2 80 81.9 85.7 89.4 93 96.5 98.1 100 102 103.4 104.4 105.1 105.4 105.7 106.4 107.5 108.1 108.8 109.4 111.5 112.6 112.5 112.2 111.1 110.1 108.1 106.5 105.1 103.6 101.4 99.9 99.6 99.2 100.6 102.7 104.3 105.3 106.1 106.6 107 107.8 108.5 108.3 108.2 108.1 108 108.4 108.2 107.2 106.1 104.6 100.3 96.6 93.1
90.4 88.7 86.7 85.3 83.8 82.8 80.8 78.9 77.3 75.1 76.3 77.3 78.5 81.1 85.1 88.4 91.1 93.4 95.9 97.3 97.4 96.5 95.7 94.6 92.8 90.3 85.6 81.1 78.6 78.2 78.3 79.6 82.4 85.2 88.7 92.7 95.9 97.9 99.8 101.4 102.4 103.1 103.4 103.9 104.7 106 107.2 107.9 108.6 110.3 111.2 111.3 111.4 111.3 110.4 109 107.5 106 104.5 103.1 102.1 100.8 100 100.3 102 103.6 105.1 106.4 106.9 107.2 107.9 107.9 107.7 107.5 107.4 107 107 107.4 106.4 104.8 103.3 100.6 97.1 93.6
88.8 86.8 85.2 83.6 82.6 82 80.8 79.3 76.1 73.8 73.8 75.5 77.5 80 82.6 86.4 89.1 92.5 94.9 96.8 97.6 97 96.2 95.1 94.2 92.6 90 85.7 82.6 79.9 78.2 78.5 79.3 81.1 84.5 89.1 93.2 95.4 97.5 99.2 100.4 101.1 101.6 102.3 103.1 104.3 105.6 106.8 107.8 109 109.8 110.1 110.4 109.9 109.5 108.8 108 106.5 105 103.4 101.8 100.7 99.5 99.7 101.4 103 104.7 106.4 107.3 107.4 107.5 107.2 107 106.8 106.3 105.8 104.8 105.3 104.9 103.4 102.2 99.8 97 94.5
86 84.2 82.8 81.5 81.1 80.4 79.1 77.4 75.3 73 73.3 74.5 76.6 79 81.6 84.3 87.6 91.6 93.9 95.8 97.6 97.1 96.7 95.8 95 93.9 92.6 89.8 87.2 84.3 81.5 78.7 77.5 78.3 80.1 84.8 89.6 92.8 95.1 97.3 98.7 99.2 100 100.7 101.5 102.8 104.1 105.5 106.4 107.3 108.2 108.6 109.3 109 108.6 107.9 107.1 106.5 105.1 103.4 101.7 99.4 98.4 98.6 100.9 102.7 104.3 106 107 107.2 106.9 106.6 106.2 105.6 105 104.4 103.4 102.8 102.6 101.9 100.7 98.9 96.5 94.2
84.7 83.5 82.2 80.9 79.7 78.4 76.9 75.7 74.5 73.5 72.8 73.3 75.2 77.8 80.7 83.3 86.8 90.8 92.8 95.1 96.5 96.8 96.4 95.8 95.2 94.8 93.9 92.4 90.1 87.7 84.8 81.5 78.3 75.3 76.6 81.2 87.8 91 93.9 95.9 97.5 98.1 98.8 99.7 100.6 101.8 103.1 104.3 104.8 105.3 106.3 106.8 107.9 108.2 107.7 107 106.4 105.9 104.7 103.2 101.5 98.4 96.7 97.6 99.9 102.1 103.9 105.3 106.5 106.7 106.4 106.1 105.8 105.3 104.3 103 101.7 100.4 100.5 99.9 98.7 97 95.4 93.6
85.2 83.3 82.1 80.7 78.9 77.9 76.3 75.8 74.3 73.2 72.6 72.7 73.8 76 78.7 82.2 86 89.8 92.3 94.4 95.4 95.7 95.9 95.7 95.3 94.9 94.3 92.7 90.6 88.2 85.9 83.4 79.8 76.1 74.6 76.9 83.1 88.2 92.1 94.6 96.1 97 97.9 98.8 99.6 100.7 102 102.7 103.1 103.6 104.4 104.9 106.5 107 106.9 106.3 105.8 105.2 104 102.8 101.2 97.5 95.1 95.6 98.2 100.8 102.7 104.1 105.3 106 105.8 105.6 105.2 104.5 103 101.7 100.3 99 97.7 96.8 95.9 94.8 93.4 91.8
85.9 83.7 81.9 81 80.1 80.4 80.1 77.8 75.2 73.9 73.1 72.3 72.8 74.2 75.8 80.7 84.8 88.8 91.3 92.8 93.9 94.7 94.9 95.1 95.1 94.9 94.6 93 90.9 88.7 86.5 83.8 80.6 77.1 73.5 74.8 79.9 86 90.3 93.4 94.6 96 96.9 97.8 98.7 99.6 100.6 101 101.5 102 102.4 103.4 105.2 105.8 105.6 105.3 104.8 104.5 103.7 102.3 100.3 96.5 93.9 93.4 96.5 98.5 100.4 101.9 103.4 104.4 105.1 105.1 104.6 103.2 101.8 100.4 99 97.7 96.5 95.2 93.3 91.9 90.8 89.5
86.7 84.8 83.1 82.7 84 84.4 84.5 83.4 81.2 77.5 74.2 72.2 71.7 72.3 74.5 79.3 83.6 87.8 89.9 91 92 93.1 94.1 94.5 94.5 94.6 94.6 93.5 92.1 89.7 87.5 84.1 81 77.9 75 73.6 76.6 83.5 89.2 91.6 93 94.9 95.8 96.7 97.7 98.5 99 99.4 99.9 100.4 100.8 101.8 103.5 103.9 104 104 103.8 103.7 103.3 101.6 99.2 96.1 92.9 91.4 93.3 96.2 98 99.6 101.9 102.8 104.6 104.1 104 102.6 101.3 99.9 98.5 97.1 95.6 94.2 92.3 90 88.2 86.4
87.6 85.5 84.6 85.3 86.7 88 88.2 87.6 86 83.4 78.1 72.1 71 70.9 73.3 77.4 82.7 86.7 88.2 89.3 90.4 91.5 92.5 93.4 94.4 95 95.1 94.3 93.5 92.1 90 86.9 83.5 80.6 78.2 72.6 73.1 81 86.3 90.1 91.9 93.6 94.8 95.9 97 97.2 97.5 98 98.5 98.6 99.1 100 101.4 101.9 101.7 101.8 102.2 102.3 102.7 101 97.9 95.1 92.4 90.1 91.7 93.9 95.3 97.2 100.4 102 104 103.9 103.7 102.5 101.1 99.8 98.3 96.7 95.3 94 92.8 90.6 87.8 84.5
88.9 87.4 87.3 88.7 88.8 89.8 89.3 88 86.5 84.9 79.4 73.1 70.4 70.8 73.5 75.3 81.1 84.6 86.3 87.5 88.7 89.9 91 91.9 92.9 93.8 94.7 95.3 94.5 93.3 92 90.2 86.8 84.3 81.5 75.1 71.7 75.7 82.5 87.2 90.8 92.6 94.3 95.4 96.2 95.9 95.6 96.5 96.3 96.7 97.6 98.4 99.5 99.9 99.7 99.7 100.3 100.7 101.1 100.5 97.8 95.5 92 89.6 89.4 91.1 93.1 96 99 101 102.9 103.4 103.1 102.3 101 99.6 98.1 96.4 95 94 93 91.2 89.2 85.8
90.8 90.5 90.2 90.5 90.5 90.6 90 88.6 87.1 85.6 80.3 74.3 70.3 69.9 72.9 73.3 76.6 81.8 82.3 85.1 86.5 87.9 89.8 91.2 92.2 93.1 94 95.4 95.3 94.5 93.3 91.9 89.5 86.3 82.9 78 72.5 69.6 77 83.8 88.7 91.6 93.4 94.9 94.8 94.3 93.8 93.6 94.2 95.1 96 96.9 97.9 98.1 98.1 98.5 99.2 99.6 99.8 99.9 97.5 95.1 91.9 89.3 88.3 89.6 92.7 95.1 97.7 99.7 101.2 102.1 102.5 102 100.4 98.9 97.4 95.7 94.7 93.9 93.1 91.3 90.2 87.5
91.9 91.2 90.8 89.9 89.8 90.1 90.5 89.3 87.8 86.5 83.2 78.6 74 71.1 67 68.4 71.3 71 76.9 81.6 83.1 85.8 87.9 90.1 91.5 92.4 93.4 95 95.4 94.6 93.9 92.9 90.6 87.9 84 79.1 75.1 69.1 72.8 80 86.5 90.4 92.5 93.3 93.1 92.6 92 91.5 92.2 93.2 94.3 95.3 96.1 96.3 96.3 96.8 97.6 98.3 98.4 98.6 97.3 95 92.8 90.1 87.6 88 90.3 93.8 96.4 97.8 99.2 100.2 101.3 101.5 100.4 98.3 96.8 94.7 93.1 91.5 90.8 89.8 89 88.6
92.5 91.6 90.8 89.6 89.2 89.5 89.1 88.7 88.3 87.2 86.3 84.2 80.7 76.7 74.1 71.6 68.7 65 66.5 72.3 79.3 84 86.9 88.4 90.3 91.7 93 94.3 94.7 94.4 93.9 92.5 91.1 89 85 80.8 75.8 68.1 69.6 77.2 83.7 88.1 90.6 90.8 90.8 90.8 90.5 89.9 90.2 90.7 91.9 93.1 94.2 94.5 94.2 95.2 96.2 96.9 97 97.6 96.9 96.2 94.6 91.6 88.2 86.6 88.9 93.4 95.7 96.8 97.9 98.8 99.7 100.6 99.6 97.9 96.1 93.1 89.9 88.2 87 86.6 86.9 86.5
92.2 91 90 89.3 88.5 88.2 87.7 87.2 87.1 87.8 87.7 86.6 84.4 81.7 79 77 75.3 72.3 64.8 65.7 74 81.6 86 88.1 89.9 91 92.7 93.5 94 93.7 92.7 91.6 90.1 87.7 84.3 81.1 75 66.1 65.1 73.5 79.6 83.8 87.2 88.3 88.3 88.3 88.3 88.2 88.7 89.1 89.6 90.4 91.4 92.3 92.7 93.8 94.8 95.5 96 96.6 96.5 96 95 93 89.4 87.1 88 91.8 94.4 95.4 96.4 97.3 98 98.8 98.7 97.9 95.2 91.6 88.2 85.3 83.6 83.2 83.8 83.7
92.1 90.6 89.6 89 87.7 86.9 86.8 86.2 86.2 87 87.7 87.6 86.5 84.9 83 81 79 76.7 69.8 60.7 70.4 78.8 84.9 88 89.3 90.4 91.7 92.6 93.1 92.4 91.5 90.5 88.9 86.9 83.9 80.8 75 63.9 61.4 68.9 74.7 78.9 82.2 84.2 85.3 85.3 85.3 85.4 86.2 86.8 87.4 88.1 88.8 89.6 90.6 91.7 92.8 93.8 94.4 95 95.4 95 94.3 92.9 90.1 85.3 86.6 89.4 92 93.8 94.5 95.3 96.1 97 97.4 97.7 95.1 91.6 87.6 84 81.1 79.9 79.9 80
92.1 90.6 89.6 88.5 86.9 85.3 84.9 84.8 85.2 86.1 87.2 87.6 87.3 86.4 85.2 83 81 78.5 71.5 62.9 67.1 77.9 82.4 86.6 88.4 89.6 90.7 91.7 92 91.1 90.2 89.4 87.4 85.3 82.7 79.9 76.1 66.2 61.1 65.1 70.1 73.8 76.5 79.6 81.2 82.3 82.5 82.6 83.5 84.4 85.2 86 86.6 87.4 88.4 89.6 90.9 91.9 92.5 93.1 93.6 93.2 92.7 92.2 89.5 85.1 83.3 87 89.6 91.5 92.3 93 93.7 94.6 96.4 96.6 95.1 91.5 86.8 82.6 79.2 76.1 75.3 74.6
91.5 90.7 89.2 87.6 86 84.4 82.9 82.9 83.4 85.1 86.3 87.5 87.5 86.7 85.5 83.7 81.6 78.5 73.1 64.6 63.3 75.9 79.2 83.1 86.7 87.8 89.4 91 90.8 90.1 89.3 88.5 86.5 84.4 81.8 79 75.8 69.3 63 60.2 66 69 72.2 75.1 76.1 77.7 78.3 79.5 80.4 81.2 82.2 83.6 84.7 85.3 86.4 87.8 88.9 89.9 90.6 91.2 91.8 91.6 91.4 91 89.1 84.3 80.1 82.9 86.1 89 90.3 91.2 92 93 94.5 95.4 94.7 91.4 87.3 82.7 78.6 75.1 72.5 71.3
90.1 89.7 87.8 86.2 84.8 83.4 81.9 81.1 81.6 83.6 85.4 86.6 87.2 86.7 85.5 83.6 80.8 77.6 73.2 64.5 58.9 70.4 78.4 80.8 85.3 86.6 88.3 89.5 89.7 89 88.3 87.6 86.5 84.5 81.8 78.8 75.7 71.5 63.8 59 61 66.3 68.8 70.5 71.2 72.2 73.4 74.6 76.1 78.1 80.1 81.7 82.4 82.7 84.3 85.6 87 88.1 88.9 89.4 89.9 90.4 90 89.7 86.6 82.4 78.1 78.7 82.6 86.4 88.1 89.2 90.4 91.5 92 93.6 92.5 90.8 88.2 84 80 77.1 72.5 68.7
87.6 88.6 86.8 84.6 83.1 81.7 80.6 79.4 80.5 82.4 84.5 85.6 85.6 85.5 84.6 82.3 79.3 76.2 72.8 66.7 53.1 63.2 75.3 79.2 83.9 85.5 86.5 87.5 88.5 87.8 87.5 87.3 86.8 84.6 81.6 78.5 75.4 72.2 67.5 61.4 56.1 61.6 66.1 67.6 65.3 64.8 65.1 67.7 71.7 73 75.5 77.9 78.7 80.2 81.6 82.6 83.6 85 86.4 87.4 88 88.4 88.3 87.6 84.9 81.2 75.4 74 77.2 81.1 84.7 85.8 86.7 87.3 88.8 90.1 89.8 89.4 87.1 85.1 82.1 79.3 74.3 69.7
84.9 85.7 84.1 82.3 81 79.8 78.4 78.5 79.6 81.8 83.9 84.1 84 83.9 83.5 80.9 77.6 74.1 71.5 69.7 57.2 55.5 67.2 76 80.9 83.5 84.8 86.4 87.2 87.3 87.2 87 86.8 84.5 81.7 78.8 76 73.2 69.4 62.3 54.4 57.5 63.8 65.7 62.5 55.7 54.1 57.5 61.9 64.7 67.6 72 75.3 77.3 78.7 79.6 80.6 81.5 82.9 84.6 85.9 86.1 86 85.1 83.1 80.3 75.2 68.7 71.1 75.1 77.8 81.7 82.2 82.9 85 87.1 88.3 88 86.2 85 83.3 79.7 75.8 71.4
82.1 82.9 81.4 79.6 78 77.3 76.1 77.7 79.4 81.2 82.9 82.8 82.5 82.3 82.1 80.6 75.8 71.5 68.7 68.5 61.1 48.5 61.4 73.1 77.7 82 83.4 85 86.2 86.3 86.3 86.4 86.3 84.4 82.1 79.8 77.6 75.3 72.5 68 60 50.4 55.4 62 61.5 55.2 48.2 42.9 45.5 49.8 54.5 63.4 69.7 72.2 74.5 74.8 75 77.6 80.1 82.1 83.4 84 83.6 82.8 80.7 78.3 72.7 65 63.8 67.5 69.8 71.8 77.5 80.1 82.4 84.6 85.6 85.4 85.3 83.8 81.5 77.9 74.2 69.5
79.2 79.5 78.5 76.7 75 74.4 74.3 75.6 78.4 80.2 81.1 80.7 80.3 79.9 79.5 78.3 73.6 68.5 64.7 64.6 52.8 45.9 62.4 72.3 75.7 79.5 82 83.6 84.8 85.2 85.3 85.5 85 83.3 81.5 79.5 77.3 75 72.8 70.3 64.4 52.3 46.3 50.7 56.3 50 41.4 32.8 34.3 36.9 38.1 47.5 57.5 66.3 68.1 69.2 70.7 73.4 76.5 79.5 80.9 81.9 81.4 80.2 78.4 75.9 70.6 61.9 56.1 55 58.7 63.5 71.2 77.1 78.2 79.9 80.6 82.1 83 80.8 78.3 74.9 72.8 68.2
74.2 76.3 75.7 74 72 71 72 73.6 76.8 77.9 78.5 77.5 77.5 77.4 76.3 75.2 71.9 64.6 56.6 56.8 47.5 44.1 60 72.6 75.7 78.4 80.8 82.2 83 83.7 83.5 83.8 82.7 81.2 79.7 78.2 76.6 74.7 72.7 70.4 66 55.7 37.9 34.5 38.8 33.6 26.6 22.9 24.2 27.6 29 29.9 38.5 45.9 51.9 56.2 60.5 67.7 71.2 75.6 78.7 79.7 79.4 77.9 75.8 72.7 67.2 57.6 48.1 41.9 45.2 52 58.9 67.6 67.5 70.6 76 79 78.4 76.6 73.6 68.8 62.6 57
60.7 72.6 73.6 71.4 70.3 66.4 67.3 72.1 75.1 75.6 75.9 74.4 74.2 73.7 72.9 72.8 69.7 61.8 50.1 42 36.6 44.7 63.3 71.9 74.1 76.8 79.6 80.3 80.9 81.3 81.4 81.4 80.7 79 77.6 76.1 74.7 73.3 71.5 69.6 65 56.7 44.6 24.7 20.1 18.4 18 16.1 17.7 19.8 20.8 20.5 23.3 22.3 28.8 32.7 37.3 49 60 70.5 75.7 77.6 76.5 74.7 72.1 68.1 60.9 50.4 39.2 32.4 2.7 35.4 43.8 46.2 45.9 48.5 70.7 73.2 72.2 68.7 62 52.8 46.3 34.6
44.6 55.7 63.7 68.2 65.2 58.9 63.2 70.4 73.2 73.7 73.2 71.2 70.4 70 69.4 69.8 67.3 58.4 41 28.3 27.8 50.8 62.8 70.9 73.3 75.2 76.9 77.8 78.4 78.8 78.9 79 78.5 76.3 74.8 73.3 71.8 69.8 68.8 67.1 62.7 53 41.6 22.8 13.9 11.4 10.9 5.2 8.8 8.5 14.5 14.7 -1.6 -1.6 -1.6 -1.6 -1.6 20.3 35.4 53.2 70.6 75.2 72.3 69.2 63.6 55.5 45.8 35.9 -1.6 -1.6 -1.6 -1.6 -1.6 -1.6 -1.6 -1.6 54.8 61 61.2 54.8 43.1 32.3 21.2 -1.6
30.5 38.8 46.9 50.1 47 50.9 63.2 68.4 70.2 70.2 68.6 66.9 65 64.3 64.2 65.7 64.1 58.5 37.6 18.2 19.7 32.2 53.5 68.8 72.1 73.4 74 75 76 76.3 76.8 77.2 76.4 73.8 72.1 70.3 67.8 64.7 63.5 60.9 56.2 48.5 35.5 18.8 11.3 7.8 2 -1.6 -1.6 -1.6 -1.6 -1.6 -1.6 -1.6 -1.6 -1.6 -1.6 -1.6 -1.6 33.1 72.3 71.2 63.5 55.5 49 41.1 30.3 20.2 -1.6 2.5 -1.6 -1.6 -1.6 -1.6 -1.6 -1.6 -1.6 -1.6 43.7 38.2 28.4 16.6 -1.6 -1.6
18.2 24.1 29.8 30.7 34.3 46.3 64.2 65.4 65.9 62.2 60.3 58.9 59.8 57.7 56.6 61.4 62.2 58 29.5 -1.6 -1.6 -1.6 38.4 63.6 70.9 71.5 71.6 72.4 73.5 74.5 75.2 75.4 74.3 71.9 69.8 66.9 63.6 59.7 55.7 53.5 47.6 39.1 25.8 15.2 10.1 1.5 -1.6 -1.6 -1.6 -1.6 -1.6 -1.6 -1.6 -1.6 -1.6 -1.6 -1.6 -1.6 -1.6 -1.6 43.6 53.9 47.2 32.7 24.9 20.9 9.8 7.4 -1.6 -1.6 -1.6 -1.6 -1.6 -1.6 -1.6 -1.6 -1.6 -1.6 -1.6 -1.6 17 -1.6 -1.6 -1.6
10.9 12.6 15.3 19.4 33.4 52.6 61.4 62.6 59.3 53.5 48.2 44.9 35.8 30 31.3 46.5 59.4 54.5 25.2 -1.6 -1.6 -1.6 -1.6 60.3 69.4 68.7 65.4 62.9 70.2 70.8 72.2 73.7 72.7 70.5 68.2 65 60.2 55.3 48.8 42.8 35.2 27.8 18.4 11.1 1.6 -1.6 -1.6 -1.6 -1.6 -1.6 -1.6 -1.6 -1.6 -1.6 -1.6 -1.6 -1.6 -1.6 -1.6 -1.6 -1.6 28.1 32.7 16 -1.6 -1.6 -1.6 -1.6 -1.6 -1.6 -1.6 -1.6 -1.6 -1.6 -1.6 -1.6 -1.6 -1.6 -1.6 -1.6 2 -1.6 -1.6 -1.6
11.7 10.2 10.2 17.1 32.7 52.1 62.1 59.5 55.5 44.9 37.4 28.7 14 -1.6 -1.6 14.6 23.7 28.5 -1.6 -1.6 -1.6 -1.6 -1.6 -1.6 64.4 49.9 42.5 32.6 55.1 62.7 53.9 63 70.8 69.1 66.8 64 58.2 52 42.7 32.9 26 18.9 11.7 1 -1.6 -1.6 -1.6 -1.6 -1.6 -1.6 -1.6 -1.6 -1.6 -1.6 -1.6 -1.6 -1.6 -1.6 -1.6 -1.6 -1.6 -1.6 -1.6 -1.6 -1.6 -1.6 -1.6 -1.6 -1.6 -1.6 -1.6 -1.6 -1.6 -1.6 -1.6 -1.6 -1.6 -1.6 -1.6 -1.6 -1.6 -1.6 -1.6 -1.6
13.9 10.3 9.2 15.9 27.7 43.6 58.5 57.9 51.9 36.8 26.7 -1.6 -1.6 -1.6 -1.6 -1.6 -1.6 -1.6 -1.6 -1.6 -1.6 -1.6 -1.6 -1.6 39.7 -1.6 -1.6 -1.6 -1.6 34 27.7 29.2 65.2 65.7 64.1 61.4 56.3 47.2 34.5 23.6 17.8 10.8 -1.6 -1.6 -1.6 -1.6 -1.6 -1.6 -1.6 -1.6 -1.6 -1.6 -1.6 -1.6 -1.6 -1.6 -1.6 -1.6 -1.6 -1.6 -1.6 -1.6 -1.6 -1.6 -1.6 -1.6 -1.6 -1.6 -1.6 -1.6 -1.6 -1.6 -1.6 -1.6 -1.6 -1.6 -1.6 -1.6 -1.6 -1.6 -1.6 -1.6 -1.6 -1.6
19.6 13 9 9.8 20.8 33.2 49.8 56.5 49.6 32.7 20.8 -1.6 -1.6 -1.6 -1.6 -1.6 -1.6 -1.6 -1.6 -1.6 -1.6 -1.6 -1.6 -1.6 -1.6 -1.6 -1.6 -1.6 -1.6 -1.6 -1.6 -1.6 14.1 37.9 53.8 57 51.9 40.4 28.3 19.1 10.8 -1.6 -1.6 -1.6 -1.6 -1.6 -1.6 -1.6 -1.6 -1.6 -1.6 -1.6 -1.6 -1.6 -1.6 -1.6 -1.6 -1.6 -1.6 -1.6 -1.6 -1.6 -1.6 -1.6 -1.6 -1.6 -1.6 -1.6 -1.6 -1.6 -1.6 -1.6 -1.6 -1.6 -1.6 -1.6 -1.6 -1.6 -1.6 -1.6 -1.6 -1.6 -1.6 -1.6
29.7 26.3 18.6 10.3 9.3 20.1 33.2 48 50.7 33.3 -1.6 -1.6 -1.6 -1.6 -1.6 -1.6 -1.6 -1.6 -1.6 -1.6 -1.6 -1.6 -1.6 -1.6 -1.6 -1.6 -1.6 -1.6 -1.6 -1.6 -1.6 -1.6 -1.6 -1.6 24.9 36.4 43.7 31 17.5 10.1 -1.6 -1.6 -1.6 -1.6 -1.6 -1.6 -1.6 -1.6 -1.6 -1.6 -1.6 -1.6 -1.6 -1.6 -1.6 -1.6 -1.6 -1.6 -1.6 -1.6 -1.6 -1.6 -1.6 -1.6 -1.6 -1.6 -1.6 -1.6 -1.6 -1.6 -1.6 -1.6 -1.6 -1.6 -1.6 -1.6 -1.6 -1.6 -1.6 -1.6 -1.6 -1.6 -1.6 -1.6
40.6 38.5 30.9 18.4 8.2 7.8 18.1 28.6 40 38 -1.6 -1.6 -1.6 -1.6 -1.6 -1.6 -1.6 -1.6 -1.6 -1.6 -1.6 -1.6 -1.6 -1.6 -1.6 -1.6 -1.6 -1.6 -1.6 -1.6 -1.6 -1.6 -1.6 -1.6 -1.6 -1.6 -1.6 3.3 -1.6 -1.6 -1.6 -1.6 -1.6 -1.6 -1.6 -1.6 -1.6 -1.6 -1.6 -1.6 -1.6 -1.6 -1.6 -1.6 -1.6 -1.6 -1.6 -1.6 -1.6 -1.6 -1.6 -1.6 -1.6 -1.6 -1.6 -1.6 -1.6 -1.6 -1.6 -1.6 -1.6 -1.6 -1.6 -1.6 -1.6 -1.6 -1.6 -1.6 -1.6 -1.6 -1.6 -1.6 -1.6 -1.6
52.3 54.9 48.3 35.1 18.8 -1.6 -1.6 -1.6 -1.6 27.1 -1.6 -1.6 -1.6 -1.6 -1.6 -1.6 -1.6 -1.6 -1.6 -1.6 -1.6 -1.6 -1.6 -1.6 -1.6 -1.6 -1.6 -1.6 -1.6 -1.6 -1.6 -1.6 -1.6 -1.6 -1.6 -1.6 -1.6 -1.6 -1.6 -1.6 -1.6 -1.6 -1.6 -1.6 -1.6 -1.6 -1.6 -1.6 -1.6 -1.6 -1.6 -1.6 -1.6 -1.6 -1.6 -1.6 -1.6 -1.6 -1.6 -1.6 -1.6 -1.6 -1.6 -1.6 -1.6 -1.6 -1.6 -1.6 -1.6 -1.6 -1.6 -1.6 -1.6 -1.6 -1.6 -1.6 -1.6 -1.6 -1.6 -1.6 -1.6 -1.6 -1.6 -1.6
63.3 64.7 59.8 52.6 33.4 -1.6 -1.6 -1.6 -1.6 -0.3 -1.6 -1.6 -1.6 -1.6 -1.6 -1.6 -1.6 -1.6 -1.6 -1.6 -1.6 -1.6 -1.6 -1.6 -1.6 -1.6 -1.6 -1.6 -1.6 -1.6 -1.6 -1.6 -1.6 -1.6 -1.6 -1.6 -1.6 -1.6 -1.6 -1.6 -1.6 -1.6 -1.6 -1.6 -1.6 -1.6 -1.6 -1.6 -1.6 -1.6 -1.6 -1.6 -1.6 -1.6 -1.6 -1.6 -1.6 -1.6 -1.6 -1.6 -1.6 -1.6 -1.6 -1.6 -1.6 -1.6 -1.6 -1.6 -1.6 -1.6 -1.6 -1.6 -1.6 -1.6 -1.6 -1.6 -1.6 -1.6 -1.6 -1.6 -1.6 -1.6 -1.6 -1.6
