public/OST50/SW52.asc
ncols 200
nrows 200
xllcorner 150000
yllcorner 20000
cellsize 50
[rows 0 to 37 of 200, columns 84 to 167 of 200]
62.5 65.2 68.1 70.1 72.2 74.1 76.5 77.4 79.6 80.8 82 82.5 83.5 84.4 84.8 85.7 85.6 83.1 81.6 80.9 80.7 80.4 80.6 80.8 81.7 82.3 83.1 83.5 84.6 84.6 83.8 82.8 82.1 80.2 78 74.8 72.5 72.5 71.6 70.5 68.7 67.7 65.6 63.9 60.9 58.2 56.8 58.9 60.5 61.6 61.7 61.3 60.1 58.1 55.9 49.2 46.9 50.6 55.1 58.2 59.7 60.9 61.4 61.4 62.4 61.8 60.9 59.8 58.9 56.2 51.3 50.2 51 54.1 57.2 59.4 60.8 60.9 60.9 61.3 62.3 63.6 65.6 69.7
63.9 65.7 69.8 71.7 73.8 75.5 76.6 78.3 79.5 80.9 82.3 83.3 84 84.8 85 85.4 85.9 84.7 82.2 81.4 81.1 80.9 81.2 81.8 81.8 83.2 83.3 83.3 84.7 84.5 84.3 82.8 81.3 79 77 75.7 75.2 74.6 74.1 73.5 72.1 70.1 68.1 65.5 61.6 59.4 57.1 55.4 57.4 58.4 59 58.7 58.4 57.1 53 48.2 48.8 52.9 57.6 60.4 61.9 63.3 64.3 64.9 65.2 64.9 63.9 62.5 61.7 58.9 55.5 51.9 51.9 54.9 58 59.9 61.4 61.9 61.8 61.9 63 65.1 67 69.4
65 67.3 70.7 72.8 74.6 75.7 76.6 78 79.2 80.5 81.8 82.8 83.6 84.2 84.9 85.6 85.7 84.2 82.6 81.7 81.9 81.2 81.4 82.3 82.7 83.9 83.9 84.3 84.3 84.5 84.4 83.2 81.5 80.2 79.2 77.9 77.8 77.4 77.4 76.3 75 72.3 69.3 66.9 64 61 59.7 58.1 55.1 54.2 54.3 55.3 56.1 54.3 50 49.1 50.5 56.3 60 62.8 65.1 66.7 66.7 67.2 67.4 67.1 66.2 64.4 62.3 60.1 57.5 54.3 51.9 53.9 57.3 58.9 60.3 61 60.9 61.7 63.4 65.6 67.9 70.2
64.9 68.5 71 73.1 74.5 75.6 76.7 77.6 79.1 80.4 81.3 82.3 83.1 83.6 83.6 83.6 83.6 83.1 81.7 81.3 81.2 81.9 82.1 82.5 83.1 83.1 84.5 84.8 84.2 84.3 84.4 82.7 81.6 81.3 80.8 80.1 80 79.4 79.3 79.5 77.8 75.2 71.4 69 66.5 63.9 63.1 61.8 60.2 57.3 54.4 53.4 52.1 51.3 50.9 51.3 54.3 59.1 62.3 65.3 67.3 68.7 69.2 70.3 70.1 69.9 68.9 67.4 64.8 62.1 60 56.8 53.1 52.4 54 56.5 58 59.1 59.9 60.8 62.3 64.1 67.3 70.9
64 68.4 70.6 72.6 73.7 75 76.4 77.7 79.3 80.5 82.1 82.2 82.8 82.9 82.8 82.4 82 81.7 80.6 80.5 80.8 81.7 81.5 82.2 83.8 83.6 84.5 84.8 84.3 84.6 84.2 83.3 82.8 82.7 82.5 82 81.7 81.2 81.6 80.5 79.4 77.8 74.7 72 69.7 67.6 66.4 65.1 63.8 61.7 59.8 58.3 55.2 53.7 52.2 53.1 57.3 61.3 64.7 67.1 69.1 70.1 71.2 72.1 72.1 71.3 70.3 68.9 67.1 64.9 62.5 59.2 55.4 54.7 54.1 54.7 55.7 57.5 57.3 59.1 60.6 63.2 66.6 69.7
62.4 66.4 68.2 70.2 72.4 73.9 75.5 77.7 79.2 80.5 82 82.4 82.1 82.1 82.2 81.6 80.4 79.8 79.5 79.7 80.8 80.8 81.3 82.1 83.5 83.6 84.3 84.3 84.6 84.8 84.9 84 84 84.1 83.6 83.3 82.6 82.4 82.1 81.8 81.4 80.6 78 75.7 73 70.1 68.6 67.3 66 64.8 63.2 61.4 58.7 55.8 53.2 54.9 59.4 62.6 65.8 68.5 70.2 71.6 72.8 73.5 73.4 72.9 71.7 70.5 69.2 66.7 64.1 60.1 58.1 57.6 57.2 57.5 58.2 58.1 58.1 58.4 59.4 62.1 65.2 68.5
60.4 63.7 65.6 68.4 70.3 73.1 74.5 76.9 79 80.1 81.4 82.4 82.2 81.6 81.1 80.1 79 78 76.8 78.2 79.6 80.5 81.2 81.9 83.1 83.2 83.9 84 84.2 84.2 84.6 84.4 84.5 84.6 84.3 84 83.6 83.2 82.6 82 80.8 80.3 78.7 77 75.1 73.1 70.8 69.5 68.1 66.8 65.1 63 59.8 56 55 57.5 60.7 63.9 67.2 69.6 71.2 72.6 73.8 74.5 74.5 74 73.1 71.9 69.7 67.8 64.8 61.7 61.9 61.4 60.4 60.5 60.7 59.8 59.7 60.1 59.9 61.5 64.2 67.2
58 62.1 65.2 67 70.3 72.6 73.7 76.3 77.7 79.3 80.9 81.8 81.7 81.2 80.4 79 77.1 75.8 75.7 76.1 77.9 79 80.6 81.5 82.7 83.3 83.9 84.7 85.3 85.2 85.3 85.1 84.6 84.7 84.9 85.1 84.4 83.4 82.7 81.4 80.3 79.6 78.9 77.6 75.2 73.9 73.3 70.7 69.2 67.8 65.9 63.3 59.7 56.3 55.9 58.9 62.1 65.5 68.6 70.5 72.2 73.5 74.7 75.5 75.4 75 74.2 73.6 71.4 68 64.4 65.2 65 65 65.3 64.3 65.4 66.4 65.5 63.2 61.6 61.7 63.3 67
55.8 59.9 63 66.9 69.3 71.4 72.6 74.6 76.1 78.4 79.8 81.4 81.5 81 80.1 78.3 76 74.1 72.9 74.7 76.8 78.3 79.8 81.6 82.7 83.8 84 85.8 85.4 85.7 85.2 85.7 85.2 84.6 84.7 84.8 84.6 83.5 82.1 80.8 79.8 79 77.2 76.1 74.7 73.4 71.7 70.9 69.5 67.7 65.3 62.3 58.1 57.1 58.3 60.4 63.7 67.4 70.2 72 73.7 75 76 76.5 76.4 75.9 75 73.5 71.4 68.7 67.9 68.1 68.4 68.5 68.4 68.7 69 70.8 70.5 69 65.7 62.9 63 66.8
49.6 55.5 61 63.7 67.4 68.8 71.3 73.7 79.1 78.7 79.4 80.3 80.7 80.4 79.8 78.1 74.8 73.2 71.9 72.8 75.1 76.6 78.3 80.8 82.3 83.4 84.3 85.4 85.2 85.8 85.3 85.1 85.2 84.8 84.4 83.8 86.4 83.1 81.3 80.1 78.5 77.5 75.4 73.9 72.8 70.6 69.8 70.1 68.4 67 64.4 59 58.7 59.2 60.2 61.6 65.9 69.4 72.1 73.9 75.3 76.7 77.4 77.5 77 76.5 75.7 74.4 72.1 70.4 70.6 70.8 71.5 71.9 72.2 72.7 73 73.6 73.6 72.8 71.3 66.7 64.1 65.4
46.6 53.3 58.9 61.9 64 66.7 69.9 72.6 74.5 76.5 78.5 79.4 79.6 79.9 79.4 77.3 74.6 72.1 70.5 71 72.7 74.8 77.5 79.9 81.1 82.8 83.6 84.6 85.6 85.7 84.8 84.7 84.1 83.6 83.7 83.3 82.9 81.9 80.9 79.8 77.3 75.1 73.2 71.4 69.2 67.9 67.6 66.8 65.7 65 62.7 60.5 60.5 61.1 64.2 67.5 69.1 71.5 73.7 75.1 76.5 77.9 78.3 77.8 77.3 76.8 76.1 75.5 74.3 73.1 73.6 73.6 73.9 74.5 74.8 75.5 75.9 76.1 76.1 75.5 74.1 71.6 66.7 65.9
44.4 52.1 56.7 58.9 62.9 66.5 69.1 71.6 74.3 76.4 77.6 78.5 78.8 79 78.3 76.3 74 70.7 68.7 69.3 70.9 73.2 75.9 78.6 80.7 81.9 83.6 83.8 84.9 84.1 84.4 83.9 83.1 82.7 82.7 81.8 81.4 81.1 79.7 78.5 76.1 74.6 72.5 70.3 70.6 69.7 67.6 66.9 64.3 64.2 63.3 62.6 62.4 66 68.8 70.6 72.4 73.4 74.8 76 77.2 78.1 78.2 78 77.5 77 76.5 76.1 75.5 75 75.2 75.7 76.2 76.7 77.2 77.4 77.5 77.7 77.3 77 76.2 74.2 70.5 67.4
41.4 49 53.3 57.4 63.3 66.6 69.2 71.9 74.1 75.3 76.7 77.9 77.3 77.1 76.7 74.9 72.6 69.7 67.9 67.7 68.1 71 74.1 76.8 78.8 79.6 82.7 82.9 83.8 84.1 84 83.1 81.7 81.7 81 80.7 80.3 79.8 78.9 77.8 75.8 74.9 73.6 73.8 71.6 70.9 70.9 69 68 66.7 65.5 65.2 67.9 70.4 72.1 73.3 74.5 75.1 76 77.3 78 78.1 78 77.8 77.5 77 76.6 76.5 76.3 76.2 76.6 77.2 77.6 77.8 78 77.8 78.3 78.1 78.3 77.9 77.5 76.4 75.2 73.8
35.6 44.1 50.8 58.2 63.8 65.5 69.9 72 74.5 75.8 76.5 76.8 76.9 76.6 75 73.3 70.7 68.6 65.5 66 66.9 69.4 71.8 74.5 76.8 78.2 80.3 81.4 83.1 83.2 82.5 81.6 80.8 80.1 79.6 79.8 79.6 79.1 78.6 77.7 76.9 75.7 75.7 74.4 73.6 73.2 73 71.4 71 70.1 69.2 68.7 70.5 73.3 75.3 75.9 76.8 76.8 77.6 78.2 79 78.4 77.8 77.6 77.3 76.3 76.1 76.1 76.1 76.5 76.8 77.9 78.6 78.4 78.7 78.5 78 77.3 77.5 77.9 77.9 77.6 77.9 78.4
30.7 41.4 48.4 58.3 63.7 67.5 69.9 71.8 74.7 76.1 76.5 76.8 76.4 75.6 74.1 71.2 69 66.5 64.5 64.3 65.8 67.6 69.4 72 74.4 76.3 77.2 80 80.7 80.3 80.9 80.2 81 76.6 78.2 78.8 78.9 78.7 78.4 78.2 77.7 77.5 77.1 76.5 75.9 75.4 74.5 74.7 74.2 73.4 72.9 72.3 72.8 75.1 77.3 77.4 78.4 78.5 78.7 79.3 79.2 78.7 77.9 77.2 76.2 75.4 75.2 75.5 75.9 76.4 77.1 78.1 78.1 78.1 77.7 77 76.5 75.9 76 76.7 77.7 78.8 80.3 80.8
25.2 38.5 49.1 57 63.7 67.2 69.4 72 74.7 77.4 77.7 76.6 75.2 74.8 73 70.9 68.6 66.2 65.2 62.8 63.4 65.1 66.1 67.9 70 72.8 75 77.6 78.6 78.6 78.4 78 77 73.9 76.2 77.3 77.9 78.1 78.4 78.6 78.4 78.3 78.4 77.9 77.3 77.1 76.5 76.1 76 75.9 75.6 75.7 75.8 76.4 78.6 79.2 79.8 79.4 79.6 79.5 78.9 78.2 77.3 76.5 75.2 73.3 73.7 74.8 74.8 75 75.4 76.1 76.1 76.1 75.8 75.2 73.7 73.2 74 75 76.3 79 79.9 82.8
20 32.7 44.3 55.2 61.8 65.3 68.5 71.8 75.7 78.7 79.5 77.1 75.7 73.2 71.4 69.8 69.8 68.1 66.9 64.3 61.1 61.5 62.7 63.6 67.2 69.4 71.9 74.5 75.1 75.4 75.6 75.1 73.3 71.3 73.4 75.4 77 77.7 78.1 78.5 79.1 79.6 79.2 78.9 78.6 80.7 78 77.8 77.8 77.9 77.5 77.7 77.6 78.3 79.1 79.2 80 79.9 79.9 79.9 79.2 78.1 76.8 75.8 73.9 71.9 71 71.4 71.4 71.9 72.2 73.1 72.9 72.8 72.5 70.9 70.2 70.1 71.3 73.3 74.7 76.9 79.6 82.4
18 25.5 38.6 49.7 57.9 61.9 64.8 71.1 75.1 78.4 79.3 77.1 74.5 71.8 69.2 68.2 70.7 67.6 68 66.1 62.1 59.1 57.5 60.9 62.8 63.2 68.9 71.7 71.8 71.9 72.2 71.8 70.6 68.7 71.4 74.9 76.6 77.1 77.7 77.4 78.8 79.4 79.9 79 78.7 78.3 79 78.8 78.8 79 78.8 78.9 78.9 79.3 79.8 79.8 80.5 80.3 80 79.3 78.8 77.7 75.6 74.5 72.6 69.9 66.7 67.6 68 68.4 68.2 68.6 68.7 68.6 67.9 67.5 67.4 67.7 68.6 71.5 72 74.9 78 81.5
11 19.6 28.3 42.2 53.3 57 62.2 68.1 73.3 76.3 77.5 75.4 73.3 69.7 67.5 67.1 66.9 67.1 67.1 66.4 64.7 63.4 60.7 55.7 59 61.5 64.9 66.6 68.4 68 68.5 68.1 66.7 66.8 70.8 73.8 75.6 76.8 77.3 77.2 77.3 78.5 79 78.7 77.6 77.2 78 78.7 79 79 79.4 79.5 79.7 80.1 80.3 80.5 80.1 80.2 79.2 78.6 77.4 76.4 74 72.5 70.2 67.2 63 61.8 61.7 61.7 61.7 63.4 62.6 63.1 62.5 62.2 61.3 59.9 62.2 65.4 68.5 70.6 74.4 77.9
1.3 7.3 21 29.3 36.6 48.6 56.9 64.6 70.3 74.3 74.6 72.9 69.4 68 65.9 65 64.5 65.5 66.2 66.3 66.6 65.9 64.5 61.6 55.3 57 59.6 63.8 63.1 63.5 63.4 62.1 62.3 67.1 70.8 73.4 74.8 76 76 76.1 76.2 76.3 77 76.6 76.1 76.1 76.9 77.7 78.6 79.1 79 79.9 80.2 80.3 80.6 80.7 80.5 80 78.8 77 75.1 73.9 72.2 70.1 67.5 64.1 59.7 55.6 55.1 54.4 54.1 54.6 54.9 55 55.7 54.7 55.6 59.6 63.6 65.9 68.9 70.8 75.8 79.1
0 1.5 3 21.5 27.3 35.2 49.9 59.9 67.4 72.7 72.6 69.9 66.9 65.1 63.3 60.6 62.1 63.4 64.7 66.4 66.9 67.5 66.4 64.7 59.7 52 56.2 59 58.7 57.1 57.6 60.3 63.4 67.7 71.1 73.7 74.9 75.1 75 74.5 74.1 74.2 74.3 73.7 73.1 73.2 74.7 76.2 77.4 78.2 78.5 83.3 80 80.5 81.3 81.9 80.5 79.8 78 75.6 73.2 70.7 68.9 66.8 63.6 58.4 54 49.3 45.9 45.4 44.8 43.7 44 44.4 46.1 52.2 57.9 62.3 65.1 67.7 71.4 74.3 77.7 80.9
-1.6 -0.3 0.7 2 20.9 29 41.5 52.5 63.5 71.1 68.2 65.9 64 62.5 60.5 58.3 58.3 60.8 63.4 65.6 67 67.7 67.7 65.2 61.1 54.3 49.4 52.4 53.4 56.9 60.4 64 66.3 69.2 72 73.6 74.1 74.5 74.1 72.4 70.8 71.2 71.3 70.5 69.2 69.7 72 74.4 75.9 76.6 77.2 78.7 78.7 79.7 80.4 80.4 80.4 79.3 77.2 74.8 72.3 68.6 65.9 62.7 59.4 54.1 48.3 44.3 41 39.5 38.3 38 37.4 39.6 48.7 53.5 57.4 60.3 64.6 66.5 70.5 73.9 77.6 81.5
-1.6 -1.6 -1.6 1.3 4.4 21 28.1 39.5 48.8 59.5 60.3 61.3 60.4 59.5 56.9 55.2 55.7 59.2 61.9 64.7 66.6 67.3 66.9 65.9 63.2 57.1 49.5 49.5 56.4 60.7 63.2 65.8 68.3 71 73.3 74.8 74.4 74.6 73.3 70.4 67.1 66.3 67.3 66.3 64 66.3 69.9 72 73.3 74.2 75.4 75.4 76.7 77.6 78.5 79.6 79.6 78.7 77.1 74.7 71.9 68.3 64.5 59.5 55.6 50.1 44.6 40.4 37.3 36 34.6 34.2 34.5 39 46 50.6 53.6 57.4 61.2 65.3 69.3 73.5 77.1 81.5
-1.6 -1.6 -1.6 -1.6 2.1 1.3 3.6 29.5 39.5 44.2 49.3 55.5 56.2 53.9 51.9 50.2 53.8 57.3 60.1 62.9 65.2 67 67.1 67.3 63.4 57.2 48.7 48.2 55 61 64.2 66.8 68.9 71 72.6 75.3 75 73.5 72.2 68.9 64.8 60.2 62.5 61.6 58.2 64.8 68.1 69.4 69.9 71.3 70.2 72.7 73.4 74.5 76 77.9 78.6 78 76.4 74.5 72 68.9 65.2 60.8 56.4 51.7 45.4 38.2 34.2 32.1 30.2 30.9 33.2 39.2 43.2 47.3 50.2 53.3 58.3 62.6 67.4 72.6 77.4 81.1
-1.6 -1.6 -1.6 -1.6 -1.6 -1.6 1 10 32.1 38.6 46.9 51.3 50.4 47.9 44.6 46.3 51.5 55.8 58.6 61.5 64 66.6 67.1 67.9 64.1 57.6 50 46.9 53.8 59.7 62.6 64.8 67.5 70.1 73.3 75.3 75.3 72.4 71.6 68.4 65 59.9 56.4 54.7 56.4 60.6 63.4 64.5 66.9 68.3 70.9 69.3 67.3 71.1 73.5 75.2 76.9 77.1 75.6 73.9 71.6 68.9 65.6 62 58.1 53.5 46.5 40.4 33.7 28.8 27.3 28.4 32.8 36.9 40.2 42.3 45.8 50.1 55.4 61.2 66.4 70.7 76 80.6
-1.6 -1.6 -1.6 -1.6 -1.6 -1.6 1.2 7.1 29.2 38.7 45.2 46.4 43.8 38.7 40.3 45.2 49.9 53.4 56.7 59.8 63.4 66.2 66.8 66.6 64.4 60.4 51.8 43.9 51.3 56.9 59.1 62.3 65.9 69.6 72.6 74.8 74.2 71.7 72.6 70.8 66.7 61.4 50.9 49.1 51.7 56.2 58.9 60.5 62.7 64.8 65.8 64.7 65.4 67.8 70.5 73.4 75.4 75.8 74.9 73.2 71.1 68.3 65.2 62.2 58.5 53 45.9 39.6 32.7 26.4 25.1 27.3 32 33.4 34.9 39 42.7 47.4 53 58.6 65.4 70.4 74.9 79.8
-1.6 -1.6 -1.6 -1.6 -1.6 -1.6 2.6 21.5 32.5 39.8 40.5 39.4 34.5 34.2 40.4 44.4 47.9 51.6 54.1 58.1 61.7 65.5 66.1 65.5 63.8 60.4 53.2 42 44.9 51.7 55.4 59.8 64.3 68.2 71.8 74.2 74.2 73 72.6 70.4 67.2 61.7 53.9 44.7 45.9 52 54.4 55.2 58.5 60.5 62.2 62.6 62.2 65.2 68.1 70.3 73.5 74.5 74 72.5 69.8 67.1 64 60.6 55.8 51.8 45.7 38.6 32 25.1 23.1 26.3 29.6 31 35 36.7 41 45.2 50.6 55.7 61.6 68.1 73 77.5
-1.6 -1.6 -1.6 -1.6 -1.6 -1.6 2.4 23.7 36.3 32.9 29.6 25.4 28.1 36.1 39.9 41.9 44.8 47.8 50.8 57.1 61.4 64.7 65.4 64.8 62.9 60.4 55.5 43.5 41.4 44.4 50.8 57.6 62.7 67 70.1 72.8 73.3 73.2 72 69.8 66.4 62.2 55.3 46.9 39.9 45.8 49.1 50.2 53.8 57.2 59.5 59.6 57.3 61.2 66.1 69.8 72.8 74 73.2 72 68.4 64.7 61.3 57.2 52.3 47.8 43.7 38.3 32.4 24 22.2 23.2 25.1 27.9 31.8 34.5 38.7 43 47.7 52.5 58.4 65.4 70.3 74.5
-1.6 -1.6 -1.6 -1.6 -1.6 -1.6 -1.6 11.6 23.7 20.9 17.8 26.6 33.1 34.8 35.2 36.5 39 42.6 51.2 57.8 62.5 64.1 64.3 63.4 62 60.2 57.7 48.4 40.2 40.7 49.7 56.9 61.4 65.3 69.2 71.3 72.2 71.4 70.6 69 66.4 62.9 59.6 54.2 41.9 36.1 40.3 43.5 50.8 55.7 57.2 55.4 50 59.1 66 69.6 72.8 73.6 73.1 71.4 67.9 63.9 58.1 54.1 47.6 42 38.6 35.5 31.9 24 18 19.5 22.4 25.4 28.9 32.4 36.3 39.7 44.8 49.4 54.1 59.7 67.5 71
-1.6 -1.6 -1.6 -1.6 -1.6 -1.6 -1.6 0.9 3.7 -1.6 19 25.7 28.7 28.6 28.5 29.8 32.6 41.1 51.5 58.6 62.8 63.7 63.3 62.5 61.1 59.9 57.8 52.6 37.7 36 49.8 55.3 60.9 64.4 67.6 69.2 69.5 69 68.2 66.7 65.4 64.4 61.5 57.6 50.3 39.9 32.7 42 49.5 54.3 55.6 49.6 45.8 59.3 65.7 69.7 72.6 73.3 73.7 72.6 68.7 63.6 57.7 51.1 43 37.2 33 29.7 28.2 23.1 16.6 17.1 20 23.2 26.6 29.9 33.2 36.8 41.2 46.3 50 54.6 61.5 67.7
-1.6 -1.6 -1.6 -1.6 -1.6 -1.6 -1.6 -1.6 -1 -1.6 -1.6 15.6 15.1 6.1 21.1 24.3 31 41.9 52.8 56.4 61.6 63.2 62.5 61.4 59.9 58.1 56.5 53.4 38 34.2 48 54.5 58.7 64.2 66.6 67.6 66.8 66.1 64.4 62.6 63.9 64 62.7 59.6 53.3 42.4 31 38.7 45.3 51.1 52.6 42.5 45.2 60.1 65 69.4 72.8 73.9 73.7 72.7 69.7 63.9 58.2 50.9 42.6 34.4 28.1 24.4 23.5 20.4 15.5 15.7 16.7 19.8 23.2 26.5 30 33.6 37.6 40.6 44 46.5 56.3 63.8
-1.6 -1.6 -1.6 -1.6 -1.6 -1.6 -1.6 -1.6 -1.6 -1.6 -1.6 -1.6 -1.6 -1.6 1.1 20.4 32.9 43.7 53.5 58.7 60.4 62 62.3 61.2 58.7 56.2 54.4 52.9 41.6 32.6 43.4 52.4 59.3 62.2 65.1 65.8 63.3 62.1 60.4 57.2 58 60.3 60.6 59.9 55.4 46 27.8 33.7 41.6 46 47.1 34.8 45.7 58.9 64.3 68.7 72.4 74 73.5 71.7 68.9 62.7 55.1 50.6 41.4 32.6 24.6 18.7 17.2 14.3 12.3 15.3 17.8 18.7 20 22.4 24.6 29.5 31.9 32 35.2 41.2 48.9 59.4
-1.6 -1.6 -1.6 -1.6 -1.6 -1.6 -1.6 -1.6 -1.6 -1.6 -1.6 -1.6 -1.6 -1.6 0.9 13 32 41.2 48.3 54.7 58.5 60.6 61.1 60 57.5 53.7 50.6 50.4 48.9 29.3 33.9 48 55.6 60.5 64.1 61.2 61.9 57 55.8 51.3 49.6 53.3 55.2 55.4 55.9 48.3 31.3 23.8 32.4 38.2 33.8 34 48 60.9 63.2 67.7 71.2 73.9 73 69.6 66 60.9 55 49.2 41 32.1 24.1 18.9 11.3 10.4 12.6 19.3 24.6 24.5 22.9 23.3 24.9 26.9 28.8 31.7 33.9 38.2 43.4 49
-1.6 -1.6 -1.6 -1.6 -1.6 -1.6 -1.6 -1.6 -1.6 -1.6 -1.6 -1.6 -1.6 -1.6 0.3 2.9 31.7 40 46.5 51.1 57 58.7 59.7 59.2 56.9 53.9 50.4 44.5 36.1 27.2 31.3 43.5 50.8 56.1 58.6 56 51.3 46.9 41.1 34.9 33.1 41.3 43.3 46.4 50.1 47 40.8 27.6 20.4 26.2 26.2 37.1 48.8 55 61.5 66.3 69.9 72.8 73.1 67.8 62.3 56.5 50.5 43.7 38.8 31.8 23.6 17.4 9.2 9.6 14.8 20.5 24.6 28 28.9 30.9 29.6 31.3 35.1 37.3 41.4 47 52.5 55.3
-1.6 -1.6 -1.6 -1.6 -1.6 -1.6 -1.6 -1.6 -1.6 -1.6 -1.6 -1.6 -1.6 -1.6 0.7 11.8 28 38.6 45 50.2 55.9 58.6 58.7 58.8 57.1 53.4 50.6 47.8 42.1 23.5 29 37.9 43 46.4 50.7 47.6 37.8 31.2 24.9 9.7 1.9 22.5 1.9 25.6 34 37.4 35.8 34.9 21.9 18.6 30.4 41.3 47.7 54.1 60.5 65 69 71.4 72 65.5 58.6 51.5 44.6 38.4 32.3 26.1 17.4 11.5 7.3 9.3 14.5 17.2 21.4 24.6 29.1 32.1 33.5 37.9 42.6 46.3 51.3 56.7 62.6 65.8
-1.6 -1.6 -1.6 -1.6 -1.6 -1.6 -1.6 -1.6 -1.6 -1.6 -1.6 -1.6 -1.6 -1.6 -1.6 1.6 22.2 36.7 47.5 53 56.4 57.7 57.5 57.1 56.1 54.8 52.3 51.8 44.3 24.8 24.7 33 36.5 40 40.8 33.9 18 1.5 1.1 0.7 0.4 0.6 0.4 0.8 1.8 5.4 5 24.9 28.4 15.5 22.5 40.1 47.3 53.1 59.5 64 68.4 69.8 68.2 61.5 54.3 45 36.1 29.6 23.8 17.1 11.2 10 8.8 11.2 14 15.8 18.1 20.9 24.6 28.4 32.5 38.4 43.3 51 57.3 63 68.1 71.7
-1.6 -1.6 -1.6 -1.6 -1.6 -1.6 -1.6 -1.6 -1.6 -1.6 -1.6 -1.6 -1.6 -1.6 -1.6 1.5 15.9 37.7 46.6 52.7 55.8 56.5 55.7 54.7 53.7 53 51.9 50.9 47.2 34.1 19.3 23.4 29.1 32 36.1 23.7 1.5 0.2 -0.2 -1.6 -1.6 -1.6 -1.6 -1.6 -1.6 -1.6 -1.6 10.7 0.4 10.6 21.2 37.6 44.1 50.8 55.9 62 66.6 67.9 63.9 57.7 49.1 37.3 27.2 22.1 14.8 12.1 9 9.1 8.6 12.1 14.5 14.4 16.7 17.7 20.1 23 27.5 34.6 42.7 50.7 58.9 66.9 71.4 75.3
-1.6 -1.6 -1.6 -1.6 -1.6 -1.6 -1.6 -1.6 -1.6 -1.6 -1.6 -1.6 -1.6 -1.6 -1.6 1.8 23.8 37.2 45.4 52.1 55.4 56.2 55.4 53.4 50.6 48.9 48.3 48.2 47.5 41.9 25 16 21.5 21.1 20 1.4 0.2 -1.6 -1.6 -1.6 -1.6 -1.6 -1.6 -1.6 -1.6 -1.6 -1.6 -1.6 -1.6 -0.1 25.8 31.8 38.4 45.8 52.8 58.9 64.3 64.4 61.2 51.6 43 30.1 24.6 2.8 2 1.3 1 -1.6 -1.6 5.1 14.3 15.5 16.1 17.5 17.9 20.7 24.2 30.1 38.9 46.4 54.2 64.7 72 77.2
