public/OST50/SW61.asc
ncols 200
nrows 200
xllcorner 160000
yllcorner 10000
cellsize 50
[rows 38 to 75 of 200, columns 85 to 169 of 200]
-1.6 -1.6 -1.6 -1.6 -1.6 -1.6 -1.6 -1.6 -1.6 -1.6 -1.6 -1.6 -1.6 -1.6 -1.6 -1.6 -1.6 -1.6 -1.6 -1.6 -1.6 -1.6 -1.6 -1.6 -1.6 -1.6 -1.6 -1.6 -1.6 -1.6 -1.6 -1.6 -1.6 -1.6 -1.6 -1.6 -1.6 -1.6 -1.6 -1.6 -1.6 -1.6 -1.6 -1.6 -1.6 -1.6 -1.6 3.7 48.9 54.3 57.4 58.9 60.2 60.1 58 56 56.6 52.5 32.5 34.6 41.1 45.2 49.2 53.3 53.7 57.9 60 62.2 66.5 71.2 74.8 77.5 79.6 82.1 84 86.6 88.5 89.5 89.4 87.2 86.2 85.6 84 82.4 81.9
-1.6 -1.6 -1.6 -1.6 -1.6 -1.6 -1.6 -1.6 -1.6 -1.6 -1.6 -1.6 -1.6 -1.6 -1.6 -1.6 -1.6 -1.6 -1.6 -1.6 -1.6 -1.6 -1.6 -1.6 -1.6 -1.6 -1.6 -1.6 -1.6 -1.6 -1.6 -1.6 -1.6 -1.6 -1.6 -1.6 -1.6 -1.6 -1.6 -1.6 -1.6 -1.6 -1.6 -1.6 -1.6 1.9 23.6 44.5 51.5 50.8 54.2 54.5 54.4 54.4 49.7 46.7 41.9 31.2 29.6 37.6 44.5 50.8 54.6 59.5 59.6 62.8 65.8 67.7 71.1 74.2 76.9 78.9 80.7 82.9 85 86.9 88.6 88.9 88.6 87.7 86.2 85.4 84.4 83.5 83.9
-1.6 -1.6 -1.6 -1.6 -1.6 -1.6 -1.6 -1.6 -1.6 -1.6 -1.6 -1.6 -1.6 -1.6 -1.6 -1.6 -1.6 -1.6 -1.6 -1.6 -1.6 -1.6 -1.6 -1.6 -1.6 -1.6 -1.6 -1.6 -1.6 -1.6 -1.6 -1.6 -1.6 -1.6 -1.6 -1.6 -1.6 -1.6 -1.6 -1.6 -1.6 -1.6 -1.6 -1.6 -1.6 -1.6 -1.6 25 38.2 41 48.4 47.2 42.9 34.3 29.8 29.9 27.3 28.1 35.2 43.9 48 53.2 63.5 64.3 66.1 67.3 69.4 71.5 74.2 76.4 77.8 79.5 81.6 83.3 85.2 86.7 87.3 87.8 87.2 87.5 86.8 86.5 85.5 85.1 85.2
-1.6 -1.6 -1.6 -1.6 -1.6 -1.6 -1.6 -1.6 -1.6 -1.6 -1.6 -1.6 -1.6 -1.6 -1.6 -1.6 -1.6 -1.6 -1.6 -1.6 -1.6 -1.6 -1.6 -1.6 -1.6 -1.6 -1.6 -1.6 -1.6 -1.6 -1.6 -1.6 -1.6 -1.6 -1.6 -1.6 -1.6 -1.6 -1.6 -1.6 -1.6 -1.6 -1.6 -1.6 -1.6 -1.6 -1.6 19 18.9 18 23.4 24.8 26.7 22.9 22 24.2 28.1 37.9 46 47.4 52.4 60 65.3 67.7 68.6 70.1 72 73.3 75.4 77.1 78.9 80.4 82.4 84.1 85.4 86 86.9 87.6 87.5 87.6 87.3 86.6 86.6 86.2 86.5
-1.6 -1.6 -1.6 -1.6 -1.6 -1.6 -1.6 -1.6 -1.6 -1.6 -1.6 -1.6 -1.6 -1.6 -1.6 -1.6 -1.6 -1.6 -1.6 -1.6 -1.6 -1.6 -1.6 -1.6 -1.6 -1.6 -1.6 -1.6 -1.6 -1.6 -1.6 -1.6 -1.6 -1.6 -1.6 -1.6 -1.6 -1.6 -1.6 -1.6 -1.6 -1.6 -1.6 -1.6 -1.6 -1.6 -1.6 -1.6 0 7.4 12.3 12.3 14.1 22 28.3 29.4 33 48.7 54.3 57.1 58.5 63.2 67.4 69.8 70.9 73 74.1 75.5 76.4 77.8 79.4 80.9 83.3 85.1 86.1 86.5 86.9 87.6 87.6 87.6 87.6 87.2 87 87.3 87.5
-1.6 -1.6 -1.6 -1.6 -1.6 -1.6 -1.6 -1.6 -1.6 -1.6 -1.6 -1.6 -1.6 -1.6 -1.6 -1.6 -1.6 -1.6 -1.6 -1.6 -1.6 -1.6 -1.6 -1.6 -1.6 -1.6 -1.6 -1.6 -1.6 -1.6 -1.6 -1.6 -1.6 -1.6 -1.6 -1.6 -1.6 -1.6 -1.6 -1.6 -1.6 -1.6 -1.6 -1.6 -1.6 -1.6 -1.6 -1.6 -1.6 27 29.3 32.3 33.5 38.1 40 35.4 37.5 51.9 57.2 60.2 61.9 66 68.7 71.7 73.3 74.7 76.3 77.8 78.4 78.6 80.2 81.9 83.7 85.4 86.4 86.9 87.3 87.6 87.6 87.6 87.6 87.6 87 87.6 88.2
-1.6 -1.6 -1.6 -1.6 -1.6 -1.6 -1.6 -1.6 -1.6 -1.6 -1.6 -1.6 -1.6 -1.6 -1.6 -1.6 -1.6 -1.6 -1.6 -1.6 -1.6 -1.6 -1.6 -1.6 -1.6 -1.6 -1.6 -1.6 -1.6 -1.6 -1.6 -1.6 -1.6 -1.6 -1.6 -1.6 -1.6 -1.6 -1.6 -1.6 -1.6 -1.6 -1.6 -1.6 -1.6 -1.6 -1.6 -1.6 0.4 5.6 42.6 46.7 46.2 49.7 49.9 46.8 40.3 41.8 53.1 59 62.4 67.1 70.3 73.1 73.8 75.3 77.3 79.2 79.7 79.8 80.5 82 83.6 85.2 86.4 87.1 87.3 87.4 87.6 87.7 87.7 87.4 87.3 87.7 88.3
-1.6 -1.6 -1.6 -1.6 -1.6 -1.6 -1.6 -1.6 -1.6 -1.6 -1.6 -1.6 -1.6 -1.6 -1.6 -1.6 -1.6 -1.6 -1.6 -1.6 -1.6 -1.6 -1.6 -1.6 -1.6 -1.6 -1.6 -1.6 -1.6 -1.6 -1.6 -1.6 -1.6 -1.6 -1.6 -1.6 -1.6 -1.6 -1.6 -1.6 -1.6 -1.6 -1.6 -1.6 -1.6 -1.6 -1.6 -1.6 1.7 54.4 54.9 61.9 60 61.7 59.8 56 53.3 48.9 45.6 53 57.2 65.3 70.6 73.3 73.9 75 77.5 80.1 80.8 81.1 81.5 82.3 83.8 85.2 86.5 86.6 87.1 87.2 87.4 87.6 87.7 87.6 87.7 87.7 88.1
-1.6 -1.6 -1.6 -1.6 -1.6 -1.6 -1.6 -1.6 -1.6 -1.6 -1.6 -1.6 -1.6 -1.6 -1.6 -1.6 -1.6 -1.6 -1.6 -1.6 -1.6 -1.6 -1.6 -1.6 -1.6 -1.6 -1.6 -1.6 -1.6 -1.6 -1.6 -1.6 -1.6 -1.6 -1.6 -1.6 -1.6 -1.6 -1.6 -1.6 -1.6 -1.6 -1.6 -1.6 -1.6 -1.6 -1.6 0.6 24.4 64.6 63.7 66 65.5 66.9 64.8 61.6 60.4 56.4 53.9 51.9 57.2 61.4 68.6 72.7 73.1 74.6 76.6 80.8 82 82.2 82.1 83.3 84.3 85.2 86.3 86.5 86.8 87 87.2 87.5 87.7 87.8 87.9 88 88.3
-1.6 -1.6 -1.6 -1.6 -1.6 -1.6 -1.6 -1.6 -1.6 -1.6 -1.6 -1.6 -1.6 -1.6 -1.6 -1.6 -1.6 -1.6 -1.6 -1.6 -1.6 -1.6 -1.6 -1.6 -1.6 -1.6 -1.6 -1.6 -1.6 -1.6 -1.6 -1.6 -1.6 -1.6 -1.6 -1.6 17.6 -1.6 -1.6 -1.6 -1.6 -1.6 -1.6 -1.6 -1.6 -1.6 1.9 3.7 34 64.3 66.6 68.2 68.3 68.4 67.6 66.1 64.5 63.3 62.7 60.4 59.7 62.8 69.6 71.7 72.3 74 76 79.8 81.5 82.3 82.9 83.9 84.7 85.5 86.3 86.7 87 87 87.3 87.6 87.8 88 88.2 88.3 88.6
-1.6 -1.6 -1.6 -1.6 -1.6 -1.6 -1.6 -1.6 -1.6 -1.6 -1.6 -1.6 -1.6 -1.6 -1.6 -1.6 -1.6 -1.6 -1.6 -1.6 -1.6 -1.6 -1.6 -1.6 -1.6 -1.6 -1.6 -1.6 -1.6 -1.6 -1.6 -1.6 -1.6 -1.6 -1.6 -1.6 21.3 -1.6 -1.6 -1.6 -1.6 -1.6 -1.6 -1.6 -1.6 25.3 48.7 39.2 63.6 67.1 69.8 69.6 69.6 71.2 70.7 70.6 70 68 69.3 65.6 61.4 63.4 68.7 71.4 72.9 75.3 76.7 78.4 80.5 82.4 83.1 83.4 84.9 85.8 86.2 86.7 87.1 87.6 87 87.8 87.8 88.3 88.5 88.6 88.9
-1.6 -1.6 -1.6 -1.6 -1.6 -1.6 -1.6 -1.6 -1.6 -1.6 -1.6 -1.6 -1.6 -1.6 -1.6 -1.6 -1.6 -1.6 -1.6 -1.6 -1.6 -1.6 -1.6 -1.6 -1.6 -1.6 -1.6 -1.6 -1.6 -1.6 -1.6 -1.6 -1.6 -1.6 -1.6 -1.6 -1.6 19.3 -1.6 -1.6 -1.6 -1.6 -1.6 1.6 1.9 52.6 62.5 68.3 70.1 70.2 70.9 71.1 71.4 72.2 73.7 73 73.3 71.8 71.2 71.4 62.5 64 70.5 71.8 75.1 76.1 77.9 78.9 80.4 81.6 83 83.9 84.8 85.3 86.2 86.5 87.7 87.6 87.6 87.7 88 88.2 88.8 88.9 89.2
-1.6 -1.6 -1.6 -1.6 -1.6 -1.6 -1.6 -1.6 -1.6 -1.6 -1.6 -1.6 -1.6 -1.6 -1.6 -1.6 -1.6 -1.6 -1.6 -1.6 -1.6 -1.6 -1.6 -1.6 -1.6 -1.6 -1.6 -1.6 -1.6 -1.6 -1.6 -1.6 -1.6 -1.6 -1.6 -1.6 -1.6 0.3 -1.6 -1.6 -1.6 -1.6 -1.6 1.9 10 63.7 67.7 71.3 72.4 72.7 73.1 73.4 73.3 73.8 74 75 74.4 73.8 72.2 70.9 65.5 65.3 71.3 73.2 75.4 76.9 78.7 79.7 80.7 82.6 83.3 84 84.7 85.4 85.6 87.5 87.3 87.7 87 87.9 88.4 88.2 88.3 89.4 89
-1.6 -1.6 -1.6 -1.6 -1.6 -1.6 -1.6 -1.6 -1.6 -1.6 -1.6 -1.6 -1.6 -1.6 -1.6 -1.6 -1.6 -1.6 -1.6 -1.6 -1.6 -1.6 -1.6 -1.6 -1.6 -1.6 -1.6 -1.6 -1.6 -1.6 -1.6 -1.6 -1.6 -1.6 -1.6 -1.6 -1.6 -1.6 -1.6 -1.6 -1.6 -1.6 -1.6 -1.6 52.3 59.1 70.4 72.4 73.8 74.4 74.6 74.6 73.7 75.1 75.5 74.8 75.1 75 73.8 72 68.2 68.6 70.9 72.7 75.2 77.2 79.1 80.2 81.1 82.8 83.5 84.2 84.8 85.4 85.6 86.2 87.2 87.5 87.6 87.8 88 88.1 88.5 89.2 90.1
-1.6 -1.6 -1.6 -1.6 -1.6 -1.6 -1.6 -1.6 -1.6 -1.6 -1.6 -1.6 -1.6 -1.6 -1.6 -1.6 -1.6 -1.6 -1.6 -1.6 -1.6 -1.6 -1.6 -1.6 -1.6 -1.6 -1.6 -1.6 -1.6 -1.6 -1.6 -1.6 -1.6 -1.6 -1.6 -1.6 -1.6 -1.6 -1.6 -1.6 -1.6 -1.6 -1.6 21.5 72.2 71.2 72.4 73.3 74.3 74.4 75.5 75.1 74.6 75.6 75.3 75.6 75.8 75.9 75.9 72.1 70.3 71.2 73.1 73.3 76.7 78.5 79.9 81 81.7 82.6 85.2 84.7 85 85.5 85.5 86.2 86.6 86.8 87.5 87.7 88.1 88.3 88.6 89.3 89.6
-1.6 -1.6 -1.6 -1.6 -1.6 -1.6 -1.6 -1.6 -1.6 -1.6 -1.6 -1.6 -1.6 -1.6 -1.6 -1.6 -1.6 -1.6 -1.6 -1.6 -1.6 -1.6 -1.6 -1.6 -1.6 -1.6 -1.6 -1.6 -1.6 -1.6 -1.6 -1.6 -1.6 -1.6 -1.6 -1.6 -1.6 -1.6 -1.6 -1.6 -1.6 -1.6 17.4 49.7 68.6 69.9 71.8 73.5 74.4 74.8 76 75.4 75.7 76.6 76.2 76.4 76.5 76.4 75.8 75.1 72.1 71.7 72.6 75.5 77.5 79.3 81 82 82.1 83.6 84.3 85.1 85.7 85.5 85.6 86 86.5 87.5 87.3 87.5 88.1 88.4 88.8 89.2 89.5
-1.6 -1.6 -1.6 -1.6 -1.6 -1.6 -1.6 -1.6 -1.6 -1.6 -1.6 -1.6 -1.6 -1.6 -1.6 -1.6 -1.6 -1.6 -1.6 -1.6 -1.6 -1.6 -1.6 -1.6 -1.6 -1.6 -1.6 -1.6 -1.6 -1.6 -1.6 -1.6 -1.6 -1.6 -1.6 -1.6 -1.6 -1.6 -1.6 -1.6 -1.6 -1.6 17.8 52.9 60.5 65.1 70.1 72.9 75 76 76.7 76.9 77.5 77.2 77.2 77.3 77 76.7 76.4 75.8 73.6 73.8 74.3 77.3 78.7 80.7 81.4 82.1 82.6 82.9 84 84.9 85.6 86.1 86.3 86 86.6 86.9 86.9 87.1 88.4 88.3 88.9 89.5 90.1
-1.6 -1.6 -1.6 -1.6 -1.6 -1.6 -1.6 -1.6 -1.6 -1.6 -1.6 -1.6 -1.6 -1.6 -1.6 -1.6 -1.6 -1.6 -1.6 -1.6 -1.6 -1.6 -1.6 -1.6 -1.6 -1.6 -1.6 -1.6 -1.6 -1.6 -1.6 -1.6 -1.6 -1.6 -1.6 -1.6 -1.6 -1.6 -1.6 -1.6 -1.6 26.4 36.9 39.3 50.4 61.4 66.9 71.8 74.7 76 77.4 79.1 78.3 78.1 77.8 78.1 78 77.8 77.6 76.7 76.2 75.4 76.4 78.8 80 80.9 82.1 82.5 82.7 83.3 84.1 84.4 85.4 86.3 86 86.8 86.7 86.9 87.3 87.5 88 88.7 89 89.6 90.1
-1.6 -1.6 -1.6 -1.6 -1.6 -1.6 -1.6 -1.6 -1.6 -1.6 -1.6 -1.6 -1.6 -1.6 -1.6 -1.6 -1.6 -1.6 -1.6 -1.6 -1.6 -1.6 -1.6 -1.6 -1.6 -1.6 -1.6 -1.6 -1.6 -1.6 -1.6 -1.6 -1.6 -1.6 -1.6 -1.6 -1.6 -1.6 -1.6 -1.6 19.5 46.6 54.6 61.4 59.9 55.7 61.8 67.5 70.8 75.7 77.4 78.8 79.3 79 78.8 78.9 78.8 79.3 78.7 78.2 77.5 77.6 78.1 79.6 80.6 81.3 82.5 82.4 83.1 83.8 84.4 85.1 85.4 85.5 86.4 86.8 86.8 87.2 87.3 87.7 88 88.4 89.2 89.4 89.9
-1.6 -1.6 -1.6 -1.6 -1.6 -1.6 -1.6 -1.6 -1.6 -1.6 -1.6 -1.6 -1.6 -1.6 -1.6 -1.6 -1.6 -1.6 -1.6 -1.6 -1.6 -1.6 -1.6 -1.6 -1.6 -1.6 -1.6 -1.6 -1.6 -1.6 -1.6 -1.6 -1.6 -1.6 -1.6 -1.6 -1.6 -1.6 -1.6 -1.6 39.5 59.1 63 67.4 69.8 67.6 60.2 67.9 67.8 75.5 77.9 78.9 79.5 79.8 79.8 80.1 80.9 80.6 79.7 79.2 78.8 78.6 79 79.9 81 81.8 82.8 83.2 83.5 84.2 85.7 85.6 85.7 86.3 87.1 87.1 87 87.2 87.7 87.7 88.3 88.6 88.7 89.5 89.9
-1.6 -1.6 -1.6 -1.6 -1.6 -1.6 -1.6 -1.6 -1.6 -1.6 -1.6 -1.6 -1.6 -1.6 -1.6 -1.6 -1.6 -1.6 -1.6 -1.6 -1.6 -1.6 -1.6 -1.6 -1.6 -1.6 -1.6 -1.6 -1.6 -1.6 -1.6 -1.6 -1.6 -1.6 -1.6 -1.6 -1.6 -1.6 -1.6 -1.6 44 65.5 67.4 69.4 71.6 71.1 66.6 64.7 70.9 75.8 77.5 79.2 79.8 80.3 80.7 81.9 82.9 82.7 81.2 80.6 80.2 79.4 79.8 80.6 81.8 82.7 83 83.5 83.6 84.3 85.1 86.4 86.5 87.2 87.3 87.5 87.2 88.1 88.4 87 87.8 88.4 88.8 90 89.7
-1.6 -1.6 -1.6 -1.6 -1.6 -1.6 -1.6 -1.6 -1.6 -1.6 -1.6 -1.6 -1.6 -1.6 -1.6 -1.6 -1.6 -1.6 -1.6 -1.6 -1.6 -1.6 -1.6 -1.6 -1.6 -1.6 -1.6 -1.6 -1.6 -1.6 -1.6 -1.6 -1.6 -1.6 -1.6 -1.6 -1.6 -1.6 -1.6 33.7 57.8 66.4 70.1 70.5 72.7 72.9 70.4 64.2 69.1 74.1 76.8 77.6 79.1 80.4 81.3 82.4 83.3 83.8 83.1 81.6 81.5 80.5 81.3 81.4 82.6 83.4 83.9 83.9 84.3 85.7 85.5 85.7 87.3 86.8 86.9 87.3 87.6 88.4 87.8 88.4 88.2 88.5 88.7 89.3 90.2
-1.6 -1.6 -1.6 -1.6 -1.6 -1.6 -1.6 -1.6 -1.6 -1.6 -1.6 -1.6 -1.6 -1.6 -1.6 -1.6 -1.6 -1.6 -1.6 -1.6 -1.6 -1.6 -1.6 -1.6 -1.6 -1.6 -1.6 -1.6 -1.6 -1.6 -1.6 -1.6 -1.6 -1.6 -1.6 -1.6 -1.6 -1.6 -1.6 42.4 63.8 68.8 71.9 73.6 74 73.5 71.5 66 67.4 70.5 73.2 75.9 78.4 81 82 82.7 83.4 83.5 83.3 82.7 82.9 82.3 82.4 82.7 83.7 84 84.8 85.1 85 85.2 86.1 86.5 86.9 87.3 86.9 87.3 88.1 87.8 88 88.1 88.5 88.9 89.2 89.3 89.9
-1.6 -1.6 -1.6 -1.6 -1.6 -1.6 -1.6 -1.6 -1.6 -1.6 -1.6 -1.6 -1.6 -1.6 -1.6 -1.6 -1.6 -1.6 -1.6 -1.6 -1.6 -1.6 -1.6 -1.6 -1.6 -1.6 -1.6 -1.6 -1.6 -1.6 -1.6 -1.6 -1.6 -1.6 -1.6 -1.6 -1.6 -1.6 49.5 64.1 70.1 71.7 74.5 75.4 74.6 73.1 71.1 70.1 69.2 69.3 70.2 73.9 77.2 80.6 82 82.6 83.3 83.7 83.7 83.4 83.2 83 82.9 83.2 84.3 84.6 85.3 85.4 85.8 85.8 86.5 86.9 87.3 87.1 87.6 87.3 87.7 88 88.2 89.4 88.5 89.1 89.1 89.6 89.8
-1.6 -1.6 -1.6 -1.6 -1.6 -1.6 -1.6 -1.6 -1.6 -1.6 -1.6 -1.6 -1.6 -1.6 -1.6 -1.6 -1.6 -1.6 -1.6 -1.6 -1.6 -1.6 -1.6 -1.6 -1.6 -1.6 -1.6 -1.6 -1.6 -1.6 -1.6 -1.6 -1.6 -1.6 37.8 47.1 47.4 48.5 61.2 68.5 74.5 74.4 74.9 75.4 75.8 73.9 72.3 72.2 72 71 70 72.4 75 77.6 79.9 82.3 82.9 83.1 83.5 83.4 83.3 83.4 83.5 84.8 84.5 84.6 85.3 85.9 86.2 86.7 87 87.3 87.5 87.8 87.5 87.7 88 88.1 88.5 88.6 89.1 88.7 88.9 89.5 89.8
-1.6 -1.6 -1.6 -1.6 -1.6 -1.6 -1.6 -1.6 -1.6 -1.6 -1.6 -1.6 -1.6 -1.6 -1.6 -1.6 -1.6 -1.6 -1.6 -1.6 -1.6 -1.6 -1.6 -1.6 -1.6 -1.6 -1.6 -1.6 -1.6 -1.6 -1.6 -1.6 -1.6 -1.6 43.1 64 59.7 61 61.7 69.4 72.7 75.1 75.5 75.4 75.5 74.3 73.7 74.2 74.1 73.8 72.4 72 74.1 76.6 78 79.9 82.1 82.8 83.3 83.4 83.4 83.6 84.1 85 85.2 84.8 85.2 85.4 85.9 86.7 86.7 87.5 87.8 88.1 88.4 87.8 87.9 88.8 89.2 89 88.6 89.1 89.3 89.5 89.8
-1.6 -1.6 -1.6 -1.6 -1.6 -1.6 -1.6 -1.6 -1.6 -1.6 -1.6 -1.6 -1.6 -1.6 -1.6 -1.6 -1.6 -1.6 -1.6 -1.6 -1.6 -1.6 -1.6 -1.6 -1.6 -1.6 -1.6 -1.6 -1.6 -1.6 -1.6 -1.6 -1.6 -1.6 40.9 65.9 67.7 67.8 69.1 69.2 73.2 75.1 76 76 75.3 75.1 75 75.5 76.2 75.9 75.7 73.8 74.3 75.7 78.1 78.9 81 82.1 82.8 83.2 83.4 84.4 84.8 84.6 84.8 85 85.6 85.6 86 86.6 86.6 87.4 87.4 88.1 88.5 88.6 88.5 88.8 88.3 89.1 88.8 88.9 89.1 90 89.7
-1.6 -1.6 -1.6 -1.6 -1.6 -1.6 -1.6 -1.6 -1.6 -1.6 -1.6 -1.6 -1.6 -1.6 -1.6 -1.6 -1.6 -1.6 -1.6 -1.6 -1.6 -1.6 -1.6 -1.6 -1.6 -1.6 -1.6 -1.6 -1.6 -1.6 -1.6 -1.6 -1.6 -1.6 37.9 65.9 72.3 72.2 73.3 73.1 73.9 74.9 76.1 76 76.3 75.8 75.4 76.5 78.2 77.4 77.9 75.3 74.7 76.3 78.4 78.9 80 81.2 82.4 83.2 83.9 84.2 84.8 85.2 85 85.3 86 86.3 86.3 86.5 86.7 87.2 87.6 87.9 88.1 88.6 88.4 88.1 88.5 88.5 89.4 88.9 89.5 89.6 89.8
-1.6 -1.6 -1.6 -1.6 -1.6 -1.6 -1.6 -1.6 -1.6 -1.6 -1.6 -1.6 -1.6 -1.6 -1.6 -1.6 -1.6 -1.6 -1.6 -1.6 -1.6 -1.6 -1.6 -1.6 -1.6 -1.6 -1.6 -1.6 -1.6 -1.6 -1.6 -1.6 -1.6 -1.6 40.3 64.3 74.5 75.8 76.1 75.7 75.8 76 76.2 76.5 76.8 76.7 76.9 77.4 79.3 80.1 77 78.4 77.9 79.5 78.9 78.8 78.8 79.1 81.1 82.1 83.2 83.4 84.7 84.7 85.2 85.4 85.6 86.4 86.3 86.4 87.1 87.5 87.7 87.8 88.4 88.1 88.3 88.5 88.4 88.5 88.3 89.1 89.9 89.7 89.8
-1.6 -1.6 -1.6 -1.6 -1.6 -1.6 -1.6 -1.6 -1.6 -1.6 -1.6 -1.6 -1.6 -1.6 -1.6 -1.6 -1.6 -1.6 -1.6 -1.6 -1.6 -1.6 -1.6 -1.6 -1.6 -1.6 -1.6 -1.6 -1.6 -1.6 -1.6 -1.6 -1.6 -1.6 46 55.4 73 77.4 78.3 77.9 77.5 77 76.4 77 76.9 76.9 77.3 78.5 79.4 80.2 78.5 79.1 80.3 80.9 80.4 79.2 77.7 76.7 78.9 80.4 82.2 83.1 83.7 84.4 84.9 85.5 85.4 86.2 86.3 86.8 87.3 87.9 88.2 88.9 88.4 89.5 88.8 88.3 88.5 88.9 89 90 89.2 89.8 89.7
-1.6 -1.6 -1.6 -1.6 -1.6 -1.6 -1.6 -1.6 -1.6 -1.6 -1.6 -1.6 -1.6 -1.6 -1.6 -1.6 -1.6 -1.6 -1.6 -1.6 -1.6 -1.6 -1.6 -1.6 -1.6 -1.6 -1.6 -1.6 -1.6 -1.6 -1.6 -1.6 -1.6 -1.6 1.9 46.5 67.9 78.5 79.1 78.3 77.9 77.7 77.3 76.9 76.5 77.2 77.2 78 78.5 78.6 77.9 78.5 79.5 80.4 80.3 79.3 76.9 74.5 74.9 77.8 79.9 82.9 83.8 84.5 85.3 85.2 85.6 86.2 86.6 87 87.1 87.8 88.2 88.6 88.3 88.4 88.6 88.7 88.5 88.5 89.5 89.5 89.5 89.3 89.6
-1.6 -1.6 -1.6 -1.6 -1.6 -1.6 -1.6 -1.6 -1.6 -1.6 -1.6 -1.6 -1.6 -1.6 -1.6 -1.6 -1.6 -1.6 -1.6 -1.6 -1.6 -1.6 -1.6 -1.6 -1.6 -1.6 -1.6 -1.6 -1.6 -1.6 -1.6 -1.6 -1.6 -1.6 -1.6 -1.6 65.9 74.1 78.5 79.6 79 78.4 77.8 77.2 76.2 77.3 77.7 78 78.1 77 76.4 76.6 77.4 78.7 79.1 78.7 75.2 73 73.2 75.5 80.1 83.8 83.9 84.6 85.7 85.7 85.8 86.6 87.2 87.2 87.2 87.6 88.1 88.7 88.5 88.3 88.6 88.7 88.6 89.2 89 89.1 89.4 89.4 89.5
-1.6 -1.6 -1.6 -1.6 -1.6 -1.6 -1.6 -1.6 -1.6 -1.6 -1.6 -1.6 -1.6 -1.6 -1.6 -1.6 -1.6 -1.6 -1.6 -1.6 -1.6 -1.6 -1.6 -1.6 -1.6 -1.6 -1.6 -1.6 -1.6 -1.6 -1.6 -1.6 -1.6 -1.6 -1.6 -1.6 44.7 70.5 77.8 79.6 79.1 78.5 77.8 77.2 76.6 75.7 77.2 78 78.4 77.5 76.3 74.7 74.2 75.7 76.6 76.9 74.6 70.5 71.8 74.7 79.5 83.3 84.3 85.4 85.8 86 86 86.9 87.1 87.7 87.1 87.7 88.2 88.2 88.3 88.5 88.6 88.6 89.1 89 89.1 89 89.5 89.6 89.3
-1.6 -1.6 -1.6 -1.6 -1.6 -1.6 -1.6 -1.6 -1.6 -1.6 -1.6 -1.6 -1.6 -1.6 -1.6 -1.6 -1.6 -1.6 -1.6 -1.6 -1.6 -1.6 -1.6 -1.6 -1.6 -1.6 -1.6 -1.6 -1.6 -1.6 -1.6 -1.6 -1.6 -1.6 -1.6 7.5 50 68.4 75.8 78.3 79.6 78.7 78 76.9 75.6 75.1 75.7 78.2 78.5 78.3 76.3 73.8 71.5 72.1 72.6 72.6 71.4 68.8 71 73.7 79 82.2 84.1 85.1 85.7 86 86.2 86.7 86.6 87.1 87.3 87.8 87.8 88.3 88.2 88.5 88.5 88.5 88.7 89.2 89.3 88.9 89.2 89.3 89.6
-1.6 -1.6 -1.6 -1.6 -1.6 -1.6 -1.6 -1.6 -1.6 -1.6 -1.6 -1.6 -1.6 -1.6 -1.6 -1.6 -1.6 -1.6 -1.6 -1.6 -1.6 -1.6 -1.6 -1.6 -1.6 -1.6 -1.6 -1.6 -1.6 -1.6 -1.6 -1.6 -1.6 -1.6 -1.6 -1.6 19.8 62.9 72.1 75.4 78.5 79 77.7 76.4 74.9 74 74.8 76.5 78.4 77.9 76 73.5 71 68.9 68.6 69 66.9 67.3 68.9 71.2 78.3 81.4 82.9 84.4 85.2 85.5 86.3 86.6 86.5 86.8 87.6 87.3 87.8 87.9 88.3 88.4 88.4 88.8 88.6 88.8 88.8 88.9 88.9 89.9 89.3
-1.6 -1.6 -1.6 -1.6 -1.6 -1.6 -1.6 -1.6 -1.6 -1.6 -1.6 -1.6 -1.6 -1.6 -1.6 -1.6 -1.6 -1.6 -1.6 -1.6 -1.6 -1.6 -1.6 -1.6 -1.6 -1.6 -1.6 -1.6 -1.6 -1.6 -1.6 -1.6 -1.6 -1.6 -1.6 -1.6 41.1 58.3 68.4 72.4 75.2 77.7 77.8 76.9 75.1 72.6 73.1 74.3 76.1 75.9 75.2 72.8 70.8 68.5 65.5 65.1 63.3 64.9 66.5 68.8 75 78.3 79.6 81.2 82.8 84.7 85.9 86.4 86.5 87.1 87.5 87.5 89.5 88.4 88.3 88.6 89.2 88.6 88.7 89 89.1 88.9 89.9 89.2 89.6
-1.6 -1.6 -1.6 -1.6 -1.6 -1.6 -1.6 -1.6 -1.6 -1.6 -1.6 -1.6 -1.6 -1.6 -1.6 -1.6 -1.6 -1.6 -1.6 -1.6 -1.6 -1.6 -1.6 -1.6 -1.6 -1.6 -1.6 -1.6 -1.6 -1.6 -1.6 -1.6 -1.6 -1.6 -1.6 -1.6 49.2 58.6 62.9 68 72.1 76.3 78.9 77.9 75.8 73.4 71.2 71.5 72.6 72.4 72 72.3 69.3 68.6 65.5 63.5 61.7 63.3 64.8 66.3 69.4 74.4 79.6 78.2 79.9 83.9 85.5 85.4 86.6 87.4 87.3 87.8 88.2 88.3 88.7 89 88.9 88.7 88.9 89.1 89.3 89.3 89.2 89.4 89.2
-1.6 -1.6 -1.6 -1.6 -1.6 -1.6 -1.6 -1.6 -1.6 -1.6 -1.6 -1.6 -1.6 -1.6 -1.6 -1.6 -1.6 -1.6 -1.6 -1.6 -1.6 -1.6 -1.6 -1.6 -1.6 -1.6 -1.6 -1.6 -1.6 -1.6 -1.6 -1.6 -1.6 -1.6 -1.6 -1.6 40.1 56.2 59.3 62.7 67.9 73.3 76.9 77.8 76.5 73.6 71.1 69.5 68.1 68.4 67.8 68.7 69.9 67 63.2 62.5 59.8 61.2 62.5 64.3 66.3 69.8 77.7 77.8 82.7 84.3 85.2 86.1 86.4 87.7 87.1 87.7 87.8 88 88.8 89 88.7 88.8 88.8 89 89.1 88.9 89.3 89.2 88.9
