public/OST50/SW64.asc
ncols 200
nrows 200
xllcorner 160000
yllcorner 40000
cellsize 50
[rows 114 to 151 of 200, columns 85 to 169 of 200]
75.1 78.1 78.8 78.2 78.6 79.2 79.6 80 79.4 79.3 79.2 79.7 80.3 81 81.2 81.6 81.8 81.4 81.4 82 82.7 83.4 84 84.7 85.3 85.3 85.3 85.5 85.7 85.9 86.3 87 87.8 88.4 88.9 89 88.8 88.3 87.5 86.8 86.2 84.6 80.8 76.9 78.3 80.8 80.5 78.2 74.3 67.3 59.8 63.2 68.1 70.7 72.3 74.6 76.9 78.1 78.5 77.8 76.1 74.4 72.8 70.5 67.5 63 58.1 52.7 48.4 45.7 42 37.6 33.1 29.1 29.1 31 33.3 36.7 39.7 43.3 47.2 51.1 54.5 57.1 59.9
76.6 79.3 80.4 80.5 80.5 80.7 81 81.3 81.4 81.4 81.1 81.5 81.6 81.3 81.4 81.6 81.7 81.6 81.2 81.6 82.1 82.5 83.2 83.9 84.2 84.5 84.8 85 85.3 85.6 86.3 86.9 87.5 88 88.6 89.2 89.3 88.9 88.4 87.8 87 85.6 83.3 82 83.3 83.2 82.5 80.2 76.3 70.5 62.6 65.4 70.7 72.8 74.3 75.8 77.3 78.9 79.4 78.2 77 76.2 75 73.1 70.4 65.7 59.6 52.5 47.7 41.8 37 36 34.1 30.9 30 31.5 34.3 38 42.1 45.9 49.6 53.2 56.4 59 61.3
77.3 80 81.2 82 82 82.2 82.6 82.9 83 82.7 82.8 82.6 82.3 82.1 82 81.5 81.6 81.7 81.3 81.5 81.8 82 82.1 82.4 82.8 83 83.2 83.5 83.8 84.7 85.5 86.2 86.7 87.3 87.8 88.3 88.7 88.4 88.3 88 87.8 86.5 85.4 85.3 84.4 83.7 82.5 79.9 75.3 69.2 64.7 68.2 72.6 74.8 76.3 77.8 79.2 80 80.5 80.2 79.3 78.5 77.1 75 72.1 67.7 62.8 56.2 48.5 42 42.8 42.8 40.6 36.4 32.7 33.4 35.4 40.1 44.2 48.4 52.3 55.5 58.4 61 62.9
78 80.4 81.8 83.2 83.5 83.8 84.2 84.4 84 83.6 83.4 83.1 82.9 82.7 82.2 81.4 81.5 81.6 81.3 80.6 80.5 80.7 80.8 80.9 81.3 81.5 81.7 82.1 82.9 83.8 84.5 85.1 85.7 86.3 87.1 87.4 87.8 87.8 88.1 88.1 88.1 87.6 86.8 86.1 84.8 83.9 82.4 79.5 74.4 68.6 66.9 71.4 74.4 76.5 78.1 79.4 80.5 81.1 81.8 81.8 81.6 80.4 79 76.8 73.5 69.7 65.5 56.9 48.5 46 47.5 48.2 46.1 40.4 34.4 33.8 36.5 41.4 47.1 50.5 55.4 58.5 61.6 64.4 66.9
79.6 81 82.4 83.9 85 85.3 85.7 85.4 84.8 84.1 83.6 83.3 83.1 82.7 81.9 81 80.5 80.9 80.5 79.8 79 79.3 79.4 79.5 79.8 80 80.3 81 81.6 82.1 82.9 83.6 84.6 85.7 86.7 86.9 87.2 87.7 87.9 88 88 88.1 87.7 87 86.2 84.2 82.4 79.1 74.3 69.5 67.9 71.9 75.6 77.7 79.5 80.8 81.5 82.1 82.3 82.4 82.1 81.1 79.6 77.6 74.7 71 65.7 54.3 45.8 51.2 54.1 51.6 48 43.3 35.7 34.5 37.6 43 49.2 54 58.7 62 65.1 68 70.6
81.3 82.4 83.6 84.9 85.9 85.9 85.7 85.5 85.1 84.6 84.1 83.5 83.2 81.9 80.5 79.5 78.7 78.5 78.3 77.6 77 77 76.9 77 77.6 77.3 78.4 79.2 79.7 80.5 81.4 82.2 83.8 85.2 86.3 86.5 87 87.7 87.8 87.8 88.3 88.8 88.2 87.5 86.9 85.3 83.3 80.1 76.5 72.3 69.7 71.9 76 78.7 80.5 81.7 82.3 82.6 82.6 82.4 81.8 81 79.4 77.8 74.6 69.2 60.3 50.3 52.8 58.8 57.5 53.3 48.3 42.8 36.7 35.1 37.3 44.3 51.2 56.8 60.7 64.4 67.9 70.3 72.4
83.4 84.1 84.9 85.4 85.8 85.8 85.7 85.5 85.2 84.7 84.2 83.8 82.6 80.9 79.3 78 77.2 76.4 75.7 75 74.4 74 74 74.3 74.4 74 74.5 77.3 78 79 80 81.3 82.8 84.4 85.7 86.1 87 87.6 88.1 88.6 89.1 89.5 88.8 88.1 87.4 86.2 84.6 81.7 78.5 75.5 72.1 73.5 76.1 79.3 81.4 82.3 82.5 82.7 82.8 82.2 81.6 80.1 78.4 76.6 72.6 66.3 54.3 53.3 60.3 61.1 58.3 53.7 48.7 43.7 36.7 34.8 37.2 45 52.2 58.3 62.6 66.5 70 72.2 74.3
84.6 85 85.1 85.3 85.8 85.8 85.7 85.6 85.3 84.8 84.3 83.1 81.9 80.1 77.9 75.9 74.5 73.7 73 72.4 71.9 71.4 71 71.6 71.7 73.1 74.6 76.1 77.5 78.8 80.1 81.4 82.6 83.9 85.1 86.2 87.1 88 88.6 89.3 89.9 90.1 89.4 88.8 88.1 86.9 85.3 83.8 81.1 78.1 75 73.9 77 80.3 81.9 82.4 82.5 82.6 82.5 82.3 80.2 78.1 75.9 73.1 67.9 59.2 54.4 58.8 62.2 60.8 57.9 54.2 49.3 44.9 39.5 35.1 37 44.5 52.4 58.6 63.3 67.2 71.2 73.3 75.4
85.6 85.7 85.7 85.6 85.8 85.7 85.6 85.5 85.4 84.7 83.7 82.1 80.9 78.8 76.4 74.4 71.5 70.3 69.4 68.7 68.4 68.1 68.5 69.9 71.5 73 74.5 76 77.5 78.9 80.2 81.5 82.8 84 85.2 86.4 87.3 88.2 88.9 89.6 90.2 90.5 90.1 89.5 88.9 87.6 86.3 85 83.1 80.5 78.1 76 77.8 80.8 82.2 82.4 82.6 82.6 82 81 78.5 75.7 72.1 66.8 61.1 56.6 58.5 61.6 64 64.5 61 57 51.4 46.5 40.9 36.5 37.4 43.7 51.9 57.6 62.7 67.2 71.4 74.1 76.3
85.3 85.5 85.7 85.7 85.5 85.3 85.3 85.2 85 84.1 83 81.4 79.8 77.7 74.9 71.3 68.5 66.6 65.8 65.1 64.8 65.8 67.7 69.7 71.4 73 74.5 75.9 77.4 78.9 80.3 81.6 82.9 84.2 85.4 86.6 87.5 88.4 89.2 89.8 90.4 90.7 90.3 89.9 89.4 88.5 87.3 86 84.7 82.3 79.8 77.5 79 81.3 82.2 82.4 82.6 82.5 81 79.4 76.5 73.1 67.7 62.1 60.2 61.4 64 66.1 67 67.3 64.3 60.2 53.2 47.6 43.3 37.7 37.2 41.8 50.4 56.3 60.9 64.8 70.6 73.8 76.4
84.7 85 85.4 85.3 85.1 84.8 84.7 84.7 84.1 83.4 82.1 80.5 78.7 75.9 72.7 68.5 65.4 63.4 62.8 62.6 63.7 65.6 67.4 69.4 71.4 72.9 74.4 75.9 77.3 78.8 80.3 81.7 83.1 84.3 85.5 86.8 87.7 88.6 89.5 90.1 90.6 90.9 90.5 90.1 90 89.3 88.1 86.8 85.6 83.8 81.4 79.7 79.8 81.5 82.5 82.5 82.6 81.6 80.1 77.4 74.4 69.9 65.4 62.8 64.2 67.1 69 70.3 70.5 70 68 62.7 55.5 48.8 43.9 38.9 37.4 39.7 48.6 54.1 59.2 63.9 68.9 73.5 76.2
84.5 84.2 84.2 84.3 84.5 84.4 84.2 83.8 83.2 82.7 80.9 79.1 77.1 74.5 71.2 66.3 63.1 61 60.5 61.7 63.7 65.6 67.4 69.2 71.1 72.8 74.3 75.8 77.3 78.7 80.2 81.6 83.1 84.5 85.7 86.9 88 88.8 89.7 90.3 90.7 91.1 90.7 90.6 90.4 89.7 88.9 87.7 86.6 84.9 83.2 81.6 81.1 82.4 83.1 83 82.5 80.8 78.9 76.6 74.4 71.4 67.6 65.9 69.2 71 72.1 73.7 74 72.9 70.3 65.1 59.8 52.7 46.5 40.8 37.4 39.5 47 54.8 60.6 64.6 69 73.2 76.6
83.3 83 83 83.1 83.3 83.5 83.4 83.4 83 81.3 79.9 77.6 75.4 72.1 68.4 64.5 61.6 59.6 59.3 61.3 63.3 65.5 67.3 69.1 71 72.8 74.3 75.7 77.2 78.7 80.1 81.6 83.1 84.5 85.7 87 88 88.9 89.8 90.4 90.8 91.2 91.2 91.1 90.7 89.8 89 88.2 87 85.8 84.6 83.3 83 83.6 84.3 83.9 83.4 81.7 79.7 77.7 75.7 73.2 70.5 70.1 70.9 73 75.1 76.2 76.1 75.3 73.2 68.7 62.3 57.6 52.9 45.6 39 39 45.4 53.4 59.4 63.5 67.9 72.9 77.1
82 81.8 81.8 81.9 82 82.2 81.8 81.6 80.6 79.1 76.5 73.9 71.6 69 66.2 63 59.8 58.7 58.6 60.6 62.7 64.8 66.6 68.5 70.3 72.2 74.3 75.7 77.2 78.7 80.1 81.6 83 84.5 85.7 86.9 88.1 88.9 89.7 90.5 90.9 91.2 91.2 91.1 90.5 89.4 88.8 88.2 87.3 86.2 84.9 84.5 84.5 85 85.2 84.7 84.1 82.5 80.9 79.8 77.6 75.3 73.7 72.4 73.4 74.8 76.3 78 78.2 77.1 75.1 72.4 67.6 63.8 60.6 53.6 45.4 37.9 44.6 52.2 58.6 62.8 68.2 72.8 76.6
81 80.6 80.3 80.3 80.2 80.1 79.7 78.7 76.4 74.6 71.6 68.6 66.3 65 63.5 61.1 58.4 57.2 58 59.8 61.8 63.8 66 67.8 69.7 71.5 74.3 75.7 77.2 78.6 80.1 81.5 83 84.4 85.6 86.8 88 88.9 89.7 90.4 91 91.1 91.1 90.9 90.3 89.1 88.5 88 87.5 86.5 86.2 86 86 86 86 85.7 85 84.4 83.2 82.1 79.9 78 76.5 75.1 75.6 76.9 78.3 79.5 79.9 78.7 76.9 74.2 72.6 70.4 66.8 61.8 48.8 39.2 46.3 51.3 57.2 62.4 67 72.7 76.1
78.6 78.7 78.2 77 76.7 76.4 74.8 73.1 70.7 68.5 66.9 64.3 62.2 61.1 59.8 58.3 56.2 55.5 56.9 58.5 60.5 62.7 65 67 69 70.9 73.7 75.5 77.1 78.6 80 81.5 82.7 83.9 85.2 86.5 87.7 88.7 89.5 90.2 90.6 90.8 90.7 90.4 90 89.1 88.5 88 87.5 87.1 86.8 86.5 86.5 86.5 86.6 86.6 86.3 85.9 85.5 84.4 82.5 80.8 79.4 78.3 77.6 78.5 79.8 80.9 80.8 79 77.4 76.1 72.8 70.1 67.3 64.1 50.7 39.8 44.7 50.3 56.4 60.8 66.4 72.1 75.7
75.6 76.8 76.3 74.5 72.2 70.8 69.6 67.8 65.6 63.4 62.4 61 59.6 58.7 57.2 55.2 53.9 54.4 55.8 57.2 59.2 61.5 64 66 68 70 72.9 74.9 76.5 78.2 79.8 81 82.1 83.3 84.6 85.8 86.9 88.3 89 89.4 89.7 90 90 89.8 89.7 89.3 88.8 88.4 87.9 87.5 87.1 87 87 87.1 87.2 87.4 87.4 87.2 86.8 86.4 85 83.2 82.4 81.4 80.3 80.5 81.3 82.4 81.2 79.5 77.1 73 68.8 64.9 61.3 58.7 51.1 40.7 45.4 51.5 56.1 62.1 68.6 71.9 76.8
71.3 72.9 73.1 70.5 68.6 66.5 64.8 62.7 61 60.5 59.3 58 56.6 56.2 54.6 53.1 52.4 53.5 54.7 56 57.9 60.3 63.1 65.1 67.1 69.5 72.3 74.3 75.9 77.6 79.1 80.4 81.6 82.7 83.9 85 86.2 87.3 88 88.4 88.8 89.2 89.2 89 88.8 88.5 88.2 88 87.7 87.4 87.5 87.6 87.8 87.9 88 88.2 88.2 88.2 88.1 87.4 86.7 86.1 85.2 84.3 83.3 83.1 83.4 82.9 81.2 78.3 74.9 70.8 64.8 60 55.7 52.5 48.7 45.2 46.7 51.6 58.7 65.2 70 73.4 77.4
65.3 66.1 68.1 67.4 66.2 61.4 60.2 59.7 59.5 58.9 56.1 54.2 53.2 53 52.5 51.7 51.6 52.6 53.7 55 56.7 59.1 61.9 64.1 66.3 69 71.4 73.6 75.3 77 78.4 79.7 80.7 81.3 82.5 83.4 84.2 85.5 86.3 86.9 87.4 87.8 88.2 88.1 87.9 87.6 87.3 87.5 87.6 87.8 87.9 88.2 88.4 88.7 88.8 89 89.1 89 89 88.7 88.2 87.5 86.9 86.2 85.6 85.1 84.6 84.4 81.9 77.7 73.5 69 63.4 58.3 57 56.4 50.2 43.6 45.9 53.5 61.9 67.1 71.6 75 77.9
60.7 61.5 61.4 61.5 58.5 56.3 56.7 56.9 56.1 53.3 52.3 51.1 50.1 50.5 51.1 51.1 51.2 51.9 52.8 53.9 55.4 58 60.7 63.2 65.7 68.1 70.5 72.7 74.7 76.4 77.7 78.5 79.1 79.5 80.3 81.1 82.2 83.6 84.6 85.3 85.9 86.3 86.7 87.1 87.5 87.7 87.8 87.9 88.1 88.2 88.4 88.6 88.9 89.1 89.4 89.6 89.9 89.8 89.7 89.4 89.2 88.9 88.4 87.8 87.2 86.8 86.3 85.3 82.1 77.7 75.1 71.4 66.4 63.7 64.2 62.9 56.4 45.9 46.9 54.2 63.6 69.5 73.8 77.8 80.8
53.8 55.3 54.1 53.7 52.5 51.4 51.6 51.6 49.7 48.9 47.7 47.5 47.4 48.8 49.4 50.1 50.6 51.4 52.2 52.9 54.1 56.2 59.2 62.2 64.7 67.2 69.5 71.7 73.8 75.2 76.1 77 77.3 77.3 78 78.9 80.3 81.6 83 83.7 84.4 84.8 85.1 85.9 86.7 87 87.4 87.7 88 88.3 88.6 89 89.3 89.6 89.9 90.1 90.3 90.3 90.1 89.9 89.8 89.8 89.8 89.4 88.7 88.5 87.3 85.6 83.6 81.6 79.3 76.2 70.8 68.8 69.2 69 66.2 51.4 45.4 54 65.7 71.7 76 79.9 83.5
44.5 44.8 45.8 46.4 46.8 46.4 46.8 45.9 45.7 45.6 45.6 45.6 45.7 47.9 49.8 49.8 50.2 50.9 51.8 52.6 53.5 54.1 57.1 60.4 63.5 66.1 68.4 70.3 71.2 72.8 73.8 74.7 75.3 75.7 75.7 77 78.2 79.4 80.5 81.8 82.8 83.2 83.9 84.9 85.8 86.3 86.6 86.9 87.2 87.6 88.5 89 89.4 89.8 90.1 90.5 90.6 90.6 90.6 90.7 90.7 90.7 90.6 90.7 90.4 90 88.7 87.7 87 85.5 83.6 80.6 76.7 75.6 76.8 76.2 73.4 60.8 45.7 51.9 66.1 73.7 78.1 82 85.8
43.7 43.4 43.8 44.3 44.7 45.4 45.5 46.6 46.3 45.8 47 48.6 49.6 50.3 51 51.7 52.3 52.3 53.1 53 53.8 54.1 55.3 58.7 62.2 64.7 66.8 68.3 69.1 70.3 71.2 71.6 72.4 73 73.3 74.5 75.6 76.8 77.9 79.2 80.7 81.8 82.8 83.8 84.7 85.5 85.9 86.2 86.6 87.6 88.5 89 89.4 89.7 90 90.3 90.6 90.6 90.6 90.8 91.1 91.3 91.5 91.5 91.4 91.2 90.8 90.2 89.5 88.6 87.1 84.5 82.1 81.5 81.7 81.4 78.9 71.1 51 48.9 64.8 74.8 80.2 84.3 88.3
48.5 48.7 47.5 47.3 47.1 47.3 47.6 48.5 48.7 49.2 51.1 52.6 52.8 53.5 54.2 54.5 55.6 54.9 54.7 55 54.5 54.1 54.1 56.7 60.2 62.9 64.9 65.9 67 67.8 67.8 68.4 69.5 69.9 70.8 71.9 73 74.2 75.4 76.8 78.3 80 81.7 82.7 83.7 84.6 85.1 85.7 86.6 87.5 88.3 88.6 88.9 89.3 89.8 90.1 90.4 90.5 90.5 90.7 91 91.4 91.9 92.3 92.3 92.1 92.2 91.9 91.4 90.9 89.8 88.4 87.3 86.6 85.8 85 82.4 76.9 58.6 49 62.3 76.1 82.3 86.4 90.1
54.7 53.2 52 51.3 50.5 50 49.6 50 51.1 52.8 54.7 56.1 56.3 56.6 57.2 59 59.9 58.9 57.9 57.2 55.8 54.5 54.2 54.1 57.2 60.2 61.5 62.4 63.4 64 64.3 65.2 66.3 67.3 68.3 69.4 70.5 71.6 72.9 74.3 76 77.7 79.6 81.3 82.5 83.5 84.6 85.5 86.3 87.2 87.9 88.3 88.5 88.6 89.3 89.9 90.2 90.3 90.5 91.1 91.5 91.9 92.4 92.8 93.2 93.1 93.1 93.3 92.8 92.3 91.5 90.1 89.7 89.2 88.5 87.8 85.6 82.1 65.5 49.4 61.3 77.4 83.2 88.2 91.6
59.6 58 56.6 55.6 55.6 55.4 54.2 52.9 54.2 56.2 58.2 59.3 60.3 60.6 62.3 63.9 63.9 62.9 61.9 60.3 58.6 56.6 54.7 54.3 54.1 56.1 57.4 58.5 59 59.9 60.6 61.6 62.9 64.3 65.7 66.9 67.9 69 70.4 72.1 73.7 75.4 77.3 79.2 80.9 82.3 83.4 84.7 85.9 87 87.5 88.2 88.1 88 88.6 89.2 89.8 90.3 90.5 90.9 91.8 92.5 92.9 93.3 93.7 94 94 94.1 94.2 93.7 93.2 91.8 91.6 91.4 91 90.2 87.9 84.7 65.3 50.2 60 77 84.8 89.3 92.4
63.6 62.2 61.4 60.4 60.1 60 59.4 57.3 57.5 59.7 61.5 63.2 65 65.5 67.7 68.4 68 66.7 65 63.7 62.7 60.5 58.2 55.9 55.2 56.3 56.8 57 57.6 58.3 58.9 59.3 60.6 62.3 63.3 64.3 65.4 66.5 68.1 69.8 71.4 73.1 75 76.9 78.8 80.6 82.2 83.5 85.2 86.7 87.2 87.9 87.7 87.4 87.9 88.5 89 89.8 90.5 90.7 91.4 92.1 92.7 93.3 93.9 94.5 94.9 94.9 95 95.1 94.6 93.5 93.6 93.6 92.9 91.9 89.4 85.3 62.3 52 63.7 78.5 85.8 90.2 93.2
66.6 65.6 65.5 65.3 64.6 64.3 64.6 63.1 61.6 63 65.1 67.4 69.1 70.7 72 72.9 71.6 69.9 68 67 66 63.9 61.6 59.7 57.7 57.1 57.6 57.7 58.1 58.6 58.9 59.4 59.4 60.6 61.7 62.7 63.8 64.9 66.4 68 69.6 70.6 72.4 74.1 75.8 78 80.2 82.6 84.4 85.9 87.1 87.5 87.3 87 87.2 87.6 88.2 89 89.7 90.5 91.1 91.7 92.4 93.2 94 94.8 95.4 95.6 95.7 95.9 95.9 95.4 95.4 95 94 92.5 90.1 82 57.4 54.5 67.6 80.7 86 90.1 93.8
69.3 69 69.3 69.1 69 69.9 71.6 69 67.6 67.4 69.4 71.5 73.4 75.2 75.4 75.4 74.3 72.9 71.2 70.3 69 67.3 65.3 63.3 61.6 59.8 58.8 58.4 58.7 58.9 59.1 59.4 60.1 61.2 62.1 63.1 63.9 64.6 65.9 67.4 68.4 69.6 69.9 71.3 73.2 75.7 78 80.4 83.2 85.3 86.6 87.3 87 86.4 86.1 87.1 88.1 88.9 89.7 90.5 91.2 92 92.8 93.6 94.4 95.2 95.8 96.1 96.3 96.4 96.6 96.8 96.5 95.6 94.8 92.7 89.3 76.9 54.9 57.5 73.4 80.6 85.4 89.5 92.9
71.5 72.4 72.3 72.7 73.2 73.6 73.8 74 72.6 72 73.8 75.7 76.6 77.4 77.5 76.9 75.6 74.4 74 73.4 72 70.6 68.4 66.2 64.5 62.1 60.5 59.3 59 59.2 59.5 60 60.8 61.8 62.8 63.6 64.1 64.9 65.9 67 68.5 69.6 69.2 71 72.7 73.1 75.6 79.1 81.9 84.1 86.1 86.6 85.8 84.8 85.1 87.1 88.6 89.5 90.3 91 91.7 92.4 93.2 93.9 94.8 95.5 96.2 96.7 96.8 97 97.2 97.4 97.3 96.2 95.1 92.8 88.1 70.9 53.8 61.2 72.8 78.3 83.1 88.6 92.1
73.6 74.4 75.4 75.6 76.1 76.7 77.2 77.5 77.4 77 76.7 77.8 79 79.7 79.5 78.5 77.5 77.1 76.2 75.3 74 72.7 71.3 69.1 66.6 64 62.3 61 59.7 60.1 60.6 61.2 61.8 62.5 63.2 63.8 64.3 65.4 67.1 67.9 68.7 69.6 70.7 71.9 73.7 72.8 73.5 76.4 79.3 82 84.7 85.3 84.2 83.3 85.1 87.1 88.8 90.1 90.9 91.5 92.2 92.9 93.7 94.4 95.2 95.8 96.5 97.2 97.4 97.6 97.9 97.5 97.3 97.1 96 93.8 88 62.6 55.3 65.2 73 76.8 81.9 87.5 91.3
75.7 76.3 77.3 78.3 78.9 79.1 79.3 79.5 80.1 79.9 79.1 79.3 80.6 81.2 81 80.4 79.5 78.7 77.8 76.8 75.6 74.4 73.4 71.3 69 66.2 64.1 62.2 61.6 61.6 61.8 62.1 62.5 63 63.6 64 64.8 66.6 68.3 69.2 70.2 72.3 73.2 74.1 74.8 74.7 74.9 74.6 76.5 79.2 81.8 83.2 81.7 83.1 85.2 87.4 88.9 90.2 91.4 92 92.7 93.4 94.1 94.9 95.7 96.7 97.3 97.8 98.1 98.4 98.2 97.9 97.6 97.3 96.3 94.3 82 58.3 58.1 71.6 79.9 82.1 83.8 88 90.9
77.8 78.3 79.2 80.2 81 81.2 81.4 81.6 81.8 81.7 81.6 81.3 82 81.7 81.4 80.9 80.3 79.7 79.2 78.4 77.1 75.9 74.9 73.1 71.3 69.2 67 64.4 62.9 61.5 61.6 62.5 63.1 63.6 64.2 64.8 66.1 68 70.1 72.6 74.7 75.9 76.6 76.9 77 77.5 77.5 76.9 76.3 76.3 78.7 79.3 79.9 83.2 85 87.2 89 90.4 91.9 92.6 93.2 93.9 94.6 95.4 96.3 97.2 98.1 98.5 98.8 99.1 98.5 98.2 98 97.1 96 93.4 81.1 58.9 60.6 77.9 85.1 86.8 88.8 91.4 93.4
78.5 79.5 80.6 81.3 81.9 82.3 82.6 82.9 82.7 82.5 82.4 82.4 82.3 82 81.6 81 80.4 80 79.5 79.1 78.3 77.2 76.2 74.9 73.1 71.2 68.6 66.8 65.3 63.8 62.3 63.4 64 64.6 65.2 65.8 67.9 70.3 72.9 75.2 76.9 78.3 79.2 79.1 79.2 79.6 80.1 79.7 79.2 78.5 77.9 78.2 79.3 81.9 84.1 87.1 89.2 90.6 92.1 93.1 93.8 94.4 95.1 96.1 97 98 98.6 99.1 99.5 99.8 98.8 98.5 97.8 96.8 95.9 91.4 76.1 58.4 71.6 83.4 88.1 90.3 92.4 94.3 95.7
79.3 80.4 81.3 82.1 82.6 83.1 83.5 83.8 83.6 83.4 83.1 82.9 82.5 82.1 81.7 81.4 80.9 80.4 80 79.5 78.9 78.1 77.4 76.5 74.9 72.9 70.8 69.2 67.6 66 64.7 64 64.9 65.5 66.1 67.1 69.3 72.5 75.5 77.4 78.8 80 81.4 82.3 82.3 82.9 83.2 82.8 82.1 81.4 80.2 79.6 79.9 80.6 84.2 87.4 89.4 90.8 92.3 93.6 94.3 95.4 96.1 96.9 97.8 98.8 99.2 99.6 100.2 100.1 99.1 98.6 97.6 96.8 96 91.8 74.3 64.2 88 87 90.5 93.1 95.3 97.2 98.8
80.3 81.2 82 82.9 83.4 83.8 84.2 84.5 84.3 83.8 83.2 82.5 82 81.6 81.3 81 80.7 80.3 80 79.5 79 78.3 77.7 77 75.9 74.7 73.1 71.5 69.9 68.3 67 65.9 65.7 66.4 67.1 68.1 70.5 73.5 76.4 78.6 80.2 81.7 83.1 84.6 85.6 85.5 85.3 85.3 84.8 83.9 82.7 81.8 81.2 81.7 83.3 86.1 88.7 91.2 92.6 94.1 95.6 96.6 97.1 97.7 98.6 99.5 99.8 100 100.6 100.3 99.3 98.5 97.6 96.8 95.5 91.5 70.5 63.4 78.3 88.1 92.7 95.6 98.1 100.2 102
81.2 82.1 82.9 83.3 84.3 84.7 85.1 84.8 84 83.3 82.7 82.1 81.5 81.2 80.9 80.4 79.8 79.3 78.8 78.6 78.6 78.3 77.8 77.2 76.7 75.6 75 73.7 72.1 70.5 69.4 68 66.7 67.6 68 68 69.7 72.3 74.5 78.1 81.1 82.5 84 85.6 86 86.2 86.1 86.5 86.3 85.8 85 84.5 83.5 83.2 83.5 85.7 88.6 90.8 93.2 94.8 96.4 97.5 98.1 98.6 99.4 100 100.3 100.6 100.6 100.4 99 97.2 96 94.7 93.6 90.1 69.6 64 77.9 90.5 94.2 94.1 93.6 93.8 93.9
81.8 82.4 82.9 83.3 85.1 85.6 85.2 84.8 83.7 83 82.4 81.7 80.6 79.7 79 78.6 78.5 78 78.1 78.3 78.5 78.4 78 77.7 77.3 76.6 76.2 75.4 74.2 72.9 71.1 69.1 67.6 68.8 68.6 68.2 68.9 70.5 72.6 75.9 78.6 80.7 83.2 85.6 86.2 86.9 86.8 87.4 87.5 87.6 88 88 86.6 85.5 85.2 85.2 88.3 91 93.8 95.6 97.2 98.3 98.9 99.6 100.2 100.5 100.7 100.7 100.3 100 98.5 95.9 91.6 89.6 90 90.2 70.4 64.8 77.5 90.4 93.6 97.1 100.1 101.6 102.9
