public/OST50/SW64.asc
ncols 200
nrows 200
xllcorner 160000
yllcorner 40000
cellsize 50
[rows 76 to 113 of 200, columns 85 to 169 of 200]
-1.8 -1.8 -1.8 -1.8 -1.8 -1.8 -1.8 -1.8 -1.8 -1.8 -1.8 -1.8 -1.8 -1.8 -1.8 -1.8 -1.8 -1.8 -1.8 -1.8 -1.8 -1.8 -1.8 -1.8 -1.8 -1.8 -1.8 -1.8 -1.8 -1.8 -1.8 -1.8 -1.8 -1.8 -1.8 -1.8 -1.8 -1.8 60.7 70 74.2 77.8 81.5 82.5 83.2 84.3 85.7 86.2 86.7 86.6 86.6 86.7 86.7 86.8 86.9 87 87.1 87.2 87.3 87.4 87.4 87.3 87 86.7 86.5 86.8 87.1 87.2 87.3 87.3 87.2 87 86.7 86.4 86.1 85.2 84.9 83.5 84.3 85.5 86 86.5 87 87.4 87.9
-1.8 -1.8 -1.8 -1.8 -1.8 -1.8 -1.8 -1.8 -1.8 -1.8 -1.8 -1.8 -1.8 -1.8 -1.8 -1.8 -1.8 -1.8 -1.8 -1.8 -1.8 -1.8 -1.8 -1.8 -1.8 -1.8 -1.8 -1.8 -1.8 -1.8 -1.8 -1.8 -1.8 -1.8 -1.8 -1.8 -1.8 60.4 68 74.6 77.7 80.6 82.8 84.2 85.3 86.4 87.3 87.4 87.5 87.4 87.2 87.1 86.5 86.4 86.5 86.6 86.7 86.5 86.4 86.5 86.6 86.3 86.1 85.8 85.2 85.2 85.5 86.1 86.8 86.9 86.8 86.7 86.6 86.3 85.9 84 82.9 81.2 81.1 82.6 84 85.2 85.8 86.3 86.8
-1.8 -1.8 -1.8 -1.8 -1.8 -1.8 -1.8 -1.8 -1.8 -1.8 -1.8 -1.8 -1.8 -1.8 -1.8 -1.8 -1.8 -1.8 -1.8 -1.8 -1.8 -1.8 -1.8 -1.8 -1.8 -1.8 -1.8 -1.8 -1.8 -1.8 -1.8 -1.8 -1.8 -1.8 40.1 53.4 61.8 64.6 70.1 74.9 78.4 81.4 83.6 85.3 87.1 88.3 88.6 88.3 88.1 88 87.8 87.6 86.7 86.3 86.2 86 85.9 85.7 85.6 85.6 85.5 85.3 84.7 84.1 83.5 83.3 83.9 84.5 85.2 85.9 86.5 86.3 86.2 86.1 85.1 83 80.6 78.9 77.8 78.9 80.6 82.3 83.3 85.4 86.1
-1.8 -1.8 -1.8 -1.8 -1.8 -1.8 -1.8 -1.8 -1.8 -1.8 -1.8 -1.8 -1.8 -1.8 -1.8 -1.8 -1.8 -1.8 -1.8 -1.8 -1.8 -1.8 -1.8 -1.8 -1.8 -1.8 -1.8 -1.8 -1.8 -1.8 -1.8 -1.8 45.8 54.3 58.3 60.3 64.3 68.5 73 76.1 79.4 82.1 84.5 86.4 88.2 89.2 89.3 89.1 88.8 88.5 88.4 88.2 87.1 86.1 85.1 84 84.1 84.4 84.6 84.7 84.2 83.6 83 82.4 81.8 81.4 82.2 82.9 83.6 84.4 85.6 86.4 86.3 86 85.1 82.5 79.6 76.7 74.9 75.3 77 78.3 80.3 83.1 85.2
-1.8 -1.8 -1.8 -1.8 -1.8 -1.8 -1.8 -1.8 -1.8 -1.8 -1.8 -1.8 -1.8 -1.8 -1.8 -1.8 -1.8 -1.8 -1.8 -1.8 -1.8 -1.8 -1.8 -1.8 -1.8 -1.8 -1.8 -1.8 -1.8 -1.8 -1.8 -1.8 -1.8 37.9 27.9 65.9 68.7 72.2 74.8 78 80.3 83.1 85.6 87.5 89.4 89.6 89.7 89.6 89.4 89.2 89 88.7 87.5 86.2 84.3 83.2 82 82.2 82.3 82.9 82.8 82.2 81.5 80.8 80.1 79.6 80.5 81.2 82 83.1 84.5 85.9 85.9 85.6 84.8 82.2 79.3 75.7 73.8 71.5 72.7 74.7 77.5 81 83.3
-1.8 -1.8 -1.8 -1.8 -1.8 -1.8 -1.8 -1.8 -1.8 -1.8 -1.8 -1.8 -1.8 -1.8 -1.8 -1.8 -1.8 -1.8 -1.8 -1.8 -1.8 -1.8 -1.8 -1.8 -1.8 -1.8 -1.8 -1.8 -1.8 -1.8 -1.8 -1.8 -1.8 0.8 1.8 65.1 72.7 74.8 77.3 79.8 82.2 84.7 86.6 88 89.3 89.8 89.9 89.9 89.7 89.4 89.2 88.8 87.7 86.3 84.5 82.5 80.4 79.7 80.3 81.2 81.2 80.8 80.2 79.5 77.6 77.3 78.6 79.6 81 82.6 84.2 85.1 85.5 85.2 84 82 78.3 74.6 72.2 68.8 69.1 71.5 74.6 78.1 81.4
-1.8 -1.8 -1.8 -1.8 -1.8 -1.8 -1.8 -1.8 -1.8 -1.8 -1.8 -1.8 -1.8 -1.8 -1.8 -1.8 -1.8 -1.8 -1.8 -1.8 -1.8 -1.8 -1.8 -1.8 -1.8 -1.8 -1.8 -1.8 -1.8 -1.8 -1.8 -1.8 -1.8 -1.8 1.1 19.8 75 76.2 78.7 81.1 83.5 85.2 86.6 88.1 89.1 89.6 90.2 90.2 90 89.7 89.3 88.2 86.8 85.9 84.2 81.8 79.7 78.1 79 79.7 79.8 79.5 77.7 75.8 75.4 75.9 77.2 78.9 80.7 82.3 83.7 84.3 84.9 84.9 84.2 82.1 78.7 75 71.4 67.9 66.1 66.7 70 74.2 78.1
-1.8 -1.8 -1.8 -1.8 -1.8 -1.8 -1.8 -1.8 -1.8 -1.8 -1.8 -1.8 -1.8 -1.8 -1.8 -1.8 -1.8 -1.8 -1.8 -1.8 -1.8 -1.8 -1.8 -1.8 -1.8 -1.8 -1.8 -1.8 -1.8 -1.8 -1.8 -1.8 -1.8 -1.8 -0.2 5.5 75.9 78.3 80.1 82.5 84 85.4 86.7 88.1 88.9 89.5 90.1 90.3 89.8 89.4 88.8 87.5 86 83.9 83.1 81.2 79.1 77 76.6 79.5 78.5 76.5 74.3 72.8 74.5 75.5 77 78.8 80.3 82.1 82.9 83.9 84.8 84.8 84 82.4 79.8 76.3 72.6 69 65 63.1 66.3 70.6 74.5
-1.8 -1.8 -1.8 -1.8 -1.8 -1.8 -1.8 -1.8 -1.8 -1.8 18.1 -1.8 -1.8 -1.8 -1.8 -1.8 -1.8 -1.8 -1.8 -1.8 -1.8 -1.8 -1.8 -1.8 -1.8 -1.8 -1.8 -1.8 -1.8 -1.8 -1.7 -1.4 -1.8 -1.8 0.9 20.9 77 79.4 81.3 82.8 84.1 85.5 86.9 88.3 89.1 89.8 90.4 90.1 89.6 89.2 88.2 86.7 85.2 83.4 81.2 79.4 77.8 76.2 74.9 75.2 75.2 74.5 71.3 70.9 73.8 75.8 77.7 79.7 81.2 82.4 83.4 84.4 84.7 84.7 83.9 82.4 80.4 77.5 74.1 70.2 66 61.1 62.2 66.5 70.8
-1.8 -1.8 -1.8 -1.8 -1.8 -1.8 -1.8 -1.8 -1.8 -1.8 -1.8 0.4 -1.8 -1.8 -1.8 -1.8 -1.8 -1.8 -1.8 -1.8 -1.8 -1.8 -1.8 -1.8 -1.8 -1.8 -1.8 -1.8 -1.8 -1.8 0.2 1 0.9 0.6 3.7 43.4 77.6 79.5 80.5 82.4 83.7 85.1 86.9 88.5 89.5 90.1 90.3 89.9 89.4 88.8 87.3 85.8 84.3 82.8 80.9 79.6 78 76.4 74.9 71.3 71 70.3 68.8 71.8 75.2 77 78.7 80.5 81.8 82.8 83.8 84.4 84.6 84.6 83.7 81.9 80.3 78 74.8 72.1 68.2 63 58 62.1 67
-1.8 -1.8 -1.8 -1.8 -1.8 -1.8 -1.8 -1.8 -1.8 -1.8 -1.8 -1.8 -1.8 -1.8 -1.8 -1.8 -1.8 -1.8 -1.8 -1.8 -1.8 -1.8 -1.8 -1.8 -1.8 22.6 25.5 -1.8 -1.8 0.5 2.1 9.7 43.1 54.6 40.6 77.8 78 78.4 79.6 81.2 83.3 85.2 87.1 88.7 89.5 90.2 90.1 89.7 89.2 88.4 86.8 85.3 83.8 82.2 80.8 79.5 78.2 76.4 73.7 70 67.9 67.5 69.3 72.6 76.5 78.6 80.3 81.4 82.4 83.3 84.1 84.3 84.4 84.6 83.2 81.8 80.9 80 77.1 75.7 71.4 66.6 59.8 56.3 61.3
-1.8 -1.8 -1.8 -1.8 -1.8 -1.8 -1.8 -1.8 -1.8 -1.8 -1.9 -1.8 -1.8 -1.8 -1.8 -1.8 -1.8 -1.8 -1.8 -1.8 -1.8 -1.8 -1.8 -1.8 -1.8 43.6 47.9 31.9 4.5 5 47.8 69.7 72.4 74.2 76.3 77.2 77.4 77.5 77.6 78.8 82.2 84.8 87 88.1 88.9 89.9 89.9 89.4 89.3 88.7 87.3 85.7 84.2 82.9 81.7 80.5 79.1 76.9 74.5 70.7 65.8 67.5 71.2 74.4 77.7 79.7 81.2 82.2 83.1 83.8 84.3 84.4 84.5 84.4 83.8 83.1 82.2 81.3 80.3 78.2 75.2 70.9 64.7 57.4 55.5
-1.8 -1.8 -1.8 -1.8 -1.8 -1.8 -1.8 -1.8 -1.8 -1.8 -1.8 -1.8 -1.8 -1.8 -1.8 -1.8 -1.8 -1.8 -1.8 -1.8 -1.8 -1.8 -1.8 -1.8 -1.8 24 47 52.6 56.2 61 64.3 67.3 69.3 72.5 75.1 76.2 76.3 75.8 73.7 76 81 84 86.6 87.4 88.4 89.4 89.6 89.4 89.5 88.9 87.7 86.2 84.8 83.8 82.5 81.2 79.5 76.9 74.5 72.6 64.3 67.9 72.4 76.1 78.6 80.6 81.7 82.8 83.4 84 84.5 84.6 84.1 83.2 82.4 81.7 81.3 80.8 80.6 79.3 76.9 73.3 68.8 62.6 53.8
-1.8 -1.8 -1.8 -1.8 -1.8 -1.8 -1.8 -1.8 -1.8 -1.8 -1.8 -1.8 14.7 -1.8 -1.8 -1.8 -1.8 -1.8 -1.8 -1.8 -1.8 -1.8 -1.8 -0.5 -1.8 22.3 41.3 45.4 50.5 56.9 61.8 65.4 67.4 69.9 71 72.7 73.6 71.9 66 69.5 77.1 82.2 85 86.7 87.8 88.9 89.5 89.6 89.6 89.2 87.9 86.6 85.6 84.7 83.3 82 79.8 77.3 74.4 68.5 64.3 69.8 73.2 76.6 79.1 80.8 81.9 82.9 83.6 84.2 84.5 83.8 83.4 81.9 81.2 80.4 79.7 79.3 79.3 78.4 76 73.1 69 64.4 55.7
-1.8 -1.8 -1.8 -1.8 -1.8 -1.8 -1.8 -1.8 -1.8 -1.8 -1.8 -1.8 43.1 -1.8 -1.8 -1.8 -1.8 -1.8 -1.8 -1.8 -1.8 -1.8 -0.8 0.8 2.4 22 31.7 34.2 42.8 50.9 54.8 56.9 52.3 46.2 51.8 56 62 65.2 59.4 62 74.3 80.5 83.1 85.2 86.4 87.4 88.8 89.6 89.5 89.1 88.3 87.1 86.3 85.5 83.9 82.3 80.1 76.6 71 62.8 67.5 72.1 75.5 77.3 79.6 80.9 82 83 83.6 84 84.3 83.4 82.1 80.7 80 79.2 78.5 77.8 76.9 74.7 73.1 70.6 67.2 63.3 57.5
-1.8 -1.8 -1.8 -1.8 -1.8 -1.8 -1.8 -1.8 -1.8 -1.8 64.2 61.8 57.9 51.3 2.1 0.4 0.8 -1.8 -1.8 -0.8 -1.5 -1.8 0.5 1.5 4.8 2.4 11 18.3 29.6 36.8 36.2 30.8 23.2 18 18.6 27.6 40 47.1 47.9 56 69.4 77.8 81.8 83.7 84.9 86.2 87.6 88.4 88.8 88.4 87.5 86.8 86.1 85.3 84.2 82.1 79.1 74.8 65.2 62 72 74.9 77.3 79.2 80 81.1 82.3 82.9 83.2 83.6 83.3 82.2 80.9 79.3 77 76.1 75.4 74.8 73.9 70.9 69.1 65.5 63.1 59.2 54.8
-1.8 -1.8 -1.8 -1.8 -1.8 -1.8 -1.8 -1.8 -1.8 21.2 67.2 65.6 64 62.8 52.9 23.3 21.7 2.2 0.6 0.6 0.4 -1.8 1.7 2.4 4.5 4.8 2.4 6.2 7 9.9 11 7.6 6.9 7.2 7.2 7.7 10.3 24 31.8 50.3 66.1 75.3 79.4 81.2 83.4 84.8 86.1 86.9 87.2 87.2 86.4 85.7 85.2 84.4 83.5 81.5 78 66.4 52.6 68.4 74.4 76.7 79.1 80.2 80.6 81.5 82.3 82.8 82.9 82.6 81.9 81 79.6 77.6 74.9 71.8 71.4 70.9 68.9 65.9 63.2 59.3 57.4 55.3 52.3
-1.8 -1.8 -1.8 -1.8 -1.8 -1.8 -1.8 0.7 -0.8 1.4 63.4 59.8 57.8 56.1 51.6 39.9 21.1 0 2.3 2 2.3 -1.8 7.4 9.5 9.2 5.5 5.7 2.4 4.7 5.8 6.3 6.4 6.4 6.5 6.6 6.9 7.5 8.5 16.5 41 61.1 70.8 73.6 75.7 78.4 82.2 84.2 85.4 85.3 84.8 84.5 84.2 83.9 83 82.1 80.1 75.7 59 54.3 72.5 77.1 78.6 79.6 80.3 80.9 81.4 81.7 81.9 81.9 81.2 80.5 79.5 77.5 75.2 72 68.6 66.3 65 62.6 59 57.1 52.8 50.8 48.5 45.2
-1.8 -1.8 -1.8 -1.8 -1.8 -1.8 -1.8 1.1 1.9 2.3 60.5 51 48.5 40.8 35.4 27.7 12.7 15.8 31.7 38.4 26.1 16.3 9.2 9.1 8.5 6.9 6.3 5.9 5.8 5.9 6.6 6.6 6.9 6.8 6.7 7.1 7.7 8.1 9.7 19.8 50 57.1 61.4 64.2 71.1 77.2 79.8 81.2 81 81.4 82 81.7 82 81.9 80.3 77.8 70.9 52.7 57.4 73.6 76.7 78.2 79.7 80 80.3 80.5 80.7 80.8 80.8 78.9 78.2 76.3 74.6 72.6 68.5 64.1 60.7 57.4 55.1 52 48.7 47 44.3 42.3 39.1
-1.8 -1.8 -1.8 -1.8 -1.8 -1.8 -1.8 0.2 2.3 70.2 64.4 58.5 49.2 37.3 33.4 25.9 18.4 28.8 49.1 56.7 51.3 36.9 23.9 13.4 8.8 8.1 7.2 7.5 7.6 7.8 9.6 10.4 9.8 10.1 9.6 8.9 7.8 7.7 7.8 9.5 23.3 32.3 37.3 44 53.2 66.1 73.2 75.2 76.5 76.9 78 79.1 79.2 78.8 77.4 70.5 54.3 41.2 58.7 73 76 78.3 78.9 79.1 79.1 78.1 78.8 78.8 78.2 75.6 74.4 73.1 71.4 69 63.7 60.1 52.8 49.9 47.4 46.7 43.2 40 39.2 36.5 33.9
-1.8 -1.8 -1.8 -1.8 -1.8 16.5 0.1 1.2 51.4 71.8 68.3 63.6 53.3 52.6 51.8 39.4 25.7 41.3 56.4 63.3 66.2 64.6 52.1 37.8 28.2 25.5 23.2 21.8 17.6 13.2 23.7 22.9 15.5 20.9 22.1 19 15.4 11.7 8.9 9.4 9.3 10.8 11.6 14.9 24.1 45 59.6 66.8 70.3 72.1 73.9 75.5 75.5 74 68.2 52.2 34.4 48 66.7 72.9 75.1 77.3 77.9 78.1 76.8 75.6 74.8 74.8 73.1 70.5 69.1 66.3 64.9 60.9 53.9 50 45.3 41.9 40.5 39.3 36.3 35.2 34.1 31.7 29.3
-1.8 -1.8 -1.8 -1.8 -1.8 48.7 2.4 68.2 75.1 73.8 71.3 67.6 62.6 63.7 60 47 48.4 38.8 57.9 66.2 68.6 69 68.2 61.5 56.6 49.4 48 44.4 30.7 25.3 36.4 37.2 22.3 34 40.2 38.9 32.2 22.5 14.9 12.2 17 18 18.8 15.2 13.6 19.7 37.9 53 60.1 63.2 67.8 69.2 68.6 64.1 54 36 34.9 58.7 70.1 71.3 73.3 75.3 76.1 75.7 74.5 73.2 71.7 70.5 66.9 62.9 57.9 52.7 46.5 41.2 37.5 35.9 35.7 34 32.8 31.5 31.1 30.4 29.3 28 27.4
-1.8 -1.8 75.6 76.4 76.3 45.9 77.8 77.3 76.5 75.8 74.4 72.5 71.1 69.5 65.1 62 64.7 58.3 59.6 69.4 71.9 73 72.1 69.5 68.1 66.4 63.9 55.1 35.1 33 45 43 30.1 45.1 52 51.5 48.3 34 14.1 18.2 32.4 39.9 41.6 37.3 28 17.5 15.7 27.5 38.9 48.9 53.7 56.3 51.6 41.6 34.1 24.6 39.3 57.8 64.6 67.7 70.6 72.3 72.9 73.1 71.7 68.7 64.2 59.7 53.8 48.4 42.5 35.4 30.8 27 26.1 26.6 26.1 27.4 26.5 26.7 26.7 26 26 26.3 26.6
-1.8 73.9 75.7 76.9 77.4 77.7 78.6 78.7 78 77.6 76.9 76.1 74.9 73.6 71.9 71.1 70.8 67.9 65.4 72.7 75 75.7 75.8 74.4 72.4 70.4 66.2 57.2 37.8 38.2 51.8 44.4 39.6 52.9 56.8 56.8 51.5 32.4 13.2 24.6 44.4 50.2 51.8 54 49.9 35.2 18.7 13 15.6 21.7 27.2 28.4 23.5 21.3 16.4 18.7 27.4 39.4 46.5 55.9 60.7 65.7 68.3 67.7 64.9 60 48.8 41.3 35.2 30.2 25.2 23.4 23.5 23 23.3 23.8 24.3 23.8 24.3 24.8 25.4 25.8 25.7 25.9 26.6
73 74 75.2 76.6 77.7 77.8 79.9 80.3 80.1 80.1 79.6 78.9 78.1 78.3 77.1 76.4 76.1 75 75 76 77.1 77.9 77.9 77.4 75.9 73.6 69.7 58.4 43.8 49.8 59.6 46.7 53.1 56.2 56.1 51.4 43.5 27.6 15.8 26.1 45.2 54.5 56.6 57.2 55.4 48.8 34.3 21.2 16.2 13.9 14.3 14.3 15.8 16.7 17.2 15.2 15.7 18.8 26.2 35.3 44.7 51.6 54 54.7 46.4 39.9 31.1 24.4 20.9 20.3 20.6 21.8 21.9 22.7 23.8 24.3 24.4 24.6 23.8 24.4 25.2 26 26.4 27.6 28.1
71.9 73.1 74.3 75.6 76.9 77.9 80.8 82 81.9 81.6 81.5 81.6 81.6 81.6 81 80.8 80.4 79.3 78.5 78.4 79.2 79.5 79.8 79.5 78.3 76.7 72.6 63.6 53.5 62.7 60.5 52.8 57.2 55.9 50 41.6 37.2 28.1 21.8 21.7 37.4 50.4 58 59.7 58.8 54.2 49.6 40.2 34.2 28.1 25.1 27.3 29.8 31.8 30.8 27.8 21.7 16.6 17.4 17.4 26.3 31.4 35.5 33.6 26.9 24.1 20.1 18.8 19 20.7 22.7 24.1 24.5 26.1 28.8 33.7 34.5 32.7 29.4 28.7 27.3 28.6 29.1 30.1 30.3
67.7 70.9 72.8 75.1 77.1 78.8 80.8 81.5 81.8 82.2 82.6 82.9 83.3 83.2 83.1 82.7 82.2 81.7 81.4 80.9 80.5 80.4 80.5 80.6 79.8 77.7 73.3 66 62.2 66 61.2 59.4 61.4 59.4 56.2 52.3 49.9 49.2 45 24.8 27.6 47.2 57.3 61.5 62.5 61.4 59.5 54.2 50.6 46.6 44.2 46.1 47.5 46.5 46.8 46.7 43.7 39.8 28.5 18.2 17.5 17.7 18.7 18.5 18.3 18.8 18.6 18.7 19.6 23.7 28.9 31.9 34.9 35.8 37.3 39.9 39.9 38.1 36.2 34.4 33.9 32.8 32.8 32.8 32.7
57.2 64.8 69.8 73.9 76.4 78.5 79.9 81.1 81.5 82 82.8 83.8 84.3 84 83.3 82.7 82.3 82.3 82.4 81.9 81.6 81.3 81 81 80.4 76.6 72.6 69.5 67.4 67 61.7 64.3 65.9 64 62.1 62.6 63.6 62.1 58.2 37.2 24.6 40.9 55.8 61.9 65.1 65.8 65.6 65 63 60.3 59.2 58.2 59.6 58.6 59.2 59.7 57.9 55.7 48.3 38.4 23.2 18.5 18.3 18.4 19.2 19.3 19.3 19.1 19.1 20.6 25.3 29.9 33.3 36.3 38.2 39.6 40.4 40.4 40.4 39.3 38 36.9 35.4 35.4 35
40.5 59.7 65.4 70 74.8 77.3 78.8 80.2 81.2 82 82.8 83.7 84.1 83.9 83.3 82.9 83 83.1 83.2 82.9 82.7 82.4 82.1 81.8 80.9 77.9 74.6 74.2 72.7 70.6 68.2 69.8 70.5 69.1 67.7 68.2 68.2 68.2 63.7 50 28 34.8 52.2 59.7 65.9 68.9 69.7 69.6 69.5 68.9 67.5 67.9 68 67.6 67.4 67.2 66.2 64.2 60 50.7 37.9 27.2 24.2 23.8 24.7 26.6 26.8 26 23.5 20.3 22 27.2 31.1 34.1 36.7 38.9 40.7 42.1 43.4 42.9 41.6 40.5 39.3 38.2 37.9
34.7 43.6 58.8 66.4 71.7 75.7 77.4 78.7 79.9 81.1 81.8 82.5 82.9 83 82.6 83.3 83.7 83.8 83.9 83.7 83.5 83.2 82.9 82.5 81.7 79.9 77.6 77.4 76 74.4 74.3 74.4 75.5 74.3 73.1 72 71.5 70.8 66.1 53.6 36.6 29.8 45.4 57.2 64.9 69.8 72.1 73.5 74.3 74.1 72.9 74 74.6 74.3 73.6 72.6 69.8 67.2 63 54.2 46.4 37.4 34.5 33.7 32.8 34.2 34.7 33.1 31.1 24.7 20.7 24.2 28.3 31.8 34.5 37.3 40.6 42.7 44.1 44.9 44.3 43.7 43.1 42 42.8
58.2 44.7 40.4 57.8 67.2 72.1 75.6 76.9 78.3 79.6 80.6 81.2 81.7 81.9 82 82.7 83.6 84.1 83.9 83.9 83.9 83.9 83.7 83.1 82.3 81.5 80.1 79.7 78.6 78.1 79 78.8 78.9 77.6 76.1 75.5 74 70.5 62.2 48.7 41.6 32.7 39.5 53 61.8 69 72.9 75.1 76.2 76.6 77.2 77.2 77.2 77.7 76.9 75.4 72.6 69.4 64.6 58.4 50.8 45.6 46.6 43.6 41.9 40.9 39.7 37.6 35.4 30.3 24.3 22.7 25.8 29.5 32.2 35.1 38.5 41.9 44.7 45.8 46.5 46.6 46.6 46.8 47.7
69.3 66 56.8 43.1 56.7 68.5 72.4 74.4 76.3 77.8 78.5 79.2 79.8 80.4 80.9 81.7 82.6 83.1 83.5 83.6 83.6 83.7 84 83.6 83.1 82.3 82 81.9 81.5 81.5 81.6 81.7 81.7 80.7 79.5 78.3 75.6 70.8 61.2 59.9 61.2 41.5 34.8 50.4 58.6 66 70.8 75.4 76.4 76.6 77.7 78.1 78.6 78.9 78.5 76.7 74.5 71.7 67.3 62.8 56.6 53.9 52.3 50.3 47.6 44.9 43.4 40.5 37.4 32.9 27.1 23.3 24 27 29.9 33 36.4 39.8 43.6 47.1 49 49.6 50.3 51 51.2
70.7 71.6 69.1 64.1 51.8 55.2 66.1 70.7 73.5 75.1 75.9 76.5 77.3 77.8 78.6 79.7 80.6 82.3 83 83.1 83.1 83.5 84.1 83.6 83.2 83.3 83.6 83.6 83.6 84 84.4 84.5 84.1 83.4 82.5 81.1 78.6 74.2 70.2 72.2 68.3 54.8 39.1 45.1 54.4 61.8 67.6 71.6 74.5 75.1 76.4 77 78.1 78.5 78.3 77.2 75.3 73.1 71 67 62.1 60.3 57.4 54 50.3 47 44.7 41.5 38.2 34.4 29.2 25.3 24.4 26.1 27.9 31.2 34.8 38.8 42.8 47.1 50.1 52.1 53.8 54.2 53.9
72 73.1 73.6 72.4 68.3 59.4 57.5 60.8 67.4 70.7 72 73 72.6 73.9 74.9 77.2 78.7 81 82.4 82.6 83 83.7 84.2 83.9 84.1 84.3 84.4 84.7 85.1 85.5 85.8 86 85.8 85.7 84.7 84.1 81.8 78.5 78 77.4 74 65.3 48.5 40.2 47.5 54.6 60.9 64.6 67.6 70.3 72.7 73.9 76.3 76.7 76.8 76.8 76.5 75 72.9 70.4 67.9 65.5 61.7 57.2 53.5 49.3 45.7 42.2 39.1 35.7 30.8 26.9 25.2 25.4 26.7 30.2 34.7 39 43.5 47.8 50.8 53.1 54.7 55.4 54.8
72.3 74.1 75.2 74.5 70 69.3 70.2 68.2 62.9 62.8 66.3 70.1 73.2 74.7 75.5 76.4 77.6 79.4 81 82.6 83.3 84 84.5 84.6 84.8 85 85.2 85.4 85.9 86.3 86.7 87.1 87 86.6 86.2 85.9 85.4 84.1 81.9 80.2 77.4 73.4 63.1 52.1 44.2 46.7 50.3 55.6 59.6 63.8 66.4 69.1 71.8 73.7 75.6 76.2 76.4 75.9 75 73.1 70.6 67.8 64.2 59.6 55.1 50.8 46.6 43.4 40.2 37 32.5 29.4 26.4 26 27.1 31 35.3 39.8 44.4 48.4 51.7 53.4 54.2 55.1 55.5
72.4 75.1 76.4 74.9 70.6 72.5 74.7 73.2 71.3 67.9 72.4 74.4 75.9 76.3 77.1 78 79 80 81.5 82.8 83.6 84.1 84.6 84.8 85 85.2 85.5 85.8 86.2 86.7 87.1 87.3 87.9 87.4 87.1 86.7 86.4 86.1 84.7 83.1 80.9 77.3 72.9 65.7 55.7 56.6 54.7 51.6 52.1 56.4 59.4 63.9 67.7 71 73.5 75.6 76 76.7 75.9 74.7 72.4 69.3 65.7 61.1 57.1 53.4 48.6 45.3 42.1 38.3 34.5 31 27.8 26.4 27.8 31.3 35 39.1 44.4 49.2 51.4 52.9 53.9 55.1 56.1
72.7 75.6 76.5 75.9 73.2 75.7 76.5 76.2 74.9 72.5 74.2 76.3 77.7 78.2 78.7 79.7 80.6 81.4 81.7 82.6 83.3 83.9 84.6 85 85.2 85.5 85.8 86.1 86.3 86.5 86.7 87.1 87.9 88.1 87.7 87.5 87.2 86.9 86.2 85.2 83.8 80.7 76.2 71 64.2 71.9 71.8 67.6 60.1 56.7 57.1 61.1 66.2 69.1 72 74.5 76.3 77 76.9 76.2 74.1 70.9 67.5 64.1 60.4 56.6 51.1 47.5 44.3 41.1 38.7 34.1 29.2 27 28.2 30.8 34.6 38.4 44.1 47.2 50.2 52 53.6 55.2 56.8
74.1 77.1 77.3 76.8 76.1 77.2 78.2 78.6 77.3 76.8 76.2 78.4 79 79.6 80.3 80.8 81.6 81.5 81.6 82.3 83 83.6 84.3 85.1 85.4 85.6 85.7 85.8 86 86.2 86.4 87.1 87.9 88.7 88.5 88.2 88 87.6 86.8 86 85.2 82.4 79.1 73.9 72.7 77.4 77 74.1 67.6 62 58.8 60.8 65.5 69.5 72.1 74.6 76.1 77.3 77.7 77.1 75.5 73.2 70.2 67.4 64.1 59.4 55.3 50.8 46.7 44.1 42 39.1 31.9 27.7 28.9 30.7 33.1 37.3 41.1 43.2 46.7 49.4 52.8 55.6 58.4
