public/OST50/SW73.asc
ncols 200
nrows 200
xllcorner 170000
yllcorner 30000
cellsize 50
[rows 144 to 179 of 200, columns 80 to 159 of 200]
172.7 174.2 173.9 173.1 171.3 168.9 165.5 162.4 159.9 157.1 154.4 151.9 150.5 149.7 148.9 145.1 139.6 145.3 144.2 149.6 150.9 150.4 152.2 153.5 154.6 154.9 154.8 152.5 148.7 143.9 138.6 133.3 128.9 125.8 122.8 118.7 116 113.7 109.1 100.4 87.6 81.6 81.6 85.8 90.3 86.5 81.6 72.6 81.5 91.7 99.5 103.6 106.2 106.6 104.4 104.3 102.7 98 99.3 103.4 103.8 102.9 102.4 104.1 106.8 109.5 110.1 110.2 109.9 110.7 113.8 115.3 116.3 116.4 116.7 114.9 112.5 109.1 104.7 103.7
174.5 175 174.5 172.3 170.1 167.6 164.9 161.6 159 156.4 153.6 151 148.4 146.6 145.3 141.5 145.4 145.9 153 154.3 155.7 154.9 154.3 155.1 155.3 155.4 154.9 152.6 149.7 144 138 133.3 129.2 126 124.1 121.6 118.1 113.9 109.8 102.6 92.4 81.6 81.6 81.6 84.7 81.6 81.6 81.6 81.6 92.8 101.1 105.5 107.5 107.5 105.4 103.8 101.9 99.7 100.9 102.7 103.4 102 100.5 104 108.4 110.6 111.6 111.8 111.7 112.3 114.7 116 116.3 117.3 115.2 114.3 112.3 110 107.3 105.6
173.8 174.1 173 170.6 167.5 164.3 161.2 159.1 156.5 154.5 152 149.2 146 141.4 138.2 138.6 149.2 149.1 143.4 147.7 158.1 155.9 153.4 153.4 153.8 154.8 154.7 152.4 149.4 144.3 138.7 133 129.3 126.9 123.9 121.3 116.9 112.9 107.9 102.5 93.3 81.6 81.6 81.6 81.6 81.6 81.6 81.6 83.3 96.7 103.3 106.5 107.7 107.7 106.4 104.2 102.3 100.9 101 102.6 101.3 100 98.7 103.2 108.5 111 111.6 111.4 111.1 112.5 114.3 115.1 117 116.6 114.8 113.7 113.2 111.6 108.9 108
171.8 172.2 171.7 168.1 164 161.6 159.5 155.1 152.1 150.9 149.4 147.5 142.9 137.1 136.1 143.6 153 149.8 147.8 157.7 156.9 154.4 150.8 149 150.9 152.8 152.5 151.2 148.1 143.7 138 132.9 128.5 125.7 122.7 119.1 115 110 105.2 99.1 92.7 81.6 81.6 81.6 81.6 81.6 81.6 81.6 88 99.2 103.8 105.7 106.7 107.8 107.4 106.6 105.3 104.2 103.7 102 100.1 97.1 96.4 100.8 106.4 109.6 110 109.8 109.6 110.9 113.2 114.2 114.6 114 113.3 112.3 111.3 110.8 109.3 108.7
169.1 170.1 169.3 166.6 162.2 159.9 158.4 156.5 153.1 150.3 148.3 145 141.3 134.3 140.6 147.4 151.6 155.3 156.5 156.8 155.4 152.9 148.3 144.6 146.6 149.4 149.9 148.7 146 142.1 137.7 132.5 127.4 123.6 120.5 116.7 111.6 106 99.8 92.9 86.3 81.6 81.6 81.6 81.6 81.6 81.6 81.6 92.7 97.8 101.7 105.2 107 108.4 109.2 109.1 109 108 106.3 103.6 100.2 95.3 94.4 97.1 103.4 106.3 107 106.7 106.4 109 111.6 112.9 113.5 113 112.1 110.7 109.7 110.1 109.7 108.8
166 167.1 167.4 165.3 162.8 162 160.4 157.3 154.3 150.7 147.8 143.9 139 134.2 143.5 148.2 151.7 154.3 155.4 154.8 153.1 150.6 146.1 140.9 142.3 145.5 146.5 145.6 143.2 139.7 135.9 131.6 126.9 123.1 120.5 116.6 112.5 107.6 100.5 94 86.9 81.6 81.6 81.6 81.6 81.6 81.6 84.7 93.7 97.6 101.2 105 107.4 108.7 109.3 109.4 109.5 108.9 106.9 101.7 96.7 93.7 92.5 92.8 98.9 101.7 101.5 101.7 104.6 107 109.1 111 112.5 112.1 111.1 109.6 108.3 108.9 108.8 108.1
161.9 164.2 166.4 166.3 166.2 164.3 161.5 158.2 154.9 151 146.7 143.4 138 132.6 143.2 148 151.9 154.2 155 153.2 150.9 147.5 142 136.9 136.7 141 142.3 141.3 139.7 137 134 129.9 125.7 122.6 119.4 115.8 111.6 107.3 101 92.5 81.7 81.6 81.6 81.6 81.6 81.6 81.6 89 95.3 98.5 101.5 104.6 106.9 108 108.7 108.6 108.7 108.7 106.7 101.5 99.4 96.2 92.8 90.7 94.1 96.8 98 101.5 103.1 105.4 108.5 110.5 111.4 111.1 110.2 108.5 106.6 106.9 107.1 106.6
156.3 161.7 166.9 169.2 163.2 169.8 166.2 161.3 156.3 150.5 145.1 139.9 132.3 132.8 141 149.3 152.1 154.8 155.4 153.9 150.9 146.7 141.3 135.1 132.9 135.8 137.3 137.6 136.2 133.6 131 127.5 124 120.7 117 113.6 109.2 104 97.3 89 81.6 81.6 81.6 81.6 81.6 81.6 81.6 83.1 94.8 95.7 99 102 104.3 105.7 107.1 108 108.4 108.4 106.9 105.1 101.8 99.8 95.2 89.8 92.9 97.3 98.7 99.9 101.3 104.8 108.1 110.2 110.7 110.1 108.7 107 104.7 104.5 104.7 103.3
153.9 161.8 167.5 171.9 173.7 172.7 163.7 161.6 159.2 152.6 145 137.6 130.4 136.1 129.1 150 153.1 155.6 154.3 151.8 148.9 143.9 138 132.4 129.3 130.5 133.3 133.4 132.3 130.6 126.8 124.1 121.4 118.2 114.6 110.9 107.2 101.9 93.5 85.3 81.6 81.6 81.6 81.6 81.6 81.6 86.9 86.6 87.6 90.2 97.7 103.2 105.3 107 108.3 108.7 108.5 108.7 107.3 105.1 101.9 98.3 94.8 89.6 91.1 96.1 96.2 96.6 99.5 103.2 107 109.2 110 108.9 107.1 105.1 103.2 102.2 102.2 100.5
152.8 161 167.3 172.4 174.4 174.5 157.5 166.3 161.7 153.7 144.6 136.3 128.7 130.8 141.5 147.6 151.3 151 149.8 147.2 139.8 139.8 132.4 129.1 127 127 128.1 128.1 127.7 125.6 124 120.9 118.1 115 111.4 107.7 103.6 98.6 90.4 81.6 81.6 81.6 81.6 81.6 84 89 92.6 93.3 90.4 93.5 99.8 105.7 108.4 110.1 110.7 109.5 108.7 108 106.8 101.1 100.1 96.8 93.3 89.7 88.2 93 93.2 95 98.1 102.6 106.3 108.4 108.5 107.4 104.5 102.3 100.3 99.6 99.9 96.7
149.8 158 165.3 173.2 175.5 176 174.6 169.7 164 155.3 146.1 137.4 128.8 126 135.6 143.5 145.2 144.6 142.6 140.5 136.9 132.9 128.2 126.7 125.2 123 122.7 123.6 124.7 123.3 120.7 117.7 114.4 111.1 107.6 103.6 98.7 94 88.1 81.6 81.6 81.6 81.6 91.2 94.1 95.1 96.7 97 92.8 95.5 101.6 106.3 109.5 110.9 111.3 110 107.9 106.5 103.6 101.1 94.2 94.9 91.2 89.6 84.4 88.9 91.2 93.9 97.5 101.8 104.9 106.6 106.1 104.6 102 99.2 97.2 96.7 97 95.5
146.6 152.3 160.5 169.3 169.5 178.5 176.5 172.1 165.4 157.7 147.8 138.2 129 123 130.5 137.4 139.5 137.6 134.7 132.6 127.9 126.5 125.1 124.2 123.4 120.7 118.6 121.1 121.6 120.2 117.2 114.6 111.6 108.4 104.8 99.7 93.9 87.7 83.1 81.6 81.6 81.6 84.1 93.3 97.6 99 99.5 99.5 96.6 97.6 102.4 106.2 109.2 110.8 110.8 109.2 107 105 101.7 99.9 95.6 93.3 90.6 88.1 87.4 87.4 88 91.2 95 98.7 100.8 102.2 102.1 100.7 98.4 95.7 94.4 93.5 93.6 92.4
142.7 148.6 157.5 168.4 175.1 169.2 179.3 174.5 167.9 162.5 149.9 138.5 128.9 121.2 124.9 133.4 135.4 133.8 129.8 125.7 123.5 122.5 122.6 121.7 121.1 119.4 112.6 118.1 119 116.9 113.9 111.2 109 106.4 103.3 98 89.3 81.6 81.6 81.6 81.6 81.6 87.4 94.3 98.4 100.6 101.9 100.8 98.8 98.6 102 105.3 108.1 110.2 111.2 109.7 107.8 108.1 106.1 103.2 98.5 94 92.1 88.7 86 85.5 85.8 87.8 91.1 94.1 95.9 97.3 97.3 96.9 94.8 92.8 91.2 90.5 89.8 88.7
139 147.1 156.5 165.6 172.2 176.8 179.3 156.8 156.8 161 157.1 137.2 128.3 121.5 123.2 129.6 132.1 130 126.6 120 118.4 119.1 120.1 118.9 118.6 116.5 110.2 113.1 115 113.8 111.9 109.3 106.4 103.7 100.4 94.9 89.4 82.6 81.6 81.6 81.6 81.6 81.6 89.4 96.2 100.1 102.2 101.9 100.7 100.9 101.7 104.6 107.9 110.8 110.7 110.1 109.5 109.7 108.1 104.5 99.5 92.8 89.2 85.8 84.6 84.2 84.3 85.4 87 89.5 91 92.4 93.2 93.4 92.2 90.1 88.3 87.9 87.6 84.4
134.7 146.5 155.3 162.9 167.9 172.7 175.4 175.4 171.1 161.6 150 138.3 127.9 121.2 121.4 127.6 128.3 126.1 121.9 116.6 114.4 115.7 115.9 114.4 112.4 112.3 106.8 107.2 111 111.9 110.7 108.3 106.9 105.6 103 97.8 92.2 86.7 81.6 81.6 81.6 81.6 81.6 81.6 91 99.5 103.3 102.7 102.7 103.3 104.7 107.4 109.6 110.4 109.6 108.7 109.8 110.5 108.3 104.8 98.8 92.3 87.9 85.7 84.2 83.3 83.1 83.7 85.4 86.2 87.5 88.8 89.7 90.4 89.9 88.6 87.2 83.4 82.8 72.2
131.8 145.5 152.8 158.1 161.7 164.7 167.7 168.4 166.7 158.6 150.4 140 128.6 119.5 117.7 125.2 123.4 118.8 113.8 109.3 105.8 107.1 107.3 104.7 101.7 101.5 100 99.4 106.5 109 109 107.3 107.4 105.8 101.5 94.9 87.7 81.6 81.6 81.6 81.6 91.7 93.3 89.7 87 99 103.7 105.9 106.5 107.2 107.6 107.3 109.1 108.8 107.4 107.7 109.4 110.3 108.2 104.7 98.6 92.3 87.9 84.9 83.5 83.5 83.9 83.9 84 84.2 85.2 85.3 85 86.4 87.1 86.8 85.5 77.2 74.7 79.3
130.7 143.3 148.5 152.5 156.1 157.7 160.2 160.4 159 154.4 147.4 143.4 128.5 119.4 115.1 116.6 114.1 110.6 109.8 109.8 108.8 106.9 103.8 104.3 104.5 102.4 99.4 99.1 99.4 107.3 107.8 106.4 104.9 103.3 98 90.7 84.2 81.6 81.6 81.6 86.9 97.4 100.1 95.5 90.1 95.5 102.9 106.4 108.7 108.2 107.7 107.8 106.8 105.8 106.3 107.8 109 109.6 108.4 105.4 99.6 93.2 88.7 85.3 84.1 83.9 83.9 83 82.9 82.8 82.6 82 82.4 81.9 82.9 81.2 80.2 78.2 83.1 88.9
129.2 136.4 141.6 146.7 151.4 153.4 154.4 154.1 152.7 149.3 143.4 134.6 125.7 117.3 115.5 113.4 112.6 111.6 113.4 116 115.1 114.3 114.1 115.5 114.4 111.8 108 99 95.2 101.5 104.1 103.2 100.1 98.7 93.8 85.6 81.6 81.6 81.6 81.6 92 101 103.2 99.4 93.4 94.2 101.7 106 108.2 107.7 107.3 106.2 105.5 104.2 107.1 108.2 108.9 109.2 108.2 105.2 100.5 94.9 89.7 85.9 84.5 83.8 83.8 83.1 83.4 82.2 82.6 82.3 83.3 82.3 80.6 80.9 82.8 85.7 90.3 94.2
135.9 129.2 132.2 139.8 146.6 149.3 149.2 147.5 145.7 142 135.7 130 122.9 120.7 118.6 119 120.8 123 124 124 122.5 120.5 120.4 120.2 118.4 115.6 111.7 105.3 96.2 92 92.5 92.9 89.2 87.9 81.6 81.6 81.6 81.6 81.6 85.6 98.5 103.8 104.3 100.1 95.1 94.9 100.2 105.3 106.6 107.7 106.5 105 104.2 104.3 106.5 107.2 107.2 107.6 106.5 104.1 100.5 95.5 89.6 86 84.5 83.8 83.7 83.3 83.5 82.2 82.5 83.5 86.8 87 86.4 86.3 88.6 93.6 98.5 101.3
138.9 133.3 127.3 132.8 142.6 145.5 145 143 139.5 136 132.6 128.9 129.9 129.1 127.8 126.7 127.6 128.6 128.8 127.9 125.9 124.7 123 121.8 120.3 117.9 115 110.2 103.9 97.8 93 88.7 82 81.9 81.6 81.6 81.6 87.9 87.7 94.5 101.3 104.7 105.2 100.8 96.4 95.7 98.4 103.2 107.3 107.3 105.2 104.6 103.5 103.1 104.7 104.9 104.8 104.7 104 102.4 99.6 94.9 89.5 85.6 84.5 84.2 83.8 83.7 82.7 82.9 82.9 84.2 86.6 89.5 91.2 92.4 96.4 100.6 102.7 104.2
144.7 134.5 126.1 127.4 137.3 141.6 142.9 142.5 139.5 135.4 131.5 132.5 133.6 131.8 130.4 129.8 130.1 131 130.9 129.2 127 125.1 123.5 122.2 120.4 117.6 115.2 112.2 109.1 106.5 103.3 97.3 90.6 85.5 81.6 82.4 84.8 90.4 94.7 98.2 103.4 105.4 105.4 102.6 97.9 97.7 100.2 104.2 107.4 106.4 105.3 103.7 102.3 101.5 100.9 100.2 99.3 98.5 98.3 99 98.3 95.6 91.2 88.5 85.4 84.9 84.4 83.7 82.5 83.8 84.7 85 89.4 91.3 94.3 98.3 101.5 104.5 105.5 105.2
145.2 137 128.1 124.7 132.8 138.2 141 142.2 141 137.8 136.8 136.1 134.9 132.4 130.6 129.8 130.3 130.8 130.1 128.5 126.4 124 122.1 120.4 118.5 116.6 114 111.1 108.9 108.5 106.7 104.5 101.1 96 90 91.1 91.3 92.5 97.4 101.9 104.7 106.3 106.5 102.4 98.6 100.1 103 105.1 107.2 107.3 105.9 103.5 102.4 101.4 102.2 103.4 101.7 97.8 92.1 93.5 96.4 96.5 93.7 89.8 84.1 85.3 84.3 83.5 83.1 83.9 84.8 85.8 88.7 91.9 96.5 100.7 103.5 105.2 105.7 104.8
144.7 137.8 131 124.9 126 132.2 136.9 139.4 141.7 142.2 140.1 139 136.1 132.1 129.2 128.2 128.8 129.2 128.8 127.3 124.9 123 121.2 119.4 117.9 115.4 112 107.9 105.8 108 108.5 107.8 102.5 99.8 99.3 98.4 95.4 96.2 99.9 104.7 106.4 107.1 106.9 104 100.9 101.4 104.7 107 108.5 108.9 107.1 104.9 103.4 102.9 102.7 103.1 101.5 97.9 92.4 89.3 92.7 94.6 92.9 90.1 85.2 85.2 84.1 84 83.5 82.9 85.5 87.3 89.2 91.8 96.5 100.6 103.9 105.3 105 104
146.3 140.9 134.8 127.6 124.7 123.9 131.3 135.9 139.5 140.7 140.2 138.5 136 131.8 127.6 125.5 126.4 126.3 126.1 125.2 123.5 122.1 120.4 118.4 116.3 113.4 108.9 103.6 100.9 104.9 107.1 107.6 105.6 105.4 103.7 103.3 100 100.7 104.5 106.3 108.5 108.8 107.8 105.1 103.4 104.9 106.1 108.5 109.7 110.2 109.3 107.2 105.4 104.3 103.9 102.6 99.7 95.5 91.4 89.2 88.6 89.6 89.9 88.6 85.5 84.8 84.8 84.5 84.6 83.2 83.7 85.4 88.6 92.3 97.7 101 103.6 104.9 104.5 103.1
147.1 141.7 136.7 132.2 129.4 120.7 121 130.3 135.1 136.9 136.4 135.6 133.6 130.7 127 123.6 122.6 123.1 122.6 121.8 121.1 120.7 119.4 117.5 115.1 112 106.6 101.8 95.5 98.9 103.3 107.1 107.6 106.7 107.5 107.1 106 105.7 108.2 109.4 109.7 109.6 108.4 106 105.9 107.4 107.4 109 110.5 111.4 110.5 109 106.9 105.9 104.2 102.6 99.4 95.1 92.1 90.3 87.8 87.1 87.5 86.7 85.6 84.7 84.3 84.3 84.4 83.8 83.7 86 87.8 91.3 96.8 101.3 103 104.4 103.9 102.5
146.8 140.8 134.9 131.5 129.7 123.4 116.8 121.7 128.8 131.7 133.3 132.7 130.9 128.5 125.6 122.9 120.7 119.5 119.2 118.6 118.1 117.8 117.3 115.7 113.4 110.7 107 104.3 98.9 89.4 99.9 103.5 107.2 109.2 109.4 109.1 108.5 108.5 109.6 110.3 110.5 109.3 108.5 108 108.8 109 109.1 109 110.6 111.2 110.9 109.8 107.9 104.4 103.4 101.3 98 93.9 90.4 89.4 89 88.7 87.8 86.5 85.7 85.5 85.4 84.8 84.7 84.4 86.4 91 93.2 94.1 97.6 101.6 103.1 104.3 103.7 102.2
147.1 139.1 133.2 131.2 125.7 122 116.6 120.4 125.4 129.8 131.6 131.2 128.9 126.5 124.3 122.4 119.8 117.2 115.8 114.8 115.6 115.3 114.9 113.4 111.3 108.8 104.7 102 96.3 85.9 93.9 100.7 105.8 108.5 109.1 108.7 108.5 109.2 110.4 111 110.8 108.4 109.2 109.1 109.5 110.1 109.6 109.6 109.8 110.4 110.4 109.1 107.7 105.2 102.5 100.4 94.7 91.9 91.1 92.5 94.4 95.7 96 95.4 91.6 88.3 87.3 85.6 85.3 85.5 87.7 93.2 96.3 97.3 98.3 101.1 102.1 104.7 104 102.6
144 135 132.9 130.5 121.5 116.8 119.9 124.4 128 130.8 130.9 129.6 127.4 123.8 122.7 120.8 119.4 117.1 115.5 113.5 113.6 113.1 111.6 109.8 106.3 103.1 99.9 95.7 88 82.6 88.5 99.3 104.3 107.3 108.4 107.7 107.3 108.9 110.6 111 111.2 110.8 110.2 109.1 110 110 110 108.9 108.9 109.3 109 107.9 107.2 104.7 102.6 99.3 94.9 93.3 95.5 98.1 99.5 100.7 100.9 99.7 95.7 92.2 89.1 86 85.8 86.3 88.2 92.6 95.6 97.6 98.5 100.6 103.1 103.6 103.3 102
147.7 138.3 135.3 128 120.9 117.4 124.2 126.7 127.8 128.9 128.8 126.9 125.8 124.1 121.2 119 117 116.6 115.6 114.9 113.8 112.4 110.2 106.1 101.8 96.4 92.3 84.2 78.7 81.1 90.7 99.7 103.9 106.2 107.3 106.3 106.9 108.6 110.6 111.1 111 110.9 110.3 109.8 109.4 109.5 109.4 108.3 107.3 107.5 107.3 106.8 105.7 103.8 101.7 99.7 97.4 96.9 99.3 100.1 100.8 101.5 101.9 100.7 97.7 94.1 90.2 87.2 86.4 86.9 88 90.6 94.3 96.4 97.9 99.8 102 103.8 103 101.7
150 144.7 137.9 121.5 118.6 114.8 120.6 124.5 123.8 124.9 125.4 125.3 124.1 122.5 120.1 117.7 116 114 114.1 113.7 113 111.8 108.8 105.8 100.8 94.4 84.3 77.2 77.8 90.3 98.4 102 104.4 105.9 106.2 104.8 105.6 107.9 110.1 110.2 110.8 110.3 109.9 109 108.6 108.7 108.4 107.5 105.6 104.8 104.6 104.8 103.9 102.1 99.7 99.3 99.5 100.1 100.9 101 100.5 100.9 101 100.6 98.1 95.2 91.5 89.7 88.7 87.4 87.9 89.5 92.4 95.4 98 99.7 102 102.8 102.3 101.1
153.3 147.1 119.8 121.4 118.8 114.1 113.8 120.6 119.9 120.5 123 123.4 122.1 120.6 120 117.1 116.2 113.9 112 110.7 110.9 109.4 106.4 101.8 94.6 86.2 79.2 75.8 77.7 87.5 97.2 101.6 103.9 104.6 103.3 102.7 105.1 107.6 109.1 108.5 109.2 108.9 108.6 108.3 106.7 106.5 106.3 105.4 102.7 100.6 100.3 101.1 101.5 99.4 95.8 97 98.9 100.7 101.6 101.2 100 99.6 99.7 99.6 98.3 96.1 94.2 92.8 91.8 89.1 88.2 91.6 94.7 96.7 98.8 100.7 102.1 102.1 101.2 99.9
156.1 147.7 134.9 132.5 118.2 110.3 107.3 115.8 115.6 118.3 120.7 121.4 120.5 119.1 117 115.6 114.7 113 110.2 107.6 107.5 106.3 103 96 85 77.5 74.1 74.9 77.2 85.8 95.6 100.3 103 102.9 101.4 103 105.5 106.5 107.5 107.2 108.3 109.1 109.5 109.3 106.7 106.6 106.8 105.2 102.8 100.2 97.8 96.6 98.5 93.6 91.6 94.7 97.9 99.7 100.1 99.3 97 97 97.2 97.8 97.3 97 97 96.4 93 90 89.9 93.3 97.1 98.6 100.1 101.9 102.5 101.7 100.1 97.7
154.9 147.9 137.4 127.5 117.1 104.6 103.1 111 112.1 116.5 118.4 118.7 118.2 116.5 114.8 113 111.8 111.1 108 104.8 102.2 102.4 99.2 90.6 77.7 73.6 72.6 74 79.1 88.4 94.9 99.3 101 100.2 102.8 104.7 105.8 105.9 105.9 105.7 107.2 108.7 109.2 109.2 108.8 107.6 107.6 106.8 104.9 103.6 101.2 97.3 92.4 90.5 89.2 93.9 95.7 96.4 95.9 95.1 94 93.7 95 97.2 98.5 98.5 97.3 95 92.1 89.9 90.4 93.4 97.5 100.2 101.5 102.4 101.5 100.5 98.2 95.2
152 144.6 137.3 127.1 117.7 105.5 99.4 102.6 108.7 113.3 115.6 116 115.3 113.6 111.8 109.6 107.9 106.1 103 100.3 96.9 97.1 93.8 85.6 73.6 71.1 73.1 79 80.8 89.6 95.2 98.2 98.8 99 102.8 104.5 105.1 104.8 102.9 103.1 104.7 106.5 107.7 108.2 108.1 107.2 107.1 106.3 105.4 103.9 102.4 99.8 95.9 90.6 87.3 89.3 91.7 91 90.5 89.7 90.5 91.7 94.1 97.9 99.4 98.9 96.9 93.9 91.1 90.9 91.2 93.6 98.6 102.4 102.6 101.4 100.2 98.6 95.6 92.6
146.5 138.7 133.3 125.1 117.6 106.9 94.3 95 103.9 109.1 111.6 111.9 111.8 110.1 107.9 105.5 102.9 100.4 98.8 91.8 87.7 88.3 86.5 76.9 70.8 74.3 83.8 87.2 85.6 88.7 92.7 96 94.9 95.9 101.1 103 103.5 102.6 100.1 97.3 100 103 105.1 106.3 106 104.9 105 104.7 103.9 102.7 101.5 99.8 97.4 93.3 87.6 86.1 86.8 87.3 87.7 88.2 89.5 92 95.1 97.9 99.2 98.1 96.5 94.3 92.2 91.3 91.9 95.7 100.7 102.8 102.2 100.5 98.2 95.3 92.5 89
140.9 134.2 129 122.9 116.4 107.6 92.5 86.8 96.2 104.3 107 107.4 106.7 105.3 103.4 100.4 98.3 96.4 93.5 86.7 76.6 75.6 73.8 68.5 70 85.2 91.5 90.7 87.1 84.3 88 91.3 90.2 92.7 98.5 101.6 102.1 100 96 92.9 93.9 99 102.2 104.3 104.2 102.7 102.6 102.7 102.4 100.8 99.4 97.9 95.5 92.5 89.4 86.1 86.2 86.6 86.6 88.1 91.3 94.7 97.9 99.1 98.9 97.6 96 93.8 93 92.7 93.4 98.2 101.2 101.9 100.9 98.5 95.5 92.3 89.1 85.2
