public/OST50/SW73.asc
ncols 200
nrows 200
xllcorner 170000
yllcorner 30000
cellsize 50
[rows 72 to 107 of 200, columns 0 to 79 of 200]
193.1 189.9 186.8 184 183.3 182.2 179.7 176.3 173.1 170.5 168.5 166.2 164.8 164.7 162.9 164.4 166.5 168.9 170.2 169.8 167.6 160.4 160.5 160.5 160.5 160.4 160.5 160.5 160.5 160.5 160.5 160.5 160.5 160.5 160.5 160.5 160.5 146.9 151.6 157.3 162.6 168.1 172.8 179.5 176 172.9 169.9 166 162 158.2 154.5 151.7 149.4 147.3 144.2 140.1 132.9 127.5 124.6 123.1 126.7 127.7 127.9 126.4 123.9 121.7 119 116 114.5 114.5 114.8 117.4 122.3 128 131.4 134.2 136.4 137.8 139.6 140
195.1 190.7 186.2 183.8 180.8 179.7 177.1 174.6 170.9 168.9 167.3 166.5 165.3 165.3 164.7 163.6 166.8 169.4 171.2 171.4 169.5 165.6 160.5 160.4 160.5 160.5 160.5 160.5 160.5 160.5 160.4 160.4 160.5 160.5 160.5 160.5 160.5 145.1 147.1 147.3 157 162.2 168.5 178 179.3 175.8 171.5 167.6 162.9 158.7 154.2 150.4 147 144.5 140.1 136.2 130.2 126.4 123.6 122.4 122 122.5 122.4 120.4 117.5 116.5 115.7 114.8 115.2 115.3 117 121.9 128.1 132.4 135.5 136.3 136.9 138 139 140.7
196.1 190.4 187.2 183.2 179.7 176.5 174.2 172 170 169.1 168.7 167.7 166.7 165.6 165 164.4 167.1 169.3 171.1 172.5 170.5 167.9 163.1 160.5 160.5 160.5 160.5 160.5 160.5 160.5 160.5 160.4 160.5 160.4 160.4 163.4 160.5 151.6 143.2 146.9 152 157.4 162.7 174.1 178.7 177 173.7 168.9 164.4 159.5 154.9 151.2 147.1 143.8 140.6 136.3 131.5 126.9 124 122.2 119.2 118.3 117.6 117.1 116.5 116.3 115.4 115.7 115.4 119.8 122 128 131.7 134.3 136.9 137 136.6 136.5 137.6 140.1
197.6 190.3 187.5 183.5 179.9 177.4 174.8 172.1 170.7 172 172.3 169.9 168.8 166.5 164.8 164.8 166.3 168.2 170.6 172.2 171.2 169.3 165 160.5 160.4 160.5 160.5 160.5 160.5 160.5 160.5 160.5 160.4 164.4 166.7 168.7 168.2 163.2 148.8 145.3 153.2 155.3 157.2 168.8 177.2 177.3 173.4 169 165 160.5 156.8 153.2 149.9 147.4 143.9 138.4 132.8 128.7 125.5 123 118.8 118.1 117.4 117 116.8 116.6 115.6 115.4 120.6 126.4 129.8 134 135 135.4 136.3 136.1 134.4 134.2 135.3 138.7
198.4 191.4 188.4 183.7 180.8 178.1 175 174.1 174.5 175.2 174.6 172.2 169.3 166.8 165.5 165.3 165.4 167.3 169.3 170.3 170.6 168.9 165.9 160.8 160.4 160.5 160.4 160.4 160.5 160.5 160.4 160.5 164.9 168.9 171 172.3 171.9 169.6 161.3 144 145.7 144.9 151.7 159.2 167.9 172.6 170.7 167.5 164.4 161.3 157.7 155.5 152.9 150.5 146.5 141.9 135.3 128.6 126 122.6 118.8 118.1 117.8 117.6 117.4 117.5 116.4 117.7 122.9 127.2 131 134.5 134.2 135.9 136.2 133.6 132.2 131.9 133.5 138.3
199.6 191.6 188.7 182.8 180.8 177.9 176.8 178 178.8 178.3 176.8 173.8 169.9 167.4 166.3 165 164.5 166.1 167.6 168.6 168.8 167.8 165 162.1 160.5 160.5 160.5 160.4 160.5 160.5 160.5 164.6 169 171.8 173.4 174 173.6 171.5 166.5 154.6 138.5 141.9 146 152.2 159.4 165.9 165.5 163.9 162.8 160.1 158.5 157 155.2 152.5 148.8 143.8 137.4 130 124.5 119.1 118.9 118.6 119.6 118.3 117.5 117.5 117.5 117.7 118.8 124.4 128.7 132.2 133.4 134 133.8 132.3 130 128.8 132.1 138
200.8 192.6 188.6 183.3 180.7 179.4 180.4 182.1 182.1 181.4 178.1 177.2 173.9 168.3 167 165.5 164.8 165.3 165.4 166 166.8 166 164.1 160.7 160.5 160.5 160.5 160.5 160.5 160.5 160.4 165.9 170.7 173 174.4 174.9 174.2 172.4 168.9 162.6 140.7 138.5 139.8 147 150.3 154.4 157.7 159.7 159.3 157.8 156.7 156.4 155 152.3 148.9 144.4 139.2 129.7 123.9 118.5 119.1 121.8 122.2 121.2 119.2 119.6 119 118.8 117.8 118.2 123.1 128.2 130.1 131.1 130.8 127.8 125.8 130.3 135.7 140.4
201.1 192.5 188.2 184.8 181.7 183.3 184.2 185.4 185.8 184.2 182.6 180.7 177.8 172.7 167.9 166.4 165.4 164.7 163.6 163.6 163.9 163.6 162.9 160.5 160.5 160.5 160.5 160.5 160.5 160.5 160.5 166.1 170.2 172.6 174.6 175.1 175.1 173.5 170.6 164.3 149.8 136.9 136.9 139.8 143.5 145.6 148.5 152 153.7 153.6 153.2 153.2 152.3 149.8 146.9 142.4 136.1 127.8 119.5 120.3 120.9 121.4 120.9 120.7 122.3 122.8 123.1 123.4 122.5 121 118.4 120.6 125.2 127.4 126.3 123.6 128 135.4 139.9 142.3
200.7 192.4 188.3 185.9 182.6 185.2 187.4 188.3 188.5 186.9 185.7 183.8 181.1 175.7 170.9 168.9 166.5 164.7 162.8 160.9 160.5 160.5 160.5 160.5 160.5 160.5 160.5 160.5 160.5 160.5 160.5 164.9 168.2 171.3 173.1 174.7 175.4 174.6 172.2 167.2 159 143.2 135.4 135.4 137.3 138.9 141.3 144.5 147.6 149 148.9 149.5 148.5 146.5 143.9 136.6 127.4 120.4 120.3 122.7 128.8 129.8 125.9 125.9 127.2 127.2 127.4 127.5 126.1 122.9 120.9 119 121.2 121.3 121.7 124.9 131.1 136.2 139.4 142.1
199.3 192.9 189.3 186.4 185.4 187.4 189.7 190.8 191.2 189.8 188.8 186.5 183.1 178.6 173.5 171.2 168.7 166.4 163.5 160.5 160.5 160.5 160.4 160.4 160.5 161.3 163.1 160.4 160.4 160.5 160.5 162 165.9 168.8 172 173.8 175.7 176.4 174.2 171 167.5 158 147 134.4 132.3 133.2 133.1 135.5 139.5 141.7 143.9 143.6 142.9 140.2 132.6 123.6 122 121.3 129.2 134.3 135.3 134.7 132.8 133.9 133.9 131.6 131.8 131.6 129.5 126.8 124.8 122 120.7 121.3 122.6 128.6 133.6 136.6 139.1 141.2
199 192.9 190.2 187.8 187 189.2 191.6 193.4 193.3 192.6 191.4 189.3 183.9 179.7 175.1 172.6 170.1 168.2 164.9 162.5 160.4 160.5 160.5 160.4 161.8 164.8 165.6 163 160.4 160.5 160.4 160.5 164.1 167.4 170 173.1 175.5 177 177.7 176.5 173 167.9 160.4 150.8 141.7 133.5 130.2 129.1 130.5 132.2 133.9 136.6 132.4 128.1 123.1 123.2 131.6 135.5 139.3 140.6 139.5 137.6 138 139.6 138.3 135.8 135.9 135.6 134.1 130.7 128.4 125.5 121.1 121.2 123.3 129.8 134 136.8 139.7 141.9
197.8 193.4 191.1 189.5 189.1 191.2 193 194.9 195.1 194.4 192.9 189.9 185.7 178.9 175.6 174.5 171.8 169 167.2 164.6 162.3 162.8 162.5 163.5 164.1 166.4 166.6 164.1 160.5 160.5 160.5 160.4 160.9 165.1 169 172.5 175.9 179 181.1 181.2 179 174.6 169.7 162.6 156.8 149.3 138.7 132.5 128.2 127.3 126.8 126.8 125.3 124 125.9 135.3 142.2 143.9 144.9 144.1 143.9 143.2 142.3 142.2 141.6 140.3 139.9 139.3 137.2 133 130.1 126.1 122.2 121.4 122.6 129.4 133.9 137 139.6 142.2
196 193.5 191.5 190.1 190.4 192.5 193.8 195.6 196.1 195.3 193.3 190 185.4 179.3 175.3 174.1 172.6 170.9 169 166.9 165.6 164.9 164.8 165.4 166.8 167.9 167.4 165.6 160.5 160.4 160.5 160.4 160.5 163.4 167.7 171.6 176.2 180.9 185 186.4 184.9 181.2 177 172.9 167.1 160 152.3 141.6 130.9 127.3 127.4 126.8 125 127.2 137.4 145 147.1 148.1 148.2 147.5 146.5 146.6 145.7 144.9 144.4 144 143.7 141.7 139.1 134.7 130.2 124.3 123.4 123.4 123.7 126.3 131.8 134.9 137.1 140.3
194.7 193.6 191.7 191.3 191.1 192.2 193.9 194.6 195 194.7 192.9 189 185.1 179.1 174.6 173.2 172.4 171.9 171.1 169.6 168.7 168.1 168 168.4 169.1 169.1 168.2 165.7 160.5 160.5 160.5 160.4 160.5 161.4 166.4 170.7 176.3 182.6 189.2 191 190.2 187.6 183.9 180 174.8 166.4 157 147.9 139.1 130.4 127.7 127 131.8 138.9 144.5 147.6 151.8 151.6 150.5 150 149.8 148.5 148.1 147.8 147.5 147 146 143 140.2 136.8 132.5 129.7 126.9 124.2 124.5 125.2 127.7 130.8 134.9 139
193.3 192.2 191.3 190.8 190.3 191 192.4 193 193.3 192.5 190.4 187.5 183.4 178.6 173.1 171.7 171.7 172.3 172.5 172.6 172.3 171.9 172.3 172.5 172 171.1 168.9 166.2 161.7 160.5 160.5 160.5 160.4 160.5 165.3 169.8 175.5 183 190 193.3 193.2 191 187.9 184.2 179.2 169.1 159.9 152.4 144.3 135.8 129.1 129.4 136.2 141.4 145.3 148.5 153.2 155.2 155 154.3 153.1 151.5 151.9 152 151.8 150.4 148.1 144.2 141.4 140.3 139.7 137.4 134 128.9 125.1 125 126.3 128 133.5 136.8
189.9 189.8 189.9 190 188.3 189.8 190.5 190.6 190.6 189.6 187.6 185.3 180.3 176.4 171.2 170.3 170.2 171.9 172.6 173.7 174.2 175.4 176.4 177.4 175.5 173.6 171.1 167.1 161.5 160.5 160.4 160.5 160.5 160.5 163.7 168.2 174.5 182.2 190.1 194.6 195.2 193.2 189.6 185.1 179.8 171.2 163.3 157.4 148.6 139.7 129.2 131.3 136.7 140.7 147 151.9 155.2 157.8 158.3 159 158.6 157.3 157.6 157.8 155.9 153.6 150 147.9 147.4 146.9 146.3 144.1 139.3 130.9 127.5 135.3 126.3 127.2 129.4 132.5
187.9 188.1 186.9 186.5 185.8 187.8 187.2 187.1 186.9 186 184.4 181 177.5 172.2 169.5 168.4 168.3 169.7 171.1 173.4 176 177.6 178.6 178.6 177.3 175.3 172.4 168 160.5 160.5 160.5 160.4 160.5 160.5 161.6 167.2 173.4 180.8 189.4 195.2 196.2 194 189.9 185.2 179.4 172.5 165.9 160 153 144.3 133.1 132.9 135.5 142.6 150.9 155.6 159 160.4 161.7 163.2 163.8 163.8 163.3 161.7 159.6 156.8 154.6 154.4 154.3 152.7 150.6 147.2 138.1 129.4 136.2 135.1 135.4 129.9 129.1 130.4
187.1 186 185 184.1 184.4 183.4 182.2 182 182.1 181 179.8 177.1 172.5 169.5 167.8 167 167.3 168.1 169.6 173 176 178.2 179.5 179.2 177.7 174.9 172.7 167.9 160.4 160.5 160.5 160.5 160.5 160.4 162.5 166.8 172 179.3 186.2 193.3 195.3 193 189.7 185.4 179.4 173.1 168.9 163.3 158.8 152.8 141.9 132.8 136.5 144.3 154.7 161.2 162.4 162.4 164.4 166.2 167.5 167.9 167.1 165.3 163 161 159.4 159 157.5 155.4 152.5 147.8 133.5 134.3 143.6 147.7 145.9 142.2 136.1 129.9
186.5 185.4 184.8 183.8 183.3 183.1 180.9 178.5 176.9 176 174.4 171.8 169.5 167.6 167.4 166.7 165.7 166 168 171.9 175.7 177.2 178.3 178.2 177 174.5 172.1 168.5 160.5 160.5 160.5 160.5 160.4 160.4 162.8 166.5 171 177.4 183.8 188.5 191.5 191.2 188.4 185.1 179.9 175.1 171.6 167.5 163.5 159.6 152.2 140.2 138 145.3 157.2 163 164.7 164.9 166.7 168.4 169.6 170.2 169.9 168.8 167.2 165.6 163.5 160.9 158.7 156.2 152.7 146.7 136 140.9 148.9 151.3 149.7 144.7 138.5 129.9
186.1 185.2 184.9 185.4 186.4 185.9 184.2 180.7 177.7 171.4 170.8 170.2 168.2 167.4 167.4 166.3 165.7 165.7 166 169.9 173.9 175.8 176.5 176.2 175 173.4 171 167.4 160.5 160.5 160.5 160.5 160.5 160.5 163.9 166.9 170.5 175.8 180.7 184.8 187.7 188.2 186.9 184.1 180.7 177 173.9 171.2 167.7 163.5 158.9 150.4 139.4 145.6 157.5 163.7 166 167.1 168.9 170.1 171.4 172 171.9 171.2 169 167.4 165 161.5 157.6 153.8 151.4 148 140.8 142.8 150.1 151.7 150.3 145.8 137.4 131.6
186.5 185.6 186.6 188.7 188.7 187.3 185.3 182.8 179.9 173.5 168.8 168.3 168.8 168.1 167.5 166.9 166.4 165.4 165.9 167.9 171.5 173.1 173.6 173.4 172.3 170.7 168.4 164.9 160.5 160.5 160.4 160.5 160.5 160.5 164 167 170.7 174.5 178.7 182 183.9 185.4 184.7 183.4 180.7 178.6 175.4 173.4 170 166.2 161.1 153 141.7 145.8 155.9 162.8 166.5 169 170.7 172 173.4 173.1 172.5 171.5 169.3 166.1 162.9 158.9 155.1 152.6 150.3 148.2 142.9 140.8 148.8 151.3 149.7 145.3 136.8 132
186.5 186.8 188.5 190.1 190.8 189.8 186.8 182.1 178.8 173.2 169.7 168.1 168 170 170.4 169.6 166.4 165.5 164.5 166.3 168.6 169.9 170.8 170.7 169.8 168.3 166 162.9 160.4 160.5 160.5 160.4 160.5 160.4 164.2 167.2 170.9 173.1 176.7 179.8 181.8 182.8 182.4 181.6 180.5 179 177 174.7 171.2 167.5 162.1 151.4 143.3 146.9 155.5 163.6 168.2 171 173.3 174.3 174.2 172.8 171.7 169.8 167.2 162.9 160 156.8 154 151.6 148.7 145.2 140.6 140.3 146.4 150.8 151.1 146.7 138 134.5
186.7 188 189.5 190.9 191.7 191.3 188.5 184.5 178.5 173.6 171.2 169.5 170.9 172.3 173.4 172 167.8 165.5 164.8 164.7 165.5 167 167.2 167.2 166.6 165.9 163.6 160.4 160.4 160.5 160.5 160.4 160.5 164.1 165.7 168.3 171.2 173 174.9 178.3 179.7 180.2 180 179.7 179 178.1 175.9 174.8 171.8 167.2 160.3 150.5 144.3 148.2 156.3 164.9 170.1 173.6 175.3 174.7 172.6 169.6 167.2 164.7 161.3 158.8 156.1 154.7 152.6 150.6 147.6 142.8 139.4 142 148.8 152 152.5 149.8 140 135.3
187.5 188.1 189.6 191.9 192.9 192.2 190.4 186.4 181 174 172.1 171.4 171.9 174.3 175.5 174.2 171.9 166.9 165.5 164.4 163.7 163.4 161.6 161.8 163.2 160.5 160.4 160.4 160.5 160.5 160.5 160.4 163.2 166 168.1 170.3 172.6 174.4 175.3 176.7 177.9 177.7 177.6 177.2 176.7 175.4 175.4 173.5 170.3 165.8 157.2 147.4 146.6 150.8 158.8 165.6 170.6 173.5 174.2 172 168.2 163.8 160.8 157.4 156.1 154.3 153.3 152.2 150.7 148.9 144.7 141.6 143.1 145.3 150.3 152.7 152.6 150.3 142.1 135.8
188.8 189.6 190.3 192.9 194.1 193.7 192.3 189.5 184.9 178.3 174.4 173.3 173.5 176.1 177.2 176.3 174 169.6 166.9 165.2 164 162.4 160.5 160.5 160.5 160.4 160.5 160.5 160.4 160.5 160.5 160.4 165.6 168 170.3 172.4 175.2 176.9 177.6 177.2 176.4 175.7 175.2 174.7 174.8 173.6 173.5 171.5 168.3 162 150.9 147.9 149.9 154.5 159.9 164.6 168.8 173 173.9 170.1 163.6 158.3 155.2 154.5 152.7 151.5 150.3 149.3 147.6 144.5 144.5 147.2 149.5 151.3 152.4 152.6 151.2 150.1 140.3 137.8
189.2 189.9 191.3 192.9 195.6 195.6 193.8 192.1 188.9 184.3 178.5 176.1 176.2 178.1 178.5 177.5 175 170.7 168.5 166.6 165.1 162.9 160.5 160.5 160.5 160.5 160.5 160.5 160.4 160.5 161.5 163.4 166.6 170.3 172.8 175.4 178.2 180.3 180.4 178.5 176.2 174 173 171.8 172.1 171.5 170.4 169.3 165.4 155.9 149.7 151.7 154.1 155.6 159.3 163.1 168.1 174 175.2 172.4 166 158.6 155.1 153.2 151.7 150 147.5 145.5 145.4 146.7 149 152.3 154.9 154.7 154.3 153.3 151.6 147.1 138.9 141.2
190.6 190.8 192.6 195.3 197.1 197.2 195.3 193.9 190.3 186.6 181 179.2 179.5 179.9 179.8 178.5 176.1 171.2 169.7 167.7 165.9 164.3 163.6 160.5 160.4 160.4 160.5 160.5 160.5 160.5 160.5 163.7 168.2 171.6 175.2 179 182.3 184.3 183.7 180.6 176.8 173.5 170.8 169 168.2 168.7 167.6 166.1 160.1 151.3 154.4 158.2 158 158.1 160.6 163.7 169.1 175.4 178.2 177.8 173.3 166.8 165.2 154.4 152.5 151.2 150.5 149.5 148.3 150.5 153.4 156.2 156.9 155.7 153.3 152.5 150.7 146.2 138.7 144
192.2 192.6 194.2 196.5 197.7 197.3 196.2 194 191.5 188.1 184 182.4 181.6 180.9 180.5 179.4 177.4 173.6 171 168.7 166.7 165 164.4 164 164 163.7 164.1 160.7 160.5 160.5 160.5 165.2 169.6 173.8 177.6 182.3 186.6 187.6 186.9 183.2 178.1 172.6 170 166.4 165.2 164.7 164.1 160.6 155.6 157.1 161.4 162.2 161.7 161.1 163.4 166.6 172.7 178.9 182.3 183.1 180.6 175.6 161 163.1 156.8 154.2 153.4 152.7 152.4 155 157.8 158.2 157.8 155.8 153 150.1 148.1 144.9 139.6 146.9
193.5 193.7 194.7 196.8 197.6 196.7 196 193.9 191 188.1 184.9 182.8 181.7 181.2 180.8 179.6 177.8 175.4 172.6 169.3 168 166.8 167.3 167.1 166.6 166.1 164.4 160.5 160.5 160.5 160.5 164.4 170.2 176.3 182.6 186.6 189.4 190 188.5 184.7 179 172.9 169.1 164.9 162.1 161.2 157.6 157.1 159.3 163.3 165.5 166.1 165.4 164.2 167.3 171.2 177.5 182.1 185 186.2 185.1 181.8 176.7 169.7 164 159.5 157.2 156.3 156.3 158.4 160.5 161.1 160.3 157.1 153.5 149.8 147.1 143.6 140.8 148.5
195.8 195.4 195.6 196.1 196.5 196.1 194.5 192.5 189.2 187.1 184.3 182.3 181.2 180.5 179.9 178.5 177.4 175.4 172.5 170.2 169.4 169.7 170.1 170.2 169.2 168.2 165.5 160.5 160.5 160.5 160.8 165.4 171.4 180.2 185.5 189.4 191.4 191.3 189 184.2 179.2 173.6 168.4 163.1 160.3 158.2 157 160 163.8 167 168.8 169.8 169.3 168.5 170.6 175.1 180.3 184.3 186.3 187.5 187 184.4 179.7 173.2 169.6 165.8 163.8 162.5 161 160.8 162.8 163 162.4 159.3 155.2 149.7 146.5 142.4 142.2 151.3
197.3 197.4 197.6 197.8 196.7 195.7 193 190.2 187.4 185.3 182.9 181.1 180.2 179.2 178.3 177.7 176.1 174.5 172.9 172.2 172.2 172.5 173.2 173.4 172.8 170.4 165.8 160.9 160.5 160.4 163.1 167.1 174.6 182.7 188.2 191.5 192.7 191.6 188.9 184 178.5 173 167.3 163.5 160.5 157.9 157.8 162 165.6 169.4 171.5 172.5 172.8 172.7 174.5 177.9 181.7 185.3 187.1 187.8 187.4 185.2 181.4 177 173.6 171.4 169.3 168 166.2 164.5 165.1 164.9 163.3 160.3 155 148.8 144.2 141.4 144.4 151.1
199.3 197.8 197.9 197.1 196.7 193.3 190.3 187.1 185.3 183.1 181.2 179.2 178.8 177.9 177.6 176.9 175.5 174.6 174 174.1 175 175.8 177.3 176.5 175.5 172.2 167.8 162.1 160.4 161.3 164.4 169.3 177.7 185.2 190.2 192.4 193.3 191.6 188.7 184.1 178.4 173.1 167.2 163 160.8 158.9 158.8 161.3 166.4 169.9 171.9 173.9 174.3 175.4 176.6 179.7 182.4 185 186.5 187.2 186.9 185.4 182.6 179.3 176.9 175.1 173.2 171.3 169.1 166.6 166.1 164.7 162 159.1 152.8 147.2 143.5 142.5 146.2 151.7
200.7 198.9 197.6 195.4 194.7 191.5 187.8 184.4 182.4 180.5 179.5 177.5 177.6 176.6 176.3 175.8 175.1 174.6 174.5 176.3 177.8 179.4 180.2 179.4 177.3 173.3 167.7 163.6 163.2 164.1 166.5 173.7 180.8 187.4 190.6 192.5 193.6 191.8 188.6 184.2 178.8 173.9 168.6 163.9 161.3 159.1 159.1 159.6 165.4 169.1 172.2 174.3 175.9 176.9 177.6 179.9 181.8 183.7 185.1 186.6 186.8 185.7 184.1 181.6 180 178.4 176.5 174.1 171.3 168.6 165.3 161.8 158.9 154.2 149.5 145.5 143.3 145 148.2 154.5
200.2 198.9 197.3 194.8 192.6 189.9 185.1 181.9 180.1 178.8 178 176.6 175.7 174.7 174.5 174.1 174 173.3 175.5 178 180 181.5 182.1 180.6 178.7 173.8 169.6 165.2 164.1 165.1 169.8 175.9 182.8 188.4 191.5 193.4 193.5 191.9 188.6 184.5 180.8 176.4 171.8 166.6 162.8 160.8 159.6 159.5 162.6 167.4 171.4 173.7 175.4 176.2 177.6 178.7 179.7 181.2 183 185.3 186.3 185.6 185 183.8 182.7 181.5 179.5 176.8 172.3 168.1 163 158.9 155.3 150.9 148 145.9 144.9 145.5 151.2 158.6
200.1 199.1 195.7 192.5 189.6 186.8 183.3 180.3 178.6 177 176.6 175.6 174.5 173.6 172.8 172.5 172.8 173.3 175.5 178.4 180.8 182.5 182.5 181.5 179.2 175 170.7 166.4 165.7 167.6 172.8 178.2 183.3 188 191.1 192.7 193.2 192.1 189.7 186.8 184.2 180.3 176.2 171.3 164.3 161.5 159.6 160.2 161.8 165.1 169.5 172.5 173.9 175.2 175.9 175.3 176.1 179.1 182.2 183.8 185.3 185.8 185.7 185.4 184.8 183.7 181.5 178.5 174.4 171 169 165.7 159.9 157.4 154.6 147.4 145 146.9 157.8 160.6
200.4 198.6 196.1 192.6 186.6 183.7 180.9 177.8 175.8 174.6 174.2 173.6 172.8 172.1 171.1 170.5 170.7 171.5 174.3 178.4 181.1 182.9 182.6 181.7 179.5 175.5 171.7 168.1 167.2 170.2 174.2 178.5 182.9 186.4 189.6 191.4 192.6 192.5 191.6 190.1 188.6 186.1 183.3 179.3 173.5 165.3 161.4 161.3 162.2 163.6 167.3 170.4 172 172.5 172.7 173.9 175.3 176.7 179.1 180.9 183.1 184.8 185.8 186.3 186.2 185.5 182.9 179.6 177.6 177.5 165.6 164.2 169.4 158.4 155.3 147.6 147.6 149.8 157.4 161
