public/OST50/SW75.asc
ncols 200
nrows 200
xllcorner 170000
yllcorner 50000
cellsize 50
[rows 152 to 189 of 200, columns 85 to 169 of 200]
94 93.2 92.7 92.5 92 91.2 88.3 84.7 80.6 73.9 67.8 60.6 51.9 36.6 30.5 35.9 47 55.5 61.5 66.8 69.2 70.8 71.4 71.8 71.4 70.4 68.6 67 63.9 59.2 55.2 29.9 26.6 32.5 46.7 54.3 59.6 65.8 72.1 76.3 79.6 82.3 84.3 84.9 84.6 83.9 82.4 80.1 75.5 69.2 59.6 52.2 52.5 64.8 74.5 79.5 80.8 79.7 77.5 74.1 70 64.5 59.3 52.3 43.4 25.4 37.6 45.3 46.2 38.8 30.1 20.2 23.7 32.1 38.2 44.1 49.8 56.1 61.7 63.6 63.3 64.3 64.8 66.1 65
93.4 93.1 92.4 92.5 92 90.4 88.5 85 80.1 73.6 66 56.9 46.6 33.8 31.6 37.8 46.3 57.6 65.2 70.7 73 73.4 73.5 72.5 72 71.3 70.4 67.3 64.2 60.8 53.6 28.7 30.5 38.9 47.7 53.5 58.5 65 69 73.6 76.6 80.5 84.7 87.1 87.5 87 86.1 84.4 81.2 76.9 72.7 66.5 54.3 65.7 72.9 78.2 80.5 79.7 77.9 75.2 71.7 67.7 62.5 56.7 46 30.8 38.1 49.1 53.8 54.3 49.9 35.5 29.1 24.6 19.6 27.9 36.3 42 49.3 53.2 52.7 54.9 56.9 57.6 57.3
91.4 91.2 91.7 92.4 91.6 90.5 89 84.7 80 72.6 64.4 55.4 46.7 36.3 32 41.7 50.6 62.3 70.4 74.5 76.4 76.3 75.6 73.6 71.9 70.3 68.1 65.8 62.7 59.7 58.7 33.4 30.3 32.2 41.7 49.7 56.5 62.7 67.4 71.4 74.8 78.9 84.1 87.6 88.8 89.2 88.8 87.5 85.6 82.9 79.9 74 59.2 65.6 71.8 76.8 78.8 78.1 76.6 74.4 72.1 69.1 64.5 57 48.6 31.9 41.3 51.8 56.3 59.5 57.3 52.6 47 41.7 34.7 23.8 21.2 28.9 34.7 39.7 41.7 44.1 47.9 49.5 52.3
87.4 88.7 91.1 92.5 91.7 91.5 89.2 84.9 79.1 71.4 64.1 58.1 50.3 35.6 33.4 42.5 53.3 66.8 74.4 79 80.2 79.4 77.2 74.4 71.3 67.6 64.7 61.3 57.2 52.6 49.4 29.6 31.1 34.3 34.9 42.2 53.5 61.1 64.8 68.2 72.2 76.7 82.2 86.5 89.5 90.1 90.4 89.5 88.2 85.6 82.2 75.4 64.2 65.1 71.1 75.3 77 76.4 75.1 73.2 71.2 69.4 65.5 58.3 48.7 36 46.2 54.5 58.2 62.5 61.7 56.8 52.8 49 43.9 37.5 26.2 20.7 25.9 31.3 34.3 36.6 39.9 44.3 45.7
83.5 84.4 87.1 89.3 90.3 91 89.9 87.2 84.3 77 70.1 64.8 55.5 37.9 34 43 59.1 71.9 78.5 82.6 83.4 81.8 78.8 75.9 70.5 66.4 61.2 55.8 51.2 45.7 35.3 31.2 34 42.1 42.6 38.4 46.7 54.4 59.4 63.5 68.2 74.8 79.9 83.8 87.5 90.2 91.3 90.9 89.7 87.3 83.5 76.2 68 65.2 70.8 73.7 74.6 73.8 72.5 70.5 67.8 65.3 62.5 57.5 43.6 40.5 49.3 55.6 58.3 62.6 61.4 55.5 52.7 49.2 44.2 38 29.9 22.7 21.3 24.5 28.4 31 33.8 38 38.5
75.1 76.6 80.9 83.3 86.2 88.3 88.3 88.4 88 85.7 81.5 77.7 57.6 40.4 34.3 45 63.5 75.7 81.9 85.8 85.9 83 80.4 77.2 71.3 65.4 60.2 54.7 47.9 41.5 36.4 32.8 38.1 45.6 47.7 48.3 41.6 46.7 54.5 59.8 65.2 72.3 78.2 82.4 86 89.5 91.7 92.2 90.4 87.7 84.5 79.4 71.7 66.5 70.7 73.2 72 70.6 68.2 65.2 61.6 59 54.7 42.7 43.4 50.5 53.4 56 57.1 58 55 48.9 45.8 45.7 42.4 36.1 28.7 22 21.5 22.2 24.8 26.2 28.8 30.4 31.9
75.2 69.8 73.5 74.8 78.3 82.1 84.2 86.3 85.9 84.3 80.6 73.2 58.6 39.8 35.1 48.5 67.3 77.9 83.3 87.3 87.8 86.6 83.6 80.3 74.3 68.6 63.2 58.1 52 45.9 38.9 33.3 37.9 46 49.4 49.9 44.5 43 51.2 58.9 64.7 71.6 77.5 82.5 86 90.3 92.2 92.5 90.4 87.7 83.4 79.8 75.6 70.2 70.4 72.9 68.7 65.3 62.5 60.6 56 53.4 47.2 47.3 53.4 55.9 56 56.1 55.7 52.2 47.2 40.2 38.8 38.6 37 31.7 25.1 21.5 21.7 22.4 22.4 23.6 25.2 25.4 24.5
78.7 74 68.4 63.9 65.2 72.4 77.2 80.5 81.3 80.5 76.3 68.8 48.3 37.6 37.4 58.4 72.4 79.4 84.8 87.9 89.5 88.8 86.8 83.5 80 75.6 71.2 65.2 59.4 51.4 43.9 34.6 37.5 45.5 50.1 52.6 50.9 47.3 45.9 56.4 65.1 72 78.5 83.1 87.3 91.6 92.7 92.2 90.2 86.5 82.7 80.4 77.4 73.2 72.2 72.6 70.8 65.9 61.7 58.2 54.4 52.9 50.2 50.9 57.7 59 57.9 55.3 51.6 47.6 42.5 37 34 32 29.8 26.6 23.1 22.3 21.9 22.8 22.4 22.8 23.2 23.6 24.5
81.4 79.2 76.2 72.6 65.8 61.1 64.7 70.4 79.4 78.3 73.2 59.7 39.9 37.1 48 64.1 73.4 79.8 84.6 88 89.5 89.3 88.7 86.8 84.8 82 78.3 73.8 68.5 61.9 51 38 37.8 46.6 52.2 57.9 58.7 56.2 51.6 51.1 63.6 71.4 78.6 84.4 88.8 91.1 91.3 90.2 88.2 84.7 82.1 79.9 77.5 74.7 74.3 74.6 73.4 73.6 71.9 69.4 63.8 57.8 55.4 58 64.1 65.7 64.5 61.5 55.5 49.9 44.7 38.5 32.8 29.2 26.2 23.3 22.3 22.8 22.7 22.8 23.2 23 23.2 23.8 24.4
86.7 84.6 84.1 82 76.7 67.8 58.4 65.7 72.5 71.2 63.8 51.2 38.5 41.5 58 66.9 74.5 80.1 85 88.2 90.4 90.9 90.8 89.7 88.4 86.3 83.3 79.9 74.9 69.1 57.3 42.5 38 49 56.8 63.3 66 66.4 65.2 56 57.6 66.4 74.4 83 87.6 87.5 86.5 85.7 83.7 81.4 80 79.3 76.5 74.4 75.7 76.4 78.7 79.3 78.7 77.2 74.5 69.3 63 65.5 72.4 74 72.4 69.9 62.9 57 51.1 41.8 34 28.3 24.8 23.9 23.5 24.1 23.9 23.9 24.1 23.6 23.9 23.6 24
92.5 90.4 88.2 85.4 81.2 74.6 61.4 52.4 55.5 49.6 46.8 41.5 38.5 46.3 58.4 68.5 75.5 80.3 84.9 88.4 90.9 92.1 91.7 91.7 90.7 88.8 87.3 84.9 81.2 76.1 66.8 46.8 37.6 50.2 59.9 68.1 72.7 73.5 72.3 69.4 62.4 56.3 65 74.2 80.5 79.2 78.5 78.4 78.3 78.9 78.7 77.9 76.3 75.9 76.9 79.1 80.5 82 82.9 81 79.5 74 68.6 70.5 78 80.2 79 76 71.9 67.1 61.2 52.1 37.9 29.2 25 23 25.1 25 24.4 24.8 25.5 25.3 25.1 24.9 24.8
94.4 92.7 91 87.5 83.6 78.6 71.4 60.9 52.6 50.2 48.8 44.7 40 48.9 60.4 69.7 75.7 79.1 82.8 85.9 89 91.5 91.7 91.6 91 90 89.2 88.4 86.7 83.9 75.4 52 37.4 47.5 61.1 71.1 76.5 78 77.4 74.2 71.6 67.8 59.7 61.6 66.8 68.7 69.5 71.4 74.5 75.8 76.7 77.1 77.6 77.4 78.7 80.6 82.9 84.6 86 85.2 83.8 81.4 78.7 77.8 80.7 83.7 83.8 81.2 77.3 71.1 65.1 57.1 43.2 30.3 24.5 23.8 26.2 26.5 26.2 26.8 27.2 27.2 27.5 26.6 26.5
95.6 93.8 92 88.5 84.9 80.6 75.7 70.6 67.6 64.2 60.3 52.9 39.9 49.5 59 66.3 71.4 77 80.9 84.4 87.1 89.6 91.2 91.5 90.9 90.2 89.6 89.4 88.6 86.7 81.2 59.2 40.8 43.4 58.9 72.8 79.4 82.2 82.7 81.8 77.6 73.7 68.1 63.5 59.7 61.7 65.6 67.8 70.7 72 74.2 74.5 78.2 78.9 79.5 82.1 84.1 86.1 87.7 88.5 88 87 84.8 83.5 85.8 86.7 86.7 84.8 80.8 73.9 67.2 60.2 50.1 32.7 25.5 26.2 27.7 29.7 30.3 29.5 29.7 29.6 32.1 33.8 34.7
96.1 94.3 93.2 91.2 86 82.8 78.1 73.3 70.5 66.4 60.8 53.4 41 47.2 55.5 61.8 68.4 74.1 78.2 81.8 85.3 87.6 90 90.6 90.5 90.1 89.8 89.4 88.9 88.1 84.6 70.1 47.3 40.9 51.8 73.7 81.1 85.1 86.6 85.2 81.6 77.7 73.2 68.1 64.8 63.1 63.8 66.4 69.2 69.9 72.4 74.5 78.7 80.1 80.9 83.3 85.9 87.9 89.5 91 91.7 91.4 90.1 88.6 88.7 89.3 88.7 87 82.7 76.9 69.7 62.7 54.5 38.7 26.6 27 34.7 36.2 35.1 33.1 32.4 31.9 33.9 37.4 40.8
95.9 94.7 93.4 92.4 89.8 87 83.6 77.7 73.1 67.2 61.2 53.5 41.8 44.1 52.1 58.4 65.1 70.8 75.3 79.1 82.9 85.9 88 89.5 89.6 89.3 89 88.5 88.1 87.1 84.7 78.2 57 43.2 52.3 73 81.2 85.3 87.2 85.9 82.8 79.8 76.8 72.9 67.7 64 64.6 67.2 72 71.7 73.3 77.4 79.3 80.9 83.1 84.2 87 89.9 91.4 92.9 94.1 94.4 93.9 92.7 92.2 91.5 90.1 88.5 84.1 78.4 72.2 64.3 55.8 46.5 25.7 28.1 38.5 40.6 39.2 36.7 35.6 35.5 35.6 38.6 41.8
95 93.9 93.1 92.6 91.3 89.6 86.1 82.8 76.4 70 63.6 56.9 42.8 43.9 54.2 59.2 63.5 68 72.2 76.2 80.1 83.8 86.5 87.7 88.8 88.8 87.9 87.3 86.6 84.3 81 76.8 62.9 43.8 54.8 73.6 80.3 84.2 86.1 86.1 83.5 81 78.9 76.1 71.5 64.9 66.3 69.1 72.4 76 77.3 78.5 81.4 84.1 86.3 86.4 88.3 91.3 93.3 94.7 96 96.5 96.5 96.1 95.2 94 92 90 85.4 79.8 73.3 66 57.7 48.2 30.1 29.3 38.8 41.7 40.9 38.9 38.3 38.6 38.3 40.3 42.8
91.7 92.2 92.1 92.5 91.3 89.1 87 83.3 80.1 72.9 68.4 62.8 43.6 45.8 56.8 61.8 63.5 67.2 70.1 74.2 78 81.3 84.1 85.8 87.6 87.5 87.8 86.9 85.1 80.7 75 69.2 56.1 45.4 59.5 71.3 77.4 82.1 85.5 86.7 85.7 83.2 80.3 77.4 72.6 66.4 68.9 71.7 75.4 79.3 81.5 82.1 84.2 87.4 89.7 89.8 90.1 92.6 95.3 96.6 97.6 98.2 98.3 98.1 97.5 96.4 94.2 91.5 87 81.2 74.1 66.8 58.9 51.2 38.6 28.4 35 42.6 43.4 41.9 42 41.6 41.1 42.5 44.4
86.9 88.3 89.4 89.6 88.7 86.2 82.6 80.2 78.5 74.3 70.8 63.9 43.6 46.4 55.5 60.8 63.2 68.2 69 73 76.9 79.8 83 85.4 86.6 86.9 87.4 87.1 84.9 79.4 71.6 64.2 51.6 46.8 61.9 69.3 75.3 80.2 84.6 87.1 87.8 85.6 82 77.4 72.9 66.8 71.7 74.3 78.5 83.1 86 87.7 89.6 92.2 93.1 93.2 93.5 95.4 97.2 99 99.8 100.4 100.7 99.8 98.9 97.8 95.8 92.4 88.1 81.9 74.3 67.8 60.4 54.3 43.5 27.5 35.6 44.2 50.2 50.2 47.8 47.4 45.3 45.8 47.5
82.3 83.6 84.5 84.1 83.4 80.7 76.6 74.5 73 71.3 66.5 59.2 43.4 46.9 52.1 55.6 59.1 68.2 70.5 74.3 77.2 80.8 84.2 86.3 86.7 86.9 86.4 85.2 81.6 75.3 67.6 61.3 53.2 47.4 58.9 67.4 73.6 79 83.5 86.2 87.9 86.8 83.4 77.8 72.5 69.1 71.6 76.8 80.7 85.1 89.1 91.8 94.5 95.9 96.8 97 97.4 98.7 100.2 101.2 102 101.8 101.5 100.2 99.2 97.9 95.9 92.5 87.6 80.5 73.9 67.4 61.2 56 49.7 32 29.1 42.4 51 56.1 55.7 56.1 57.9 57.2 57.4
78.4 79.9 78.1 76.1 74.2 67.9 63.6 61.8 60.5 57.6 55.5 46.7 45.4 48.8 52.6 56.3 60.5 68.8 71.7 75.9 80.4 84.4 86.6 87.2 86.5 86.5 85.2 82.1 77.5 69.9 63.5 59.1 53.4 46.7 54.8 63.9 70.5 77.4 82.2 85 87.2 87 84.5 79.9 73.7 70.5 72 77.5 82.3 86.6 91.1 94.5 96.4 98.5 100.1 100.9 101 101.2 102 102.4 102.8 102.6 101.3 100 98.3 96.6 95.2 92.3 87.1 79.1 71.9 64.6 58.5 55.1 49.4 40.2 28.4 37 48.9 54.1 58.9 62.6 65.5 67.4 68.7
75.8 73 70.3 66.8 64.7 64.9 64.7 60.6 57.2 54.9 49.1 46.4 46.2 49.9 54.4 58.6 64.1 72.9 77.4 81.9 84.5 86.4 87.7 88 87.7 87.2 84.9 79.4 73.3 68.2 64.2 62.1 56.5 49.8 49.9 60.9 66.3 72.5 78.7 82.3 85.1 86 85.2 82.9 77.9 72.9 71.9 78.5 83.9 88.6 93.4 95.8 97.7 99.8 101 102.1 102.7 102.8 102.7 102.8 102.8 102.7 101 98.5 96.2 94.2 92.3 90.4 86.1 78.5 68.7 61.5 55 51.2 47.9 41.8 30.3 30.8 40.4 50.3 56 60.8 65 67.6 69
73.5 72.4 73.6 75.5 76.4 77.2 76.7 74.8 71.5 63.8 50.6 46.5 47.8 53.2 61.6 68.4 74.1 79.8 82.6 84.8 86.5 87.9 88.7 89 88.8 88.5 86.3 81.8 76.3 72.9 69.4 66.9 64.7 54.7 49.9 56.9 63.2 68.4 73.4 77.9 82.7 85.2 85.5 85.1 82.5 78.2 73.4 77.3 84 89.6 94.1 96.3 97.9 99.9 101.8 102.8 103.1 103.4 103.5 103.5 103.4 102.4 100.7 97.6 94.6 91.4 88 85.9 83.5 78.2 69.3 58.7 52.5 47.9 44.7 41.1 32.7 29.7 32.4 45.1 51.9 57 61.4 64.4 66
78.6 81 81.1 82.2 83.9 84.8 83.8 81.9 76.6 69.9 49 47.2 53.1 63.3 68.1 74.4 78.7 83.5 84.9 85.8 87 88.9 89.7 90.5 91 91.2 89.7 86.9 82.6 79.3 77.6 75.5 73.8 64 53 52.2 59.7 64.4 69.6 74.3 79.8 84.4 87.1 87.2 85.8 80.2 79.4 74.8 81.7 87.4 91.7 94.1 97.3 99.7 101.8 102.9 103.3 103.6 103.8 104 104.2 103.3 102.3 99.8 97.1 94.3 90.3 84.6 77.1 71.7 66.7 56.4 49.1 45.3 40.9 37.8 33.7 30.7 30.2 39.1 46.7 53.4 56.8 60.2 63
83.5 86.5 88.8 90 90.6 90.5 88.3 85.2 80.3 71.5 53 47.6 60.4 69.2 72.9 78.9 81 84.7 85.6 86.1 88.3 89.9 91.6 92.7 93.4 93.2 93 91.6 88.6 85.8 84.9 82 77.5 70.2 59.7 53.4 57.5 61.5 66.9 71.7 76.9 84.5 88.7 89.1 89.6 87.5 85 80 76.8 81.6 86.4 90.7 94.6 98 100.3 102 102.9 103.9 104.1 104.4 104.9 104.5 103.8 102.3 99.5 96.8 93.7 89.6 83.9 77.3 68.8 61.3 52.1 44.8 41 37.4 34.5 32 30.2 35 41.5 47.2 51.5 55.4 58.9
88.7 90.7 93 93.9 93.8 92.9 90.5 87.3 82.4 72.1 54.6 49.3 56.7 66.3 73.2 77.8 77.5 82 84.1 86.8 89.4 91.4 93.2 94.4 95.3 95.6 95 93.3 90.9 89.2 87 83.5 78.3 72.4 59.6 54.6 59.4 62.5 65.7 70.7 77.3 84.2 89 90.1 90.1 90.2 89.3 86 81.5 78.2 81.5 86 90.3 94.4 97 100.3 101.8 103.7 104.9 105.5 105.4 104.9 104.8 103.8 101.6 98.9 95.7 91.1 86.6 81 72.1 61.7 52.8 45.8 41.1 37.8 35.2 31.5 30.1 32.9 36.8 41.7 46.9 52.1 55.7
93.6 94.2 95.9 96.3 95.7 94.3 91.9 89.4 84.6 73.4 53.5 50.4 54.5 61.2 66.8 70.8 75.9 79 83.6 87.7 90.4 92.2 94.3 95.8 96.9 97 96 94.2 92.2 90 87.2 83.6 78.3 70.4 56.4 60.2 63.2 65.8 68.5 73.9 77.1 83.5 87.8 90.1 90.8 91.6 91.6 90.6 87.2 82.9 80.3 83.6 87.5 90.9 94.8 97.7 101.3 103.6 105.3 106.5 106.2 106 105.7 104.4 102.5 99.8 96.3 90.7 87.2 82.3 75 65.2 53.9 46.1 41.9 37.9 35.6 33.5 30.5 32.2 34.6 38.1 43.3 48.6 52.6
96.8 96.9 97.5 97.5 97.2 95.5 93 89.9 84.9 75.2 53 51 58.8 65 67.1 70.3 76.6 82.5 85.3 89 91.2 92.9 95.2 97.1 97.5 96.9 96.2 94.4 92.6 90.3 87.8 84.1 79.3 67.6 57.8 63.1 67.3 72.1 76.6 80.6 82.6 85.2 87.7 90.5 92.8 93.8 93.9 92.9 90.6 86.9 82.4 83.5 85.1 89.2 93.6 96.7 100.9 103.7 105.7 107.4 107.4 106.8 105.6 104.2 102.3 99.5 96.2 91.6 87.3 82.5 77.3 70 59.1 47.6 42.8 38.4 36.5 33.9 32 32.8 34 36.4 40.5 45.1 49.2
99.5 98.5 98.4 97.9 97.4 95.8 92.6 88.7 83.5 68.1 52.5 53.9 63.4 70.7 73.5 74.3 81.4 84.2 88.1 90.5 92.5 94.7 96.6 97.5 97.4 96.4 95.1 93.3 91.7 89.6 87.5 85.2 80.7 67.6 55.5 65.3 72.3 76.5 80 82.9 85.8 87.7 90.1 92.4 94.2 95.9 96.3 95.2 91.2 87 83.3 85.4 87.9 90.1 92.7 97.8 102.1 104.7 106.9 108.1 108.3 107.5 105.9 103.3 101.1 97.8 95.1 92.1 88.2 82.9 78 72 62.4 48.6 43.4 40.1 37.6 34.4 33.9 32.5 34.6 36.7 39.4 42.4 48
101 99.7 99.3 98.4 97.5 94.4 90.4 85 75.3 58.5 52.9 57.5 68.3 76.7 81.1 82.7 85.6 88.9 90.4 92.3 94.6 96.4 97.4 97.3 96.8 95.4 93.2 91.5 89.2 87.9 86.4 85 81.1 70.1 56.9 65.1 72.1 77.4 81.4 84.9 88.3 90.5 92.5 94.8 96.3 96.9 97.1 96 92.4 86.6 84.7 88.4 89.8 92 95.1 99.5 103.2 105.7 107.6 108.5 108.7 108.3 106.5 103.5 100.1 96.2 92.3 89.4 87.5 83.2 77 71.8 63.7 50.8 43.8 40.6 38.8 36.2 34.3 33 35.4 37 38.5 41.7 47.1
101.4 100 99.7 98.6 96.5 92.6 88 81.5 67.2 54.7 55.2 64.6 74.1 81.2 85.5 88.5 89.9 91.7 93.1 94.2 96.8 97.7 97.8 96.6 95.7 94.7 91.9 89.5 86.5 84.9 82.7 83.3 79.5 66.9 59.1 68.5 75.4 79.8 83.1 87.3 90.1 93 95.1 96.7 96.8 96.9 97.1 95.9 92 85.5 86.8 90.7 93.1 95.9 98.9 101.3 104.4 105.9 107.4 108.5 108.8 108.4 106.8 103.7 99.9 95.7 90 85.7 84.1 80.9 77 71.4 63.7 53 45.9 41.2 38.4 36.8 34.9 32.8 35.3 36.9 38.5 43 47.4
100.3 99 98.1 97.1 95.4 91.6 85.8 72.6 55.9 54.7 59.2 71 79.3 84.7 88.2 91.7 93.1 94.4 95.9 97 97.4 98.2 97.7 96.3 95 93.8 91.8 85.9 81.8 78.2 77.4 77.3 73.2 59.3 64.2 69.7 76.8 81.8 85.4 88.9 91.7 94.3 96.4 97.6 97.4 97.6 97.8 95.7 92.1 85.9 89.7 94.1 96.1 99.6 102.5 103.4 105.2 106.3 107.2 108.4 108.5 107.4 105.8 102.2 97.8 91.8 86.9 82.3 78.9 78.5 76.6 73.3 68.5 60.3 50.9 44.8 39.8 36.8 35.6 36 35.7 37.9 39.3 43.4 47.9
98.1 96.8 93.3 93.1 91.9 89.9 84.9 64.3 55.3 57.1 65.9 75.6 81.6 87.9 91.8 94 96 97.7 98.1 97.7 97.3 97.5 96.9 95.3 94.2 93.4 91 86.6 81.4 76.7 68.3 62.8 60.7 61 63.9 72.6 79.5 84.3 87.9 91.1 93.6 95.6 96.2 97.2 97.9 98.5 98.3 96.2 91.9 87 90.7 96.6 99 101.7 103.9 105 105.7 106.7 107.2 107.6 106.6 105.4 103.2 98.9 92.8 84.7 78.9 77.2 74.1 72.5 72.1 70.4 68 60.4 55.1 48.9 41.5 36 35.4 35.3 36.8 38.4 40.4 47.2 48.9
97.4 94.2 90 89.5 89.2 86.8 83.2 60.6 56.4 58 72.6 80.9 85 89.5 93.8 96.4 98.2 99.4 99.8 99.3 97 96.6 95.1 94 93.2 93.3 91.2 86.4 79.2 73 64.3 61.9 61.1 64.9 67.9 70.5 80.3 85.8 89.8 92.9 95 96.4 97.1 97.6 98.2 98.3 98.6 97.6 93.1 88.9 94 98.4 101.4 103.9 105.5 106.1 106.9 107.2 107.5 106.5 105.1 103 99.1 91.6 84.4 77.7 73.3 70.1 67.8 65.4 65.6 63.9 61 57.3 50.5 43.7 37.6 36.3 36.3 35.9 37.2 37 39.1 43.6 49.9
97.4 93.6 89.4 86.1 84.4 83.2 77.6 58.4 58.8 66.9 81.2 85.7 89.7 93.3 96.4 98.5 99.9 100.2 100.3 99.6 97.5 96.2 92.5 91.3 90.5 88.8 87.2 82.8 74 66.1 63.5 62.3 65.2 69.7 74.3 72.6 78.2 86.1 90.3 93.5 95.6 96.7 97.8 98.6 98.9 98.7 98.9 98.1 90.7 91.3 97.1 101.4 104.2 105.3 107.2 108.1 108.2 107.9 106.8 105.8 103.7 99.7 93.2 86.1 78.8 73.6 70 66.3 63.2 59.6 59.4 55.8 55.9 45.6 41.4 38.7 37.2 37 36.9 35.8 37.2 37.5 39 40.8 45.8
96.4 94.1 90.1 83.9 80.5 79.2 77.3 59.4 59.3 75.4 84.1 89.9 93.7 96.5 98.2 99.9 100.7 100.5 100.1 100.2 98.7 96.6 93.4 88.6 85.5 82.5 81.3 75 67.3 64.5 63.6 66.1 73 78.5 81.8 80.8 78.6 86 90.8 93.9 96.3 97.9 99.1 99.3 99.3 99 98.7 96.1 90.8 95.8 100.2 103.4 105.2 106.4 107.9 108.5 108 106.8 105.8 104 101 95.5 89.4 83.2 76.2 69.9 66.6 62.5 59 54.3 52.1 48.1 43.8 41.2 39.9 38.2 36.8 37.5 38.3 38.3 37.6 38.5 38.9 40 45.9
95.1 91.8 89.2 82.7 79.8 75.6 77.4 66.9 59.4 76.1 85.2 91.3 94.9 98 99.2 100 100.7 100.4 100.1 100.1 99.3 96.8 92.3 88.2 83.6 79 73.4 70.5 67 66.7 71.4 75.5 82.2 86.4 86.4 84.7 78.7 86.1 90.9 94.4 96.8 98.2 98.7 98.9 99 98.3 96.8 92.9 94.1 97.7 101.5 104.1 105.8 106.7 107.4 107.4 106.8 105.5 104 101.3 96.6 91.1 86.3 80.4 72.2 65.7 62.8 59.5 56 51.9 48.3 45.9 42.4 40.1 38.7 38.5 38.7 38.7 39 38.7 39.4 39.2 40.6 41.2 41.2
92.2 89.5 86 81.7 76.9 71.7 67.3 63.3 60 72.8 83.5 91.4 96.1 99.1 99.3 99.4 100 100.2 99.9 99.7 98.9 95.9 91.4 87.5 82.1 79.9 76.3 71.9 67.8 70.8 77.9 85.2 89 90 89.6 87.6 81 86.3 90.6 94.8 96.9 97.8 98.2 98 97.6 96.9 95.7 93.4 95 98.9 102.5 104.1 105.6 106.4 107.1 106.2 105.3 103.7 100.6 97.1 91.7 86.7 81.7 76 68.3 63 59.4 56 52.3 48.2 45.7 42.8 42.5 39 39.3 39.2 37.6 39 40 40.4 40.5 40.7 42.4 42.1 43
91.6 88.5 85.8 83 80.5 83 82.3 77.8 60.6 73.1 83.8 90.8 95.3 96.8 98.4 98.5 98.9 99.2 99.3 99.4 98.7 95.2 91.1 89 86.7 84.8 82 76.4 68.2 74.7 85.3 89.8 91.8 93 92.4 91.3 86.9 83.6 89.3 93 95.4 97.1 97.7 97.4 97.4 96.8 95.1 94.3 96.2 99.1 102 103.9 105.2 106.1 106.1 105.4 103.2 100.2 95.9 92.7 87.7 82.5 76 70.3 65.3 60.2 56.4 52.9 49.2 46.1 43.7 42.3 40.9 40.4 39.4 39.6 39.7 40.3 41.7 41.7 41.7 41.9 43.1 42.7 44.5
