public/OST50/SW75.asc
ncols 200
nrows 200
xllcorner 170000
yllcorner 50000
cellsize 50
[rows 114 to 151 of 200, columns 85 to 169 of 200]
-1.9 -1.9 -1.9 -1.9 -1.9 -1.9 -1.9 -1.9 -1.9 -1.9 -1.9 -1.9 -1.9 -1.9 -1.9 -1.9 -1.9 56.6 63.9 57.1 51.1 47.6 44.5 39.3 33.3 20.7 9.1 4.6 5.2 5.7 7.2 7.2 6 5 5 5.4 6.3 6.5 8.7 10.8 14.6 15.4 16.7 20.1 23.6 25.3 28.3 29.7 31.7 34.6 39.7 44.9 51.8 58 62.5 66.9 70.4 74 76.2 77.3 79.5 81.9 84.2 86.1 88.1 89.4 90.4 90.8 91.4 92.8 92.7 92.6 92.6 92.7 92.7 91.8 90.9 89.7 88.7 88 87.8 87.4 87.6 86.9 86
-1.9 -1.9 -1.9 -1.9 -1.9 -1.9 -1.9 -1.9 -1.9 -1.9 -1.9 -1.9 -1.9 -1.9 -1.9 -1.9 -1.9 57.3 63.4 60.7 54.7 50.8 46.1 40.3 31.1 14.9 6.3 4.7 4.7 6 6.7 8.1 6.8 5.9 5.5 6 3.1 6 7 7.6 8.1 10.7 11.6 14.4 16.8 19.7 22 26 28.8 32.5 35.8 40.5 46.9 52.7 56.8 61.6 65.4 69.6 70.8 76.6 79.3 81.9 84.8 86.8 88.6 89.7 90.5 90.8 90.8 91.7 91.7 91.9 91.7 91.9 91.6 90.3 89.4 88 86.2 85.6 85.8 86 86.3 86.1 85.4
-1.9 -1.9 -1.9 -1.9 -1.9 -1.9 -1.9 -1.9 -1.9 -1.9 -1.9 -1.9 -1.9 40.1 40 47.6 53.3 59.5 61.6 59 57.6 51.8 45.5 36.2 27 13.6 5.2 5.2 5 6.5 10.8 12 11.5 7.7 5.6 5.4 5.9 5.4 6.6 7.4 7.9 10.3 11.8 20.6 24.6 25.5 25.3 25.2 27 29.7 33.8 37 41.9 46 50.3 55.7 59.1 64.8 71.4 75.5 79.6 82.7 85 86.9 88.7 89.5 90.1 90.2 90.3 90.6 90.5 90.3 90.3 89.9 89.4 87.9 86.6 85.5 83.6 82.7 83.4 84.2 84.5 84.3 84.3
-1.9 -1.9 -1.9 -1.9 -1.9 -1.9 -1.9 -1.9 -1.9 52.3 61.9 63.9 66.2 67.5 67.3 63.3 63.9 60 57.4 54.5 52.4 48.3 41.3 33.7 20.9 10.3 5.2 5.5 6.2 9.9 13.7 16.4 17.7 17.6 12.7 8 5.4 4.9 6.3 7.1 9 11 19.6 25.8 29.6 32.3 32.8 32 37.6 33.5 33.3 36.5 40 43 49.6 55.2 60.7 66.4 71.2 75.8 79.1 82.8 84.9 86.7 88.2 89.2 89.5 89.7 89.7 89.6 89.1 88.6 88.7 88 86.9 85.6 83.7 82 80.5 79 78.9 80.6 81.7 82.9 83
-1.9 -1.9 -1.9 -1.9 -1.9 -1.9 -1.9 -1.9 -1.9 58 78.7 80.3 79.6 74.9 70.5 65.6 61 56.7 53.3 49.8 47.7 42.6 34.6 25.6 19.7 9.4 5.2 6.5 7.3 12.6 17.5 18 21.2 24.5 22.2 13.3 6.5 5.5 6.1 6.8 7.7 10.5 18.3 24.4 30.5 35.2 36.8 36.4 36.9 36.2 37.3 39.6 42.5 44.8 50.7 57 62.2 67.3 71.8 76 80.1 81.8 84.6 86.5 87.6 88 88.2 88.5 88.1 88 87.1 86.9 86.3 85.2 84.2 82.3 81 79.1 77.3 75.9 75.1 75.7 77.5 80.4 80.7
-1.9 -1.9 -1.9 -1.9 -1.9 -1.9 -1.9 -1.9 44.9 68.2 81.2 79.8 78 72.7 68.7 64.1 60 55.1 50.3 45.9 40.8 35.3 28 22.2 16.2 7 5.3 5.8 11.4 16.3 19.8 24.7 27.1 29.5 27.7 21.9 14.8 7.7 3.9 6 7.6 9.7 16 21.5 28.1 34.1 37.7 40.5 41.4 40.3 41.5 44.3 47.6 49.4 51.4 55.9 62.1 67.4 72.1 76.1 78.9 81.5 84.1 85.8 86.7 87 87 86.7 86.1 85.6 84.6 83.6 82.9 82.1 80.6 78.3 77.1 75.8 75.1 72.8 72.3 73.1 74.1 75 76.3
-1.9 -1.9 -1.9 -1.9 -1.9 -1.9 -1.9 36.3 62.4 77.8 80.1 78.6 76.3 72.9 68.9 65.1 61.2 55.6 50.8 42.9 36.1 28 22.1 16.8 12 6.6 6.4 6.7 13 17.4 21.4 25.6 30.1 32.4 31.3 27 20.3 10.8 5.6 6.2 6.9 7.6 13.7 19.2 25.3 32.8 38.9 42.9 44.5 44.4 45.7 48.8 51.4 56.6 58.9 60.1 63 67 71.9 75 77.9 80.9 82.7 84.2 85.4 85.5 85.2 84.5 83.6 82.6 81.2 79.7 78.3 77.4 75.9 73.9 72.3 70.9 69.7 69.6 69.8 70.8 72.6 73.1 74.4
-1.9 -1.9 -1.9 -1.9 -1.9 -1.9 -1.9 54 65.7 74.4 78.5 78.4 76.7 73.6 69.6 65.9 61 57 51.2 43.6 37 29.7 19.4 12.3 10.9 7.8 6.8 8.2 12.2 16.8 21.6 27.3 32 35.3 32 27.6 19.4 16.3 5.7 5.2 6.3 6.4 12.5 18.6 25.1 30.8 36.5 43.1 47.6 48.1 48.6 52.3 56.9 61.3 65.3 67.7 69 70.5 73 74.9 77.8 79.6 81.4 82.7 83.5 83.7 83.2 82 80.7 79.5 77.5 75.8 74.4 73.6 71.9 71 69.2 67.3 66.2 66.2 67 68.3 69.8 70.8 72.1
-1.9 -1.9 -1.9 -1.9 -1.9 -1.9 -1.9 59.3 69.5 76.3 78.8 78.7 79.3 75.2 69.9 66.1 63.2 57.1 52.3 44.6 38.3 28.3 23 11 7.8 6.7 7.2 10.9 16.2 20.5 25.3 31.4 35.8 37.4 33.8 26 20.5 14.9 16.2 5.1 5.2 6.4 10.5 17.4 25 31 35.2 40.9 46.8 50.5 52.1 54.2 59.2 64.4 68.3 71 72.6 73.5 74.6 75.9 77.6 78.7 80.3 80.9 81.2 81.2 80.9 80 78.3 75.9 73.8 72.2 71.4 70.4 69.6 68.8 67.1 65.4 63.6 63.5 64.8 66.4 68.3 69.7 70.5
-1.9 -1.9 -1.9 -1.9 -1.9 62 63 64.4 73.2 77.8 79.7 80.3 80.7 77.7 73.4 68.8 63.3 58.6 53.1 45.4 37.3 28.5 19.8 9.1 7.8 6.9 11.3 14.7 22.1 24.5 29.8 36.1 39.9 40.4 36.1 30.8 24.6 17.9 15.5 5.7 4.3 5.6 7.4 16.6 25.7 32.4 36.5 38.5 42.8 49 52.9 55.7 61.1 66.1 70.4 73.5 75.3 76.5 76.3 77.6 77.9 78.8 79 78.9 78.8 78.1 77.4 76.7 75.6 72.8 70.2 68.4 67.3 67.8 67.6 66.6 65 63.1 61.8 60.4 61.8 63.8 65.7 67.1 68.3
35.2 46.2 55 65.2 80.2 85.1 81.9 79.9 78.3 80.9 82.9 82.7 82.2 79.4 75 70.7 65.6 61.7 54.5 47.5 35.6 25.4 13.3 12.5 8.1 12.5 14.1 24.2 29.5 35.7 39.1 44.1 45.6 44.2 41.6 36.4 33.8 31.4 23.7 14.6 5.7 5.1 5.8 13.3 22.7 31.7 33.4 35.8 40 45 52.2 55.6 60.9 67.6 72.2 75.2 77.5 78.7 78.4 78.7 78.8 78.7 78.9 78 76.9 75.3 73.8 72.8 72 69.8 66.8 65.2 64.6 64.3 64.1 63.3 62 60.5 59.9 57.5 59.6 60.6 63.1 64.8 66.3
69.3 75.5 89.9 94.5 95.1 93.8 90 87.5 86.4 85.3 84.7 83.9 81 76.5 72.1 70 67 64 59.3 52.2 32 21.2 11.3 8.9 9.6 21.5 24.6 29.4 37.2 42.2 45.9 48.5 50.1 47.4 46.4 43 39.2 35.6 31.5 21.7 6.9 5.1 3.9 6.3 14.6 21.7 28.2 35 39.9 45.2 50.1 54.2 59 66.3 72.9 76.5 78.8 79.5 80.4 80.2 80 79.5 78.8 78.1 76.2 73.9 71.9 69 68 65.5 63.1 60.8 60.6 61 61.2 60.6 59.3 57.6 56.1 55.7 56.2 57.4 60 61.9 63.6
90.7 96.2 98.2 98.1 97.6 95.7 93.3 92.2 90.7 88.4 85.1 80 71.7 68.2 65 63.5 61.6 59.6 56.2 54.3 32.5 17.5 8.7 8.9 18.8 31.7 33 35.3 41.7 46.9 50.3 54.1 54.7 52.1 50.5 44.8 42.6 40 36.6 30.9 14.5 6.9 5.5 5.6 6.3 17.2 26.2 34.7 40.9 47.4 53.7 57.6 59.9 65.5 72.7 76.7 79.2 79.8 80.8 81.4 81.2 80.3 79.6 78.4 76.7 73.5 71 68.6 65 61.3 59.4 57.3 57.1 57.8 58.3 58.1 56.8 54.6 52.9 53.3 53.5 54.6 56.7 58.6 60.1
97.1 98.2 98.4 98.5 98.1 97.1 95.6 93.8 91.6 88.6 82.5 74.7 67.5 63.5 60.4 56 51.6 47.4 50.8 40.7 28.9 14.9 8.9 11.8 28.7 37.6 39.6 43.2 48.6 52.9 56.5 57.9 57.7 56.3 53.4 51.3 47.6 45.1 41.6 35.9 22.4 7 4.8 6.6 5.9 13.4 22.4 31.6 41 48.1 53.7 59.8 65 67.2 71.7 76.3 78.3 80.1 81.1 82.1 82.3 81.2 80.1 78.4 76.3 74.4 71.3 68.7 65.8 61.7 57.6 53.9 53.5 54.5 55.5 55.4 54.2 51.2 50.1 50.6 52.6 53.1 54.8 56.3 58.1
97.7 98.4 98 97.6 99.8 98.3 95.5 92.6 91.2 83.5 77.9 70.1 66.4 60.3 55 50.4 44.3 39.6 35.4 30.7 20.9 10.2 10.7 19.5 36.2 42.7 46.1 50.1 54.7 58.3 61 61.8 62 62.3 59.6 56.3 52.9 49.4 45.4 40.6 29.4 13.2 5.5 6.8 6.5 9.4 19.4 29.8 39.6 47.8 53.9 60.6 66.1 70.1 73.8 77 78.7 80.6 81.3 82.1 82.4 81.4 80 77.7 75.2 71.9 69.2 66.6 64.1 60.8 56.4 52.2 49.7 51.5 52.2 52.9 53 50.6 48.4 48.9 50.2 52.9 55 57 58.5
97.1 97 97.1 100.9 95.2 98 93.9 92.4 89.3 83.5 75.5 69 64.3 58.8 52.5 47.4 40.3 32.7 27.2 20.5 12.7 9.9 15.6 27.6 42.7 48.5 53 56.4 60.2 62.9 65.3 66.1 66.9 66.9 63.7 59.4 57.1 53.6 49.3 43.6 36 22.5 6.5 5.7 5.7 5.8 16.1 26.6 36.3 46.1 54.4 60.8 66.5 70.9 74.8 77.3 79 80.3 81.7 82.1 81.6 80.7 79.7 77.1 73.7 69.3 63.5 61.4 59 55.8 52 48.4 46.9 48.6 48.7 49 50 48.5 47 49 50.6 54 56.6 59.1 60.9
95.7 95.9 96.7 97 95.6 95.1 94.5 91.5 87.8 83.4 76.6 70.3 63.6 58.1 52.8 48.3 43.5 37.6 29.5 17.3 13 12.9 21.9 32.6 46.7 52.7 57.5 60.7 63.7 66.6 69.2 70.2 71.6 70.3 67.2 61.7 58.1 54.9 50.6 43.9 34.9 25.1 10.8 5.2 6 5.8 11.5 23.4 33.7 39.6 52.6 60.6 65.9 71.6 75.2 78.1 80 81.2 81.7 81.8 81 80 78.6 76.4 72.7 67.6 62.1 55.3 51 50 47.4 44.7 44.7 46.3 45.8 45.2 44.6 44.5 46.9 48.9 52.2 54.3 60.2 62 64.6
95.7 96 96.2 97.4 95.6 93.7 92.2 89.8 87.8 82.2 78.1 72.5 67.1 61.4 57.8 52.3 49.8 47.6 31.8 13.7 12.5 18.1 32 44.3 48.7 54.8 59.7 63.5 66.7 69.4 71.7 72.1 72.4 70.4 66.7 62.3 58.6 54.7 49 43.5 39.6 24.8 15.2 7 5.5 6.2 7.3 18.8 30 39.4 50.3 59.6 66.4 72.1 76 78.4 80.5 81.5 81.8 81.6 80.6 79.2 77.1 74.4 71.1 66.7 60.9 54.3 47.5 44.5 42.9 42.2 42.7 45.6 43.5 40.8 42 44.4 46.7 48.9 51.5 55.4 60.1 64.4 67.8
95.6 96.1 96.2 95.7 94.7 93 91.5 89.1 86.7 83 78.8 75.1 70.1 64.2 58.6 51.4 45.8 36.5 19.8 12.1 17 27.5 42.8 50.7 53.5 57.1 60.1 64.6 67.8 70.6 72.1 71.5 70.1 67.8 64.6 61.3 57.8 53.7 48.5 43.3 38.8 31.8 22.7 10.5 4.9 6.8 6.3 14.7 26 37 47 57.2 65.7 71.5 76.1 79.1 81.3 82 81.9 81.4 79.9 77.4 73.7 70.2 67.4 65.1 60.5 54.1 46.8 42.1 40.3 40 40.9 41.8 39 38 40.3 43.4 45.6 47.5 51 53.7 58.5 63.4 67.5
95.7 96.3 96.6 95.4 94.2 93.1 91.6 89.1 86.7 84.1 81 77.2 72.6 65.1 57.5 43.7 32.7 21 14.8 15.4 25.5 39.8 49.3 53.7 57.3 60 63.5 66.9 69.2 71.3 71.8 70.5 68 64.5 61.5 57.6 53.4 47.7 42.1 38.6 37.2 34.3 27.2 12.2 5.1 6.2 7.4 12.4 22.7 33.6 44.5 54.8 64.1 70.8 75.8 79.8 81.9 82.9 82.2 81 78.5 74.8 71.2 66.7 62.4 61.2 59.4 55.4 48.2 41.7 38.6 37.9 38 36.2 34.9 37.1 40 42.3 44.2 46.7 49.5 52.3 56.4 61.1 66.5
96.2 96.6 96.5 95.9 94.9 93.7 92.4 90 87.6 84.2 81.2 77.4 72.3 64.9 51.4 34.6 20.6 15.8 16.6 26.7 38 46.8 52.3 58.8 63.8 66.3 68.2 69.2 71 71.5 71 68.2 64.2 59.7 55.3 52.7 46.3 40 36.7 33.1 31.2 30 24.5 15 5.8 6.2 7.8 11.5 20 29.8 40.5 51.1 60.8 69.3 75.3 79.3 82.1 83 82.1 80.3 77.1 72.8 68 63.1 58.9 56.2 56.5 53.6 48.2 41.1 36.6 36.1 34.8 34.6 35.4 36.8 41.3 43.6 45.8 46.6 49 51.6 55 59.2 64.6
96.9 97.4 96.9 96.5 95.6 94.3 92.9 90.5 87.7 84.5 81.8 78.4 72 62.3 42.5 25 16.8 18.4 26.1 38.2 45.6 52.9 59 64.3 69.1 72.1 72.7 72.9 73.3 72.7 71.5 67.3 61.9 56.3 48.1 41.4 36.5 31.8 28.5 26.8 24.9 23.6 16 14.3 6.9 10.1 6.7 9.9 17.6 27.4 36.7 47.3 57.7 66.9 73.8 78 80.6 81.8 80.8 78.7 75.1 70 64.5 59.3 55.1 50.3 53.7 51.3 45.4 39.5 34.5 34.5 33.6 32.7 35.2 38.7 41.1 44.3 47.2 49.7 51 52.2 54.6 58.8 65.2
97.2 96.8 96.9 96.9 96.2 95 93.8 91 87.8 84.3 82.5 78 70.5 57.5 36.4 20.8 18.6 21.8 35.2 43.5 50.4 59.4 65.6 70.6 74.1 75.9 76.1 76.3 76.7 75.8 74.4 70.3 64.4 55.7 47.7 38.4 31.5 27.3 24.2 21.4 18.6 14.6 12 10.6 7.5 7.2 6.6 9.3 16.6 27.2 35.3 43.3 54.9 65.3 72.3 76.3 78.6 80.1 79.2 77.2 73.1 66.9 61.5 56.5 49.7 44.6 48.8 47.9 42.5 36.3 31.9 31.2 31.8 33.1 34.9 37.9 40.8 44.2 48 50.2 52.2 53.5 55.3 58.7 64.5
97.4 97.7 97.2 97 96.6 95.6 95.5 91.4 87.5 83.3 80.1 74.7 65 50.1 37.4 21.5 20.6 32.9 41.6 48 54.6 63.9 71.1 75.3 78 79.6 79.9 80.1 80.1 79.5 77.8 73.7 69 61.4 52.9 42.9 29.5 24.8 21.5 19.1 15.6 12.8 10.3 10.4 7.4 8.3 7.1 7.6 13.9 22.9 31.4 41.5 52.2 62.7 70.3 75.2 76.7 78.3 77.9 75.6 71.4 64.6 56.5 51.4 44.8 38.5 42.6 42.4 39 32.8 29.1 30.6 31.1 32.5 34.8 37.4 39.8 42.8 46.9 51.1 53.3 54.7 57.7 60.7 66
97.5 97.6 97.2 96.7 96.2 95.1 93.7 91 86.8 82.8 77.2 71.1 57.9 46.6 37.7 22.5 20.2 30.4 41.9 51.4 59.9 68.9 74.8 79 81.1 83.2 84.4 84.5 84.4 83.6 81.7 78.7 74.6 66.1 55.8 47.4 32.8 24.5 20.3 16.6 14.4 12.1 9.7 9.3 9 8 7.1 7.1 12.7 18.5 25.8 37.3 50 61.1 69.3 73.1 74.3 75 74.7 72.8 68.5 63 56 47.6 40.1 33.7 34.6 34.4 29.3 27 27.8 27.5 30.4 32.6 34.1 36.2 38.6 42.3 46.2 49.5 53.3 56.5 59.2 60.8 64.5
97.7 97.3 96.5 96.2 95.7 94.4 92.4 89.9 85.9 81.3 75.4 67.4 56.8 44.5 35.7 24.9 20.3 29.4 42.9 52 62.1 70.4 76.9 80.9 83.4 85.1 86.2 86.6 86.9 85.8 84.4 81.8 78.2 61.3 46 37.5 29.7 23.9 19.6 15.8 13.3 11.5 10.4 9.3 9.4 10.3 9.5 8.7 8.4 16.9 24 36.8 51.1 61.6 69 70.8 68.9 69.8 69.7 68 65 60.5 54.1 46.7 37.9 31.1 28.3 25.2 24.2 26.2 27.5 28.4 30.4 33.3 35.4 36.8 39.4 42.2 44.6 47.6 51.9 55.8 58.2 60.6 64
98 97.2 96.4 96 94.5 93 91.7 88.9 85.5 80.5 76.4 67.3 57 47.3 36.2 26.8 21 27.4 42.7 53.3 61.9 70 76.5 80.1 82.9 84.7 86.1 86.7 87.8 87.4 86.4 84.4 80.6 70.2 49.5 38.6 31.4 23.5 19.2 16.5 11.7 10.4 10.6 10.1 10.9 9.5 10.6 8.7 8.7 12.6 25.6 37.5 50.1 57.8 64.4 61 56.6 59.3 60.5 61.1 58.3 54.8 50.3 43.2 34.8 27.6 23.4 21.5 24 27.4 27.8 30.4 30.9 33 34.5 36.4 38.8 41.3 42.9 45.5 47.9 51.3 53.2 56.6 61.2
98.2 97.4 96.7 95.2 93.1 91.2 89 87.4 84.6 81.2 75.4 68.5 58.9 51.2 42.7 27.1 21.8 26.5 42.2 54.4 62.3 69.3 73.1 77.2 80.8 83.2 85.2 86.6 87.7 87.8 87.2 85.2 83 79.1 70.9 50.5 36.2 25.6 19.6 15.1 12.1 13.5 12.9 12.7 14 13.2 13.1 10.6 8.3 9.3 11 26.9 34.3 43.2 44.1 35.8 33.8 36.8 42 43.5 44 44.4 42 36.3 26.4 21.5 20.2 25 26.3 28.3 29 31.4 33.5 34.9 36.1 37.7 39.5 41.8 43 45.4 47.9 51.5 53.9 58.5 64.3
98.4 97.4 95.8 94.5 92.1 88.9 85.5 83.6 82.1 78.8 75.2 67.1 58.2 50.2 44.2 28.9 22.7 25.7 42.6 56.3 62.7 66.6 70.8 74.5 78 81.7 83.6 85.1 86.6 87.2 86.6 85.6 82.1 78.2 72.7 64.5 51.3 37.3 24.2 13.8 13.9 16 18 18.4 20.3 21.9 24.1 23.1 20.5 11.2 10.8 10.8 10.8 16 17.2 13 12 14.9 17.1 24.7 31.2 31 26.5 22.3 18.9 19.4 23.3 25.8 25.9 27.3 29.7 33.8 35.4 37.3 38.2 38.8 40.4 41.7 43 46.3 49.4 53.1 58.9 65.9 73.3
97.5 96.1 94.8 93 90 86.4 83 79.9 78 74.5 70.3 64 56.1 40.8 39.6 25.7 24.4 31.5 41.7 52.9 59.2 63.9 68.3 72 75.3 79.6 81.9 83.4 84.6 85.5 84.7 82.8 79.9 76.6 68.8 61.7 55.9 41.7 28.2 14.7 15.6 19.7 23.2 24.9 26.6 28.5 29.5 28.7 26.6 21.4 12.9 11.4 12.1 13.6 12.4 13 12.1 12.6 13 14.8 19.2 20.4 17 17.5 21.7 24.2 26 28.2 29.2 29.1 29.9 32.2 34.9 37.7 38.8 39.5 41 43 45 46.3 50.4 56.5 62.7 69.6 75.5
96.8 95.2 93.5 90.9 87.6 83.4 80.1 75.6 71.9 64.6 59 50.4 46.2 50.2 49.2 28.2 24.4 33 41.3 49.4 56.1 60.3 65.4 69 72.6 76.3 79.5 81.4 82.4 83.1 82.3 79.8 75.8 70.8 63.4 55.6 45.3 31.1 18.3 15.6 20.4 24.9 28.2 30.4 30.5 32.5 34.1 33 29.7 21.4 15.9 14.9 15.3 16.2 17.9 19 20.3 17.4 16 14.3 14.9 15.2 15.9 21.2 24 27.5 28.7 29.9 31.1 31.5 31.6 33.9 35.2 37.7 39 40.2 42 45.4 47.5 49.8 53.3 60.7 67.8 73 75.2
96.1 94.3 92 88.5 84.9 81.2 77.2 71 64.1 61.8 61.8 58.5 56.2 57.3 50 26.3 26.6 32.8 39.4 47.5 53.8 58.4 62.6 67.2 70.3 73.8 77.5 79.2 79.7 79.4 78.4 75.4 70.4 61.6 53.2 42.7 26.1 18.8 17.4 20.2 27.6 32.7 36.4 36.2 36.3 37.5 38.5 37.3 32.2 21.5 22.7 25.9 26.9 26.4 27 29.3 30.6 30.5 26.6 18.6 13.8 14.9 16.4 18.8 22.5 25.4 26.1 26.3 27.2 29.1 33.1 36.1 38.8 42.1 42.5 42.6 43.9 46.9 50.2 53 56.6 63.1 70.4 73.4 75.3
95.4 93.5 91.7 88.4 84.8 80.8 76.9 74 73 70.5 67.9 66 63.4 60.3 46.4 25.7 28.2 32.8 43.6 46.6 52.7 57.2 61.7 65.4 68.8 72.1 75.2 76.1 75.6 74.3 72.4 68 61.1 54.1 40.8 25.5 19 20.4 23.6 32.1 43.3 49.1 50.9 47.9 45.3 44.1 44 42 26 25.6 35.4 39.6 44.3 41.4 38.1 39.1 39.9 39.5 34.7 26.4 17.5 14.7 15.5 15.9 16.4 19.5 21.5 23.6 26.3 30.5 34.9 39.8 47.5 50.4 50.4 49.3 47.6 48.9 52.7 58.5 62.5 65.8 70.7 74.5 77.4
95.4 93.6 91.2 89 87.3 85 82.8 79.4 76.7 74.5 71.9 68.8 64.9 58.5 38.2 26 30.4 37.6 44.4 48.7 53.4 57.5 61.6 65.8 68.4 70.9 73.5 73 70.5 66.8 63.1 56.5 50.4 43.3 28.5 20.9 25 31.9 40.9 51.5 58.6 61.2 60.3 58.1 56 54.2 51.9 46.9 30.5 35.1 44.2 49.7 52.1 54 53.4 52.4 52.2 50.8 47.6 38.7 27.9 18.3 15.2 15.9 15.5 17.4 21.1 23.5 27.5 33.5 38.8 45.6 52.3 55.6 57.8 58 56.7 55.8 61.9 66.3 67.9 70.6 72.3 76.6 79.6
95.6 94.1 92.4 90.7 89.8 88.4 86.6 83.8 79.4 75.4 71.6 67.7 63.2 51.8 30.8 28.1 33.5 41.5 47.5 52.2 55.9 59.4 63 66.6 68.6 70.3 70.6 69.6 65.9 58.1 52.2 43.7 38.1 31 22 29 41.2 50.6 58.1 65 68 67.7 66.8 65.3 62.6 61.2 56.8 49.5 35.6 40.3 46.4 52.7 56.9 60.5 62.8 63.5 63.4 62.4 59.9 54.7 42.8 25.7 18.6 16.8 16.6 23.8 29.4 27.9 40 44.2 46.9 52.4 56.6 59.1 61.3 63.8 66.4 68.9 72.8 72.5 73.3 74.2 77.1 80 81
95.7 95 93.3 92.3 91.7 90.4 88.1 85.4 81 76.9 72 64.6 55 41.6 28.5 31.2 39.4 46.6 51.9 56.4 59.1 62.1 65.2 67.9 68.7 69.6 68.7 66.5 62.2 52 46.8 39.1 33.2 24.6 24 42.4 54.7 62.9 68.7 72.3 73.6 73.4 72.3 71.2 69.1 68.1 65.4 57.4 41.8 37.8 47.1 51.9 58.4 64.9 69.8 70.7 71.6 70.8 68.3 62.3 54.5 40.1 28.3 21.8 19.5 16.2 18 24.5 33.7 40.3 46.2 55.4 59.5 65.4 65.8 67.9 69.9 72.5 74 75.4 76.2 77.3 78.8 79.8 79.7
95.1 94.2 93.6 92.8 92.3 91.1 89.1 86.1 82.1 77.4 71.8 63.8 52.5 36.3 28.8 33.5 44.7 51.6 56.9 60 62.6 65.3 67.5 68.7 69.5 69.6 67.7 65.5 60.3 52.4 47.2 42.2 25.8 25.5 32.1 48.6 58.3 64.6 71.1 75.8 78.3 77.8 77.8 76 74.6 73.6 71.8 66 53.7 43.8 43.1 49.4 57.7 66.6 74.1 76 76.8 76.1 73.5 68.6 62.1 54.1 44.9 35.4 29.1 19.6 20.3 18.4 16.9 24.1 34.7 48.6 55 58.4 62 65.5 68.7 71.1 73.5 74.6 75.5 75.9 76 76.7 77
94.6 93.7 93.1 93.1 92.1 91.4 89 86.1 81.5 76.2 70.3 62.1 52.2 36.7 29.5 34.8 46.6 53.4 59.6 63.5 66 68.1 69.4 70.2 70.4 69.5 67.8 65.4 61.7 56.9 55 36.6 25.9 28.1 40.1 52.9 59.6 65.6 72.4 77.4 80.4 81.7 82.2 81.3 80.4 79.7 77.9 73.3 65.8 53.7 48 46.5 56.4 66.1 73.7 79.2 79.4 78.2 75.8 72.1 67.1 61 53.9 46.3 36.2 23.2 33.9 33.7 27.7 20.6 19.5 31.7 40.6 47.2 52.5 57.6 62.6 66 68.5 69.4 70.4 70.6 71.2 72.3 72.5
