public/OST50/SW84.asc
ncols 200
nrows 200
xllcorner 180000
yllcorner 40000
cellsize 50
[rows 156 to 194 of 200, columns 87 to 173 of 200]
45.7 49.9 52.4 54.6 55 56.1 55.1 52.2 47.1 40.4 32.5 25.9 18.4 11.1 -1.2 -1.2 -1.2 -1.2 -1.2 15.9 51.6 67.7 73.8 75.4 76.7 76.5 76.4 76.6 76.1 76.3 75.9 76 74.9 73.7 71.5 68.9 67 65.5 65 64.4 64 65.2 63.5 60.4 59 59 58.7 58 56.1 52.8 47.8 39.4 24.5 10.8 11.8 20.5 31.7 47.1 60.5 65.9 65.4 66.6 68.6 68.2 66.8 65.5 61.6 58.9 55.1 49.6 45.6 40.1 35.2 31.8 26.4 12.6 11.7 14.7 16.3 18.4 22.7 24.7 25.5 22.2 14.4 4.1 2
44 47.1 48.6 50.9 53.1 55.4 54.9 50.8 45.4 39.1 30.1 20.9 12.3 -1.2 -1.2 -1.2 -1.2 -1.2 -1.2 27.3 56.3 69.8 70.7 71 71.6 72.1 71.8 71.1 70 70.5 71.3 69.8 71.9 70.1 68.5 66.5 65.2 65.1 65.1 65.2 65.8 63.3 59 55.7 53.3 53.9 54.4 54.8 54.3 50.9 46.5 39.8 25.2 9 7.3 16.9 31.3 47.6 57.6 55 53.3 54.1 57.7 62.2 62.4 60.9 59 56.2 52.4 47.6 44.1 40.8 36.9 34.6 33.4 26.3 19 13 7.3 2.5 6 12.3 14.8 12.7 7 2 -1.2
41.8 43.9 45.2 47.4 50.9 54.1 53.6 49.4 43.3 37.2 28.1 17.2 1.7 -1.2 -1.2 -1.2 -1.2 -1.2 1.7 37.5 57.7 65.4 65.7 64.5 64.4 65.2 65.1 64.9 65 63.4 65.5 68.6 69.2 68.3 67 64.2 62.4 63 64.3 64.4 64.4 58.8 50.9 44.1 39.9 42.9 45.6 49.2 49.7 46.6 42.8 37.1 23.2 8 5.3 16.9 35.2 49 48.9 43.8 39.9 41 47.3 54.9 57.3 57.9 55.7 51.7 47.5 44.6 41.4 39 37.4 36 36.5 36.2 29.7 28.1 21.9 13.2 4.6 3.1 3.6 3.3 2.2 -1.2 -1.2
38.8 40 40.9 44.5 49.2 52.1 51.1 46.6 40.1 33.4 21.5 8.8 -1.2 -1.2 -1.2 -1.2 -1.2 -1.2 11.4 41.9 54.1 56.8 55 53.6 52.8 58 58 57.9 60 59.8 61.5 66.4 66.9 67.5 66.6 63.4 60.2 60.4 61.9 62.7 57.9 49.4 41.4 43.7 40.1 30.8 31.7 37.1 41.6 41.6 40.5 30.9 14.6 4.6 6.6 19.9 36.8 42.4 35.7 29.9 26.4 27.2 35 43 50.7 53.1 50.7 46.4 41.7 38.6 36.2 33.6 34.1 34.4 37.1 41.8 45.4 41.9 35 24.7 14.5 3.8 2.4 1.9 2 -1.2 2.2
34.4 34.8 36 41.8 47.5 50.3 47.8 42 35 23.2 9.4 -1.2 -1.2 -1.2 -1.2 -1.2 -1.2 1.4 24.5 39.7 47.9 41.9 39.1 37.9 37.7 40.9 46 48.6 53.6 55.6 59.1 62.3 64.9 66.8 66.4 63.2 60.7 55.3 52.7 50.5 49.6 51 54.4 58.8 55.1 47.3 33.9 21.4 26.6 28.2 26.6 18.4 6.5 5.3 5.2 18.9 29.2 25.9 19.9 13.5 11.6 13.3 21.7 32 40.4 44.3 44.8 40.8 36.5 32.4 29.2 28.6 29.8 30.7 34.2 42.3 50.9 48.2 43.1 35.2 22.2 12.9 4.3 1.5 2 -1.2 2
30 29.1 32.7 39.3 44.8 47.7 43.5 37.6 28.6 10.9 -1.2 -1.2 -1.2 -1.2 -1.2 -1.2 -1.2 8.4 29.1 33.4 29.6 23.7 24.5 29.4 31.8 37.4 40.9 46.1 53 58.6 61.8 64.8 66.3 67.4 66.2 63.5 60.2 61.1 62.1 61.3 63.9 67.8 66.4 63.5 60.1 56 50.1 29.9 17.7 15.7 13 11.1 7.9 5.3 4 14 20 14.4 9.5 6.3 6.9 8.7 6.8 18.2 27.4 32 33.8 35.7 32 26.8 23.6 23.9 25.2 26.5 29.8 39.1 46 45.5 40.8 32.1 21.7 10.8 3.8 1.8 1.9 -1.2 -1.2
24.1 23.5 27.7 35.3 41.8 43.7 39 32 14.9 -1.2 -1.2 -1.2 -1.2 -1.2 -1.2 -1.2 3.5 16.4 20.1 19.4 18.1 20.4 27 36.9 42.3 48.5 52.9 56.4 59.9 64.2 66.3 68.1 68.8 68.3 66 63.5 64.7 66.5 69.6 71.9 72.6 72.3 70.9 67.4 64.2 58.6 45.1 27.7 21.7 20.9 23.8 23.9 15.7 7.7 5.2 7.1 9.8 4.7 3.2 3.3 3.7 5.3 1.1 1.1 10.7 18.6 21.7 23.7 24.3 20.7 17.3 18.6 20.3 22.9 27.9 33.9 39.5 39.4 34 23.2 14.2 2 1.8 1.8 1.8 1.9 -1.2
17.8 18.5 24 31.3 37.2 39 32 20.8 -1.2 -1.2 -1.2 -1.2 -1.2 -1.2 -1.2 1 4.1 5.4 10.9 16.5 20.4 27.8 35.6 42.8 49.5 55.6 60.4 64 67.4 69.4 70.1 70.5 70.1 68.1 66.9 66.5 69.3 72 75.7 77.7 77.9 76.7 74.8 71.4 68.2 60.2 45.2 27.7 24.6 29.6 38.3 40.1 35.1 27.5 11.1 6.3 5.2 4.3 9.4 20 23.8 20.9 7.6 1.1 1.1 1.1 1.1 10.2 13.7 12.1 10.8 12.2 14.6 19.4 24.9 30.4 34.6 35.3 27.1 18.3 5.7 1.8 1.8 1.8 1.8 1.9 -1.2
11.9 13 21.8 28.9 34.6 34.5 26.3 11.3 -1.2 -1.2 -1.2 -1.2 -1.2 -1.2 0.6 3.1 3.1 7.8 18.6 25.4 31.9 37.8 43.5 47 50.6 56 63.8 67.6 71 72.1 72.3 71.8 70.2 69.5 69.4 70.5 72.9 76.3 78.9 81.3 79.5 78.1 75.5 72.1 67.4 61.2 49.6 34.1 25.6 37.9 47.5 46.9 45.8 37.9 26.4 19.3 24.8 27.7 31.6 35.4 35 31.6 26.2 11.9 2.8 1.1 1.1 1.5 2.2 4.5 5.4 7 10.2 18.6 23.7 29.7 32 31.2 24 12.1 1.2 1.8 1.8 1.8 1.8 1.9 -1.2
9.9 11.9 19.1 26 31.8 29.6 19.9 -1.2 -1.2 -1.2 -1.2 -1.2 -1.2 -1.2 6.5 17.7 23.2 27.9 34.3 36.5 41.7 45.9 48.9 51.3 55.4 60.9 67.4 71.2 73.7 74 74.1 73.9 72.8 72.3 72.9 74.1 76.2 77.9 80.2 80.7 78.9 76.2 73.9 69.8 64.3 60.1 48.1 35.4 28.3 40.9 48 47.7 44.9 39.5 33.9 35.5 40.4 46.8 51.7 55.5 55.7 47.9 38.5 33.5 27 20.7 11.7 4.2 1.8 1.8 2.8 1.8 10.8 18.8 25.4 29.5 31.4 27.5 19.5 5.6 1.5 1.1 1.3 1.6 1.8 -1.2 -1.2
7.7 9 14.7 21.9 27.3 24 12.3 -1.2 -1.2 -1.2 -1.2 -1.2 -1.2 1 17.4 35.3 41.8 41.5 42.1 43.9 46.4 51 53.9 56.8 61.6 65.8 70.6 73.7 75 75.4 75.6 75.7 75.5 75.5 75.6 75.8 77.1 78.5 79.7 78.4 75.5 72.6 68.9 63.3 58.3 52.9 40.7 30.2 36.4 46.2 50.8 49.5 47.5 45 46.3 51.8 55.1 59.4 62.2 61.8 61.1 59.1 55 49.5 40.1 34.1 26.9 12.4 4 1.8 1.8 1.8 11 18.5 24.3 27.1 26 21.5 11.9 1.6 1 0.5 0.5 0.8 0.9 -1.2 -1.2
3.2 3.1 9.3 15.4 18.1 16.7 1.3 -1.2 -1.2 -1.2 -1.2 -1.2 -1.2 1.8 27.7 45.6 47.5 48 48.9 50.6 53.7 56 58.9 62.4 67.6 70.6 72.9 75 76.1 76.6 76.9 77.2 77.1 76.7 76.7 77 76.8 77 77.4 74.5 71.1 67.7 61 55.2 51.3 43.5 37.4 38 42.7 53.8 55.6 56.2 57.8 59.1 62.1 66.1 67.2 68.7 67.9 65.5 64.2 60.6 56.5 52.4 46.5 38.8 30.8 17.8 3.9 1.8 1.7 2 8.3 13.6 19 22.2 19.6 14.4 1.7 1.2 0.7 0.1 -0.3 -0.1 -0.9 -1.2 1.8
9.1 6.4 1.8 1.8 1.8 1.8 0.9 -1.2 -1.2 -1.2 -1.2 -1.2 0.3 7 34.6 49.4 51.7 52.2 53.9 56.4 58.5 60.5 62.9 65 68.6 71.5 73.3 74.3 75.5 76.5 77 78 78.6 78.2 77.8 77.8 77.4 76.2 73.9 70.6 67.2 60.2 51.9 47.4 45.2 42.6 42 47.4 53.7 59.4 63.4 66.9 69.5 69.9 70.3 71 70.9 70.2 69.2 67.5 63.7 59.5 55 49.9 45.4 38.7 31.3 19.2 4.2 1.8 1.8 1.8 2.3 5.1 9.2 12.2 9.2 1.7 1.3 0.8 0.3 -0.3 -1.2 -1.2 -1.2 -1.2 10.6
15.5 16.4 12.6 10 2 1.8 0.7 -1.2 -1.2 -1.2 -1.2 -1.2 0.9 18.4 43.4 51.3 54.4 56.2 57.8 60.5 62.4 64.2 64.9 66.6 68.6 70.8 72.2 72.5 73.8 75.4 77.2 78.2 78.9 79.1 78.8 78.4 76.4 72.9 69 66.2 62.2 53.5 50.4 47.1 45.5 46.5 50.2 59 63 67.7 72.4 74.5 74.5 74.3 72.9 72 71.7 70.8 69 64.9 60.2 56 50.5 45.7 40.9 36.4 29.4 19.2 9.3 1.8 1.8 1.8 1.8 1.8 1.8 1.7 1.5 1.4 1.1 0.6 0 -0.5 -1.2 -1.2 -1.2 7 18
20.8 23.9 26.5 24.2 17.8 5.5 0.9 -1.2 -1.2 -1.2 -1.2 -1.2 1.3 25.5 46.2 51.9 55 58 60.4 62.8 64.5 65.1 64.4 65.7 68 68.9 69.2 70.7 73 75.6 77.2 78.1 78.7 79.2 78.8 78.1 75.4 71.2 67.6 65 60.8 58.4 54.2 50 53 57 58.9 66.3 70.8 74.1 76.3 76.3 75.8 74.8 72.6 70.5 70 67.8 65.1 59.7 54.8 48.7 41.8 37.3 33.2 30.9 26.7 22.8 19.4 15.1 10.9 6.6 1.8 1.8 1.6 1.3 1.1 0.9 0.7 0.4 -0.1 -0.6 -1.2 0.3 4.5 14.5 21.9
25.5 29.2 30.7 26.3 17.5 1.8 0.7 -1.2 -1.2 -1.2 -1.2 -1.2 1.4 26.6 47.8 51.5 54.4 57.3 60.2 61.5 61.3 62 61.9 63.1 64 64.6 65.2 70.5 74 75.6 76.8 77.2 78 78.3 77.9 77.1 74.9 71.8 69 66.3 64.5 61.8 53.8 59.2 64.2 70.1 69.3 72 74.5 76.9 76.2 75.5 75.1 73.8 71.2 68.2 65.4 61.4 56.7 52 44.4 36.7 31.9 27 24.5 21 21.2 22.5 24.8 23.7 19.3 9 1.8 1.5 1.2 0.9 0.6 0.5 0.3 0.1 -0.3 -0.8 -1.2 2 12.8 19.8 26.3
27.8 28.9 25.6 18.5 6.8 1.8 0.9 -0.3 -1.2 -1.2 -1.2 -1.2 1.2 25.6 44.9 50.5 53.2 56 58.7 58.6 57 57.8 58.4 57.7 58.5 59.3 65.4 71.1 73.9 75.6 75.8 75.9 76 76.1 76.3 75.8 74.7 73.3 70.7 68.7 67 60.2 59.7 64.5 69.8 74.5 76.2 75.9 77.2 76.9 75.6 73.4 70.6 67.1 63.4 60 56.6 49.8 42.8 36.8 31 23.8 18 10.5 6.2 1.1 1.6 4.7 11.1 13.2 9.8 2 1.4 1.2 0.9 0.5 0.2 0 -0.1 -0.3 -0.6 -1 -1.2 8.7 15 22.2 26.6
29 26.5 19.8 8.5 6.8 4.5 1.6 0.1 -1.2 -1.2 -1.2 -1.2 0.8 21.8 39.8 47.8 49.9 51.2 52.8 52.8 53.3 52.5 51 52.2 54.2 61.5 67.9 71.5 73 73.5 73.3 73.1 73.4 73.6 73.8 73.9 73.3 72.5 71.2 69.4 66.4 62.8 65.2 67.4 72 77 78.9 78.9 78.5 76.1 73.8 69.9 66.6 62.2 55.5 48.4 40.1 34.7 32.7 21.7 9.6 -1.2 -0.2 -1.2 -0.8 -1.2 -1.2 -1.2 -1.2 0.4 1.1 0.8 0.5 0.6 0.5 0.2 -0.1 -0.4 -0.5 -0.7 -1 -1.2 -1.2 9.1 14.7 19.5 25.2
28.9 24.6 19.8 18.8 22.3 21.8 5.3 0.8 -1.2 -1.2 -1.2 -1.2 -1.2 16.7 31 43.9 44 42.6 44 49.4 50.1 45.7 46.8 54.2 62.3 67.6 70.1 71.5 70.6 70.1 70.1 69.7 68.9 69.1 69.4 69.9 69.9 70.6 70.6 69 66.6 66.9 69.1 69.9 72.1 77.2 79.5 79.2 78.2 76.1 72.3 65.5 61.5 58.4 52.5 42.5 32.9 27.5 17.8 -1.2 -1.2 -1.2 -0.3 -1.2 -0.4 -0.3 -0.2 -0.4 -1.2 -1.2 -0.4 -0.3 -0.3 -0.2 -0.1 -0.2 -0.5 -0.8 -1 -1.2 -1.2 -1.2 -1.2 5 11.5 15.5 20.9
30.6 28.8 32.6 37 39.4 33.4 18 1.8 -1.2 -1.2 -1.2 -1.2 -1.2 9.9 21.2 31.1 34.9 34.1 41.9 48.9 44 44 54.5 63.2 66.7 69.8 71.3 70.9 68.6 67.4 66.2 64.3 63.7 63.4 64.3 64.9 66.2 67.5 68.6 68.4 68.1 70 73.1 74.6 76.1 78.5 79.3 79.9 78.6 76.7 73.2 67.2 61.7 55.5 48 37.8 26.1 15 -1.2 -1.2 0.1 0.8 1.1 1 0.9 1.2 1.2 0.8 -1.2 -1.2 -1.2 -1.2 -1.2 -1.2 -1 -0.9 -0.9 -1.2 -1.2 -0.7 -0.3 -0.4 -1.2 0.6 2.5 9.1 15.7
33.4 36.6 44.5 46.5 44.7 39.1 25.2 6.3 0.7 -1.2 -1.2 -1.2 -1.2 1.6 10.8 19.1 24.1 32.3 39 37.8 33.9 46.2 60.3 65.6 70.2 71.4 71.4 69.7 65.9 62.9 59.3 57.4 56.4 55.5 54.8 58.3 60.5 62.4 64.5 68.1 68.5 72 75.2 77 78.1 78.8 79.4 79.1 78.3 76.2 73.5 69 63.2 56.3 42.5 27.8 15.2 0.9 -1.2 -1.2 1.9 7.7 11.6 6.2 14.1 16.1 13.2 5 1.4 -1.2 -1.2 -0.1 0.3 -1.2 -1.2 -1.2 -1.2 -1.2 1 0.5 0.8 0.9 0.2 -1.2 -1.2 1.1 5.9
38.3 46 53.7 52.8 51.1 44.2 33.9 14.5 2.1 -1.2 -1.2 -1.2 -1.2 -1.2 4 10.3 14.7 20.2 23.6 25.3 37.1 53.3 62.6 68.1 71.6 72.3 71.4 68.4 65.9 59.1 51.9 49.1 48.8 45.3 46.8 53 57.5 61.4 64.3 66.9 69.9 73.6 75.8 76.8 77.8 78.2 77.8 77.6 77.4 76.3 73.2 69.2 63.5 56.5 40.6 21.9 1.3 -1.2 -1.2 1.2 7.7 11.3 16.5 25.9 35.7 35.7 33.3 26.6 11.9 1.2 0.2 1.2 1.8 1.8 1.8 1.8 1.8 1.8 1.8 1.7 2.3 3.8 4.8 2.6 -1.2 -1.2 -1.2
43.2 50.4 57 56.7 54.2 48.2 37.2 20.5 4.5 -1.2 -1.2 -1.2 -1.2 -1.2 5.8 5.6 4.9 10 18 30.7 44.6 59.7 64.9 69.3 71.6 71.6 70.6 68.3 64.5 58.8 53.5 45.6 41.9 43.7 52.9 57.5 60.3 62.6 65 68.2 70.6 74.3 75.6 76.2 77.5 78.1 76.2 75.3 75 74.2 73.1 68.8 63.1 56.5 41.1 19.6 -1.2 -1.2 0.2 1.3 5.6 10.4 18.8 30.2 39.4 37.4 35.4 29.3 19.1 8.4 1.5 1.8 1.8 1.8 1.8 1.8 1.8 1.8 1.8 4 6.2 8.5 11 10.2 9.1 4.3 -1.2
49.6 55 59.2 60 54.4 49.2 38.6 23 7.3 -1.2 -1.2 -1.2 -1.2 -1.2 1.4 1.8 2.5 14.9 30.2 42.7 53.6 60.2 65 66.9 68.3 68.6 68.5 67.3 64 58 53 47.5 36.4 46.6 53.1 56.4 58.5 61.6 66.1 70.2 73.6 75.6 75.4 75 76.5 77.8 76 73.8 72.6 72.8 71.4 67.8 62.7 56.6 44.7 21.4 -1.2 -1.2 -0.1 0.9 1.8 12.3 22.6 32.7 35 32.7 30 26.8 20.3 15 10.8 6.7 1.8 1.8 1.8 1.8 1.8 1.8 3.6 6.3 8.9 11.5 13 13.2 12.4 7.7 -1.2
52.8 59.1 62.2 61.8 54.4 50 39.6 24.4 6.8 0.5 -1.2 -1.2 -1.2 -1.2 -1.2 1.8 13.7 28.9 40.8 46.6 51.6 56.3 56.5 57.1 60.3 62.9 63.6 63.5 60.2 54.6 50.1 43.1 36.2 46.9 53 54 55.9 60.5 66.9 71.5 73.7 75.4 74.6 74.5 74.7 76.7 75.8 72.7 70.3 70.8 69.9 66.8 61.1 55 45.7 25.9 1.9 -1.2 -0.4 0.6 1.5 10.7 22.1 29.1 27.1 26.1 24.8 22.2 18.2 15.1 11.8 9.3 7.5 6.3 5.8 5.6 4.9 5.1 7.5 10.1 12.3 14.4 15.5 16.5 14.2 7.9 -1.2
56.3 60.3 64.6 63.1 56 50.7 42.1 25.8 7.3 0.8 -1.2 -1.2 -1.2 -1.2 -1.2 11.3 25 34.4 39.1 33.4 38.1 41.5 39.6 39.6 44 48.2 53.3 56.8 53.7 50.6 46.3 37.2 37.8 47.6 51.2 50 49.5 57.5 65.6 71.2 72.6 72.6 71.8 69.7 74.2 74.9 74.4 70.6 68 66.5 65.4 62.7 56.9 51 43.8 29 8.6 -1.2 -1.2 0.2 1.2 8.5 18.1 18.3 17.6 17.9 18.3 17 15 13.4 11.3 8.9 7.8 7.2 7.4 7.2 7 7.1 10.5 13.8 16 17.6 18.2 18.1 17 7.7 -1.2
57.7 61.6 65 63.5 56.9 52.4 43.8 29.2 9.5 1.5 -1.2 -1.2 -1.2 -1.2 -1.2 18.8 25.7 20.9 11.3 1.8 1.5 -1.2 -1.2 -1.2 16.2 22.4 32.3 41.3 45.1 44.9 43.5 39.3 30.4 41.9 45.7 45 44.5 56.2 64.6 68.5 68.3 67.2 64 64.8 74.3 74.2 71.8 67.4 62.3 58.1 58.3 54.9 49.9 44.2 38.2 28 9.8 -1.2 -1.2 -0.3 0.7 1.8 4.7 9 9.9 10.6 9.4 10.5 9.6 9.4 9.2 7.2 6.7 6.2 6.4 6.6 7.3 9.4 12.5 15.5 18.5 20.5 21.2 20.6 17.5 -1.2 -1.2
57.4 60.3 62.9 64 60.3 54.6 47.1 33.9 13.5 1.8 0 -1.2 -1.2 -1.2 -1.2 18.2 21.1 5.1 -1.2 -1.2 -1.2 -1.2 -1.2 -1.2 -1.2 -1.2 9.6 21.5 31.7 40.3 42.5 43 27.8 30.4 36.4 36.7 45.3 57.8 65 64.4 62.4 59.6 54.2 60.2 72.8 71.9 67.8 62.6 53.3 48.4 49.9 44.4 37.5 33.1 28.5 23.6 13.5 1.6 -1.2 -1.2 0.1 0.8 1.1 1.5 1.8 1.8 1.8 1.8 1.8 1.8 5 1.8 1.8 1.8 1.8 1.8 7 9.9 13.5 16.8 20.2 22.6 24.3 22.5 18.5 6.1 -1.2
55.8 58.2 61.5 62.5 61.3 57.1 50.4 37.8 18.4 1.5 0.1 -1.2 -1.2 -1.2 -1.2 8.9 -1.2 -1.2 -1.2 -1.2 -1.2 -1.2 -1.2 -1.2 -1.2 -1.2 -1.2 5.4 22.7 37.3 42.2 41.4 35.5 20 26.7 35.2 47.8 59.2 63.5 60.5 54.4 47.8 42.4 52.9 70.5 66.2 61.5 53.5 42.4 37.6 35.3 29.3 22.9 18.9 13 2.4 1.8 1.4 0.1 -1.2 -0.5 0 0.7 1.3 1.8 1.8 1.8 1.8 1.8 1.8 1.8 1.8 1.8 1.8 1.8 1.8 2.3 9.4 13.1 16.3 19.7 23.7 25.4 24.4 21.4 17.3 -1.2
52.5 56 59.3 61.1 61.1 58.5 52.7 42.5 22.2 3.5 0.4 -1.2 -1.2 -1.2 -1.2 -1.2 -1.2 -1.2 -1.2 -1 -0.7 -0.7 -0.7 -1 -1.2 -1.2 -1.2 -1.2 13.4 29.6 39.2 40.1 33.7 15.5 25.7 38.1 50.4 61.6 61 53.5 44.6 38.6 36.8 52.7 64.8 60.5 55.7 43.3 32.4 23.7 21.2 13.8 8.8 3.9 1.6 1.3 1 0.7 -0.1 -1.2 -0.7 0 0.6 1.2 1.8 1.8 1.8 1.8 1.8 1.8 1.8 1.8 1.8 1.8 1.8 1.8 1.8 9.1 13.6 16.1 18.6 22.9 26.6 27 23.9 20 14
48.7 52.9 56.1 56.9 56.3 53.8 50.1 42.4 25.1 5.5 0.5 -1.2 -1.2 -1.2 -1.2 -1.2 -1.2 -1.2 -0.6 0 0.5 1.2 1.8 0.6 0.1 -1.2 -1.2 -1.2 5.9 21.6 33.4 34.8 26.5 11.7 21.1 37.5 50.4 54.7 49.9 42.5 34.1 28.2 31.1 46 55.4 52.9 46.9 32.9 21 14.4 7.2 1.7 1.6 1.2 1 0.7 0.4 0.1 -1.2 -1.2 -0.5 -0.2 0.4 1.1 1.7 1.8 1.8 1.8 1.8 1.8 1.8 1.8 1.8 1.8 1.8 1.8 1.8 6.5 10.3 13.3 16.9 21.2 25.7 26.7 24.7 20.2 14.9
42.4 45.8 48.3 51 46.1 42.5 38.2 33 23.6 6.5 -1.2 -1.2 -1.2 -1.2 -1.2 -1.2 -1.2 -0.5 0.2 0.8 1.5 5.3 7.6 1.7 0.8 -0.1 -1.2 -1.2 -1.2 13.9 26.1 27.4 18.3 4.7 14.1 33.2 40.5 41 35 28.6 22.9 18.6 22.4 30.3 35.3 36.2 28.3 18.7 8.9 1.7 1 0.6 0.6 0.4 0.3 0.1 -0.2 -0.6 -1.2 -1.2 0.4 0.6 0.8 1 1.5 1.8 1.8 4.4 5.1 1.8 1.8 1.8 1.8 1.8 1.8 1.8 1.8 4 7.3 11.6 16.7 21.6 25.4 26.3 24.2 19.6 13.5
31 32.6 34 35.7 29.8 20.3 18.4 17 12.4 5.9 -1.2 -1.2 -1.2 -1.2 -1.2 -1.2 -1.2 0.3 0.9 1.6 8.9 18.8 18.2 6.9 1.3 0.3 -1.2 -1.2 -1.2 7.5 17.3 17.6 1.8 1.8 16.9 29.1 26.8 24.4 18.5 12 9.4 2.8 9.4 15.2 18.3 17.6 14.4 5.5 1.1 0.2 -0.3 -0.5 -0.5 -0.4 -0.4 -0.6 -1.2 -1.2 -1.2 0.3 1.1 1.5 1.7 1.8 1.8 7.2 8.9 9.8 8.9 7.7 1.8 1.8 1.8 1.8 1.8 1.8 1.8 2.7 7.7 14.3 18.7 24.2 26.1 25.9 23.4 18.4 9.4
15.8 16 16.5 15.8 8.3 1.4 0.9 1.4 1.2 0.5 -1.2 -1.2 -1.2 -1.2 -1.2 -1.2 0.4 1.2 1.9 13 26.5 31.2 33.6 15.5 1.6 0.7 -0.3 -1.2 -1.2 1 9 1.8 1.8 5 21.5 21.6 15.6 6.5 1.6 1.2 0.9 0.8 1.2 1.7 2 1.3 -1.2 -1.2 -1.2 -1.2 -1.2 -1.2 -1.2 -1.2 -1.2 -1.2 -1.2 -1.2 0.4 1.4 5.2 4.7 1.8 1.8 1.8 8.9 11.2 13.2 13.3 11.8 10.5 9.3 7.5 4.8 3.4 1.8 1.8 6 12 18.9 24.5 26.5 27.6 27.5 22.4 14.5 12.1
2.4 -1.2 -1.2 -1.2 -1.2 -1.2 -1.2 -1.2 -1.2 -1.2 -1.2 -1.2 -1.2 -1.2 -1.2 0.3 1.4 7 17.7 29.9 37.2 39.8 39.2 24.3 7.1 1.1 0.1 -1.2 -1.2 -1.2 0.8 1.7 1.8 13.1 15.6 10.5 1.6 1 0.4 -0.1 -0.3 -0.4 -0.1 -1.2 -1.2 -1.2 -1.2 -1.2 -1.2 -0.2 0.1 0.2 0.7 1.4 4.6 3.5 1.2 1.4 3 11.5 13.8 12.2 6.6 1.8 1.8 10.1 12.5 14.6 16.2 14.9 13.8 10.2 7.7 5.1 2.5 1.8 5 10.4 19.1 26.5 30.4 30.1 29.9 28.3 21.5 12.4 22.2
-1.2 -1.2 -1.2 -1.2 -1.2 -1.2 -1.2 -1.2 -1.2 -1.2 -1.2 -1.2 -1.2 -1.2 0.1 1.4 9.2 20.5 31.9 42.9 47.5 48 46.9 34.7 12.9 1.7 0.7 -0.4 -1.2 -1.2 -1.2 0.3 1.5 4.8 1.9 1.5 0.9 0 -1.2 -1.2 -1.2 -1.2 -1.2 -1.2 -1.2 -1.2 0.1 0.4 0.8 1.3 1.5 1.5 6.6 16.2 21.4 23.1 24.2 28.1 30.9 27.9 21.5 15.5 9 1.8 1.8 1.8 13.9 16.5 18.4 16.6 14.2 11.2 9.1 6.2 3.8 4.2 9.5 18 28.7 32.5 34.5 33.1 30.7 29.5 18.7 20.3 28.7
-1.2 -1.2 -1.2 -1.2 -1.2 -1.2 -1.2 -1.2 -1.2 -1.2 -1.2 -1.2 -1.2 0 1.2 9.4 22.7 34.3 48.4 53.6 54.9 53.7 51.8 38.4 16.5 6.4 1.4 0.2 -1.2 -1.2 -1.2 -1.2 0 0.4 0.4 0.4 0 -1.2 -1.2 -0.4 0 0.4 1 1.4 0.8 1.2 1.6 1.8 7.3 11.7 13.9 18.6 26.3 33.4 40 44.4 45.6 44.7 37.6 31.3 24.1 17.3 11.4 1.8 1.8 6 15.4 18.9 19.6 17.4 15.1 13.6 12 9.1 4.8 5 12.1 24.2 32.2 36.3 37.7 34.7 31.7 26.7 23.1 28.8 31.8
-1.2 -1.2 -1.2 -1.2 -1.2 -1.2 -1.2 -1.2 -1.2 -1.2 -1.2 -1.2 0 1.2 6.5 23.8 38.1 50.6 59.4 61.3 60.7 58.3 54.6 42.3 21.9 10.1 1.8 0.9 0.2 -1.2 -1.2 -1.2 -1.2 -1.2 -0.9 -1.2 -1.2 -1.2 -0.2 0.6 1.3 2.6 4.5 6.7 1.8 1.8 13.4 22.5 29 30.5 33.5 36.9 42 48.7 53.3 55.5 54.5 46.7 38 33.1 26.2 18.8 12.1 1.8 1.8 10 12.9 16.7 19.6 20.1 19.5 18 14.4 10.5 5.7 8.6 15.7 24.9 33.8 37.1 38.1 35.3 32 29.7 32.3 35.4 34.5
-1.2 -1.2 -1.2 -1.2 -1.2 -1.2 -1.2 -1.2 -1.2 -1.2 -1.2 0.4 1.2 4.8 25.2 40.7 53.8 61.5 65.7 65.4 64 60.7 55.9 44 22.9 9.7 1.8 1.8 1.3 1 0.7 -1.2 -1.2 -1.2 -0.9 -1.2 -1.2 0.6 1.3 1.7 5.4 12.9 18.6 16.8 1.8 1.8 11.6 31.1 34.8 39.3 44.7 48.5 53.4 58.1 59.1 58.7 53.8 45.1 37.9 31.8 25 17.6 11.9 1.8 1.8 4.4 9.4 13.8 19.6 24.5 24.8 22.3 17.9 13.1 6.6 12 20 28.1 35.4 38 40 37.4 35.2 35.8 36.7 34.9 33.5
