public/OST50/SW84.asc
ncols 200
nrows 200
xllcorner 180000
yllcorner 40000
cellsize 50
[rows 0 to 38 of 200, columns 0 to 86 of 200]
97.9 97.4 94 94.4 90.4 85.9 81.3 76 73.1 70.9 69.6 67.2 67.3 66.3 65.7 64.9 64.8 65.1 67.5 70.6 75.3 80 80.6 79.1 75.4 71.2 66.3 61.6 48.6 43.2 49.5 52.1 54.8 57 58.7 61 62.7 65 66.8 68 69.6 73.4 77.7 81.2 82.8 83.8 84.2 83.4 81.3 79.1 76.6 75.1 73.2 69 66 63 60.1 55.7 52.5 47.1 43.1 45.8 51.2 56.7 63.6 68.9 71.7 71.4 68 65.1 63.9 62.8 64.3 71.6 78.2 83.7 88.3 91.1 92 92.5 92.4 91.9 91.4 91 89.1 88.7 89.7
106.4 105.1 103.5 101.2 98.2 95 90.5 87.1 82.5 77.1 73.7 72 70.3 68.6 67.9 67.9 67.9 68.8 70.8 74.5 78.9 82.9 84.5 83.1 79.3 73.6 68.4 62.8 52.9 44.1 44.3 46.6 49.1 51.6 54.4 56.5 58.6 61.2 63.6 65.3 67.4 72 76.6 80.1 81.1 81.6 81.7 80.7 78.4 76.1 72.8 71.1 65.2 62.7 60.4 57.8 54.7 51.5 47.8 44.1 42.4 44.8 49.4 54.7 60.5 65.4 66.9 64.9 61.2 59.3 59.3 59.2 61.3 67.3 73.7 79.6 83.9 86.8 88 88.5 88.8 88.2 87.7 88.1 86.3 85.7 87.3
110.6 109.4 107.9 105.6 103 100.9 98 94.7 92.6 90.7 87.9 83.9 80.6 75.4 73.6 73.3 73.7 75.9 77.1 79.8 83.5 86.6 88.7 88.6 85.4 80.2 73.2 64.5 55.9 46.4 41.2 43.9 46.1 48.4 50.3 53.1 55.3 58.6 61.5 65.2 68.1 70.8 74.7 79.1 80.3 80.5 80 78.5 76.2 73.1 69.5 65 60.2 56.8 55.3 54.2 52.3 49.2 45.5 43 44.3 48.2 49 49.4 51.1 55 57.8 60.2 59.6 59.4 59.3 58.4 58.9 62.7 67.5 73.9 78.7 81.8 83.9 84.5 84.9 84.2 83.8 86.6 82.8 83.1 85
109.9 108.8 108 107.7 105.9 104 101.9 98.6 96.8 95.7 94.5 92.4 90.9 88.4 85.9 84.8 87.2 89.6 90 89.3 90.7 92.9 95.1 95 93.9 88.3 81 70.8 58.8 46.4 41.2 44.1 45.9 49.3 50.4 52.5 54 57.4 61.5 65.7 70.5 73.3 76.2 79 81 80 79.4 76.8 74.8 72.9 70.3 67.9 63.1 58.2 54.3 51.5 49.8 47.1 44.4 42.4 45.4 54.6 59.7 61.6 61 61.6 61.3 61.1 69.9 65.5 62.3 59.5 60.5 65.1 67.8 67.5 70.7 75.6 78.3 78.9 78.3 78.9 79.2 85.5 81.2 82.3 83.8
107.8 106.7 106.7 106.4 106.4 105.5 103.8 101.3 99.4 99.2 99.3 98.8 97.4 96 95.7 95.7 96.3 96.9 96.9 96.7 97.3 98.6 99.8 100 98.9 95.2 88.7 78.4 65.1 48.3 41.7 44.8 48.3 51.5 53.1 55.7 56.1 58.5 61.8 66.6 71.3 74.7 77.9 79.8 81 80.7 79.5 78 76.4 74.9 73 72 67.5 63.3 59.1 54.6 50.8 50.1 48.6 42 43 50.6 61.4 68 72.9 76.7 78.5 77.3 74.2 70.9 66.6 63.8 64.5 68.6 72 74.9 76.3 75.7 75.9 75.7 75.6 76 77.2 85.3 81.4 82.9 84.9
103.7 102.1 101.7 101.7 102 101.5 102 99.6 98.8 99 99.9 100.9 100.4 100.2 98.9 99.3 100.2 100.8 100.7 100.4 101.6 102.7 102.2 101.5 100.4 96.8 92.6 84.7 71.8 52.8 41.5 43.9 52 54.7 56 57.1 58.4 60.9 64.4 70.5 74.7 77.4 79.6 80.7 81.7 81.3 80.3 79.4 78.5 76.8 74.7 73.8 71.5 68.4 64.4 59.5 56.1 57.3 55 49.9 42 43.2 54.6 67 74.4 79.1 81.3 80.3 77.8 74.8 71 68 66.8 70.7 74.6 78.2 81.4 84.6 85 83.4 79.5 79 80.1 85.7 83.4 84.8 87.5
98.1 96.5 95.8 95.8 96.1 95.9 97.1 96 96.8 96.7 97.6 98.5 98.8 98.9 99.9 99.6 100.1 100.5 100.6 101.4 102.7 102.9 102.4 100.3 97.9 96.5 92.4 86.7 76.3 55.2 41.3 44.6 56.3 60.4 60.1 60 61.1 63.8 69.6 74.9 79 81.2 82.3 82.9 83.2 82.8 82.3 81.4 80.5 79 77.3 76.3 75.3 73.1 69.8 59.5 64.2 67.1 67 63.9 52.8 42.4 44.4 61.9 72.5 77.9 81.7 81.2 79.9 76.9 73.9 70.1 69.4 73.5 78 81.8 84.2 86.5 85.8 84.7 81.6 81.2 80.8 86.5 85.5 87 90
92.1 89.6 87.6 88.9 89.5 89.3 89.8 90.1 91.1 92.1 92.2 93.6 94.6 96.4 97.3 98 98.7 99.4 100 100.5 101.6 101.7 99.8 97.7 95.5 93 89.8 85.2 75 52.9 39.9 43.2 56.1 63.6 63.7 63.4 65.3 70.9 75.8 80.3 84.2 86.5 87.8 85.8 84.8 84.8 84.3 83.6 82.4 81.6 80.2 79.1 78.4 75.7 71 63.7 71.1 74.5 73.6 71 63.2 44 42.4 55.2 69.7 75.5 79.8 81.9 82.3 79.8 77.1 75.9 75.9 79.1 83.2 86.5 87.9 87.3 86.8 84.8 83.6 83.2 85.9 88.6 88.2 89.3 92
86.4 82.4 80.2 80.9 82.5 82.9 83.2 84.2 85.5 85.9 86.6 88.7 89.7 90.5 93 95 96.2 97 97.8 98.8 98.6 98.4 96.5 93.9 90.9 87.7 84.6 81 70.4 49.1 39.9 47.3 60.6 63.2 63.8 64.6 70.4 77.6 81.3 85.1 89.1 92.2 94.8 93.4 92.2 89.4 87.8 87.2 86.6 85.3 84.8 82.4 80.2 73.4 70.2 71.3 74.1 78 79.3 73.5 63.5 45.1 43.4 54.2 66.4 73.2 77.7 80.6 83.9 83.9 83.9 83.2 85 87.5 90.5 91.9 91.8 90.3 88.5 87 87.9 89.7 91.4 93.5 91.8 92.5 93.6
80.7 75.2 73.3 74.2 75.4 76.5 77.8 79.2 80.1 80.1 80 81.9 83.3 84.6 87.2 89.7 91.5 92.7 93.7 94.5 95.3 93.6 91.4 88.7 85.1 81.2 77.7 73.3 67.9 46.9 40.1 49.4 62.5 62.3 60.1 61.8 66.8 72.9 79.2 83.9 88.4 93.1 95.9 96.6 96.3 94.7 96 94.8 93.8 91.9 88.5 84.5 79.3 78.6 80.3 79.5 77.6 77.2 76.6 72 59.7 44.2 40.9 52.3 63.6 70.3 75.1 79.6 84.1 87.2 88.9 90 92 93.4 94.7 95.7 95.3 94.4 92.9 91 92.7 94.7 96.1 97.6 95.9 96.1 96
77.1 72.4 69.2 69 70.4 71.8 73.2 74.1 74.9 76.1 76 75.8 76.7 78.9 81.4 83.9 86.2 87.6 89 89.6 89.6 88.1 85.7 82.2 76.7 71.8 68.7 64.1 59.2 44.2 40.8 47.4 55.4 56.2 54.2 57 60.9 66.5 73.4 80.1 85.6 91.2 94.6 96.1 96.8 97 96.5 96.1 94 91.4 87.6 84.3 86.5 88.3 88.4 85.9 82.3 76.3 71.5 66.2 54.4 44.6 39.1 46.1 57.1 68.1 74 79 84.1 88.3 91.2 94 95 96.5 98.2 99.2 98 97.1 96.5 95 95.9 97.7 98.2 98.3 98.3 98.3 97.9
73.4 68.1 65.6 65.2 66.4 67.6 68.8 69.8 70.8 71.8 70.7 70.6 72.6 74 76.2 78.4 80.7 82.8 83.8 84.3 83.4 81.9 77.8 73.2 67.4 62.9 60.4 56.3 52 46.2 39.4 41.6 46.7 47.8 49.1 52.6 56.4 61.3 67.9 74.7 81.4 88.1 90.8 92.6 94.4 95.6 95.4 95.5 93.9 90.9 87.7 87.5 91.4 93.7 94.1 91.9 88.9 81.8 71 64.3 63.3 51.9 39.1 41.3 50.1 62.5 72.4 78.4 83.6 87.9 91.5 94.6 96.8 99.4 100.8 100.7 100.3 99.9 99.4 98.7 99.7 100.7 98 100 100.2 99.9 99.8
67.5 64.8 62.2 61.7 62.3 63.6 65.1 66.4 67.7 69 68.8 69.1 67.7 69.7 71.7 73.9 76 78 78.8 78.9 78.4 76.6 73 66.6 61.9 58.9 55.6 51.8 47.6 43 38.7 37.8 40.2 42.6 45.6 49.1 52.5 57 62.4 69.2 75.5 82.6 86.2 88.3 90.6 92.8 94.2 94.6 94.9 92.5 91.8 91.5 94.8 97.1 97.6 96.1 93.1 88.6 78.2 73.3 71.8 66 44.1 38.6 47.5 59.3 70.2 77.7 83.1 87.8 90.7 93.6 96.6 99.6 101 100.6 100.6 100.5 100.2 100 100.7 100.5 97.5 100.2 100.5 100.6 100.8
63.3 61.2 59.1 58.4 58.3 59.9 62.1 63.8 65.5 65.5 65.1 65.2 64.3 66.1 68 70 71.6 73.2 73.9 74.4 74.6 73.3 69.7 65.1 60.1 56.8 53.7 49.5 47.5 43.9 40.1 37.5 36.7 39 42.7 46.2 49.7 53.8 58.3 64 69.2 75.9 81.1 84.2 86.5 90.9 92.9 94.1 95.3 94.9 94.7 95.2 97.1 99 99.8 98.4 94.7 91.1 84.4 77.7 72.7 64.8 49.2 38.4 49.7 58.7 68.2 75.8 81.9 86.4 89.1 92 95.3 98.9 100.9 100.8 100.8 100.8 100.6 100.3 100.4 100.7 98.9 100 100.8 100.7 100.7
59.4 58.1 56 55.3 54.9 56.8 58.9 60.5 62.2 62.9 62.5 61.5 60.9 62.2 64.2 66.4 67.9 69.3 69.9 70.3 71 70.3 68.5 64.6 60.7 57.8 54.5 52.6 49.8 46 42.2 38.4 36.8 37.3 39.9 43.5 47.1 50.6 55.1 59.2 63.7 70.7 76 82.1 87.1 90.8 93.4 94.7 95.9 96.2 96 97.1 99.5 101 100.9 99.7 95.6 91.6 85.8 77.8 69.6 57 44.5 38.8 49.3 57.4 64.8 72.1 78.4 83.2 86.2 90 93.8 97.5 100.4 101 101 101 100.7 100.3 100.5 99.5 99.2 99.4 100.2 100.7 100.7
55.5 54.2 53.1 52.6 52.5 53.8 55.2 57 59.2 60.1 59.5 58.6 57.6 58.2 60.4 62.9 64.4 65.3 65.9 66.5 67.8 68.9 67.9 65.4 62.6 59.7 57.4 55.9 53.5 48.8 44.2 40.2 36 36 39.1 42.8 48.1 55.3 57.5 60.9 67 77.2 82.5 86.2 88.8 91.5 94.2 95.6 96.6 97.6 97.3 99 101.6 102.4 102.1 100 96.1 92.2 87.5 78.3 68.8 51.7 37.4 40.3 49.9 57.6 63.7 69.6 77.2 81.6 85.4 88.8 92.7 97.1 100.1 101.4 101.4 101.3 100.8 100.1 98.9 98.2 97.5 98.2 99.7 100.7 100.7
52.6 51.3 50.9 50.6 50.4 50.3 51.3 54 56.2 57.1 56.6 55.9 55.2 54.5 57 59.5 61 61.2 62.1 63.1 65 67.1 66.6 65.8 64.8 62.8 61.1 59 56 52.9 47 41 36.7 35.1 38.7 43.3 54.1 64.2 68.4 72.2 74.2 81.1 85.5 88.3 90.4 92.6 95 96.3 97.3 98.4 98.8 101 102.6 103.7 102.6 100 96.5 92.9 88.8 80.9 71.1 53.8 37.4 37.8 49 57.5 63.9 72.1 75.6 82.5 88.1 91.9 95.5 98.4 100.1 101.7 101.7 101.5 100.9 100.1 98.2 96.4 95.7 96.6 99.3 100.7 100.6
49.5 49.2 49.1 49 48.1 47.6 48.7 51.6 54.7 55.7 55.7 54.3 51.7 51.4 54 56.5 57.7 58 57.7 59.4 61.6 64.7 66.6 65.7 65.4 65.3 62.7 60.3 57.6 54.1 49.8 42.7 36.5 33.9 37.7 45.5 59.2 67.5 73 78.3 81.1 84.3 86.6 88.9 90.7 92.8 95.1 96.3 97.4 98.7 99.8 100.8 101.9 102.8 102.2 100.2 96.1 92.2 88.2 83.4 76.1 59.8 38.6 35.8 42.6 49.8 58.7 65.3 74 85.9 90.7 94.1 97.5 100.2 101.6 101.8 102 101.5 101 100.1 98.5 96.1 94 94.2 97.2 99.5 100.3
48.6 49 48.8 47.4 46.6 45.9 46.1 49.3 52.5 54.7 55.3 52.6 49.8 48 50.8 53.2 55 54.6 53.7 56 59.1 62.3 65.3 65.9 65.2 64.2 62.9 60.6 58.2 54.2 48.7 42.3 36 33.5 38.2 47 62.4 70.3 75.9 80.9 85.1 86.6 88.1 88.7 90.5 92.6 94.6 96.1 97.4 98.7 99.9 100.6 101.2 101.5 100.7 99.6 95.6 91.4 87 82.4 77.4 66.8 43 34.4 41.3 55.6 64 70.8 78.3 85.5 92 95.3 98.6 100.9 101.5 101.9 102 101.9 101.1 100.3 98.8 96.8 94.4 92.3 95.8 99.3 100.5
48.7 48.4 49 48 45.6 44.7 43.9 45.2 49.2 52.8 53.8 51.3 48.9 46 47.8 50.1 52.3 51.3 51.4 54.2 56.3 59.7 62.8 63.9 64.8 64.6 62.7 59.4 56.6 51.8 45.9 39.7 35.4 33.4 38.4 50.3 64.3 72 78.3 83.5 86.6 87.1 87 87.8 89.8 92.1 94.1 96 97.5 98.8 99.9 100.6 100.9 100 98.9 96.9 93 87.7 83.9 80.3 74.9 69.3 45.5 34.4 41.3 57.4 70.2 76 81.8 87.1 91 94.8 98.1 100.4 101 101.5 101.6 101.7 101 100.4 98.4 97.5 95.1 90.1 93.7 97.4 99.1
51.4 50.7 50.2 49.4 47.9 45 42.7 42.2 44.9 49.2 51.2 50.7 48.1 45.2 44 46.7 48 47.6 49.1 50.8 53.4 57.2 60.2 62 64.3 64.7 62.1 58.8 54.5 48.3 42.2 37.3 34.1 33.8 40.9 52.1 65.2 73.7 80.3 84.2 86.2 86.5 85.7 86.2 88.6 91.4 93.6 95.5 97.3 98.8 100 100.5 99.7 98.7 96.7 94.6 88.7 82.9 78.7 73.5 67.9 65.5 52.6 33.5 41.2 60.8 71.5 76.2 80.8 85.5 89.8 93.7 97.4 99.7 100.6 101 101.2 101.3 100.7 99.4 97.8 96 93.2 88.3 91.4 94.8 97
54.3 54.3 53.6 52 50.4 48.7 45 41.4 42.4 43 44.7 45.3 44.1 43 42.1 42 42.9 43.8 45.7 47.3 50.4 54.3 57.7 60.3 62.9 63.9 62.3 57.8 52.7 46.4 40.3 36.1 32.8 36.4 44.6 53.5 66.3 73.7 79.8 82.8 85.3 86 84.9 84.7 87.4 90.2 93 95.1 96.9 98.7 100 99.4 98.4 97.3 95 91.1 85.2 77.8 70.7 61.4 53.4 51.1 47.5 33.5 46 62.9 70 74.7 79.3 83.7 87.9 91.9 95 97.8 100.2 100.5 100.7 100.9 99.6 97.6 95.6 95 91.3 85.4 86.6 90.5 93.2
56.8 57 56.1 54.8 53.2 50.8 47.9 45.2 42.8 41.8 39.4 39.6 40.1 40.2 39.5 38.9 39.4 40.3 42.1 44 47.4 51.3 53.9 56.7 61.1 61.6 61 56.6 50.9 44.4 39.9 36.7 32.9 35.6 45.3 52.8 67.8 69.2 77.3 81.7 85.2 85.3 83.4 83.9 86 89.2 92.4 95.3 97.8 99.5 99.8 100.6 98.9 96.2 93 87.3 80.3 72.7 64.6 60.9 59.7 52.3 37.4 36.1 53.8 61.8 68.4 73.2 77.7 81.9 85.5 89.2 92.7 95.7 98.1 98.6 98.9 99.3 98.2 96 93.9 92 87.1 83.6 81.5 84.8 88.4
59.4 59.7 58.4 57.1 55.8 53.4 50.7 49.4 48 46.4 43.9 41.3 39.6 38 37.4 37.7 37.5 38.5 40.2 41.9 44.4 46.7 49.9 54.9 59.3 60.6 59.8 58 53.3 47.7 43.5 39.8 34.1 33.3 41.9 54.2 64.5 72.1 74.2 81.4 84.7 85.8 83.2 83.3 85.7 89.1 92.5 95.5 98.5 100.3 101.1 101 99.7 95.9 91.2 85.7 77.9 72.1 69.9 69.7 67.9 55.9 36.3 42.4 53.4 60.6 66.2 71.1 76.3 80.1 82.3 86.7 90.7 93.4 96.3 96.8 97.3 97.5 96.8 94.8 92.8 88.9 84.6 82 79.4 78.3 83.7
62.8 62.1 60.8 59.6 58.4 55.9 53.3 52.7 51.2 49.4 46.5 44.1 43.2 40.7 37.8 37 36.5 36.2 37.4 38.2 39.6 42.2 46 51.1 56.9 60 61.5 60.6 57.8 53.7 51.7 45.7 37.9 31 38.4 52 63.5 70.8 73 81.8 83.9 83.3 81 81.9 85 88.9 93.1 96.7 99.9 101.2 101 101 98.8 95.1 89.2 83.9 78.6 75.7 76.2 75.5 70.3 59.8 36.6 37.5 47 52.3 60.9 67.1 72.6 77.2 80 85 88.9 92.1 94.5 95.8 95.9 95.6 94.9 93.7 93.1 89.7 85.9 82.5 78.8 75 78.9
64.7 64.5 63.3 62.1 60.9 58.4 56.7 55.2 52.9 50.7 48.3 47.4 45.9 43.4 41 39.4 37.9 35.8 34.3 33.9 35.3 37.6 41.3 46.5 52.8 57.6 60.7 61.5 62.7 59.8 56.1 51.3 43.4 32.3 35.2 47.8 60.5 70.8 77.2 81.6 82.9 81.7 78.9 80.6 85 89.9 94.4 98.8 100.9 101.4 101.3 100.7 98 93.4 87.1 81 78.3 77.5 77.3 75.7 69.9 61.7 39.3 33.7 38.7 55.1 65 70.8 76.6 81.2 84.5 86.2 88.3 91.1 92.5 93.7 94.6 94.7 94 93 92.9 91 88.2 86.1 82.9 78 73.3
67.5 66.9 65.9 64.6 63.4 61.4 59.8 57.3 54.9 52.5 50.9 50.7 48.6 46.4 44.2 42.4 41 38.6 36.1 35.3 33.2 33.1 35.8 41.4 47.6 52.5 57.6 62 64.6 65 60.2 52.6 44.1 33.5 36.3 47.9 60.6 71.6 77.4 82.1 83.9 81.1 77.6 80.5 86.4 91.3 95.5 99.5 100.9 101.1 101.2 100.6 97.4 92.9 85.4 78.5 73.2 73.6 74.9 72.6 67.9 61.8 43.8 32.4 40.7 58.8 69.9 75.7 81.3 84.6 86.4 86.1 87.4 88.9 90.1 91.1 92.4 92.8 92.1 91.9 92.3 91.3 91 90.3 87.8 83.4 76.4
70.2 69.4 68.4 67.2 66 64.3 62.2 59.6 57 55.6 54.3 53.8 52.3 49.6 47.4 45.5 43.9 41.3 38.5 36.9 35.1 33.7 32.1 37.2 42.8 49 55 59.5 65 65.5 59.1 46.1 34.9 29.6 38.2 49.7 61.8 71.8 77.6 82.5 84.5 81.3 75.1 81.5 88.4 93.6 97.4 100.2 100.1 100.5 100.4 99.4 96.5 92.4 85.5 79.4 72 66.6 67.2 65.5 62 58.3 50.8 30.8 39.9 57.2 71.3 77.9 82.7 85.8 86.1 85.6 85.3 86.5 87.8 88.7 89.3 90.4 90.6 90.5 90.9 90.9 91.1 91.1 89.9 86.4 80.9
72.6 71.8 71 69.8 68.4 66.8 64.8 62.1 60.5 59.2 58 56.8 56 54.3 51.3 48.6 45.9 43.1 40.8 39.1 37.3 35.7 33 31.3 39.2 45.6 53.2 59.5 65.1 62.7 51.7 34.6 29 34.6 46.2 57.9 65.9 72.6 77.7 80.7 81.7 77.2 76.3 85.4 91.6 95.8 98.9 100 99.8 99.9 99.2 98.2 95.8 92 87.2 81.2 72 62.7 59.2 57.4 56.3 53 46.8 29.4 38.4 57.7 70.7 78.3 83.2 84.5 83.9 82.5 83.1 84.1 85.6 85.3 84.7 86.5 86.6 87.7 90.4 91 91.1 91.3 89.9 87.7 85
75.6 74.6 73.7 72.2 70.8 69.2 67.3 65.6 64.1 63.1 63.2 61.9 60.3 58.7 56.2 52.1 47.7 44.9 43.2 41.4 39.4 38.5 35.9 32.4 35.3 42.8 52.8 59.6 64.2 60.9 48.9 29.8 30.2 46.7 60 64.7 70.3 73.9 78.6 78.5 76.5 72.1 80.6 89.5 94.3 97.7 99.3 99.6 99.7 98.8 97.9 96.8 95.3 91.4 86.6 81.1 71.1 58.5 48.3 49.5 49.2 39.2 28.8 30.1 41.1 61.6 73 79.9 82.5 81.4 79 77.1 78.4 80.1 82 81.8 80.8 82.3 83.4 88.3 89.7 90.3 91.1 91.6 90.8 89.2 86.7
78.4 77.8 77 75.2 73.6 72.1 71 69.4 68.5 69.2 68.7 67.1 65.2 61.4 58.4 54 49.9 47.6 45.5 43.6 41.8 41.2 38.9 34.8 32.3 41.3 52.2 60.9 65.8 60.7 49.5 29.8 33.5 51.1 64.5 69.1 73.2 76.9 79.6 76.9 70.3 75.7 85.9 91.5 95.7 97.3 98.7 99.1 98.5 96.6 94.7 94.2 92.6 89.6 84.8 79.3 72.1 57.3 44.6 38 31.9 28.8 30.3 37.3 50.9 67 74.9 79.8 79.5 77.1 72.9 71.9 72.8 75.4 76.5 77.3 78.2 80.5 85.4 89.7 91 91.5 91.7 92.2 91.5 89.9 87.4
82.9 82.4 81.1 79.7 77.6 76.1 75.5 75.3 75.3 75.6 73.5 71.7 69.3 65.4 60 53.7 53.3 52.6 52.2 49.1 46.8 46.4 45.1 40.5 34.4 38.2 52 60.9 65.4 60 47.8 29.2 34.3 53.7 65.2 71.8 76 79.9 81.6 75.3 65.1 79.2 87.8 92.5 94.8 96.1 97.4 97.7 96.1 92.8 91.3 91 89.2 86.1 82.1 77.6 69.6 56.6 39.8 31.3 28.9 32 39.6 49.1 58.7 66.6 70.7 73.8 73.9 70.9 67 65.9 67.6 69.1 72.3 74.3 78 82.5 87 90.1 91.4 92.5 92.8 92.2 91.4 89.2 85.8
85.3 85.5 86 84.6 82.9 81.4 80.7 81.3 81.7 79.9 77.7 75.8 73 68.9 61.4 59.7 62.3 63.8 64.8 65.1 63.5 60.6 56.5 48.8 39 29.4 44 53.9 57.5 54.8 42.3 28.2 33.8 53.3 63.8 70.2 76.4 80.3 82.1 76.4 62 72.3 83.3 90 92.3 93.9 95.1 96.2 92.6 87.1 85.8 85.5 85.6 82.7 79.1 74.1 64.6 50.9 35.1 27.7 27.9 32.4 38 45.4 51.2 60 64.1 64.9 64 60.3 60.4 63.9 66 71.4 75.3 77.8 79.6 83.8 87.9 90.6 91.5 92.5 93.4 91.8 90.5 86.5 83.1
87.4 89 90.9 90.7 89.1 88.4 87.5 86.5 85.5 83.9 81.9 79.9 76.5 71.7 63.6 66.2 69.9 72.6 74.2 73.1 70.3 66.3 60.5 52.8 42 31.7 35.8 44.4 45.5 41.8 33 27.8 35.9 51.3 61.4 68.5 75.4 79.6 81.7 76.4 59.5 64.1 77.7 85.2 89.7 91.4 92.4 92 88.2 81.8 78.8 77.3 78 78.3 75.3 70.2 59.6 47.8 32.8 27.6 28.3 31.9 35.1 40.5 44.6 50.2 54.4 58.9 63.5 64.1 64.4 65.3 67.4 73.6 77.9 81.5 82.7 84.4 89.3 91.6 92.5 93.3 93.7 91.9 89.7 84.1 79.4
86.1 88.4 89.8 90.4 91 91 90.9 90.2 89 87.6 85.7 83 79.1 72.7 67.6 72.5 76.5 77.5 78.5 75.9 69.6 63 55.7 44.3 39.1 35.5 32.2 31.9 30.7 28.3 27.2 27.1 36.6 48.5 57.5 64.9 71.8 76.5 78.2 75.2 64.2 54.9 72.9 82.4 86.7 88.6 89.6 88.5 84.9 79.1 73.9 70.9 68.7 70.6 70.8 66.6 57.1 46.4 34.8 27.5 28.7 32.9 39.3 47.7 60.3 66.5 69.5 72 72.8 70.7 68.6 68.5 70.3 74.9 78.1 83.2 86.9 88.9 92 92.7 94.1 94 93.6 92.3 89.5 88 87.2
82.9 85.3 87.8 89.8 90.5 90.8 91.7 91.6 90.9 90.6 87.7 84.1 80.3 74.2 73.8 78.3 80.5 81.5 82.2 79.7 72.5 62.7 50.9 51.3 52 42.7 34.1 31.1 30.1 29.9 29.4 28.2 30 39.6 50.5 60.9 66.9 70 72.4 70 59.1 51 69.6 79.2 84.2 86 86.7 84.6 81.5 76 70.5 62.7 55.8 58.7 62.6 62.5 57.9 47.5 37.7 31.2 28.5 32.5 39 52.8 67.8 76 81.7 82.3 80.3 77 74.3 76.2 78.8 81.2 83.7 88.3 90.6 92.3 93.6 95 95.8 95.4 94.7 92.8 92.3 92.9 93.1
77.5 80.4 83.4 85.9 89.1 89.2 90.4 90.9 90.7 89.9 88.4 84.8 80.8 78.1 78.6 81.3 83.8 85.3 85.3 83.1 77.3 66.7 53.1 64 56.5 46.7 38.2 36.8 36.7 37.3 36.4 34.8 26.9 30.7 42.3 53.3 58.3 61.1 62.3 61.6 48.6 53 67.5 76 82.3 83.9 83.9 82.2 78.5 73.8 68.5 60.7 52.3 47.7 51.6 59.3 59.8 55.3 51.6 37.2 27.5 29.9 39 52.5 72.5 81.4 86.9 88.7 87.4 85.1 84.4 86.3 88.2 88.6 90.6 92.1 93.9 95.1 96.3 97.7 97.8 97.6 97.3 95.9 96.1 96.6 97.9
71.6 75.4 77.5 79.8 82.3 85.1 88.2 89 89.3 88.9 88.3 86.9 83.4 81.7 82.8 84.8 87.1 89.5 88.5 84.9 81 70.9 56 68.8 65.2 56.4 50.4 47.8 46.9 47.3 47.6 48.5 36.5 24.8 31.9 40.8 45.5 47.9 50.8 52.1 41.3 51.8 63.5 72.5 79.5 81.7 81.6 79.4 76 71.6 67.2 61.5 52.1 42.7 40.2 50.3 52.8 49.3 42.2 33 27.1 30.2 39.4 58.1 74 83.2 88.1 92 92.7 91.1 91 91.6 91.9 93.9 96 96.5 97.3 98.2 99 99.7 99.7 99.6 99.4 99.9 100.1 100.4 100.5
65.9 70 71.8 73.1 75.7 78.6 81.3 84.3 87.8 87.9 87.9 86.8 86.4 85 86.3 87.3 89.5 90.7 89.5 86.7 81 70.1 60.7 72.8 75.3 71.8 68.7 64.6 62.1 61.1 58.2 54.7 46.9 31.8 25.6 27.9 33.6 38.8 42.9 42.3 38.8 49.8 60.5 69.9 76.4 78.9 78 75.7 72.5 69 65.1 60.7 54.6 48.9 35.4 34.4 32.7 28 24.6 25.9 29.8 35.8 45.5 57.7 71.7 84.3 89.6 94.2 96 94.5 94.5 95.7 95.7 97 99 100.6 99.9 101.1 101.4 101.5 102 102.2 102.4 102.4 101.8 101.1 100.8
