public/OST50/SW86.asc
ncols 200
nrows 200
xllcorner 180000
yllcorner 60000
cellsize 50
[rows 41 to 81 of 200, columns 92 to 183 of 200]
1.1 2.6 40 49.9 57.7 64.5 67.6 67.1 66.4 59.1 55.9 65.6 72.3 76.6 81 83.3 85.8 87.3 88.6 89.2 90.2 89.7 88.8 87.6 86.7 86.3 85.5 85.3 86.6 87.7 88.2 88.7 89 89.3 89.7 90.1 90.5 91.6 92 93.3 93.4 93 92.8 92.6 91.4 91.2 91.5 90.9 89.7 89.9 90.4 90.4 89.3 88.2 88.6 90.2 92 93.3 94.2 95.6 96.6 97.8 98.5 98.7 99.4 99.9 100.7 101.3 101.5 101.8 102.1 102.5 102.9 103.2 103.6 104.1 104.4 104.8 105 106.3 108.6 111.1 112.6 114.5 115.7 117.2 118.8 120.3 121.7 123.4 125.1 126.7
0.9 1.9 2.6 5.8 47.8 54.3 56.6 57.4 44.3 44.9 54.3 64.7 70.8 76.2 80 82.7 85 86.4 87.6 88.4 89.3 88.6 87.7 86.3 84.2 82.7 82.5 83.4 85.7 87.2 87.9 89.4 89.2 89.6 90.5 90.5 90.9 91.4 92.5 92.4 92.7 93.2 93 92.8 91.8 91.8 91.5 91.2 88.9 88.4 88.2 88.2 85.4 86 88.5 90.3 92.4 93 94.2 95.4 95.9 96.6 97.2 98.4 99.1 99.5 99.7 100.8 101 101.3 101.7 102.1 102.7 103.1 102.9 102.7 103 102 102.6 105.6 108.3 109.9 111.7 113.5 115.9 116.4 118 119.8 120.9 122.6 124.3 126.1
0.1 0.9 1.7 2.5 31 45.3 44.5 38.3 35.9 38.6 50.3 68.2 73.7 77.5 80.2 82.7 84 85.9 87.3 88.1 88.4 87.8 86 83.9 81.2 79 79.7 82.7 85.7 86.5 87.1 88.6 89.1 90 90.2 90.6 91.5 91.7 92.2 92.8 93.3 93.2 92.8 92.2 92.2 92 91.7 90.5 88.9 86.6 85.5 85 83.2 86.3 89.2 90.8 92 92.9 93.5 93.8 94.6 95.6 96.3 97.3 98 98.6 98.9 99.4 100.1 100.7 101 101.2 101.7 102.1 101.9 101.5 101.2 99.7 100.4 103.8 106.1 108.3 110.5 112.5 114.2 116.4 118.1 119.3 120.3 121.9 123.6 125.3
0 0.8 1.5 2.1 0.8 36.7 35.8 27.2 27.9 36.7 57.3 68.8 74.7 78.5 81.1 82.6 84.4 85.8 86.5 87.6 88 87.4 84.9 81.3 77.4 75.3 78.1 81.4 84.1 86 86.2 88.8 88.7 89.2 89.9 91.2 91.1 91.8 92.2 92.7 93 93.1 92.9 92.8 92.6 92.2 91.6 90.5 88.6 85.2 82.3 80.3 83.2 87.2 89.5 90.6 91.2 91.7 91.9 92.4 93.2 94.3 95.3 96.1 96.9 97.9 98.3 98.6 99.2 99.6 99.6 100 100.3 100.6 100.8 100.5 99 97.1 97.8 100 103.1 106.2 109 111.1 113.2 115.1 116.5 117.7 119.1 121.4 123.2 124.5
-0.2 0.6 1.2 1.7 2.3 21.4 20.4 19.2 27.7 43.6 57.8 65.4 72 77.1 80.1 82.5 84.4 85.7 86.7 87.7 87.9 87.3 83.5 79 74.2 73.5 76.5 79.3 82.6 84.8 86.3 87.7 88.1 88.9 89.7 90.2 91.2 91.5 91.9 92.3 92.7 92.8 92.9 92.8 92.4 92 91.2 90.7 88 84.6 78.9 78.8 83.1 86.6 89.2 90.1 89.7 89.4 89.6 90.4 91.8 93.6 94.7 96 96.4 97.4 98 98.2 98 98.1 98.2 98.6 98.5 99.2 99.5 98.6 95.2 92.9 94.5 96.2 99.4 102.5 106.3 108.5 110.8 112.6 114.4 115.7 118.2 120.5 121.9 124.2
-0.4 0.2 0.7 1.3 2 2.6 13.6 25.3 35.9 46.8 55.9 62.8 69.4 74.2 78.4 81.4 83.9 85.4 86.5 87.7 87.6 86.5 82.9 76.4 71 70.3 74.8 79.1 82.5 84.7 86.4 87.4 87.8 88.5 89.3 90.4 91.1 91.3 91.7 92 92.3 92.4 92.6 92.6 91.9 91.6 90.6 89.5 86.4 82.4 75 77.1 81.7 84.5 87 87.8 87.4 86.8 86.5 88.5 91.2 93 94.4 95.4 96 96.9 97.3 97.1 96.9 96.5 96 95.9 96.2 97.4 97.9 94.9 90.5 90 93.5 96.6 98.5 100.4 102.8 105.1 107.2 109.7 111.6 113.2 115.9 118.5 120.1 123.3
-0.7 -0.2 0.5 1.2 2 2.6 14.6 30.7 39.7 47.7 54.4 59.4 67 70.7 75.5 79.3 81.5 84.6 86 86.8 86.8 86.3 82.3 74.7 66.3 67.7 74 79.1 83 84.7 86 86.1 86.5 87.3 87.9 89.4 90.2 90.9 91.3 91.5 92.5 92.2 92.3 92.5 91.4 91.1 89.7 87.9 84.2 77 71.4 76.4 78.8 82.1 84.8 85.3 84.3 84 84.7 88.8 91.7 92.5 93.7 94.1 95 95.8 96.1 95.9 95.5 94.3 93 93.2 93.7 95.4 96.9 92.7 87.4 93.6 95.9 98.2 101.6 104.2 105.2 106 107.2 109.9 110.5 112.6 114.2 115.9 118.2 120.8
-1.1 -0.3 0.4 1.2 1.9 2.2 3.9 30.5 35 45.8 51.6 57.3 62.7 67.1 71.1 75.2 79.6 82.8 84.5 85 85.6 85.3 81.3 73.5 62.5 65.5 72.1 78.1 83.1 84.3 84.6 84.1 85.8 84.3 85.1 86.8 88.4 89.7 90.6 91.3 91.6 91.9 92.5 92 90.9 89.8 89.4 86.7 80.2 67.4 70.2 74.7 76.6 79.2 83.1 81.8 81 80.7 83.5 88.4 91.6 92.8 92.9 93.4 93.7 93.9 94.6 94.2 92.8 90.9 89 89.2 91.1 93.8 95.8 89.7 87.3 94.4 96.9 99.5 102.2 105.4 106.8 108.4 110.2 111.5 113.1 113.8 115.7 117.4 119.4 121.7
-1.2 -0.4 0.4 1.3 2.1 1.7 2.7 25.3 32.6 42.2 48.6 54.4 59.8 63.8 66.8 71.2 76.2 79.6 82 83 83.7 83.5 80.4 72.9 56.3 64.3 70.7 77.6 82 83.1 81.9 80.7 79.2 78.4 80.6 83.6 86.4 88.9 90.2 91 91.8 92 92.4 91.1 89.8 88.7 87.7 84.8 75.1 64.3 69.5 72.8 75.3 77.8 80.4 79.9 78.8 78.7 82.8 87.4 91.2 92.7 92.7 92.8 93 92.8 92.6 91.8 89.3 87.3 85.2 85.5 88.5 91.2 93.7 88.8 86 93.8 96.4 99.8 102.3 104.8 106.9 108.9 110.6 112.1 113.7 115.4 116.8 118.6 120.6 124.2
-1.8 -1 -0.1 0.8 1.8 1.2 3.3 17.9 26.8 36.4 44.1 49.1 55.4 60.3 64.1 67.3 71.9 75.1 78.5 81 82.2 81.5 77.5 69.9 52 56.3 67.2 73.5 78.3 77.3 74.8 72.3 71.2 74.3 79.4 82.8 85.6 88.4 90.1 90.9 91.6 91.8 92 90.5 89.3 87.9 86.4 83.2 72.3 61.5 67.1 70.7 73.8 75.9 78.2 77.5 75.8 77 82.2 86.6 90.6 92.1 92.6 92.7 92.4 91.8 90.7 88.6 86.3 83.3 81.5 82.1 85.4 88.7 90.9 86.6 83.8 92.5 95.7 98.6 100.8 103.6 105.8 107.8 110.3 112.3 114.2 116.1 117.8 119.7 122.9 124.6
-2 -2 -2 -2 1.3 0.7 3.3 8.7 20.3 29.8 37.7 45.3 49.3 52.6 59.6 61.9 65.9 68.6 73 77.6 79.4 78.4 75.6 65.5 48.1 45.7 62.7 67.9 69.6 66.1 63.8 63.3 65.1 72.3 79.4 80.4 86 88.1 89.4 91.1 91.3 91.1 90.3 88.8 87.2 86.5 84.8 81.5 70.7 57.9 63.6 68.5 71.5 72 75.4 73.2 72.2 75.5 80.5 84.8 87.9 90.1 91.6 91.7 91.2 90 88.3 86.4 84.5 81.5 78.4 78.7 81.7 84.6 87.1 82.3 82.4 91 94.1 96.8 98.8 101 103.5 106.4 109.4 112 113.7 116.4 118.9 121.2 123.7 126
1.4 -2 -2 -2 -2 -2 3.6 11.1 18.7 26.4 34.8 38.1 43.3 47.6 52 54.1 57.8 59.1 65.1 71.6 72.8 71.5 68.5 56 44 36.1 53 60.2 57.4 54.2 53.1 55.3 63.4 70.1 77.5 82.5 85.4 87.6 89 90.4 90.7 89.4 88.5 87.2 85.6 83.9 82 78.6 71.1 55.1 57.2 64.8 68.6 69.3 69.5 68.4 69.5 73.9 79.7 83.1 85.3 88.2 89.9 90.3 89.4 87.8 86.1 84.4 81.8 78.5 75.3 76.2 79.4 82.1 83 76.8 79.2 86 87.9 91.6 94.2 97.9 101.3 104.7 108.2 111.4 114.1 116.6 119.8 122.2 124.8 127.4
47.5 40.3 22.2 2.5 -2 -2 3.7 10.3 13.5 18.6 24.9 30.6 35.7 40.2 42 44.2 48.7 52 59.4 64.2 65.4 63.9 56.7 43.4 31.7 31.6 49.7 54.7 50.6 47.5 48.2 52.2 63.2 69.3 77.1 81.9 84.7 87.1 88.6 89.7 88.7 87.2 85 84.1 81.9 78.7 77.9 75.5 68.7 57.2 46.9 60.2 65.3 66.5 64.8 64.1 66.3 72.2 77.8 81.3 83.6 85.7 86.8 87.2 86.6 85.3 84.3 82.4 78.7 74.9 71.6 73 77.6 79 76.6 73.5 76.4 79.4 82.3 87.9 92.2 96 99.9 103.9 107.8 111.3 113.9 116.6 120.1 123.1 125.8 128.3
53.9 46.8 35.8 17.1 -2 -2 4.3 9.4 9.3 11.7 19.6 26.2 27.5 29.4 30.1 33.1 36.3 41.6 49.2 53.6 54.7 50 38.8 28.5 26.3 40.2 49 45.8 44.6 41.4 44.9 51.7 61.9 69.7 75.8 80.2 82.8 84.8 86.2 87 86.4 84.2 82.1 80.1 78.1 73.2 72.2 69.7 63.5 51.6 46.9 56.9 61.7 63.2 61.2 60 65.3 70.6 75.8 79.3 81.2 82.6 83.5 84 83.3 82.3 81.2 78.6 74.8 71.2 66.4 69.4 73.6 72.1 69.3 72 75.1 80.2 85.8 90.9 94.6 97.5 100.7 104.3 107.8 111.3 113.9 117 120.8 123.7 126.4 129
59.2 53.1 44 28.2 12.4 3.6 4.1 8.1 6.7 7.2 10.1 13.4 17.3 20.5 20.5 22.2 23 27 32.7 34.9 36 35.9 30.2 20.3 27.3 36.1 40.1 40.8 37.2 35.9 42.3 50.2 59 67.2 71.3 75.1 79.2 81.9 83.5 84.5 83.7 81.5 78.4 75.2 72.3 69 64.5 60.4 54 43.4 44.9 54 57.4 57.6 55.4 55.5 64.4 70.8 73.7 77.5 79.4 80.4 80.6 80.1 78.5 77.2 76.7 72.8 67.4 64.6 62.5 63.9 63.2 65 68.3 72.3 78.1 83.6 88.7 93.3 96.8 99.7 102.3 104.8 108.5 111.1 115.2 117.7 120.9 124 126.8 129.5
62.5 57.7 50.9 42.3 25.2 9.1 3.4 5.4 5.2 5.6 6.1 6.5 7.1 8.5 10.1 12.9 12.7 12.4 15.5 14.7 18.2 18.1 17.2 13.5 21 26 31.3 30.1 27.2 32.4 37.2 44.9 53 59.5 63.4 67.6 72.4 76.9 79.2 80.6 80.1 78.1 73.3 67.9 64.8 62.2 58.6 53.2 46.6 37.7 42.2 49.2 51.2 52.6 50.5 52 62.1 67 70 75 77 77.4 76.5 75.8 74.5 70.9 69.1 62.1 58.6 56.8 59.1 60.1 63.2 67.4 74.8 78.8 83.9 88.2 92 95.1 98.4 101 103.6 106.3 109.1 111.5 114.1 117.6 121.5 124.6 127.2 129.9
66 62 56.3 49.6 41.2 21.1 6.6 5 4.6 4.8 6 6.9 7.1 6.7 6.5 7.2 7 8.5 8.4 8.7 7.7 7.1 7.9 8.1 11.6 16.1 20.7 24.2 25.8 25.9 30.1 36.7 43.2 48.6 52.6 56.8 63.3 68.7 72.8 73.4 73 72.4 68.6 63.5 54.7 54.2 51.2 46.1 39.4 34.5 37.4 42.9 45.4 45.7 45.9 50.1 59.5 64.5 67.3 71.4 73.5 73.7 72.8 70.9 67.5 54.6 52.5 53.8 54.9 56.5 59.4 64.8 70.1 76.4 80.6 83.8 87.6 91 94 96.9 99.7 102.3 104.7 107.3 109.7 112 115.2 117.8 121.5 125.5 127.8 130.1
70.3 66 60.9 55.1 47.7 37.3 24.4 9.7 4.4 4.3 5 5.3 4.8 4.7 5.3 5 5.7 5.2 6.3 6.5 6.7 6.9 6 6 7 7.8 11.8 14 18.2 19.1 23.2 25.4 29.6 34.2 38.7 44.2 52.2 57.5 58 56 53.3 53.5 56.1 55.7 48.1 44.8 43.4 37.7 32.5 30 33.6 38.6 38.3 39.3 41.2 51.1 57.4 61.5 65 67.5 69.2 69.8 68.4 64.9 56.4 47.1 54.8 58.2 61.9 67.6 72.3 75.2 77.4 80.6 83.7 87.1 90.3 93 95.8 98.1 100.5 102.7 105 107.7 110.2 112.9 115.5 118.9 121.9 125.2 128 130
73.7 69.6 64.7 58.4 51.8 42.4 28.9 19.6 9.2 4.4 4.5 4.7 5.4 6.6 7.3 7.5 6.3 8.4 11 13.5 15.4 15 13 7.1 6.5 6 7.9 9.3 11.2 13.5 16.4 17.1 18.6 20.3 22.7 28.2 33 36.4 37 33.6 30.3 31.6 35.2 37.4 35.8 36.2 36.9 31.9 27.3 29.7 32.9 33.2 34.6 37 41.5 49.9 54.6 58.3 59.8 63.5 65.1 66.1 64.6 59.7 50.5 48.5 56.1 63.8 71.3 74.5 76.8 79.5 81.1 83.5 86.3 89.1 92.1 94.4 97.2 98.7 100.4 102.5 104.6 107.5 110 112.3 115.4 118.2 121.6 124.8 127.3 129.6
75.2 72.2 67.2 60.7 54.4 46.6 37.6 27.9 15.5 7.6 4.6 4.4 4.8 4.6 5.8 9.3 13.9 19 21.4 24.1 25.4 25.5 24 18.7 11.2 7.1 6.8 6.4 7.7 8.1 11.4 11.4 11.2 12.5 13.2 16.5 15.4 15.8 17.1 15.2 14.2 17.4 19.7 22.3 24 28.6 30.6 27.5 23.3 26.9 30.5 28.6 33.2 36.2 40.6 46.5 49.5 53.2 56.9 57.6 61.5 62.9 61.4 55.6 43.5 46.2 58.6 67.8 72.8 76.5 78.6 81 83.3 85.4 87.3 90.2 92.6 95.1 96.9 98.4 100 101.7 104.1 106.7 109 111.3 114.1 117.3 120.8 123.8 126.4 128.4
76.1 73.6 69.5 63.3 56.9 50.6 44.7 38.1 25.3 15.6 7.8 4.6 4.4 4.8 5 7.2 11 16.7 21.1 25.3 28.4 30.9 30.9 29.9 27 19.3 12.3 7.3 7.7 7.6 8 8.7 9.8 10.4 11.6 11.6 12 12.6 12.3 13.7 14.2 13.6 14.7 14.3 14.7 17 16.7 18.3 20.3 21.6 23.8 26.4 31.5 34 37.2 40.4 44.2 47.8 49 51.8 56.9 60.8 60.1 52.2 42.4 46.9 61.4 67.9 72.3 76.7 80 82.2 84.5 86.2 88.3 90.6 92.7 94.9 96.5 97.4 98.9 100.4 102 105.2 107.3 109.9 112.5 116.3 119.5 122.4 124.8 126.8
76.9 74.7 70.6 66.3 60.7 55.3 49.3 43.4 37 30.5 21.2 4.6 4.8 4.5 4.6 5.1 7.2 12.2 17.9 22.4 25.7 31 34.8 35.4 35.1 31 24.6 17.5 12.2 9.9 9.2 11.2 10.9 11.6 11.7 11.7 12.6 14.1 16.3 16.9 22.8 23.5 20.7 19.5 18.6 20.3 17.8 17.3 18.5 19.2 20.9 21.8 25.8 27.9 31.1 34 36.5 39.2 41.6 45.6 53.4 55.5 53.5 40.8 39.3 48.9 61.1 67.2 71.7 75.6 78.5 81.1 83.1 85.2 87.9 89.8 91.8 93.5 95 95.9 97.2 98.6 100.5 102.8 105.1 107.9 111.3 114.8 118.3 121 123.6 125.2
77.6 75.6 72.2 69.2 64.7 60.1 54.6 49.4 45.4 40.5 32 16.1 5 4.7 5 5.2 4.9 9.2 14.6 18 22.3 27.1 32.6 35.5 36.6 35.3 29.4 25.1 22.4 19.1 17.2 16.3 17.2 16.8 18.9 18.7 19.7 21.7 25.3 30.9 37.9 42.1 40.4 39.5 35.9 31.6 28.4 26.1 20.1 18.6 19.3 20.5 20.7 22.8 24.4 27.9 30.4 31.9 35 38.1 45.4 47.7 46.6 33 41.5 53.8 60.3 64 69.4 73.4 76.8 78.8 81.3 84.4 86.9 88.7 89.7 91.2 92.9 94.1 94.8 96.9 98.7 100.8 102.8 106.2 109.4 112.7 115.9 118.9 121.7 122.6
77.2 76.3 73.8 71.7 68.6 64.1 59.5 56.4 51 47 39.6 31.3 11.2 5.1 4.9 5.1 5.3 6.4 10 13.1 17 21.5 26.8 30.4 31.3 31.1 28.8 24 21.7 21 20.2 19.6 20.5 21.8 25.1 25 26.6 29.9 33.8 40 46.2 50.4 52 52.9 51 49.3 45.5 48.8 40.8 26.2 19.2 20.5 20.5 21.5 21.8 23 25.9 28.1 30.3 32.5 36.2 38.7 36.5 34.4 43.5 49.5 54.9 59.5 64 67.9 72.2 76.6 79.7 83.9 86.2 87.1 87.7 88.5 89.7 90.9 92 94.2 95.6 97.5 100.4 104.1 107.1 109.8 112.9 115.3 118.2 119
76.6 76 74.8 73.1 71.2 67.1 65.1 62.1 58.5 52.9 45.4 36.9 24.5 9.9 4.9 5 5.4 5.7 5.6 7.6 10.6 14 17.7 21 21.3 20.6 18.1 15.2 13.7 13.7 14.9 16.4 18 20.8 23.6 26.8 29.4 33.6 39.2 43.5 47.5 52 55 56.7 57 56.7 56 55.4 55.2 50.8 38.7 25.9 22.8 21.3 22.3 22.3 22.4 24 26.4 28.3 29.2 30 30.4 34.3 39.4 44.3 49.2 54.2 57.4 62.2 67.4 72 77.8 81.7 84.2 84.5 85 85.3 86.8 87.9 89.5 90.7 92.6 93.9 97.1 101 103.9 106 107.1 108.6 112.1 113.9
75.1 74.9 74.3 73.5 72.1 70.2 69.8 67.4 62.3 56.9 50.8 43.7 37.2 23.5 9.7 6.4 5.7 4.7 5.1 5.5 5.5 7 8.2 9.4 9 8.8 8.1 7.4 6.9 6.5 7.2 9.3 11.6 14.1 17.2 19.4 22.9 26.9 32.6 39 45.1 50 53.8 55.5 57.1 57.8 58.8 60.1 60.9 60 59.1 57.1 43.1 30.2 25.1 22.8 22.9 24.1 24 24.6 25.2 27.6 29.2 31.8 34.7 38.5 42.8 48.8 53.5 58.7 63.7 67.5 72.5 76.1 78.3 80.2 81.4 82.8 83.9 85.4 87.4 87.7 88.1 88.3 92 94.8 95.5 96.9 99.3 101.4 104.9 106.8
72.4 73.3 74.3 73.5 72.5 73.1 72.9 70.2 66.8 60.9 55.2 50.9 46.3 35.4 21.5 8.6 6.9 6.5 5.2 5.4 5.8 6 5.7 5.8 5.8 6.1 6 6.6 7.2 7.5 7.3 7.3 8.5 9.4 9.2 9.5 10.4 12.8 18.4 27.4 37.6 45.4 50 51.4 53.5 55.8 57.5 60 62.7 65 65.8 64.8 61.8 55.2 41.2 30.9 30.6 29.7 27.1 26.1 26.3 27.7 28.6 30.4 32.1 34.9 39.7 45 51.2 56.1 60.2 64.8 68.6 71 72.9 73.9 75.3 77.7 79.8 82.8 82.2 80.2 80.4 81.8 86.4 88.7 89.4 91.7 94.7 97.1 98.6 99.4
67.8 71.8 72.8 73.1 73.3 73.7 73.6 72.1 69.3 65.4 61 56.9 52.3 43.6 25.4 12.8 13.4 10.4 9 8.1 7.4 7.7 6.3 6.4 6.5 6.7 7.1 7.3 7 7.2 7.4 7.4 8 8.2 8.5 8.5 9.1 9.2 9.4 12.8 21.4 31.6 39.2 44.4 48.6 52.3 55.4 58.4 61.2 64.4 67.8 68 66 62.7 58.2 53.2 45.2 40 36.9 34.9 31.9 29.7 29.1 28.5 30.3 32.9 36.8 41 46.8 52 54.2 57.3 60.5 63.7 66.7 68.3 70.2 71 73 74.6 75.5 73.7 73.3 75.6 80.2 84.2 85.9 87.3 89.8 91.1 93.2 94.1
61.2 64.7 67.8 71 73.4 74.1 74.2 74.4 72.9 69.1 65.8 61.5 58.1 47.6 30.7 19.8 34.5 28.9 19 14.1 12.1 11 10.4 9.8 9.7 9.9 9.5 8.4 7.5 7.4 9.2 10 8.2 7.5 9.2 8.4 9.3 9.5 9.8 9.7 9.2 13 25.1 33.7 41.8 47.8 51.3 54.1 56.9 60.5 64.5 66.2 67.3 66.9 64.8 63.8 60.1 56.8 54.7 52.3 46.2 40.7 33.9 30.9 29 30.8 32.9 36.5 39.7 44.3 49.8 53.2 56.3 59.5 61.2 61.9 62.1 64.4 66.2 68.8 68.8 69.1 69.3 71.1 74.2 77.7 80.5 82.2 83.5 86.5 89.5 94.3
53 58.7 64.5 69.2 72.8 74.7 75.1 75.6 74.7 73.2 69.6 65.8 63.4 51.7 36 34 59 55.7 43.8 34.5 28.4 21.5 18.2 15.1 13.6 13.8 13.7 12.1 10 8.2 10.1 10.7 9.9 9.7 8.8 9.8 10.1 10.7 11 13.8 11.9 10 10.1 21.5 32.5 41.2 45.9 49 51.1 56.1 60.1 62.3 64.2 64.5 66.9 66.6 65.6 63.8 61.4 59.2 56.1 51.4 44.6 36.9 32.2 29.7 30.9 32.9 35.6 40 44.9 49 51.9 54.3 55.4 57.2 58.1 58.9 61.6 63 63.6 63.9 64.7 66.1 68.2 71.4 74.6 77.7 81.4 85.4 90.2 95.6
52.4 54.7 62.5 68.5 72.8 75.2 75.8 76.2 75.4 74.8 72.2 69.8 67.6 60.1 44.8 43.6 64 67.7 65.7 60.3 53.3 49.2 39.7 29.7 22 17.8 17.1 15.4 13 10.5 10.6 13.2 12.1 12.4 12.3 12.7 13.4 14.2 14.9 18.6 22.3 20.8 11.7 9.9 22.5 32 38.5 43.2 46 50.3 54.4 58.2 60.2 62.1 64.5 66.2 66.2 66.3 64.8 63 61.2 57.4 52.6 47.7 40.5 33.7 31.1 30.7 32.2 34.2 39.1 43.7 47.2 48.8 49.9 51.8 51.8 53.3 55.1 56.2 57.5 59.9 61.4 64.1 67.3 70.2 73.8 78.3 82.7 87.6 96.2 102.8
61.6 58.9 60 65 70.5 74.6 76 76.5 76.6 76.2 74.5 73.2 70.8 66.5 56.4 50.3 65.7 71.1 71.8 68 64.7 61.1 56.9 50.6 40.1 28.5 20.8 18.6 15.9 14.6 15.4 15.4 14.3 13.1 14.5 15 16.3 17.4 18 21.6 26.3 29.5 26.1 10.3 10.3 21.8 29.3 34.9 38.7 42.6 46.5 51.5 55.7 59 61.6 64.4 65.7 66.7 66.5 65.9 63.1 61.7 59.3 56 50.2 42.9 34.4 32.1 30.7 31.4 32.9 37.8 40.6 43.9 45.4 47.3 47.7 48.8 49.9 52.7 54.8 57.6 60.2 63.3 67.2 71.8 77.1 83 89 95.3 100 105
68 66.2 64.2 61.4 65.1 71.3 74.2 76.1 75.9 75.9 76.3 75.5 72.9 70.2 56.8 54.4 66.4 71.4 73.7 72.3 70.2 66.8 63.1 56.2 47.7 34.2 29.8 29.9 24.6 18 17 16.4 17.2 17.2 18.1 17.8 19.8 21.4 22.5 25.9 30.9 34.2 33.8 23 10.7 10.2 18.1 25 29.8 33.7 38.8 45.4 50.9 54.6 58.7 61.6 64 65.3 66.3 67.1 66.1 66.3 63.8 61.6 58.4 53.7 44.3 37.2 34.3 33.2 32.6 34.1 36.5 39.6 41 42.6 44.6 46.1 49.6 51.9 54.5 58.6 61.3 66.3 73 77.2 82.2 87.8 93.2 98.3 102.8 106.4
70.9 71.3 70.2 68.2 66.1 64.9 70.4 74 75.1 75.8 76.3 75.8 73.6 73.8 64.1 57.5 66.9 72.5 75.7 75.9 73.7 70 65.4 55.9 45.6 43.4 45.4 44.9 41.9 31.8 19.5 18.3 22.4 25.2 27 26.3 25 26.2 26.7 30.5 35.1 39 39.8 36.1 23.6 11 10.6 11.5 15.8 21.2 29.3 36.8 43.3 49.2 54 58.4 61.9 62.3 61.4 66.3 68.3 69.8 68.8 67.4 65.3 62.4 59.3 49.3 40.2 36.4 34.7 33.5 34.9 37.2 38.9 40.5 42.3 46.5 51.9 57.4 61.8 65.1 69.4 73.5 78.1 81.3 84.7 89.8 94.6 98.6 102.8 106
72 72.9 73.6 73.2 72.5 68.3 68.1 68.8 70.9 74 75.6 77.7 73.9 73.6 69.4 62.1 69.4 73.7 77.1 77.3 75.7 72.4 67.2 59.4 53.2 51.1 52.2 52.5 50.3 44.7 30.2 21.8 25.9 42.4 43.2 42.4 40.1 36.1 36.1 38.6 41.9 45.9 47.2 44.3 38.6 24.8 11.5 11.3 11.1 12.7 17.2 26.5 34.3 42.9 48.7 53.8 58.1 57.5 59.4 63.6 67.8 71.2 71.4 72 71.4 69.4 67.1 63.7 56 43.9 37.4 35.8 34.3 36.1 37.7 39.5 42.4 47.8 53.5 59 65.6 70.7 75.4 78.3 81.3 83.6 85.4 89 92.2 96.2 100.9 105.1
72.1 73.9 75.3 75.7 74.8 71.3 72.2 71.7 73.6 74.4 76.4 78.7 77.3 76.6 73 66.9 68.8 74.2 77.6 78.4 77.4 74.4 69.3 63.9 59.1 57.6 58.9 61.1 56.6 51.2 42.7 26.5 30.7 50.2 54 54.2 53.5 50.7 49.9 49.1 49.9 53.1 55.1 53.3 49.8 42.1 28.6 15.5 12.2 12 11.9 14.2 23.8 32.4 40.1 44.9 50.4 52.8 55.6 60.1 65.2 70.1 72.9 74.5 75.2 74.2 72.4 69.5 65 59.1 50.2 41.8 37 35.6 37.1 38.6 41.2 45.3 50.8 58.2 64.8 71.2 76 80.1 82.2 83.2 84.6 86 88.6 92.5 96.7 101.8
73.9 75.4 76.5 77.3 76.3 74 76.6 76.9 76.9 75.4 77.7 78.8 79.5 79.5 77 73.5 71.1 76 79.4 80.6 79.9 77.6 73.5 68.9 65.2 64.2 65.8 67.4 64.1 57.2 51.3 32.8 33.6 52.3 60.7 61.2 60.3 59.5 58.6 58.6 59.3 60.8 62 61.9 59.1 53.7 43 31.3 19.7 13.9 12 12.7 12.9 18 26.8 33.9 42.2 43.9 47.8 57 63.1 68.5 72.8 75.7 76.6 76.8 76.1 73.6 70.4 65.4 60.8 52.4 42.9 37.1 36.6 37 39 42.4 47.7 56.6 63.5 69.7 74.6 78.6 82.1 82.6 81.5 81.5 83.9 87.9 92.6 98.8
75.4 76.7 77.9 78.3 77.4 76.5 77.9 79.3 79.9 79.6 79.5 80.1 81 81.7 81.4 79.3 76 79.6 82.2 82.2 81.4 79.6 77.4 73.5 71.3 70.4 71.4 72.7 70.1 64.4 56.1 33.4 38.9 58.1 64 66 65.1 64.5 65 65.8 67.1 68.2 68.7 68.6 66.5 61.4 54.9 43.4 30.8 23.7 19.4 14.3 13.4 13.4 19.6 28.6 35 37.3 45.4 55 60.2 66.9 71.5 75.2 78 78.6 78.2 76.8 74.8 70.8 65.2 59.7 51.5 43.8 38.5 37.8 37.6 39.7 45.5 52.3 59.4 64.3 70.3 75.1 79.3 80.7 78.3 77.4 79.4 84.4 91.1 96.9
77.4 78.9 79.7 79.5 78.6 78.7 80.1 81.5 82.4 82.4 82.2 81.5 82.2 83.3 83.1 83.5 81.9 82.2 83.8 83.6 82.9 80.5 78.7 77.4 76.7 75.4 74.9 72.2 68.3 61.8 48.3 39.1 50 59.9 65.1 67.5 68 68 69.2 70.6 71.7 72.7 73.6 74.2 72.7 68.2 61.9 52.3 40.9 31.9 27.9 20.4 13.7 13 14.3 20.9 24.5 36 43.3 49.3 58.7 64.8 70 73.9 77 78.8 80.5 79.6 77.9 74.7 70.4 64.7 58.8 54.6 49.5 44.8 38.7 38 39.6 44.4 51.3 55.3 62.9 69.3 74.2 77.1 74.6 71.8 75.3 81.5 88.1 95.1
79.2 80.2 81.2 80.9 80.7 81.1 81.9 83.3 84.1 83.8 83.8 83.1 83.9 84.7 85.4 85.3 84.9 84 84.7 84.2 82.9 81 78.6 78.2 77.5 77.2 75.2 72.3 67.2 54.3 41.5 45.4 55.4 59.8 64.3 67.1 70.4 70.8 72.9 73.8 74.9 75.4 75.4 76.4 74.4 71.1 65.6 57.7 50.2 41.9 33.5 25.7 19.4 13.7 14.6 17 23.6 32.5 41.9 52 58.6 64.2 68.8 73.9 77.2 79.8 80.5 81.6 80.4 78.4 74 69.3 65.8 60.8 57.3 51.9 46.4 40.8 39.8 41 42.5 47 51.5 59.2 63.7 68 68.8 65.6 70.3 77 83.5 89.3
81.2 82 82.3 82.4 82 82.5 83.5 85 85.6 85.1 85.6 85 84.7 85.9 86.2 86.1 86.5 85.4 85.5 84.7 82.4 79.7 77.6 76.2 75.2 74.1 73.2 70.9 65.4 54.2 43.1 45.4 54.1 59.1 63.7 67.6 71.9 74 75.5 76.1 76.4 76.3 76.2 74.8 72.8 69.3 63.7 56.9 52.4 46.8 36.7 26.1 26.5 16.1 14.7 15.6 22.1 39.3 47.3 53.5 59.3 65.3 69 73.2 76.7 79.7 80.8 81.6 82.1 80.4 75.9 73.9 70.6 66.1 62.6 57.4 51.4 47.6 43 41.2 41.4 42.6 44.2 47.5 53.2 58 59.7 59.2 62.4 68.8 75.3 81.9
