public/OST50/SW86.asc
ncols 200
nrows 200
xllcorner 180000
yllcorner 60000
cellsize 50
[rows 123 to 163 of 200, columns 0 to 91 of 200]
-2 -2 -2 -2 -2 -2 -2 -2 -2 -2 -2 -2 -2 -2 -2 -2 -2 -2 -2 -2 -2 -2 -2 -2 -2 -2 -2 -2 -2 -2 -2 -2 -2 -2 -2 -2 -2 -2 -2 -2 -2 -2 -2 -2 -2 -2 -2 -2 -2 -2 -2 -2 -2 -2 -2 -2 -2 -2 -2 -2 -2 -2 -2 -2 1.2 20 2.6 2.2 1.9 2.6 65.6 63.7 61.7 57.6 54 49.9 45 37.1 35.2 41.4 44.7 50.1 54.4 58.1 60.7 62 62.9 63.5 63.6 63.1 61.9 65.8
-2 -2 -2 -2 -2 -2 -2 -2 -2 -2 -2 -2 -2 -2 -2 -2 -2 -2 -2 -2 -2 -2 -2 -2 -2 -2 -2 -2 -2 -2 -2 -2 -2 -2 -2 -2 -2 -2 -2 -2 -2 -2 -2 -2 -2 -2 -2 -2 -2 -2 -2 -2 -2 -2 -2 -2 -2 -2 -2 -2 -2 -2 -2 -2 2.6 2.6 46.5 2.6 43.3 66.9 64.3 62 58.5 54.3 50.2 45.4 41.3 32.9 31.7 37.8 44.3 49.5 53.6 56.7 59.1 60.5 60.6 60.6 60.4 58.7 59.2 61.6
-2 -2 -2 -2 -2 -2 -2 -2 -2 -2 -2 -2 -2 -2 -2 -2 -2 -2 -2 -2 -2 -2 -2 -2 -2 -2 -2 -2 -2 -2 -2 -2 -2 -2 -2 -2 -2 -2 -2 -2 -2 -2 -2 -2 -2 -2 -2 -2 -2 -2 -2 -2 -2 -2 -2 -2 -2 -2 -2 -2 -2 -2 -2 2.1 13.6 2.6 22.7 69.2 67.5 64.5 62.3 59.9 55.7 50.9 47 41.2 37.5 27.5 31 37.2 42.8 47.2 51.1 54.4 57.1 58.4 58.3 56.9 55.8 54.5 57.1 61.5
-2 -2 -2 -2 -2 -2 -2 -2 -2 -2 -2 -2 -2 -2 -2 -2 -2 -2 -2 -2 -2 -2 -2 -2 -2 -2 -2 -2 -2 -2 -2 -2 -2 -2 -2 -2 -2 -2 -2 -2 -2 -2 -2 -2 -2 -2 -2 -2 -2 -2 -2 -2 -2 -2 -2 -2 -2 -2 -2 -2 -2 -2 -2 1.8 2.6 2.6 19.7 66.4 63 59.9 59.2 58.5 54 49.3 43.2 37.6 31.8 23.1 30.6 34.5 39.4 44.1 47.8 51.4 54.3 55.8 56.4 52.7 50.5 52.2 56.9 60.4
-2 -2 -2 -2 -2 -2 -2 -2 -2 -2 -2 -2 -2 -2 -2 -2 -2 -2 -2 -2 -2 -2 -2 -2 -2 -2 -2 -2 -2 -2 -2 -2 -2 -2 -2 -2 -2 -2 -2 -2 -2 -2 -2 -2 -2 -2 -2 -2 -2 -2 -2 -2 -2 -2 -2 -2 -2 -2 -2 -2 -2 -2 -0.3 1.9 2.6 2.6 57.6 63 57.8 53.6 52.9 53.7 50.9 45.9 40.6 35 28.5 18.9 27.9 30.5 35.4 40 43.4 47.3 51 53.2 54.3 50.8 46.4 50.9 55.2 58.5
-2 -2 -2 -2 -2 -2 -2 -2 -2 -2 -2 -2 -2 -2 -2 -2 -2 -2 -2 -2 -2 -2 -2 -2 -2 -2 -2 -2 -2 -2 -2 -2 -2 -2 -2 -2 -2 -2 -2 -2 -2 -2 -2 -2 -2 -2 -2 -2 -2 -2 -2 -2 -2 -2 -2 -2 -2 -2 -2 -2 -2 -1 0.6 2 2.6 60.9 61.9 58.7 53.5 49.7 47.6 47.2 44.9 41.6 37 31.2 26.4 17.6 22.6 24.5 29.2 33.7 37.4 41.9 45.7 48.3 50.4 48.7 43.8 47.2 52.4 56
-2 -2 -2 -2 -2 -2 -2 -2 -2 -2 -2 -2 -2 -2 -2 -2 -2 -2 -2 -2 -2 -2 -2 -2 -2 -2 -2 -2 -2 -2 -2 -2 -2 -2 -2 -2 -2 -2 -2 -2 -2 -2 -2 -2 -2 -2 -2 -2 -2 -2 -2 -2 -2 -2 -2 -2 -2 -2 -2 -2 -2 -0.3 1.1 2.5 8.2 57.4 58.8 54.7 50.6 46 42.2 39.9 37.5 35.1 30.9 26.8 22.3 14.4 12.4 16.9 20.1 26 29.9 34.7 39.2 42.8 45.6 46.4 43.6 43.6 48.5 52.7
-2 -2 -2 -2 -2 -2 -2 -2 -2 -2 -2 -2 -2 -2 -2 -2 -2 -2 -2 -2 -2 -2 -2 -2 -2 -2 -2 -2 -2 -2 -2 -2 -2 -2 -2 -2 -2 -2 -2 -2 -2 -2 -2 -2 -2 -2 -2 -2 -2 -2 -2 -2 -2 -2 -2 -2 -2 -2 -2 -2 -1.2 -0.2 1.2 2.6 23.1 54.4 55.4 52.5 48.6 43.9 38.2 33.1 28.3 23.9 18.3 12.5 9.9 10 10 11.9 12.4 17.1 22.4 27.8 32.1 36.7 40.1 40.6 39.4 40.3 44.3 48.5
-2 -2 -2 -2 -2 -2 -2 -2 -2 -2 -2 -2 -2 -2 -2 -2 -2 -2 -2 -2 -2 -2 -2 -2 -2 -2 -2 -2 -2 -2 -2 -2 -2 -2 -2 -2 -2 -2 -2 -2 -2 -2 -2 -2 -2 -2 -2 -2 -2 -2 -2 -2 -2 -2 -2 -2 -2 -2 -2 -2 -0.4 0.5 1.5 2.6 2.6 52.8 51.9 50 46.7 42.3 36.9 29.5 18.9 15.8 9.8 9.2 10.8 12.5 15.4 14.6 12.9 11.7 15.2 21.4 26 30.3 33.1 32.7 30.3 36.3 37.7 42.3
-2 -2 -2 -2 -2 -2 -2 -2 -2 -2 -2 -2 -2 -2 -2 -2 -2 -2 -2 -2 -2 -2 -2 -2 -2 -2 -2 -2 -2 -2 -2 -2 -2 -2 -2 -2 -2 -2 -2 -2 -2 -2 -2 -2 -2 -2 -2 -2 -2 -2 -2 -2 -2 -2 -2 -2 -2 -2 -2 -0.4 0.6 1.4 2.3 46.5 48.3 51 51.4 49.2 45.7 41.3 35.6 26.1 18.3 9.7 8.9 9.8 14.2 21.2 23.2 21.1 19.2 17.2 16 15.9 20.2 23.8 25.6 26.7 26.2 27.4 29.5 35.8
-2 -2 -2 -2 -2 -2 -2 -2 -2 -2 -2 -2 -2 -2 -2 -2 -2 -2 -2 -2 -2 -2 -2 -2 -2 -2 -2 -2 -2 -2 -2 -2 -2 -2 -2 -2 -2 -2 -2 -2 -2 -2 -2 -2 -2 -2 -2 -2 -2 -2 -2 -2 -2 -2 -2 -2 -2 -2 -2 0.3 1.7 2.6 42.7 45 46.5 49 48.8 48.4 45 41.4 36.9 26 15.7 9.3 8.5 10.7 19.9 26.6 29.1 29.8 26.4 23.9 20.5 17.9 16.3 19.8 20.5 23.1 24.4 24.8 24.7 27.5
-2 -2 -2 -2 -2 -2 -2 -2 -2 -2 -2 -2 -2 -2 -2 -2 -2 -2 -2 -2 -2 -2 -2 -2 -2 -2 -2 -2 -2 -2 -2 -2 -2 -2 -2 -2 -2 -2 -2 -2 -2 -2 -2 -2 -2 -2 -2 -2 -2 -2 -2 -2 -2 -2 -2 -2 -2 -2 -0.4 0.8 2.3 2.6 40.8 43 45.5 47.4 49.2 46.6 44.3 40.7 36.4 30.3 15 8.9 7.3 13.9 26.1 31.7 35.1 33.6 30.1 28.3 25.6 21.6 18.2 16.2 19.3 20.9 22.4 22.3 23.7 24.7
-2 -2 -2 -2 -2 -2 -2 -2 -2 -2 -2 -2 -2 -2 -2 -2 -2 -2 -2 -2 -2 -2 -2 -2 -2 -2 -2 -2 -2 -2 -2 -2 -2 -2 -2 -2 -2 -2 -2 -2 -2 -2 -2 -2 -2 -2 -2 -2 -2 -2 -2 -2 -2 -2 -2 -2 -2 -1 0.3 1.5 16.9 2.6 38.4 41.1 45.2 47.4 48.1 46.3 44 40.9 35.9 25.9 12.7 8.2 7.2 19.1 30.4 36 38.1 36.9 34 31.8 30.1 27.6 22.3 21.1 18.9 20.2 21.3 22.1 23.5 25.5
-2 -2 -2 -2 -2 -2 -2 -2 -2 -2 -2 -2 -2 -2 -2 -2 -2 -2 -2 -2 -2 -2 -2 -2 -2 -2 -2 -2 -2 -2 -2 -2 -2 -2 -2 -2 -2 -2 -2 -2 -2 -2 -2 -2 -2 -2 -2 -2 -2 -2 -2 -2 -2 -2 -2 -2 -0.5 0.2 0.8 2.1 2.6 2.6 37.2 38.6 42.6 46 45.7 44.9 42.7 39.3 33.9 17.4 9.2 7.7 9.3 23.7 30.7 35.4 37.8 37.2 37.1 35.3 33.4 30.9 29.5 23 21.9 21.7 24.4 25.3 26.7 28.4
-2 -2 -2 -2 -2 -2 -2 -2 -2 -2 -2 -2 -2 -2 -2 -2 -2 -2 -2 -2 -2 -2 -2 -2 -2 -2 -2 -2 -2 -2 -2 -2 -2 -2 -2 -2 -2 -2 -2 -2 -2 -2 -2 -2 -2 -2 -2 -2 -2 -2 -2 -2 -2 -2 -2 -2 1.7 1.8 2 2.6 2.6 2.6 31.8 36 38.2 41.2 42.8 40.8 39.8 37.1 30.7 14.3 6.1 6.4 13.9 25.2 30.6 33.9 35.8 37.6 39.2 39.6 39.2 37.3 35.1 30.4 31.1 30 28.9 28.6 32.1 30.7
-2 -2 -2 -2 -2 -2 -2 -2 -2 -2 -2 -2 -2 -2 -2 -2 -2 -2 -2 -2 -2 -2 -2 -2 -2 -2 -2 -2 -2 -2 -2 -2 -2 -2 -2 -2 -2 -2 -2 -2 -2 -2 -2 -2 -2 -2 -2 13.3 21.6 22.4 19.6 15.8 -2 0.7 -2 19 22.8 25.2 25.9 26 24.6 25.7 28.8 30.5 32.3 34.7 35.7 33.9 33.8 31.6 26.1 10.5 6.2 8.2 16.1 20.6 25.5 27.5 29.1 33.7 39.4 42 43.2 42.1 41.1 39.1 37.2 35.3 34.9 35.1 39.4 44.9
-2 -2 -2 -2 -2 -2 -2 -2 -2 -2 -2 -2 -2 -2 -2 -2 -2 -2 -2 -2 -2 -2 -2 -2 -2 -2 -2 -2 -2 -2 -2 -2 -2 -2 -2 -2 -2 -2 -2 -2 -2 -2 -2 -2 -2 -2 -2 -2 13 0.5 23.9 18.6 16.4 13 13.5 15.1 18.4 21.4 21.4 20.7 18.6 19.9 22.9 20.1 16.3 17.1 19.3 23.5 28.3 27.6 23.2 10.8 6.1 6.7 10 12.1 14.8 16.4 17.1 19.2 26.2 35.6 43.3 46.4 47 45.9 44.7 44.2 44 45.3 48.6 54.4
23.8 -2 -2 -2 -2 -2 -2 -2 -2 -2 -2 -2 -2 -2 -2 -2 -2 -2 -2 -2 -2 -2 -2 -2 -2 -2 -2 -2 -2 -2 -2 -2 -2 -2 -2 -2 -2 -2 -2 -2 -2 -2 -2 -2 -2 -2 -2 -2 2 10.3 16.2 15.6 12.1 2.2 2.5 12.2 14.5 15.8 15.8 15.1 12 16.9 11.1 5.1 3.7 4.4 5 6.1 11.6 23.9 23.7 14.9 6 5.9 6 6.2 6 5.3 5.5 6.4 11.3 21.6 35.1 47.2 50.7 51.4 52.2 52.7 51.9 52.5 55.1 60.3
24.3 -2 -2 -2 -2 -2 -2 -2 -2 -2 -2 -2 -2 -2 -2 -2 -2 -2 -2 -2 -2 -2 -2 -2 -2 -2 -2 -2 -2 -2 -2 -2 -2 -2 -2 -2 -2 -2 -2 -2 -2 -2 -2 -2 -2 -2 -2 -2 -2 -2 -2 -2 -2 -2 -2 0.1 2.1 10.1 10.3 7.7 -2 2.5 4.6 4.6 4.2 3.1 4.6 5.4 5.5 5.6 6.5 6.7 5.2 5.8 6 6.1 5.3 4.8 5.9 5.9 5.5 8.6 22.5 37.9 45.7 49.5 53.3 55.6 56.7 59.1 61.1 64.2
24.6 -2 -2 -2 -2 -2 -2 -2 -2 -2 -2 -2 -2 -2 -2 -2 -2 -2 -2 -2 -2 -2 -2 -2 -2 -2 -2 -2 -2 -2 -2 -2 -2 -2 -2 -2 -2 -2 -2 -2 -2 -2 -2 -2 -2 -2 -2 -0.7 -0.7 -0.2 0.2 -0.3 -0.5 -0.8 -1.2 -2 -2 -2 -2 -2 3.4 3.1 2.6 3.5 5 5.3 6.5 4.5 3 5.6 5.3 5.9 6.1 3.5 4 3.5 4.2 4.6 4.3 5.6 6.1 6.1 11.5 26.3 37.2 45.2 49.6 55.7 58.5 61.4 63.4 67.1
15.2 -2 -2 -2 -2 -2 -2 -2 -2 -2 -2 -2 -2 -2 -2 -2 -2 -2 -2 -2 -2 -2 -2 -2 -2 -2 -2 -2 -2 -2 -2 -2 -2 -2 -2 -2 -2 -2 -2 -2 -2 -2 -2 -2 -2 -2 -2 1.9 1.9 2.3 2.1 1.4 1 0.6 0.1 -0.2 -0.5 -0.6 0 2.7 4.1 4.2 4.8 5.3 9 9.9 12.2 14.6 14.1 10.4 5.4 4.5 5.1 5.7 4.9 7.7 11.3 13.3 12.7 9.3 5.9 6.3 6.2 16.2 29 37.7 43.2 54.3 58.7 62.9 66.2 69.1
3 11 -2 -2 -2 -2 -2 -2 -2 -2 -2 -2 -2 -2 -2 -2 -2 -2 -2 -2 -2 -2 -2 -2 -2 -2 -2 -2 -2 -2 -2 -2 -2 -2 -2 -2 -2 -2 -2 -2 -2 -2 -2 -2 -2 -2 3.4 19 20.7 20.6 15.3 11.5 2.3 1.8 1.4 1.1 0.9 0.9 1.5 3.2 4.5 5.5 13.1 13.2 13.9 17.3 20.4 23.5 26.2 27.7 26.3 19 12.9 14.6 16.3 18.8 20.8 23.7 24.1 19.9 11.6 4.2 6.2 8.3 20.4 38.4 43.2 54.6 59.4 63.6 67.5 71
2.8 11.9 -2 -2 -2 -2 -2 -2 -2 -2 -2 -2 -2 -2 -2 -2 -2 -2 -2 -2 -2 -2 -2 -2 -2 -2 -2 -2 -2 -2 -2 -2 -2 -2 -2 -2 -2 -2 -2 -2 -2 -2 -2 -2 -2 0.3 -0.1 2.4 23.7 24.3 17.8 20.8 20.9 17.1 12.2 2.5 2.4 2.5 3.5 4.9 7.5 11 16 18.5 23.7 27.3 30.3 32.2 36.6 38.5 39.3 37 30.5 31.4 34.3 37.6 39.8 39.4 36.8 30.3 20.5 6.6 6.3 7.5 18.1 35.6 46.3 53.3 58.5 63 67.1 71.4
2.7 16.2 -2 -2 -2 -2 -2 -2 -2 -2 -2 -2 -2 -2 -2 -2 -2 -2 -2 -2 -2 -2 -2 -2 -2 -2 -2 -2 -2 -2 -2 -2 -2 -2 -2 -2 -2 -2 -2 -2 -2 -2 -2 -2 -0.4 0.7 2.2 25.6 27.5 26 24.9 22.6 26.1 24.7 24.4 22.4 19.5 14.9 6.2 5.9 8 17.8 22.4 26.6 30.5 34.3 38.1 40.9 43.5 45.1 46.5 47 47.7 50.2 50.5 50.7 50.9 49.9 46.8 41.1 29.4 12.7 7.6 7.4 12.1 28.7 39.6 49 56.1 61.6 66.2 69.4
3.6 18.2 11.9 -2 -2 -2 -2 -2 -2 -2 -2 -2 -2 -2 -2 -2 -2 -2 -2 -2 -2 -2 -2 -2 -2 -2 -2 -2 -2 -2 -2 -2 -2 -2 -2 -2 -2 -2 -2 -2 -2 -2 -2 -0.7 0.3 1.4 2.5 21.8 29.8 29.1 27.8 28.4 29.4 28.5 27.4 26.3 24.9 19.4 10.2 8.1 15.3 17 23.8 30.2 34.9 38.4 42.1 45.2 47.3 50 51.6 52.9 54.3 58 59 58.4 58.6 57.1 52.9 46.5 36.4 18.8 7.7 6.5 8 19.6 31.6 43.9 51.8 57.9 62.5 66
16.6 20.1 24.2 20.7 -2 -2 -2 -2 -2 -2 -2 -2 -2 -2 -2 -2 -2 -2 -2 -2 -2 -2 -2 -2 -2 -2 -2 -2 -2 -2 -2 -2 -2 -2 -2 -2 -2 -2 -2 -2 -2 -2 -0.7 0.1 1.1 2.2 2.6 2.6 30.2 30.8 29.6 30.1 31.4 31.6 31.5 31.8 29.1 25.2 13.2 10.9 19.3 23.1 28.4 32.7 36.6 41.4 45.8 48.9 51.9 53.6 56 56.5 58.1 59.2 59.8 59.4 58.4 56.9 53.8 49 39.7 25.3 12.8 7.2 5.9 10.7 22.4 33 42.1 50.2 57.1 62.8
8.4 20.5 23.9 25.1 -2 -2 -2 -2 -2 -2 -2 -2 -2 -2 -2 -2 -2 -2 -2 -2 -2 -2 -2 -2 -2 -2 -2 -2 -2 -2 -2 -2 -2 -2 -2 -2 -2 -2 -2 -2 -2 -0.8 0.2 1 1.9 2.6 2.6 2.6 5.3 32.2 31.7 31.9 32.9 33.1 32.8 32.7 30.4 26.5 19 12.8 22.2 27.1 31.1 33.5 38.2 44.2 48.8 51.8 55.8 57.5 59 58.8 59.4 60.2 59.2 58.6 57.6 55.3 52.1 47.9 41.9 32.3 24.2 13 7 6.4 12 20.8 31.3 41.4 51.8 58.4
16.6 21.5 23.3 26.2 25.9 21.2 -2 -2 -2 -2 -2 -2 -1.7 -2 -2 -2 -2 -2 -2 -2 -2 -2 -2 -2 -2 -2 -2 -2 -2 -2 -2 -2 -2 -2 -2 -2 -2 -2 -2 -2 -0.5 0.1 0.8 1.8 13.3 0.5 31.4 2.6 7.6 34.5 33.6 34 34.9 35 34.3 33.2 30.2 24.6 18.5 15.9 24 29.8 34 33.7 42 46.3 51.4 55.5 58 61 61.1 60.3 60.5 59.4 58.6 57.1 55.8 53.7 50.7 47.4 43.9 38.5 33.2 23.3 9.2 7.7 6.9 7.9 20.4 31.4 42.3 50.9
14.9 22.7 25 26 28.7 28.3 -2 -2 -2 -2 -2 -2 2.6 3.4 -2 -2 -2 -2 -2 -2 -2 -2 -2 -2 -2 -2 -2 -2 -2 -2 -2 -2 -2 -2 -2 -2 -2 -2 -0.8 0.4 0.9 1.1 1.5 2.3 2.2 35.2 37 37.1 37.2 36.2 35.6 35.1 35.5 35.1 34.4 33.2 30.4 26.8 20.4 21.4 26.6 32.6 36.3 39.3 44.8 48.9 53.5 56.6 61.2 62 62.1 60.9 60 59.4 58 56.4 54.8 53.1 50 47.6 45.2 41.5 37.6 25.9 11.8 8.9 8.9 6.6 8.1 14.6 31.3 34.1
12 20.2 25 27.4 31.3 32.8 32.8 34.5 36.3 36.7 36.2 37.9 42.1 36.4 23.6 -2 -2 -2 -2 -2 -2 -2 -2 -2 -2 -2 -2 -2 -2 -2 -2 -2 -2 -2 -2 -2 -2 -0.3 0.7 2 2.2 2.2 2.5 2.6 39.4 38.6 38.7 39 39 38.1 37.8 37.1 37.2 37.1 37.6 36.2 34.9 31.9 30.1 25.3 28.2 34.7 39.1 43.1 45.2 51.1 55.4 59.1 61.4 62 61.2 59.6 58.5 57.7 56.8 54.9 52.8 51.2 47.5 46.8 41.9 41.1 35.5 23.6 18.3 21.2 13.8 8.6 7.9 8.4 8.1 11.3
3.7 15.3 21.9 26 31 33.2 36.4 37.4 42.4 45.4 46.8 46.1 46.4 40.7 31 -2 -2 -2 -2 -2 -2 -2 -2 -2 -2 -2 -2 -2 -2 -2 -2 -2 -2 -2 -2 -2 -0.4 1.3 8.1 31.2 34.7 12.3 38 40.1 41.3 42.1 40.7 40.7 40 39.7 39.2 38.9 39.1 39 39.2 38.7 38.4 37 35.7 30.8 32.4 37.3 41.6 45.5 49.2 52 56.3 58.5 61.5 61.9 58.2 58.6 57.2 56.9 56 54.5 52.6 51.1 47 44.1 42.6 39 34.9 29.7 30.5 42.1 36 23.6 15.2 9.7 7.5 7.2
2.6 9.7 19.9 21.8 25.8 28.6 32.3 35.7 38.9 43.9 45.7 45 42.4 41.9 33.4 14.5 -2 -2 -2 -2 -2 -2 -2 -2 -2 -2 -2 -2 -2 -2 -2 -2 -2 -2 -1.2 -0.5 0.4 1.8 2.6 35.5 39.7 41.5 41.3 42.4 42.5 42.8 43.1 41.8 40.9 40 39.6 39.6 40.3 41.1 42.2 41.9 41.6 41.7 39.9 35.1 36.9 40.1 42.7 46.9 49.6 53.8 56.2 58 59.3 58.9 57 56.9 56.1 55.3 55 54.2 54 51.8 51.1 49.2 46.6 45.2 43.3 43.8 46.1 50.7 51.4 47.2 36.3 28.4 25.1 26.5
3.2 10.3 17 18.4 21 23.4 27.1 30.2 33.7 35.8 34.9 39.8 37.7 32.6 30.2 12.6 -2 -2 -2 -2 -2 -2 -2 -2 -2 -2 -2 -2 -2 -2 -2 -2 -2 -1 -0.2 0.6 1.4 2.3 29.4 38 40.6 41.9 41.1 41 41.2 41 42.4 41.7 41.9 41.4 40.4 40.2 41.3 41.8 43.1 43.8 44.3 44.6 43 38.2 40.2 41.7 43.8 47.5 50.3 53 54.3 55.5 57.1 56.1 56.1 55.3 55.3 55.3 54.6 55.1 54.9 53.5 53.2 52.9 53.4 52.7 50 47.6 52.5 55 56.6 56.1 54.5 52.4 48.4 44.5
7.4 12.1 15.7 17.4 19.7 22.7 24.9 27.9 30.5 32.8 33.7 33.5 29.3 28 25 12.9 -2 -2 -2 -2 -2 -2 -2 -2 -2 -2 -2 -2 -2 -2 -2 -1.2 -0.9 -0.4 0.5 1.5 2.5 25 38.6 38.7 39.4 39.1 39.2 39.9 36.6 38 38.8 40.2 41.2 42.2 42.2 42.3 42.2 42.8 43.7 45 45.8 46.5 45.7 40.8 43.1 44 45.9 48.7 50.9 52.7 54.3 54.5 55.1 53.7 54 54.4 55 55.6 55.8 55.1 55.6 56.3 56 56.9 59 59.1 58.4 55 58.7 59.8 61.2 60.3 59.8 58.9 57.1 52.9
13 18.9 16.6 20 22.4 23.7 25.4 27.6 29.5 31.4 32.3 31.2 27.6 23.5 11.4 2.6 -2 -2 -2 -2 -2 -2 -2 -2 -2 -2 -2 -2 -2 -2 -0.7 -0.2 -0.1 0.4 1 2.1 25.2 36.4 39.7 38.9 39.1 37.9 37 36.7 36.7 34.5 36.7 37.8 39.9 41.9 43.1 43.2 44.2 44.6 46.6 46.4 47.6 48.2 47.4 44 45.6 46.2 47.6 48.8 51.5 52.9 54.1 54.2 53.3 53 52.3 52.7 53.7 54.9 56 55.7 56.7 56.4 58.3 60.7 63.3 62.9 63.2 61.5 61.8 63.3 63.6 64 63.7 63.2 60.7 55.9
18.2 16.4 17.7 22.7 25.6 25.4 26.8 27.4 29 30.5 31.3 31.3 28.4 23 2.6 2.6 -2 -2 -2 -2 -2 -2 -2 -2 -2 -2 -2 -1.2 -0.5 0.1 0.5 0.8 0.9 1.1 1.7 2.6 3.5 32.6 38.5 37.4 36.9 35.7 34.9 33.4 34.3 35 35 36.4 37.5 39.2 41 42.7 44.4 44.6 46.3 47.2 48.5 49.8 48.6 47.1 46.9 47.6 49.1 50 52.3 53.3 53.8 53.9 51.9 49.7 50.6 50.2 52.3 53.1 54.3 55.1 56.3 57.6 59.4 62.2 66.3 67.4 66.9 66.3 65.8 65.8 66 65.5 64.6 63.7 60.7 56.7
17.8 17.8 20.3 23.2 25.8 27.8 29.4 29.4 30.4 31.8 32.8 32 30.8 27.2 2.6 2.6 2.2 0.1 -2 -2 -2 -2 -2 -2 -2 -1.2 -1 -0.3 0.6 1.3 1.8 1.8 1.9 2.1 2.4 4.6 8.5 35.7 36.5 36.5 35 34 32.7 31.6 32.2 32.3 33.5 34.8 36.3 37.5 38.9 41.5 44.3 45.8 47.9 49.3 50.2 50.2 49.4 49.3 49.1 49.8 50.2 51.1 51.4 51.8 51.4 51.3 49.9 49.1 48.5 47.5 49.7 51.1 52.6 54 55.8 57.9 59.7 63.3 67.8 69.9 69.9 69.4 69.1 68.3 67.6 65.7 63.5 61.5 59.2 56
15.8 18 23 26 30.1 31.7 32.9 33.1 33.8 34.7 34.8 33.9 32.9 30.2 10.3 4 2.3 0.5 -0.4 -0.3 -0.1 -0.1 -0.3 -0.2 0 0 -0.1 0.4 1.3 2.2 2.6 27.2 2.6 2.6 5 9.2 33.1 35.1 34.7 34.9 33.5 33.5 32 30.8 30.1 30.6 32.2 33.7 35.1 37 39 40.2 43.2 46.1 48.6 49.9 50.4 49.7 49.7 48.1 48.1 47.8 47.4 47.1 48.5 48.7 47.6 47.5 46.3 46.6 46.4 46.5 46.8 50.2 51.7 54.1 54.9 57.8 59.6 63.5 68.1 71.2 71.8 71.8 70.4 69.4 67.3 64.4 61.1 58.8 56.6 53.7
17.7 20.3 25.2 31.1 32.1 33.6 34.8 35.3 37 37.2 37.4 35.9 33.8 31.3 28.1 17.5 2.6 1.2 0.8 1 1.2 1.5 1.3 1.3 1.4 1.1 1 1.2 2.1 2.6 2.6 11.7 29.6 30.6 21.8 33.8 32.8 33.8 31.6 30.1 29.9 30 30.4 28.4 28.7 30.5 32.2 34.4 34.9 36.8 38 40.3 43.9 46.6 48.6 49.8 49.9 49 48.5 47 46.9 46.5 46.4 46.1 46 46 45.4 45.2 45.6 45.1 44.8 46.1 47.7 48.5 51.3 53.9 54.8 57.9 60.3 63.7 68.9 72 72.5 72.4 70.5 69.1 66.7 62.8 58.5 55.2 52.9 50.9
19.6 21.7 27.6 32.6 35.3 36.8 37.1 38.1 38.7 39 38.7 38 35.3 32.1 31.4 25.2 15.5 2.1 2.1 2.3 2.5 19.1 3.6 6.3 2.6 2.2 2.1 2 2.6 2.6 2.6 28.7 29.2 29.7 29.8 29.7 29.7 29.7 28.8 27.3 25.6 25.5 25.5 26.2 28.4 30.9 32.4 34.3 35.5 38.3 38.8 39.6 44.5 47.7 48.9 49.2 48.6 47.6 46.8 43.9 43.8 43.5 43.6 43.7 43.6 43.9 43.7 43.5 42.5 42.1 42.7 45.4 47.7 48.8 51.6 52.7 53.7 57.2 60 64 68.3 71.4 72.6 72.7 71.5 69 65.6 61.6 56.4 52.4 49.3 46.8
20.7 25.2 29.7 34.2 37.1 39.5 39.5 42.6 41.2 41.2 40.7 39.7 37 32.6 31.7 27.3 24.5 19.9 2.6 2.6 2.6 0 3.6 26.8 28.9 29.8 2.6 2.6 2.6 31.1 11.5 29.4 29.7 28.8 28.3 27.4 27.1 26.6 25.6 24.4 23 22.5 23.1 24.8 28 29.6 32.4 33.8 36.2 36.7 37.4 40.8 45.2 48.4 48.8 49.2 48.3 47.1 44.7 42.5 42.3 41.9 42.1 42.2 41.9 42.5 42.4 41.3 41.2 39.7 41.5 43.9 46.3 47.7 50.1 53.1 54.3 56.5 58.6 62.9 66 69.9 71.1 72.2 72.1 70 66.6 62.7 58 54 48.7 45.4
