public/OST50/SW93.asc
ncols 200
nrows 200
xllcorner 190000
yllcorner 30000
cellsize 50
[rows 0 to 37 of 200, columns 0 to 83 of 200]
71.3 72.1 72.4 72.3 73.4 74.6 76.3 76.3 75.8 74.8 71.7 68.3 67.1 66.2 65.1 63.3 56.4 42 30.3 37.8 55 59.4 61.6 62.9 63.2 63.5 63.7 64.5 66 67 67.4 66.9 66.3 66.9 68.7 67.7 66.1 68.2 70.5 73 76 79.5 84.8 90.2 94.1 96.8 98.2 98.8 99.1 98.9 97.9 96.6 95.2 93.5 91.5 89.3 87.3 85.8 84.8 87.1 90.2 93.9 97.2 98.7 98.7 97.1 94.6 91.6 89.5 86.7 83.5 80.3 75.3 69.8 68.5 68.9 70.2 72.3 73.5 74.2 73.3 71.6 68.7 65.2
70 71.4 72 72.8 73.6 74.9 76 75.9 75 73 70.1 66.8 63.1 61.8 61.3 59.9 50.9 30.9 33.6 48.3 54 54.8 55 55.1 55.9 56.3 56.8 57 59.5 61.3 61.4 61.8 61.7 64.2 66.2 66.2 65.1 65.5 68.5 70.2 73.1 78.1 84.5 90.3 94.1 97.5 99.1 99.9 100 99.2 98.2 96.8 95.1 93.3 91.6 89.2 86.9 84.6 82.5 85.5 89.1 92.7 95.5 96.6 96.1 94.6 92.5 90.2 87.8 85 81.7 77.1 72.1 66.6 63.4 63 64.4 66.3 68 69.4 68.6 67.8 65.6 61.8
68.2 69.9 70.1 71.1 72.5 75.3 75.4 74.9 73.4 71.3 69.4 67.2 63.9 60.4 55.8 48.7 45.2 27.6 37.6 47.1 46.9 46.3 47.7 47.2 46.1 45.4 46.3 48.4 53 55.4 55.4 55.7 58.7 61.5 63.5 64.7 63.8 62.9 65.4 68.9 72.9 78.4 84.6 90.3 93.8 97.6 99.9 100.7 100.6 99.5 98.5 96.8 95 93.2 91.4 89.3 87.9 85.4 81.6 83.5 87.7 90.5 92.6 93.3 92.8 91.7 89.9 87.6 85.3 83.2 79.6 74.7 69.5 64.5 59.8 57.1 58.2 59.9 62.9 64.4 66.1 65.9 64.1 59.8
65.7 67.7 68 69.3 70.7 73.8 74.2 73.4 71.8 69.5 67.6 66.3 64.1 62.1 58.6 49.2 37.6 26.6 28.7 34.5 34.1 34.5 35.9 36.8 35.1 35.7 36.6 39.7 44.5 49.5 49.4 52.9 57 59.3 60.5 61.6 60.4 60.6 64.3 70.2 75.4 81.9 85.9 91 94.7 98.5 100.4 101 100.6 99.5 98 96.2 94.4 92.6 91.1 91 89.7 87.7 83.1 79.9 84 86.4 88 88.8 88.7 86.2 86.6 84.6 82.8 81 77.4 73.6 69.4 65.6 61.6 56.4 51.2 53.8 58.2 62.9 64.6 65.5 64.7 59.7
62.5 65.1 65.5 67.2 70.5 72 72.3 71.6 70 67.6 65.8 64.5 63.3 62.2 58.2 52 44.6 28.3 24.9 29.3 28.7 29 30.4 32.5 35 39.4 41.6 38.1 36.8 38.3 45.2 50.9 54.3 56.8 57.9 57.6 55.6 60.1 67.3 74.1 80 84.2 87.9 92.3 95.6 98.9 100.6 101.2 100.4 99.1 97.2 95.4 93.6 92.7 92.5 92.5 91.7 90 86.7 81.7 76.9 79.3 80.5 82.6 81.6 80.3 81 81.1 80.2 78.7 76.5 74.4 72.6 70.9 67 62.3 48.7 47.6 56.2 63.3 66.3 67.4 66.2 61.2
59.7 61.5 63.9 67.2 70 71 70.6 69.2 67.3 65.4 63.1 61 60.8 59.3 55.3 45.5 33.7 25 25.5 36.5 40.1 38.5 40.9 46.5 50.1 51.6 52.4 50.4 46 40.6 39.4 46 51.9 55.4 53.4 52.8 55.8 62.1 69.8 77 82.6 87.1 90.6 93.9 96.4 99.1 100.4 100.6 99.8 98.5 96.2 94 92.9 92.3 92.5 92.7 92 90.8 88.6 85.2 79.4 73.3 70.8 72.9 71.9 73.1 76 76.5 76.7 76.4 76.4 76.2 75.9 74.8 70.3 61.8 44.8 42.8 58.3 67.3 70 67.6 62.9 56.8
54.7 59.9 64.6 68.6 70.4 69.8 68.2 66.6 64.7 62.9 60.6 56.2 54.4 51 40.9 32.3 23.8 25.5 34.1 44.9 48.4 48.2 50 54.4 57.8 59.2 58.8 55.2 50.4 44.1 42.4 41.6 45.5 50.3 47.9 50.8 55.7 62.9 72 79.5 85.3 89.2 92.8 95.3 97.4 99.1 100.1 99.9 99.2 97.5 95.4 93.2 91 90.4 90.8 91.1 90.8 89.6 87.3 85.3 82.8 80.3 74.8 68.6 63.8 61.1 66.2 70.4 71.5 74 75.1 76 75.5 74.2 69.8 58 38.2 41.6 58.8 68 66.8 60.4 51.8 38.2
63.8 67.1 69.3 70.9 71.1 69.2 66.4 63.2 61.1 59.3 57.1 51.6 40.9 30.2 23.9 25 30.5 40.3 50.4 54.3 57.2 57.1 58.2 60.4 63 63.4 61.8 58.7 53.7 48.5 45.5 44.8 44.4 46.2 48.5 51.2 54.9 64.3 73.5 80.4 86.6 90.4 93.2 95.6 97.3 99 99.9 99.4 98.1 96.4 94.5 92.5 90.4 87.5 87.4 87.8 88.3 86.1 84.3 83.1 82.1 80.3 78 74.2 68.8 61.7 57.2 63.3 68.6 72.1 73.6 74.3 73.7 71.7 67.7 56.2 34.4 36.5 54.4 62.9 58.6 49.6 36.9 -1.7
68.7 71.1 73 72.8 71.3 68.3 64.7 60.1 55.3 54.5 53.6 41.1 27.4 24.6 29.9 38.3 47 54.8 58.8 61.9 63.2 63.8 64.9 66.4 66.8 65.8 63.6 60.3 55.9 50.6 49.1 48.6 48.3 52.1 56.3 57.3 54.8 64.4 73.3 81.5 86.4 89.9 92.6 94.9 96.2 97.4 98.2 97.8 96.8 95.2 93.2 91 89.3 86 83.7 82.5 82.2 81 79.9 78.7 77.6 75.7 73.4 71 66.2 62.3 56.6 56.3 65.7 69.2 70.7 71.3 70.9 68.7 64.7 57.1 31.8 30.1 44.9 56.8 50.6 39.9 14.8 -1.7
72 73.8 74.5 73.6 71.1 67.7 63.7 59.2 52.1 47.5 42.2 26.1 24.6 39.4 50.4 54.6 56.4 60.5 64 66.7 68.1 68.8 69.4 69.6 69.3 67.1 64.1 60.3 56.1 53.2 53.8 53.3 52.9 59.2 62 62.9 61.7 60.5 69 79.7 85 88.1 91.1 93 94.5 95.6 96.5 96.2 95.4 94 91.8 89.6 87.1 84.5 82.9 81.4 79.3 76.4 73.2 69 67.7 64.5 61 60.8 59.9 60.2 60.6 47.6 59 63.7 66 67.1 66.4 63.8 59.5 54.3 41.6 23.5 34.3 49.4 43.8 19.7 -1.7 -1.7
74.8 75.6 75.1 73.8 71 66.7 62.4 58.2 53.5 47.6 36.4 21 32.3 50.2 55 58 61 64.1 67.6 70.4 72.4 73.2 73.3 72.8 71.5 68.7 64.4 59.9 56.9 57.7 59.4 57.9 55.9 62.7 66.1 68.4 70.1 72.2 72.3 73.5 80.6 85.3 88 89.7 92 94 94.8 94.5 94.3 93.4 91.3 89.7 87.9 87.4 87.1 86.4 84.9 82.6 80.2 76.9 72.4 67.1 62.2 56.9 52.9 56.2 58.4 46.6 48.6 55.2 57.5 60.2 58.5 54.9 48.3 41.6 35.2 19.8 23.6 42.1 36.9 16 -1.7 -1.7
76.1 76.5 75.7 73.9 70.6 66.2 61.2 56.4 51.4 46.5 36.1 19.5 33.3 47.8 54 59.5 63.1 67.1 70.3 73.3 75.3 75.4 75.9 75.1 73.2 69.4 65.1 61.1 59.7 63.2 64.7 62.5 60.5 66.3 70.6 73.5 76.8 79.6 81.5 81.7 81.1 81 84.3 85.9 89.2 92.3 93.3 93.7 93.4 93.1 92.6 91.8 91.4 90.5 90 88.9 87.4 85.8 84.4 82 78.8 72.6 66.5 59.5 53 49.7 48.2 41.8 36.8 36.6 38.8 43.2 42.4 36.6 24.8 10.4 9.8 -1.7 -1.7 30.7 12.6 -1.7 -1.7 -1.7
76.9 77.2 76 73.9 70.5 66.4 60.9 55.9 52.2 47.4 35 19 26.5 42.9 53.5 60.2 65.9 70.1 73.4 75.4 77.3 77.4 78 76.6 74 70 65.7 62.3 62.7 65.7 66.8 65.3 62.6 67.7 74.7 78.9 82.3 85 87.2 87.9 86.6 86.8 88.2 89 90.2 91 92.5 93.5 93.8 94.3 94.5 93.8 93.7 93.5 92.4 91.3 88.7 86.8 85 83.4 79 72.8 67.5 61.4 55.7 53.8 50.1 47.5 43 38.7 31.5 24.4 23 19 14.3 13.1 14.3 -1.7 -1.7 -1.7 -1.7 -1.7 -1.7 -1.7
77.6 77.9 76.2 73.8 70.3 66.2 61.2 56.1 51 45 30.8 20.2 22.6 38.3 52.5 60.7 67.7 72.3 76.1 78.3 79.6 79.7 80 78 74 70 66.9 65.7 65.8 67 68.3 68.1 65.1 69.5 78.1 82.8 86.5 89.5 91 91.5 91.3 91.3 92.7 93.4 93.3 93.3 93.3 94.4 95.2 95.8 95.8 95.8 95.5 94.7 93.4 91.1 88.8 87.2 85.5 83.2 77.8 72.6 66.9 63.9 66.1 69.7 68.9 67.3 61.5 53 45.6 41 38.8 38.1 37.6 24.5 27.6 -1.7 -1.7 -1.7 -1.7 -1.7 -1.7 -1.7
79.5 78.5 76.4 73.3 69.6 65.6 60.4 55.1 47.3 35.7 22.8 18 23.3 33.1 46.8 60.7 68.1 74 78.1 80.6 81.7 81.8 81.2 78.8 75.6 73.2 70.6 69.3 69.5 69.7 70 73 71.6 70.9 80.1 85.7 89.4 91.9 94.2 94.5 94.7 95.1 95.7 96.2 95.9 95.6 94.4 95.3 96.5 97.2 97.3 97.3 96.3 95.2 93.2 91.1 89 87.2 85.4 83 79.1 74 70.4 73.1 79 81.3 81.6 78.3 72.2 63.3 56 54.2 54 48.8 18.8 -1.7 -1.7 -1.7 -1.7 -1.7 -1.7 -1.7 -1.7 -1.7
80.3 78.9 76.3 72.7 68.6 64.3 59.2 53.1 42.3 28.6 18.4 17.2 27.6 40.3 47.1 61.3 70 76.2 79.4 81.6 83.3 82.9 81.7 80.1 78.3 76 74.1 72.6 72.5 72.3 73.7 77.8 75.7 71.2 79.7 86.5 90.7 93.7 95.7 96.2 96 96.1 97.2 98.1 97.4 96.6 95.8 96.3 97.5 98.6 98.8 98.5 96.9 95 93.1 90 87.9 86.3 84.8 82.1 79.1 77 79.1 83.8 86.2 85.7 85.6 82.1 76.8 71.6 67.2 67.2 58.6 42.5 -1.7 -1.7 -1.7 -1.7 -1.7 -1.7 -1.7 -1.7 -1.7 -1.7
79.8 78.1 74.8 71 66.7 61.7 56 46.7 30.8 22.4 16.5 18.9 36.2 52.2 58 65.9 72.4 77.2 80 81.8 82.6 82.5 81.9 81.1 80.3 78.5 76.6 75.9 75.8 75.1 77.7 80 78.9 74.9 76.9 84.2 91.2 94.4 95.9 96.5 96.7 96.9 97.6 98.2 97.9 96.9 97.1 97.5 99.2 100.1 100.3 99 97.5 95.4 91.2 88 86.6 85.1 84.3 81.8 80.3 80.8 85 87.9 88.5 87.4 86 83.9 81.2 80.1 79 71.2 49.5 25.1 -1.7 -1.7 -1.7 -1.7 -1.7 -1.7 -1.7 -1.7 -1.7 -1.7
79.3 77.1 73.2 69.3 63.6 57.1 45.8 29.9 19.6 14.2 18.7 26.5 46.2 58 65.6 71.9 75.1 77.3 79.2 81.1 81.4 81.5 81.1 80.8 79.9 79.9 80 79.3 78.6 78.5 79.5 81.7 83.6 83.6 80.9 80.7 89.6 92.6 94.8 95.7 96.5 97.1 97.5 97.6 97.5 97.5 98.2 98.7 100 101.1 100.4 98.8 97.3 93.8 88.4 86.5 85.5 84.6 84.1 83.3 82.5 84.5 86.5 87.7 87.1 86.3 85.6 85.9 85.2 85.1 84.2 76.5 29.2 1.1 -1.7 -1.7 -1.7 -1.7 -1.7 -1.7 -1.7 -1.7 -1.7 -1.7
77.5 74.6 71 66.7 61.1 51.8 34.2 18.3 14.8 22.2 29.1 41.3 55.2 64.3 71.1 74.7 76.4 77.3 78.2 78.3 77.2 77.5 77.5 78.1 79.7 81.1 82.4 82.1 81.7 81.9 82.2 85.4 88.6 89.8 89.1 85.6 84.6 88.2 90.4 92.3 93.8 95.5 96.1 96.7 96.5 97.6 98.5 99.1 99.8 100 98.8 96.4 94.2 89.2 84.3 83.3 83.9 84.2 84.5 84.4 83.9 84.6 85 84.7 83.8 82.6 84.8 87.8 88 86.2 83.3 77.6 52.1 -1.7 -1.7 -1.7 -1.7 -1.7 -1.7 -1.7 -1.7 -1.7 -1.7 -1.7
74.5 71.9 67.7 61.1 56.5 45.1 25.5 13.9 27 40.3 48.3 56 62.9 69.6 73.9 75.1 75.5 74.9 74.2 71.5 67.6 66.6 70.6 73.5 77.7 82.1 84.4 84.6 85.6 86.1 86.3 88.1 90.6 92.8 92.3 90.8 89.4 89.8 90.3 90.4 91.3 93.7 94.9 95.7 96.5 97.7 98.7 98.9 98.7 98.4 97.2 94.8 90.1 83.6 78.7 78.6 81.5 84.6 85.2 85.2 82.4 80.5 78.6 77.8 76.6 76.2 80.8 87.2 86.8 82.3 75.5 66.5 44.6 -1.7 -1.7 -1.7 -1.7 -1.7 -1.7 -1.7 -1.7 -1.7 -1.7 -1.7
70.1 61 53.1 44.9 38.7 29.7 16.1 15.2 37 51.5 58.5 62.9 68 73.3 74.5 73.1 70.6 67.8 63.5 58.3 61.5 69 74.6 77.2 79 82.5 86.9 89.7 91.2 91.4 91.4 92.2 94.2 95.3 95.4 96.4 96.2 95.6 95 94.4 93.8 94 94.6 95 96.4 97.7 98.3 97.4 96.8 96 94.5 90.7 84.7 76.8 72.2 73.8 79.8 83 84 81.4 75.2 65.8 48.9 37.3 41.3 57.8 74.1 83.8 81.9 73.4 55.5 39.7 12 -1.7 -1.7 -1.7 -1.7 -1.7 -1.7 -1.7 -1.7 -1.7 -1.7 -1.7
59.6 44.9 31.3 22 15.3 14.2 13.7 22.7 39.3 53.8 60.8 68.3 73.5 74.4 72.9 66.6 57.1 52.2 51.7 58.4 66.7 73.8 79.2 82.7 83.5 83.5 88.9 92.4 94.3 94.8 95.7 96 96.7 97.4 98.2 98.8 98.8 98.6 97.8 96.6 95.1 95.1 95.5 95.6 97.7 98.6 98.4 97.1 95.4 93.3 90.6 86.7 79.5 70.5 65.2 67.4 76 80.5 79.2 73 60.8 44.5 23.7 1.7 1.5 11.5 54.3 67.2 73.1 57.2 35.9 -1.7 -1.7 -1.7 -1.7 -1.7 -1.7 -1.7 -1.7 -1.7 -1.7 -1.7 -1.7 -1.7
41.9 22.9 12.1 9.1 13.6 22.7 27.5 36.3 47.5 57.7 65.5 74.1 77.1 74.2 67.2 53.1 44.7 51.2 59.7 69.2 73.8 78.4 83 85.9 86.3 86.6 90.7 94 95.7 97.1 97.8 97.6 97.9 98.7 99.4 100 99.9 99.8 99.2 98.1 96.8 96.1 96.4 96.6 98.2 98.7 98.1 96 93.5 89.8 85.5 80.5 74.3 66.3 61.3 61.4 69.1 76.4 73.2 62.3 46.8 19.2 -1.7 -1.7 -1.7 -1.7 -1.7 44.1 59.9 42.7 19.3 -1.7 -1.7 -1.7 -1.7 -1.7 -1.7 -1.7 -1.7 -1.7 -1.7 -1.7 -1.7 -1.7
23.8 8.9 11.9 22.6 33.7 42 45.2 47.8 54.4 60.9 68.8 74.9 76 72.2 60.6 43.4 44.1 64.5 72.6 78.8 80.6 84.1 86.3 88.1 88.3 90.7 93.8 95.9 97.5 98.1 98.9 99.3 99.5 99.8 100.6 100.5 100.5 100.4 99.5 98.8 98.2 97.2 97.4 97.6 98.3 98.3 96.9 94.3 90.6 86.6 79.5 73.8 68 61.5 55.9 55.5 61.3 68.9 62.7 47.9 29.1 6 -1.7 -1.7 -1.7 -1.7 -1.7 -1.7 -1.7 19.7 -1.7 -1.7 -1.7 -1.7 -1.7 -1.7 -1.7 -1.7 -1.7 -1.7 -1.7 -1.7 -1.7 -1.7
11.4 12 32.5 42.1 50.1 55 55.8 56.7 60.2 65.4 72.3 75.8 74.9 70 54.6 35.8 42.8 62.5 75.1 82.4 85.5 87.6 88.8 89.9 91.7 93.5 96.2 97.7 98.5 99.1 99.8 100.3 100.8 101.2 101.4 100.9 100.7 100.5 99.8 99.1 98.4 97.5 97.1 97.4 97.6 97.5 95.7 93.2 89.2 83 74 65.5 59 53.4 48.8 48 54.4 57.5 47.8 29.2 1.5 -1.7 -1.7 -1.7 -1.7 -1.7 -1.7 -1.7 -1.7 -1.7 -1.7 -1.7 -1.7 -1.7 -1.7 -1.7 -1.7 -1.7 -1.7 -1.7 -1.7 -1.7 -1.7 -1.7
8.7 21.6 46 55 59.6 61.8 63 64.8 67.5 70.5 73 73.1 71.3 66.2 48.7 33.5 41.8 60.5 76.3 82.8 87.2 89.6 90.8 91.7 93.3 95.8 97.6 98.6 99.3 100 100.5 100.9 101.3 101.6 101.3 100.8 100.3 99.5 98.8 97.9 97.1 96.4 96.1 96.6 97 96.4 95 92.4 87.2 79.8 69.9 58.8 52.1 46.9 41.3 39.5 45.7 42.5 31.6 -1.7 -1.7 -1.7 -1.7 -1.7 -1.7 -1.7 -1.7 -1.7 -1.7 -1.7 -1.7 -1.7 -1.7 -1.7 -1.7 -1.7 -1.7 -1.7 -1.7 -1.7 -1.7 -1.7 -1.7 -1.7
8.9 23.8 48.4 57.6 62.5 65.9 67.7 68.1 69.9 70.3 69.7 67.2 64.8 58.3 40.2 32.5 42.3 63.2 76.2 82.8 87 90.2 91.7 92.7 94.9 97.2 98.5 99.3 99.6 100 100.5 100.9 100.8 100.3 100 99.1 97.4 96.5 96 96.1 95.4 94.7 94.5 95.3 96 95.9 94.4 92.3 86.9 77.1 68.3 58.7 51.1 45 39.2 32.8 30.5 24.4 6.9 -1.7 -1.7 -1.7 -1.7 -1.7 -1.7 -1.7 -1.7 -1.7 -1.7 -1.7 -1.7 -1.7 -1.7 -1.7 -1.7 -1.7 -1.7 -1.7 -1.7 -1.7 -1.7 -1.7 -1.7 -1.7
11.4 26.2 46.2 57.7 64.3 67.5 68.4 68.2 66.3 64.3 62.1 58.6 55.2 48.4 30.2 31.9 46.6 66.2 74.9 81.3 86.1 89.4 90.7 92.1 95 97 98.3 98.8 98.8 98.8 99.2 99.6 99.4 98.8 97.2 95.9 94.2 93.1 92.3 92 91.6 91.6 91.8 92.9 94.6 95.2 93.8 90.8 85.4 76.2 68.7 61.9 55.3 51.1 45.6 38.8 33.3 22.5 4.7 -1.7 -1.7 -1.7 -1.7 -1.7 -1.7 -1.7 -1.7 -1.7 -1.7 -1.7 -1.7 -1.7 -1.7 -1.7 -1.7 -1.7 -1.7 -1.7 -1.7 -1.7 -1.7 -1.7 -1.7 -1.7
25.1 41.3 52 59.7 64.4 66.4 66.1 64.1 61 57.3 53.1 47.9 43.8 36.1 24.9 34.7 53.6 64.7 72.4 78.4 83.3 86.6 88.7 90.7 94.3 96.5 97.9 98.2 98.1 98 97.9 98.2 97.5 96.1 94.7 93.8 92.1 90.6 89.5 88.5 88.6 88.8 89.4 90.5 93.1 94.7 93.5 90.8 86 78.9 71.8 68.1 65.6 63.8 58.8 51.9 42 23.4 -1.7 -1.7 -1.7 -1.7 -1.7 -1.7 -1.7 -1.7 -1.7 -1.7 -1.7 -1.7 -1.7 -1.7 -1.7 -1.7 -1.7 -1.7 -1.7 -1.7 -1.7 -1.7 -1.7 -1.7 -1.7 -1.7
44.6 51.8 56.4 59.2 61.7 62.5 61.1 58.9 54.9 49.4 43.2 36.5 30.5 22 26.3 41.6 54.2 60.7 67.6 73.2 77.2 80.4 84.4 88.8 93.2 95.9 97.6 97.7 97.5 97.4 97.3 96.7 95.2 93.8 92.8 92.1 90.7 89.2 88 86.8 86.4 86.9 87.8 88.9 92 93.9 94.1 91.5 87.6 83.8 79.1 75.1 72.8 69.5 62.5 52.1 38 7.4 -1.7 -1.7 -1.7 -1.7 -1.7 -1.7 -1.7 -1.7 -1.7 -1.7 -1.7 -1.7 -1.7 -1.7 -1.7 -1.7 -1.7 -1.7 -1.7 -1.7 -1.7 -1.7 -1.7 -1.7 -1.7 -1.7
51.7 54.1 55.4 55.4 56.6 56.2 53.4 51.7 47.5 40.5 31.4 25.2 19.8 21.8 33.4 46.1 50.7 55.8 60.4 65.3 70.7 75.6 80.9 87.9 92.7 95.6 97.4 97.9 97.1 97 96.2 95.1 92.9 91.7 90.9 90.2 89.2 87.8 86.4 85.3 84.7 85 85.8 87.6 90.2 92.7 94.1 93.2 89.9 86.2 82.7 78.8 73.8 67.6 58.9 46.2 28.6 -1.7 -1.7 -1.7 -1.7 -1.7 -1.7 -1.7 -1.7 -1.7 -1.7 -1.7 -1.7 -1.7 -1.7 -1.7 -1.7 -1.7 -1.7 -1.7 -1.7 -1.7 -1.7 -1.7 -1.7 -1.7 -1.7 -1.7
51.3 50.7 49.7 48.5 48.4 48.2 45.3 42.6 37.4 29.5 21.9 14.9 20.2 29.7 42.1 48.1 47.7 46.2 51.7 59.9 67.5 73.9 80.3 87.4 92.4 95.3 97.2 97.9 97.1 96.5 94.9 92.7 90.4 89.6 88.9 88.1 87.8 86.3 85 83.7 83.1 83.4 84.7 86.5 88.7 91.1 93.2 93.1 91 87.9 83.8 78.4 72.5 64.3 54.1 37.6 3.4 -1.7 -1.7 -1.7 -1.7 -1.7 -1.7 -1.7 -1.7 -1.7 -1.7 -1.7 -1.7 -1.7 -1.7 -1.7 -1.7 -1.7 -1.7 -1.7 -1.7 -1.7 -1.7 -1.7 -1.7 -1.7 -1.7 -1.7
47.1 44.1 41.7 39.7 39.4 40.3 36.9 32.5 27.1 20.7 13.8 13.8 28 37.2 44 44.6 38.1 37.6 53.9 63.3 69.9 75.4 81.4 87.3 92.1 94.9 96.9 98 97.2 95.8 93.9 90.4 87.3 86.2 86.7 86.1 86.6 85.4 83.8 82.2 81.4 82.2 84 85.9 88 90 91.8 91.6 90.7 88.5 85.1 80.1 72.5 64.6 56.7 47.3 33.9 -1.7 -1.7 -1.7 -1.7 -1.7 -1.7 -1.7 -1.7 -1.7 -1.7 -1.7 -1.7 -1.7 -1.7 -1.7 -1.7 -1.7 -1.7 -1.7 -1.7 -1.7 -1.7 -1.7 -1.7 -1.7 -1.7 -1.7
39.4 35.8 32 30.6 30.1 29.2 27.4 22.4 19.2 15.7 10.2 17.8 27.1 31.3 34.2 32.4 28.9 41.6 58.9 66.2 69.1 73.8 80.2 85.8 90.3 93.7 96.4 97.6 96.9 94.5 92.2 89 84.9 83.1 84.3 85.4 85.3 84.4 82.9 81.1 80 81.4 83.5 85.1 86.9 89 90 89.7 89 87.7 87.3 83.1 75.5 69 62.6 54.7 44.9 32.3 16.1 -1.7 -1.7 -1.7 -1.7 -1.7 -1.7 -1.7 -1.7 -1.7 -1.7 -1.7 -1.7 -1.7 -1.7 -1.7 -1.7 -1.7 -1.7 -1.7 -1.7 -1.7 -1.7 -1.7 -1.7 -1.7
30.6 26.7 24.1 23.3 22 20.8 19.5 17.8 8.7 6.7 6.7 16.7 18.5 20 22.5 22.6 24.8 40.7 50.3 56.4 61.1 67.7 75.6 81.5 87 91.5 94.8 95.6 95.7 93.4 90.3 86.1 81 80.3 82.3 83.4 82.8 82.1 80.7 78.4 78 80.3 82.9 84.4 85.4 86.9 85.7 82.7 82.9 83.6 85.2 84.1 78.7 74.8 70.1 66.4 62.2 56.2 37.7 -1.7 -1.7 -1.7 -1.7 -1.7 -1.7 -1.7 -1.7 -1.7 -1.7 -1.7 -1.7 -1.7 -1.7 -1.7 -1.7 -1.7 -1.7 -1.7 -1.7 -1.7 -1.7 -1.7 -1.7 -1.7
21.5 13.5 9.7 7.2 6.3 2.4 3 1.7 1.3 1.2 1.2 1.1 1.1 1.2 1.3 1.6 12.1 26.5 34.5 40.6 49.7 59.1 67.9 74.9 81.2 88.2 91.2 92.6 93.3 90.8 87.2 81.8 78 77.1 78.6 79.3 79 78.5 76.8 74.1 71.7 77.8 82.8 85.4 86.4 82.7 72.6 69.4 69.2 67.9 76.7 78.8 77.1 75.1 74.3 75.3 72.5 64.2 37.5 9.3 -1.7 -1.7 -1.7 -1.7 -1.7 -1.7 -1.7 -1.7 -1.7 -1.7 -1.7 -1.7 -1.7 -1.7 -1.7 -1.7 -1.7 -1.7 -1.7 -1.7 -1.7 -1.7 -1.7 -1.7
1.8 1.4 1.2 0.9 0.7 0.6 0.4 0.3 0 0 0 -0.1 -0.1 0 0 0.3 1.8 5.7 22.5 28.3 34.9 44.6 55.9 67.5 74.7 81 86.1 87.8 89.6 87.7 83.3 78.7 75.5 73.3 73.5 74.1 74 74.2 72.2 67.4 66.7 74.9 81.6 86.3 84.2 72.4 63.2 64.2 63.5 61.3 59.4 65.2 67.5 69.6 74.3 77.1 72.1 56.7 27.2 -1.7 -1.7 -1.7 -1.7 -1.7 -1.7 -1.7 -1.7 -1.7 -1.7 -1.7 -1.7 -1.7 -1.7 -1.7 -1.7 -1.7 -1.7 -1.7 -1.7 -1.7 -1.7 -1.7 -1.7 -1.7
0.2 -0.2 -0.4 -0.6 -0.8 -1.7 -1.7 -1.7 -1.7 -1.7 -1.7 -1.7 -1.7 -1.7 -1.7 -1.7 -1.7 0.6 13.2 20.1 26.5 34.1 45.8 59.3 67.9 74.8 79.4 83.1 85.6 84.5 80.4 76.4 73.3 70.5 69.2 69.4 69.7 69.8 67.5 61.8 64.3 74.7 78.7 82 75.4 62.5 59.5 58.1 56.5 54 47.2 43 49.8 56 66.6 75.1 65.4 43.4 13.3 -1.7 -1.7 -1.7 -1.7 -1.7 -1.7 -1.7 -1.7 -1.7 -1.7 -1.7 -1.7 -1.7 -1.7 -1.7 -1.7 -1.7 -1.7 -1.7 -1.7 -1.7 -1.7 -1.7 -1.7 -1.7
