public/OST50/SW94.asc
ncols 200
nrows 200
xllcorner 190000
yllcorner 40000
cellsize 50
[rows 74 to 110 of 200, columns 0 to 84 of 200]
45.1 49.6 54.5 59.3 63 64.7 64.9 63 59.8 56 51.6 47.3 43.4 40.4 37.2 35 34.4 35.8 38.9 44.2 49.9 53.7 56.7 58.8 60.4 61.6 62.6 65.6 68 70.3 70.6 71.3 73.2 77.3 81.5 82.1 82.3 80.4 76.7 72 67.7 65.3 60.5 58.6 59.3 59.3 58.5 57 55.4 54.7 53.3 51 47.7 30.3 13.3 13.3 13.2 13.4 18 30.4 47 58.7 60.5 60.5 60.5 58.3 59.6 65.3 68.4 71.1 73.2 74.6 76.1 76.3 75.6 75.5 78.6 85.4 89.1 89.9 89.8 88.7 87.6 85.9 83.5
45.3 48.8 53.5 57.5 61.2 62.6 63.3 60.6 56.7 51.8 46.8 43.1 40.8 37.5 34.7 34.4 34.7 36.1 38 41.8 44.4 49.1 51.5 53.1 53.4 55.9 60.6 64.8 69.2 71.6 72.4 74.4 76.8 80.2 83.1 82.7 81.5 79.1 74.9 68.2 61.8 58.7 55.2 50.8 50.9 51.3 50.7 48.8 44.8 42.2 44.5 45.2 43.3 24 13.2 13.4 13.1 16.6 29.6 44.1 64 71.7 75.8 76.8 77 77.2 77.7 79.3 82.2 83.7 84.9 85.6 85.7 85.8 84 83.1 80.1 85.1 88.8 90.9 91.2 90 88.5 86.6 84.4
43.5 46.3 50.9 54.7 58.6 61.4 61.6 59.4 55.2 49.4 44.5 41.4 38.7 36.7 35 34.4 34.8 36.1 37.2 39.3 41.5 43.4 46.1 48 51.7 57.4 64.1 68.7 73.1 75.6 77.3 79.9 81.6 82.9 82.9 81.8 80.3 77.5 73.3 66.1 55.8 50.3 48.5 48.5 40.1 38.6 35.5 33.2 28.6 26.1 29.9 34.4 29.5 15.3 13.5 13.2 13.4 22.6 37.6 55.6 75.2 80.4 84.3 86.4 86.9 86.8 87.9 89 90.2 91.5 92 92.8 92.3 91.5 91.5 91.4 89 86.5 90.9 92.8 93.3 92.3 91.2 89.4 87.5
40.8 43.5 47.5 52.2 57.1 60.9 61.1 59.6 56 51.4 46.1 42.5 39.4 37.7 36.1 34.5 33.5 36.6 39.2 42.5 45.6 47.7 48.8 51.8 57.2 63.2 69.3 73.5 77.4 79.6 80.8 82 82.1 81.8 80.8 79.4 77.6 75.4 71.7 66.6 60.8 58.2 55.5 53.1 50.5 46.9 43.7 38.3 32.2 28.4 21.7 22.3 20.2 13.7 13.1 12.7 16.4 28.8 45.7 66.8 80.4 86 89.3 91.5 92.9 93.8 94.5 96.1 96.9 97.7 98.3 98.3 98.3 98.3 97.6 95.9 93.6 90.8 93.3 94.8 95.2 94.6 93.7 92.9 91.7
38.8 43 47.3 52.5 57.5 60.3 60.4 60.2 57.6 52.9 48 44.9 42.1 38 36.2 33.8 33.6 37.6 43.1 47.6 52.2 56 58.8 62 66.8 71.2 74.6 78.1 79.7 80.2 79.9 79.9 79.5 78 76.8 75.3 73.6 72.5 70.4 67.4 65.5 63.1 60.3 58.7 56.6 53.4 49.1 45.7 39.3 32.4 23.6 15.7 13.3 12.8 12.9 12.5 19.9 36.1 56.7 72.9 81.2 86.4 90.3 94.1 96.1 97.9 99 99.1 99.5 100.5 101.3 101.5 101.3 100.9 100.4 98.2 95.8 95.3 95.6 96.4 96.3 96.2 95.8 95.5 95
37.7 41.1 45.2 51.1 56.1 59.6 60.8 60.4 58.5 54.2 51.3 48.8 46.1 42.1 37.4 32.5 32.9 40.1 46.4 52.8 60.1 65.1 69.4 72 74.8 77.5 78.9 80 79.7 79.1 78.1 76.7 75.2 73.3 71.6 70.5 68.9 68 66.6 65.6 64 62 59.9 57.3 53.7 49.4 44.2 36.9 27.1 18.8 13 12.7 12.7 12.8 12.6 16.2 24.3 45.4 61 71.8 78.7 84.2 89.4 93.3 96.2 98.1 99.5 100.1 100.8 101.3 101.7 101.9 101.7 101.3 100.6 99.2 97.8 96.9 96 96.2 95.9 95.5 95.4 95.3 95.2
35.8 40.1 45.4 50.5 55.5 58.5 60.5 60.1 58.3 56.1 53.8 50.4 47 44.2 39.7 32.7 33 42.7 50.3 57.9 64.7 71.2 75.7 77.6 79.4 80.3 80.4 79.7 77.7 75.8 73.5 70.9 68.7 66.2 63.3 61.9 59 56.1 55.8 56.9 57.5 57.1 55.3 52.6 48.8 43.4 35.6 24.3 15.4 11.5 11.4 11.9 12.8 12.8 16.7 24.5 30.5 39.3 55.1 65.4 72.7 82 87.9 92.8 95.7 97.4 98.6 99.4 100.2 100.9 101.3 101.7 101.4 100.8 99.9 98.7 97.1 95.2 95.3 94.6 94.3 93.9 93.3 93.2 93.7
36.5 41.3 46.5 51.3 55.3 58.4 59.9 59.4 57.5 56 53.7 51 46.1 39.2 35.3 32.4 34.7 44 52.9 60.4 66.5 72.2 77.1 80 80.3 79.8 78.7 75.2 72.3 68.9 65.7 62.9 59.8 54.4 49.5 45.6 42.1 37.7 38.8 44.2 47.2 47.6 46.6 45.6 43.5 38.4 31.9 18.2 12.2 11.5 11.7 12.1 12.7 16.8 28.4 37.4 40.7 42.7 48.7 58.4 68.1 82.3 88.6 92.6 94.8 96 97.2 98.3 99 99.8 100.5 100.6 100.3 99.6 97.8 96.4 94.9 93 92.5 91.7 90.3 89.6 88.4 87.3 88.1
37.5 43.8 49 51.2 54 56.9 57.7 57.1 54.7 52.3 48.9 44.8 35.9 33.4 32.9 35 42.2 43.2 49.7 56.1 62.4 68.6 75.9 79.8 80.6 79 74.9 68.2 63.9 60.6 57.9 52.9 49.1 43.8 44 43.8 41.1 38.1 31.7 28.8 31.6 37.3 38.1 40 37.3 29.7 21.1 13.5 12.3 11.8 11.9 13.4 17.6 31.7 45.8 58 57.7 59.6 58.3 66.2 76.2 84.5 89 92 93.9 94.6 95.6 96.7 97.8 98.5 99.1 99.4 99.2 98.3 96.6 94.4 92.5 90.8 88.8 87.4 85.5 84.7 83.2 82.8 82.7
37.6 44.4 48.6 50.1 51.3 51.9 50.7 46.7 43.2 39.9 36.8 32.6 30.1 35.4 36.7 38.8 46 49.3 52.2 60.2 67.7 73.2 76.6 79.3 80 77.2 72.1 67.9 63.9 59.8 56.9 55 55.4 56.7 58.3 57 55.4 52.4 45 34.7 24.2 23.6 28.2 33 31.6 20.5 10.9 11.5 11.5 12.3 12.9 17 31.5 50 63.3 70.2 71.5 71.3 71.8 74.7 80.4 84.7 88.1 90.7 92.1 91.9 92 93.7 95.6 96.9 97.7 98.3 98.1 97 95.5 93.4 92 89.7 87.7 86.1 84.8 83.2 81.1 80.7 80.1
35.5 41.7 46.1 45.8 46.6 41.6 35.6 32.4 29.7 32.1 34 35.4 40 44.3 45.4 41.5 45.8 55.9 61.4 68.6 74.8 78.2 80.6 81.4 81.5 80.6 77.4 75.9 72.1 68.5 66.8 65.3 65.6 66.5 66.5 66.2 64.9 61.5 55.8 47.5 37.5 25.5 16.7 24.5 23.9 12.2 11.5 11.2 11.4 12.4 15.1 25.7 44.8 63.5 68.8 70.1 69.8 67.4 70.3 74.1 78 82.2 86.2 88.5 88.2 86 85.8 89.5 93.3 95.7 96.9 97.9 97.7 97.3 96.2 93.6 92.7 92.1 90.7 87.6 86.6 85.2 83.1 79.9 81.6
31.9 38.1 41.4 39.3 34 29.6 30.4 35.7 37.4 41.8 45.8 45.7 51.6 53.1 53.7 49.3 44.3 57.3 67.7 73.6 78.3 81.9 84.1 85.1 85.8 85 84.2 82.9 81.1 79.3 77.1 75.4 73.8 73.6 73.1 72 69.4 65.9 59.7 51.8 46.8 38.8 31.1 17.8 12.3 11.2 11.3 11.3 11.9 13.7 18.3 35.6 53.4 59.4 61.9 61.4 58.1 60.8 66.7 73.1 78 81.6 83.9 85.5 83.3 75.6 85.1 89.7 93.1 95.3 96.6 97.8 98 98 97.3 96.5 95.2 94.1 92.6 90 87.3 84.6 82 79.2 79
28.3 29.6 34.2 29.7 28.9 38.9 43.2 47.2 48.4 49.6 52.3 50.7 58.1 60.5 62.4 60 52 55.2 67.9 74.9 78.8 83.8 86.2 88 88.8 89.6 89 88.4 87.8 87 85.1 83.7 81.4 79 77.1 74.7 71.4 66.6 61.9 54.7 48.4 42.5 35.4 22.8 11.4 10.5 11.1 11.6 12.8 17.8 27.2 44.3 49.4 48.7 49 48.7 48.4 55.8 63.5 68.8 73.7 77.7 79.3 79 71 69.9 84.6 87 89.7 93.9 95.5 96.9 97.7 98.2 98.1 97.1 96.7 95.2 93.7 91.2 89.3 87.2 84.6 83 78.5
38.9 30.3 25.6 26.2 39.9 48.5 53.1 56.7 58.4 59.3 59.8 57.3 63.1 67.3 68.7 67.8 63.1 54.9 65.8 73.7 80 84.5 87.5 89.4 90.6 91 91.2 90.6 90.3 89.5 88 86.3 83.7 80.9 77.5 74 70.5 65.8 60.4 53.6 47.6 39.5 26.6 13 10.2 10.9 11.5 12 13.5 19.3 32.9 36.4 36.7 36 35.5 36.5 43.7 54.1 59.7 64.3 67.3 70.3 72.1 70.7 62 73.5 80.6 83 85.2 88.7 92.1 95.3 97.5 98.2 98.8 98.6 97.7 96.4 95 93 91 89.3 88.1 86.8 83.1
48.7 38.7 29.6 30.7 43.6 55.3 61.7 65.5 67.9 68.6 68 66.8 69.3 72.2 74 73.3 71.3 65.2 63.4 72 79.5 84.8 88 89.6 90.6 90.4 90.3 90.4 90 89.1 88.1 86 83.4 80 76.1 71 65 60.3 55 49.9 44.1 33.9 18.2 10.1 10.6 11.1 11.8 21.4 25.3 18.1 18.3 23.1 23.8 23.7 26.7 33.1 43.6 50.1 54.3 57.5 60.1 62.2 61.2 56.4 63.4 69.5 73.1 77.1 82.2 89.5 95 96.7 98.2 99.5 99.8 99.6 99.1 98.4 97.4 96.2 94.3 92.1 90.7 89.3 85.6
51.5 39.3 26.3 35.4 47.3 63.7 70.8 74.7 76.6 77 76.6 75.7 76.6 78 78.6 77.5 75.3 71.1 63 69.9 78.9 85.7 88.8 90.1 90.5 89.7 87.9 87.8 87.1 86.3 85.5 83.6 82.4 80.2 76.4 68.2 58.4 48.9 45.7 41.2 36.9 29.3 14.4 10.3 10.7 11.3 16.9 32.5 37.7 36.2 29 24.7 27.1 32.1 35.4 34.3 33.4 42.5 46.8 48.7 49 48.3 53.3 59.5 63.6 67 75.7 84.6 90.8 94.3 96.7 98.5 99.9 100.7 101.5 101.8 101.5 100.9 99.7 98.5 96.7 94.7 93.5 91.9 89.3
48.3 33.5 25.1 39 53.1 68.7 78.2 81.6 83.2 83.8 84.1 83 82.6 83.9 82.8 81 77.4 69.7 68.3 73.8 80.8 86.7 89.6 91 90.3 89.1 86.4 83.7 82.3 82.1 81.9 81.1 80.5 78.7 75.4 70.6 62.7 49.3 34.9 27.4 22.3 18.8 13.2 10.7 10.6 10.8 21.1 36.8 43.2 45.4 43.1 41.2 45.3 48.7 49.8 48.2 42.7 38.1 40.6 44.3 52.5 59.8 66 70.4 74.8 79.3 84.6 89.2 92 95.3 96.9 98.7 100.4 101.6 102.7 102.6 102.2 101.6 100.8 99.2 98.1 96.9 95.1 93.1 90.5
48.5 30.1 26.1 44 58.7 74.8 82.8 85.9 87.5 88.7 88.8 88.7 88.9 89 87.1 84 79.2 74.8 78.1 81.8 85.4 88.7 91.1 91.7 90.6 88.3 84.9 80.7 76.2 77.4 76.8 76.7 75.8 75.2 73.8 69.5 62.5 49.4 41.8 34.2 27.5 20.6 13.2 11 10.8 12.1 25.8 42 48.3 52.2 55.7 56.8 57.3 57.2 56.7 55.8 55.6 55.3 56.1 59.3 63.3 68.3 71.9 76.4 80.8 84.7 87.6 89.8 91.5 93.9 96 97.6 99.8 100.8 101.8 101.7 101.4 101.1 100.3 98.9 98.2 97.1 95.6 93.2 90.4
50.2 29.5 26.4 44.8 62.3 80.8 85.5 88.8 90.1 91.3 92.3 92.9 93.2 91.7 89.7 85.9 81.9 82.1 84.6 87.7 89.8 91.8 92.4 91.9 89.9 86.9 82.8 77.8 72.7 71.5 70.7 70.6 70.1 71 70.7 68.1 64.5 58.2 51.6 45.5 37.3 26.3 13 10.9 10.5 18.6 35.3 47.2 53 57 60 61 61 61.1 61.2 61.1 61.4 61.4 63.8 67 69.4 72.4 76.3 80.1 83.5 86.4 88.1 89.5 91 92.5 93.5 94.3 96.9 99.2 100.5 100.2 99.6 99.5 99.5 98.7 97.7 96.3 94.5 92.1 88.9
50.5 31.6 27.6 46.9 65.3 82.9 88 90.2 92.4 93.9 94.7 94.8 94.5 93.2 91.2 88.6 87.2 87.5 89.3 91.5 93.1 93.2 92.3 90.8 87.9 84.3 79.6 74.4 65.2 64.8 64 62.3 64.2 66.2 67.6 67.1 65.5 62.1 56.9 50.8 43.2 30.8 15.3 10.7 10.7 22.8 38.6 51 56 58.7 60.6 61.4 62.1 62.3 62 62.7 65.1 66.4 67.9 69.6 71.5 75.1 78 81.6 84.1 85.8 87.3 88.3 88.9 89.5 90.3 92 93.8 95.8 98 98.3 97.9 97.9 98 97.3 95.9 94.3 92.2 89.4 85.5
51.8 30.2 25.9 47.2 65.8 84.2 89.5 91.9 93.7 95.1 95.4 95.1 94.8 93.6 92.5 91.6 91.3 91.2 92 93.2 93.3 92.3 90.4 88.3 85.1 81.5 77 71.7 61.4 57.3 56.4 54.1 58.6 62.6 65.5 66 65.9 63.9 60.3 54.6 47.6 33.7 17.5 10.4 10.3 22.7 41.7 51.1 54.9 57.4 59.3 60.7 61.3 60.9 61.8 62.6 64.8 67.6 69.7 71.9 73.8 76 78.9 81.9 83.4 84.5 85.1 85.8 85.6 86 86.9 88.9 90.6 92.7 94.5 95.5 96.1 95.6 94.9 94 92.5 89.6 87.3 84.7 81.5
52.8 29.2 26.1 46 66 84.4 90.4 93.2 94.9 95.3 94.9 94.5 94.1 93.5 93.3 92.4 92.2 92.7 92.8 92.5 91.5 90.1 88 85.2 82.1 78.5 74.2 69 60 46.9 48.7 48 56.6 61.1 63.3 64.8 65.4 64.7 62 58 51.5 40.2 17.7 10.3 10.5 21.8 42 49 51.6 53.8 56.2 58 58.7 59.1 59.9 60.3 61.6 65.1 68.9 71.3 73.9 75.8 77.8 80.4 81.9 82.3 82.5 82.5 81.9 80.7 82.5 85 87.5 89.3 90.5 91.8 92.3 91.9 90.7 90 88 82.8 80.3 77.5 78.1
51.8 31 24.3 43.6 62.8 82.8 90.4 92.9 94.5 94.4 94 92.9 91.8 91.9 91.4 92.2 92.2 91.6 91 89.8 88.3 86.3 84.4 81.6 78 74.2 69.4 63.9 59.4 50 39.9 48.9 55.1 58.1 60.5 62.5 62.9 62.7 61.2 58.1 52.2 43.5 21.2 10.3 10 18 38.7 43.7 46.9 49.7 51.6 53.4 54.8 55.7 55.2 56.8 59.5 62.9 66.5 69.5 72.2 74.2 76.2 77.9 79 79.3 78.6 77.9 76.6 73.6 78.4 81.5 83 83.7 84.9 86.9 87.2 86.4 85.1 84.9 83 74.6 68.7 71.2 75.9
44.4 29 24 42.8 57.7 80.6 87.2 91.5 93 93 91 89.9 88.9 89.2 89.5 89.5 89.3 88.9 88.1 85.8 84.1 80.7 78.9 76.6 73.3 67.8 62.9 57.2 52.8 48.2 34.9 45.3 50.7 54.5 57.3 58.6 60 59.6 58.7 55.2 50.4 41.8 23.7 10.2 9.9 14.5 31.4 36.4 39.8 43.4 45.6 47.7 50.1 52.1 53.4 53.9 55.4 58.9 63 66.5 69.5 71.9 73.9 74.8 75.2 74.5 73.8 71.8 66.9 68.2 73.7 76.6 77.6 78.8 79.3 80.4 79.8 78.7 77.2 76.7 70.5 63.8 65.6 69.7 72.1
31.2 22.7 25.8 44.1 57.7 77.5 86.2 89.8 91.2 91.4 90.3 86.6 85.2 84 85 84.7 84.7 84.8 84.3 81.9 79.3 75.1 72.8 70.2 66.5 61.2 53.6 47 44.3 39.7 35.1 42.5 46.2 50.2 53.4 55 55.9 55.8 53.8 50.3 44.8 31.8 17.8 10.2 9.6 13.8 24.1 27.9 31.9 36.3 40.1 44.6 48.7 50.1 51.2 48.7 50.1 53.5 58.5 63.1 66.8 69.6 70 70.4 70.9 70 67.4 65.2 57.3 66.7 69.7 70.7 71.1 71.7 72.3 72.1 70.4 69.1 66.6 61.9 58.1 60.2 63.8 64.3 67
19.9 21 33.2 49.7 63.7 76.7 85.8 88.4 89.6 89.4 87.5 83.3 80.7 77.7 77.9 79.3 80.2 80.5 79.3 77.1 73.9 69.6 65.9 62.7 59.1 54.3 47.3 40.9 37 32.7 31 38.3 41.7 46.3 49.1 50.6 51.2 50.7 48.9 45.3 34.5 16.8 10.2 9.7 9.4 11.4 21.2 27.5 35.2 39.5 42.9 44.6 47.3 48.1 49.1 46.1 43.7 48.3 52.9 60.3 64.4 67.2 68.1 66.9 66.5 64.6 60.5 57.9 55.3 61.9 63.7 64.3 63.9 63 62.7 60.5 57.9 55.8 53.5 52.8 54.5 58.7 59.4 60.5 64.9
23.3 37.3 49.8 57.9 73.2 82 85.5 87.1 87.1 87.2 85.7 83 78.9 75 73 74 75.1 75.7 74.2 71.8 69 64.4 60 54.7 51 46.2 41.7 36.6 32.7 27.4 28.2 33.2 37.7 42.2 44.8 46.1 46.6 45.8 43.9 38.8 23.7 12.6 9.8 9.6 9.4 10.1 23.3 32.9 39.3 43.9 47.1 49 47.2 48.1 46.5 41.2 37.1 44 51.2 58.3 62.6 64.4 65.3 64.6 62.4 57.7 52.7 46 52 56.6 56.9 56.3 53.9 52.4 50.9 48 47.1 46.9 47.6 49.7 54.5 56.5 55.8 62.6 69.3
31.6 52 58.9 69.6 78.8 83.1 84.7 85.3 85.1 84.5 83.2 81.5 78.2 74 69.5 67.8 69.3 69.9 68.6 66.8 64.1 61.4 58.3 51.1 46.4 41 37.2 30.9 26.9 23.6 23.5 28.4 34.4 38.6 40.5 42.3 42.4 41.6 39.7 34.4 19.9 9.7 9.3 9.3 9.2 10.9 25.1 34.4 41.3 45.6 46.9 47.8 47.2 46.4 43.4 35.6 38.2 45.1 51.7 57.8 60.4 62 61.9 61.2 57.6 54.4 47.6 40.6 47.9 51.4 50.4 44.5 42.2 40.7 40.4 41 42.4 42.7 45.4 46.7 49.5 51.5 56 64.7 71.8
40.1 60.2 69 77.6 80.8 82.1 82.9 82.8 82.1 80.9 79.8 78 75.9 72.4 67.7 62.7 62.5 63.8 62.9 61.3 60 57.7 55.5 49.7 46 43.7 40.1 35.4 31.5 25.8 19.9 24.6 31.1 34.9 37.1 38 36.9 36 34.2 29.7 16.1 9.2 9.6 9.8 9.1 13.2 29 36.1 41.5 44.3 46.2 46.2 45.6 44.5 40.9 30.5 37.9 46.6 53.2 56.1 58.3 58.8 58.4 57.2 55.7 53.3 48.1 40.2 40.4 44.1 39.3 35.9 36.1 41.4 44.4 48.4 51.4 51.9 51.1 50.8 52 54.4 57.2 62.8 72.3
46.4 64.3 74.9 79 81 79.8 80.3 79.7 78 76.6 74.8 72.9 70.9 68.5 64.5 58.6 55.6 57.7 57.2 55.8 54.8 53.5 51.7 49.1 45.9 43.4 40.5 38 34.1 30.4 24.4 18.3 27.1 31.1 33.2 33.4 31.3 29.4 26.5 16.6 11.4 9.4 9.1 9.4 11 23.1 31.9 36.8 40.1 42.6 44.9 45.3 44.3 42.7 37.8 26.6 36.3 46.6 51.9 54.7 55.4 55 54.8 54.3 53.5 52.4 49.9 44.9 34.8 32.4 34.4 42.3 49.1 54.9 60.4 62.5 63 61.2 59 58 59.9 63.1 66.7 67.8 69.7
51.8 67.5 74.1 78.4 79.3 78.3 77.5 75.6 73.5 71.8 69.8 67.7 65.1 62.3 58.7 53.5 48.7 50.2 49.6 48.9 48.5 47.7 46.2 45.6 45 42.3 39.6 37.2 34.4 32.2 28.7 20.2 20 26.8 28.9 28.4 26.3 21 10 9.7 9.4 9.6 9.7 9.9 19.9 28.5 33 36.3 39 41 42.9 42.6 41.6 39.3 34.1 23.6 36.7 47.1 50.7 52 52 51.2 49.8 49.5 50.7 49.7 47.9 42.3 31.9 31.3 42.8 49.1 54.3 59.3 63.4 65.4 67.1 67.2 67.7 69.6 72.2 74.6 78.2 79.6 81
53.4 69.1 72.9 76.3 77 74.7 72.3 71.2 69 66.9 64.3 61.6 58.2 55 51.1 47 43.3 42.3 41.7 41.1 41 41.1 40.5 41.3 40.8 40 38.3 36.2 33.9 31.4 27.6 22.4 14.5 22.1 23.8 22.7 15.2 9.2 8.6 8.7 9.4 9.5 9.9 13.3 18.6 23.3 27.8 31.6 34.7 37 39.2 39 37.5 33.9 25.8 21.4 39.6 46.4 48.3 49 48.2 46.8 45.1 44.4 46.2 45.5 43.3 39.8 30.5 30.9 38.9 45.5 53.2 58.9 63.7 68.1 70.7 72.6 75.6 79.1 81.8 84.3 86.6 88.1 89.7
55.2 64 73.3 74.6 74.3 71.2 67.4 65.4 64.8 62.9 59.7 55.8 53.1 49.6 47.8 42.2 39 36.9 35.4 33.8 33.5 33.8 34.6 35.9 37.1 36.8 35.8 34.7 31.5 28 24.4 20.4 13.8 16.3 18.5 15.5 7.9 8.1 8 8 9.2 12.9 11.3 9.8 10.1 9.4 11.6 15.9 25.4 32.7 33.7 34.3 33.2 25.1 17.5 25.3 40.1 43.9 44.5 44.2 43.5 42.5 41.4 39.8 40.3 40.6 40.1 33.3 26.7 30.9 35.9 41.3 50 58.5 65.7 70.3 75.5 80.3 82 85.9 88.6 90.6 92.1 93.8 95.4
60 66.9 72.9 72.5 71.2 67.7 63.5 60.4 59.2 59.3 57.1 53.9 49.7 46 44.6 41.6 40 38.5 35.4 33.4 30.5 27.4 28.7 30.5 31.8 33.9 34.1 32.8 30.6 26.2 23.7 21.7 18.4 11.5 9.8 8.2 7.9 8.2 8.2 8.5 20.9 23.7 22 18.9 19.1 17.5 16.4 12.1 10.7 15.7 23.3 25.9 22.5 16.6 20.8 33.5 37.3 39.6 38.7 37.7 36.4 38.1 38.4 35.8 34.7 35.1 30.4 25.3 31.7 40 44.6 45.3 46.3 58.5 66.6 73.1 78.9 83.9 87.8 91 92.6 94.4 95.6 96.8 97.9
67.4 72.8 72.4 70.6 68.2 63.1 58.3 54.2 55 54.8 54.3 53.2 50.6 48.3 46.5 46.2 45.6 44.7 42.9 40.6 36.5 30.1 24.6 25.2 27.1 29.4 31.6 32.6 32.6 32.1 30.6 29 27.4 24.6 15.1 8 8.2 9.2 12.4 19.9 24.8 27.8 28.6 28.9 29.6 29.5 29 25.9 19.6 11 10.9 10.2 11.3 13.2 15.9 26.7 31.9 33.5 31.2 29.4 30.1 32 32.5 31.3 27.6 26.4 24 30 39.9 47.2 50.4 53.1 54.1 59.5 68.9 76 81.9 87.1 90.9 93.5 95.4 96.1 97 97.7 98.3
75.3 76 73.3 69.2 65.8 62 56 49.5 50.9 50.2 50.1 50.4 49.8 47.9 47.4 47.2 46 45.2 43.2 40.8 37.4 33.1 27.3 22.2 25.4 29.5 32.7 35.8 37.4 37.4 36.2 33.7 30.7 26.6 14.1 7.9 8.4 11 16.2 21.6 26.6 29.8 32.2 34.1 35.9 36.8 37.3 36.8 34 28.7 18.9 14.6 19.2 20.9 17.5 14.9 23.1 26.9 25 25.2 23.9 24.9 25.4 22.8 22 23.5 31.7 38.5 45.1 49.8 54.2 57.9 60.9 65.8 72.1 78.7 84.4 88.4 91.7 93.7 95.2 96.2 97.1 97.7 98.3
78.1 77 73.3 68.8 64.4 60.1 53.5 47.8 43.9 44.1 44.3 46.4 47.1 47.8 47.4 46.7 45.3 42.1 38.9 38.3 35.7 32.3 27.1 21.8 26.4 32 35.3 38.8 39.5 39.5 37.6 34.2 30.5 22.3 10.2 8.4 8.7 11.4 17.2 22.6 26.9 30.5 34.2 37.3 39.5 41.9 43.4 43.8 42.8 40.3 37.4 33.6 33.3 31.6 28.1 17.1 13.6 18.3 17.6 16.4 17.6 18.1 19.3 22.2 26.1 28.4 32.6 39.7 47.1 52.2 57.4 61.8 65.3 70.1 75.1 80.7 85.2 88.9 91.4 93.1 93.6 94.7 96.2 97.5 98.5
