public/OST50/SW94.asc
ncols 200
nrows 200
xllcorner 190000
yllcorner 40000
cellsize 50
[rows 0 to 36 of 200, columns 85 to 169 of 200]
65.7 59.9 61 60.1 60.2 60.8 60.8 60.8 56.2 54.2 52.7 51.3 49.5 47.9 47 46.1 45.5 45.2 46 46.5 46.9 47.9 48.7 49.8 51.3 52.3 53.4 54.8 56.3 58.2 60.3 61.9 63.2 65 67.1 70.1 73.1 75.1 77.3 77.6 78.6 80.6 82.3 84.8 87.8 89.3 89 89.3 88.8 86.3 85.8 82 75.2 75.4 79.3 82.2 85.2 89.1 92.6 95.3 97 98 98.9 99.6 99.8 99.4 98.5 97.4 96.3 94.5 90.6 82.5 74 76.3 90.7 98.5 101.3 103.8 105.4 106.4 108.1 110.4 112.5 115.6 117.4
64.4 59.2 61.6 64.2 65.8 67.1 68.5 67.8 65.1 62.4 57.3 55.7 53.1 51.6 49.9 48.4 47.8 47.2 46.9 47.4 47.9 47.5 48 49 50.2 50.9 51.9 53.3 54.5 55.9 57.6 58.9 60.1 61.9 64.4 66.6 68.7 70.7 72.7 73.4 74.7 76.6 79.7 82.6 85.1 86 86.3 86.5 83.7 84.2 82.9 79.3 74.7 74.5 77.2 80.3 83.8 87.5 91 92.9 93.7 94.7 95.6 95.9 96.2 95.5 94.4 93.2 92.1 90 86.3 76.1 71 80 92.9 98 101.4 103.9 106 108.1 109.8 111.4 113.3 114.8 116.9
62.1 59.5 62.8 68.2 71.4 75.6 78.8 80 77.8 75.5 71.5 66 62.1 58.3 55.3 53.9 52.9 53.2 52.3 52.5 52.4 50.7 49.5 49.2 49.6 51 52.3 52.9 54.7 55.8 56.7 57.4 58.4 59.7 61.7 64 65.4 66.9 68.1 69.8 71.9 75.1 78 80.4 82.4 83 83.2 81.3 81 80.3 78.6 75.5 73.8 75 75.9 78.8 82.2 85.8 88.7 90.3 91.2 91.6 91.8 91.9 92 91.4 90.3 89.2 87.7 85.6 82.2 73.2 71.2 83.2 90 94.1 97.5 99.7 101.7 105.4 107.6 109.8 111.2 113 114.7
59.5 57.6 63 69.1 75.6 83 84.6 85.1 84.4 83.4 81.5 78 73.7 70.3 67.6 64.8 62.7 62 61.3 59.7 57.5 55.5 53.7 52.5 52 52.2 53 53.7 54.8 55.9 57.4 58.4 59.2 60.7 61.9 63.3 64.1 66 67.3 69 71 73.6 76.2 78.6 80.4 80.2 79.1 79.4 78.5 76.1 74.6 72.9 71.9 72.3 74.5 77.4 80.6 84.2 86.7 87.5 88.2 88.5 88.2 88.1 88 87.5 86.4 85 83.4 80.9 77.2 71.1 72.1 79.6 84.8 88.5 91.2 93 95 98.3 101.4 104.6 106.2 109.8 112.5
55 57.1 61.4 66.7 72.8 77.7 81.1 82.8 83.2 82.4 81.8 80.4 77.7 75.3 72.8 70.9 69.2 68.5 66.8 64 61.4 59.1 57.1 56.8 54.9 55.1 55.5 55.8 56.5 58.3 60.9 61.7 62.7 63.8 64.8 65.7 66.8 68.3 69.6 71.1 72.5 74.6 76.5 78.3 79.4 78.4 76.9 75.8 73.7 73.3 71.3 70.4 70.1 71.6 73.8 76.4 79.3 82.5 84.3 84.8 85.3 85.2 84.9 84.5 83.5 82.7 81.7 80.9 79 75.9 72.7 69.5 69.7 75 79.6 83.1 85.4 87.9 90.1 91.7 93.9 96.2 99.7 104.6 109
51.1 53.4 57 63 69.3 74 77.5 79.7 80.6 80.4 80 78.9 77.2 75.1 73.6 71.5 69.7 69.3 68.3 65.8 62.6 61.6 60.7 59.5 58 57.3 57.8 58.9 59.7 61.4 64.4 67.5 68.9 68.6 68.8 68.6 69.2 70.8 72.4 74 75.4 76.1 77.3 79 79.6 79.2 77.1 74.2 71.5 69.3 68.7 69.2 70.4 72.9 75.5 78.1 80.1 81.9 82.5 83.5 82.7 82.3 82.1 81.7 80.7 79.5 78.6 77.5 75.4 72.7 69.7 68.5 68.4 72.7 75.7 78.8 81 83.3 85 86.5 88.2 90.4 94 98.4 102.7
47.6 49.4 52.5 59.8 65.4 69.9 72.9 75.7 76.8 77.2 77.2 77.2 76 74.6 73.6 72 70.2 69.7 68.7 67.6 66.8 65.3 64.7 63.7 62.2 61.1 61.9 63.9 65.1 66.4 68 69.4 72.2 73.4 73.7 73.6 75 75 75.8 77.5 78.5 79.3 81.3 81 80.7 80.1 77.9 75.4 72.9 69.3 68.2 70.3 75.7 77.9 80.3 81.6 81.3 81.7 81.5 80.7 79.7 79.1 79 78 77.1 75.9 74.5 72.9 71.3 69.8 67.8 66.6 67 69.8 73 75.5 78 79.1 80.4 82 83.7 86.4 89.5 92.9 96.7
43.6 45.6 49.7 55.9 61.1 65.6 68.9 71.2 73 73.8 74.3 74.4 73.1 72.4 71.6 71.2 70.2 69.5 68.5 66.9 66.9 68.2 68.3 67.7 65.8 64.3 64.5 67.5 69.6 70.8 72.1 73.7 75.3 77.2 79.4 83.3 85.5 84.8 84.1 83.3 83.5 83.3 83.3 83.7 82.8 82.8 82.1 80.6 76.5 73.5 68 74.9 78.9 80.4 81.5 81.2 80.8 79.8 78.8 78.2 77.1 76 75 73.8 73.3 72.3 71.2 69.5 67.7 66.5 65.5 65.5 65.9 67.3 70.5 73 74.3 75.6 76.9 78.2 79.8 82.4 85.4 88.5 91.7
39.5 40.6 45.1 50.5 55.8 60.4 64.7 67.9 70.4 71.7 72 71.4 69.7 68.8 67.9 67.9 67.7 66.9 66.9 66.1 67.3 68.7 69.2 69.1 68.8 66.7 67.7 70.7 72.6 74.9 76.4 77.7 79.3 80.8 83.2 85.7 84.6 87.8 89.1 89.3 88.5 86.7 87 87.7 88.5 89.1 88.1 85.9 82.7 78.6 67.8 69.4 76.2 78.5 79 78.7 79.1 78.1 77.1 76.1 75 73.9 72.3 71.3 70.7 69.8 68.6 67 65.6 64.7 64.6 64.5 65.1 66 68 69.8 71.5 72.7 73.8 75 76.7 79 81.3 84.3 87.4
37.1 39.1 40.9 41.7 46.9 52.1 58.7 63.9 67.7 69.4 69.4 68.5 66.3 64.6 63 62.9 63 63.1 64 65.1 66 67.6 68.8 69.7 71 70.1 70.3 71.8 75.2 78 80.2 81.3 82.3 83.2 84.8 86.3 87.5 89.1 89.2 89.3 89 88 87.6 87.9 88 87.6 87 85.4 82.7 77.6 69 66 72.5 75.2 76.1 75.9 76.4 76.4 75.6 74.5 73 71.7 70.5 69.7 68.8 67.9 66.8 65.3 63.9 63.7 63.6 63.6 64.3 65.2 65.9 67 68.6 69.7 70.9 72.2 73.7 75.7 77.6 80.3 82.7
41.2 43.9 46.9 45.7 45.2 43.5 46.1 58.9 64.3 66 66 65.3 63 60.8 59.5 59.4 59.4 60 61.4 62.6 63.8 65.5 68.8 71.3 72.9 74.1 74.5 75.8 77.3 80.3 82.3 83.7 84.6 85.4 86.3 87.2 88 88.3 88 87.7 86.8 86.3 85.5 83.8 83.1 82.8 82.4 80.8 77.7 74.2 68.2 64.1 69.2 72.2 73.6 74.6 75.5 75.6 74.8 74.1 72.5 70.5 69.5 68.4 67.3 66.3 65 63.9 63 62.9 62.8 62.6 63.3 63.9 64.5 65 65.8 67.2 68.6 69.9 71 72.9 74.9 77.1 79.5
52.2 57.5 61.1 61.3 57.7 53.9 45.4 50.2 60.4 62.4 62.4 60.6 58.6 57 56.3 56.2 56.4 57.5 58.8 60.1 61.4 64.8 68.2 72.1 74.8 76.6 78.4 79.5 80.7 83 84.1 85.2 85.9 86.2 86.9 87.4 87.1 86.9 86.2 84.8 83.7 83.4 81.9 80.4 79.3 77.9 76.7 74.7 72.3 69.2 65.9 64.5 65.5 69.4 72.4 74.1 75.6 75.8 74.9 73.9 72.5 70.7 69 67.5 66.4 65.3 64.1 63 62.9 62.8 62.3 62 61.9 62.5 63.2 63.6 64.2 65.1 66.3 67.4 68.6 70.1 72.1 74.4 76.3
65.8 69.6 70.8 70.5 68.7 63.6 53.7 45.9 54.6 57.9 58.3 56.7 55.2 53.3 53.1 53.2 54 55.1 56.4 58.3 60 63 67.3 72 75.7 79.4 81.8 82.7 83.8 84.9 85.7 86.6 87.1 87.4 87.3 86.8 86.1 85.2 83.7 82.4 80 79.6 77.7 76.2 74.9 73.5 72 70.4 68.5 66.7 64.2 63.4 64.4 66.9 71.4 73.9 75.7 76 75.3 74.4 73.2 71.5 69.7 68 66.2 64.8 63.7 62.4 61.5 62.1 61.6 61.4 60.7 61.1 61.7 62.3 63 64.1 64.8 65.4 66.2 67.4 69.3 70.9 72.6
69.5 73.1 75.4 75.2 72.9 67.6 61 50.2 46.2 50.5 52.2 53.5 52 50.4 50.4 50.6 51.9 53.4 55.1 57.1 59.1 61.5 66.4 72.3 77 80.8 83.5 84.7 85.7 85.8 86.9 87.7 87.1 87 86.5 85.7 84.8 83.7 82.3 80.6 78.3 75.8 73.6 71.9 70.8 69.4 68.3 67.5 66.2 64.4 63.6 62.7 66.1 69.3 72.3 73.7 75.7 75.9 75.7 74.8 73.6 71.9 70 68.2 66.5 65.5 64.3 63 61.5 60.4 60.9 60.8 60.7 60.9 61 61.2 62.2 63.5 64.2 64.8 65.3 65.8 66.4 68 68.9
71.1 75 77.4 77.9 75.6 71.1 64.6 59.1 51.7 47.7 47.3 49 49.2 48.8 49.6 50.7 52 53.2 54.6 56.1 58.2 60.8 65.9 71.8 76.5 79.6 82.9 84.9 86.3 86.7 87.3 86.8 86.3 85.5 84.7 83.8 82.7 81.9 80.9 78.3 75.7 73.4 71.1 68.7 66.9 65.6 64.8 64 63 62.2 62.5 62.7 66.4 70 72.5 74.3 75.8 75.9 76 75.2 74 72.3 70.3 68.3 67.1 66.1 64.7 63.2 61.7 60.5 60.3 60.3 60.2 60 60.2 60.4 60.9 62.2 62.9 63.5 64 64.5 65.1 65.8 67.2
73.4 76.6 78.2 78.3 76.4 72.7 68 63 57.5 52.2 49.5 48.3 48.4 50.1 51.2 51.6 54.4 57.2 56.8 57.2 58.2 60.9 64.6 69.5 74.1 77.9 79.8 82.4 84.8 85.2 85.2 85.2 84.9 83.6 82.9 81.8 80.5 79.7 78.7 76.4 75 72.5 69.7 66.9 64.3 62 60.6 60.2 60.3 59.6 61.1 62.7 66 68.7 71.9 74.4 75.5 76 76 75.5 74.4 73 70.9 68.1 66.7 65.4 64.4 62.9 61.4 60.4 59.8 59.9 59.7 59.2 59.3 59.5 60.1 61 61.6 62.1 62.6 63.2 63.9 65.2 66.5
77.4 78.5 79.3 79.2 77.5 74.4 71.6 66.4 61.2 56.5 52.8 50.6 49.2 50.6 52.6 55.8 59.6 61.9 62.4 61.9 61.3 63 65 68.2 72 75.6 78.6 81.2 83.2 83.4 83.3 83.3 82.9 81.8 80.3 78.9 77.4 77.3 77 76 75.4 73.5 70.8 68.4 65.8 62.1 58.1 59.4 61 60.8 62.2 64.1 66 68.8 72.9 74 75 76 75.7 75.3 74.3 73 70.8 67.6 66 64.7 63.7 62.7 61.2 60.2 59.5 59.4 59.1 58.7 58.5 58.7 59.2 59.8 60.3 60.9 61.5 62.1 63.3 64.6 66
82.1 83.3 83.8 82.8 80.3 78.2 75.3 71.6 66 60.9 56.5 53 51.2 50.6 51.9 57.6 60.8 62.4 64.6 64.6 64.4 65.4 67.8 70.1 73.3 75.7 77.8 80.2 81.4 81.6 81.5 81.2 80.3 79 77 74.7 73.9 74.7 75.4 75.2 74.9 73.8 71.9 69.6 66.7 61.7 58 62.5 65.5 65.5 65.7 66.2 67.7 70.1 72.4 73.6 74.6 75.5 75.7 75.2 74 72.2 70 67.1 65.2 64.1 63.1 62.1 61 59.9 59.3 59 58.6 58.2 57.8 57.8 58.4 58.9 59.4 60 60.6 61.3 62.5 64 65.8
86.4 88.4 88.5 86.6 83.1 80.4 78.1 74.7 70.6 65.4 61 57.1 53.3 51.4 52.6 54.7 57.3 59.5 61.9 62.7 64 65.7 67.8 73.5 76.2 77.7 78.8 79.7 80 79.9 79.8 78.6 77.6 76.1 74 72.1 69.9 70.5 72.4 73.6 72.9 71.8 70.5 68.7 66.1 59.8 58.3 65 68 68.7 68.4 68.5 68.5 70.2 71.8 73.3 74.3 74.9 75.4 75.1 73.2 71.2 68.6 66.1 64.5 63.8 63.1 62.4 61.5 60 59.3 58.8 58.2 57.7 57.3 57 57.5 58 58.5 59 59.6 60.5 61.6 63.2 64.8
88.8 90.4 89.7 87.4 84.4 81.5 78.5 75.3 71.5 66.7 62.3 59.1 55.5 52 52.2 52.8 54.2 56.8 58.5 60.5 62.3 66.5 70.1 74 76.2 78 78.8 79.2 79.4 79.3 77.9 76.8 76.1 73.8 72 69.7 67.7 68.6 69.3 70 70.1 69.3 67.7 66.2 62.7 58 57.4 63.8 67 68.5 68.4 68.3 68.1 69.5 71.1 72.7 74.1 74.9 75.6 75.5 74.3 72.6 69.3 66.1 65.2 64.6 64 63.7 62.3 60.8 59.3 58.8 58.2 57.7 57.2 56.6 56.5 56.9 57.4 57.9 58.7 59.6 60.5 61.8 63.4
89.9 90.4 89.1 86 82.5 79.8 76.9 73.7 70.4 67.1 63.6 60.2 56.6 53.4 54.5 54.7 55.6 58.1 60.3 64.5 67.4 69.4 70.9 73.7 75 77.9 78.3 78.7 78.8 77.5 75.9 74.8 74 72.2 70 68.1 65.9 65.6 66.2 66.5 66.5 66.6 65.4 64.1 61.3 58 55.3 60 63.8 65.7 65.8 65.8 65.7 68 70.6 72.6 74.6 75.6 76.5 76.5 75.7 73.4 70.5 67.3 66.1 65.7 65.9 65.1 63.7 62.4 60.8 59 58.3 57.6 57 56.5 56 55.9 56.3 57 57.8 58.7 59.5 60.4 62
90.4 89.8 87.5 84.1 80.3 77 73.9 70.7 67.7 65.2 62.3 60.7 57.6 54.9 57.3 59 59.8 62.6 65.9 67.1 70.5 74.8 74.7 75.2 77.7 78.3 78.6 78.2 77.1 75.5 74 72.8 71.9 70.9 68.5 66 63.7 63.5 63 63.2 63.7 63.7 62.6 61.5 59.4 56.8 54.6 57.9 60.5 61.8 62.5 62.2 62.9 66.3 70.3 72.9 75.1 76.6 77.7 78.1 77.3 74.9 71.9 69 68.4 68.5 68.2 67.4 65.9 64.4 63.1 60.6 59 58.3 57.6 57 55.8 55.6 55.4 56.1 56.9 57.8 58.6 59.5 60
92.3 90.9 88.1 84.2 80.3 76.1 71.8 68.5 65.4 63 60.1 58.7 57.8 57.9 61.1 63.4 64.9 67.1 70.4 74.9 77.7 79.4 78.5 78.9 79.6 79.4 79.4 78.5 76.8 74.6 72.5 70.8 70.1 68.7 66.5 65.1 64.2 61.6 60.9 60.1 61 60.9 59.8 58.6 57.4 56.1 54.7 54.8 56.6 57.8 58.6 59.3 61.6 65.1 69.6 72.6 75 77 77.6 78.1 77.5 75.5 73.1 71 71.2 71.5 71 69.7 68.3 67 65.5 62.7 59.7 59 58.4 57.4 56 55.3 55.2 55.3 55.9 56.8 57.6 58.4 59
94 92.4 89.5 85.3 81.9 77.5 73.8 70.8 67.9 65.1 61.8 58.4 59.3 62 64.7 66.8 67.7 71.1 75.1 79.8 82.7 83.2 82.7 81.4 80.9 80.6 79.9 78.7 77.2 75.1 72.8 70.5 70.6 70 70.2 69.1 67 64.3 61.5 60.4 59.9 58.9 58.6 57.9 57.6 56.2 55 54.1 54.4 54.7 55.5 57.7 60.5 64.2 67.8 71 74.3 76.3 77.1 77.6 77.6 76.1 74.6 74 74 74.5 75 73.8 72 70.5 68.4 64.8 61.7 59.8 59.1 57.4 56.1 55 54.9 55 55.3 55.9 56.6 57.6 58.7
95.1 93.5 90.9 87.5 83.9 80.4 77 73.8 70.8 67.8 64.5 60.4 62.3 65.3 68.2 69.1 72.1 75.7 79.7 83.7 85.2 86.2 85.5 84.2 83.1 82.2 80.9 79.1 77.7 75.4 72.7 72.4 72.8 73.8 74.2 72.5 70.7 67.4 63.8 61.4 60.9 60.9 59.1 58.6 58.1 56.2 55.2 54.3 54.2 54.4 54.4 55.8 58.1 62.2 65.6 68.8 72 74.6 76.4 77.1 78.5 78.7 77.6 77.4 77.4 78 78.4 78.9 75.7 73.9 71.7 68.2 64.4 60.8 59.2 57.5 56.3 55 54.7 54.7 54.8 55.3 56.3 57.2 58.7
93.8 93.1 91.2 88 84.9 82.1 79.4 76.7 73.3 70.7 67.7 62.7 64.8 68.8 70.2 72.8 76.8 80.2 84.8 86.5 87.9 88.7 87.7 86.9 85.8 84.6 82.6 80.8 78.1 74.8 73.9 75.2 76.7 77.3 77.4 75.7 73.3 70.4 67.3 65.3 63.6 64.2 63.6 61.7 60.8 58.5 56.8 55.2 54.2 54.2 54.1 53.9 55.2 59.5 63.2 66.4 69 71.9 74.4 76.7 78.6 79.8 80.3 81 81.2 81.5 81.8 81.1 81.6 77.3 74.8 71 66.9 62.9 60.1 58 56.8 55.3 53.9 53.3 54.3 55.4 57.7 58.7 59.9
91.2 90.9 89.1 86.4 84 81.5 78.8 76.8 75 72.7 70.9 68.4 68.8 73.3 76.5 79.4 81.9 85.7 88.4 89.7 90.6 90.8 89.9 89.2 88.2 86.4 84 81.9 79.5 77.5 77.7 78.9 80.1 80.5 80.4 78.9 76.5 73.7 72.9 71.5 69.3 69.3 67.8 66.2 63.9 61.4 59.1 56.8 54.7 54.4 54.2 53.5 53.8 55.9 60.3 62.6 66 68.9 72.2 74.7 77.7 80.3 81.8 83 84 84.4 83.8 82.6 81.8 81.1 76.7 72.3 68.3 64.8 61.7 59 57.4 54.8 53.5 53.4 54.1 57 59.3 60.9 62.5
88.8 88.7 86.7 83.6 81 78.6 76.1 74 72.5 70.9 69.1 63.8 66.4 74.8 79.5 82.5 84.9 87.2 89.5 91.3 92.4 92.9 92.8 91.8 90.7 89 86.8 84.6 83.1 81.1 81.3 82.4 83.3 83.7 83.2 82.1 80.1 79 78.3 77.3 75.2 74.2 72.5 69.5 66.2 63.5 61 58.5 55.7 54.7 53.7 53.1 53.5 53.8 55.8 59 62.5 65.9 69.8 74.3 77.8 81 83.2 84.8 85.8 86.1 85.3 84.1 82.3 80.1 77.2 73.5 69.8 67.3 64.6 61.7 57.7 54.1 52.7 53.8 57.3 60.7 61.9 63.3 64.8
86.4 86.3 84.3 81.2 78.6 76.5 73.5 71.8 70.2 68.4 66.5 64.8 67.7 71.4 77.3 81.3 84.5 87.1 89.5 91.7 93.5 94.6 95 94.7 93.5 92.2 90.1 88.1 86.7 85.6 85.9 86.2 86.6 86.7 86.1 85.4 83.8 83 82.7 81.2 79.7 78.4 75.5 72 68.6 65.9 63 60.1 57.5 55 53.1 52.6 52.5 52.6 53.9 56 59.3 63.8 68.9 73.6 78 81.2 83.3 85.3 86.7 87.2 86.7 85.3 83.5 80.8 78.4 75.5 73.3 71.1 68.8 65.3 60.6 54.9 52.7 56.4 61.9 64 65.1 66.3 68
86.7 86 83.6 81 78.2 75.2 72.9 71.5 69.3 68.1 67.1 66.8 68.6 71.2 74.6 78.1 83.2 86 88.6 91.5 93.6 95.6 96.1 96.1 95.5 94.7 93.2 91.6 90.3 89.7 89.3 89.3 89.7 89.9 89.4 88.7 88 87.4 86.7 85 83.1 80.9 77.9 74.5 70.9 68.1 65 62.4 60.4 58.1 55.6 52.3 51 51.4 52.4 54.5 57.8 62.6 67.3 71.9 75.9 79.6 82.2 83.9 86.6 88 87.3 86.5 85 82.6 81 78.7 76.7 74.6 70.8 67.4 61.9 55.9 54.2 62.2 66.2 68.2 69.1 69.8 71.7
87.5 87.1 85.7 83.5 79.8 77.1 75.7 73.9 72.4 71.1 69.8 70.1 70.6 73.7 77.7 81 82.8 85.5 88.3 91.2 93.2 94.8 95.7 95.5 95.4 94.9 94.2 93.1 92.2 91.9 91.4 91.4 91.3 91.7 92.5 92.7 91.5 90.9 89.4 87.4 85.2 82.7 79.6 76.4 73 69.8 66.4 63.7 61 59.6 57.3 53.5 50.9 50.1 51.4 54.1 57.6 62.1 66.4 70.6 74.4 77.2 80 82.8 86.1 88.1 88.1 87.2 86.4 85.1 83.9 82.3 80.1 76.2 71.3 63.1 57.7 53.8 58.5 68.5 70.6 72.1 73 73.7 75.6
88.2 88.3 87.4 83.4 81.4 81.2 79.8 77.1 75.9 74.8 74.1 74.5 76.9 79.8 82.3 84.8 86.5 88.2 90.2 91.2 92.3 93.4 94.2 93.9 93.7 93.5 93.4 92.8 92.7 92.5 92 92.4 92.6 92.7 93.3 93.4 92.1 90.8 89.2 86.9 84.4 81.5 78.5 75.7 72.6 68.4 64.6 61.1 59 57.3 54.5 52.2 49.9 49.8 51.9 54.2 58.7 63 66.4 69.9 71.7 74 77.2 80.8 85.2 87.5 88.6 88.4 87.1 84.7 83.3 82.6 80.7 75.8 63.5 56.7 53.3 52.7 62.6 69.6 72.7 74.7 76 77.5 78.3
84.8 83.6 84.4 86.1 83.8 83.3 81.4 79.9 78.1 78.4 78.3 79.9 82 84.1 86.3 87.9 88.9 89.7 90 90.6 91.1 91.6 92 92.1 91.9 91.8 91.5 91.3 91.4 91.6 91.7 91.9 92.1 92.5 92.3 91.7 90.7 89.3 87.1 84.4 81.4 78.7 76 72.7 68.9 65.6 62 58.5 56.2 54.3 51.1 48.9 49.7 50.7 51.8 53.7 57 61.2 65 67.1 68.5 71.2 74.9 78.7 81.5 85.4 86.8 86.2 84.4 82.3 77.4 77 71.7 62.5 53.9 54.1 54.7 58.3 61.7 68.1 72.2 75.2 77.2 78.1 78.6
83.2 83.9 84.2 84.1 83.1 82.3 81 80 79.3 78.6 79.9 81.3 82.9 84.6 86.2 87.5 88 88.6 88.9 88.6 89.1 89.6 89.7 89.6 89.2 89 88.8 88.6 88.6 88.6 88.7 88.9 89.8 89.6 89.3 88.9 87.7 86 84.3 81.7 79.1 75.9 72.7 69.2 65.8 62.5 59.1 55.8 52.8 50.5 49.3 50.8 50.7 53.2 54.6 55.1 56.5 58.8 61.1 63.6 65.6 68.6 72.5 76.5 80.7 84.3 87 86.9 85.2 81.3 75 63.1 57.5 53.6 55.4 63.3 69.5 68 68 70.1 72.5 75.4 77 78.9 78.2
79.4 79.7 80.4 80.2 79.2 77.6 77 76.2 75.7 76 76.7 77.9 79.7 81.6 83.7 85 85.6 85.9 86.7 86.9 86.8 87.3 87.4 87.3 86.7 85.8 85.9 85.7 85.7 85.6 85.5 85.4 86.2 86.6 86 85.2 84.4 83.4 81.4 78.8 76.2 73.8 69.9 66.6 63.4 59.6 55.2 52.1 48.7 49 53.1 55.4 56.2 56.6 57.6 57.4 57.9 57.9 59.7 61.2 64.7 68.6 72.4 78.8 84.9 88.1 89.8 89.1 87 83.6 70.3 57.5 52.1 55.7 64.3 75.1 79.4 79.2 77.8 75.4 77.1 78.5 79.3 80.1 78.8
75.7 76.2 76.2 76 75.1 73.7 73 72.8 72 72.2 73.1 74.4 76.2 78.1 80.4 82 82.7 83.5 84.2 84.6 84.9 85 85 84.9 84.7 82.9 82.2 82.3 82.8 82.6 82.4 82 82.6 83.5 82.5 81.8 81.5 79.8 78.6 76.2 73.7 71.6 67.5 64.3 60.3 56.1 52 48.5 48.6 53 57.8 60 60.1 60.2 60.7 61.7 61.9 62.2 63 63.8 65.6 70.4 74.2 79.7 85.6 89.2 90.5 90.1 88.3 83.7 64.9 49.8 55.7 65.1 76.1 83.1 86 87.7 89.3 87.5 83.8 82.6 82.1 81.5 79.8
71.7 72.2 71.8 71.6 71 69.8 69.1 68.6 68.6 68.8 70.4 69.6 72.3 74.8 77 78.9 80.2 81 81.7 82.2 82.5 83.3 83.2 83.1 82.7 81.3 81 80 80 80.2 79.8 79.4 79.2 79.7 79.6 79.6 78.8 77.2 75.8 73.7 71.5 69.3 66.3 62.8 59.1 55.8 53.9 49.3 48.9 53.9 59.4 62 64.4 65.2 66 67 67.8 67.6 67.8 68.3 69.3 71.4 75.7 81 85.6 88.3 88.9 88.3 86.1 77.9 57.4 50.2 66.8 79.6 84.5 87.9 90.8 93.2 95.1 95.3 92.9 90.6 87.8 85.3 83.4
