public/OST50/SW94.asc
ncols 200
nrows 200
xllcorner 190000
yllcorner 40000
cellsize 50
[rows 148 to 184 of 200, columns 0 to 84 of 200]
53.6 59.3 60.5 60.7 61.1 63 65.7 66.7 67.2 67.7 68.6 69.5 69.8 70.1 70.4 69.4 66.8 63.3 57.6 50.5 43.3 37.4 35.5 34.6 36.4 38.3 40.7 45.9 53.1 60.8 67.1 72.7 76.9 79.9 83.7 86.1 88.4 89.7 90.3 89.9 89.6 89 89.7 89.9 90.2 90.6 90.4 90.1 88.7 86.3 81.9 76.5 72.4 69.4 65.7 63.8 61.5 59.3 66.8 71 70.6 67 66.7 66.1 57.1 54.5 69.4 74.3 77.5 78.6 81.5 83.4 85.7 86.5 86.6 86.6 85.5 85.5 85.6 86 87.1 88.2 88.5 88 86.3
57.7 59.1 58.9 59.7 61.9 66.2 68.7 68.2 67 66.4 66.1 66.1 66.5 67.4 67.7 66.7 64.7 61.3 56 48.9 41.4 35.9 33.3 34.2 36.3 38.1 40.2 43.4 50.4 58.3 64.4 69.5 73.9 77.5 80.9 83.5 85.6 87.4 88 88.8 88.8 89.1 89.9 90.9 91.4 91.5 91.3 90.6 89.1 86.5 82.9 78.4 74.6 71.8 69.5 67.8 64.8 64.1 71.1 73.7 73.3 71.8 71.1 68.4 59.1 57.9 69.8 74.9 77.8 80.9 83.8 86.4 88.2 88.3 87.6 87.5 87.5 87.4 87.7 88.1 88.5 89.3 89.3 88 86.3
54.9 55.1 54.4 55.5 61.3 65.9 67.8 67.1 64.9 61.8 61.2 61.4 62.6 64 64.5 64 62.3 58.8 53.5 45.6 37.6 33.8 32.4 34.2 36.2 39.6 42.2 44.6 46.1 50.8 58 63.4 68.6 72.7 76.1 78 81 83.7 84 86 88 89.2 89.9 91.4 91.8 92 91.6 91 89.4 86.5 83.9 80.8 77.2 74.3 71.7 68.3 64.4 66.9 71.8 74.4 76.2 76.1 75.2 73.4 66.4 56.5 66.5 74.2 77.7 81.4 85.2 87.6 88.5 88.7 88.6 88.4 88.2 87.9 88.3 88.6 89.2 89.7 89.1 87.8 86.1
51.8 49.1 47.7 50.7 58.9 64.1 65.9 64.5 60.5 56.2 54.7 55.1 57.8 59.9 61.3 61 60 55.9 51 44.6 37.1 32.1 30.5 35.7 39.7 43 45.9 49.3 51.3 52.5 55.2 56.6 59.4 63.2 67.8 71.1 74.7 78.1 80.8 83.4 86.4 88.4 89.9 91 91.6 91.5 91.3 90.7 90.1 88.4 85.8 83.5 80.1 76.9 73.4 69.1 67.6 69.8 73.6 76.2 78.2 79 79.1 77.7 73.9 65.5 60.9 71.6 77.2 81.7 85.3 87.4 88.6 88.7 88.5 88.3 87.9 87.7 88 88.5 89 89.4 88.4 87.2 85.7
44.7 40.3 41 47.1 55.7 60.9 61.6 58.9 55 50.7 47.6 50.1 52.6 55 56.5 57.6 56.7 53.9 50.6 45.8 41.7 34.9 29.2 36.6 42.2 45.2 48 51 55.5 60.1 64.9 69.9 71.1 70.1 68 68 68.2 70.3 76.7 82.5 85.4 87 87.9 89 89.9 90.1 90.3 90.4 89.7 89 87 85.1 82.6 79.3 73.9 72.9 71.4 71.6 75.7 78.8 80.9 81.9 81.6 79 75.3 68.4 60.4 69.5 77.2 82.2 84.2 86.3 88.2 88.1 87.7 87.2 87.2 87.1 87.3 87.6 87.9 87.8 87 85.9 84.6
36.8 34.9 36.3 43.2 49.8 53.5 53.8 51.7 49.5 44.6 40.5 44.6 47.2 48.9 51.5 52.9 52.6 51.4 49.4 46.9 45.2 43.8 36 31.8 41.1 44.8 47.9 52.2 57.3 63.3 69.7 75.2 78.4 80.3 80.8 80.6 79.6 78.7 73.3 81.1 83.1 85.2 85.7 86.6 87.6 88.3 88.5 89.2 89.2 88.7 87.8 86.1 83 79 76.5 77.7 77.2 76.6 79.7 82.3 83 82.7 81.2 78.4 73.3 66.8 63 70.3 77 81.6 84 86.1 87.5 86.7 85.9 85.3 85.2 86.4 86.3 86.2 85.8 85.2 84.5 83.5 82.2
33.7 31 32.6 38.8 42.5 44.4 46.7 47.2 45.4 40.2 33.1 38.6 41.1 43 45.2 47.3 48.2 47.6 46.7 45.2 45.4 45.6 43.5 31.1 38.6 43.5 47.4 53.1 59.2 66.6 73.9 79.1 82.6 85.4 87 86.3 85.1 83.3 79.8 75.6 79.7 81.6 82.7 83.8 84.9 85.9 86.1 87.7 88.5 88.4 88 86.6 83.1 79.6 82.2 82.9 82.9 82.4 81.4 84.4 84.3 83.5 80.6 77 70.8 67.8 71.1 74.7 77.8 81.2 83.9 86.7 86.7 85.8 85 84.1 83.6 84.1 84.3 83.7 83 82.3 81.2 80 78.7
33.7 28.8 28.5 32.6 35.5 37.5 41.5 42.8 41.4 35.8 28.8 32.6 35.7 37.4 40 41.4 43 43.6 43.3 42.3 41.3 41 37.8 30.6 34.7 41.6 48.6 55.6 64.6 71.9 78.1 82.6 85.8 88.7 89.6 88.9 87.2 83.7 80 77.5 76.6 78.7 79.3 80.1 81.8 83.7 84.9 86.8 87.6 88.6 88.4 86.9 84.5 83.7 85.4 86.3 86.3 85.8 85.9 86 85.8 84.1 81.4 78 73.3 69.9 76.3 79.6 82.3 84 85.8 86.6 86 85 83.4 81.6 80.2 80.5 80.7 80.1 79.4 78.7 77.5 76.1 74.7
36.4 29.2 24.1 26.4 29.4 33.5 36.7 38 36.5 30.1 24.4 29.4 30.7 30.7 33.9 34.9 37.1 38.7 37 33.2 31.1 26 29.3 34.8 38.6 45.6 52.7 61.3 70.5 77.2 82.4 86.1 89.3 90.9 91.2 90.3 88.1 83.6 81.9 81.1 80.2 82.1 82.2 81.8 82.8 83.8 85.2 86.5 87.6 88.7 88.7 88 86.3 86.8 87.8 88.5 88.1 87.9 87.9 88 86.9 84.6 82.8 80 76.2 72.4 78.6 82.2 84.5 85.8 86.2 85.8 84.9 83.1 81.2 79.3 77.7 77.1 76.9 76.1 75.3 74.7 73.6 72.1 70.8
37.2 31.1 20.6 20.6 24.2 28.8 32.2 33.5 31.5 25.7 20.8 26 25.4 24.3 26.8 27.4 28.8 26.2 24.4 24.7 35.2 41.5 44.3 45.3 47.4 51.8 58.1 65.8 73.9 80.6 85.7 89.3 91.5 92.5 92.4 91 89.6 86.5 85.3 84.5 84.5 84.4 84.3 84.2 84.8 85.3 86.6 87.3 88.2 89.3 89.5 89.2 88.7 89.1 89.4 89.7 89.8 89.5 89.5 89 87.9 85.9 83.5 81.1 78.6 75.3 77.8 82.2 85.2 86.2 86.6 85.1 83.7 81.8 80 77.6 75.8 74.8 74 73.1 72.3 71 69.8 69 68.4
36.1 29.9 21.3 16.4 19.3 23.8 27.3 27.5 26.2 21.3 18.3 17.3 16.6 18.1 19 18.9 17 21.7 27.4 30.7 42.4 47 49.2 50.6 53.9 57.4 63.5 70.5 77.3 83.3 88.1 90.8 92.4 93.1 93 91.6 90.2 89.1 87.7 86.2 85.6 85.9 86.4 86.5 86.1 86.6 87.6 88.3 89 89.9 90.1 89.8 89.3 89.5 89.8 90.1 90.3 90.6 90.5 90.1 88.9 87.7 85.5 83.5 82.3 79.9 78.8 82.8 86.2 86.9 87 85.5 84.3 82.3 79.7 77.4 75.5 73.9 73 71.8 71 70.5 70 68.7 68.1
32 26.4 20.8 15.4 14.9 18.5 20.2 17 15.9 13 14.6 16.7 16.7 16.1 15.4 19.4 25.5 35.5 42.3 43.4 41.8 44.7 49 52.8 57.4 61.3 67.6 73.6 79.6 85.6 89.7 91.8 93 93.6 93.3 92.2 91.1 90 88.8 87.5 86.6 86.8 87.2 87.5 87.6 87.8 88.5 89.2 89.9 90.6 90.6 90.2 89.7 89.9 90.2 90.5 90.6 90.7 90.6 90.3 89.5 88.6 87.5 86.8 85.7 83.6 80.7 84 87 87.6 86.7 85.8 84.2 82.2 80.2 77.9 75.4 74.3 73.9 73.6 73 72.6 72.5 72.7 72.8
25.5 20.7 16.2 11.4 10.1 11.2 10.5 10.5 14.1 18.8 23.8 25.9 27 24.2 16.9 25.7 37.4 44.2 48.8 51.6 51.3 51.1 51.2 53 59.4 64.3 70.2 76 82.4 87.1 90.3 92 93.4 93.9 93.4 92.1 90.8 89.7 88.5 87.4 86.3 86.5 86.8 87.5 88.1 88.5 89.1 89.8 90.5 90.8 90.3 89.9 89.7 89.6 89.7 89.8 90.2 90.6 90.7 90.4 89.8 88.9 89.7 89.8 88.4 86.5 84.6 87.1 88.6 88.7 87.8 86.5 84.1 82 79.7 77.3 75.2 74.7 74.8 75.4 75.6 76 76.1 77.6 79.5
16 12.2 6.9 6.2 10.9 9.9 15.6 19.9 23.2 28 32.3 34.2 35.6 35 25.3 22.5 40.1 48 52.8 55.8 58 58.4 57.4 56.6 61.1 67.3 72.8 78.4 83.7 87.6 90.1 91.7 92.9 93.3 92.7 91.4 90 88.5 87.4 86.2 84.5 84.3 85 86.9 87.7 88.7 89.4 90 90.3 90 89.2 88.2 87.7 87.8 88.7 89 89.3 89.4 89.9 90.3 90.2 90.2 91 90.7 90.3 89.5 89.1 89.6 90.3 89.7 88.8 86.9 84.5 81.6 79.1 77.2 76.7 77 77.3 77.5 78.2 78.7 79.7 81.5 83.2
7.3 6 12.5 18.1 25 21.6 15.2 24.6 29.2 33 37.8 40.7 42 41.6 34.1 21.4 36.2 49.2 56.1 60.2 62.9 64.3 63.7 62.5 64.6 70.5 76.3 81.2 85.3 88.1 89.8 91.2 92 92.2 91.6 90 88.4 86.9 85.6 84.5 81.5 81.5 84.3 86.5 87.5 88.6 89 89.2 89.1 88.8 88 86.6 85.2 84.7 85.5 86.5 87.5 87.9 88.3 88.6 89.1 90 90.4 91.3 90.8 90.5 90.9 91.3 91.6 90.8 89.7 87 84.2 81.4 80.3 80.2 80.2 79.9 80 80.4 81.2 82.5 84.8 86 86.2
10.4 16.9 26.2 31.2 32.6 22.1 19.8 24.4 31.8 38.4 43 45.1 45.8 44.5 34.9 22.3 33.6 50 58.8 64.8 67.8 69.5 69.6 69.1 68.3 72.8 79 83.1 86.6 88.8 90 90.4 91 90.6 89.3 87.3 85.7 83.9 82.5 80.7 77.5 80.7 83.1 85.5 86.8 87.3 88 88.2 87.9 87.6 86.8 85.6 84 82 81.3 82.6 84.2 85.8 86 86.2 87.7 89.1 89.5 90.7 91.4 91.4 91.8 92.3 92.7 91.9 90.1 87.8 85.1 84.4 83.7 83.8 83.8 84.7 86 88.2 89.9 90.2 90.2 89.2 87.8
23 30.5 36.3 38.9 35.5 20.6 28.2 34.7 37.3 43.5 47.5 49.2 48.8 46.9 37.3 24 33.4 49.8 62.8 69.1 72.6 74.5 74.8 75 76.3 76.7 81.3 85 87.8 89.2 89.7 89.9 89.2 88.2 86.1 83.8 81.7 79.5 77.8 76.4 74.9 78.7 81.9 84.1 85.5 86.6 86.2 87.1 86.7 86.5 85.5 84.6 83.1 81.1 78.5 79.6 81.1 82.7 83.3 84.1 85.4 86.4 88.8 90.6 91.7 92.3 92.8 93.1 93.1 92.1 90.5 88.7 87.4 87.3 87.2 87.2 88.4 89.9 91.7 94.3 95.2 94.4 92.3 90.9 88.1
36 38.9 41.9 43.9 36.6 24.4 35.9 46.5 48.1 51.8 52.5 52.9 52.1 50.3 41.9 27.1 33.8 51.2 65.6 71.3 75.5 78.1 79.4 80.3 80.5 81.5 83.8 86.6 88.5 88.8 88.7 88.6 87.3 85.4 82.5 79.6 76.9 75.1 73.4 71.8 73 76.9 79.7 82.3 84.2 85.6 86 84.1 84.8 84.7 83.6 82.4 81.2 78.3 75.5 76.4 77.1 78.1 79.3 81.3 83.1 86 88.9 90.9 92.2 92.9 93.3 93.2 92.4 91.5 90.9 90 89.5 89.5 89.7 89.8 91.4 93.4 95.4 97.1 96.7 95.1 93.4 91.4 88.4
41 44.4 47.3 48.9 41.2 31.1 40.7 54.6 57.6 58.3 57.9 57.1 55.7 53.3 43.7 27.2 35.2 52.7 66.8 72.5 77.4 80.1 81.5 82.5 84.6 84.3 85 87.7 88.2 88 87.9 86.8 84.8 82.4 79.3 76.1 72.9 70.4 68.9 67.9 71.3 73.9 76.6 79.7 82.9 84.3 83.9 82.6 82.1 82.6 81.5 80 78.4 75.3 72.6 72.4 73.3 75.2 77.1 79.5 82.7 86 89.1 91 92.7 93.4 93.4 92.6 91.5 91.4 90.8 90.2 90.3 90.6 91.3 92.2 93.7 95.5 97.5 97.5 96.5 94.9 93.1 91.1 88.8
46.3 48.8 51.9 53.5 50.6 37.5 46.3 59.2 62.1 62.5 61.5 60.3 57.7 53.3 41 27.7 37.7 55.9 68 73.9 78.4 81.3 82.3 83.3 84.4 85.3 86.3 86.6 86.7 86.7 86.5 84.7 82.2 77.8 75.1 72.3 69 66.2 65.1 66 68.5 71.3 74.8 78.6 82.4 83.2 82.4 81.7 80.3 81.1 79.2 75.9 73.7 70.5 70.6 71.7 75.1 78.1 79.6 80.7 83 86.3 90 92.1 92.2 93.1 92.2 91.5 90.7 89.9 90.1 90 89.7 91 92 93.6 95.3 97.6 98 97.2 95.4 93.8 92.1 90.1 87.7
48.5 52.5 56.2 58 58.3 52.5 58.3 63.5 64.7 64.4 63.3 60.7 57.7 52.8 38.8 29.8 43.4 60.1 68.5 73.4 78.1 80.9 81.9 82.5 83 83.5 84.5 84.5 84.2 84.4 81.5 81 78.7 74.3 70.1 67.2 63.8 63 63.6 65 67.4 70.5 76.4 79.8 81.9 82.2 81.3 80.4 78.3 79.2 76.9 71.8 68.6 67.8 71.7 74 76.7 79.3 81.5 82.7 84.6 87.8 91 92.6 93.3 92.6 91.3 90.1 89.3 88.2 87.9 87.4 88.2 90 92.3 94.3 96.8 97.4 97.3 96.7 94.4 92.6 90 87.6 85.3
50 54.1 58.8 62 63.7 64.1 65.8 66 65.6 64.9 62.4 60.3 57.4 53.1 39.4 31.6 51.5 61.4 67.9 72.7 76.5 79 80.1 80.7 80.9 81.4 82.1 82.8 82.7 81.3 79.9 77.1 74.1 70.1 66.5 62.6 60.5 61.2 63.3 65.2 67.6 71.2 77.4 80.1 81 81.1 80.2 79.2 75.2 75.1 72.6 69.2 66.9 68.9 72.8 76 77.7 79.7 81.9 83.7 85.9 87.2 90.5 92.2 92.4 91.4 90.2 88.4 87 85.7 84.8 84.7 85.4 88.6 91.8 94 96 96.7 96.4 95.1 92.8 89.8 86.7 83.4 82
50 56.6 61.3 65.2 67.4 68.6 68.7 66.9 65.6 63.6 60.8 57.8 54.9 51.9 41.5 36.1 53.2 60.9 66.6 71.3 74.7 76.7 77.2 77.3 76.9 78.3 79.8 81.1 80.8 78.6 76.4 72 68.4 65.5 62.9 59.7 60.1 63.9 65.5 66.7 70.1 73.9 77.3 79.6 80.1 80.2 79.3 77 73.5 68.4 67.2 65 66.6 68.2 72.3 74.6 76.7 79.1 80.9 83.3 85.5 87.6 90.2 91.8 91.7 90.6 89 87.4 84.7 83.1 82.3 82.7 83.4 86.2 90.9 92.9 94 94.5 94.4 92.5 88.7 85.1 81.1 78.6 78.4
52.1 58.8 63.7 67.5 69.5 70.7 69.5 66.8 64.4 60.9 57.3 53.8 50.4 48.5 40 39.1 51.5 58.6 63.7 69 72.7 74.2 74.8 73.8 73.9 77.5 80.1 80.8 79.4 77.1 72.7 68.7 65.4 61.7 59.7 57.8 62.4 65.8 67.9 69.5 73.6 75.8 77.5 78.5 79 79.2 78 74.6 68.9 64.1 64 65.7 68.1 68.3 68 70.8 74.8 77.5 79.2 82.6 84.7 87.9 90.1 90.7 90.7 89.8 88.9 86.7 83.3 81 79.9 80.5 81.6 84.5 88.4 90.5 91.6 91.9 91.2 88.5 84.3 79.9 76.7 74.1 74.6
53.9 60.5 65.2 68.2 70.4 70.5 69.6 66.5 62.1 57.2 51.5 47.6 45 44.1 39.6 37.4 47.5 55.2 61.2 66.2 69.7 71.1 70.5 68.4 74.2 78.5 80.7 81.2 79.8 77.1 73.1 69.1 67 65.2 63.2 58.5 61.1 66.2 70.1 72.3 75 75.9 76 77 77.6 77.6 74.8 69.1 62.8 62.7 66.5 69.9 73.3 74.2 73.1 70.6 72.8 75.9 79.3 82.7 85.4 87.8 90 90.8 91.6 91 89.4 86.2 83 80 78.3 77.2 80 83.5 85.3 87.3 88.2 88.1 87.2 84.4 79.3 74.7 70.2 69.7 74
53.6 60.7 65.1 68.5 70.2 70.2 68.5 65.3 60.1 53.9 48.5 45.3 45.6 47.9 47.6 42 41.7 50.7 56.8 62.7 65.9 66 62.7 70.1 76 79.5 81.3 81.7 80.3 78.2 75.3 72.2 69.9 67.6 64.2 58.8 58.3 64.2 68.8 72.1 73.5 74.8 75.1 75.2 76.1 73.9 69.5 63 62.5 68.4 71.7 75.1 77.3 77.3 75.9 72.5 72.3 76 79.8 83 85.5 87.4 89.8 91.4 92.3 91.4 89.4 86.3 83.2 81.2 79.7 76.5 76.5 81.1 81.7 82.2 83.2 83.6 83.7 81.8 79 73.7 67 69.2 73.2
52 59.7 64.9 68.5 70.5 69.9 67.5 64.3 58.7 53.7 50.9 49.5 51.1 52.7 53.9 51.2 46.9 44.7 51.6 57 58.7 58.8 67.5 73.7 77.5 80.2 81.9 81.9 81 79.1 76.5 73.7 70.4 67.6 64.6 60.2 55.3 62.3 67 69.5 70.6 72.5 72.9 72.6 67.1 64.3 58.9 65 70.1 74.7 77.5 79.1 80.2 78.8 76.4 74.6 72.9 74.6 79.9 82.4 84.9 87.5 89.9 91.9 92.5 91.3 89.3 86.3 84.2 83.3 83.2 82.1 79.2 74.3 73.7 75.3 77.4 78.8 80.1 78.7 77 72.4 65.3 68.4 70.5
51.3 58.7 64.4 68.5 70.6 69.7 67.5 64.5 60.9 57 56.3 55.9 56.1 57.1 58.7 59.7 57.9 48.9 48.5 50.7 57.3 64.6 71.1 75.2 78.6 80.8 82.4 82.3 81.1 78.8 76.4 73.7 70.3 67.4 64.1 59.2 53.7 60.3 65.3 66.1 66.8 69.3 68.8 61.2 58 61.3 66.3 71.8 75.6 79 80.9 81.5 81 79.6 78.8 77.5 75.5 74 77 81 84.1 87.4 89.4 91.9 93.2 92.5 89.4 87.1 86.5 88.4 89.2 87.7 85.1 82.8 80.6 74.6 67.8 70 73.3 74.1 72.8 69.9 63.9 64.1 66.4
50.9 57.8 63.8 68.3 70.2 69.7 67.8 65.4 62.6 61.8 61.8 61.3 61.7 61.2 64.1 65.7 64.7 54.3 53.2 57.4 59 67.6 72.6 76 79.2 81.3 82.3 81.9 80.5 77.8 74.5 71.3 68.2 65.6 62.4 56.7 52.2 58.9 62.1 60.9 61.5 61.3 58.5 58.4 66.5 71.6 74.8 77.6 80 82.1 83.2 83.2 82.8 82.1 81.1 79.8 78 76.9 76 78.8 83.3 86.2 88.5 91.4 94.2 93 90.1 89.1 90 91.2 92 91.6 90.3 89.5 87.6 83.8 78.6 72.5 65.7 64 65.5 63.7 60.3 59.3 61.2
49.6 57.3 62.4 66.2 68.7 69.2 68.2 66.6 65.7 65.7 66.3 66.8 67.5 68.3 68.8 69.7 67.6 57.4 55.9 63.7 65.7 70.5 74.4 77.3 79.7 81 81.4 80 78.8 76.5 73.2 69.1 65.9 62.2 58.8 56.6 54.2 52.1 55.5 52.6 53.7 56.4 60.7 71.3 76.7 78.6 80.3 82 83.5 84.7 85 84.8 84.5 84.1 83.4 82 80.9 80.4 79.4 79.5 81.2 84 86.3 91.7 92.8 92.6 91.7 92 92.7 93.7 94.4 94.4 93.8 93 92 89 84.3 77.8 72.1 66 61 58.4 57.8 57 56.3
48.2 55.5 60 63.8 66.8 68.5 67.8 68.5 68.4 69.7 71.1 72.1 73.1 73.2 72.9 71.3 68.5 59.4 56.5 65.9 69 72.7 75.8 78.3 79.8 80.1 80.5 79.2 76.9 74.2 71.2 68 63.9 63.4 63.9 63.4 60.7 53.5 47.1 57 65.6 69.8 74 79.1 81.8 83.3 84.2 83.8 84.9 85.9 86 85.9 85.9 85.6 85.2 84.8 83.4 83.5 83.4 84 83.7 85 87 91.4 92.7 93.2 92.9 93.8 94.7 95.6 96.3 97 96.4 95.6 94 90.5 85.7 80.6 74.7 68.6 63.9 59.5 57.3 55.8 54.9
46.4 52.7 56.8 60.8 63.9 66.8 67.7 69.2 70.9 73.2 75.2 76.8 77.3 76.6 75.1 72.8 68.8 60.2 57.1 65.7 70.3 73.7 76.7 78.8 79.7 80.2 79.6 78.1 75.2 71.7 68.6 66.1 66.8 68.5 69 67.2 63 55 47.6 59.2 69.9 75 79.2 82.7 84.1 84.9 85.5 85.7 86.4 86.5 86.5 86.3 86 86 85.6 85.2 85.3 86 87 86.6 86.2 88.1 90.6 92.4 93.6 94.3 95.3 96.4 97 97.6 97.8 97.7 97.2 96.1 94.1 90.4 85.5 79 73.8 67.5 62.3 59.1 58.2 58.1 58.5
44.6 49.3 53.5 57.7 61.3 64.6 67 70 72.7 75.1 78.1 79.8 79.5 78.3 76.4 73.9 69 61.6 56.2 64.9 70.9 74.4 78.2 80.1 80.9 80.5 79.5 78.3 75.4 72 69.6 69.9 71.1 72 71.2 70 67.1 61.4 48.6 60.9 71 78.4 81.5 83.8 85.1 85.9 86.5 86.8 86.9 86.9 86.5 86.3 86 86 86 85.6 86.5 88.3 89.7 89 89.1 91.2 93 94.8 96.2 97.4 98.6 99.5 99.3 98.8 97.8 97.2 95.7 94.3 92.2 88.5 83.1 75.4 67.7 61.6 61.5 63 63.1 62.6 62.5
41.3 45.8 50 53.8 57.4 61.3 65.9 69.7 73.4 77.7 80 80.9 80.4 79.2 77.6 75 70.9 65 55.8 64.7 72.7 77.2 80.3 81.5 82.2 81.4 80.1 78.4 75.8 73.2 72.9 73 73.2 73.2 72.8 71.9 70.3 60.6 48.3 63.4 75.4 80.1 82.6 84.4 85.4 86.4 86.6 86.4 86.2 86.1 86 85.9 85.7 86.1 86.2 86.2 88 89.5 90.3 90.6 91.4 92.9 95.1 97 98.7 99.9 100.6 100.5 99.3 98.2 96.7 95.5 93.5 91 88.7 83.5 75.4 67.1 65.5 68.2 69.6 69.2 68.5 67 66.7
38.4 42.1 46.5 49.5 52.6 58.2 64.5 70.2 74.5 78.7 81 81.5 80.9 79.7 78.4 75.6 72 67.3 58.3 66.7 75 79.2 81.7 82.9 82.9 81.8 80.3 78.6 76.6 74.8 73.4 72.8 72.9 72.8 72.3 72.3 68.1 49.7 50.5 68.3 76.5 79.7 82.4 84.5 85.4 86 85.6 84.3 84.3 84.2 84.4 84.4 84.2 83.9 84.8 86 87.9 88.5 89.6 90.9 92.3 94.8 97.2 99 100 101 100.8 100.2 98.7 96.8 94.7 92.7 90.2 86.2 80.1 72.1 66.1 70 73.9 75.4 75.7 74.2 72.7 70.8 71.3
36.1 40.5 42.8 46 51.7 58.3 64.9 71.2 76.2 79.6 81.9 81.9 81.3 80.2 78.5 76 73 68.4 60.1 69.5 76.5 80.3 82.1 83.2 82.9 81.9 80.2 78.4 76.4 74.3 71.8 70.3 70.8 71.1 70.7 68.1 54.6 46.5 57.6 72 77.4 80.3 82.7 84.4 85.2 84.8 83.8 81.3 80.6 80 81.5 82.9 82.6 81.9 82.4 83.5 85.6 85 87.9 90.5 92.3 95.1 98 99.5 100.6 101.1 100.4 99.2 97 94.3 91.7 88.4 84.5 77.6 70.7 70.7 74.4 78.4 81 81.2 81.1 79.2 77.3 75.5 77.8
33.6 36 41.1 45.8 50.5 58.9 66.3 72.6 77.8 81.1 82.4 82.5 81.8 80.3 78.3 75.7 72.4 68.1 63.1 72.1 77.7 80.5 81.9 82.5 82.2 81.1 79.5 77.9 75.7 73.3 69.2 64.1 65.7 66.9 66.6 55.2 45.5 52.4 67.2 75 78.4 81.2 82.6 83.9 84.3 83.6 82 79.1 77.1 77.2 79.3 80.9 80.6 79.3 78.2 79.1 82.1 86.5 88.3 89.6 92.2 95 97.1 98.4 99.7 100.1 99.4 98.1 94.8 90.1 85.2 80.8 76.9 73.5 76.6 80.2 83.3 85.1 86.5 86.9 86.4 85.2 83.7 84.2 87.3
