public/OST50/SW95.asc
ncols 200
nrows 200
xllcorner 190000
yllcorner 50000
cellsize 50
[rows 0 to 34 of 200, columns 80 to 159 of 200]
120.3 120.3 120.3 119.5 121 121.3 121.2 121.5 121.6 121.8 121.9 122 122.2 122.5 122 121.7 121.5 121.7 122.3 123.5 124.1 124.1 124.2 124.3 127.5 127 126.4 126.4 126.6 126.6 127 127.5 127.8 128.2 128.8 129.3 129.8 130.8 130.5 131 131.7 132.1 132.4 132.8 133.2 133.5 133.5 133.5 133.6 133.8 134.1 135.5 135.5 136.3 136.8 136.9 137.1 137.5 138.8 139.1 139.6 140 140.1 141 141.7 142.6 142.6 143.3 144.5 146.4 149.3 152.2 154.4 156.3 158.3 159.9 162.6 165.7 168.3 170
120.1 120 119.9 119.8 120.7 120.6 120.8 121.1 121.3 121.5 121.6 121.7 122 122.4 121.9 121.5 121.5 121.6 122.4 123.4 124.1 124.4 124.7 124.1 124 126.4 127.2 127.1 127.2 127.1 127 127 127.3 127.4 128 128.9 129.4 130.7 130.3 131 131.9 132.5 132.9 133.3 133.6 134 134 133.8 133.9 134.1 134.3 135.7 136.3 137.2 137.7 137.7 137.8 137.8 138.7 139.2 139.5 139.5 139 141.2 142.3 142.7 143 143.7 144.3 145 147 149.5 151.7 154.5 156.5 158.4 160.8 163.4 166 168
119.7 119.6 119.5 119.3 119.5 120.2 120.5 120.8 121 121.2 121.3 121.6 122 122.3 122.2 121.7 121.5 121.7 122.5 123.5 124.1 124.4 124.6 124.6 124.1 127.7 127.8 127.8 127.8 127.6 127.3 127 127.1 127.3 128.1 129 129.3 129.7 130.3 130.9 131.9 133.2 133.4 133.7 134.1 134.5 134.5 134.8 134.5 135 135.5 136.2 136.7 137.7 138.5 138.5 138.2 138.2 138.8 138.6 139.1 139.3 140.1 140.3 141.7 142.3 143.2 143.7 144.2 144.2 145.6 147.7 149.9 152.5 154.2 155.9 158.1 160.9 164.2 166.4
119.3 119.2 119.1 119.1 120.1 120.1 120.2 120.4 120.7 120.9 121.2 121.5 122 122.4 122.3 121.9 121.8 122.2 122.8 123.4 124 124.4 124.4 124.2 124.6 127.5 127.8 127.6 127.4 127.2 127 127 127.2 127.7 128.4 129 129.6 129.3 130.2 130.8 132 133.2 134.5 134.2 134.6 135.8 136.1 135.9 136.2 136.4 137.3 137.8 137.7 138.3 139.3 139.3 138.7 138.5 139.1 140.1 140.4 141.1 141.6 142.1 141.7 142.3 143.3 143.9 144.4 144.4 144.9 147.1 149.1 149.5 150.8 152.8 155.3 158.6 161.8 163.4
119 119 119 119.1 119.3 120.1 120.2 120.3 120.5 120.8 121.2 121.6 122 122.5 122.4 121.9 122.1 122.4 123.1 123.7 124 124.1 124.3 124.1 126.5 126 127.4 127.2 127 127 127.2 127.2 127.5 128.1 128.6 129.3 129.9 129.8 130.1 130.8 132 133.3 134.6 136.1 136.1 135.9 136.2 137.3 137.8 138.1 139.3 139.2 138.9 139.2 139.8 140 139.3 138.9 139.4 140.4 141.4 141.5 142 142.5 142.6 142.8 143.3 144.2 144.6 144 144.5 146.6 147.8 149.2 149.3 151.4 153.9 156.4 158.2 159.8
119 119 119.1 119.1 119.1 120.1 120.2 120.3 120.4 120.9 121.2 121.7 122.1 122.5 122.4 122.1 122.4 122.7 123.3 123.9 124.1 124.2 124.1 127 127.6 126.6 127 127 127 127.1 127.3 127.5 127.9 128.5 129.1 129.6 130.2 130.5 130.8 131.1 132.2 133.2 134.3 136.1 136.1 135.2 136.7 138.2 139.6 140.1 140.7 140.5 140.2 140.3 140.7 140.7 140 139.3 139.8 139.5 139.4 141.3 142.2 142.8 143.3 143.5 143.9 144.3 144.6 144.3 144.5 145.2 146.8 148.3 149.5 151.2 152.9 153.7 153.9 154.9
119 119 119.1 119.1 119.1 119.1 120.1 120.3 120.5 120.9 121.4 121.7 122.1 122.6 122.5 122.4 122.7 123 123.6 124.1 124.4 124.4 126.7 127.5 127.7 127.4 127.2 127 127 127.2 127.4 127.7 128.2 128.9 129.5 130.1 129.3 130.4 131.2 131.9 132.9 134.1 135.4 136.1 136.1 135.5 136.6 138.3 140.1 141 141.5 141.4 141.2 141.3 141.6 141.4 140.1 139.3 139.4 139.1 139 139.2 140.9 141.9 143.9 144.8 145.3 145.1 144.3 145.6 144.9 146.4 147.9 148.7 148.9 149.7 150.9 151.9 153.8 154.4
119 119 119.1 119.1 119.1 119.7 120.2 120.3 120.5 120.9 121.6 121.9 122.2 122.6 122.6 122.7 123 123.2 123.9 124.2 124.5 124.3 127.5 127.9 127.8 127.5 127.3 127 127.1 127.2 127.5 128.1 128.6 129.2 129.8 131 130.1 130.6 131.3 132 132.8 133.5 134.3 134.8 134.6 135.5 136.3 138.4 139.2 141.1 141.7 142.4 142.3 142.5 142.7 141.7 141.2 140.9 139.3 139.2 139.1 139 140.6 142.6 144.1 145.7 145.5 146.5 145.9 146.1 146.7 147.5 148 148.5 149 149.1 149.4 151.2 154 155.8
119 119 119.1 119.1 119.1 119.1 120.4 120.4 120.5 120.9 121.6 122.2 122.3 122.7 122.7 123 123.3 123.5 124.1 124.3 124.5 126.1 126.1 127.9 128.1 127.8 127.6 127.3 127.3 127.5 127.8 128.6 129.2 129.8 130.8 130.4 130.4 130.6 131.3 132.1 132.9 133.6 134.3 134.7 134.6 134.2 135.5 137.9 140.3 141.3 142.2 142.9 143.2 143.4 143.3 142.5 142.2 142 141.2 139.1 139 139.7 141.1 142.9 144.2 146.1 146.6 147 147.5 147.6 147.8 148.1 148.1 148.6 149 148.9 148.9 151.4 154.2 155.7
119 119 119.1 119.1 119.1 119.1 120.3 120.5 120.6 120.9 121.6 122.2 122.8 122.8 123 123.3 123.6 123.8 124.3 124.4 124.7 127.8 125.8 128.1 128.4 128.1 127.9 127.7 127.7 127.8 128.1 128.6 129.3 130.1 129.4 130.3 130.6 130.8 131.4 132.2 133 133.5 133.9 134.3 134.3 134.4 136 139.1 140.9 141.9 142.9 143.6 143.9 143.9 143.7 143.5 143.1 142.8 140.7 141.7 139.5 140.5 141.8 143.2 144.4 144.9 146.2 147.2 148.2 149.2 149.3 148.9 150 149.7 149 148.9 150.2 151.1 153.7 155.6
119 119.1 119.1 119.1 119.2 119.2 119.6 119.9 120.6 120.9 121.6 122.2 122.9 123.3 123.7 124 124 124.1 124.3 124.7 125.3 126.9 126.6 127.9 128.7 128.5 128.3 128.1 128.1 128.1 128.4 128.9 129.3 129.5 129 129.6 130.2 130.9 131.6 132.3 132.7 133.1 133.5 133.9 134.5 135 137.4 139.9 141.3 142.4 143.5 144.5 145.2 144.4 144.2 144.5 144.1 143.7 143 141 140.8 142.1 143.3 144.6 144.1 146 147 148 149 150.2 150.3 150.7 152.4 151.7 150.9 149.4 151.9 152.9 153.7 154.2
119.1 119.1 119.1 119.1 119.2 119.3 120 120.4 120.6 120.9 121.6 122.2 122.9 123.6 124 125 125.5 125.5 125.4 125.8 126.2 126.7 127.1 127.6 129 129 128.7 128.5 128.4 128.4 128.6 129.1 129.5 129.6 129.7 129.8 130.5 131.2 132 132.5 132.8 132.9 133.3 133.8 134.5 135.7 137.9 140.1 141.2 142.2 143.2 144.3 145.2 145.9 146.1 146.1 146.1 144.3 143.3 142.5 142.3 143.9 145.5 145.5 145.9 146.9 147.9 148.8 149.7 150.7 151.8 152.8 153.3 152.5 152.3 151.7 151.3 152 152.7 153.6
119.1 119.1 119.1 119.1 119.2 120 120.1 120.3 120.5 120.9 121.6 122.2 122.9 123.7 124.4 125.5 125.3 125.9 125.8 126.3 126.7 127.3 127.7 128.1 128.6 129.5 129.2 128.9 128.7 128.7 128.8 129.1 129.6 130.6 130.5 130.9 130.8 131.6 132.3 132.7 133.2 133.4 133.4 133.7 135.2 135.6 136.6 139.1 140.9 141.9 142.9 143.9 145 145.9 146.1 146.1 146.1 144.7 144.4 143.9 144 144.9 145.7 147.4 147.8 147.9 148.9 150.1 151.3 152.1 153.2 154.3 153.7 153.3 152.9 153 152.9 152.7 153.4 155
119.8 119.7 119.4 120 120.3 120.2 120.1 120.3 120.4 120.9 121.6 122.2 123 123.7 124.7 125.2 125.5 126 126.3 126.8 127.4 128 128.4 128.8 129.2 129.6 129.6 129.3 129.2 129.3 129.4 129.4 129.7 130.4 130.7 131.1 131.6 131.9 132.5 132.9 133.4 133.8 134.1 134.5 135 135.2 135.6 138 139.6 140.1 141.6 143.4 144.5 145.9 146.1 146.1 146 144.3 145 144.4 144.4 145.2 146.9 148.6 150.3 149.8 150.2 151.9 153.3 154.3 154.9 155.7 154.7 154 153.5 153.3 153.1 153.5 154.4 155.8
121.3 120.9 120.8 120.7 120.3 120.3 120.2 120.2 120.4 120.9 121.6 122.3 123.1 124.1 125.1 125.5 125.9 126.3 127 127.5 128.1 128.6 129.1 129.5 129.6 130 129 129.2 129.5 129.3 129.4 129.4 129.8 130.7 131.2 131.7 132.1 132.6 132.9 133.5 134 134.4 135.2 135.3 135.4 135.3 135.6 137.1 138.5 140.6 141.1 142.7 144.4 145.2 145.4 145.7 144.8 144 145.4 144.5 144.3 146 148.2 149.9 150.7 151.8 152.2 152.5 155.5 156.5 157 157.4 154.9 154.6 154.2 153.7 153.4 153.6 154.1 154.6
121.2 121.2 120.9 120.5 120.2 120.2 120.2 120.2 120.5 120.9 121.6 122.6 123.5 124.2 125.1 125.9 126.2 126.8 127.5 128.2 128.8 129 129.2 129.2 129.6 130.1 129 129 129.1 129.9 129.3 130.4 130.7 131.5 132 132.4 132.9 133.2 133.4 134 134.6 135.1 135.1 135.7 136.2 136.2 136.6 137.4 138.4 139.8 141.5 143.3 144.3 145 145.8 145.9 146 145.2 145.4 145.5 145.8 147.3 149.3 151.1 151.7 152.8 154.2 154.1 156.6 157.3 157.8 158.2 157 156.5 155.9 155 155 155 154.2 154
121.4 120.9 120.6 120.3 120.2 120.2 120.2 120.2 120.4 120.9 121.9 122.4 123.1 123.8 124.7 126.2 126.6 127.3 128 128.9 128.9 129 130.8 129.9 130.2 129.3 129.2 129.5 129 130.8 130.8 130.9 131.6 132.4 133 133.2 133.7 133.7 133.9 134.5 134.9 135.5 136.1 136.3 136.9 137.1 137.5 138.3 139.2 140.4 142.2 143.8 145.2 145.9 145.6 146.2 146.8 146.3 146.4 146.6 147.2 148.5 148.6 150.5 152.3 153.6 154.8 157.7 157.4 157.9 158.4 158.9 158.3 157.9 157.5 157 156.2 155.7 155.4 155.6
120.8 120.4 120.8 120.1 120.1 120.1 120.1 120.2 120.3 120.9 122.5 123.2 123.6 124 125 126.2 127.1 127.9 128.8 129.7 129 129.5 130.7 131.3 131.5 131.2 130.8 129.7 129.1 129.9 131.1 131.6 132.5 133.3 134 134 134.3 134.3 134.4 134.9 135.7 136.6 137 137.3 137.5 138 138.4 139.3 140.2 141.2 142.7 144.2 145.8 145.6 145.9 146.5 147 147.5 147.3 147.9 148.5 149.1 150.7 150.3 152.2 153.9 155.4 157.8 157.9 158.7 159.6 160.1 159.4 158.9 158.7 158.5 158.6 158.5 158.1 157.7
120.4 120.2 120.8 120.1 120.1 120.1 120.1 120.2 120.3 121.2 122.7 124 124.4 125.1 125.9 126.8 127.7 128.6 129.5 130.7 131.1 131.3 132.1 132.9 132.9 132.6 132.2 130.7 130.3 130.7 131.5 132.5 133.3 134.1 134.7 135.5 134.6 135.3 135.5 136.9 137.6 138.3 137.9 138.1 138.5 138.7 139.3 140.3 141.3 141.9 142.6 143.5 144.4 145.6 146.2 146.9 147.5 148.1 148.5 149.3 149.9 150.1 150.6 150.9 152.2 153.7 155.5 157.2 158.4 159.4 160.7 160.2 160.3 160.4 160.1 159.9 160 160 159.5 158.9
120.3 120.1 120.8 120.1 120.1 120.1 120.1 120.2 120.2 121.5 123 124.6 125.4 126.2 127.1 128.1 129 129.5 130.6 132.1 132.8 132.8 133.8 134.5 134.3 134.1 133.3 132 131.8 131.8 132.4 132.9 133.3 133.9 134.3 135.3 135.8 137.6 138 139.1 139.8 139.7 139.1 138.9 139 139.3 140.6 141.6 142.7 143.1 143.8 144.3 145.5 146.5 147.6 148.6 149.2 149.9 149.5 149.1 150.2 151 151.5 152 151.7 153.3 153.9 155.7 158.4 160.3 160.8 160.9 161.6 162.1 161.7 161.3 161.2 160.6 160.5 160.7
120.3 120.1 120.8 120.1 120.1 120.2 120.1 120.3 121 122.4 123.7 125.2 126.5 127.4 128.2 129.7 130.6 131.3 132.1 133.2 134.7 134.5 135.6 135.3 135.4 135.5 134.4 133.6 133.4 133.3 132.9 133.3 133.8 134.2 135.2 135.9 137.6 139.1 140.6 140.4 140.5 141.2 139.8 141.9 141.3 140.8 142.4 143 144.1 144.2 144.9 145.4 146.6 147.6 148.5 149.5 150.5 150.7 149.5 150.5 150.8 151.7 152.8 153.4 153.7 153.6 154.3 155.6 157.7 158.8 160.4 162.1 163.1 163.6 163.4 162.6 161.9 161.4 161.5 161.9
120.3 120.1 120.7 120.6 120.6 120.7 120.7 121.3 122.2 123.8 125 126.1 127.4 128.5 129.8 131.3 132.3 133.1 133.9 134.9 135.8 136.1 136.5 136.4 136 135.8 135.6 135.9 134.9 134.6 133.4 133.6 134.4 134.7 134.1 136 138 140.3 141.2 141.7 142.2 142.5 142.8 143.1 142.4 142.5 143.9 145.1 145.5 144.2 145.7 147.5 148.9 149.9 150.7 151.6 152.5 152.8 152.9 153.5 152.3 153.1 154.3 155.1 155.4 155.3 156.1 156.7 158.4 160.6 162 163.7 164.8 164.9 164.1 163.3 162.7 162.7 162.7 163
119.4 119.6 120.3 120.9 121 121.1 121.4 121.7 123.3 125.1 126.4 127.7 128.9 130.3 132 133.6 135 136.2 137.3 138.3 138.7 138.2 138.1 138.2 137.9 137.4 136.6 136 135.1 135.3 134.1 134.1 134.9 135 134.9 137.1 138.9 141.1 142.2 142.7 143 143.3 143.6 143.9 144 144 143.9 146.1 146.4 146.3 146.9 148.9 150.8 151.9 152.7 153.5 154.2 155.1 155.7 155.8 155.3 155 156 156.8 157.1 157.3 157.1 157.9 158.9 159 162 165 166.2 165.7 165 164.5 164.2 164.1 164 164.1
118.7 118.7 119.3 119.8 120.1 120.5 121.3 122.1 123.9 126.7 128.6 130.1 131.8 133.1 134.5 136.4 137.9 139.2 140.5 141.2 140.9 140.2 139.7 140 139.7 138.9 138 137.3 136.8 136.2 135.4 135.3 136.1 136.8 138 140.4 140.3 141.8 143.1 143.4 143.6 144.1 144.6 145.4 145.4 144.5 144 145.2 147.1 148.1 148.3 149.8 151.7 153 154.2 155.3 155.9 156.5 157.1 157.8 157.5 157.4 157.9 158.5 159 159.6 159.8 158.8 159.7 161.3 163.6 165.5 167 167 166.7 166.3 166 165.8 165.5 165.3
118 118.9 119.6 120.6 121.5 122 122.6 123.4 126.1 129.3 131.8 133.6 135.3 136.2 137.1 139.1 141.5 143 144.5 144.3 143.4 143 142.7 142.1 141.4 140.6 139.5 139 138.6 138.1 137.5 137.1 137.2 138.2 139.5 140.5 141.5 143 143.8 144.1 144.3 144.7 146.1 146.4 146.4 146.3 146.2 146.1 147.5 149.3 150.3 151.4 152.6 154.4 155.7 156.6 157.4 157.9 158.8 160 160.8 160.7 160.9 160.7 161 162.2 163.5 161.6 161.7 162.9 163.9 165.8 169.3 168.7 168.5 168.2 167.9 167.6 167.3 166.8
118.4 119.3 120.2 121.2 122.1 123.4 125.1 126.4 129.4 132.6 135 137 138.8 140.1 141.3 143 145.6 147.1 148.2 147.6 146.8 146.8 146.2 144.5 143.7 143.1 142.3 141.5 141.1 140.1 139.4 138.8 138.4 139.2 140.6 141.7 142.7 143.7 145.4 145.3 146 146.6 147.8 147.8 148.2 148.7 148.9 148.6 149.9 150.6 152.2 153.6 154.9 156.5 158.2 158.8 159.2 159.6 160.9 162 162.7 163.3 163.8 163.3 162.9 163.3 164.8 166 164.5 164.6 164.8 166.2 170.6 170.3 170.1 170 169.7 169.2 168.7 168.2
118.7 119.8 120.8 121.7 122.9 124.8 128.4 130.2 133.9 137.1 139.2 141.3 144.8 146.7 148.5 149.7 150.9 151.1 151.5 151.4 151.4 150.5 150.2 148.8 147.4 146.6 145 144.3 143.8 142.3 141.5 140.6 139.8 139.6 140.3 142.5 143.5 144.7 145.7 147.6 148.5 149 149.3 149.7 150.1 150.4 150.1 149.8 150.7 152.2 154.4 155.7 157.2 158.8 160.5 161.8 162.9 163.1 163.6 164.1 165.2 166.1 166.6 166.1 165.7 163.9 167.1 168.8 168 167.4 167.5 168.2 171.2 173.3 172.9 172.3 171.5 170.7 170 169.7
119.1 120.1 121.4 122.6 124.5 128.2 131.7 135.7 139.7 141.5 144.3 146.7 150.4 153.1 154.9 155.5 156.9 158.3 158.8 157.7 157.8 157.3 155.9 154.4 151.9 149.9 148.7 147.2 145 144.4 143.7 143 142.4 142.6 142.6 143 144.5 145.8 146.6 148.4 150 150.4 151.3 151 151.3 152.1 152.4 152 152.4 153.9 155.8 157.7 159.8 162.6 164.1 165.4 166.7 166.8 167 167.6 168.4 169.1 169.6 169.2 168.9 168.8 169 171.7 171.4 170.9 171.6 171.6 173.9 175.8 174.5 174.4 174 173.2 172 171.6
120.2 121.1 122.2 124.4 126.5 130.9 135.1 139.1 142.7 145.4 148.7 151.8 154.6 157.3 159.6 161.2 162.7 164.5 166.9 167.6 168.5 168.7 166.6 161.8 157.7 154.5 151.7 150.5 148 147.2 146.1 145.5 144.9 145.1 145.5 144.2 144.1 145 147.1 148.6 149.8 152.2 153.6 153.1 153.8 155.8 155.4 154.6 154.7 155.4 158 161.2 163.9 166.5 167.8 169.2 170.4 170.4 170.4 171.6 172.5 173 173.7 173.2 172.7 172.8 171.9 173.9 175.6 175.4 175.8 175.8 176.2 177 176.8 176.4 175.8 175.4 174.4 174.5
121.7 122 123.5 125.1 127.4 131.7 136.6 140.7 144.1 147.5 150.8 154 157.3 160.4 162.9 164.8 167.9 170 173.2 176.4 178 177.7 177 173 167.7 160.2 156.6 154 151.3 150 149 147.9 147.2 147.1 146.2 146 145.6 146.1 147.9 149.7 151.7 154.5 156.3 156.6 156.2 161.1 159 158.8 158.8 159.9 163.1 167.2 170.1 172.5 174 175.2 175.7 175.8 176 176.4 177.2 178.9 178.3 177.9 177.7 176.6 176.1 175.9 177.4 178.1 178.2 178.3 179.1 180 179.6 179.1 178.6 177.8 177.2 176.4
121.6 122.3 123.8 125.4 128.3 131.7 137.1 141.2 144.2 147.6 151.5 154.7 158 161.3 164.4 167.7 170.7 174.9 178.8 182.3 185.6 186.4 183.7 180.9 176.5 167.4 161.3 157.5 154.8 153.3 152.2 150.9 149.2 149.4 148.3 147.2 146.9 147.9 148.9 151.1 153.7 156.7 159.6 162.2 161.5 164.4 166.3 162.3 162.2 164.5 168.6 172 176.4 179.1 180.3 181 181.4 181.6 181.7 181.8 183 184.3 183.4 182.5 182.3 181.8 180.4 178.9 180.1 181.8 182.4 182.9 182.3 182.7 182.3 181.9 181.4 180.6 179 177.5
121.5 122.5 124.2 126.3 129.2 132.2 137.1 141 143.7 147.2 151.1 154.6 157.5 160 164.2 167.9 171.5 177 182.7 187.5 190.8 192.4 191.7 187.3 181.8 174.8 166.7 162.4 159 156.9 155.5 153.1 151.3 150.7 149.8 148.3 148.4 149.8 151 152.5 156.4 160.6 164.7 168.5 170.8 171.1 171.1 168.1 164.1 167.8 174.2 178.6 181.6 183.3 186.1 186.8 187.2 186.9 187 187.1 188.4 189.1 189.7 188.8 188 187 185.9 185.2 185.8 186.3 186 187.3 184.2 185.8 185.1 184.6 184.2 183.1 180.7 178.5
121.4 122.8 124.5 127.2 130.1 133.1 136.7 140.3 143 145.9 149.5 152.9 155.4 158.7 163.3 167.4 172.1 178.2 184.3 190.8 195.2 197.7 197.2 192.6 186.8 179.4 173.1 167.6 163.4 161 157.7 155.4 153 151.6 150.2 149.7 150.5 152.3 153.9 156.8 161.6 168.5 171.9 174.6 177.2 177.2 175.7 174.5 170 172.4 177.7 182.9 186.5 188.2 190.8 192.2 192.2 192.2 192.3 192.3 193.2 194.6 194.1 193.7 193 192.2 191.3 192.1 192.8 191.6 189.4 190.7 191 190.2 189.2 188.5 187.2 185.4 184.7 180.9
120.5 122 124.1 127 130 132.5 136 138.4 141.3 144.3 147.8 150.4 152.7 155.8 160.9 167 170.9 177.3 183.8 191.4 196.9 201.2 202.3 197.3 190.2 184.2 175.7 171 167.2 164.5 161 157.6 155.4 153.6 152.9 152.9 153.8 155.6 158.5 163.2 167 171.4 176 179.3 182.7 182.5 180.4 178.3 174.9 174.7 180.6 185.9 190.4 193.1 195.7 197.2 197.7 198.1 197.9 198.4 199.5 199.7 199 199.2 198.9 198.3 197.9 197.9 197.4 195.9 194.7 193.8 194.5 193.9 193.3 191.3 189.4 187.3 186.1 185.6
119.7 121.8 124 126.6 129.1 132.3 135.1 137.4 139.7 142.9 146.3 148.3 150.6 153.4 157.8 164.8 168.4 174.3 182.6 190 195.4 202.5 202.8 198.8 193.4 188.3 180.4 176 171.2 168.3 165 161.2 159.2 157.6 155.4 155.4 157.1 159.1 163.7 167.7 171.3 175.6 180 184.4 186.4 186.8 184.7 183.4 182.3 182.9 182.9 187.7 193.3 197.8 200.3 201.8 203 203.1 204 204.6 205.5 205.4 204.7 204 204 204 203.1 202 202.1 199.9 200.7 199.8 199.4 198.5 197.3 195 192.3 189.2 187.4 186.7
