public/OST50/SW95.asc
ncols 200
nrows 200
xllcorner 190000
yllcorner 50000
cellsize 50
[rows 140 to 174 of 200, columns 80 to 159 of 200]
99.5 102.5 105.1 106.1 107.1 107.3 107.6 108.6 108.6 108.4 106 103.9 100.9 97.9 96.9 92.4 87.9 82.9 74.8 64.6 62.6 64.7 65.5 64.5 64.9 66.7 70.8 78 86 89.9 91.5 91.6 91.8 94 96 98.4 100.7 103.1 106.1 110.1 113.3 116.7 119 121.3 123.5 125.3 128 131 133.5 134.1 137.4 140 140 138.4 136.4 135 134.2 131.9 129.6 128.4 126.7 124.5 122.4 120.5 118.7 118.1 117.6 118.1 117.6 119.5 121.9 123.8 125.2 125.9 126.3 129.2 129.8 131.4 133.1 134.4
100.6 102.9 105.1 106 107.2 108.6 109.2 110.2 110.5 110.3 109.5 107.4 105.3 105 104.2 101.1 97.2 90.2 81.7 71 62.1 61.3 62.9 62.3 64.9 74 84.7 90.5 94.3 96.8 99.4 100.3 100.4 101.5 104.2 107.2 108.4 111.1 114.1 116.7 119.8 122.1 124.4 126.5 128.3 129.5 131.2 133.3 135.3 136.2 138.1 139.2 138.7 136 133.9 131.4 130 128.3 126.5 124.8 122.8 120.6 118.6 116.9 115.1 114.7 113.8 113.6 114.3 116.4 118.6 120.9 122.8 123.4 125.8 126.8 127.3 128.4 129.5 131.9
100.9 102.7 104.7 106 107.3 108.7 110 111 111.2 111.2 111.2 110.6 110.1 109.7 109.4 107.3 104.4 96.3 88.4 77.4 62 59.4 61.7 63.7 71 82.7 90.6 94.7 98.1 100.6 102.4 103.9 105.5 106 108.9 111.8 114.8 117.1 119.9 122 124.6 126.9 129.3 130.7 132.4 133.6 134.9 136.1 138 138.4 139.2 139.6 138.1 135.2 132.4 129 126.8 124.6 122.4 121 119.2 117.1 115.5 113.4 111.5 110.9 110.8 110.8 111.4 113.5 115.5 117.8 119.8 120 122.6 123.7 124.3 125.4 126.9 128.7
100.4 101.3 103.5 104.8 106.2 108.1 110 111.1 111.8 112.3 112 112 111.9 111 111.5 111.1 106.3 100.8 93.3 81.6 62 58.7 60.8 65.4 76.9 85.5 91.6 95.1 98.1 100.5 101.3 103.6 105.6 106.7 109.6 112 115.1 118.2 121.3 124.5 126.9 129.3 131.9 133.5 135.7 136.6 137.5 138.4 140.4 140.8 140.9 140.9 138.2 134.8 131.6 128.1 124.8 122.1 119 117.6 115.9 113.9 112.3 111 109.2 108.1 107.9 108 108.5 110.6 112.7 114.7 116.8 117.5 118.9 120.6 121.3 122.5 124.2 126
98.3 98.7 101 103.7 106.1 107.8 109.6 111.2 112 112.6 112.8 112.8 112.7 111.7 110.9 110.6 106.4 101.1 93.8 78.9 61.4 58.4 61.5 68.5 78.5 84.4 90 93.9 96.8 98.7 99.8 101.1 102.3 104.9 108 110.9 113.6 116.1 120 123.1 126.9 129.8 132.3 135.1 135.8 137.2 138.5 139.7 140.3 140.5 140.8 140.9 137.6 134.1 131 127.3 123.7 120.2 116.7 114.3 112.6 110.7 109.1 107.6 105.8 105.4 105 105.1 105.7 108 110.2 112.3 114 114.9 116.3 117.7 118.3 119.9 121.6 123.4
94.3 96.5 98.9 101.5 104.3 106.9 108.6 109.7 111.3 112.6 112.9 113 112.7 111.1 109.7 106.7 104.2 99 90.9 73.8 58.7 58 61.2 69.5 78 81.7 87.4 91.9 94.8 96.6 97.6 98.6 99.8 102 104.7 107.7 110.6 113.8 117.7 121.7 125.2 128.5 131.2 133.9 136.2 137.5 138.9 140.3 140.3 140.2 140.5 139.3 136.3 132.9 130.1 126.7 122.5 118.4 114.8 110.6 109.1 107.5 105.7 104.2 102.9 102.5 102.4 102.5 103.4 105.2 107.6 110.1 109.5 112.1 113.4 113.2 114.4 117.7 119.1 121
90.8 93.4 96.4 98.6 101.6 104.9 107 108.3 110.1 111.4 112.3 112.4 111.7 110 105.7 102.5 99.6 95.7 89.1 70.9 59.6 57.9 59 67.6 76.1 79.9 84.6 88.7 92 93.9 94.9 95.8 96.7 98.5 101.5 104.5 107.6 111.4 115.1 119.2 123 126.3 129.2 131.8 134 135.8 137.2 138.3 138.3 138.9 139.2 136.7 134.2 131 128.2 124.4 121.1 117.3 113.1 108.9 105.1 104.1 103.3 101.7 100.5 99.6 99.8 99.7 101.5 103.2 105.2 105.8 107.6 108.8 108.9 108.5 109.2 115.2 118 121
87.5 90.2 93.5 95.6 98.6 102.5 104.2 106.8 108.7 110.2 110.9 110.6 109.6 106.4 102.2 97.3 93.8 89.4 82 67.2 58.6 57.8 57.2 64 72.3 76.7 80.8 85 88.4 90.8 92.2 92.5 93 95.1 98.2 101.3 104.3 108.2 112.4 116.7 120.4 123.9 127 129.3 131.5 133.6 134.6 135.5 135.8 136.5 135.9 133.8 130.9 128.6 126 121.8 118.6 115.1 111.2 106.1 102.6 101.6 101 99.3 98 96.2 95.6 97.6 99.4 101.2 102.6 103.1 104.3 105 105.2 106.7 108 111.6 115.2 117.8
83.1 86.3 88.9 92 95.5 97.8 100.6 103.7 106.4 108.7 110.2 109.6 107.4 103 98.9 94.4 88.6 81.4 73.9 64.9 59.2 55.7 56.2 60.5 68.7 73.5 77.7 82 86.2 88.1 89 89.5 89.8 91.8 94.7 97.9 101.5 105.7 109.9 114.1 117.9 121.4 124.9 127.3 129.2 131.1 132.6 132.9 133.4 133 132.5 130.7 128.3 125.4 122.9 119 116 112.1 107.8 103.3 100.5 99.2 97.7 96.2 94.9 93.7 93.8 95.2 97 98.1 100.1 100.9 101.8 102.3 103.3 104.9 107.5 110.6 113 115.8
78.9 81.6 84 88.1 90.9 93.1 96.7 101 104.5 106.8 108.3 108.3 106.4 102.9 99.5 95.1 87.5 77.9 70.2 64.7 60 56.1 54.9 58.9 66 71.8 75.5 79.4 84 85 85.6 85.3 87.3 88.6 91.7 95.1 99 103.1 107.3 111.6 115.2 118.4 122.1 125.2 126.9 128.6 130.5 130.8 130.6 129.9 129.1 127.3 124.1 121 118.6 116.4 113.1 110.2 106 102.4 98.7 96.4 95.2 94.1 93.1 92.2 92.3 93 94.3 95.1 96.1 97.6 100 100.2 101.4 103.6 105.9 109.3 111.5 113.9
75.7 76.8 79.9 83.2 86.6 90.5 94.6 98.5 102.5 105.3 106.8 107.3 107 104.4 102.4 97.8 90.9 81.8 72.2 65.3 60.9 56.1 54.8 58.2 62.9 70.3 73.5 76.6 79.5 80.6 79.8 80.6 83.3 86.1 88.9 92.5 96.5 100.6 104.8 108.8 112.2 115.3 119.1 122.8 125.4 127.1 128.7 128.4 127.9 127.3 124.8 121.5 118.9 116.6 114.6 113.1 110.9 108.1 105.5 101.8 99.1 95.2 93.3 92.2 91.4 90.7 91 91.8 91.8 92.8 94 95.6 97 97.7 100 102.3 106 109.6 110.4 111.7
75.8 75.8 78.5 80.2 84.7 88.8 92.8 97.1 101.2 104.7 106.7 107.8 107.7 106.1 103.9 100.6 94.8 86.1 75.2 66.3 60.8 55.7 55 56.7 59.5 66.4 70.1 72.1 72.4 73.2 73.6 77.1 81 84 86.7 90 94 98 102.1 104.9 108.6 112 115.8 119.7 123.5 125.6 126.9 126.4 124.8 123.6 120.4 117.2 114.9 113.2 111.8 110.5 108.9 106.6 104.5 101.9 100.6 96.7 94.1 90.3 89.6 88.6 90.2 90 89.9 91.2 92.3 93 94 95.5 98.1 102.2 107 110.6 110.6 111.1
75.8 75.8 78 81.1 84.7 88.5 93 98.5 102.5 105.3 107.9 109.3 109.7 107.7 104.8 102.6 98.9 91.4 79.7 68.1 62.6 56.4 54.2 54.2 57 61.3 63.2 63.2 64 67.3 70.2 74.5 75.9 80.5 84.5 88.3 91.9 95.5 98.9 102.4 105.7 108.8 112.4 116.3 120.2 123.8 125.5 125.8 123.4 121 117.7 114.6 111.7 109.9 108.5 107.2 105.5 104.1 102.8 101.8 100.9 97.9 95.1 90 88.2 86.7 87.9 88 88.9 89.6 90.7 89.9 90.2 94.1 97 101.1 105.7 110.3 110.7 110.9
77.8 78.8 80.2 83 86.6 90.3 95 100.2 103.2 106 109 110.6 110.8 109 106.3 104.9 101.2 96.3 88.4 74.3 65.9 58.2 53.2 53.4 55.4 57.2 58.4 63.5 68.9 71.8 73.6 76.7 78.7 82 83.8 87.2 90.3 94 97.5 100.8 104.8 107.8 111.4 115.2 119.1 121.4 122.8 122.3 121.5 118.7 115.7 112.5 109.6 106.7 105.2 103.8 102.9 102.1 101.2 100.8 99.2 96.8 94.3 90.5 86.4 85 85.5 86 87 88.2 89 89.2 90.8 94.1 97 101 105.4 109.6 110.8 110.9
81.2 81.8 83 86 88.9 92.5 96.3 100.7 103.6 106.6 109.7 111 110.2 110.1 106.4 103.7 101.3 97.1 91.3 82 71.1 61.1 53.6 53.2 53.9 55.3 59.3 69.9 76.8 78.7 80.8 82.7 83.6 85.2 86.1 89.8 90.9 93.5 97.7 102.1 105.8 108.5 112 115.5 117.3 119 119.3 119.4 118.7 116.9 114 110.8 108.1 105.2 102.8 101.3 100.4 99.2 98.6 98.3 96.6 95.6 92.9 89.2 85.1 83.9 83.8 84.8 86 87.3 89 89.1 92.3 94.8 98.8 102 105.5 108.8 111 110.7
85.1 85.6 86.3 89.3 91.8 94.9 98.7 101.5 104.4 107.3 110.1 111 109.3 109 106.6 103.1 101.3 97.3 92 85.6 77.1 66.8 57.8 53.2 52.6 54 60.4 73.3 79.8 83.4 85.4 86.4 86.5 87.4 89.1 90.4 92.9 95.9 99.1 102.6 106 109.4 111.7 113.3 115.1 115.5 115.9 116.3 115.9 114.1 112.3 109.4 106.9 104.3 101.8 98.9 96.9 95.7 94.7 95.8 95.5 94.2 91.5 87.8 84 83.2 83.1 84.2 85.3 87.1 89.1 91.5 94.4 97.9 101.6 104.5 107 109.9 110.9 110.6
89.6 90.8 91.1 92.8 95 97.9 100 102.5 105.2 107.5 109 109.9 108.8 106.9 104.7 102.1 99.2 95.1 91.1 86.1 78.4 69.8 61.8 54.7 51.9 51.5 56.1 71.1 80 85.4 86.9 87 86.5 87.9 90.8 91 93.1 96.3 98.7 101.9 105.3 108.2 110.5 111.7 112.2 112.2 112.6 112.3 112.3 111.2 109.7 107.8 105.4 102.6 99.4 96.7 94.3 92.7 92.4 93.4 93.3 92.6 89.6 85.4 83.2 82.4 82.5 83.5 85 87.3 89.8 93.3 97.4 100.9 104.2 106.6 108.7 110.6 110.9 109.5
93.5 94.5 94.7 96.3 98.6 100.5 102 104.4 106.1 107.2 108.5 108.8 107.4 105.4 102.8 99 95.4 90.7 86.1 81.9 74.2 68.6 63.8 57.6 52.2 51.2 57.1 70.1 80.1 85.8 87.6 87.3 86.7 86.6 90.1 90.3 92.9 96.1 98.8 101.4 104.5 106.8 108.5 108.6 108.6 108.1 107.7 107.4 107.5 106.7 105.5 103.8 102.4 100.4 97 94.4 92 90.1 89.9 90.6 90.8 90.3 86.8 83.6 80.9 80.3 81.9 84.4 87 89.8 92.1 95.4 98.9 102.8 105.6 107.1 108.4 109.4 107.4 105.7
95.5 95.9 95.9 97 99.6 100.8 103.1 105.9 106.6 107.4 107.7 107.1 105.4 103.9 101.4 97.3 92.7 88.6 84.1 80.7 75.1 71.4 66.9 59.9 53.3 51.6 57.7 72 81.2 86.7 88 87.3 86.8 86.6 87.4 88.3 92.1 95.7 99 101.5 103.7 105 106.3 106.2 105.1 104.1 102.1 102.5 102.9 102.1 100.4 97.7 97.2 95.3 92.5 90.7 89.2 87.3 86.8 86.9 87.6 87.1 84.3 81.2 79.7 79.2 81.6 84.2 88.2 91.1 94 97.3 100.6 104.2 106.2 107.6 108.4 107.8 105.2 102
92.5 93.8 94 94.8 95.9 98.4 101.6 107.1 106.8 106.6 106.5 105.3 103.5 102.2 100.2 96.2 93.6 91.1 89.4 85.4 78.4 74.7 70.1 64.1 52.9 49.6 67 78 83.9 86.6 87.1 86.2 85.2 84.7 84.8 87.2 91.2 95 98.6 101.2 102.4 103.2 104.1 103.9 102.1 100.2 96.2 95.6 96.6 96.4 93.7 92.5 91.1 89.3 87.4 86.6 85 84 83.5 83.5 83.5 82.8 80.9 79.3 79.4 80.6 83.9 86.4 88.3 91 95.4 99.2 102.3 104.4 106.6 107.3 107.8 106.8 104.4 100
88.9 89.3 90.4 90.8 93.7 96.4 99.1 102 104.8 103.5 102.2 101.2 100.1 99.1 98.3 96.5 96 95.3 95.6 93.4 86 81 75.5 66.8 54.3 48.3 67.7 77.9 84 86 85.4 82.9 80.6 79.7 81.5 85.5 89.5 93.4 96.4 98.5 99.5 101 101.8 101.8 99.5 95.6 91.1 88.5 90.5 89.2 88.5 86.7 84.6 82.8 81.7 82.2 81.7 81.1 79.8 79.5 79.3 79.3 79.2 79 80 83.3 86.9 90.7 91.7 93.5 95.9 99.8 103 105.3 107.6 108.1 108.2 106.3 103.5 98.2
84.3 85.2 85.6 87.4 90.6 91.4 93.8 96.5 98.1 97.5 96.6 96.5 95.6 95.4 96.1 95.7 95.9 96 96.8 97.1 93 87.5 82.4 70.7 54 48.3 60.5 75.3 83.5 85.7 83.6 78.1 75.3 73.9 77.1 81.9 85.9 90.1 93.1 94.6 95.3 96.9 99.4 100.3 96.5 91.7 85.8 82 83.4 82.3 81.5 79.4 78.6 77.5 76.4 77.7 77.8 78.3 77.7 76.1 75.5 77.4 79 81.4 85.8 88.5 92.5 96.2 97.3 95.9 96.3 100 103.7 106.2 108.4 108.8 108.1 106.2 102.8 97
83.6 82.4 82.4 84.1 84.5 85.1 87.9 90.1 91.5 90.6 90.7 90.5 90.1 90.4 91.3 93.6 94.4 94.8 95.3 95.8 93.4 90.4 85.1 71.9 51.9 48.7 59.2 77.4 82.9 83.3 81.5 74.7 70.5 69.8 71.2 76.8 81 83.6 88 89.4 90.2 91.7 93.1 94.4 91.4 86.4 81.9 77.9 76.4 75.8 75.4 73.4 72.8 72.6 73.2 74 74 74 74 74.2 75.3 77.4 80.2 85.7 89.4 93.6 98 101 101.6 101.1 101 102.2 104.3 107.5 109.7 109.9 108.9 106.4 102.7 97.5
81.4 79.8 79.5 80.1 79.4 79.4 80.6 82.4 83.8 84.2 85 85.5 85.3 84.4 85.8 88.7 91.4 89.5 90.2 90.8 89.9 87.8 79.2 55 48.4 49.8 66.6 76.5 81.6 82.4 79.1 73.5 67.3 65.3 66.8 71.6 75.1 77.7 80.3 82.5 82.1 84 84.7 84.3 82.1 80.3 78.6 76.1 73.8 72.1 71.4 69.9 69.7 70.6 72.4 74.4 77.3 76.2 77 79.1 79.9 80.7 82.2 86.2 90.5 94.9 99.7 103.1 104.7 105.5 106 106.7 106.8 109.2 111.7 110.6 110 107.1 103.1 99.2
80.3 78.1 76.8 75.8 74.9 75.3 76.1 76.4 77.2 79 80.6 81 80.5 78.6 79.8 82.9 85.8 84.8 83.8 83.9 81 72.3 50.6 48.2 48 55.8 71.4 77 80 77.9 72.1 59 57.1 59 59.6 63.2 67.1 71.3 73.7 75.1 74.6 74 74.6 75.6 75.8 75.4 74.7 72.8 70.9 69.4 69.1 69 70.1 72.9 77.1 82.3 85.2 83.1 84.6 86.3 85.6 85 85.5 88.3 90.4 95.4 99.6 103.3 107.1 109.9 111.5 112.5 112.2 114 115.4 113.5 111.7 108.7 105.7 103.1
79 75.8 73.4 72.5 71.9 72.2 72.8 71.8 72.9 74 75.5 76.3 74.8 74.4 74.4 76.7 79.4 80.7 80 75.7 63.3 48 45.8 48.2 48.6 56.1 61.7 64.6 65.8 62.7 55.1 55.9 59.8 61.3 59.4 57.9 58.3 58.8 63.7 67.1 68.2 68.4 69.7 70.4 70.7 70.7 70.5 69.6 69 69 69.1 71 73.2 75.6 82.2 87.7 90.3 89.7 91.5 92.3 91.6 90.2 89.9 89.7 90.7 94.8 99.8 104.1 107.9 112 115.1 116.5 117.7 118.2 118.5 117 115.2 113.2 110.9 107.9
76.9 74.3 72.2 70.2 69.7 70 69.2 68.6 70 71.3 72.4 72.6 71.6 70.5 70.4 71.8 73.9 75 73 68.2 51.6 44.9 44.9 48 48.5 49.5 50.5 53 53.6 54.1 57.5 68.7 72.6 70.6 65.7 60.5 59.6 58.9 58.7 60.9 63 64.6 64.9 65.6 65.8 64.7 65.5 67.1 68.6 69 71.7 75.1 77.6 79.4 82.4 87.8 92.7 96 99.2 98.8 98.5 97 96.8 95.3 94.2 95.1 97.8 102.8 108 112.8 116.3 118.1 120 121.3 120.6 119.9 119.3 117.5 115.8 113.8
74.6 73.3 70.3 70 67.5 66.4 65.8 66 66.9 68.3 70 69.9 69.1 68 66 66.5 68.4 69.9 68.3 59.4 44.1 45.1 45.3 47.8 52.5 55.4 53.5 54.9 56.9 65.8 72.6 78.4 79.9 79.3 76.1 67.7 63.9 62.7 61.6 59.7 60.8 62.9 63.8 64.1 64 64.5 65 66.7 69.6 71.6 75.5 79 82 84.3 87.2 89.5 93.1 98.6 104.1 106.1 105.8 105.6 103.9 103.4 99.6 99.8 100.6 103.1 106.7 112.7 116.2 119.1 120.8 121.7 121.8 121.6 121.5 121.1 120 118.3
77.1 74.2 70.8 68.1 65.4 62.9 62.2 62.3 63 64.4 66.8 66.8 65.5 64.2 60.8 61.1 62.5 64.2 60.6 47 44.1 46.4 48.9 54.9 62.3 65 63.8 68.7 74.5 81.7 85.8 86.5 85.6 84.6 81.2 75.8 70.7 68.7 65.3 64.3 64.1 63.9 65.5 65.4 65.1 65.7 65.7 67.6 70.8 74.9 78.1 81.6 85.6 90.1 93.7 96.8 97.8 99 104.9 108.8 111.7 111.8 112.4 111.8 110.3 109.1 109.3 109.8 110.1 113.1 116.6 119.5 121.3 121.5 121.6 121.7 122.2 122.3 122.1 120.6
80.7 77.4 73.5 69.3 65.2 62.3 59.5 58.6 59 60.6 63.1 63.5 61.8 60.8 58 53.3 55.7 55.8 48.1 43.5 45 49.1 54.3 65.9 72.6 76.3 78.6 81.4 87 89.7 91.5 91.4 90.1 89.4 85.8 80.9 77.1 73.6 69.7 67.6 68.8 71 72.8 72.6 71.4 69.7 68.8 69 71.5 75.6 80.2 82.5 87.1 92.6 99 101.3 102.6 102.6 104.3 109.1 112 113.6 115.1 116 114.8 113.7 115 116.1 116 115.1 117.2 119.7 120.5 120.9 121.1 121.2 121.7 122 122 122.3
83.5 80 75.6 71.2 65.1 62.5 59.9 55.2 54.9 57.5 59.3 59.1 57.2 56.3 55.5 48.9 44.5 44.1 43 42.9 46.7 51.9 61.7 72.8 80.2 85.8 89.3 91.5 94.1 96.2 96.4 95.7 94.4 93.2 90.2 85.7 82.1 78.5 74.5 71.4 74.3 77.2 79 78.3 76.4 75.3 74.3 74.3 75.3 76.1 78.8 82.6 88.8 94.9 99.8 101.8 104.7 105.2 105.5 107.3 110.1 113 115.2 116 116.5 116.8 117.9 117.8 116.5 116.2 117.2 118.8 118.7 119.5 120.6 120.7 121.1 121.5 121.9 122.9
83.7 80.4 76.4 72.6 65.4 62 59.1 53.8 51.9 53.7 54.6 53.9 51.8 50.8 48.5 43.5 43 43.3 43.5 44 49.6 57.6 68.4 77.4 86.2 93.5 98 100.1 101.1 101 99.7 98.5 97.7 96.5 93.7 90.8 87.7 84.5 80.5 75 79.7 83.5 84.5 84.9 82.9 81.9 81.1 81.3 81.7 80.5 79 80.7 87.3 92.7 98 101.2 104.4 105.7 106.7 108.3 109.7 112.4 114.4 116 116.7 117.2 117.4 116.7 116.2 116 116.4 116.7 116.7 116.9 118.1 119.3 120 121.3 121.9 122.3
80.7 77.7 74.8 70.9 65.4 61 56.8 53.5 50.4 48.3 50.2 48.8 46.3 44.7 43.6 43.1 42.9 43.1 44.7 48.2 54.7 64.8 74.7 83.1 90.7 98.4 102.6 104.8 105.9 106.5 105.7 103 101.5 100.2 98.1 95.3 91.4 88.6 84.6 78.8 81.1 86.5 90 89.4 90.4 90.2 89.2 89.2 89.2 87.5 84 82.3 88.3 94.1 98.2 101.3 104.2 106 106.9 108.1 109.4 111.6 113.7 115.7 116.5 116.7 116.7 116 116 115.6 115.8 114.6 114.7 114.9 115.6 116.5 118.1 119.7 120.1 120.7
80.4 76.5 73.2 69.2 64.3 62.1 58.1 53.5 50.3 46.6 46 45.2 41.6 41.4 42.2 43.2 43.4 46.5 50.6 54.7 57.2 71.7 80.8 88.5 94.9 101.3 105.4 108.3 110.1 111.4 111.4 108.6 105.6 104.4 102.3 98.5 94.3 90.5 85.7 82.2 82.1 85.6 89.5 91.3 95.9 97.3 97.2 97 96.1 93.9 91.1 85.1 87.9 93.2 98.4 101.4 103.9 105 105.7 106.4 108.3 110.5 112.1 114.3 116.1 116.3 116.1 114 114.7 114.5 114.1 113.1 112.8 112.9 113.6 114.7 115.7 117.3 117.1 118
82.2 77.9 74.1 70.8 66.2 62.3 58.9 54.1 51.5 48.1 42.8 40.5 39.9 40 39.9 44.3 49.6 55.2 60.5 64.6 64.3 68.5 80.9 89 96 102.1 106.9 110.8 113 114.5 115 113.9 111.5 108.5 105.3 101.7 96.9 92 88.1 86.5 86.1 87.5 89.6 92.3 95.8 100.3 102 102.3 100.3 97.9 94.4 88.8 89.5 91.7 96.4 99.5 102.7 104.4 105 105.7 105.8 107.9 109.9 112 113.6 114.2 115.7 114.8 113.7 112.9 112.4 111.8 111.1 110.9 111.8 113.4 114.4 114.9 114.1 114.9
