public/OST50/SW96.asc
ncols 200
nrows 200
xllcorner 190000
yllcorner 60000
cellsize 50
[rows 140 to 174 of 200, columns 80 to 159 of 200]
142.7 143.8 144.7 145.5 146 145.3 144.3 141.8 141.4 142 142.5 143.6 145.2 147.9 147.2 147.5 148 148.2 149.1 149.5 149.6 149.7 149.2 147.7 144.8 140.8 138.5 138.6 140 143.2 145.6 147 147.2 147.8 148.9 150 151 151.8 154.3 156 157.6 159.2 162.4 164.9 168.6 169.7 173.5 175.6 177.1 177.3 176.9 177.8 178.9 180 181 182.7 183.6 184.8 186.2 186.6 186.9 187.3 186.6 185 182.2 179.1 176.7 173.7 171.5 169 167.3 165.4 163.3 159.9 155.3 150.3 144.8 139.6 134.2 128.5
146.1 147 147.9 148.8 149.4 149.3 148.5 148.2 148.1 148.6 148.9 149 150.2 151 151.9 153 153.2 153.1 153 153.2 153.4 153.4 152.5 149.9 146.2 140.6 141.9 142 142.9 145.5 146.7 147.7 148.8 148.5 149.6 150.5 151.4 153 155.2 156.9 158.6 162 166.3 170.1 173.2 175.7 177.7 180.4 181.1 180.8 179.9 180.6 181.6 182.7 183.7 185 187.2 189.3 191.7 191.5 191.6 192 191 189.3 186.4 182.9 179.6 177.7 175.1 172.4 170.6 168.5 165.9 161.4 156.8 150.9 144.3 138.1 132.9 127.7
149.3 150.2 151.1 151.9 152.4 152.7 153.6 154.3 154.7 154.7 154.8 154.9 155.6 156.3 157.1 158 157.8 157.4 156.8 156.8 157.1 156.9 155.2 152.6 148.3 146.7 146 145.4 146.2 147.7 148.9 149.5 149.4 149.1 149.1 150.8 152.3 153.9 155.9 157.8 162 166.3 170.4 174.1 177 180.1 181.1 184.4 185 184.7 183.2 183.8 184.5 185.4 186.3 187.5 189.9 194 197.3 197.8 197.6 197.3 195.6 193.7 191.3 188.1 184 181.1 178.5 175.9 173.8 171.3 167.4 162.7 157.4 150.7 144.1 136.7 130 123.7
151.6 152.7 154.5 155.3 156.3 157.7 159.1 160.1 161.4 161.4 161.6 161.6 161.8 162.3 162.7 162.4 161.9 161.5 161 160.2 160 159 157.6 155.5 152.8 151.2 150.5 149.9 149.4 150.1 150 149.8 149.7 149.6 149.6 149.6 151.8 155.4 157.4 160.4 165.3 169.3 173.3 177.1 180.7 183.4 183.6 186.5 188.6 188.3 186.6 186.8 187.5 188.1 189.1 190 192.4 197.8 203 205.2 205.7 204.3 200.9 198.9 196.4 193.6 189.7 184.9 181.6 179.3 176.8 173.1 169.4 164.7 158.6 151.2 143.8 135.7 127.2 120
153.4 155.5 157.8 159.2 162.2 163.6 164.6 166.1 168.6 168.6 168.4 168.2 168.3 168.7 168.1 166.9 165.4 165.1 164.7 163.3 162.4 160.9 159.4 157.9 155.7 154.6 153.7 152.1 150.5 150.7 150.2 149.9 149.5 149.1 149.8 149.8 151.8 155.2 159.5 162.9 167.5 171.5 175.5 179.8 182.7 185.4 187.1 187.3 190.4 191.7 190.8 190.5 190.2 192.2 192.5 193.5 194.4 200.2 206.8 210.2 210.9 209.7 207.1 204.2 201.6 199 194.3 189 185.2 182.1 179.1 175.5 171.6 166.2 159.7 152.1 144.4 135.5 126.1 119.3
155.2 159 161.8 164.8 167.7 170.3 172 173.8 175.1 176.2 175.6 174.8 174.7 174 173.1 171.8 170.4 168.9 167.3 165.8 164.2 162.6 161.1 159.5 157.8 156.4 154.8 153.2 151.6 151.1 150.1 149.4 149 148.5 148.2 149.7 152.1 154.8 159.3 164.2 168.3 173 177.4 180.9 184.1 186.6 187.4 188.4 191.9 193.4 194.6 194.3 193.5 193.3 189.6 195.2 197.8 203.4 209.6 212.8 214.7 214.4 212.9 210.4 208.5 205.7 199.4 192.3 189 185.8 181.6 177.9 173 167.3 160 152.5 144.5 135.6 126.9 118.8
157.1 162.2 166.8 170.5 174.9 178.2 181 182.5 183.7 184.2 182.8 181.7 180.9 179.1 178.1 176.8 175 172.4 169.7 167.7 165.3 163.7 162.1 160.5 158.2 156.5 155.2 154 152.6 151.5 150.5 149.6 148.6 148 147.6 150.3 152.7 155.2 160.2 164.7 168.4 173.3 177.9 181.1 184 186.6 187.6 187.4 192.2 195.1 196.2 197.5 197.5 198.4 189.6 198.5 202.4 206.7 211.5 215.1 217 218 217.3 216.4 214.2 210.5 205.3 196.9 193.3 188.6 184.3 179.1 173.7 167.3 160 152.5 144.3 135.5 127.4 119.5
159.6 165.4 171 176.1 180.7 184.2 187.9 189.8 190.6 191.9 190.8 188.8 187.4 185.4 183.5 181 178.3 175.5 172.2 169.5 167.1 164.7 163.1 160.9 158.6 156.5 155.3 154.1 152.9 151.3 150.1 149.1 148 147 146.6 149.9 153.4 156.9 160.2 164.4 168.4 173.2 176.9 179.8 183.1 185.8 184.9 190.1 193.1 196 198.7 200.5 200.8 200.1 199.4 200.6 205.4 208.8 213.2 216.8 218.9 220.3 220.6 220.1 217.6 214.4 209.8 201.1 196 191.1 185.5 180 174.4 167.7 160 152.2 144.4 136.3 128.3 120.8
161.9 167.7 173.5 179.3 184.1 188.5 191.8 194.3 196.4 198.1 199.2 197.2 194.3 191.4 189.2 185.6 182.8 178.6 175.1 172.4 169.6 166.6 163.5 161.3 159 156.7 155.4 154.2 152.4 150.6 149.3 148.1 147.1 146 145.3 148.5 151.9 155.4 160.4 164.9 168.1 172.1 175.6 178.4 180.9 181.2 184.7 188.9 193.4 197 199.8 203.2 203.6 202.5 201.7 203.1 208.2 211.3 215.6 217.8 220.2 221.8 222.6 222.3 220.6 217.2 211.7 204.4 198.2 192.7 186.9 181 174.3 167.2 159.4 152.1 144.5 136.6 129.7 122.9
163.8 169.6 175.4 181.2 186.8 191.1 195 198.2 201 203 204.8 203.9 201.7 197 192.8 189.3 185.9 181 177.1 174 170.5 167.1 163.7 161.5 159.3 157.1 155.4 153.6 151.7 149.8 148.6 147.3 146.1 145.1 145 147.2 150.5 154.5 159.6 163.9 167.6 171.1 174.4 176.7 178.2 181.9 186.9 190.5 194.6 198.3 202 205.4 206 205.8 205.8 207.2 210.5 213.9 216.8 219 221 222.4 225.3 223.7 221.9 218.4 212 205.2 199.3 193.6 187.5 180.8 173.9 166.5 158.9 152.1 144.7 137.8 130.8 124.9
164.9 170.8 176.8 182.7 187.8 192.6 196.9 200.1 203.2 206 209.3 209.3 206.6 200.7 196.4 192.1 188 182.8 178 174.5 171 167.6 164.1 161.7 159.5 157.3 154.8 152.9 151 149.1 147.9 146.6 145.3 144.3 144.5 147 150.1 154 158.9 162.4 165.8 169.4 171.9 174.7 178.3 182.7 186.5 191 195.5 199.8 203.9 207.3 208 208.4 208.5 209.5 212.3 214.5 217.2 219.3 220.8 222.6 223.7 223.5 222 218.4 212.5 206.3 199.8 193.8 187.3 180.3 173.3 165.9 158.5 152 145.4 138.3 132.4 127.1
165.3 170.6 176.3 182.3 188.1 193.4 197.9 201.3 204.8 209.3 211.9 211.9 209.2 203.7 198 193.6 188.8 184.1 179 175.1 171.5 168.1 164.6 161.9 159.7 157 154.6 152.3 150.3 148.4 147.1 145.9 144.5 143.6 143.7 146.4 149.6 153.7 158.1 161.2 164.4 167.7 171.3 174.9 178.4 182.3 186.1 190.6 195.7 200.3 204.4 208.3 209.9 210.7 210.6 211 213.2 215.2 216.7 218.2 219.9 220.4 222.1 222.1 220.4 216.4 210.6 204.9 199.8 193.4 186.6 179.6 172.6 165.1 158.3 152.1 145.7 139 133.7 128.7
165.7 171 176.3 181.8 187.6 193.2 198.1 201.8 206.1 211.7 213.9 213.1 211.3 205.6 200 194.9 189.9 184.9 180.1 176.1 172.2 168.6 165 162 159.5 156.7 154.4 152.1 149.8 147.8 146.4 144.9 143.8 143.1 142.7 145.9 149.1 153.4 157.3 161.2 165.1 168.1 171.7 174.6 177.6 181.7 185.9 190.2 195.2 200.3 204.5 208.1 209.8 210.7 210.9 210.9 212.5 213.9 215 216.2 217.7 218.1 219.2 219.1 216.5 214.5 208 203.2 198.5 192.5 185.9 178.9 171.8 164.5 158.3 152 146.4 139.9 134.8 130.3
165.9 171.2 176.5 181.6 186.7 192.5 197.7 200.9 207 209.7 213.2 213.6 211.4 206.3 200.9 195.9 191 186 180.9 177 173 169 165.4 162 159.2 156.4 154 151.7 149.4 147.2 145.4 143.9 143.4 142.6 142.3 145.9 149.2 153.4 157.4 161.3 165.2 168.2 171.1 173.8 177.1 180.4 185.5 189.9 194.4 199.5 203.8 206.9 209.1 210.3 210.7 210.8 210.9 212.5 213.3 213.7 214.6 215.5 215.8 215.3 213.8 210.5 206 201.5 196.9 191.4 185 178.3 171.1 164.5 158.2 152.4 147.4 140.7 135.9 132.7
165.8 170.6 175.4 180.3 184.9 190.1 196.3 199.7 203.3 206.6 209.3 210.9 210.5 206.9 201.8 196.7 191.5 186.2 181 177.2 173.2 169.3 165.7 161.9 159 156.1 153.3 151 148.7 146.3 144.6 142.8 141.6 141.5 142.1 145.5 149.4 153.6 157.6 161.5 164.7 167 169.9 172.7 176.5 180.3 185 189.2 193.6 198.3 202.3 205.1 207.5 208.9 209.5 209.3 208 209.7 210 210 210.9 211.8 211.8 210.6 207.7 205.3 202.2 198.3 194.4 189.7 183.6 177.1 170.7 164.9 159.3 153.7 148.4 143.5 138.9 136.3
165.7 169.9 174.1 178.9 183.5 187.7 193.2 196.7 199.9 203.3 205.3 207.4 207 205.5 201.6 196.8 191.6 186.3 181.2 177.3 173.4 169.5 165.7 161.9 158.7 155.9 153 150.2 147.9 145.5 143.6 141.8 140.6 139.7 141.8 145 149.2 153.9 157.8 161.1 163.8 166.2 168.7 171.6 175.5 180.2 184.5 188.5 192.9 197 199.9 202.6 205.1 207.2 207.8 207.2 204.6 205.9 206 206.4 207 207.6 207.4 205.4 203.1 201.3 198.2 195.1 191.8 187.2 182.1 177 171.2 165.2 159.8 155.4 151.2 146.4 141.8 138.9
163.5 168.8 173.3 177.7 181.8 185.9 189.9 193.2 196.5 199.5 201.9 203.9 204.1 203.5 200.5 196 191.2 186.4 181.3 177.4 173.5 169.4 165.8 162 158.5 155.7 152.8 149.9 147 144.5 142.6 140.8 139.9 139.6 141.1 144.8 149.7 154 157.4 160.6 163 165.3 167.3 170.4 174.2 179.1 183.5 187.5 191.3 194.8 197.5 200.2 202.4 204.4 205.3 204.4 202.8 202.4 202.4 201.9 202.1 201.9 200.8 200.4 199 197.7 194.7 191.6 188.6 185 180.8 176.6 171.2 166 160.3 156.7 153 149.4 144.7 141.5
162.4 167.3 171.8 175.9 179.9 183.4 186.8 189.9 192.9 195.9 197.8 199.4 200.4 200.3 197.9 194.4 190.1 185.3 180.9 176.8 172.7 168.5 165 161.6 158.3 155.1 151.9 148.8 145.8 143.5 141.6 140 138.9 138.7 140.6 144.7 150 153.7 157 159.5 161.5 163.4 165.2 168.6 172 177 181.8 185.6 188.9 192.3 194.4 196.5 198.8 200.9 201.5 201.3 200 197.9 197.7 197.4 197.7 197.5 197.2 196.9 195.4 193.6 191.6 188.6 185.6 182.7 179.3 175.7 171.8 167.3 161.9 157.9 154.4 150.7 147 143.5
161.1 165.4 169.6 173.8 177 180.2 183.6 186.7 189.3 191.7 193.6 194.9 195.9 195.6 194 190.9 187.9 184.2 180.1 175.9 171.8 167.7 164 160.7 157.6 154 150.8 147.8 144.8 142.6 140.6 139.3 138.5 138.1 139.9 145.1 149.7 152.6 155.5 157.6 159.6 161.3 163.1 166.2 170.1 175.2 179.7 182.8 186 188.5 190.7 192.9 194.8 196.4 197.5 197.4 195.7 194 192.8 193.2 193.7 193.4 192.8 192.2 191.2 189.4 187.6 185.6 182.7 180.6 178 175.1 172.2 168 163.5 158.8 155.5 152.2 148.5 143.8
159 163.3 167.5 171.5 174.6 177.3 180.4 183.5 186 187.9 189.5 190.4 191.3 190.4 189.3 187 184.4 181.8 178.4 174.6 170.9 166.8 163.1 159.9 156.9 152.9 150 147.1 144.2 141.9 140 138.7 138 137.6 139.4 144.6 148.8 151.4 153.5 155.6 157.5 159.3 161 163.8 168.5 172.9 176.3 179.7 182.3 184.6 186.9 188.9 190.7 192.4 193.4 192.7 191.3 189.9 188.7 189.2 189.4 189.2 188.2 187.3 186.7 185.1 183.4 181.9 180.7 178.6 176.8 174.1 171.6 168.7 164.6 160.3 156.2 153.2 149.5 144.7
157 161.1 165.2 169.3 172.3 174.9 177.6 180.3 182.5 184.4 185.9 186.8 187 186.8 185.5 184 181.5 178.8 175.9 172.6 168.9 165.2 162 158.9 155.7 151.9 149.1 146.4 143.6 141.1 139.5 138.2 137.1 137 138.5 143 147.3 149.4 151.5 153.6 155.1 156.6 158.6 162.1 166.7 169.7 173.1 176.7 178.9 181.1 183.4 184.7 186.7 187.9 188.6 188.4 187.5 186.2 184.8 184.8 185 185 184.5 183.5 182.6 181.6 180.1 178.8 178 176.7 174.9 173.5 171.7 169.2 165.7 161.9 157.8 154.9 151.5 147
156 159.5 163.1 167 169.9 172.6 175.1 177 178.7 180.6 182.3 182.7 182.7 182.7 181.9 180.3 178.5 175.8 172.9 169.9 166.9 163.4 160.4 157.6 154.5 150.9 148.2 145.4 142.3 139.8 138.1 137.4 136.4 136.3 137.9 141 144.8 147.4 149.5 151.6 153 154.5 157 160.3 164.4 167.1 170.3 173.7 175.9 177.7 179.7 180.9 182.4 183.2 183.8 183.7 183.6 182.3 180.8 180.4 180.5 180.6 180.7 179.7 179 178.1 176.8 175.8 175.1 173.9 173.3 172.2 170.4 169 166.4 163.3 160.2 157.4 153.8 148.4
155.3 158.5 161.7 164.8 167.5 170 172.3 174 175.6 177.3 178.7 178.8 178.9 179 178.3 176.6 175 172.9 170.4 167.8 164.8 161.7 158.9 156 153.2 150 147.1 143.9 140.8 138.4 136.8 136 135.4 135.7 137.3 139.8 142.6 145.3 147.5 149.6 151.2 153 155.5 158.6 162.1 164.9 167.6 170.2 172.5 174.4 175.7 176.8 177.8 178.6 179 178.9 178.8 177.3 176.7 176 176.1 176.2 176.3 176 174.8 174.2 173.5 172.9 172.2 171.8 171.3 170.3 169.2 168.2 167 165.6 163.7 160.3 156.5 150.5
154.1 157.1 160.3 163 165.4 167.5 169.4 171.1 172.9 174.5 175.4 175.2 175.3 175.5 174.8 173.1 171.4 169.5 167.8 165.8 162.9 160 157.1 154.3 151.4 148.7 145.5 142.4 139.3 137.5 136.2 135.1 134.6 134.6 136.1 138.2 141.1 143 144.9 147.6 149.7 151.9 154.5 157.1 159.8 162.5 165 166.9 169 170.6 171.7 171.5 172 173.1 174.8 174.2 174.7 172.9 172.5 172.1 172.2 172.4 172.3 172 170.1 168.7 170.3 169.6 169.4 169.6 169.4 168.3 167.3 166.8 167.1 166.6 164.6 163 159.6 152.7
152.8 155.9 158.8 160.8 162.8 164.7 166.6 168.4 170.1 171.5 172.2 172 171.8 171.9 171.2 169.5 168.2 166.7 165 163.2 161 158.1 155.3 152.4 149.8 147.3 144.1 140.9 137.8 136.5 135.6 134.3 133.8 133.6 135.1 136.7 138.9 141.4 144.3 146.5 148.6 150.7 153.3 155.4 157.4 160 162.4 164.2 165.6 167.1 166.9 167.3 168.2 169.4 170.6 170.1 169.7 169 168.5 168.6 168.7 169 168.8 168.4 167.9 166.6 167.1 166.9 166.9 167 167.3 166.4 166 166.5 167 166.7 165.4 163.6 161.7 157.5
152.1 154.6 156.6 158.4 160.2 162 163.8 165.7 167.1 168.4 169 168.7 168.5 168.3 167.7 166 164.9 163.9 162.1 160.3 158.5 156.2 153.4 150.9 148.3 145.8 142.6 139.4 136.4 135.5 134.6 133.7 133.1 133.2 134.4 135.9 138.4 141.1 143.5 145.6 147.6 149.6 151.7 153.6 155.4 157.6 159.7 161.1 162.2 162.9 163.6 164.6 165.4 165.8 166.1 166.2 166.1 165.1 165.1 165.1 165.2 165.3 165.3 164.8 164.5 164.5 164.3 164.4 164.4 164.5 164.7 165.2 165.7 166.1 166.3 166.3 166.4 165.8 164.3 162.5
150.8 152.6 154.6 156.4 158.2 160 161.7 163.2 164.5 165.4 165.8 165.2 164.9 164.6 164.2 162.9 161.8 160.7 159.4 157.6 155.7 153.7 151.8 149.3 146.7 143.9 141.5 138.7 136 134.3 133.4 132.7 132.5 133.2 134.5 136 138.6 140.6 142.7 144.7 146.7 148.4 150.1 151.9 153.6 155.4 156.7 158.1 159.1 159.8 160.4 160.9 161.5 161.9 162.1 162.2 162 161.6 161.7 161.8 161.9 162 161.8 161.2 160.9 161.4 161.9 162 162 162 162.2 164.7 165.8 165.2 165.3 165.7 166.3 165.7 166.5 165.7
149.2 150.8 152.6 154.4 156.2 157.8 159.3 160.7 161.6 162.5 162.9 162.1 161.3 160.9 160.6 159.8 158.7 157.6 156.5 154.9 153 151 149.2 147.5 144.8 142 139.4 137.1 135.4 133.8 132.4 132.1 132 132.4 134 137.8 139.4 140 141.9 143.9 145.4 146.8 148.5 150.3 151.7 152.8 153.9 155.2 156.2 156.7 156.9 157.5 158.1 157.9 158.1 158.2 157.8 158.2 158.6 158.7 158.8 158.8 158.6 157.8 157.9 158.6 159.3 159.5 159.6 159.6 160.1 160.1 166.8 164.1 164.3 165.2 166.1 165.7 167.1 167.4
147.3 149 150.6 152.3 153.8 155.4 156.9 157.8 158.7 159.5 160 159.2 158.4 157.6 156.9 156.5 155.7 154.4 150.7 149.7 148.4 148.7 147.3 145.1 142.7 140.1 137.4 135.6 135 132.8 133 131.2 131.6 132 133.4 135.8 140.8 139.5 140.9 142.3 143.8 145.2 146.7 148 149.3 150.3 151.5 152.4 153.1 153.3 153.5 154.1 154.8 154.2 154.2 154.5 154.8 155.1 155.4 155.6 155.6 155.6 155.3 154.7 155.2 155.7 156.5 157 157.2 157.7 158.3 159 159.7 167.2 163.6 164.6 165.4 166 167.7 169
145 147.1 148.7 150.2 151.8 153.3 154.1 154.9 155.7 156.6 157.1 156.4 155.6 154.8 153.9 153.4 152.6 151.7 149.7 150.5 148.5 146.9 145 142.6 140.5 135.4 134.6 134.3 132.3 130.9 130.8 130.7 130.9 132.6 135 136 136.9 138.1 139.4 140.9 142.3 143.6 144.4 145.6 146.9 147.9 149.2 149.8 150.3 149.9 150 150.8 150.7 150.9 151 151.3 151.8 152.4 152.9 152.9 152.6 152.3 153 152.9 153.3 153.9 154.9 154.6 154.3 155.6 156.3 157.4 158.4 160 161.6 162.2 163 163.7 164.5 164.7
143 144.9 146.7 148.4 149.9 151.1 151.8 152.3 152.9 153.6 154.3 153.5 152.7 151.8 151 150.4 149.4 148.5 147.8 146.8 145.4 143.6 143.4 136.9 137.6 136.7 134.8 133.5 131.1 130.5 130.5 130.6 130.6 131.3 132.1 133.3 134.6 141.8 138.7 139.7 140.7 141.9 142.4 143.3 144.4 145.5 146.4 146.9 147.6 147.6 147.5 147.1 147.4 148.6 150 150.5 150.9 151.2 151 150.2 150.3 151 149.2 149.4 149.6 150.7 151.4 151.7 152.5 153.8 155.2 156.5 157.6 159.4 160.7 167.4 164.3 165.6 167.4 169.6
140.7 142.6 144.5 146.4 147.9 148.7 149.5 150.1 150.6 151.1 151.3 150.6 149.7 148.9 148.1 147.3 146.4 145.7 144.9 144.1 142.7 138.4 139.5 138.1 136.9 134.6 133.6 132.8 131 130.8 130.7 130.5 130.6 131.3 132.1 133.1 134.1 141.3 137.2 137.5 138.8 139.6 140.5 141.2 142.6 144.1 145 145.3 145.4 145.1 145.5 145.1 145.4 145.1 145.2 145.1 145.8 146.5 147.4 147.9 148.1 148.1 147.5 147 147.3 148.9 149.7 150.3 151.3 152.6 154 155.5 156.9 158.4 160 161.8 163.6 164.9 167.2 169.5
139 140.9 142.8 144.7 145.8 146.2 147 147.7 148.2 148.3 148 147.6 146.8 145.9 145 144.4 143.7 142.9 142.1 139.3 139.9 138.6 137.6 136.2 134.6 133.1 132.5 131.9 131.2 131 130.7 130.3 130.5 131.1 131.8 132.7 133.6 134 144.7 136.4 136.9 137.5 138.6 138.8 140 140.6 141 141 142 141.4 141.8 143.3 142.4 142.7 143 143.1 143.8 144.5 145.3 145.8 145.9 146.1 145.6 145.5 146 147.5 147.7 148.2 149.3 151.9 153.3 154.7 156.2 157.7 159.3 160.7 165 164.5 166.9 169.1
137.6 139.5 141.3 142.5 143.8 144.2 144.4 145.2 145.7 145.6 145.2 144.7 143.6 142.7 141.8 141.5 140.6 139.5 139.3 138.6 137.4 136.1 135.2 134.2 133 132.1 131.4 130.9 130.6 130.3 130 130 130.3 130.7 131.4 132.2 133.2 133.6 133.9 140.3 135.4 135.9 136.6 136.6 137 137.3 137.6 137.4 139 139.6 139.5 140 140 140.3 140.7 141.1 141.8 142.6 143.7 143.9 144 144 144.5 145.1 145.6 146.6 146.1 146.5 148.1 150.7 152.6 154.1 155.8 157.1 158.6 160 161.7 163 163.5 168.1
136.3 138 139.2 140.4 141.7 142.4 142.6 142.8 143.3 142.8 142.3 141.7 140.8 139.5 139 138.7 138.8 137.6 136.8 136 134.8 133.5 132.9 132.1 131.6 131.1 130.3 130.1 129.9 129.6 129.6 129.8 130.1 130.5 131 131.8 132.7 133.1 133 133.3 134 136.5 135 134.3 134.7 135.5 135.5 135.7 137 137.8 138.3 138.3 138.1 137.9 138.9 139.6 140.4 141.1 142.1 142.1 142.8 143.8 144.6 145.1 145.6 145.8 145.7 146.3 148 149.8 151.9 153.5 155.3 156.8 158 159.2 161.5 163.8 165.4 167.8
