public/OST50/SW96.asc
ncols 200
nrows 200
xllcorner 190000
yllcorner 60000
cellsize 50
[rows 70 to 104 of 200, columns 0 to 79 of 200]
147.2 149 149.3 148.6 147.2 144.6 141 136.4 131.7 126.1 120 111.5 105.8 104.1 104.3 106.8 111 117 121.7 126.4 130.6 134.2 137.2 139.2 140.8 143.5 147.1 150.8 154.8 158.9 161.6 162.5 161 158.4 154.7 149.8 144.4 138.6 133.1 128.2 124.3 120.5 118.8 118.5 118.5 118.2 119.1 120.2 121.4 122.7 124.3 126 128.1 130 132.8 136.4 140.1 144.1 148.9 149.1 149.6 149.7 148.5 145.3 141.8 138.9 135.7 132.8 129.7 127.8 126.1 122.3 119.6 120.5 120.4 121.7 123.4 125.2 127 129.1
144.8 146.9 147.8 146.9 145 142.3 137.8 133.2 127.7 122.1 116.2 107.6 102.6 101.6 103.5 107.3 112.8 117.4 122 126.6 130.9 134.8 137.7 140.2 141.9 144.6 147.3 149.6 152.6 157.1 160 160.5 159.5 157.1 153.5 149.6 143.9 137.9 132.5 127.4 123 119 116.9 116.6 116.6 116.7 117.5 118.6 119.8 121 123.2 125.4 127.5 130.1 133.1 136.5 140.3 145.6 147.2 148.5 148.3 148.1 146.3 143.2 140.1 136.6 133.4 131.2 128.2 126.6 125.8 121.9 119.5 119.5 119.6 120.8 122.6 124.4 126.2 128.3
141.5 143.8 145.6 145.3 143.1 139.9 134.4 129.4 122.9 116.1 110.2 103.5 100 100.1 102.3 107.1 112.2 117.1 121.8 126.4 130.6 134.3 137.6 140 141.6 143.5 144.7 147.4 150.1 153.5 155.1 156.6 156.3 154.9 152.4 149.2 144.5 138.4 132.3 127.2 122.7 118.6 115.7 114.5 114.6 114.9 116.4 117.5 118.5 120.6 123.7 126.4 128.8 131 134.1 137.6 142.3 144.8 146.7 148 147.8 147.7 145.6 141.7 138.2 134.9 131.1 131 127.5 125.1 125.2 121.9 119.1 118.2 119.1 120 121.9 123.7 125.5 127.5
139.2 141.5 144.1 143.4 141.1 137.8 131.6 125.2 117.8 110.9 105.7 101.1 97.7 98.6 100.8 105.9 111.5 116.4 121.3 126 129.4 132.6 135.5 138.5 139.9 140.8 140.7 142.8 145.4 149.1 150.7 152.4 152.6 152.5 150.2 147.4 144.1 139 132.7 127.5 122.3 118.4 114.8 112.8 112.6 113.5 115.2 116.4 117.9 121.1 124.1 127 129.5 131.8 135.4 139.6 141.8 144.2 146.1 147.4 147.4 147.1 145.5 141.9 137.6 134 130.3 128.3 124.6 125.1 124.9 120.1 117.2 118.9 119.1 119.7 121.4 123.2 124.9 126.9
136.8 140 142.5 142.6 140.5 135.6 129.3 122.5 114.5 106.1 101.8 97.7 94.6 96.2 97.8 103.6 110.4 115.1 119.8 124.5 128.2 129.9 132 133.8 134.9 135.1 135.7 137.2 140.7 143.8 145.1 147.2 149 149.1 147.6 145.3 143.2 139 133.1 127.5 123 118.6 113.9 111.4 111.3 112.1 113.7 115.5 118.5 121.5 124.8 127.8 130.3 132.9 136.7 139 141.6 144 145.6 146.4 146.9 146.5 145.4 142.2 137.9 133.8 129.4 128 124.5 124.7 125.3 118.8 117.4 117.6 118.6 119.4 121.1 122.9 124.8 126.9
133.9 136.7 138.7 138.3 136.2 131.9 126.5 119.6 111.4 103.8 98.9 94.6 92.5 94.6 96.9 101.7 108.4 114.2 119.3 123.9 126.8 127.2 127.5 128.3 129.4 129.5 130.1 132.6 134.6 136.9 139.1 141.6 144.6 145.3 146 143.8 141.5 138.4 132.8 127.1 122.1 117.2 112.5 110.2 110.4 110.1 111.8 115.9 118.9 121.9 125.1 128 130.9 134.1 136.8 139.5 142.1 143.8 144.6 145.4 145.9 145.9 144.9 142.8 138.2 134 130.3 127.3 123.5 119.9 119 117.9 117.5 118.4 118.4 119.2 121.1 122.9 124.9 128.3
130.2 133.4 133.8 133.5 130.7 127.1 122.2 116.5 108.4 101.8 97.2 93 90.9 92.9 95.5 100.5 107.8 113.4 118.9 122.1 123.1 122.7 122.7 123 123.7 124.5 126.1 128 129.8 131.1 133.2 136.6 140.4 142.3 143.5 142.3 139.7 137.2 132 126.5 121.2 115.9 111.1 109 108.5 110.1 112.3 115.5 118.3 121.4 124.5 127.7 130.4 133.8 136.4 138.5 141.8 143 143.8 144.6 145.2 145.5 144.5 143 140.1 136.8 133.2 127.7 123 119.3 117.9 117.1 118 118.9 118.7 118.9 120.8 122.9 124.9 127.5
125.7 128 129.2 129 127.4 123.6 118.9 113 105.2 99.7 94.8 91.9 89.6 91.2 94 99.5 106.5 112.4 116.8 118.4 118.4 117.8 117.9 118.8 119.8 120.4 122.1 124 125.8 126.9 128.4 132.5 136 139 141.1 140.9 138.4 135.9 131.3 125.9 120.3 114.6 109.3 108.2 108.1 110.1 112 114.4 116.9 119.8 123.5 126.7 130 133.4 135.6 137.7 140 142.2 143 143.8 144.6 145.1 144.1 143.2 142.8 139.6 135.3 129.6 123.4 118.9 117.6 116.4 117.2 118.6 118.5 118.9 120.9 122.9 125.1 128.2
121.2 122.8 124.1 124.8 123.4 120.8 116.6 110.4 104 98.1 93.5 90.9 88.5 89.9 92.7 100.2 106.5 112.1 114.9 115.5 114.2 113.4 113.7 114.6 115.6 117.2 119.2 120.6 122.1 122.6 124.5 128.8 133.1 136.7 138.6 138.6 137.3 134.4 130.1 124.5 118.8 113 107.9 106.7 108.1 109.4 110.9 113.3 115.7 119 122.6 126.4 129.6 132.6 134.5 136.6 139.2 140.3 141.4 142.1 143.1 144.5 143.8 143.4 143.1 140.3 136.8 132.2 125.3 119 117.2 115.9 115.9 118.1 118.6 119.5 121.1 122.9 126.4 129.7
116.2 118.1 119.2 119.8 119.2 117 114.3 109.7 103.7 97.7 92.1 89.1 87.4 89 92.9 101.3 107.8 110.4 112.2 111.9 110.6 109.7 109.9 110.6 112.5 114.3 116.1 117.3 117 118.9 120.8 125.4 129.9 133.9 136.8 136.1 135.2 133.1 128.7 123.9 117.9 112.4 107.2 105.9 108.1 108.4 109.6 111.6 114.8 118.3 121.8 125.6 128.9 132 133.9 135.7 137.1 137.7 138.7 139.5 141.3 143.1 143.6 143.6 143.1 139.8 136.8 132.8 125.1 119.1 116.5 115.9 115.9 117 117.5 119.2 120.8 123.6 127.6 129.9
110.3 112.2 114.4 115.5 114.6 113.3 110.6 107.5 102.7 96.8 89.5 85.7 85.8 90 95.6 103 107.8 108.6 108.4 107.2 106 105.3 105.5 106.5 108.2 110.2 112.3 112.5 111 114.1 116.8 121.6 125.5 130.3 133.3 134.2 133.3 130.6 126.4 122.1 117.3 111.8 106.1 104.8 105.3 108.1 108.4 111 114.4 117.4 120.8 124.8 128.2 130.9 132.8 134.5 135.4 136.1 135.2 136.6 138.6 140.6 141.2 141.8 141.2 138.8 136.7 132.2 124.3 119.3 117.4 116.3 115.9 116 117 118.8 120.5 124.2 127.8 129.1
104.5 106.6 108.8 110.9 110 108.1 104.3 100.9 96.9 91.5 84.9 83.7 86.8 91.1 97 102.2 104.6 104.8 103.6 102.5 101.7 101 101.5 102.5 103.5 105.4 107.4 108.1 107.2 110.5 113.1 116.4 120.9 126.3 129.5 131.6 131 127.9 123.6 119.2 114.6 110.6 105 103.9 105.3 106.2 107.8 111.4 114 117 119.6 123.5 126.6 129 131.5 132.7 132.8 132.5 131.5 133.7 135.7 137.2 137.7 138.4 137.1 133.6 130.3 129.8 126.5 118.1 117.4 115.8 115.8 115.9 116.8 118.5 121.7 125.1 127.3 128.6
99.4 101.2 103.5 105.4 105.2 102.3 97.6 92.6 89.6 85 81.9 81.1 87.2 90.8 94.4 98.4 100.8 100.1 99 98.5 98 97.1 97.6 98.5 99.6 100.6 102.6 102.9 104.8 107.6 110.9 113.7 117.9 122.8 126.9 128.1 128.2 125.9 121.5 117.3 112.3 108.2 105.2 102.5 104 105.6 108.5 111.1 113.9 116.6 119.4 122 124.8 127.2 129.4 129.8 129.1 128.5 127.8 130.5 132.6 133.6 134.1 134.9 134.8 133.1 130.5 128.7 128.2 118.9 116.3 115.7 115.2 114.5 116.4 118.7 122.1 124.3 126.1 127
94.1 95.9 98.4 99.3 100.1 97.2 91.9 86.7 83.3 80.5 78.9 80.5 84.6 87.5 90 92.8 95 95.6 95 94.5 94 93.6 93.9 94.9 95.8 96.7 97.7 97.4 99.8 102.6 105.5 108.4 112.4 117 121 122.6 122.8 121.4 119.4 116 111.7 106 103.1 101.2 103.6 106.1 109.7 111.1 113.6 116 118.4 120.7 123.2 125 126.7 126.7 126.2 125 124.6 126.2 128.5 127.3 129.2 130.2 131.4 131.5 129.9 127.9 128.1 121.1 116.5 116.2 114.8 112.6 115.2 118.4 120.3 122.4 124.1 125.1
88 90.4 93.1 94.1 94.2 92.2 87.3 82.8 80.2 78 78.7 79.9 82.5 84.8 86.5 88.7 89.9 90.8 91.2 90.7 90.1 89.6 90.1 91.1 92.1 93 93.2 94.3 96 97.9 100.3 102.8 106.5 110.7 114.4 115.9 116.4 115.8 115 112.7 109.2 104.1 100.6 101.3 103.4 109.1 107.7 111.2 113.8 116.2 118.6 121 122.1 122.4 124.1 123.2 122 121 121 123 123.5 123.1 123.7 125.3 127.1 127.7 126.8 126.4 127.2 121.4 117.5 117.6 114.8 112.3 113.1 116.5 118.6 120.3 121.5 123.1
82.5 84.3 87.6 89 88 86.7 83.6 79.1 76.3 75.4 76 78.1 80.7 81.9 83 85.1 86.2 86.3 86.6 86.8 86.2 85.6 86.5 86.9 88.2 89 89.9 91.2 93.1 94.1 96.5 98.2 99.9 102.8 107.7 109.3 109.6 109.2 108.9 107 104.5 101.7 100.7 101.6 105.7 104.3 107.4 111.1 114.2 116.4 118.8 120.9 121.6 121.8 121.9 120.7 119.5 118.4 118.4 119.5 119.4 119.5 119.7 121.3 122.6 123.8 124.3 125.1 124.4 122.6 119.1 118.6 115.1 113.1 111.2 114.2 116.6 117.7 118.9 120.6
76.8 79.1 82.1 83.4 82.5 81.9 79 75.8 73.3 72.8 74.4 76.4 78 79.1 80.1 81.6 82.7 82.4 82.6 82.7 82.3 81.7 82.7 83.9 84.4 85.7 86.7 88.2 90 90.8 92.1 93.4 95.4 98.1 101.9 104.3 104.3 103.5 102.2 100.5 97.7 99.2 99 100.6 108.1 104 107.8 110.9 114.5 116.7 119.1 120.5 121.1 121.3 121.3 119.1 117.8 116.4 116 116 116.1 116.2 116.3 117.4 118.8 120.3 122 123 123.2 122.2 120.8 118.8 116 114.3 110.2 112.4 114.3 115.3 116.9 119.2
72.4 75.2 76.3 77.9 77.7 77.3 75.6 72.8 70.9 70.7 73.1 74.4 75.4 76.4 77.2 77.9 78.7 78.4 78.4 79.8 79.2 79.7 80.2 82 83 84 84.5 85.2 85.3 87.7 88.7 88.6 90.8 93.1 95.5 97.5 97.4 96.9 95.7 96.4 98.1 99.2 99.7 110.4 102.1 103.8 108.6 111.6 114.7 117.1 118.7 120.1 120.5 120.8 120.3 117.4 115.9 114.4 113.9 113.3 112.8 113 113.1 114.4 115.9 117.3 119.1 121 122 121.6 119.8 116.5 113.6 111.8 110.2 111.1 112.9 114.5 116.3 118.6
68.5 71.1 72.9 72.6 73.7 73.5 71.6 69.7 69.4 68.9 70.7 70.9 72.5 73 73.6 73.9 73.8 75 76.8 78.4 79.3 80 79.6 80.6 81.7 83.1 84 87 88.2 88.2 88.4 89.4 88.6 89.4 91.4 93 93.8 94.5 95.7 97.6 99.8 101.5 101.6 106.8 103.4 105 109 112 115 117 118.2 119.5 119.7 119.9 118.6 115.6 113.5 112.2 111.1 110.5 110.1 110.3 110.9 111.6 113 114.4 116.1 118.5 119.5 119.6 118.7 115.3 111.8 110.6 109.7 110.7 112.5 114 115.9 118
65 66.3 67.7 68.5 69.3 68.5 68.1 67.9 67.7 68.8 69.6 70 70.5 71.1 72.8 73.4 74.5 75.7 77.1 78.6 79.7 80.3 81 82.4 83.1 84.1 86.4 88.3 89.6 90.7 92.6 93.5 94.1 95.9 96.9 96.9 96.9 97.2 98.1 99.6 101.5 103.3 110.6 104.6 104.7 106 108.8 111.7 114.7 116.5 117.6 118.8 118.9 118.3 116 113 111.4 110 108.8 107.7 107.5 108.1 108.6 109.2 110.2 111.6 113.4 115.7 116.7 117.5 116.5 114 110.7 109.3 109.2 110.1 112.8 114.1 115.4 117.4
62.3 63.1 63.4 65.6 64.3 66.3 66.6 66.8 67.6 68.4 69.4 70.2 71 72.2 73.2 74.2 75.2 76.3 77.5 79.1 80.2 81.9 82.3 84.2 85 87.1 91 94.4 96.3 100.3 102.8 103.9 105.3 106.8 105.1 105.2 104.4 103.8 102.5 102.7 103.6 105.3 111.8 106.8 107 107.4 108.7 111.4 113.7 115.8 117 117.4 117.3 115.7 113.5 110.6 109.7 108.3 106.9 105.6 105.2 105.8 106.4 107 107.5 109.2 111 112.8 114.9 114.8 112.4 110.1 108.9 108.4 109.2 110.4 113.1 114 115.5 116.9
61.3 61.3 62.1 63.2 63.6 65.8 66.6 67.1 67.9 68.7 69.6 70.5 71.3 72.6 74 75.5 78.8 80.3 81.7 84.6 87.4 87.1 85 85.3 88.4 94.9 98.5 101.1 104.9 108.4 112.6 114.8 116.9 117.8 118.8 119 116.1 115.9 113.3 108 107.8 108.4 109.6 109.3 109 109.7 110.4 111.8 113.2 116 116.1 116.2 116.1 114.4 112.1 109.3 107.9 106.5 105.4 104.2 103.6 103.6 104.1 104.5 105.5 106.1 107.2 109.4 112.2 110.9 108.5 107.4 107 108.3 109.6 111.1 113.3 114 115.1 116.4
62 62.7 63.1 63.7 64.6 65.6 66.7 67.5 68.4 69.2 70 71.2 72.1 73.6 75.5 78.3 82.4 85.6 88.2 91.7 95 94.8 91.9 87.9 92 97.6 101.2 104.3 108 111.2 114.6 118 120.2 122 123.6 124.5 123.9 122.5 120.2 117.2 113.4 112.9 113.2 112.4 112.3 112.9 112.9 114.5 114.9 115.5 116 116.5 116.1 114.5 112.3 109.4 106.1 105 103.9 102.7 102 101.6 102.6 102.8 103.4 104.2 104.5 105.8 106.3 106.2 105.3 106.4 107.4 108.7 110.4 112.1 113.5 114.6 114.8 115.9
65 64.8 64.7 65.2 66.1 66.9 67.7 68.4 69.3 70.1 70.9 71.4 72.4 74.5 76.8 79 81.3 84.6 89 92.7 96.4 98.5 97.1 90.8 95.1 100.1 102.7 105.7 107.7 111 114.6 117.8 121 123.7 125.8 127.5 127.3 125.6 124.4 124 121.4 113.4 118.7 117.2 116.9 116.5 116.8 116.6 116.6 116.9 116.8 116.8 116.1 114.1 112.1 110 104.6 102.4 101.5 101.2 100.6 101.1 101.5 102 102.5 103 104.4 105.2 106.9 106.8 106.6 107.3 108.4 109.9 111.5 113.2 114.7 115.5 115.9 117.2
68.4 66.5 66.3 66.2 67.2 68.2 69 69.4 70.2 71.4 72.5 73 73.7 75.8 77.8 79.8 81.8 84.7 87.9 91.1 95 96.8 97.1 93.8 94.9 99.2 101.5 104.9 107.1 110.7 114.2 117.1 121.8 124.4 126.1 128.4 128.2 127.6 126.2 125.4 124.3 113.1 123.2 121.7 121.3 121.1 120.5 120.2 119.1 118 117.7 117.6 117.9 116 113.6 111.3 105.7 101 100.9 100.2 101.9 102.5 103.7 104.5 104.8 106.5 108.1 109.7 109.9 109.5 108.5 109.1 110.1 111.5 112.9 114.2 115.5 116.5 117.5 119
71.7 68.2 67.6 67.9 69.4 70.2 71 71.5 71.8 73.3 74.3 74.7 75.8 77.1 79.1 82.5 86.1 88.7 91.3 93.7 96 97.4 96.9 96.5 96.9 98.1 99.9 102.8 106.1 109.2 112.2 114.9 118.7 122.1 124.8 126 126.3 126.7 126.3 125.2 122.3 124.5 124.3 123.7 123.6 123.4 122.6 121.1 119.9 119 118.6 118.3 118.6 118.1 116.3 113.9 107.7 101.6 100.4 100.7 103.6 107.3 111.1 114.5 115.8 114.9 114.5 112.8 112.8 112.3 110.9 111.1 112 113.1 114.5 115.4 116.8 118.4 119.1 120.7
73.6 70.3 70.6 71.2 72.4 73.2 74.2 75.7 75.4 75.2 76.2 77.9 81.4 84.1 87.4 91.2 94.8 96.2 97.4 98.8 99.9 101.1 100.8 100 99.7 100.7 101.3 101.7 104.2 107.2 110.1 112.9 116.8 119.4 121.2 122.8 123.3 123.8 123.9 123.5 114.7 123.7 123.3 122.4 121.7 121 120.9 120.2 118.8 118.5 118.3 118.4 119.2 119.7 118.4 116.3 110.5 103.5 100.9 103.9 111.3 116.7 120.8 122.8 123.9 123.2 121.9 119.5 116.2 115.1 113.6 112.9 114 115 116.1 117.8 119.2 120.6 121.2 122.5
74.1 72.4 73.6 74.5 75.4 76.3 78.1 79.8 79.4 79.2 78.9 82 86.1 90.9 95.2 98.4 100.5 102.5 103.5 104 104.1 104.5 104.8 104.9 105 106 106.2 106 105.7 108.2 109.7 112.6 115.8 117.9 119.6 120.7 120.5 120.6 120.8 121.1 111.9 121.8 121.5 120.5 118.3 118 117.7 117.2 116.9 116.9 117.3 117.7 118.6 119.2 118.8 117.8 113.4 105.4 99.7 107.5 116.8 122 125 127.3 128.2 127 125.1 122.3 119.4 117.5 116 115.2 116.6 117.6 119.8 121.3 122.7 123.8 125.1 126.3
75.4 74.8 76.5 78.3 79 79.7 81.8 83.9 83.8 83.6 82.3 83.8 88.4 92.8 98.3 103 105.3 107.7 108.9 109.7 109.9 110 109.8 110 109.7 111.6 111.1 110.4 109 110.2 111.5 113.6 115.7 117 117.8 118.9 118.9 118.6 118.7 119.1 111 118.6 117.7 116.8 115.5 114.9 114.6 114.2 114.1 114.1 114.5 114.8 115.6 116.7 117.7 117.2 114.2 108.8 99 107.7 117.9 122.2 126.1 129.2 130.1 129.1 126.9 124 121.1 119.3 118.2 118.4 119.5 122.6 125.7 126.9 127.6 129.2 130.9 132.5
78.7 79.4 80.7 83 83.8 85.2 85.4 88.2 90.3 89.6 88.1 87.2 90.5 94.9 100.5 105.7 108.8 110.9 112.9 114.2 115.5 116.1 115.3 114.5 113.6 114.6 115 115 114.6 114 114.6 115.8 116.7 117.8 117.9 117.7 117.4 116.4 116.2 116.5 111.2 116.1 114.8 113.5 112.6 112.1 111.5 111.2 111.1 111.1 111.2 110.9 111.3 112.3 114.5 114.6 112.7 111.2 98 102 116.1 121.4 125.3 128.7 130.1 128.9 126.7 124.6 122 121.2 121.7 122.7 125.3 128.7 131.7 133.8 135 136.2 137.8 139.8
82.3 82.5 83.5 87.8 89.3 90.5 90.4 93 94.4 94.5 93.4 92.5 94.7 98.7 103.4 107.2 110.1 112.8 114.9 117.1 118.3 118.4 118.3 117 116.2 116.3 116.7 116.9 117.1 117.2 118.2 118.7 118.3 117.6 117.4 117.1 115.6 114.2 113.8 113.8 115.1 114.3 112.6 111 109.6 108.8 108 107.5 107 106.6 106.7 105.2 105.1 106.2 107.8 109 98 94.8 97.6 98.4 104.6 117.3 122.1 125.3 127 126.2 124.9 123.2 123 122.9 124.8 128.7 133.1 136.6 138.6 140.7 141.6 142.5 143.5 145
86 85.1 85.6 90.2 93.5 94.9 95.7 97.2 98.7 99.5 99.2 98.2 98.3 101.3 104.1 107.5 110.7 113.5 115.9 117.8 119 119.5 119.5 118.5 117.9 117.4 117.7 117.9 118.1 118.9 120.4 120.2 120.2 118.8 117.5 116.1 114.5 112.8 112 110.3 112.7 112.6 111.2 109.2 107.2 105.1 104.3 103.6 103 102.5 101.4 99.6 98.6 99.1 100.3 101 94.8 94.8 98.7 95.8 98.6 110.6 116.9 120.7 122.2 123.3 123.6 123.4 123.1 125.2 129.5 134.7 137.5 141.3 142.9 144.5 145.7 147 147.3 145.6
90.1 89.8 89.6 92.1 95.5 98.3 99.5 101 103 104.4 103.7 103 102.9 103.5 105.2 107.9 111 113.7 115.8 117.9 119.1 119.8 119.3 118.5 117.7 117.6 118.3 118.9 119 120.5 121.7 123.8 123 121 118.5 116.5 113.8 112 110.7 107.6 111.7 110.5 110 107.7 105.3 103.4 101.9 99.8 98.5 97.3 96.1 94.5 93.7 93.3 93.1 93.9 95 95.1 94.7 92.3 98 105.3 110.5 114.5 117.9 119.6 121 122.2 122.4 126.9 132.3 135.6 137.9 141.4 142.8 144.8 145.9 146.6 144.8 144.3
93.8 93.6 94 94.7 97.4 100.4 102.5 103.9 105.7 106.6 106.5 105.3 104.9 104.4 105.1 107.2 109.6 112.3 114.9 117.1 118.3 118.7 118.5 117.9 117.3 116.7 117.6 118.6 119.8 121.3 122.8 124.7 123.4 121.8 118.6 117.4 115 111.8 109 106.1 112 113.2 111.6 109.1 106.4 104 102.3 99.9 97.8 95.8 94.1 91.6 89.5 88.3 88.3 88.2 88.4 89 90.7 93.1 98.1 102.8 106.9 110.4 114.2 116.5 118.2 119.8 122.5 126.4 130.7 132.1 135 137.6 139.9 141 142.1 142.1 141.4 140.9
96.1 97.3 98.1 98.9 100.9 102.1 104 105.4 106.9 107.3 107.1 106.6 105.7 104.7 104.4 105.3 107.4 109.8 112.8 114.6 116 116.9 116.4 115.8 115.4 114.9 116.1 118 119.6 120.7 122.1 123.4 122 120.5 118.4 116.4 113.6 110.2 107.9 105.3 113 115.2 115.7 113.6 109.9 106.1 103.6 101.1 98.5 96.2 94.3 91.8 88.8 87.8 87.1 87.1 87.8 89.5 92.4 97.5 101 105.5 108.4 111.2 114.1 115.8 118 121.1 123.9 127.2 130.3 131.9 134 134.8 136.7 137.2 138.2 137.8 137.6 137.3
