public/OST50/SX08.asc
ncols 200
nrows 200
xllcorner 200000
yllcorner 80000
cellsize 50
[rows 0 to 38 of 200, columns 88 to 175 of 200]
-2 -2 -2 -2 -2 -2 -2 -2 -2 -2 -2 -2 -2 -2 -2 -2 -2 -2 -2 -2 -2 -2 -2 -2 -2 -2 -2 -2 -2 -2 -2 -2 -2 -2 -2 -2 -2 -2 -2 -2 -2 -2 -2 -2 -2 -2 -2 -2 -2 -2 -2 -2 -2 -2 -2 -2 -2 -2 28.3 64.6 72.3 74.2 77.7 80.6 84.3 87.5 91.3 94.3 96.3 97.4 99.2 101 103.3 105.4 105.6 105.3 104.6 107.2 109.2 111.8 115.3 118.2 121.8 126.7 129.3 131.4 131.5 133.3
-2 -2 -2 -2 -2 -2 -2 -2 -2 -2 -2 -2 -2 -2 -2 -2 -2 -2 -2 -2 -2 -2 -2 -2 -2 -2 -2 -2 -2 -2 -2 -2 -2 -2 -2 -2 -2 -2 -2 -2 -2 -2 -2 -2 -2 -2 -2 -2 -2 -2 -2 -2 -2 -2 -2 -2 -2 -2 38.6 59.5 68.8 73.9 78.1 82.1 86.1 89.7 93.5 96.5 99 100.4 102 103.8 107.1 109.4 109.9 110 110 110.8 112.8 115.6 119.3 123.3 127.2 131.5 135.6 138.5 141.4 143
-2 -2 -2 -2 -2 -2 -2 -2 -2 -2 -2 -2 -2 -2 -2 -2 -2 -2 -2 -2 -2 -2 -2 -2 -2 -2 -2 -2 -2 -2 -2 -2 -2 -2 -2 -2 18.2 -2 -2 34.4 31.7 -2 -2 -2 -2 -2 -2 -2 -2 -2 -2 -2 -2 -2 -2 -2 -2 -2 -2 64 70.4 76.1 79.7 83.6 87.3 91.7 95.3 98.5 101.2 103.6 105.7 107.9 110 112 113.1 113.5 114.4 115.9 118 122.2 125.6 129.6 133.4 137.3 141.5 145.3 149.2 151.3
-2 -2 -2 -2 -2 -2 -2 -2 -2 -2 -2 -2 -2 -2 -2 -2 -2 -2 -2 -2 -2 -2 -2 -2 -2 -2 -2 -2 -2 -2 -2 -2 -2 -2 -2 30.9 48.1 44.8 -2 -2 58.7 -2 -2 -2 -2 -2 -2 -2 -2 -2 -2 -2 -2 -2 -2 -2 -2 -2 -2 68 74.9 77.2 80.6 83.9 87.9 92.1 97 100.2 104 105.8 107.9 110 112.4 114.6 116.1 117.8 120 122.8 124.5 128.5 132.4 136.1 139.4 143 148.3 152.8 156.1 158.7
-2 -2 -2 -2 -2 -2 -2 -2 -2 -2 -2 -2 -2 -2 -2 -2 -2 -2 -2 -2 -2 -2 -2 -2 -2 -2 -2 -2 -2 -2 -2 -2 -2 -2 33.5 55.2 82.6 66.4 -2 -2 47.5 -2 -2 -2 -2 -2 -2 -2 -2 -2 -2 -2 -2 -2 -2 -2 -2 57.4 48.1 68.2 74.9 78.2 81.1 84.2 87.3 91.2 96.4 101.4 105.1 107.8 109.9 112.1 114.5 117.3 119 122.4 125.9 128.1 130.4 134.1 138.4 142.9 145.7 148.1 152.9 158.4 162.7 165.5
-2 -2 -2 -2 -2 -2 -2 -2 -2 -2 -2 -2 -2 -2 -2 -2 -2 -2 -2 -2 -2 -2 -2 -2 -2 -2 -2 -2 -2 -2 -2 -2 -2 39.2 58 73.6 87 79.6 62.9 15.8 -2 -2 -2 -2 -2 -2 -2 -2 -2 -2 -2 -2 -2 -2 -2 -2 -2 42.8 59.8 66.3 72.4 77.6 80.1 83.2 86.7 90.6 94.6 99.6 104.9 108.7 111.6 114.1 117.1 120.1 123.1 126.6 129.6 133.1 135.5 139.6 145 148.5 151.6 153.5 157.9 163.7 167.9 171.2
-2 -2 -2 -2 -2 -2 -2 -2 -2 -2 -2 -2 -2 -2 -2 -2 -2 -2 -2 -2 -2 -2 -2 -2 -2 -2 -2 -2 -2 -2 -2 -2 -2 -2 83.4 87.3 87.5 80.6 67.9 0.6 -2 -2 -2 -2 -2 -2 -2 -2 -2 -2 -2 -2 -2 -2 33.4 -2 -2 41.9 57.5 65.2 70.3 76.3 79.2 82.2 85.8 89.9 93.7 98.7 103 107.9 112.3 115.9 119.1 124.3 126.9 130 133.6 138.1 141.5 145.4 150.9 155.7 158.3 158.8 161.6 168.4 172.7 175.9
-2 -2 -2 -2 -2 -2 -2 -2 -2 -2 -2 -2 -2 -2 -2 -2 -2 -2 -2 -2 -2 -2 -2 -2 -2 -2 -2 -2 -2 -2 -2 -2 -2 -2 -2 92.2 91.2 86.5 76.7 15.9 2 -2 -2 -2 -2 -2 -2 -2 -2 -2 -2 -2 -2 -2 40.8 -2 -2 47.2 61.6 65.6 68.7 73.4 77.3 81 85.1 89.2 93.2 97.6 101.8 107.1 113.7 118.7 123.3 128.6 133.4 136.2 140.5 144.4 147.7 151.6 155.2 159.9 163.5 163.9 168.1 173.1 176.9 179.3
-2 -2 -2 -2 -2 -2 -2 -2 -2 -2 -2 -2 -2 -2 -2 -2 -2 -2 -2 -2 -2 -2 -2 -2 -2 -2 -2 -2 -2 -2 -2 -2 -2 -2 -2 1.8 3.3 79.1 81.7 44.4 39.5 40.2 33.5 -2 -2 -2 -2 -2 -2 -2 -2 -2 -2 -2 47.3 28.2 -2 51 64.9 68.9 68.3 72.1 74.6 80 84 88 92.7 97.5 101.9 107.9 116 121.8 127.5 133 139.3 143.2 146.9 150.6 155.1 158.5 161.6 165.5 169.5 172 174.4 175.7 178.5 180.8
-2 -2 -2 -2 -2 -2 -2 -2 -2 -2 -2 -2 -2 -2 -2 -2 -2 -2 -2 -2 -2 -2 -2 -2 -2 -2 -2 -2 -2 -2 -2 -2 -2 -2 -2 0.3 2.6 27.8 90.7 81.8 72.6 70.6 56.9 -2 -2 -2 -2 -2 -2 -2 -2 -2 -2 -2 55.4 44 31.4 29.6 61.9 67.3 66 68.7 72.3 77.7 82.6 87.4 92.3 96.9 102.9 109.7 117.2 124 130.8 137.2 144 149.4 153.9 158.3 162.3 165.6 168.7 172.7 174.3 176.5 177.3 178.4 180.7 184.4
-2 -2 -2 -2 -2 -2 -2 -2 -2 -2 -2 -2 -2 -2 -2 -2 -2 -2 -2 -2 -2 -2 -2 -2 -2 -2 -2 -2 -2 -2 -2 -2 -2 -2 -2 -2 11.5 53.3 81.1 90.8 82.1 76.1 56.2 5.8 -2 -2 -2 -2 -2 -2 -2 -2 33.2 54.6 68.4 59.4 37.3 26 47.4 64.4 58.6 65.6 71.9 76.5 81.4 86.6 92 97.2 105.3 111.9 119 126.2 133.8 141.1 147.8 153.9 160.6 166.3 169.5 172.6 175.3 177.3 178.5 179.6 180.6 182.3 184.9 188.1
-2 -2 -2 -2 -2 -2 -2 -2 -2 -2 -2 -2 -2 -2 -2 -2 -2 23.9 22 -2 -2 -2 -2 -2 -2 -2 -2 -2 0.4 -1.1 -2 -2 -2 -2 -2 35.6 48.3 78.1 90.9 93.7 84.9 77.8 56.5 34.8 1.7 2.2 0.7 -2 -2 -2 -2 -2 45.7 66 68.4 62.8 43.3 26.6 47.2 59.2 61.1 62.7 70 75.7 80.1 85.8 91.9 97.7 106.1 113.5 120.5 127.3 135.1 143.8 151 157.9 164.2 170.3 174.9 178.2 180.9 183.2 185.2 184.6 185.8 186.8 189.1 190.5
-2 -2 -2 -2 -2 -2 -2 -2 -2 -2 -2 -2 -2 -2 -2 -2 -2 39.8 39.3 23.6 -2 -2 -2 -2 -2 -2 -2 -2 16.6 8.3 -2 -2 -2 -2 38.1 49.1 67.4 84.1 87.6 87.4 83.5 79.4 63.5 42.9 2.7 28.6 42 29.9 1.8 2.3 29.5 42.7 56.6 65.8 70 67.5 53.7 27.1 54.5 69 71 69.9 72.2 76.6 80.7 86.2 92 98.4 106.8 114.3 121.8 128.8 135.6 144.7 152 159.5 166.2 172.8 178.9 183.2 186.4 188.5 190.3 191.2 191.1 191 191.9 194.2
-2 -2 -2 -2 -2 -2 -2 -2 -2 0.2 2.5 -2 -2 -2 -2 -2 -2 36.5 45 11 25 27.7 -2 -2 -2 -2 13.9 36.6 52.5 54.3 33.6 -2 -2 20.2 52.9 73.4 82.7 82.6 83.1 83.9 83.5 80.3 72.6 48 7.6 48.8 62 54.4 29 28.3 49.9 56.5 64 67.7 71.9 70.1 54.3 27.7 49.9 71.2 75.1 76.6 76.9 79 83 88.2 93.7 99.5 107.6 114.8 122.2 129.6 136.5 144 152.3 161.5 169.9 177.4 183.6 187.6 191.3 193.2 194.9 195.7 194.9 194.7 195.1 194.6
-2 -2 -2 -2 -2 -2 -2 -2 -2 26.9 51.8 -2 -2 -2 -2 -2 -2 33.4 36.3 41.3 44.5 44.9 33.3 29 38.7 44.5 50.6 56.7 76.1 72.4 58.8 18.5 29.1 59.5 74 77.9 83 83.6 82 81.6 83.2 69.5 59.6 45.9 32.9 66.7 72.6 68.7 62.7 63.2 62.6 66.6 70 72 74.5 73.9 69 53.4 44.1 73.2 77.4 80.7 82.7 84.1 87.6 91.8 96.1 101.8 108.4 115.6 122.8 129.6 137 144.9 154.2 163.6 173.4 182.2 188.3 192.3 195.6 197.1 198.5 199.5 199.1 197.7 196.7 195.6
-2 -2 -2 -2 -2 -2 -2 -2 -2 64.8 75.2 51.6 -2 -2 -2 -2 -2 2.1 25.2 30.6 45 60.3 59.2 61.4 62.9 70.9 78.5 83.5 91.1 84.7 70.1 52.5 74.5 79.3 81 84 85 82.9 81.3 79.8 74.5 67.3 52.1 55.8 59.8 74.4 79 78.6 77.5 76.6 73.5 75 76.2 75.7 78.5 77.9 62.1 36 45.8 73.1 78.6 82.9 85.4 88.3 90.9 95.1 99.9 104.6 110.3 116.8 123.4 130.9 139 148.3 157.1 166.5 176.8 186.9 193.5 197.4 199.5 200.7 201.6 202.2 201.7 200.1 198.2 195.7
-2 -2 -2 -2 -2 -2 -2 48.2 46.4 74.1 78.1 74.3 -2 -2 -2 -2 -2 31.2 42 41.7 42.9 48.6 59.3 67.1 72.4 76.9 82.9 87.6 89 88.9 82.8 76.7 83.9 86.7 85.1 84.4 83.7 82 80.8 78.2 72.2 61 64.1 68.2 72.5 78.1 81.1 83.3 84 83.5 80.5 80.2 77.7 75.5 77 77.6 64.6 36.9 53.8 72.5 78.6 84.8 89 92.2 94.8 99.4 103.9 108.3 113.4 119.1 125.6 133.7 142.3 150 159.3 170.2 180.6 188.8 196.2 199.7 201.3 202.2 201.9 201.6 200.9 199.8 197.4 194.7
-2 -2 -2 -2 -2 -2 -2 77 73 80.9 79.4 73.9 63.9 30.3 -2 -2 30.1 47.9 64.3 63.2 56.1 54.3 56 59.9 66.2 73.7 79.4 85.7 87.5 88.4 86.2 82.2 85.3 85.4 85 83.7 82.9 81.4 79.9 77.6 74.2 71.7 72.2 75.3 79.3 82.2 83.8 85.7 86.8 86.4 84 81.2 76.9 68.3 60.8 63.1 52.3 42.6 52.5 71.5 81.1 87 93 95.9 100.1 105.2 109.3 113 117.7 123.2 129.8 137.9 145.7 153.1 162.5 171.4 179.9 187.7 195.4 199.3 200.9 199.9 198.9 198.2 197.7 197 195.1 192.6
-2 -2 -2 -2 -2 -2 -2 60.4 74.5 80.7 78.9 79.1 77.6 43.2 -2 -2 39 67.6 79.6 78.5 75.6 67.5 64.5 65.6 70 74.3 78.1 82 85 86 85.7 85.3 84.9 84.8 84.7 84.6 84.4 83.1 81.6 78.5 77.9 77.2 77 80.6 84.9 87.1 88.3 89.5 89.4 88.3 84.8 79 66 61.5 61 59 57.2 42.7 49.7 70.2 82.6 90.3 97 102.7 107.3 111.3 114.7 118.4 122.9 129.4 137.2 144.3 150.4 157.1 164.1 171.6 178.1 184.7 190.1 193.2 194.7 194.8 193.9 192.9 192.9 192 190.1 187.3
-2 -2 -2 -2 -2 -2 -2 -2 72.5 76.3 79.7 83.7 76.7 52.5 2.7 18.9 29 58.3 79.3 85.2 86.5 77.6 75.1 76.2 80.6 81.9 81.7 81 83.6 84.8 85.5 86.2 86.1 85.9 85.8 85.8 85.6 84.8 83.3 81.5 81.3 81 80.7 83.8 87.3 91 93.6 93.4 92.3 90.4 85.8 74.3 64.4 72.6 79 76.5 60.9 45.6 49.5 70.7 88.2 96.8 103.9 109.7 113.4 116.6 119.5 123.4 127.1 134.3 142.6 149 155 160.4 164.7 169.9 176.4 181.1 184.9 187.1 188.7 189 188.9 188.1 187.1 185.9 184.3 181.4
-2 -2 -2 -2 -2 -2 -2 -2 62.3 64.7 59.6 59.6 33.9 22.4 41.1 46.8 22.9 44.8 78 86.8 88.2 84.6 83 84.4 86.5 87.4 86.2 84.6 82.5 84.9 85.7 86.4 87.2 87 87 87 87 87 85.2 84.4 83.9 84.2 85.1 86.5 89.7 94.7 97.5 97.1 93.7 89.4 82.7 68.9 70.7 82.5 85.4 84.4 75.1 59.7 52.6 68.2 89.6 100.2 107.1 113.1 116.5 120.3 123.5 127.1 131 136.1 144.4 152.9 158 163.1 167.4 170.9 175.3 178.9 181.8 184 184.8 184.5 183.7 182.9 182.3 181.3 179.5 177
-2 -2 -2 -2 -2 -2 -2 -2 -2 -2 -2 -2 -2 2.7 3.2 56.3 30.3 40.5 66.9 82.5 88.6 89.4 88.7 88.5 90.3 91.3 89.9 87.1 85.2 85.2 85.9 86.6 87.4 87.9 87.9 88 88.5 89.6 88.6 87.6 87 87.2 87.4 90 92.5 95.6 97.7 96.8 92.6 84.9 75.5 71.1 81.3 87.8 89.8 89.3 88.8 80.4 48.5 65.3 88.7 101.2 108.7 114.3 118.8 122.9 126.1 128.8 132.6 138.1 144.4 152.3 158.8 164.2 169.2 172.2 175.2 178.7 180.2 181.6 181.5 181.5 180.8 179.4 178.1 177 174.8 172.9
-2 -2 -2 -2 -2 -2 -2 -2 -2 -2 -2 -2 -2 9.2 41.5 59.9 38.3 43.7 74.3 82.8 88.4 90.7 90 90.2 92.1 93.3 91.4 87.3 86.4 85.1 86 86.9 87.6 88 88.9 89.3 89.7 90.3 90.5 91.4 90.6 91.3 91.5 93.9 95.4 96.2 97 95.2 88.6 78.1 74.3 81.1 88.1 91.6 93.6 94.3 95.1 89.5 57.7 59.2 84.9 100.7 109.5 115.1 120 123.7 127.3 130.7 134.3 138.8 145 152 158 163.3 169.1 173 176 178.2 179.6 179.1 179 178.5 176.1 174.2 172.1 171.1 169.8 168
-2 -2 -2 -2 -2 -2 -2 -2 -2 -2 -2 -2 -2 47.2 63.2 69 40.7 49.1 75.3 82.8 88.6 90.4 90.3 90.9 93.2 93.9 90.5 88 87 86.5 86.5 87.4 87.8 88.8 89.6 90.4 90.9 91.4 92 93 94.5 96.4 96.1 95.8 95.8 94.3 94.2 90.7 82.4 80.1 83.4 88.2 91 94.6 99.1 98.4 98.2 93.3 74.6 55.1 79.4 92.7 105.8 114.4 119.1 124.1 127.8 131.1 135.3 140 145.5 151.6 157.5 163.6 169.1 173.4 176.3 177.5 178.2 177.3 176.7 174.5 171.1 166 164.3 164.5 163.6 160.1
-2 -2 -2 -2 -2 -2 -2 -2 -2 -2 -2 -2 -2 58.4 80.4 80.5 53.1 51.6 74.3 81.6 86.4 89.4 90.5 91.6 94.3 93.7 89.8 88.1 87.2 87 86.9 87.7 88.6 89.5 90.3 91.1 92 92.8 93.4 94.3 96 95.5 95.9 95.4 91.6 91.9 88.5 84.1 84.4 86.8 90.4 92.1 94.9 100.6 100.8 101.3 101 99.5 75.8 63.7 62 80.3 96.5 111 118 123.1 128.2 131.8 135.4 138.7 143.9 149.3 154.7 159.4 164.7 169.8 174.2 175.7 176 174.7 173.1 168.9 161.7 158 156.6 154.9 152.3 147.9
-2 -2 -2 -2 -2 -2 -2 -2 -2 -2 -2 -2 49.6 77.2 85.5 83.5 76.7 52.1 70.3 76.9 82.8 86.1 89.8 92.2 92.6 91.1 89.1 88.1 87.4 87.5 87.6 88.4 89.4 90.3 91.1 92 93.1 94 94.7 95.5 96.1 95.9 95 92.3 91.4 91.6 90.8 89.9 89.7 91.9 94 96.5 100.4 102.6 102 103.4 103.4 102.2 87.3 81.9 63.4 66.6 84.2 100.5 113.5 121.5 128 130.1 133.1 136.8 141.6 145.7 150.4 154.5 157.5 161.5 164.9 167.5 170.1 169.2 166.1 160.5 154 148 144.3 142.6 139.7 137.8
-2 -2 -2 -2 -2 -2 -2 -2 -2 -2 -2 -2 68.1 86.3 87.6 86.1 82.6 69.3 61.8 70.3 79.3 85.2 90.6 92.3 91.4 89.8 88.8 88 87.9 88.1 88.4 89 90 91 92 92.9 94.2 95.2 95.7 96.1 96.5 95.6 95.1 94.5 94.5 93.7 94.6 94.4 93.9 96 98.3 102.9 104.6 105.7 106.8 107.7 108 108.8 106.3 101.6 85.7 68.8 68.6 82.7 93.2 104.2 114.8 121.3 124.4 128.1 131.9 138.1 143 147.4 150 152.1 154.4 156.4 158 159.2 156.5 152.3 144.4 137.2 134.8 134 138.8 147.7
-2 -2 -2 -2 -2 -2 -2 -2 -2 -2 -2 51.6 79.1 89.1 90.1 88.9 85.7 79.5 69.1 64.2 78.3 86.5 91.3 91.8 90.5 89.1 88.6 88.4 88.4 88.7 89.2 89.7 90.6 91.5 92.5 93.6 95.4 95.3 95.7 96.5 96.9 96.7 96.7 96.2 96.6 96.2 97.5 97.8 97.6 100.3 102.8 105.3 107 108.1 109.5 111.1 112.1 113.9 114.4 113.9 103.1 89 70.3 64 69.5 75.9 81.1 91.2 97.6 103.7 113 119.8 128.7 135.4 136.4 142 142.8 144 146.1 145.6 143.4 138.4 132.2 129.9 135.3 143.8 155.2 165.7
-2 -2 -2 -2 -2 -2 -2 -2 -2 -2 52.2 79.4 91.6 92.8 92.4 90.9 88.5 83.9 79.8 70.9 73.7 84.4 90.2 91 90.1 89.2 89 88.8 89 89.5 90.1 90.8 91.1 91.9 93.4 95.3 96.6 96.1 96.8 97.5 98 98.2 98.1 98 98.5 99.1 99.8 100.2 101.7 103.8 106 108 109.8 111.4 112.9 114.4 116.1 118.1 119.2 120 119.7 110.8 93.3 82.2 76.8 75.6 75.6 76.7 78.6 79.6 84.2 94.9 106.5 109.9 113.8 125.7 129.7 130.1 132.6 131.2 129 128.6 132.9 146.8 151.6 157.5 166.9 173.4
-2 -2 -2 -2 -2 -2 -2 -2 -2 41.8 77.5 93.2 96 95.1 94.4 93 91.2 88.6 84.8 80.1 68.8 81.7 86.6 89.2 89.7 89.8 91.2 90.5 90.7 91.1 91.8 92 92.2 93 95.4 97.4 98.5 98 98.4 98.8 99.3 99.7 100.1 99.8 100.6 101.3 102.3 103.2 105 106.8 108.9 110.9 114 115.1 116.5 118 119.5 121.1 123 124.8 126.1 125.6 115.7 108.5 103.6 102.4 103.5 105.2 105.5 103.5 98.9 92.5 89.6 94.1 109.4 113.8 118.3 117.8 120.6 121.5 130.1 138.9 148.4 157.6 162.8 167.8 173.1 180.1
-2 -2 -2 -2 -2 -2 -2 -2 -2 61.4 91.1 95.1 97.6 97.8 95.3 94.5 93.7 91.7 89.2 85 76.5 73.3 81.2 86.4 88.7 90.9 93 93.4 92.3 92.6 92.6 93.1 93.4 93.6 96 98.5 99.7 99.9 99.6 100 100.5 101 101.4 101.7 102.6 103.7 104.9 106 107.1 109.3 111.6 114.2 115.8 118.2 119.9 121 122.8 124.6 126.5 128.4 130.2 132.2 134.2 132.8 129.2 128.4 131.6 134.9 134.9 135.9 132.7 128.8 120.5 110.9 130.9 133.1 134.9 135 133.6 130 141.2 150.2 157.7 163.5 168.9 174.2 179.6 185.9
-2 -2 -2 -2 -2 -2 -2 -2 -2 84 93.1 95 96.7 97.4 96.2 95.4 94.8 94.2 92.8 88.5 84.1 73.8 75.7 82.6 89.4 91.9 93.7 95.2 95.2 93 93.2 93.7 94.1 94.6 96.3 98.5 99.3 99.6 100.5 101.2 101.6 102 102.4 103.5 104.6 106.1 107.3 108.8 110.9 111.7 114.4 116 117.6 120.1 122 124 126.1 128.1 130 131.9 134.6 138.2 140.8 140.2 142.1 143.9 145.1 146.8 148.4 149 148.6 145.3 139 128.5 139.2 152.9 149 146.1 143.8 134.7 136.6 148.5 160.4 166.4 173.4 179 184 190.4
-2 -2 -2 -2 -2 -2 -2 -2 51.3 85.9 92 94.1 96.3 96.6 96.6 97 97 95.9 94.6 91.6 85.1 79.5 75.8 78.8 86.2 89.2 93.2 96.2 97.1 94.6 94 93.9 94.4 95 96 98 99.1 100.2 101.3 102 102.5 102.9 104 105.6 107 108.5 109.8 112.3 115.2 116.3 116.5 117.9 119.3 121.7 124.2 126.9 129.1 131.4 133.7 136.7 140 143.3 145.8 147.8 149.6 151.2 152.6 153.8 154.8 156.2 155.7 154.3 147.2 150.2 158.2 161 160.3 153.5 151.7 148.9 144 146.9 161.2 168.4 176.5 183.4 188.7 194.5
-2 -2 -2 -2 -2 -2 -2 -2 76.4 87 91.7 95 96.5 96.4 96.1 96.6 96.9 96.1 94.7 91.7 86.7 81.4 82.3 81 79 84.6 90.9 95.2 97.6 95.8 94.4 93.6 94.3 95 95.7 97.3 99 100.6 101.7 102.8 103.3 104.5 106.4 108.1 109.5 110.9 112.6 115.2 117.3 118.6 119 120.2 122.4 124.6 125.6 129.6 131 132.4 137 142.6 144.4 148.2 149.8 152.9 154.5 155.7 156.7 157.9 158.9 159.7 160.7 160.6 154.4 161.2 163 163.1 162.2 159.5 160.1 159.3 155.9 145.7 161.2 171.5 179.6 187.1 192.7 198.2
-2 -2 -2 -2 -2 -2 -2 -2 83.6 89.2 92 94 96 95.9 95.6 95.7 95.9 95.4 94.2 91.3 88 87.1 87.4 86.7 84.3 83.6 90 94.4 96.8 96.9 94.1 93.1 93.6 94.3 95.7 97.3 98.8 100.3 101.8 103.1 104.9 106.7 108.4 109.8 111.1 112.4 114.2 116.6 118.3 119.8 120.9 122.7 124.7 127 129.6 132 135.2 140.1 145.5 148.3 151.1 154.1 155.2 155.6 158 159.7 161 162 163.4 164.3 166.6 165.9 163.4 157 152.1 164.6 165.3 166.7 167.1 166.9 165.5 156.4 159.9 173 181.9 188.8 196.5 202.1
-2 -2 -2 -2 -2 -2 46.3 75.2 86.1 89.5 91.4 93 94.7 95.2 94.7 94.9 94.3 94.2 92.6 90.4 89.9 90.8 91.9 91.8 88.4 85.9 87.3 93.3 95.9 96.2 92.5 91.6 92.9 94 95.6 97.3 98.8 100.4 102.5 103.6 106 108.4 109.9 111.3 112.5 113.8 115.8 117.4 119.3 121.3 123 124.7 127.2 130 132.8 135.7 139.2 146 151.4 155 157.3 159.6 162.1 164.4 165.1 164.9 167.9 169.1 169.7 170.8 171.6 170.2 170.5 164.9 155 167.7 172.4 173.8 174.3 174.9 175.2 171.9 162.8 171.9 184.1 192.4 199.3 205.3
-2 -2 -2 -2 -2 -2 59.5 86.5 88.4 89.9 91.3 92.8 94.8 95.1 94.5 94.6 94.2 93.3 92.6 91.4 91.1 92.7 94.5 95.3 92.8 88.5 86.1 90.6 93.1 91.6 90.5 91.5 93.1 94.4 95.7 97.4 99.1 101.2 103.3 104.9 107 109.1 111.1 112.7 114.1 115.3 117.2 119.2 121.2 123.2 125 127.2 130.7 133.5 136.4 140.6 146.4 153.7 159.9 162.8 163.9 166.4 169.4 171.6 173.2 175.4 176 176.7 175.2 178.8 180.2 181.9 187.6 178.3 161.2 165.8 176.4 179.4 181 182.9 185.1 184.5 180.1 171.4 185.3 192.3 202 208.8
-2 -2 -2 -2 -2 45.6 73.1 82.1 88.1 91.2 92.6 93.7 95.1 95.1 94.6 94.2 93.8 93.4 92.8 92.3 92.2 93.6 95.2 95.5 93.9 90.6 87.3 87.8 88.3 89.9 90 91.4 93.1 94.6 96 97.8 99.9 102 104.1 106.2 108.3 110.3 112.3 114.1 115.5 116.9 119 121.4 123.3 125.2 127.7 130 132.5 136.4 141.5 147.8 153.1 160.6 165 167.2 170.4 173.6 174.4 177.2 180.1 181.7 183.6 184.7 187.2 188.5 187.4 187.5 193.7 193.9 169.1 162.7 168.4 184.1 188 191.6 194 194.1 192.2 183.8 185.1 195.5 204.8 212.4
-2 -2 -2 -2 32.2 47.5 68 76.9 83.3 90.8 93.1 94.3 95.2 95.1 94.7 94.9 94.6 94.6 93.7 92.9 92.6 93.6 94.7 95 93.4 90.6 89.5 89.9 91.5 91.5 91.1 91.7 93.1 94.6 96.4 99 101 103.1 106.1 107.9 109.6 111.4 113.5 115.4 116.9 118.3 120.5 123.2 125.6 127.6 130.1 132.8 135.4 142.6 148.8 152.8 158.7 164.8 168.7 172.8 175.3 177.4 179.7 182.8 185.6 189.3 193.3 196.9 198.7 198.9 197.7 194.6 193.7 193.8 158.4 159.8 171.8 193.5 195.9 198.8 200.1 200.5 200.9 196.3 185.7 200.3 208.3 216.1
