public/OST50/SX08.asc
ncols 200
nrows 200
xllcorner 200000
yllcorner 80000
cellsize 50
[rows 78 to 116 of 200, columns 88 to 175 of 200]
14.1 66.6 74.4 77.9 84.4 93.7 97.5 99 98.6 96.6 95.3 95.1 84.3 81.9 79.8 80.9 82.6 82.8 82.8 84.8 86.2 90.7 96.4 101.8 104.2 108 110.5 112.9 115.8 118.7 121.6 125.7 130.9 136.2 141.6 145.9 149.1 151.6 153.3 155.2 157.3 158.4 161.4 164.6 164.4 163.2 159.4 144.9 127.9 152 151.1 143.4 138.2 139.7 147.7 147.5 149 151.8 151.2 153.9 163.4 164.9 165.9 178.2 194.6 208.3 215.6 221 225.1 227 232.1 236.3 238.3 239.4 241.2 240 240.2 239.7 237.8 233.4 231.1 231.1 232.8 234.9 236.9 238.9 240.3 242.1
1.6 43.3 52.4 60.7 69.5 78.3 84.7 87.6 85.7 81.3 79.6 78.3 70.9 71.1 72.1 72.1 73.9 74.8 76.1 79.2 84.8 90.9 96.5 100.2 105.9 109.1 112 114.9 117.7 120.8 124.2 129.1 135.6 141.3 146.7 150.7 154.1 157.1 159.6 161.3 162.8 165.6 167.5 168.6 168.7 166.8 163.7 145 140.5 157.2 157.8 158.5 159.4 162.9 165.9 149.7 152.6 151.8 152.1 165.6 166.5 173.5 186.5 199.9 211.9 221.8 227.3 231.2 234.2 237.1 239.2 240.4 241.4 242.4 244.1 244.4 244.1 243.4 241.8 237.6 235 234.9 235.9 238 239.8 241.4 242.8 244.4
0.2 20.4 28.9 37 44.9 52.2 59 61.9 58.2 54.2 52.9 55.4 55.1 58.2 61.7 62.2 63.7 65.7 67.8 75.5 84.1 91.7 97.3 102 106 108.4 113.2 116.2 120.1 124 128.4 133.4 139.5 145.2 150 154.5 158 161.5 163.9 166.1 167.6 169.6 170.8 171.3 171 170.2 163.7 142.5 151 160.5 161.8 164.2 165.2 168.8 170.5 152.1 179.4 183.7 187.2 190.2 192.4 197.5 207.7 216.9 223.2 227.8 232.3 235.1 237.6 239.6 241.6 243.1 244.2 245.4 246.6 247.4 247.1 246.4 244.8 241.2 238.8 238.4 238.6 240.2 241.8 243.4 244.9 248.3
2.6 2.7 16.5 18 23.6 31.2 35 36.7 36 34.2 38.4 41.6 44.5 46.7 48.7 52.1 53.8 56.8 58.9 63.7 80.7 91.2 97.9 103.5 107.6 110.9 112.8 119.3 124.3 128.6 133.3 138.8 143.8 148.5 152.8 157.7 161.7 165.6 168.1 170.2 172 173.2 174.3 174.4 173.5 172.7 164.2 148 151.6 161.7 165.5 169.1 172.3 174.8 179.3 186.4 192.8 198.6 203.7 208.6 212.8 216.8 220.8 224.7 228.7 232.5 234.9 237.4 239.2 241.2 243.1 244.9 246.5 247.7 249.2 250 249.8 248.7 246.9 244.2 242.2 241.3 240.7 242.1 244.3 245.8 247.4 250.9
49.5 40.4 33.7 24.6 21.1 23.1 26.3 27.6 31.6 34.9 38.5 41 46.2 50.8 55.5 65.2 70.6 71.4 72 75.3 71.5 88.6 97.1 103 108 112.5 116.7 122.9 127.8 132.8 137.9 142.4 146.6 151.3 156.2 160.8 164.8 168.5 171 172.7 174.2 175.6 176.7 177.3 176.9 174.4 169.4 158.6 149.9 151.8 168.1 173.2 177.2 180.6 186.4 193.1 199.4 205.1 210.6 215.3 219.6 223.3 226.3 229 232 235 237.2 238.9 240.8 242.7 244.5 246.4 248.2 250 251 251.7 251.3 250.5 248.7 246.7 245.5 244.3 244.1 245.4 247.2 248.2 249.2 252.3
74.9 66.5 61.9 52.9 36.1 24.9 37.7 43.7 47.9 54.7 56.2 60.4 64.3 65.9 70.7 75.6 79.8 80.1 82.3 86.9 81.9 78.8 94.2 102.6 108.7 113.9 119.2 124.1 130.1 135.5 140.9 146.3 151.9 156.4 160.5 163.8 167.6 171.2 173.5 175 176.4 177.9 179.2 179.8 178.9 177.3 173.4 167.6 158.6 154.9 169.1 175.8 180.3 185.3 192.3 198.7 204.3 209.9 214.8 219.8 223.6 227 229.1 231 233.8 236.3 238.6 240.4 242.3 244.1 246 247.9 249.7 251 252.5 253 252.5 251.8 251.1 250.1 249.6 248.6 248.1 248.1 249.3 249.7 250.7 253.2
83.8 85.2 84.1 75.1 46.1 27.9 43.8 70.8 77.3 84.4 83.6 82.1 83.9 82.6 84.7 86.3 86.8 87.6 91.5 96 96.1 78.1 88.6 100.3 108.6 114.8 120.4 126 132 138.2 142.3 151 157.1 162.1 165.5 167.4 170.4 173.8 175.8 177.2 178.7 180.1 181.5 181.8 181.1 180.4 179.6 174.8 169.3 161.5 169.1 177.2 184 188.2 194.8 201.9 207.6 213.5 218.7 222.9 226.1 228.7 230.8 232.7 235.2 237.5 239.7 241.7 243.7 245.7 247.6 249.5 250.6 251.8 253.1 253.8 253.6 253.7 253.8 254 253.6 252.5 252.2 251.7 251.9 252.3 252.2 254.2
83.7 87.2 87.5 72.6 47.8 30.3 46.8 76 87.3 89.7 89.2 88.2 90.4 90.6 90.8 91.7 92.9 95.2 99.2 101.5 99.8 90.9 85.1 99.4 108.7 116.7 121.5 127.7 133.7 139.8 146.6 153.5 159 163.8 167.8 171.1 173.2 175.7 178 179.7 181.1 182.6 183.9 184.4 184.3 184.1 183.9 183.1 180.8 174.1 162.3 177.9 184.9 190.5 196.3 204.5 210.4 216.1 221 225 227.6 229.9 232.1 234.3 236.3 238.4 240.4 242.4 244.4 246.2 247.9 249.6 251.3 252 253.3 254.7 254.9 255.4 256.1 257 255.9 255.2 254.3 253.8 253.7 253.2 253 254.8
80.7 89.5 89.5 74.1 48.2 32.7 48.6 78.4 87.5 90.1 90.3 90.9 92.8 94.4 94.5 95.5 98.3 102.3 103.7 103.7 102.2 97.9 89.7 92.7 108 114.6 123.1 129.6 135.4 141.4 148 154 158.9 164.2 168.4 171.7 174.5 177 179.5 181.6 183.7 185.1 185.9 186 186.6 186.4 186.5 187.1 187.2 183.4 175.6 172.1 184.6 190.7 195.7 205 212.4 217.2 221.7 225.1 227.6 230 232.4 234.7 236.7 238.6 240.6 242.4 244 245.7 247.4 249.1 251 252.2 253.5 254.9 256.1 256.7 257.7 257.6 257 255.9 254.8 254.3 254.2 253.7 253.8 254.8
79.9 89.4 89.7 76.5 54.1 35.4 48.6 77.1 88.4 90.6 91.2 92.5 94 95.8 96.7 98.9 101.5 105.5 107.7 106.7 104.8 103.3 98.9 91.6 105 115.4 124.6 131.4 137.4 142.9 148.7 154.7 160.2 163.8 167.6 172.1 175.3 178.2 180.9 183.1 185.3 186.9 187.5 187.8 188.6 188.9 189.2 189.8 190 190.3 185.3 174.9 179.7 189.1 194.7 202.6 210.3 217.1 221.1 224.1 227.1 229.6 232.1 234.5 236.5 238.4 240.2 241.7 243.4 245.1 246.8 248.5 250.2 252.2 253.7 255.1 256.4 257 257.1 256.6 256.2 255.1 254 253.7 254 254.2 254 254.4
79.3 88.8 91.2 82.9 59.8 38.9 44.2 69.9 86.7 89.7 90.8 92.3 94.6 96.3 97.2 100.3 103.4 106.2 107.6 107.6 107.2 107 106.8 100.9 102 113.8 124.6 132.8 139.4 144.2 150.3 155.8 160.9 164.8 168.5 172.5 176 179.2 182.3 184.7 186.6 187.9 189.1 189.8 190.4 191 192.6 193.7 192.7 192.2 191.3 183.9 178.1 183.6 192.9 201.1 208.3 213.6 218.2 222.1 225.2 228.3 230.9 233.3 235.6 237.8 239.4 241 242.7 244.4 246 247.5 249.2 251.1 253.3 254.9 256 256.1 255.7 255.1 254.4 253.4 252.5 252.1 252.6 253.3 253.6 254.1
79 87.5 92.9 89.7 67.1 45.5 40.7 61.1 80.1 87.1 90.6 92.9 95.4 96.8 98.1 101.1 104.1 105.6 106.9 108.2 108.4 110.4 111.7 112.4 101.7 112.4 125.4 133.6 140 146.8 152 157.6 162.2 166.5 170.4 173.3 176.6 180.2 183.5 186 188.1 189.8 191.3 192.1 192.6 194.2 195.8 196.8 197.8 196.5 194.7 190.8 185.5 181.4 189 195.9 205 210.1 214.2 218.3 222.7 225.8 228.6 231.4 233.7 236.2 238.4 240.2 241.9 243.6 245.1 246.4 248.2 250.1 252.2 253.2 253.9 253.9 253.7 252.7 251.6 251.3 251 250.8 251.2 251.8 252.9 254.3
81.8 89.7 93 91.4 77.1 54 42 54.6 75.4 86.7 91.1 94 95.9 97.2 99 102 104.2 106 107.3 109 110.3 112.8 115 116.7 121.5 111.8 124.4 133.5 142 147.8 153.2 159.5 165 168.8 171.9 174.7 177.3 181.1 184.2 186.5 189 191.4 192.9 194.2 195.5 197.3 199.2 200.8 201.6 202.8 201.2 198.2 194.7 191.2 187.5 191.6 199 206 210.4 215 219 222.3 225.5 228.8 231.3 234.6 236.7 238.8 240.8 242.7 244.3 245.6 247.1 249.1 250.8 251.3 251.4 251.1 250.4 249.7 248.9 248.9 248.7 248.7 249.5 250.3 251.1 251.5
87.1 91.3 93 92.2 86.3 68.7 45.5 52.7 75.9 88.5 92.9 95 96.3 97.7 99.9 102.5 104.4 106.1 107.7 109.9 112.6 116 117.9 119.9 123 111.9 122.9 133.8 142.6 148.6 154.5 160.6 165.7 170 173.3 176.4 179.4 182.1 184.5 186.9 189.5 192.2 194.7 196.4 198.2 200.2 202 203.7 205.2 205.7 205.4 204 200.9 198 196.4 191.4 194.5 202 207.2 211.9 216 219.4 222.7 226.1 229.6 233.4 235.1 237.2 239.3 241.1 242.5 244.1 246.1 247.6 248.4 248 248.2 247.7 247.1 247.1 246.4 246 246.7 247.3 248.3 248.9 249.4 250.3
86.9 91.4 93.4 93.8 91.3 79.1 52.8 51.5 74.9 88.9 91.5 93.6 93.2 96.4 99.7 101.8 103.6 106.3 109 111.4 114.1 117.2 119.1 122.3 125.2 124.4 120.7 133 142.3 149.1 155.1 160.2 165.2 170 173.7 176.9 179.4 182 184.8 186.8 191 193.9 196.2 198 200.3 202.7 204.4 205.9 206.8 207.6 208.3 207.6 206.6 204.7 202.5 199.6 196.4 198.8 203.7 209.4 213.6 217.4 221.2 224.6 228.4 232.1 233.4 235.6 237.9 239.4 241.2 242.8 244.7 245.5 245.7 244.9 245.2 244.3 243.7 243.1 243.7 244.3 245.4 246.2 247 247.5 247.9 248.4
87.8 92.5 93.2 93.4 92.7 83.9 56.7 52 60 69.9 76.1 81.3 84.6 90.3 96.6 101.2 104.8 107.6 110.3 112.8 115.4 118.2 121.1 125 127.9 131.1 127.6 128.5 137.4 147.5 154.4 159.5 164.4 168.6 172.1 175.3 177.7 181.7 184.8 188.6 192.4 195.4 197.7 200 202.1 204.3 206 207.3 208.2 209.1 210 211 210.8 209.7 208.1 205.5 200.3 200.5 204 209 213.3 217.6 221.9 224.8 227.8 230.8 232.7 234.7 236.6 238.3 244.2 240.7 241.6 241.8 242.4 241.7 241.5 240.1 240.3 241.5 242.3 243 243.9 244.9 245.6 246 246.4 246.7
88.2 92.1 92.7 92.7 90.4 73 56.1 59.3 62.8 61.5 67.2 69 74 83.2 93.2 99.6 105.6 108.6 111.6 114.2 117 120.1 123.2 126 129.3 132.6 135.1 133 132.5 142.1 150.9 158.2 163 166.8 169.9 173.4 176.6 180.9 184.7 188.7 192.2 195.4 198.6 200.8 203 205.3 207.2 208.5 209.5 210.5 211.4 213 213.9 213.5 211.9 210.3 206.4 203.9 207.4 212.9 215.5 218.9 222.4 224.5 227.3 230 232.1 234.1 235.9 238.3 240 240.6 240.1 239.6 239.2 237.3 237.3 237.5 238.6 239.3 240.6 241.4 242.4 243.5 244.4 244.9 245.3 245.3
89.6 91.8 91.5 90.1 86.3 64.7 64.1 80.4 83.7 85.3 85.9 81.7 89.1 82.8 87.1 95.3 104.6 109.5 112.7 115.5 118.9 121.9 124.7 127.5 130.5 134 136.7 139.9 136.6 136.4 143.8 150.8 157.2 162.9 168.2 171.9 175.8 180.1 184.4 188.4 192 195.1 196.9 199.4 202.4 204.6 207.7 209.5 210.9 211.9 213.4 214.9 216 216 215.2 213 211.5 210.7 211.3 215.3 217.8 220.5 222.3 224.4 226.9 229.2 231.5 233.5 235.6 236.8 237.9 238.6 237.3 234.9 233.5 233.7 234.1 235.2 236.2 237 238.6 239.9 241 242 243.1 243.7 244 243.9
92.6 91.4 91.6 88.9 83.7 67.9 84.9 90 91.5 93 93.4 93.8 98.9 98 94.3 102.6 102 107.5 113.3 116.9 119.8 123.2 126 128.8 132.4 135.4 138.8 142.3 134.7 142.7 140.1 144.5 151.7 159.6 166.1 170.7 173.8 177.3 182.5 186.3 189.5 192.6 194.9 198.1 200.3 204.2 207.3 209.3 211.7 213.6 215.2 216.8 217.9 218.1 217.1 215.4 213.8 214.4 215 216.9 218.8 220.7 222.2 224.4 226.4 228.6 230.8 232.9 234.4 235.4 235.8 234.5 232.6 229.6 229.9 230.4 231.8 233.6 234.4 235.6 237.6 239.1 240.2 241 241.8 242.6 242.6 242.5
93.6 92.3 90.7 88.5 83.7 73.3 87.8 92.5 95.6 97.7 98.8 100.6 103.4 104.3 105.9 107.5 109.3 111.4 115 118.5 121.2 124.4 127.2 130.8 134.4 136.9 140.4 144.4 147.3 149.2 147.3 146.4 147 153.4 161.3 165.6 170.4 173.9 177.5 180.6 184.3 188.4 192.8 196.6 200.5 207.9 214.4 211.1 213.4 214.4 216.9 218 219.4 219.6 218.6 216.7 216.9 217.1 217 217.5 219.3 221 222.5 224.7 226 228.2 230.3 231.8 233.1 234 232.7 228.6 225.9 225.8 227.7 228.6 231.1 232.4 233.8 235.5 237.3 238.7 239.8 240.7 241.5 242.1 242.1 242.1
94.5 92.2 90.7 89.8 86 78.2 87.6 94.1 98.7 101.6 103.5 105.1 106.7 108.3 109.8 110.9 113.3 114.8 117.5 120.3 123.3 126.1 128.7 131.8 135 137.9 141.5 145.4 149.2 151.9 153.6 153.7 152.9 151.4 152.7 158.3 165.3 170.5 173.8 176.6 181 185.5 190.8 195 200.3 203 207.6 204.9 208.3 223 226.2 218.9 220.3 221.1 220.6 219.1 218.8 218.8 218.7 219.2 219.9 221.4 222.9 224.3 226.1 227.9 229.3 230.5 231.1 231.4 226.4 223.4 223.2 225.6 227.4 229.6 231.4 233.2 234.6 236 237.4 238.3 239.3 240.4 241.1 241.7 241.9 241.5
95.4 93.5 92.4 91.5 89.7 86.3 88.7 96.9 101.7 104.4 105.7 106.9 108.7 110.4 112.2 114.1 115.9 117.5 119.5 122.6 125.6 128.3 130.7 133.3 136.4 139.1 143 147.1 151.2 154.5 157.2 158.8 160 158.1 156.8 154.9 160.5 165.7 168.9 174.6 179.7 184.9 189.9 195.2 200.1 203.8 210.2 204.9 206.2 205.9 218.8 220.3 221.7 222.4 221.7 220.8 220.4 220.4 220.3 220.2 221 221.9 223.1 224.2 225.3 226.8 227.6 228.4 228.1 226 221.4 221.9 224.4 226.8 229.3 231.8 233.4 234.2 235.5 237 238.5 239.3 240.1 240.9 241.2 241.5 241.4 240.8
96.1 94.8 94.1 93.2 92.9 90.9 88.6 99.8 103.7 105.9 107.6 108.8 110.3 112.1 113.9 115.5 117.4 119.6 121.4 124.8 127.9 130.3 132.7 135.2 137.8 141.1 144.7 149.2 153.3 157.1 159.1 161 163.5 163.4 161.3 158.7 158.8 162.7 168.1 174.2 179.3 185.3 190.4 195.3 199.7 203.6 208.2 209.6 205.7 217.5 220 221.4 222.4 222.5 222.6 221.8 221.9 221.9 221.9 221.8 222 222.2 222.5 223.6 224.5 224.9 225.5 226.1 225.3 217.5 218.3 221.8 225.2 228.3 230.9 233 234.1 234.7 236.6 238.1 239.6 240.4 241.2 241.6 241.3 241.3 240.7 240.1
96.9 96.5 96.4 96.8 96.7 95.3 93.3 100.3 104.9 107 108.8 110.6 112 113.8 115.3 116.8 118.8 121 123.6 126.6 129.9 132.4 134.8 137.2 139.8 143.2 146.7 150.4 155.3 159.5 162.3 163.3 165.6 166.4 165.4 162.8 160.1 162.4 167.9 173.2 178.8 185 190 195.1 199.3 204 208.7 212.8 216.2 218.9 220.6 221.8 222.5 222.6 222.7 223 222.8 222.8 224.2 222.6 221.8 221.9 222.2 222.4 222.6 222.8 223.4 222.8 215.1 214.4 218.8 223.5 226.1 228.8 230.9 232.7 233.2 235.2 237.2 239.1 240.3 241 241.7 242.2 241.3 240.4 239.9 239.4
98.7 99.3 99.3 99.6 100.5 99.2 99.1 101.2 105.8 108 109.8 111.6 113.4 115.1 116.6 118.1 120.2 123 125.9 128.8 131.7 134.3 136.9 139.6 142.5 145.6 149 152.5 157.4 162.5 165.8 168.1 170 171.5 169.7 167.5 165.3 164.6 169 173.4 178.7 185 189.8 194.9 199.3 204.2 208.8 213 216.6 219.1 220.5 221.8 222.6 222.8 223.1 223.3 223.6 223.8 223.6 223.1 222.1 221.6 221.9 221.3 220.6 220.7 217.8 212.4 211 216.7 220.7 225.1 227 229.2 230.6 232.1 234.3 236.2 238.2 239.8 240.7 241.4 242 241.5 240.4 239.3 238.8 238.3
99.7 100.7 101.3 101.9 103.2 104.3 105.2 106.4 107.8 109.1 110.6 112.4 114.2 116 117.7 119.5 122.7 125.5 128.4 130.6 134.7 138.1 140.8 143.4 146.4 149.5 152.5 157.1 163.1 168.2 171.4 174 175.7 176 174.7 172.1 169.4 167 171.7 176.4 181.1 185.3 189.9 194.7 199.6 204.5 208.8 213 216.2 218.9 220.3 221.6 222.7 223.1 223.5 223.7 223.8 223.7 223.6 222.9 222.1 221.4 221 220 218.6 214.3 209 208.5 212.9 218.7 222.5 225.1 226.4 227.7 230 232.6 234.7 236.5 238 239.5 240.2 240.8 240.9 240.6 239.5 238.4 237.6 237.2
100.6 101.9 102.7 103.3 104.6 105.6 106.6 107.6 109 110.4 111.9 113.6 115.4 117.3 119.2 121.6 124.5 128.1 131.3 131.8 137.8 141.7 144.4 147.1 150.4 153.8 157.6 163.6 169.3 173 176.8 181.3 179.9 179 178 176 171.7 171.7 173.4 179.1 183.4 187.1 191.2 195.5 200.4 205.2 209.4 213.1 216.1 218.7 220.1 221.5 222.6 223.1 223.4 223.5 223.7 223.6 223.4 222.4 221.6 220.8 219.6 217.2 214 207.9 202.5 209.4 215.1 218.6 221.6 224 225.2 227 229.6 232.4 234.1 235.7 237.3 238.4 238.7 238.9 239.3 239.1 238.6 237.5 236.5 236
101.6 102.9 104.1 104.8 105.9 106.9 107.9 108.9 110.2 111.6 113.3 115 117.4 119.6 121.2 123.6 126.4 129.3 132.2 136.9 141.7 146.3 149.8 152.3 155.4 159.5 164.6 170.2 173.8 177.6 185.5 191 182.3 181.6 179.9 177.5 175.7 177.7 176.9 180.7 185 188.8 193.2 197.8 202.3 207.4 211.6 213.8 216.1 218.5 219.9 221.4 222.5 222.9 223 223 223.1 222.9 222.5 221.5 219.7 217.4 215.8 212.1 208.4 202.3 204.3 209.3 214.4 217.9 220.7 221.6 223.7 226.3 228.9 231.1 232.9 234.7 236.3 236.7 236.7 237 237.3 237.3 237.2 236.7 235.6 234.7
102.3 103.7 105.1 106.2 107.3 108.2 109.2 110.2 111.5 113 114.7 116.4 119.4 121.8 124.4 125.9 128.2 131.2 135.6 140.7 145.2 150.5 154.9 158.2 161.6 165.5 170.2 175.6 182.1 190.3 190.7 179.4 190.8 184.5 181.8 178.7 178.7 179.4 180.6 182.5 186.2 190.4 194.9 200.1 204.6 208.9 212.1 214.7 216.6 218.4 219.9 221.4 221.9 222 222.2 222.3 222.3 221.9 221 219.9 217.7 213.4 210.2 208.1 204.1 198.2 204.2 209 214.1 217 218.4 219.2 222.5 225.4 228 230 231.7 233.4 235 235.2 235.2 235.2 235.2 235.2 235 235.1 234.6 234.1
103 104.3 105.6 106.9 108.1 109.2 110.3 112 113.1 115.2 117.4 119.5 121.9 124.4 126.5 128 131.1 134.8 139.9 145.2 149.8 156.7 160.4 164 167.8 172.2 176.7 182 190.5 194.5 179.6 180.2 192.5 187.6 184.1 181.5 182.3 183.2 184.1 185 188.2 192.4 196.8 201.1 205.4 209.5 212.8 215.5 217.4 219 220.4 221.5 221 221.2 221.5 221.5 221.2 220.7 219.7 218.3 215.3 210.8 207.3 203.2 198.5 198.3 201 207.7 213 214.2 214.3 217.7 221.1 224.4 226.7 228.4 229.9 231.3 232.6 232.4 232.2 232.4 232.4 232.1 231.8 233.1 233.3 232.8
103.1 104.4 105.6 106.8 108 109.4 111.5 112.7 114.5 117 120 121.8 123.8 126.4 129 131.2 135 140.2 145.7 152.3 157.8 163 166.4 169.6 173.7 178.2 182.9 192.4 183.2 184.4 183 188.2 196.6 194.3 187.6 184.8 184.8 186.8 187.3 188.1 191.2 194.7 198.3 201.9 206 210 213.6 216.3 218.3 220.1 221 221.1 220.6 220.5 220.8 220.7 220 219.2 218.1 216.1 212.7 208.4 203.5 197 194.6 198 202.4 205.8 208.1 209.9 213.7 217.6 220.1 222.6 225 226.2 227.5 228.9 230.1 230 229.6 229.2 229.2 228.9 228.5 229.8 231.3 231.5
102.8 104.1 105.3 106.5 107.9 109.5 111.6 113.6 116.3 118.4 120.7 122.9 125.8 128.6 131.2 134.5 139.7 145.3 150.5 156.8 163.3 169 172.1 175.2 179.8 183.9 188.2 192.1 182.4 182.3 183.8 197.1 199 195.6 191.6 187.7 188.7 190.5 191.1 191.6 194.1 197 200.3 203.7 207 210.8 214.2 217.1 219.2 221.1 221.6 221 220.2 220.2 220.1 219.9 219 217.9 216.6 214 210.6 206.7 200.1 194.5 192.1 197.1 201.5 203.4 205.9 210.3 213.8 216 218.4 220.9 223.3 224.3 225.2 226.5 227.6 227.6 227.2 226.8 225.7 225.6 225.3 226.6 228.1 229.6
102.1 103.8 105 106.2 108 109.7 111.4 113.9 117 120.6 122.3 125.1 126.8 130.5 133.7 138.1 143.2 148.5 154.8 161.4 169.1 174.4 178.3 182 186 188.5 192.2 194.9 197.7 200.5 201.9 205.5 199.2 198.3 195 191.4 191.6 193.6 194.2 195.6 197.3 199.9 202.8 206 209.2 212.6 215.9 218.2 220.3 221.7 221.9 220.5 219.7 219.3 219.3 218.8 218 217.2 215 212.8 209.3 205.1 199.9 193.2 187.9 193.4 197.3 201.5 206.5 209.7 211.8 215.4 216.7 219.2 221.5 222.7 223.3 224.1 225.1 225.2 224.7 222.9 221.7 221.6 221.7 224.2 226 227.7
101.7 103.4 104.7 106 107.9 109.8 111.9 115.3 118.5 122.4 126.2 127.4 129.4 131.7 138.8 142.3 147 152.7 159.7 166.5 174.2 179.7 183.6 186.9 188.8 193 195.7 198.1 200.7 202.6 203.4 204.3 202.8 200.8 197.6 194.9 194 196.6 197.7 198.7 199.6 202 204.5 208 211.3 214.6 217.7 219.9 221 222.3 221.8 220.1 219.2 218.6 217.7 217.1 216.1 215.1 213.6 211.7 208.1 203.8 201.1 208.6 188.1 190.8 197.7 203.2 207 209.2 211.3 213.2 215.3 217.8 219.7 221 221.7 222.3 222.5 222.5 221.8 219.4 217.6 217 218.5 221.3 224.2 225.1
101 102.9 104.3 105.8 107.9 109.7 113.1 116.5 120 123.4 127.4 131.3 135.1 138.4 143.6 147.9 153.2 159.3 165.7 172.6 179.3 183.8 187.8 190.3 193.6 196.5 198.6 200.7 202.6 204.5 205 205.6 204.8 203 200 197.6 197.1 198.7 200.6 201.1 202.1 204 206.5 209.5 213.1 216.6 219.5 221.4 222.1 223 221.7 220 218.2 216.8 215.4 214.4 213 213.1 212.4 210.6 207.1 203.5 207.6 208.2 203.5 203.5 201.6 202.9 206.3 208.4 210.5 212.6 214.4 217 218.3 219.7 220.1 220.8 220.7 219.6 218.3 215.3 213.9 213.4 215.7 220.7 221.5 223.3
99.1 101.6 103.4 105.3 107.9 110.8 114.4 117.8 121.2 126.4 130.5 135 140.4 145.1 148.3 153.6 158.9 165.8 172.5 178.8 183.5 187.8 191.3 194 197.1 199.2 200.7 202.4 204.2 206 206.6 207 205.7 204.5 202.7 200.4 199.9 200.5 201.9 203 204.7 206.6 208.5 211.1 214.6 217.8 220.4 222.4 223.6 223.2 221.5 219.9 217.9 216 214.2 211.7 209.8 210.3 209.5 208.8 206.2 204.5 204.3 198.9 195.1 194.2 199.5 203.3 205.3 207.4 209.4 211.5 213.4 215.9 217.2 218.5 219 219.2 218.9 217.3 215.7 217 217.7 210.7 214.3 216.4 219.1 221.3
88 93.6 99.9 105 108.5 111.8 115.6 119 122.4 128.1 133.3 138 143.7 148.5 149.4 157.1 163.8 168.9 176.5 182.1 186.2 190 193.9 197.7 200.1 201.7 203.1 204.3 205.6 207.4 208.2 207.8 206.7 205.9 205.4 203.6 202.3 202.8 204.1 205.6 207.3 209.2 211.1 213 215.7 218.5 221.1 223 224 223.4 221.6 219.8 217.7 215.4 213.5 210.9 207.2 206 206.8 206 204.8 199 191.5 191.8 190.1 194.5 199.2 202.2 204.2 206.2 208.2 210.2 211.9 214.3 216.2 217.3 217.8 217.5 216.3 213.3 209.5 207.7 207.1 209.7 212.3 214.6 217.6 219.8
82.7 91.8 98.2 104.4 109.2 112.8 116.6 120.2 123.7 129.7 136.1 141 147.1 152.3 156 161.3 166.7 173.1 179.8 184.3 188.3 192.3 196.3 200.1 202.2 204 205.4 206.7 207.9 209.1 209.6 209 208.6 208.1 207.6 206.8 206 205.6 206.3 207.8 209.3 211.1 212.9 214.3 215.8 218.6 221.4 223.2 224.5 223.6 221.8 219.9 217.1 215.4 212.7 209.8 206.6 201.4 203 203.3 197.1 185.2 173.6 177.1 181.9 192.4 199.6 200.9 202.9 205 207 208.8 210.4 212.8 215.1 216.2 216.1 215.1 213.5 208.3 205.8 203.6 205.5 208 210.5 213 216 218.3
80.3 85.6 95.7 103.7 109.4 113 117.6 121.5 125.1 131.3 137.8 144.1 150.8 156.5 161.1 165.3 170.3 177.3 182.1 186.2 190.7 195.1 198.7 201.8 204.2 206 207.8 209 210.2 211.1 211.2 210.8 210.5 210.2 209.7 209.1 208.7 208.4 208.2 209.5 211 212.7 214.1 215.3 216.5 218.7 221.5 223.1 224.4 223.8 222.1 220.1 217.7 215.1 212.5 209.6 206.8 198.4 201.8 200 138 136.7 139.6 144.7 168 178.4 190.8 199.5 201.7 203.8 205.8 207.4 209 211.4 213.9 215 214.9 213 208.7 204.6 201.8 200.9 204.1 207 209.5 212.4 214.8 216.8
