public/OST50/SX08.asc
ncols 200
nrows 200
xllcorner 200000
yllcorner 80000
cellsize 50
[rows 117 to 155 of 200, columns 88 to 175 of 200]
97 88.7 95.2 103.2 109.6 113.5 118 122.3 126.3 132.6 139.3 146.3 154 160.5 165.1 170.2 175.4 179.9 184 188.5 192.7 196.8 200.2 203.2 206.1 208.2 209.9 211.2 212.1 212.6 212.7 212.3 211.9 211.6 211.3 211.2 211.2 210.8 210.7 211 212.6 213.8 215.1 216.3 217.6 218.8 221.6 222.9 224.2 223.7 222.2 219.9 217 214.3 211.7 208.9 205.9 199.1 199.9 161.6 119.4 122.4 121.9 114.7 141.2 171.9 182.9 197.9 200.5 202.6 204.4 206 207.6 209.9 212.6 213.8 213.3 209.2 205.2 201.6 198.9 200.3 204.5 207.5 210 212 214.6 216.1
102.9 103.9 98.9 99.9 106.5 113.5 119.4 123.5 127.6 133.9 141.4 148.4 156.5 164 170 174 177.9 181.7 185.6 189.6 194 197.7 201.2 204.2 206.8 209.7 211.4 212.7 213.2 213.4 214.1 213.8 213.4 213.1 212.9 212.9 212.9 213.2 213.1 213.4 214 215.1 216.1 217.3 218.6 219.7 221.5 222.7 224.1 223.3 221.5 219.1 216.3 213.6 211 207.9 204.8 200.1 188.5 131.4 116.7 111.4 105.8 101.1 125.2 151.8 178.3 195.5 199.5 201.4 203 204.6 206.2 208.4 210.7 212.5 210.8 205.5 202.8 198.8 194.7 198.8 204.5 208.1 210.8 212.9 214.7 215.8
106.8 107.7 107.4 108.5 109.1 111.8 119.4 124.2 129 135.7 142.9 148.7 158.2 165.6 172.2 175.3 178.8 182.8 186.8 190.6 194.7 198.3 201.1 204.1 207.1 210.2 212.3 213.5 213.9 214.1 214.5 214.7 214.4 214.3 214.5 214.6 214.5 214.7 215 215.1 215.5 216.5 217.4 218.4 219.6 220.7 221.7 223 223.5 222.8 220.5 218.1 215.7 212.9 210.1 207.1 204.7 201.7 171 131.8 115.3 97.5 91.5 96.7 132.7 157.5 178.2 195.6 198.8 199.2 200.5 202.6 204.1 205.5 208.2 208.7 206.9 202.5 198.8 190.2 193.7 198.8 203.8 206.5 211.7 213.8 214.4 215.6
110 110.8 111.9 113.9 115.1 117.6 120.4 125.7 130.8 138 145.4 153.5 160.1 166.3 172.2 175.2 178.9 182.9 186.9 190.6 194 197.6 200.9 203.9 206.7 209.5 211.4 212.8 213.5 213.6 214.3 215 215.2 215.3 215.5 215.7 215.9 215.9 216.4 216.6 217 218 218.8 219.4 220.2 221.3 222.4 223.4 222.4 221.2 219.1 217 214.8 212.2 209.5 206.9 203.7 200.8 171.6 130.4 110.2 90.5 90 101 137.9 160.4 176 196.4 196.6 197.4 199.3 200.8 202 203.1 204.1 204.1 200.6 196.1 189.8 189.3 193.5 198.1 203.5 205.8 211.5 213.4 214.5 215.5
112.4 114 115.9 117.5 118.8 120.9 124.5 128.6 134 141.3 148.4 155.3 161.6 166.4 171.4 175.1 179.1 182.8 186.5 190 193.1 196.8 199.5 202.3 205.2 208.1 210 211.3 212.6 213.2 213.6 214.8 215.4 215.9 216.6 216.6 216.5 216.5 217 217.4 218 218.6 219.3 219.9 220.7 221.8 222.9 222.9 221.2 220 217.7 216.1 214.1 212 209.5 206.1 201.8 200.3 167.3 129.2 106.1 90 90 108.8 154.8 177.5 185.7 199.4 193.9 195.1 196.8 198.6 199.7 200.4 201.1 200 196.3 187.5 185 188.7 193.2 199.6 204 207.1 211.4 212.9 214.4 215
113.7 116.4 118.7 120.6 122.5 126.1 128.8 132.8 136.7 144.4 151.4 157.7 162.6 166.6 170.7 174.9 178.7 182.4 186.2 189.3 192.3 195.9 197.9 200.8 203.6 206 208.2 209.9 211.1 212.3 212.9 214.1 214.8 215.5 215.9 216.3 216.5 216.8 217.5 218 218.5 219.2 219.8 220.2 221.2 222.3 222.8 222 220.2 218.8 216.4 214.4 213.5 211.9 208.6 205.1 201.4 200.5 185.7 135 105.4 90 114.1 138.5 173.1 181.5 194 200.8 192.1 192.5 194.2 195.8 196.8 197.6 196.6 196.3 191.5 181.1 184.4 190.3 196.5 201.1 204.9 208.1 209.7 210.5 212.9 213.5
115.6 118.5 121.4 123.3 127.1 129.7 135.6 138.6 143 147.1 154 160 164.2 168.3 172 174.6 178.3 182.1 185.7 188.6 191.5 194.8 196.6 199.2 201.9 204 206.1 208.2 209.6 210.8 212.1 212.7 213.2 214 214.5 215 216.1 216.7 217.6 218.5 219.1 219.6 220.3 220.6 221.7 222.6 222.4 221.1 219.3 217.6 215.5 214.2 212 210.5 208.2 201.6 200.9 200.6 199.4 142.6 122.1 102.7 135.5 157.3 181.3 193 201.3 205.3 189.3 188.5 190.8 192.6 193.7 194.2 194 190.5 180.2 179.7 187.6 194 197.4 201.2 204.8 206.7 207.7 209.2 211.4 212.1
118.3 121.2 124.1 127.8 132.3 136.3 141.4 146 149.7 151.2 157.3 161.8 165.8 169.8 173.3 175.2 177.7 181.7 185 187.9 190.9 193.4 195.2 197.6 199.8 202 204.1 206.2 207.5 208.9 210.1 211.1 211.7 212.4 212.9 213.3 214.9 216.6 217.3 218.4 219.4 219.9 220.8 221.1 222 222.4 222.5 221.2 219.1 217.1 215.3 212.9 210.9 208 206.7 203.1 201.5 200.2 199 151.6 142.5 137.2 153.7 174.7 194.8 201.8 205.3 199.5 181.2 183.6 185.3 186.8 187.8 189.5 189.4 182.6 173.7 181 188.6 193.3 196.5 199.9 202.6 204.2 205.1 208 209.9 210.6
122.5 125.2 128.6 135.1 138.8 142.4 146.3 151.8 155.3 156.8 158.3 162.3 167.1 169.9 172.3 175.3 178 181.4 184.4 187.3 190.1 192.1 193.9 195.7 197.9 200.1 202.2 204.1 205.1 206.4 207.5 208.7 209.9 210.7 211.1 212.2 213.8 215.4 216.9 218.1 219.2 220.2 221.6 221.7 222.1 222.2 221.4 219.9 218.6 216.7 213.9 211 208.7 207.1 204.8 202.5 200.8 199.5 199.3 161.8 146 157.6 171.2 192.3 199.6 204.5 207.6 194.4 174.7 174.9 176.8 180.2 182.3 184.7 180.7 179.5 173.7 182.9 187.7 191.3 194.5 197.9 200.2 201.2 204.3 206.7 208.9 209.5
128.2 132.4 135.9 141.6 145.1 148.6 152.5 155.5 158.7 161.5 163.1 164.1 167.6 169.5 172.3 175 178 180.8 183.7 186.5 189 190.7 192.5 194.1 196.2 198.4 200.6 201.9 202.2 203.5 204.3 205.5 207 208.7 209.4 211.1 212.7 214.3 215.9 217.5 218.8 219.7 219.9 220.9 221.7 221.6 219.8 218.3 216.6 215.9 211.6 208.6 207.3 205.9 204.1 201.5 200.1 198.7 196.8 198.8 194.2 193.7 195 199.6 201.1 205.3 208.8 209.1 191.9 168 170 173.8 177.3 178.8 176.2 166.8 174.6 181.1 184.9 188.5 192 195.8 198.3 199.8 203.4 206.1 208.1 208.9
132.9 137.7 142.3 146.8 151 154.8 157.9 160.1 161.8 164.6 166.1 167.4 169.3 171.1 172.9 175.4 177.6 180.3 182.8 185.4 187.7 189.3 191 192.5 194.6 196.7 198.8 199.3 199.6 200.4 201.1 202.3 204.1 206 208.2 209.8 211.4 213.1 214.7 216.3 217.7 218.6 219.1 219.9 220.2 219.8 218.3 216.6 214.6 213 208.6 206.1 205.2 204 202.7 201.2 199.8 198.4 196.4 199.2 199.7 199.7 199.6 199.4 200.2 205.4 209.1 209.3 207 187.8 166.5 168.4 171.2 172 164.7 165.6 171.9 176.9 181.1 185.6 190.4 194 195.7 199.6 202.7 205.4 207.3 208.1
137.4 142.5 146.7 151.3 155.6 159.6 162.2 164 164.9 166.7 168.8 170.3 172 173.6 174.9 176 177.7 180 181.7 184 186.3 188 189.4 191 193.1 195.1 196.8 197.1 197.4 197.3 197.8 199.4 200.4 203.5 206.3 208.5 210.2 211.9 213.6 214.9 216.1 217.2 217.9 218.2 217.9 217.1 215.9 214 210.7 207 204.9 203.3 202.7 201.9 201.3 200.6 199.5 198.1 196.3 199.1 199.2 199.6 199.3 199.3 198.5 201.8 206.3 207.2 208.6 203.9 190.2 167.2 163 160.8 160.4 165.7 171.5 177 181.7 185.6 190.3 192.6 195.8 199.3 203 205.6 207.2 207.2
142 147.2 151.4 154.6 157.9 161.4 164.5 166.4 167 168.6 170.6 172.2 173.3 174.3 175.1 176.4 178.1 179 180.7 182.7 184.9 186.5 187.7 189.4 191.5 193.4 195 195.4 195.2 195 194.8 196.3 199.1 201.9 204.9 207.1 208.7 210.4 211.9 213 214.2 215.5 216.1 215.3 213.7 212.5 211.2 208.1 204.5 202.8 202.2 201.3 200.1 199.7 199.5 198.9 198.3 197.6 194.9 198.3 198.4 198.8 199.2 199.3 199 197.3 199.5 200.3 202.7 200.8 185.6 159.8 154.7 157.2 163.2 168.8 174 178.9 183.4 187.2 191.3 194.8 198 201.1 204.2 205.9 206.8 206.3
145.9 149.8 153 156 159.4 162.6 166 167.9 168.9 170.8 171.9 172.8 173.6 174.5 175.3 176.9 177.5 178.4 179.6 181.5 183.6 184.9 186 187.9 189.7 191.5 193.1 193.7 192.5 191.6 191.4 193.6 196.5 200.5 203.4 205.6 207.3 208.9 210.2 211.2 212.3 213.4 213.7 212.3 210.1 207.5 205.9 202.7 200.8 199.4 199.1 198.5 197.8 197.5 197.3 197.3 196.7 196.4 194.6 198.6 198.8 198.8 198.6 198.7 199 192.7 186.5 173.4 180.1 188.5 184.1 151 153.5 159.6 165.2 171 175.9 180.8 185.2 188.8 192.4 196.5 200.4 203.4 205.3 206.3 206.4 204.6
148.1 151.8 154.4 157.2 160.3 163.6 166.6 168.7 170.5 171.4 172 172.5 173.5 174.6 175.6 176.4 177 177.9 178.8 180.4 182.1 183.3 184.3 186 187.8 189.6 191.2 191.1 190.2 187.9 188.6 191.8 195.6 199 202 204.1 205.9 207.3 208.5 209.6 210.6 210 209.7 207.9 205.8 203.5 200.9 198.8 197.7 196.4 196.1 195.8 195.4 195.3 195.3 195.4 195.1 191.2 198.4 200 193.6 198.6 198.4 197.1 185.8 162.2 151.9 141 142.9 160.7 164.8 151.5 155.3 161.4 167.7 173.3 177.9 182.5 186.6 190.8 194.9 198.7 202.4 205 206.2 206.3 205.6 203.8
150.3 153.9 156.2 158.4 161.3 164.3 166.5 168.7 170.2 171.1 171.7 172.2 173.2 174.3 175.2 175.8 176.5 177.2 177.4 178.6 180.2 181.3 181.6 183 184.9 186.8 188 188.1 187.4 184.9 186.9 190.6 194.4 197.3 200.1 202.3 203.7 204.5 206.6 207.7 207.2 206.6 205.1 203 200.8 198.6 196.9 195.5 196 193.4 193.4 192.7 192.2 192.3 192.3 193 192.8 186 199.1 198.5 200.6 199.5 195.6 182.3 156.6 137.5 138.2 141.8 144.7 146.9 150.1 153.6 158 164 171.3 175.7 180.5 184.5 188.2 192.1 196.6 200.6 203.9 205.9 206.3 205.9 204.6 201.6
152.3 155.2 157.4 159.4 161.9 164.4 166.3 167.3 168.5 169.8 170.8 171.5 172.5 173.5 174.3 175.1 175.6 175.7 175 176.3 177.9 179 178.7 179.9 181.6 182.9 184.3 184.9 184.7 182.6 185.5 189.4 193.2 195.7 198.3 200 201.6 202.1 203 204.6 203.8 201.9 200 198.1 195.9 194 192.4 191.7 190.7 189.9 189.5 189 188.9 188.6 189.4 186.3 183.7 183 190.1 194.5 196.3 189.4 175.9 152.5 135.3 136.8 140.1 143.4 146.3 148.9 152.3 157 161.2 167.9 174.2 178.6 182.7 186.5 189.9 193.7 198 201.1 204 205.8 205.8 204.6 202.8 197.8
153.6 155.3 156.9 158.9 161.4 163.1 164.5 165 166.2 167.9 169.4 170.7 171.5 171.5 172.6 173.5 174.1 173.8 172.5 174 175 175.2 176 176.5 177.8 179.1 180.5 181.5 181 180.6 184.2 188.2 191.7 194.1 196.1 197.7 199.4 200.2 201.2 200.6 199.3 197.3 195.2 193.1 191.2 189.8 188.5 188.2 187.3 186.3 184.6 184 183.6 183.3 180.8 177.7 174.1 177.2 181.5 188.1 184.4 163.1 145.3 132.2 135.7 138.5 142.2 145.4 148.7 152.5 158.1 162.6 165.8 171.4 176.4 180.3 184.2 188 191.4 195.2 198.7 201.5 203.2 204.4 204.2 203.2 200.5 194.7
152.4 153.9 155.5 157.6 159.4 161.2 161 159.8 163 164.2 166.2 168 168.4 168.4 169.7 171.1 171.9 172.1 170.5 169.8 171.4 171.3 170.8 172.2 173.9 175.4 176.8 176.1 177.1 180 184 188.2 191.1 193.3 195.2 196.6 197.9 198.7 198 196.6 194.7 192.9 190.8 189 187.4 185.2 184.6 184 182.9 181.6 179.5 178.6 178.1 176.8 175.5 172.9 169.7 168.8 165.3 154 151.2 133.1 130.4 134.4 137.5 140.5 144.2 148.4 152.4 157.4 163.5 167.7 170.8 174.7 178.4 182.3 186 188.9 191.9 195.5 199 201.4 202.3 202.6 202.8 200.8 197.9 191.7
151 152.6 154.1 155.2 156.5 157 157.7 157.4 158.8 160.2 162.1 164.2 165.1 165.4 166.6 167.1 168.5 168.7 168.8 165.1 167 164.6 164.2 165.4 167.4 170 170.6 173.8 177.4 183.3 186.3 188.6 190.7 193.1 194.5 195.2 196.3 196.3 194.9 193.6 191.3 190.1 187.4 185.3 181.8 181 180.2 179.9 178.4 176.5 174.6 173.1 172.6 172 171 169.1 165.9 159.9 149 133.3 126.7 127.8 131.8 135.9 139.4 142.6 146.5 152.1 158 164.2 167.9 171.5 174.8 176.9 180.5 184.1 187 189.9 192.9 195.9 199.2 200.5 201.5 201.8 200.9 198 194.3 187.9
148.3 149.9 150.6 151.5 151.6 149.3 149.6 152.6 153.8 154.9 156.2 158.6 160.1 161.3 162.3 162.7 163.8 164.3 164.6 160.1 158.6 155.5 159.1 161.2 165.3 169.1 173.9 177.4 181.2 186.8 189.2 190.5 191.7 193.9 195.5 196.5 196.6 194.1 192.7 191.3 187.9 186.8 182.6 179.6 176.5 176.4 175.9 175.4 174.3 172.5 170.7 168.9 168 167.8 166.5 164.7 162.2 154 143 132.9 125.2 129.6 134.6 138.1 141.2 145.8 151.6 158 162.9 167.2 170.7 173.7 176.9 179.2 182.1 185 187.9 190.8 193.8 196.8 198.7 199.9 200.5 200.2 199.1 196.4 191.3 185.1
142.9 145.3 145.8 144.9 143.2 144.1 141.8 142.2 144.5 147.1 149.2 151.6 153.7 155.2 156.4 157.9 159.2 159.3 158 148.3 149.2 153.8 158.3 166.3 170.4 172.8 178.3 181.1 184.5 187.8 190.6 192.3 193.5 195.1 196.7 197.4 195.6 193.1 189.4 186.7 183.4 179.2 175.6 172.8 171.3 171.3 171.7 170.9 170 168.7 166.9 165.1 164.1 163.8 162.7 160.7 157.6 151.4 138.1 124.1 126.6 132.4 136.4 139.7 144.8 151 157 162.3 165.7 169.3 172.2 175.3 178.4 180.8 183.3 186.1 188.9 191.8 194.5 197 198.7 199.8 199.1 197.9 197.1 192.8 187.5 182.3
130.9 135.2 133 130.5 128 128.6 128.5 129.3 131.2 136.1 137.9 140.3 142.7 142.3 143.8 149.7 151.4 148.6 145.9 144.4 150 153.9 158.2 165.3 171.4 175.7 179.4 182.6 185.8 188.6 191.4 193.3 194.3 195.3 196.7 196.4 193.9 191.5 188.4 185.8 180.9 177.3 172.1 168.6 166.7 167.2 167.5 166.6 165.3 164.1 162.8 161.4 160.2 159.9 159.4 157.3 153.4 138.9 124.5 122.3 131 138.1 141 144.4 149.3 155.2 160 163.5 167.1 170 172.8 175.9 178.7 181.6 185.4 187.4 189.9 192.2 194.2 197.2 198.6 199.1 198 196.6 194.1 188.1 182.8 176.9
108.7 111.4 110.2 109.7 113.1 112.7 114.1 114.7 117.5 121.9 124.9 126.3 130.5 128.1 130.8 132.6 133.9 139.1 142.9 147.6 151.3 154.7 158.2 164.1 171 175.6 179.9 183.4 186.4 189.2 191.8 193.5 194.1 194.7 195.3 195.1 192.5 189.9 187.3 184.6 180.9 175.6 170 165.4 162.7 162.4 163.3 163.1 162.1 160.6 159.1 157.6 156.4 156.2 155.5 152.3 134.6 128.7 120.4 128.3 138.1 142.5 145.9 149.3 152.7 157.7 161.1 164.5 167.7 170.6 173.6 176.3 178.6 181.4 184.3 187.5 189.8 192.2 194.6 196.8 198.3 198.3 197.1 194.8 190.7 183.6 177.3 173.1
86.5 91.5 99.4 108.1 112.6 116.8 122.6 129.1 132.3 131 129.7 130.2 135.7 138.3 141.1 142.9 143.2 147.1 148.9 152.7 155.6 157.4 159.9 163.8 170 174.7 179.5 182.6 186.1 188.8 191 192.7 193 193.5 193.3 192.2 190.1 187.7 185.5 183 179.5 174.6 168.1 163.4 158.8 155.7 158.8 159 158.5 157.3 155.7 154.1 152.8 152.2 151 140.3 120.9 118.8 124.5 133 140 144.4 148.2 151.1 154.5 157.7 161.8 164.7 167.3 170 173 175.4 177 180.9 183.9 187 189.2 191.7 194.3 196.1 197.5 197.2 196.1 193.5 186.3 178.3 172.7 168.6
113.3 116.6 122.6 133.3 138.4 144.1 146.9 150 150.1 150.5 147.6 148.2 150.4 152.1 154.2 156.7 158 158.8 158.7 159.6 162.7 164.7 164.9 165.5 169.3 173.1 177.4 181.5 185.6 188 190.2 192 191.9 192.1 191.1 189.1 187.5 185.9 183.8 181.7 177.1 172.5 166.2 160.8 156.6 151.4 153.8 154.2 154.2 154.4 153 151.1 148.6 147.6 146.7 127.8 118.1 120.8 131.7 138.6 143 146.4 149.9 152.8 155.7 158.7 161.7 164.4 167 169.5 172.1 174 176.8 180.2 183.2 186.2 188.6 191.2 193.7 195.2 196.6 195.9 194.3 189.6 181.1 173.5 167.7 162.1
132.1 139.9 146.8 151.7 154.7 156.6 158.8 160 160.8 161.2 161.4 160.2 161 163.3 166 167.2 168.2 169.1 169 169 170.2 171.8 171.8 171.3 171.7 175.9 179.8 182.5 184.7 187.1 189.4 191.2 190.9 190.7 189.1 187.6 185.6 184 182.8 179.2 174.6 169.4 163.7 158.8 154.8 149.3 147.1 148.9 149.8 150.7 150.2 148.7 145.6 141.9 142.9 122.1 117.5 123.2 135.3 140.7 144.2 147.3 149.6 152.3 154.9 157.6 160.7 163.5 165.9 168.2 170.4 172.4 175.3 178.9 182.4 185.2 187.9 190.4 192.8 194.2 194.8 193.5 190.1 183.7 174.9 171.2 162.8 153.6
141.6 148.6 154.6 158.7 161.6 164.5 166 167.1 167.9 168.3 168.2 169.1 170.1 172.4 173.9 175.1 176.3 177 177 177.2 178.1 178.5 178.3 178.4 178.7 179.6 182.3 184.8 185.5 187.4 189.7 190.8 190.4 189.8 187.7 186.2 183.9 182.1 181.4 176.5 172.1 166.2 160.4 156.3 152.8 146.8 140.4 142.8 144.2 145.3 146.5 144.9 141.9 139.2 138.4 117.3 117.3 122.8 134.6 140.3 144.1 146.6 148.7 151 153.7 156.5 159.3 162.1 164.3 166.5 168.9 171.6 173.9 177.5 181 184.2 186.9 189.3 191.8 192.7 192.5 190.1 185.2 178.5 173.9 167.2 155 145.2
146.6 153.5 158.6 163.4 166.4 168.9 171 172.2 173.1 173.3 173.3 174.2 176 178.2 179.9 181.3 182.4 183.2 183.6 184.1 184.7 184.7 184.7 184.5 184 184.1 185.2 186.9 187.4 188 190.1 190.5 190 189.3 187.1 184.9 182.4 180 176.7 173.2 168.8 161.9 156.4 153.4 150.4 144.5 139.2 137.1 137 139.9 141.3 139.7 135.4 134.8 132 115.1 117.7 122.5 132.9 138.6 142.6 145.7 147.8 149.7 152.4 155.1 157.8 160.3 162.5 164.9 167.6 170.3 173.2 176 179.5 182.9 186 188.4 190.5 191 190.1 187.3 181.5 175.5 170.7 162.2 149.8 138.8
150.9 156.5 161 165.6 169 171.2 173.4 175 176.5 178 178.2 178.8 180.4 182.2 183.9 185.2 187 188.2 188.3 188.6 189.7 189.9 189.6 189.4 189.2 189.2 188.7 188.8 188.9 189.8 190.4 190.5 189.8 188.8 186.6 184.6 182.4 178.7 173.9 169.9 165 158.5 152.2 149.7 147.7 144 139.1 134.4 130.5 129.8 131.5 132.3 129.9 131 123.1 114.1 117 122.4 131.4 136.4 140.1 143.7 145.8 147.6 150.4 153.2 155.9 158.4 161 163.7 166.3 169 171.8 174.8 178.1 181.5 184.9 187.4 188.8 188.8 187.6 183.3 178.6 172.8 166.5 158.2 144.2 130
153.4 158.6 162.9 166.4 169.5 172.4 174.9 177.2 178.8 180.4 182 182.6 183.9 185.3 186.9 188.6 190.2 191.9 192.5 192.9 193.6 194.2 193.8 193.5 193.1 192.4 191.6 190.7 190.2 189.8 189.9 190.2 189.3 188 186.4 184.4 182.4 179.2 174 166.6 159.7 153.8 149 146.4 145.6 143.4 139.6 135.1 130.6 125.8 122.3 122.4 125.9 131.2 119.8 113.4 116.7 122.2 129.8 133.9 137.4 140.4 142.5 145.1 147.7 150.3 152.7 155.3 158 161.2 164.5 167.7 170.5 173.7 177.4 180.6 183.9 186.4 187.6 186.3 184.5 180.7 175.6 169 162.3 152.6 136 126.9
154.5 159.3 163.2 166.6 169.7 172.5 175 177.4 179.5 181.8 184.2 185.7 187 188.3 189.8 191.2 192.6 194.3 195.7 196.1 197 197.8 197.8 196.8 195 194.1 193.2 192.3 190.8 189.2 189.2 188.9 188 186.7 185.4 184 182.1 178.5 175.7 169.2 159.4 151.6 146.9 143.3 142.5 141.2 138.5 135.5 131.4 127 121.6 116.7 119.3 124.7 112.5 112.8 118.4 123.1 128.1 132 135.2 136.4 138.4 141.2 144 146.7 149.2 151.8 154.3 157.6 161 164.5 168.2 172.2 175.9 179.3 181.9 185.3 184.3 184.1 182.3 178.2 171.8 163.9 157.5 146.4 130.1 126.2
155.2 159.3 162.9 166.4 169.3 172.1 174.6 177.1 179.5 181.8 184.1 186.7 187.9 189.8 191.7 193.4 194.8 196.3 197.5 198.8 199.6 200.2 199.6 199.5 198.1 195.8 195 192.8 190.2 188.6 188 187.5 186.7 185.4 184.2 182.9 181.5 179.6 176.4 171.3 164.1 154 145.7 141.4 137.8 136.7 135.7 133.3 130.8 126.6 120.6 115.9 114 111.5 111.3 115 118.7 122.5 126.2 129.2 128.3 131.2 135.1 137.5 140.2 143 145.6 148.8 151.9 155.1 158.4 162.4 166.5 170.4 174.3 177.7 180.6 182.1 184 183.1 181.2 175.4 167.7 161.2 152.4 139.9 126.6 125.3
155 158.4 161.8 165.2 168.4 171.4 174.2 176.7 179.2 182.1 184.9 187.4 189 190.9 192.9 194.8 196.6 197.8 198.9 200.2 201.2 201.4 201.5 200.5 198.8 196.5 195.3 192.5 189.8 187.4 186.7 186.3 185.5 184.2 182.9 181.7 179.8 178.5 175.4 171.3 165.8 158.4 151.1 141.3 133.6 132.6 131.1 129.5 127.5 124 118.5 112.9 111.6 109.9 110.3 115.3 118.3 121.4 123.4 125.1 126.3 128.8 131.1 134.6 137.6 140.4 143.7 146.9 149.9 153.2 157.1 160.7 164.7 168.7 172.8 176.2 179.8 182.1 183.2 182.1 178.9 172.7 165.2 156.6 151.8 143.8 126.1 126.2
154.9 158.1 161.4 164.3 167.4 170.4 173.5 176.5 179.3 182.4 185.5 188.2 190.1 192.1 194 195.9 197.7 198.9 200.2 201.2 201.8 202.3 202.5 201.8 200.4 197.2 195.3 192.3 189.3 186.1 185.2 184.2 182.8 181.9 180.9 179.9 178.5 176.6 174.2 170.3 166.2 160 152.9 142.8 133.6 128.9 126.6 125.3 123.5 119.8 114.9 111.1 109.9 109.1 109.8 114.3 116.8 118.5 120.4 121.7 123.5 125.9 128.7 132.3 135.4 138.6 141.9 145.1 148.5 151.8 156.3 159.9 163.9 167.8 171.7 175.8 179.4 181.8 182.5 179.8 176.5 171 163.6 154.7 149.9 143.1 126.3 126.5
154.9 157.8 160.5 163.2 166.6 169.7 172.8 175.8 178.7 181.9 184.9 187.6 190.3 192.2 194 195.9 198.1 200 200.9 201.9 202.4 202.9 203.2 202.2 200.6 198.8 195.9 193.2 189.4 185.5 183.1 181.6 179.9 178.5 177.7 175.4 175.6 173.7 171.6 167.2 163.7 159.4 152.2 143 133.7 128.5 124 121.1 118.4 115.9 113.8 110 108 108.1 109 111.3 113.5 115.6 118 119.9 122.1 125 127.9 131 134.3 137.6 141.1 144.5 148 151.3 155.6 159.5 163.8 168.6 172.7 176.4 178.6 180.5 180.6 178.9 175 169 162.6 153.3 144.9 130 121.8 125.7
153.9 157 159.6 162.2 165.8 169 172 175.1 177.9 180.6 183.4 186.2 189 191.7 194 196.1 198.2 199.5 200.7 201.8 202.7 203.3 203.6 202.6 200.8 199.2 198.1 195.9 190.9 186.5 182.7 180.5 178.5 175.1 170.3 171.3 171.6 169.2 166.2 163.7 161.4 158.2 150.7 142.2 133.9 126.9 121.8 118.2 115.7 113.5 111.7 109.1 106.3 106.1 108.4 110.6 112.3 114.8 117 120 122.6 126.4 128.9 132.2 135 138.1 141.4 144.7 147.9 151.7 155.7 159.8 164.5 169.2 173.6 176.1 177.8 178.5 177.6 175.7 170.9 165.1 157.8 148.3 132.4 120.5 121.6 126.2
152.9 155.7 158.6 161.3 164.8 168.3 171 173.6 176.4 179.1 181.8 184.7 187.5 190.3 192.7 194.8 196.5 198.7 200.2 201.4 202.3 202.6 202.9 202.4 200.6 198.9 197.3 195 192 187.8 183.5 180.3 177.9 174.9 173.9 163.6 163.3 161.5 161.1 160.2 158.8 153.4 146.5 139.6 131.8 126.7 122.1 117 113.9 111.8 110.1 109 104.7 105.5 107.7 110.8 114.7 117.6 120.1 121.5 123.8 127.4 130.7 133.5 136 139.2 142.3 145.4 148.7 152.2 156.3 160.6 165.1 169.5 173 175.1 176.9 177 175.5 172.8 167.6 160.1 150.8 139.5 121 120.4 122.6 129.4
150.7 153.3 156.5 159.6 163.4 166.7 169.3 172 174.8 177.6 180.4 183.1 185.7 188.2 190.8 193 194.8 197 199.2 200.8 201.8 202 202.2 201.8 200.4 198.5 196.6 194.7 191.7 188.6 184.1 180.6 176.4 173.6 169 165.1 153.8 152.2 154.6 153 152.2 145.6 139.2 133 129.6 125.9 120.6 117.3 114.7 111.3 108.1 105.7 104 105.4 110.2 114.7 118.8 118.5 121.4 123.7 125.4 129.3 131.7 134.5 137.1 140.2 143.3 146.7 150.2 153.4 157.6 161.7 165.9 170 172.3 174.3 175.4 175.3 173.3 170.9 165.1 158 146.5 129.1 116.8 119.5 128.5 130.9
