public/OST50/SX17.asc
ncols 200
nrows 200
xllcorner 210000
yllcorner 70000
cellsize 50
[rows 140 to 174 of 200, columns 0 to 77 of 200]
91.6 91.9 92.8 100.6 109.5 114.9 112.7 108.2 102.7 102.8 108.2 116.2 121.6 126.5 129.2 129.7 125.7 120.1 118.8 121.4 129.4 143.6 153.9 157.6 161.4 163.4 165.6 169.3 172.3 174.9 176.6 180.4 183.1 185.1 187.7 190.6 193.3 197.6 203.9 208.6 212.4 214.5 218.8 223.9 228.4 234.4 239.4 244.6 249.1 253.2 255.9 258 260 261.6 263.5 265.2 266.2 267.3 268.4 269.6 269.8 269.4 268.2 265.9 263.4 260.1 255.8 248.8 240.1 233.2 229.9 226.8 224.9 225.2 227.6 231.3 232.4 232.1
89.1 90.9 101.8 114 126.3 130 127.2 121.3 115.6 109.1 103.5 105.4 107 112.8 118.1 113.6 113.8 114.9 118.9 121.5 131.6 144.4 155.1 161.4 166.4 169.5 171.3 174.4 176 177.9 180.5 183.7 187.8 191.2 193.6 194.6 198 204.8 209.8 213.9 217.8 221.3 224.1 228.2 232.8 237.8 242.5 246 249.4 253.2 256.5 258.4 260 261.4 263.2 264.4 265.5 266.7 267.8 268.8 268.8 268.4 267.2 264.9 262.2 259.2 255.3 249.6 241.9 236.1 230.9 227.4 224.7 224.9 230.7 232.5 231.9 230.1
97 107 118.2 128.6 137.9 141.6 139.7 133.7 126.2 123.3 118.7 116.4 112.7 108.8 109.1 112.3 114.4 115.8 117 123.8 134.6 146.1 155.3 161.7 167.5 172.7 176.3 178.6 180.8 183 185.6 189.3 193.2 196.3 198.6 203.3 205.2 209.5 214.5 218.4 222.4 225.6 228.6 232 237.3 242.8 246.6 250.2 252.5 254.3 256.4 258.3 260 261.3 262.4 263.4 264.4 265 266.5 267.3 267.2 266.8 266 264 261.6 258.4 254.1 250.1 246 240.8 235.4 229.1 223.4 222.9 230.2 231.6 231.3 228.7
116.4 125.8 135.9 143.8 149.3 152.6 152.9 146 137.2 132.6 128.9 126.1 124.6 120.4 117.9 112.9 115 117.9 121.7 128.7 135.8 145.7 153.8 160.3 167.3 172.3 176.9 180.4 184 187.7 190.2 193 197.6 203.7 207.2 209.6 211.4 214.1 217.6 221.5 225.5 228.7 232.3 235.4 241.5 246 250 253.2 255.6 256.9 257.4 258.5 259.4 260.7 261.6 262.4 263.4 264.3 265 265.7 265.8 265.4 264.5 263.2 260.5 257.5 251.3 251.2 247.1 243.9 237.5 231.3 225.3 219.1 226.4 229.5 229.9 228.5
137.5 143.1 147.3 152.3 156.2 158.6 159.6 157.2 150.8 144.2 141.6 138.2 134.2 128.8 125.2 115.7 116.4 122.2 127 131.4 135.9 145 153.1 159.2 163.9 169.8 175.9 181 185.5 189.7 193.4 196.9 205.5 208.7 210.5 213.2 214.6 217 219.9 222.7 226.1 229.9 233.9 237.6 242.6 247.8 251.8 254.7 256.9 258.3 259.3 258.9 259.2 260 260.8 261.7 262.2 262.7 263.4 263.9 264.1 264.1 263.2 261.5 259.5 256.3 252.6 249.9 247.1 243.4 238.5 232.8 226.5 218.9 219.1 225 227 226.8
144.2 148.8 154 157.7 161.3 163.3 163.7 162.8 160.2 155.2 152.6 149.9 144.9 140 131.1 122.9 117.7 125.1 129.4 133.4 137.2 142.9 150.7 156.8 162.1 165.7 173.9 180.4 185.6 191.1 195.4 200.1 206.7 210.4 212.3 214 215.6 218 220.4 223.1 226.2 229.4 233.8 238 243 247.3 252.4 255.2 257.3 258.6 259 259 259.3 259.7 260.5 260.8 261.1 261.5 261.9 262.2 262.8 262.6 261.9 260.6 258.4 255.2 251.4 248.7 245.1 242.1 238 231.3 223.2 217.2 215.2 217.3 222 222.6
148.1 152.8 157.4 161.1 164.3 165.9 166.3 165.8 164.5 163.3 160.7 158.1 153.6 148.4 137.1 128.6 120.7 120.7 127.7 131.4 136.1 141.7 148.1 154.6 163.1 164.5 171.6 178.2 184.6 190.3 195.9 200.5 205.8 210.8 212 213.6 215.1 217.3 219.2 222.3 224.7 227.8 231.6 236.2 241.8 246.5 251.4 254.5 256.9 257.9 258.9 259.2 259.4 259.7 259.8 259.9 259.6 259.4 259.9 260.5 260.8 261.1 260.7 259.4 257.1 254.5 250.7 246.8 242.9 240.1 236.3 231.1 223.2 216.7 214.2 213.8 213.2 212.9
151 155.3 159.6 163.3 166.5 168 168.7 168.3 168.1 167.6 166.2 164.1 160.4 154.4 145.1 134.7 128.3 123.3 122.7 127.5 133.2 138.8 144.5 151 156.7 162.8 167.8 174.5 181.5 188.8 194.8 199.5 202.7 207.1 210.7 213.5 215.5 217.7 219.1 220 222.7 225.9 229.8 234.8 239.7 244.7 249.3 252.7 255.9 258 259.2 259.8 259.6 259.4 259.4 259 258 257.8 258.1 259 259.6 260.1 260 258.3 255.3 253.6 249.8 246.4 242.8 238.3 233.3 228 221.8 216.5 213.6 215.1 214.7 213
152.9 157 160.3 164.6 166.9 168.7 169.5 169.5 169.8 169.6 169.2 167.9 166 160.5 154.7 145.8 136.6 129.7 126.1 126 129.6 135.4 141.1 148 154.3 160 165.1 171.6 179.3 186 192.2 197.5 202.3 206 209.5 213.4 216.2 217.8 218.3 219 220.4 222.9 227.2 231.9 237.1 242.3 246.3 251.6 254.8 257.9 259.6 260.1 260.2 259.5 259.1 258.6 257.6 256.3 256 257.2 258.5 259.1 258.9 255.8 256.2 253.8 250.1 246 241.7 237.4 232.1 224.8 218.8 216.3 214.9 218.7 223.8 224.6
154.1 157.1 160.4 163.9 166.2 168.2 169.2 170 170.6 171 171.1 170.2 168.7 165.1 161.5 158 153.4 139.7 130.8 127.3 129 133.6 139.9 145.7 151.4 157.4 163.3 169.8 176.8 183.2 188.4 195.4 200.5 204.9 208.4 212.7 215.9 217.4 217.5 217.2 218 220.2 223.8 228.9 234 239 244.3 248.8 253.7 256.7 258.7 260 260 259.8 259.5 258.8 258.1 256 254.8 255.4 256.7 257.4 256 257.6 256.4 253.4 250.2 245.7 239.5 234.6 228.6 222.5 219.1 215.8 216.5 221.9 226.6 227.6
154.6 157.3 160.3 162.8 164.7 166.7 168.3 169.4 170.7 171.7 172.1 171.9 171.3 169.5 167 165 160.9 153.6 140.2 132.3 131.2 132.6 138.1 143.1 149 154.6 160.5 167.1 174.1 179.8 186.7 193.7 198.8 203.2 206.9 210.5 214.1 216.3 215.8 215.3 215.4 217.8 221.8 225.7 230.3 236.6 242.1 247.6 251.9 255.4 257.4 258.9 258.9 258.9 258.3 258 256.8 255 253.5 253.3 253.9 255.8 256.1 256.1 255 253.2 250.2 245.8 239.6 232.7 226.7 222.6 218.8 217 217.4 222.9 226.6 228.4
152.4 156.2 158.4 160.3 162.1 164.5 166.7 168.8 170.8 172.3 173.1 173.4 173 172.1 170.1 168.6 165.5 159.6 149.9 138.5 135.5 133.8 136.5 141.2 147.2 152.2 157.7 164.2 171.7 177.7 183.7 189.5 196 200.5 204.4 207.9 210.7 213.4 213.6 211.6 212.2 215.7 219.5 223.8 228.1 232.7 240.2 245.8 250.7 254.1 256.1 257.3 257.6 257.7 256.7 256 253.7 252.7 253 252.4 252.2 253.6 254.3 254.6 253.5 252 249.5 245.3 238.8 231.8 226.5 221.9 219.7 217.7 218.1 222.3 225.1 226.7
150.5 152.8 155 157 158.9 162 165.5 167.9 170.4 172.3 173.7 174.4 174.5 174.2 174 173.2 169.3 164.4 154.8 144.9 141 138.8 136.2 139.6 144.2 150.2 155.4 160.4 168.4 174.7 180 186.2 191.1 197.6 201.7 205.6 206.1 206.5 208.4 207.1 207.9 211.7 215.8 222.6 227.5 232.7 239.2 245.3 249.1 251.7 254.2 255.4 255.3 255.1 253.5 252.5 252.3 250.5 248.9 248.8 249.4 251.4 252.3 252.4 251.8 250.3 248.4 244 239.1 233.1 226.4 221.9 219.8 218.2 218.8 220.5 222.6 224.6
146.6 149.4 150.5 153.5 156.9 160.3 164.5 167.2 170 172.3 174.4 175.1 175.6 175.9 176.7 177 175.1 170.5 160.5 150.9 146.8 144.1 142.5 139.9 141.2 147.1 152.4 157.3 163.7 169.9 176.2 182 187.9 193.1 197.7 200.8 202.5 203.1 201.5 201.9 204.2 208.6 214 220.6 226.8 233.4 239.1 243.6 247.1 249.3 251.7 252.8 252.6 250.8 251.2 251.1 250.2 249 248.5 247.6 246.8 248.4 249.5 250 249.3 248 245.7 242.1 237.4 233.8 228 222.8 220.2 218.7 219.3 220.5 222.6 224.2
142.2 143.8 146.4 149.4 154.9 159.4 163.3 166.6 169.7 171.9 173.7 175.5 176.5 177.7 178.2 180 179 176.7 169.2 158.7 153.7 150.2 148.2 146.2 141 144.1 149.1 154 158.6 165.3 171.6 178 183.5 187.8 192.3 195.6 197.4 197.5 196.8 198.2 200.4 206.1 211.4 219.8 226.8 232 237.4 241.7 245.3 247.8 250.5 249.8 248.8 250.6 249.9 249.7 248.7 248.5 248.1 246.9 245.7 245.1 246.7 246.5 246.2 244.8 242.4 239 235.8 233.2 229 222.9 220.3 219.3 220.7 222.5 224.6 225.6
136.9 139.1 142.7 147.1 152.2 156.5 162 165.8 168.4 170.8 173.2 175.2 176.3 178.4 180.4 182.3 183 182.8 179.5 172.2 163.3 159.4 155.4 152.3 150.3 147.2 146.2 148.7 155.1 160.9 166.7 172.7 177.8 180.9 184.8 188.7 190.5 191.8 192.3 195.1 197.5 204.5 210.2 217 224.5 230.3 235.7 239.2 243.1 246.2 245.6 250.2 250.9 250.5 249.8 249.4 248.6 248.2 247.3 249.7 245 244.1 242.7 242.9 242.4 241.3 238.7 235.9 233.5 232 228.9 222.3 219.9 220.5 222.2 226.3 229 229.9
130.8 133.5 138.7 143.9 148.6 153.1 158 160.9 165.9 169.1 172.1 174 176.1 178.1 180.7 183.5 184.9 185.4 184.2 180.4 173.9 170.4 165.8 162.1 158 154.6 150.9 147.6 151.2 156.1 161.3 166.9 171.3 173.9 178.5 181.8 184.3 187.8 190.6 192.8 196.8 203 208.9 216.5 223.3 229.6 233.9 237.7 241.1 241.9 248.8 251.6 252.1 251.1 250.1 249.9 247.6 247.6 250.6 250.3 245 244.5 242.6 240.7 238.5 236.6 235.5 232.9 231.1 229.3 225.4 222.1 220.6 221.9 227.9 231.8 233.8 235
125.4 131.2 135.6 140.3 145.3 149.4 153.3 156.7 160.8 165.9 170.4 173.1 175.8 177.6 180.7 183.5 185.7 187.1 186.5 185.3 182.8 181.3 180.2 173.1 167.8 163.1 159 156.1 150.7 152.9 156.8 161.5 165.5 170 175.2 179 182.2 185.2 188.3 192.4 195.6 200.4 208 215.6 221.9 226.5 231.1 235.3 238.2 245.1 249.8 252.5 253.5 252 250.6 248 247.6 247.6 249.1 247.7 245.9 245.4 244.3 242.4 240.3 237.3 233.5 231.7 229.4 227 225.3 222.3 222.3 226 235.4 238.7 239.7 240.4
120.5 125.6 131 135.7 140.4 144.5 148.4 152.7 157.6 162.5 167.3 171.6 174.1 177.8 180.5 183.2 185.4 187.4 187.5 187.8 188.3 188.7 188.1 184.8 180.8 175.6 170.3 166.5 162.9 159.3 154.7 157.9 162.8 167.6 172 175.9 179.8 183.8 187.6 191.2 194.5 198.7 204.8 212.1 219 223.4 228.7 234.1 240.1 244.8 250 253.5 255.3 254.2 252.3 250.3 250.3 250 250.2 249.2 247.7 246.4 245.2 243.4 241.4 238.6 233.9 231 229.2 227.3 225.4 223.6 223.4 230.1 237 240.6 242.2 243.3
122.1 124.5 127.4 130.5 135.6 140.2 145.1 149.6 154.9 160.2 165.3 169.3 173.7 177.1 180 182.3 184.5 186.2 187.4 188.7 190.8 192.6 193.1 191.8 189.9 187.4 182.7 179.2 173.5 166.7 163.4 160.2 163.2 168.2 170.4 174.7 179.1 183 186.8 189.8 194.5 198.2 203.4 209.9 214.2 220.9 226.8 229.9 239 243.9 250.5 255.5 257.6 256.2 254.1 252.6 251.7 252.3 252.5 250.8 249.3 247.5 245.5 243.1 241.3 238.5 234.8 230.8 229.1 227.5 225.9 224.8 224.9 229.4 236.6 240.2 242.8 244.2
130.1 132.3 133.6 134.6 136.1 138.7 143.1 147.7 153 158.4 163.4 167.9 171.9 176 178.7 181.1 182.5 184 186.1 188.4 190.8 193.8 195.7 195.9 195.3 194 191.8 188.7 186.7 178.1 170.4 166.9 161.7 168.3 171 174.3 177.7 182.1 186 189.3 192.8 196.7 201.4 206.7 210.6 218 225.4 231.5 238.5 243.9 251.7 257.6 259.9 259.4 255.9 254.3 253.9 255.1 254.8 253 250 248.1 245.3 242.4 240.3 238 234.7 230.8 228.9 227.8 226.2 225.9 226.9 229.6 234.4 239.2 242.4 244.8
135.3 138.3 141.1 142.5 140.9 139.8 143.3 146.9 152 157.2 162 166.2 170.5 173.6 176.8 178.6 180.5 181.6 183.6 185.6 188.4 193.3 196.4 198.6 199.1 199.1 198.1 195.6 192.3 187.6 180.2 173.3 169.5 168 172.6 175.2 177.8 181.6 185.6 188.7 191 195.5 200.2 203.9 208.3 215 221.3 230.2 238.3 245.9 253.3 260 261.2 260.6 257.8 255.6 255.7 256.6 256 254.3 251 247.8 245.7 242.5 239.2 236.5 232.9 230.7 228.6 227.5 227.7 227.6 228.2 230.2 234.5 239.1 244.4 246.4
138.1 141.3 144.9 145.3 145.1 144.2 145.2 148.5 151.8 156.8 161.3 164.5 168.4 171 173.4 174.8 177 179.1 181.9 183 187.4 191.3 194.9 198.3 200.5 202 202 200.1 197.9 194 188.7 182.4 175.2 172.7 171 176.2 179.3 181.8 185.4 188.6 190.4 195.3 199.4 202.3 208.6 213.8 220.6 228.9 237.3 246.5 254.9 261 261.4 260.2 258.4 256.2 256.6 257 256.4 254.9 252 248.6 245.4 242.7 238.8 236 233.5 230.2 229.2 228.8 229 229.1 229.1 230.1 235 241.6 244.9 247.1
140.6 144.2 147.4 147.8 147.3 147.6 148.6 150.2 153 156.7 159.6 162.2 165.8 168.2 169.8 171.2 173 174.8 177.7 180.1 183.2 187.4 191.6 195.6 199.6 202.1 203.7 203 201.8 199 194.9 189.9 182.7 177.5 175.2 176.9 179.8 182.7 185.3 188.7 190.7 193.3 198.4 201.8 206.5 213.2 218.8 227.8 235.3 243.9 254.5 259.5 260.1 258.7 256.7 255 256 256.8 256.3 255.3 252.6 248.2 245.2 243.1 239.5 236 233.3 230.5 230.4 229.6 230 229.9 230.5 231 235.8 240.7 244.5 246.9
143.9 147.4 149.4 150.6 150.1 150.2 150.4 151.2 153.6 156.5 158.9 160.7 163.5 164.7 165.3 166 168 169.9 171.5 176.3 179.2 183.2 188.2 192.2 196.7 200.6 203.2 204.3 204.7 203.4 200.2 195.7 190.4 184.3 180.5 178.8 179.3 182.2 185.3 188.7 191 193.1 197.2 201.2 205.3 210.7 216.4 223.5 230.4 238.7 251.1 258.2 257.2 254.9 253.2 252.8 254.6 255.4 255.6 255 252.9 249.2 247.1 244.3 240.9 237.8 234.2 231.4 231.5 233.9 232.3 231.1 231.6 232.6 235.3 240 244.1 246.9
145.3 148.3 149.8 150.4 150.1 150.7 151.4 151.9 153.8 155.5 157.2 158.6 159.9 160.5 160.8 160.9 161.7 164.7 166.5 172.3 174.6 179.6 184.2 188.3 193.2 197.6 201.5 204.6 206.6 206.1 204.6 201.7 196.8 193.2 188.8 184.9 183 183.7 184.9 187.9 190.5 193.5 198.4 201.1 204.9 208.4 212.9 218.2 224.6 231.4 246.1 247.8 248.4 248.9 248.5 250.2 252.2 253.5 254.4 254.5 252.8 250.2 247.4 244.9 241.8 239.2 235.7 233.3 236.6 237.5 236.4 232.4 231.6 232.2 236 239.2 243 246.2
145.3 146.6 147.3 147.8 148.1 149.4 150.9 151.5 151.7 152.1 153.5 154.4 156.2 156 155.6 155.7 156.9 159.4 163 167.1 170.4 174.7 180.4 184.5 188.8 194.4 199.7 204.1 206.9 207.8 207.6 205.4 203.1 199.9 197.1 193.4 190.4 189.5 188.3 189.1 190.3 193.1 198.7 200.1 203 206.6 210.5 214 218.8 223.7 231.1 237.6 240.5 242.3 243.9 246.4 249 251.7 252.9 253.4 252.3 250.3 247.8 244.7 242.2 239.6 236.2 235.9 238.4 239 238.6 235.7 233.5 232.9 236.2 239.8 243.7 246.1
142.6 143.5 144.2 145 145.6 146.2 147.3 147 147.1 147.8 147.6 148.7 150 150.5 150.1 150.4 152 154.5 157.6 161.8 166.5 171 176 181 185.9 191.4 197.5 202.6 206.8 208.5 209.5 208.6 207.2 205.8 202.6 199.3 196.3 194.5 192.7 191.3 192.2 193.9 195.6 199.3 201.6 205.4 207.9 209.7 213.5 219.2 224.9 229.9 233.6 235.9 238.8 242.5 246.2 249.9 251.7 252.5 251.8 249.9 247.4 244.7 242.8 240.6 238.4 237.8 239.8 240.1 240.1 239 235.8 235 238 241.2 244.1 246.9
138.1 139.7 140.9 141.6 142.8 143.8 144 143.5 142.5 139.4 138.8 139.3 140.4 142.7 143.7 146.6 149.4 151.5 153.8 157.7 161.3 166.4 172.6 178.5 184.1 189.4 194.5 200.7 205.5 208.9 210.5 211 210.4 208.6 206.4 203.5 201.2 198.6 196.9 192.9 193.2 194.4 196.6 196 200.5 202.4 204.5 206.2 209.1 214.8 219.8 223.8 227.1 230 234.5 240 244.7 248.5 251.8 251.9 250.8 249 246.9 245.3 243.3 241.5 240.3 240.2 240.9 241.4 241.5 240.6 238.5 237.5 239.4 242.5 245.9 249.1
131.1 132.8 135.3 137.8 139.3 139.9 140.4 135.8 133.4 133.4 135 138.1 142 145.8 149.6 152.2 153.6 155.3 157.9 160.2 160.8 163.1 171.2 176.7 182.7 187.9 192.7 199 204.3 208.5 210.4 211.8 211.7 211 208.9 207 204.6 202 199.4 196.6 194.6 195.8 194.4 195.3 196.8 198.3 200.5 203 205.8 209.8 214.3 218 222.4 226.3 232.4 239.6 245.6 249.8 252.4 252.7 251.4 249.3 247.1 246 243.8 242.3 242 242.4 242.6 242.9 242.9 242.1 240 239 241 244.8 248.6 251.9
119.4 124.8 129.4 132.1 133.2 129.7 127.7 128.4 130.6 133.4 137.4 142.4 146.1 149.7 153.3 157.3 161 163.8 165.9 167.5 168 165.3 169.9 175.9 180.8 186.4 191.5 197.6 203.1 207.3 210.8 212.7 213.3 212.9 211.9 210.1 207.3 204.3 201 198.6 196.5 194.4 193.5 193.9 194.8 196 197.7 200.3 203.1 206.3 210.1 214.4 219 224.3 231.8 239.4 246.1 251 253.4 253.7 252.5 250.4 248.2 246.3 244.3 243.4 244 244.9 245.6 245.9 244.8 243.4 241.4 241 244 248.5 251.7 255.4
111.2 115.3 119.2 121.1 121.9 124.2 130.4 135.2 138.9 137.6 138.8 142.1 146.1 150.4 154.1 158.9 164 167.5 171.8 174.2 175 171.8 170.9 176.6 181.6 186.4 191.9 197.3 201.8 206.7 209.7 212.7 214.7 214.9 214.1 212.9 210.1 206.3 201.5 199.1 196 193.9 192 191.8 192.1 193.4 194.5 196.6 199.2 203 206.9 210.6 216.5 222.9 230.5 238.6 246 251.6 254.9 255.3 253.7 251.3 249.1 247.4 245.5 245.8 247.1 248.2 249.2 248.9 248.1 246.5 243.4 243.6 246.1 250.4 254.6 258.1
118.4 116.3 120.1 124 126.5 131.2 137.3 141 142.5 142.4 141.4 142.4 146.2 149.9 154.7 159.4 164.8 169.8 174 177.6 179.3 178.8 174.2 179 183 187.3 191.5 196.8 201.5 205.7 209.5 212.4 214.7 215.7 215.2 213.9 211.7 206.9 203 197.8 195.8 193.2 189.1 189.8 189.8 190.2 191.5 193.5 196.2 199.4 203.6 208.7 214.4 221.8 228.7 237.3 245.3 252.9 255.9 256.3 254.5 252.2 250.1 248.4 247.1 248.2 250 251.2 252 251.8 250.3 248.5 246.4 244.9 247.1 251.9 255.7 259.6
126.7 119.1 124 132 135.7 138.9 142.6 144.8 145.8 146.2 145.9 145.5 146.7 149.4 155 160 165 170.6 175.3 179.6 182 182.9 179.4 181 185.1 188.5 192.8 196.3 201.6 205.4 209.2 211.7 214.7 215.5 215.5 214.7 207.4 207.5 202.7 199.8 195.8 192.8 189.2 186.6 187.2 187.9 188.7 190.8 193.1 196.8 200.5 206.3 212.3 220.3 227.7 236.4 245.9 253.2 256.5 257.4 255.8 253.5 251.5 249.6 249.1 250.1 252.1 253.5 254.7 254.4 253.2 250.3 248 247 248.7 252.4 256.1 259.7
133.2 123.2 123.9 130.9 138.7 143 145.5 148.4 149.2 150.1 150.2 149.9 150 151.8 154.6 160 165.8 171.6 176.7 180.8 184.2 185.6 184.6 182.5 185.7 189.7 194.2 197.3 201.9 205.4 207.2 211.2 213.2 215.3 214.2 208.7 211.2 206.1 203.6 200.4 195.8 192.1 188.4 184.6 184.4 185.4 186 187.4 190.3 192.9 195.8 203.4 209.8 218.6 226.4 236.5 246.7 253 257.1 257.9 256.9 254.9 252.6 251.1 250.2 251.2 253.3 254.6 255.5 256.1 255.3 253.1 249.3 247.7 247.8 252.2 255.7 259.4
