public/OST50/SX17.asc
ncols 200
nrows 200
xllcorner 210000
yllcorner 70000
cellsize 50
[rows 105 to 139 of 200, columns 78 to 155 of 200]
238.2 239.3 239.9 239.7 240.7 241.7 243.7 245.2 246.8 248.8 252.6 256.2 257.6 258.7 258.5 257.5 254.4 250.1 242.5 219.7 219.7 219.7 219.7 219.7 219.7 229 233 225.6 231.1 234.6 238.6 242.6 247.2 252 256.8 262.1 267.4 273.4 280.7 288.4 295 301.7 305.4 305.3 302.7 296.3 289.5 282.6 276.1 271.7 267.4 266.1 265.4 264.9 266.1 266.9 271.1 273.2 275.2 277.6 279.3 280.6 279.7 281.4 282.3 284.6 287.3 290.2 291.5 291.8 290.7 288.7 287.8 285.1 283.9 281.4 278.7 275.4
238.3 238.9 239.5 240 240.4 241 241.9 242.2 244.1 245.7 249.9 253.8 254 254.2 254.7 258.4 262.9 246 237.3 219.7 219.7 219.7 219.7 219.7 219.7 220.3 229.8 223.8 229 232.1 235.7 239.5 243.5 249.2 253.5 259 265.3 272.3 279.9 288 294.4 300.3 303.4 303.7 301.8 296.6 290.5 283.4 277 271.6 269.1 266.6 266.4 264.3 266.1 267.1 270 271.9 274.5 277.3 278.2 278.4 279 279.8 281.3 283.4 286.6 290.6 291.8 292.2 291.9 290.2 288.3 287.2 286.7 285.6 283.9 281.1
238.6 239 239.6 241.5 241.8 241.6 240.7 241.3 242.3 243.6 245.8 248.6 249.8 249.9 250.5 255.9 269.6 258.6 238.3 232.9 219.7 219.7 219.7 219.7 219.7 225.1 226.2 225.3 227.3 230.4 232.8 236.8 240.9 245.9 250.5 257.5 264 270.4 278.8 287 293.2 298.9 301.4 301.8 300.5 296.2 290.7 283.7 277.2 272.9 270 267.2 266.8 265 265.3 267.1 268.6 270.3 273.1 275.6 276.5 276.9 277.7 278.9 280.5 284.5 287.7 290.9 291.9 292.3 292.2 291.2 289.2 288 287.7 287.3 286.6 284.1
240.8 242.2 244.4 245.6 245.4 244.1 242 240.9 241.1 242.3 244 245.9 246.9 247.1 246.7 247.7 251.4 243.6 238.4 234.8 229.4 219.7 219.7 219.7 219.7 221.9 224.5 223.3 225.9 228.7 232 235.4 239.5 243.2 248.2 255.7 262.2 269.6 277.6 285.8 291.7 297.3 299.9 300.5 299 296 289.6 282.5 277.8 274.3 270.9 268.9 267.1 267.2 267 268.4 269 269.7 273.1 272.4 274.3 275.5 276.9 278.9 281.7 285.9 288.8 291.2 292.1 292.5 291.6 290.7 288.6 288.1 288.6 287.5 287 285.6
244.8 245.7 246.4 246.2 245.8 244.9 242.6 240.6 240.5 241.7 242.6 243.4 244.4 244.3 243.7 241.5 242.8 237.9 238.7 233.5 225.4 219.7 219.7 219.7 219.7 219.7 219.7 222.9 225 228 230.8 233.3 238.2 241.9 247 254.5 261.3 268.2 276 283.9 290.5 295.3 298.1 299.1 298.5 295.2 288.1 281.3 277.9 274.3 271.8 270.1 267.6 268.2 268 268.7 269.6 272 271.4 272.6 273.5 275.7 277.3 279.3 282.4 285.7 289 291.6 292.4 292.4 291.8 289.4 287.9 286.9 287.5 287.3 287.5 286.6
246.6 246.2 246 246.1 245.5 244.4 242.2 240.2 239.1 240.2 241.8 242.2 242.8 243.4 243.8 240.4 238.6 239.1 239 231.8 224 219.7 219.7 219.7 219.7 219.7 221.9 222.8 224.9 227 230.3 233.2 237.6 242.7 247.7 252.3 259.8 266.6 274.4 280.8 288.5 293 296.1 297.4 297.5 294.2 289.5 282.2 277.6 274.6 272 269.7 268.1 268.6 269 269.7 271.6 270.6 272.1 272.9 274.3 275.8 277.9 279.2 281.8 286 289.3 291.5 292.1 291.8 290.4 288.8 286.3 284.8 285.1 286.5 287 286.6
246.6 246.3 246 245.2 244 242.6 241 239.9 238.2 238.3 239.7 241.3 242.6 243.3 243 240.9 239.8 238 234.3 231.6 230.7 227.2 223.3 219.7 219.7 219.7 221.6 223.9 225 227.7 230.5 232.9 237.4 241.9 247.1 251.8 258.8 265.8 271.9 278.3 285.6 290.5 293.9 295.7 295.8 293.3 289.9 283.7 277.7 274.6 271.8 270.1 269.1 269.4 269.8 271.3 270.1 271.3 272.8 274.4 276.1 277.1 277.9 279.3 281.5 286.4 289.1 290.9 291.2 290.2 289.1 286.6 284.1 282.7 283.3 284.5 285.5 285.3
245.5 245.4 244.9 243.5 242.2 240.9 239.9 239.2 239 236.7 238.2 239.1 240 241.5 242.4 242.3 240.7 238 232.5 232.8 236 237.1 234.1 224 220.1 221.9 222.8 224.5 225.7 227.5 230.5 233.7 237.6 241.9 246.4 250.7 256.8 263.9 269.6 275.6 282.3 287.4 291 293.1 293.4 292.6 290.1 283.4 277.5 274.6 271.9 270.8 270.3 270.5 270.8 269.9 270.6 271.5 273.2 275.5 276.9 277.8 278.3 279.7 282.8 286 288.6 290.3 290.7 289.3 286 284.1 282 280.3 280.2 282 283.8 283.9
244.8 244.8 243.8 243 241.8 240.5 239.6 239.1 237.6 235.7 233.6 234.4 235.8 239.1 239.8 240.6 239.6 237.1 232.9 232.5 234.6 236 234.5 233.2 223.7 222.5 223.1 224.8 226.3 228.7 230.8 233.4 237.2 242.1 247.3 250.4 252.5 260.5 267.4 273.8 278.9 283.6 287.9 289.7 291.2 291 289.3 282.3 277.3 274.6 272.4 271 271.6 270.5 270.3 270.8 271.2 272.2 273.9 276.1 278.4 279.1 279.3 280.3 282.6 285.2 288.2 289.7 290.6 289.4 286.5 283 280.4 278.3 277.6 279 281.6 282.4
244.1 244.5 243.6 242.8 241.9 240.3 239.8 239.6 239.4 237.8 234.5 231.1 231.8 234.6 235.4 237.6 237.4 234.7 231.1 232.4 232.8 233.9 231.2 231.9 221.6 222.1 223.9 225.3 228.3 230.2 232.1 233.8 237.4 242.2 248.1 251.4 254.9 258.4 265.8 271.4 276.2 280.5 284.6 287.5 289.6 289.8 288.4 283.7 277.9 276 274.7 273.3 271.1 270.6 270.8 271.3 273 274.3 276.9 279.5 281.1 282.1 281.5 280.6 282 284.1 286.9 288.8 289.4 288.9 286.7 283.3 280.5 276.8 275.2 276.9 280.5 280.9
243.2 243.6 243.5 242.1 241 240.5 240 240.1 240.8 239.3 234.9 232.9 231.2 229.8 231.1 234 233.4 231.8 228.7 228.4 231.9 231.7 231.2 233 221.1 222.4 224.1 226.8 229.7 233.6 236.8 240.4 244.3 248.5 251.1 253.3 255.6 259.9 264.7 268.8 274.1 278.6 282.5 285.9 287.6 288.7 288 279.6 281.2 276.4 276 272.7 271.7 271.4 271.4 273.1 274.7 276.7 278.7 280.7 282.3 282.9 282.3 281.4 280.7 283.1 285.3 286.8 287.8 287.6 285.9 283.8 279.9 276 273.2 275 278.4 279.3
242.7 242.9 242.5 241.6 241.2 240.9 240.4 240.4 239.9 237.9 235.1 234.2 231.6 230.1 227.6 228.5 228.2 226.8 225.6 222.4 229.6 231.9 232.1 229.9 220.1 222.5 224 227.5 229.7 233.3 239.4 243.7 246.1 246.9 252.3 254.4 256.9 259.4 263 268.3 273.1 276.8 280 284.3 285.3 280 282.4 281 284.7 282.9 279.2 275 273.4 272.4 272.6 273.8 275.1 276.3 278.4 280.5 281.8 282.5 282.5 280.9 279.3 281.3 282.7 284.3 284.6 284.9 283.7 281.7 278.3 272.7 271.3 273.5 276.9 278.4
241.5 242.5 241.6 241.4 241.4 241.2 240.7 238.9 237.6 236.3 235.2 234 231.9 230.7 229.1 227.4 225.5 224.4 224.8 222.6 222 220.3 220.1 219.7 221.7 222.1 224.2 226.6 231.5 237.3 242.8 247.4 252.4 256.4 259.2 260.7 259.2 262.1 264.6 269 272.5 275.1 276.2 279.9 278.3 285.4 285.8 286.8 287.8 286.9 283.9 278.4 275.9 274.8 274.2 274.6 275.3 276.4 277.8 279.5 281.1 281.8 281.8 280.6 277.9 277.1 278.9 280.1 280.7 280.8 279.7 278 273.8 268.7 269 272.3 275.9 277.9
240.5 241.4 241.9 242.6 242.4 241.7 241.3 240.2 238.1 237.7 236.5 235.2 233.8 233.3 231.3 230 228 227.9 227.1 224.6 223.2 221.4 221.8 219.4 221.8 221.3 224 226.7 231.8 238.2 244.5 248.9 254.1 259.2 262.1 264 264.1 265.5 265.6 268.9 271.2 273.1 275.7 279.2 281.8 283.4 284.8 287.5 290 289.6 287.6 283.5 280.7 279.2 277.9 277.4 276.3 276.3 276.3 277.9 279.5 280 279.9 278.7 276.4 272.5 274.8 275.3 276.3 275.8 275 272.2 269.4 266.2 268.1 272.7 276.1 277.8
240.5 241.4 242.7 244 244 245.1 245 242.9 241.4 239.7 239 238.1 237.2 236 234.5 233.5 231.2 230.4 231.1 227.7 225.2 224.7 222.1 218.7 221.8 221.4 223.5 226.8 231.5 238.4 245 250.7 256 260.7 263.4 265.4 266.7 267.2 267.4 267.7 268 269.8 271.8 275.9 278.9 281.7 284.7 288.6 291.3 292 290 287.6 285.2 283.4 282.6 280.2 277.6 276.3 274.3 275.3 277.5 278 277.5 276.4 274 270.3 271.4 271.8 272.9 272.3 270.5 268.5 264.3 264.9 269.8 274.8 277.1 277.6
240.6 242.1 245.6 245.7 244.9 244.8 246.7 246.3 246.5 246.4 244.5 243.1 242.6 243.8 243.9 242.8 240.7 238.9 236.4 231.9 224.3 224.4 222 218.9 220.7 221.4 223.1 227.1 234.1 240.3 246.5 252 257.1 261 263.6 266.2 267.5 267.9 267.1 266.3 264.5 265.9 268.7 272.5 276.9 280.7 285.2 288.7 291.2 292 291 289 287.3 286.2 285 282.9 279.1 276.3 273.5 272.4 274.2 274.7 274.5 273.9 271 268.6 267.5 268.6 268.6 267.8 267 264.1 262.4 265.9 272.7 276.9 278.4 278.4
241.6 246.4 245.3 249.6 249.6 248.3 249.9 251.7 252.2 253.8 251.6 249.3 249.3 250.8 251.5 251.2 250.2 248 243 234.3 224.8 224.1 221.3 218.2 218.4 220.7 223.8 228.8 235.2 242.2 247.7 252.2 257.6 260.7 263.2 265.4 266.5 267.3 266.6 264.9 261.8 262.7 265.5 270.1 275 279.5 283.9 287.2 289.9 290.8 290.1 288.6 287.8 287.1 286.1 284.3 281 276.5 272.7 269 269.7 270.8 270.7 269.1 265.7 264.3 264.5 266.1 265.8 263.9 262.7 259.9 262.3 269 274.2 277 278.2 277.7
244.6 249.1 251.9 255.5 255.7 255.7 255.3 257 258.5 259.7 259.6 257.8 256.3 255.2 254.8 254 253.1 251.3 248 240.8 225.7 222.4 219.1 217.4 218.4 221.6 224.2 233.2 240.7 245.4 249.5 252.8 257.7 260.7 263.4 265 265.8 266.1 265.3 263.3 259.8 259.3 261.9 266.8 271.6 276.3 281.2 284.8 287.6 288.9 288.9 286 286.2 286.9 286.7 284.7 281.8 277.6 272.7 267.8 265.1 265.1 264.5 263.8 262.1 260.2 262.9 264.1 263.9 261.3 259.5 259 264.6 270 274.2 276.7 277.9 277.3
250.4 255.7 259.1 262.2 262.3 260.3 259.6 260.4 262.9 263.1 262.4 261.1 258.7 256.9 256.1 255.1 254.1 252.5 249.5 242.7 228.2 221.6 219.3 217.8 219.8 222 229.4 238.1 244.6 248.1 251.3 253.5 257.7 260.7 263 264.4 264.9 265.1 263.8 260.9 257.8 257.6 258.7 262.7 268 272.9 277.8 281.3 284.3 286.4 286.2 284.5 284.4 286.2 286.9 285.7 283 278 272.4 265.4 263 261.4 261 260.9 260.1 261.1 262.4 263.5 262.5 259.8 257.1 257.6 263.3 268.4 273.3 276.1 277.1 276.7
259.5 264.4 268 268.7 267.2 265 262.9 263.5 264.7 264.9 263.6 262 259.5 257 256.2 255.3 254.3 252.4 250.1 244.7 232.6 221.7 218.8 218.2 219.5 222.7 230.6 239.2 244.5 247.8 250.6 253.5 256.8 260 262.4 264 264.5 263.6 260.6 257.9 256.7 256.2 257.1 258.7 263.1 268.1 272.8 277.5 281 283.1 283.6 283.1 282.5 284.8 286.7 286.9 284.7 280.1 272.7 265.6 262.1 260.6 259.3 259.8 258.7 261.5 264.8 266 265 261 255.9 256 259.1 266.5 272.1 275 275.8 275.4
264.4 268.8 271.6 272 270.4 268.1 265.6 265.4 265.8 265.4 264.1 261.9 257.8 256.1 255.5 254.9 254 252.7 250.4 246.2 235.6 222.9 218 217.1 219.1 223.9 230.8 237.3 242.2 245.2 248 251.4 254.7 258.2 261.2 262.9 263.6 262.6 260.1 257.2 255.8 255.1 255.5 257.9 260.4 263.8 268.3 273.4 276.7 278.8 280.2 280.3 280.5 285.1 287.4 288 286.2 282.7 275.4 267.8 262.7 260.6 258.7 257.4 257.7 262.1 265 265.8 265.2 261.9 256.9 254 257.1 265.1 269.7 272.7 273.8 273.4
267 271.5 274.6 274 272.4 269.9 267.4 266.2 266.3 264.8 262.7 260 255.9 254.4 254.3 253.7 253.1 252.5 250.6 246.1 235.1 222.6 218 217.2 218.2 224 230.1 236.1 239.8 241.5 243.9 248.2 252.4 255.2 259.3 262.2 263.7 263.5 261.5 257.6 255.1 254.5 254.2 255.7 258.2 261 265.8 269.6 272.5 274.6 276 277.2 279.4 284.4 287.2 288.2 287.2 284.5 280.5 273.3 267.1 262.9 260.2 257.1 255.3 259 263.2 264 263.1 260.2 256.1 251.2 256.7 262.6 267.1 269.6 270.9 270.9
267.5 272.2 274.6 274.3 272.5 269.8 267.7 266.8 265.8 263.3 260.3 257 253.5 251.7 252.3 251.6 251.8 251.5 249.1 242.1 230.8 220 217.3 217.4 217.9 221.6 228 231.4 234.8 236.8 240.5 244.2 248.7 253.5 259 263 265.1 265.4 264.1 259.9 255.2 252.4 251.2 251.2 256.3 257.9 261.6 265.6 267.6 270.4 272.3 274.3 278.2 283.5 286.4 287.5 286.8 284.4 281.6 277 271.3 269.3 265.6 260.5 256.2 254.7 259 260.3 260.8 258.2 252.7 251.2 255.6 260.6 264 266.6 267.7 267.6
267.3 272.6 274.5 273.9 271.7 269.5 267.5 266.2 264.2 261.3 256.8 253.2 250.2 248.7 249.3 249.8 249.6 248.3 245.4 240.8 226.8 218.6 217 216.9 217.7 220.1 225.4 227.1 229.3 232.6 236.4 241.9 246.6 252.6 258.6 263.2 266.1 267.3 265.9 261.7 256 253.2 253.1 253.2 253.9 255.8 257.4 260.3 263.4 266.1 268.4 272.2 277.6 282 284.9 286 285.4 284 281.5 278.2 274.2 272.5 270.3 265.6 259.3 254.3 251.2 255.1 256.9 255.9 251.2 251.2 254.7 258.1 260.9 262.8 263.7 264
266.2 272.6 272.9 272.1 270.4 268.8 266.6 264.8 262.4 259.5 253.6 249.9 247.6 245.8 246.8 247.3 246.6 244.7 242.2 235.9 223.4 216.9 216.8 217.8 218.2 219.1 222 224.3 226.7 229.9 233.3 240 245.1 251.3 257 262.4 266.2 268.1 267.1 263.8 256.3 253.3 252.8 252.7 253.4 254.5 255.6 257.8 260.1 263.3 266.5 270.2 276 280.3 283 283.8 283.6 281.8 279.7 277.3 274.9 272.9 271.7 268.8 263.2 255.7 251.2 251.2 251.2 251.2 251.2 251.2 252.4 255.6 257.3 258.8 259.8 260.8
265.5 270.6 270.4 269.2 267.1 266.2 264.3 263 260.7 257.5 251.9 247.8 244.8 243 243.8 242.9 242.7 241 238.6 231.6 220.6 216.5 216.8 222.1 223.7 218.3 220.5 222.4 224.7 228.6 231.8 238 243.1 248.6 255.6 260.9 265.9 267.8 266.8 263.4 256.9 252.6 251.9 252.6 253.3 253.4 254.8 256.9 259 262.6 265.6 268.6 274.6 278.1 280.1 281.2 280.3 278.7 276.5 274.4 271.9 272.1 271.3 269.9 265.7 258.7 251.9 251.2 251.2 251.2 251.2 251.2 251.2 251.7 253.8 255.3 256.6 257.7
264.7 268.7 265.8 265 264.1 263.3 262.4 260.7 259.1 255.4 250 245.2 241.1 239.4 239.3 238.9 238.2 237.8 236.1 229.4 218.6 216.1 216.8 218.5 219.3 219.5 220.1 221.8 223.4 226.3 230.4 236.2 241.7 246.4 253 258.7 263.4 265.7 265.3 265.5 255.3 251.6 251.3 252.1 253 253.9 254.5 256.5 258.5 261.7 265.6 269.3 272.9 276 276.6 277.3 276.7 275.3 273.2 269.3 268 270.1 270.2 269.5 266.8 262.3 255.3 251.2 251.2 251.2 251.2 251.2 251.2 251.2 251.2 251.2 251.6 254.6
254.8 258.4 259.1 260.8 260.9 260.2 259.7 258.5 256.2 253.7 249.1 242.6 237.8 235.1 233.9 236.2 236.1 234.8 231.1 224.7 215.1 216.4 217.2 218.2 218.9 219.9 220.2 220.8 222.2 225 228.7 235.1 240.1 244.7 250.2 255.5 259.7 262.5 262.1 264.7 253.2 250.8 251.3 253.7 253.4 253.5 254.1 255.9 258 263 266.1 268.6 270.9 272.5 273 272.7 271.5 270.8 267.7 264.5 264.4 266.7 268.3 268.2 266.5 263.3 258.1 251.2 251.2 251.2 251.2 251.2 251.2 251.2 251.2 251.2 251.2 251.2
250.3 251.6 254.7 256.3 257.4 257.5 257.5 256.1 254 251.3 246.6 239.1 234.6 232.6 230.2 231.4 231.6 228.7 221 214.6 215.7 217.9 218.2 219.6 222 222.2 220.9 220.3 221.8 223.9 227.5 233.3 238.6 242.5 246.9 251.5 254.7 256.8 257.5 255 250.8 249.7 254.6 259 259.4 256 255.9 256.9 259.8 264.4 266 266.9 268.2 269 269.6 268.7 266.8 265.2 262.8 260.5 261.7 263.5 265.2 266.4 265.4 262.7 258 251.2 251.2 251.2 251.2 251.2 251.2 251.2 251.2 251.2 251.2 251.2
246.2 248.7 250.6 252.5 254.4 255 254.9 253.7 251.1 247 244.5 239.6 234.4 229 223.1 224.8 225 218.3 213.8 222.2 220.8 220.2 224.2 227.7 230.6 229.7 223.1 222 221.6 223.2 226.9 231.8 236.5 240.3 243.3 246.7 249.6 251.3 251.9 249.3 247.9 252.1 258.4 263.4 264.1 262.3 262.4 262.2 264.1 264.3 264.1 264.4 265.2 265.8 264.9 264.4 262.5 260.9 257.7 257.3 258.9 261.1 264 266.4 266.6 264.9 261.9 257.5 251.2 251.2 251.2 251.2 251.2 251.2 251.2 251.2 251.2 251.2
242.7 245.2 247.7 249.2 250.9 252.5 252.5 251.6 249 245.4 241.2 236.3 227.9 221.2 216.8 215.4 214.8 213 213 229.9 230.1 226.1 228.9 234.2 235.8 234.6 226.7 223.6 222.9 223.4 225.7 230.1 234.4 237.2 240.2 242.4 244.6 245.7 246 245.1 247.6 253.7 260.3 266.1 266.6 266 265.2 265.2 265.1 263.5 261.1 260 261.5 261.1 260 258.8 258.3 256.1 254.9 256.1 259.8 263.3 266 267.7 268.4 268.1 266.8 262.5 255 251.2 251.2 251.2 251.2 251.2 251.2 251.2 251.2 251.2
239.7 241.8 244.3 246.4 248 249.9 250.3 249.7 247.4 243.1 238.1 227.2 215.5 213.4 212.4 212.3 212.2 212.2 222.4 235.6 237.4 232.9 230.9 236.6 239 237.7 232.3 226.3 225 223.7 226.7 229.2 231.8 234.7 236.2 238.4 239.9 241.1 241.5 244.3 248.5 255.2 261.3 264.9 266 265.8 264.8 264.8 264.4 262.2 259.6 256 257.7 257.5 255.5 252.8 252.3 252.9 253.7 257.2 262.3 265.7 268.2 269.6 270.5 270.7 269.6 266.9 261.8 255.7 251.2 251.2 251.2 251.2 251.2 251.2 251.2 251.2
237.2 239.7 241.8 244 246.6 248.1 248.9 247.4 244.8 240.3 231.8 217 210.9 211 213.1 217.8 226.6 223.2 239.9 242.3 241.8 235.7 235.7 238.5 241.5 241.2 236.6 229.5 227.2 226.6 229.3 233.2 233.6 233.3 234.7 236.7 237.9 241.3 242.1 244.7 251.1 255.2 259.7 262.5 263.9 263.4 262.1 262.7 262.7 261.2 258.8 253.8 251.2 251.9 251.2 251.2 251.2 251.2 254.2 258.4 263.8 267.3 270.1 271.6 272.4 272.7 271.8 269.7 266.5 260.8 254.6 251.2 251.2 251.2 251.2 251.2 251.2 251.2
235.6 237.4 239.5 241.7 244.3 247 247.6 245.9 242.8 236.8 223.8 212.2 210.9 215.8 223.6 230.8 236.4 241.6 244.8 245.7 244.6 239.1 238.1 241.4 244.4 242.8 237.7 231.7 229.3 228.8 230 232.6 234.5 236 238.2 238.9 242 244.5 244.7 247 250 253.7 256.6 258.7 260.2 259.8 258.7 259.7 260.1 258.7 255.3 251.2 251.2 251.2 251.2 251.2 251.2 251.2 255.5 260 265 268.5 271.2 273.2 274 274.5 273.5 271.4 268.5 264.2 258.3 251.2 251.2 251.2 251.2 251.2 251.2 251.2
233.4 234.2 237.5 239.7 243.5 245.9 246.3 245.6 240.8 232.9 220.3 210.8 210.3 216.4 225.6 234.4 241.9 245.9 248.1 248.2 245.4 240.9 241 244.6 245.8 244.2 240.7 234.9 230.9 230.8 231.3 232.7 234.6 237.9 240.3 242.1 244.6 246.7 246.8 247.4 248.8 250.3 252.2 253.9 255.1 254.3 254 257.8 256.3 256.1 252.4 251.2 251.2 251.2 251.2 251.2 251.2 251.2 256.9 262 266.1 269.8 271.9 273.9 274.8 274.8 274 271.9 269 265.6 261.3 256.2 251.2 251.2 251.2 251.2 251.2 251.2
