public/OST50/SX18.asc
ncols 200
nrows 200
xllcorner 210000
yllcorner 80000
cellsize 50
[rows 35 to 69 of 200, columns 0 to 77 of 200]
243.5 244.6 245.7 244.8 242.3 238 233.8 233.8 236.9 238.5 239 240.4 242.3 244.8 247.8 250.4 252.2 253.8 255.5 256.7 257.9 259.2 260.5 261.1 261.7 261.6 261.5 260.9 260.4 260 260 260.1 260.2 260.4 260.9 261.6 261.7 261.6 261.9 261.8 261.1 260.2 257.9 256.4 255.6 253.2 252.1 250.4 249.4 249.5 250.3 251.9 253.2 254.9 257.7 260.2 263.6 267.3 270.9 274.2 275.6 277.5 278.4 279.1 278.7 277.1 275.9 275.6 276 276.5 276.6 276.4 275 274.9 275.3 275.8 276.1 276.3
248.7 249.5 249.4 247.9 244.2 238 236.2 237.1 239 241.7 243.4 244.5 245.8 248.3 250.4 252.9 254.5 256 257.5 258.1 259.1 259.2 260.1 260.3 260.7 260.8 260.3 259.6 258.1 257.6 257.9 257.8 258 258.3 259.2 259.3 260.2 260.3 260.4 261.1 260.1 259 257.5 256 254.1 252.6 250.6 248.8 247.5 247.6 247.6 249 250.2 252.6 254.2 256.4 259.5 261.9 263.3 266.3 270.9 274 276.5 277.3 277.1 276.4 273.1 272.8 273.5 273.9 273.8 274.2 273.8 274.6 275.1 276.5 277.4 278
252.7 252.2 251.5 249.3 242.9 239.5 240.7 242.4 243.1 245.7 246.9 248.6 249.3 252.2 253.9 255.5 256.9 258.2 259.1 259.6 260 259.8 259.6 259.6 259.9 259.7 259.1 257.8 256.1 255.5 255.4 255.4 255.9 256.4 256.9 257.8 258.3 258.8 259.3 259.5 259 257.8 256.6 254.6 252.7 251.1 249.8 247.3 246.2 245.9 245.8 245.6 247.2 249 250.8 252.3 254.8 257 259.1 261 263 267.3 270 271.7 272.2 269.9 269.4 269.7 270.1 270.9 272 272.5 273.2 274.3 275.7 277 278 278.4
254.8 253.8 252.6 250 243.4 244.6 247.1 248.2 248.7 250.2 252.3 252.8 252.9 255 256.7 257.8 258.8 259.9 260.3 260.7 260.5 260.2 259.8 259.4 259.3 257.9 257.2 256.4 254.3 252.7 252.6 252.9 253.1 254.6 255.2 256.2 257.3 257.8 259 259.3 259.1 257.6 255.6 253.8 252 249.6 247.7 245.7 244.4 244.8 245.1 244.9 245.8 247.2 248.2 249.7 250 253 255.1 257.1 258.8 260.3 262.9 264.6 264.5 264.7 265.7 266.8 267.8 268.7 269.8 271.3 272.6 273.8 275.5 277.2 278.9 279.4
256.6 255 252.3 248.4 248.4 250.7 251.9 253.1 253.4 253.4 255.5 256.5 256.4 256.9 258.2 259.2 260.1 260.8 261.3 261 260.8 260.1 259.4 258.3 257.1 256.1 255 253.5 252.3 250.8 249.9 250.1 250.8 252 252.5 254.2 256.1 257.4 258.7 259.6 259.5 257.7 255.4 253.5 251.6 251.5 246.3 244.8 243.7 243.8 244 244.9 245.7 247.4 248.9 250.4 250.9 251.3 253.6 254.5 254.9 256.2 257.5 259.1 260.6 262.1 263.5 264.4 265.6 266.8 268.3 270.6 272 273.6 275.8 277.7 279.3 280.7
257.4 254.8 252.1 250 251 253.5 255.5 256.5 257.2 258.4 258.6 258.8 258.7 258.8 259.4 260.6 261.2 261.5 261.6 261.2 261 259.9 258.8 257.1 255.7 254.2 252.6 251.1 250.3 249.2 248.6 248.1 248.8 249.4 250 252.9 255.3 256.6 257.4 258.2 258.3 256.8 255.1 253.2 251.4 248.5 245.6 244 242.5 242.7 243.2 246.1 248.8 250.7 252.4 253.4 253.9 254 253.9 254.5 254.9 255.9 256.8 257.5 258.8 259.8 261.5 262.5 264.4 266 267.9 270.6 272.7 274.5 276.5 278.5 281 282.6
257.4 255.7 254.1 253.6 253.4 254.5 256.9 259 260.3 260.9 261.3 261 260.7 260.5 260.9 261.6 261.6 261.9 261.9 261.7 261.4 260.6 259 257.2 255.5 253.5 252.3 250.7 248.7 247.4 246.5 245.7 245.9 246.9 248.1 250.5 252.9 254.5 255.6 256.2 256.2 255.5 254 252.6 250.4 247.7 244.5 242.1 241.7 242.4 245.5 248.4 251 253.3 255.1 255.9 257.2 257.5 257.3 256.7 257.7 258.4 258.9 259.5 259.2 259.9 261 262.5 263.8 265.8 268.3 270.8 272.9 275.1 277.6 280.1 282.8 285.1
258.8 257.6 257.1 256.6 256.8 257.2 258.7 260.3 261.2 262.6 263.2 262.7 262.2 261.7 261.7 261.8 262 262.1 262 261.7 261 260.4 258.8 257.4 256.1 254.5 253 251.4 248.7 247.4 246.7 244.7 243.4 243.5 245.6 247.8 250.2 252 253.3 254.1 254.3 253.7 252.9 251.9 249.6 246.9 243.3 241.6 241.4 243.4 247.2 250.3 253.3 255.9 257.8 259.1 260.3 260.9 260.9 259.6 260.3 259 263 263.3 262.8 262.4 262.2 263.1 264.3 265.9 268.5 270.9 273 276.1 279.2 282.2 284.7 287.7
261.3 260.2 259.4 259.3 259.7 259.3 260.2 261.5 261.9 263.1 263.2 263.4 262.9 262.6 262.3 262 262.1 262.2 262.1 261.7 261.1 260.7 259.4 258.1 256.6 255.1 253.6 251.9 250.6 248.5 247.3 245.7 243.6 241.5 242.4 244.5 246.9 249 250.8 251.4 251.7 251.5 250.8 249.8 248.1 246.2 242.4 240.5 241.3 244.3 248.1 251.4 254.7 257.3 259.5 261 262.9 263.4 263.4 262.9 262.9 265.1 266.2 267.3 265.5 265.9 264.4 264.2 265.2 266.5 269 271 273.8 276.9 279.9 283.2 287.2 290.2
264.7 262.5 261.8 261.3 261.1 261 261.5 262.6 262.9 263.7 264 264 263.5 263 262.7 262.5 262.3 262.3 262.2 261.8 261.4 261.2 260 258.7 257.2 255.7 254.1 252.7 251.4 250.7 248.8 246.5 244.7 242.2 239.6 241.5 243.8 246.7 248.4 249.1 247.3 249.1 248.4 247.5 246.3 244.8 242.3 241 240.5 244.5 248.6 252.6 255.8 258.5 260.7 262.8 263.6 264.2 265.1 264.9 266 266.8 267.9 268.9 269.1 268.4 268.1 266.6 267.1 267.3 270.2 272.1 275.1 277.7 280.7 284.7 289.1 292.5
265.9 265 264.4 263.7 263.1 262.8 263.4 263.9 264.2 264.6 264.9 264.4 263.8 263.2 262.6 262.5 262.4 262.3 262.3 262 261.8 261.5 260.5 259.2 257.7 256.2 254.9 254 252.5 251.7 250.6 248.8 245.9 243 239.9 238.3 240.9 243.3 245.5 246.2 245.6 246.1 245.8 244.8 243.9 243.2 241.2 238 240.5 245.7 249.3 252.9 256 259.2 262 263.1 264 265.2 265.9 266.5 267.8 268.5 269.4 270.5 270.6 270.7 270.3 269.2 268.7 269 271.4 272.5 275.7 277.9 281.7 286.2 290.2 293.8
268.2 267.3 266.7 266 265.3 264.7 264.8 265.4 265.5 265.8 265.4 264.5 263.9 263.3 262.8 262.4 262.3 262.2 262.3 262.1 262 261.7 260.8 259.8 258.8 257.8 256.1 255.2 254 253.1 252 250.3 248 244.5 240.7 238.2 236.9 241 242.8 243 242.7 242 241.6 241.3 240.7 239.3 237.1 238.3 241.6 245.8 248.6 252.7 255.8 259.2 261.3 263.2 267.1 265.7 266.5 267.3 268.7 269.9 270.8 271.8 272.1 272.2 271.7 271.2 270.5 270.9 271.7 273.8 276.3 278.8 282.5 286.8 290.5 294
269.9 269.4 268.6 267.9 267.3 266.8 266.5 266.3 266.4 266 265.4 264.6 263.5 262.8 262.3 262.2 262 262.1 262.2 262.2 262.4 261.9 261.2 260.8 260.5 259.6 258.3 256.5 255.3 254.6 253 251.1 248.9 245.8 241.5 237.8 235.1 237.5 239.8 240.6 240.1 239.1 238.2 237.4 235.9 235.3 236.8 238.8 241.7 244.6 248.1 252 254.4 258 260.6 262.8 264.5 265.6 267.5 268.8 269.4 270.9 272 272.8 273.4 273.8 273.4 273.3 272.8 272.4 273.6 275.9 277.9 280 283.1 287.1 290.6 293.8
271 270.6 270.2 269.7 269.1 268.4 267.6 266.8 267.2 266.1 265.4 264.4 263.3 262.5 261.9 261.7 261.5 261.6 262 262.4 262.6 262.2 261.9 261.7 261.7 261 260 258.3 256.5 254.9 253.1 251.1 248.7 245.2 241.4 237.3 234.4 235 236.6 237.7 236.8 235.8 234.8 234.2 234.7 236.1 237.7 238.8 242.1 244.4 247.5 250.8 253.5 256.4 259 261.3 263.4 264.8 266.8 268.4 270.4 271.7 272.9 273.9 274.7 275.3 275.3 274.8 273.1 274.3 275.3 276.3 278.4 281.1 283.7 287.1 290 293.1
272.4 271.9 271.4 271 270.1 269 268.3 267.4 266.1 265.4 264.6 263.1 261.7 260.6 259.7 259.3 259.5 259.8 260.4 260.9 261.1 262 261.9 261.9 261.7 261 260.1 258.3 256.6 255.1 253 251 247.9 244 240.6 236.6 233.4 232.5 234.1 234.8 233 233.2 233.3 234.4 235.2 237.1 239.7 241.9 243.9 245.3 247.2 250.1 252.3 255.1 257.5 259.4 261.4 263.8 266 268.4 270.6 272.3 273.1 274.7 275.8 276.8 277.1 277.3 276.7 276.2 276.7 277.8 279.6 281.8 284.4 286.4 289.5 292.5
273.3 272.8 271.8 270.8 270 268.8 267.7 266.8 265.8 264.1 262.9 261.4 260 258.7 257.7 257.2 257.5 257.8 258.5 259 259.7 260.8 261.5 261.5 261.3 261 259.9 257.8 256 254.2 252.2 250 246.8 243.2 239.3 235.8 232.7 231.2 232.2 232.2 231.4 232.3 233.8 234.5 234.9 237 240.9 243.7 245.8 247.4 248 249.3 252 254.5 256.1 258.2 260.5 262.9 265.2 267.6 269.8 272.2 274.3 275.5 276.6 277.4 278.3 279 279.2 278.9 278.9 279.5 280.6 282.7 284.6 286.3 288.8 291.8
273.8 272.7 271.6 270.4 269.4 268.3 267.7 265.4 263.7 262.3 260.6 259.2 257.9 256.4 254.9 255.3 255.3 255.8 256.7 257.6 258.5 259.6 260.4 261 260.6 260 259 257 255 253 251.1 249.3 246.2 242.2 238.5 234.6 231.8 230.1 230.4 225.9 231.3 232.5 233.3 234.7 236.4 237.9 239.4 240.9 242.8 244.4 246.8 247.8 251 253.7 256 258.6 260.9 263.3 265.9 268.1 270.2 272.1 274.3 276.3 278 279.1 280.1 280.5 280.9 281 281.1 281.2 282 283.5 285.5 287.4 289.5 291.8
273.6 272.5 271.2 269.9 268.4 267.7 265.9 264 261.9 260.1 258.1 256.5 255.2 253.3 252.3 252.1 252.6 253.5 254.8 256.5 257.1 258.6 259.7 260.3 259.8 258.9 257.2 255 253.3 251.4 249.9 248.1 246 242.8 237.8 233.1 230.8 227.4 224.3 223 232 233 233.8 235.7 237.6 239.7 241.8 243.4 245.2 246.8 248.5 249.1 250.6 253.8 256.4 259.2 261.8 263.8 267 269.3 271.5 273.4 276 277.5 279.3 280.8 282 282.4 282.8 282.7 282.6 282.9 283.5 284.9 286.8 288.8 290.5 292.1
273.3 272.2 270.8 269.3 267.7 265.9 264 262.1 259.7 257.8 255.8 254.1 252.4 250.8 249.3 248.7 248.8 250.1 252.2 254.9 255.5 257.1 257.9 258.7 258.6 257.8 255.5 253 250.9 249.6 248.3 247.4 242.7 242.9 238.1 231.1 228.8 228.4 223 229.2 232.1 233.3 234.7 236.5 238.5 241.1 243.2 245.1 247.4 248.9 250.3 251.7 252.8 255.2 256 259.9 262.5 264.7 268.3 271.1 273.4 275.6 277.5 279.4 281.1 282.6 283.9 284.3 284.7 284.8 284.9 285.3 285.5 286.7 288.6 290.3 291.8 293.5
273.4 271.1 269.5 267.9 266.1 263.6 261.3 259.4 257.4 255.4 253.2 251.4 249.5 247.8 246.1 244.9 245.1 246.6 248.8 251.6 252.5 254.5 255.9 256.9 257.2 256.2 253.6 251.2 248.9 247.8 246.8 246 243.6 240.9 233.1 228.5 225.2 223 225.9 230.5 232.4 233.8 235.6 236.8 238.7 241.3 243.4 245.7 247.5 249.6 251.1 253.3 254.7 256 257.5 259.5 263.5 266.3 269.2 272 274.7 277.1 279.9 282.7 283.4 285.1 286.9 287.5 287.7 287.5 287.4 287.5 287.7 288.8 290.2 292.4 294.2 295.6
272.2 270.4 268 266 263.8 261.4 258.9 256.4 254.1 252.2 250.4 248.3 246.3 244.6 242.9 241.4 241.7 243.2 245.6 247.9 250 251.7 253.1 254.5 255.2 254.1 251.1 248.2 245.8 244.4 244.4 239.7 240.8 235.6 229.8 226.7 223 226.4 229 230.5 232.4 233.5 236 237.4 239 241.1 243.1 245.3 247.6 249.8 252.8 254.9 256.6 258.7 259.8 260.6 263 267 270.8 274 277.2 280.1 282.3 284.9 286.8 288.4 289.7 290.4 290.9 290.8 290.6 290.1 290 290.2 290.8 293.3 295 297.8
272.1 269.6 267.4 264.8 262.2 259.3 256.8 254.8 251.5 249.8 247.5 245.5 243.2 241.4 239.7 238.6 238.1 239 241.2 243.7 246.5 247.9 250.2 251.5 251.9 250.9 248.5 245.2 242.8 241.3 238.5 240.3 238.3 232.1 225.8 224.3 223.9 227.9 230.2 232 233.8 234.9 236.1 238 239.4 240.7 242.4 245.2 247.4 250.4 253.6 256.6 258.8 261.1 262.4 263.2 264.2 266 271 274.9 278.8 282.5 284.7 287.2 289 291.1 292.8 294.7 294.7 294.6 294.5 293.5 292.4 292.1 292.1 293.4 295.8 297.7
273.2 269.4 266.5 264 261.4 258.1 255.4 252.8 249.7 247.4 245.4 243.1 241 239.7 237.8 236.2 234.8 235.1 236.9 239.4 242.3 244.6 246.3 248.2 248.6 248.1 245.9 242.3 238 236.4 236.9 235.1 229.8 225.6 223.2 225.2 226.7 229.2 231.7 233.4 235.5 236.6 237.7 239.4 240.4 241.8 243.6 245.7 248.3 250.7 254.1 256.7 259.7 262.8 265.2 266.5 266.8 267.5 270 275 279.5 283 286.9 288.9 291.5 293.6 295 296.7 298.5 299.2 298.7 297.5 296.5 295.1 294 294.6 296 297.3
270.7 269 266.1 262.9 259.6 256.7 253.8 252.4 249.2 246.5 244.6 242.3 240.5 239.1 237.4 235.3 233.5 232.6 232.7 234.2 238 241.3 243.3 244.6 244.9 244.1 240.9 236.2 236 226.8 224.9 224 223.9 223.2 224.9 227.3 229.5 231.6 233.4 235.5 237.3 239.2 239.9 241.2 243 243.5 245.4 246.7 248.6 250.9 254.3 257.3 261.2 265.1 268 269.6 269.8 271.1 272.3 273.3 277.7 282.5 286.5 289.6 292.2 294.7 296.6 298.6 300.2 301.3 301.8 301.3 300.1 298.5 296.3 296.1 296.6 297.5
270.4 268.6 266.1 263.2 259.7 256.7 254.3 251.7 249.7 247 245.1 242.7 241 239.3 237.7 235.6 233.8 232.2 230.8 230.7 232.9 237.6 240.5 241.8 241.7 239.5 235.2 231.7 222.4 222.5 222.9 223.1 223.9 225.9 227.6 229.9 232.6 234.5 236.6 238.3 239.9 241.2 242.6 244.2 245 246.5 247.3 248.2 249.5 251.2 253.8 257 260.7 264.9 268.5 271 272.8 274.3 275.3 276.2 276.8 280.2 285.1 288.6 291.5 293.9 296.2 299 301 302.8 303.9 303.3 302 300.5 298.1 297.5 296.9 297.5
270.8 268.7 266.6 264.1 260.9 258 254.6 252.2 250.1 247.8 245.8 243.7 242.2 240.8 239.2 237.4 235 233.1 231 229.7 229.3 234.8 238.6 240.1 239.2 234.4 227.5 221.6 221.7 222.5 224.4 226.3 229.1 229.6 231.3 233.7 236.5 237.8 239.4 241 242.9 244 246.1 246.9 248 248.8 249.3 250.7 251.8 253.1 254.2 256.7 260.2 263.8 267.6 270.7 273.5 275.4 277.1 278.8 280 280.9 282.3 286.3 289.9 292.8 295.4 298.1 300.9 302.6 303.7 303.8 303.2 301.5 299.2 298.3 297.7 297.4
270.3 268.6 267.2 265.1 261.6 258.7 255.5 253.3 250.7 248.3 246.4 244.8 243.1 242.4 240.8 239 236.9 234.7 232.4 229.1 226.9 234.4 237.7 238.6 236.6 227.3 220.8 220.9 221 225.4 228.6 231.8 233 234.6 235.9 238.3 239.5 241.1 242.4 244.8 246.5 247.4 248.6 249.5 250.3 251 251.8 252.2 253.5 255.2 256.3 257.7 260 263.2 266.6 269.9 272.9 275.8 278.3 280.5 282.5 284.5 285.6 286.3 287.8 290.7 294 296.9 299.6 301.6 303.1 303.5 303.2 301.6 300 299.4 298.6 298.4
269.5 267.7 266.2 264.4 261.7 259.2 256.4 253.9 251.3 248.8 247.2 245.8 244.3 243.5 242.8 241.8 240.4 238.9 236 230.6 225.8 230.5 235.4 236.1 229.5 219.9 219.1 219.1 223.9 227.6 232.2 235 236.5 238.9 239.4 240.6 242.1 244 245.4 247.3 248.5 249.8 250.6 252.1 252.7 253.4 254.2 254.5 256.7 257.6 258.3 259.3 261.6 264.1 266.7 270.1 272.7 276.6 279.2 281.8 284.3 286.3 287.8 288.8 289.6 290.3 292.7 295.7 298.4 300.2 301.5 302.6 302.3 301.8 300.5 299.6 299.2 298.8
267.5 266 264.5 262.9 260.5 258.3 256.1 253.6 251.3 249.6 248.1 246.8 245.8 245.1 244.6 243.7 242.2 241.5 239 235 229 222.9 231.8 230 219.5 218.2 218.6 222.4 226.1 230.4 235.3 237.1 239.3 240.7 241.9 242.8 244.7 247 248.5 250.1 251.8 252.3 253 254.2 255.4 256.2 256.9 257.3 258.9 260.7 261.6 261.8 263.5 265.8 268.4 271.4 274.6 277.6 280.6 283.6 286.2 288.1 289.7 290.7 291.6 291.9 292.5 294.8 297.3 299.3 301 301.3 301.4 301.5 300.9 300 299.2 298.5
265.3 264.2 262.7 261.2 259.6 257.5 255.3 253.3 251.5 250.4 248.8 248.1 247.4 246.8 246.2 245.5 244.4 243.1 241.1 237.4 234 226.3 220.4 220.1 218.2 218 220.9 225 229 234.2 236.9 239.7 241.4 243.1 244.8 246.4 248.4 250.4 251.9 253 254.5 255.7 256.2 256.9 257.9 258.9 259.7 260.4 261.9 263.6 265.4 265.5 266.7 268.2 270.9 274.2 277 280.2 283.5 286.4 288.7 290 291.8 292.7 293.5 293.9 293.2 294.9 296.7 298.4 300.1 301.2 301.8 301.8 300.9 299.9 303.3 298.2
263 262 260.7 259.2 257.6 256 254.1 252.8 251.2 250.1 249.5 248.9 248.5 248.1 247.6 247.2 246.1 244.9 242.8 240.8 237.7 232.2 228.8 217.9 217.5 218.9 223.1 228.2 232.9 236.9 238.8 241.3 243.6 245.7 247.5 249.1 251 252.9 254.4 256 257.3 258.2 259.3 259.9 260.8 262 262.5 263.4 264.6 266.9 268.2 269 269.6 271.2 273.9 276.6 280.2 285.4 288.3 291.4 293.3 294.4 295.1 295.5 295.4 295.5 295.6 296.2 297.6 299.4 301.1 302.2 301.7 301.5 300.6 302.8 301 297.4
260.8 259.7 258.7 257.1 255.6 254.6 253.6 252.2 250.9 250.4 250.2 249.7 249.4 249.2 248.8 248.4 247.5 245.9 244.1 241.6 239.3 235.5 228.3 216.8 217.6 222.1 227.5 231.8 234.4 237.9 241.1 244 246.6 248.7 250 251.6 253.5 255.4 257.3 259 260.2 261 261.9 262.8 263.6 264.6 265.6 266.6 267.6 269.4 271 271.6 272.6 274.6 277.2 280.5 284.7 288.5 291.4 293.4 295.5 296.9 297.7 298.1 297.9 297.5 297.4 297.8 298.8 300.7 301.9 303.2 303.5 304.5 298.7 299.3 298.5 297.6
258.6 257.3 256.4 255.3 254 252.9 251.7 251.2 250.4 250.2 250.4 250.3 250.2 250 249.7 249.2 248.3 247 244.6 242.2 239.3 237.1 229.2 216.7 219.8 225.7 230 233.6 236.8 240 243.2 247.2 248.9 250.8 252.2 253.9 255.8 257.6 259.5 261.3 262.4 263.4 264.6 265.5 266.3 267.4 268.4 269.3 270.1 271.7 273.6 274.8 275.6 277.5 280.2 283.6 287.2 290.4 292.7 295.2 297.1 298.6 299.3 300 299.5 299.5 299.4 299.6 299.9 301.1 303.1 303.7 304 299.2 298.5 298.8 298 297.1
256.3 255.3 253.9 252.4 251 250.4 249.7 249.8 249.6 249.6 250 250.4 250.5 250 250 250 249.5 248 245.4 242.1 239.6 236.2 225.4 216.5 221.8 227 230.5 235.3 238.4 241.5 245.1 248.7 251.3 252.5 253.8 255.5 257.3 259 260.8 262.4 264.4 265.5 266.2 267.3 268.7 270 270.7 271.9 272.5 274.2 275.8 277.8 279.1 280.7 283 286.3 288.9 292 294 296.1 298 299.6 300.4 300.9 300.8 300.7 301 301.2 301.2 302.9 303.2 303.9 303.2 301.3 298.3 298.4 298.1 297.2
254.7 253.7 251.7 250.1 248.6 247.7 247.4 248 248 248.5 249.3 249.8 250.1 250.2 250.4 250.6 250 248.7 245.9 242.8 240.2 235.2 220.3 215.8 223.5 228.8 232.2 236.7 240.3 242.9 246.4 249.5 251.7 253.2 254.5 256.1 257.7 259.7 261.4 263.6 265.6 266.5 267.5 268.7 270 271.6 272.8 273.8 274.7 275.9 277.9 279.9 281.6 282.7 284.8 288.3 290.9 293.4 295.2 296.8 299.1 299 300.6 301.3 301.7 301.9 302 302.1 301.9 302.2 303.1 304.2 302.6 301.3 298.2 298.3 298.3 297.7
