public/OST50/SX18.asc
ncols 200
nrows 200
xllcorner 210000
yllcorner 80000
cellsize 50
[rows 105 to 139 of 200, columns 0 to 77 of 200]
234.6 237.1 239.8 241.7 243.5 244.3 244 242.9 241.2 238.8 236 231.1 210.7 195.9 203.3 214.7 219.6 219.6 224.4 227.8 230.4 232.7 235 237.3 239.2 240.7 241.7 242.4 243.1 243.2 243.1 242.4 240.7 239.6 237.7 237.7 240.3 242.8 245.2 247.4 249.5 251.3 253 255 255.9 256 255.6 253.4 248 233.4 234.3 241.8 247 250.5 253.7 254.9 257.7 260.1 262.6 266.1 268.8 272.3 275.7 279.8 282.4 284.3 286.4 288 289.2 289.6 289.7 290 291.1 291.6 292 291.8 291.1 290.4
234.4 237.2 239.5 240.9 242.7 243.5 243.3 242.4 241.2 239 235.7 226.9 208 195.8 203.1 213.7 217.3 219.5 221.5 224.9 226.5 229.3 231.9 234.3 236.6 238.3 239.6 240.4 241.2 241.3 241.1 240.2 238.9 237.4 235.8 236.5 239.3 241.6 244 246.2 248.1 250.1 251.5 252.9 253.8 254 252.3 246.7 236 231.6 241.2 246.1 250.8 253.8 256.4 258.8 260.8 264 267 268.9 271.8 276.3 280.4 283.3 285.7 287.3 289.2 290.5 291.7 292 291.8 292.2 292.3 292.4 292.1 291.7 291.1 290.1
234.5 237.1 239.2 240.4 241.6 242.8 243 242.9 241.5 239.7 236 229.4 208 195.4 200 209.7 214.1 214.5 217.9 221.1 223.8 226.5 229.2 231 234.2 235.9 237.6 238.7 239.8 239.8 239.2 238.1 237.1 235.3 234 235.5 238.3 240.5 242.7 245.2 246.9 248.5 250.1 251.4 251.8 250.4 244.8 234 230.1 239.4 246 250.3 253.6 256.5 259.7 261.7 264.2 267.8 270.7 272.9 277.2 280.9 284 286.1 287.8 289.5 290.9 292.2 292.9 293 292.7 292.9 292.5 292.4 292 291.5 290.9 289.4
234.2 236.7 238.8 240.1 241.2 242.4 242.9 242.7 241.4 239.4 236.5 228.6 208.1 195 197.1 205.5 211 212.9 213.7 217.1 220.6 223.6 227 229.2 232.2 234.5 236.3 237.4 238.3 238.1 237.6 236.6 235.2 233.4 232.7 235 237.2 239.5 241.6 243.8 245.7 247.2 248.8 249.5 248.8 243.1 233.5 228.2 237 245.1 250.1 253.2 255.7 259 261.4 263.9 266.8 270.3 273.3 276 280.1 283.5 285.7 287.7 289.3 291 292 293.1 293.9 293.7 292.7 292.3 292.1 291.8 291 290.3 289.6 288.6
234.6 236.7 238.6 240.5 241.6 242.3 242.6 242.2 240.8 238.8 236 228.9 209 193.1 197.2 201.9 207.1 209.1 212.4 216 219.4 222.8 225.9 228.4 231.1 233.2 235.3 236.7 237.2 236.9 236.6 234.7 233.6 231.7 231.9 234.3 236.5 238.8 240.8 242.8 244.6 246.2 247.5 247.5 244.6 233.2 226.7 235.6 243.2 248.9 252.1 255.1 257.5 260 262.5 265.8 268.9 272.6 275.1 279.1 281.8 284.6 287 287.2 290.5 291.4 292.7 293.5 293.5 293.1 292.3 291.5 291.2 290.6 289.8 288.7 287.8 286.9
234.7 237.1 239.6 241.4 242.2 242.5 242.4 241.7 240.1 237.1 233.7 226.5 212.2 191.8 196.6 202.9 207.4 211.7 215.4 218.3 221.7 224.3 226.7 229.1 231.3 233.7 235.2 236.5 236.6 236.3 235.7 233.7 231.4 230 231 233.3 235.7 238.2 240.3 242.2 243.7 244.6 245.7 244.7 235.1 225.6 233.6 242.5 247.5 251.1 253.9 256.1 258.4 260.9 263.5 266.6 270.2 273.5 276.4 279.6 281.9 285.2 287.5 289 290.5 291.6 292.1 292.5 292.5 292.1 291.4 290.6 289.7 289.1 288.4 287.2 286.1 284.8
235.4 238.6 240.8 242.3 242.7 242.2 241.6 240.6 237.4 234.7 228.9 221.8 207.7 192.9 198.3 207.5 211.8 215.2 218.4 220.4 222.9 225.2 227.2 229.6 231.4 233.2 234.7 235.7 236.1 235.7 234.7 233.2 230.3 228.2 230.7 233.4 235.8 237.6 239.7 241.1 242.2 242.9 243.2 240.8 226 227.5 238.1 244.8 248.5 251.9 254 256 258.3 261 263.5 266.5 270 272.5 276.8 279.9 282.8 284.8 286.7 288.5 289.7 290.8 291.2 291.5 291.3 290.9 289.8 289.1 288.3 287.4 286.5 285.3 284.1 282.7
235.9 239.2 241.7 243.3 243.4 242.2 241.1 239.1 235.9 230.3 223.9 218.4 203.3 191.2 199.3 210.6 213.7 217 219.2 221.3 223.4 225.9 227.9 229.7 230.6 231.9 233.5 234.9 235.3 234.8 233.7 232 228.8 226.4 230.3 233.4 235.6 237.3 238.8 239.7 240.1 240.2 239.5 234.6 222.5 231.2 240.4 245.2 248.7 251.5 253.6 255.8 258 260.5 263.2 266 269 272.3 274.9 277.5 280.4 282.9 284.8 286.6 288.2 289.3 290 290.2 290 289.5 288.4 287.3 286.1 285.6 284.4 283.2 282 280.5
236.3 239.4 241.7 242.7 243 242.2 240.5 238.1 234.1 228.8 221.7 216.3 199.3 190.9 200.8 211 215 218.4 220.5 221.9 223.9 225.7 227.4 228.7 230 231.6 232.9 233.8 234.2 233.9 232.9 231.2 228 224.8 229.6 232.4 234.7 235.7 236.8 237.3 236.9 236.6 234 223.9 223.6 234.6 241 245.2 247.5 249.7 250.9 253.7 255.6 257.7 260.4 263.8 266.6 270.3 272.8 275.4 278.2 280.6 282.8 284.7 286.6 287.8 288.6 288.6 288.4 287.9 286.7 285.6 284.5 283.4 282.2 281 279.8 278.6
236.9 239.1 240.7 241.8 241.8 241.1 239.9 236.6 232.5 227.9 221.4 208.1 190.9 190.6 202.2 211.2 216.9 219.7 221.6 222.7 223.5 225.2 226.6 227 228.3 230.3 231.5 232.2 232.4 232.8 231.8 229.7 226.4 223.2 227.7 230.5 232.3 233.8 234 233.9 233.2 230.3 223.1 217.7 227.7 234.2 238.8 242.2 243.8 246 247.5 249.3 251.3 254.4 257.9 261.2 264.9 267.4 270.8 273.4 276.6 278.9 281 283.2 284.4 286 287 287.5 286.8 286 285 284 283 281.7 280.1 279 277.9 277.3
235.9 238.3 239.4 240.4 240.2 239.6 238.2 235.1 231.3 226.8 220.6 199.3 189.9 197.1 204.9 213.5 217.9 220.9 221.8 222.7 223.3 224.3 225 225.7 226.5 227.7 229.1 229.3 231 231.2 230.6 228.4 224.7 221.6 225.1 228.2 229.8 231.1 231.2 230.5 228.7 221 217.2 220.3 226.3 231.1 234.6 237.3 238.6 240.6 243.3 245.2 247.5 250.7 254.4 258.1 261.4 265 267.9 271.3 275 277.7 279.9 282 283 284.2 285.1 285.8 285.6 284.8 283.9 283 281.6 280.1 278.8 277.7 276.5 276.5
235.2 237.2 238.2 238.7 239 238 236.5 233.5 230.1 225.9 218.5 200.5 188.7 203.3 209.7 215.1 219.2 221.1 221.7 221.9 222.6 222.8 223.2 223.6 224.5 225.9 227.4 227.9 229.1 229.6 229.2 227.4 223.2 219.6 222.4 225.3 227.2 228.3 227.7 228.7 222.5 216 217.5 218.9 223.5 226.3 230.2 233.4 237.1 239.2 242.2 245.9 247.9 250.1 252.6 255.8 259.1 262.6 266.5 270.7 274.1 276.2 278.3 280 281.6 282.8 283.7 284.3 284.2 283.6 282.9 282 280.2 279.1 278.3 277 276.1 275.6
234.3 236.2 237.2 237.7 237.8 236.7 234.8 232.1 229.1 225.4 218.2 201.2 188.1 199.3 210.9 215.1 218.7 219.1 219.8 219.5 220.4 220.4 220.7 220.6 222.2 223.7 222.4 226.2 227.3 227.8 227.6 225.9 222.6 218.5 219.5 222.7 224.4 224.8 223.3 222.4 217 216.8 220.8 223.1 225.4 227.5 231 235.6 239.9 242.8 248 251.8 254.3 255 256 257.7 259.7 262.8 266 269.7 273.2 275.3 276.9 278.2 279.9 281.3 282.4 283.4 283.5 282.7 281.5 280.4 279.1 277.9 276.9 275 275.3 275.1
232.8 235 236.1 236.3 236.5 235.5 233.2 230.4 227.6 224.7 217.6 200.4 186.2 198.6 209.2 213.5 215.4 216.4 216.5 216.2 216.8 217.1 217.1 218.1 219.7 220.2 223.1 224.7 225.4 226 225.7 224.3 221.6 217.4 215.8 218.9 220.7 219.2 218.3 214 212.8 219.7 224.7 228.6 230.7 231.7 234.3 238.3 242 246.3 250.3 253.8 256.8 258.6 259.9 261.3 263 264.9 266.6 269.2 271.3 273.8 275.7 277.2 278.7 280.3 282.2 282.7 282.3 281.8 280.1 279.1 277.4 276.3 275.7 275.2 274.6 275.2
231 233.3 234.2 234.6 234.8 233.9 231.7 229.3 226.8 223.5 217.1 198.5 187.4 195.4 203 210.7 211.9 212 212 212.3 212.5 213 214.2 215.6 217.6 219.8 221.3 222.3 223.4 224.2 224 223.1 221.3 218.2 213.3 213.2 214.7 214.4 211.6 210.8 213.6 221.7 226.4 230.5 233.3 235.5 237.2 239.7 243.1 247.9 251.5 254.7 257.5 260.2 262.2 264 265.7 267.3 268.5 269.9 272.1 273.9 275.5 277.3 279.1 281.1 282.5 282.5 281.8 280.2 278.6 276.9 275.6 275.1 274.2 273.9 274.3 275.3
228.8 230.9 232.6 233.1 232.5 232 230.6 227.7 224.6 221.2 213.5 198.5 185 186.5 199.6 204.6 207.7 207.4 207.6 208.8 208.8 208.3 211.5 214.5 217.2 218.4 219.6 220.4 221.5 222.3 222.6 221.6 220.1 217.7 212.4 208.8 208.6 208.6 208.9 210.7 217 223.2 227.7 231.8 234.7 237.7 239.4 242 245.2 249.4 252.7 255.3 257.7 260.1 262.9 265.4 267.3 269.1 270.7 272.6 274.3 275.3 276.2 277.8 279.8 281.4 281.9 281.6 280.2 277.6 275.1 274.3 273.7 273.6 273.7 273.2 274.5 275.2
226.6 229 230.8 231.8 231.8 231.3 229.9 226.8 223.3 216.6 207.7 199.3 188 185.9 192.7 199 200.9 202.1 202.7 202.4 204.2 208.5 211 214 215.7 217.1 217.9 218 218.8 219.4 219.3 218.7 217.2 214.2 207.5 205.8 205 206.6 209.3 214.9 221.1 226.2 229.9 233 236.3 238.3 240.6 243.5 246.2 248.7 251.9 255 257.4 260.1 263 265.7 268.6 270.8 272.4 274.1 275.4 275.8 276.2 277.8 279.6 280.3 280 279.1 277 274.5 273.2 273.3 272.7 272.1 273.4 273.7 274.3 275.3
224.3 227.5 230.9 231.7 231.1 230.8 229.6 226.1 220.6 214.3 208.9 198.6 187.3 184.7 189.1 193.3 194.5 195.7 200.8 204.2 206.7 208.5 210.5 213.3 214.3 215.2 215.9 215.5 216 216.2 214.6 213 211.7 206.8 203.2 203.4 205.9 209.3 214.5 221.1 225.5 228.9 231.4 233.7 236.1 238.5 240.8 243.2 245.4 247.8 251.4 253.8 256.8 259.8 263.4 266.9 268.7 270.9 270.7 274.2 275.5 275.7 276.3 277.2 277.7 277.4 276.7 274.8 272.9 272.9 272.1 272.5 271.6 272.3 272.8 273.5 274.1 274.8
222.9 226.8 229.1 231 230.9 230.4 228.6 224.3 218 211.4 202.4 190.4 184.4 183.9 185.9 190 195 201.2 204.2 206.6 208.4 209.7 211.3 213.2 213.4 214.4 214.1 213.7 213.2 211.7 209.5 205.3 201.2 200.5 202.7 205.6 210.2 215.9 222.2 226.2 228.7 230.3 232.2 234 235.4 237.4 239.4 241.5 243.8 246.6 249.7 252.9 255.7 259.1 262.4 265.5 269 271.5 273.1 274.8 275.8 276.4 276.7 275.8 275.5 273.3 271.5 270.5 270.6 271.1 271.5 271.3 272.2 272.6 273.1 273.5 274.7 275.5
221.3 224.1 227.3 228.9 229 228.1 226.9 221.2 215.3 208.8 198.1 187.3 183.6 184.9 188.3 194.7 200.1 203.6 206.3 207.9 209.8 211.1 212.3 213.6 214.2 214 212.8 209.9 208.6 207.2 203.1 198.1 200.2 203 206.6 211.9 218.2 222.9 225.9 228.2 230 231.1 232.2 233.1 234.4 235.5 237.6 239.9 242.5 245.4 248.1 251.9 254.5 257.8 261.9 265.2 269.2 272.2 274.4 275.5 276.3 276.9 276.6 275.2 272.6 270.3 270.1 270 271.1 271.5 272 272.3 272.9 273.1 273.8 274.8 275.5 276.8
219.8 223.2 226 228.5 227.8 225.2 224.6 218.2 213.5 206.6 195.6 184.9 182.5 185.9 191.7 198.2 203.5 206.3 208.5 210 210.8 211.9 212.9 213.5 214.1 213.7 211.6 208.3 205.1 199.6 196.5 198.4 202.8 208.7 213.1 218.5 222.1 225 227.3 229.2 230.6 231.1 231.4 232.2 232.5 232.9 234.8 238.1 241.2 244.3 247.4 250.7 254.1 257.6 261.9 265.5 269.4 272.5 274.6 275.8 276.5 276.8 275.1 273.2 269.8 269.1 270.7 271.7 272.5 273.5 273.2 273.4 273.6 274.5 275.2 276.3 278 279.6
218.8 222 223.8 224.3 224.4 223.6 221.5 218.4 212.5 205.4 194.2 186.9 183 187.4 195.1 200.7 205.5 208 210 211.2 211.5 212.6 212.9 213.4 213.5 212.3 209.1 207.3 201.5 195.4 196.8 201.4 204.8 212.2 217.1 221 223.5 226 227.4 229.7 230.8 230.3 230.3 229.5 229.1 229.9 233.2 237.4 241.4 244.7 247.7 251.1 254.2 257.9 262.3 266.9 269.6 272.2 273.9 274.7 275.6 274.8 272.6 269.6 268.4 271 273.7 274.8 276.1 276.8 276.2 276.5 276.1 276.3 277.6 279.2 280.9 282.6
215.8 219 220.7 220.7 221.9 222.6 219.8 217.3 213 206.3 201.8 191 182.6 188.2 197.6 202.3 206.4 209.1 211.6 212.1 212.5 212.4 212.6 213 212.4 211.2 208.4 202.2 195.5 194.7 196.8 203.3 208.5 212 217.4 221.9 224.6 226.5 227.3 228.5 229.7 228.9 227.7 226.3 226.9 230 233.3 237.3 241 244.1 247.2 250.3 255 259.3 263.7 266.8 270 271.8 273.1 273.5 273.3 271.9 269 267.1 269.3 272.5 275.1 276.8 277.9 278.9 279.5 279.5 279.4 278.4 280.2 281.1 283.3 284.7
212.3 215.7 218.9 219.5 219.5 219.4 219 217.4 213.3 209.3 204.8 195.6 183.3 182.1 195 202.3 207.2 210.1 212 212.7 212.9 212.2 212.3 211.7 210.2 208 202.3 195.2 193.4 195 200.9 205.3 210.4 214.1 217.9 220.6 223.7 226.1 226.8 227.6 227.2 226.7 224.9 224.3 226.4 229.2 232.2 236 239.4 242.7 246.4 250.7 255.9 260.7 264.5 267.5 270.2 271.2 271.7 271.5 268.6 266.8 266.5 266.8 270.5 273.8 276.1 278.1 279.7 280.8 281.8 282.3 281.9 281.5 282.3 283.6 285.2 286.5
208.1 212.4 213.4 219.7 218.8 218.7 217.3 216.4 212.2 210 203.1 198.8 186.9 179.8 190.8 201.4 207.2 210.3 212 213.2 212.6 211.8 210.9 209.1 206.2 200.8 194.6 191.6 193 198.2 202.8 207.5 212 216.4 219.8 221.3 223.1 224.8 226.5 226.8 225.7 224.7 222.7 221.5 224.1 227.3 229.4 233 237.3 241.5 245.9 250.7 257.1 261.1 264.4 267.1 268.9 269.7 268.7 265.6 264.9 265.6 267.4 270.9 272.9 275.1 277.3 279.3 281.1 282.4 283.2 283.7 283.6 283.3 284.1 285.7 287.2 287.9
207.4 210.3 211.6 215.8 215.2 217.1 217.1 215.5 213.1 207.6 203.2 196.9 188.4 179.8 188.9 199.8 206.1 209.1 211 211.9 211.2 210 209.2 206.1 201.7 195 190.5 191.3 195.8 200.4 204.5 208.9 212.6 216.6 219.9 222.3 224.3 224.7 223.6 225 218.9 215.7 218.8 218.8 222.7 224.5 227.5 231.5 236.7 241.2 245.9 251.8 256.4 260.5 263.3 265.3 266.2 265.1 262 262 266 270.1 272.8 274.3 275.1 276.6 278.9 280.6 281.8 283.1 284.2 285 285.1 284.7 285.7 287.4 288.1 288.3
206.3 209 210.5 214.3 215.3 216.1 216.1 215.1 213 206.7 202.8 193 181.9 178.9 188 198 203.3 204.5 207.7 209 208.8 207.2 206 203.1 196.9 189.6 189.9 191.7 198 203.3 207.1 210.4 214.2 216.9 219.2 221.4 223.3 222.9 221 213.9 214.7 220.7 223.3 223.5 223 224.5 225.5 227.6 234.7 241.1 246.7 251.3 255.3 258.3 260 260.3 258.8 258.9 260.6 265.5 270.8 273.8 275.4 276.3 277.3 278.9 280.1 281.2 282.4 283.6 284.6 285.1 285.5 285.6 286.4 287.1 287.7 287
204.9 208 210.1 212.1 214.9 215.8 214.9 215.3 212.5 206.7 200.5 182.3 178.8 181.5 189.4 192.7 196.9 200.1 202.8 203.8 203.5 201.4 199.8 193.8 188 188.5 190 191.2 199.8 206.1 209.6 213 216 217.8 219 220.4 220.7 219.3 211.2 211.3 219.9 224.2 225.5 226.7 226.8 226.1 224.6 227.8 229.8 236 241.3 246.4 250 252.4 252.4 251.7 257.3 261.8 265.6 270.5 273.4 275.8 277.2 277.9 278.6 279.8 280.8 281.4 282.6 283.6 284.4 284.4 284.5 284.9 285.8 286.7 286.9 286.3
204.5 207.1 209.9 211.9 213.2 215.5 215.2 213.7 210.2 205.9 191.8 177.7 177.7 178.3 178.8 180.2 183.1 187.2 191.5 191.8 190.2 187.6 187.3 186.1 187.3 188.7 190.4 192 195.8 208.3 213.6 216 217.7 217.5 218.6 218.5 217.6 211.3 209.9 215.4 223.4 226.5 228.4 230 230.3 230 227.1 226.9 228.3 235.1 240 243.2 247 251.4 256.7 259.9 262.5 265.5 269.5 272.5 275 277.1 278.5 279.1 279.2 280.2 280.2 281.2 282 282 282.3 282.4 282.6 283.3 283.8 284.9 284.8 283.5
205.3 207.4 210.9 211.6 213.6 213.9 214.1 214 210.4 205 187 175.1 177.8 180.4 180.1 181.4 181.7 182.1 181.5 181.4 181.4 184.4 187.2 193.3 200 194.2 190.3 192.2 195 211 215.6 217.2 217.5 211.6 206.5 208.7 208.7 208.5 214.4 220.2 226.2 228.4 231.5 233.8 235.6 234.7 234.4 237.3 240.2 242.9 247.1 250.8 254 257.9 262.2 264.3 266.5 268.8 271.9 274.4 276.2 277.9 279.1 279.6 278.9 279.2 279.2 279.4 278.6 279.5 279.8 279.7 279.9 280.2 281.1 281.2 281 279.8
206.5 208.7 211.3 211.7 213.2 213.1 213.9 212 210.2 205.9 183.7 176.2 180 184.5 188.3 190.5 191.4 189.3 189.4 189.1 191.3 195 199.8 205.1 208.8 210.1 211.5 211.1 201.7 200.9 210.9 212.2 202.6 203.2 205.2 206.1 210.5 217.1 220.6 225.2 229.2 232.6 235.3 239.2 241.6 243 242.2 244.8 248.5 251.1 253.5 256.1 259.4 261.6 266.4 269 269.7 272.1 274.1 275.8 277.5 278.4 278.8 279 278.4 277.6 276.6 275.8 275.7 275.8 275.6 275.1 274.4 276 276.4 277 276.8 273.2
209.3 211.3 212.9 212.8 213.4 213.2 212.8 211.6 209.1 203.1 180.4 176.7 185.6 193.7 197.9 200.5 200.7 197.8 198.2 198.6 200 202.7 207.3 210.7 212.8 215.3 216.9 216.6 213.1 205.2 201.8 202 207.6 211 216.3 219.2 221.4 224.2 226.9 231 234.3 238.9 242.6 246.7 247.4 250.6 250.2 252.2 256.2 258.6 260.6 263 265.3 266.9 268.5 271.3 273.2 273.8 275.8 276.5 277.2 277.8 277.9 277.3 276.6 275.4 273.5 271.6 272.3 272.4 272.2 271.7 270.5 270.7 270.9 271.5 271.4 272.4
211.9 213.5 213.9 213.6 213.4 212.5 211.2 210.1 207.7 200.1 178.8 175.7 185 196.8 200.3 203.4 204 204.3 205 205.4 207.4 210.1 212.6 214.6 216.4 217.6 218.2 218.4 218 215.8 211.1 208.8 213.7 219.5 223.6 227.7 229.6 231.5 235.5 238 243.1 246.8 250.5 253.6 255.2 255.5 257.3 258.7 261.8 264.9 266.8 269.1 270.4 271.5 273.2 273.8 275 275.5 275.5 276.2 276.4 276.4 276.1 275.4 274.5 271.7 267.5 267.7 269.1 269.2 269.8 269.6 269.7 269.9 270.9 270.4 272.1 276.8
213.8 213.9 213.9 213.9 212.8 211.7 210.5 208.5 205.2 197.3 179.3 175.1 183.2 195.2 201 204.3 206.1 207.7 209.4 211.1 213.1 214.9 215.8 217.3 218.1 218.8 219.1 219.4 219.3 218.5 216.5 216.2 219.1 224.7 229.7 233.1 236.5 240.3 243.8 246.3 249.8 253.4 255.9 258.4 260.4 261.7 262.5 262.1 265.3 268.8 271.5 272.9 274 275.2 275.7 276.1 276 275.6 275.4 274.3 274.7 274.2 273.7 272.9 270.6 267.1 267.2 267.3 267.7 267.8 268.6 268.9 269.6 271.2 272.7 273.3 275.2 278.3
213.8 213.6 213.5 212.4 210.4 208.5 207.6 206.2 203 196.1 177.3 174.9 182 194 200.5 204.3 207.5 209.4 212.6 213.7 215.8 217.4 218.3 218.5 219.3 219.3 219.3 219.6 220.2 220 218.8 219.7 222.8 228.2 232.8 236.5 241.2 244.7 247.9 251.5 254.5 257.6 259.9 262.8 264.8 266.5 266.4 266.7 269.1 271.9 274 275.6 276.5 277.2 277.6 277 276.1 275 273.8 272.4 271 270.2 270 269 266.9 266.9 271.2 271.8 270.8 269.3 269.2 271 273.5 275.7 276.8 277.7 278.1 279.3
