public/OST50/SX19.asc
ncols 200
nrows 200
xllcorner 210000
yllcorner 90000
cellsize 50
[rows 144 to 179 of 200, columns 0 to 79 of 200]
-2.1 -2.1 -2.1 -2.1 -2.1 -2.1 -2.1 -2.1 -2.1 -2.1 -2.1 -2.1 -2.1 -2.1 -2.1 -2.1 74.9 94.9 114.7 130.7 141.2 142.1 142.6 143.8 144.1 145 146.5 149 151.6 154.5 158.2 161.6 163.6 164.4 166.4 169.2 171.5 173.4 175.8 178.9 182.7 185.6 188.2 190.8 193.1 195.1 197.1 199.2 200.9 202.6 204.7 206.6 208.2 209.9 210.7 211 212.1 212.1 212.3 213.9 216.9 219.3 221.3 223 224.1 225.7 228.2 230.4 232.9 236.3 239 240.9 242.4 242.7 243 242.4 242 240.9 239.6 239.4
-2.1 -2.1 -2.1 -2.1 -2.1 -2.1 -2.1 -2.1 -2.1 -2.1 -2.1 -2.1 -2.1 -2.1 -2.1 58.6 78.1 95.8 112.6 125.6 134.9 140.3 142.1 143 144.2 145.2 147.4 149.4 151.7 154.6 157.7 161.2 163 163.5 164.8 167.7 170.2 171.8 174.2 177.3 180.9 184 187 189.6 192.1 194.4 196.3 198.1 199.8 201.6 204 206.1 207.9 208.5 209 206.2 208 208.4 207.1 209.4 212.7 214.7 216.7 218 219.3 222.2 225.2 228.1 231 234.2 237.1 239.4 240.7 241 241 240.5 239.3 238.2 236.6 235.3
-2.1 -2.1 -2.1 -2.1 -2.1 -2.1 -2.1 -2.1 -2.1 -2.1 -2.1 -2.1 -2.1 -2.1 -2.1 57 76.8 93.7 108.7 121.1 130.1 136.6 139.6 142.2 144.1 145.6 147.4 148.7 150.3 152.5 154.5 158.6 160.9 161.6 162.3 163.8 167.6 169.7 171.2 173.6 177.7 182.1 185.5 188.7 191.4 193.6 195 196.5 198.1 200 202.2 203.7 205.2 205.3 205.2 205.9 205.5 202.8 202.5 203.8 207.2 209.8 213 214.9 216.8 218.9 223 226.8 229.8 232.6 235.5 237.5 239.1 239.4 239.2 238.4 237.1 235.7 234 232.1
-2.1 -2.1 -2.1 -2.1 -2.1 -2.1 -2.1 -2.1 -2.1 -2.1 -2.1 -2.1 -2.1 -2.1 -2.1 60.9 80.3 97.6 110.1 120.9 129.3 135.3 138.9 141.6 144 145.4 146.4 147.3 148.2 149.6 151.3 154.4 157.2 158.9 159.5 159.3 161.3 164.3 166.7 169.7 175.3 179.7 183.7 187.2 190.5 192.3 193.3 194.1 195.4 198.7 200.3 202 203 202 199.2 197.7 196.4 197.1 198.7 200.3 202.5 205.3 208.1 212 215.2 218.6 222.1 225.1 228.4 231.6 234.2 236 237.5 237.7 237.1 236.3 235 233.5 231.4 229.4
-2.1 -2.1 -2.1 -2.1 -2.1 -2.1 -2.1 -2.1 -2.1 -2.1 -2.1 -2.1 -2.1 50.1 59.5 73.4 87.5 104.3 116.5 125.3 131.7 135.7 137.9 140.2 142.3 143.9 144.6 145.3 146.1 146.9 149.2 151.8 153.1 153.7 154.7 155 155.2 156.4 159.1 164.4 170.6 175.8 179.6 183.9 187.7 190 190.5 190 190 194.4 197.7 201.1 201.7 199.8 196.3 192.7 190.3 192.9 197.3 200 202.8 205.3 208.8 212.5 216 219.2 221.9 224.1 227.9 230.5 233 234.6 235.8 236.1 235.6 234.8 233.1 231.2 229 227
-2.1 -2.1 -2.1 -2.1 -2.1 -2.1 -2.1 -2.1 -2.1 -2.1 -2.1 -2.1 60.3 70.6 74.9 86.3 97.5 109.8 120.1 128.1 132.2 135 136.4 138.6 139.9 141.3 142.5 143 143.3 143.7 146.9 149.3 150.9 149.7 148.5 148.8 148 149.5 152.5 156.7 163.3 167.5 171.4 175.2 178.6 181.7 183.2 183.6 185.2 188.2 193.9 199.3 199 196.6 192.5 186.8 191 193.6 196.5 200 203.4 206.5 209.5 212.5 216.4 219.6 222.4 225.4 227.5 229.5 231.7 233.4 234.3 234.8 234.2 233.4 231.7 229.4 227.1 224.9
-2.1 -2.1 -2.1 -2.1 -2.1 -2.1 -2.1 -2.1 -2.1 -2.1 -2.1 49.6 73 86.4 88.4 96.6 105.8 114.6 122.8 127.9 131.4 133.6 134.9 136.2 136.7 137.6 138.4 139.7 140 140.2 142.7 145.1 147 146.8 144 143.8 143.4 144.9 148.1 152.6 157.8 161 164 167.3 170 170.5 171.7 171.9 175.8 182.3 188.1 194.8 192.1 187.7 182.8 185.4 190.2 193.1 196.2 199.7 202.9 206.6 209.7 212.6 215.9 219.7 222.4 224.7 226.9 228.5 230.4 231.9 233 233.3 232.8 232 230 227.8 225.6 223.3
-2.1 -2.1 -2.1 -2.1 -2.1 -2.1 -2.1 -2.1 -2.1 -2.1 -2.1 -2.1 79.9 94.8 99.1 104.7 112.3 118.8 123.7 126.9 129.7 132.1 133.7 133.7 133.7 133.6 134.3 134.6 135 135.3 137.3 139.8 141.5 141.7 139.8 138.4 137.1 139.1 143.5 147.3 152.1 154.3 155.6 157.1 159.6 161.2 163.1 164.8 167.5 170.9 175.2 179.9 181.4 178.3 179.1 185.2 188.9 192.7 195.8 199.3 203.2 205.4 209.6 212.6 215.4 218.9 221.3 223.6 225.6 227.3 229.1 230.6 231.7 231.9 231.6 230.7 229.1 226.9 224.7 222.3
-2.1 -2.1 -2.1 -2.1 -2.1 -2.1 -2.1 -2.1 -2.1 -2.1 -2.1 65.3 84.7 99 106.4 110.5 114.8 119.7 123.3 126.3 128.6 130.9 131.6 130.7 129.5 129 128.8 129.5 129.8 130.8 132.4 133.5 134.2 136.1 135.4 132.1 130.6 132.5 135.5 139.8 144.7 147.3 147.9 150.2 152.4 155.7 159.3 161.2 162.8 165.2 166.1 169.6 171.5 175.9 180.7 185 188 191.2 194.6 197.7 202 205.1 208.4 212.3 215.2 218 220.2 222.4 224.2 226 227.8 229.4 230.1 230.7 230.7 229.6 228.3 226.4 224.1 221.6
-2.1 -2.1 -2.1 -2.1 -2.1 -2.1 -2.1 -2.1 -2.1 -2.1 55.8 76.3 90.2 100.4 105.9 109.3 114.2 118 123 125.6 128.1 129.6 130.1 128.2 126.1 124.2 123.3 123 124.8 125.7 126.6 126.7 125.4 125.6 123.2 119.6 121.5 123.9 126.5 130.1 132.8 133.7 139 141.8 145.7 150 152.9 156.3 159.2 162.2 164.4 166.4 172.4 175.6 178.8 183.9 187.2 190.1 193.1 196.4 200.4 204.2 207.3 211.2 213.8 216.5 218.9 220.7 222.6 224.6 226.2 227.6 228.3 229 229.5 228.5 227.3 225.8 224.2 222.1
-2.1 -2.1 -2.1 -2.1 -2.1 -2.1 -2.1 -2.1 -2.1 -2.1 57.2 79.7 95 98.6 99.9 103.9 110.9 117.1 122.5 126.3 128.2 128.7 127.9 125.1 120.8 118.1 113.5 112.3 114.3 117.9 114.6 109.3 110 111 111.9 121.8 128.5 132.3 134.5 135.7 138 141.9 145.7 150.5 153.1 153.4 157 160.7 163.3 165.1 168.4 171.7 175.3 177.6 180.4 183.2 185.4 189.1 192.4 196 200.2 203.2 206.7 210 212.9 215.3 217.4 219.3 220.6 222.4 224.5 225.8 226.6 227.2 228.1 227.7 226.5 225.3 223.8 222.4
-2.1 -2.1 -2.1 -2.1 -2.1 -2.1 -2.1 -2.1 -2.1 -2.1 55.9 74.2 88.1 88.7 91.2 97.3 106.5 114.4 121.2 125.8 127.4 126.5 123.5 118 114.9 110.5 103.2 100 100.7 101.4 100.7 100.8 104 112.3 120.1 126.2 132 135.9 138.2 140.4 142.4 144.9 148.7 152.7 155.8 158.4 160.2 162.7 165.9 168.9 171.7 174.3 176.2 179.4 182.2 184.6 186.9 189.4 192.1 195.6 199.1 202.1 205 207.3 210 212.6 214.6 216.3 218.3 219.7 222.1 223.7 224.8 225.6 226.4 226.6 225.8 224.8 223.6 222.3
-2.1 -2.1 -2.1 -2.1 -2.1 -2.1 -2.1 -2.1 -2.1 -2.1 48 66.3 75.4 77.1 82.5 93.6 102.3 110.1 117 121.8 124 122.8 118.8 113.1 104 94.9 88.3 90 92.2 94.6 97.2 107.4 114.4 119.2 123.3 128.6 134 137.9 140.1 143.1 144.5 147.5 150.6 154.6 157.9 160.5 162.7 164.8 167.5 170.5 173.3 176.6 179.4 181.9 184.2 186.5 188.5 190.4 192.9 195.9 198.8 201.6 204.2 206.4 208.3 210.3 211.7 213.1 214.7 216.3 218.9 221.1 222.5 223.4 224 224.5 224.2 223.3 222.5 221.7
-2.1 -2.1 -2.1 -2.1 -2.1 -2.1 -2.1 -2.1 -2.1 -2.1 -2.1 53 61.3 69.9 81.1 93 99.9 105.6 111 115.4 118 117.8 112.8 99.4 74.7 79.5 89.7 95.6 99.3 103.8 108.8 113.8 118.3 121.9 125.8 130.7 135.8 138.9 142 143.8 146.2 149.2 152.5 156 159.9 162.5 165.1 167.4 169.8 172.5 175.1 177.7 180.7 182.6 185.9 187.8 189.9 192.1 193.7 195.9 198.7 201 202.9 204.9 206.9 208.3 209.3 209.4 210.8 212.4 215.1 217.2 218.9 220.2 221.3 221.9 221.3 220.3 220.4 220
-2.1 -2.1 -2.1 -2.1 -2.1 -2.1 -2.1 -2.1 -2.1 -2.1 -2.1 -2.1 64.1 73.2 80.3 86.6 90 94 101.9 108.7 111.4 111.4 100.9 82.5 84.9 91.7 89.2 95.5 102.4 107.5 112 117.4 123 126.5 129.4 133.2 137.4 140.7 142.7 144.8 147.1 149.9 154.1 157.8 161.1 163.9 166.9 169.3 171.4 173.6 175.8 177.9 180.7 183.3 185.5 187.7 189.9 191.9 193.8 195.8 197.9 200.4 201.6 202.7 204.3 205.5 205.8 206 206.9 208.5 210.4 213 215.1 216.5 217.8 218.3 217.6 217.3 217.4 217.4
-2.1 -2.1 -2.1 -2.1 -2.1 -2.1 -2.1 -2.1 -2.1 -2.1 -2.1 -2.1 -2.1 -2.1 -2.1 58.7 59.2 66.6 72.1 88.3 89 84.5 68.5 75.1 94.4 103.6 103.3 103.1 102 106.7 113 119.4 125.1 129.6 133.2 135.8 139.3 143.2 146 146.6 148.6 150.9 154.4 159.1 162.1 164.9 167.5 169.5 171.5 173.4 175.9 178.2 180.5 182.9 185.1 187 189.2 191.3 193.1 194.6 196.2 197.8 199.4 200.3 201.1 201.9 201.3 202.1 203.1 204.8 206.8 209.4 211.8 213.2 214.5 215 214.9 214.7 214.9 214.8
-2.1 -2.1 -2.1 -2.1 -2.1 -2.1 -2.1 -2.1 -2.1 -2.1 -2.1 -2.1 -2.1 -2.1 -2.1 1.7 40.6 53.3 54.7 56.5 59.1 69.8 85.7 103.8 108.6 109.3 108.9 109 108.2 109 113.4 119.3 124.8 129.4 134.4 137.2 139.7 143.7 148.3 149.8 151.1 152.2 154.3 157.8 160.9 163.9 166.5 168.1 169.6 171.8 174.4 176.9 179.6 181.5 183.9 186.1 188.3 190.6 192.2 193 194.4 195.7 195.9 196.1 195.9 195.7 195.2 196.3 198 200.1 203.2 205.9 208.5 210 211.5 212.1 212.5 212.1 212.4 211.8
-2.1 -2.1 -2.1 -2.1 -2.1 -2.1 -2.1 2.7 2.7 -2.1 -2.1 -2.1 -2.1 -2.1 1.3 2.6 18.7 78.1 79.7 76.8 75.9 92.2 111.9 114.7 114.3 114.6 114.2 114.5 114.6 114.3 115 118.5 123.5 128.7 132.2 139.2 142.3 144.6 147.6 149.7 150.8 152.3 154 156.1 158.7 161.1 163.4 165.5 167.8 170.5 173.2 174.8 176.6 179.2 182.2 184.3 186.2 188.3 190.3 191.7 192.4 192.8 192.3 190.2 189.2 189.4 189.3 190.6 192.8 195.8 199.1 202.4 205 206.8 208.6 209.1 209.4 209.4 209.4 209.7
-2.1 -2.1 -2.1 -2.1 -2.1 -2.1 40.7 41.1 36.8 -2.1 -2.1 0.5 1.9 20.1 29.4 29.8 36.9 95.8 99.7 101.8 99.9 108.3 113.3 115.6 116.7 118 118.4 118.2 117.5 117.9 118 119.7 123.3 128.7 133.1 137 139.9 142.7 145.8 147.9 149.4 151.2 153.5 155.8 157.8 159.8 162 164.1 166.5 168.7 170.8 173 175.6 177.6 179.8 182.2 184.3 186.4 188.3 189.7 190.5 190.8 189.5 187.1 185.2 184.6 183.8 185.8 188.9 192.1 195.7 199.4 202.5 204.3 206 206.3 206.1 205.8 205.8 206.3
-2.1 -2.1 -2.1 54.1 62 65.9 65.7 62.7 56.8 43.3 2 37.9 49.6 55.5 58.4 59.9 65.1 99.2 103.5 106.8 109.6 111.4 114.2 116.2 118 120.3 121.1 120.7 121 120.9 121.3 122.8 124.1 126.8 131.4 134.2 136.8 140.3 143.8 146.6 148.6 150.6 152.9 154.5 157 159 161 163 164.9 167.3 169.2 171 174 176.1 178 180.5 182.7 184.8 186.2 187.6 188.2 188.3 187.1 184.8 182.3 180.1 178.6 181.4 184.7 188.7 192.6 196.6 199.9 202.1 203.5 203.6 203.3 202.9 202.7 202.9
53.2 -2.1 -2.1 69.2 78.4 81.5 83.4 79 74.1 68.7 46.4 72.8 73.7 80.5 83.8 86.4 87 101.8 105.2 109.1 112 114.4 116.6 118.5 121.3 123.6 124.6 124.8 125.2 126.6 127.3 126.9 126.5 128.9 130.6 133.4 136.4 139.9 142.9 145.2 147.4 150.2 152.7 154.6 156.7 158.7 160.7 162.4 164.1 165.6 167.4 169.2 171.4 173.4 175.9 178.9 181 183.4 184.7 185.9 186.5 186.4 185.6 183.5 179.5 173.6 173.4 177.4 181.9 186 190.3 194.8 198.1 199.9 201.1 201 200.5 200 199.8 200.3
70 59.5 71 80.8 91 92.1 88.8 83.3 77.8 73 72.6 73.7 76.4 82.1 89.2 94.6 98.9 103.3 106.8 110.2 113.5 116.6 118.9 121.5 124 126 127.7 128.4 129.1 130.2 130.8 130.4 130.2 130.4 132.8 134.7 137.2 139.4 142 144 146.7 149.4 151.7 153.5 155.9 157.9 159.7 161.5 163 164.2 165.6 167.6 169.7 171.7 174.1 177 179.2 181.1 182.7 184 184.8 185.2 184.2 182.7 178.6 167 166.7 173.9 179.3 185 191.1 194.9 197.4 198.9 199.3 197.6 196.8 197.4 197.6 197.8
85 82.1 83.8 83.8 90.7 93.4 89.5 83.5 76.2 73.7 73.7 75.6 77.9 81.6 85.7 91.5 94.9 100.9 105.9 110.9 115.9 119.2 121 122.7 125.2 126.7 128.7 130.7 132.9 133.9 134.2 134.3 133.2 133.6 135.2 136.2 138.4 140.2 142 144 146.2 147.9 149.5 150.9 152.6 155.6 158.3 160 160.9 161.7 163.6 165.7 167.9 170 172.2 174.5 176.9 178.9 180.4 182 182.5 182.9 182.3 180.7 176.9 160.7 164.2 173.6 178.4 184.6 190.3 194.8 196.6 197.4 196.6 193.7 192.6 194.5 195.4 195.5
94.4 89.2 88.5 89.9 92 91.2 87.6 81.3 74.8 73.3 74.3 76.3 78.9 82.6 86.4 90.9 94.9 99.7 105 110.5 115.6 119.7 122.2 124.4 126.2 127.9 130.1 132.5 135.1 136.8 137.5 137.4 137.3 137.3 137.8 138.4 139.8 140.9 143.1 144.5 146.4 147.6 148 148.1 149.9 153.6 156.9 158 158 157.8 157.7 163 165.6 167.8 170 172.1 174.5 176.2 177.8 179.2 179.1 179.3 178.4 176.3 169.2 153 162.8 173 178.1 182.8 188.3 191.7 192.3 192.5 191.1 186.2 188.4 192 191.9 192.5
92.7 88.3 86.6 86.1 86.1 84.5 82 78 72.8 72.4 73.9 77 80.3 83.7 87.2 90.9 94.6 99.7 106 111.8 116.7 120.5 123.3 125.6 127.4 129.6 132.2 134.7 137.4 139.5 141.5 142.1 142.6 143.6 142.8 141.4 141.3 142.5 144.8 146.5 147 147 146.5 143.8 145.3 150.9 154.1 154.4 151.6 145.8 155.3 159.6 162.2 165.2 167.7 170.2 171.8 173.4 174.8 175.6 175 170.6 166.7 163.4 154.9 140.4 154.9 166.4 172 177.5 183.5 186.7 186.8 185.1 182.7 172.6 186.9 190.7 187.1 188.3
88.5 83.6 78.5 75.8 74.3 72.8 71.4 69 67.7 70.9 73.9 77.1 81.1 84.8 88.5 92.4 96.1 102.5 108.9 114.2 118.8 122.2 124.8 126.7 128.7 130.7 133.1 135.9 138.4 140.7 143.4 144.7 145.3 145.3 143.7 142.5 142.1 142.8 144.1 145.8 146.5 146 144.9 139 136.8 143.4 146.6 146.2 139.9 140.5 148.7 153 156.9 160.5 163.1 166.1 168.5 170.1 170.8 170.4 168.6 164.4 159 154.3 143.1 134.1 147.8 155.1 162.7 169 172.2 176.3 175.1 172.5 169.1 164.8 179.4 184.5 180.9 180.6
86.5 77.2 65.7 61.1 59.9 58.4 59.6 61.9 66.8 70.5 74 77.9 83 86.8 90.5 93.8 98.5 106.1 111.8 116.4 120.7 123.7 125.9 127.8 129.8 131.9 134.8 137.5 140.1 142.3 143.3 143.3 142.7 141.7 140.4 139 139.1 140 141.3 142.7 143 142.8 142.2 137.6 121.8 126 130.1 129.8 122.5 132.6 139.3 144.3 149.7 154.2 158 161 163.2 164.1 163.2 160.4 157 152.3 147.1 140.9 133.5 127.7 132.7 140.4 147.6 154.4 154.1 156.6 154.8 153.5 151.5 154.9 164.5 168.6 166.1 167.5
84.7 69.9 53.4 45.4 46.1 50.9 56.3 62.2 67.2 71.2 75.6 80.5 86.6 90.1 93.6 96.2 100.6 107.8 113.8 118 121.8 124.4 126.7 128.8 130.7 133 135.9 138.6 141.2 142.2 142.2 141 138.8 136.8 135.6 134.2 134.7 135 135.7 136.9 137 136 135.3 130.8 115.7 108.9 110.8 111.2 115.7 124 130.7 138.8 144.6 149.5 153.5 155.8 158.6 158.4 154.9 151 146.6 142.3 137.8 132.6 127.9 124 123.3 128.9 130.8 130.3 132.4 133 132.5 133.6 133.7 139.5 145.6 149.5 150.2 151.2
74.2 56.2 37.9 34.8 42.5 52.2 59.2 66.9 73.4 77.5 80.8 85.4 91 94.1 96.3 98.3 103.9 110.9 115.3 119.6 123.2 125.8 127.6 129.8 131.3 134.2 137.3 139.9 141.4 141.6 139.7 137.5 134 130.3 125.3 122.5 121.5 123.5 123.5 121.3 119.4 117.3 113.1 111.8 107 96.6 97.3 101.5 106.2 114.2 124.2 133 140.2 145.2 149.7 152.5 154.9 154.8 151.9 147.1 142.3 136.6 133.5 128.6 123.3 119.2 116.7 121.6 120.4 117.7 117.8 117.6 118.7 120.3 122.4 124.9 128.8 133.1 137.4 141.3
58.4 35.2 22.7 25.7 44.6 54.1 67.7 77.2 81.6 84.6 87.9 91.5 95.9 98.9 100.8 103.2 108.1 114.1 118.8 122.2 124.6 127.6 129 131.1 133.2 135.9 138.9 140.5 140.3 138.1 134.3 129.3 123.4 115.1 109.5 105.8 105.6 104 100.3 96.1 94.6 92.5 88 88.8 89.8 87.4 89.3 97.2 100.1 105.4 113.4 123.2 132.9 140.6 145.5 148.8 150.7 151.4 148.4 144 139.6 134.3 130 124.7 118.9 113.9 111.5 113.5 112 112.2 112.5 112.4 114.1 115.4 116.3 117.7 121.6 122.7 127.2 134.8
13.7 15.1 16.5 17.8 19.1 31.8 46.1 58.2 70.5 82.9 91.3 94.5 100.2 103.4 105.7 107.2 111.3 116.5 121.3 124.9 127.6 130 131.7 133.4 134.9 137.8 139.9 139.8 136.4 132.4 123 113.6 104.2 95.7 89.6 85.2 83.9 79.4 76 71.8 67.2 61.4 63 64.6 70.1 74.1 82.1 91.2 92.7 97.4 103.4 113.8 123.7 132.2 139.4 143.6 146.2 146.9 145.2 141.1 135.6 132.9 130.8 121.9 114.4 107.2 106.5 106.6 106 106.1 105.2 105.6 106 110.9 111.4 113 114.2 117.4 118.7 125.7
13.3 12.3 12.7 14.5 15.5 16.2 20.5 34.7 48.1 63.3 76.2 86.1 96.5 102.7 106.4 107.1 106 113.5 121.9 126.9 128.9 131.2 131.9 133.2 136.1 138.6 140.3 137 131.9 120.2 106.3 94.2 83.2 73.6 69 64.3 62.7 59.3 58.8 58.8 61.3 64.2 65 64.2 64.8 66.7 69.4 76.8 82.1 86.4 91.9 102.4 114.1 124.5 131 136.1 139.4 139.6 139.4 135.2 130.4 129.3 126.5 120.1 112.5 102.7 101.7 102.5 102.9 102.6 102.5 105.4 116.4 122.6 128.1 131.8 136.3 141 137.1 124.3
31.8 27.2 28 29.7 28.5 28 25.5 20 25.1 40.9 57.5 70.8 83.7 81.2 81.1 82.6 85 93.7 106.4 115.8 121.9 126.2 127.8 130.4 133.5 135.6 135.5 132 119 101.8 84.4 70.6 58.7 55.4 54.6 55 57.3 61.1 66.3 69.1 71.6 73.7 74.5 71.6 66.4 67.3 67.2 69.6 71.6 76.1 80.6 90.1 101.9 113.5 122.2 128.8 132.6 133.6 132.2 127.2 124.2 125.3 122 108.9 98.4 96.7 99.4 100.8 102 106.5 120.8 127.2 132.5 139.5 145.1 148.6 152.7 153.1 150.5 143.7
62.1 53.7 51.1 52.7 49.3 49 44.8 34.9 25.7 23.4 27.7 36.8 46.9 48.3 49.9 51.2 56.3 69.9 81.8 96.2 106.3 116 120.9 125.9 129 130.5 132 124.3 100.7 77 56.9 53.9 53 53.6 57.4 62.9 69.1 72.4 76.5 79.5 83.5 88.5 88.4 81.6 68 68.8 71.3 70.4 69.1 70.9 73.5 77.4 85.3 99.3 111.7 119.8 125 126.5 124.7 119.5 117 116 104 91.4 95 101.9 110.4 112.7 115.9 124.5 128.5 136 144.5 150.3 154.1 157.5 159.3 159.8 157.9 155.3
73.9 77.5 79.7 80.3 78.4 77.7 67.7 56.4 47.4 39.7 35.4 29.4 28.7 30.1 30 29.6 34.1 44.9 58.9 74.1 88.6 99.7 107.4 115.9 115.1 114.2 112.9 104.4 81.4 54.6 52.2 60.5 65.1 71.2 73.2 76 78.7 81 84.2 90.2 96.1 98.2 97.3 91.2 84.6 69.9 72.6 77.6 73.4 74.1 74.9 74.4 76.7 81.2 90.3 101.3 107.2 110.6 105.7 100 92.6 91.7 92.9 100.3 105.3 104.7 111.9 117.9 122.9 128.6 134.6 142.8 148.7 154.6 159.4 162.9 165 166.1 166.5 165.1
78.8 85.6 92.2 97.1 99.9 101 99.7 86.6 69.4 60.4 54.6 48.2 46.8 47.3 46.9 41.5 34 32.7 41 52.6 68 80.8 88.8 91.9 93.3 89.3 86.2 81.6 62.9 53.5 63.3 58.7 71.5 80.8 83.4 86.4 89.9 92.8 96.6 100.5 103.5 103.6 103.2 99.9 93.3 73.1 72.7 80.3 83.4 81.6 81.2 81 76.6 78.5 79.6 80.7 82.2 83.9 83.9 86.2 89.8 94.9 99.8 112.7 117 114.8 113 120.8 127.5 133 139 145.5 152.2 157.7 162.4 166.8 169.4 171.2 172.2 172.8
