public/OST50/SX19.asc
ncols 200
nrows 200
xllcorner 210000
yllcorner 90000
cellsize 50
[rows 108 to 143 of 200, columns 0 to 79 of 200]
-2.1 -2.1 -2.1 -2.1 -2.1 -2.1 -2.1 -2.1 -2.1 -2.1 -2.1 -2.1 -2.1 -2.1 -2.1 -2.1 -2.1 -2.1 -2.1 -2.1 -2.1 -2.1 -2.1 -2.1 -2.1 -2.1 -2.1 -2.1 -2.1 -2.1 -2.1 -2.1 -2.1 -2.1 -2.1 -2.1 -2.1 -2.1 -2.1 -2.1 -2.1 -2.1 -2.1 -2.1 -2.1 -2.1 -2.1 -2.1 -2.1 -2.1 -2.1 -2.1 -2.1 -0.1 0.9 2 26.6 51.5 71.3 96.7 122.5 147.4 164.1 177.2 168.9 158.6 159.7 160.7 160.6 157.3 150.6 145.1 157.2 165.3 167.9 160.9 138.9 125.9 142.7 154.2
-2.1 -2.1 -2.1 -2.1 -2.1 -2.1 -2.1 -2.1 -2.1 -2.1 -2.1 -2.1 -2.1 -2.1 -2.1 -2.1 -2.1 -2.1 -2.1 -2.1 -2.1 -2.1 -2.1 -2.1 -2.1 -2.1 -2.1 -2.1 -2.1 -2.1 -2.1 -2.1 -2.1 -2.1 -2.1 -2.1 -2.1 -2.1 -2.1 -2.1 -2.1 -2.1 -2.1 -2.1 -2.1 -2.1 -2.1 -2.1 -2.1 -2.1 -2.1 -2.1 -0.9 0.9 2.4 29 48.1 66.3 98.7 114.5 122.9 148.4 171.2 184.5 175.1 166.4 165.1 165.2 164.7 160.8 154.9 147.4 158.7 166 169.7 164.2 143.9 139.9 158.1 164.2
-2.1 -2.1 -2.1 -2.1 -2.1 -2.1 -2.1 -2.1 -2.1 -2.1 -2.1 -2.1 -2.1 -2.1 -2.1 -2.1 -2.1 -2.1 -2.1 -2.1 -2.1 -2.1 -2.1 -2.1 -2.1 -2.1 -2.1 -2.1 -2.1 -2.1 -2.1 -2.1 -2.1 -2.1 -2.1 -2.1 -2.1 -2.1 -2.1 -2.1 -2.1 -2.1 -2.1 -2.1 -2.1 -2.1 -2.1 -2.1 -2.1 -2.1 -2.1 -2.1 -1 0.8 2.7 54.9 57 76.4 113.9 137.1 143.4 158 198 191 182.7 173.6 172.6 171.4 168.5 163.8 158.5 151.9 159.3 166.9 171.1 167.4 148 150.4 164.7 171.1
-2.1 -2.1 -2.1 -2.1 -2.1 -2.1 -2.1 -2.1 -2.1 -2.1 -2.1 -2.1 -2.1 -2.1 -2.1 -2.1 -2.1 -2.1 -2.1 -2.1 -2.1 -2.1 -2.1 -2.1 -2.1 -2.1 -2.1 -2.1 -2.1 -2.1 -2.1 -2.1 -2.1 -2.1 -2.1 -2.1 -2.1 -2.1 -2.1 -2.1 -2.1 -2.1 -2.1 -2.1 -2.1 -2.1 -2.1 -2.1 -2.1 -2.1 -2.1 -2.1 -0.5 1.3 9.8 62 72.6 81.8 117.1 149.4 152.3 167.8 200.8 196.7 189.5 182.4 181 177.2 173.5 167.5 161.2 156.6 161.6 168.1 172.2 170.2 157.8 158.5 170.9 175
-2.1 -2.1 -2.1 -2.1 -2.1 -2.1 -2.1 -2.1 -2.1 -2.1 -2.1 -2.1 -2.1 -2.1 -2.1 -2.1 -2.1 -2.1 -2.1 -2.1 -2.1 -2.1 -2.1 -2.1 -2.1 -2.1 -2.1 -2.1 -2.1 -2.1 -2.1 -2.1 -2.1 -2.1 -2.1 -2.1 -2.1 -2.1 -2.1 -2.1 -2.1 -2.1 -2.1 -2.1 -2.1 -2.1 -2.1 -2.1 -2.1 -2.1 -2.1 -1.1 0.3 2 39.4 51 68.2 80.7 133 164.3 167.3 174 209.4 203.1 197.4 192.3 188.3 183.5 177.8 169.2 161.2 163 167.7 172.3 176.2 176.7 167.6 169.1 176.1 179.1
-2.1 -2.1 -2.1 -2.1 -2.1 -2.1 -2.1 -2.1 -2.1 -2.1 -2.1 -2.1 -2.1 -2.1 -2.1 -2.1 -2.1 -2.1 -2.1 -2.1 -2.1 -2.1 -2.1 -2.1 -2.1 -2.1 -2.1 -2.1 -2.1 -2.1 -2.1 -2.1 -2.1 -2.1 -2.1 -2.1 -2.1 -2.1 -2.1 -2.1 -2.1 -2.1 -2.1 -2.1 -2.1 -2.1 -2.1 -2.1 -2.1 -2.1 -2.1 -0.3 1 2.3 31.5 50.1 63.7 85 149.1 187.2 185.9 196.7 214.1 209 205 200.6 195.2 187.5 179.8 172.9 168.7 171.2 175.7 179.3 181.3 182.7 177.3 175.4 182.3 183.7
-2.1 -2.1 -2.1 -2.1 -2.1 -2.1 -2.1 -2.1 -2.1 -2.1 -2.1 -2.1 -2.1 -2.1 -2.1 -2.1 -2.1 -2.1 -2.1 -2.1 -2.1 -2.1 -2.1 -2.1 -2.1 -2.1 -2.1 -2.1 -2.1 -2.1 -2.1 -2.1 -2.1 -2.1 -2.1 -2.1 -2.1 -2.1 -2.1 -2.1 -2.1 -2.1 -2.1 -2.1 -2.1 -2.1 -2.1 -2.1 -2.1 -2.1 -2.1 -0.6 0.8 2.2 36 52.6 68.5 90 152.4 213.9 216.2 221.5 217.4 214.1 210.8 206.6 198.7 187.9 181.2 179.1 182.6 183.1 185.2 187.7 190.4 190 186.2 184.3 188.9 187.6
-2.1 -2.1 -2.1 -2.1 -2.1 -2.1 -2.1 -2.1 -2.1 -2.1 -2.1 -2.1 -2.1 -2.1 -2.1 -2.1 -2.1 -2.1 -2.1 -2.1 -2.1 -2.1 -2.1 -2.1 -2.1 -2.1 -2.1 -2.1 -2.1 -2.1 -2.1 -2.1 -2.1 -2.1 -2.1 -2.1 -2.1 -2.1 -2.1 -2.1 -2.1 -2.1 -2.1 -2.1 -2.1 -2.1 -2.1 -2.1 -2.1 -2.1 -2.1 -0.7 0.7 2.1 36.4 49.2 61.4 91.6 154.7 199.4 220.4 219.2 217.5 215 210 205.7 195.6 188.7 188.2 190.3 193.2 193.4 193.5 196.3 198.3 197.9 195.7 195.3 196.3 194
-2.1 -2.1 -2.1 -2.1 -2.1 -2.1 -2.1 -2.1 -2.1 -2.1 -2.1 -2.1 -2.1 -2.1 -2.1 -2.1 -2.1 -2.1 -2.1 -2.1 -2.1 -2.1 -2.1 -2.1 -2.1 -2.1 -2.1 -2.1 -2.1 -2.1 -2.1 -2.1 -2.1 -2.1 -2.1 -2.1 -2.1 -2.1 -2.1 -2.1 -2.1 -2.1 -2.1 -2.1 -2.1 -2.1 -2.1 -2.1 -2.1 -2.1 -2.1 -0.4 1.1 2.5 38.6 40.7 56.3 99.8 149.5 188 213.5 215.4 215.2 212.6 208.2 202.6 197.3 197.6 199.3 200.4 200.9 200.9 201.2 202.3 203.8 203.7 203 202.4 201 199.2
-2.1 -2.1 -2.1 -2.1 -2.1 -2.1 -2.1 -2.1 -2.1 -2.1 -2.1 -2.1 -2.1 -2.1 -2.1 -2.1 -2.1 -2.1 -2.1 -2.1 -2.1 -2.1 -2.1 -2.1 -2.1 -2.1 -2.1 -2.1 -2.1 -2.1 -2.1 -2.1 -2.1 -2.1 -2.1 -2.1 -2.1 -2.1 -2.1 -2.1 -2.1 -2.1 -2.1 -2.1 -2.1 -2.1 -2.1 -2.1 -2.1 -2.1 -2.1 -0.5 1.3 3.4 44.1 49.6 67.1 100.3 157.3 198.5 204.3 211.7 213.5 212.7 210.2 207.1 206.2 207.1 207.9 206.7 206.2 206.1 205.6 206.9 207.6 207 206 205.8 204.7 202.7
-2.1 -2.1 -2.1 -2.1 -2.1 -2.1 -2.1 -2.1 -2.1 -2.1 -2.1 -2.1 -2.1 -2.1 -2.1 -2.1 -2.1 -2.1 -2.1 -2.1 -2.1 -2.1 -2.1 -2.1 -2.1 -2.1 -2.1 -2.1 -2.1 -2.1 -2.1 -2.1 -2.1 -2.1 -2.1 -2.1 -2.1 -2.1 -2.1 -2.1 -2.1 -2.1 -2.1 -2.1 -2.1 -2.1 -2.1 -2.1 -2.1 -2.1 -2.1 -0.5 1.2 32.6 61.2 67.2 75.3 106.3 157.3 182.1 194 205.6 210.2 213.3 213.9 210.8 210.9 210.9 209.4 207.9 207.2 207.7 208 208.7 209.6 209.5 208.9 207.6 206.1 202.9
-2.1 -2.1 -2.1 -2.1 -2.1 -2.1 -2.1 -2.1 -2.1 -2.1 -2.1 -2.1 -2.1 -2.1 -2.1 -2.1 -2.1 -2.1 -2.1 -2.1 -2.1 -2.1 -2.1 -2.1 -2.1 -2.1 -2.1 -2.1 -2.1 -2.1 -2.1 -2.1 -2.1 -2.1 -2.1 -2.1 -2.1 -2.1 -2.1 -2.1 -2.1 -2.1 -2.1 -2.1 -2.1 -2.1 -2.1 -2.1 -2.1 -2.1 -2.1 0.4 1.8 39.3 69.8 82.8 82.7 102.8 151.8 167.4 181.5 190.5 199.9 209.7 213.1 213.1 212 209.6 206.9 204.3 202.3 203.3 206.4 209 210.2 209.8 209.5 208.4 205.4 203.6
-2.1 -2.1 -2.1 -2.1 -2.1 -2.1 -2.1 -2.1 -2.1 -2.1 -2.1 -2.1 -2.1 -2.1 -2.1 -2.1 -2.1 -2.1 -2.1 -2.1 -2.1 -2.1 -2.1 -2.1 -2.1 -2.1 -2.1 -2.1 -2.1 -2.1 -2.1 -2.1 -2.1 -2.1 -2.1 -2.1 -2.1 -2.1 -2.1 -2.1 -2.1 -2.1 -2.1 -2.1 -2.1 -2.1 1 0.8 1.4 2.1 2.7 2.4 22.7 45 73 85.7 105.8 121.4 133.8 150.4 163 174 187.5 199.7 208.5 213.3 211.9 209.6 205.9 201.8 197.2 197.2 201.9 206.3 207.3 206.8 205.8 204.1 202 199.4
-2.1 -2.1 -2.1 -2.1 -2.1 -2.1 -2.1 -2.1 -2.1 -2.1 -2.1 -2.1 -2.1 -2.1 -2.1 -2.1 -2.1 -2.1 -2.1 -2.1 -2.1 -2.1 -2.1 -2.1 -2.1 -2.1 -2.1 -2.1 -2.1 -2.1 -2.1 -2.1 -2.1 -2.1 -2.1 -2.1 -2.1 -2.1 -2.1 -2.1 -2.1 -2.1 -2.1 -2.1 -2.1 -0.2 22.3 21.2 30.2 44 37.2 37.4 59.9 83.8 89.9 105.5 118.9 128 136.5 145.3 161.4 178.2 190 199.6 207.8 212.5 213.4 211 206.4 202 196.5 188.5 193.5 198.7 200.9 199.5 197.1 196.1 193.4 186.9
-2.1 -2.1 -2.1 -2.1 -2.1 -2.1 -2.1 -2.1 -2.1 -2.1 -2.1 -2.1 -2.1 -2.1 -2.1 -2.1 -2.1 -2.1 -2.1 -2.1 -2.1 -2.1 -2.1 -2.1 -2.1 -2.1 -2.1 -2.1 -2.1 -2.1 -2.1 -2.1 -2.1 -2.1 -2.1 -2.1 -2.1 -2.1 -2.1 -2.1 -2.1 -2.1 -2.1 -2.1 -2.1 -2.1 1.6 17.5 62 68 65.5 61.8 74.1 97.9 120.3 129.6 139.6 143.7 152.6 160.1 171 182.5 194.9 204.5 209.8 211.7 210.1 207 203.2 199.2 193.8 185.7 184.8 185.8 183.3 178.4 174.2 168.7 164.7 159.8
-2.1 -2.1 -2.1 -2.1 -2.1 -2.1 -2.1 -2.1 -2.1 -2.1 -2.1 -2.1 -2.1 -2.1 -2.1 -2.1 -2.1 -2.1 -2.1 -2.1 -2.1 -2.1 -2.1 -2.1 -2.1 -2.1 -2.1 -2.1 -2.1 -2.1 -2.1 -2.1 -2.1 -2.1 -2.1 -2.1 -2.1 -2.1 -2.1 -2.1 -2.1 -2.1 -2.1 -2.1 -2.1 -2.1 1.9 2.7 47.9 88.1 86.3 83.2 102.3 121.3 136.2 147.3 160.2 166.2 173.3 178.6 184 190.7 201.2 208.3 210.5 209.3 206.1 201.6 197.7 193 186.1 181.5 171.6 170.8 166.2 154.3 151.9 146 140.7 137.6
-2.1 -2.1 -2.1 -2.1 -2.1 -2.1 -2.1 -2.1 -2.1 -2.1 -2.1 -2.1 -2.1 -2.1 -2.1 -2.1 -2.1 -2.1 -2.1 -2.1 -2.1 -2.1 -2.1 -2.1 -2.1 -2.1 -2.1 -2.1 -2.1 -2.1 -2.1 -2.1 -2.1 -2.1 -2.1 -2.1 -2.1 -2.1 -2.1 -2.1 -2.1 -2.1 -1.9 -0.9 1.4 26.6 29.5 51.3 43.2 77 118 115.3 124.3 140.7 154.6 167.5 182.1 188.2 190.5 196.1 198.2 202.7 210.6 214 213 208.8 201.9 195.2 191.9 185 182.9 181.2 183.3 182.6 176.5 168.6 163.1 156.6 153.3 149.2
-2.1 -2.1 -2.1 -2.1 -2.1 -2.1 -2.1 -2.1 -2.1 -2.1 -2.1 -2.1 -2.1 -2.1 -2.1 -2.1 -2.1 -2.1 -2.1 -2.1 -2.1 -2.1 -2.1 -2.1 -2.1 -2.1 -2.1 -2.1 -2.1 -2.1 -2.1 -2.1 -2.1 -2.1 -2.1 -2.1 -2.1 -2.1 -2.1 -2.1 -2.1 -2.1 0.1 1 2.3 13 57.5 51.3 54 84.7 138.3 134.9 140.9 153.5 169 192.6 201.6 207.1 207.3 210.4 213.7 216.3 220.2 221.1 217.4 211.8 204.5 200.3 193.6 191.5 189.9 190.3 190.5 184.2 174.2 171.1 174.8 174 165.9 158.8
-2.1 -2.1 -2.1 -2.1 -2.1 -2.1 -2.1 -2.1 -2.1 -2.1 -2.1 -2.1 -2.1 -2.1 -2.1 -2.1 -2.1 -2.1 -2.1 -2.1 -2.1 -2.1 -2.1 -2.1 -2.1 -2.1 -2.1 -2.1 -2.1 -2.1 -2.1 -2.1 -2.1 -2.1 -2.1 -2.1 -2.1 -2.1 -2.1 -2.1 -2.1 -2.1 2.7 6.3 15.5 31.1 62.8 64.2 75.5 95.2 151.7 145.4 156.2 164.3 188.9 215.3 222.1 224.6 226 227.4 228.4 230.3 228.9 227.3 223.4 217.8 211.5 206 204 200.4 198.6 200.6 196.7 186.8 188 189 194.8 191.5 179.8 170.2
-2.1 -2.1 -2.1 -2.1 -2.1 -2.1 -2.1 -2.1 -2.1 -2.1 -2.1 -2.1 -2.1 -2.1 -2.1 -2.1 -2.1 -2.1 -2.1 -2.1 -2.1 -2.1 -2.1 -2.1 -2.1 -2.1 -2.1 -2.1 -2.1 -2.1 -2.1 -2.1 -2.1 -2.1 -2.1 -2.1 -2.1 -2.1 34.8 48.5 53.3 46.2 42.9 37.8 48 65.9 78.1 93.8 91 105.7 155 179.8 179.9 181.5 204.2 229.2 236.8 238.9 239.8 241.2 241.2 239.5 238.1 234.2 227.3 220.2 220.2 217.9 216.8 211.4 210.2 210.2 203.2 196.6 201 204.5 206.1 201.8 192.3 187.9
-2.1 -2.1 -2.1 -2.1 -2.1 -2.1 -2.1 -2.1 -2.1 -2.1 -2.1 -2.1 -2.1 -2.1 -2.1 -2.1 -2.1 -2.1 -2.1 -2.1 -2.1 -2.1 -2.1 -2.1 -2.1 -2.1 -2.1 -2.1 -2.1 -2.1 -2.1 -2.1 -2.1 -2.1 -2.1 -2.1 -2.1 70.8 80.8 89.5 87.6 76.2 64.6 67.3 75.8 89.2 101.1 109.4 112.9 130.3 167.1 210.3 209.3 210 227.5 235.4 241.6 245 247.1 248.4 247.7 246 241.7 237.6 231.4 229.6 229 227.5 225.4 221.6 221.3 218.4 211.5 205.8 211.6 214.4 214 211.2 203.6 204.3
-2.1 -2.1 -2.1 -2.1 -2.1 -2.1 -2.1 -2.1 -2.1 -2.1 -2.1 -2.1 -2.1 -2.1 -2.1 -2.1 -2.1 -2.1 -2.1 -2.1 -2.1 -2.1 -2.1 -2.1 -2.1 -2.1 -2.1 -2.1 -2.1 -2.1 -2.1 -2.1 -2.1 -2.1 -2.1 -2.1 74.4 93 102.5 111.5 117.1 107.7 103.7 98.6 102.7 108.4 131.6 134.8 137.6 162.5 193.2 209.8 218.4 224.9 230 237.6 244.7 248.9 251.2 252 252 249.9 246 240.9 236 236.3 238.4 236.5 233.9 232 228.5 225.1 218.1 210.9 217.1 220.4 219.7 217.6 214.9 213.2
-2.1 -2.1 -2.1 -2.1 -2.1 -2.1 -2.1 -2.1 -2.1 -2.1 -2.1 -2.1 -2.1 -2.1 -2.1 -2.1 -2.1 -2.1 -2.1 -2.1 -2.1 -2.1 -2.1 -2.1 -2.1 -2.1 -2.1 -2.1 -2.1 -2.1 -2.1 -2.1 -2.1 -2.1 -2.1 -2.1 94 111.7 122.8 130.6 139.4 146.4 148.1 141.5 138.5 146.4 170.8 178.8 172.2 196.3 199.8 204.8 214.5 224 228.6 234.7 241.4 247.6 251.4 253.2 253.6 252.8 249.8 246.9 243.5 242.2 241.4 243 242 239.2 235.4 231.9 225.7 216.1 224.3 225.5 224.3 223 221.4 220.5
-2.1 -2.1 -2.1 -2.1 -2.1 -2.1 -2.1 -2.1 -2.1 -2.1 -2.1 -2.1 -2.1 -2.1 -2.1 -2.1 -2.1 -2.1 -2.1 -2.1 -2.1 -2.1 -2.1 -2.1 -2.1 -2.1 -2.1 -2.1 -2.1 -2.1 -2.1 -2.1 -2.1 -2.1 -2.1 -2.1 104.4 125.5 140.6 149.8 158.6 163.9 169.1 174.7 179.1 184.5 189 194.6 199.7 205 209.8 213.9 217.9 222.8 232.2 236.9 240.6 244.1 248.3 250.4 253.3 253.4 251.2 250.5 249.1 247.7 247.8 247.3 246 244.7 241.1 238 233.1 222.6 229.8 231 230 228.2 227.5 226.1
-2.1 -2.1 -2.1 -2.1 -2.1 -2.1 -2.1 -2.1 -2.1 -2.1 -2.1 -2.1 -2.1 -2.1 -2.1 -2.1 -2.1 -2.1 -2.1 -2.1 -2.1 -2.1 -2.1 -2.1 -2.1 -2.1 -2.1 -2.1 -2.1 -2.1 -2.1 -2.1 -2.1 -2.1 -2.1 40.1 2.7 8.9 144.3 158 168.1 173.9 177.5 181.6 185.4 188 191.6 195.9 201.1 206.1 210.4 215.5 220.4 222.8 230.6 235.9 240.5 243.9 246.5 248.3 250.3 251.3 251.8 251.7 251.8 252.1 251.6 251.6 251 249.9 247.1 243.9 240.1 233.9 236.9 236.5 234.9 233.4 232 231.1
-2.1 -2.1 -2.1 -2.1 -2.1 -2.1 -2.1 -2.1 -2.1 -2.1 -2.1 -2.1 -2.1 -2.1 -2.1 -2.1 -2.1 -2.1 -2.1 -2.1 -2.1 -2.1 -2.1 -2.1 -2.1 -2.1 -2.1 -2.1 -2.1 -2.1 -2.1 -2.1 -2.1 -2.1 -2.1 -2.1 2.7 2.7 106.3 164.7 174.4 177 179.2 180.9 183.8 186.7 190.3 195.3 200.2 205.6 210.2 215.3 221.3 227 230.7 235.8 240.2 242.6 245.8 247.5 248.9 250.4 251.8 252.7 253 254.2 255.4 255.2 255.2 254.1 252.3 248.8 245.9 242.7 242.9 242.2 240.6 238.1 235.6 234.7
-2.1 -2.1 -2.1 -2.1 -2.1 -2.1 -2.1 -2.1 -2.1 -2.1 -2.1 -2.1 -2.1 -2.1 -2.1 -2.1 -2.1 -2.1 -2.1 -2.1 -2.1 -2.1 -2.1 -2.1 -2.1 -2.1 -2.1 -2.1 -2.1 -2.1 -2.1 -2.1 -2.1 -2.1 -2.1 1.2 3.1 24.7 52.2 164 166.1 170.9 173.2 174.7 178.6 183.5 187.8 192.6 198.8 204.4 209 213.6 218.9 224.5 229.7 234.9 239.8 242.7 245.3 247.4 248.6 250.3 251.4 252.4 254.1 255.2 256.3 258.5 258.3 257.6 256 253.4 250.8 249.5 247.3 247 245.7 243.9 240.4 238
-2.1 -2.1 -2.1 -2.1 -2.1 -2.1 -2.1 -2.1 -2.1 -2.1 -2.1 -2.1 -2.1 -2.1 -2.1 -2.1 -2.1 -2.1 -2.1 -2.1 -2.1 -2.1 -2.1 -2.1 -2.1 -2.1 -2.1 -2.1 -2.1 -2.1 -2.1 -2.1 -2.1 -2.1 -2.1 0.5 53.3 65.2 82.8 139.3 144.2 151.4 158.3 166.6 174.5 181.4 186.9 192.5 198.2 203.2 207.7 212.6 217.3 221.7 226.7 231.1 236.2 240.4 243.9 247.4 248.6 249.8 250.4 250.8 253.8 255.4 257.5 259.2 260.4 259.7 258.6 256.2 254.1 253.3 252.2 250.8 249.6 248.5 245.5 242
-2.1 -2.1 -2.1 -2.1 -2.1 -2.1 -2.1 -2.1 -2.1 -2.1 -2.1 -2.1 -2.1 -2.1 -2.1 -2.1 -2.1 -2.1 -2.1 -2.1 -2.1 -2.1 -2.1 -2.1 -2.1 -2.1 -2.1 -2.1 -2.1 -2.1 -2.1 -2.1 -2.1 -2.1 0.7 41.7 74.6 106.1 119 130 146.3 154.4 165.2 172.9 178.5 183.4 188.3 193.6 198.8 203.2 207.7 211.6 216.3 220.5 223.8 228.1 232.2 235.4 238.8 243.3 247.5 248.9 249.5 250 251 252.3 255.8 258 259.9 259.7 259 257.7 256.5 255.2 255.1 254.6 253.4 251.7 249.2 246
-2.1 -2.1 -2.1 -2.1 -2.1 -2.1 -2.1 -2.1 -2.1 -2.1 -2.1 -2.1 -2.1 -2.1 -2.1 -2.1 -2.1 -2.1 -2.1 -2.1 -2.1 -2.1 -2.1 -2.1 -2.1 -2.1 -2.1 -2.1 -2.1 -2.1 -2.1 -2.1 -2.1 -0.2 1.5 19.5 93.6 132.4 145.7 152.9 155.9 161.4 167.5 174.2 179.9 185.6 190.6 195.5 199.6 203.7 207.9 211.7 215.4 219.1 222.1 225.5 228.6 231.8 235 238.5 242.1 244.7 248.3 249.3 250.5 251.1 251.8 253.8 257.1 258.3 258.1 257 256.8 256.8 256.4 256.4 255.5 254.1 252.1 249.7
-2.1 -2.1 -2.1 -2.1 -2.1 -2.1 -2.1 -2.1 -2.1 -2.1 -2.1 -2.1 -2.1 -2.1 -2.1 -2.1 -2.1 -2.1 -2.1 -1.5 -0.2 1.2 5.6 2.4 21.3 38.1 51.9 51.2 2.7 2.7 10.9 2 2.6 3 4.8 65.9 124.8 148.1 162 166.4 168.4 168.9 172.2 177.1 182.8 188 192.6 196.7 200.2 204.3 208 211.5 214.9 218.1 220.5 223.3 226.3 228.9 232.1 235.2 237.2 240 243.9 247.1 249.2 250 251 251.9 252.7 254 255.2 255.4 256.2 255.8 255.8 255.9 256.2 254.8 253.1 251.1
-2.1 -2.1 -2.1 -2.1 -2.1 -2.1 -2.1 -2.1 -2.1 -2.1 -2.1 -2.1 -2.1 -2.1 -2.1 -2.1 -2.1 -2.1 -2.1 0.1 2.1 24.3 53 55.8 58.7 66.5 80.5 77.1 9.6 58.8 2.7 20.4 40.8 33.8 77.3 105.8 148 161.5 167.3 171.5 175.1 176.5 178.9 183 187.6 191.2 194.4 197.6 200.5 204.5 207.9 211.3 214.5 216.9 219.3 221.9 224.2 226.1 228.8 231.4 233.6 236 239 241.9 244.8 246.5 248.9 250.2 251.3 252.7 252.9 253 252.9 253.3 253.9 253.4 253.7 253.6 252.3 251.1
-2.1 -2.1 -2.1 -2.1 -2.1 -2.1 -2.1 -2.1 -2.1 -2.1 -2.1 -2.1 -2.1 -2.1 -2.1 -2.1 -2.1 -2.1 2.1 29 34.7 78.4 72.2 79.4 84 94.2 110.9 108.9 59.1 93.8 60 60.9 65.7 94.3 116.3 135.8 162.6 168.1 172.7 175.6 178.6 182 185.2 188.2 191.2 193.5 195.8 198.7 202.1 205.1 208.1 210.9 213.6 215.6 217.9 220.1 222 223.3 225.8 228.3 230.3 232.6 235.1 237.9 240.5 242.9 244.9 245.9 247.6 249.3 250.8 251.4 251.4 252.2 252.4 252.8 252.6 251.7 250.7 249.6
-2.1 -2.1 -2.1 -2.1 -2.1 -2.1 -2.1 -2.1 -2.1 -2.1 -2.1 -2.1 -2.1 -2.1 -2.1 -2.1 -2.1 -2.1 47 60.1 92.8 112.8 102.5 106.2 113.1 114.6 123.7 127 127.4 132.3 111.8 119.9 132.2 132.5 158.2 162.2 168.3 173 177.1 179.2 181.5 185.2 188 190.9 193.1 195 197.2 200.2 202.6 205.4 208 210.4 212.6 214.5 216.2 218.3 219.9 221.2 222.9 224.5 226.6 229.8 231.8 233.9 236.3 238.5 240.7 242.3 244.4 246 247.9 249.3 250 250.7 250.6 249.7 249.8 250 248.9 248
-2.1 -2.1 -2.1 -2.1 -2.1 -2.1 -2.1 -2.1 -2.1 -2.1 -2.1 -2.1 -2.1 -2.1 -2.1 -2.1 -2.1 -2.1 84.8 93.4 140.5 141.2 133.4 140.3 140.5 140.8 139.2 138.2 138.9 144.4 149.7 156 159.6 157.7 164.6 167.4 170.3 174.7 178.7 181.3 183.6 186.4 189.3 192 194 195.9 198.2 200.3 202.6 205.5 207.7 209.8 211.5 213.3 214.6 216.3 217.8 218.5 220 221.3 224.2 226.3 228.3 230.2 232.5 234.6 236.3 237.9 240.4 242.7 244.5 246.4 247.8 248.2 248.4 248.3 247.6 246.8 246.5 245.9
-2.1 -2.1 -2.1 -2.1 -2.1 -2.1 -2.1 -2.1 -2.1 -2.1 -2.1 -2.1 -2.1 -2.1 -2.1 -2.1 71.3 94.1 117.5 142.2 142.9 142.5 142.6 143.3 144.1 144.8 144.3 145.5 147.5 151 155.2 159.7 162.6 164 166.5 169.4 171.7 174.2 177.8 181 183.8 185.8 189.2 191.9 193.9 195.8 197.8 200 202.1 205.5 206.4 208.8 210.4 211.6 212.8 214 215.2 216 217.2 218.7 220.7 222.8 224.8 226.5 228.6 230.2 231.9 233.7 236.3 238.7 241.3 243.4 245 245.4 245.6 245.4 244.9 244.3 243.4 243.2
