public/OST50/SX25.asc
ncols 200
nrows 200
xllcorner 220000
yllcorner 50000
cellsize 50
[rows 74 to 110 of 200, columns 82 to 163 of 200]
38.7 35.8 31.1 36.7 37.3 26.9 15.1 19.1 24.7 29.5 32.8 27 15.4 -1.7 -1.7 14.2 36.3 43.3 40.1 34.9 37.3 41.2 45.7 52.1 59.4 66.4 69.3 70.5 72.8 76.5 80.7 83.7 84.6 86.3 86.9 88.1 89.2 86.9 83.7 78.5 58.6 45.6 25.5 19.4 39.8 43.2 44.4 43.8 43 43 43 45.1 47.8 49 45.8 55 70.6 79.3 85.2 90.6 95.7 105.3 116.2 120.1 123.4 127.7 130.8 132.3 133.2 133.5 132.7 133.1 133 133.4 133.6 134.2 134.8 135.5 137.8 139 140.8 140.6
49.6 45.1 41.4 49.5 49.8 43 29.6 19.6 12.3 9.3 9.6 -0.3 -0.3 -1.7 -1.7 4.1 23.2 24.6 21.8 29.7 34.8 38.9 42.9 45.3 49.9 58.7 63.9 66.3 70.5 75.1 78.4 81.5 84 87.6 89.8 91.2 90.5 84.6 78.7 63.4 51.1 35.9 19.6 17.9 21.7 26.2 28.8 31.5 33.1 38.2 38.4 41.5 38.7 41.4 42.8 57.8 73.8 82.3 89.5 95.3 105.1 112.3 116.9 120.1 123.3 126.3 128.3 129.2 129 128.6 129.3 129 128.6 129.3 129.8 130.6 131.4 132.8 135.9 138.9 141.1 141.1
61.3 54.6 53.7 55.9 55.3 53.9 47.1 38.1 29.6 23.2 19 16.7 8.9 2.3 -1.7 -1.7 7.8 22.1 34.1 43.1 47 51 54.8 56.8 57.3 54.8 58 63 67.3 72.2 77.3 80.3 82.9 87.5 90.4 92.5 84.3 77.6 65.3 50.7 37.1 24.9 18.4 27.6 32.3 37.5 42.8 48.2 52.5 54.9 57.8 59.4 56.9 51.6 46.9 63.9 75.9 83.4 89 97.4 105.4 111.8 115 118 121 123.5 124 124.2 123.8 123.4 124.1 124.9 124.3 123.5 123.5 124.5 125.4 128.7 132.2 134.8 137.4 137.8
66.1 62.1 61.7 62.2 61.1 60.9 60.3 56.8 49.3 42.8 39.2 34.6 24.2 11.9 2.4 -1.7 9.9 35.1 51.5 55.7 58.7 61.5 64.3 65.4 64.3 61.7 59.8 61.6 66.2 72.3 77.3 79.7 82.2 85.9 89.5 83.5 73.4 63.2 49.6 36.2 25.9 16.3 28 38.6 49.5 57.4 63.1 66.5 70.3 72.3 75.2 77.8 73.5 64.5 54.9 63.9 75.7 81.1 89.1 96.7 104.7 109 113.1 113 117.8 118.9 119.4 118.9 118.3 118.1 118.8 119.2 118.3 115.8 115 115.2 117.6 120.9 124.4 128.8 131 133.2
72.2 67.6 68.2 68.7 66.8 65 63.9 61.6 54.9 47.9 39.6 35.2 29.6 18.3 -1.7 -1.7 14.1 44.4 60 63.3 66 68.1 69.1 69.1 67.8 66.2 63.9 64.7 68.2 73.9 77.3 79.2 82.6 85.8 82.1 68.4 56.6 43.8 33.7 22.9 14.6 28.3 39.8 55.2 68.6 77.1 82.6 87.5 90.1 89.8 88.8 86.5 81.9 72.7 65.2 66.6 73.1 81.1 88.1 95.5 103.3 107.9 109.4 111.3 113.8 114.9 115.2 113.3 112.6 112.1 113.4 113.3 111.3 101.3 98.1 100.1 106.2 112 118.7 123.5 128.1 130.2
81.8 79 75.9 73.6 69.7 66.2 63.6 58.8 52.3 43.5 32.9 23.7 20.1 12.6 -1.7 -1.7 18.3 51.3 65.8 69.5 72.4 72.4 72.1 72.1 71.4 70 68.4 69.9 72.1 75.1 77.7 80.4 83.3 76.6 62.1 49.4 37 27.5 16.8 16.8 29.2 40.2 55.7 72.5 83.1 91.7 99.1 102.6 100.9 98.5 96.4 92.7 85.6 76.1 71.3 67.7 70.9 78.9 87 94.9 101.8 104.1 107.1 108.7 110.1 112 111 109 103.1 104.4 106.6 103 94.9 90 97.8 104 108.3 116.2 123 126.3 128 131.2
88.4 85.1 81.9 78 72.7 67.8 62.4 56.7 50.7 44.5 40.2 29.8 15.1 2.9 -1.7 5.7 26 58.2 71.2 76.9 77.2 75.7 75.1 74.6 73.6 72.6 72.6 73.4 74.5 76.8 79.7 81 73.9 57.9 43.9 27.3 17.5 12.4 20.3 29.6 40.5 54.9 69.8 83.5 92.5 100.5 104.7 107.3 104.9 102.2 98.5 91.3 81.8 75.2 70.6 64.5 65.3 75.6 85 93.2 96.9 98.3 100.5 105.1 108.4 109.9 108.5 104.1 91 91.3 90.4 89 86.8 94.8 106.8 113.6 117.8 123.2 127.8 129.6 130.9 134.1
94.3 91.1 86.9 82.1 76.5 71.4 65.4 59.5 53.4 48.5 42.3 29.6 11.2 -1.7 -1.7 8.6 35.9 62.7 72.1 76.8 78.2 76 75.3 75 74.5 74.8 75.9 76.1 77.2 80 82.2 73.8 54.5 40.3 21.9 10.5 13.2 24.6 32.8 40.5 55.1 68.7 80.2 90.4 98.4 103.9 106.2 106 104.1 101.5 96.3 86.7 76.2 67.2 64 59 60.3 71.6 82.1 88.1 93.5 93.6 97.8 103 107.4 107.4 101.9 87 76 76.5 81.3 83.1 90.2 97 103.4 113.9 120.7 125.8 129.1 130.9 132.1 132.9
99.5 96.6 91.9 85.9 80.1 74.5 67.7 61.5 54.6 47.8 37 19.5 5.5 -1.7 -1.7 15.2 45.8 58.9 66 69.8 71.4 72 73.4 74.5 75 77 77.5 78.2 80.4 82.7 79 58.7 38.4 17.5 8.1 16.2 30.1 39.3 49.1 60.6 70.3 79.1 87.5 95.2 100.5 104 104.3 104.2 102.6 99.5 95.5 87.9 76.8 62.7 55.7 52 55.9 64.9 74.5 80.7 84.7 92.9 96.1 101.1 107.3 105 91.7 70.5 72.3 83.1 90.1 95.2 104.4 113.3 116.7 115.9 120.4 125.3 128.9 130.8 132.4 132.7
101.7 98.6 94.4 88.9 82.5 75.9 69.6 62.3 55.2 44 27.6 10.1 2.1 -1.7 1.8 22.4 39.5 49.5 53.5 56.6 61.2 65.8 70.2 74 76.5 78.7 80.1 80.8 82.2 80.2 64.6 44.7 24.7 7.4 7.5 30.4 45.3 56.8 69.5 79.9 85.2 87.3 91 96.5 99.8 101.9 102.7 102.2 101 98.3 95.7 89.1 78.2 61.5 50 46.4 52.2 57.6 63.6 74.1 84.8 91 96.1 101.5 104.1 98.3 81.4 68.3 81.2 98.4 105.2 109.8 116.7 122 123.5 124.4 123.5 125.8 128.5 130.3 132.6 131.4
102.5 99.6 95.3 88.9 82.5 76.6 70.8 64.8 56 45 29.5 13.6 1.7 -1.7 -1.7 13.6 26.8 33.6 36.8 42.3 54.4 64.8 71.6 76.2 78.7 80.4 81.8 81.9 74.9 63.6 49.2 31.5 14 4 22.6 44.1 59 75 87.5 89.4 89.7 91.1 93.3 95.9 97.8 100 100.6 100.5 99.1 96.6 93.2 89.3 78.2 61.2 47.2 41.6 46 51.8 62.9 73.6 82.4 89.6 95.8 100.1 93.7 82 69 65.5 83.7 101.4 107.5 112.7 119 125.3 126.6 127.3 126.5 127.1 129.2 130.8 132.2 131.3
102 98.5 92.6 86.7 81.8 76.5 71.5 66.2 59.5 51.7 41.4 25.6 1.8 -1.7 -1.7 5.8 13 18.7 27 41.2 53.3 65.2 73.8 79.1 81.6 81.9 80.9 78.2 62.2 46.1 31.3 20.3 6.8 14.3 38.1 55.8 73.6 90.4 95.3 95.2 93.6 92.3 92.3 93.9 95.6 97.3 98 98 96.7 94.8 91.8 87.2 79.5 63.3 47.1 36.7 41.8 52.4 61.5 69.3 77.7 85.7 89.4 86.7 75.6 64.9 61.2 69.7 75.7 89.8 100.5 108.4 116.1 122.1 124.6 127.3 128.4 129 131 133.3 135.1 134.5
100 94.9 89.4 83.6 78.7 75.4 70.6 67 64 59.9 52.7 33.6 11.5 -1.7 -1.7 3.8 4.1 8.1 19.9 31.4 45.1 63.1 74.6 81 82.1 80.8 78.1 68.1 48.3 29.2 21 10.4 4.1 29.8 47.8 67.1 87.9 98.4 100.9 97.1 92.5 90.2 89.9 91.3 93.1 94.4 95.5 95.7 94.8 93.1 90.4 86.5 77.7 63.6 48.7 37.6 37.7 48 54 61.6 69 75.9 76 66 59 59.8 76.7 90.7 89.1 84.8 89.2 99.7 107.7 114 119 123.2 127.3 130.7 134.5 137.5 139.7 138.7
96.2 91 85.2 79.7 75.3 72.7 70.4 67.4 66.9 66.9 62.1 52.3 26.9 -1.7 -1.7 2.5 1.8 1.8 7.1 18.7 34.9 55.5 71 80.9 81.1 77.5 70.7 52.2 30.6 20.3 9.4 4.3 20 39 57.8 77.3 92.7 97.8 96.2 93.1 88.5 85.6 86.2 88.3 90.3 91.7 91.3 92.3 91.9 90.9 89 85.4 78 66.1 51.9 39.1 31.3 41 46.3 49.4 54.2 58 55.1 51.2 58.9 75.9 95.4 107.3 110.4 104.4 99.1 97.5 99.5 104.2 110.6 120 126.6 133.2 137 140.2 141.7 140.3
90.2 85.6 78.8 73.5 71.8 70.4 68.7 66.3 65.5 63.4 59.1 48.3 28 9.6 -1.7 -0.1 -1.7 -1.7 2 7.7 25.4 45.4 64.2 75.4 75.8 70.5 58.5 38.1 22.4 9.3 3 15.5 31.5 48.6 66.8 80.8 87.8 89.7 88.6 86.5 82.2 81.6 82.1 84.8 87.3 88.2 88.6 89 88.5 88.4 86.7 83.6 79 70.8 58.2 43.3 29.3 30.3 33 35.3 38.3 42.2 49.4 58.2 75.1 93.3 109.1 118.8 124 124.1 119.8 112.9 113 113.5 115.6 121.8 128.1 134 137.6 140.8 141.6 140.4
82.3 77 72.2 69.5 67.5 66.8 65.7 63.6 60.9 58 48.5 30.2 7 2.8 5.6 11.3 1.4 -1.7 -1.7 -1.7 13.3 33.7 53.9 65.6 65.4 59.8 45.2 28.2 13.2 3.4 11.4 28.1 44.6 61.3 70.6 72.8 75.4 77 77.9 77.1 75.9 78.2 81.7 84.1 84.3 85.2 86.2 85.8 85.4 85.4 84.3 81.3 76.6 68.5 47.3 30.8 28.2 38.1 42.6 46.4 48.8 52.2 63.2 76.4 92.9 106.1 118.4 125.4 129.2 131 129.8 128.1 126.4 124.1 123.7 125.5 129.5 134.5 138.1 140.2 140.9 139.5
77.2 73.1 70.1 66.9 63.7 63.9 63.2 59.6 54.2 48.3 33.3 9.1 9 20 24.6 26.5 18.8 1.7 -1.7 -1.7 3 20.3 39.4 53.8 55.7 49.4 33.4 16.4 2.6 6.5 23.7 41.1 56.6 62.7 62.4 56.8 57.1 60.7 64.7 70.7 76.1 82.3 85.5 86.5 85.8 84.1 80.1 79.6 81.3 81.7 80.7 78.3 74.7 58.8 36.3 23.7 31.2 44.5 56.5 63.5 72.1 80 86.5 95.3 105.4 116.1 123.1 128 131.8 133.3 133.6 132.4 131.9 128.2 127 128 130.5 134.9 138 139.6 140.5 139.3
76.4 71.3 68 64.6 61.5 58.8 58.8 57.1 51.9 39.2 20.1 12.3 29.9 40.1 45.2 45.4 35.4 20.1 1.4 -1.7 -1.7 10.1 28.5 47.8 49.1 42 25.5 6.6 3.3 12.5 33 51.8 60.6 55.5 44.1 47.6 55.7 65.6 73.5 80.6 85.2 88.9 89.9 88.5 85.9 81.3 76.3 73.7 74.7 74.2 74.1 72.6 72 58.6 35.4 23.7 30.7 46 66.2 82 94.1 102 105.5 110.8 115.4 120.6 125.5 129.2 132.8 134.6 134.3 133.6 133.5 129.6 128.1 128.5 129.1 134 136.8 139.3 140.6 139.6
77.1 71.5 67.3 61.5 57.3 52.8 51.7 53.4 50.2 30.4 16.3 28.9 45.2 56.7 62.2 56.5 44.5 28 8.9 -0.1 -1.7 3.4 26 45.6 45.9 40 25.1 3.7 3.6 15.3 33 43.4 47.5 36.7 38.4 53.4 67 77.3 85.2 88.5 91.7 93.9 92.9 89.8 87.3 83.6 79 73.7 68.1 65.6 69.6 68.8 67.9 58.5 36.2 24.5 31.3 49.7 71.7 90.9 101.1 105.8 109.2 113.2 118.6 122.1 125.2 129.7 133.4 134.7 133.3 132.7 130.9 128.4 126.5 126.5 127 130.9 134.1 137 139.3 140.8
77.1 71.9 64.4 55.9 48.2 45.5 42.7 47 43.8 20.7 25.8 41.8 56.9 69.4 70.1 63.7 50.5 32.7 15.9 0.6 -1.7 -1.7 27.8 39.7 43.1 41.5 27.5 4.1 2.7 11.7 20 27.6 30 28 42.9 60.7 74.9 83.5 88.5 91.1 93.7 93.7 92.3 89.8 87.3 84.5 81.3 77.8 73.8 68 60.3 57.7 58 50.7 31.1 19.3 32 49.8 71.7 90.3 101 105.9 109.8 114.8 118.1 121.2 123.9 128.4 130.7 130.6 129.6 128.7 126.9 124.6 123.6 121.6 120.7 122.9 127.4 133.1 138.2 139.3
72.1 64.4 54.8 50.2 46.8 41 36.3 30.8 26.5 26.7 37.5 52.3 68 74.2 74.3 68.2 57 38.5 21.6 0.9 -1.7 -1.7 25.1 33.8 38.6 34 21.6 4.1 0.1 3 7.2 12 18 31.2 47.1 65.7 76.7 82.9 87 90.5 92.6 92.3 88.6 87.6 85.4 83.3 81.9 80.9 77.8 72.8 66.1 55.7 42 38.3 26.5 19.6 31.8 49.9 70.7 87.4 96.7 103.4 107.6 111.6 115.2 119.1 122.2 126.3 127.1 124.8 124.7 123.3 120.3 118 116.2 113.5 106.8 104.8 120.3 132 135.3 136.4
68.1 62 61.7 60.6 55.7 47.6 38.3 34.2 36.2 40.6 50.1 62.7 72.3 77.4 79.1 76 65.9 47.8 27.9 1.3 -1.7 3.2 20.3 26.7 20.4 10.8 3.4 2.9 6.5 13.1 13.8 11.1 20.2 34 48.5 65.8 73.1 77.5 83.3 87.2 89.6 88.7 86.6 83.8 80.8 79.1 79.1 80.1 79 75.5 72.7 65.5 52.8 34.4 22.4 18.5 29.1 45.5 68.3 82.5 90.9 96.6 101.7 105.8 111.1 114.9 118.9 122.8 122.4 120.1 119.3 116.4 110.7 106 99 93.6 90.4 103.7 121.5 129.7 131.7 133.3
70.5 66.5 66 62.7 54.8 47.9 46.8 50.6 51.2 55.4 63.7 72.2 78.8 83.3 86 83.7 73.6 54.9 32.8 6.9 -1.7 1.2 12 6.8 1.8 1.8 1.8 8.3 17.7 27 32 34.8 32.9 32.3 45.3 57 64.7 71.8 78.7 83.5 86.6 85.3 83.8 79.8 73.8 71.1 73.1 75.9 75.8 74.9 73 67.8 58.2 42.1 25.6 16.2 24.1 44.5 64 75.7 82.8 87.6 92.9 98.4 104.6 110.8 115.1 117.7 116.8 115.2 111.4 108.5 98.9 86.6 79.7 83 94.3 109.7 122.5 126.7 128.1 130.2
72.8 70.4 68.5 61.2 57.5 59.8 59.4 64.5 68 70.6 73.9 78.8 85 89.3 90.4 88 80.6 65.7 40.1 13.9 -1.7 0.4 -1.7 1.8 1.8 7.6 21.4 28.8 35.1 40.7 47.2 53.5 53.3 48.1 46.6 51.8 58.4 65.4 73.9 79.2 83.1 83.9 82.1 77.1 67.9 56.9 60.8 67.4 70.5 72.1 70.6 67.1 59.2 43.9 26.6 15.2 27 43.5 52.6 62.1 66.9 73.7 79.2 90.7 99.1 105.5 110.9 113.9 113.8 109.2 102.5 98.5 86.1 71.9 80.8 93.5 106.2 116.2 121.9 123.1 123.7 126.2
78.8 76.5 72.5 70.2 69.8 70 71.1 74.2 78.3 79.8 81 85 89.4 92.5 92.2 89.3 83 72.4 50.6 21.9 -1.7 -1.7 -1.7 1.8 21.8 32.6 38.2 44 50.4 59.2 65.6 66.8 66.8 63.3 59.9 61.8 63.2 63.7 71.4 76.9 80.8 83 80.3 76.5 68.9 57 47.4 54.8 66 68.1 66.7 64.3 58.9 49.3 28.2 14.1 24.3 29.4 36.4 44.5 52 56.1 65.6 82 93 100.6 106.9 110.6 107.7 101.6 93.5 84.1 71.4 68.9 84.3 100.8 106.9 111.8 115.2 116.2 116.8 121.3
85.3 82.7 80.7 81.9 83 84 83.2 83 85.4 87.3 88.7 90.1 91.5 91.7 90.6 86.8 80.7 73.4 56.4 29.8 -1.7 -1.7 1 9.8 30.7 39 46.5 53.2 61.7 71.2 75.1 75.1 73.2 70.9 69.5 70.4 71.9 74.6 74.5 79.3 80.9 80.8 79.4 74.7 67.6 58.6 43.6 44.8 60 61.4 61.2 59.7 54.7 47.4 27.9 13.7 24.4 38.4 41.9 44.1 49.6 59.8 73.4 84 93.3 101.4 104.7 103.9 100.7 94.9 85.4 69.4 58.9 71.8 88.6 96.1 94.2 95.2 100.3 103.7 108.5 114.8
94.8 95.8 97.9 98.6 98.6 98 95.2 93.1 92.4 91.4 90 88.3 87 88.6 87.8 83 76 67 50.7 30 6.8 -1.7 -0.1 7.6 28.3 42 52.5 60.3 69.2 74.7 77.6 78.1 77.5 77.2 77.5 78.6 80.5 81.2 81.7 82.3 82.2 81.6 79.3 76.5 72.1 66.3 47.3 37.2 52.1 55 54.7 53.2 48.2 41.3 24.6 12 29.2 48.7 57.3 60.4 65.6 76.5 83.1 89.4 97 99.7 100.1 97.4 94.1 87.9 77.9 60.7 55.4 68.9 77.1 76.4 79.2 82.9 90.4 93.7 96.5 103.4
107.3 108.3 108.4 108.3 106.7 103.9 100.7 97.6 97 92.1 87.5 83.4 82.5 82.9 81.9 78.4 71.7 57.2 36.5 24.3 12.8 -1.7 -1.7 1.5 21.9 41.6 52.7 56.8 65.7 71.8 76.9 79.3 80.5 82.8 84.3 87.3 88.8 89.4 88.9 87.6 85 85.4 82.8 78.7 74.4 68.1 51.4 30.4 41.4 45.5 46.6 43.1 34.4 27.2 17 11.8 33 55.1 66.5 72.8 76.9 84.1 87.5 92.1 95.4 96.2 94.2 91 87 79.2 67 50.9 51.1 57.3 61.8 71.2 84.2 97.7 103.4 105 105.4 107.4
113.3 113.9 112.6 111.4 108.5 105.9 103.2 100.4 96.6 91.9 85.9 79.5 75.5 74.3 74.2 72.9 66.4 49.5 27.5 7.7 1.8 -0.2 -1.7 -1.7 11.1 30.2 41.7 49.9 58.9 67.6 75.9 79.9 82.9 86.3 90.2 94.2 95.8 95.8 94.1 92.3 89 86 81.8 76.6 71.5 59.3 43 27.2 24 29.7 33.2 26.7 18.2 11.1 9.4 15 33.5 51.5 62.9 72 79.6 85 87.5 90.9 93 90.3 86.6 82.2 72.8 62.8 52.6 46.6 59.8 68.8 76.2 87 97.8 107.8 112.4 115.6 118 120.4
115.5 114 112.8 110.7 108.6 106.6 104.7 102 98.3 93 87.9 79.6 69.3 64.3 63.8 63.5 54.9 36.8 18.6 12.1 1.9 0.5 -1.7 -1.7 3.2 13 19 36.7 52.2 63.3 73.2 80.1 86.3 92.1 94.2 98.6 101.5 101.8 98.9 93.8 89.8 83.3 76.5 66.2 56.1 42.2 33.3 32.9 29 23 20.8 19.6 18.9 22.4 13.6 9.3 24.4 41.8 55.1 68.5 76.4 81 83.6 88 86.5 80.9 76.6 67.2 56.5 46 44 56.9 74.1 83.3 92.8 103 110.6 112.3 115.6 119 123.2 126.8
112.7 111.5 109.7 107.6 105.3 105.7 104.2 102.8 98.1 93.9 89 82.4 71.3 61.9 53.4 47.6 39.3 27.9 27.8 28.2 20.9 1.6 -0.1 -1.7 -1.7 9.9 30.8 48.2 57.1 71.3 77.3 81.7 88.2 94.3 97.6 99.8 102.2 101.8 100.4 94.3 87.5 74.6 60.8 50.1 42 42.2 47.6 49.8 45.9 39.2 38.5 38.2 39 35.9 22.8 9.8 12.8 29 46.4 59 67.7 71.9 75.1 79.1 74.4 68 59.8 49.9 39.1 39.7 54.3 74.5 85.8 93.1 100.8 106.9 111.1 112.4 115.6 122 126.2 129.9
107.5 105.7 104.1 101.6 101.6 101.7 101.6 99 96.8 94.6 90.8 86 78.1 69.8 59.8 48.4 44.5 44.7 43.6 46 36.9 14.5 0.9 -1.7 -1.7 12 40.8 53.2 67.8 80.1 84.5 88.5 92.6 97 99.9 102.4 103.1 101.8 99 93.7 83.6 72 63.7 54.7 50.5 57.2 62.9 65.5 65.1 64.2 65.8 65.5 59.9 54.7 33.7 14.8 8.4 25 37.1 48.1 56.5 59.9 64.1 65.3 61.6 52.3 42.8 34.5 34.2 46.3 59.4 73.1 81.1 88.1 95.9 102.4 104.9 108.3 115.4 121.5 126.7 131.5
100.4 98.6 96.2 92.9 91.4 92.5 93.5 93.7 93.4 93.2 91.8 88.6 85 80.4 74.1 64.1 62.7 63.5 62.1 56.3 40.5 21 1.1 -1.7 -1.7 13.2 44.7 60.6 78.7 85.8 89.7 94.3 97 100.4 102.5 103.8 104 102.7 99.3 94.4 87.7 84.5 79 60.8 60.4 69.8 78.9 83.8 83.7 83 80.7 75.7 70.6 64.3 39 18.8 9 20.3 30.1 34.5 38.6 44.2 50.2 49.4 43.5 35.1 28.6 32.2 44.4 49.5 53.8 60.4 66.5 75.9 84.2 92.2 99.5 106 115.6 121.6 127.5 132.8
91.4 88.4 83.5 77.8 74.2 75.7 78.1 83.4 86.4 87.9 91.4 91.8 88.3 83.8 78.6 74.4 73.6 73.6 69.2 62.2 44 17.7 0.5 -1.7 -1.7 14.8 46.4 63.1 81.3 89.2 94.5 98.4 101.2 103.4 104 104.6 104.9 103.4 100.1 99.1 97.1 94.9 86.2 69.1 71.1 84.9 96.9 96.8 94.2 89.6 83.6 76.3 69.5 59.5 32 15.5 8.4 9.3 12.4 12.8 16.1 22.7 31.6 31.6 24.3 25.3 37.2 55.4 66 69 72 76.4 81.9 88 93 94.8 98.5 106.2 114.8 121.8 127.8 132.7
74.8 71.5 65.8 57.7 52.8 50.9 51.6 58.5 70 81 86.1 89.3 87.5 84.6 82 79.8 78.9 76.8 72.7 65.7 46.5 18.3 -1.7 -1.7 2.1 18.6 47.6 62.8 81.5 91.3 97.7 101.5 104.4 104.2 104.6 105.1 105.1 103.3 103 103.8 102.7 100.1 94.4 79.3 82.6 97.4 103.5 102.4 97.9 92.4 84.8 76.5 67.3 53.5 28.1 8.7 9.3 14.1 19.1 20.8 18.9 18.2 18.7 23.7 32 44 58 78.3 80.9 83.7 89.3 95.1 98.3 103.7 105.6 106.7 107.8 108.5 117.9 123.2 128.5 131.9
55.5 52.7 45.9 37.8 33.1 30.6 30.9 38.1 48 62.1 79.7 83.6 83.9 84.7 85.1 82 78.1 75.1 72.9 68.9 53.6 26.6 -1.7 -1.7 2.2 19.5 47.2 61.3 78.9 91.6 97.8 103 105.3 104.6 103.3 103.1 104.5 104.9 108.2 109.1 107.3 104.9 100.5 92.4 96.2 105.1 106.2 104.4 99.3 93.2 85.4 76 65.2 48.1 25.8 8.4 8.9 25.3 40 43.5 43.3 44.2 45.8 48.7 53.7 67.2 81 87.4 91.6 93.6 97.9 104.4 107.6 109.9 111.8 112.6 113.2 115.7 120.5 124 127.2 130.2
30.4 30.8 26.1 19.7 16.1 14.1 13.4 17.1 25.8 42.6 57.9 70.9 79.9 85.4 84.6 80.7 76.3 72.2 69.4 66.5 57.8 35.4 -1.7 -1.7 1 15.5 42.7 52.7 75.1 88.3 95.4 100 102.1 101 101.3 102 104.7 109.2 111.5 111.5 110.5 109.5 106.3 104.7 105 106.1 105.7 103.1 98.1 91.6 83.8 73.2 60.3 38.4 19 6.6 9.5 29.9 48.6 61.7 66.7 70.7 73.9 76.5 84.6 88.8 91.7 94.3 97.1 100.4 105 108.4 111.6 114.3 116.3 116.6 114.2 117.8 120.5 122.9 124.5 121.6
