public/OST50/SX25.asc
ncols 200
nrows 200
xllcorner 220000
yllcorner 50000
cellsize 50
[rows 37 to 73 of 200, columns 82 to 163 of 200]
111.3 107.8 107.4 108.4 112 111.4 108.7 104.1 97.4 89 76.2 57 40.8 24.3 9 7.6 14.1 30.6 48.8 63.4 74.7 79.1 76.4 66.9 56.5 45.3 31.8 31.6 49.5 68.7 80.5 86.1 90 91.5 90.6 86.2 81.9 78 74.1 73.5 70 79 82.5 82 84.8 88.5 91.7 93.8 92.8 92 97.8 103.7 108 114.1 117.3 119.8 120.5 118.5 117.9 120 125 131.2 137.2 142.4 148.2 151.8 154.9 157.8 160.7 163.5 164.7 167.5 168.8 170.4 172.2 173.6 174.9 176.8 176.1 174.9 172.1 167.9
102.8 101.8 104.3 105.8 109 112.2 111.1 108.2 102.6 94.8 84.5 70.4 54.6 37.2 18.4 6.9 8 24.3 40.9 55.1 62.3 62 53.9 45.2 36.1 28.4 30.3 45.9 60.9 79.1 92.1 99.7 103.2 105.2 104.4 101.9 97.1 92 89.5 90.1 88.3 90.9 94.1 95.1 96.7 98.9 100.9 102.6 102.2 99.8 102.9 108.7 112 114.4 116.9 117.1 111.2 109.8 114.2 120.9 126.8 131.7 138.1 143.4 149.1 154 158.4 161.9 165.3 168.2 172.9 174.2 175.9 178.1 180.1 181.9 183.6 183.2 182.3 180.3 176.6 172.6
94.7 89.2 92.3 101.4 107.1 109.9 110.1 109.3 105.8 99.8 91 80 67.3 50.7 29.8 6.8 5.1 19.4 32.6 40.3 43.8 39.9 32.1 25 27.4 35.1 48.1 62.6 75.6 90.6 100.8 108.5 113.6 115.8 115.6 113.9 110.2 105.6 105.3 104.8 104 106.6 106.4 106.7 107.6 109.8 111.3 111.5 111.5 111.3 110.4 111.2 113 116.6 113.8 107 104.7 111.8 119 122.5 127.6 132.7 139.1 145.3 150.7 155.6 160.5 166 171.1 176.4 180.1 181.8 184.1 186.8 189 189.5 188.9 187.7 185.5 183.2 179.9 175.6
92.2 87 80.6 89.1 101.1 106.5 107.3 106.9 106 101.6 93.8 86.6 77 64.9 43.9 17.9 6.2 13 17.2 20.2 21.1 18.5 22.3 30 42.5 54.6 64.5 77.5 88.5 99.2 107.8 114.7 118.3 119.8 119.5 118.7 115.5 114 113.8 113.2 113.6 113.7 114.5 115.2 116.1 117.5 118.2 118.7 117.4 114.6 112.9 114.5 115.3 114 106.3 100.7 105.1 111.1 116.5 121.9 127.9 134.1 141.4 148.4 157.1 163.5 167.7 173.2 180.6 184.3 187.4 189.9 191.8 192.4 192.5 192.4 191.4 190 187.6 184.4 180.8 176.7
100.5 92.2 80.5 75.9 91.6 101.2 102.5 102.4 101.3 98.9 95.3 89.3 82.6 71.9 54.5 28.3 7.3 8.4 13.9 13.7 18.2 28 40.2 50 60.9 74.1 86.9 94.1 98.2 105.8 113 118.3 120.8 121.7 121 119.8 118.3 117.6 117.7 118 118.8 119.5 119.7 120.8 122.6 124.4 124.1 122.6 120.1 117.3 115.6 116 114.7 109.8 98.5 98.3 103.2 109.2 115.7 122.8 130.7 137 147.6 159 166.2 172.3 177 184.2 188.8 192.2 194.1 194.9 195.1 194.5 194.3 194.1 192.4 190.3 187.6 183.9 181.2 175.6
106 94.4 82.1 69.5 81.5 93.3 95.2 95.7 96.5 94.8 92.7 90.1 85.3 77.3 58.8 32.5 9.4 12.7 23.5 33.2 41.9 48.1 58 68.2 83.7 95.9 103.5 108.7 112.5 116.2 119.5 122.2 123 122.6 121.5 119.7 118.1 118.1 119.1 120.5 121 121.9 123.2 124.5 126.2 128 126.9 124.8 122.7 120.2 118.5 117.2 111.3 99.8 92.7 96.4 104.5 112.8 121.9 127.6 136.8 147.4 158.6 167.4 173.3 178.7 185.4 190.3 194.2 197.2 198.1 198 196.8 196.1 195.1 193.6 191.4 189.1 182.9 179.8 174.9 171.2
109.9 97.5 82.2 69.4 70.5 82.2 84 87.5 90.3 90.6 89.6 87.4 81.6 71.7 54.3 30.7 9.6 10.4 29.2 43.3 52.7 61.8 72.9 88.5 101.2 110.6 115.7 118.8 121.1 123.9 124.3 123.8 123.1 122.5 121 118.4 117.4 116.6 119.5 121.4 122.8 124.1 125.6 127.2 128.6 128.7 128.1 126.6 124.7 121.8 118.9 112.7 98.8 89.7 90.6 97.9 108.8 119.5 129.2 139.2 148.3 157.9 165.8 172.6 179 184.8 189.4 192.8 197.1 199.3 200.2 200.2 197.5 195.6 193.8 190.9 188.2 183.4 179 174.8 171 166.3
117 106.5 90.6 72.4 58.8 65.2 69.9 75.4 82.5 84.9 85 82.4 75.3 60 44.6 29.5 13.3 12.6 32.4 49.7 63.3 75.7 91.5 103.7 113.3 119.4 122.4 124 125.6 126.5 126.6 124.7 123.7 121.7 118.7 115.2 114.7 115.9 118.8 122.1 123.9 126.3 127.6 128.7 128.7 128.6 128 125.9 123.2 120 114.9 103.2 88.4 84.6 91.8 100.7 113.7 127.1 138.6 147.9 156.2 163.2 169.2 176 182.2 186.2 189.9 195.6 198 199.9 198.7 196.9 195.5 193.8 191.3 187.4 183.2 177.1 172.4 169.1 164.9 161.9
123.8 114.2 101 81.6 65.7 53.3 54.6 64.1 72.3 75.1 76.1 74.6 66 47 34.3 24.8 11.2 14.3 37.5 58 73.8 89 105.3 114.2 120.1 123.1 125.1 125.4 126.2 126.5 126.6 124.8 123.1 120.8 117.1 112.8 109.4 113.1 117 121.1 124.2 126.3 127.6 128.4 128 127.5 125.7 122.8 119.7 113.9 108.5 94.2 81 85.7 94.2 106.1 121.3 133.2 144.4 152 158.9 165.5 172.3 177.6 182.4 186.8 190.8 194.7 196.9 198 195.6 193.5 191.9 190.9 187.2 180.6 174.5 169.1 165.3 163.1 159.7 157.3
126.7 118.6 107.7 92.5 75.4 66.2 51 49.3 55.9 57 56.8 55.7 50.6 33.7 21.2 13.3 4.9 20.6 45.8 67.5 82.6 100.7 115.8 120.5 123.6 125.3 125.1 125.2 125.5 125.4 124.9 123.4 121.7 119.5 116.3 111.3 106 110.6 114 119.7 123.1 125.4 126.4 127 126.1 124.6 122.5 118.8 115.6 110.4 99.4 83.5 79.7 88.1 98.4 112.7 127.6 139.7 148.2 154.3 159 165.8 171.8 176.3 181.2 185.3 189.5 193.7 196.3 195.3 191.9 191.3 188.8 184.6 177.2 169.7 165.8 162.1 159.8 158 156 153.1
126.8 119.8 110.3 99.7 89.4 77.6 63.3 48.6 38.9 34.2 31.5 31.3 32 21.7 7.6 5 17.4 34 61.1 79.9 96.4 113.5 122.5 125.2 126.4 126.3 125.5 124.2 123.8 122.7 122.4 121.3 119.6 117.7 115.1 109.6 103.5 105.3 112 118.3 121.8 124.2 125.1 125.3 124.6 122.8 118.8 114.8 106.7 100.9 92.2 77 80.4 92.3 105.5 119.5 133.2 142.3 149.6 154.9 158.6 162.5 170.1 173.3 177.6 182.3 186.3 190.3 193.7 190.8 188.6 187 179.7 173.2 167.3 162.9 159.2 157.2 155.7 154.3 152.3 149.7
127.2 121.8 113.9 104.6 95.4 84.2 73.5 57 49.4 43.7 32 20.7 10.9 5 4.9 17.8 35.2 57.9 73.9 94.2 108.5 118.8 126.9 128 127.3 126.6 125.4 122.6 120.1 119.4 118.7 117.6 116.5 115.2 112.5 108 98.5 108.9 114.5 118.8 122.2 123.5 123.1 123 122.5 120.8 117.4 113.8 97.8 87.6 83.8 73.9 85.8 99.8 115.2 129.2 138.7 144.7 150.5 154.1 157.7 160.5 166.9 171.8 174.3 177.8 182 184 185.1 177.4 179.1 175.4 170 165.2 160.9 157.3 154.4 152.8 151.3 150.2 148.7 146.2
127.4 121.9 114.2 105.2 95.1 84.5 73.5 61.2 47.5 41.6 36.5 29 17.8 4.5 13 29.9 55.5 79.8 91.6 104.9 115.8 122.3 126.4 127.2 125.3 124 121.9 118.3 115.8 115 114 112.8 112.2 110.9 109.4 105.5 95.6 106.6 112.7 116.5 120.4 120.7 120 119.8 119.5 117.5 114.6 112 104.6 82.5 72.7 76.2 91.9 110.1 125.5 133.2 139 144.7 149.7 154.1 157.2 160.7 164.6 169.4 171.1 171.8 173.6 172.9 171.8 170.5 170 166.6 162.9 159.2 156 153.2 150.4 148.4 147.1 146 144.9 142.7
127.2 121.3 114 105 95.4 84.5 75.4 68.9 58 49.1 40.3 29.7 11.6 -1.7 21.8 41.7 63.9 86.2 105.2 112.3 119.8 122.4 123.3 122.6 121.1 118.1 115.1 112.9 110.5 108.5 107.2 106.9 106.9 106.4 105.8 102.8 92.5 104.3 109.9 113.8 116.3 117.2 117.2 116 115.4 114.1 113.5 111.1 105.6 84.3 67.3 78.4 93 116.1 126.4 132.7 137.8 143 147.1 150.4 153.5 158.2 160.5 165.3 167.1 167.3 168.5 168.4 167.7 165.1 163.1 161.4 157.9 154.6 151.9 149.9 146.7 144.1 142.9 141.8 140.8 138.8
125.3 120.1 114.2 105.4 99.3 94.6 92.6 88.1 85.8 70.6 49.2 24.1 -1.7 -1.7 30 47.7 64.7 84.2 102.4 110.6 114.8 116.4 116.4 114.5 112.4 110.1 107.5 105.1 102.1 101.5 101.2 100.9 100.5 100.4 101.2 99.8 88.2 98.5 105.8 110.1 113 113.1 113.6 112.6 111.5 112 111 109.9 104.8 84 67 78.5 95.6 116.1 124.2 130.8 135.3 139.9 143.4 145.9 149.3 152.2 155.9 160.2 161.8 163.4 164.7 163.7 163.4 161 158.6 157.3 154.1 151.1 148.6 146.9 143.7 140.9 138.7 137.4 138 136.9
124 120.7 116.7 112.7 111.9 108.3 103.9 100.9 96.6 78 53.8 22.6 -1.7 15 31.8 46.4 62.6 79.4 95.6 104 107.3 108.4 108.4 107.6 104.8 101.8 99.3 96.1 93.5 92.5 93.1 92.6 92.2 92.2 93.5 91 82.9 95.8 100.9 105.2 108.2 109.6 110 109.6 108 108.4 108.8 108.1 103.6 83.8 64.8 76.1 97.6 112 119.7 123.6 130.5 134.8 136.6 140.5 145 147.2 153 154.9 157.5 159.1 160.6 160.9 159.4 157.2 154.2 153.2 150.9 148.7 146 143.6 141.1 137.9 135.5 134.5 134.7 134
127.9 125.4 122.7 120.3 117.9 115.5 112 106.1 99.1 81.3 55.5 21.5 -1.7 12 25.3 38.1 53.4 73.1 90.5 96.4 99 98.8 98.8 99 97.2 93.9 90.2 87.2 83.1 79.8 82.8 82.3 82.9 84.4 87.1 79.3 83 88.9 94.9 99.2 102.8 105.8 106.9 104.9 102.9 104.2 106.6 104.9 99 80.2 62 69.8 96.5 106.9 113.4 118.6 123.8 127.7 132.6 136.8 139.3 144.4 147.7 148.6 152.8 154.6 155.7 156.1 155.2 153.3 151 149.7 148.4 146.1 143.7 141.4 138.9 135.4 134 133 132 130.5
132.7 131 128.9 126.4 123 119.1 114.3 109.8 101.4 85.6 61.6 29.5 -1.7 4.2 16.3 28.4 47.3 68.3 83.6 88.1 90.8 90.4 89.4 89.5 88.8 86.2 83 78.5 72.6 67.4 69.3 70.6 72.2 74.7 75.3 69.2 76.6 80.6 86.6 92.3 96.6 99.6 101.4 100.8 98.1 100.7 105.3 102 90.3 70.9 57.8 70.4 91.2 101.8 106.8 111 115.5 120.2 125.9 130.3 135.2 139.7 143 146.7 148.8 149.5 147.1 150.9 150.3 148.9 147.8 146.7 145.5 143.8 141.7 139.6 136.8 133.1 130.8 129.7 128.6 127.2
137.3 135.8 132.6 129.5 125.3 120.5 115.2 109.3 101.9 89.9 72 43.1 17.6 -1.7 3.8 20 35 58.4 76.3 81.4 83.3 83.7 82.3 82 80.5 77.4 75.4 71.3 62.9 57.3 57.5 58.8 60 62.1 62.6 62.9 68.1 72.1 78.8 85.1 90 96.2 96.7 95.1 90.5 95.1 100.1 96.9 86 64.7 53.7 67.2 83.8 92.1 98.1 101.8 107.3 112.8 118.2 125.4 130.4 134.7 138 141.1 143.8 144.9 146.2 146.6 146.6 146.1 145.3 144.5 142.7 140.9 138.4 136.8 134.3 130 127.5 126.4 125.3 123.6
140.6 136.9 133.7 130.2 125 120 114.3 108 100.7 90.4 75.3 57.9 33.9 -1.7 -1.7 8.9 28.3 52.8 70.6 74 75.7 76.1 74.1 71.3 70.7 69.2 66.6 63.1 56.8 49.3 48.6 50.5 51.9 53.7 56.7 58.8 63.9 66.9 73.1 80.7 86 90.2 90.8 84.8 83.4 92.4 94.4 90.3 82.7 60.9 51.3 64.5 74.3 82.6 89.6 95.4 99.3 105.1 112.4 119 125.3 129.4 132.8 136.2 138.7 141 142.1 142.4 142.8 143.1 142.4 140.9 139.2 137.6 135.6 133.5 130.4 127.1 124.7 123.7 121.8 118.3
139.4 136.2 133 129.7 124.6 118.6 112.4 106.1 98.9 91 78.6 65.4 49.3 19.7 -1.7 -1.7 17.5 43.1 63.3 66.9 68.3 68.3 64.8 58.7 55.9 53.8 53.3 52.2 47 40.9 42.8 44.6 47 49.7 52.4 55.8 60.6 66.3 72.8 78.2 83.3 85.2 80.9 75.7 86.4 90.3 88.6 82.7 72.1 56.1 50.2 60.6 68.6 74.7 83.7 90.8 94.8 99.4 106.7 112.3 118.6 123.1 127.5 131.8 134.5 136.9 137.8 138.3 139.4 139.7 139.2 137.7 135.3 133.1 131.6 129.8 127.6 124.1 120.4 120.7 119.3 114.2
136.6 133.1 130.9 126.2 120.6 114.4 108.6 102.6 95.6 89.4 79 65.4 53.1 26.5 3.4 -1.7 8.6 38.2 56.9 60.3 61.6 61 53.2 43.3 36.8 36.1 37.3 37.8 36.9 44 53.9 50.9 51.1 51.2 50.7 56.6 61.5 66.5 71.8 76.7 78.1 77.6 69.7 76.1 85.1 87.2 82.4 72.3 57.2 47.6 53.8 61.2 66.4 72.7 81.9 88 92.8 95.7 99.5 105.1 111.8 117.9 122.3 127.1 130 132.8 134.1 133.5 137 137.1 136.2 134.9 132 129.2 127.7 126.1 124.3 122.4 118.7 117 115.1 110.9
132.6 130.2 126.4 121.5 115.3 109.1 102.9 97.1 91.6 85.1 77.6 64.9 47.6 27.3 7.4 -1.7 7 36.6 51.7 54.2 53.9 47 34.8 25.8 26.3 32.3 34.9 38.1 47 59.7 59.6 66.3 66.6 62.4 58 59.5 62.2 65.9 69.1 69.9 68 66.1 64.1 73.4 85.3 85.7 78.2 61.2 47.2 45.7 59.2 68.1 74.1 80.3 84.8 87.8 89.9 92.6 94.4 97.8 104.7 112.4 118.3 123.2 126.8 129.4 130.3 130.8 133.7 134 133.2 129.7 127.4 125.5 123.8 122.2 120.9 119.8 116.6 109.5 108.2 107.1
126.7 123.8 120.3 115.7 109.4 103 96.3 90.8 84.8 80.2 73.9 64.1 46.6 27.7 -1.7 -1.7 7.9 37 47 46.6 41.4 28.6 21.3 30 40.6 46.5 45 48.9 60 65.7 77.1 81.5 77.9 68 60.6 57.4 60.1 62 64.4 65.6 60.5 57.9 66.3 79.6 85.9 82.4 73.6 53.3 44.3 46.4 64.5 70.8 74.7 78.4 81.2 83.6 85.3 86.6 89 93.2 100.7 108.7 115.1 120.9 124.6 125.4 125.1 126.5 129.7 130.5 128.8 126.9 123.5 121.4 119.3 117.3 117 116.3 114 107.5 102 100.9
119.7 117 113.7 108.6 102.4 95.4 86.3 81.5 79.4 74.9 68.9 60 46.8 28.3 7.3 -1.7 9 33 42.4 34.5 22.8 19.1 31.1 44.1 56.5 62.8 65.2 66.9 72 81.1 86.2 82.7 77.4 67.6 58.2 54 54.9 57.3 60.8 60.7 54.1 59.6 78.9 85.5 83.3 78.9 70.3 49.3 41.7 50.1 62.1 65.9 69.3 72.8 75.7 77.5 78.8 80.1 84.8 93 101.2 108.6 114.7 119.9 121.6 121.6 119.5 123.9 126.2 127 125.6 124 121.1 117.4 113.7 113.5 113.5 111.5 109.1 105.6 98.3 94.7
112.4 109.8 106.3 100.7 93.4 85.2 78.5 76.3 74.4 69.5 63.7 56 44.7 30.8 11.2 -1.7 7.9 29.1 37.8 24.8 16.1 31.5 44.7 58.9 69.7 75.3 77.6 79.7 83.5 87.3 86.2 80.4 74 61.8 53.1 50.1 51 54.6 57.4 55.2 51.5 68.2 78.7 82.5 77.2 70.8 56.3 40 36.9 52.2 54.9 56.8 61.8 65.6 68.2 69.2 71.7 75.3 84.5 93.9 102.3 108.5 114.4 118.1 115.2 110 115.5 121.5 124.3 124.7 123.5 121.9 119 116 112.4 110.6 109.4 106.2 101.1 98.1 96.9 95.7
104.9 102.5 97.8 92.9 83.9 79.3 75.5 70.8 68.7 62 50.9 41.8 30.1 19.7 10.8 -1.7 3.6 22.5 26.5 15.2 18.2 33.2 49 64.3 74.1 81.3 85.8 88.6 89.6 87.4 83 75.8 66.4 56.5 49.6 45.8 47.8 50.8 52.4 46.4 53.7 66.6 75.9 74.9 66 52.3 40.6 35.6 38.3 41.6 45.1 46.1 50.9 56 60.8 61.5 66 76.4 84.1 91 99.5 106.7 109.5 107.1 102.6 105.3 113.7 120.2 123.6 122.7 121.5 120.1 116.6 113.4 110.7 109.6 106.8 106.3 105.6 106.9 106.8 104.1
96.9 94.7 89.1 83.9 80.6 76.2 72.6 67.3 59 48.7 41.4 32.8 27.2 25.8 20 -1.7 -1.7 12.1 15.8 8.9 20.2 32 52 67.3 77.3 85.8 90.9 93.3 89.9 84.9 76.8 68.4 58.4 51.4 44.3 41.5 44.2 45.7 43.5 43 49.7 61.1 69.2 61.3 49.7 34.5 34.4 38 43.1 46.1 52 53.5 53.1 52.2 53 57.2 64.4 73.6 78.3 85.7 94 100.1 101.8 94.6 103.6 113.4 119.2 122.4 124.3 123 121.3 118.9 115.9 113.4 114 114.5 113.9 113.2 112.9 111.2 108.2 105.3
86.9 84.7 83.1 80.3 77 73.5 68.8 66.4 65.8 63 57.3 51 48.5 44.6 35.7 17.8 -1.7 4.5 3.8 9.8 21.7 36.1 54.9 71.2 82.5 89.6 93.3 92.1 87.9 80.8 70.8 62.2 54.4 47.5 42.9 40.6 38.9 39.3 38.4 39.2 47.9 53.5 55.4 45 31.8 29.6 38.6 53.9 65.4 69.1 71.2 71.3 72.7 65.8 62.9 60.5 58.4 64.7 68.8 73.1 82.3 89.1 88.6 93.5 109.1 119.7 125 126.2 125.7 123.6 121.2 118.7 118 117.6 118.5 119.5 118.8 118.1 115.6 112.9 111.3 109.4
74.1 76.8 77.6 75.4 71.8 68.8 62.5 62.2 67.3 69.6 67.2 62 56.4 50.8 43.3 26.9 -1.7 -1.7 9.8 17.3 27.3 43 62.1 78.2 86.9 92.5 92.3 90 83.8 76 67.6 58.2 51.4 46.3 45.2 50.1 45.2 38.3 35.6 35.6 43.5 46.6 44.5 31.5 28.8 36.8 60.7 72.5 82.3 84.8 87.5 88.9 88.9 86.2 80.5 78.2 74.6 74.5 74.1 76.4 79.3 80.9 89.3 102.5 116.5 125.3 128.8 129.7 127.9 126 123.3 122.3 122 122.8 123.6 124.7 124.2 122.5 118.6 117 116.4 113.6
57.2 66.8 68.9 68.6 65 61.5 56.5 60.4 65.6 69.3 67.3 63.2 57.7 50.2 42 31.8 12.8 -1.7 6.8 22.2 37.9 53 70.2 81.8 87.7 90.2 88.8 86.1 79.6 73.1 64.8 57 51.3 50.7 54.3 55.9 48.6 39.6 35.2 32 33.3 37.7 36.1 29.5 32.6 55.1 73.2 86 89.8 89.8 92.2 93.1 92.3 90.1 87.8 88.7 90.9 93.5 95.7 97.3 97.9 100.1 107 115.8 122.7 127.7 130.3 130.2 129.3 127.9 126.5 126.3 125.2 126.5 128.2 128.7 126.6 123.5 121.8 121.1 119.2 115.9
53.4 57.2 61.1 60.2 57.2 51 49.6 57.3 64.2 67.1 66.2 62.4 55.8 47.2 36.4 24.8 14.1 -1.7 4.7 26 48.8 65.2 77.2 82.3 85.7 87.2 85.5 81.9 78 72.8 67.4 62.4 55.9 58.1 60.3 55.4 50.2 40.9 37 36.2 32.2 26.6 27.4 29.7 38.3 63.2 82 89.3 89.8 91.2 93.6 94.3 92.7 91.7 91.1 92 94.9 99.5 102.9 106.2 109.1 112.9 116.1 120.8 124.6 127.3 129.9 130.4 130.4 130.3 130 129.8 128.4 128.5 130.6 129.5 126.7 126.3 125.5 124.4 121.8 118.3
52.7 47 51.8 51.8 50 42 43.5 54.9 62.9 65.6 64.7 61.2 53.5 40.2 26.4 15.8 9.2 -1.7 4.6 28.6 55.4 72.3 77.7 80.1 82.5 83 82 79.7 77.3 74.4 70.7 65.8 63.4 62 61.8 55.6 50.3 43.1 47.9 50 47.4 40.7 25.9 25.7 35 61 80.8 84.7 87.9 90.7 93.1 92.8 91.8 90.7 90.5 91.6 95.1 97.9 102.2 106 109.4 114.4 117.8 121 124.4 127.3 130.3 132.6 133.3 134.3 133.8 132.6 131.6 131.8 131.2 130 130 130.7 129.5 127.6 124.5 121.1
55.4 35.5 40 42.2 41.8 35.1 40.9 55.1 61.9 64.4 64.6 60 49.8 31.7 15.3 8.1 -1.7 -1.7 6 36.6 62.3 73.6 75.7 77.1 78.3 79.3 79.5 78.1 77.4 75.6 72.3 67.7 69.4 67.7 64.9 59.1 51.6 51.4 61 60.8 58.9 51.2 38.6 23.6 27.8 55.2 75.1 79.5 84.4 89.1 90.6 90.9 89.5 87.9 85.9 86.3 90.1 93.9 97.7 102.2 106.9 112.6 115.2 117.5 121.1 126.5 130.6 133.3 135.5 136.6 136.1 134.8 134 133.2 132.3 133.1 133.9 133.6 132.4 129.9 126.9 125.6
47.2 40.8 29.3 31.6 31.4 31.1 45.2 56.5 60.7 61.9 61.1 56.2 39 17.1 2.6 -1.7 -1.7 4.5 30.1 52.5 66.2 69.5 70 72 74.5 76.3 76.8 77.6 77.7 76.8 75 75.2 76.8 75.2 71.1 65.6 62.9 64.6 72 74.3 73 62.6 43.3 22 26.1 55.2 71.5 76.7 80.5 84.3 85.7 85.8 84.8 81.5 78 79.6 82 84.3 88.6 94 100.7 105.3 105.9 110.4 117.6 124.6 129.4 133.3 135.6 137 138.1 136.6 135.6 134.5 134.4 135.6 136.7 136.3 135.1 132.2 130.5 129.5
37.9 35.5 25.8 23.6 23.3 30.5 43.1 51.3 54.7 55.1 54.8 50.8 29.5 -1.7 -1.7 -1.7 15.4 37.2 54.8 57.7 60.1 62.3 63.6 67.1 70 73.3 75.1 75.9 76.9 77.3 78.6 81.1 82.4 81.3 78.6 76.4 74.7 76.6 79.7 78.8 76.3 63.9 40.7 21.5 25.8 54.4 68.1 72.8 74.8 76.3 77.3 78.5 78.3 74.1 67.3 69 67.9 68.3 72.1 78.1 86.6 88.6 94.9 107 113.4 122.1 129 133.4 135.7 137.2 137.8 137 137 136 135.9 137.2 137.8 137.4 136.4 135.3 134.4 133.4
30.6 29 24.6 21.8 19.3 16.2 30.9 39.5 43.2 45.7 46.4 43.9 24.8 -1.7 3 13.3 41.2 53 52.2 50.3 50.7 55 57.4 61.8 65.9 70.3 72.4 73.1 75.2 78 81.3 84.4 85.5 84.1 83.2 83.6 83.9 85 83.8 81.1 73.1 53.5 32.9 20.5 31 53.1 58.1 61.2 60.2 61 61.1 63.5 64.5 62.6 55.8 53.4 56 61.7 65.9 71.2 80.6 89.6 104.1 115.9 122.2 126.1 131.4 134.2 135.6 135.9 135.8 135.2 135 135 135.5 136.5 137.1 137.2 136.7 137.4 137.9 137.1
