public/OST50/SX26.asc
ncols 200
nrows 200
xllcorner 220000
yllcorner 60000
cellsize 50
[rows 105 to 139 of 200, columns 80 to 159 of 200]
98.7 109.6 117.2 121.2 123.6 124.1 125 126 127.4 129.3 131.2 134.7 137.8 140.9 140.9 140.1 139.4 139.2 141.5 144.6 145.1 142.2 143.5 141.5 140.7 138.3 136.3 138.2 143.8 148.1 150.3 152.7 151.9 149.7 146.7 144.5 141.9 138.1 133.7 128.3 123.4 119 115.8 120 125.5 130.6 133.9 136.1 136.8 135.8 133.1 129.9 124.8 115.9 99.5 80.9 79.8 83.3 91.6 104.2 120.9 132.4 137.7 139.3 139.5 138.4 137.1 136.4 137 135.4 133.7 133.6 132.6 132.9 130.6 129.4 127.6 122.1 124.4 134.5
111.2 115.9 120.3 123.9 125.3 125.6 126 125.8 126.2 127.3 129 131.3 134.4 135.6 136.4 135.3 134.4 136 135.4 136.2 139 139.1 139.2 137.3 135.1 133.4 130.6 140.3 144.6 148.3 151.7 154.7 154.9 154.3 152.6 148.9 145.3 141.1 136.7 129.8 123.1 117.2 114.7 116.5 122.6 128.1 132 134.4 135.5 135.1 134 131.1 126.8 119.9 111 92.4 80.1 79.1 86 101 117.5 128.6 134.3 137.9 139.3 139.1 139.4 138.6 137.4 135.4 132.7 129.9 127.7 124.3 122 119.5 118.3 115.6 120 128
117.7 120.9 123.3 124.2 125.4 125.4 124.4 123.7 123.6 122.6 123.5 123.9 124.9 125.8 125.6 125.1 126 127.7 129.6 132.8 133.2 134.3 134.7 133 128.8 124.5 132.7 139.9 144 148 151.3 153.3 154.3 154.5 153.9 150.8 147.3 143.7 140.4 134.2 126.5 119 116 112.8 121.1 126.6 130.7 133 134.6 134.4 134.5 131.9 128.6 125 117.6 106.7 89.6 80 81.4 99.5 112.9 123.9 131.2 136.6 138.6 140.1 141.4 141 140.3 138.2 134.4 132.1 131 130.6 127.8 124.3 119.8 114.5 113.2 120.5
118.1 122 124.4 124.7 125.3 123.7 122.8 122 122.6 119.4 118.4 119.2 119.7 119.2 119.4 118.2 119.2 121.7 126 129.6 131.7 131.9 131.4 126.2 121.7 120.8 129.2 137 141.8 146.2 148.9 149.9 151.1 151.1 150.8 148.6 146.5 145.4 143 139 134.7 125.7 121.4 110.5 117.5 124.7 129.1 131.7 133.5 133.8 134.5 132 128 123.3 116.5 108.9 92.3 78.3 80.5 99.7 110 119.2 127.2 133.6 138.4 142 143.9 143.8 143.1 141.4 139.2 137.7 137.4 137.4 134.5 129.8 126.9 121.2 112.4 116.1
116.5 120.8 123.8 124.4 123.6 122 121.2 121.3 119.8 116 112.4 110.6 109.3 110.4 109.5 112.8 119.7 123.3 124.7 128 130.8 130 129 124.5 117 118.8 127.8 134.8 139.9 143.2 144.9 146.3 146.4 147.2 147.3 146.3 144.8 143.2 140.3 138.6 135.1 132.4 128.3 110.9 111.6 121.5 127.2 130.6 132.6 132.9 132.6 130.3 125.7 120.9 113.7 105.3 90.5 79.2 77.3 94.7 105.5 114.7 123.9 133.2 140.1 144.9 147.2 147.2 145.6 143.7 142.5 141.5 140.5 139.4 135.7 131.7 127.4 122.7 114.2 112.1
113.2 116.7 118.2 119.4 118.9 117.4 116.9 117.6 117.7 115.7 112.4 103.8 99.3 102.2 106.9 117 124.8 127.8 129.1 129.1 130.1 128.6 127.1 122.2 114.3 117.9 126.9 132.5 136.5 139.7 140.8 143.4 143.3 144 144.7 142.2 142 140.7 135.9 131 128.9 127.7 126.3 111.2 105.8 115.6 123.8 128.8 130.2 131.6 130.9 128.3 125.1 119 110.2 99.6 87.2 78.1 76.7 83.6 95.4 110.6 123.8 132.9 139.5 145.8 148.7 147.9 147.8 146.5 145.2 143.6 141.4 137.1 133.6 129.5 125.1 120.3 109.4 107.9
110.8 110.7 111.9 112.5 112.5 111.6 111.7 113.2 114.3 113.1 108.4 95.8 93 103.3 112.7 120.9 127.5 131.8 133.4 133.9 131 129.5 125.8 119.9 111.3 117.8 128.8 133.9 137.5 137.6 137.6 136.8 140.1 142.5 144.6 144.4 143.6 143.1 141.1 137.4 132.1 128.3 119.8 110.8 102.4 104.8 116.9 125.9 128.8 130.3 130.4 128.9 125.1 120.1 113.8 101.7 84.5 77.1 76.5 78.1 90.9 111.4 122 129.2 135.6 142.4 146.8 148.6 149.4 149 147.3 145.5 140.9 136.4 132.5 127.2 121.5 114.4 108.5 106
104.1 103.2 102.8 104.3 104.3 104.2 106.1 108.1 109.2 108.6 101.2 87.5 91.7 103.7 112.8 120.2 125.9 128.9 132.2 132.2 130.9 129.4 124.6 116.5 109 122.4 130.7 134.3 137.2 136.3 135.8 134.7 139.6 142.2 145.5 146.2 144.9 145.3 146 140.7 137.5 133.1 129.6 122.8 115.9 100.7 101.7 113.6 126.5 128.4 128.5 126.9 123.7 119.1 112.2 101.9 81.3 76.4 76.1 74.6 87 107 116.6 124.3 131.3 137.9 143.9 148.8 151.1 151.2 148.9 145 140.5 135.9 131.2 126.4 121.5 115.1 112.2 105.4
97.3 97 95.9 96.4 95.5 96.3 97.2 100.2 102.3 101.6 93.3 83.7 91.5 98.8 108.4 116.3 120.6 123.9 124.8 127.5 127.3 126.1 121.5 109.2 102.7 119.8 128.4 131.7 132.5 131.7 131.2 132.7 136.9 141.3 144.9 147.2 147.3 147.2 145.7 144.3 142.6 138.2 133.9 126.2 120.4 113.8 98 96.3 110.7 118.1 120.8 121 118.5 113.6 106.3 95.7 79.2 76.1 75.8 74.4 83.9 98.5 112.9 121.8 130.1 137.5 144.2 148.9 151.3 151.5 149 144.4 140 135.8 131.3 128.5 124 122.3 118.6 110.1
89.1 89.2 88.9 88.4 87.6 88.6 89.2 92.9 93.7 95.3 87.2 79.1 84.5 92.8 101.4 109.6 115.2 117.8 118.7 120.8 121.8 121.3 117.7 105.9 97.5 113.8 121.5 124.8 125.4 124.2 124.3 128.5 130.9 138.5 140.6 143.8 144.9 145.5 145.4 144.6 143 138.9 134.8 132.3 123.8 122.4 112.2 92.4 94.8 104.6 107.6 107.7 104.3 97.8 91.1 83.5 76.8 76.1 75.4 74.3 78.9 95.4 111.9 120.3 129 136.8 142.8 146.7 149.1 149 146.7 143.6 139.5 135.3 132.1 130.2 129.5 127.4 124.9 116
81.3 81.9 82 81.1 82.3 80.8 83.1 84 86.2 86.6 83.9 77.4 82.2 93.2 97.4 103 106.3 112.1 113.7 117 119 118.8 118.6 110.6 93.8 102.4 113.5 117.9 118.2 117.7 119.1 124 127.3 130.6 137.1 137.6 139.8 141.7 141.9 141.8 140.3 137.2 135.2 132.7 128.3 124.8 116.9 101.6 87.2 89.3 90.7 89.1 86.8 82.8 80.1 80.8 83.7 76.2 74.5 74 77.4 94.3 109.9 118.5 126.6 134 139.4 143.9 145.4 145.7 143.7 140.7 137.3 133.9 130.9 128.4 126.7 124.7 121.3 115.5
68.9 70.9 72.2 73.2 73 74 74 76.7 79.1 77.7 73.9 84 91.2 98.5 102.8 107.5 110.3 112.2 113.5 116.5 117.5 119.7 119.6 116.2 97.3 88.2 104.1 110.4 112.4 111.3 115.2 118 125.2 126.8 129.8 130.7 136.1 132.1 130.4 129.7 130.8 132 130.9 129.5 124.5 119.9 108.5 93.4 89.8 87.7 86.1 85.1 84.6 85.8 89.9 95.8 94.2 84 73.5 73.3 75.7 89.6 106.2 113.4 120.5 128.3 134.5 140 142.4 142.5 141.4 138.5 135 131.6 128.7 124.9 122.9 119.7 117.3 112.8
58.6 61.4 62.3 63.6 63.7 63.3 64.7 65.9 69.7 75.4 85.3 92.5 98.1 103.1 107.1 111.9 113.7 115.7 116.5 117.6 119.5 121.1 119.2 115.2 104.5 88.8 94.9 95.1 102 103.6 108 112.2 115.3 118.9 122.9 126.5 128.2 128.4 128.8 128.9 128.7 127.6 127.7 123.2 113.3 106.7 95 97.4 103.5 104.8 103.1 101.6 101 102.1 104.7 104 100.1 90.8 77.5 73.5 73.9 81.2 93.3 102.6 111.3 122.7 130 135.7 139.5 139.9 138.9 136.6 132.8 129.5 125.5 121.3 118.2 114.8 112.4 108.8
68.1 70.2 71.3 71.1 71.1 72.8 74.9 73.9 78.7 86.8 92.1 97.4 102.6 106.6 111.5 114.1 115.6 116.1 117 116.3 117.1 114.9 113.8 114.7 107.1 93 82.7 93.8 94.9 92.9 102.1 105.4 105.7 107.5 109.4 115.3 124 126.2 127.3 127.9 128.3 127.3 126.8 125.1 112.9 103 105.5 111.5 116.2 115.4 114.5 114.3 113.6 112.4 111.4 108.9 105.1 96.3 84.5 73.5 73.3 74.5 81.8 91.7 108.1 120.6 127 134 137.1 138.6 138.5 136 131.3 126.7 121.6 116.3 111 107.4 104.8 104.3
81.9 80.3 81.2 83.1 83.3 83.5 83 85.2 86.5 88.9 92.3 98.2 105.1 109.4 113.4 115.6 115.4 115.2 115 114.4 112.1 110.9 113.3 111.1 106.2 100.3 103.5 102.5 102.2 100.1 93.7 92.9 93.5 97.2 100.9 112.5 112.2 117.8 122.1 127.5 128.6 128.4 129.2 124.7 116.6 111.5 116 120 121.4 121.5 121.2 120.9 119.9 118 115.8 112.8 108.8 101.8 89.7 76.4 71.8 72.4 75.8 85.8 106.6 119.9 127.3 133.3 137.5 139.5 138.6 136 131.3 125 118.1 112.2 107.3 103.3 99.9 94.6
90.8 95.9 97.8 97.6 98.2 96.9 95.5 90.7 86.6 84.1 87.9 97.2 99.2 99.2 100.6 102.2 107.1 110.6 110.1 110.4 108.4 106.3 106.2 99.9 103.9 99 91.9 86.2 79.7 74.2 85 86.3 91.4 97.3 101.4 105.1 109.2 120.7 122.2 123.3 128.6 128.5 129.3 124.1 121.8 115.6 119 122.9 124.5 125.4 125 124.5 123.6 121.4 119.1 116.3 112.2 105.6 96.6 82.8 73.2 71.3 72.7 79.4 97.1 115.4 123.7 130.9 136.7 139.6 140.6 137.6 135.2 128.5 123.1 119.5 115.5 113.2 108.9 100.7
91.7 97.4 100.9 102.7 104.3 104.1 102.1 99.2 96.9 92.6 95.7 101.7 104 111.9 114.7 115.1 113.7 112.3 110.1 105.8 101.9 101 100.5 98.9 96.9 93.9 88.3 74.4 72.3 80.2 89.3 95.2 101.6 105.5 109.3 115.3 118.8 121.3 126.3 126.7 126.6 126.4 125.2 125.2 122.8 121.5 121.6 123.9 126.3 128.1 127.8 127.3 125.9 123.7 121.5 118.6 114.8 109.9 102.6 91.9 79.5 72 71.2 74.3 89.2 107.7 117.8 125.8 132.8 136.5 138.5 139.6 138.7 134.7 130.6 127.3 122.7 119.1 113.7 107.1
90 95.6 99.4 102.6 104.1 105.8 107.3 104.1 101.9 99.4 100.6 101.1 107.7 110.7 114 114.9 114 112.6 108.3 104.8 97.7 93.1 92.1 90.6 88.7 85.1 76.5 70.6 80.6 92 98.9 103.9 106 108.3 111.1 124.3 126.6 128.4 130.2 130.6 128.9 128.8 127.7 126.5 127.5 127.2 127 127 128.1 129.7 130.3 129.6 127.8 125.8 123.6 121.1 118.1 114.1 109 100.7 88.2 74.9 71.3 71.4 78.5 98.1 110.7 119.3 127.1 132.5 135.4 137.7 137.8 137.1 134.7 131.1 126.2 121.7 115.7 109
85.1 91.1 95.9 100.1 103.7 106.7 109.6 110.6 107.8 104.6 103.3 100.3 105.9 110.7 112.6 113.4 113.2 112 109.2 103 95.5 79.6 81.3 81.1 74 71.6 68.2 77.5 87.5 101 108.1 108.6 108.9 110.8 116.8 130.7 131.7 132.3 133.1 131 132 130.9 131.1 129.8 130.9 130.7 130 129.7 129.8 131.4 132.9 132 130.2 128.2 125.8 123.1 120.6 117.4 112.6 105.3 95.7 81.4 70.5 70.8 70.5 81.9 98.5 112.8 120.9 127.3 132.3 135.9 136.1 134.8 133.1 129.7 125.7 120.2 113.9 107
79.7 85.9 91.4 96.5 101.3 105.5 109.2 111 111.1 109.6 108.6 108.8 102.4 108.4 112.6 113.4 112.5 110.1 103.8 101.3 98.2 85.2 68.6 67.5 65.1 70.6 80.1 90.9 101.3 109.6 114.8 119.4 124.4 127.5 131.4 132.9 134.2 134.5 134.4 131.6 133.5 132.6 132.1 132.9 133.4 132.9 131.9 130.5 129.8 131.7 133.2 133.4 132.8 130.7 128.1 125 121.8 117.9 113.3 107.8 100.2 90.2 74.5 70.8 70.2 71.2 83.1 99.2 114.2 122.3 129.1 133.1 133 131.6 130.4 127.3 122.9 118.3 111.5 104.6
74.7 80.8 86.7 91.9 97.3 102.7 106.8 110.1 111.4 112.5 112.2 112.1 112.2 112 103.5 112.6 109.7 104.7 101.6 101.3 89.8 76.2 65.3 64.5 74.5 83.1 95.5 104.5 110.9 115.1 117.7 120.1 125.2 128.5 130.7 131.9 132.8 133.1 133.3 131 133.3 132.8 133.8 133.6 134.9 133.3 131.7 129.9 129.3 129.2 129.3 130.5 128.9 127.7 126.2 123.4 119.9 114.7 111.6 106.8 101.6 95.8 85.1 70.5 69.4 69.4 74.4 88.7 106.7 117.7 123.7 127.2 128.9 128 126.7 125.8 121.5 117.9 113.5 107.6
69.4 75.6 81.4 87 91.9 97.2 102.9 106.8 110.5 111.5 113 113.4 113.5 111.4 110.3 103.9 105.3 102.3 101.7 87.8 72.5 63.1 63 72.7 84.6 97.1 105.8 111.5 115.2 117.7 118 118.7 122 125 127.3 128.2 128.9 128.6 128.5 129.2 129.7 133.3 135.5 136.1 135.4 132.9 130.7 128.3 125.9 125.4 123.4 122.8 123.1 122.3 119.9 117.8 114.7 111.3 107.2 104.1 100.8 96.7 91.1 83.7 78.9 69.5 69.8 81.6 99.7 112.3 118.3 121.6 123.6 124.3 124 124.2 120.8 118.1 114.2 109.6
64.9 70.6 73.7 81.3 86.1 91.8 98.2 103.5 107.6 109.1 111.3 112.6 111.4 110.9 107.9 103.6 100.7 102 100.7 74.1 61.7 62.2 70.3 79.5 94.6 105.4 111.1 115.1 116.3 116.2 114.6 114.4 117.2 120.3 122.7 123.4 122.2 120.9 121.1 125.4 130.5 133.7 135.6 136.1 134.1 132.5 129.4 125.7 122.5 119.9 120.4 118.7 117.5 113.5 110.2 109 106.5 102.6 100.7 98.9 96.9 95.4 90.9 81.9 76.4 71.9 67.4 73.5 90.5 106 113.8 117.4 119.7 121 121.3 122.4 121 118.7 115.5 111.2
60.9 65 69.1 72.4 76.1 83.4 92.9 96.1 100.4 101.4 106.7 109.1 109.7 108.8 105.8 99.3 91.9 84.5 82 65.4 58.4 68.3 76.9 87.3 102.7 109.6 113.4 115.8 115.8 113.8 110.9 108.4 110.4 113.9 116.9 116 111.8 108.2 119.4 125.4 131 134.1 135.6 135.7 134.5 132.7 129 126.5 123.5 119 115.3 113.4 111.7 108.8 107.2 103.8 102 96.7 92.9 89.2 87.4 86 85.6 83.5 83.9 77.1 68.5 66.7 78.5 95.9 109.5 114.1 116.1 118 120.1 121.5 120.6 118.9 116.3 112.9
54.2 60.9 65.4 69.3 73.7 79.8 84.6 91.9 96.3 98.6 103.6 106.2 107.8 107.4 105.8 102.7 94.4 80.8 65.7 56.3 62.7 75.9 89.2 101.3 107.5 110.9 113.2 114.7 113.9 111.6 108.4 101.2 102.8 105.2 108.1 106.3 97.3 107.1 121.6 126.2 131.5 134.4 135.3 135.3 133.8 134 130.3 128.4 126.9 124.3 119.6 115.8 114.1 113 112.7 110.6 109.2 105.8 101.7 98.7 96.9 94.6 94.8 97.3 93.4 85.3 74.2 66.7 68.5 90.5 106.4 109.4 112.2 115.4 117.7 119.7 120.1 119 117.5 114
51 56.6 59.2 63 69.2 75.2 80.9 86.2 90.9 95.3 101 104.1 106.3 106.4 105.5 102.7 95.4 81.1 60 56.4 73.3 89 99.2 102.9 106.9 109.3 110.8 111.6 110.8 109 106.2 99.1 95.7 93.4 93.5 91.8 100.4 117.9 125 128.4 131.4 133.7 134.6 133.8 132.2 131.5 133.4 130.1 128.9 127.6 126 123 120 118.5 117.9 116.8 115.3 112.4 108.5 106.9 104.7 103.1 104.1 101.8 97.6 89.1 76.1 65.9 66.1 89.4 101.5 102.9 106.7 112.4 115.3 118 119.5 119.3 118.2 117.3
45.6 49.7 54.8 60.9 66.8 73.8 79 84 90.1 97.1 101.3 103 104.6 104.5 103.4 99.5 93.3 73.1 57.2 70.6 78.4 92.3 96.8 101.2 99.4 104.6 105.8 105.7 104.9 103.3 100.7 94.5 82.5 81.5 86.5 98.9 113 121.3 124.6 128.1 130.1 131.9 133 132.7 132 131.2 132.9 131.8 130.8 129.7 128.4 126.1 124 123.2 122.7 122.5 120.5 118.4 115.9 113.2 111.1 109.9 107.6 104.9 100.9 92.4 76.2 65.2 65.5 83.1 91.9 99.4 108.2 113.2 116.4 117.7 119.6 120.2 120.9 120.3
43.4 58.9 63.5 67.1 73.3 79.2 83.8 89.5 94.8 99.2 100.8 100.8 101 100.3 99.4 95.6 89.4 70.2 64.6 59.4 80.1 89.2 92.1 93.8 96.2 97.9 99.3 98.9 98.5 97.3 93.6 83.6 76.8 91.2 103.7 111.6 117.7 121.4 123.5 125.7 127.8 129.4 129.9 130 130.1 130.2 131.1 134.3 132.6 131.3 130.4 129.3 129.2 128.5 127.7 126.8 125.8 124.5 122.9 120 116.6 114.6 110.5 106.5 102.4 94.5 78.1 66.7 65 72.1 80.8 99.2 110.1 115 118.2 119.1 120.6 121.1 121.9 122.3
41.9 48.4 67.8 70.9 76.4 82.1 86.5 90.9 95.6 98.5 98.3 97.6 96.4 96.8 94.4 91.1 85 70.9 53.8 57.8 76.6 81.6 83.4 85.2 88 89.7 90.8 91.7 99 91.3 84.8 72.3 83.7 99.8 107.5 113.1 117.7 120.9 123.1 124.2 125.1 125.7 124.9 126.3 126.4 126.4 128.6 131.5 134.5 133.5 133.1 133.6 132.8 132.9 132.4 132.1 131.7 131.4 129.6 125.6 121.5 116.6 109.7 103.4 97.6 89.8 74.3 66.9 63.1 65 78.3 71.6 104.1 113.2 117.9 119.8 121.1 121.8 122.6 122.6
39.5 48.7 61.8 71.8 78.2 83.5 87.7 92.1 94.6 95.6 94.8 92.4 90.4 88.6 86.6 83.3 77 67.2 52.8 54.7 68.2 70.9 73 75.5 78 79.4 80.8 83 83.6 83.2 68.9 74.9 92.7 103.1 109 113.5 117.8 120.6 121.9 121.9 121.7 121.2 120.2 120.3 121.5 122.5 127.1 131.9 137.7 136.8 137.5 137.6 136.7 136.3 136.5 137.9 136.9 135.5 132.4 127.4 122.1 111.5 95.6 85.7 81.3 76.1 73.6 73 66.3 68.4 76.3 69.3 88.1 111 116.9 120.9 121.6 122.4 123.1 122.8
39.2 40.3 50.3 66.6 76.6 81.6 85.7 89.3 92.4 91.6 89.6 86.8 83.2 79.7 76.2 72.5 68.8 64.3 53.8 51 57.7 59 60.9 63.2 66.5 68 70 72.9 73.4 65.4 71.1 84.9 100 106.5 111.8 115.1 117.5 119.3 120.2 119.5 117.6 115.5 114.9 113.7 117.3 124.4 129.6 133.9 137.8 139.1 141.6 140.9 140.5 139.8 140 139.8 138.4 136.1 132.3 127 113.9 99.2 92.3 92.6 90.1 86.8 87.3 82 75 66.6 61.8 67 83.2 105.2 116 120.3 122.1 122.9 123.3 123
39.2 38.7 43.6 54.1 70.9 78.2 81.9 85.9 87.8 86.7 83.7 79.7 74 69 66.6 64.5 62.1 59 50.8 47.4 51 53.5 54.5 54.5 55.6 58.3 59.9 62.8 62.2 70.2 82.7 95.8 103.3 108.7 114.1 117.5 117.8 117.4 117.4 115.3 112.7 107.5 108.1 114.8 122.2 129 132.8 136 139.7 141.5 142.5 141.6 140.3 140.5 139.7 139.3 137.3 134.3 129.4 115.6 102.3 98.7 106.1 109.9 108.9 105.3 100.6 95 84.8 75.7 61.2 61.5 77.9 95.7 110.8 117.3 120.9 122.9 123.5 123.1
42 38.8 38.5 44.2 61.2 74.5 78.9 81.4 82.9 81.6 78 73.2 64.4 57 52.9 49.9 47.9 48.1 45.9 54.7 61.4 63.6 62.2 63.1 61.9 61.4 62.5 62.7 70.4 80.8 90 99 105 110.7 114.8 116.7 117.2 115 112 105.2 101.2 106.2 114.2 119 125.5 130.6 134.1 137.8 141 141.7 139.2 141.3 140.7 140 139.3 137.8 135.1 130.2 121.5 106.7 102.3 113 119.7 120.8 118.8 117 112 106.1 96.3 82.6 59.6 60.3 73.1 87.8 105.6 113 119.1 121.3 122.8 122.9
50.4 40.4 38.7 39.3 51.3 71.6 76.1 76.7 77.5 75.4 70.8 63.6 51 43.7 41.4 46.2 49.2 51.3 59.4 68.1 71.7 72.7 72.6 72 70.7 71.3 72.5 70.7 74 81.6 88.3 96 103.6 110.5 115.3 116 116.2 112.6 100.4 99.8 109.5 119.2 123.8 126.8 129.7 132.9 136.8 139.1 141.5 141.7 140.5 139.7 138.4 137.2 136.6 135.5 131.8 126.5 113.8 104.2 115.1 123.7 125 123.9 121.8 119.5 115.4 110.1 102.3 78.7 58.1 58.2 67 80.5 98.2 109.4 115 117.9 119.6 120.3
60.1 43 36.9 37.5 48.7 66.9 71.6 72.3 70.6 66.2 60 48.9 41.1 50.8 58 64 68.3 71.3 77.1 79.2 80.7 81.5 81.1 80.6 81 81.1 81.3 80 73.6 81.9 87.8 95.8 103.9 109.9 114.6 115.3 113.1 109 93.7 102.8 120.3 127 128.7 131 133.5 135.9 138.5 140 141.2 141.3 139.4 136.8 135.9 133 128.5 124.4 120.7 117.3 107.6 114.3 126.5 127.5 124.7 120.5 117.9 115.4 113.8 109.8 102.2 78.1 58.5 57.6 57.6 72.6 90.5 104.3 110 113.1 115.6 115.4
