public/OST50/SX26.asc
ncols 200
nrows 200
xllcorner 220000
yllcorner 60000
cellsize 50
[rows 0 to 34 of 200, columns 80 to 159 of 200]
229.9 234.2 239.9 244.1 247.8 250.4 252.1 252.8 252.2 253 257.6 262.2 265.1 267.5 270.4 273.4 275.3 276.9 278.5 279.1 278.8 281.5 283.7 285.9 288.1 289.5 292 292.5 293.1 293.9 294.4 297 299.6 303.4 305.4 304.8 303 300.5 295.8 291.8 289.4 287.3 287.5 283.9 279.6 274.6 261.9 239.5 231 243.2 265.5 271.4 279.7 287.6 296.7 307.5 315 314.5 313.4 312.6 311.3 309.3 306.4 304.6 302.6 301.3 300.1 299.1 298.7 297.3 295.6 294.5 292.5 289.8 287.6 285.3 282.4 278.9 275.6 273.8
227.8 230.7 234.5 238.8 242.3 244.6 246.6 247.3 249.4 254.8 259.8 264.4 268 270.5 271.3 273.4 275 275.8 276.4 276.8 277.1 278.1 279.6 281 282.7 283.1 284.6 284.9 285.8 287 287.9 290.3 293.2 295.4 297.5 298.5 297.1 294.8 291.8 288.9 286.6 284.3 282.7 280.6 276.5 269.9 257.9 234.1 229.6 240.5 264.2 264.9 271.5 278.1 284.8 291.4 297.2 299 298.5 297.8 295.5 294.2 293.8 293.4 293.5 293 297.9 297.2 296.8 291.5 290.3 289.6 288.8 287.2 285.1 283.5 281.5 279.5 277.3 275.3
226.1 227.8 231.2 233.8 236.8 238.9 240.8 243.9 249.9 256.7 261.9 265.3 269.4 270.1 270.7 272.7 273.2 273.3 273.4 273.8 273.7 274.1 276 276.7 277.2 277.2 277.4 277.6 278.1 279.3 280.7 282.6 285 287.5 289.9 290.7 291.3 291 288.4 286.3 283.8 281.2 278.3 276.5 272.3 266.2 253.1 232.4 224.8 235.5 250.8 258.7 263.6 268.7 272.3 276.5 279.4 281.5 284.6 285.3 285.6 285.5 285.4 285.4 285.3 285 286 286.2 288.4 286 285.5 284.8 284.2 283.6 282.7 281.3 279.8 278.3 276.8 274.9
225.1 226.4 227.9 230.3 231.7 235.1 242.4 246.8 253 259.3 264.1 268 270.8 271.3 271.5 271.9 271.4 271.4 271 270.1 270.4 270.3 270.8 271.4 271.9 271.9 271.6 271.4 271.5 272.7 273.8 276.1 277.9 280.9 283.1 284.8 285.7 285.8 285 283.1 281.2 278 275 272 268.5 262.9 248.5 228.7 222.8 235.5 244.4 251.5 256 259.7 263.1 266.4 269.5 271.8 276.4 276.7 276.6 277.8 277.4 277.8 278.2 278.3 278.7 280 280.8 281.1 280.7 280.2 279.7 279.4 279.7 279 277.8 276.6 275.2 273.5
224.2 225.5 227 229 233.3 238.1 245.1 251.8 258.4 264.5 269.3 272.1 274.1 274.1 272.6 271.4 269.7 269 267.8 266.7 266.4 265.8 266 266.3 265.3 264.8 264.7 264.5 264.3 265.5 266.6 268.5 275.9 274.6 276.3 278.4 280 280.8 281 280.6 279.6 276.7 273 269 264.3 259.5 245.9 225.6 219.2 225.9 242.3 245 248.8 252.7 255.6 258.2 260.7 263.6 269.3 275.8 272.2 269.4 269.4 270.3 271.1 271.4 272.4 273.6 275 276.1 275.7 275.3 275.1 275 275.6 276 275.3 274.1 273.2 271.7
223.7 224.8 226.5 228.6 232.8 242.5 251.6 258 264 268.8 272.8 275.3 276.8 275.3 273 270.9 267.8 265.7 264.5 263.4 261.9 261.2 260.5 260.4 258.9 257.6 257.2 256.7 256.4 257.2 258.4 259.9 263 263.3 268.5 270.7 273.2 274.9 276.7 278.1 277.9 275.2 270.9 265.9 260.9 256 243.4 224.7 216.3 221.7 234.1 238.9 242.8 246.6 249.1 251.5 253.7 255.6 257.7 259.8 260.8 261.5 262 263 263.9 265.1 266.9 268.1 269.3 270.5 271 270.9 270.7 270.6 271.2 272 272.3 271.6 270.8 269.7
223 223.9 226 228.9 236.8 245.8 253.5 260.5 266.6 270.9 274.5 276.1 276.2 274.4 271.5 268.4 264.9 262.1 261 259.8 257.6 256.6 255.5 254.2 253.1 251.5 249.7 249 248.8 249.7 250.8 252.2 253.8 257.8 259.9 262.6 265.9 268.8 271.7 274.2 275 272.2 267.9 262.8 257.7 253 241.8 222.9 217.4 218.6 227.3 234 237.4 239.9 242 244.2 246.5 248.4 250.1 252.4 253.9 254.4 255.6 257.2 258.4 259.5 261.6 263.4 264.5 265.5 266.4 266.5 266.3 266.2 266.7 268 268.3 268.6 268.5 267.4
221.7 223.4 225.9 229.1 237.5 245.7 253.7 260.5 266 270.6 273.6 275 274.4 271.8 268.5 265.2 261.9 258.5 257.3 255 253.5 252.6 251 249.1 247.2 245.6 243.4 241.7 241.1 242.1 243.3 244.9 247.3 249.3 252.1 255.1 258.3 261.8 266.3 269.1 269.9 268.6 264.6 259.5 254.3 248.5 239 218 210.5 218.1 225.2 229.4 231.9 233.3 235 237 239.3 241.1 242.8 245.1 247 247.6 249.1 250.6 252.1 254.1 256.3 258.5 259.5 260.6 261.5 261.7 261.9 261.8 262.3 263.6 264.4 264.9 265.5 264.7
221.1 223.3 226.1 229.2 235.6 242.7 251.9 259.1 264.7 268.8 271.4 272.7 271.5 269 265 261.8 258.6 255.5 253.1 250.5 249.5 248.5 246.6 244.4 242.5 240.3 237.3 235.2 233.5 233.3 235.3 237.5 240.7 243.2 246 248.2 250.8 254.4 258.4 261.7 263.3 262.6 259.8 255 248.4 242.4 232.8 216.3 207.1 215.2 220.7 223.3 225.2 226.9 228.5 230.2 232.2 234.1 235.7 237.8 240 241 242.5 244.6 246.7 249.2 251.2 253.6 254.4 255.6 256.6 257 257.1 257.2 257.8 259.2 261.1 262.3 262.6 262
220.8 223.5 226.2 229 233.7 240.3 249.1 257.1 262.9 266.3 268.6 269.8 268.6 266.1 262.3 259.6 256.3 251.6 248.9 247.2 245.7 244.1 242 239.3 236.6 234.7 232.1 229.4 228 228.3 229.1 232.1 234.9 237.6 240.1 241.9 243.8 246.1 249 252.1 254.3 254.5 253 247.8 240.8 234.2 225.1 207.7 203.9 212.3 214.8 216.7 217.3 219.8 222.1 224 226.2 227.6 229 231.1 232.9 235.1 237.2 239.3 241.9 244.2 246.2 248.1 249.6 250.7 251.7 252.3 252.5 252.8 253.5 255 256.9 258.8 260.5 259.6
221 223.5 226.3 229.2 232.4 238.5 247.8 254.6 260 263.3 265.7 266.5 265.5 263.6 260.3 257.3 253.4 249.3 245.7 240.9 241.3 240.1 235.9 233.2 231.4 230.4 226.7 223.9 222.6 223.6 224 226.9 229.4 231.9 234.5 235.7 236.7 237.6 239.2 242 242.5 241.7 239.9 235.2 229.6 221.4 215.9 200.1 200.4 206.5 208.3 210.1 212.9 214.3 216.3 218.3 220.1 221.3 223 225.1 226.8 229.5 231.9 234.3 237.1 239.3 241.2 242.9 244.6 245.6 246.4 247.2 247.1 247.3 249.4 251.6 254 256.3 258 258
221.2 223.5 226.6 229.3 232.3 238.5 246 251.7 256.6 260.2 262.4 263.5 263.2 261.1 258 254.6 250.8 247.1 244.3 239 237.1 235.6 232.5 227.8 224.5 222.5 219.4 216.6 217 216.7 219.2 222.1 224.7 227.2 229.5 230.1 229.7 229.4 229.2 228.4 227.5 225.7 222.4 218.4 214.8 209.8 205.8 195.9 195.2 198.4 200.9 204.9 207.9 210.4 212.4 213.5 215.5 218.3 220.3 221.5 222.7 224.8 225.9 229.2 232.3 234.3 236 237.9 239.2 240.3 241.3 242 241.7 241.8 244.7 248.3 251.6 253.7 255.2 255.7
222.4 224.1 225.7 229.1 233.5 238.1 243.5 247.9 252.6 255.9 259 260 260.8 259.1 256.1 252.4 249 246.1 244.4 240.4 238.1 235.8 233 228.7 225.6 222.8 220.1 216.6 213.4 211.7 215 216.2 220.8 223.5 225.2 225.6 225.1 224.3 223.1 221.8 219 215.5 212.1 209.1 204.8 201.9 197.4 193.1 192.4 194 196.1 199.1 203.8 206.3 208.7 210.5 212.3 214.5 216.1 217.5 218.7 220.2 221 224.1 227.2 229.2 231 232.7 234.1 235.6 236.4 236.8 236.5 236.9 239.8 244.1 248.2 251 252.6 253.2
223.9 225.6 228 230.9 233.3 237.1 242 245.1 249.4 253 256.4 258.7 259.1 257.8 255.3 251.4 249.5 247.3 245.4 243.2 241.1 238.5 235.4 231.3 227.5 224.3 220.4 215.8 212.2 207.6 206.2 214.3 216.4 219.7 221.4 221 220.6 218.8 217.7 216 213 209.2 206.3 202.4 199.1 196.2 193 190.9 190.1 191.5 193.7 196.9 199.9 202.8 204.8 206.5 208.2 210.2 211.8 213.2 214.4 215.2 217.3 220.1 222.4 224.3 226.1 228.2 230.1 231.1 231.9 231.6 231.3 232.1 236.2 240.5 244.2 248 249.8 250.4
225.5 227.5 229.9 232.8 234.5 237.8 241.2 244.2 247.1 251.1 254.7 257.2 258.5 257.1 255.5 253.7 251.9 249.7 248.4 246.3 244.1 240.6 236.2 232.7 227.3 223 217 213.4 209.2 204.6 202.4 208.2 214.4 217.5 219.4 217.9 216.7 215.5 213.4 210.5 208.5 205.8 202.6 199 195.8 193 190.4 189.3 188.2 189.4 191.2 193.5 196.6 199 200.8 202.5 204.2 205.9 208 209.9 210.9 211.9 213 215.3 217.6 219.4 222.3 224.2 226 227 227.8 226.4 225.7 228.5 233.7 238 241.7 244.5 246.9 247.5
228.3 230.7 233.2 235.6 237.1 238.2 241.4 245 247.8 251.2 254.6 256.8 259 258.5 256.9 255.3 254 252.1 252.1 249.6 245.7 240.2 235.6 230.9 225.3 218.8 213.3 207.1 203.8 201.8 199.6 204.9 210.7 214 216.5 216.7 213.9 212.6 210.2 208.3 206.2 203.4 200.5 197.3 194.3 190.1 187.1 186.8 186.5 187.8 189.1 191 194.1 196.7 198.5 200.2 202.2 204.3 205.4 206.7 207.8 208.9 210 211.2 212.8 215.7 218.3 220.5 222.8 223.6 223.4 222.3 221.6 225.7 231.3 235.4 238.2 241.1 244 244.7
230.1 232.5 235.2 238.1 239.3 240.3 242 244.5 247.4 251.2 255 257.7 259.6 259.2 256.8 255 253.4 252.1 250.7 249.2 242.6 236.8 232 227.3 220.8 213.8 207.1 200.9 198.9 197.3 196.1 203.5 207.9 212.7 215.1 214.7 213.1 210.9 208.4 206.6 204.4 201.9 199.2 196.2 193.3 189.7 185.2 184.5 185 186.8 188.2 190 192.4 194.6 196.5 198.8 201.2 202.6 203 203.7 204.8 205.9 207.1 208.3 209.7 212.2 215.3 218.5 221 221.4 219.2 216.9 217.8 223.9 229.4 232.8 235.4 238.1 240.7 241.6
231.9 234.3 236.7 239.6 241.2 243.1 244.4 244.9 247.5 250.8 254.6 256.7 258.1 257.5 254.4 251.6 249.4 247.5 244.6 240.6 235.1 229.9 225.4 220.7 214.4 207.2 200.5 195.4 194.4 193.1 193.4 200.3 206.7 210.2 212.8 213.5 212.6 210.8 208.4 205.9 203.4 201.2 198.9 195.5 192.2 189.3 185.4 182.8 182.7 184.9 189 191.5 193.3 195.3 196.1 197.8 199.8 200.2 200.5 201.2 202.3 203.3 204.5 205.6 208.7 211.8 215.1 217.6 219.3 219.2 216.1 212.6 215.9 222.1 227.8 231 234.2 236.2 237.5 238.4
234 236.2 238.4 241.1 243.5 245.7 247.1 247.6 248.7 251.1 252.8 254 253.7 252.9 249.7 246.2 244.1 241.3 236.5 230.4 225.8 221.5 217 212.4 206.8 201.2 194.8 191.6 190.1 189.7 192.7 197.5 203.7 207.8 211.4 213.8 213.8 211.5 209.2 207.1 205.2 203.3 200.9 197.9 194.5 190.8 186.4 182 180.5 185.5 190.4 193.7 195.4 196.2 196.8 197.2 197.4 197.8 198.1 199.3 200.5 201.6 203.5 206.2 209.1 212 215 217 217.6 216.8 212.6 209.3 213.6 220.1 224.9 227.9 230.9 233.2 234.3 234.9
235.8 237.5 239.7 242.3 245.8 248.3 249.8 249.1 247.9 248.4 249 249.4 249 247.1 244 240.1 237.3 232.8 227.4 221.7 217.5 213.1 209.6 205.9 201.4 196.2 191.1 189.1 187.5 187 191.1 195.5 201.6 206.8 211.6 214.6 214.8 213 211.2 209.5 207.2 205.3 202.8 200 197.7 194 188.1 182.9 179 184.3 189.6 193 194.4 194.9 195.6 195.8 195.5 195.9 196.3 197.6 200.2 202 204.1 206.6 209.6 212.3 214.2 215.4 215.3 213 208 205.8 211.2 216.5 221.9 225.3 228.3 230.3 231.2 231.2
237.6 239.3 241 243.6 247.4 249.9 250.3 248.9 247.1 245 244.6 244.7 243.3 241.1 238.2 234.2 229.1 224.3 219.5 214.4 211.1 207.6 204.8 200.6 196.7 192.8 189.1 186.5 185.3 187 191.1 195.9 202 207.9 213.2 216.6 216.5 215.1 213.7 212 210.7 208.3 206.1 203.8 201.3 197 190.7 184.2 177.1 181.3 186.1 189.9 191.1 192 192.2 192.3 191.4 192.6 195.4 199 201.2 202.9 205 207.1 209.5 211.9 213.7 213.7 211.8 207.7 201.1 204.1 210.4 215.8 219.6 222.6 225.6 227.3 227.8 227.7
238.7 240.4 241.9 244.5 247.6 249.1 248.4 245.9 243.7 240.8 239.7 238.8 236.6 233.2 228.3 224.3 220.2 217 212.8 208.5 205.7 202.9 199.8 197.5 194.9 191.2 187.4 184.3 183.9 186.2 190.8 196.1 201.2 208.5 214.9 217.9 218.5 218.5 217.3 217.2 214.7 212.7 211 207.6 203.9 199.4 192.8 185.6 176.4 176.2 182.9 185.9 186.8 187.9 188.4 187.9 187.5 191.3 195.9 200.2 201.5 202.3 204 206.2 208.8 210.8 212.2 211.5 207.4 199.5 197.2 203.7 210.7 214.6 218.1 220.4 222.6 224.1 224 224.5
236.9 238.7 239.9 241.3 244.2 245.1 243.7 240.7 238 234.6 231.4 230.3 226.6 222.7 219 216 212.8 209 207.5 204.3 201.2 198.2 196.4 194.4 192.6 189.4 185.9 181.8 182.4 185.1 190.3 195.8 201.5 208 214.9 218.5 220.1 220.8 220.7 219.8 216.9 215.6 213.6 210.5 206.4 201.6 194.6 186.9 174.8 172.9 178 181.6 181.5 181.5 182.7 184.1 186.4 191.2 194.8 197.4 198.9 200.2 203.1 205.3 207.8 209.5 209.6 208.6 202.5 193.4 200.3 207.8 210.7 213.2 215.6 217.5 219.3 220.4 220.6 219.9
234.9 235.6 236.6 237.5 238 238.4 237.2 235.1 232.2 227.6 224.3 221.9 218.4 215 210.8 207.2 204.7 203.4 201.6 200.3 197.3 195.2 194.9 192.9 190.9 187.8 184.8 180.8 181.1 184.1 189.4 195.9 202 208.2 214.2 218.2 220.6 222.2 222.7 220.9 218 216 214.8 212 208.3 203.4 196.5 189.4 176.2 171.7 172.6 175.5 176.4 176.9 179 181.9 185.9 189.9 192.6 194.2 195.8 198.1 201.2 204.4 206.4 206.5 206.1 202.9 194.6 192.7 202.2 205.8 208.4 210.3 212.2 213.8 215.2 216.1 215.7 214.7
231 232.1 233 233.9 233.6 233.7 232.4 229.8 226.1 221.9 218.9 214.8 210.9 206.7 204.6 202.9 200.6 198.7 196.9 195.6 194.2 192.5 192.4 191.4 189.2 187.6 185 181.3 179.7 183.8 189.7 196 201.1 206 211.9 216.6 219.5 221.1 220.2 218.3 216.7 215.1 213 210.8 208.4 204.8 198 190.5 179 171 169.8 171.6 173.1 175.5 178.8 182.8 185.9 187.5 188.3 190.4 193.7 196.8 199.9 202.8 203.8 202.8 199.7 192.1 186.6 193.7 200 202.6 204.6 206.4 208 209.5 210.5 211 210.5 210.3
228.1 229.1 229.9 230.3 229.9 229.6 227.6 225 221.3 217.4 213.6 209.7 206 202.9 200.4 198.9 197.1 195.3 193.6 192 190.5 189.3 189.4 189.3 189.2 188.2 186 182.2 176.9 184.7 190 195.1 200.1 203 207.4 212.4 215.3 217 216.4 215.2 213.5 212.3 210.5 209 206.8 203.6 197.1 190.1 181.2 169.7 168.4 169.2 171.1 174.1 179.5 182 182.8 184.4 184.8 187.5 191.7 194.9 198 199.7 199.4 198.3 191.7 183.6 189.1 194.6 196.8 198.6 200.5 202.3 203.8 204.8 205.5 206.6 206.9 206.6
225.2 226.8 227.9 227.5 226.3 225 223.8 220.9 217 213.2 209.2 205.2 202.2 199.4 197.3 195.2 193.6 191.9 190.3 188.7 187.1 186 186.1 187.5 188.9 189.1 186 180.4 174.1 182.6 189.2 194.2 196.8 200.4 203.6 207 209.6 211.1 211.7 211.2 210.1 208.7 207.5 206.9 204.9 202.2 197.2 191.5 184.8 174.4 166.9 166.3 168.3 171.5 176.3 178.6 179.8 180.5 181.5 185.7 189.7 192.6 194.5 195.7 195.3 193.3 186.7 180.9 188.5 191.2 192.2 194.1 196.2 198.1 199.8 201.6 202.6 203.7 204.7 204
223 224.3 226 225.2 224.3 222 220 216.9 213.1 209.2 205.6 202.2 199.5 197.3 195.3 193.1 191.2 189.1 187 185.4 183.8 181.8 182.5 183.9 186.6 186.2 184 176.7 171.9 178.2 186.8 190.3 193.1 195.8 198.5 201.6 203.5 204.8 205.5 205.7 204.7 204 204.1 203.8 202.6 200.8 197.3 191.8 185.6 176.4 169 164.9 164.2 165.1 171.2 173.8 174.8 176.3 180 185 188.1 190.1 190.7 191.7 191 188.7 182.3 176.4 183.2 184.5 187 189.5 191.5 193.6 195.9 198.9 200.5 201.7 202.2 201.2
220.4 222.4 223.6 223.7 222.2 219.7 216.6 213.4 210.2 207.1 203.7 200.2 197.6 195.6 193.6 191.4 189.2 187.1 185.1 182.6 180.1 177.9 178 180 183.1 182.8 179.8 170.8 169.6 175.6 183.2 185.8 188.6 191.6 194.2 196.4 198.4 199.8 200.2 200.8 200.1 199.5 200.2 199.9 200.1 198.6 196.4 192 186.3 178.7 172.2 167.6 163.7 162.4 164.8 169.5 170.7 174.3 179 182.2 184.9 186.4 187 187.1 186.5 183.5 179.2 174 176.8 180.2 182.2 183.8 186.5 188.6 192.6 196.6 199.2 200.1 200.8 200
219.6 221.4 222.8 222.9 220.7 218.4 215.1 211.7 208.4 205.4 202.2 199.3 196 194.3 192.2 190.1 187.9 186.2 185 184.3 183.5 180.5 176.3 174 176.3 177.3 174.1 167.5 167.9 171.8 177.3 181.2 184.2 187.1 189.9 191.8 193.7 195.2 196.2 196.4 195.5 195.2 195.9 196.2 197.5 197.4 195.3 191.5 185.6 178.5 172.3 168.7 165.3 161.3 160.5 163.6 168.3 172.7 175.9 178.6 179.9 181.3 181.7 181.5 181.1 178.2 175.1 172.3 172.9 175 178.1 181.7 184.6 188 191.7 194.9 197.9 199.9 200.3 199.3
218.4 220.9 222.4 222.4 221.1 219.4 216.1 212.5 208.9 205.6 202.1 199.1 196.4 194.3 192.7 191.6 189.6 189 190 189.7 187.9 185 180.6 173.3 171.5 170.7 169.2 166 166.1 167.8 172.4 176.3 179.9 183.1 185.5 187.7 189.9 191.3 192 192 191.1 190.9 191.4 192.7 194.6 194.7 192.9 189.1 183.6 176.9 171.6 167.4 163.9 160.4 158.5 161.5 166.3 169.6 172.4 173.4 174.7 175.9 176.2 176.3 175.7 174.4 172.3 170.1 169.6 175.6 180.9 183.8 186.9 189.9 192.5 195.4 197.9 199.8 199.8 198.9
217.9 220.3 221.7 222.7 221.4 220.7 217.8 214.2 210.8 207.2 203.7 200.3 198.1 196.3 194.7 193.9 193.2 193 192.5 191.8 189.1 186 183.4 177.3 172.2 169.3 167.4 165.1 163.7 164.9 168.2 171.1 174.6 178.1 180.9 183 185 186.2 186.5 186.8 186.6 186.3 187.2 188.8 191.3 191.4 189.9 186.5 181.5 176.7 171.4 166.3 163.4 159.7 157.5 159 163 166.7 167.8 167.7 168.9 170.2 170.9 171.9 171.2 170.5 169 168.6 169.5 176 181.2 184.4 187.4 189.9 192.8 195.7 197.4 198.6 198.8 197.7
217.2 219 220.4 220.7 222.6 222.1 219.3 216 212.8 209 205.4 202.6 200.8 199.6 198.4 197.3 197 196.3 194.3 192.3 189.7 186.7 184.4 179.8 174.2 170.5 166.3 164.1 162 162.7 162.1 165.9 169.1 172.3 175.2 177.7 179.3 180.2 180.7 181.3 181.1 180.7 182.5 184.8 186.7 187.4 186.3 184 180.8 176.6 172.2 168.9 165.6 161.3 157.1 156.2 159.3 161.6 162.9 162.5 163.3 164.5 165.5 166.6 166.8 166.7 165.2 166.1 170.7 175.8 180.5 184.1 186.6 188.9 191.3 194 195.5 196.5 196.2 195.1
215 217.3 218.7 219.2 220.6 221.2 220.2 217.7 214.6 211 207.9 206.1 205 203.9 202.7 201.8 201 198.9 196.2 193.9 191.5 189 185.5 182 177.8 174.3 169.7 164.6 160.6 160.3 160.1 157.9 160.6 164 168.4 171.3 173.5 176.1 175.5 175.7 175.7 174.6 178.3 181 182.8 184 183.2 181.8 180.1 178.5 176 171.7 168 163.4 158.7 155 155 154.2 157.6 157.8 158.1 159.5 160.6 161.5 162.3 162.7 163.9 167.9 171.4 175.8 180.2 183.5 185.8 188.1 190.3 192.3 193.5 194 193.7 192.6
212.7 215.4 217.5 218.1 218.9 220 220.3 218.1 215.7 213.3 211 209.8 209 207.9 206.8 205.1 203.4 201.3 198.4 197 194.1 191.5 188.4 185 182 178.8 174.4 167.5 162.3 158.1 156.5 156.7 154.9 154.9 160.2 164 165.3 167.7 168.8 168.4 168.1 169.1 175 177 179.1 180.4 180 178.8 178.8 178.8 177.9 177 173 166.6 159.5 154 153.3 152.7 153.8 154.7 155.6 156.5 158.1 160.5 160.9 162.6 165 168.4 171.8 176.1 179.2 182.4 184.1 186.4 188.2 189.9 190.8 191.2 191.1 189.8
