public/OST50/SX27.asc
ncols 200
nrows 200
xllcorner 220000
yllcorner 70000
cellsize 50
[rows 70 to 104 of 200, columns 0 to 78 of 200]
258.5 265.6 271.7 276.7 280.3 283.8 285.6 287 289.7 292.8 295 297.9 299.9 300.9 300.2 297.6 293.5 289.9 285.9 282.5 279.8 278.2 276.8 275 272.2 269 264.6 267.9 272.4 273.9 273.8 272.5 269.8 266.6 265.1 267.7 269.7 270.9 271.4 271.2 270.2 268.5 266.4 264.2 260.7 257.6 254.2 250.6 247.3 244.8 243 241.3 241.1 240.6 239 238.6 238.5 239 242.1 243 243.1 246 249.8 251.7 253.1 254.4 255 255.5 255.9 258.7 259.8 259.4 258.1 255.2 251.6 247 242.1 237.8 234.4
258.7 264.1 269.6 274.6 278.3 281.3 283 286.6 289.9 293.2 296.5 299.6 301 302 300.4 297.5 293.8 289.8 285.6 282 279.4 277.5 275.9 274.3 272.1 269.1 263.6 267.9 271.5 272.5 272.5 271.3 269.3 266.4 262.9 265.8 267.8 269 269.7 269.5 268.9 267.6 265.9 264.1 261.6 259 256.3 253.8 250.2 245.1 242.1 240.5 239.8 239.4 238.7 238.3 238.4 239.5 243.7 246.2 247.3 247.8 247.9 248.4 249.3 249.5 249 248.9 251.5 253.9 255 254.9 253.7 250.7 247 243.7 240.1 235.2 233.2
257.3 261.7 266.8 271.8 275.6 278.3 282.3 286.4 290.8 294.5 297.8 300.7 301.9 302.1 300 297.2 292.9 288.7 284.5 281 278.4 275.5 273.9 272.4 270.5 268 262.4 267.6 270.3 271 270.7 269.5 267.5 264.5 260.7 263.9 265.6 266.8 267.6 267.2 267.3 266.1 264.7 263.2 261.4 260 257.5 254.6 250.9 246.3 241.3 239.7 238.7 239.2 238.4 238.6 238.1 241.3 244.6 246.7 247.7 247.4 246.4 244.9 244.5 245 244.9 246.5 248.1 250.1 251 250.9 249 245.8 242.9 240.2 236.1 233.4 232.6
253.9 259.2 264.1 268.7 272.7 277.5 282.4 287.4 292 296.5 299.9 301.7 303 302.1 300 296.5 292.1 287.8 283.4 280.4 276.7 273.4 271 269.5 267.7 265.3 260.9 265.7 268 268.9 268.4 267.1 264.6 261.6 258.8 261.8 263.4 264.5 264.9 265.1 265 264.2 263 262.1 260.5 258.5 256.4 253 248.8 241.9 239.5 239.4 239.2 238.5 238.4 238.7 237.8 240.9 244.2 246.1 246.7 246.2 243.4 241.3 240.7 240.8 241.3 242.8 244.8 246.3 245.9 245.3 242.4 241.1 238.3 235.5 233.5 232.5 232.3
249.8 256.1 261.2 266.6 271.9 277.3 283.5 289.7 294.8 299.1 302.6 303.5 303.6 302.1 299.2 295.1 291.1 286.9 283.5 279.2 273.8 270.3 267.6 264.5 264.4 262.7 259.2 262.8 265.1 265.8 265.8 264.1 262.3 259.5 256.5 259.5 261.1 262.1 262.8 262.9 262.8 262.1 260.9 259.8 257.8 256.2 253.1 247.8 242.6 241 242.1 241.2 239.9 238.6 238.6 237.6 237.8 239 242.9 244.4 244.8 244.4 241.9 238.4 236.9 236.8 237.5 239.2 240.3 241.5 241.3 240.4 238.1 236.5 235 233.4 232.9 232.2 232.1
246.5 252.8 259.2 265.1 271 278.7 285.8 292.2 297.3 301.3 303.8 304.5 304 301.5 297.7 294.1 290.5 286.9 284.6 280.9 277 271.9 266.6 264 262.4 259.7 257.5 259 262.7 263.9 263.3 262.1 259.5 256.6 254.6 257.2 258.8 259.7 260.5 260.6 260.2 258.5 255.7 251.4 248.8 247.3 245.1 243.5 245 247.1 248.6 247.4 245.7 240.7 238.7 238.9 237.8 237.4 240.4 242.3 242.9 242.3 240.9 237.5 235.7 235.1 235.1 236.7 237.1 237.6 237.2 236.4 235.3 233.4 232.8 232.3 232.1 232.2 232
243.6 250.8 258.2 265.5 272.6 280.1 287.2 293.8 298.6 302.1 304.1 304.4 303.5 300.4 296.6 294.1 290.8 288.2 286 283.2 280 274.9 268.8 264.2 261.3 258.6 256.6 257.6 260 263.5 263.4 261.8 257.5 255 254.5 255.1 256.2 256.9 257.4 255.9 252.4 249.8 247.9 246.8 245.1 246.2 245.5 250.7 253.2 255.1 254 252.1 249.2 244.9 240.3 238.4 236.6 237.6 237.4 239.8 240.4 240.1 239.1 236.7 235.3 234.9 234.3 233.8 234.1 234.3 234.2 233.3 233.2 232.5 232.5 232.2 232.2 232 231.9
243.3 252.3 259.6 266.5 273.4 281.4 289.2 294.9 298.8 301.6 303.7 304.3 302.8 299.8 296.9 294.7 292.3 289.5 287.1 284 280.4 275.3 268.6 263.8 260.6 258.1 255.8 256.5 259 263 263.7 262.6 257.9 253.9 252.7 252.9 252.2 251.3 250 249.2 249.3 252.8 256.1 258.4 259.4 258.9 258.5 258.9 259.3 258.8 256.9 254.7 251.2 247.3 242.7 238.6 236.9 236.7 237.2 236.6 237.6 237.4 236.9 235.4 235 234.5 234 233.8 233.4 233.1 233 232.8 232.5 232.6 232.8 232.6 232.2 231.9 232.1
244.9 255.1 263.3 270.9 276.9 283 289.5 294.3 298.3 301.2 303.1 304 303 301.4 298.9 296.6 295 292.6 287.4 282.6 278.4 273 267.4 263.8 260.1 258.1 255.8 255.1 257.6 262.3 263.3 262.6 258.7 252.8 252.6 251.6 250.8 249.9 249.3 253.8 258.2 263.3 265.8 266.7 266.7 265.3 264 263.2 262 260.6 258.2 255.6 252.3 248.1 243.3 238.6 237.4 237.2 236.6 236.2 235.9 235.8 235.4 234.6 234.6 234.2 233.9 233.7 233.4 233.1 233.2 232.8 232.7 233 232.4 232.7 233.4 233.3 232.9
246.8 257.1 265.5 272.4 278.6 283.8 288.9 293.2 297.2 300.5 303 303.8 304.4 303.6 301.7 299.8 297.6 294.8 289.9 282.4 276.8 271.1 266.5 263.2 260.3 258.2 256.2 254.4 254.6 260.1 261.6 261 258.4 252.2 251.9 250.7 250 251.9 254.4 259.6 264.9 268.1 269.6 269.9 269.5 268.1 266.6 264.7 262.8 261 258.2 255.7 251.8 247.5 243.3 238.7 237.2 236.4 236.3 235.8 235 234.6 235.3 234.7 234.4 234 234 233.9 233.8 232.9 233.4 233.8 233.6 233.7 233.4 233.7 233.5 234.2 234.6
246 257.5 266.1 272.5 277.8 282.8 287.5 291.7 295.8 299.5 302.4 303.9 304.9 304.6 304.2 301.4 299.1 296.7 292.4 284.8 277.7 271.8 267.4 263.7 260.9 259.6 257.8 255.4 254.3 255.2 258.1 257.7 253.2 251.5 250.7 250.6 252.2 255.6 259 263.6 267.6 270.1 271.3 271.9 270.5 269.7 267.8 265.6 263.4 260.2 258.1 255.3 251.3 247.3 243.5 239.2 237.7 237.3 236.5 236.4 236.6 235.7 235.9 235 235.5 234.5 233.6 233.8 233.6 233.8 233.8 233.8 233.9 233.9 234.3 235.7 237.6 238.5 239.1
246.9 257.4 264.8 270.8 276.6 281.5 286.2 290.3 295.1 299.4 302.3 304 304.9 305.3 304.8 302.3 299.8 297 293.2 287.8 281.9 275.7 270.3 266 262.9 261.5 259.4 256.6 254.1 253.3 253.2 253 252.1 251.4 251.1 252.1 254.9 258.6 262.5 266.4 269.3 272 273.1 273.9 272.8 271.3 269.4 266.8 263.6 261.7 259.1 256.4 253.1 249 245.3 241.4 239.5 238.3 237.6 236.6 236.3 235.7 235.9 235.9 235.5 235 234.5 234.1 234.7 234.4 234.2 234.4 234.3 235.3 238 240 242.4 244.4 245.8
245.6 254.8 262.9 269.2 275.1 280.2 285.2 290.6 295.4 299.5 302 303.8 304.6 305.1 304.5 302.7 299.9 296.6 293.3 289.1 284.3 279.6 274.3 269.3 263.9 262.1 260.7 257.5 254.7 253.5 253.5 252.5 252.1 251.5 252 253.5 256.2 260 264.4 268 271.5 273.8 275.2 275.7 274.9 273.6 271.8 269.3 267.5 265.7 263.5 261.4 258.9 255.8 251.8 246.8 241.9 239 237.4 236.9 236.2 235.9 235.9 235.7 235.3 234.9 235.3 234.8 235.1 234.9 234.9 235.3 236.3 240.3 244.2 247 250.4 253.3 255.1
241.8 252.1 260.1 267.6 274 279.9 285.5 291.1 295.8 299.3 301.8 303.1 303.9 304.4 304 302.4 299.1 295.7 292.3 288.7 285.3 281.2 276.4 270.2 264.3 261.7 260.4 258 255.1 255 254.3 253 252.6 252.4 252.2 253.9 257.2 261.2 265.9 270.2 273.3 275.8 277.5 278.3 278.1 276.7 275.6 273.8 272.3 271.3 269.5 267.8 265.5 262.6 258.6 254.1 249.3 244.1 240 238.3 237.1 236.6 235.7 235.4 235 234.9 235 235.6 235.2 235.5 235.6 235.7 239.6 245.7 251.1 255.2 259.3 262.8 266.6
238.3 248.5 258 267.1 273.7 279.9 286 291.4 295.5 298.6 300.4 301.9 303 303.4 302.9 301.3 298.3 294.7 291.6 289 286.4 282.3 276.5 270.1 264.3 261.2 259.6 256.7 256.3 261.1 258.8 256.3 253.5 252.9 252.2 254.5 258.1 263 267.9 272.9 276.2 278.4 280.6 281.4 281.8 281 279.7 279.3 278.1 276.9 275.5 273.9 272.3 269.3 265.5 260.5 256.6 251.2 246.6 242.3 238.6 236.9 235.9 235.2 235 235.2 235.2 236 235.7 236.1 236.1 237.3 243.7 249.7 255.7 261.3 266.8 272.1 278.4
234.5 247 257.4 266.1 273.1 279.7 285.6 290.6 294.6 296.8 298.6 300 301.1 301.6 301.2 299.9 296.8 294 291.9 289.3 286.6 283.2 275.9 268.7 264.2 260.4 258.7 257.1 260.1 263.8 263.1 260.6 254.7 253.1 252.9 255.4 260.8 266 271.4 276.6 280.2 282.1 284 285.2 285.7 285.7 285 284.8 284.2 283.7 282.9 281.3 279.5 276.7 272.9 268.3 263.2 257.6 252 246.6 240.9 238.8 237.1 235.6 235.3 235.8 236.1 236.5 236.5 236.3 236.7 238.7 245.1 251.7 258.4 264.4 271.4 278.9 286.9
232 244.2 255.1 264.7 272 278.5 284.2 288.6 292.3 294.5 295.9 297.7 298.9 299.5 299.4 298.2 296.1 294 292.1 289.7 286.2 281.1 273.6 267.1 262.8 259.9 258.3 258.2 260.9 263.8 263.2 261.5 257.4 253.7 253.6 257.9 263.9 269.6 276.1 281.6 285.5 287.4 287.8 289.3 290.1 290.7 290.8 291.3 291.1 291.7 290.2 288.7 286.4 283.4 279.5 274.5 268.7 262.7 255.6 248.7 242.8 240 238.7 238 237.7 237.6 237.8 237 235.3 237.6 237.1 238.7 245.6 252.4 259.3 266.2 274 281.4 288.9
230.2 240.2 252.4 261.9 269.6 275.5 281.5 285.6 288.6 290.4 292.9 294.9 296.3 297.1 297.8 297.1 295.2 294.2 292.4 287.7 282.8 277.2 272.3 266.2 262.2 260.2 259.1 258.4 258.6 262.5 261.5 259.4 254.6 253.7 255.3 261.5 267.5 274.1 280.9 286.4 290.8 292.7 293.4 294.4 294.9 295.7 296.1 296.5 296.9 297.1 296.4 294.8 292 288.3 284.3 278.8 271.7 263.9 257.4 248.8 243.7 242.5 240.9 240.5 240.4 240 239.6 238.8 237.9 236.5 235.4 237.9 244.6 251.2 258.7 265.8 273.1 280.4 287.8
227.6 235 248 258.4 266.7 272.8 277.4 280.8 283.2 287 289.7 292.1 294.1 295.9 296.7 295.7 294.5 293.8 292 287.2 282.7 277.9 272.4 266.3 262.1 260.5 259.4 259.4 259.1 261.7 260.8 257.8 254.1 254.4 257.4 264.6 271.3 278.6 285.7 291.3 294.3 297.2 298.3 299.9 301 301.1 301.5 301.8 301.9 302.2 301 299.3 296.2 292.3 287.3 281.3 273.5 265.3 257.7 248.7 245 244.4 243.3 243.2 243.5 244 243.6 242.1 240.9 238.6 236.1 238.3 241.7 249.5 256.9 263.5 270.7 277.7 284.1
224.2 231.4 242.8 253.5 261.6 266.3 271.4 275.4 278.7 282.6 286.8 289.7 293.3 295.5 296.4 296.7 294.6 293.1 291.3 288.7 284.4 279.4 272.5 266.9 263.6 262.2 260.9 259.9 260 263.8 263.5 258.4 254.4 255.1 258.7 266.1 274.6 282.6 290.5 295 298.8 301.3 302.7 304.2 305.2 305.4 305.4 305.9 305.9 305.6 304.4 302 299.4 294.5 289.1 282.4 275.2 266.8 258.9 253.4 249.2 248.3 246.8 247.9 248.2 249.1 248.9 248.2 245.5 241.4 239.5 237.2 239.6 245.9 254.3 261 268.1 274.5 280.5
219.6 228.9 237.5 248.8 256.1 260.5 264 269.4 274.8 278.7 282.7 287.5 291.3 294.8 296.7 297.7 295.7 294.3 293.1 291.4 286.6 281.3 275.8 270.9 269.2 266.6 263 260.9 260.5 264.7 264.7 260.6 254.8 255.8 259.7 267.1 275.1 283.9 291.7 298.2 301.9 304.8 306.6 308 308.8 309.1 309.3 309.1 308.7 307.8 306.4 304 300.7 296.2 290.7 285.3 279.9 274.4 268.1 262.4 257.4 254.7 254.7 254.5 255.2 256.3 256 255.2 253.1 249.1 243 240 239.6 242.5 250.8 258.1 265.3 270.5 275.8
217 219.4 231.4 241.1 247.9 252.9 257.3 263.7 270.2 274.8 279.8 285.9 290.3 294.2 297.1 298.5 298.2 296.4 295 293.2 289.6 285.1 279.8 276.9 274.8 272 268.1 264.2 262 265 264.5 258.6 254.8 257.2 262.2 268.5 276.2 285.6 294.8 300.5 304.5 307.4 309.5 310.6 311.3 311.7 311.7 311.2 309.8 308.6 306.9 304.6 300.4 296.5 293.4 290.6 286.9 282.9 277.7 272.1 266.2 262.8 262.7 262.3 263.5 264.5 263.9 264.7 261.4 256.5 251.6 242.7 240.5 241.5 247.6 255.8 261.9 266.7 270.4
215.5 217.6 222.8 230.9 239.6 245.5 251.9 258.6 265 270.5 277.3 283 288.7 294 297.3 299.6 299.9 298.2 296.2 294.1 291.3 287.7 284.5 281.9 279.1 276.1 271.9 265.4 263.3 264.6 263.7 259.8 255.8 258.2 263.5 270 277.3 287.5 296.4 302.5 306.5 309.4 311.2 312.2 312.8 312.9 312.4 311.7 310.5 308.9 307 302.9 301.2 299.8 298.7 297.4 294.6 291.4 286.3 280.7 275 271.8 271.2 272.4 273 273.2 272.7 272.9 269.2 265.1 258 251.6 244.1 240.5 243.3 251.5 258 262.6 265.9
216.9 214.9 217.2 222.7 231 238.2 245.5 251.7 259.6 268.9 274.9 281 287 292.9 298.5 300.7 301.6 300.6 298.4 296.4 293.7 290.5 287.6 284.6 281.4 278.3 273.9 267 262.8 262.7 262.2 256.6 256.9 260.2 264.7 272.1 279.2 290 297.9 303.7 307.7 310.2 311.9 312.5 313 313 312.7 311.8 310.4 307.4 305.6 304.7 304.2 304.4 304.1 303.4 301.4 298.3 293.8 289.5 285.4 282.7 281.7 282.5 282.5 284.7 283.7 282.5 281.3 277.2 268.3 259.8 250.6 242.6 243.1 247.6 253.4 258.4 260.5
221.5 216.1 215.1 218.2 226.3 232.5 240.6 248.4 258.1 266.6 273.8 280.7 286.8 294.3 299.2 301.5 302.9 303.2 301.1 299 296.7 293.2 289 285 282.1 278.9 274.5 268.2 262.1 258.8 257.9 257.1 258.6 262 265.1 274.6 281.5 291 299.8 304.2 308 310.4 311.4 312.1 312.6 312.4 312.2 311.2 309.4 307.5 307.5 307.3 307.3 308.3 309 308.6 307.1 304.4 301 297.6 294.1 292 290.7 291.3 291.8 293.8 293.9 291.8 290 287.4 280.3 267.9 257 245.1 242.2 244 247.7 251.9 253.9
227.9 217.2 216.6 216.5 220.9 228.5 237.4 245.8 256.3 265.7 273.5 281.1 288.8 294.5 299.2 302.3 304.1 305.1 304.3 302.4 299 294.3 288.4 283.1 279.4 275.9 271.7 267.5 261.5 258.4 257.9 258.8 261.1 264.8 269.6 276.9 285.2 293.1 300 304.4 307.8 310.2 310.9 311.4 311.8 311.8 311.7 310.8 309.2 308.9 309 309.5 310.9 312.2 313.8 313.5 312.3 310.4 307 304 302.1 300.3 298.7 300.1 301.2 303.2 303.2 301.8 300.5 297.4 290.9 278.3 267.1 250.6 245.4 242.8 244.7 246.9 248.5
229.8 218.5 215.4 215.5 217.3 225.2 235.6 244.4 255.8 265.1 273.6 281.5 287.7 294.2 299.2 302.9 305.1 306.4 305.9 304.3 301.3 295.9 289.1 281.5 276.6 270.7 265.6 262.9 261.1 259.8 258.8 260.6 264 268.6 272.8 280.5 288 295.2 299.6 303 306.5 309.2 309.7 310.2 310.3 310.6 309.7 310.6 309.9 310.2 311.2 312.2 313.8 315.6 316.9 317.4 316.4 315.1 313.3 311.2 308.6 307.3 306.8 307.6 308.8 309.8 310.3 310.2 308.5 305.6 297.8 285.8 272.5 261 248.9 246.3 245 244.8 246
230.2 218.1 215.7 215.3 216.3 223.8 233.3 244 254.9 263.9 272.3 279.4 286.7 292.9 298.6 302.4 305.2 306.8 307 305.8 303.6 299.7 291.8 284.4 278.5 272.8 268.1 263.3 261.1 260.2 259.5 261.3 265.5 270.1 275.6 282.4 287.9 293.9 299.3 302.1 304.7 306.8 307.8 308.3 308.1 308.9 309.9 310.5 311 311.8 313.3 314.9 316.4 318.3 319.7 320.4 320.1 319.5 318 316.6 315.4 313.8 313.3 313.8 315.7 316.3 317.1 316.8 315 312 306.4 296.2 284.1 270.3 257.5 248.7 246.9 245.6 245.8
232.8 219.1 214.6 214.6 215.4 220.1 230.9 241.3 252.4 261.5 270 276.7 284.1 291.2 296.4 301.1 304.2 306.4 307.2 306.8 305.1 302 296.1 289.6 282.8 277.5 271.6 266.3 262.4 261.3 260.2 261.1 265.5 271 276.5 282.5 288.7 293.8 297.9 300 302.5 304.9 305.4 306.2 306.4 308.4 309.7 311.3 312.2 313.6 315.1 316.9 318.8 320.8 322.4 323.3 324.1 323.9 322.8 321.8 320.6 319.9 319.1 320 321 321.8 322.7 322.7 321.4 318.4 314.5 307.4 293.5 281.4 270.7 257.8 251.2 249.1 247.1
236.2 222.2 217.5 214.7 215.4 217.1 226.6 236.7 249.7 258.4 266.4 272.9 280.2 286.9 293.7 298.9 302.8 304.9 306.7 307.6 306.3 303.7 299.7 293.6 288.3 281.7 275.5 269.6 264.5 262.4 262 262.3 264.7 269.6 274.4 281 287.2 291.8 295.9 297.5 298.1 301 302.2 304.4 305.6 308.8 310.9 312.5 313.8 316 317.4 319.5 321.1 323.1 325.2 326.7 327.9 328 327 326 324.9 324.8 324.3 324.9 326.6 327.2 328.3 328.9 327.6 324.9 320 313.5 302.8 288.7 277.5 266.6 258.1 253.2 249.7
242.7 228 218.3 215.4 214.3 215.5 222 233.9 246 254.7 262.2 269 275.4 283 290 295 299.7 302.4 305.2 306.7 307.1 305.6 302.3 298.6 292.9 287.3 281 273.9 267.7 264.3 263.3 263.3 264.3 266.4 271.6 278.1 284.2 288.5 292.1 294.7 296.7 300.1 302 303.9 307.3 309.7 312.4 314.5 316.7 318.5 320.1 321.8 324.4 325.8 327.7 329.7 330.4 330.5 330.1 329.6 329.7 328.9 329.1 329.8 330.7 332.1 333 333.3 332.4 330.3 325.4 318 309.7 296.8 284.9 272.4 263.7 256.7 251.7
250.7 237.1 223.3 218.1 215.6 214.1 219.2 230.6 241.7 249.9 257.2 264.3 271.1 277.6 285.1 290.4 295.3 299.3 303 305.7 306.1 305.4 303.8 301.8 297.4 292.6 285.9 278.5 271.5 266.2 264.8 264.9 265.6 267.2 270.2 275.2 281.2 285.9 289.7 293.9 297.6 300.7 303.1 305.5 308 310.5 313.8 316.7 319.2 321.3 323.3 325.2 327.4 329 330.2 331 331.8 332.4 332.7 333.2 332.9 332.9 333.4 334.2 335.2 335.9 336.2 335.9 335 334.1 327.7 318.9 309.4 299.6 288.4 276.6 268.7 259.3 251.7
260.6 249.5 233.1 223.2 216.9 214.3 217.1 227.5 237.9 245.2 252.4 259.4 265.8 271.7 279.1 285.5 291 295.6 300.1 302.6 303.9 304.5 303.8 302.6 300 295.6 289.7 282.8 275.8 271.6 267.2 266.5 267.3 268.9 272.2 274.2 278.8 284.4 289.8 293.9 298 300.9 303.5 306 308.4 311.9 315.1 318.4 321.5 324 325.9 327.6 329.2 330.4 330.9 331.7 332.3 333.4 334.8 335.7 336.4 336.6 337.1 337.8 337.8 337.4 337.2 335.9 334.4 331.9 326.2 316.9 308.8 299.5 290.2 280.6 271.6 261.9 253.4
268.5 260 245.8 231.8 222.3 213.6 215.9 224 233.2 240.6 247.1 252.8 260.3 266.2 273.2 281 285.9 291.8 296.3 299.1 301.2 302.5 303 302.4 300.1 296.2 291.7 286.2 281.6 276.8 271.1 269 269.1 270.6 272 274.6 280.2 284.9 289.6 295.5 299.1 301.2 303.6 305.8 308.4 312.1 315.7 319.2 322.5 325.1 326.9 328.2 329.3 330 330.8 331.8 332.9 334.7 336.1 337.4 338.4 338.7 339 339.3 338.9 338 336.3 334.3 331.2 327.1 320.6 314 307.2 300.2 290.8 281.3 272.8 264.9 256.5
272.5 266.6 254.9 241.5 228.5 219.2 212.1 218.5 226.8 234.4 241.1 246.9 253.8 260.8 267.4 273.9 280.7 286.9 292.1 294.8 297.7 300 301.1 300.9 299.5 295.5 291.9 288.4 285.3 282.1 277.2 274.8 272.2 272.2 273.3 275.3 279.9 285.8 291.7 295.9 299.5 302.1 303.8 305.3 308 312 315.3 318.6 321.9 324 325.6 326.9 328 328.9 329.9 331.2 332.9 335.2 337.1 338.2 338.9 338.9 339 338.6 337.5 336.3 333.9 331.2 327.1 322.6 316.3 310.3 304.5 298.1 289.8 281.7 273.2 264.7 257.7
