public/OST50/SX27.asc
ncols 200
nrows 200
xllcorner 220000
yllcorner 70000
cellsize 50
[rows 70 to 104 of 200, columns 79 to 157 of 200]
234 233.7 234.5 234.6 234.9 234.8 234.7 234 234.1 234.1 233.5 232.4 230.9 230.3 230.3 227.5 229.5 229.8 230.7 233.4 237.6 241.1 244.8 248.8 251.6 254.3 257.8 262.3 273.8 277.2 285.8 292 293.7 293.2 288.2 281.3 271.7 260.7 250.4 245.1 238.8 232.9 225 218.3 211.3 200.8 189.6 178.5 168.2 160.5 153.8 146.2 139 131.6 125.6 118.9 111.6 121 132.3 138.9 141 144.3 147.2 147.7 148.2 145.4 142.3 144.8 150.5 157.7 162 165.7 169.8 173 175.3 176.6 176.2 174.3 172.9
233.1 233.1 233.4 232.9 232.1 232.2 232.6 231.5 231.3 232.3 231.4 230.9 229.5 229.9 229.9 229.9 230.9 231.9 233.7 237.4 242.7 247.1 251.3 254.5 258.3 265.1 273.1 280.8 286.2 291.8 300.6 305.2 301.7 296.1 289.5 280.4 271.1 261.5 252.1 247 242.1 236.2 230.7 224.2 218.2 208.7 196.8 184.9 174.4 166.4 158.4 153.9 143.2 136.9 129.8 122.4 116.1 111.1 115 130 132.3 136.2 139.4 140.4 142.7 141.6 140 145.1 152 157.9 161.9 165.2 168.4 171.5 173.7 175.2 175 174.5 173.7
232.6 232.5 232.8 232.1 231.9 231.8 231.1 231.1 230.2 230.4 230.6 230.3 230.3 230.2 231 231.4 233.2 234.3 237.5 244.3 249 253.6 258 261.8 266.1 278.2 288.6 297.4 304.9 310.3 309.8 308.5 303.2 295.4 287.6 278.5 270.2 261.6 254.5 249.4 245 240.9 236.4 229.9 224.2 216.3 203.1 190.9 180.6 172.5 165 157.4 150.9 144 135.9 128.2 121.6 116.2 110.5 111.7 115.3 127.4 129.8 130.5 134.3 136.4 140.6 148.7 154.3 158.8 161.9 164.8 167.3 169.5 172.2 173.4 174.6 174.7 174.9
232.4 232.2 231.9 231.9 231.3 230.6 229.8 231.5 231.6 231.4 231.3 231.2 231.5 231.8 232.7 235.2 237.4 241.5 247.2 252 256.3 261.5 267.2 271 281.3 293.3 304.2 315.1 325.8 313.2 309.2 305.7 296.9 292 284 276.7 269.8 262.2 256.8 251.5 248.9 246.3 242 237.3 229.5 220.3 209 197.8 187.5 180.8 172.7 164.7 157.4 151.5 144.7 135.6 129.4 122.3 115.2 110.8 109.1 111.1 120 125.7 131.5 138.4 146.1 152.4 155.9 159.2 161.4 163.5 165.4 168 169.9 171.6 173.7 174.6 175.7
231.9 231.7 231.6 231.3 230.8 231 231.6 232 232.3 232.6 233.3 233.5 234.2 235 236.8 240.6 245.4 251.1 255.5 259.1 264.3 270.4 275.3 280.1 292.2 307.2 315.4 317.4 312.4 308.5 304 299.1 293.1 287.7 281.3 275 269 262.7 258.2 253.9 252.2 250 245.3 240.3 234.4 224.8 216.2 206.3 197.5 189.5 182.8 176.1 168.7 159.2 150.9 144.3 136.7 128.5 121.4 113.4 110.6 108.3 126.1 137.7 144.1 150.5 154.1 155.7 157.5 157.7 159.8 161.7 163.5 165.6 167 169.7 172.2 174 175.6
231.8 231.6 231.4 231.3 232.4 232.9 233.3 233.9 234.4 235.2 236.1 237.1 239.1 241.5 243.4 247.7 253.2 258.2 262.3 266.1 272.2 276.3 281.2 288.7 303.1 315.1 317.8 312.1 308 303.7 299.3 294.3 289.3 284.3 278.8 273.8 268.4 263.1 259 256.3 254.6 252.3 248.7 244.1 238.2 229.7 222.1 215.7 207.5 199.8 193.7 187 178.3 169.8 160.7 152.4 144.2 136.8 129.3 120.9 113.7 107.9 120 140.4 150.9 154.6 155.9 155.8 155.7 156.2 156.8 158.4 160.1 162.5 165.3 167.8 169.8 172.9 175.3
231.9 231.5 230.6 231.9 233.4 234 235.2 236.3 237.4 239.4 241.6 243 244.4 246.6 251.3 257.2 263 266 269.1 272.3 277.4 282.2 287.5 294.3 305.4 312.9 309.5 305.8 302.9 299.3 294.6 290.1 285.3 280.4 276.6 271.8 267.1 262.9 258.4 257.1 257.4 254.7 251.4 248.5 241.7 237.8 232.5 225.3 219.6 213.8 206 197.7 185.8 177.7 168.9 161.1 153.6 145.8 138.4 129.3 120 109.8 112.2 132.9 145.1 150.7 152 152.2 151.3 151.8 152.9 154.5 156 159.6 162.6 165.1 168 171.7 174.5
231.4 231.3 232.5 233.6 235.4 236.6 238.2 240.1 242.5 245.3 247 248.9 250.9 255.1 261.3 268.5 272.6 273.3 274 277.4 282.6 287.1 292.3 297.8 305.3 306.7 303.6 300.8 297.9 294.1 289.5 285 280.8 277 273.2 269.7 265.9 263 260 259.7 259.6 258.3 255.5 252.6 249.6 246.3 242.8 237.1 232.8 226.8 218.3 208 197.6 188.1 177.1 169.6 161.7 153.1 145.8 138.3 127.6 116 108.6 114.4 133.4 140.5 143.6 144 144.6 145.6 146.9 148.8 150.4 155.9 158.9 162.8 166.5 170.1 173
232.8 232.9 234.5 235.9 237.5 239.5 243.4 245.5 248.2 250.3 253.3 257.3 260.3 266.7 273.5 277.7 279.6 279 277 281 285.9 289.7 294.4 298.3 301.5 301.1 299.5 296.4 293 289.3 285.4 281.4 277.6 273.9 270.6 267.8 265 262.9 262.3 262.5 263.7 264.1 262.8 261.4 259.8 257.7 253.8 249.5 243.5 239.3 230.7 219.3 207.6 196 184.1 174.9 167.3 159.2 150.3 143.4 133.1 123.7 111 106.6 123.2 129.5 133.2 134.1 136.6 138.7 140.3 144.5 147.6 151.6 156.3 160.6 164.5 168.1 171.1
234.9 236 237.8 238.8 241.2 243.7 247 249.6 253.1 256.7 259.7 264.2 269.8 277.2 283.7 287 285.9 283.7 282.3 284.7 288.5 291.8 295.1 297.2 298.4 297.2 295.4 292 288.9 286 282 278 274.7 271.8 269.2 266.9 264.8 263.7 265.2 265.5 268.1 269.7 269.1 268.6 268.6 267.4 264.4 262.8 257.8 253.4 246.3 234 220 205.1 193.1 178.8 171.2 162.9 155 146.4 138.3 127.7 116.8 108.3 115.8 124.1 127.2 130.1 132.3 133.7 135.4 138.9 143.5 148.3 153.1 157.5 161.3 165.2 167.7
241.2 243.4 245 245.1 246.6 248.8 252.5 255.4 260 264.3 267.1 270.9 276.3 284.1 294.7 295.7 291.8 288.1 285.9 287.3 290.5 292.7 294.1 295.3 295.1 293.7 291.1 288.1 285.2 282.3 279.2 275.7 273.4 271.2 268.5 266.2 264.7 266.6 268.2 269.7 273.1 275.2 276.6 276.2 275.9 273.7 272.1 271.2 269.4 265.7 258.7 247.7 232.5 218 201.5 187.1 174.8 167.1 158.5 148.9 142.3 133 120.2 111.7 106.3 120 122.8 125.5 127.4 127.8 130.4 134.2 138 145 149.9 154.3 157.8 161.2 164.2
247.1 249.1 250.9 253.9 255.6 258.1 262.1 265.1 268.2 272.3 277 285.5 293.8 299.9 307.5 301.3 296.4 291.7 289.2 290.6 292 292.9 293.3 293 291.8 290 287.2 284.8 282.1 279.2 276.8 274.7 273 270.7 268.2 268.1 268.3 269.6 271.3 275 277.6 281.1 281.7 283.7 284.9 283.9 282.3 280.6 278.5 275.6 268.5 260.4 246.6 232 211.1 195.5 180 172.1 163.2 152.2 145.1 136.2 122.9 114.9 107.2 111.6 118.1 120.8 122.2 122.8 125.9 129.5 134.4 141 145.1 150.1 154.3 157 160.5
257.1 258.4 261.5 264 268.4 272.1 273.4 276.1 281.3 285.6 288.8 300.2 306.2 314.4 305.6 301.7 297.8 293.9 293 293.2 293.3 292.7 292 290.9 289.1 286.4 283.8 281.4 278.6 276.9 275.8 274.4 272.8 270.1 270.4 270.9 272.1 273.4 275.5 278.3 281.9 285.4 288.4 290.9 291.5 291.1 289.9 287.6 284.4 281.3 273.7 267 255.3 239.3 222.1 204.5 190.9 177.6 167.9 156.3 147.7 140.2 125.5 114.1 109.2 105.5 113.5 116.2 117.7 118.5 121.6 125 131 136.5 141.6 146.3 150.8 153.7 156.8
272.2 274.5 275.7 278 282.5 285.6 287.6 292.7 294.8 297.8 307.2 314.4 316 309.7 305.3 301.9 298.2 295.9 294.7 294.4 293.7 292.4 290 288.5 286.1 283.5 280.9 279.1 277.9 276.5 275.6 274 273.7 273.2 273.3 274.3 274.1 276.1 278.9 282 286 290.2 294.3 296.4 297.7 296.7 294.8 292.8 289.5 285.4 278.5 270.5 260.1 245.4 229.1 213.1 199.3 183.4 172.5 161.8 152.9 144.7 130.8 113.6 109.9 106.6 108.4 110.6 112.2 114.3 118.3 121.6 126.9 132.4 137.1 142.5 147.5 151.1 154.6
285.2 289.5 290.5 294.4 297.2 299.9 302 303.3 307.3 313.1 315.7 312.5 309.4 306.8 303.6 300.5 298 296.9 295.6 294.7 293.4 291.5 289 286.4 284 281.5 279.9 278.7 277.5 276.5 275.6 275.4 275.3 275.6 276.5 277 278.9 280.8 283.2 286.5 289.4 294.4 298.3 300.4 300.7 299.9 297.5 294.8 291.2 286.4 280.2 272 262.2 249.6 237 220.6 203.8 188.9 176.4 166.8 158.4 150.2 137.9 117 110.5 108.1 104.2 106.1 107.1 108.3 114.1 117 121.8 128.5 133.9 139.1 144.4 148.4 152.4
293.4 297.9 301.8 305.7 307.1 306.3 307.7 310.4 315.1 312.4 310.8 309.2 306.5 303 300.2 298 296.7 296.5 295.8 295.2 294 291.5 288.5 285.4 282.7 280.8 279.2 278.2 277.3 277.3 277.5 277.1 277.8 279.2 280.5 281.1 282.6 284.9 287.6 290.6 293.6 297.7 300.7 301.7 302.4 301.2 298.6 295.2 291 286.6 280 272.6 264 254.5 241.7 226.3 210.8 195.8 181.7 169.6 161.4 153.6 144.2 123.8 112.4 109.5 105.7 105.7 105.6 106.6 109.3 113.3 116.1 123.8 130.6 136.7 142 146.1 150.3
296.7 302.8 309 311.2 312.1 310.9 310.4 310.3 310 308.7 307.3 304.2 300.8 298.4 296.6 295.5 295.6 295.9 295.7 295.3 294.2 291.9 289.3 285.9 282.6 280.6 279.3 278.7 278.6 278.6 279 279.5 280.8 282.3 283.3 284.8 286 288.3 290.8 293.8 297.2 299.5 301.6 302.5 302.1 300.3 297.7 294.2 290 285.4 279.7 272.9 265 257.4 246.3 231.6 216.4 201.2 186.5 173.4 164 155.8 148.2 132.1 117.5 112.3 108.2 105.6 105.6 104.8 105.3 107.4 111.9 118.4 128.7 135.2 139.8 143.9 148.1
294.7 300.8 305.1 307.4 307.1 307.8 307.2 306.3 305.3 302.6 301.2 298.3 296 293.8 293 293 293.9 294.8 295.2 294.9 294.1 291.7 288.7 285.5 282.2 281.3 281 280.9 281.4 281.9 282.4 283.1 284.3 285.3 287 288.7 290.3 292 294.4 296.8 299.3 300.7 301.6 301.8 300.9 298.9 296 292.6 288.7 283.8 278.1 271.8 264.6 257.1 248 237.2 220.8 205 189.4 173.7 164.4 155.6 147.3 137.7 120.3 114.8 110.3 107.3 102.6 104.4 104.1 103.3 105.8 115.2 127.7 133.9 137.9 141.6 145.3
290.2 294.5 298.9 301.5 303 302.5 301.2 299.4 298 296.7 295 292.9 290.4 289.5 289.2 289.8 292.4 293.8 294.4 294.4 293.2 291 287.9 286 285.2 284.4 284 283.9 284.9 285.2 285.5 286.4 287.2 289.4 291.2 292.9 293.7 295 296.6 298.5 300.2 301.1 301.5 300.9 299.4 297.1 294.1 290.7 286.4 281.1 275.7 269.6 263.4 256.1 247.7 237.3 223.4 207.4 190.8 176 164.6 154.6 145.8 133.7 123.8 117.7 112.6 109.4 107.7 105.2 103.5 103.2 103 107.8 121.1 130.2 134.9 138.6 142.1
285.9 289.9 293 294.9 296.2 294.9 294.3 293.8 291.5 290.9 288.4 287.1 286.3 285.6 285.4 288.1 290.8 292.3 293.3 293.4 291.8 290.5 288.7 288.9 288.2 287.6 287.8 287.8 288.3 288.7 289.4 290.6 291.3 292.6 294.3 295.6 296.5 297.4 298.2 299.6 300.5 301.3 301 299.6 297.5 295 291.9 288.5 283.7 278.5 272.5 267 260.6 254.2 245.9 235.7 223.4 207.9 192.9 177.2 165.7 156 145.6 134.7 125.3 119.4 114.6 119.4 119 113.8 106.3 103.3 102.4 103.6 112.2 124.5 130.4 134.9 138.3
280.3 283.7 286.2 288.1 289 288.1 287.1 286.4 285.4 284 283 282 282.1 281.9 283.3 286.3 289.6 291 292.1 292.2 291.6 291.6 291.6 291.5 292.1 291.6 291.9 291.4 291.9 292.9 294.1 295 295.9 296.9 297.8 299 299.7 300.1 300.9 301.3 302.3 301.9 300.6 298.3 295.6 293.2 289.8 286 280.5 275.8 269.6 263 257.5 251.5 243.5 234.7 222.5 208.6 195.7 180.3 169.2 157.1 146.2 134.9 128 123.7 130.2 126 120.2 115.4 109 101.3 102.4 102.2 106.1 119.4 126.6 130.5 133.7
274.4 277.1 280.1 280.5 280.6 281 280.5 279.5 278.5 278.6 278.5 278.6 278.6 280.4 282.7 285.6 288.1 290.1 291.7 292.6 293.7 293.9 294.3 295 295.6 296 296.4 296 297.2 298.1 298.3 299 300.6 301.2 301.7 302.1 302.6 302.8 303.3 303.4 303.3 302.8 301.4 299.9 297.1 294.2 290.8 286.2 281.2 275.6 269.6 263.2 256.7 250.4 243 235.3 225.6 213.2 200.7 185.6 173.5 159.8 147.3 136.6 131.8 137.5 134.1 127.4 120.7 116 109.9 102.8 102.1 102.1 103.9 114.5 122.1 126 128.9
268.5 271 271.9 272.8 273.5 274 273.1 272.7 273.3 273.7 274.4 276 277.8 280.2 282.9 285.4 287.7 290.1 292.4 293.3 295 296.5 297.8 298.8 299.4 300.1 301.4 302.7 303.3 304.1 305.1 306.7 307 306.8 305.8 305.3 305.6 305.5 305.7 306 306 305.5 304.4 302.6 300.2 297.1 293.3 288.5 283.5 278.3 271.3 265.3 258.6 253.1 245.8 239.2 230.6 218.9 206 192 180.1 165.8 152.9 144.6 147.4 143.7 136.7 128.5 122.9 116.3 110.9 102.5 100.9 101.6 102.7 111.7 118.3 121.7 123.7
262.6 264.4 264.7 265.8 266 266.3 267.1 267.6 269.5 270.1 272.6 275 277.6 280.2 282.9 285.4 287.9 290.4 293.4 295.8 297.8 299.6 301.1 302.5 303.5 304.3 306.3 307.3 308.9 310.1 310.7 311.3 311.4 311.2 309.8 309 308.9 309.3 309.9 309.8 309.6 308.9 307.7 306.2 304.2 300.9 297.5 292.7 287.7 282 275.5 269.1 263.4 256.6 250.6 243.1 234.5 224.5 213.4 202.4 191 178.6 165.2 162.7 154.8 147.3 139 129.9 122.5 114.1 109.5 103.1 101.6 101.4 102.4 109.3 112.3 115.2 117.6
256.4 258 259.4 260.4 260.4 261 262.7 265 269.7 271.5 273.3 275.9 278.6 281.3 283.9 286.6 289.4 292 295.2 297.7 300.5 302.9 305.1 306.9 309.7 312 312.3 313.3 314.1 315 315.8 316.4 315.9 314.9 313.9 314 313.5 313.9 314.3 314 313.7 313.1 312 310.8 309 306.1 302.6 298 292.6 286.4 280 273 266.2 260.4 254.2 247.6 239.2 228.9 220.1 211.2 202.2 191.9 181.2 173.5 164.3 155.5 143.6 134.6 123 118.4 114.1 107.8 99.6 100.8 101.5 106.3 109.2 112.5 117.7
250.4 252.7 252.9 253.1 255.1 258.4 264.5 270.3 273.2 275.8 277.2 278.4 280.5 282.4 285 287.7 290.9 294.2 297.8 300.9 304.4 307.8 310.1 312.6 315 316.9 318.4 319.2 319.7 320.4 320.9 321 320.2 319.3 318.4 318.8 318.6 318.8 319 319.1 319.2 318.6 317.3 316.3 314.2 311 307.1 301.9 296.4 290.1 283.1 275.7 268.8 262.8 256.7 249.5 242 234.3 226.8 219.7 213.6 205.8 194 183.5 172.9 162.5 150.8 133.7 133.5 129.3 122 114.3 104 100.6 100.6 103.2 106.8 112.3 117.1
248 248.5 250 250.9 254.6 260.2 268.1 272 274.4 276.4 277.6 279.4 281.4 283.6 286.2 289.4 293.4 297 300.5 304.5 309.1 311.9 314.6 316.8 319 321.4 323.3 325 325 325.6 327.2 328.9 328.8 327.9 326.6 326.5 327.4 326.9 326.6 326.7 325.7 324.6 323.3 321.1 317.9 314.5 310.1 304.6 298.3 291.3 283.1 276 269.3 263.8 258 251.2 244.2 237.7 232.1 228.5 223.2 214.5 204.5 193 181.6 168.9 149.1 143.9 150.8 145.9 136.5 129.8 120.4 101.4 99.4 100.5 103.7 110 114.9
246.7 247.4 248.6 252.6 257.5 262.9 268 271.1 273.8 274.8 276.7 278.9 281.7 285 288.7 292.5 296.4 300.1 303.7 308.1 312.4 315.3 317.9 321.4 323.8 325.4 327.2 329.2 329.8 333.6 336.3 337.6 338.2 338 337.4 336.7 336.9 335.5 336.3 335.8 334.5 331.6 328.5 324.5 320.4 315.9 310.9 305.1 298.1 289.8 282.1 275.2 268.4 262.5 256.7 251.6 246.3 240.9 237.9 233.9 227.8 220.4 211.2 199.9 186.9 169.6 155.2 163 165.5 164.4 154.6 145.9 138.6 122.2 100.5 99.5 100 103 109.8
245.5 247.2 248.4 252.8 258.1 262.9 265.8 268.9 271.1 273.2 275.3 279.1 282.6 287 291 295.4 299 304 307.6 311.4 316.4 320.1 322.4 325.2 327.9 331.3 333.5 335.9 338.9 341.9 344.9 346 348.5 350.1 348.3 346 345.7 346.2 345.1 342.2 338 334.7 330.1 325.1 320.5 315.6 310.1 303.2 295.5 286.1 278.8 273.1 267.4 261.6 256.5 253.9 249.8 247 242.2 236.7 230.2 221.9 213.1 203 191.3 172.8 175.9 177 176.2 173.6 169.5 161.8 153.5 143.4 123.4 104.8 98.9 98.7 100.3
247.3 247.8 248.2 251.1 255.2 258.8 261.1 263.8 267.5 271.2 274.6 279.6 283.6 287.7 293 298.2 302.2 307.7 311.9 315.6 319.1 322.3 326.5 330.7 334.8 340.8 345.8 347.6 352.4 355.7 362.3 364.1 364.5 361.5 353.6 349.7 349.2 349.4 345.3 340.8 336.9 332.6 328.4 323.9 319.3 313.9 307.9 300.8 294.9 287.8 280.6 274.4 269.7 264.7 261.6 258.4 254.8 250.1 244.3 237.9 229.8 220.1 213.3 205 193.9 187.1 186 184.7 183 180.1 176.1 171.2 166 158.7 147.9 127.6 111.5 99.2 98.5
248.4 246.2 248.7 250.7 252.7 254.5 257.9 261.5 265.8 269.5 274.3 279 283.8 289.4 294.9 300.1 304.8 310.2 314.2 318 322.5 327.9 332 340.4 345.2 352.7 357.7 361.2 367.9 374.8 373.4 373.5 366.4 358.5 350.9 348.6 346.9 344.3 341.2 337.2 333.8 330.2 326.7 322.3 318.3 313.2 308.1 303.1 298.5 292.8 287.2 280.3 274 271 267 263.9 258.5 251.9 245.4 238.2 230 220.3 213.7 205.4 195.6 194.2 191.7 189.7 187.8 185.1 181.6 177 172.9 167.4 161.9 149.2 132.2 120.6 108.4
249 247.6 248.8 250.2 252.1 254.2 256.6 260.4 265.2 270.3 275.1 280.6 285.5 291.9 298.1 303.3 308.5 313.2 318.8 322.9 330.1 336 343 349.9 360.1 368.2 374.7 386.2 380.6 373.2 368.9 362.3 357.4 351.5 348.3 345.7 343 340.5 338 334.6 331 327.9 324.6 321.3 317 313.1 310.3 306.3 302.5 296.8 291.3 286.8 281.8 277.7 273.5 268 261.5 253.9 245.9 237.9 229.2 220 213.2 208.5 204.6 200 196 193.9 190.8 188.4 185.2 180.7 176.6 171.2 166.3 159.2 151.6 140.8 130.4
249.9 249.3 249.4 249.8 251.5 253.6 256 260 265.5 271.4 277.3 283 288.5 294.7 299.8 306.6 312 318.3 325.3 331 336.3 344.3 354.3 366.1 375.1 387.5 381.7 371.1 368.6 364.5 360.5 356.8 352.4 348.7 345.5 343.4 340.3 338.2 335.3 332.4 329.6 327.3 324.5 320.9 318.4 316.1 313.9 310.9 307.8 304.3 300 294.8 289.6 284.4 278.6 272.1 264.6 255.7 246.3 236.9 227.2 218.2 212.1 209.6 207.3 204.9 198.9 196.1 192.6 189.5 186.1 183.1 178.8 173.1 168 163.8 159.5 155.1 149
251.3 250.2 250.3 250.8 251.2 253.4 256.7 261.4 267 273 280 285.9 291.8 296.5 303.5 310.7 317.9 325.2 331.3 338 345.9 358.4 378.7 388.2 378 372.5 369.3 364.6 362.3 359.5 356.1 353.2 349.4 346.8 344 341.5 338.2 336 333.5 331.2 328.7 326.5 323.9 323 321.7 320 319 316.6 314.4 311.9 306.7 302.3 294.9 289.6 282.5 275.6 266.6 258 247.7 235.8 225 215.4 206.3 207.3 207.6 205 201.3 196.9 193 189.1 186.2 182.6 178.8 174.1 168.7 164.7 161.3 157.3 152.4
252.9 251.3 250.5 250.9 251.5 254.4 257.8 262 268.4 275.3 281.6 287.9 294.3 300.5 309.2 316.3 323.9 330 336.2 346.4 355.2 372.9 382.6 374.5 366.1 362.6 360.6 359 357.5 355.5 353 350.2 348 345.1 342.9 340.2 337.5 335.4 333.3 331.6 329.7 328.1 327.2 326.5 325.8 324.6 324.1 323.9 323.5 319.4 314.1 307.2 299.2 292 284 276.5 268.1 259.3 248 234.3 223.4 213.3 206.4 202.7 202.7 201.8 198.9 195.4 190.6 187.6 184.9 181.4 177.4 173.5 168.1 163.6 160 154.9 150.8
