public/OST50/SX28.asc
ncols 200
nrows 200
xllcorner 220000
yllcorner 80000
cellsize 50
[rows 70 to 104 of 200, columns 0 to 77 of 200]
269.8 268.6 267.4 265.3 262.3 258.8 255.8 253.2 251.1 248.4 248 246.3 245.9 245.6 245.1 243.9 243.4 241.8 240.9 240.5 239.9 238.6 237.9 237.2 235.2 232.9 229.7 226.2 223.1 219.4 216.7 213 209.2 205.9 202.2 197.9 192.9 186.6 183.5 182 180 179 178.4 177.6 177.2 176.9 177.4 177.3 177.4 177.8 177.5 175.1 170.2 163.3 166.4 180.1 184.9 188.1 189.7 190.9 190 188.5 188.3 188.6 189.2 188.9 187.1 185.5 184.2 184.6 186.6 189.6 190.9 191.1 189.4 186.3 183.7 181.3
268.1 268.1 267.3 265.1 262.6 259.3 256.3 253.8 252.1 250.1 249.6 248.9 247.9 247.5 247.4 247.1 246.1 244.6 243.4 242.7 242.3 241.4 240.7 239.9 237.9 235.9 232.3 229.2 226.4 223.7 220.9 217 213.2 208.5 204.5 199.4 195.4 189.1 185.8 184 182.4 181.7 180.4 180.2 180 180.4 180.4 180.6 180.8 180.8 179.7 177.1 173.5 165.9 163.3 178.5 185.9 189.2 191.4 192.1 192.9 191.7 189.8 191.1 191.2 191.5 191.2 190.8 190.7 190.8 191.4 192.9 194.1 194.1 193.2 190 187 184.4
267.4 267.2 266.7 265.1 263.6 261.3 258.4 255.7 253.7 252.4 250.9 249.7 250 250 249.8 249.9 248.8 247.2 246.1 245.2 244.6 244.1 243.3 242.5 240.5 238.4 235.3 232.8 230.4 227.4 224.6 220.9 217.1 212.1 207.2 202.6 196.3 190.9 187.8 186.2 185.2 184.3 183.1 182.7 182.9 182.6 183 183.4 183.5 183.3 181.6 178 173.7 167.6 164.9 172.7 183.5 188.4 191.2 193 193.3 192 193.2 192.4 193.3 194.4 194.6 195.1 196.1 197.1 197.5 197.1 196.9 196.6 195.4 192.8 190.5 187.6
266.4 266.5 266 264.8 263.5 261.6 259.6 257.4 255.8 254.4 253.2 251.7 251.5 251.7 252.5 252.4 251.6 249.9 248.7 247.7 246.8 246.4 245.8 244.9 243.5 241 239 236.7 234.4 231.7 229 225.1 220.8 216 210.6 205.2 199.8 194 190.2 188.2 188 186.6 185.4 185 184.5 185 186.4 186.9 186.4 185.4 183.5 179.6 175.6 170.3 165.9 166.9 179.4 185.9 188.4 190.5 192.9 193.5 194.1 195.3 195.3 197.5 197.9 199 199.8 200.6 201.2 201.3 200.7 198.8 197.1 194.7 193.1 190
265.4 265.6 265.6 264.4 263.1 261.4 259.5 257.8 256.5 255.4 254 253.1 252.7 253.6 254.3 254 254.3 252.4 251.2 250 249 248.5 248.1 247.4 246.2 244.3 242.2 240.4 237.9 235.5 232.6 228.6 224.3 219.2 213.9 208.4 202.6 197.2 193.5 191.2 190.5 188.9 187.9 187.3 187.1 189.4 190.3 190.6 189.8 187.9 185.5 181.8 177.8 173.4 168.1 166.2 173.6 180.7 184.6 187.3 190.7 193.3 195 196.3 197.5 199.5 200.6 201.8 202.7 203.3 203.4 203 202.1 200.1 198.2 196.8 194.8 191.9
263.8 264.5 264 263.7 262.6 261.3 259.9 258.5 256.9 255.4 254.7 253.3 253.1 253.8 255.2 255.4 254.9 254.1 252.3 250.4 249.9 249.6 249.2 249.1 247.9 246.7 245.7 244.1 242 239.3 236 232.1 227.2 222.2 217.1 212 206.2 200.5 197.2 195.3 194.1 192.5 191 190.4 192 193.1 193.9 194.1 193.1 190.5 187.6 183.3 179 175.2 171.6 167.7 169.4 176.5 180.8 184.3 188 191.9 194 196.3 198.3 200.6 202 203.4 204.4 205 205.1 204.7 203.3 201.3 200.1 198.6 196.6 193.7
263 263.4 263.1 262.7 262.1 260.8 259.5 258.3 256.6 255.3 254.1 253.3 253.6 254.1 255.3 255.9 255.2 253.9 252.2 250.9 250.2 249.9 249.8 249.7 249.3 248.4 247.6 246.7 245.3 243.2 239.4 235.5 230.8 225.5 220.3 215.5 210.1 205.9 202.8 200.5 200.1 198.8 196.3 197.7 199.3 198.5 198.6 197.2 195.4 192.5 189 184.7 180.1 176.5 173.4 169.6 170.8 172.1 178 181.8 185.7 189.1 193.2 196.5 198.6 200.8 202.8 204.9 205.7 206.5 206.6 205.5 204.2 203.3 202.4 200.8 198.5 195.2
261.9 262.6 262.2 261.9 261 260 258.8 257.6 256.1 254.4 252.9 251.9 252.3 253.6 254.6 255 254.9 253.8 252.1 250.4 250.1 249 249.4 249.8 249.7 249.5 249 248.5 247.2 245.4 242.5 238.6 234.4 228.8 224.3 218.8 213.8 210.5 208.4 206.4 205.1 204.1 204.2 203.9 203.7 203 201.7 199.2 196.5 193 190 185.5 181.4 178 174.5 170.1 168.6 171.3 175.8 179.5 183.7 187.8 192.2 195.4 199.2 201 203.6 205.5 206.8 207.5 207.1 206.4 205.6 204.9 204.2 203.2 201 198.1
261 261.7 261.3 260.7 259.9 258.9 257.6 256.2 255 253.5 251.9 250.4 250.9 252.1 253.3 254 254.3 253.4 251.6 250.1 248.8 249.5 249.6 249.5 250.1 250.1 250.2 250.1 249.1 247.1 244.4 240.9 236.8 232.8 228.4 222.7 217.3 214.1 212.1 210.4 209.3 208.5 207.5 207 206.6 205.6 203.9 201.5 197.6 193.4 190.4 186.4 182.2 178.5 174.1 171 171.4 173.1 175.8 179.2 183.4 187.4 191.2 194.7 198.3 201.3 203.9 205.7 207.3 208.6 209 208.4 207.1 206.1 205.5 205 203.2 200.5
261 260.9 260.4 259.6 258.6 257.6 256.4 254.8 253.4 252.3 250.7 249 249 250.6 251.9 252.4 253.2 252 251 249.9 248.6 248 248.4 248.6 249.5 250.2 250.9 251.2 250.3 248.4 246 242.7 239.1 235.3 231.4 227.7 224.5 219 215.3 214.1 212.8 211 210.2 208.8 208 207 205 202.8 199.7 194.4 190.8 187 182.3 178.5 175.1 173.2 173.1 174.3 175.7 177.4 180 184.8 190 194.4 197.7 201.4 203.6 206 207.6 209.7 211 211.1 209.5 207.4 206.1 204.4 203.3 200.9
260.6 260.5 259.4 258 256.9 255.8 254.3 253 251.7 250.3 248.7 247.1 245.9 248.2 249.8 250.2 250.8 250.3 250 249.9 248.6 247.5 247.6 248.5 248.7 250 250.1 250.7 250.3 249.2 247 244.1 240.9 237.7 234.4 231.8 229.4 225.7 220.6 217.9 215.3 213.1 211.8 210.4 209.1 207.9 206.2 204.5 201.6 196.1 192.3 188.2 184.1 180.2 176 174.3 174.8 176.4 177.6 180.6 182.5 183.6 185.2 190.6 196.5 200.2 203.1 206.2 208.5 211 213.7 214.4 211.6 208.6 205.8 202.8 200.5 198.2
260.2 259.5 258.3 256.9 255.2 253.9 251.9 250.6 249.2 248 246.5 244.7 243.6 245.4 246.9 248.5 249 248.8 248.6 248.8 248.3 246.4 246.4 247.5 248.2 248.9 249.6 250.1 250.1 249.5 247.8 245.3 242.7 239.9 237.4 234.7 232.5 229.8 226.2 222.4 219.6 216.4 213.8 212.5 210.5 209.6 208.1 205.7 202.9 197.7 193.4 189.3 185 179.9 176.9 175.1 177.7 178.7 180.7 185 188.8 188.9 188.6 188.9 190.7 196.8 201.1 204.6 207.7 210.2 212.5 213.2 211.4 208.1 204.5 201.3 198.1 193.8
259.4 258.8 257.6 255.9 254 252.2 249.6 247.7 245.9 244.9 243.9 242.5 240.9 242.6 243.9 245.5 246.5 247 247 247.3 247.2 246.2 245.5 246.5 247.7 248.6 249.6 249.9 249.8 249.5 248.1 246.2 243.5 241.7 239.6 237.5 235.6 233.3 230.8 227.5 223 219.5 216.4 215.2 213.2 210.9 210.4 208.3 204.6 199.5 193.6 188.5 184.8 178.9 176.8 177.9 180 182.2 183.9 188 193.1 195.2 196.2 195.5 194.7 195 196.9 201.1 205.2 208.3 210.4 210.9 209.8 206.9 203.9 200.6 197.6 192.7
258.4 257.8 256.6 254.9 252.6 250.3 247.9 245.5 243.1 242.5 241.3 239.8 238.4 239.8 241.5 242 243.1 244.1 244.7 245.2 245.7 245 244.6 245.8 247.1 248.1 249.2 250.1 250 249.9 248.9 247.2 245.4 244 241.9 239.9 238.4 236.1 234.1 231.3 228.2 224.6 221.2 219.3 216.8 213.4 211.4 209.8 205.6 202 193 188.2 182.4 179.4 179.1 180.7 183 186 187.8 191.9 196.8 199 200.4 200.4 197.9 198 198.5 199.5 202.7 205.6 208.6 208.9 208.4 205.6 204 200.7 197.4 192.1
256.5 256.7 255.5 253.3 250.9 248.5 246.2 243.8 241.4 239.4 238 237.1 236.2 237.4 238.3 239.4 240 240.8 241.9 242.5 242.8 242.9 243 244.9 246.5 247.4 249.2 250.6 251.3 251.3 250.4 248.6 246.9 245.3 243.7 242.1 240.2 238.4 236.3 233.4 231 227.8 224.9 221.4 218.3 215.3 212.8 210.2 207.3 202.2 196.7 189.1 182.1 179.7 181.6 183.8 186.6 189.9 192.1 196.2 200.1 202.7 203.8 203.6 201.7 202 202.6 203.7 204.1 205.8 207 206.8 204.3 203.6 203.3 200.2 197.4 193.6
254.7 254.3 253.7 251.6 249.1 247.1 244.9 242.5 240.3 238.4 236.5 234.8 233.7 234.1 235 235.8 236.5 237.5 238.2 239.2 239 241.4 242.9 244.7 246.4 247.2 248.8 250.6 252.1 251.8 251.3 249.4 248 246.6 244.4 242.9 241.2 239.7 237.6 234.8 232 228.7 225.4 221.5 218.1 215.2 212.8 210.3 207.4 203.2 196.9 187.2 182.6 184.5 189.6 191.4 192.8 194.7 197.5 200.3 202.8 206.2 207.4 207.1 206.1 206.3 206.8 207.1 207 207 207.6 206.9 203.5 201.2 201.2 197.9 194.4 192
253.6 252.9 251.6 249.8 247.4 245.6 243.3 240.8 238.6 237 234.7 232.6 231.2 231.4 232.1 232.7 233.3 234.6 236.9 238.6 240.2 241.4 243.2 244.6 246 247.4 248.7 250.5 252.2 252.4 251.8 250.8 249 246.9 244.7 243 241.7 240 237.9 235.1 232 228.5 225.4 221.3 217.2 214.6 212 209.6 206.1 201.1 193.2 186 188.9 194.2 196.4 198.3 198.5 200.5 201.6 202.9 206.6 209 210.7 210.8 210.4 210.7 210.8 210.5 210.2 210 209.3 208 206 203.1 199.5 194.6 187 183.7
252.3 251.5 250 248 245.9 243.6 241 239.3 236.3 234.5 232.7 231.4 230.2 229.7 230.3 231.5 233.3 235.5 237.9 239.7 241 242.2 243.5 244.9 246 247.4 248.7 250 251.4 252.1 251.8 250.8 249 246.9 244.8 242.7 241.2 239.4 237 234.4 231.6 227.4 223.6 218.5 215.3 212.1 210.5 207.6 204.1 200.3 189.7 188 195.8 199.2 201.6 202.8 203.9 204.9 206.1 208.3 210.1 211.8 213.2 215 214.2 214.9 215.1 214.7 214.8 213.6 212.3 210.9 208.7 206 202.9 198.4 194.3 191
250.8 249.8 248.3 246.5 244.5 242.1 239.7 237.3 234.8 232.9 230.9 229 228.6 228.3 228.7 231.6 233.9 236.3 238.3 239.9 241.3 242.3 243.2 244.7 245.9 247.3 248.5 249.2 250 250.7 250.7 249.9 248.2 246 243.8 241.9 240 238 235.3 232.7 230.1 226.1 221.3 216.5 212.7 210.4 208.1 205.5 200.3 195.8 189.8 193 198.6 202.6 205 206.8 207.7 209.3 210.7 212.3 214.4 215.1 215.8 216.2 217.2 218.1 219.5 218.9 219.4 217.8 215.7 213.7 211.2 208.6 205.6 202 198.1 193.9
249.7 248.2 246.6 244.8 242.9 240.9 238.2 236.6 234 232 230.1 228.2 227.1 226.8 228.7 231.2 233.8 236.5 238.3 240.1 240.9 242.3 243 244.5 245.8 246.9 247.7 248.3 248.7 249.2 249.3 248.6 247.3 245.3 243.2 240.8 238.1 235.5 232.5 229.8 227.6 224.8 219.5 217.9 210 207.3 205 202.3 197.7 193.7 191.2 193.6 198.6 203.9 207.1 209.5 211.5 212.9 214.5 216.6 218 218.8 219.4 218.5 219.6 221.7 223.5 224.5 223.6 221.9 219.5 216.4 213.9 210.9 207.8 204.1 199.8 194.6
248.9 247 245.4 243.5 241.7 239 237.4 235.4 233.2 231.3 229.3 227.5 226.2 224.9 227.8 230.2 233.8 235.9 238.2 239.9 241.3 242.4 243.3 244.2 245.1 246.1 246.8 247.3 247.8 248 247.9 247.3 246.4 245 242.5 239.9 237.2 233.6 229.7 225.9 222.9 220.5 217 211.5 206.6 204 201.2 198.3 195.2 193.4 193 195.1 198.1 202.3 207.9 210.2 213.5 216 218.3 219.9 221.9 222.6 223.5 223.9 223.5 225.4 227.5 228.5 227.5 226 223.3 219.9 216.6 213.1 209.2 205.3 200.5 195.1
247.6 246 244.8 243.2 241.1 238.5 236.9 234.5 232.5 230.5 228.7 227.3 225.3 223.8 226.4 229.4 233.5 235.7 237.8 239.8 241.2 242.3 243.1 243.8 244.5 245.2 246 246.5 246.9 247.1 247.1 246.7 246 244.8 243.1 240 236.3 233 229.5 225.9 222 216.8 212.3 208.8 205.7 203.2 200.4 197.6 195.3 194.6 195.5 197.3 199.6 203.5 208.3 211.1 214.7 218.2 221.1 223.7 225.6 226.7 227.2 228.8 230.5 230 231 231.3 230.7 229.3 226.4 222.6 218.8 214.6 210.1 205.5 200.5 194.8
246.6 245 243.6 242.4 240.5 238 236.3 233.9 231.8 229.6 227.9 226.1 224.3 222.6 225.5 228.6 233 235.4 237.4 239.5 240.9 241.7 242.5 242.9 243.6 244.3 245.1 245.9 246.3 246.5 246.5 246.3 245.8 244.9 243.9 240.8 238.1 235.6 231.7 227.4 223 217.4 213.1 210.5 208.2 204.6 201.7 199.3 198.1 197.8 199.7 201.2 203.1 205.8 209.5 212.8 216 220.3 223.1 226.2 228.9 230.7 231.4 233.3 235.4 235.4 234.5 234.6 233.2 231.1 229.1 224.9 220.3 215.5 211 205.5 200 194.3
245.9 244.4 242.5 241.2 239.3 237.6 236.1 233.6 231 228.8 227.1 225.3 223.1 222.6 224.5 227.5 231.8 234.9 237.3 239.2 240.1 241 241.8 242 242.6 243.3 244.1 245.3 246.1 246.2 246.1 246.1 245.7 244.8 243.8 243.1 240.4 237.4 233.6 228.9 224.6 221.5 218.3 215 212 208.2 203.7 204.8 206.4 206.1 206.2 205.4 205.6 209.2 212.1 214.4 217.8 221.5 225 228.5 231.9 234.2 235.9 238.1 239 238.9 237.7 236.5 235 233 230.7 226.2 221.5 216.3 210.7 205.8 199.3 193.4
246 244.3 242.4 240.3 238.5 236.7 234.6 232.6 230.6 227.9 226.5 224.8 223.1 221.8 223.3 226.4 230.4 234.6 236.3 238.4 239.3 240.2 240.8 241 241.5 241.8 243 244.1 245.7 245.8 245.6 245.6 245.8 244.6 244.3 243.2 241.4 238.7 235 231.7 228.5 225.1 221.3 217.9 214.8 210.1 206 210.5 211.8 213.2 212.9 212.2 210.3 211.7 214.7 216.9 219.3 221.9 225.7 230.2 234.6 237.6 239.5 241.5 242.2 241.6 240.3 238.5 236.2 233.4 230.6 226.2 221.1 215.3 209 203.2 199.7 193.4
246.3 244.4 242.3 240.2 238 235.7 233.5 231.4 229.5 227.4 225.9 224.2 222.3 219.3 222.4 225.7 229.4 234 236.5 237.5 238.3 239.1 239.4 239.5 239.8 240.1 241 242.7 244 244.8 244.6 244.7 245.3 245.3 244.7 243.5 241.9 240.6 238.7 234.4 231.1 227.7 224.1 220.3 217.1 211.8 210.1 215.4 217.1 217.7 217.9 217.1 215.5 214.5 218.1 219.9 222 224.3 227.5 232.4 237.1 240.3 242.6 244.1 244.5 243.2 242 240.1 237.5 234.6 230.5 226.2 222.2 217 211.4 206.9 203.4 196.7
245.6 244.3 242.2 239.9 237.7 235.4 232.9 230.4 228.2 226 224.6 223.5 221.3 219 222 225.8 230.2 233.2 235.9 237.5 238 238.1 238.2 237.9 237 237.3 238.5 240 241.3 242.9 243.5 243.3 244.1 244.8 244.5 243.6 242.6 241.3 239.6 236.6 232.8 229.1 225.8 222.3 217.9 216.1 215.2 218 220.6 221.4 222.5 222 221.1 218.7 221 223.8 224.9 226.5 229.1 233.7 239.2 242.1 244.4 246.2 246.4 245.4 243.9 241.7 238.7 235.7 232.5 228.1 223.9 219 215.3 208.9 204.2 201.9
245.2 243.5 241.6 239.3 237.3 234.8 232.4 229.8 226.9 224.3 222.2 221.1 219.7 218.8 222.4 227.1 230.6 233.8 235.4 236.7 237.3 237.3 236.5 236 235.4 235.3 236.7 237.9 239 240.2 241.1 242 242.8 243.6 243.8 243.4 242.8 241.7 239.8 237 234.5 231 227.5 224.4 221.3 220.6 219 220 222.2 223.6 224.6 225.2 224.5 222.8 224.1 226.3 228.8 230.3 231.7 235.1 240 243.6 245.9 247.6 247.7 247.5 245.9 243.8 240.9 237.8 234.5 230.8 226.8 222.4 218.9 214.5 205.2 203.8
244.2 242.6 240.9 238.9 236.8 234.3 231.8 228.9 225.9 223 221.3 219.4 217.6 218.7 224.2 228.6 231.4 233.5 234.6 235.7 236 235.8 234.6 233.5 233.3 233.8 235 236 237 237.9 238.9 240.3 241.5 242.4 242.7 242.7 242.5 241.7 240 237.5 234.7 232.8 229.5 227.1 224.9 223.7 221.5 222.4 223.7 225.2 226.6 227.1 226.6 225.4 226.1 228.9 230.9 233.2 235.3 237.9 242 244.7 246.7 248 248.4 248.5 247.6 246 243 239.8 236.9 233.7 230.7 226.9 222.8 217.6 213.6 208.6
242.5 240.8 239.8 238.9 236.5 233.9 231.4 227.1 224.4 221.9 219.6 216.6 217.8 220.2 224.9 228.7 231.4 232.9 233.6 233.9 234.5 234.2 233.1 230.7 230.5 232 233.2 234 235.2 236.5 237.6 238.7 240 241.4 242.2 242.5 242.3 241.8 240.3 238.1 235.5 232.8 231.7 228.9 227.2 225.3 223.7 224.7 225.9 226.6 227.8 228.8 228.8 227.7 228.6 230.3 232.6 235 238.2 240.9 243.4 245.2 246.9 248 249.1 249.2 248.6 247.2 245.2 242.8 239.8 236.5 234 230.7 227.1 221.9 217.9 215.6
240 239.5 238.8 237.9 236.8 234 230.7 227.5 224.1 220.5 216.3 216.1 217.1 221.7 225.4 228.3 230.8 232.1 232.8 232.9 232.9 232.3 231.3 228.5 229.4 230 232.1 233 233.9 235.6 236.7 238.4 239.5 240.9 242 242.3 242.2 241.5 240.5 238.4 236.2 233.9 232.5 230.6 228.7 226.6 225.8 226 226.7 227.3 228.3 229.6 229.6 229.5 229.5 230.8 233.1 236 239.8 242.5 244.3 245.8 246.8 247.2 247.7 248 247.9 247.1 246.2 245 243.4 239.5 237.1 234.4 232 229.2 225.7 224.3
238 237.1 237.3 236.4 235.6 233.7 230.8 227 224 220.6 217.4 215.5 216.3 220.6 224.6 227.8 230.2 231.4 231.8 231.4 231.2 230.1 229.3 227.8 227.3 229.6 231.5 233.2 233.9 234.8 236.4 238.1 239 240.5 241.9 242.5 242.3 241.5 240.4 238.7 236.7 234.5 233.4 231.6 229.3 227.5 227.1 226.5 227.3 227.5 228.2 229.4 229.9 230.1 230 231 233.2 236.2 239.6 242.4 244.2 245 245.6 246.1 246.3 246.5 246.7 246.5 245.6 246 245.7 244.8 240.5 237.7 235.5 234 231.9 230.9
234 233.8 234.5 234.5 233.6 232.7 230.9 229 224.6 220.7 216.9 214.9 215.3 219.2 223.7 226.9 229.2 230.5 231.2 230.7 229.9 227.9 226.5 225 227.6 230.2 231.8 233.5 234.2 235.7 237 237.6 238.3 240.1 241.6 242.2 242.3 241.5 240.2 238.5 236.7 235.2 233.8 232 230.4 228.9 226.7 225.8 225.1 226.3 226.2 227.7 229.1 229.6 231.1 231.3 232.8 236.5 238.8 240.9 242.8 243.8 244.1 244.2 244.7 244.5 244.9 245.1 245.2 245.6 246 245.8 244.5 241.6 239.5 237.7 235.4 234.7
229.7 230.9 231.1 231.2 231.1 230.3 229.5 227.7 225.4 222.1 217.8 214.5 213.6 217.2 222.3 226.1 228.7 230.2 230.1 230 229.1 227.3 225.3 223.5 225.3 228.9 231.9 234 235.7 236.3 237 237.3 238 239.4 240.2 241.2 241.7 241.3 240 238.3 237 235.5 234.2 232.7 231.2 229.5 227.2 225.4 224.1 223.2 224.7 226 227.2 228.3 229.3 231.6 233.2 234.9 235.9 237.8 240.3 241.3 242 242 242.4 242.3 242.4 242.6 243.1 244.6 245.3 245.5 245.1 243.5 241.8 240.3 239.3 237.8
221.3 225.2 226.6 226.7 226.1 226.4 227.3 228 226.6 224.7 220 214.6 212.4 216 220.8 225.4 228.3 229.6 230 229.7 229.1 227.4 225.4 223.6 222.1 226.6 230.1 233.5 236.1 237.4 236.9 236.9 237.1 237.9 238.6 239.5 240.4 240.2 239.5 238.2 237.1 235.1 234.2 233.4 231.6 229.6 228.2 225.7 224.2 222.6 221.5 222.3 224.2 225.5 226.8 228.3 230.2 231.6 233.3 235.1 236.4 237.9 238.3 239.4 239 239.6 240 240.2 240.8 242.3 243.7 244.2 244 242.5 241.7 240.9 240.4 240
