public/OST50/SX28.asc
ncols 200
nrows 200
xllcorner 220000
yllcorner 80000
cellsize 50
[rows 140 to 174 of 200, columns 78 to 155 of 200]
206.7 208.4 210.1 211.5 212.9 214.3 215.5 214.7 212.5 210.4 207.2 204.8 201.6 196.5 193.7 191.5 187 183.4 178.4 172 164.7 158.3 146.9 142.4 140 139.4 138.5 137 135.9 134.8 134.8 133.9 132.3 130.2 129.3 128.5 128.9 129.6 129 127.8 126 132.4 140.3 144.4 136.9 141.9 154.3 143.2 152.6 156.6 158.9 160 160.5 161.6 161.9 163.3 164.5 170.6 175.2 178.5 181.2 183.6 185.9 187.4 188.8 189.8 191.8 194.7 196.9 199.2 201.6 202.9 203.1 204 203.9 202.9 202.2 201.4
205 207.3 209.6 211.1 211.9 213 213.4 213.4 211.5 210.2 207.9 206 203.2 200.6 197.6 194.6 189 184.2 179.2 172.8 163.3 153.4 146.7 143.5 143.1 145.9 144.4 139.5 138.1 136.9 135.9 135.2 132.6 132.5 130.8 129.9 130.9 131.4 130 128.1 127.3 124.6 126.1 125.9 124.7 124.2 130.1 128.8 148 152.1 154.9 156.2 156.6 157 156.4 157 158.3 167.8 172.2 175.2 178.3 180.6 182.7 184.1 184.8 185.4 187.8 190.6 193.1 196.4 198.8 200.9 202 202.5 202.8 202.1 201.6 200.9
202.5 205.3 207.5 209.1 210.8 211.2 211.7 210.9 210.3 208.8 207.2 206.4 204.7 202.7 200.3 197 193.6 188.3 182.7 173.4 162.6 153 147.6 146.2 150.8 154.2 154.3 150.1 144.2 139.1 138.8 137.6 135.1 134.4 133.8 134.1 132.7 132.6 132.4 130.5 128.6 127.2 125.5 125.4 125.7 124.8 123.2 134.9 141 146.2 150.1 152 152.2 151.8 151.1 146.8 155.7 166.1 170.2 173.4 175.7 177.9 179.4 180.2 180.7 181.1 183 185.9 189.4 192.4 195.4 197.9 199.4 200.2 200.5 200.1 200.1 199.8
200.3 203.3 205.2 206.8 207.7 208.8 209.4 208.7 207.7 206.2 205.3 205 204.8 203.7 201.7 197.9 194.6 192.1 186.5 177.8 165.1 154.9 150.2 150.1 154.5 157.6 159.3 157.9 154.6 150.4 145.3 141.2 138.7 137.2 137.8 136.7 135.2 135 135 133.3 131.5 129.6 129.5 127.2 125.5 125 124.4 123.2 128.2 140.2 144.5 147.2 147.1 142.1 136.8 144.3 157.6 164.3 168.2 170.9 173 174.8 175.5 176.3 175.2 175.7 178.1 181.6 185.6 188.4 191.5 194 196.1 197.1 197.5 197.9 198.6 198.7
196.5 200.5 202.6 204.2 204.3 203.8 204.5 206.1 205.4 204.1 203.2 202.7 202.9 202.5 201.3 198.5 194.8 191.2 186.9 179.9 167.9 158.9 154.7 153.1 156.1 159.4 162.3 162.1 160.3 158.6 154 148.6 144.8 143.4 142.5 141 140.3 140.4 138.8 136.7 135.3 132.6 132.4 128.6 127.6 126.4 124.7 123.6 122.8 126.2 138 141.6 137.3 131.4 143.2 153.4 159 162.8 166.2 168.8 169.8 171.5 172.6 173.1 172.7 171.7 173.7 177.9 182.2 185 187 190 192.3 193.5 194.4 195.1 196.4 196.6
190.9 196.2 199.1 200.6 201.4 200.8 200.6 200.3 200.6 201 201.2 200 200.7 200.6 200.3 199 195.5 191.2 187 180.1 169.7 162.2 157.9 155.1 157 160.2 163.2 165 165.3 164.5 162 158.9 156.7 154.2 151.7 149.5 149.7 148.9 145 144 140.9 138.3 135.9 132.7 130.9 128.9 126.1 124.6 123.5 122.9 129 134.6 126.7 137.3 150.1 154.7 157.8 161.2 164 166.1 167.2 167.9 168.7 168.8 168.2 167.6 171.4 175.1 178.2 181.4 182.8 185.8 188.4 189.6 190.7 191.8 193.4 194.7
185.5 192.6 196.9 196.3 196.1 196.3 196.5 196.8 196.7 197 197.9 198.3 198.7 199.1 198.8 197.7 195.3 191.7 186 179.2 170.6 164.8 160.2 158.6 158.5 160.4 163.7 166.1 168.5 170.8 170.7 170.5 167.7 165.2 163.9 163 160.5 158.3 154.9 151.6 148.7 146.1 140.8 136.2 134.4 132.2 129.8 126.2 123.8 122.4 121.1 120.9 132.3 144.8 150 154.2 156.6 159.1 162 163.5 163.6 163.6 164.7 164.8 164.2 164.5 168.4 171.9 174.8 177.3 179.2 181.4 183.1 185.6 187 188.5 190 191.6
179.7 184.3 190.3 192.7 190.5 188.5 189.6 191.8 193 193.5 194.2 194.8 197.3 198.7 197.9 196.7 194.8 191.3 186.4 177.9 172 167.9 163.6 161.5 161.8 163.4 165.5 168 170.8 174.1 177.2 178.9 178.8 178.3 181.2 178.1 173.6 169 165.2 162.4 158.7 151.6 146.3 141.9 138.2 135.3 132.8 130.4 126.8 122.9 122.2 121.9 131 145.7 150.3 153.5 154.7 156.3 158.3 159.6 159.4 158.8 159.7 160.4 160.1 161.4 165.6 169 171.4 173.2 175.2 176.8 178.2 179.9 182 184 186.8 188.9
173.4 175.1 180.8 184.2 183.8 182.1 183.5 185.9 188.6 190.1 190.8 191.5 193.7 197 198.1 198.1 196.9 191.4 185.9 180.9 174.5 170.2 165.9 165.5 166.4 167.9 170.4 172.6 174.3 177.9 182.1 185.6 187.1 187.3 188.5 187.9 185.4 181.8 178.2 175.6 169.2 153.4 155.9 149.6 145.1 140.3 137.2 132.7 129.7 125.4 121.9 120.5 128 144.6 150.6 152.4 153.1 153.6 154.6 155.4 154.9 153.9 155.2 156 156.1 159 162.9 165.4 167.7 168.9 170.3 171.8 173.2 174.4 176.3 179.3 183.1 185.9
166.7 168.7 170.9 173.6 174.5 175.5 175.7 177.6 182.4 185.7 187.1 188.3 190.3 193.5 196.4 197.5 197 194.3 188.3 182.5 176.8 171.9 169 169.9 172.4 174.5 175.6 177.5 179.5 181.8 185.9 189.3 191.6 193.1 193.8 194.4 193.6 190.5 187.6 185.4 179.4 172.8 165.9 159.6 153.7 148.5 143.6 139.6 133.3 127.2 122.2 120.9 127.8 143.3 150.2 151 151.2 150.8 151 151.1 150.6 148.8 150 150.6 152.3 157.4 160.4 162.4 163.4 164.3 165.4 166.4 167.4 169.6 172 175.2 178.8 181.8
158.8 160.8 162.6 163.1 165.3 166.2 166.4 169 173.8 178.4 182.5 185.5 188 191.2 194.6 196.7 197 196.1 192.2 186.8 179 174.9 173.3 174.2 176.5 179.3 181.3 182.8 184.2 185.5 188.8 191.7 194.3 195.7 196.7 197.1 196.5 194.5 191.6 188.1 185 182 175.7 171.7 166.4 159.6 153.7 150.2 140.8 129.7 122.2 120.8 124.2 136.1 144.6 147.9 148.2 148.4 147.9 147.2 146.3 144.5 145.2 146.5 151.7 155.2 157.6 158.9 159.7 159.5 160.1 160.9 162.2 165.5 168.9 171.8 174.5 177.5
152.1 152.5 153.1 152.8 152.2 154.6 155.9 158 163.4 170.5 176.9 182.1 186 190.3 193.3 195.7 196.8 196.2 194.5 191.2 183.3 178.7 176.5 177 179.6 182.6 184.9 186.9 188.2 189 190.7 193 194.9 196.9 198 198 197.1 195.4 193.2 189.7 187 182.6 178.6 175.2 171.1 167.1 162.3 156.4 147.5 134.7 124.3 119.8 120.1 126.6 135.9 140.6 143.9 145.9 145.4 143.4 142.9 140.3 141.6 146.9 150.6 153 154.7 155.5 155.6 155 154 155.6 158.5 162.7 166.1 168.6 170 172.6
148.5 146.8 145.4 146.1 144.1 145.5 144.8 146.6 153 161.7 171.9 179.2 184.5 189.4 192.7 194 195.1 195.2 193.7 191.5 187.2 183.2 180.6 179.9 180.8 183.2 185.9 188.1 190.1 191.3 191.7 193.6 195 196.1 197 197.4 196.9 195.2 192.9 190.3 187 183.5 179.3 175.9 171.5 168.2 164 159.3 150.7 138.9 131.9 125.9 119.1 119.3 122.4 130.9 135.8 138.9 140.4 139.2 137.7 137.1 141.4 146.4 149 150.7 151.4 151.8 151.2 150.2 150.7 153 157.5 160.3 163.1 163.7 166.2 169.1
148.9 147.9 147.2 146.2 147.6 144.3 143.9 142.5 143.5 149.5 165.9 176.8 183.1 187.9 191.5 192.8 192.7 192.2 191.5 190.4 188.2 185.3 183 182.1 182.2 183.6 185.5 188 190.2 191.4 191.8 192.4 192.1 192.8 194.7 195.2 195.1 194.1 191.9 189.6 186.5 182.7 178.6 174.6 170.8 167 163.6 159.1 151.8 144 137.6 131.9 124.6 119.9 118.9 120.2 124 129.3 131.4 132.6 134.8 140.8 145 146.5 148.1 148.4 148 147.5 148.4 144.2 145.3 152.8 155.4 158.8 160.5 160.9 162.1 162.7
149.4 148.5 147.6 151.5 162.2 157.2 148.9 143.5 142.4 142.3 153.7 173.3 180.1 185.1 188.7 190.3 190.2 189.6 188.7 188 187.2 185 183.4 183.3 183.6 184.3 185.8 187.4 188.7 189.6 190.2 190.9 190.5 191.5 192.5 193.4 192.9 191.7 190 187.9 185 181.1 176.7 172.4 168.4 164.7 162.7 159.2 154.8 149.5 144.3 136.6 129.4 122 118.8 118 128.3 132.5 135.3 138.8 142.4 145 146.9 147.9 147.4 147.3 146.2 145.8 141.1 139.4 149.4 152.7 155.6 156.6 157.7 157.9 158.1 157.8
149.9 149.5 151.9 161.5 164.7 162 155.9 146.5 142.9 141.9 149.4 171 176.9 181.7 185.8 187.8 186.9 185.9 185.3 185.8 184.9 183.8 183 183.2 182.8 183.1 184.6 186 187.2 187.9 188.7 189.1 189.3 188.6 190.1 190.8 190.5 188.8 187.7 185.3 182.5 178.7 173.5 169 163.9 161.3 160.4 159.2 156.2 150.8 146.6 140.5 132.3 125.7 118.6 117.1 128.2 140.6 147.2 148.5 148.4 149.3 148.5 148.7 147.4 146.1 144.4 141.3 137.2 145.3 151.1 154 155.1 155.9 155.8 155.2 154 153.4
150.7 153.8 159.4 160.3 161.1 160.1 156.7 151.1 142.5 141.8 148.7 168.7 173.7 178.3 182.3 184.3 183.3 182.5 180.6 183.2 183.4 183.2 182.5 181.5 181.5 182 183.3 184.6 185.4 185.9 186.9 187.2 186.8 187.7 189 189.7 189.7 187.3 185 182.5 178.8 174.5 168.6 164 159.9 158.4 157.5 155.6 155.6 151.1 146.5 140 130.6 118.7 117.1 117 126.1 145.7 152.4 153.6 151.9 151.3 150.3 149.1 147.9 145.8 142.4 135.2 141.7 147.2 151.3 153.8 154.5 154.8 154.4 152.6 149.7 147.1
157.3 161.3 160.5 158.5 157.5 155.6 153.4 147.9 141.6 141.3 151.7 165.3 170.1 174.2 178.3 180.2 179.9 178 177.8 179.4 179.6 180.1 179.8 179.6 179.7 180.8 182.8 183.1 183.6 183.6 184.4 185.2 185.4 186.5 187.7 188.6 187.2 184.9 181.6 178.7 175.2 168.2 165 160.9 155.4 152.7 150.3 150.6 150.2 147.4 144 137.1 120.9 116.4 116.7 118.5 129.5 144.7 154.5 156.2 153.9 152.2 151.7 151 149.2 145.6 138.8 139.1 143.1 147.1 150.1 152.4 153.9 154.4 154.1 152.4 150.7 146.8
167.2 164.2 160.7 157.5 154.2 151.8 149.1 145.2 140.8 140.6 150.3 160 166.7 169.1 172.7 174.8 175.2 173.5 172.7 172.8 174.5 175.8 176.5 176.2 176.9 179.3 180.8 181.6 180.9 181.2 181.9 182.8 184.2 185.5 186.7 187.3 187.2 184.9 182.1 177.5 172.9 168.1 163.2 156.7 152 147.8 146.3 144.7 144.1 141.3 137 126 117.6 116.2 120.9 128.4 135 144 152.1 157.2 156 154 154.1 152.1 149.1 143.1 136.1 132.9 141.1 145.5 148.2 150.9 152.8 153.9 152.6 152.6 151 147.5
174.3 168.6 162.8 158.3 154.6 151.2 147.2 144.4 140.8 139.4 143.9 155.9 162.4 164 164.9 166.5 167.2 166.2 165.8 167.7 169.5 171 171.9 172.2 174.2 176.9 178.4 178.7 178.5 178.8 179.9 180.7 182.5 183.4 184.4 185 184.6 182.6 180.2 176.5 171.8 166.7 159.2 154.8 150 144.1 141 138.2 136.7 132.4 124.5 120 117.6 114.8 119.4 126.9 132.8 141.4 148 153.3 138.4 155.8 158.5 155.4 148.7 133.9 133.2 127.9 137.6 142.8 145.7 148.7 151.3 152 152.1 152.9 151.8 150.3
182.9 176 168.3 162 156 151.6 148.9 146.6 140.8 140.6 141.2 142 153.6 157.1 156.5 156.3 158.3 158.4 159 161.6 163.8 165.5 166 168.5 171.4 173.2 174.1 174.8 175.1 176.9 178 179.2 180.2 180.7 181.3 181.3 181.2 180.2 178.3 174.2 169.9 166.1 160.4 155.7 152.6 144.1 139.6 134.2 129 124 120.8 118.8 117.3 115.7 115 119.9 127.4 131.9 136.7 135.1 128.5 149.2 151.4 149.4 143.3 130.7 126.5 127.7 135.5 139.3 143.4 146.9 150.4 151.5 151.9 153.7 153.2 152.5
191 183.9 175.2 167.6 160 155 151.7 148.4 144.1 138.8 140 139.7 140.9 146.6 146.4 147.2 148.9 150.6 151.8 155.2 157.8 159.8 161.2 164.9 167.4 166.8 167.2 170.1 174.4 177.4 178.5 178.7 178.5 178.2 178.6 178.8 178.7 178 175.6 173.4 170.3 166.4 161.5 157.3 154 148.5 145.2 137.4 130.8 126.1 121.9 118.8 117.3 116.8 115.1 114.5 114.6 117.3 123.2 127.5 128.4 135.1 135.3 136 129.2 128.5 120.8 127.2 131.5 135.8 140.7 144.9 147.4 149.4 149.7 152.7 154.1 154.4
195.7 189.6 182 174.5 165.8 159.4 155.2 151.1 147.1 140.5 138.7 139.2 139 138.6 140 140.4 140.7 142.2 145.2 149.3 151.6 152.6 155 159.3 161 156 165.1 173.5 176.7 178.6 178.7 178 176.6 176.1 175.6 176.3 176.4 175.4 173.2 168.8 168.4 165.9 161.5 158.6 155.5 152.6 149.7 145.4 140.6 137.2 125.7 119.7 118.3 117.1 115.3 114.8 115.3 113.8 113.8 120.6 115.4 115.1 117.7 119.9 122.5 124.4 115.6 123.5 126.8 131.4 137.4 141.5 143.1 144.9 147.2 150.3 153.3 153.6
197.5 193.4 187.9 179.8 172 164.8 159.3 155.8 150.8 144.6 139 138.2 138.2 137.7 137 136.8 136.8 137.1 137.9 140.3 143.7 145.4 148.8 151.7 150.1 158.9 168 173.7 176.6 178.6 177.7 175.4 173.3 171.6 170.3 170.9 173.4 172.9 170.6 168.7 166 164 161.3 157.9 156.3 154.4 152 150.1 147.1 145 142.1 129.3 121.7 119.6 118 117.3 116.5 115.8 114.2 113.4 113.9 112.4 112.4 117.6 112.2 116.2 114 119.2 121 124.5 130.8 138.2 139 140.7 144.5 148.6 152 153
197.8 194.1 189.3 183.4 176.6 171 165.6 162.2 157.2 151 144.1 138.8 138.9 136.9 137.2 135.9 134.9 134 134.8 134.9 135.9 139.7 143 141.9 152.5 162.2 168.2 172.8 176.8 177.8 176.6 173.1 169.1 165.3 162.3 162.2 163.7 165.3 166.4 164.5 161.5 160.5 158.2 155.7 154.6 153.9 153.5 153.5 151.9 153.6 151.7 147.9 138.5 132.2 131.3 134.2 135 117.1 116.9 114.9 114.3 114.5 109.7 115.8 111.3 111 111.9 113.7 114 117.4 122.2 129.7 134.4 137.1 141.9 148.5 152.9 154.4
196.1 193 188.8 184.1 180.2 177.4 172.7 168.6 164.3 158.6 150.8 147 143.9 138.7 137.4 136.8 136.8 135.8 134.6 134.2 134 134.5 136.3 144.7 154.2 161.3 166.8 172.4 175.9 177.5 176.1 171.7 166 158.2 152.2 141.3 141.6 144.4 146.4 147.8 150.4 148.6 148.7 148.8 150.5 150.7 154 155.7 156.8 159 157.4 154.1 150.2 146.1 147.9 133.9 112.6 112.6 115.3 125.9 127.5 113.9 113.6 111.1 110.4 110 110.5 110.5 109.6 110.6 114.7 119.2 125.3 130.2 138.8 146.3 153.5 157.4
193.8 191.3 187.9 184.6 182.7 178.7 174.6 174 169.2 165.3 160.6 156.5 154.2 150.3 141.9 137.2 137 135.6 134.7 133.7 133.4 133.5 134.1 139.8 148.3 158.1 164.4 169.8 174.3 176.3 173.3 168.1 160.6 141.6 132.7 127.6 125.7 125.6 127.7 129.7 130.9 130.6 132.3 135.9 140.3 147.3 153.3 156.1 159.3 159.6 159 157.7 153.3 151.2 150.3 122.9 112.6 116.3 137.4 131.5 119.4 113.8 113.9 110.6 110.1 109.8 109.5 109.5 109 109 111.5 114.6 118.6 122 130.5 140 147.8 154.1
192.7 190.8 187.8 186.1 182.8 178.3 175.7 173.3 171.5 168.6 165.9 162.8 159.2 151.8 142.3 138 137.3 136.4 135.5 134.9 133.9 132.6 131.5 135.6 142.9 154.3 160.9 165.3 169.5 170.3 167.1 158.6 141.3 129.9 126.1 123.6 123.4 122.5 122.2 122.6 123.1 123.7 125.3 127 131.2 138.7 149.5 153.5 157.4 158 157.2 157 154.3 152.3 151.8 139.1 141.9 143.5 130 118.5 111.1 115 114.1 112.7 110.9 108.5 107.5 108.7 109.2 108.7 109.2 110.9 115 119.1 123.9 130.4 136.4 142.2
191.6 189.9 188.1 185.8 182.5 178 173.2 172.3 168.7 168.5 166.7 164.6 159.2 144 138.3 146.3 149.6 147.6 145.5 139.9 136 134.2 132.5 132.6 138.8 150.1 157.2 161.1 163.5 163.7 160 146.2 130.5 125.3 123.7 122.7 122.4 122.1 121.8 121.6 120.7 121.3 120.9 121.3 123.6 130.7 141.2 150.5 154.9 156.2 155.9 155.3 153.1 151.3 151.2 152 147.1 130.3 116.8 111.8 114.8 115.9 126.1 131.5 126.9 121.1 110.7 106.8 108.8 108.4 107.5 108.9 111.7 114.5 120.4 121.9 124.6 128.3
189.5 188 186.3 184.6 182.3 178.6 174 168.1 165.6 165.4 164.1 159.7 149.5 141.5 149.5 163.5 164.4 161.8 158.1 144.9 139.5 134.3 132.5 131.5 131.8 145.3 153.4 156.4 159.5 159.7 155.2 136.5 127.1 125 123.9 124.2 123.8 123.4 122.3 121.8 121.1 121.4 120.6 119.6 117.9 122.4 134.4 143.6 148.8 152.4 153.4 152.9 150.6 148 148.3 149 134.5 118.9 112.7 116.3 118.9 130.7 142 143 139.5 135.3 129.9 120.5 109.9 108.3 106.8 107.5 108.6 108.2 107.9 109.6 111.5 116.4
186.1 185.4 183.7 182 180.7 178.3 175.6 170.5 164.6 159.5 154.9 148.7 142.5 147.9 164.4 167.3 166.4 164.1 159.8 146.5 146.5 134.2 132.4 130.3 131.5 136.3 147 149.7 151.9 153.5 149.1 130.7 127.1 125.2 124.1 127.1 127.3 126.8 124.9 121.8 121.5 120.1 120.4 119.3 118.9 117.3 122.1 133.7 140.6 144.5 147.2 148.5 146.1 142.7 140.9 132.4 119.5 113 117.7 120.8 136.6 146.7 149.3 149.9 147 141 136.8 132.4 126.4 110.2 107.3 106.8 107.2 106.8 105.8 106.5 106.2 104.6
182.1 181.7 180.5 178.9 176.4 175.1 172 168.3 162.2 157 148.4 143.7 148.7 162 173 174.5 171.5 167 160.9 152.8 152.5 135.1 131.1 130.2 130.5 130.6 138 141.7 146.1 145.9 143.3 129.8 126.1 124.1 125.7 129 132.5 134.7 133.5 129.1 123.4 121 119.8 119 118.6 118 116.6 115.8 122.1 128.6 135.5 138.1 138.7 135.6 126.1 117 113.8 120.2 119.3 133.5 147.1 151.7 154.6 155.5 152.3 148.1 141.7 139.8 138.4 135.8 120.7 113 112.3 112.2 112.3 109.7 108.6 106.2
177.6 177 176.5 175.1 173.1 170.8 167.7 162.1 152.2 148.1 144.6 149.7 163.2 173.7 178.9 179.9 177.4 171.7 161.8 161.1 157.2 141.4 130.8 130.5 130.1 130.3 130.9 132.9 135.3 136.1 133.5 126.9 125.3 124.5 127.1 130.3 133.4 137.2 139.6 142.3 140.8 134.6 127.2 121.8 119.1 117.7 117.6 116.6 116.4 116.5 117.4 121.5 122.3 119.8 115.1 114.5 122.9 124.7 119.7 136.7 149.5 154.2 158.1 159.5 159.6 156.8 153.1 149.3 146.9 144.7 142 137.2 132 126.2 121.6 117.6 114.3 111.1
173.1 172.6 172.2 170.8 169.1 166.5 163.6 152.6 149.4 147.4 151.8 160.2 173.7 178.7 181.9 182 179.9 172.4 169.8 168.5 164.1 153.3 134.7 130.3 129.7 129.7 129.8 128.5 128.4 127.8 126.7 126.5 125.8 127.8 127.2 131 133.1 137.7 142.1 144.7 146.6 146.4 143 136.3 129.4 121.4 117.3 116.2 116 116.2 115.6 115.3 115.6 114.8 114.5 124 126.4 135 130 131.7 148.2 155.8 160.4 163.7 165 162.8 159.8 155.2 155.7 153.8 149.8 145.9 142.7 135.9 128.4 127.7 126.1 122.3
169.6 168.6 167.9 166.2 163.9 161.1 154 150.3 153.2 158.6 166.4 173.3 181.6 184.8 185.9 184.7 181.3 176.7 179.1 176.8 173.1 166 147.2 132.8 129.6 129.5 129 129 128.5 127.7 127.1 125.5 129.2 137.7 141.8 138.2 132.7 137.3 141.6 146.1 148.5 149.4 149 145.4 140.6 137.3 128.9 119.6 116.9 115.7 115.3 115.5 115.5 116.3 127.1 129.2 136.3 142.1 143.4 131.4 142.8 154.5 162.4 166.8 169 168 165.5 161.1 161.2 160 156.3 153.2 149 143.4 138.5 140.7 140 140.1
