public/OST50/SX37.asc
ncols 200
nrows 200
xllcorner 230000
yllcorner 70000
cellsize 50
[rows 35 to 69 of 200, columns 0 to 78 of 200]
125.7 129.6 137 139.9 141.2 139.9 135.8 115 89.5 80.6 79.5 79.1 89.4 94.6 101.1 111.1 120.3 126.6 132.4 137.7 142.2 145.7 149.2 153.2 156.3 159.3 161.9 164.4 164.7 166.7 167.2 166.2 163.2 159.1 155.2 153.5 149.1 141.5 132.5 128.8 134.7 135.6 133.9 130.4 122.8 122 125.9 131.2 135.6 138.3 139.6 140.5 140.9 140.7 141.3 142.4 143.1 144.5 146.3 149 151.2 153.3 155 157.5 158.8 159.4 159.1 157 155.5 154.9 154.2 152.5 150.8 147.6 145.3 143.3 142 140 137.4
130.5 135.3 140.3 142.7 144.1 143.5 139.8 125 102.5 82.7 80.6 78.9 80.7 80.8 91.1 104.2 112.9 120.5 127.4 134.4 139.4 143.2 147.1 150.5 153.6 156.8 159.2 161.3 161.8 163.6 165.7 167.4 167.3 165.9 163.4 158.9 154.5 148.3 137.6 125 128.3 132.3 130.7 127.7 121.8 118.2 124.7 131.1 134.8 136.8 137.7 138.4 139 138.8 139.5 140.7 142.5 144.3 146.9 150.3 152.7 155.1 157.8 160.2 162 162.8 162.5 161.5 160.4 160.6 160.3 158.2 155.6 153.8 151.7 149.3 147.1 144.9 141.9
135.4 139.8 143.3 145.5 146.4 145.3 143.9 137.5 119.9 105.6 93.8 87 82 80.3 89.1 108.6 117.7 121.6 126.6 132.1 136.7 141.1 145 148.2 151.4 154.6 156.9 158.7 159.9 162 164.6 168.4 169.8 168.6 166.1 162 157.3 151.5 143.5 132.5 123.1 127.9 127.1 124.5 116.9 116.8 125.7 130.7 133.2 134.7 135.2 135.8 136.5 136.3 136.5 138.9 141.9 144.1 147.9 150.8 154 156.6 159.4 161.4 163.7 165.6 165.4 164.8 163.9 163.9 164.1 164.2 161.5 157.8 154 152 149.7 147.8 145.8
141 143.4 146.2 147.5 148.2 148 146.6 144.6 138.3 126.6 112.1 97.8 83.6 78.3 96.6 116.2 126.1 128.8 131.1 135.5 138.2 140.4 143.9 146.9 149.2 152.4 154.8 156.4 158.2 160.6 163.2 167.3 169.6 168.4 166.4 162.5 158.1 152.4 145.1 135.5 123.9 123.5 124.6 120.6 112.1 120.4 126.5 128.9 131.3 132 132.6 132.8 133.1 133.1 135.2 138.5 141.9 144.3 147.3 150.6 153.7 157.4 159.7 162 165.9 167.5 167.2 166.7 166.9 166.4 167.2 166.2 163.9 160.8 156.8 153.6 151.4 149.8 148.1
145.3 146.3 147.9 148.8 149.3 149 148.7 147.7 144.3 134.5 117.9 96.5 79.5 81.2 101.1 119.2 129.8 134 137.1 140.3 142 142.9 143.7 146.6 148.9 151.1 152.5 154.1 156.5 159.1 161.6 164.9 167.9 167.4 165.6 161.5 156.6 150 142.1 132.1 118.7 120.1 120.5 113.9 111.4 122.2 124.6 126.7 128.8 129.2 129.3 129.3 129.1 130 134.3 137.6 140.6 143.2 146 148.6 151.3 155.1 159 162.2 164.6 165.5 165.8 166 166.5 166.8 166.5 164.8 162.8 160.2 156.6 153.4 151.4 150.6 149.9
148.3 148.7 148.6 149.3 149 148.1 147.5 149.1 147.1 138.2 118.3 93.5 76.5 85.2 102.5 117.9 129.9 137 141.6 144 144.8 145.3 145.9 147 148.4 149.8 150.4 152 154 156.8 159.8 163.4 165.9 165.9 164.5 160.3 154.7 146.4 137.4 126.6 111.8 115.3 114.6 106 114.5 120.3 122.5 124.5 125.8 125.9 125.9 126 126.1 128 132.2 135.8 138.5 141.1 143.7 146.3 148.9 151.5 155 158.4 160.7 161.9 162.1 162.4 162.5 162.7 162.4 160.7 159 156.4 153.8 152 150.2 149.6 149.4
149.8 148.8 147.9 147.6 146.8 145.1 144.8 145.3 144.2 134.6 117.8 96.8 80 81 97.9 113.1 127.7 137.9 143.2 146.4 147.3 147.5 148 147.6 147.8 148 147.8 149.2 151.2 154.3 157.6 161.6 163.9 164 163 158.8 151.4 143.3 132.8 118.7 106.3 108.3 106.6 103.2 113.7 118.2 120.1 122 122.8 122.8 122.8 122.7 123 126 129.6 133.3 136.4 139 141.5 144 146.2 148.8 151.8 154.6 156.9 158.5 159.2 159.3 158.7 158.3 157.9 156.3 154.7 152.9 150.6 148.9 148.8 148.8 148.8
151 149 146.3 145.2 144.1 142.1 139.9 138.5 133.4 125.4 112 97.1 82.2 77.6 93.2 108.4 124.1 137.9 144.6 148.2 149.9 149.9 148.8 148.2 147.6 146.3 144.6 145.2 147.6 150.9 154.5 159.2 161.7 162.5 160.9 156.6 149 140.3 130.4 116.6 104.6 101.2 99.4 102.4 112.2 116.6 118.6 119.7 119.8 119.6 119.5 119.4 120.1 123.7 127.2 130.6 134.3 136.9 139.3 140.8 143.4 145.2 148.9 151.7 154.4 155.4 156.1 156.4 155.9 154.9 154.1 152.1 150.1 148.8 147.2 145.4 146.2 147.4 148.5
151.6 149.1 145.7 142 140.9 137.7 130.6 122.8 113.8 101.9 92.1 84.8 79.5 76 87.4 103.4 121.6 137.1 146.2 149.6 151.2 151.3 149.6 148.1 147.3 146.2 142.4 140.7 144.1 147.3 151 155.2 157.8 159.4 157.6 154 146.8 138.8 129.5 119.4 105 96.9 96.5 104.3 111.7 115.7 118 118 117.3 116.9 116.5 116.4 118.3 121.4 124.9 128.3 131.6 134.6 136.1 137.3 140.1 142 145.9 149.5 152.4 154.4 155.2 155.2 154.1 152.4 150.6 149 146.5 143.9 142.9 142.1 144.8 147 147.9
152.9 149.1 145 139.1 134.3 130.4 118.3 104.3 95.2 89.1 91.3 92.5 89.3 77.3 82.5 99.8 119.6 131.7 143.6 149.4 150.2 150.4 149.7 147.7 146 143.4 139.7 136.2 139.8 143.2 147.2 150.3 153.1 155.6 156.1 153.1 146.4 138.7 130.5 121.8 107.3 95.2 95.6 107.3 113.1 116.2 117.2 115.4 114.2 113.7 113.4 114.5 116.6 119.3 121.9 125.1 128.3 130.8 132.9 137 140.7 142.5 147.1 150.6 153.3 155.2 155.9 155.3 154.1 151.8 146.5 145.6 141.3 138 137.7 140.5 144.3 146.5 147.1
154.7 150.8 145.8 139.4 129.8 118.9 106.7 95.3 97.6 107.8 113 113.2 104.3 87.9 73.5 93.5 112.8 124.3 137 143.7 145.8 147.9 147.3 145.3 143.1 139.3 134.3 129.9 134.1 138.3 141.7 144.7 147.6 151.1 152.1 150.2 145.2 138.6 132.3 123.1 106.3 92.6 96.3 109.8 115.6 116.9 115.4 113.3 111.2 110.3 111.8 114.7 116.9 119.2 120.7 123.2 126.6 129.1 132.8 138.2 142.9 146.7 151.5 154.7 156.4 157.2 156.6 156 154.9 152.6 148.7 143.3 137.7 134.1 134.4 139.3 143.1 145.3 146.1
156.1 152.2 146.8 141.6 129.8 113.2 100.1 100.8 116 127 131.5 127.7 113.8 95 78.9 85.9 103.3 113.7 126.2 135.8 139.3 142.1 141.3 139.8 137.8 134.2 128.5 121.7 124.8 126.8 131.1 135.9 141.1 145.6 146.3 144.9 140 136.1 132 122.9 103.8 91.4 99.9 111.6 117.4 117.2 114.2 111.4 108.9 109.2 112.5 115.6 118.2 121.1 123.8 126.2 129.1 133.4 138.1 143.4 148.3 153 156 158.5 159.2 158.3 157.5 156.5 155.5 153.9 151.3 146.1 139.1 131.7 131.7 138 141.7 143.4 143.9
157.6 152.5 146.7 134.5 120.2 105.8 102.3 114.7 129 136.3 138.5 131.8 120.3 102.4 84.2 72.9 88.6 99.8 111.8 122.2 129.6 129.8 129.9 129.4 127.4 124.4 117 110.8 111.6 113.7 116.2 119.5 128 135.4 136.2 134.2 133.6 130.6 129 119.9 102.2 90.1 99.9 108.8 112.7 113.3 112 108.9 106.8 109.1 114 117.2 120.1 125.1 128.1 130.8 134.2 139.7 145.3 149 153.3 155.5 157.9 158.8 159.1 158.5 157.5 156.7 155.1 153.4 150.7 146.8 140.8 130.8 128.5 135.6 138.6 139.9 140.7
157.6 150.7 138.8 121.8 108.9 105.1 113.5 128.9 138.1 141.6 140.5 133.9 123.3 109.1 91.7 76.5 75.4 83.4 95 107.5 115.6 111.6 110.9 110.8 110.3 110.6 106.9 99.4 95.6 96.5 97.7 100.3 109 117.1 118.8 120.5 122.8 123.5 123.8 114.2 98.8 88 90.8 103.5 107.6 109.2 108 105.5 105.6 112.9 119.2 122.4 126.7 130.6 133.5 136 140.1 145.2 150.9 153.5 155.8 157.2 157.9 157.7 157.6 157.3 155.9 154 152.2 150 146.7 142.3 135.8 126.2 124 130.6 133.9 135.5 136.6
154.9 143.3 128.2 112.3 109 119 129.5 139.2 143.8 144.6 141.8 135 125.3 114.7 102.5 89.3 77.1 72 76.5 85.5 91.5 90.5 89.2 88.5 89.3 92.6 94.5 89.2 82 77.6 75.9 79.7 85.9 92.9 98.4 104.3 109.8 111.3 112.4 108.6 98.5 83.7 85.6 99.1 105.6 108 101.5 102.1 111.5 120.5 124.7 129.1 133.1 136.7 139.6 142.3 145.4 148.6 152.4 154.5 156.1 156.4 156.5 156.1 155.5 154.2 152.4 150.4 148.6 145.8 142.4 138.3 130.9 119.6 119.3 125.3 129.1 131.2 132.2
151.6 135.9 119.5 111.6 122.9 133.5 139.9 143.4 145.5 145.5 141.5 135.5 128.3 124 116.3 104.4 92.9 83.2 74.7 71.2 71.7 71.6 68.9 69.6 68.7 67.1 73 72.2 70.5 68.2 66.6 66.2 63.9 67.2 73.6 85.2 89.9 94.6 96.4 96 92.2 79.7 81.6 95.3 102 99.7 96.8 108.6 120.8 127.2 131 134.9 137.5 140.5 142.9 145 147.3 148.9 150.7 152.2 152.5 153.1 152.4 151.8 150.7 149.4 147.9 145.9 144.5 142.3 138.9 135 124.3 113.8 113.5 120.3 123.9 126.1 126.2
149.5 131.1 117.2 119.1 133.9 140.5 142.5 144.1 145.4 145.2 142.3 136.7 132.9 131.4 127.9 120.8 111.2 101.4 94.3 87.6 84 84.6 86 84.3 78.8 73.3 69.4 68.5 70.5 76.2 77.7 75 71.1 65.4 62.1 64.4 66.1 80 83.1 84.4 83.2 73.8 77.5 88.2 89.7 89.3 101.9 115.9 123.1 129.8 133.8 135.3 136.7 139.2 142.5 144 145.2 145.7 146.3 147.2 147.8 148 147.6 147.1 146 144.4 143 141.6 140.2 137.8 134.7 129.8 118.6 108.6 106.7 113.7 117.8 119.8 120.1
151.7 135.5 119.9 121.1 136.5 140.2 142.2 143.9 144.9 145 142.6 138.3 136.8 135.7 134 132 128 122.2 116.4 110.3 109 108.7 108.8 105.4 99.3 90 81.9 82.8 90.3 97.2 99.7 95.3 89.8 79.1 65.1 62.9 62.4 69.3 76.4 77 74 69.1 74.2 78.7 78.5 88 101 111.9 118.5 124.6 128.9 130.1 131.2 135.1 138.4 140 140.7 141.4 141.5 141.3 141.8 142.4 142.7 142.4 141.3 139.7 137.4 135.7 134.4 132.7 129.3 124.4 114.4 101.4 101.3 106.5 111 113.5 113.4
154.5 141.8 126.7 118.4 131 137.5 139.7 142.7 144.2 144.7 143.3 140.7 140.1 139.7 139 138.8 140 140.2 138.9 136.1 132.1 130.6 128.3 124.7 117.3 107.9 100.7 102.6 111.3 116.3 115.6 111.5 104.7 90.8 71.9 63.1 62.3 63 70.8 71.2 65.4 65.7 67.8 70.5 74.9 85.4 95.7 104.1 110.1 115.9 120 121.5 123.4 127 130.8 131.6 132.6 134.1 135 135.5 136 136.8 137.3 137.1 134.3 130.7 127.9 127 126.1 125 122.4 117.9 110.5 95.7 92.8 98.3 102.9 105.8 106.1
154.9 145.7 135.3 124 122.7 132.6 137.4 140.6 144.1 145 144.4 143.8 143.6 144 144.4 146 147.8 151.4 152.9 151.8 149.9 148.1 144.5 140.4 133.1 124.2 118.9 121.5 126.4 128 123.8 118.3 111.6 102.1 83 64.3 62.1 61.9 62.2 62 62 62.8 64.4 67.6 73.1 79.5 88.2 95.8 101.8 106.4 110.3 112 114 116.8 119.6 121.3 123.6 126.6 128.4 129.9 130.6 130.9 129.5 126.9 123.1 119.2 115 114.3 113.6 112.9 111.7 109.5 105.9 95.2 85.3 85.4 93.9 97.6 98.4
153.5 145.4 137.1 127.4 124.2 129.9 136 140.3 143.7 145.2 145.9 146.5 147.3 148.6 150.5 153.7 156.2 160.3 161.8 161.5 159.7 156.2 151.9 148.4 143.1 137.5 134 133.4 133.7 133.6 127.8 121.4 115.5 105.7 86.3 68.6 63.4 61.9 60.2 61.6 61.7 61.7 62 65.2 69.6 73.3 77.8 84.9 90.8 95.5 97 98.5 100.8 103.4 108.3 112.1 114.2 117 120 122.7 122.7 121.5 119.5 116 109 102.3 99.2 97.6 98.2 98.6 99.3 101.1 100.7 98.5 89 78.1 82 89.4 90.6
152.6 143.1 133.9 127.2 129.9 131.3 137.1 142.6 146.1 147.5 148.7 149.9 150.8 153.4 155.7 157.6 160.9 163.4 164.6 164.5 162.6 160.1 157.2 153.6 149.7 145.3 141.4 138.9 137.2 134.9 128.7 122.3 115.3 101.1 84.1 70.5 65.4 62.9 60.4 60.6 60.9 60.9 60.9 61.7 62.9 64.9 67.7 71.4 76.9 82.1 84 86.3 88.4 92 95.6 99.2 101.6 103.8 108.4 112.3 113.5 112.4 108.4 99.1 91.8 87.3 84.9 82.6 82.3 83.7 87.6 90.8 93.7 95.6 89.6 75.3 71.2 81.7 80.8
150.6 141.3 131.4 132.5 136.7 135.9 139.9 145.1 148.8 150.3 152 153.3 153.7 156 158 159.3 161.2 162.2 163.1 163.6 162.3 160.1 157.9 155.1 152.1 149.1 145.6 143.1 139.9 135.3 128.5 120.6 109.7 94.1 79.6 70.6 67.6 66.1 62.5 61.5 60.3 58.3 59.4 58.1 59.4 59.7 60.7 60.4 61.4 65.4 72.3 76.7 79.2 81.1 82.1 83.4 84.8 86.9 90.9 95.2 95.8 95.1 90.9 84.5 78.8 75.2 73.2 70.9 69 68.1 69.1 70 73.1 73.4 74.1 69.5 63.2 70.5 68.6
147.6 139.2 136.1 140.5 142 142.2 144.8 148 151.6 153.6 155.3 156.3 154.1 157 158 158.5 159.6 160.4 160.7 160.1 159.4 158.2 156.1 154.7 153 150.4 148.1 145.8 142.2 136.3 126.3 114.6 102.1 85.5 78.2 76.6 74.2 68.9 64.5 61 60.4 60.3 59.8 59.8 59.3 58.8 59.2 58.8 58.5 59.5 61.4 64.5 68.7 70 69.1 68.6 68.1 69.5 71.5 73.5 72.4 73 71.9 72.7 71 69.3 67 62.9 59.6 57.6 54.7 53.2 53.5 53.1 50.8 52.4 51.7 58.1 55.2
146.9 140 140.2 144 145.8 146.7 148.6 151.2 153.4 155.6 157.4 158 157.9 157.5 156.9 157 156.9 157.4 157 156.5 155.9 154.6 153.1 151.9 150.6 149.7 147.7 144.8 140.2 132.9 119.8 107.3 95.3 79.2 86.8 88.7 87.9 83.5 73.6 62.6 60.6 60.2 60.1 60 59.5 59.1 58.6 58.3 58.2 57.9 58.2 57.6 57.9 57.4 57.2 56.4 57.2 59.2 56.1 56.1 55.7 55.3 55.5 56.1 57.8 57.3 55.4 54.1 53.8 53.6 53.4 52.8 50.8 52.9 52.7 52.2 52 51.7 51.4
144.4 143 147.7 149.6 150.7 150.8 152.3 153.9 155.1 157 158 158.3 157.3 156.6 155.2 154.7 154.1 153.7 153.4 152.6 151.9 150.4 148.8 148.4 147.7 147.5 146.5 142.7 137.2 125.6 111.1 100 89 87.9 95.5 99.9 101 99.8 94.1 81.2 71 62.9 61.6 60.7 60 59.7 59 58.1 56.7 57.9 57.4 57.2 56.9 56.7 56.8 56.6 56 55.8 55.6 55.4 55.1 55.2 55.2 54.6 54.3 54.2 54.2 54.1 53.7 51.8 59.5 57 53.7 54.3 53.3 52.5 52.3 52.4 53.1
147.4 150.4 153.6 155.5 155.5 155.7 155.9 156.8 157.4 158.1 157.9 156.9 155.6 154.6 153 151.9 150.9 150.4 149.4 148.6 147.5 146.1 144.6 143.8 143.8 143.6 142.8 138.2 129.7 115.7 101.9 91.4 90.5 99 108.4 113.3 116.5 116.2 114.4 106.7 95.6 88.2 85.2 84.5 80.9 75.1 67.1 59.9 60.4 60.1 59.8 59.5 58.3 57.7 57.4 56.7 56.4 56.3 56.4 55.8 55.4 55.3 55.2 54.6 52.9 54.2 52.8 60.6 73.5 73.1 68.1 56.6 57.4 63.4 64.4 62.4 59.1 55.5 64.3
155.3 157.8 159 159.9 159.9 159.5 159.3 160.1 159.9 158.6 157.6 155.8 153.8 151.8 149.9 148.2 146.7 145.8 144.8 143.9 142.5 141.1 140.1 139.3 137.9 137.3 136.4 130.9 118.9 105.5 94.1 91.5 101.1 113.7 122.5 126.8 128.2 127.7 126.6 123.9 117.4 111.5 107.9 104.9 100.7 95.3 89.5 84.3 82.2 84.7 82.2 80.7 73.7 65.7 67.4 65.5 65.3 59.2 61.1 62.9 60.1 57.2 56.4 59.2 63.8 71.7 80.4 86.3 84.8 79.8 67.3 56.8 67.5 77.5 83.5 82.1 77.6 62.2 70.9
162.1 165 165.2 164.8 163.8 163.3 162.4 162.2 161.7 160.1 158.4 155.7 152.4 148.3 145.6 143 140.4 139.2 138.5 137.7 136.8 135.6 135.2 134.2 132.8 131.2 128.2 119 105.5 94.4 94.2 102.3 115.4 126.4 131.4 133.2 134.5 134.9 134.1 131 126.7 122.8 118.6 114.2 110 106.6 103.2 99.7 96.7 93.8 89.7 83.4 79.6 79.5 77.1 73.6 67.9 62.2 66.6 69 69.1 69.6 74.3 80.2 89.1 94.6 94.9 93.4 89.6 79.2 63 60.6 75.5 90.3 98.8 94 77.3 62.2 80.5
168.9 170.5 171 170.2 168.6 166.4 164.7 164.4 163.3 161.2 158.6 155.9 152.1 146.1 140.8 137.7 134.8 133.9 133.1 132 131.2 130.8 130.3 129.9 128 123.9 117.6 106 94.1 97.1 103.2 115.7 126.3 132.6 136.5 138.9 140.5 141 140.1 137.5 133.1 129.2 125.6 121.4 118.4 115.1 110.8 106.6 102.2 97.9 92.8 90.4 88.8 85.9 81.7 75.1 67.3 70.5 73.6 74.3 76.9 82 89 95.6 99.7 100.7 99.5 96.7 91.9 78.2 62.2 64 81.2 95.3 101.2 90.6 72.1 72.5 90
176 176.2 175.7 174.4 171.9 169.4 166.8 165.1 163.2 160.7 158.1 155.4 151.8 144.4 138.1 133.6 131.3 129.4 128 126.8 126 125.6 124.8 123.8 121.2 115.6 106.1 96.1 98 106.9 115.7 120.7 127.6 134.3 139.1 142.6 144.3 144.6 144.3 142.9 138.6 134.8 131.5 128.3 125.1 121.1 117 112.3 107.8 102.9 99.4 98 94.7 90.2 82.5 73.3 76 83.6 86.2 89.3 93.8 98.1 101.4 104 104.5 104.1 103.1 100.5 95.8 80.2 63 67.6 84 97.1 100.3 84.8 71.3 80.7 96.7
182.2 181.5 179.2 176.9 174.5 171.1 168 164.5 161.9 158.8 156.4 154 150.3 143.9 135.8 131.2 127.6 124.1 121.9 121.6 120.8 120.2 119.3 118 115.1 107.7 98.3 99.8 100.6 109.2 114.3 119 126.5 133.3 139.3 144.1 147 147.3 147.2 146.3 143.9 140.2 136.5 133.6 130.4 125.9 121.2 116.5 111.9 107.8 106.7 104.2 100.2 95.6 82.4 77.7 90.1 97.3 100.4 102.9 104.6 106.3 107.2 107.6 107.1 106.6 105.8 104.6 100.2 83.4 63.5 70 86.7 97.4 99.4 83 72.7 87.4 104.1
185.7 183.7 181.7 178.8 175.1 171.8 167.3 163.5 159.9 156.8 153.7 150.6 147.1 140.8 133.6 127.9 124.5 120.5 117.2 115.7 115.8 114.9 113.5 109.1 103.4 101 104.2 104.7 104.2 107.6 112.5 117.1 124.3 131.8 137.9 143 146.9 148.3 149.2 148.8 147.5 145.2 141.3 138.2 135 130.2 125.8 121 116.6 114.1 112.6 110 106.9 99.9 83.6 83 97.3 103.8 106.2 108.2 109.3 109.7 109.8 109.1 108.2 107.7 107.7 107 103.4 84.6 65.2 71.5 87.3 99.2 97.5 82.5 78.5 95.2 108.7
187.8 186.9 183.5 179.9 175.7 171.6 167.1 160.9 156.7 152.8 149.5 146.2 142.6 137.4 132.1 126.5 121.5 118.4 114.2 112.1 111.2 109.4 104.3 104.4 107.2 110 110.8 107.2 104.8 108.6 114 117.6 123.7 130.4 136.6 141.6 145.9 148.5 149.7 149.8 149.5 147.6 145 142 138.6 134.5 130.3 125.3 122.3 119.5 117.7 114.6 110.6 102.3 85.5 87.4 101.1 106.6 109.1 110.4 110.9 111.1 110.6 109.8 109.1 108.6 108.4 107.7 103.4 85.5 65.8 71.4 88.4 99.7 96.7 79.9 85.5 102 110.7
187.4 186.6 184.6 180.6 175.7 171.2 165.8 159.2 153.1 148.7 145.2 142 137.8 133.6 128 121.6 118.1 116 112 109.3 107.9 105.9 108.6 112.5 115.9 116 113.5 109 107.6 112.7 118.2 122.8 127.5 131.7 136.9 141.6 145.3 148.3 150.1 150.8 150.8 150.6 148.1 145.2 142.2 138.2 134.2 129.5 126.4 124.2 122.4 119.1 114.4 107.1 88.8 90.7 103.8 108.8 110.6 111.4 111.1 110.6 109.7 109.1 108.4 108 108.5 108.1 103.8 85.8 67 73.4 89.2 100.6 98.1 82.7 91.7 105.9 111.9
