public/OST50/SX37.asc
ncols 200
nrows 200
xllcorner 230000
yllcorner 70000
cellsize 50
[rows 140 to 174 of 200, columns 79 to 157 of 200]
162.6 166.9 170.3 173.2 175.1 176.3 176.2 174 171.7 172.6 175.2 178.2 181 184 188.3 193.6 198 201.9 204.1 204.4 202.7 198.3 192.1 182.6 176 165.9 158.1 147.1 139.3 134.3 135 136.4 139.2 142.5 143.7 146 150.2 155.2 154.7 153.4 152.8 153.1 151.5 148.8 144.5 137.8 128.6 116.1 102.7 102 104.9 109.1 114 117.9 120.8 123.3 126.7 129.4 131.7 134.1 135.9 137.5 139.5 140.8 140.3 139 137.2 134.3 131.3 129 126.1 123.4 122.2 121.6 122.1 121.9 123.4 124.2 123
165.1 168.8 171.7 174.2 176.3 176.4 174.8 172 169.6 170.4 173.8 177.1 180 183.4 187.7 191.7 196.9 200.3 202.1 202.8 201.9 198.3 190.8 181.7 173 164.8 158.3 148.1 140.1 138.8 139.5 142.7 147.3 151.5 154.4 156.8 159.7 161.4 162.8 159.6 157.8 156 154.1 151.3 147.1 140.9 132.1 114.9 104.3 105.8 109.5 112.6 116.3 120.2 123 126.3 129.5 132.2 134.6 137.3 139.7 142 143.7 144.6 144.5 143 141.6 140.2 138.1 135.8 133.9 132.5 131.2 131.4 132.5 132.2 131.8 132.1 130.3
165.6 169.3 172.1 174 175.4 175.3 173.6 170.7 167.4 168.6 171.4 174.8 178.8 182.8 186.7 190.7 194.2 197.7 199.5 200.4 199.7 195.9 189.1 180.6 172.2 163.8 157 149.7 143.3 144.7 148.7 151.9 155.2 158.5 162.6 164.8 168 168.8 168.3 165.8 162 159.5 156.4 153.1 148.2 142.4 132.6 115.7 107.4 110 113.3 116.5 119.1 123 126.1 129.4 131.9 134.4 137.3 140.5 143 145.6 147.2 148.6 148.8 148 147.1 145.7 144.7 142.8 141.4 141 141.3 141.9 142.1 141.7 140.5 139.7 136.5
166.2 170 171.9 173 172.9 172 170.9 167.4 165.6 166.8 168.8 172.6 176.5 180.5 184.6 187.7 190.5 193.8 196.1 196.9 196.7 193.6 188 180.4 172.6 164 156.2 152.1 148.1 153.1 157.5 160 162.1 165.1 168.7 171.6 173.7 173.9 171.9 169.2 165.2 161.6 157.7 153.5 148.1 142.3 134.3 117.4 110.2 113 117.6 120.6 123.4 126.5 129.5 132.3 134.6 136.8 140.2 143.3 146.3 148.6 150.7 152.8 153 152.9 152 151.2 150.7 150.3 149.2 149.2 149.4 149.8 149.8 149 148.2 146 142.2
166.6 170.4 171.2 171.2 169.7 168.9 168.5 165.1 163.7 164.8 167.4 170.3 174.2 177.5 181.2 185.3 188 188.7 192 193.1 193.4 191.6 187.7 182.4 175.8 167 161.1 155.4 153.2 157.6 162.9 165.9 168.7 171.3 174.2 176.7 178 176.8 174.1 170.7 166.5 162.1 158.1 153.5 147.9 142.1 135.7 119.8 113.1 117.8 121.9 124.3 126.8 129.5 132 135 137.6 140.2 143 146.1 149.2 152.1 154.7 156.8 158.2 158 157.8 157.2 156.5 156.2 157 157.1 156.7 156.2 155.2 153.7 152.4 150.4 146
167.2 169.6 170.3 169 167.1 166.4 165.4 162.4 160.9 162.7 165 167.5 171.4 174.9 179.3 180.7 184.8 186.9 187 188.7 189.4 189.7 188.2 184.4 178.9 173.5 167.1 161.7 157.6 160.1 165.6 169.5 173 175.7 177.8 178.8 180.3 179.3 176 172 167.4 162.9 158.4 153.5 148.5 142.5 135.7 119.6 114.9 123.6 128.4 128.7 130.6 133.9 136.2 138.6 140.9 143.6 146.3 149.7 152.2 155.1 158 160.8 162.5 163.2 163.6 163.2 163.3 163.7 164.4 164.2 163.6 161.6 159.4 157.5 155.9 152.4 146.9
168.8 170.9 169.9 166.7 164.7 163.3 162 159.9 158.8 160.2 162.7 164.9 167.9 172.4 174.9 179 181.6 183.5 184.2 184.8 186.5 187.4 187.4 185.4 181.5 176.4 171.1 165.2 162.6 164 168.3 172.4 176.1 178.5 180.6 181.8 182.5 180.6 177.3 172.2 167.5 163 158.7 153.9 149 142.4 132.7 119.1 119.2 130 133.5 134.5 136.2 138.2 140.2 142.2 144.4 146.8 149.7 152.5 155.4 158.5 161.5 164 166 168.1 169 169.6 170.8 171.6 171.2 170 168.5 166.9 163.9 161.2 157.9 153.4 147.7
172.3 171.9 169.9 164.8 162.6 160.4 158.6 156.7 156.4 158 160 162.7 165.3 168.1 171.5 175.1 178.2 180.1 181.2 182.2 183.8 184.9 185.7 185.9 183.4 178.3 174 169.4 167.7 167.8 171.1 175.3 178.7 181 183.3 184.1 184.5 182.3 178.8 173.9 168.3 163.4 159 154.2 150 143 129.7 119 123.8 135.2 138.2 139.4 140.5 142.3 144.2 146.1 148 150.7 153.1 155.8 158.8 161.9 164.9 167.5 169.7 171.8 173.9 175.1 176 175.8 175.1 174.1 172.4 170.6 167.4 164.1 159.2 154.4 148.7
172.5 173.4 169.6 162.7 160.5 158.2 156 154.2 154.1 155.8 157.8 160.4 163 165.6 167.9 171 174.4 176.5 178.1 179.2 181.5 183.3 184.7 185.2 184.2 180.6 177.3 175 173.8 173.4 174.7 178.3 181.3 183.7 185.2 186 186 184.2 180.9 175.5 169.1 164.6 159.8 155.1 150.6 143.8 131.1 119.4 129 139 142.4 143.6 144.9 146.4 148.3 150.1 151.9 153.8 156.8 159.4 162.4 165.4 168.4 170.9 173.3 175.6 178.6 180.3 181 180.3 179.7 178.4 176.3 174.1 170.9 167.4 162.4 157 151.6
171.7 172.7 169.7 161.6 158.3 156 153.7 152.1 152.3 153.3 155.6 158.1 160.6 162.4 163.9 166.1 169.3 172.7 174.5 175.4 177.9 180.8 183.5 184.6 184.6 183.6 182 180.8 179.6 178.2 178.7 181 184 185.8 187 187.7 187.4 186.5 183.4 178.5 172.9 167.4 161.7 155.5 149.9 142.8 130.5 121.9 133.4 142.4 145.7 147.3 148.3 149.9 151.7 153.5 155.3 157.9 160.7 164.2 166.3 169 171.9 174.7 177.5 181.2 184.1 185.4 185.3 185 184.3 182.4 180.2 177.7 174.5 170.7 166.3 160.8 155.1
170.2 171.3 169.5 161.5 155.7 153.6 151.5 150.3 150.4 151.9 153.7 155.6 157.5 159.5 161.2 161.2 166 168.8 170.6 173.8 176.7 180.2 183.1 185.3 186.3 187.1 186.6 186.5 185.4 183.2 183 185.3 187.1 188.8 189.6 190.4 190 188.6 185.6 181.4 175.8 169.6 163.5 155.3 149.2 141.9 130.7 124.5 136.4 144.8 148.3 150.5 151.7 153.4 155.2 157 159 161.9 164.6 168 170 172.5 175.9 179.3 182.8 185.8 187.9 189.2 189.3 189.1 188.3 186.4 184.4 181.7 178.6 175.3 170.5 165.9 160
168.2 169.3 167.9 159.9 152.4 151 149.3 148.7 149 150.2 151.9 153.8 155.5 157.3 158.7 162 162.7 166 169.5 172.8 176.8 180.2 183.7 186.6 188.4 189.1 189.7 190 189 187.7 187.6 188.8 190.4 191.8 192.5 193.2 193 190.9 187.8 184.1 178.8 172.7 165.1 156.3 150.7 145.2 132.9 126.9 135.9 144.9 150 153 154.8 156.8 158.7 160.6 162.9 165.4 168.4 171.8 174.3 177.5 181 183.9 186.7 189.5 191.1 192.8 193.2 193.2 192.3 191 189.1 186.2 183.3 180.3 175.5 170.6 165.4
165.5 166 163.9 155.1 149.7 148.4 147 147 147.5 148.5 150.2 152 153.9 155.7 161.4 160.7 162.3 165.3 168.8 173.7 178.1 182.3 185.6 188.6 190.3 191.9 192.4 193 192.2 191.5 191.3 192.3 193.8 194.8 195.3 195.1 195 192.3 189.8 186.1 181.3 174.6 166.8 158.9 153.7 148.7 133.2 128.7 133 141 148.5 153.7 157.5 159.9 162.5 164.7 167.4 170 172.6 175.6 179 182.9 186.6 189.5 192.1 194.6 196.1 197.7 198.1 197.3 196.8 195.7 194.2 192 188.8 184.9 180.4 175.6 170.6
161.2 161.8 159.2 150.9 147.4 145.5 144.6 145 145.7 146.7 148.7 150.9 152.7 154.4 156.1 160.7 162 165.6 170.2 176.1 180.4 184.7 188.1 191.2 192.9 194.4 195.1 195.8 195.5 195.1 195.3 196 197 197.5 197.9 197.7 196 193.4 190.7 187.1 182.8 176.5 169.2 162 156.8 146.2 132 135.5 144.6 148.4 151.3 155.8 160 163 165.7 169 171.6 174.4 177.6 180.7 183.9 187.5 191.7 194.8 197.3 199.7 201.4 202.3 202.8 202.1 201.7 200.8 199.6 197.7 196 190.9 186.1 181.2 176.1
155.9 155.7 152.7 147.1 145.2 143.4 142.8 143.3 144.8 146.5 148.1 150.2 151.9 154.1 156.3 159.1 162.7 166.2 172.4 178.3 182.7 186.9 190.5 193.6 195.3 196.4 197.2 198 198.4 198.3 198.6 199.4 199.7 200.1 200 199.1 196.9 194.1 191.3 187.5 182.8 176.8 169.8 162.9 155.1 140.3 134.3 143.4 151.7 153.8 155.8 158.9 162.4 166 169.4 172.8 175.7 179.3 182.8 185.9 189.1 192.3 195.5 198.9 202.2 204.4 205.6 206.8 207.3 207.6 207.3 206.4 205 202.7 201.1 198.7 194.4 188.6 182.8
151.1 151.5 148.3 143.9 142.4 141.3 141.2 142.5 144.4 146.1 147.8 149.9 152.1 154.2 156.5 159.8 163.7 167.5 174.2 180 184.6 188.9 192.8 195.6 197.6 198.5 199.3 200.1 201.1 201.6 201.9 202.1 202.2 201.9 201.6 200.2 197.7 194.8 191.5 187 181.8 176 169.3 161.1 148.9 137.2 144.5 153.6 156.5 158.6 160.5 163 166.4 170.2 173.3 177.8 181.3 184.7 188.2 191.2 194.2 197.5 200.9 204.1 206.9 209.4 210.7 211.9 212.9 213.4 213.5 212.6 211.1 209.8 207.4 204.9 201.3 196.5 190.8
146.4 146.1 142.8 139.6 139.1 137.2 140.5 142.2 143.8 145.9 148.1 150.2 152.1 154.4 157 160.5 164.5 168.9 175.1 181 186.5 191 195.1 197.4 199.4 200.4 201.2 202.1 203.2 204.1 204.2 204.3 204.3 204.2 203.6 201.3 198.3 195.3 190.9 186.3 180.1 174.2 168.9 155.8 144.6 146 155.7 160.8 161.8 163.3 165.2 167.7 171 173.9 178.2 182.3 186.7 190.4 193.7 197 200.7 203.3 207 209.7 212.1 214.6 216.3 218.1 219 219.7 219.7 219.4 218.4 216.8 214 211.1 207.8 202.8 198.2
141.7 141 137 135.8 134.7 138.3 141.2 143 144.8 146.5 148.4 150.5 152.7 155 157.8 161.5 165.7 170.4 176.1 182 188.2 193.4 196.9 199.5 201 202.2 203.1 204.2 205.3 206 206.5 206.9 207.4 206.7 205.7 202 198.8 195.3 190.3 184.8 178.5 171.6 161.4 149.5 147.9 157.5 165.3 166.9 167.1 168.8 170.5 173.3 176 179.4 183.9 188.2 192 196.2 200 204.2 206.3 210.5 213.3 216 218.8 220.8 222.7 224.1 224.9 225.7 225.5 224.6 223.6 222.5 220.7 219.4 214.9 210.3 205.3
134.2 134.4 131.6 134.1 137.2 140.4 142.8 144.6 146.6 148.4 149.7 151.4 153.7 155.9 158.7 162.7 167.2 171.9 177.2 183.2 189.2 194.3 197.5 200 202 203.3 204.4 205.3 206.4 207.4 208.2 209 209.7 208.7 207.2 203.3 199.4 194.9 190 183 176.4 168.9 158 155.1 159.2 164.7 168.2 170.8 172.1 173.8 176.6 179.2 181.9 186.2 190.6 194.7 198.4 202.2 206.5 210.4 213.9 217.2 219.2 222.3 225.4 227.1 229 230 230.6 231 231.4 231.1 230.7 230.1 228.9 226.8 223.2 218.3 212.2
130.6 133.5 135 137.1 140.9 142.9 144.4 146.5 148.5 150.3 151.4 152.9 154.6 157.1 160.8 165.6 169.7 174.6 179.4 184.6 190 194.4 197.9 200.5 202.9 203.6 204.7 205.9 206.9 208.1 209.4 210.2 210.7 209.7 208.3 205.1 201.6 195.7 189.2 182.2 174.8 168.3 163.6 161.9 165.2 168.5 171.4 173.8 176 178.5 181.1 185.2 188.6 193.1 197.1 201.2 205.5 210.1 215 218.4 222.4 225.6 228.1 230.8 233.2 235.5 236.8 237.7 238.5 239.9 241.5 241.4 240.8 238.9 236.5 233.3 229.3 223.9 217.9
134.4 137.1 140.6 142.9 145.2 146.3 147.1 148.7 150.7 152.6 154.1 155.6 158.5 163.3 167.4 171.2 174.2 177.3 181.1 185.5 190.8 194.8 197.7 200 201.9 203.3 204.7 206 207.6 208.8 210 211.1 211.4 210.6 209.7 206.9 202.3 195.3 189 183.8 177.6 170.2 163 162 167.4 171.7 174.6 177.1 179.4 182.3 185.7 189.7 194.6 200.1 205 209.2 213.3 218.2 223.2 228.4 232.5 236.1 238.5 240.4 242.8 245 246.8 246.7 249.3 251.7 252 250.6 248.9 246.9 243.1 239.8 234.8 228.7 222.5
141.9 145.3 147.4 151.5 153.6 155 155.8 156.9 158.5 158.1 159.3 161 162.2 167.6 171 174 176.7 179.8 183.6 187.2 191.8 194.5 196.7 198.7 200.6 202.3 203.9 205.4 207.3 209.3 210.7 211.9 211.9 211.6 210.7 208.2 203.9 197.5 190.9 186.8 179.9 173.2 166.2 162.3 165.9 172.1 176 179.3 182.9 186.2 190.2 194.8 201.2 207.5 212.6 217.2 222 226.7 231.5 237 242.8 247.6 250.9 254 255 256.3 257.3 259.1 261.2 263.4 260.7 258.6 255.9 252.9 248.6 243.7 237.8 230.3 227.5
150.2 153.4 156 159.3 161.7 162.4 162.4 162.7 163 161.7 161.7 163.6 165.9 169.8 172.6 175.8 179.3 183.1 185.7 188.6 191 192.8 195 196.9 199 201.2 202.9 204.7 206.7 208.7 210.8 211.7 211.8 212.2 211.4 209.8 206.3 200.9 193.1 188.5 182.9 176.9 170.6 165.6 165.4 171.5 177.6 181.2 184.9 188.8 193.9 200.1 206.5 213 219.5 225 230.1 234.8 239.5 244.4 250.7 257.1 263.3 266.5 267.8 270 271.8 272.3 272.5 272.7 272 266.1 261.3 256.8 252.7 245.8 237.8 234.7 233.4
155.2 157.9 160.3 162.3 163.9 164.9 164.8 164.2 163.6 162.7 162.7 164.2 166.5 169.9 173.2 176.7 180.2 183.4 185.8 187.8 188.8 190.8 193 195.2 197.4 199.6 201.9 203.9 206 208.6 210.7 211.6 212.2 212.5 211.7 209.8 206.8 202.6 196.3 191.3 186.3 181 174.4 169.8 167.5 173 178.5 182.9 186.8 191.9 198 204 211.8 219.4 226.3 232.7 238.1 242.8 247.4 252.1 259.9 265.5 272.6 277.3 280.5 283.3 285.6 287.3 286 284 282.5 275.4 268.5 261.9 257 248.3 243.3 242.3 239.3
157.3 159 161.3 162.9 163.9 164.5 165.1 164.6 163.9 163 162.7 163.3 165.8 168.6 171.1 174.9 178.4 182 183.7 185.2 186.2 187.9 190 192.5 194.8 197.9 200.7 203.4 205.9 208.8 210.7 211.4 211.8 211.9 211.3 209.4 206.5 202.3 198.5 194.1 189.9 185.2 179.2 175 173.2 174.6 179.4 184.5 189.8 195.5 203.1 209.6 217.4 225.3 232.7 239.8 245.1 250.6 255.4 261.1 268.1 274.5 280.3 285.4 289.5 293 295.4 297.1 295 294.9 293.9 284.1 276.1 268.7 260 253.3 252.9 249.3 245.5
156.8 159.3 161.3 162.7 163.4 163.9 164.2 163.8 163.5 163.2 162.3 162.1 163.7 166 168.6 172.4 176.1 178.8 181 182.3 183.2 184.9 187.4 189.9 193 196.1 199.2 202.8 205.9 208.8 210.2 211 211.4 211.2 209.7 207.5 205.1 202.3 198.7 195.7 191.6 188 184.6 180.8 178.5 177.5 181.7 187 192.4 196.8 204.7 212.7 222.2 229.8 237.4 244.3 250.2 255.8 261.4 267.7 274.4 280.8 286 291.2 295.7 299.8 303.1 305.7 306.5 296.8 300.2 291.5 283.6 276.6 268.9 267.6 264.1 260.7 257.5
154.5 157.1 159.6 160.4 160.8 161.2 161.6 161.4 161.1 160.8 160.4 160.1 161 163.3 165.9 169.2 172.4 175 177.3 178.3 179.8 182.3 185.4 188 191.2 194.9 198.7 202 205.2 207.4 208.5 209.2 209.8 209.5 208 205.7 203.1 200.5 198.7 195.9 193.4 190.5 187.4 184.6 182.7 181.7 183.8 189.2 195.2 200.4 205.8 217.8 225.9 233.5 240.7 247.5 253.5 259.3 265.6 272.2 278.7 285.1 290.6 295.6 300.4 304.8 308.8 313.6 314.1 297.2 308.3 299.4 291.2 284.9 282 279.3 276.4 273.3 270.5
151.9 153.9 156.2 157.7 158 158.4 158.8 158.8 158.7 158.3 158 157.7 158.3 160.3 163 165.7 168.5 170.7 172.7 173.9 176.8 179.8 183 186.1 190 193.9 197.5 200.6 203.3 205.1 206.2 206.9 207.3 206.8 204.4 202.3 200.2 199.2 197.9 196.2 194.7 192.9 190.5 188.2 186.6 185.8 187.2 190.5 197.4 203.7 209.5 218.7 228 235.8 243 249.2 255.4 262 268.7 275.4 282.2 288.1 294.2 299.3 304 308.4 312.8 316.6 296.2 312.4 311.6 306.4 299.9 295.3 293.7 291.7 289.1 286.8 283.7
149.2 150.8 152.7 154.2 155.4 155.8 155.8 155.8 155.7 155.6 155.3 155 155.8 157.1 159.4 161.7 163.9 165.1 167.5 171.8 175.2 178.6 181.6 184.4 188.3 192 195.3 198 200.7 202.2 203 203.3 203.8 202.9 201 198.8 198.1 197.4 197.4 196.7 195.8 195.1 193.7 192 190.6 189.9 190.8 194.3 199.2 207.3 211.7 218.4 228.3 236.9 244.4 250.8 257.2 262.7 269.5 276.5 284 290.7 296.2 301.2 306.1 310.6 314.9 318.6 320.1 320 316.7 312.4 308.2 306.1 305.1 303.9 300.8 298.3 294.3
147.2 147.9 148.9 150.2 151.6 152.1 152.4 152.7 152.7 153 152.3 151.7 152.2 152 155.1 157.5 158.8 161.3 165.1 169.5 173.5 177 180.3 182.7 186 189.7 192.7 195.1 197.3 198.8 199.4 199.6 199.9 198.8 197.2 196.9 196.1 195.4 196.2 196.8 196.6 195.8 195.6 194.4 193.3 193.1 194.6 198.1 201.3 207.3 214.4 221.5 228.9 236.1 243.1 250.1 256.5 262.6 269.4 276 283.6 290.5 296.4 301.6 306.6 311.9 316.2 320.2 322.6 322.6 321.2 318.5 315.1 314.8 313.8 312.6 310.1 306.4 302
145.4 145.2 145.6 146.9 147.8 148.6 149.1 149.3 149.4 150 149.2 148.3 148.6 149.3 150.7 152 155.3 159.3 163.7 167.8 171.7 175.1 178.1 180.8 183.4 186.7 189.4 191.8 193.6 195 195.5 195.7 195.7 195.4 194.4 194.7 194.5 193.4 194.1 195.2 197 196.7 196.4 196.2 196.1 196.7 198.6 200.8 203.8 208.4 215.3 222.1 228.2 235 241.8 248.4 255.2 261.8 268.2 274.6 282.1 289.3 295.5 301.7 307.1 312.7 316.9 320.9 324.1 325.3 325.3 323 322.4 322 320.5 317.3 315.9 312.5 306.4
144.1 143 142.7 143.3 143.8 144.6 145.4 145.7 146 146.3 145.8 145.2 145.3 145 146.7 150.2 153.9 157.7 162.2 165.9 169.7 173.1 175.8 178.5 181 183.4 186 188.4 189.9 190.7 191.3 191.5 191.1 189.5 190.2 191 191.9 191.1 192 193.3 196.3 197.5 198.1 198.8 200.1 201.5 202.3 204.4 207.6 211.9 217 222.1 227.8 233.9 240.5 246.9 253.5 260 266.5 272.9 279.7 286.6 293.6 300.6 307.1 312.6 317.6 321.9 325.4 327.2 328.3 328 327.4 325.4 325 321.7 319.7 315.4 309.9
143.1 141.1 139.7 139.5 139.9 140.7 141.4 141.4 142.1 141.8 141.2 140.8 140.9 141.3 144.7 148.5 152.3 156.1 160.1 163.9 167.7 171 173.4 176 178 180 182.6 184.4 185.8 186.5 187.1 187.5 187.8 186.3 186.9 187.3 187.1 187.9 189.2 191.7 193.5 197.2 198.8 200.7 203.1 204.1 205.9 208.4 211.9 215.9 219.9 224.2 228.3 234 240.3 246.2 252 258.2 264.7 271.5 278.3 285.2 292.2 299.4 306.7 312.6 318 322.4 325.8 328.5 330.5 330.3 329.3 328.7 327.2 325.1 321.5 316.8 309.8
142.9 140.4 138 136.7 136.8 137.1 137.6 138 138.3 138 136.9 135.7 136.8 139.7 143.5 147.3 151 154.3 157.9 161.7 165.3 168.2 170.9 172.8 174.7 176.7 178.7 180.4 181.8 182.5 183.2 183.6 184.8 183.7 184.3 184.2 184.4 184.8 186.3 188.1 191.2 195.9 198.9 201.8 204.6 207.7 209 211.7 215.5 219 222.5 226.3 230.4 235.2 241.3 246.7 252.5 258.2 264 271.4 277.9 284.9 292.2 299.5 305.9 312.4 317.6 322 325.8 329.1 330.1 331.1 330.9 329.7 327.9 325.1 321.1 315.7 309.2
141.9 139.3 136.8 134.9 133.2 133.6 134.1 134.5 134.7 134.7 133.3 132.7 134.9 138.2 142.3 145.1 148.7 152 155.6 159 162.7 165.4 167.6 169.7 171.6 173.4 174.8 176.4 177.8 178.5 179.2 179.4 179.8 180.3 181 180.7 180.8 181.8 183.7 185.4 188.6 192.4 198.3 201.3 204.1 207.2 209.8 213.4 217 220.9 224.3 228.1 232.3 236.8 241.7 247 252.5 258.5 264.7 271.4 278 285.2 292 299.2 305.6 310.6 315.7 320.7 324.6 327.7 329 330.2 329.5 327.4 324.8 321.1 316.5 311.2 306.1
