public/OST50/SX48.asc
ncols 200
nrows 200
xllcorner 240000
yllcorner 80000
cellsize 50
[rows 0 to 34 of 200, columns 0 to 78 of 200]
99.2 94.9 99.2 102.2 103.3 100.1 95.3 100.8 114.8 122.6 125.4 124.9 121.8 122.5 123.6 123.9 124.8 126.2 127.8 128.8 129.2 130.1 131.4 134 136.5 139.2 143.2 144.8 145.8 146.4 146.5 146.1 144.5 142.1 139.3 132.1 122.8 114.1 104.7 94.4 101.3 113.7 126.3 119.6 119.6 119.6 119.6 123.5 134.2 136 137.9 139.8 141 141.9 140.6 137.3 135 134.5 135.8 137.6 141.2 145.5 150.3 155 159.2 163.1 165.8 166.8 166.8 165.9 165.2 164.9 164.8 165.3 165 165 163.6 161 156.1
106.1 98.5 93.7 96.6 96.7 94.5 99.4 110.7 119.7 125.5 128.1 128.2 127.5 126.9 126.8 127.8 129.5 131.5 132.9 133.9 132.7 133.1 133.3 135 137 138.5 140.7 142.8 143.5 143.8 143.9 143.5 141.9 138.6 133.7 122.7 112 100.9 93.8 92.7 93.3 97.3 110.2 124.9 122.2 119.6 126 133.5 136.5 139.8 142.3 144.5 145.7 145.9 145.4 143.5 140.3 138.6 139.3 140.4 142.4 146 149.8 154.4 158.6 162.3 164.4 164.9 164.2 163.2 163.1 163.2 163.9 165.1 165.2 165 163.6 161.1 157.2
112.1 106.3 99.1 92.4 93.4 96.2 106.3 114.4 120.1 124.7 127.7 129.4 130.1 130.4 131.2 133.8 135.8 137.5 138.7 139.7 138.4 135.7 135.9 136.2 137.6 139.1 139.9 140.8 141 140.9 140.3 139.9 138.2 133.7 124.8 111.3 98.6 92.3 90.9 91.2 94.2 97.1 105.6 114.7 126.2 129.1 132.4 135.4 139.2 142.5 144.7 146.7 148.2 148.6 148.6 147.4 146.5 145.5 144.6 143.7 144.5 147.6 150.8 154.2 158.2 161.4 162.9 162.3 161.6 160.5 160.1 160.5 162.4 164.2 165.2 164.1 162 159.9 157.7
114.2 111.7 107.2 99.2 94 95.5 104 111.7 118.2 124.5 128.1 131.4 133.3 134.9 135.7 138.4 140.6 142.6 144.4 144.3 143.9 141.1 138.5 138.3 139.1 139.8 140 139 137.5 136.2 135.7 135.9 133.4 126 111 96.6 89.7 91.8 87.1 91.8 98.6 106.1 112.8 119.6 125.4 130.7 134.8 137.9 141.4 144 146.1 148.2 149.6 150.7 150.8 150.5 150.3 149.9 149.6 148.7 148.2 149.9 153 155.4 158.2 160.6 161.1 160.1 158.9 157.4 156.5 158.3 160.1 162 162.9 162 159.7 158 156.6
115.3 112.7 110.2 104.4 95 94.2 101.5 113.1 121.2 126.4 130.4 133.3 135.6 138 140.2 142.4 144.5 146.5 147.2 147.9 147.8 146.2 144.1 143 142.8 142.6 140.9 136.3 132.8 129.6 130.8 131.8 122.3 110.1 96.5 88.6 87.5 93.3 96.7 100.1 106.6 114.9 122.1 125 126.9 131 135.2 139.2 142.3 145.2 147 149 150.5 151.6 152 152.6 153.2 153.3 153.5 153.5 153.3 153.5 155.7 157.7 158.3 159.8 159.1 157.3 154.3 152 153.4 155.5 157.7 159.2 159.3 158.2 156.7 155.1 153.1
112.9 111.7 109.7 106 94 92.5 102.1 117.5 125.5 129.8 132.9 135.5 137.8 140.4 142.8 145.2 147.1 148.6 149.5 149.8 150.1 149.2 148 146.5 145.9 146.1 143.4 136.7 129.3 123.4 123.7 124.9 118.8 100.3 88.6 88.9 91.2 96.4 101.4 105.9 113.4 120.2 122.7 127.1 130.4 132.4 135.5 138.3 142.1 144.1 146.1 147.9 149.7 151.5 152.8 153.9 154.9 155.9 156.6 156.7 156.8 157.2 157.5 158.6 158.7 158.8 156.4 153.7 150.8 147.6 149.6 151.9 154.3 156.2 155.6 154.3 152.1 149.5 147.9
109 107.7 106.8 100.8 92.4 93.5 107.3 120.5 125.9 130.3 133.7 137 140.1 142.9 145.2 147.1 148.7 149.8 150.1 150.4 150.7 150.9 150.3 149.9 150.2 150 147.2 142.4 130.9 117.9 113.2 116.2 110.4 91.6 88.6 88.9 94.6 97.1 101.8 109.4 116.1 121.3 124.5 127.3 129.5 132 134.4 136.8 140 142.3 144.1 145.5 148.3 150.4 152.3 154.5 156.4 157.4 157.8 158.7 158.8 159.4 159.2 159.3 158.8 157.7 153.3 149.7 146 143.8 145.2 148.2 150.9 153 151.9 149 145.8 142.7 141.5
104.8 101.2 97.4 93.4 91.3 99.6 111.5 119.5 124.8 130.2 134.4 138.6 141.9 145 147.2 148.2 148.7 149 149.2 149.9 150.9 151.7 152.9 152.9 153.7 154 152.8 149.7 140.3 125.9 113.9 103.9 99.3 90.4 88.4 91.7 99.7 101.7 100.4 106.5 112.2 116.1 120.6 124.1 127.5 129.6 132.7 135.7 136.9 138.5 140.8 143 145.6 148.9 152.1 154.8 156.5 157.6 157.9 158.8 159.4 159.7 159.7 159.7 159 155.7 151.3 145.7 143 139.8 140.6 145.7 148.5 149.6 147 143.4 139.3 134.4 132.6
98.1 98.1 98.3 95.3 91.1 96.5 107.2 116 123.7 129.3 134.8 138.6 142.2 145.2 145.9 145.8 145.5 145.4 147.5 149.1 151 153.2 154.8 156 156.8 157.5 157.1 153.8 148.3 136.1 123.3 110.4 95.3 88.5 87.4 93.9 102.4 105.2 106.5 109.5 112.2 114.8 116 119.3 123.2 125.8 129 131.6 134 136.4 139 140.9 144.5 148.4 152.1 154.1 155.7 156.9 156.9 158.1 158.8 159.5 159.9 160.2 159.6 155.6 150.6 144 138.4 135 137.1 142.3 144.7 145.3 141.3 136.8 131.6 126.1 123.7
106.7 108.8 108.1 99.4 90.5 93.4 106.8 115.7 122.7 127.8 133 136.3 138.9 140.5 140.8 140.9 140.6 142.8 146.4 149.8 151.8 154.1 156.1 157 157.7 157.8 157.6 155.8 151.4 143.8 131.3 118.2 100.8 87.7 87.6 91.5 100.3 106.2 111.3 114.1 118.2 121.5 122.4 123 124.1 126 128.3 130.1 131.9 134.7 138.5 140.2 143.8 148 151 152.9 154.4 155.2 155.8 156.3 157.4 158.5 159.4 159.8 159.1 155.8 150.4 144.1 135.6 129.5 135.4 139.6 140.6 139 134.8 129.8 124 119 117.1
114.1 115.6 113.3 101.3 90.4 91 105.3 113.9 120.5 125.8 130.3 132.7 135.1 135.6 135.9 135.4 136.3 143 146.6 150.1 152.6 154.5 155.9 156.5 156.7 156.9 156.4 155.2 152.3 146.7 134.1 121.4 102.6 87.8 86.9 87.9 94.2 103.1 110.4 115.9 122.5 127.1 128.4 129.5 130.6 130.5 131.3 132.2 133.9 136 138.1 140.4 144 147.7 149.9 151.3 152.5 153.3 153.8 154.2 155.4 156.5 158.2 159.2 158.6 155.4 150.5 144.3 134 125.2 129.6 133.4 132.7 129.7 126.3 121.4 117.2 113.6 110.9
121.3 121.1 114.6 101.8 91.3 89.6 100 110 116.9 122.8 126.7 128.4 129.4 130.1 129.9 129.1 137 142.9 147.3 150.6 152.8 153.8 154.6 155.3 155.4 154.9 154 152.8 150.7 146.3 136.3 123.9 104.6 86.7 86.2 86.8 94.2 102.4 110.6 119.2 126.2 130.4 132.8 133.9 134.3 134.7 134.8 136.1 137.3 139.2 140.5 142.2 144.9 147 148.4 149.6 150.5 151.2 151.8 152.3 153.2 154.9 156.7 158.3 156.9 153.9 149.2 142.8 131.2 120.3 121.6 123 122.3 120.2 117.2 114.6 111.4 108.6 106.8
125.1 122.5 112 103 96.3 85.7 93.5 105.2 113.4 119 121.6 121.9 122.6 123.2 122.1 129.5 137 143.1 146.9 149.4 151.5 152.4 152.9 153.3 152.9 152.2 151.5 150.3 148.1 144.4 137.2 126.2 107.6 85.7 86.6 86.3 93.3 103.3 111.5 119.5 127.3 131.7 134 135.5 137 137.3 137.8 139.6 141.2 142.7 143.4 144.1 145.5 146.3 147.4 147.7 148.4 149.2 149.7 149 149.7 152.5 154.8 155.8 154 150.9 146.2 138.3 127.3 118.4 115 114.1 113.5 111.5 110 108.3 105.6 104 103.5
126.9 120.5 112.4 113.2 106.6 92.5 87.7 97.3 107.5 112.9 114.5 112.9 112.2 115.4 122.8 130.4 136.6 141.5 145.5 147.7 149.5 150.4 150.9 150.8 149.9 148.7 147.5 146.2 143.8 139 132.9 125.5 107.8 88.2 86.4 86.3 92.4 102.4 111.7 119.4 127 130.6 133.9 136.3 137.6 138.5 139.7 141.7 143.5 144.7 146 146.7 146 146.1 145.8 145.8 146.4 147.1 146.4 144.1 145.7 149.1 151.7 151.4 149.3 145.3 139.2 129.5 121.7 115.9 112.3 109.6 107.3 105.5 103.5 102.2 101.2 101 101
127.3 122.6 122.7 121.9 116.3 101.6 87.3 90.8 98 100.3 102.1 107.2 112.8 116.2 123.8 130.2 135.8 140.4 143.6 145.6 146.5 147.2 147 146.2 145.4 143.8 142.4 140.1 136.3 130.8 124.6 117.4 103.4 85.8 85.6 86.5 92.2 101.2 110.8 119.4 124.7 129.6 133.1 135.9 137.3 139.2 140.5 142.4 144.2 146.2 146.9 146.4 145.6 144.4 143.1 143.1 144.2 144.2 142.4 137.3 140.2 144.8 146.4 145.1 141.9 136.9 130.2 124.4 118.6 113.7 110.2 107.5 105.4 102.9 101.1 99.8 98.8 98.8 98.8
129.9 129.3 128.4 126.7 120.2 103 88.2 88.6 97 103.6 110.6 116.4 121.5 124 127.8 131.9 135.6 139.3 141.2 141.9 142.2 142 141.6 140.1 139.4 137.8 134.1 130.8 126.1 120.1 114.1 107.1 95.2 84.3 85.1 86.4 92.4 100.8 109.6 117.1 124.8 129.5 133.3 135.2 137 138.8 140 141.6 143.8 146 145.7 144.6 143 140.9 138.8 140.6 142.5 141.7 137.9 129.2 133.6 138.5 138.7 137.9 133.5 129.4 126.1 120.8 115.8 111.4 108 106 104 101.5 99.5 97.5 96.9 96.7 96.8
131.4 131.5 131.2 128.2 118.4 99.3 86.7 88.8 101.1 113.1 119.1 124.7 128.6 131.4 132.1 133.9 135.1 136.4 136.5 136.5 136.8 136.3 133.9 132.1 132.1 129.9 125.1 119.8 114.1 107.5 104.1 97.9 89.3 84.4 83.5 84.5 98.8 109.5 115.9 123.1 130.5 133.2 134.1 135 135.7 137.2 137.8 139.6 143 144.2 143.5 141.8 138.5 133.7 135.4 140.3 140.4 137.6 132.8 122 125.2 129.4 130.2 128.8 126.3 124.1 121.7 117.6 113 109.1 107 104.8 102.6 100.8 99 96.8 94.9 94.6 95.1
131.1 130.4 128.5 125.9 113.6 96.7 84.6 89.6 106.5 117.6 123.7 129.9 134.3 135.5 135.4 133.7 132.5 131.4 130.1 130.4 129.4 128.5 126.6 124.2 123.3 119.9 114 104.8 99.9 97.9 96.3 89.6 83.7 83.7 84.1 88.7 104.6 116.9 123.3 130.4 134.7 135.5 133.6 131.9 132 135.2 135.9 138.5 141.7 141.6 139.9 136.8 130.6 129.7 134.4 136.2 134.5 130.6 123.6 116.8 118.5 120.8 121.6 120.9 119.6 118.7 117.7 114.8 111.3 108.9 106.4 104.6 102.7 100.5 99.5 96.6 94.5 92.5 93.4
128.1 126.7 124.2 119.7 111.8 93.2 84.5 92 108.2 118.3 125.3 131.7 135.7 137.5 136.8 133.9 129.6 126.1 124.7 124.2 122.4 120.4 119.1 113.5 110.2 107 98.2 93.4 91.7 90.3 88.8 85.5 82.3 83.8 82.9 95.9 112.1 121.7 128.6 132.9 134.3 133.5 128.8 127 126.4 132.5 136.1 136.9 139 138.7 135 130.7 125.5 126.2 129.4 129.8 127.2 122.5 116.1 112.6 113.1 114.1 114 114.4 115.1 115.3 114.6 113.2 111.5 109.9 108.8 107.8 107 106.6 103.6 98.2 93.5 90.9 92.6
121.9 118.3 114.3 108.2 101.4 87.7 84.8 93.8 106.8 115.4 123.6 131.6 135.8 138.3 138 135.5 130.2 122 116.1 112.7 110.7 110.8 110.7 104.4 97.9 91.8 87.7 87 86.3 84.9 83.3 82.5 83.4 82.9 87.9 103.6 117.9 125.2 128.6 130.6 129.7 126.8 123.1 120.9 119.8 125.2 131.8 135.1 137.8 135.6 130.6 126.1 121.3 120.3 121.6 122.5 119.8 115 110.7 108.8 108.1 108.4 109 109.8 110.7 111.5 112.7 113 113.7 113.9 115.1 115.6 113.4 109.1 102 93.7 90.2 89.9 93.4
111.6 105.5 99.4 92.5 88 86.4 84.3 94.1 105.2 114.3 122.5 130.6 135.7 138.4 139.5 137.9 133.5 126.6 117.7 108.4 100.9 101.4 100 95.5 85.7 82.6 82.5 82.7 82.3 81 81.4 83.1 82.3 87.5 100.4 114.3 121.9 122.8 123.8 123.4 121.4 118.9 117.2 115.4 115.9 119.2 126.3 133.2 137.3 134.5 127.9 123 117.9 113 113.3 113.9 112 108.7 106.7 105.5 105 105.2 106.3 107.3 108.9 109.9 111.7 113.8 116.1 118.8 118.8 117.2 114.4 108.5 97.9 89.8 89.7 93.8 92.7
100.6 93.1 92 93.7 95.1 89.1 84.3 91.8 103.2 113 120.6 128.1 134.9 138.5 140.8 139.7 136.8 131.5 122.1 112.6 101.9 92.5 92.8 83.8 81.3 81 80.8 80 79 79.4 81.7 84 93.6 104.9 115.1 119.4 121 118.4 117.1 115.2 114.2 113.4 112.3 110.9 113.4 115.1 119.4 126.7 133 129.1 124.6 119.6 113.7 110.3 107.8 106 104.3 103.3 102.8 102.7 102.9 103 104.5 105.8 107.4 109.8 112.7 115.8 119.3 119.8 112.9 108.4 105.5 101.1 91.9 91.4 90.9 91.6 88.8
94.4 98.3 102.4 106.3 107.6 96.1 84.7 86 96.3 108.2 117.6 125.4 132.3 138.1 141.6 140.7 137.3 131.6 123.5 113.5 102.4 90.1 84.1 80.4 80.4 80.4 80.3 79.2 85.6 87.6 94.8 104.8 110.8 115.8 117.2 117.4 114.9 112.2 109.7 109.4 109.5 108.9 107.9 107.9 110 112.3 114.9 119.4 124.2 122.8 119.8 115.7 111.3 109 106.8 103.9 101.8 100.4 99.9 99.9 99.9 102.3 104.3 105.9 108 112.5 115.6 119.7 117 109.4 103 98.4 94.8 92.4 92.1 89 87.6 85.9 85.4
103.5 110.5 113.4 116.3 115.2 105.8 90.2 82.9 87 99.1 109.9 118.8 126.9 132.2 136.5 135.9 133.4 128.9 121.3 112.1 101.9 91.7 81.2 79.5 79.3 78.3 85.9 96.3 102.8 107.6 111.2 114.9 115.6 115.9 115 112.3 108.9 106.3 105.3 105.4 105.1 104.3 104.5 105.4 107 108.4 109.7 111.4 114.9 114.9 113.6 111.4 109.5 107.9 105.7 102.2 99.9 97.9 96.6 96.7 101.3 103.8 105.8 108.1 111.6 118 119.6 112.5 105.8 98.1 95.1 95.7 93 86.8 85.1 84.8 84.9 84.7 84.9
114 118.8 121.8 123.1 121.3 118 106.1 89.9 83 87.6 97.7 108.3 116.6 123.2 127 128.2 127.2 123.8 117.3 109 98.5 86.2 79.4 78.8 80.5 82.9 88.7 95.9 102 106.8 111.5 115.4 116.2 114.5 110.5 107.3 103.7 102 101.5 101.6 101.1 101.1 101.7 102.5 103.9 104.9 105.5 105.8 108.3 109.2 109.4 108.9 107.2 105.7 103.5 101.3 98.7 97.5 96 98 101.8 105.1 108.4 110.4 107.5 104.3 100.5 99.6 98.8 94.9 88.9 81.9 81.9 82.5 83.9 84.2 84.2 84.9 85.5
119.2 122.9 125.2 126.4 126.6 123.2 114.7 100.4 86.2 81.8 86.1 95.1 103.9 111.3 117.1 120.3 121.1 118.6 113 104.9 92.8 81.4 78.4 77.1 81.4 85.7 89.7 95.2 99.3 102.9 108 110.4 110.7 108 104.3 101.7 99.3 98.5 98 97.8 97.7 98.4 98.9 99.6 100.6 100.9 101.8 103.4 106.3 108 108.1 107.4 106.4 106.5 106.5 106.8 106.4 105.6 103.6 102.2 102.1 105 105.8 103.9 102.2 101 97.2 92 86.4 81.5 82.3 82.8 83.2 82.3 84.1 85.2 85.3 86.1 87.1
120.6 123.5 125.9 127.5 128.3 125.5 117.8 105.9 87.7 81.6 81.6 87.6 96.4 104 109.7 113.8 115.1 112.6 106.7 99.3 85.7 78.4 76.9 79.6 82.7 86.6 89.1 92.8 96.3 99 102.1 103.7 103.5 101.4 99.2 97.7 96.3 95.6 94.9 94.8 95.6 96.4 97.1 97.6 98.4 99.4 100.2 102.3 104.8 106.5 106.7 106.8 107 111.5 115.5 117 116.2 113.4 105.1 91.9 90.4 94.9 96.5 94.8 94.3 94.5 89.6 82.3 81.5 82.4 83 83.3 83.6 84.7 85.2 86.1 86.9 87.8 89.8
120.6 123.8 124.7 125.3 124.7 122.9 118.4 104.6 88.7 82.5 80.4 83.6 90.7 98.4 104.4 107.8 108.8 105.8 100.1 92.1 81 77.1 77.9 80.6 84 85.9 88.2 89.8 92.4 94.7 96.5 97.4 96.6 95.8 94.8 94.3 93.5 93.5 92.9 92.9 93.7 94.8 95.6 96.1 97.7 99.1 100.5 102.6 105.7 106.5 109.1 115.1 119.4 123.3 125.4 124.2 121.4 116.5 109.1 96.2 89.4 86.6 88.7 89.3 88.1 87.6 83.8 80.9 82.5 83 83.4 83.6 84.2 85.7 86.8 86.7 88 89.9 94.3
121.6 123.2 123.2 122.4 120.4 117.6 111.5 101.1 90.5 84.2 80.5 80.6 86.6 93.8 98.3 101.8 101.3 97.9 92.7 83.9 78.2 77.5 78.6 81.5 83.2 84.8 86.2 87.2 88.6 90.3 91.8 92.7 92.3 92 91.7 91 90.7 90.8 91 91.3 92.2 93.3 94.5 96.8 98.6 100.3 103.5 106.3 109.9 112.9 115.7 118.3 123 124.1 124.1 122.6 118.5 111.7 104.1 96.4 90.7 87.2 84.6 85.4 85 83.4 79.9 82 82.6 82.9 83.3 83.6 85.2 87.7 88.4 88.2 89 91.3 95.9
122.2 122.5 121.7 119 115.2 109.1 104.2 99.1 92.4 85.5 81.3 79.7 83.2 88.1 92.4 94.2 94 90.7 83.1 78.2 77.7 77.4 79.2 82.8 83.9 83.5 84.2 84.8 85.6 86.9 87.6 88.2 88.6 88.6 88.9 88.9 89.1 89.7 90.3 90.7 92.1 93.7 96 98.5 100.5 105.1 107.8 115.1 119.5 122.6 123.2 122.2 121.3 119.3 118.2 115.4 108.6 103.5 99.5 96.1 91.4 87.4 84.9 83.5 82.7 81.5 79.8 81.4 82.5 82.8 83.1 83.6 88.7 91 92.4 91.3 89.4 91.7 96.9
122 121.3 118.9 113.3 107.6 102 99.4 96.6 92.5 86.9 82.1 79.6 79.3 82.8 86.5 85.6 86.2 84.1 79 77.8 77.4 77.4 80.7 83 83.1 82.5 83 83.5 84 84.8 85.4 85.9 86.3 86.6 87.1 87.8 88.3 88.9 89.5 90.9 93.5 96.3 99.7 102.1 103.6 109.9 115.6 119.8 122.4 123 122.3 119.5 116.1 115 112.4 109.2 104.3 100.4 96.5 93.4 90.5 86.6 84.5 83.1 81.9 81.2 80.4 80 80 81.9 83.9 88.8 92.1 94.1 95.5 96.3 94.6 91.8 96.6
121.2 120.1 115 108.6 102.9 98.6 95.7 93.3 89.6 85.7 81.9 79.4 79 79.2 80.7 82.6 82.8 80.1 77.8 77.6 76.8 78.3 81.9 82.2 82.1 81.5 81.7 82.2 82.7 83.3 83.7 84 84.5 85.3 86.3 86.9 87.5 88.1 89.4 91.6 94.8 98.1 102.1 104.6 111 114.2 119.3 122.6 122 119 116.7 114.2 112.4 111.1 108.4 105.5 101 97 93.4 90.5 87.7 84.8 83.7 82.5 81.7 81.5 80.6 78 81.2 83.9 87.6 91.3 94.2 96.9 100.1 103.1 99.9 92.3 98.3
120.8 118.9 115.5 107.7 101.3 97.2 93.2 90.1 87.4 84.7 82.1 80 78.6 78.2 78.8 79.2 79.5 78.2 78 77.4 76.9 79.1 81 80.8 80.6 80.4 80.8 81.1 81.4 82 82.6 82.9 83.8 84.7 85.6 86.1 86.7 88.1 89.2 91.6 95.4 99.6 104.2 108.1 111.2 113.4 116.4 118.1 116.3 113.5 112.1 110.5 108.8 106.9 104.6 101.9 97.7 93.6 90.4 87.2 85.4 84.1 82.8 81.6 81.1 81.1 78 80.3 83 86.1 89.2 92.5 96.4 100 106 107.7 101.5 94 94.5
118.5 116.5 112.5 107.4 102.2 98.2 94.3 91 88.3 85.4 82.6 79.3 77.4 77.9 78.2 78 77.7 77.4 77.2 77.2 77.3 78.5 79 79.1 79.4 79.8 80.3 80.6 81.6 82 81.8 83.3 84.7 85.3 85.4 85.9 86.8 87.8 88.8 92.8 97.7 98.9 101.8 104.1 106.4 108.4 110.3 110.3 109.8 109.4 109.2 107.8 105.9 103.4 101.1 97.7 93.5 90.8 89 88.8 87.6 85.1 81.9 80.9 80.1 78 79.5 81.6 84.4 86.5 89.5 93.3 97.1 100.6 103.3 104.4 100.9 96.1 95.1
114.6 111.5 109.1 106.5 102.9 99 95.4 91.9 88.5 85.6 82.5 79.2 74.8 77.4 77.6 77.4 77 76.6 75.7 75.4 77.2 77.9 78.2 78.5 78.8 79.6 80.8 82.1 83 83.5 83.8 84.2 85.4 86.1 86.6 86.7 87.4 87.6 93.1 94.7 93.3 94.6 97.2 99.6 101.7 103.6 105.4 105.6 105.9 106.4 106.6 105.5 103.6 100.6 97 95.4 94.8 94.3 93.2 90.7 89.1 86.7 81.4 80.2 79.4 79.1 80.4 83.3 85.3 87.2 89.3 92 95.3 98.7 101.1 101.9 101.4 99 97.1
