public/OST50/SX48.asc
ncols 200
nrows 200
xllcorner 240000
yllcorner 80000
cellsize 50
[rows 35 to 69 of 200, columns 0 to 78 of 200]
109.2 107.7 106.8 105 101.5 97.6 93.9 90.6 87.3 84.4 81.9 79.1 76.4 75.9 77 76.6 76.2 75.8 75.7 76.3 77.1 77.5 77.7 78.1 79.1 80.4 81.7 83.2 84.5 85.1 85.6 86.1 87.1 87.6 87.7 87.8 88.3 92.7 90.6 89.8 90.7 92.1 93.9 96 98.2 99.9 101.6 102.4 103 103.6 104.2 103.6 102.5 100.9 99.8 98.7 98.5 97.7 95 92.5 90.4 87.1 81.6 79.8 78.7 79.1 80.8 84.5 86.4 88.2 90.5 92.3 94.5 96.9 99.8 102.2 103.5 103.2 102
104.7 103.8 103.2 101 97.8 95 91.6 88.2 85.5 83 80.7 78.7 76.8 74.6 76.3 75.9 75.4 75.1 75.2 75.9 76.7 77.1 77.4 78.3 79.5 81.1 82.6 83.9 85.3 86.5 87.6 88.5 90.5 89.2 89.1 89.1 91.7 89.7 89.5 89.8 90.7 92.1 92.7 94 96 97.5 98.9 100.6 101.5 102.3 103 102.4 102 101.4 100.9 100.5 99.6 98.2 95.8 93 89.7 86 81.4 78.9 78.6 79.7 81.3 85.2 87.4 90.1 92.2 94.6 96.6 98.8 101.3 104.4 108.4 111 111.2
99 98 97.3 95.6 93 90.6 87.9 85.2 83.1 81.2 79.7 78.1 76.9 74.9 75.4 75.4 75 74.7 75.2 75.7 76.5 76.7 77.3 78.6 80.6 82.2 83.9 85.3 86.8 88.1 89.1 89.5 93.2 92.4 90.8 91.6 91.7 91.8 91.3 91.7 92.2 92.5 93.2 94.2 95.2 96.5 98.1 99.6 100.8 101.9 101.9 100.9 100.3 99.5 98.9 98.6 97.6 95.9 93.8 90.9 87.8 83.1 79.1 78.6 79.2 80 81.9 86 88.8 93.7 95.9 97.4 99.6 101.9 104 107.7 113.4 115.9 117.3
92.7 92.3 91.6 90.1 88.6 86.3 84.1 82 80.3 79.2 78.7 78.3 76.3 74.1 75.4 75.7 75.5 74.4 74.9 75.5 76.1 76.6 77.9 79.7 81.7 83.4 85.1 86.6 88.2 89.8 90.9 89.3 89.7 90.6 96 96.2 95.2 93.5 93.3 93.6 94.1 94.1 94.2 95 96.1 97.6 98.9 100.2 101.3 101.8 101.1 99.4 98.5 97.7 96.4 95.3 94 92.4 90.5 88 84.3 76.7 78.4 79.3 79.8 80.1 82.6 86.7 91.1 96.7 99.4 101.5 103.6 105.6 108.2 113.4 117 119.9 121.2
88.7 87.5 86.5 85.3 83.7 81.9 80.7 79.5 78.3 78.3 78.5 78.8 77.1 74.4 74.9 74.9 75 74.3 74.7 75.1 75.7 77 78.7 80.7 82.6 84 85.6 87.5 89.1 91.2 90.9 89.6 94.5 96 100.1 100.6 97.7 96.7 95.9 95.9 96 96 95.8 95.8 97.2 98.6 100.1 101.4 102.6 102.4 101.4 99.7 98 95.4 92.9 91.1 89.1 86.8 85.5 83.7 79.4 78.6 79.1 79.4 79.8 80.1 84 91.2 96 99.7 102.7 105.3 107.9 111.4 114.4 117.8 120.9 123.7 125.6
85.5 84.3 82.5 81.4 80.2 79.1 78 77.3 77 77.4 78 78.4 76.2 74.1 74.3 74.4 74.3 74.5 74.8 74.9 75.5 77.4 79.3 81.2 83.1 84.5 86.2 88.2 89.7 88.8 93 95.4 97.6 99.7 102.7 104.5 102.5 101.2 99.6 98.7 99.3 99.8 98.6 98.5 98.5 99.9 101.5 102.8 103.8 103.9 103.4 101.6 99.1 97.3 94.1 91.3 88.1 84.4 81.4 79.5 78.1 78.7 78.9 79.1 79.6 82.5 89.4 96.1 100.9 104.4 106.8 108.7 112.1 117.4 120.5 122.6 125 127.1 128.7
82.2 81.4 80.3 79.2 78.2 77.2 76.4 76.1 75.9 76.1 77.1 77.4 74 73.4 73.7 74 74.3 74.4 74.7 74.9 75.9 78 80 81.8 83.5 84.8 86.6 87.7 91.1 93.7 96.5 98.6 101.2 105.1 109.7 110.3 108 105.8 103.3 103 102.9 103.5 102.4 101.2 101.1 101.8 103.1 104.2 105.1 105.3 104.9 103.7 101.4 99.6 96.8 94.2 90.1 84.7 80.6 77.8 77.6 78.1 79.3 80.9 83.6 87.8 93.4 100.3 105.8 109 111.6 112 116.1 120.9 124.4 125.9 127.9 129.9 131.3
78.2 78.1 77.7 77.4 76.4 75.6 75.3 75 74.9 74.8 75.2 75.1 72.6 73.3 73.7 74.1 74.1 74.1 74.4 74.7 76.3 78.4 80.4 82.4 84.5 85.7 88.3 91.3 93.6 96.6 101.2 104.9 110 114.8 116.2 113.8 111.5 109.5 107.6 108 107.9 107.1 105.8 104.6 104.5 104.4 105.1 106 106.6 107.1 106.6 105.9 104.7 103 100.9 98.2 93.3 85.4 78.1 77.5 77.5 78.4 80.3 84.1 86.9 91.8 99.1 105.1 110.6 113.8 115.6 116.3 119.1 124.7 127.7 129.5 131.3 132.4 133.7
79.9 78.9 76.8 76.1 75.4 74.5 74.1 73.9 73.9 73.8 73.7 73.2 71.9 72.5 73 73.6 73.9 74.1 74.1 75.1 77.1 80.3 82 84.1 90.4 93 96.8 99.4 100.1 104.9 111.2 115.4 118.4 118.4 116.4 114.3 112.5 110.6 110.2 110.5 110.8 110.2 109 108.1 107.6 107.3 108 108.3 108.5 110.8 113.3 109.4 108.8 108.8 107.6 105.1 101.8 89.8 76.8 77.4 78.7 80.3 84.4 88.8 92.4 97.5 104.4 110.6 114.8 117.4 120.3 122.7 126.3 129.3 130.9 132.1 133.2 134.6 135.9
82.3 80.6 79.5 78.3 77.6 76 74.2 73 73 73 73 72.2 71.6 72.1 72.8 73.1 74 74.2 75.9 78.1 79 83.9 91.1 96.1 99.7 102.3 105.6 108.2 111.1 114.5 118.8 121.3 120.6 117.5 115.2 112.9 111.6 111.1 111.1 111.6 111.4 111.3 110.6 109.8 109.1 109.4 110.1 110.4 111.2 114.4 113.5 113.6 114.5 114.8 113.7 112.2 106.1 88.9 77.5 77.7 79.3 81 84.4 92.4 98.2 103.8 110.2 116 120.5 122.9 125.9 127.6 129.7 131.1 132.5 134.3 136.3 137.3 138.1
84.5 83.3 82.2 80.7 79.6 77.9 76 74 72.5 72.4 72.3 72.1 71.2 73.1 74.7 75.5 76.3 75.7 77.2 85.4 91 95.5 101.4 104.3 106.2 107.8 109.4 111.9 113.9 116.9 119.2 119.7 118.6 115.3 112.5 110.9 110.1 110 110.1 110.3 109.9 109.3 108.5 108.5 109.3 110.2 111.7 113.1 114.7 115 117 117.3 119 118.9 116.8 112.8 103.9 83.6 77.1 77.5 84.5 85.3 81.9 87.2 100.2 106.7 112.5 117.4 120.9 124 127 128.7 129.7 131.4 132.7 134.7 137.4 138.5 138.4
90.5 87.5 85.1 83.6 81.3 79.8 77.6 75.1 72.7 71.8 70.9 72.8 71.7 72.2 72.5 73 76.7 86.4 91.4 95.6 100.3 104.8 108 109.1 109.2 109 110.2 112.1 113.1 114.4 116 116.1 114.5 112.3 109.9 108.3 107.5 107.6 107.6 107.4 107.2 106.8 106.3 107.2 107.9 110.8 112.6 115.3 117.8 119.4 121 121.3 122.7 120.8 115.3 108.4 98.7 79.7 75.9 79 92.1 95.5 93.8 86.7 89.6 100.5 106.7 111.1 115 120.2 124 126.7 128.2 128.9 130 131.4 133.5 134.9 135.8
93.5 90.5 87.7 85.1 82.7 80.4 78.2 75.7 71.5 71.1 70.6 70.7 71 71.6 71.8 79.4 89.4 94.8 99.2 99.8 101.9 105.2 107.6 108.7 109 108.6 109 109.4 109.8 111.1 112.1 110.2 110 108.1 106.7 105.3 104.6 104.4 104.2 104.4 104.3 103.9 102.8 103.7 107.9 111.3 113.7 116.4 118.8 121.7 122.9 122.1 119.5 114.4 107.8 98.5 87.8 75.1 76.1 81.7 94.9 98.7 100.4 94.8 86.7 90.1 92.7 99 104.6 109.7 115.1 121 123.6 124.1 125.1 126.7 128.3 129.9 132.4
93.7 91 88.4 85.9 83.1 80.7 77.7 75.4 70.4 70.1 69.9 70.8 71.4 71.7 73.7 82.7 88.7 94.5 97.4 98.5 100.3 103.4 105.6 106.4 106.6 105.7 105.5 105.9 106.4 106.7 107.2 106.4 105.3 104.2 102.9 101.6 100.9 100.9 100.7 100.8 101.3 100.7 99.6 101.9 107 111.5 113.9 114.8 117.4 118.5 117.2 113.3 108.3 101.9 97.5 90.7 80.3 75.7 76 85 95.7 101 103.5 100.5 97.4 102.1 94.7 102.8 102.6 95.2 100.6 110.7 115 118.2 119.6 120.2 121.6 124 126.5
93.9 91.2 88.4 85.6 82.4 79.4 76.6 73.2 70 69.4 69.9 70.7 71.1 71.5 73.8 78.5 83 87.7 91.8 95.5 99.4 103.7 105.1 105.2 104.9 102.9 101.6 102.1 101.5 102.8 103 102.7 101.5 100.3 99.1 97.8 97.2 97.2 97.2 97.3 98.3 97.5 96.7 99.5 103 108.2 110.3 110.9 111 108.9 104.6 99.3 92.9 87.9 85.5 82.1 76.3 76.5 76.7 84.5 93.8 100.5 104.5 106.5 107.7 108.7 106.7 103.8 100.9 95.2 95.2 95.2 95.2 108.1 113 113.6 115.6 118.5 121
93.2 90.1 86.9 83.8 80.6 77.4 71.3 70 69.7 69.6 70 70.7 71 74.5 77.6 81.5 84.5 88.2 91.9 99.4 104.7 106.7 107.1 107.1 106.7 104.6 102.1 98.7 97.1 99 99.2 98.7 97.5 96.3 95.2 94.2 93.5 93.4 93.5 94 95 94.3 93.6 95.1 97.1 99.2 101 101.2 99.7 95.6 91.2 85 79.2 77.5 77.2 75.8 75.1 76.4 79.8 88.2 98 104.3 109.3 112.1 114.5 116.2 110.1 104.6 105.3 109.6 106.6 99.6 100.8 103.7 107 110.8 113.9 116.3 118.8
92.9 88.9 85 81.5 78.8 73.4 69.5 69.6 69.4 69.1 70.3 71.2 73.5 78.3 85.5 90.7 95.4 100.3 103.4 107.1 109.8 111 110 109.7 108.8 107.2 104.7 101 95.4 94.7 95.3 94.5 93.5 92.4 91.9 91.5 90.8 89.8 90.2 90.8 91.5 91.1 90.2 90.4 91.4 92.3 92.6 91.4 88.3 85.6 82 77.1 75.2 75 74.9 75.2 74.5 77.9 87.9 98.5 104.4 109.7 113.9 117.4 122.4 126.8 124.1 120.1 120.9 119.8 115.1 104.7 103.5 111.9 114.7 116.9 118.1 118.2 118.7
88.9 85.4 80.3 76.1 72.1 69.4 69.2 69.2 69.1 69.7 71.6 74.4 80.9 91.4 99.4 106.4 108.6 110.8 112.5 114.3 115.1 114.9 114.1 111.3 110.9 109.2 106.3 101.7 96.4 90.6 91 90.6 89.6 88.7 88.9 89.2 88.3 86.9 86.8 87.3 88 88.1 86.5 86.4 87 87.1 86.3 84.6 82.4 78.5 75.2 75 75.1 75 74.9 75 77.1 86.3 94.9 101.8 107.5 112.7 117 120.7 125.4 128.4 129.2 128.5 126.7 124.4 120.1 110.1 101.6 109.9 114.1 120 123 123.8 124.4
84 79.9 73.4 69.4 68.9 68.7 68.8 69.1 71.6 74.6 78.9 84.5 95 105.3 111.1 114.6 118.1 119.1 120 119.6 119.2 118.2 116.5 114.3 112 109.2 105.4 100.7 95.9 90.7 86.9 86.2 85.9 86.4 86.5 86.5 86.1 84.5 83.4 83.8 84.6 84 83.5 83 83.3 82.3 81.8 80.8 78.9 73.5 73.7 74.4 74.8 75 74.8 75.3 81.4 86.1 92.8 99.1 106.5 113.4 117.4 121.4 125.8 129.1 131.5 132.7 130.8 128 124.1 114.4 105 112.4 116.9 119.9 123.9 126.7 131.3
79.5 73.5 68.7 68.3 67.9 68.2 68.2 74.1 83.1 89 93.8 99.8 108.8 115.6 120 122.4 123.8 125 125.3 124.2 122.8 119.9 117.4 114.7 111.6 108.6 104.6 99.8 95 90.2 85.9 83.7 83.7 84.5 84.6 84.5 83.8 82 80.8 80.9 81.6 81.8 81.3 80.8 80.5 79.8 78.9 77.8 75.7 74 73.9 74.2 74.5 74.4 76.7 83.6 85.8 85.6 79.2 106.2 105.9 110.5 115.9 120.7 126 130.8 134.5 137.5 136.9 133.7 129.8 119.7 107.2 115.3 119.9 124.3 127.7 129.5 132.4
75.4 69.9 67.9 67.1 65.5 67.3 75.3 88.3 98.4 103.8 107.6 111.2 117.1 122.8 127.2 128.9 129.2 128.3 127.9 126.4 123.3 120.4 117.4 114.1 110.8 107.5 103.8 99.1 94.3 89.7 85.9 81.8 81.7 82.6 82.8 82.4 81.9 80 78.3 78.1 78.7 78.9 79 78.9 78.5 78.1 76.8 75.5 73.3 73.6 73.7 73.8 73.7 78.9 87.2 92.6 95.4 95.3 91.1 106.7 107.8 109.2 115 121.1 128.7 134.6 139 141.4 140.4 138.2 134.9 125.9 109.4 119 125.8 130.5 133 134.3 136.5
74.1 68.6 67.2 65.2 68 74.2 87.2 97.2 106 111.9 114.7 117.5 122.8 126.9 130.3 131.5 131.1 129.6 128 125.6 122.2 119 115.8 112.5 109.3 105.9 102.4 98.2 93.5 88.8 84.4 81.2 80.1 81.3 82.5 81.9 80.7 79.1 77.3 75.6 75.8 76.2 75.9 77.2 72.4 71.7 70.8 71.3 72.9 73.1 73.5 72.8 76.5 83.4 91.3 98.6 102.1 102.2 99.4 108.1 107.3 108.9 116.7 123.2 130.4 137.8 141.7 144.6 144.2 141.9 139.6 129.2 111.5 125.8 132.3 135 137 139.1 142
73 67.8 66.5 66.8 69.5 82.3 91.9 99.8 107.8 114.4 117.9 121.3 125 128.1 130.3 131.3 130.3 128.2 125.7 122.6 119.4 116.2 113.3 110.1 106.9 104.1 101 96.7 92.2 87.3 83.2 79.9 79 80.8 83.3 82.2 81.3 78.8 75.9 74 73.1 73.2 73.9 71.3 72.3 71.8 71.6 71.8 72 72.9 72.5 75.4 78.7 84.2 92.2 99 106 108.5 107.4 106.8 106.8 104.4 109.2 120.8 127.3 134.7 142.5 147.1 148.2 145 141.7 134.2 113.7 128.9 134.6 138.4 140.9 143.7 147.4
71.7 67 65.6 66.4 76.2 84.9 92.4 99.5 109.3 115.3 119.2 121.8 124.8 127.5 129.1 128.8 126.7 124.2 122 119.1 116.2 113.2 110.3 107.5 104.5 101.8 99.2 95.1 91 86.1 82.2 77.8 77.5 83 85.6 84.4 82.6 78.1 73.9 71.9 71.5 71.7 71.8 71.2 72.5 72.6 72.4 72.4 73 73.5 75.3 77.5 79.7 83.5 90.4 99.1 106.6 111.4 114.8 116.9 115.8 109.2 113.5 120.5 126.5 133.3 141.1 145.9 146.7 145.5 144.3 137.2 117.8 128.2 134.8 139 142.7 145.9 149.7
70.2 66.7 64.5 70.4 78.8 84.6 91.3 99.3 108 113.8 117.9 120.9 123.9 126 126.4 124.8 122.5 120.2 117.8 114.9 112 109.3 106.6 103.7 101.8 99.5 96.9 93.8 90 86.1 82.9 77.9 78.6 83.3 87.5 89 84.6 76.4 71.1 70.5 70.6 70.9 71.2 71.6 72.4 72.6 72.7 73.5 74.5 76.9 78.7 80.5 82.4 85.3 89.5 97.6 106.5 113.5 119.6 124.2 125 117.3 110.4 117.4 123.6 129.9 137.3 142.6 144.9 144.9 144.6 138.9 125.5 125.1 134.5 139.7 143.1 146.9 150.6
70.8 65.9 62.9 70.1 77.7 83 90.2 97.7 104.3 109.8 114.5 118.1 121.7 123.2 122.8 121.7 119.3 116.7 113.8 110.7 107.8 105.2 102.7 99.9 97.9 96.7 94.7 92.4 89.8 86.8 83.4 77.2 77.6 81.7 85.4 83.8 78.9 70.6 69.9 69.9 69.7 69.9 71.1 71.8 72.6 72.7 73.1 74.8 76.9 79.5 82.3 85 90.9 96 97.2 98.2 106.7 115.8 121.8 127.7 125.2 115.3 112 114.7 119.7 124.9 131.9 137.9 140.5 142.8 142.6 138.9 131.6 121.6 132.1 139.2 143.8 147.8 151.4
70.2 65.3 64.3 67.1 74.7 81.1 86.7 92.6 98.9 104 109.4 113.5 117.1 119.7 119.1 118.6 116.1 113.5 110.5 107.2 103.8 101.2 98.6 96 94.3 93.1 92 90.6 88.3 86.4 84.2 79.5 73 78.2 80 76.5 70.5 70.3 70 70.4 70.6 71.2 71.9 72.4 73.2 73.7 74.3 77.2 81.1 82.5 86.3 92 99.1 107 111.7 113.6 113.7 115.3 121.4 124.6 121.5 117.8 116.3 117.3 120.1 123.9 127.9 133.3 136.6 140.4 142.2 139.2 132.3 124.5 129 135.5 143.6 147.1 151.6
70 63.8 64.4 65.9 67.5 76.4 81.6 86.1 91.4 97.9 105 111.3 114.8 117.9 117.7 116 113.1 110.2 107.3 104 100.3 97.6 94.9 92 89.8 89.6 88.7 88.4 86.5 84.7 82.9 80.5 72.6 73.8 74.4 71.3 68.9 69.5 70.3 70.7 71.6 72.3 73.7 75.9 77 78.3 80.1 83 86.6 89.5 91 95.8 104.9 113.7 119.2 123.2 124.6 120.7 122.4 124.5 124.5 123.2 121.2 120.7 121.9 124.9 129.8 134.6 138.9 141.5 142.3 139.3 133.5 131.3 131.2 134.4 141.6 146.1 151.1
69.8 64.1 64.5 65.3 66 70.9 77.8 84.3 90.4 98.1 105.6 110.6 113.8 116.5 116.7 113.6 110.2 106.6 103.6 100 96.8 93.6 89.8 87.1 84.8 85.1 85.8 85.7 84.1 82 80 78.3 74.1 69.7 69 68 69.8 70.3 70.7 71.6 73.4 77.2 79.7 80.7 80.6 83.5 87 90.1 93.5 98 100.3 101.5 109.8 119.1 125.3 130.2 128.2 125.7 126.6 129.1 131.8 132 128.9 127.1 127.3 130 133.6 138.1 141.6 143.6 144 139.6 137.8 137.4 137 136.3 136.4 143.4 148.8
71.7 64.8 64.6 64.6 65.4 67.5 76.6 83.4 90.2 97 104.1 108.4 112.3 114.5 113.3 110.3 107.3 103.8 99.4 95.8 93.2 90.3 86.9 83.4 81.3 81.6 83.1 82.6 81.9 79.8 75.8 73 69.5 69.4 68.4 69.1 71.1 72 72.4 73.1 76.3 80.8 83.7 85.7 87.6 89.6 92.7 95.3 99.1 104.6 108.7 110.5 116.4 125.3 131 132.8 133 133.8 136.4 138.3 140.3 140.1 138.8 138 138.7 140.3 143 145.2 146.6 148.1 145.6 143.1 142.8 143.2 144.1 145.3 144.3 143.1 145.9
74.8 64.9 63.4 63.5 64.4 65.8 72.9 81 88 94.3 99.9 104.7 108.8 111.2 109.4 106.6 104.7 100.9 95.8 91.6 89.5 87.3 84.2 81.1 78.1 78.9 80.1 79.7 78.9 76.4 71.5 69.1 68.9 68.4 68.6 70.3 73.1 73.5 74.5 76.5 80.1 83 85.7 88.5 91.1 93.4 96.5 100.7 106 111.7 115.4 117.6 120.5 125.9 132.7 137.5 139.7 142.8 144.2 144.7 146.7 146.8 146.4 147.1 147.2 147.9 149 150.1 151.6 150.8 148.2 147.1 148.5 148.7 150.8 152.4 152.1 150.1 149.8
80.1 73.5 67.9 62.2 63.5 64.8 68.1 75.9 83.8 91.6 98 104.1 109.4 112.3 110.1 104.5 101.9 97.9 92.8 89.2 85.9 84.4 81.3 78.4 75.6 75.9 76.2 76.3 74.7 69.6 68.6 68.6 68.3 70.2 72 73.8 74.7 76.1 77.5 79.7 81.5 84.3 87.7 90.3 93.5 97.5 100.5 103.8 109.4 115.6 120.7 124.1 127.4 132.4 136.8 140.6 144.3 148.5 149.4 150.5 151.6 152.1 152.3 153 153.8 154.2 154.7 155.2 155.3 153.2 151.7 153.1 155.2 155.5 156.6 158.9 158.4 156.8 156.2
93.1 86.5 77.7 67.4 62.4 63.7 66.2 72.2 80.6 89.1 97.8 104.1 110.1 114.8 112.9 105.3 99.6 94.9 90.5 86.9 83.7 81.3 78.8 77 73.7 72 71.3 71.6 68.6 68.3 68.3 67.7 68.6 71.7 73.6 75.4 77.2 79.1 81 80.2 82.1 85.4 88.9 93.9 97.9 102.3 104.9 108.1 112.4 118.3 124.6 129.5 134.9 139.5 143.4 146.3 149.3 151.8 153.4 154.1 155.3 155.5 156.2 157 158 158.4 159 159.4 158.2 156.5 155.9 158.9 160.9 162.9 164 164.8 165.1 164.5 164.6
99.8 94 89.5 81.6 69.6 62.5 64.6 69.9 77.3 87.2 96.4 103.9 110.4 114.7 113.4 107.2 100.9 94.5 89.5 86.7 83.8 80.4 77.1 74.6 71.6 70.1 68.6 67.9 67.7 67.7 67 68.4 69.9 73.2 75.4 76.7 79.3 81.3 81.9 82.4 84.4 87.5 92.3 97.7 102.4 106.2 110.4 114.7 118 122.2 128.3 134.5 139.8 144.8 149.5 151.4 153 154.5 156.1 156.7 157.9 158.4 159.6 160.5 161.4 162 162.4 162.6 161.5 159.9 161.4 165 167 168.7 169.2 169.7 170.1 170.2 170.9
101 97.8 93.3 87.1 77.8 61.9 63.7 66.9 75.4 86.4 95.9 102.9 109.3 113.2 111.7 108.1 103.3 98.7 90.2 88.3 84.5 80.6 77.5 74.3 71.2 68.9 67.9 67.5 67.5 66.9 67.7 70.7 73.4 75.2 77 80.1 82.1 84.4 85.6 86.9 88.5 90.9 95.8 102.8 108.9 112.5 117.2 122.2 124.7 128.1 131.9 138 143.1 147.8 151.9 154.1 154.3 155.8 157.2 158.9 160.9 162.1 164.1 165 165.2 165.4 165.8 165.7 165 165.5 168.3 171.6 173.7 173.4 173.8 174.3 175.1 176.7 177.4
