public/OST50/SX49.asc
ncols 200
nrows 200
xllcorner 240000
yllcorner 90000
cellsize 50
[rows 70 to 104 of 200, columns 0 to 77 of 200]
138.8 136.4 133.7 128 116.1 116.3 119.4 124 128.2 131.5 133 133.8 132.5 131.5 135.2 138.9 142.8 145.4 149 152.9 155.2 161.7 165.7 168.6 170.8 171.7 173 172 170.8 168.3 164.6 157.4 152.7 159.9 164.2 167.2 168.7 170.5 171.9 173.5 175 178.2 182.1 186 188.8 191 192.9 194 195.2 196.4 197.1 197.8 197 196.5 195.9 195.3 195.3 195.4 195.4 195.2 195.8 196.1 196 195.6 194.8 193.7 191.7 189.7 186.4 190.4 192.7 194.4 196.7 198.6 200.5 202.5 204.5 206.5
143.8 141.9 136.3 121.5 115.3 117.5 123 126.1 130.9 134 135.6 136.6 136 134.3 137.7 142 144.6 147.8 152 156.1 159.8 164 167 170.9 173.6 175.3 176.1 175.9 174.8 171.9 168.7 162.9 156.1 157.3 163 166.8 169.9 172.7 174.4 175.5 177.1 179.5 182.4 184.7 187.1 188.1 189.2 190.6 193.2 194.6 195.6 196.5 195.1 194.3 193.7 193.2 192.9 192.7 192.5 192.5 192.8 194.1 193.9 193.6 192.7 191.1 189.2 186.8 185.9 188.4 190.6 192.2 194.7 197.1 199.1 201.8 204.5 206.7
146.3 142.2 130.4 115.5 115.4 120.1 124.6 128.7 133.1 136.2 138.4 139.4 139.8 138.4 138.4 142.8 146.2 148.7 152.7 157.9 162.1 166.5 169.8 173.1 176.1 178 179 179.6 178.7 175.8 172.6 166.9 160.7 157.3 160.6 165 168.8 172.1 174.1 175.1 176.4 178.4 180.8 182.5 184.6 185.6 187.3 189.4 191.8 193.2 194 194.9 194 192.5 191.5 190.7 190 189.8 189.9 190.2 191.1 191.4 191.7 191.2 190.1 188.6 186.3 183.8 184 186.6 189 190.8 193.6 196.8 199.6 202.3 205.2 207.5
147.4 142 124.6 115.5 117.3 122.3 127.2 131.4 135.6 138.6 140.6 142.1 142.6 142.5 141.4 142.8 147.1 150.1 155 159.7 164.3 169 171.9 174.6 178.3 180.5 182 182.5 182.2 180.7 177.5 172.5 166.1 162.8 162.7 160.5 164.2 167.2 170.4 173 175 176.8 179.2 180.7 183 185.6 187.6 189.6 191.3 191.7 192.5 193.4 192.9 191.4 189.8 188.6 187.8 187.6 187.8 188.2 188.3 188.5 188.8 188.5 187.4 185.9 184 181.3 184.1 187.2 189.8 191.8 194.2 197 200.1 203.1 205.9 208.3
146.3 140.1 120.9 115.5 118.2 123.6 130.1 134.4 138.4 141 143.1 144.5 145 145.1 145.4 146.2 149.5 152 157.7 162.6 167 171 174.6 178 180.9 183 184.4 184.9 184.9 184 181.8 176.9 172 169.3 167.6 167 167.8 168.9 170.1 170.9 173.6 177.2 179.9 182.1 183.5 185.7 187.6 189.6 190.2 190.7 191.2 191.8 191.8 190.2 188.7 187.1 186.8 186.5 186 185.3 185.4 185.7 186 185.7 184.5 183.1 180.7 181.9 185.9 188.8 191.1 193.4 195.9 198.3 200.8 204 206.6 209.1
144.6 134 115.8 115.7 119.9 124.9 133.5 137.9 140.8 143.3 145.5 147.1 147.7 148.2 149.2 150.2 152.5 155.2 161.3 164.7 168.9 172.5 177.5 180.7 183.6 185.4 186.9 187.4 187.5 186.9 185.3 183.1 178.9 175 172.5 171.6 173.2 174.1 174.8 174.8 175.3 178.5 181 183.2 185.3 186 187.6 188.8 189.2 189.7 190.1 190.6 190.7 189.1 187.6 185.7 185.3 184.5 183.6 182.7 182.6 182.8 183.1 182.7 181.2 179.7 181.6 184 187.1 189.7 192.4 195 197.4 199.9 202.3 205.1 207.6 210.2
141.5 125.9 114.2 116.3 120.8 126.3 134.6 140.3 144.1 146.7 149.3 150.5 151.9 153.6 154.2 155.2 157.1 160 164.8 168.4 171.9 175.9 179.9 182.9 185.4 187 188.6 189.2 189.6 189.5 188.2 186.9 184.8 182.3 179.9 176.8 177.3 178.4 178.9 178.3 178.1 180.2 182.6 184.7 185.5 186.5 187.3 187.8 188.3 188.8 189.2 189.4 188.7 187.1 185.6 184.2 183.7 182.9 182.2 181.5 181.4 181.3 180.7 179.8 178.4 179.6 182.5 185.3 188 190.7 193.4 196.3 198.9 201.4 203.8 206.6 209.2 211.7
130.1 114.1 114.1 116.6 121.4 128.4 135.7 141.3 145.9 148.8 152.9 154.4 156.1 157.5 158.3 158.7 160.4 163.8 167.8 171.4 174.4 177.8 181.5 183.9 186.2 188 189.5 190.2 191.4 191.2 190.1 190.3 190.5 189.1 186.3 183.4 182.7 182.8 183.3 182.7 181.5 182.6 183.9 184.7 185.1 185.9 186.9 187.2 187.5 187.7 188 188.1 187.7 186.2 184.5 182.5 182 181.4 180.7 180 179.1 178.5 177.8 176.8 178 180.4 183.6 186.4 189.1 191.8 194.5 197.4 200.2 202.9 205.3 208.1 210.6 212.6
118.7 114.3 114.8 119.3 126.6 132.8 136 142.3 146.2 152.2 155.9 158.6 160.3 161.6 162.4 163.2 164.1 167.9 171.2 173.8 176.6 179.2 182.3 184.7 186.8 188.7 190.4 191.6 192.9 194 194 194 194 193.5 191.3 190.5 189.6 188.4 186.4 185.1 184.9 185.1 184.9 184.8 184.8 185.5 185.9 185.9 186.2 186.4 186.6 187 186.7 185.1 183.3 181.3 180.4 180.2 179 177.2 176.2 175.6 174.9 176.3 179.1 181.4 184.7 187.5 190.2 192.9 195.6 198.4 201.3 204.1 206.8 209.3 211.6 213.4
114.8 114.6 116 122.4 130.9 138.1 142.8 145.8 150.5 155.3 159.4 162.2 164.5 164.3 166 166.2 167.7 170.3 172.3 174.5 176.8 179.6 182.7 185.3 187.5 189.3 191 192.3 194.3 196 196.8 197.1 197.3 196.8 196 195.2 194.3 192.5 189.2 187.5 187.8 186.8 186.4 185 184.4 185 184.8 184.6 184.9 184.8 185.4 185.9 186.2 184.8 182.7 181.1 179.8 179 177.5 174.3 173.4 172.7 174.2 177.2 180.4 182.5 185.2 188.6 191.3 194 196.7 199.5 202.4 205 207.6 209.8 211.8 213
114.4 115.2 119.6 127.3 136 141.7 145.9 150.5 154.7 158.8 163.1 165.4 166.9 166.5 169.4 170.4 171.4 171.9 172.4 174.5 177 179.4 182.6 185.2 187.3 189.1 190.7 193.1 195.9 197.7 198.9 199.5 199.1 198.9 197.9 196.9 196 194.5 192.4 190.7 189.3 188.4 187.2 185.7 184.6 183.8 183.5 183.2 183.1 183.8 184.6 185.9 185.8 184.8 183.2 181.7 180.4 178.2 174.6 169.8 173.4 175.2 176.9 179.2 181.8 183.9 186.6 189.7 192.4 195.1 197.7 200.3 202.8 205.4 207.8 209.4 211 212
115 117.3 127.3 134.6 140.4 145.4 149.9 153.8 157.7 162.7 166.1 168.5 170.3 171.8 171.4 171.5 171.8 171.8 171.8 173.7 175.8 178 181 183.5 186 188.7 191.7 194.7 197.2 199.4 200.3 200.4 200 199.2 198.6 198.1 197.4 196.5 194.6 192.7 191 189.7 188.1 186.5 185 183.6 182.3 181.5 182.5 183.7 184.3 185.1 186 185.1 183.8 182.2 180.4 176.8 171.5 170 173.7 175.9 178.3 181.5 183.6 185.5 187.9 190.8 193.6 195.5 197.8 200.7 203.2 205.4 207.2 208.6 210 211.1
115.8 123.7 132.7 138.1 143.7 148.4 152.3 156.8 160.8 164.7 167.9 169.5 171.1 172.4 172.2 171 170.5 170.3 170.2 171.6 173.1 175.5 179.2 182.6 185.9 189.4 192.5 195.4 198 200 200.6 200.4 200.1 199.8 198.9 198.7 198.6 198.1 196.4 194.6 192.9 190.9 188.7 186.8 185.2 183.8 182.5 180.4 180.2 181.6 183.3 183.9 184.7 185.4 184.6 182.2 179.7 176 169.3 169.9 175.5 178.7 181.4 183.6 185.6 187 189.3 191.8 193.9 195.7 198 200.3 202.4 204.5 205.6 206.7 208.1 208.8
119.1 127.7 133.6 139.9 144.9 149.1 154.1 158.5 162.5 165.4 168.1 169.8 170.7 170.5 169.4 168.7 167.9 166.5 166.8 167.4 170.8 175.5 179.1 182.8 186.3 189.8 193.1 196.3 198.7 200.4 200.3 200.1 199.8 199.5 199.4 199.2 199 198.9 197.8 196.2 194.4 192.4 190.1 187.6 185.5 184.1 182 179.5 177.9 179.5 181.7 182.9 183.8 184.8 183.7 181.4 178.6 173.9 166 170.9 177.5 180.5 182.5 184.1 186.1 188 189.3 190.9 192.8 194.8 197 199.4 201.5 202.9 203.8 204.7 205.7 206.3
118.3 125.5 132 138 143.6 148.4 153.7 158.5 161.3 164.7 167.4 168.7 168.7 167.9 166.8 165.8 164.7 163.2 163.3 166.4 171.3 175.4 180 183.6 187.4 190.9 194 197.5 198.9 200.2 200 199.8 199.5 199.3 199.6 199.6 199.4 199.3 198.8 197.4 195.8 193.5 191 188.6 186.2 183.5 181.2 178.6 175.8 177.3 179.6 181.7 182.9 182.8 181.6 180 176.9 169 165.6 172.8 177.2 180.4 182.3 184.2 186 187.3 188.1 189.8 191.6 193.5 195.7 198.1 199.9 201.2 202.3 203.2 203.6 203.9
114.9 117.3 127 134 140.8 146.1 151.2 154.7 158.8 161.9 164.7 165.8 165.3 164.3 162.4 160.1 158.5 159.7 163.5 167.2 172.3 175.7 180.9 185.5 189 192.5 195.3 197.6 199 199.6 199.7 199.4 199.1 199.2 199.5 199.8 199.8 199.7 199 198.2 196.5 194.3 192 189.5 186.8 183.4 180.4 177.7 175 175.1 177.6 179.7 180.1 180.4 180 178.4 174.5 166.2 167.1 173.9 177.1 179.4 181.3 183.3 185.1 185.9 186.7 187.4 188.8 190.4 193.3 195.8 197.7 199.3 200.7 201.3 201.7 201.9
120.7 119.7 118.5 130.1 139 144.9 148.7 151.5 153.9 156.6 159.8 160.8 161.3 160 157.5 154.2 156.8 161 165.1 168.3 171.9 175.6 181.4 186.7 190.3 193.8 196.1 197.8 198.6 198.7 198.8 198.6 198.5 198.9 199.3 199.7 200.7 200.3 199.4 198.6 197.3 195.2 192.9 190.1 187.1 183.3 179.4 176.6 173.7 172.2 175 178.2 178.2 178.2 178.1 176.9 172.6 164.3 166.4 172.6 175.9 177.4 178.4 181.1 183.1 184 184.9 185.6 186.2 188.5 192.3 194.9 196.5 198.1 199.1 199.5 199.8 199.8
131.9 133.1 123.4 121.7 132.6 140.7 144.9 147 148.7 150.4 152.2 152.6 152.3 149.4 148.7 153.4 157.5 162.5 165.3 168.1 171.9 177.4 182.8 187.6 191.3 194.3 196.3 197.4 197.4 197.3 197.4 197.4 197.7 198.6 199 199.3 200.3 200.3 199.8 199 197.6 196.1 193.4 190.3 186.3 182.2 178.5 175.6 172.8 169.9 172.5 174.5 175.9 176.3 176.3 174.9 171.3 162.8 165 170 173.1 174 175.3 178.1 180.6 181.6 182 184 186.1 188.6 191.5 193.9 195.4 196.9 197.6 197.5 197 197.1
138.5 139.6 135.3 124.5 123.4 131.1 135.2 137.2 139.5 140.7 141.5 141.2 145.4 149.7 154.2 158.5 162.7 164.7 167.6 170.3 174.6 179.7 184.6 188.7 192.2 194.5 196.1 196.4 196.5 196.4 195.8 196.3 197 198 198.6 198.8 199.9 200.1 199.6 199.1 198 196 193.3 190.6 186.5 182.6 179 175.7 172.6 168.5 169.3 171.3 173.1 173.9 174 173.8 169.1 162.7 162.9 166.9 169.3 170.4 172.3 175.1 177.1 178 180.1 182.6 185.3 188.1 190.9 193 194.8 195.7 195.6 195 194.5 194.4
142.7 144 143.9 138 125.9 125 128.3 132.5 136.8 140.6 143.8 147.5 150.1 154.6 157.8 161.9 165.3 167.7 169.8 172.7 177.1 181.3 185.3 189 192.3 194 195.1 195.7 195.3 194.8 194.4 195.1 195.8 197 197.6 198.5 199.6 200 199.5 199.6 199 196.8 194.4 191.9 187.2 183 179.6 176.2 173.1 170.1 166.4 168 169.9 171.6 172 172.3 169.9 163.6 161.3 163.3 165 166.7 169.7 171.4 174.8 177.4 179.8 181.9 184.9 187.8 190.4 192.7 194.2 193.9 193.4 193 192.8 192.2
146.3 147.1 148.1 147.4 141.5 128 133.7 139.8 142.8 145.3 147.8 151.1 154.5 157.7 160.7 164.9 167.9 170.2 172.6 175.4 179.1 182.6 185.8 188.8 191.9 193.5 194.4 194.3 193.7 193.1 193.2 193.8 194.6 195.2 195.5 197.9 199.1 199.9 200 200.1 199.8 197.6 195.1 191.8 188.1 183.1 179.5 176 173.2 170.5 167.9 163.1 165.1 168.3 170.7 171.3 169.5 164.7 160.1 163.3 166.5 170.1 171.9 173.1 175.2 177.7 179.5 181.3 184.4 187.4 189.9 192.4 193.4 193.4 192.3 191.3 190.4 189.8
149.6 150.4 151.3 151.4 147.6 127.9 133.1 139.6 142.6 145.9 149.4 152.5 156.2 160.2 163.6 166.9 169.9 172.4 175.2 177.9 181 183.5 186.3 188.9 191.2 192.6 192.9 192.7 192.1 191.5 191.9 191.7 193.3 193.9 195 197.2 198.8 199.4 200 200.4 199.7 197.9 195.7 192.8 188.8 183.3 179.2 176.4 174.1 172 169.9 166.6 162.5 163.5 168.6 170.3 168 162.7 159.5 164.1 168.7 172 174.2 175.3 176.6 178.1 179.6 181.9 185.2 188.4 190.9 192.9 193.3 192.8 191.5 190.2 189.1 188.5
152.7 154.6 155.2 154.2 149 132.1 131.5 135.3 139.8 144 147.1 150.1 155.8 160 163.7 167.8 171.1 174 176.5 179.2 181.6 184 186.8 189.4 191.1 191.8 191.9 191.8 191 190.3 190.1 190.5 192 193.2 194.5 196.4 197.8 198.7 199.3 199.7 199.6 198 195.8 193.7 189.6 185.9 182.5 179.8 177 174.3 171.5 167.7 164 159.5 163.9 167.5 165.4 159.5 159.8 166.3 171.5 174 176.2 177.7 179.4 180.4 181.8 184.2 186.4 189.4 191.6 192.4 193.3 192.2 190.6 188.7 187.7 187
156.5 157.9 157.8 155.3 149.3 135.8 134.3 142.2 146 147.5 149.1 150.3 152 157.5 163.9 168.4 171.9 174.7 177.2 179.7 182 184.4 187 188.7 190.4 191.4 191.3 191.1 190.2 189.5 188.7 188.4 190 191.9 193.6 195.1 196.6 197.8 198.3 198.8 199.1 198.4 196.8 195 192.1 189.2 186.4 182.8 180.3 177.3 174 170.5 166.4 163.4 157.9 162.7 161.5 157.5 163.1 170 174.4 176.8 178.7 180.4 182.1 183.4 184.9 186.7 189 191.1 192.5 192.8 192.4 191.4 189.7 187.6 185.2 184.3
158.8 159.7 159 156.5 150.6 138 135.2 144.9 148.8 152.3 155.5 158 160.2 159.7 160.8 167.9 171.8 174.6 177 179.5 181.9 184.1 186.1 188 189.8 191.1 190.9 191 189.8 188.7 188 186.9 188.2 190 191.7 193.4 194.7 195.7 196.4 197.1 197.6 198 197.3 195.6 193.3 190.8 188.1 185.2 181.9 178.9 175.7 172.6 169.8 166 159.9 155.5 155.5 160.2 168.8 172.7 176.6 179.6 181.4 183.2 184.8 186.5 187.9 189.2 190 191.5 192.5 191.8 191.5 189.5 188 185.9 183.5 185.2
159.2 160.1 159.2 156.9 151.5 143.2 133.9 143.7 150 154.5 158.9 162.1 164.5 166.3 164.5 165.5 171.2 173.7 176.5 178.8 181 183.2 185.5 187.6 189.4 190.4 191.1 190.5 189.7 188.5 187.4 186 185.9 187 189.1 190.6 192 193.4 194.5 195.5 196 196.9 197 195.9 194.3 191.9 189.1 186.3 183.5 180.3 178.3 175.9 173.3 169 163.1 155.1 155.1 161.9 168.2 173.4 178 181.4 183.3 184.8 186.4 187.9 189.4 190.2 190.7 192 192.1 191.1 189.3 187.6 185.8 183.3 180.5 185.2
158.6 159.6 158.9 156.9 151.9 144.8 135.1 141.7 149.3 154.9 159.6 163.6 167.1 169.2 169.4 169 169.5 171.7 175.9 177.9 180.1 182.3 184.3 186.6 188.3 189.4 189.6 190 190.2 189.4 188.3 186.5 184.4 182.9 184.6 187.2 189.3 190.7 192.1 193.8 195.4 196.4 196.8 195.7 194 192.3 189.8 187.5 185.2 182.6 180.6 178.8 176.1 171.5 165.3 155.8 154.7 161 167.3 173.2 180 182.3 184.3 186.1 187.8 189.2 190.6 190.9 191.4 191.3 190.6 188.8 186.7 184.7 182.3 178.9 182.4 186.4
159.1 159.9 159.6 157.1 153.9 149.8 142.6 137.7 147.6 154.3 159.6 164.6 167.6 169.7 170.6 171.3 172.6 173.8 175.8 178.4 180.4 182.4 184.3 186.3 188.4 189.3 190.4 190.9 190.9 190.8 190.1 189.1 187.2 183.1 180 181.9 185.1 187 189 191.7 194.6 196 196.5 195.2 193.9 192.2 190.6 188.7 186.6 184.7 182.8 182 179.9 175.7 169.5 160 152.4 155 162.5 170.5 177.3 180.6 183.6 185.7 188 189.6 190.6 191 190.9 190.2 189.1 186.7 183.7 181.3 177.2 180.8 183.7 186.2
159.7 161 160.9 159.3 157.9 155.3 150.6 140.3 143.8 153.2 158.6 162.8 166.7 169.4 171.4 172.5 174.5 175.8 177.6 179.8 181.2 183.5 185.4 187.3 189.2 190.9 191.4 191.6 191.6 191.8 191.5 190.9 189.3 186.1 181.1 178 180.7 183.7 186.9 190.2 193.1 194.9 195.3 194.3 193.2 191.9 190.5 189.3 187.9 185.8 185.8 185.4 183.9 181.2 176.5 168.8 159.4 152.5 155.6 164.7 172.9 178.2 182.8 185.6 188.5 190.2 190.6 191 190.7 189.7 187.2 183.8 180.7 177.9 178 180.7 183.8 186.6
162.3 163.4 163.6 162.7 162 160.4 154.6 148.4 140.8 151.2 156.4 160.3 164.9 168.9 171.3 174.1 175.9 177.8 179.4 181.3 182.7 184.3 186.3 188.6 190.9 192.8 193.6 193.8 193.5 193.4 192.5 191.5 189.9 187.3 182.8 176.9 179.3 182.7 185.4 188.4 191.6 193.7 194 193 192 190.8 190.1 189.2 188.2 187.8 187.5 187 186.5 184.6 181.3 176.4 168.3 157.1 151.1 158 167.9 175.2 181.4 185.3 188.7 190.1 190.3 190.2 189.5 187.7 185 182.2 178.1 175 176.9 180.1 183.2 186
164.8 166.7 166.8 166.5 165.7 164.2 160.9 156.2 146.1 145.8 152.9 159.1 163.9 168.6 171.6 174.5 177.3 179.1 181.6 183.3 184.3 186.7 189.1 191 194.1 195 195.7 195.5 195.1 194.3 193.2 192.1 190.2 187.3 184.1 177.5 175.6 181.1 184.9 187.8 190.8 192.3 192.4 191.9 191.4 190.1 189.2 188.2 188.1 187.9 188.1 188.2 187.6 186.8 184 179.7 173.3 162.7 151.8 152.2 163.3 173.7 180.3 185.3 188 189.3 189.6 188.9 186.5 185 182.3 179.2 175.8 173.4 176.6 179 181.5 184.6
166.9 169.7 170.5 171.3 170.7 169.3 166.3 160.4 151.6 145.2 154.2 160.3 165.3 169.6 173.2 176.1 178.7 181 183.3 186.4 187.3 190.5 192.8 194.6 196 196.8 196.8 196.6 195.7 194.6 193.7 192.7 190 187 184.1 177.8 172.9 179.8 184.7 186.8 189.2 190.4 190.3 189.9 189.2 188.6 188 186.7 187.4 187.7 188.1 188.6 189 188.2 186.8 182.4 177.2 168.1 157.9 148.6 157 171.9 178.6 183.4 186 187.2 187.1 185.2 184.4 182.6 179.2 176.1 172.5 172.3 174.4 177.1 180.8 184.5
169 172.4 175 176.6 175.5 173.2 168.7 165.5 158.5 147.2 153.8 161.9 166.7 170.6 174.2 177.7 180.6 182.9 185.1 188.4 191.3 193.2 195 197 197.5 197.7 197.7 196.7 195.3 194.6 193.5 192 189.3 186.7 183.8 177.9 171.2 177.5 181.9 185 187.2 187.5 187.9 187.7 186.8 185.6 185.2 185.5 186 186.8 187.9 188.4 188.9 189.7 188.3 185.4 181.2 176.2 166.2 150.9 149.7 168.1 176.4 180.7 183 183.5 182.9 182.9 180.4 179 176 173.4 169.8 169.7 173.6 177.3 181.9 185.8
170.3 174.1 176.5 178.5 177.3 175 171.2 166.8 160.5 152 153 163.4 167.7 171.6 175.2 178.7 182.2 184.8 186.9 189.9 192.9 195.3 197 198 198.1 198.2 197.7 196.7 195.3 193.9 191.9 189.9 187.8 185.6 183.1 176 167.3 173.8 179 181.2 183.3 184.6 185 184.7 184.3 182.9 183.5 183 184.7 185.9 187.3 188.2 189.1 189.9 188.9 187.4 183.6 178.3 170.1 152.6 147.8 164.1 172.5 176.5 178.4 178.6 178.9 178.6 178 176.3 173 169.8 166.1 169 173.5 178.2 183.8 188.2
172.3 175.3 177.4 179.6 179.1 177.7 174 169.2 166.5 159.1 151.7 163.5 168.3 172.7 176.1 179.3 182.6 185.5 188.3 190.8 193.5 195.7 197 198 198.3 197.9 196.9 195.2 193.8 192.3 189.8 187.8 185.8 183.8 181.7 176.1 166.4 167.8 173.8 176.3 178.6 180.7 181.3 180.6 179 178.9 179.4 180.4 182.1 184.3 185.7 186.9 187.9 188.5 188.2 186.7 183.3 177.7 166.8 150.8 146.7 164.3 170.1 171.9 173.2 173.5 173.5 174.2 174 172.3 170.5 166.2 165.8 170.7 176.1 181.1 185.8 190.3
