public/OST50/SX49.asc
ncols 200
nrows 200
xllcorner 240000
yllcorner 90000
cellsize 50
[rows 70 to 104 of 200, columns 78 to 155 of 200]
208.4 210.1 211.9 213.1 214 214.5 214 213.5 212.8 210.9 208.7 206.4 204.3 202.2 200.2 197.8 195 192.1 189.5 189.7 189.8 190.2 194.1 198.1 201.3 204.1 205.6 207.1 205.1 203.7 202.9 201.4 199.4 200.3 202.9 205.1 207.2 209.2 212.1 214.6 217.3 219.7 221.5 222.7 222.9 222.7 221.7 219.5 215.7 210.5 202.5 202.2 204.1 206.4 208.9 211.2 213.8 216.5 218.9 221.9 224.5 227.2 230 232.7 234.9 237.7 240.3 242.4 244.5 245.8 246.7 247.8 248.2 248.8 248.1 248.1 248.9 249.5
209.1 211.3 213.1 214.3 215.3 215.2 214.5 213.8 213.1 212 210 207.9 205.8 203.7 201.4 198.2 195.7 192.9 190.2 186.8 186.3 189.1 192.9 196.3 199.5 200.7 199.8 198.7 197.2 196.2 196.4 196.8 198.5 202.4 203.7 205.5 207.3 209.5 212.8 215.5 218.3 220.6 221.9 223.2 223.4 222.5 220.6 217.8 213.2 204.8 199.3 202.6 204.7 206.6 208.1 209.2 211.5 214.1 215.9 218.5 220.7 222.8 225.5 229.6 232.6 235 238.6 240.7 242.9 244.9 246 247.6 248.3 249.4 249.1 249.1 252.4 250.3
209.9 212.3 214.3 215.5 216.6 216.8 216.4 216 215.6 214.5 212.2 209.4 206.6 204.1 201.7 198.4 196.1 193.6 191 188.2 183.8 187 190.3 192.3 194.7 195.6 195.9 191 192.1 193.9 195.8 198.5 201.6 203.4 204.5 206.6 209 211.3 214.2 216.8 219.3 221.1 222.4 223 222.5 221.1 219.2 215 207.3 198 201.9 204.9 208.2 210 211 212.5 214.3 216.3 218.4 220.6 222.1 223.6 224.8 226.6 230.5 233.2 236.5 239.1 241.4 243.6 245.6 247.1 248.7 249.7 249.9 249.5 253.1 251.7
210.7 213.1 215.5 216.8 217.9 218.3 217.9 217.5 217.1 216.6 214.4 211.6 208.8 205.9 202.7 199.5 196.7 194.1 191.7 189.2 184.4 183.8 186.7 188.6 189.1 187.6 190 192.3 195.5 197.5 200.4 202.4 204.7 205.8 206.8 209.1 211.5 213.9 216 218.4 220.1 221.3 221.6 221.9 221.5 219.6 216.8 211.9 199.5 200.1 204.6 208.2 210.8 213.1 214.4 215.9 216.9 218.3 220.2 222.5 224.4 226.2 227.7 229.5 230.3 231.7 234.7 237.2 239.5 242.1 243.4 246 247.5 249.8 250.3 255.4 252.6 253
211.5 214 216.5 217.8 218.8 218.9 218.6 218.3 218.1 217.6 216.2 213.6 210.7 207.8 204.8 201.9 198.2 195.1 192.4 189.6 186.8 183.2 182.1 183.8 184.3 189.8 194.4 197.7 200.9 203.5 204.6 205.3 206.9 208 209.2 211.3 213.7 215.6 217 218.6 219.6 220.8 220.8 220.9 219.8 217.3 213.5 206.3 196.4 201.8 207.5 210.9 213.2 215.4 217 218 219.1 220.4 221.9 223.9 225.9 227.9 230 231.6 232.4 233.4 234.6 236.4 238.3 240.6 243.1 245.1 247.2 249.5 251.7 252.8 254 254.7
212.7 215.2 216.9 218.2 219.2 219.5 219.4 219.2 219 218.7 217.2 215.1 212.4 209.9 207.2 203.7 199.8 197.4 193.9 192.2 188.9 184.9 180.9 182.9 188.3 193.2 198.1 201.2 204 206 206.8 207.3 208.3 209.9 211.5 213 215.1 216.5 217.8 218.7 219.6 220 219.9 218.7 216.7 212.5 209.1 198.4 197.4 203.4 209 213 215.1 217 218.6 220.2 221.3 222.5 224.2 226.2 228.3 230.3 232.3 234 235.3 236.6 237.6 238.5 240.4 242.3 244.7 246.4 248.4 250.8 252.8 253.6 255.4 256.2
214 216 217.4 218.2 219 219.1 219.5 219.4 219.4 219.1 217.9 216.1 214.3 212.1 209.6 206.1 202.6 200.4 197.2 194.4 191.6 187.6 181.4 180.1 189.4 195.1 198.9 202.6 205.5 206.6 207.7 208.9 210 211 212.2 213.9 215.4 216.5 217.6 218.1 218.3 218.6 217.9 216.6 212.7 205.7 199.5 191.8 198.5 205 210.4 214.1 216.8 218.6 220.3 222.1 223.3 225 226.7 228.7 230.7 232.7 234.7 236.4 237.8 239.2 240.7 241.9 243.6 244.9 247 249 250.6 252.2 253.9 255.4 257.1 257.8
214.8 216.3 217 217.6 218.6 219.3 219.5 219.3 219.2 218.8 218.2 217.1 215.8 213.9 211.5 208.6 205.5 202.5 199 196.2 193.7 191 184.4 178.5 185.5 192.7 197.9 202 205 206.8 208.4 209.5 210.6 211.5 212.3 213.9 215.3 216.4 217.3 217.4 217.5 217 216 214.3 208.7 199.5 191.9 193.3 200.6 207.4 211.3 215.2 218.4 220.7 222.7 224.3 226 227.7 229.4 231.4 232.9 234.2 236.1 238.8 240.5 241.9 243.3 244.9 246.9 248.6 250.4 251.7 253.1 254.1 255.6 257.2 258.8 259.9
214.7 216.1 216.5 217.1 217.7 218.3 218.8 218.6 218.7 218.2 218.2 217.1 216.3 214.9 212.7 209.7 206.8 203.5 200.7 197.9 195.1 192.7 189.1 180.9 178.4 188.1 194.3 198.9 203.3 205.9 207.8 209.7 211.1 212.1 212.8 213.8 215.2 216.3 216.6 216.6 216.9 215.6 213.7 210.8 203.8 193 188.4 194.4 202.8 209.3 212.6 216.3 219.3 222.3 224.6 226.5 228 229.6 231.3 232.7 234.2 235.9 238.5 241 242.8 244.5 246 247.5 249.4 251.2 252.8 253.7 255.4 256.4 257.6 259.3 261 261.8
214.2 215.5 216.1 216.6 217.2 217.8 217.7 218 218.5 218 217.7 217.9 217.2 215.6 213.4 210 206.6 202.9 199.8 197.4 194.3 191 188.5 183.6 175.3 181.8 189 194 199.6 204.5 207.1 209 210.6 212.2 213.3 214 215.1 215.6 215.7 215.1 214.9 212.9 210.9 207.6 197.8 187.1 190.3 199.7 206.9 211.4 214 217.2 220.2 223.1 225.7 227.5 229.2 230.9 232.8 234.1 235.5 238.4 241 243.2 244.9 246.7 248.4 250.1 252 253.2 254.8 255.9 257.2 258.2 260 261.7 262.9 264
213.4 214.1 215 216 216.3 216.7 216.9 217.5 218.1 217.8 217.3 217.9 217.5 216.5 214 210.4 206.5 202.4 198.3 195.3 192.3 189.2 185.4 181.7 176.9 176.1 183.6 189.7 195.6 201.4 205.7 208.4 210 211.6 212.5 213.3 214 214.2 214.1 213.2 211.8 209.5 207.5 201.9 189.9 187.5 196.2 203.5 208.4 212.2 214.8 217.5 220.6 223.8 226.3 228.3 230.3 232.3 233.7 235.2 236.9 239.6 242.2 244.8 246.8 248.6 250.3 252.3 254 255.3 256.8 257.9 258.9 260.6 261.9 263.3 264.6 265.4
211.6 212.5 213 213.5 214.8 215.2 216.6 217.2 217.5 217.7 217.9 218 218 217 214.8 212 208.7 205 200.4 197.4 194.1 191.2 188.1 184.9 180.4 173.2 178.7 185.8 194 200.6 204.7 207.9 209.8 210.5 211.2 211.9 212.1 212.2 211.4 210.3 208.7 206.7 202.4 194.5 184 190.3 199.7 204.5 208.3 212.1 215.1 217.5 220.3 223.1 225.7 228 230.4 232.7 234 235.7 238.4 240.9 243.5 246 248.3 249.8 251.3 253.5 255.3 257 258.4 259.4 260.3 261.5 262.8 264.2 265.3 266.6
209.4 209.6 210.3 211.1 212.3 213.8 215.3 216.3 217 218.4 218.6 219.2 219.2 218.2 216.4 213.7 210.2 206.6 203 199.8 196.1 192.4 188.7 185.9 181 173.9 177.4 187.4 193.9 199 204.4 207.7 208.7 209.4 209.6 209.9 209.7 208.9 208 207 204.5 200.7 197.9 185.1 184.3 194.5 200 204.3 207.8 211.5 215.1 217.5 220.3 223 225.6 228 230.4 232.5 234.4 237.6 239.7 241.3 243.7 245.7 247.9 250.2 252.3 253.9 255.4 256.9 258.5 260 261.1 262.2 263.3 264.2 265.2 266.2
207 207.3 208.1 209 210.4 212.6 214.9 216.1 217.6 219.1 219.6 220.6 220.3 219.4 217.4 214.6 210.9 207.3 204.5 201.2 197.6 192.5 189 185.4 180.8 172.9 176.5 187.4 194.1 198.5 203.4 206.7 207.4 207.5 207.6 206.9 206.1 205.2 204 202.6 198.5 195.1 188.5 179.6 187.3 194.8 198.6 202.3 206.8 210.4 214.2 217.2 220.2 222.9 225.4 227.9 230.3 233 235 236.9 238.6 240.2 242.7 244.8 246.9 249.2 251.4 253.5 255.1 256.6 258.2 259.5 261 261.7 262.9 264.1 265.1 266.1
204.5 205 205.8 208 210.1 212.4 214.6 216.6 218.8 219.7 220.8 221.7 221.3 219.6 217.5 214.1 210.5 207.2 203.8 200.4 196.5 192.3 188.7 185.6 180.8 171.6 175.1 186.9 193.8 198.2 202.4 204.6 205 204.9 204.2 203.3 202.1 200.7 199.6 197.8 192.3 185.4 178.9 180.9 187.8 192.2 195.8 200.1 204.6 208.9 212.9 216 219.2 222.2 224.7 226.7 227.9 230.3 232.7 234.8 236.3 238.4 241.2 243.4 245.5 247.7 250 252.2 254.2 255.9 257.1 258.7 260.4 261.2 262.4 263.5 264.7 265.9
202.1 202.7 204.9 207.1 209.6 211.8 214.2 217 219.1 220.7 221.7 221.7 220.7 219.1 217.1 213.9 210.5 205.8 200.7 197.2 193.6 190.6 187.9 184 177.6 171.4 172.3 183.7 190.7 196.3 200.2 202.6 202.6 202.2 201 199.1 197.3 195.9 194.9 193.1 189.2 178.5 180.7 182 185.5 190.4 194.7 198.3 202.7 206.9 210.7 214.3 215.3 218.9 222.2 223 225 226.7 228.1 230.4 232.3 235.4 238.3 240.4 242.6 245.5 248.1 250.3 252.4 254.6 256.3 257.9 259.6 261.1 261.8 263 264.2 265.2
199.7 201.3 203.7 206.1 208.6 211.3 213.7 216.3 218.8 220.1 220.6 220.4 219.9 218.8 217 214.8 211.3 206.9 200.9 196.4 192.3 187.7 184 181.4 178.5 173.6 168.4 178.1 186.9 193.9 198.1 200 200.1 199.5 198.2 196.1 192.9 190.3 190.6 189.1 178.8 178.2 185.5 188.2 186.9 188.2 193.4 197.3 199.7 203.4 206.8 208.9 211 213.3 215.2 217.6 219.4 221 222.2 225 227.5 230.4 235.1 236.7 240.2 243.8 246.1 248.3 250.7 253.9 255.6 257.2 258.6 259.6 261.2 262.4 263.4 264.3
197.1 199.1 201 203.5 206 208.7 211.5 215 217.4 219.1 219.7 219.7 219.5 218.4 216.6 214.8 211.9 207.8 203.2 199.3 195.9 191.9 188.8 187 185.4 178.4 169.1 170.1 184 191.3 195.4 197.8 197.6 196.6 195 193.1 190.6 185.8 184.3 180.9 173.6 181.9 188.5 192.1 194.4 193 191.5 192.5 196.2 199.2 198.8 202.6 203.4 206.8 208.8 213 216.6 219.5 223.5 226.8 230.1 233.3 235.3 237.1 240.8 243.3 245.6 248.3 250.8 253.2 254.6 255.9 257.2 258.5 260.1 260.9 261.7 262.6
194.9 196.5 198.6 200.8 203.9 206.9 210.7 213.8 216 217.7 218.7 218.6 218.4 217.4 215.9 214.2 212.2 209.1 206.4 203 200.1 197.8 195.1 193.5 191.3 185.5 173.2 167.5 177 186.3 192 194.8 194 192.8 190.9 188.8 185.7 181.7 177.1 172.6 176 183.9 190.6 194.7 197 198.6 197 197.4 199.3 201 203 206.4 209.2 212.2 215.9 218.4 221.2 223.4 226.4 229.1 231.4 234 235.6 238.6 241 243 244.7 247.8 250 251.7 253.2 254.6 255.9 256.7 257.4 258.2 258.6 258.9
193.6 195.2 197.5 199.9 203.2 206.4 209.9 212.5 214.7 216.4 217.5 217.3 217.2 216.3 215.2 213.7 212.2 210.1 207.7 205.3 203.6 200.5 198.9 197 194.9 190.2 180.1 168.5 166.6 178 186.5 190 190 188.5 186 183 178.5 174.5 170.5 174.8 180.4 186.9 192.2 196.6 199.4 201.6 202 202.6 203.9 207.3 210.7 213.3 215.5 217.9 220.2 222.4 224.3 226.3 228.2 230.3 232.3 233.9 236.3 238.3 240 241.9 243.9 245.9 248.1 249.8 250.8 251.8 253.1 254.2 255 255.7 256.3 257.6
192 194.4 196.6 199.2 202.7 206.2 209.4 211.5 213.5 215.2 216.3 216.1 215.9 215.2 214.1 213.1 211.6 210.4 208.4 206.9 205.4 203.4 201.8 200.2 198 193.9 187.4 177.8 167.4 166.2 176.5 182.9 184.2 182.3 178.7 174.4 169 170.3 174.5 178.6 184.2 190.1 194.9 198.6 201.9 204.4 205.9 207.5 208.7 211.8 214.2 216.3 218.6 220.8 223 224.8 226.7 228.2 229.6 231.2 232.6 233.8 236 237.9 239 240.8 242.6 243.8 245.6 246.3 247.1 248.2 249.5 251 251.9 252 252.8 253.7
190.4 193.1 195.4 198.8 202.3 204.9 208.1 209.9 211.6 213.5 214.5 214.7 214.3 213.7 212.5 212.9 210.4 209.4 208.7 207.6 206.1 205.3 204.1 202.4 200.1 196.8 191.4 184.9 174.6 164.4 168.2 175.5 174.4 170.2 166.4 168.5 172 176.6 180.9 184.4 188.4 192.7 196.8 200.8 204.1 206.8 208.7 210.3 212.6 214.8 217 218.9 220.8 222.8 224.8 226.7 228 228.6 230 231.4 232.7 233.6 234.8 236.6 238.4 239 240.4 241.2 242.2 242.8 243.5 244.7 246 247.3 247.3 247.2 248.4 249.6
188.9 191.9 194.3 197.9 201.2 203.7 206.3 207.7 209.9 212.1 213.2 213.7 213 212.4 210.9 211.1 209.6 208.8 208.2 207.7 206.6 205.8 204.7 203.1 201.5 197.9 193.1 187.4 178.7 166.5 162.8 166.3 164.2 165.7 168.1 175 181.5 185.5 187.6 190 192.4 195.7 199.4 202.9 206 208.7 211.1 212.7 214.7 216.3 218.3 220.4 222.3 224.4 226.4 227.8 229.1 229.6 230.2 231.5 231.9 232.6 233.2 234 235.4 236.2 237.1 237.8 238.7 239.1 239.3 239.8 240.8 241.7 242 242.2 245.2 249.5
188 190.7 193.5 196.7 199.9 202.5 204.5 207.5 209.6 211.8 212.4 212.8 211.9 211 210.6 209.3 208.6 208.4 207.7 207.1 206.7 206 205 203.6 201.5 197.8 192.4 183.6 177.7 169.5 162.8 161.9 164 168.5 174.8 181.7 186 189.7 192.1 194.4 196.6 199.5 202.4 205.4 208 210.9 213.1 214.9 216.1 217.7 219.4 221.6 223.8 225.8 227.1 228.3 229.9 230.4 230.8 230.6 230.4 230.2 230.2 230.9 231.7 232.5 233.3 234.2 234.5 234.5 234.1 234.5 235.1 236 235.9 239.4 242.7 246.8
187.8 190.1 193 195.3 198.7 201.9 204.5 207.2 209.3 211.1 211.5 211.6 210.4 209 208.5 208 207.2 207 207.1 206.6 206.3 205.6 205 204 202.5 199.1 193.8 191.7 187.9 178.1 161.3 161 168.1 174.6 179.4 185.3 190.1 193.2 196 199 200.7 202.8 204.9 207.3 209.7 211.8 214 215.6 216.4 218.3 219.9 222.1 223.9 225.6 227.4 228.7 229.5 229.4 228.9 227.3 225.7 225.4 226 226.7 227.3 227.9 227.8 228.1 228.4 228.4 226.2 225.4 227.9 231 234.1 236.5 240.4 243.4
188.3 190.2 193.4 196 199.4 201.9 204.6 207.2 209.3 210.9 211 209.9 208.4 207 206.2 205.4 205.2 205.2 205.6 205.7 205.9 205.5 205.6 204.8 203.9 202.9 200.9 198.4 193.4 184.6 165.5 158.5 164.5 174.9 181.7 188.3 192.4 196.2 198.7 201.4 203.5 205.4 207 208.5 210.5 211.8 213.2 214.3 215.2 216.9 218.7 220.5 222 223.8 225 226 226.5 225.9 224.2 222 220 219.9 219.8 220 219.8 219.7 219.9 218.5 217.8 220.6 224.6 228.2 230.5 233.5 236.5 239.5 242 245.8
188.9 191.4 193.8 196.9 200.2 203.2 205.3 207 208.8 210.5 209.6 208.1 206.6 205.1 203.4 203 203.2 204 204.3 205.2 205.5 206.3 206.5 205.7 205.4 205.1 204 201.7 198.2 192.2 173.4 159.7 158.4 165.2 178.4 187.6 192.8 196.7 200.4 203.3 205 206.4 207.5 208.8 209.5 210.1 210.3 211 211.8 213.5 215.3 216.5 217.5 219.8 220.7 221.4 221.3 220.2 217.9 214.9 211.3 209.7 207.9 207.2 208.4 211.1 214.1 217.3 220.7 225.8 231.4 235.6 239 241.6 244.3 246.4 248.2 252.2
188.8 191.6 194.8 197.2 200 203.4 205.3 207 208.6 208.8 207.9 206.3 204.8 203.2 201.5 200.8 200.8 202.4 203.9 205.1 205.6 206.1 206.9 206.9 206.4 205.9 205.4 203.8 200.7 195.5 183.6 168.1 158.8 158 170.8 184.2 191.4 196.3 200.5 203.4 205.5 206.2 205.9 205.9 205.8 206.7 206.2 205.5 205.1 207.6 209.4 211.2 212.3 213.6 214.3 214 211.1 208.1 203.9 200.4 200.6 203.1 205.7 210 213.3 216 220.3 225.5 230.5 234.4 237.8 241.2 244.9 247.8 250 252 253.1 255.6
189.3 192.1 195.5 198.4 200.6 203.4 205.2 206.5 207.7 207.3 206 204.2 202.5 200.5 198.9 197.4 200.1 202.6 203.8 205.3 206.1 206.5 206.4 206.7 206.2 205.7 204.8 203.8 200 194.6 187.9 179 165 157.2 163.1 177.9 188.4 194.5 199.3 201.9 202.1 202 201.7 201.5 201.2 200.8 198.4 195.8 195.3 197.3 198.2 198.4 200.6 202.3 202.2 200.6 197.4 194.8 196.4 200 205.2 211.3 215.8 220.1 224.2 227.1 230.4 233.5 236.3 239.6 242.2 245.4 247.8 250.5 252.6 254.5 256 257.4
189.1 191.9 194.9 197.7 200.7 202.6 204.4 205.7 206.8 205.5 203.5 201.4 199.6 198.2 195.2 197.5 200.8 202.7 203.9 205.3 206.4 206.6 206.7 206.2 206 205.3 203.6 201.4 197.4 192.2 186.8 181 166.8 155.6 158.3 173.1 183.8 190.3 194.1 195.5 194.8 194.8 192.9 192.8 191.9 189.2 184.1 183.9 181.9 184.6 184.3 183.9 185.3 187.3 187.2 189.8 193.1 193.5 201.2 208.3 216.2 220.2 224.1 227.1 229.6 232.5 234.9 237.7 240.2 242.3 244.6 248 250.2 252.6 254.5 255.8 256.6 257.3
188.1 190.7 194.2 196.6 200.3 202.6 203.6 205 204.9 203.1 201.1 199 196 192.7 194.2 199.3 202.2 203.3 204.6 205.1 205.7 205.8 205.5 205.2 204.8 203.7 201.7 198.7 194.9 189.7 184.2 177.4 161.3 154.8 160.2 170.2 178.9 184.9 188.2 188.6 187.8 185.5 184.3 184.4 182.1 177.4 176 174 174 177.3 180.3 183.3 186.5 188.5 191.3 195.9 200.9 207.1 213.3 217.3 221.5 225 227.9 230.4 232.8 235.7 238 240.6 242.6 245.1 247.3 250.2 251.7 253.5 255.1 256 256.8 256.9
188.9 191.6 195.3 197.5 200.3 202.8 204.2 204.3 202.8 199.2 194.7 191.1 187.3 192.9 198.1 200.9 202.5 203.5 204.3 205.2 205.3 204.8 204.3 204.1 203.2 202 199 195.7 190.9 185.8 177.6 166.3 155 154.2 159.9 168.4 174.7 178.4 181.2 180.3 179 176.4 176.6 175.3 173.9 169.6 172.7 175.4 178.7 183.9 188.6 191.7 195.6 199.2 202.6 206 209.6 213.7 217.5 221.2 224.6 227.8 230.7 233.4 236.1 238.4 240.5 242.2 244.3 246.5 248.7 250.2 251.9 253.3 254.8 255.2 255.8 254.8
190.2 193 196.4 198.9 201.2 203 203.7 202.6 200 195.5 188.9 182.4 190.3 195.2 198.4 200.5 202.1 202.9 203.7 204.1 204.1 203.8 203.3 202.6 201 199 196.1 191.7 185.1 173.3 163.2 156.3 153 154.1 159.8 164.6 168.8 171.5 170.9 169.6 169.5 168.8 168 167.3 168.7 171.2 175.6 181 185 189.7 193.4 196.4 199.5 202.8 205.7 209 212.4 216.2 219.2 222.3 226 229 231.9 234.7 237.4 239.9 241.5 243.1 244.7 246.8 247.7 249.6 251.4 252.4 253 253.4 253.1 252.4
191.9 194.5 196.8 199.9 201.6 202.9 202.6 200.3 196.6 191.3 182.4 181.6 189.1 193.4 196.9 199 200.6 201.7 202.5 202.5 202.2 201.7 201.1 200.2 198.4 195.3 190.8 178.3 166 158 152.6 152.7 152.2 154 155.7 156.4 159 158.8 159.9 160.5 160.9 162.6 164.9 165.6 167.5 170.7 176.8 181.4 187 190.9 195.2 198.4 201.6 204.3 206.7 209.9 213.2 216.1 218.8 222.5 225.9 229.4 232.3 235.1 237.7 239.9 241.4 243.1 244.5 245.4 246.4 248.2 249.5 249.7 250.3 250.1 249.7 248.4
192.9 195.5 197.7 200.1 201.2 202.1 201.1 198.7 194 185.9 174.6 177.4 186.8 191 194.4 197 198.4 199.4 200.1 200.2 200.1 199.1 198.1 196.8 194.1 189.4 175.4 163.7 154.9 152.2 150.3 151.6 153.7 156.7 158.1 158.5 159.1 160.6 162.2 163.9 165.5 166.9 169 169.9 170.4 169.5 174.6 180.8 185.9 190.7 195.4 199.5 202.4 205.2 207.7 210.9 212.3 213.3 218.2 221.3 224.9 228.4 231.7 234.5 236.8 238.8 240.7 241.9 242.9 244 245.1 246 246.1 246.2 246.2 245.7 245.2 244.1
