public/OST50/SX56.asc
ncols 200
nrows 200
xllcorner 250000
yllcorner 60000
cellsize 50
[rows 0 to 34 of 200, columns 0 to 77 of 200]
172.8 170 166.1 161.5 151.3 136 112.9 111.2 124.8 129.4 128.4 126.8 123.5 113.2 100.3 94.6 91.8 89 87.7 86.3 85.6 83.9 81.7 81.8 80.7 81.1 85.5 90.8 94.5 99 98.2 96.5 93.5 90.8 93.8 99.1 103.5 106.4 109.1 110.2 110.4 108.2 104 102.2 100.3 98.9 98.5 96.9 98.8 99.8 105.5 108.7 111.4 115.7 120.5 127.7 133.4 138.1 142.4 146.7 149 140.5 139.3 148.5 157.1 165.6 173.1 178.7 184 188.5 192.6 196.8 199.9 201.4 201 201.3 200.1 197.4
174.9 172.7 168.9 163.5 144.7 124.9 115 118.3 129.1 133.1 132.8 132 129.8 122.2 114.3 107.2 100.3 94.8 90.4 88.8 87.9 87 85.6 84.1 83.2 82.4 80.7 85.4 88.2 89.2 90.5 91.5 88.6 90 91.5 93.4 96.7 99.8 103.2 103 101.9 101.9 100 98.3 97.2 97.1 94.8 97 99.3 100.8 107.8 111.4 115.2 119.9 124.8 130.9 137.5 144.5 150.7 155.9 154.8 143 140.5 147.5 153.5 161.1 168.6 174.2 179.1 183.7 186.9 189.9 192.8 193.6 194.5 194.5 193.1 189.3
176 171.7 165.6 152.7 137.1 123.2 119.6 124.6 131.7 135.1 136.1 135 132.2 129.1 123 115.7 108.4 100.5 93.9 92.6 91.4 90.6 89.2 86.9 85.6 85.1 84.1 85 85.6 86.3 86.5 86.2 87.6 88.1 89 90.1 91 92 93.2 93.8 94.8 96.1 96.7 95.9 96.4 94.5 96.9 98.3 101.4 108 111.5 115.4 120.1 124.8 129.6 135 144 152 158.7 157.9 151.9 143.4 142.2 145.5 151.1 156.4 163.1 168 173 177.9 180.4 182.2 183.7 185.7 187 185.8 183.3 183.1
171 162.3 153.3 146 135.2 129.9 129.9 133.4 136.9 138.7 139.8 138.5 135.1 132.3 128.7 121.9 113.9 104.4 98.1 96.4 95.1 93.9 92.4 90.4 88.3 86.6 85.3 82.6 83.1 84.9 86.9 87.4 88.4 89.1 89.2 89.4 90.1 91.1 92.4 92.8 93.5 94.4 94.7 95.4 94.2 97.2 100.6 104 109.2 113.1 118.1 122.7 130.4 135 138.3 142.9 149.5 155.3 159.8 158.2 153.2 145.6 144.2 146.2 149 153.9 158.2 162.8 167.1 170.7 173.4 174.9 176.7 178 175.3 177.7 180.8 184.9
167.4 159.3 152.5 146.7 142.6 140.1 140.3 141.9 142.7 143.5 143.9 142.8 139.5 134.9 131.7 125 117.1 107.2 102.3 101.6 99.6 98.2 96.3 94.7 90.7 91.3 87.5 86.3 86.7 87 87.7 88.2 88.8 89.4 89.7 89.4 90.8 91.1 92.1 92.3 92 92.9 95.3 97.5 99.3 103.8 107.5 111.6 117.3 124 130.1 134.9 140.2 142.5 143.7 146.9 150.7 155.2 157.5 157.7 155.1 150.1 145.5 146.7 148.5 151 154.3 157 160.3 163.3 165.5 167.5 169 170.8 176.1 180.8 185.5 190
168.2 161.4 156.1 152.7 149.7 147 146.4 147.7 147.6 148 147.7 146.8 143.5 138.1 132.8 126.9 117.3 112.3 109.6 108.3 105.4 102.8 100.7 98 95.7 95 93.8 91.1 88.1 87.9 88.2 89.5 90 90.8 91.4 89.9 89.3 92.9 93.7 95.8 97.9 100.5 103.4 105.4 108.5 113.9 118.8 123.1 129.8 135.1 139.6 142.8 145.9 147.7 148.5 150.3 153.3 155.5 157.4 158 157.5 154.3 151.9 149.5 148.3 150.9 152.3 154.5 157.7 158.3 160.3 163.5 168 172.5 178.9 184.3 188.8 193.4
170.8 166.2 161.5 158.7 155.8 153.7 152.6 152.2 152 152 150.7 148.8 145.9 140.7 133.2 126.9 123.3 119.4 116.5 113.2 110.3 108.6 104.9 102.5 101.2 99.2 96.5 93.9 88.9 88.6 89.9 91.6 91.4 92.1 92.9 93.3 94.4 95.7 98.3 100.9 103 105.5 108.4 112.4 116.8 123 127.4 132 136.7 141.1 144.5 147.2 149.2 151 152.1 154.1 156 158 159.7 160 160 158.6 156.6 154.1 151.7 151.3 152.2 154.2 156.6 158.3 160.9 164.8 167.9 174 180.5 184.9 189.5 193.7
173.1 169 166.4 163.6 161 158.4 156.9 156.5 155.2 154.5 152.7 149.2 144.3 139.4 136.3 132.6 129.3 129 120.7 118.9 116 112.5 110.3 106.8 105 103.1 102.2 95 90.3 89.2 91.8 93.6 93.5 93.9 94.7 96.3 98.5 101.5 105.1 108.9 110.8 112.1 114.5 118.8 123.4 127.6 131.6 135.8 140.4 144.1 147.4 150.3 152.1 153.9 155.6 157.4 159 160.8 162.5 162.7 162.6 161.5 160.5 159 157.1 154.4 154.1 155.4 157.5 160.1 162.3 164.7 169.5 174.1 179.3 184.1 188.5 192.4
175.2 172.3 170.1 167.6 165 162.8 161.3 160 158.6 156.4 153.8 150.3 146.4 143.6 141 138.5 134.5 131.4 129.7 122.6 120 117.4 115.3 112.9 110.8 107.6 104.1 98.2 91 91.1 94.2 96.4 97.7 98.5 99.6 100.3 104.8 110.5 116.3 119.3 119.1 119.9 121 124.1 127.6 131.5 135.1 138.7 142.7 146.4 150.4 153.4 155.5 157.4 159.1 160.6 162 164 165.6 166.1 165.9 165.6 164.5 163 160.9 158.3 158 158.2 160.1 161.7 163.6 165.7 169.7 174 178.3 183 187 190.3
177.9 176.6 174.4 171.8 169.1 166.9 164.8 162.7 160.4 158.2 155.9 153 150.1 147.7 145.3 142.7 139.3 135.2 132 132.4 125.4 122.8 120.2 116.1 115 109.5 103.9 92.7 92.2 94.2 97.2 98.8 99.6 100.1 103.1 107.3 112.8 120.3 124.6 126.4 126.7 126.9 127 129.3 131.9 135.3 139.3 142.7 146.1 150.2 154.2 157.1 159.5 161.2 162.8 164.1 165.6 167.1 168.2 169 168.7 168.3 168 166.8 164.1 163 162.3 161.8 162.6 164.2 166.1 167.5 170 173.6 177.6 181.9 185.3 188.5
180.9 180.2 178.9 176.2 173.6 170.4 168.4 166.1 163.4 160.9 158.8 157.5 155.5 153.3 150.8 148.5 145.5 142 139.4 137.6 134.4 128.7 125 121 118.1 111.9 103.1 92.7 92.8 96.2 99.7 101.9 103.7 105.4 108.5 113.5 121 127.6 130.6 132 133.1 133.4 133.1 135.5 138.4 141.3 144 147.5 152.3 154.8 158.3 160.5 162.5 164.1 165.5 166.8 168.2 169.6 170.8 172.1 171.8 171.4 171 169.2 168.7 168.2 166.4 165.6 165.9 167.1 168.8 171 172.5 174.8 177.7 181.6 184.9 188.2
183.7 184.6 183.6 180.9 178.5 175.7 173.5 170.8 167.6 166.3 164.9 164.3 163.3 160.1 156.8 154.5 151.7 149.1 147.5 145.1 142.6 133.8 133.2 123.5 122.2 115.5 101.1 93.8 94 97.6 103.4 107.3 111.2 114.6 118.6 123.5 130.4 135.3 135.5 137.2 138.2 138.3 138.7 141.4 144 147.1 149.8 152.7 155.6 158.5 160.9 163.1 165.1 166.7 168.3 169.5 170.8 172.1 173.3 174.3 174.7 174.5 173.9 172.9 172.5 171.2 170 169 169.3 170.4 171.8 173.9 176 178.3 180.3 182.2 185 188.2
185.2 186.3 186.5 185.3 183.2 181.8 179.3 177.3 174.1 172.3 171.3 171.1 170.1 167.6 164.3 160.4 157.5 155 152.6 150.8 147.9 141.7 133.3 129.2 123.2 116.6 102 95 94.5 98.2 106.2 111.9 116.8 122 126.4 130.3 134 137.5 140.2 141.3 141.3 141.4 142.3 144.7 147.2 149.6 152.4 154.9 157.6 160.3 163.1 165.8 167.6 169.4 171 172.1 173 174.3 175.6 176.4 177.1 177.5 177.2 176.2 175.7 174.7 173.8 173.3 173.6 173.9 175.7 177.5 180.1 182.4 184.1 185.8 188.2 191
186.1 187.3 188.2 187.7 186.5 185 183.2 181.3 179.3 176.8 175.6 175.5 174.7 172.6 169.4 166.6 163.6 160.5 158.5 154.3 149.9 143.4 137.1 129.8 123.3 113.3 102.2 96.3 96 96.7 105 113.2 119.7 125.8 130.9 135.3 139 141.7 143.1 143.1 142.7 142.5 143.8 146.4 148.8 151.6 154.4 156.6 159 161.6 164.4 167 169 170.8 172.5 174.2 175 176.4 177.6 179 179.8 180.2 180.3 179.7 179.3 178.8 178.2 177.8 178.2 178.5 179.8 181.4 184.1 186.1 188.1 190 192 195
186 187.3 188.2 188.5 187.2 186 185.4 183.8 182.5 180.9 178.9 178.7 177.4 175.5 174 172.6 168.9 164.7 161.5 156.9 152.3 145.6 138.2 129.8 121.1 111.2 103.6 99 97.3 97.7 104.1 112 121.5 127.4 132.9 138 141.6 143.1 142.8 142.1 142 142.5 144.9 147.5 150.3 152.8 155.1 157.5 159.9 162.4 164.9 167.5 169.8 171.9 173.5 175.3 177.1 178.3 179.8 181.3 182.5 183 183.3 183.1 182.6 182.2 181.9 181.8 182.6 183.5 184.7 185.7 187.4 189.6 191.4 193.6 196.5 200.9
183.6 184.8 185.8 186.5 186.1 185.8 185.7 185 183.9 182.7 181.4 182 181.1 180.2 178.6 176.4 173.7 168.3 164.1 159.2 153.9 146.6 140.7 130.6 118.5 110.2 104.3 101.8 99.6 97.9 102.5 110 121.1 128 133.7 138.6 139.7 139.4 140.1 139.6 139.8 140.9 143.6 146.6 150.2 150.4 154.4 157.3 159.5 161.8 164.8 167.5 170.2 172.5 174.4 176.3 178.1 180.3 182 183.5 185 186.2 186.3 186.1 185.9 185.6 185.5 185.8 186.4 187.6 188.5 189.7 191.5 193.4 195.1 198.2 202.8 206.4
181.1 182.4 183.4 184.4 184.6 184.6 184.7 185.2 185.2 184.2 184.6 185 184.8 183.4 181.2 178.4 175.2 170.4 165.6 160.2 153.4 146.6 139.7 131.2 118.1 110.8 106.3 103.9 101.5 100.1 101.3 107.8 117.8 124.5 129.1 131.6 133.2 134.5 135.5 136.5 137.2 138.9 141.6 144.7 147.9 149.8 152.3 155.9 159 161.3 164.1 167.4 170.4 172.8 175.1 177.2 179 181.4 183.4 185.7 187.7 189 189.9 189.9 189.4 188.8 189.1 190.1 191.7 192.7 193.5 194 195.6 197.8 201 205.7 208.4 211.1
179.1 179.9 180.8 181.8 182.5 183.4 184.1 184.8 185.3 185.6 186.3 187.6 187.6 186.2 183.5 180.9 177.3 171.4 164.9 158.8 152 145.1 138 131.2 120.3 113.2 110.1 107.3 104.4 101.4 101.8 105.6 114 119.5 123.2 126.5 128.8 130.2 131.8 133.1 135.1 137 139.6 142.7 145.3 147.5 150.7 154.2 157.4 160.5 163.3 167.1 170 172.5 174.8 176.8 179.5 182.5 184.9 187.3 189.8 191.9 193.9 194.1 193.1 192.8 194 195.8 196.8 197.6 198.8 200 200.4 203.5 205.3 209.3 211.7 214.6
176.3 176.8 177.9 179.1 180.2 181.5 182.5 183.9 185.1 186.1 187.5 188.9 189.9 188.9 186.5 183.9 179.3 171.4 163.5 157.1 150.7 143.6 136.2 127.4 130.6 117.3 114.5 111.7 108.5 105.1 103 104.1 108 114.8 119.1 122.3 124.4 126.1 127.8 130.3 132.6 134.7 137.2 140 143.1 146 149.4 152.7 156.2 159.3 161.9 165.4 168.2 171.2 173.7 176.1 179.2 182.3 185.2 187.7 190.3 192.8 195.1 196.6 197.8 199 199.9 200.8 201.3 202.2 203.2 204.6 206.3 207.5 208.6 211 213.5 216.4
173.3 173.9 174.9 176.4 178.1 179.6 181 183 184.2 185.9 187.8 189.6 190.8 190.1 188.1 185.1 180 171.8 163.4 157.5 150.9 143.4 137.9 132.5 134.7 126.4 119.7 116.7 112.9 109.2 105.8 105.2 106.4 110.6 115.2 117.6 119.7 120.5 121.9 124.8 128.2 132.7 136.5 138.3 142 146 149.3 153 156 158.6 161.3 163.8 166.7 169.6 172.7 175.8 178.9 181.9 184.8 187.2 189.9 193.1 195.2 197.4 198.7 200.7 203.1 204.6 205.7 206.7 207.6 209 209.7 209.8 210.7 212 214.1 216.6
170.2 170.9 172 173.7 175.4 177.6 179.9 182 183.7 185.4 187.1 188.4 189.5 189.3 187.2 183.7 178.2 171.4 164.3 159.2 154.3 148 142.5 141 137.3 133.4 126.1 121.3 117.5 113.9 110.1 107.6 107.2 107.9 110.6 113.3 115.4 118.1 121.2 124.7 128 132.5 137.1 140.6 144 147.7 151.3 154.5 157.3 159.8 162.4 164.6 167.5 170.4 173.3 176.4 179.4 181.9 184.5 187.2 190.3 193.4 196.1 197.8 199.6 201.7 203.9 205.8 207.3 208.6 209.7 209.6 209.6 210.1 211.1 212.4 214.5 217.4
166.6 167.4 168.8 170.8 173.5 175.9 178.5 180.7 182.6 184.6 185.9 187.3 188.3 187.7 185.9 181.6 176.5 171.4 166.6 162.5 158.1 153 148.9 146.7 143.6 138.7 132.4 126.3 122.4 119.2 116.7 114.1 112 111.1 110.7 112.8 115 117.5 121 124.7 129.3 134.1 138.3 141.8 145 148.2 151.5 154.5 157.3 159.8 162.6 165.5 168.3 171.3 174.5 177.6 180.3 182.9 185.4 188.1 191 193.7 196.9 198.7 200.4 201.8 203.7 205.5 207 208.1 208.7 209 208.8 209.5 210.6 212.2 214.2 214.2
162.8 163.7 165.9 168.9 171.6 174.2 176.6 178.9 180.8 183.1 185 186.3 187.4 186.9 185.8 181.9 177.9 173.7 169.9 166 161.9 157.2 153.8 151.2 147.5 143.5 138.1 133.1 128.5 124.9 122.2 118.9 118 116.3 114.1 113.1 114.4 117.8 121.6 125.6 129.9 133.5 137.3 140.7 144 147.1 150 152.9 156 159 161.6 164.9 168.4 171.6 175.2 178.3 181.4 184.2 186.5 189 192 194.7 197.5 199.6 200.9 202.2 203.5 204.8 206.1 207.3 207.5 207.6 208.3 209.3 210 211.6 213.9 216.3
158.9 161.7 164.5 167 169.5 171.9 174.2 176.7 179.1 181.3 183.4 185.4 186.6 187.6 187.3 185.2 182.4 178 174.2 169.3 165.6 161.6 158.2 155 151.8 148.3 145 140.7 136 131.6 127 123.9 122.9 121.8 119.5 116.9 115.8 117.3 120 124.3 128.1 131.8 134.7 137.5 140.4 144.9 147.6 150.3 153.5 156.7 160.4 164.2 167.7 171.6 175.8 179.2 182.3 185.5 188.4 190.9 193.8 196.1 198.8 200.5 201.6 202.6 203.3 203.8 204.7 205.6 205.9 206.1 206.9 208.1 209.5 210.8 212.6 214.9
156.9 159.8 162.2 164.8 167.2 169.5 171.7 173.6 176.4 179.3 182 184.5 186.1 187 187.8 188.2 186.5 183.5 179.8 175.4 170.6 166.4 163.2 159.9 157.8 154.8 152.2 148.4 143.9 138 132.5 129.6 128.5 126.8 123.8 121.2 119.2 118.2 119.5 121.7 125.5 128.7 131.4 134 137.5 141.1 144.6 147.9 150.9 154.8 158.9 163.2 167.3 171.4 176.2 179.6 183.1 186.4 189.7 193.1 196.1 198.3 200.2 201.6 202.5 202.9 203 202.9 203.7 203.7 204 204.1 205.1 206.6 208.1 209.5 211.5 213.8
154.5 157 159.1 161.6 163.8 166.5 169.1 170.9 173.9 177 180.5 183 185.5 187.5 188.9 189.6 188.9 188.3 187.1 183.5 179.2 174.7 171 168.5 166.2 163.2 158.9 155.7 150.4 144.9 139.2 135.7 133.9 132.2 129 125.5 123.5 121.4 121.2 121.9 123.4 125.9 128.1 130.5 133.9 137.2 140.7 144.5 147.9 151.3 156.4 161.7 167.7 172.4 177.5 181.1 184.3 187.4 190.7 194.2 197.2 199.5 201.3 202.7 202.6 202.3 202.3 202.1 201.7 201.7 201.4 201.6 203.3 205.1 206.6 208.1 210.6 213
151.7 154 155.2 157.9 159.7 162.4 164.9 167.7 171.1 175 178.7 181.9 185.1 188 189.8 191 191.8 192.1 192.4 190.9 189.5 186.7 182.7 179.3 174.9 171.8 167.4 162.4 158.1 151.5 143.5 143 140.4 137.6 134.4 129.8 126.9 124.5 122.6 122.9 123.2 125.2 127.3 129.5 132.5 135.2 138.8 142.4 146.3 151.1 155.8 161.4 168 173.8 178.6 181.9 185.2 188.4 191.7 195.1 198.1 200.1 201.5 202 202.1 201.6 200.9 200 199.3 198.7 198.4 199.4 201.2 203.5 205.2 207.4 210.3 213.2
148.8 150.5 151.9 153.3 155.5 158.1 161.3 164.8 167.3 172.8 177.7 181.6 185 188.2 190.6 192.2 193.5 194.8 195.4 195.6 195.3 194.1 191.6 188.1 184.2 180.2 175.5 170.2 163.2 157.8 152.6 149.8 145.4 143 139.1 134.1 130.4 126.7 124.7 124.4 124.9 126.4 128.2 130.1 132.9 136.1 139.7 143.4 147.9 153 157.7 162.4 167.7 173.6 177.7 181.9 185.9 189.3 192.6 195.9 198.7 200 200.8 201.2 201 199.3 197.7 196.5 195.3 194.7 195.7 196.8 199.2 202.2 205.1 208.4 211.2 213.9
144.1 145.9 147.6 150.3 152.4 155.6 159.4 163.6 167.3 172.2 177.4 182 185.9 188.8 191.6 193.9 195.2 196.5 197.8 198.6 198.5 198.1 196.8 193.8 190.4 187.1 183 178 170.6 163.5 157.9 154.6 150.8 146.8 145 137.2 133.1 129 127 126.1 126.9 128 130.1 132.9 134.6 136.9 140.4 144.7 149.9 154.6 159.4 164.2 169.2 174.4 178.4 182.5 186.8 190.2 193.5 196.8 199.1 199.7 199.9 200.1 198.7 197 194.5 192.3 191.7 191.9 193.1 195.7 199.5 202.9 206.2 209.7 212.4 215.6
139.3 141.8 144.8 148.2 152.1 156.8 161.2 165.3 168.9 173.4 178 182.6 186.4 190 192.5 195 196.8 198.1 199.4 200.3 201 200.7 199.3 197.6 195.4 192.5 188.5 184 177.3 169.6 163.4 158.3 154.3 149.7 145.4 142.6 135 131.8 130.2 129.3 129.6 130.7 135.5 138.6 139.7 141.6 144.8 147.2 150.2 155.9 161.8 166.7 170.6 175.4 179.4 183.4 187.8 191.5 194.3 197 198.3 199 199.1 197.8 195.8 193.3 190.2 187.3 188.8 190.6 192.8 196.5 200.8 204.4 207.7 210.9 214.1 217.3
139.1 142.4 146.2 150.1 154.4 159.1 163.4 167.5 171.6 175.6 180.2 184.5 188.3 191.5 194 196.4 198.3 199.6 200.9 201.7 202.5 202.6 201.8 200.7 199 196.5 192.1 187.4 182.1 174.7 166.2 161.5 157.6 153 146.7 140.5 140.4 135.4 133.9 132.8 132.4 135.5 142.6 145.6 146.3 148 151.6 154.9 156.6 157.4 163.7 169 172.7 176.7 181.1 184.8 188.7 192.6 194.8 196.2 197.1 196.7 196.3 195.3 192.7 187.6 184.6 185.2 190.4 192.1 194.7 198.4 202.4 205.7 208.9 211.9 214.9 218.4
143 145.7 148.7 152.5 156.5 161.1 165.3 169.4 173.7 178 182.5 186.5 190.6 193.3 195.8 197.8 199.5 200.4 201.6 202.5 203.4 202.9 202.3 201.7 200.1 197.3 193.1 188.4 183.4 177.3 169.8 164.2 159.5 154.4 147.7 142.5 142.7 143.7 137.7 136.3 136.2 138.1 146.3 150.6 153 155.6 158.7 161.5 163.2 164.9 166.7 171.4 174.5 178.4 182.2 185.2 188.9 192.4 194.3 195 195.1 194.3 193.7 192.1 186.6 180.4 182.8 186.8 190.5 194 197 200.1 203 206.5 209.9 212.9 215.9 218.9
146 149 151.4 155 158.9 163 167.1 171.2 175.5 179.6 183.7 187.5 191 194.1 196.4 198 199.4 200.3 201.4 202.5 203.1 202.6 202 201.1 199.8 197.1 193.4 187.8 182 175.9 170.2 164.4 160 155.3 151.4 149.1 146 146.2 144.4 140.5 140.6 141.9 146.7 153.7 158 161.7 163.9 166.5 168.6 170.6 172.4 175.1 176.7 179.6 183.4 186.6 189.1 191.1 192.9 193.3 192.5 191.6 190.3 187 179.7 180 185.4 189.3 192.9 195.4 197.8 199.9 202.8 206.4 209.9 212.7 215.3 218.3
149.7 152.8 155.1 157.9 161.5 165.1 168.7 172.6 176.5 180.8 184.5 188.1 191.2 194.6 196.6 198 199.2 200.2 201.3 202 202.3 202 201.4 200.4 199 196.5 192.9 187.7 182 175.7 170.3 166.1 162.4 159.6 156.5 155.3 151.9 148.6 147.4 144.9 145.5 147.2 150 156 161.1 164.3 167.1 169.4 172.9 174.4 176.9 178.7 180.7 182.8 185.8 187.7 189.7 190.9 191.3 190.5 189.2 186.6 183.3 179.1 176.6 180.7 185.6 189.2 192.2 195.1 197.5 200 202.7 206.2 208.8 211.5 214.6 217.6
156.7 159.1 160.6 162.3 164.6 167.4 170.8 174.7 178.9 183 186.3 189.5 192.1 195 196.6 198.1 199 200.1 200.8 201.5 201.5 201.1 200.5 199.5 198.6 196.8 192.7 188.8 183.1 177.5 173.1 168.9 166.2 164.9 162 160.4 157.2 153 151.2 149.2 150.1 152.6 155.5 159.5 164 167.9 170.5 173.1 177.4 178.7 180.5 182.7 184.7 186.5 187.5 188.3 189.5 189.8 189.8 188.3 186.4 182.4 178.3 175.6 175 179.5 184 187.5 190.7 193.7 196.4 199.1 201.7 204.5 207.2 210 213.1 216.2
