public/OST50/SX56.asc
ncols 200
nrows 200
xllcorner 250000
yllcorner 60000
cellsize 50
[rows 105 to 139 of 200, columns 0 to 77 of 200]
136.2 138.9 141.9 144.7 147.2 149.6 152.1 155.6 158.8 161.7 164.7 168 171.2 174.1 177 179.6 182.3 184 185.6 186.3 186.2 185.6 185 184.5 183.6 182.8 181.7 180 178.3 176.5 174.4 171.8 169.1 166.1 165 164.5 164.9 165.8 167.3 168.7 169.8 171.2 171.2 171 170.3 168.7 166.8 164.1 161.1 156.2 150.8 144.1 136.4 127.4 116.6 107.6 108.5 111.8 114.1 117.9 124.7 132.4 140.3 146.7 154.7 161.9 167.6 173.8 180 184.7 188.9 191.6 192.4 191.8 191.7 195.7 200.3 206.3
140.3 141.8 144.7 147.3 149.6 151.8 154.3 158 160.4 162.8 166 169.3 172.5 175.3 177.9 179.9 181.6 182.9 184.3 184.3 184.3 183.9 183.5 182.8 181.9 181 180.2 178.8 177.1 175.6 173 169.8 166.7 163.7 161 160.5 161.3 162.5 164.1 165.5 167 168.6 169 168.7 168.2 167.9 166.4 164.9 162 158.3 153.6 149 143.1 135.2 125.3 115.4 106.6 109.3 111.7 116.7 124.2 131.7 138.4 144.8 153.8 161.7 167.8 173.8 179.1 183.5 186.9 188.8 188.4 187.2 189 194.2 198.4 205
151 151.7 153.8 155.5 156.6 157.8 159.8 161.3 163.9 166.4 168.9 171.7 174.5 176.8 178.9 180.5 181.5 182.5 182.9 182.8 182.6 181.9 181.8 181 180.1 179.3 178.5 177.5 176.5 175.2 172.4 170.3 166.7 163.3 159.4 156.8 157.9 159.2 160.8 162.9 164.5 165.8 166.5 166.9 166.8 166.7 166.7 164.7 162.9 160.5 157.3 153.3 149.4 143.5 133.9 123.6 111.8 108.4 108.7 111.6 120.1 127.3 135.3 143 153.1 160.1 166.2 172.3 177.7 181.8 184.5 185.5 182.4 180.3 185.6 191.5 197 203.9
159.6 160.2 162.1 163.2 163.7 164.4 165.4 166.9 167.8 170.1 172.4 174.3 177 178.8 180 180.9 181.3 181.6 181.5 181.4 180.3 179.4 179.1 178.9 178.1 177.3 176.8 176.2 175.4 173.7 172 170.3 166.9 163.4 159.4 155.1 153.9 155.5 157.3 159.2 161.4 162.9 164.2 164.7 165 165.4 165.5 165.1 164.1 163.4 161.2 158.2 155.8 151.7 143.7 133.6 121.4 112.4 107.9 105.7 114.8 121.8 128.6 138.4 149.1 157 163.8 170.4 175 178.9 180.6 179.2 173.7 176.8 182.8 189 196 203.9
166.3 166.9 167.5 168.1 168.6 169.5 170.9 171 171.9 173.9 175.6 177.4 179.3 180.2 180.8 181 181.3 180.8 180.2 179.1 177.9 175.9 174.9 175 175.7 175.5 175.4 174.8 174 172.9 171.5 169.8 166.8 163.4 159.8 155 150.4 151.1 152.9 154.7 157 159.3 161.2 162.7 163.2 163.7 164.1 164.9 165.6 165.6 165 163.3 160.2 156 149.2 142.3 131.7 121.3 111.1 107.1 108.5 115.2 122.3 132.5 144.9 153.4 160.9 167.6 172.2 175.1 174.2 168.4 163.6 173 181.1 188.2 196.4 204.5
171.5 171.8 172.4 173 173.6 174.5 175.2 175.4 175.8 177.4 179.2 180.5 180.9 181.8 181.9 181.3 181.3 180.2 178.8 176.8 174.3 172.1 170.7 170.6 171.5 172.7 173.6 173 172.6 171.7 170.5 168.7 166.6 163.8 160.2 155.3 148.5 146.7 148.9 150.7 152.4 154.3 156.8 159.2 161.5 161.7 162.3 163.2 164.7 165.9 166 165 162.6 159 153.1 147 140.5 130.6 117.9 104.5 106.7 108.2 115.2 124.9 138 147.4 155.5 162.4 167.2 168.5 164.6 155.3 158.6 169.1 180.2 189.8 198.8 206.3
175.1 176 176.5 177.4 178.4 179.2 179.5 179.7 180.4 181.2 182.1 182.8 183.2 183.3 183.1 182.4 181.5 179.6 177.1 174.2 171.4 168.3 166.5 166.6 167.7 169.3 170.7 170.5 170.2 170.2 169.2 167.3 165.2 163 160.3 155.1 148.1 142.9 144 146.7 148.4 150.5 152.7 154.9 157 158.8 160 160.8 162.4 163.6 164.2 164.2 162.4 158.3 154.2 148.8 141.5 134.9 124.2 114.1 107.3 106.7 111.7 119.8 130 140 148.4 154.9 159.5 157.4 149.9 144.7 154.4 168.7 179.8 189.9 199.3 207.5
178.8 180.1 180.6 181.2 182.7 183.1 183.4 183.7 184.1 185.1 185.9 186.6 186.1 185.4 185.1 183.4 181.6 179 176.5 173 168.6 165.1 162.4 162 163.9 165.8 167.3 167.9 167.7 168 167.6 165.9 163.7 161.3 158.8 154.4 147.9 140.9 139.1 141.8 144.5 146.7 148.9 151.1 153.7 156 157.3 158.5 160 160.8 161.4 161.5 160.1 157 152.7 147.5 141.5 135.6 128.5 119.8 109.5 105.4 107.4 115.9 125.3 133.8 136 139 140.9 138.4 134.7 141.8 153.8 166.1 178.3 190.7 199.6 208.7
183.1 184.1 184.6 185.6 186.7 187 187.3 187.7 188.1 189 189.7 189.9 189.2 188.4 187.4 185.2 183.2 179.9 176.3 173 168.6 162.9 157.9 157.4 159.9 162.1 163.9 164.9 165.3 165.3 165.3 163.8 161.7 159.4 156.1 152 146.6 140 135.6 137.6 140.5 142.9 145.7 148.3 150.8 153.2 154.7 156.1 157.4 158.1 158.5 159.1 157.5 155.8 152.1 148.7 144.1 140.1 134.9 127.5 115.9 108.9 105.2 110.3 118.9 121.5 119.1 117 119.2 119.8 121.2 138.5 152.6 164.6 176.4 188.7 201.6 211.3
185 186.5 187.5 188 188.9 189.7 190.3 191.6 192.3 192.3 192.5 192.7 191.6 190.5 189.1 187.1 184.5 181.2 177.2 173.2 169.4 164.1 157.3 152.5 156.2 158.8 160.2 161.2 161.3 161.4 161.5 160.4 158.3 155.7 152.3 148.5 143.8 137 133.7 134.4 137.3 140.3 143.3 146.1 148.6 151.2 152.9 154.3 155.5 157.2 157.8 157.8 156.8 155.9 153.4 150.9 147.8 144 139.8 133.7 126.9 115.4 105.6 105.9 108.8 109.8 107 106.4 104.2 101.7 111.1 131 149.3 163.1 175.5 189.4 204.1 214
185.5 187.3 187.9 189.1 190.5 191.5 193.1 194.7 195.2 195.1 195.3 195.4 193.9 192.7 190.9 188.6 185.5 181.3 176.8 171.5 168.7 163.1 154.6 149.3 151.7 154 155.5 156.7 156.9 157 157.2 155.9 153.4 150.8 147.6 142.2 137.1 132.1 130.6 133 136.3 139.4 142.4 145.5 148.1 150.6 152.5 154.1 155.5 156.9 157.5 157.7 157.4 156.6 155.3 153.2 150.7 147.5 142.9 137.9 132.9 123.9 115.2 109 104.1 102.6 109.1 109.3 105.5 104 98.6 121.3 145.5 163.2 177.4 192 206.6 215.5
185 186.6 187.9 189.5 191 193 194.4 196 196.8 197.9 198.1 197.9 196.5 194.9 191.8 189.6 186.1 181.9 177.1 169.4 164.6 157.1 148.6 146.1 148.1 150 151.2 152 152.4 152.6 152.9 152 150 147.2 143.9 138.5 132.3 126.8 128.9 133.8 137.2 140 143.1 146 148.6 150.8 152.8 154.5 155.7 157.1 157.9 158.1 158.2 157.5 156.5 155.5 152.9 149.9 145.7 141.6 137.6 130.4 123 118.3 117.5 122.8 126.9 127.4 120.6 109.5 93 117 143.3 162.8 179.1 193.7 208.3 217.7
182.9 185 186.8 188.6 190.3 192.1 194.6 196.5 197 198.3 199.2 199.5 197.4 195.3 193.1 191 187.5 182.9 177.8 170.7 162 153.9 145.3 142.2 145 146.7 147.5 148.2 148 148.3 148.3 147.7 146.7 143.8 140.2 134.1 125.5 122 130.5 135.3 139 141.7 144.4 147.2 149.4 151.4 153.4 155.1 156.1 157.4 158.6 158.7 158.2 157.4 156.2 154.9 152.4 148.4 143.8 139.8 138.8 135.2 130.2 125.5 128.9 135.2 139.4 136.4 123.6 103.7 91.9 115.3 143.7 166.2 181.6 197.1 210.3 219.1
180.6 182.7 184.6 186.4 188.1 190 192 194.5 195.6 196.8 197.9 197.6 196.6 194.7 192.8 190.5 187.4 183.3 177.9 170.3 160.3 151.9 142.2 138.6 141.4 142.9 143.6 143.9 143.5 143.6 143.2 143.2 142.8 140.5 136.3 127.3 119 124.7 132.2 136.8 140.7 144 146.7 148.8 150.8 152.3 153.6 155.1 156.6 157.3 158 157.8 157 155.9 155.2 153.5 149.7 144.8 138.5 133.3 131.7 130.8 128.7 128.2 134 143.4 149.2 136.5 117.5 96.6 96.7 118.8 145.7 171.8 189.2 202.6 214.8 221.6
178 179.8 181.6 183.4 185.5 187.4 189.4 191.3 192.6 193.9 194.9 194.7 193.8 192.5 191.1 188.9 186.1 183.2 177 169.8 160 149.8 139.5 135.1 137.4 138.9 139.5 139.4 138.8 138.3 137.9 137.9 138.1 136.2 133.7 119.3 118.3 126 133.2 138.1 143.5 147 149.2 151.4 152.7 153 153.9 154.9 156.3 156.6 156.4 156.1 155.3 154.2 152.8 150.2 145.6 139 131.5 121.9 114.8 115.2 116.2 120.9 128.7 139.6 141 126.4 104.3 90.7 101.9 125.7 151.3 177.5 196.6 210.8 219.9 223.9
174.4 176.6 178.4 180.3 182.4 184.4 186.7 188.3 189.4 190.6 191.4 191.7 190.7 190 188.4 186 183.5 180.1 173.7 167 159 150.2 137.1 131.5 133.4 134.8 135 134.7 133.4 132.8 132.3 132.5 132.9 131.3 128.2 114.3 116.5 126 133.7 139.7 145.4 148.2 150.4 152.5 153.9 153.9 154.2 154.9 155.8 155.5 154.4 153.8 152.6 150.9 148.7 144.7 138 128.5 116.9 108 102.2 101.3 102.2 108.1 118.7 129.2 129.2 109.3 87.5 94.8 107.4 133.4 160.1 183 203.1 218.4 224.7 225.4
170.8 173 175.2 177.2 179.2 181.3 183.6 185.3 186.5 187.9 188.7 188.8 188.9 187.8 185.4 182.8 179.1 173.8 167.4 161.7 155.5 146.8 135.8 129 129.4 130.9 130.7 129.6 128.3 127 126.5 126.5 126.3 125.4 118.2 109.8 115.4 125.3 131 135.3 140.9 145 148.5 151.1 152.4 152.8 153.5 154 154.6 154.4 152.7 151.2 148.2 145.7 142.6 137.7 130.5 116.4 105.4 95.8 93.5 93 94.1 95.3 103.1 112.9 109.3 96.8 87 97 120 145.1 173 192.6 210.5 223.4 225.9 221.9
167 169.6 171.8 173.8 175.8 177.8 179.8 182 183.7 185.1 186.3 187.3 187.2 186.6 184.3 181 176.8 171.1 164.1 158.1 151.8 144.2 136 127.3 124.4 125.8 125.7 124.5 123 121.4 120.7 120.2 119.6 117.4 107.3 108.4 116.4 123.6 128.2 132 135.4 139.6 143.4 147.2 149.5 150.9 151.6 152.3 152.7 152.6 150.8 147.7 144.5 140.5 136.7 130.3 120 104.6 92.7 86.8 85.6 85.4 86.3 87.7 90.4 95.7 94 86.7 88.2 107.4 130.1 158.8 182.8 196.7 207.6 218.8 220.1 207.6
163 166.2 168.3 170.4 172.4 174.4 176.4 178.8 180.8 182.2 183.7 185 186 185.3 183.5 180 175.7 170.1 164.1 156.6 151.3 142.1 134.6 127.2 121.7 120.2 120.6 119.4 117.7 116.1 114.8 114.2 113.2 107.5 101.7 108.8 116 121.5 125.8 129.1 132.2 135.6 138.8 142.3 146.1 147.7 149.2 149.9 150.5 150 147.8 144.6 140.6 135.3 128.1 119.9 105.4 89.8 81.4 79 78.3 80 80.7 82.2 84.9 86.6 83.3 81 95.4 119.2 149.5 161.4 169.1 178.7 191.3 200 208.1 204
158.9 162.3 165.2 167.5 169.2 171.1 173.3 175.5 177.7 179.8 181.4 183.4 184.5 184.4 183.2 179.8 175.9 171 166 160.5 153.2 144.9 136.5 129.1 121.6 115.3 114.8 114.3 112.7 111 108.7 107.4 105.7 100.3 102.5 109.8 115 119.2 122.6 125.9 128.8 132.1 135.4 138.3 141.7 144.2 146 147.6 148 147 145.1 141.8 135.5 128.5 121.1 108.1 90.4 77.5 75.9 75.8 77.6 79.3 80.3 81.8 84.6 83.3 79.5 86.3 98.2 114.8 129.4 134.2 141.7 152.1 164.6 176.2 182.3 167.4
158.8 159.1 161.9 164.4 166.7 168.6 171 173.5 175.7 178 180 182.1 183.7 183.9 182.9 180.1 177.5 173.8 169.2 164.3 158.5 152.4 143.1 133.7 126.5 117.2 110.7 108.6 106.9 104.4 102.4 101.6 99.1 96.3 103.2 109.5 113.3 116.7 120 122.7 125.4 128.7 132 134.6 138.1 140.8 142.9 144.6 145.2 144.1 142.1 138.3 130.9 122.1 112.5 98.1 81 73.9 74.5 75.2 76.6 78.3 79.5 81.1 82.5 80.3 80.7 84.6 88.5 93.5 102.7 113.5 122.6 131.2 141.2 151.9 161.4 153.1
163.4 163 162 163.3 166.1 167.2 170 173 175.9 178.1 179.8 181.7 183.1 183.5 183 181 178.7 175.9 171.7 166.5 161.3 156.3 150.2 141.3 132.2 124.3 116.8 111.1 106.9 103.3 98.3 96.2 94.9 97.4 103.5 107.9 111 114.2 117.2 119.7 122.3 125.4 128.7 131.7 134.8 137.3 139.9 141.3 142.2 141.4 138 134.1 125.7 114.5 105.2 94.5 78 73.6 73.6 73.6 75 76.6 77.6 78.5 80.2 75 76.7 79.5 88.5 93.3 89.8 100.5 108.8 113.4 119.4 127 132.3 120
165.8 165.5 164.6 165.3 167.3 169.4 172.1 174.8 177.3 178.6 180.3 181.6 182.7 183.5 182.9 181.7 179.9 177.5 174.1 168.5 163.5 158.9 152.4 145.7 138.6 128.7 121.8 117.3 114.1 110.1 102 95.1 91.9 97.7 101.7 105.9 108.5 111.4 114.4 116.9 119.6 122.6 125.4 128.9 131.6 134.4 136.7 138.6 139.5 139.4 136.6 131.1 124.2 114 103.3 90.2 75.9 72.1 71.5 71.5 72.2 73.5 73.4 76 77.1 76.4 80.3 88.6 98.1 105.4 106.3 104.3 99.8 101 101.6 103.6 110.5 115.6
167.7 167.8 166.9 167.2 169.3 171.5 174.1 176.6 179.1 180.2 181.3 181.8 182.3 183.2 183 181.8 180.5 177.7 174.2 169 164.5 158.8 152.9 147.1 139.7 135.2 127.8 121.1 116 110.5 106.1 96.6 91.3 95.3 99.7 103.5 106.2 108.7 111.5 114.3 117.3 120.3 123.4 125.9 128.9 131.4 133.3 135.5 137.2 137.9 136.4 132.2 125.5 116.3 100.7 85 72.4 70.1 69.4 69.5 70 66.8 69.5 68.4 74.4 75.7 83.3 94.1 103.5 114.2 122 125.1 126.7 122 118 118.2 121.3 130.5
169.3 169.1 168.9 169.2 171.1 173.2 175.7 178.2 180.4 181.4 182 182.2 182.3 182.6 182.6 181.4 179.5 177 173.8 169.4 164.1 158.3 152.4 146.5 141 135 130 123.9 118.2 111.4 106.5 99.6 91.1 92.8 97 100.8 103.6 106.1 108.9 111.9 115 118.1 121.4 123.9 126.2 128.5 130.6 132.7 134.7 135.9 136.2 133.3 126.9 116.7 99 83.8 72.4 68.3 67.5 67.2 64.7 69.1 69.5 70.8 71.8 77.2 89.8 98.1 107.4 120.7 131.9 139.3 142.9 141 136 134.4 138.4 147.7
170.5 170.2 170 170.4 172.3 174.8 177.2 179.1 180.9 182.7 182.9 182.2 182 181.8 181.7 180.7 178.5 176.3 172.9 169 163.5 157.3 151.6 146.2 140.2 135.2 129.2 124.1 118.5 111 105.1 98.2 89.5 89.7 94.2 97.3 100.6 103.4 106.4 109.7 112.8 115.9 118.9 121.3 123.5 125.7 127.9 129.8 131.9 134 135.1 133.2 126.5 115.3 97.9 84 73.4 68.2 66.1 65.5 64.1 68.8 71.8 75.4 75.1 85.2 91.7 101.2 111.2 122.4 135.4 142.8 149.3 152.2 152.3 153.6 158.1 167
170.6 170.8 171.1 172 173.6 175.8 177.8 179.7 181.5 183.3 183.1 181.8 181.1 180.3 179.9 179.1 177.3 175 172.6 168.7 164.1 157.5 151.3 145.8 139.9 133.7 128.3 124.2 120.4 116.1 109.7 102.9 93.1 85.7 90.1 93.8 97.1 100.9 104.2 107.6 110.7 113.7 116.5 118.7 120.9 123.1 125.4 127.3 129.8 132.3 134.1 134 127.4 114.3 95.7 82.9 71.8 66.6 63.5 62.8 62.2 66.2 80.6 85.5 80.8 80.9 90.5 100.9 110.4 121.3 130.7 139 145.3 151.2 156.2 160.4 164.9 176.3
170.8 171.2 172.3 173.7 175.1 176.5 178.3 180.2 181.7 182.8 182.3 180.9 179.3 177.9 178.1 177.1 176 174 171.9 168.9 164.8 158.3 152.8 147.4 142.1 138.3 134.6 131.1 129.6 128.5 123.2 111.7 99 85.3 88.2 90.8 95.2 98.9 102.3 105.5 108.6 111.6 113.4 116 118.5 120.8 123 125.1 127.7 129.8 133.5 134.9 132.4 114.3 94 80.7 69 64 60.1 58.9 63 76.9 85.7 89.5 91.3 88.5 85.5 96.6 107.6 118 126.2 135.3 141.2 148.9 153.5 157.4 163.7 173.3
170.8 171.8 173 174.2 175.5 176.6 178.4 180.2 181.4 182.5 181.3 180 177.4 174.9 175.3 174.6 173.4 172.5 170.8 168.3 165.2 159.9 155.8 152.3 146.9 143.7 142.4 140 136.5 132.3 126.6 115.2 100.5 87.2 84.4 88 93.3 97.1 100.3 103.5 106.2 109.1 111.2 113.5 115.9 118.2 120.6 122.9 124.9 128.1 131.6 133.4 131.2 112.7 92.3 78.2 66.4 60.3 54.6 58.3 63.7 75.3 85.6 95.5 103 101.6 95.6 89.1 99.6 112 121.5 130.4 137.5 143.1 148.9 153.5 159.6 166.8
170.6 171.8 172.8 173.9 175.2 176 177.6 178.8 179.9 180.3 179.3 178.3 175.2 172.2 171.8 171.5 170.9 170.3 168.8 167.3 164.9 162 159.5 156.9 154.3 150.8 147.7 143.4 139.4 133 125.3 113 101.2 87 82.9 85.5 91 95.2 98.2 101.5 103.9 106.4 108.8 110.9 113.3 115.5 117.6 119.7 121.9 124.3 127.7 129.9 125.4 107.8 89 74.1 63.4 53.9 56.5 57.4 56.2 61.4 78.7 95.7 110.3 113.3 105.8 99.2 94.9 106.9 116.9 124.1 130.5 136.6 143.3 148.2 154.1 160.9
169.6 171.3 172.5 173.3 174.2 175 176.1 177.2 178 177.8 177 177.5 171.9 168.7 166.9 166.9 167.2 166.6 166.1 165.1 164 162.1 160.4 158.6 156.8 155.4 152.1 147.1 141.8 135.1 127.1 115.5 101.7 86 79.9 83.4 89.3 92.8 95.9 98.7 101.1 103.6 106 108.5 110.5 112.4 114.3 116.5 118.3 119.5 121.4 122.9 120.7 104.2 83.5 68.7 57.9 54.1 55.5 55.9 54.1 54.5 59.8 86.4 109.5 118.5 116.8 110.1 97 102.8 112.8 120.7 126.7 131.9 137.4 143 148.2 154.1
167.8 169.6 172.5 173.7 173.6 173.7 174.7 175.1 175 174.3 173.3 171.1 167.7 165 161.8 162.2 162.9 162.9 162.6 161.7 160.7 160.8 159.5 158.8 157.9 157.3 155.9 153.2 148.4 142.4 133.3 119 99.3 84.8 78.1 80.4 85.4 90 93 95.4 98 100.5 103 105.3 107.4 109.3 110.6 112.1 113.3 114.6 115.5 115.1 113 100.5 80.5 65 58.4 55.6 50.9 50.7 52 52 51.9 72.2 105.2 119.5 123.5 118.8 111.3 100.1 107.3 115.7 123.3 128.2 133.5 138.7 143.8 149
165.9 166.7 165.4 168.6 170.4 172.1 172.8 172.9 171.6 170.4 168.9 165.7 162.5 160 157 157.1 157.6 158.1 158.9 158.2 158.7 159.1 158.1 158 157.7 157.8 158.2 156.8 152.6 146.7 135.8 115.7 99.5 86.5 76.2 77.8 80.7 86.2 89.9 92.3 94.9 97.5 99.9 102 103.7 104.9 106.2 107.3 108.4 109.4 110.2 109.4 106.3 95.9 79 63.5 58.6 56.1 53.4 54.7 53.6 49.2 50.1 68.3 100.9 117.5 126.5 123.7 117.8 111 105.2 111.2 118.7 124.6 129.8 134.7 139.7 145.1
162.6 163.7 164.5 166.4 167.4 169.1 169.9 169 167.7 166.7 164.6 161.3 157.9 154.1 150.4 150.9 152.3 153.4 153.9 154.8 155.8 156.5 156.8 156.9 156.9 157.2 157.6 155.7 152.4 146.2 134 117.2 97.9 87.8 78.6 75.1 76.7 80.8 84.5 88.2 91.3 93.9 96.3 98.1 99.4 100.6 101.8 102.7 103.7 104 103.9 103.2 100.9 93.4 79.3 63.9 58.2 55.4 52.8 53.9 52.7 45.9 48.7 65.9 101.5 119.4 132.4 131.5 126.2 123 118.1 109.9 115.9 121.2 126.2 131.8 136.9 141.8
159.2 161 162.2 163 164.5 165.7 166.2 165.2 163.9 163.1 160.4 156.8 152.5 147.4 144.8 145.4 147.2 148.8 149.7 150.6 151.9 153 153.7 154.4 154.8 154.8 154.7 153.5 150.6 146.1 137.1 122.2 103 90.7 81.9 75.9 74.8 75.3 79.7 83.9 87.1 89.8 92.5 93.5 95 96.3 97.4 98.1 98.9 98.8 98.2 97.4 94.8 89.1 80.5 64.2 57.5 55 53.1 51.1 51.3 44 46.9 63.7 100.8 122.5 134.6 135.7 134.3 132.1 128 123.1 114.5 118.3 123.6 128.9 134.1 138.9
