public/OST50/SX58.asc
ncols 200
nrows 200
xllcorner 250000
yllcorner 80000
cellsize 50
[rows 140 to 174 of 200, columns 78 to 155 of 200]
335.6 339.5 344.4 349.1 354.6 360.2 367.1 373.5 379.4 384.6 389.2 392.2 393.4 393.1 392.2 388.8 379.6 364.6 352.2 338.4 331.7 329.4 339.1 352.6 359 352.8 343.2 346 347.1 348.8 353.3 360.6 375.9 401.1 415.8 427.7 437.3 446.3 453 458.5 463.7 467 468.3 468.8 468.4 467.5 467.2 467.3 466.9 465.3 462.9 457.6 450.2 438.8 439.4 447.1 453.8 459.4 464.1 467 468.7 468.8 466.7 462.9 455.9 447 439.6 436.7 438.2 440.3 443.2 444.7 445.3 447.8 451 456.1 461.5 465
333.1 337 341.6 346.2 351.5 357.1 363.5 369.7 375.6 379.9 383.6 386.2 386.5 383.3 376.7 369 356.6 346.8 334.5 329.8 326.6 340.4 361.8 372.4 375 369.7 350.5 347 349.8 352 356.4 363.1 381 405.4 417.3 428.1 438 445.4 451.7 456.9 461.7 464.9 466.6 467.5 468 468.4 468.4 468.9 468.6 467.1 465.1 460.9 454.3 443.3 444.5 452.1 457.6 462.8 466.5 469 470.4 470.3 468.2 464.4 457.8 449.3 442.4 439.9 442.4 439.2 440.8 440.7 442.1 445.4 450.5 454.3 460.3 464.2
330.2 334.3 338.7 343.4 348.4 354.2 360.1 366.2 371.5 376.1 379.1 381.2 379.3 373.5 363 351.3 340.1 329.4 326.2 323.9 334.3 368.3 382.5 386.2 384.7 377.6 362.5 354.8 353.2 357 366.1 376.8 384.2 407.9 420.2 429.2 437.7 444.7 450.3 455.4 459.3 462.4 464.4 465.9 467.1 468.1 469.2 469.8 469.9 468.8 466.9 463.4 456.6 448.2 449.8 455.8 461.4 465.4 468.3 470.7 471.7 471.4 469.1 465.1 459.1 451.6 445.4 443.6 444.4 445.4 445.4 448.1 450.1 447.5 450.3 454.5 459.1 463.3
327.4 331.5 335.7 340.4 345.6 351.5 357.4 362.9 367.9 372.7 376.3 376.8 373.6 364.4 350.9 339.7 329.9 322.6 321.9 335 360.1 382.1 388.7 390.9 389.7 384.8 377.7 372.2 365 364.9 377.8 394.3 402.1 413.2 422.5 429.8 437.9 444 448.7 453 456.9 459.9 462.5 464.7 466.1 467.8 468.9 469.9 470.6 469.6 467.8 464.8 458.5 448.9 452.1 458.7 463.7 467.1 469.8 471.8 472.7 471.8 469.8 466.1 461.2 454.9 449.3 445.5 445.2 448.1 449.8 453.8 456.9 457.3 454 454.7 458.7 462
325.3 328 332.6 337.7 342.8 348.9 354.3 359.4 364.6 369.3 373.2 373.5 368.5 356.6 342.5 332 324.1 320.4 336.8 354.5 371.2 384.2 389.1 392.1 392.1 390.3 387.3 387.4 387.2 385.8 383.7 401.8 410.3 416.5 423.1 430.1 437.1 442.8 447.3 451.1 455.3 457.9 461.4 463.6 465 466.9 468.7 469.9 470.7 469.6 468.3 465.7 459.9 453.8 452 459.6 465.1 468.2 470.9 472.5 472.9 472.1 470.2 466.9 462.3 457.2 452.6 448.3 447.8 450.5 453.6 456.4 459.3 461.7 462.1 458.2 457.4 460.5
322.6 325.4 330 335.1 340.1 345.9 351.1 356.4 361.5 366.2 371 372.3 365.2 351.5 336.1 326.9 316.7 327.4 344.6 359.1 371.4 382.4 388.6 391.6 392.1 392.9 393.3 395.2 398.3 400.9 393.6 406.1 416 422.6 427.4 432.5 437.8 442.6 446.6 449.7 452.7 456 459.8 462.6 464.6 466.7 468.5 470 470.4 469.8 468.8 466.8 462.2 456.9 453.3 460.2 465.6 469.1 471.2 472.7 473 472.2 470.4 467.4 463.1 458.6 454.7 450.1 450.9 453.3 456.4 459.4 462.2 464.7 466.2 465.9 461.5 458.6
319.8 323.5 327.1 331.9 337.4 342.9 347.9 353 358.3 363.4 368.2 370.6 363.5 350.8 332 322.1 315.7 329.9 343.2 355 368.3 379 385.5 389.8 392.6 395.5 397.9 401.9 406.7 411 410.6 407.7 420.5 426.9 431.7 436.1 440.5 444.5 448.1 451.7 455.2 457.4 459.6 461.3 464.7 466.6 468.4 470.2 470.8 470.2 469.3 467.3 463.7 459.8 456.2 461.5 465.8 469 471.3 472.6 472.9 471.7 470.6 467.9 463.6 459.3 454.1 452.3 453.2 455.4 458.7 462.2 465.1 467.1 468.9 469.2 467.4 459.9
317.6 321.2 324.7 329.1 334.3 339.2 344.1 349.3 354.6 359.9 365 366.6 362.5 350.7 332.5 318.6 312.1 324.2 339.6 351.9 364.9 374.2 383 387.6 391.9 396.6 401.3 407.3 413.7 419.1 422.1 422 422.9 430.5 435 438.7 442.7 447.2 452.1 456 459.7 462.1 463.8 464.3 465.1 467.1 468.8 470.6 470.9 470.7 469.5 468.4 465.3 461.5 458.1 461.9 465.1 468.6 471 472.7 472.9 471.7 470.6 468.1 463.7 459.5 456.1 454.9 456.2 457.7 461.4 465.1 468.2 470.1 471.9 472.2 470.9 465.4
315.3 318.8 322.4 325.6 330.8 335.6 340.1 345.2 350.5 355.7 359.4 361.7 359.6 350 332.7 319.4 309.8 312.7 331.6 348.8 360.4 371.2 379.7 385.8 391.9 397 404.3 412 420.1 426 430.2 432.6 433.1 433.9 439 442.5 447 451.1 456.2 460.8 464.7 466.9 468.1 468.3 468.9 469.6 469.5 471.3 471.7 471.2 470.7 469.8 466.7 463.6 460.2 462 465.1 468.3 470.8 472.4 473 472 470.8 467.5 464 459.8 458 459 459.9 461.6 465.6 469.2 472 473.4 474.8 474.9 473.8 469.1
313.3 316.3 320.1 323.6 327 331.5 335.7 340.5 345.6 350.7 355.4 357.4 357.6 350.4 334 320.4 311.5 307.7 321.8 343.6 356.8 367.9 377 384.1 390.9 398.5 406.5 416.4 424.8 432 437.1 440.7 441.1 441.8 444.2 447.6 451.5 455.8 461.2 465.7 469.1 471.8 472.6 472.2 471.4 471.5 470.8 471.4 472.5 472.2 471 469.7 467.2 464.4 462.6 463.8 466.1 468.5 470.7 472.1 472.9 472.4 471.2 469.1 465.5 461.3 461.5 462.5 464.1 466.1 469.5 473.3 476.6 477.9 478.7 477.9 475.7 472
311.4 313.9 317.2 320.5 323.8 327.1 331.4 335.7 340.3 344.9 350.3 353.1 355.1 349.6 334.1 321 310.2 308.3 305.3 335.5 353 363.4 373.3 380.8 390 399.8 409.8 420.6 429.6 438 443.6 447.4 448 448.5 449.8 453.1 456.2 460.3 465.6 469.8 473.4 476.1 477 476.1 474.4 473.8 473.5 472.9 473.2 472.7 471.2 469.8 468 465.5 464 466 469 470.2 471.5 472.8 473.3 473.1 471.6 470.4 467.5 464.4 465.1 466.1 468.3 471.2 474.1 477.5 480.6 482.3 482.8 481.9 478.8 473.8
309.7 311.9 314 317.1 320.4 323.5 326.4 330.3 334.3 337.7 343.2 346.9 350.5 346.4 333.6 321.2 309.6 306.2 303.8 328.5 349.3 360.2 370 379.3 390 401.6 413.9 424.8 434 443.6 450 453.3 454.4 455.1 455.7 457.5 461 465 470 474.2 477.7 479.8 480.8 480 477.7 475.7 475.4 475.1 473.7 473.2 471.6 470.3 468.1 466.3 466.6 468.6 470.1 471.3 472.5 473.6 474.2 473.9 472.9 471.4 469 466.7 467.4 469.2 471.6 474.4 477.5 481.2 483.6 485.9 486.9 485.7 482.5 476
307.9 309.5 311.7 314 316.6 319.3 322.1 324.3 327.4 330.9 334.1 338.4 340.9 338.7 329.6 318.5 309 303.9 303.7 326.5 346.4 357.1 367 379.1 390.8 403.4 416.1 428.8 439.5 449.1 454.8 459.1 460.4 460.9 461.3 462.2 465.8 469.4 473.8 478.2 481 482.7 483.4 482.7 480.8 478 477.3 477 475.7 473.9 472.6 470.7 468.8 466.7 467.8 470.4 471.8 472.8 473.7 474.4 475 474.6 473.9 472.1 469.2 468.8 470.3 472 473.7 476.3 479.8 483.9 486.8 488.9 489.8 489.2 485.6 478.5
305.7 307.2 309 310.9 312.8 314.8 316.7 318.7 320.6 323.4 326.1 328.8 330.1 330.5 325.5 314.7 305.3 302.3 305.2 329.6 344.7 355.6 367.4 380 393.1 407.4 420.9 434.2 444.6 453.9 460 463.2 465 465.9 466.6 467 469.6 473.1 477.2 481.2 483.7 485.1 485.3 484.9 482.6 480 479 478.5 477 475.4 473.5 471.2 470 468.4 468.8 471.6 473.6 474.9 475.8 476.2 476.6 475.8 475 472.8 470.8 471.2 473.2 474.3 475.5 478.2 481.7 486 489.5 491.5 492.8 492.5 489.1 482.1
303.5 305.1 306.4 307.5 309 309.8 311.1 312.3 313.8 315.9 317.9 319.7 321.3 322.3 316.8 308.7 301.5 300.7 310.5 333.6 345 356.4 367.9 383.1 397 411.1 425.1 438.4 449.4 457.8 463.5 466.8 468.5 469.9 470.5 471 472.2 476 479.5 482.8 485.4 486.7 487.1 486 484 482.4 481.3 480.4 479.1 477.9 475.8 472.7 470.4 469.6 470.4 472.4 475.3 476.7 477.6 478 478.1 477.1 476.1 474.5 473 473.6 475.6 476.6 476.9 480.5 484.2 488 491.6 494.4 495.7 495.6 492.5 484.7
300.9 302.2 303.6 304.5 304.5 305.1 304.9 305.6 307.1 308.6 309.7 311.3 312 311.2 306.5 301.3 299.7 296.3 320 337.1 346.7 358.2 371.1 385.5 400 414.1 428.3 440.8 452.4 460.5 466.1 469.9 471.9 473.1 474.2 474.5 475 478.5 481.1 483.8 485.9 487.4 487.5 486.8 485.3 484.3 483.7 483.2 482.4 481.8 480.1 476.8 472.6 470.9 472.4 473.4 476.8 478.5 479.5 479.8 479.6 478.5 477.5 476.6 474.3 475.9 477.9 479 480.8 483.2 486.1 489.9 493.6 497 498.9 498.9 496.3 488.4
298 299.4 300.7 301.5 301.2 300.7 300.2 300.1 300.6 301 301.6 302.3 303.1 300.8 297.6 297.9 295 309.9 330.3 341.6 351.9 363.2 374.9 387.1 402.3 416.1 430.1 442.7 454.8 462.9 467.8 471.6 473.9 475.1 476.3 477.4 478.2 480.5 482.8 484.8 486.5 487.7 487.5 487.1 486.2 485.9 485.9 486 486.4 486 485.3 483 478.7 474.4 475 475.2 478.7 480.6 481.8 482.3 482.7 481.9 480.1 478.1 476.1 478.7 480.3 482 483.9 486 488.8 492.8 497.1 499.7 502.1 502.4 500.7 494.9
295.2 296.5 297.9 298.5 298.1 297.1 295.2 294.5 294.6 294.9 295.4 295.8 294.8 293.6 293.9 293.5 303.2 321.9 335 346.7 356.5 366.9 376.6 390 403.7 417.5 431.2 443.9 455.9 464 469.2 473 475 476.2 477.3 478.7 480.3 481.7 482.9 484.5 485.8 486.9 487.2 487.2 487 487.2 488.2 488.7 489.1 489.4 489.2 487.8 484.4 480.1 478.5 478.6 481 482.7 484.2 484.8 485.4 484.5 482.7 480.5 478.2 481.1 483.3 485 486.9 489 491.4 495.3 500 503.1 505.3 506.1 504.6 500
292.4 293.7 295 295.4 295.2 292.7 290.5 288.5 288.6 288.8 289 289.5 288.9 290.6 289.9 304.2 317 329.3 339.7 350.1 360 369.6 379.4 391.2 404.4 418.6 431.9 444.4 455.7 463.9 469.1 473.1 475.6 476.8 478.3 479.8 480.4 481.2 482.3 483.8 484.9 486 486.2 486.8 487.3 488.2 490 490.7 491.2 491.5 491.5 490.3 488.3 484.5 482.4 482 483.1 484.7 486.4 487.3 487.5 487.6 485.3 483.2 479.8 483 485.7 488.5 490.1 492.3 494 498 502.4 505.9 508 509.5 508.9 505.9
289.4 290.7 291.9 292.2 292.3 289.4 285.1 282.3 283.4 285.4 282.4 286.2 289.1 294.3 304.9 314.6 322.1 332.1 341.7 351.9 361.5 371.7 382 393.3 405 419 431.9 444 455.2 462.7 468.4 472.1 474.9 476.9 478.7 479.5 480.3 481.1 482 483 484.1 485.1 485.2 485.8 486.5 488 490.4 491.2 491.8 493 493 492.4 491.1 488.4 486.4 485 485.4 486.9 488.3 489.2 489.4 489.7 488.4 486.2 482.2 485.7 488.2 491.3 494.6 496.7 498.9 501 505.4 508.8 511.1 512.5 512.1 509.9
286.3 287.2 288 288.2 287.9 285.2 280.2 281.7 281.8 283.2 283 289.6 294.5 300.8 309.2 316.9 324.6 333.8 343.3 353.2 363 373.2 383.7 394.5 406.1 419.2 431.8 443.1 453.4 461.1 467.1 471.1 473.8 476.2 478.1 479.3 480.1 481 481.6 482.5 483.7 484.5 484.6 485 485.9 488.6 489.9 491.7 492.5 493.5 494.2 493.5 492.4 490.9 489.2 486.2 487.5 488.7 489.1 490.8 491.2 491.8 491.1 489 484.6 488 491.5 494.5 497.5 500.3 503.4 505.4 508.8 511.8 513.9 515.2 514.6 513
282.4 283.4 283.5 283.3 281.6 278 275.5 278.6 279.4 282 285.5 291 296.5 303.7 311 317.5 326 334.6 344.2 353.5 364.1 374.5 385 396 407.2 419.3 431.3 441.9 451.1 459.1 465.3 469 473.2 475.6 477.4 479.1 480 480.8 481.2 482 483.2 483.8 484.1 484.5 485.2 487.6 489.4 491.2 492.6 493.5 494.3 494.3 493.3 492.4 490.6 489.1 489.7 490.1 491.4 492.6 494 494.1 493.6 491.3 487.1 490.2 492.9 497.1 500.3 503.3 506.3 509.6 512.4 514.7 516.3 517.3 516.9 515.1
277.9 277.8 277 275.3 272.7 272.8 275.6 279.1 280.6 284.4 288.3 292.7 298.9 305.3 311.4 318.3 327 335.2 344.1 354.1 364.7 374.9 385.8 395.7 407.1 419 431 441.2 450.2 457.8 464.2 468.4 472.7 475.7 477.8 478.9 479.9 480.4 480.8 481.4 482.6 483.4 483.7 484.5 485.3 486.2 488 490.4 491.7 492.9 494 494.6 494.5 493.7 492.8 492.3 491.8 492 493.3 494.9 495.7 496.5 496.2 492.9 491.2 492.5 495.9 499.6 502.6 505.9 508.6 512.3 514.6 516.9 518.6 519 519 516.6
272.2 270.4 267.3 267.8 273.4 277.8 279.4 280.3 283.1 287.5 291.3 294.9 300.6 306 311.6 319.2 327.5 335.2 344.1 354 364.6 374.6 385 395.4 406 419 431.4 442.3 451 458.6 465.5 469.9 474 477 478.2 479.2 479.7 480 480.4 480.9 481.7 482 482.4 483 483.6 484.2 486.1 488.5 490.2 491.1 492.3 493.1 494.7 494.9 495.4 494.8 494.7 495.2 496.3 497.1 497.9 498.8 498 496.8 494.4 495.3 497.7 502 504.9 507.8 510.6 513.9 516.5 518.7 520.2 520.7 520.3 518.7
264.2 264.8 268.8 273.8 278.5 283.3 285.6 286.1 287.5 289.4 292.9 296.8 301.3 306.7 312.3 319.7 327.6 335.3 344.1 353.5 363.9 373.9 384.9 394.9 405.7 419.7 431.1 443.2 453.1 460.5 467.1 471.6 475.4 477.8 479 480 480.2 480.2 480.4 480.1 480.8 481.1 481 481.4 481.7 482.1 483.6 485.5 487.4 489.1 490.3 492.5 494 495.6 496.3 496.9 497.9 498.7 499.5 500.3 501 501.3 500.7 498.7 498.1 498.9 500.4 503 506.6 509.3 512.2 515.2 517.8 520.2 521.6 522.5 522.1 520.8
262.1 261.1 271.9 276.7 281.1 284.9 287.3 288.6 289.8 291.5 294.5 297.9 302.3 307.4 313 319.5 327.1 335.1 343.7 353.1 363.4 373.9 384.1 394.1 405.4 419.5 432.9 444.7 454.8 462.2 469.3 473.5 477.4 479.4 480.4 480.6 480 479.4 479.3 479.1 479.6 479 478.8 478.6 479.5 479.7 481 482.4 484.1 486.2 488.4 492 494 495.9 497 497.9 499.5 501.3 502.2 502.9 502.8 503.2 502.8 501.2 501.6 503.3 503.7 504.8 508.2 511.2 514 516.4 518.8 521.3 523.4 524.2 523.6 522.5
258.3 264.9 271.5 275.7 279.7 283.3 286.1 288.3 289.6 292.4 295.5 298.8 303.3 308 313.5 319.7 326.4 334.4 342.9 351.2 362.7 373.3 383.1 393.5 405.7 420.4 433.8 446.2 456.5 465.1 471.3 475.5 479.5 481.6 482.3 481.2 480.2 478.9 478 477.6 478 477.6 477.1 476.9 477.4 477.4 478.7 479.9 481.5 484.5 488.2 492.1 494 495.8 497.4 498.7 500.1 502.3 503.6 504.5 505 505.1 504.9 504.5 504.1 505.8 506.7 507.9 510.1 512.6 515 517.3 519.7 522.3 524.6 525.8 526.1 524.9
256.8 262.8 269 273.5 277 280.8 283.6 286.3 289.4 291.9 295.5 299.6 303.8 308.3 314.2 320.3 326.6 334.4 342.1 350.5 362.1 372.5 383.2 394.4 405.9 420.6 434.3 447.5 458 466.5 472.6 477 481.2 483 483.5 482 480.2 478.6 476.8 476.2 476.7 476.7 475.9 475.3 475.5 475.7 476.6 478.3 481.5 484.1 487.6 491.6 494 495.2 496.8 499.4 501.4 502.9 504.6 506 506.4 506.6 506.7 506.6 507 508.2 509.2 510.4 511.6 513.5 515.7 518 520.3 522.9 525 526.5 527.8 527.2
254.4 259 265.5 269.9 274.2 277.1 280 282.8 286.1 290 293.8 298.8 303.2 308.5 314.6 320.7 326.9 334.3 341.3 349.2 360.4 370.9 382.3 394 406.5 420.5 433.6 447.6 458.9 467.1 473.2 478.2 481.8 483.8 484.4 483 480.2 477.2 475.5 474.7 474.9 474.8 474.1 473.3 473.2 472.8 473.9 477.1 480.4 483.6 487.6 490.6 493.5 495.4 497.5 499.7 501.8 503.6 505.3 506.8 507.2 507.6 508.1 508.1 509.6 510.4 510.6 511.7 512.9 514.4 516.3 518.3 520.8 523.1 525.4 526.9 528.4 529
255.9 255.8 261.9 267.1 270.3 273.4 276.3 279.5 282.9 286.6 291.7 296.9 302.1 308.1 314.5 320.7 327.2 333.2 339.3 347.8 358.3 368.8 379.8 390.8 403.1 420.2 431.8 446.8 457 466.2 473 477.6 481.6 484 483.8 482.3 479.6 476 473.6 472.9 473.3 472.5 471.7 471.6 471 468.7 472.7 475.6 479.6 483.6 486.8 489.3 491.7 494.6 497.3 499.8 502 503.9 505.5 507 507.8 508.4 509 510.6 511 511.4 511.6 512.5 513.7 514.5 515.9 517.9 520 522.5 524.9 527 528.8 529.2
260.7 250.4 259.1 264 267.3 270.4 273.5 277 280.5 284.4 289.9 295.8 301.5 307.6 313.9 320.3 326 331.8 337.5 345.9 356 365.1 376.3 388.2 401.1 415.5 428.7 443.4 453.6 463.3 471.2 476.3 481.6 482 481.9 480.4 477.3 473.1 470.4 469.6 469.9 470.5 470.5 469.7 468.2 467.9 471.2 474.5 478.5 482 485.2 487.6 490.8 493.3 496.2 499.1 501.6 503.7 505.5 507.1 508.5 509.5 510.6 511.2 511.3 511.9 512.4 512.8 513.7 514.5 514.9 516.8 518.2 521 523.6 526 528.4 529.9
261 251.4 253.9 260.9 264.7 267.7 271 274.4 278 282.5 288 294.5 301.4 307.5 313.4 318.8 324.2 329.8 334.5 342.1 351.7 361 372.8 383.2 392.4 412.5 424.3 437.1 447.9 458.2 467.8 472.9 477.1 478.4 478 476.8 473.5 469.3 466.5 465.9 466.8 468.2 468.6 468.1 463.8 463.3 468.9 472.5 476.3 480 483 486.5 490 492.7 495 497.9 500.7 503.1 505.2 506.7 508 509.2 510 510.7 511 511 511.6 512.2 512 512.1 512.9 515.1 516.3 518.6 521.4 524.6 527 529.5
258.2 248.9 252.2 257.2 262 265.5 269 272.7 276.5 280.8 285.9 292.6 299.3 305.2 310.9 316.2 321.5 326.6 332 337 346.4 355.5 365.9 375.5 385.6 402.6 417.2 429.2 440.9 449.7 460.2 467.5 473.3 473.7 473.1 471.2 467.5 462.8 461.1 462.2 463.2 464.9 465.5 465 462.6 460.4 465.7 469.6 473.7 477.7 481.6 485.2 488.4 491.3 493.7 496.8 499.9 502.4 504.6 505.9 507.3 507.9 508.4 509.2 508.2 508.5 510.6 509.9 510.4 511.1 511.3 512.6 514.5 515.9 518.7 522.1 525.2 527.6
254.7 248.2 249.9 255.4 259.8 263.7 267.5 271.1 275.1 279.4 284.1 290.3 296.2 302.1 307.6 312.4 317.2 322.1 327.6 332.1 340 349.7 358.6 368.2 378.9 396.4 409.6 422.6 433.3 443 451.1 459.9 464.3 467.3 467.4 464.7 460 454.5 454.2 455.7 458.2 460.2 461.4 459.9 458 455.3 460.8 465.5 470.1 474.6 478.9 483.5 486.6 489.7 493 496.4 499.1 501.7 503.8 505 506.1 507.1 506.7 506.5 506.5 507.3 508.6 508.3 509 509.3 509.3 509.9 512.3 513.9 515.9 519.3 522.8 525.7
250.8 246.6 248.3 253.7 257.3 261.2 265.3 269.4 273.5 277.6 282.6 287.2 292.6 298.2 303.7 308.4 313.1 317.6 322.9 327.7 334 342.5 351.3 360.3 372.9 385.4 400.1 414 424.8 434.5 442.2 448.9 455.9 459.4 459.1 456.5 449.8 445 444.6 448.8 452.4 454.6 454.7 453.7 451.6 452.4 456.8 461.1 467.1 471.6 476.8 481.4 485.5 489 492.4 496 498.9 501.3 503.3 504.5 505.5 506.2 505.8 505.4 505.2 505.3 506.1 506.6 507.5 507.3 507.4 507.8 510.1 511.8 513.7 516.6 520.1 523.5
