public/OST50/SX58.asc
ncols 200
nrows 200
xllcorner 250000
yllcorner 80000
cellsize 50
[rows 105 to 139 of 200, columns 0 to 77 of 200]
239.4 238.9 237.8 236.5 235.5 234 232.2 230.6 230.1 228.9 227.3 225.6 223.1 215.7 188.6 204.3 216.4 220 221.4 220.4 219.9 219.3 218.4 216 203.7 215.8 214 217.7 218.4 220.9 224.1 226.9 229.9 232.9 236.8 238.9 241 242.5 244.1 246.9 249.1 255.7 259.8 263.9 268.4 273.1 276.2 276.5 276.3 277.2 279.2 279.5 277.2 271.7 260.9 245.1 247.9 250.4 252.2 254.6 257.8 262 267.1 271.4 276.3 281.3 286.2 291 298 304.8 311.6 318.4 326 332.5 339.2 346 352.6 360.6
237.7 236.8 235.8 234.8 233.2 231.3 229.4 226.5 225.3 225.4 224.7 223.5 221.7 217.1 187.3 200.4 212.8 216.1 217.6 216.4 216.2 211.2 203.4 206.8 190.7 201.9 205.2 204.7 209.2 214.3 218.2 222.2 226.8 230.6 234.4 236.2 238.5 239.2 240.5 243.5 248.8 252.9 256.6 260.7 265.4 269.9 271.1 270.3 268.9 268.8 269.1 270.4 269.5 262.2 249.6 245.8 249.5 254.9 259.2 256.9 257.8 261.9 267.2 272.3 276.9 281.8 287.2 292.3 300 307 314.2 320.7 326.8 333.1 339.8 346.3 352.1 358.4
235.9 234.9 233.6 232.7 230.2 228.4 226.5 224.3 220.2 221.2 220.8 220.2 219.7 216.8 201.5 184.3 200.9 206.8 209.4 210.2 205.7 190.9 203.7 199.6 210.7 213.2 216.3 203.8 201 203 206.4 208.7 211.6 224.3 229.3 232.1 234.6 235.4 236.8 240.2 245 249.2 253.3 256.4 260.3 263.8 264.1 262.6 261.4 261.7 262.7 264 259.5 249.1 243.8 245.1 256.2 262 266.8 268.9 267.3 272.6 271.7 271.7 277.4 282.3 287.8 293.8 300.8 307.8 314.6 321.7 327.4 333.8 340.4 346.7 352.3 357.9
233.7 231.8 230.2 228.7 226.8 224.9 223.6 221.5 218.7 215.2 218 217.8 217.6 216 212.7 172.2 186 189.9 196.5 179.2 198.8 206.8 209 213.6 216.3 216.7 217.7 214.3 205.4 198.3 202.3 211.1 206.7 205.3 214.1 225.3 229.4 228.4 228.8 234.1 238.3 244.1 249.1 252.5 255.7 257.9 258.9 257.8 256.3 255.6 255.3 256.3 250.3 243.5 243.1 245.8 261.6 267.7 272.3 276 281.4 285.1 288.4 285.5 277.7 281.4 288.5 294.5 300.7 306.7 314 320.8 327.5 333.8 341.1 346.5 352 357.2
229.1 227.8 226.2 224.6 223.2 222.1 220.9 219 216.8 211.8 214.3 215.8 215.8 214.7 206.8 169.2 197.4 200.9 200.7 206.9 210 211.3 211.8 213.1 215.5 217 218.8 218.9 218.3 212.1 205.1 219.1 221.6 218.7 219.3 218 219.2 219.9 221.1 222.9 229.5 238 242.8 246.1 250.6 253.2 251.8 245 242.5 241.1 242.6 243.9 241.9 241.5 243.6 259.8 267 272.9 278.4 282.9 288.9 293.1 295.7 296.2 296.5 295.3 290.1 293.2 299.6 307.2 313.8 321.4 329.4 334.2 338.4 346.2 352.3 356.3
221.7 221.5 221.5 220.9 220 219.3 218.2 216.6 215.3 212.1 208 212.4 213.6 212.8 189.3 171.3 199.5 204.9 206.4 209.8 212.6 213.9 214.1 215.2 216.8 217.7 219.3 220.2 221.1 221.2 206.8 220.5 224.3 225.3 225.7 226.5 225.3 219.9 219.2 220.7 223.3 225.9 228.7 231.1 238.7 241.9 234.2 237.1 236.8 238.3 238.3 241.2 244.4 242.6 248.5 264.6 271.9 278.9 284.7 289.7 294.9 298.9 301.6 303.1 306 311.1 316.3 319.2 318 318.4 319.8 325.4 331.8 337.5 343.2 348.6 353.5 357.4
216.2 216.7 217.5 217.3 216.9 216.1 215.4 214.4 213.5 211.6 202.8 207.5 210 209.5 177.7 175.6 201.3 205 207.4 211.5 213.9 214.9 216.2 217.6 218.1 219.1 220.2 221.3 222.1 222.6 210.8 223.1 225.2 227.7 229.2 229.7 228.9 228.1 228.9 228.8 231.6 234.8 236.7 236.4 237.9 239.7 241.8 246.2 245.8 245.8 246.4 249.3 252.2 255.4 260.3 268.3 277 283.3 289.7 294.8 299.4 303.9 307 310.3 315.1 321.1 325.7 327.6 330.3 331.5 330.4 332.9 335.5 340.9 345.2 349.7 355 360.5
210.6 211.5 213 214.6 213.9 212.8 211.9 212 211.6 210.9 208.2 197.4 205.4 203.9 162.2 183.8 197.4 199.8 203.3 210.1 214.7 215.9 217.2 218.4 219 220.2 221.5 222.4 223.3 223.7 212.5 223.6 227.4 229.7 231.8 233.9 233.7 234.1 233.4 234.8 238.2 241.9 243.5 246.4 249.1 252 255.1 256.2 256.1 257.9 259.6 261.4 262.5 263 267.7 274.3 281.6 287.2 293.8 298.9 304 308.9 312.4 317.6 323.1 329.4 333.7 335.3 336.9 338.1 338.4 340 341.6 344.6 347.6 351.6 356.1 361.2
204.4 206.8 209.2 211.6 211.4 209.9 203.8 206.8 209.9 209.7 207.7 204.3 190.9 186.4 167.9 188 189.3 194.3 200.3 208.7 214 216.5 217.9 219.1 220.1 221.3 222.6 223.7 224.5 222.8 212.7 220.6 227.6 230.7 233.8 236.4 237.7 239.6 240.2 240.9 243.1 248.7 251.1 255.2 258.4 262.5 265.2 266.7 267.8 269.9 271.3 272.2 272.4 271.4 275.2 279.8 286.1 291.4 297.5 303.2 308.9 313.7 318.6 324.1 330.8 336.6 340.4 343.9 345.5 345 345.3 346.5 347.5 348.9 351.5 355.1 358.4 362.8
197.1 204.3 208.2 209.9 209.8 209.1 200.6 202.3 206.8 199.5 185.2 164.9 164 162.1 185.4 197 193.9 196.3 198.2 210.3 213.3 217.5 218.7 220 221.2 222.4 223.7 225 225.7 222.1 215.2 218.5 227.1 231.3 234.8 238 240.1 243 245.3 248 251 254.3 257.6 260.7 265.1 269.2 272.1 274.4 276.1 278.3 280.4 281.6 281.1 280.4 282.3 287.1 291.4 296.3 301.7 307.6 313.6 319.2 324.4 331.6 338.3 342.6 348 351.4 352.1 352.3 352.2 353.1 353.9 354.2 356.4 359.3 363 367.6
196.9 202.3 205.9 208 208 207.4 205.8 191 188.5 168.1 164.5 186.5 192.7 199.1 197.1 203.2 207.3 207.8 206.9 210.8 217.2 218.6 220 221.6 223.6 224.6 225.8 226.6 227 223.5 218.4 217.3 226.9 231.5 235.7 239.5 242 246.2 248.7 251.2 255.5 259.1 262.7 266.2 269.9 273.6 277.1 279.8 282.1 284.1 286.1 289.2 289.8 289.4 289.5 294.2 298 301.9 307.3 312.7 318.6 324.8 332.1 338.6 343.6 348.7 353.4 357 358.9 359 359.1 359.9 359.5 359.6 361.6 364.7 367.6 371.7
197.3 201.3 204.3 205.9 206.3 205.9 204.9 204.8 193.9 164 188.7 201.9 206.4 207.7 206.7 207.1 211.1 214 214.5 216.8 218.4 220 221.6 223.2 225.1 227.1 228 228.5 228.3 226.5 221.4 220.6 223.9 229.7 236 241.5 244 248 252.3 257.3 261.2 264 267.7 271.1 273.9 277.8 281.1 283.7 286 288.7 292.6 295.6 297.3 297.4 297.3 300.9 304.8 308.8 313.4 318.4 324.6 331.3 337.4 343.5 348.2 353.7 358.8 362.8 365.1 365.8 366.3 365.6 365.3 364.9 366 367.3 370.2 373.6
197.5 200.8 203 204.3 204.7 204.9 202.1 203 168.7 167.7 191.6 201.8 206.7 208.6 209.9 211.3 213.1 215 217.1 218.6 220.2 221.8 223.5 225.8 227.8 229.5 230.2 230.7 230.5 230 225.2 223.3 225.7 229.1 234.7 241.4 247.1 251.9 256.8 261 264.8 268.6 271.6 274.4 277.2 281.5 284.5 286.9 289.6 294 299 302.8 304.9 305.1 305.2 308 311.8 315.7 320.2 325.1 331.3 337 343 349 354.3 360 364.6 368.2 370.7 372.3 372.2 371 369.5 369.2 368.9 369.5 371.4 373.8
197.6 200 202 203.7 204.4 204.6 199.9 197.2 191.9 157.1 198.1 203.9 206.9 209.5 211.5 213.1 214.9 216.6 219 220.5 222.3 223.9 226.1 228.7 230.8 232.4 232.8 233.5 233.4 232.8 229.3 228 227.5 230.8 235 242.7 249.4 254.9 260.2 265.1 268.7 270.8 274.5 277.7 280.8 284.3 287.6 291.1 295.5 301 305.6 309.4 311.9 313.3 314.1 316.2 320 323.5 327.8 332.5 338 343.2 349 355.5 360.2 365.5 371.6 374.8 377 378 377.6 375.6 373.2 371.9 370.5 370.3 371 372.7
194.7 195.6 199.4 201.7 203.1 203.8 201.7 195.3 175.4 160.5 186 198.3 206.3 210 212.5 214.7 216.5 218.3 220.8 222.6 224.4 226.2 228.8 231.6 233.9 235.5 236.3 236.9 236.8 236.3 234.5 233.6 235.9 239.6 239.5 242.6 250.7 257.2 264 268.9 270.7 273.1 276.5 280 283.9 287.3 291.8 297 301.7 306.4 311.1 315.9 318.7 321.1 321.8 323.7 326.6 330.6 335.2 339.9 344.3 349.2 355.1 360.6 366.5 373 377.1 379.7 382.2 383 381.9 378.9 375.7 372.6 370.7 369.7 369.3 370.2
188.9 193.1 198.2 201.2 202.8 202.9 201.1 168.2 155.9 180.6 202.1 204.7 209 211.5 213.7 215.9 218 219.9 222.6 224.6 226.5 228.9 231.7 234.5 237 238.5 239.4 240 240 239.9 239.4 238.8 242.1 245.6 248.5 250.5 253.8 258.9 265.6 269.8 272 274.7 277.3 281.8 286.3 291.6 297.4 302.5 307.1 311.5 317.3 320.9 324.2 326.6 328.6 330.6 333.6 338.2 342.4 346.4 350.5 355.1 361.9 366 372.9 379.4 381.6 384.3 385.8 386.1 383.9 380.6 376.6 372.3 369.8 368 366.8 366.9
188.7 196.5 200.3 202.2 202.7 196 168.3 148.7 161.7 188.3 202.9 206.5 209.1 212.1 214.9 217.1 219.2 221.5 224.2 226.5 229.1 231.8 234.6 237.4 240.1 241.5 242.5 243 243.9 244.3 243.5 243.2 247.2 250.7 254.3 258.1 259.1 259.4 262.9 267.7 272.1 275.4 279.6 284.2 289 295 301.3 306.7 311.4 316.7 321.9 325.9 329 331.3 333.8 336.7 339.7 343.2 347.5 351.6 356.2 360.9 365.5 372.5 377.5 383.2 387.5 388.4 388.5 387.9 385.2 381 376.5 372 368.7 365.6 363.5 363.6
194.6 198.3 200.7 201.9 201.5 178.2 142.5 169.3 192.3 203 205.5 207.9 210.3 213 216 218.5 220.7 223.4 226.1 229.3 232.7 235.4 237.8 240.3 243 244.5 245.6 247 248.9 250.4 249.8 249 251.4 257 259.6 261.3 261.3 261.8 263.6 267.1 271.5 277.4 282.4 287.5 292.9 298.6 304.3 309.8 314.8 320.4 325.5 329.4 332.7 335.6 338.3 341.3 344.1 347.5 351.7 356.3 359.7 364 368.4 376.8 381.6 387.3 389.8 390.7 389.9 387.9 384.8 380.4 375.6 370.8 366.3 362.7 360 360
196.7 199.4 200.5 201.2 200.3 170.5 151.2 191.2 201.7 206.1 206.4 208.9 211.6 214.5 217.7 220.9 223.3 226.1 229.2 232.7 236.2 239.1 241.7 244.2 247 248.9 251.8 255 255.5 256 255 253.2 255.2 259.6 262.5 262.8 263.7 264.4 266.1 267.8 271.5 279.2 285.1 290.6 296 301.3 306.6 311.3 316.3 321.6 326.8 331.4 335 338.8 342.3 345.3 347.6 350.5 354 357.5 361.1 365.1 370.3 378.7 383.8 388.2 390.1 390.3 389.4 387 384 378.8 373.9 369 364.5 359.8 355.7 357.1
197.1 198 199.8 200.6 199.4 172.9 148 181.2 201.5 205.2 207.9 210.9 213.6 216.6 219.8 223.2 226.1 228.4 231.8 235.3 239.4 243.6 246.3 249.1 251.2 254.4 257.1 259.4 259.6 258.4 257.6 256.9 258.4 261.7 263.7 265.5 266.7 268.2 269.9 271.4 273.1 277.8 285.4 292.2 297.7 302.9 308.1 312.5 317.3 322.7 327.9 332 336.1 340.3 344.1 347.5 350.3 352.6 355.6 358.7 362 365.9 372.2 379 384 387.4 388.8 388.5 386.9 384.8 382.4 377.1 372 367.2 362.6 357.1 353.2 353.9
186 196.7 198.8 199.2 193.7 170.8 141.6 175.4 197.4 205.4 209.5 212.5 215.4 218.8 222.6 226.1 228.5 230.5 234.5 239.6 244.6 248.2 250.7 253.5 255.2 257.1 259.9 261.3 261 259.9 259.5 260.2 261.4 263.7 265.9 268.1 270 273.3 275.3 276.7 278.4 279.3 282.9 290 297.9 303.3 308.4 313.2 317.9 323 327.4 331.7 336 340.4 344.3 348 350.9 353.7 356.3 359.1 362.1 365.6 370.2 376.4 381.3 384.9 386.1 385.7 384.4 381.8 378.6 374.8 369.9 364 359.4 353.4 351 355.4
171.3 191.8 199.4 193.9 170.4 138.6 158.8 181.5 201.7 207.3 212.2 215.6 218.7 222.1 225.5 228.3 231.5 235.1 241.6 245.9 248.8 253.7 257.2 257.1 256.2 257 258.8 259.5 260.2 260.9 261.6 262.8 264.7 267.4 269 271.6 273.8 277.1 280.5 283.1 284.7 284.7 284.5 287.7 294.5 302.5 308 312.9 317.6 322.5 326.7 331.1 335.7 340.3 345 348.4 351 353.4 355.9 358.8 361.8 364.8 368.5 372.3 377 380.5 381.5 381.4 379.2 376.3 374.5 370.9 366.1 360 355.4 349.8 349.6 355.4
156 177.3 195 177.7 134 155.2 176.8 198.7 205.2 210.5 214.8 217.1 220.5 224.7 228.2 230.6 234.3 239.3 246.1 250.1 257.2 261.2 259 256.5 256 255.8 257.2 258.4 259.3 260.6 262.8 266 268.8 271 273 275.8 278.6 282.3 285.6 288.6 290.3 291.2 291.6 291.9 293.9 300.6 306.9 312.1 317.3 322.3 326.5 330.6 335.5 340.7 344.7 348 350.6 353.1 355.6 358 360.6 364 366.4 368.3 370.1 372.5 374.3 374.7 373.1 370.2 367.4 364.6 359.9 355.1 351.5 347 351.1 354.8
138.5 156.6 175 162.9 141.3 171.7 196.6 202.9 208.9 213.1 215.9 218.9 223.2 227.2 230.8 232.9 238.9 247.5 249.9 252.4 255.2 255.8 255.1 253.7 253.8 253.7 254.8 255.7 258.5 260.8 264.9 268.4 271 274.1 277.3 280.4 283.5 286.9 290.1 293.3 296 297.9 298.1 298.1 298.2 300.8 306.6 312.3 317.3 322.1 326 330.8 336.1 340.8 344.6 347.4 350.2 352.7 354.7 356.9 358.6 361.3 363.7 364.6 365.9 366.3 366.3 365.9 364.2 362.8 360.6 357.9 354.5 350.6 347.3 344.4 350.2 354.4
132.1 129.8 145.3 132.4 160 186.8 200.2 205.3 210.7 215.5 218.1 222.5 226.4 229.8 232.6 237.9 246 248.8 249.6 250.7 251.1 251.4 251 250.6 249.8 249.5 251.6 255 258.4 262.6 266.6 270.6 274.3 277.6 280.8 284.3 287.6 290.7 294 297.3 300.6 302.9 303.1 303.3 303.6 304.5 307.2 312.7 317.7 322.4 326.9 331.4 336.4 340.4 344 346.8 349.6 351.6 353.1 354.3 355.6 357.7 358.9 360.3 360.9 361.2 360.7 359.2 357.9 356.1 354 351.8 349.2 345.7 341.4 343.8 348.8 354.2
167.2 148.5 150 161.3 179.4 198.6 203.9 207.5 212.7 217.7 221.6 224.5 227.8 231.5 235.2 242 247.7 248 246.8 246.2 247.1 247 246.7 245.4 244.1 246.8 250.8 254.3 259.2 264.3 268.9 273.8 277.8 281 284.3 287.1 291.3 294.5 297.9 301.1 304.3 307.1 308.3 308.6 309 309.4 309.7 313 317.9 322.7 327.3 331.9 336.1 339.7 343.1 345.9 348 349.4 350.9 352 353 354 355.1 355.9 356.1 356.3 355.1 353.5 351.2 349.3 347.2 345.6 342.7 339.1 336.1 342.5 348.6 353.8
192.2 175.2 190.2 189.5 196.3 201.8 206.4 210.5 215.6 220.8 222.8 225.6 229 232.5 237.3 242.8 244.3 243.3 242.8 242.8 242.8 242.2 241 239.8 241.3 245.8 250.3 255.5 260.7 267.2 272.4 277 281.2 284.4 287.7 291 294.9 298.4 301.6 304.9 308.1 310.9 312.4 313 313.6 313.8 313.9 315.6 319 323.5 327.4 331.9 335.9 338.9 342.3 344.5 346 347.5 348.4 349.2 350.2 351.2 351.2 350.5 351.4 350.7 349.6 347.5 345.5 342.9 340.9 338.7 334.3 332.6 336.3 342.3 348.1 353.2
200.4 190.4 189.9 196.2 198.7 203 210.3 212 217 221.7 223.8 226.7 229.3 232.3 236.9 238.2 238.5 238.4 238.4 237.5 237.6 236.1 235.7 236.4 242 246.6 252.2 257.6 264.5 270.5 275.2 280.1 284.6 287.9 291.7 294.8 298.5 301.9 305.4 308.7 311.9 314.7 316 316.9 317.4 318 318.5 320.1 321.8 324.9 328.1 331.9 335.7 338.5 341 342.7 343.9 344.9 345.9 346.6 347.3 347.9 347.9 347.1 346.3 345.5 344.1 342.3 340.3 337.3 334.3 331 324.7 327.2 334.8 340.4 346.5 351.4
202.6 195.5 186.6 195.7 199.2 203.1 207.4 213.2 217.6 220.8 224.4 226.8 228.4 230.2 232.2 233.1 233.5 233.6 232.8 231.1 230.9 230.7 231.9 236.7 242.4 247.2 253.9 260.8 267.4 273.1 277.8 282.7 288.5 292 295.3 298.2 301.6 305.1 308.5 312 315.4 318.1 319.5 320.5 321.2 321.8 322.3 323.1 324.1 326.3 329.1 332.5 335.2 337.6 339.3 340.5 341.6 342.7 343.2 343.5 344 344.3 343.6 341.9 340.9 339.4 338 336.5 334.9 332 327.4 322.3 320 327.6 334.2 338.5 344 348.8
205.2 198.3 191 188 197.2 202.7 207 212.6 216.2 219.4 222.7 224.1 225.9 226.6 227.1 228.3 227.3 225.5 224 224.1 225.8 228 231.6 237 242.6 249 255.3 263.5 270 276 281.2 287.5 291.4 294.9 298.2 300.8 304 307.3 310.8 314.6 318.2 321.2 322.9 324.1 324.9 325.4 325.9 326.7 327.2 327.8 330 332.3 333.9 336.2 337.7 338.6 339.7 340 340.1 340.4 340.1 339.5 338.1 336.4 335.3 333.2 333.4 330.6 328.4 326.2 321.2 317.7 320.1 327.5 333 336.8 341.4 346.3
210.3 200.8 195.8 193.8 189.7 197.7 206.6 209.5 213.9 215.4 216.8 220.5 222.1 222.1 221.7 220.9 219.2 218.5 219.5 221.5 224.4 226.7 231 235.9 242.4 248.6 256 264.8 271.9 278.2 283.9 289.3 293.1 296.6 299.8 302.8 306.2 309.5 313.3 317.2 321 324.3 326.3 327.9 328.6 329.1 329.6 329.8 330.2 330.5 330.7 332.1 333.3 334.8 335.8 336.7 336.7 336.8 337 336.7 335.7 334.7 333.9 332.2 331.4 327.9 327.1 324.5 323.3 320.7 313.5 314.3 320.6 326 330.3 334.6 339 343.8
216.1 203.9 199.2 196.6 195.6 196.3 206.2 198.1 204.7 208.9 213.2 215 215.1 213.3 213.2 212.9 214.2 216.4 218.1 218.5 220.5 223 226.7 232.9 239.3 246.6 255.1 264.5 272.9 279.8 285.3 290 294.3 297.4 300.4 303.6 307.2 310.8 315.2 319.6 323.7 327.5 329.8 331.7 332.2 332.7 332.8 332.1 332.2 332.1 331.4 332 332.7 332.8 333.4 333.4 332.9 333.1 333.2 332.7 332.3 331.5 330.7 328.5 325.4 323.2 320.9 318.9 316.3 312.9 309.9 312.8 319.5 324.3 327.9 332.3 336.8 341.4
222.3 210.5 202.8 199.8 197.7 200.4 204.8 203.7 200.8 199.7 199.4 200.5 202.4 205 206.9 208.7 211.5 215.4 223.5 228.6 231.5 234.2 236 237.5 235.8 243 255.1 264.4 273.7 280.5 285.2 290.3 294.3 297.2 300.1 304 308.1 312 316.4 320.8 325.9 330.5 333.6 335.4 335.8 336 335.6 334.6 333.3 332.3 331.6 331.1 331.6 331.2 331.4 330 329.4 329.3 329.3 329 329 328.3 326.9 324.2 321.4 318.3 315.4 313 310.1 307.8 308.1 313.7 318.5 322.1 325.6 330.1 334.6 339.1
230.6 221.2 208.4 203 200.9 203 208.5 210.3 209.3 209 210.5 207.8 207.9 210.8 215.5 217.5 220.6 224.2 229.1 233.2 236.7 239 240.5 242.1 243.9 242.9 246.8 260.8 273.3 280.1 286 290.3 293.5 296.6 299.3 303.8 308.4 313.1 317.8 323.2 329 333.9 337.4 339 339.3 338.8 338.3 336.8 334.6 332.8 331.7 330.8 329.8 328.9 328 327.1 326 325.5 325.3 325.4 325.6 325.1 323.7 321 317.8 314.5 311.1 308.2 306.3 305.3 306.7 313.2 316.9 320.6 324.4 328.3 332.8 336.8
242.3 233.1 216.8 205.6 203.1 205.7 209.9 212.1 211.5 212 212.5 211.7 214.5 215.2 214.6 220.1 223.4 228.2 232.8 237.1 241 244.2 247.2 250.1 251.6 252.5 253 253 263.6 276.4 281.7 287.8 291.3 295.5 299.9 304.7 309.3 314 319.8 326.3 332.5 338.5 342.2 343 343.3 343 341.5 339.1 336.1 333.2 331.3 329.1 326.7 325.6 324.7 322.5 322.9 322.1 321.6 321.8 322.3 321.7 320 317.5 314.4 311.1 307.9 304.7 302.5 302.6 306.5 311.8 315.6 319.3 323.1 326.3 330.6 334.2
