public/OST50/SX59.asc
ncols 200
nrows 200
xllcorner 250000
yllcorner 90000
cellsize 50
[rows 105 to 139 of 200, columns 0 to 77 of 200]
227.5 224.6 224.9 224.6 224.8 224.2 223.9 224.2 225.7 227.3 227.9 228.1 227.8 225.5 222.2 219.4 217.1 216.2 214.3 210.8 203 201.6 209.9 214.1 216.9 218.7 220.4 222.1 223 222.9 222.7 222.1 219.9 218.3 218.3 218.1 217.7 216.4 217.5 219.1 221.8 226.1 229.7 232.6 234.4 236.3 237.8 238.6 239.4 240.1 239.1 237.5 235.8 234.1 228.9 223.1 217.9 213.4 215.1 219.9 225.1 229.4 234.4 238.4 243.2 246.5 249.8 251.8 252.2 251.5 250.3 248.7 247.6 246.6 244.7 242.4 240.8 238.5
230.3 229.1 229.3 229.2 228.7 228.5 228.3 228.2 229.6 230.5 230.5 230.3 229.6 227.2 225.1 223 220.5 217.9 214.9 210 202.6 202.3 209.4 213.4 216.3 218.6 221 223.1 224.1 224.2 224.2 223.5 222.8 221.8 222.1 222.3 222.6 222.1 221.1 221.5 224.3 228.3 231.2 233.9 235.9 238.2 239.2 240.2 241 241.8 241.1 239.3 237.7 233.2 228.4 223.4 217.8 214.1 217.2 221.5 226.5 231 235.7 240.5 246 250.1 253.1 255.1 256.1 254.6 253 251.2 248.9 246.5 243.2 241.1 239.2 235.7
233.3 233.1 233.3 233.5 233.3 233 232.8 232.5 233.2 233.2 233.3 232.7 231.1 229.5 227.7 225.6 222.3 218.9 214.4 207.9 203 203.2 205.9 211.9 215.3 217.5 219.6 222 223.4 224.9 225.2 225 224.8 225.5 226.7 227.9 228.2 227.8 227 224.7 226.4 229.8 232.5 234.9 237 239.7 240.6 241.3 242.3 243.4 243.2 240.2 236.3 232.1 227.3 223.4 217.4 215.4 218.9 224.5 228.8 232.9 238.8 244.2 248.5 252.5 255.5 257.1 257.5 256.8 255.6 253.7 251.2 247.7 242.9 240.2 231.8 230
237 237 237.2 237.5 237.7 237.5 236.9 236.6 236.5 236.1 235.7 234.5 233.4 232.1 229.7 227 223.2 219.2 214 206.6 206.8 207.5 206 208.2 213.2 215.6 217.8 220.6 223 224.9 226.3 227.1 227.9 229.7 231 232.1 233 233.5 232.3 230.2 228.6 230.8 233.6 235.8 237.9 240.2 241.5 242.5 243.4 243.8 242.4 239.5 234.4 230.8 226.6 223.7 219 217.1 220.3 225.2 230.2 235 240.9 245 249.2 253.2 256.1 258.2 258.9 258.6 257.5 255.9 253.7 250 245.7 241.1 233.5 230
240.9 241.3 241.2 241 241.2 241 240.3 239.1 238.5 238.2 237.2 236 234.8 233.7 230.7 227.3 225.3 220.6 214 209.8 211.7 212.5 210.7 210.3 212.3 213.1 217.3 220 223.3 226.2 228.5 230.1 231.6 233.6 235.3 236.3 237.4 237.4 236.8 235.1 233.3 233.5 234.8 237.1 239.3 240.6 242.4 243.3 243.5 242.8 241.5 239.4 234.7 230.1 227.5 224.7 221.6 218.4 222.2 226.8 231.4 235.5 240.2 243.6 247.8 251.9 254.8 257.7 259.4 260.4 259.9 257.8 255.8 252.1 248.4 244.1 237.8 231.2
245 245.7 245.5 245.4 244.6 243.7 242.9 241.6 240.6 239.9 238.7 237.5 236.1 234.7 232.9 229.7 225.7 219.4 213.8 213.8 216.2 215.9 214.5 213.6 214.4 214.9 219.2 220.3 223.9 228.2 231.3 233.8 235.9 237.8 239.8 241 241.2 240.8 240 238.2 236.7 235.5 236.4 237.4 239.9 241.3 242.7 242.9 243 242.1 240.4 238.4 235 230.8 228.2 225.7 222.3 221 223.4 227.5 230.9 233.7 238.4 241.7 245.4 250 254.3 257.5 260 261.2 261.8 260.7 258.6 254.9 250.9 246.7 240.8 234.4
249.3 249.9 249.8 249.3 248.2 247 246.1 244.4 243.1 241.9 240.9 239.5 237.2 235.8 233.4 230 223.1 217.7 216.1 218.4 219.9 219.2 217.7 216.8 216.6 218.1 219.2 223.3 226.7 230 233.4 235.9 239.1 240.6 241.2 243 244.7 244 243 241.4 240.1 238.6 237.9 238.7 239.8 241.5 242.3 242.4 242.6 241.5 239.8 237.4 234.1 231.4 228.8 226.3 223.6 223.2 224.5 226.7 230.2 233.1 236 239.5 243.9 249.3 253.4 257.4 259.8 262 263.2 262.4 260.1 256.7 253.6 249.3 243.8 237.5
253.2 253.1 252.7 252.4 251.5 250.4 249.1 247.3 246 244.7 243.1 241 238.4 236.3 233.2 227.5 221 221.3 221.9 223.4 223.4 222.3 220.7 221.4 221.7 224.1 226.8 229.2 229.5 232.6 236.1 238.8 242.1 242.5 242.8 244.2 246.1 245.1 245.5 243 241.7 240.6 239.8 239.8 240.2 241.1 241.5 241.7 241.7 240.7 238.9 236.6 233.5 230.9 228.4 226.1 225.7 225.5 226.9 228.5 230.8 232.2 235.8 239.5 244 249.3 253.3 256.6 259.2 262 263.4 265.5 262.5 258.6 255.7 252 246.5 240.1
255.1 254.5 253.8 253.5 253.1 252.4 251.3 249.8 248.8 247.4 245.5 242.9 240.1 236.7 231.2 225.7 223.1 226 226.7 226.4 226.7 228 227.7 227.9 228.6 231.7 232.6 232.6 233.7 236.3 238.9 241.4 244.2 245.7 246.3 248.5 248 249 247.7 245.4 242.7 241.4 240.7 240.5 240.5 239.9 240 240.1 239.7 238.7 237.7 235.7 232.9 231 227.8 228.5 228.4 228 228.7 230.1 231.7 233.1 236.5 240 244 248.9 252.6 256 259.2 261.3 262.9 264.6 261.9 260.2 257.2 253.3 248 240.8
255.7 255.1 254.5 254.1 253.7 253 252.5 252 251.1 250 247.4 244.8 242.3 237.7 231.5 226.6 228.2 230.2 230.1 230.7 231.2 231.8 232 234 235.2 236.5 237.7 238.3 238.1 239.8 241.7 244.6 245.7 247.4 248.8 250.1 250.3 249.8 247.9 244.7 242.1 241.5 241 240.5 239.4 238.5 237.8 237.3 237 236.9 236.2 235.6 233.6 231.9 231.4 231 231.1 231 231.2 232.3 233.5 234.7 236.9 240.6 244.2 248.2 251.8 255.2 257.2 258.9 260.1 260.4 260.1 258.6 257.2 254 249.2 243.2
255.7 255.1 254.2 254 253.8 253.6 251.1 253 252.4 251 249 246.5 242.8 236.7 231.2 230.6 231.7 233 234.2 234.4 235.7 237.1 238.1 238.7 238.7 239.6 240.7 242.2 242.7 244.9 244.5 245.9 247 248.7 250.2 251.1 250.9 249.2 246.2 242.5 240.8 240.7 239.9 237.9 234.8 235.5 235.5 235 234.7 235.2 235.6 235.8 234.4 233.6 233.8 233.5 234.4 235 235.6 235.6 236.1 237 238.4 241.2 244.1 247.4 251 253.4 255.1 256.5 256.9 258.7 259.2 257.3 256.4 254.2 250.9 246.4
253.1 253 252.8 253.3 253.7 253.6 254.4 253.5 250.8 251.3 249.1 245.9 241.2 235.8 235.3 235.3 236.4 237.1 237.5 237.7 239.9 241.3 242.1 242 242.1 242.8 244 245.3 246.1 246.2 246.8 247.4 248.4 250.2 251.3 251.2 249.7 245.9 241.7 238.9 237.9 237 234.1 230.8 229 227.8 229.9 231.6 234.3 235.3 236 236.8 236.4 235.7 236.3 236.8 237.7 238.2 238.3 237.8 238.4 239.2 240.4 241.6 243.7 246.5 249.4 251.5 253.2 254.7 255.4 256 256.4 255.6 255.9 254.9 252.9 249.8
250.7 250.6 250.5 251.9 252.8 253.7 254.3 254.5 253.1 250.7 249.1 245.5 241.7 241.8 241.4 240.5 240.1 240.3 240.6 240.9 242.5 243.3 243.7 243.7 244.2 245.7 245.7 246.6 247.7 248.4 248.9 249.3 249.9 249.6 250.3 248.9 245.9 242.1 235.9 232.8 231.2 230.8 226.2 222.9 229.2 233.5 232.4 232.6 234.8 236.8 237.4 237.9 238.9 239 239.7 240.1 240.9 241.2 241 240.8 241 241.1 242 242.7 244.5 245.8 247.5 248.9 250.4 252.5 253.2 253.7 253.8 254.2 255.3 255.3 254.9 254
247.6 247.1 248.5 250.3 252.1 253.8 255 254.7 253.4 251.9 249.4 247.7 246.5 245.6 244.2 243.3 243.2 243.4 242.7 243.4 243.3 243.7 243.9 244.2 244.7 245.7 246.5 248.3 249.1 249.6 249.8 248.8 247.9 247.6 247.2 245 242.1 238.4 232.4 227.1 226 223 222.6 231.3 234.8 236.4 235.6 234.6 236.1 238.2 239.7 240.3 241 242.1 242.3 242.7 243.4 244.3 244.2 244.4 243.6 243.3 243.4 242.8 242.4 245.8 246.8 247.6 248.3 248.7 249.1 249.2 250.2 251.7 254.4 255.6 256.8 257.8
243.2 243.7 246.2 249 251.7 253.5 254.2 254.1 253.2 252.4 251.7 250.4 249.7 248.7 246.8 245.9 245.4 244.5 242.9 241.7 242.1 242.7 243.7 244.6 244.9 245.2 246.8 248.4 248.8 248.7 247 245.3 243.3 243.2 243.4 242 239.6 235.6 228.8 223.1 220.5 219 226.2 231.6 235 237 237.7 236.9 237 239.2 241.4 242.4 243.5 244.3 244.9 245.2 245.9 246.9 247.5 248 248.1 247.3 245.7 246.2 245.6 245.2 242.6 243.2 244.4 243 243.2 242.6 246.3 251.1 254.2 256.8 260.8 262.7
239.5 242 244.5 247 249.8 251.8 252.7 252.8 253.4 253.4 253.1 252.4 251.3 250.1 248.5 247.3 245.3 243.3 240.9 238.6 238.5 240.6 241.6 242.4 243.3 243.8 245.4 246.2 245.4 243.3 239.7 236.9 237.5 240.5 240.9 240.6 237 230.7 224.5 220.1 215.9 220.2 225.1 229.9 233.7 236.6 237.5 238.7 238.7 240.3 242.9 244.1 245.2 246.2 247.2 247.7 248.4 249.2 249.6 249.6 249.5 249.1 247.3 245.3 243.1 239.9 238.7 238.1 240.9 242.8 239.3 243.3 247.8 251.5 254.6 258.1 262.9 266.6
236 239.9 243.3 246 248.3 250.2 251.5 252.2 253 253.5 253.3 252.9 251.9 249.9 247.2 244.6 242.5 239 235.5 231.2 232.8 237.1 238.6 238.9 239.1 240 241.1 240.5 238.3 235.3 232.1 230.9 233.5 237 238.3 238 233.9 227.4 220.6 215 215.2 219.7 223.6 228.2 232.3 235.4 237.1 238.8 239.8 241.9 244.1 245.7 246.8 248.2 248.7 249.2 249.7 249.5 249.4 249.2 249 247.1 244.8 241.9 238.7 234.3 233 234.2 236.5 238.8 241.1 243.5 247.9 251.1 255.7 259.8 262.7 264.2
236.8 240.7 243.5 245.9 248.7 250.2 250.4 250.9 251.3 251 251.6 250.1 247.8 245.7 243.5 239.6 236.7 232.5 226.3 222.9 228.1 230.8 231.4 230.7 231 232.6 231.9 230.7 230.4 229.4 227.4 225.6 229.1 232.8 234.6 234.7 229.2 223.1 213.6 213.2 217.7 220.6 224.1 227 230.7 234.4 236.5 238.2 239.4 241.3 243.2 244.7 246 246.5 249.1 250.2 250.2 249.3 248.5 247.7 245.6 242.1 238 234.1 229.5 226.6 228.6 231 233.1 235.4 237.8 242.8 244.3 251.3 253 255 258 259.4
242.9 245.1 246.8 248.5 249.1 250 250.2 249.8 248.3 247.6 246.8 244.3 242 238.7 236.3 232.9 228.5 222.4 217.2 217.6 220.2 221.8 222.3 224.1 226.5 226.6 225.7 223.9 223.7 222.5 221.3 221.6 225 229.1 231.8 230.4 225.2 216.1 209.8 216.7 221.8 225.1 226.7 228.1 230.5 233 235.8 238 237.8 237.8 238.4 240.1 241.7 243.9 247.2 249.1 249.3 248.7 246.9 242.1 238.6 232.9 227.3 223.6 221.7 224.3 226.7 229.3 231.4 233.3 235.2 239.2 241.2 243.8 249.9 249.1 251.2 254.1
245.9 247.9 249 249.1 249.3 249.7 248.4 244.6 242.6 240.5 238.8 236.5 234 230.8 228.3 225 218.5 211.8 208.4 208.1 213.5 217.1 219.6 222.9 224.5 223 220.4 218.9 217.6 215.9 215.9 219.7 223.3 227.2 228.9 226.7 222.2 213.5 211.2 219.1 223.6 227 228.8 230.6 230.9 232.6 233.6 233 232.1 230.7 233.2 235.1 237.3 240.9 244.5 245.2 246 245.1 243.2 236.3 229.7 223.4 220.1 218.7 221.1 223.5 225.9 227.9 229.1 230.7 233.4 235.7 238.3 239 242.6 245.1 248.7 253.2
247 248.8 249.8 250.1 250.2 249.2 246.2 239.9 233.6 230.4 229.1 227.3 224.9 222.7 221 215.1 208.7 202.8 204.1 209.9 217.3 221.8 225.4 226.3 224.9 223.6 217.7 213.3 212.6 210.7 213.5 217.8 222.3 225.6 226.5 223.4 218.8 210 210.9 219.4 224.5 227.8 230 230.9 230.1 229.3 227.8 226.3 223.5 223.6 227.5 230.5 232.7 235.3 238.5 239.3 240.2 239.5 235.2 228.9 221.3 217.4 215.8 217.5 220.3 222.8 224.8 226.4 227.7 228.6 230.1 232 233.8 234.3 236.4 242.7 245.5 249.4
247 249.1 250.3 251 249.2 246.1 243.1 236.8 228.7 220.2 218 217.9 216.6 215.1 208.7 205 198.7 199.3 207.4 216.6 222 226.7 229.4 228.9 223.9 223.1 216.4 211.5 207.8 207.9 213.2 217.7 221.9 224.2 222.8 218.4 210.8 203.5 211.9 220 225.4 228.4 230.2 230.4 227.4 223.2 221.4 218.1 215.6 218.1 222.3 224.6 226.8 228.6 230.2 230.7 231.5 231.4 229.1 222.8 216.9 213.2 213.3 216 218.8 221.2 223.4 224.3 225.2 225.8 226.9 228.4 230.6 232.1 234.6 237.9 245.1 244.2
247.2 248.3 249.2 248.6 245.5 241.9 237.7 232.5 225.8 217.3 210.4 208.2 207.3 206.8 202.9 194.5 197.1 205.2 213.8 219.8 224.9 228.6 230.2 229.5 225.7 220.7 215.4 210.5 204.7 207.6 212.2 215.8 217.5 218.7 215.8 209.2 202.2 207.8 218.9 223.3 225.7 228.1 228.5 227.7 225 219.7 214.1 211 210.5 212.6 215.9 216.2 217.8 219.5 219.5 220.6 220.9 221.3 223.4 221.9 216 210 211.2 213.2 215.5 217.9 219.8 221 221.9 222.9 223.7 225.5 228.1 230.6 232.6 236 238.8 247.7
246 246.1 245 243.3 240.9 235.8 231.4 228.4 223.7 217 209.3 203.2 200.9 198.9 193.8 193.3 201 209.3 215.6 220.7 224.9 228.2 229.4 226.9 223.1 218.3 213.6 207.4 200 206.4 210.7 212 213 211.4 204.9 200 207.5 215.5 222.3 224.5 225.3 225.6 226.2 224.9 222.2 217.3 212.2 205.9 204.1 206.9 209.5 209.2 209.4 210.3 211.4 213.6 215.8 219.1 222.6 224.6 216.7 207.4 208.5 210.3 212.2 214.3 216 217.6 218.6 219.6 220.5 222.8 225.2 228 230.8 233.6 236.4 239.7
243.5 241.9 240.5 238.1 235.9 231.5 225.5 222.8 219.5 215.7 210 203 197.7 193 188.9 192.3 201.3 208.3 214.4 219.8 223.4 226.2 226.5 223.6 219.7 214.3 208.7 201.6 200.6 204.8 207.5 207.8 206.1 200.3 199.3 205.2 212.8 218.9 222.9 223.5 223.2 223.4 223 220.8 217.6 212.9 209.7 203.9 199.4 200.7 201.7 202.9 202.8 204.5 208 211.1 215 218.8 221.4 220.4 211.7 204.9 206 207.7 209 210.4 212.2 213.9 215.4 217.4 219.7 222.2 224.7 227.7 230.6 232.6 235.8 238.8
239.5 237.4 235.8 234.6 232.7 228.1 220.4 215.2 213 210.7 207.3 203.9 199.1 193.2 185.7 190.6 198.3 205 212.1 218 222.3 225.6 224.8 220.3 214.6 209 202 197.2 201.2 203.6 203.5 200.7 195.4 196.7 202.9 209.5 214.4 219.4 221.2 221.9 220.9 217 216.9 214.7 211 206.9 202.9 198.8 195 195.4 196.5 197.9 199.5 203.1 207 210.7 214 213 211.3 209 204.1 204.1 207 209.2 210.3 211.9 213.8 215.3 216.7 219 222.1 224.3 226.4 228.8 230.9 233.8 236.9 240
234.9 233.4 229.5 228.3 228.1 224.4 216.3 208.7 203.7 202.3 201.7 202.1 200.2 193.2 184.2 190.7 198.6 205.5 213.1 218.5 222.2 224.5 221.3 215.8 209.5 203.3 194.5 197.5 201.6 200.7 196.5 191.4 197.4 202.8 208.3 212.5 216.8 219.1 220.8 219.2 215.9 210 208.9 207.7 203.3 197.8 193 191.7 192.5 192.7 194.2 197.1 199.5 203.1 208.6 212 208.7 206.3 202.4 201.2 203.4 206.8 210.3 212.2 214.2 215.1 215.7 216.7 218.6 221.2 224.3 227.7 230.9 234.3 236.1 236.9 239.7 242.4
231.9 229.2 224.2 221.3 222.7 220.5 216.8 211.1 202.9 195.8 193.2 195.2 196.3 189.5 184 193.3 202.8 207.9 214.5 218.5 220.7 220.3 216 210.3 204.3 196 193.1 197.4 199.5 196.3 189.8 195.9 200.7 206.1 211.4 214.6 217.2 218.6 216.5 213.7 207.9 202.4 199.5 196.4 193 189.8 188.3 188.7 189.8 190.6 193.4 196.7 199.7 204.4 207.1 206.1 201.3 198.3 199 201.9 205.9 209.7 213.4 216.4 217.9 218.7 218.5 218.4 220.3 223.1 226.8 231.1 235.6 238.6 240.4 241.1 242.3 244.9
227.4 222.2 218.8 213.7 216.6 219.6 220 218.8 214.1 205.6 194.5 186.3 187.8 183.5 184.6 194.4 202.8 209.1 212.8 216.6 216.6 214.5 210.5 205 197.7 188.8 194 196.7 196.5 189.1 191.7 197.3 202.5 207.5 211.5 213 213.4 213.4 210.9 206.1 200 195.4 191.9 187.5 186.4 185.7 185.5 186.3 187.1 189.9 193 196.4 199.8 201.4 202.4 200 196.4 199.5 201.8 205 209.2 213 216.8 220.5 221.9 222.4 221.4 221.6 222.5 225.7 229.7 234.5 238.3 241.4 242.8 244.8 245.4 245.7
220.5 212.6 209.8 209.6 216.6 220.9 222.6 222.7 220.1 213.9 204.4 192 179.8 175.9 184.8 194.9 201.9 207 209.6 210.9 210.1 208 204.8 198.7 190.1 189.9 194 194.6 189.9 186.6 193.3 198.7 203.1 206.4 207.7 208.1 207.5 205.6 202.2 198 192 187.7 185.4 183.5 183.1 183.6 183.9 185 187.2 189.2 191.9 195.1 198.3 199.5 199.8 195.2 196.3 200.5 204.9 208.3 212.6 217.6 222.6 225.2 225.8 225.3 224.3 224.6 225.3 227.2 231.6 235.6 240.2 243.2 244.3 246.9 247.6 247.3
216.4 203.9 200.9 211.3 217.5 221.7 224.3 225.1 223.4 218.6 210.2 200 184.5 174.5 186 193.5 198.8 200.1 203.2 202.8 202.2 201.3 198.7 193.3 184.2 189.8 192.4 188.9 184.2 189.7 195.2 199.5 202.2 202.7 202.3 202.2 200.7 198.7 195.1 189.2 185.3 182.2 181.3 180.7 180.9 181.1 181.9 184.6 187 189.3 192.7 195.1 197.2 197.4 194.4 193.2 196.1 201.4 206.4 212.6 219 224.1 227.7 228.9 229.1 228.2 227.1 227.3 228.7 230.7 233 237.6 241.8 244.2 246.2 248.7 249.7 249.4
211.9 196.9 201.1 210.1 215.3 220 222.9 225.6 224.2 218.5 210.8 199.2 181.2 173.7 184.5 190.1 194.6 195.9 197.2 197 196.3 195.1 193.2 188.5 181.1 186.6 186.5 182.7 187.1 192.3 196.6 198.9 199 198.1 197.2 196.6 193.8 190.9 186.5 182.3 179.1 178.3 177.7 178.7 178.4 178.6 181.2 183.8 186.5 190.2 193 195.7 196.5 194.5 191.7 192.6 197.7 203 209.3 216.8 223.7 228.1 230.8 231.7 232.1 230.9 229.8 229.6 231.5 234.3 238.8 243.5 246.9 248.3 249.8 251.7 251.7 250.9
209.2 191.7 198.2 206 210.9 215.2 218.1 220.4 219.7 215.7 206.4 194.5 172.8 172.7 182.2 187 190.3 190.9 191.2 191.1 189.8 189 187.5 183.4 178.9 181.8 179.2 182.8 188.4 192.6 195.2 196.1 195 192.6 190.6 189.3 188 183.5 179.1 176.5 176.3 175 175.2 176.6 176.9 178.4 180.9 184.3 187.5 190.9 193.9 195.3 194.8 193.1 189.8 194 199.1 205.1 212.4 219.8 226.3 230.9 234.4 235.6 234.7 233.8 232.7 232.6 235.6 240.1 244.9 250.2 252 253.1 254.5 254.1 253 251.7
206.6 186.8 191.6 199.1 203.4 207.6 210.7 212 211.3 207.3 198.4 185.9 165.7 172.5 180.2 183.7 185.4 186.4 185.7 184.2 183.5 182.9 181.5 177.1 175 176.1 179.1 183.7 187 190.7 193.1 193.3 191.6 187.4 182.9 181.2 179.5 176.6 173.5 172.8 172.6 173.2 173.5 176.1 177 179.8 182.9 185.5 188.2 190.8 192.6 193.5 195 194.6 189.7 195.5 200.7 206.6 214.1 221.5 228.5 233.6 237.3 238.3 237.3 236.6 235.9 238.2 241.8 246.6 251.5 254.7 255.8 256.5 256 254.6 250.9 247.8
203.6 187.8 183.1 188.6 193 195.9 198.2 199.9 199.2 195.6 188.7 175.6 164.1 173.4 177 180.7 180.9 179.6 178.5 177.2 176.9 175.3 171.8 173.1 176.7 179.3 181.6 184.1 186.4 187.9 189.6 188.8 186.4 182.4 177.2 173.4 172.7 171.5 170.3 169.9 170.5 172.3 174 176.2 178.2 181.4 184.7 187.7 188.3 190.4 191.3 192.9 194.7 192.5 190.1 197.3 202 207.8 214.4 222 228.2 233.4 237.1 238.4 239.3 240.2 242.2 244.5 247.5 251.7 254.1 256.5 257.7 256.5 253.1 249.6 245.9 242.2
