public/OST50/SX59.asc
ncols 200
nrows 200
xllcorner 250000
yllcorner 90000
cellsize 50
[rows 0 to 34 of 200, columns 0 to 77 of 200]
111.7 107.6 103.5 101.7 102.3 102.6 102.9 103 104.1 106.3 109.1 110 106.6 102.5 101.5 106.7 125.5 134.4 138.9 141.6 143.7 144.9 146.8 147.7 148.5 148.9 148.9 148.7 148.1 146.7 145.9 144.6 141.9 138.8 134.9 124.6 119.8 124.9 131.1 134.1 135.3 135.3 135.1 134.2 132.5 135.6 140.2 143.2 146.2 149.8 152.5 154.1 155.7 156.2 155.5 153 149.3 144.2 138.7 131.7 124 119.1 112.9 106.2 101.4 102.8 117.2 127.9 134.1 136.2 139.4 141.6 143.7 146.8 148.9 150.4 152.2 155.5
104.3 103.4 102.2 102.4 102.7 103 104.6 106 107.2 110.1 113 113.6 112.7 103.7 102.2 105.4 125.3 136.6 141.1 144.5 147 148.2 149.5 150.1 150.3 150.4 149.6 149.1 147.7 146.2 145 143 140.6 135.9 127.4 123.4 128.5 133.4 136.1 137.8 138.7 138.4 138.6 137.2 135.6 138.2 141.4 143.9 146.8 150.2 152.9 155 156.8 157.3 156.6 154.3 150.9 147 141.9 136.9 132.3 127.2 120.8 113 105.5 100.8 113.9 126.3 135 140.2 143 145.7 147.5 149.6 151.9 153.2 155.6 157.8
104.7 104.5 105 105.3 106 106 106.6 108 111.2 114.8 117.7 118.8 118.3 110 102.4 104.8 126.3 138.2 143.3 147.1 149.3 150.7 151.4 151.6 151.2 150.5 149.7 148.4 146.7 145.2 143 139.5 134.6 130.5 127 130.7 135.8 137.7 139.7 141.1 141.9 142.1 141.7 140.7 139.2 140.1 142.1 145.1 148.7 152 155 156.7 158.4 158.6 158 156.2 153.7 150.3 146.3 142.1 137.4 131.9 125.3 117.5 109.1 101.9 109.3 121.4 133.8 140.1 144 146.6 149.3 151.2 153.5 154.9 157.7 160
108.3 108.1 108.2 108.7 108.6 108.5 111.4 117.2 121 123.3 124.6 126.1 126 114.9 103.7 105.9 125.4 138.9 145 148.9 151.3 152.1 152.3 151.9 151.4 150.4 149.5 147.3 145.4 143.7 140.5 136.8 132.9 128.8 130.7 136.5 139.2 140.9 143.1 144 144.4 144.6 144 143.1 142.4 143 145.4 149.1 151.8 154.8 157.5 158.7 160 159.9 159.4 157.6 154.9 151.3 147.7 144 139.5 133.8 127 118.6 109.1 102.2 108 118.9 129.8 137.4 142.2 145.6 148.5 151.6 154.7 156.3 159 161.3
112.1 111.6 111.6 111.7 115.3 120.5 125 127.8 129.6 130.9 132 132.7 130.7 118.7 103.5 107.3 124.2 138.2 144.5 149 151.9 152.6 152.6 152.2 151.3 150.3 148.9 147 144.5 142.2 140.1 137.8 134.3 127 136 140.1 142.1 144.3 146 147.2 147.7 148.2 148.1 147.7 147.3 148.1 150 153.3 155.7 157.7 159.7 160.9 161.3 161.3 160.1 157.7 155 151.5 147.6 143.8 139.7 133.3 125 115.9 107.5 102.7 106.1 116.5 125.6 133.1 137.5 143.6 147.1 150.7 154.3 157.9 160.4 163.3
117.4 117.7 120.6 123.9 128.1 130.8 132.7 134.6 136.5 138.4 138.9 137.9 133.9 119.3 103.9 106.2 122.5 135.4 142.3 148.3 151.6 152.7 152.7 152.9 151.7 150.8 148.9 146.9 145.1 143.5 142.3 140.2 136.5 128.5 137.6 142.4 145.1 147.9 148.9 150.1 151.5 152.3 152.9 152.3 152.7 152.9 155.2 156.8 159.7 161.4 161.9 163.1 163 162.1 160.4 157.2 153.4 149.4 145.3 140.7 133.9 126.2 116.4 109.9 106.3 102.6 104.4 112.9 120.8 127.1 133.5 140.7 145.5 149 153.2 157.2 161.2 165
123.9 126.2 129.2 131.8 134.7 136.9 139 140.1 141.8 142.7 143.2 141 133.7 117 104.3 109.3 123.2 134.7 142.8 147.8 151.5 152.9 153.2 152.7 152.7 151.7 149.6 148.3 146.8 145.3 144.2 142 138.9 131 137.1 143.4 147.2 150.1 151.8 153.5 154.8 156 156.7 156.9 157.1 158.2 160.3 162.1 163.8 165.3 165.7 166.2 165.3 162.9 160.3 155.6 151.5 146.2 140.8 131.6 122.2 117.4 113.5 113.3 110.8 103.8 105.1 110.9 116.8 124 131.3 138.6 143 146.6 151.2 155.6 161.3 165.9
128.5 132.1 135.6 138.2 140.7 142 142.8 143.7 145 145.7 145.7 142.9 133.3 114.8 104.4 112.5 124.4 135.5 142.5 148 151.5 153.1 154.2 153.6 153.4 152.8 151.7 150.5 149.1 148.8 146.8 144.1 141.3 135.4 134.6 143.2 148.4 152.1 154.6 156.7 158.3 159.6 160.2 161.7 163 163.6 165 166.3 167.6 168.4 168.6 167.9 165.9 162.3 158.7 153.5 147.4 141.4 130.3 120.9 120.7 121.9 121.3 120.7 116.5 108.4 105 110.8 117.4 124.3 130.9 135.6 139.7 144.4 149 154.7 161.3 166.7
130.8 135.7 139.5 142.3 144.6 145.4 146.2 147.2 147.6 147.2 146.3 142.9 132 109.8 104.8 113.3 125.6 135 141.8 147.4 150.8 152.8 153.9 154.2 154.2 153.7 152.9 152.1 152.1 152 150.9 148.6 145.7 139 133.9 140.8 148 152.8 156.3 158.9 161 162.8 164.1 165.2 166.2 167.3 168.2 169 169.7 170.2 170 169 166 162.1 157.6 151.5 144.3 134.8 126.7 129.5 131.2 131.3 129.9 127 120.7 110.8 104.5 109.5 116.7 122.1 126 129.2 134.1 141.1 149.4 157.2 163.9 169
131.1 137.1 141.4 144.7 147 148.5 148.6 148.7 148.3 147.6 146.2 142.2 128.6 106 106.9 116 125.7 134 140.3 145.8 149.8 152.2 154 154.4 154.9 154.6 154.3 154.3 154.8 154.8 154.1 152.2 149.7 145 138.8 137.4 145.1 152.4 157 160.8 163 164.9 166.5 167.2 168 169.1 170.1 170.7 171 171.3 171.1 169.2 166.1 161.2 155.9 149.1 140.9 132.8 131.6 138.1 138.8 137.1 133.7 128.7 120.3 110.7 105.8 109.3 115.4 119.9 124.5 130.1 134.4 142.9 150.8 158.3 164.6 170
131.8 137.4 142 145.8 148.4 148.2 148.1 148.1 147.9 146.9 144.4 140 125.2 106.6 108.7 118.4 126.6 133.2 139.8 144.9 148.8 151.5 153 154.1 154.9 156.1 156.1 156.7 157.4 157.2 156.6 155.5 153.4 149.7 143.5 138.3 142.8 150.5 155.7 160.2 163.2 164.7 166.7 167.9 169.2 170.3 171 171.3 171.7 171.7 171.5 169.4 166.3 162.2 157 150.2 142.5 134.8 138.9 142.7 142.1 139.2 135 128.2 119.1 109.5 106.9 111.8 120.1 125.8 131.7 137.6 143.2 148 153.2 159.3 164.9 170.3
131.3 137.2 141.8 144.8 146.1 146.9 147.7 147.7 147.4 146 142.2 135.7 118.2 106.9 109.4 119.3 127.3 133.6 139.8 144.3 147.7 150.6 152.3 153.6 154.8 156 157.3 159 159.3 159.6 159.1 158.2 156.8 153.1 148.1 142.7 140.9 147.7 153.9 158.2 162 164.6 166.8 168.4 169.8 171.2 171.5 171.8 172.4 172.6 171.8 170.3 167.4 163.5 157.8 149.7 142.8 139.7 144.4 147 144.7 140.7 134.6 127.2 117.1 106.5 107.6 115.3 123 129.2 136.1 142.6 148.3 152.7 157.3 161.4 166.5 171.8
130.9 136.6 140.9 144.2 144.9 146 147.1 147.2 146.8 144.5 141.3 134.6 116.6 107 110 119.9 128 133.8 139.1 143.2 146.5 148.8 150.7 152.8 154.6 156.3 158.1 160.1 160.8 160.9 161 160.2 158.5 155.3 150.4 146.3 143.2 144.1 150.2 155.1 159.3 162.8 165.6 167.7 169.5 170.7 171.9 172.4 172.9 173.5 172.2 171.3 168.9 165.2 159.2 152.4 144.7 145.6 150.1 149.9 146.2 141.5 134.6 125 114.7 108.7 109.5 116.8 124.3 131.2 138 146.1 151.4 156.3 161 165.5 169.8 173.8
130.5 135.8 140 142.5 144.7 146.1 147.2 148.1 147.7 145.8 142.2 135.2 114.8 107.6 110.2 119.9 126.9 132 135.8 140.1 143 145.6 148.6 152 154.7 157.1 159.1 160.4 161.3 161.6 161.7 161.3 159.6 156.8 153 149.7 146.2 145.4 147.3 151.4 155.3 159.8 163.4 166.1 168.2 170.5 171.7 173 174.2 174.9 174.3 173.4 170.2 166.4 160.8 154 149.7 153.1 154.6 153.6 149.3 142.8 134.3 122.1 110.2 107.1 111.1 118.4 126 133.1 139.5 146.8 153.3 159 163.3 167.7 172 175.2
129.6 134.2 138.1 141.6 144.4 146.5 147.9 148.3 148.3 147.6 143.4 136.5 117.3 108.5 109.7 116.9 121.5 127.1 131.3 134.4 139.6 143.3 147.9 151.9 154.6 156.8 159.3 160.7 161.4 162.3 162.4 162.2 160.4 158.9 155.7 152.4 149.2 148.2 148.8 149.7 152.5 157.2 161.8 165.1 168.1 170.4 172.8 174.8 175.9 176.6 176.3 175.1 172 167.7 162.1 157.2 157 158.4 159.1 157.2 152.5 144.1 132.3 117.5 107.7 109.1 113.2 120.4 127.8 133.9 139.3 147.8 153.5 159.2 164.1 168.5 172.9 176
128.8 133.5 138 140.8 144.5 146.2 148.1 148.7 148.5 147.9 144.5 138.5 123.5 108.9 109.6 119.6 126.4 130.5 135 139.3 142.8 145.1 148.7 152.6 155.2 157.1 158.8 160.7 161.7 162.7 163 163 161.5 160.7 158.4 155.1 151.2 151.7 152.9 153 153.6 156.7 160.9 164.3 167.3 170.4 173.1 175.5 176.9 177.7 178.2 177.7 175 169.9 165.4 164.3 164.7 164.2 163.6 161.1 156.2 144.2 127.4 113.8 108.2 112.7 116.3 121.8 128.7 133.5 139.6 146.4 153 158.8 163.2 168.5 173 176.6
134.2 137.1 140.7 143.7 146 146.5 147 148.1 147.9 146.7 145.1 138.8 128.2 110.5 109.3 117.7 126.7 134.2 138.5 142.4 145.4 148.1 151 153.5 155.5 157.2 159 161 162.1 163 163.6 163.7 163.3 162.2 159.3 157.2 152.8 154.8 156.8 157.7 158.3 158.6 160 162.6 166 169.8 172.7 175.9 177.5 178.4 179.3 180.1 179 176.6 174.4 172.6 171.6 169.9 167.9 164.6 154.5 139.7 122 109.1 109.4 114.1 119.6 123.8 128.7 133.8 138.8 144.5 151.5 158.8 164.9 169.1 173.2 175.8
138.7 141 143.7 145.4 146.9 146.8 147.1 147.4 146.4 145.1 142.4 137.2 128.9 114.3 109.6 113.3 123.6 134.1 139.8 143.9 147.6 150 152.1 154.2 154.9 157 159 160.7 162.4 163.2 163.9 163.9 163.8 162.7 159.2 157.5 156 158.1 159.9 161.7 163 164.1 164.6 165.1 167.4 170.6 174 176.9 179.6 180.4 181.3 181.4 181.7 181 178.6 177.1 175.6 173.4 170.2 164.1 146.9 132.7 113.9 108.8 112.7 116.5 121.2 124.7 129.2 134.7 141.2 146.9 152.6 159.9 165.4 169.7 172.6 174.7
143 144.8 146.5 147.7 147.5 146.6 146 145.8 144.2 140.6 139.1 135.4 128.3 118.2 111.3 111 118.8 130.3 140.3 145.6 149.4 151.6 153.2 153.9 154.2 155.2 156.2 158.1 160.1 162.1 163.6 164.1 164 163.3 161.5 159.3 159 161.9 164.2 166.2 167.4 168 169.3 169.5 171 172.7 176 178.8 181.3 183 184.1 184.4 183.4 183.5 182.6 180.7 178.3 175 170.3 157.8 141 123.7 110 109.9 114.5 118.5 121.5 125.3 129.4 136.3 142.8 148.5 153.9 158 163.9 168.3 171.1 173.4
146.4 148.6 150.3 150.8 148.5 146.9 145.2 143.4 140.5 137.5 133.7 129.3 123.6 116.8 112.8 111.3 115.1 125.5 137.1 144.3 149.2 151 150.6 150.1 148.8 149.4 149.7 151.7 155.6 158.5 161.1 164.1 165.1 164.4 164 162.1 162.1 165.1 168 170 171.9 172.6 173.6 174.2 175 176.6 179.7 181.4 183.6 185.5 186.5 187.4 186.7 185.8 184.7 182.9 179.9 174.9 168 151.8 133.9 117.5 110.3 112.5 117.1 121.5 124.7 126.7 129.8 135.1 140.9 147 151.8 157.1 162 166.1 169.2 171.8
149.4 151.9 153.1 152.6 150.7 146.9 142.4 139.7 135.5 129.4 126.4 123.7 120.7 118.5 115.4 111.8 112.7 117.8 129.9 138.6 144.1 144.8 143 140.6 139.5 137.7 138 143.3 149 154 159.7 164 165.7 166.9 166.4 165.2 165.5 168.1 171 173.4 175.4 176.5 177.6 178.6 180 181.2 182.6 184.1 185.9 187.3 188 188.4 188.6 187.6 185.7 183.2 178.5 171.7 162.2 146.8 128.9 115.1 111.3 113.5 117.2 122.2 126.6 129.3 133.3 136.6 139.4 145 150.5 155.2 159.6 163.5 167.4 171.6
152.7 155.4 156 154.8 151 146.2 140.4 136 134.1 134.6 132.2 129.7 126.4 123.9 120.6 115.1 112 112.2 119.5 130.8 134.1 132.6 130.4 128.6 132.2 138.8 143.2 144.1 148.4 156.1 161.4 165.4 167.8 169.3 169.3 168.3 169 171.2 174 176.8 178.3 179.8 180.6 182 182.5 183.7 185.6 186.8 186.6 187.3 188.3 188.4 188.7 187.3 184.2 181 177.3 170.2 157.3 142.1 125.9 115.5 111.5 114 117.8 122 126.6 132.1 135.8 140 143 145.8 149.2 153.5 158.1 162.6 166.9 170.7
156.2 158.5 158 156.3 152.1 145.9 141.2 139.1 139.9 140 137.8 133 130.9 127.8 124.5 119.6 114.8 112.8 112.7 117.8 122.2 119.7 125 132 139.7 147 152.2 154.7 155.2 158.3 162.2 167.3 170.3 172.1 171.9 171.9 173 174.7 177.1 179.9 180.8 182.7 184.2 185.2 185 185.7 186.6 187 186.3 186.3 186.6 185.6 185.2 183 180 177.2 174.8 168 154 140 125.3 115.6 113.4 112.7 119.3 124.8 125.3 129.2 135.8 141.3 145.2 149.6 152.6 155.9 160.2 165.3 169.5 173.3
159.5 160.9 161 159.2 153.7 147.2 147 148.2 147.5 145 141.3 138.2 134.7 131.1 126.5 121.9 117.6 114.5 113.2 114.5 118 125.2 132.5 140.7 147.1 152.6 157.3 160.7 162.5 163.5 165.4 169.6 172.5 174.8 176 177 177.3 178.3 180.3 183 184.1 185.5 187.3 187.2 187 186.5 185.2 183.4 182.4 182.5 180.5 179.6 179.9 178.7 175.7 173 172.1 165.3 153.5 139.5 125.6 115.7 113 112.7 124.6 128.6 129.1 129.8 133 140.9 145.9 151.1 155.9 160.8 165.2 168.7 171.8 174.3
163.2 165 164.3 162.8 157.3 150.9 152.8 154.4 153 150.3 146.3 140.7 136.1 131.8 126.9 122.3 120.5 117.9 113.8 113.9 115.1 125.9 133.5 144.8 150.6 155.4 159.8 163.6 165.7 168.5 170.4 173 175.5 177.4 179 180.1 180.5 181.8 183.4 185.7 187.1 188.4 189.2 189.1 188.9 187 181 175.9 174.5 172.5 173.2 173 173.9 174.2 172.2 170.8 169.7 163.1 152.1 139.8 126.3 115.8 113.2 115.2 126 133.8 135.6 134.8 135.7 138.1 148.2 154.2 159.1 163.7 166.2 169.9 172.9 175.4
166.9 168.4 167.8 164.7 161.1 156.9 159.3 159.6 158.4 154.6 149.1 142.5 138 133.1 129.4 126.4 123.8 120.1 117.1 114.1 114.3 120.2 134 145.5 152.3 157.1 161.9 166.1 169.6 172.3 174.1 175.8 178 179.8 181.4 182.4 182.8 184.1 186.1 187.9 189.3 190.4 191.3 191.2 189.9 186.4 179.3 169.7 164.6 162.6 162.7 166.1 168.6 168.9 167.9 166.9 165 159.3 148.5 138.6 125 117.7 113.4 118.9 129.5 137.5 142.3 142.2 140.2 139.6 145.8 154.2 159 164 167 170.9 173.7 176.5
170.1 172.2 171.2 169.2 163.4 163.1 165 164.7 162.5 158.2 153.9 147.9 140.8 137.1 132.3 130 126.5 124.4 121.4 117.2 114.8 116.6 128.2 142.7 151 157 162 166.8 170.7 173.8 176.3 178 180.4 181.8 183.1 184.3 185.1 186.4 188.3 189.4 190.9 191.9 192.2 191.9 190.4 185.5 178.1 170.2 161.8 155.5 155.3 157.5 158.6 159.1 157.3 157.5 156.8 154.6 144.2 135.2 124 116.9 114.5 120.8 134.1 142.4 147.3 149.1 148.5 145.9 145.7 151 156.9 162.2 166.2 169.8 173.8 177.1
174.1 176 175 172.8 168.1 169.7 170.7 170.1 167.5 163.9 158.7 151.4 144.7 140.3 136.8 132.6 130.2 127.8 124.8 121 115.5 115.6 122.5 137.1 145.9 152.9 160.1 166 169.9 174.6 177.7 179.6 181.5 183.2 184.4 185.9 187.3 188.7 189.6 190.6 191.9 192.8 192.9 192.3 190.7 187 180.8 173.8 166.4 156.6 149.7 147.9 147.5 146.5 145.1 144.9 146 146.4 141.3 132.9 120.7 115.9 113.6 123.9 138.5 147.2 152.2 154.6 155.3 153.6 152.8 151 155.8 160.7 164.8 168.5 173.4 176.5
176.4 178.3 178.1 176.7 175.4 175.9 176.2 175.2 172.7 168.9 163.1 155.1 147.6 143 139.3 136.1 134.3 131.6 127.3 124.1 117 115.5 117.6 130.8 140.6 148.3 156.1 163.3 169.4 174.3 177.4 179.9 182.1 184.3 185.5 187 188.5 189.8 191 192 193 193.4 193.2 192.6 191.1 189.7 185.3 178 169.6 163.2 156.1 148 142.3 140.3 138.6 135.2 132.7 132.8 132.5 125.3 120.3 118.2 114.2 123.5 140.4 148.8 155.3 157.3 158.6 159.3 159.3 158.3 158.3 160.9 164.3 167.9 172.1 175.6
176.6 179.5 179.6 180.5 180.6 180.3 180.7 179.8 176.8 172.5 165.9 158.2 151.6 146.2 143.8 140.9 137.6 133.6 129.4 124.2 118.9 116.7 117.5 125.5 135.1 145 152.8 160.4 167.2 172.5 176.4 179.4 181.6 183.5 185.6 187.4 188.9 190.1 191.2 192.3 193 193.1 192.9 192.5 191.8 189.8 186.6 182.8 177.3 170.2 160.3 153 148.4 146 142.7 138.6 133.7 129.6 127.3 125.8 124.4 124 118.1 121 136.3 148.4 154.5 159 161.3 163.2 164.2 164.7 164.2 163.6 164.2 167.7 171.8 174.4
176.9 180.2 182.7 183.9 184.2 184.4 184.5 183.2 180.3 175.3 168 160.4 154.5 149.7 146.6 143.3 138.2 131.9 126.2 123.6 120.1 116.2 117.7 123.8 133.5 142.9 151 157.5 163.4 168.3 173.1 176.7 178.7 180.6 183.7 186.2 188 189.4 190.6 191.5 191.4 192.3 191.8 191.4 190.6 189.1 187 183.3 180.1 175.3 169.3 161.8 156.5 154.2 149.7 143.8 138.8 133.5 132 131.7 130.7 129.3 120.1 117.3 129.5 141.6 148 157 160.8 165 166.7 168.1 168.9 169 168.7 169.3 172.4 175.1
175.9 180.9 183.9 186.2 186.8 187.4 186.9 185.6 181.6 175.9 170.4 163.4 157.3 151.6 147.6 142.6 135.7 129.7 129.1 128.2 123 116.7 118 123.4 131.8 140.3 148.3 154 158.9 163.9 168.2 171.9 173.7 176.7 180.3 181.9 184.3 186.7 188.7 189.4 190 189.9 189.6 189.2 188.5 187.9 186.1 184.1 180.5 176.6 172 167.8 162.4 158.4 154 148.3 141.5 136 135 136.1 134.6 133 124.9 117.9 121.2 133.3 141.7 151.8 159.6 164.1 168.8 171.4 172.3 172.7 172.2 172.1 173.6 176
175.3 180 184.7 188 189 189.4 188.4 185.8 181.4 176.6 171 164.9 158.7 152.4 144.5 139.6 135.5 136.1 135.3 132 125.1 118.3 118 122.1 129.8 136.8 144.1 149.5 154.4 158.9 162.1 164.9 166.9 169.3 171.9 175.8 179.6 183.6 186.3 187.6 187.9 187.6 187.2 186.8 186.8 186.5 185.2 183.4 180.4 177.5 173.2 169.4 164.7 160.7 155.7 149.4 142.6 140.4 138.3 137.2 135 129.7 124.5 119.6 117.2 126 137.2 147.3 157.5 163.3 168.2 172.7 175.2 175.3 175.5 175.8 176.1 178.2
175.2 180.8 185.8 189.4 190.7 190.3 189.1 185.6 180.4 175.2 169.1 162.5 153.8 143.6 140.8 141.5 141.7 141.7 140.4 135.4 125.7 119.6 118.6 120.4 125.4 132 137.9 142.1 146.4 150.1 153.1 154.2 156 159.5 162.5 167.5 173.8 180.2 184 185.7 185.2 185 184.4 185 185 184.7 183.5 182.1 179.7 177.2 174.3 170.4 166.4 162 156.8 149.5 146.6 144.8 141.6 136.8 132.5 126.2 125.7 121.4 118.1 121 133.8 144.8 153.7 162.5 167.4 171.8 175.7 177.4 178 178.3 179.3 180.8
175.5 181.7 187.2 190.6 191.9 191.6 190.1 185 179.5 172.7 164.9 157 148.5 149 148.7 146.9 147.3 146.5 144.5 139.1 129.2 119.8 119.6 120.3 121.6 126.1 130.7 134.4 137.3 140.6 141.4 145.1 150.7 156.6 162.1 166.8 173.6 178.5 182.2 183.2 182.9 182.6 182.7 182.8 183.2 183.1 182.1 181.1 179.3 176.4 173.2 169.6 165.7 160.7 155.9 153 152.4 149.1 145.2 138.6 132.2 131 131.9 126.4 120.2 117.6 129.2 142.3 150.7 159.6 166.4 171.4 175.7 178.5 180 181.8 183 183.9
