public/OST50/SX68.asc
ncols 200
nrows 200
xllcorner 260000
yllcorner 80000
cellsize 50
[rows 35 to 69 of 200, columns 0 to 77 of 200]
522.1 519 515.4 512.8 513.2 512.6 513 511.8 507.1 499.5 490.8 494.6 501.2 505.1 506.6 508 508 507.7 505.1 502.9 501 499 495.6 490.6 477.6 461.1 454 457.8 470 480.7 488.6 495.9 499.6 501.2 500.7 500 498.7 497.2 495.3 493 490.4 485.6 473.4 482.4 487.8 493 497.1 499.7 501.5 501.9 500.1 497.6 494.4 489.9 484.2 478.7 472.4 466.3 460.9 457.8 456.3 455.6 455.5 457 455.5 452.3 449.2 447.7 446.2 444.1 440 435.7 428.8 414.4 404.1 403.3 401.7 400.6
526.5 524.2 522.2 521.4 521.8 521.6 521.9 520.4 515.2 505.6 496.1 500.4 505.5 508.9 510.2 511.4 511.2 509.9 507.9 504.1 501.3 499 495.3 488.4 474.8 454.1 457.6 465 475.2 484.5 493 498.6 501.3 502.1 501 498.4 496.8 495 492 490.5 488.1 484.6 483.1 488.2 492.7 496.1 499.6 501.4 503.2 502.6 501.1 498.2 494.8 490.3 484 478.6 472.8 467.3 462.6 458.7 457.1 456.7 459.7 459.6 457.1 452.9 449.8 447.9 446 444.2 440.3 436.6 431 422.6 411.5 400.1 397.7 396.4
531.8 530.1 529.8 529.2 528.9 529.9 529.8 528 523.4 511.4 501.1 504 509.1 512.3 514 514.5 514.2 512.8 509.3 505.6 501.6 497.7 493.7 486.5 473.2 457.4 458 471.3 480.2 488.3 495.1 501.1 503.1 502.7 501.2 498.7 495.4 492.5 490.4 487.4 485.2 484.5 490.1 491.8 496.2 499.4 502.2 504 504.8 503.8 502 498.9 495.1 490.1 484.1 478.3 472.2 467.2 462.7 459.2 458.8 460.5 462.2 461.8 458 453.9 450.9 448.5 446.5 444.3 441.7 437.2 432.5 426.7 421.4 412.9 398 393.7
538 536.9 536.1 535.9 537.3 537.8 537.2 535.4 530.1 518.7 504.9 505.2 511.2 515 516.8 517 516.2 514.1 510.9 506.4 501.1 496.7 491.1 482.3 470.6 458.8 460.8 475.1 484.6 491.9 497.6 503.1 504 503.1 500.8 498 494 491.3 488.2 488.2 488.9 491.1 494.1 497.4 499.7 502.8 504.6 506.1 506.8 505.2 503 499.5 495.2 489.3 483.4 477.5 471 465.2 462.1 460.4 460.4 463.6 464.3 463.4 461 456 452.6 449.8 447.2 445.1 443 439.5 435.2 430.3 425.4 419.5 410.9 392.9
542.6 542.2 542.9 543.4 544.1 544.7 543.6 541.4 536.9 527.5 512.2 507.6 512.2 517.6 518.4 518.9 517.4 514.9 511.4 506.6 501 493.2 486.6 474.2 463.4 459.5 466.4 479.6 488.8 494.8 499.9 503.5 504.1 502.6 500.6 497.5 492.7 489.6 489.1 490.4 493.4 495.1 498.4 501.5 504.2 506 508 509 508.5 506.8 503.7 499.4 494.3 488.7 482.4 475.8 469.3 464.1 461.5 460.7 462.6 464.5 465.3 464.4 462 458.8 454.9 451 448.2 446.3 444.2 441.1 437.2 432.8 428.2 422.6 416.2 406.2
546.1 546.6 548 549.1 549.7 549.9 549.8 547.2 543.4 535.7 520.2 510.6 513.3 519.4 519.8 519.8 517.9 515.4 511.9 506.7 500 491.4 477.7 466 461.1 463.2 472.9 483.8 492.3 497.8 501.2 503.2 502.9 501.6 499.9 496 491 490.3 491.2 492.4 494.8 498.2 502.2 505.3 508 510.2 511.7 512.2 511.1 508.3 504 499 493.5 486.8 480.3 474 467.8 463 460.6 460.9 462.9 464.4 465.6 465.4 462.1 459.1 455.5 451.7 449.3 447.3 445.1 442.1 438.5 433.8 428.7 423.5 417.5 407.7
549.6 550.2 551.8 553.6 554.8 554.8 554.1 551.9 549 542.8 532.8 519.7 515 520.6 520.9 520 517.9 514.9 511.2 505.8 498 483.8 467.2 461.9 461.8 468.2 482 490.8 496.5 499.9 501.8 502.9 502.2 500.6 498.4 494.4 490.6 491.2 492.4 494.4 498.5 501.7 505.5 509.1 511.8 514.2 515.4 515.2 513.2 510 504.5 499.1 492.4 485.3 478.4 471.1 464.8 460.9 459.2 459.6 462 463.2 464.4 464.4 461.4 458 455.2 452 449.4 447.5 445.2 442.1 438.6 434.3 428.7 423.5 416.1 405.9
551.8 553.5 555.5 557.4 558.7 559 558.2 556.1 553.1 548.2 541.5 532.7 519.8 521 521.2 519.7 517.5 514.4 509.6 503.6 493.4 471 464.8 464.3 470.5 476.8 490.4 498.7 502.9 504.6 504.2 503.6 501.4 499.1 497.2 493.6 491.7 493.5 494.1 496.6 501.3 503 508.5 512.3 515.6 517.4 518.7 517.7 515 510.8 505.2 498.9 490.8 483.9 476.8 468.4 462.1 458.2 456.9 458.5 460.5 461.2 462.3 461.6 459.4 456.5 453.5 451.1 449.1 447.1 445.1 441.8 438.3 433.6 428.1 421.1 412.6 402.9
554.7 556.1 556.9 559.8 561.3 562 561.7 559.1 556 551.5 546.4 539.2 528.3 522.9 521.6 519.1 516.2 512.8 508 500.2 482.9 469 472.4 477.5 486.4 491.9 499.8 505.7 509.3 509.7 507.6 504.1 500.9 497.4 496.2 493 493.2 495.7 497.8 500.1 502.9 505.2 510.9 514.9 518.2 520.6 521.4 519.1 516.4 511.5 505 497.8 490.5 483 474.1 465.1 458.4 456.3 455.3 456.7 458.7 459.1 459.5 458.5 456.9 454.7 451.6 449.6 447.8 445.9 443.9 441 437.4 431.6 424.3 417.2 409.1 399.5
556 557.8 560 562 563.6 564.3 563.6 561.3 557.7 553.4 549.2 542.8 534.2 525.3 520.8 517.9 514.5 510.4 504.4 493.3 474.4 476.8 483.2 488.1 494.9 501 507.4 513.1 514.9 514.2 510.7 504.6 499.1 496.6 495.1 493.2 494.6 496.7 498.9 501.5 504.2 507.4 512.5 517.2 520.8 523.2 524.6 521.7 517.5 512 504.7 497.6 490.1 481.4 472.2 462.8 455.9 454.4 453.7 454.3 455.7 456.3 456.6 455.4 454.2 451.3 449.3 447.4 445.5 443.5 441.8 439.3 435.6 430 422 414.6 404.4 397.3
556.9 558.5 561.2 562.9 564.2 565.4 565.5 562.6 559.5 555.2 550.8 544.4 536.4 526.5 518.8 515.2 511.8 506.6 496.9 484.9 476.1 485.3 490.4 497.2 502.5 507.5 515 519.8 519.3 517 512.4 505.3 500.1 497.5 495 494.8 496.4 498.3 500.3 502.5 505.4 509.6 514.7 518.9 522.5 525.9 526.8 523.1 518.7 512.2 505.1 498.6 488.2 479.1 469.5 460.3 454.2 452.3 451.4 451.9 452.6 453.1 453.5 452.5 451 448.5 446.3 444.8 442.8 441 439 436.4 433.2 428.3 420.2 412.6 405.4 398.8
556.6 558.5 560.7 563.2 564.4 565.4 565.6 563.3 560.6 556.7 552 546.3 537.2 526.8 515.2 511.4 508.1 502.1 491.9 485.5 479.2 493.6 497.3 504 509.7 514 521.2 524.7 522.5 519.3 514.6 507.2 501.4 497.9 495.5 495.6 497 499.7 501.6 504.2 506.9 511.3 516.5 520.6 524.2 527.7 529.9 524.8 519.8 513.1 506.5 497.1 487 471.5 462.2 457.5 453.2 451.1 449.7 449.2 449.6 450.4 450.2 449.8 447.9 445.6 443.8 441.6 439.2 437.3 435.4 433.1 430.2 426.2 418.9 411.6 406.9 403.3
556 558 561 562.9 564.2 565.3 565.4 563.8 561.3 557.9 552.7 546.2 537.1 523.1 513.7 508.6 503.3 497.9 495.4 487.3 490.4 500.3 504.7 509.6 515.2 519.3 527 528.5 525.5 521.7 515.7 509.6 503.5 497.9 496.1 496.9 498.8 501.4 503.2 506.1 508.7 513.2 518.1 522.3 525.7 529.1 529.8 526.6 520.9 514 508.3 497.6 479.2 465.7 458.5 455.9 452.7 450.4 448.9 448 447.6 447.6 447.2 446.8 445.4 443.2 440.6 438.1 435.1 432.4 431.5 429.6 426.8 423.4 417.8 412.1 408.4 405.5
555.3 558.4 560.3 562.4 564.2 564.9 564.9 563.4 561.6 558.4 553.2 547 537.8 518.4 513.1 509.3 505.7 504.3 501 490.2 498.6 505.5 509.2 514.8 519.9 524.3 530.2 531 527 523.1 517.5 511.3 505 498.5 497.4 497.9 500.7 502.8 504.9 507.6 511 514.9 520 523.9 527.5 530 531.1 528.4 523.3 516.3 509.6 494.1 475 463.5 458.5 455.9 452.6 451.2 448.7 447.5 446.9 445.2 444.1 444.2 443.3 441.1 437.6 433.4 430.7 425.3 425.3 425 423.5 421.1 417.3 412.6 409.3 406.1
554.3 556.5 559.4 561.6 563.4 564.8 564.1 563.2 560.9 558.2 553.9 546.8 535.2 520.9 515.3 513.9 512.8 509.6 506.7 495.1 504.1 509.4 514.1 519.5 523.4 528.1 531.8 531.6 528.2 524.3 518.7 512.5 505.5 499.1 499.1 499.5 501.6 504.7 506.7 509.9 513.3 517.1 521.8 525.6 529.3 532.5 533 530.6 524.6 517.8 510.9 491.4 472.1 463.4 461.4 457.8 453.6 453.6 451.9 450.1 448.4 447.2 444.9 443 440.1 439.5 440 439.2 436 428.5 421.3 420.8 420.1 418.1 415 411.7 409.3 406.2
553 555.4 558.4 561 562.7 563.7 563.6 562.6 561.2 558.2 554.7 548.6 536.3 523.2 519.3 519.1 517.1 514 510.6 500 509.2 513.4 517.2 522.6 526.6 531.2 533.1 531.9 529.2 525.1 519.4 512.9 505.2 500.1 501 502.8 504.4 506 509.4 512.4 516 520 524.1 527.9 531.7 534.4 535.6 532.8 527.6 519.9 511.4 490.4 474 465.9 463.7 458.9 455.1 455.7 455 452.2 449.5 447.8 446.7 445 443.7 443 442.9 441.9 439.7 434.9 422 417.6 416.6 414.8 412.2 409.6 407.6 405.7
552 555.5 558 561.1 562.4 563 563.1 562.6 561.2 558.7 556 551.3 543.6 532.8 527.1 523.5 519.6 516.1 511.8 502.3 513.2 516.8 521 526.2 529.5 532.8 533.9 532.2 530 525.5 519.8 514.1 504 504.2 504.8 506.1 507.1 509.4 513.1 516.1 518.8 522.8 527 531 534.6 537.6 537.7 535 530.1 522.2 513.5 492.4 478.1 468.6 464.7 459.3 457.4 459 457.6 454.8 451.3 449 447.3 446 445.1 445 444.9 444 441.6 438.4 431.1 417.4 413.1 410.7 407.9 406.1 405.6 403.6
551.1 554.8 557.5 559.8 562.1 562.6 562.5 562.4 561.4 559 556.6 553.1 548 540.9 532.7 525.9 521.2 516.5 509.9 509.9 515.7 519.5 523.5 528.2 532.1 535.5 535.8 533.9 531.1 525.8 520.6 515.1 505.5 506.9 508.9 510.4 511.2 513 515.5 519 522.5 526.4 530.8 534.2 537.4 539.5 539.4 537.1 532.1 524 515.6 501.3 482.6 473.6 466.7 459.9 461.2 462.2 460.6 456.9 453.4 450.7 448.7 447.2 446.2 446.2 446.2 445.6 443.7 441.2 436.3 429.5 418.2 414.9 413 409.4 404.6 402.3
549.9 553.3 556.7 558.3 561.2 563.3 563.9 563.3 561.7 560.2 557.8 554.5 550 543.3 534.8 527.6 521.9 516.9 507.8 512.4 517.8 521.7 525.3 530.8 534.5 537 536.8 534.7 531.7 526 521.4 515.4 510.8 509.7 511.6 513.6 515.5 516.9 519.2 522.6 526.6 530.9 534.3 537.1 539.8 541.2 540.8 538.2 533.2 526 517.5 508.1 488.9 476.8 466.7 461.4 464.9 465.3 463.5 460 456.2 453.1 450.6 448.4 447.4 447.5 447.4 446.7 445.4 443.2 438.9 432.4 426.5 423 420.2 416.6 412.4 407.3
548.6 553.1 556 558.3 561 563 564.2 562.6 561.9 560.5 558.7 555.3 551.1 545.8 537.4 528.7 522.2 517.9 509.1 512.6 519.5 523.8 528.8 532.9 535.6 537.5 537.3 535.2 532.4 527.3 522.8 510.8 514.2 513.1 514.6 516.9 518.5 520.6 523.3 527.4 531.1 534.8 537.8 540.6 542.5 543.2 541.7 539.1 533.9 527.1 519.4 511.3 497.5 482.3 468.3 465.1 467.5 467.9 466.3 463.9 460.6 456.6 453 450.3 449.5 449 448.4 447.7 446.4 444 440.6 434.4 430.1 426.7 424.2 420.8 416.1 410.7
547.9 552.1 555.3 558.4 560.9 562.7 563 562.8 562 560.9 558.9 555.8 551.8 547.5 540.4 531.3 524.7 518.6 510.9 513.6 520.5 525.8 530 533.9 536.5 537.8 537.5 535.5 533.1 528.9 521.2 513 515.2 516.1 517.1 519.1 521.4 524.2 527.7 531.1 535.2 538.5 541.6 543.4 544.7 544.4 542.5 539.4 534.4 527.4 519.6 512.8 503.7 487.6 472.4 469.2 470.8 471.2 470 467.8 464.9 462 457.4 453.3 451.8 451.1 450.7 449.1 446.9 444.5 441.3 436.5 432.3 429.8 426.8 423.6 418.6 413.4
546.6 552.1 555.3 558 560.8 562.6 564.3 563.7 562.2 560.9 558.5 555.9 552.5 547.8 541 534.1 525.1 518.2 511.9 514.2 520.6 526.1 530.2 534.6 537.1 537.7 537.6 535.8 533.3 529.4 521.6 515.5 515.8 518.3 519.6 521.3 523.4 526.2 530.1 534 537.8 540.9 543.6 545.6 546.5 545.3 542.6 539.4 534.6 527.4 521.3 513.1 503.2 491.2 475.8 473 475.2 475.6 474.8 472.6 469.5 466.6 463.3 458.1 454.1 453.4 452.8 450.7 447.7 444.9 441.5 437.5 434.3 431.8 429 425.4 420.5 414.7
546.5 551.1 553.9 557.9 560.7 562.8 564.3 564.4 562.6 560.4 558 555.1 551.6 547.5 541.9 534.2 524.3 515.8 511.6 514.7 521 526.6 531.1 534.4 537 537.6 537.6 536.2 533.3 529.1 524.5 518.6 517 519.6 521.2 522.8 525.2 528.6 532.5 536.2 539.8 542.5 544.7 546.7 546.9 545.4 542.6 539.4 534.5 527.6 521.6 514.7 503.8 490.4 476.1 480.3 481.9 482.4 481.6 480 476.2 471.6 469.5 465 458.4 456.9 455.3 452.7 449 445 441.6 438.3 435.6 433.2 429.9 426.5 422.1 415.9
545 549.9 554 557 560.5 563 564 564.4 562.3 559.8 557 554.2 550.4 547 540.9 532.7 522.8 514.4 511.8 516 520.7 526.8 531.8 535 536.8 537.7 537.7 536.1 533.7 529.9 525 519.7 518.7 520.8 522.9 524.3 527.9 530.6 534.4 537.3 541.1 543.4 545.3 546.5 546.4 544.7 541.9 538.6 534.7 528.2 521.5 515.3 506.8 485.9 481.3 490.6 490.9 490.4 488.6 486.7 484.1 479.6 474.8 471 464.8 460 457.4 453.7 449.9 445.4 441.7 438.7 436.6 434.1 430.6 427.2 422.1 415.6
544.2 549.2 552.8 556.8 558.9 562.4 563.9 563.1 561.8 559.2 556.8 553 549.6 545.4 538.9 530.4 521.5 515.1 512.8 516.4 521.8 526.2 531.3 534.7 536.7 537.7 537.9 536.1 534 530.2 526.5 521.5 520.3 521.8 524 526.2 528.3 532.1 536.1 539 541.8 544.2 545.6 545.8 545.7 543.6 540.9 537.5 533.4 528.3 521.5 515.2 507.4 488.8 495.1 497.5 498.9 497.5 495.5 493.3 491.1 487.1 481.4 476.9 469.7 463.4 458.7 454.7 450.5 446.3 442.1 439.3 436.7 433.8 430.7 427 421.6 414.8
542.7 547.5 552.9 556.5 559.2 561.1 562.6 562.9 561.4 559.5 555.9 552.1 547.6 543.6 536.9 528.1 518.3 515.6 513.7 515.4 521.4 527.5 531.2 534.7 536.7 537.4 537.5 536.1 534 530.7 526.4 522.3 521.1 523.1 525.1 527.8 529.7 533.4 537.2 539.6 541.9 543.9 545.7 544.7 543.6 541.8 539.2 535.2 531.3 527 521.5 515.5 507.9 490.2 501.8 504.2 505.1 505.7 503.9 501.2 498.1 494.4 487.5 481.6 474.9 465.9 460.1 455.9 450.4 445.9 441.8 440.2 437.4 433.7 430.3 426.4 420.8 413.5
541.3 546.7 551.4 555.3 557.7 561.2 561.9 561.9 560.8 559.3 556.2 552.6 548.1 542.2 535.4 525 519 516.4 514.4 514 520.2 527 530.8 533.9 536.3 537 536.9 535.6 533.4 530.8 527 523.3 522.6 524.6 528 529.3 531.7 535.8 538.9 540.6 542.5 543.6 544 543.6 541.7 539.6 536.8 533.5 529.8 525.6 520.6 515.6 508.6 502.2 507.4 509.9 511.7 512.5 513.3 510.6 505.5 500.7 493.3 486.5 480.3 468.4 461.7 456.2 450.3 445.8 442.5 439.7 436.8 433.6 429.6 425.3 419.2 412.7
539.9 545.7 549.6 554.6 557.9 559.6 560.7 561.5 560.4 558.9 556.1 553 547.8 542.1 536 525.6 520.4 518.5 515.1 514.2 519.8 525.1 530.2 533.4 535.5 536.6 536.4 535.5 533.5 530.8 527.4 524.4 524.1 527.3 530.2 532.9 534.9 537.3 539.5 541.5 542.7 542.9 542.3 541.2 539.7 536.9 533.8 530.9 527.1 523.4 519.6 514.7 506.4 508 511.7 515.1 519 521.9 522.3 517.1 511.2 506.3 499.1 491 483.9 473.7 463.4 456.8 450.9 445.8 441.9 438.7 435.7 432.2 428.4 424 418.5 412
537.1 543.7 550 553.4 557.3 559.9 562 561 561.5 558.4 556.9 553.8 549.1 544.2 538.6 527.1 520.9 518.6 516.8 514.8 518.9 524 528.8 532.3 534.6 536.3 536.3 535.6 533.6 531 528.8 527.4 526.5 527.7 532.5 534.6 537.5 540.2 541.3 542.7 543.4 542.8 540.7 538.9 536.3 533.7 530.7 527.6 524.7 521.5 517.9 513.5 506.4 511.6 515.3 519.2 523.2 527.2 527 523 518.7 511.9 504.4 495.9 486.1 476.2 466.3 457.2 450.3 445.6 441.8 438 434.1 430.9 427 422.6 417.2 410.5
536.5 542.6 549 553 556.4 559 561.4 562.1 561.4 559.5 557.6 554.9 550.2 548 541.4 530.8 522.9 521 518.6 515.7 516.8 522.6 527.3 531.3 534.1 536.2 536.7 536.1 535.1 533 530.4 530.4 530.7 531.3 534.9 537.7 540.5 542.8 544.3 545.5 545.8 543.6 539.9 536.1 533.4 530.1 527.1 523.3 521.5 519.1 516.2 512.1 508.3 514.8 518.3 522.2 526.5 530 531.8 527.1 522.4 515.4 508.7 500.3 492 477.9 468.5 458.8 450.6 445.1 441.6 437 432.7 429.9 425.9 420.7 415.4 408.3
533.6 540.2 546.5 551.6 556.1 558.9 561.1 561.7 561.8 560.9 558.5 556.7 552.9 548.7 543.1 538.1 527.8 521.4 519.1 516.8 515.9 521.6 526.4 530.7 533.9 535.9 537.6 537.3 537.1 535.3 534.4 534.5 535.2 535.9 537.6 542 544.4 547.2 548.5 549.5 549 545.9 541.6 534.3 529.8 525.7 522.8 520.7 518.9 516.1 514.5 508.2 508.5 516.6 520.3 524.9 529 532.4 535.5 530.3 525.4 519.3 512.5 504 495.6 485.4 471.8 459 450.5 444.3 440.2 436.3 431.5 427.9 424.1 419 413.4 405
533.4 539.2 545.4 551.8 555.7 559 561.3 562 562.3 561.2 559.2 557 553.8 549.8 545.4 540.9 531.7 522 519.5 517.1 517 521.2 525.8 530.3 534 536.1 538.8 539.9 538.5 538.3 538.7 540.2 541.7 542.4 543.8 547 549.7 551.7 553.9 554.1 553.1 550 544 535.3 524.8 521.1 519.7 518 516.5 514.5 512.1 507.1 512 518 522.2 526.7 530.9 534 535.3 532.2 527.6 521.9 514.5 506.6 496.9 488.8 476.5 461.8 449.7 445 440.3 436.1 431.1 426.1 421.5 415.8 409.5 400.9
532.1 538.8 545.6 551.5 556.6 559.1 561.7 562 562.1 561.9 560.3 558.1 555.1 552.1 547.6 543.6 536.9 526.5 519.3 516.7 517.7 521.4 524.3 529.9 534.9 538.3 540.9 542.3 541.5 542.6 544.2 546 547 547.7 549.6 553.3 555.2 557.8 559 559 557.3 553.3 546 533.5 521.8 518.8 516.6 515.2 514.5 511.9 508.8 508.3 515.8 519.4 524.1 528.5 532.6 535.4 535.9 533.7 529.3 523.4 516.4 508.4 498.1 489.2 479 466.3 455.6 448.7 442.3 436.2 430.3 424.8 418.7 413.7 405.2 397.5
532.6 538.4 545.5 550.9 556.6 559.8 561.5 563.1 562.9 562.6 560.9 558.1 556.5 553.1 549.2 545.1 539.2 525.3 519.1 518.1 518.6 522.6 525.2 531.5 535.7 539.3 543 545.3 545.7 547.4 549 550.6 552.2 553.7 555.1 559 561.6 563.9 564.5 563 560.6 555.7 545.9 528.8 519.5 516.5 515 514 511 510 508.4 509.9 517.2 520.7 525.6 530.4 534.4 537 537.3 534.9 530.2 524.4 517 508.4 499.4 489.5 479.9 468.4 458.9 450.9 443.9 437.3 430.1 423.7 417.2 410.3 403 396.7
531.9 538.3 544.7 551.6 555.9 559.5 562.1 563.1 564.5 563 562.5 560.5 557.7 553.6 551.3 546.9 540.9 532.8 522.2 520.9 521.6 524.9 528.2 534.8 538.8 542.5 544.2 547.7 550.1 551.1 553.3 556.3 558.8 561.4 564 566 567.9 569.2 569 567.3 563.6 557.1 541.3 524 517.9 515.2 514.4 512.4 511 510.2 509.7 515.1 518.5 522.7 527.6 532.1 536.2 539 538.6 535.9 531 525.3 517.4 508.6 498.9 489 478.8 469 460 451.8 444.3 437.5 430.2 423.3 416.3 409.3 400.7 395.3
