public/OST50/SX68.asc
ncols 200
nrows 200
xllcorner 260000
yllcorner 80000
cellsize 50
[rows 0 to 34 of 200, columns 78 to 155 of 200]
449.5 449.4 449.5 450 449.6 448.9 447.2 444.6 439.3 431.1 417.3 411.8 410.6 416.7 419.8 422.3 424.1 425.4 425.3 421.4 416 408.5 400.5 392.1 383.9 376.3 369.7 361.1 357.1 352.3 347.7 342.7 337.5 332.7 326.4 318.6 313.2 312.4 310.3 307.4 303.2 296.8 287.4 282.6 280.5 279.7 281 283.8 288.1 289 288.9 286.8 283.5 280.5 278.5 276.7 276.5 277.4 279.5 281.8 281.1 278.6 272.9 267.9 263.2 257.9 250.6 240.7 231.7 228.9 228.3 225.9 222.6 219.2 214.6 212.3 210.7 206.8
450 450.3 451.2 452.1 452.9 452.8 451.7 449.8 446.3 441.5 432.5 419.9 416.1 421.1 423.4 425 426.2 426.9 426.2 422.3 416.3 409.9 402.1 393.1 384.1 375.2 369.9 361.2 356.8 352.7 347.2 341.7 336.6 331.3 324.4 317.1 312.7 307 305.7 302.3 298.4 291.8 282.2 278.3 277.5 278.2 279.5 282.3 287 288.5 287.9 286.1 282.1 280 278.2 276.5 275.4 276.3 278.1 280.5 280.7 278.4 273.8 269.5 265.5 260.3 253.6 243.8 235.3 234.2 233.7 226.4 220.8 217.8 215.1 211.4 208 206.7
451 451.4 453.2 454.5 456.1 456.8 456.8 455.6 453.3 448.9 443.3 432.3 420.8 424.2 426.1 426.8 427.4 427.1 425.6 421.8 415.9 410 402.4 393.1 383.7 375.8 369.5 361.4 356.7 352.5 346.2 339.8 335 328.8 323.2 316 310.9 303.5 300.1 297.6 294.8 288.7 281.1 278.4 277.4 276.8 278.2 280.7 285.1 287.1 287.2 285.8 282.6 280.1 278.3 276.1 274.4 274.8 277.3 280.1 280.6 278.6 274 270 266.8 262.9 257.2 249.4 242 238.7 235.7 227.6 222.6 218.9 216.3 214.2 210.1 207.3
452.2 453 455.1 457.2 459.1 460.5 461.2 460.6 458 454.3 448.1 440.1 428 426.7 427.7 427.8 427.3 425.8 423.6 420.1 415.2 409.2 402.2 392.9 383.7 376.5 369.5 362.1 357 352.4 343.5 337.7 332 326.1 319.9 314.2 308.9 301.7 298.2 294.8 293.1 290.7 285.6 279.7 277.7 276.1 276 276.7 282.5 285.9 286.7 285.2 283.3 280.6 278.1 276 273.8 274 275.9 278.3 279.2 277.1 273.3 270.1 267.4 264.3 260.8 255.4 249.2 243.2 239.7 233.4 225.3 218.7 216.8 213.6 209.1 206.8
453.8 455.3 457.4 459.6 461.7 463.5 464.7 464.3 462.1 458 452.1 445.3 434.2 430 429.3 427.6 426.1 424.2 421.3 417.6 413.3 407.3 400.5 392.7 384.8 376.2 370.6 362.9 357.3 352.2 345.9 339.3 331.6 325.4 317.7 311.4 307.1 300.3 297.3 294.8 293.7 293.5 290.7 286.1 279.4 276 274.9 275.6 279.3 283.1 284.3 284.1 282.8 281.2 278.4 275.5 273.8 271.8 273.4 275.6 276.4 274.7 270.7 268 266.1 265.2 263 258.1 252.4 247.2 242 234.8 223.2 217.5 214.9 212.3 209.6 208
455.3 457.6 460 462 464.1 466.1 467 467 464.9 460.9 455.9 449.6 439.5 432.8 429.6 427.1 424.5 421.8 418.7 415.1 410.6 405.1 398.9 392.2 384.9 378.1 371.8 365 359.5 356.2 351.4 343.7 334.6 326.4 317.8 311.1 304.9 300.5 298.2 296.5 296 295.7 293.4 289.6 283.2 277.2 275 274.6 276 279.5 280.9 280.7 281.8 280.8 278.9 276.2 274.4 272 269.9 271.7 272.1 270 266.3 262.8 262 264 263 259.4 253.8 244.7 240.2 231.1 224.4 219.1 216.1 212.8 211.5 209.5
457.6 460 462.5 464.8 466.8 468.3 469.1 468.8 466.9 463.2 458.7 452.4 442.7 434.9 430 426.2 422.5 419 416 412.3 407.6 402.4 396.7 390.5 382.8 377.4 372.2 366.6 363.9 360.7 354.7 346.9 338.3 326.8 318.4 310.5 304.5 300.8 298.9 298 298.3 296.4 293.4 289.1 284.2 277.8 275.1 275 275.2 276.4 277.5 277.8 280 279.7 277.8 274.5 273.1 271.1 267.8 266.5 267.3 264.1 259.5 256 255.6 260.5 261.5 259.1 254.9 249.4 242.5 236.4 232.3 224.7 219.6 215 213.9 211.6
460.2 462.3 465 467.4 469.4 470.5 471.2 470.5 468.4 464.8 460.6 454.3 445.7 437 429.8 424.3 420.3 416.3 412.5 408.7 404.2 398.8 394 388 381.6 376.6 371.5 369.4 367.8 364.2 358.3 349.6 341.1 327.5 318.3 310.5 304.2 301.7 300.5 300.1 298.8 295.6 291.6 287.4 282 278 275.5 274.2 274 274.7 274.7 274.7 276.2 277.6 277.1 272.7 270.3 267.8 264.3 261.9 261.2 258.6 253 252.7 253.2 254.9 258.2 258.7 257 254.8 249.6 244.9 238.3 228.7 220 218.4 216.3 213.9
463 465.3 468 470.2 471.6 472.6 472.8 472 469.6 466.3 462 455 446.7 437.9 429.6 423.3 417.6 413.2 408.5 404.8 401 395.5 390.9 384.4 380.4 373.1 374.5 373.5 371.1 367.5 361.5 352 343.6 332 320 312.1 305.1 302.4 301.7 301.1 298.4 294.1 289.7 285.7 279.7 278 275.3 272.4 272.7 274.1 273.3 272.3 273.4 274.1 272.4 268.1 266 264.2 261.9 259.5 256.2 254.4 257.6 258.3 254 251.4 252.6 255.6 258.5 258 254.8 250.7 242.6 230.4 224.2 221.5 219.7 218
465.3 467.5 469.9 472.1 473.6 474.4 474.4 473.5 471 467.4 462.9 456 447.8 439.3 430.3 422.4 414.5 408.5 404.2 399.3 395.6 392.1 386.7 382.5 379.2 373.2 375.8 375.9 374.3 370.4 364.7 355.3 347.3 337.6 324.5 313.9 306.5 303.4 302.5 300.8 297.9 294.3 289.1 285.9 280.7 278.6 275.9 273.8 272.9 271.5 271.3 270.5 270.8 269.6 267.5 267.5 267.6 265.9 260.7 257.7 256.4 256.4 260.7 262.5 260 253.6 249.1 249.3 257.7 259.6 258 254.4 246.2 237.2 227 225.1 224.2 222.5
466.7 469.3 471.4 473.4 475 476.1 476 474.9 472.2 468.7 464 457 448.9 440.3 431.3 422.5 413.2 404.8 399.1 393.8 390.9 387.1 383 381.1 376.1 374.2 376.8 377.6 376.1 373.1 367.9 359.8 350.2 342.5 329.6 319.1 309.5 303.7 302 300.3 298 294.8 291.7 286.6 284.2 283.1 278.5 276 274.3 272.3 271.1 271.2 271.4 271.9 273.3 275.1 276 275.4 272.4 267.7 264.5 263.3 263.6 262.8 260.1 256.5 247.1 244.7 253.8 259.2 259.6 256.5 251.5 243.2 233.2 232.1 229.9 227.6
467.5 469.8 472 473.7 475.7 477 477.5 476.5 473.8 470 465 458.3 450.6 441.5 433.3 422.8 413.5 402.9 394.7 389.8 387.2 384.7 382.1 380.2 376.2 376 377.6 378.7 377.9 374.9 370.9 364 354.4 346.6 337.4 325.5 314.3 305 301.3 299.2 297.1 294.6 293.5 290.2 287.2 285.6 283.4 280.6 276.8 275.2 272.5 272.7 274.3 275.5 276.9 278.6 279.8 279.7 277.9 274.9 272 270 266.5 263.4 259.8 255.2 243.3 241.3 248.6 255.3 258.5 257.7 253.7 247.3 240.4 234.8 232.1 230.9
467.1 469.5 471.8 473.8 475.7 477.6 478.9 477.7 474.9 471.1 466 459.1 452.1 443.7 435.8 424.8 411.2 400 393.6 389.8 386.3 383.8 381.3 378.9 377.3 378.1 379.4 380.2 379.6 377.7 374.1 367.9 360.2 351.2 340.9 331.4 318.9 310.4 300.9 297.4 295.8 294.8 293.4 291.1 288.6 287.1 285.7 283.7 279.9 276.3 273.5 275.6 277.9 278.3 278.8 280.9 282.1 281.8 280.7 278.7 276.6 272.5 269.2 263.5 259.1 254.4 244 236.8 242.2 249.4 253.9 256.7 254.6 248.8 242 233.2 230.5 229.7
465.9 468.2 470.4 473 475.4 477.1 478.8 477.6 475.2 471.5 467 460.8 454.6 446.6 437.4 428.8 413.9 399.4 394.3 389.5 385.7 383.5 381.5 380 379 380.5 382.2 382.7 381.9 379.7 376.2 370.3 363.4 354.8 345.1 333.8 324.9 312.3 302.2 297.9 295.2 294.4 292.5 291 288.5 286.5 283.4 282.2 277.3 275.2 275.1 279.4 279.8 280.3 281.1 283.3 283.3 283.5 282.4 280.6 278 274 268.1 262.5 258 253 244.2 232.1 236.4 243.2 248.6 255.1 253.6 249.6 241.8 230.1 223 222.7
464.1 466.6 469 471.9 474.4 476.6 477.3 476.7 474.8 471.4 467.1 462.4 456.4 449 439.8 431.6 419.9 400.3 394.1 387.9 385 383.4 382.3 381.1 380.3 382.5 384.6 385.1 384.4 381.8 377.9 372.1 365.1 356.6 347.7 337.8 326.4 316.7 305.6 297.5 294.9 292.5 291.4 289.6 287.3 286 282.6 279.8 277.5 277 278.4 281.1 281.5 282.3 282.7 283.8 284 284.2 283.8 281.3 278.3 274 267.1 260.4 255.6 250.5 242.2 228.9 231.1 236.6 242.9 250.3 251.4 247.4 239.2 227.9 215.7 210.7
461.8 464.4 466.9 469.6 472.6 474.6 475.4 474.8 473.7 471 467.3 463.1 457.8 450.5 441.8 432.5 423.2 406.4 394.6 388.2 385.5 384 382.7 381.7 382.1 384.3 387 387.3 386.4 383.8 379.3 372.7 365.3 357.4 348.6 338.7 329.3 319.1 307.2 298.4 295.2 293.1 291.5 289.7 287.3 285.7 282.7 280.6 280 279.3 278 281.3 282.5 282.8 283.2 284 284.2 283.8 283.3 281 277.9 273.3 264.8 257 252.2 247 240.4 228.7 226.5 230.3 238.8 246.4 248.9 245.4 238.3 233.5 222.9 214.4
459 461.3 464.3 467.3 470 472.1 473.1 473 472.4 469.9 467.3 463.4 458.4 451.5 442.5 432.5 424.2 408.6 396.8 389.7 386.8 384.7 383.4 382.6 384.9 387.2 389 389.3 388.2 384.4 379 372.9 365.1 356.9 348.3 339.6 330.5 321.1 309.1 301 295.8 293.8 292.3 290.6 288.7 286.6 285.1 282.7 281 279.7 280.3 280.6 281.5 282.2 282.8 283.1 283.4 283 282 279.6 275.9 271.2 263.2 253.7 247.3 242.7 237.3 228.3 222.3 223.3 234 243.1 245.6 241.1 234.6 230.5 221.8 213.2
455.3 458.1 461 463.3 466.2 468.8 470.2 470.5 470.4 469 466.6 463.3 458.3 452 442.3 433.2 423.6 408.7 397 389.8 387.3 385.3 383.6 384.3 387.5 389.5 390.7 391.2 389.5 384.8 379.1 372.1 363.8 356.5 347.7 338.8 331.1 321.3 311.3 303.1 296.9 294.3 292.8 291 289.4 288.1 286.4 284.4 281.7 281 279 279.1 279.9 279.6 281.1 281.7 281.6 281.3 280.1 277.2 273.4 267.5 259.6 249.3 240.5 235.5 232.5 226.3 218.5 218.5 227.9 238.8 240.7 235.1 226.9 223 216.5 203.3
451.7 454.6 457 459.4 461.4 464.5 466.7 467.9 467.8 467.4 466.2 462.1 457.3 451.2 442.1 433.4 422.9 408.1 397.6 389 387.4 385.6 384.8 386.5 388.9 391.4 392.5 392.6 390.5 385 378.8 370.4 363.1 355.3 348.6 339.3 331.9 323.8 313.8 304.7 295.8 293.6 292.9 291.6 290.2 288.9 288.1 286.2 284.3 281.8 278.7 277.2 277.7 277.3 278.2 278.8 279 278.3 276.9 274.1 269 262.2 254 242.8 233.5 229.5 226.1 219.9 214.9 214.6 222 233 234.4 227.6 216.4 214.7 214.6 199
448.8 450.4 452.5 454.6 457.3 460.1 462.7 464.5 465.5 465.8 464.5 461.1 456.2 449.6 441.7 432.5 422.5 407.8 397.3 389.7 388 387.2 386.3 388.4 391.1 393.3 394.4 394.6 391.6 385.3 377.8 369.7 363.1 354.8 348.7 341.2 333.3 327.2 319.5 310.2 298.5 294 292.7 291.3 290.9 289.7 289.1 288.2 286.2 281 277.7 276.2 275.6 275.6 274.6 274.9 274.9 274.2 272.8 268.9 263.8 255.8 247.3 236.8 228.1 225.2 221.9 216 213.9 212.4 217.4 225.8 230.3 221.3 208.4 205.6 211.9 196.6
444.6 446 447.4 449.6 452.5 455.6 458.4 460.5 462.1 463.4 462.3 459 454.4 448.1 440.6 431.7 423.1 407.8 396.5 390.1 388.9 388.6 388.2 390.8 393.3 395.5 397 396.3 393.1 385.8 377.5 370.2 362.8 355.2 349.4 344 337.3 330.9 324.9 317.5 304.1 295 292.4 290.9 290.6 289.7 289.5 288 286.8 280.6 279.4 279.8 278.1 275.5 272.6 270.7 270.2 269.4 266.9 263.1 258.2 250 244.9 234.9 232.1 227.1 221.4 213.5 211 210.1 212.5 218.6 223.3 219.4 205.9 195.9 203.5 194.8
440.3 441.7 443 444.8 447.8 451 454.2 456.4 458.8 460.6 459.9 457 452.3 446.2 438.7 430.7 422.8 408.5 396.8 391.1 389.8 389.6 390.2 391.9 395.5 397.6 399.9 399.6 395.6 388.5 380 372.7 363.4 356.1 351.2 346.7 341 335 327.9 320.7 307.7 296.6 292.1 290.7 290.1 289.6 288.8 287.5 286.4 282.3 284.1 285.2 283.8 281.3 277.8 272.3 266.8 264.2 261.2 256.5 253 248.1 247 243.2 238.5 229.6 217.3 210.6 208.9 208.2 207.4 210.9 215.4 212.5 201.4 193.5 194.6 196
436.9 437.6 438.8 440.5 443.4 446.3 449.5 452.8 455.5 457.5 457 454.8 450.3 444.3 436.9 429.1 422.4 409.6 399.1 392 390.8 390.6 391.4 394.2 397.4 399.8 403.2 402.5 399.4 392.2 382.9 375.7 365.9 357.9 353.6 349.7 345.2 337.4 330.2 323.8 311.1 297.2 291.7 290.7 290.2 289.2 287.7 287.2 285.4 286.2 287.4 287.7 286 283.8 280.2 276.2 269.7 264.6 259.3 255.4 253.2 251.8 250.7 246 240.3 231.1 217.1 209.6 207 205.8 204.9 203.5 202.2 198.4 196.2 193 194.8 196.8
431.5 433.5 434.5 436.3 438.3 440.6 443.8 448.7 451.9 454 453.9 451.8 447.7 442.8 436.3 428.2 421.7 410 399.5 392.6 391.5 391.4 392.7 395.3 399 402.3 404.8 405.2 401.9 395.8 386.2 378 367.4 359.9 356.5 353.5 347.9 340.3 332.3 327 313.7 295.4 292 291 290.7 289.6 288.2 287.2 287 288.3 290 290 288 284.7 280 276.5 272.2 268.3 263.4 258.9 254.5 252 249.8 245 239.9 229.7 217.2 210.9 207.2 205.3 203.3 199.6 196.5 195.2 194 194.1 192.6 202.6
426.7 429 430.3 432.2 434.1 435.9 438.9 444.7 447.9 449.9 450.4 448.8 445.2 440.8 434.9 427.2 421 410.3 398.4 392.6 392.3 392.4 393.5 396.2 401.1 404.6 407 407.5 404.7 399.3 390.3 381.1 369.9 362.8 358.8 355.3 350.1 342.3 335 329 316.1 298.3 292.1 291.2 290.8 289.6 287.9 287.4 288.5 289.3 291.3 291.5 288.9 284.2 279.7 275.9 271.1 266.8 262.5 257.7 254.7 252 248.9 244.7 238.4 228.9 223.1 218.9 209.4 206.3 205.5 197.9 196.6 198.9 200.9 200.1 191.4 200.9
422.8 425.1 426.4 428.1 430.4 432.2 434.9 441 443.6 445.5 446.6 445.3 442.8 438.6 433.8 426.7 419.7 410.5 395.1 393.1 392.8 393.2 395.2 397.9 402.8 406.7 409.1 409.7 407 401.8 392.6 384.1 373 365 361.5 357.5 351.8 344.8 336.4 329.5 320.6 301.2 293.4 291.7 290.6 289.9 288.5 288.2 289.2 290.4 292.1 292.9 291.2 284 279.8 275.4 271.4 268.2 264.6 260.5 256.3 253.2 250.1 244.9 239.2 235.4 231.2 225.5 214.3 210.3 216.8 218.6 215.1 219.5 214.9 210.3 192.5 196.8
419.1 421.5 422.6 424.3 426.6 428.3 430.9 435.6 439.4 441.1 442.3 441.4 439.5 436.3 431.7 426.4 419.6 409.7 396.8 393.8 393.5 394.2 397 400.5 405.3 408.4 411.1 413.3 409.2 404.3 395.4 386.4 375.6 367.2 362.7 358.7 353.2 347.3 339.1 329.9 319.1 303.5 294.2 292.4 291.7 290.4 289.2 289 290.1 291.4 293.4 295.5 293.7 289.7 282.1 277.8 274.1 272.5 270.8 267.1 262.4 257.3 252.9 248.4 244.9 240.9 236.9 229.2 216 217.3 224.2 227 224.6 223.1 220.1 212.9 193.4 194.1
416.4 416.8 419.2 421.1 422.9 424.3 426.7 430.7 435.1 436.7 437.8 437.4 436.1 433.7 429.7 424.7 418.3 409.8 398.4 394.8 394.7 395.4 398.7 402.4 406.6 409.4 411.7 413.5 410.9 406.6 398 387.6 378.3 368.8 364.6 360.4 355.4 348.2 339.9 329.7 314.5 304.7 296.9 294.6 293.1 291.3 290.5 290.6 290.8 292.3 295 297.3 297.4 295.2 289.6 283.7 280.1 278.7 277.8 274.7 268 262.4 256.6 252.2 247.7 244.8 239.8 229.7 220.5 226.6 232.3 229.9 225.8 222.4 219 212.9 199.9 191.7
413.4 414.2 416.2 417.8 419.1 420.8 422.6 425.9 429.9 432.6 433.1 433.2 432.1 430 426.8 422.5 417.1 410 399.3 395.9 395.8 396.8 399.6 403.9 407.3 409.8 412.4 413.9 411.9 407.9 400.8 389.6 380.3 371.4 365.9 362.1 356.9 349.7 342 330.2 314.5 306.6 297.1 294.9 293.2 291.6 291.1 291.8 292.2 292.9 295.2 299.5 301.1 299.4 296.1 290.5 288.1 287.4 285.3 281.4 274.3 267.1 260.1 255.5 251.3 247.2 240.4 229.3 232 236 236.3 230.9 224.4 220.6 217.1 211.5 205.6 190.4
410.9 412.2 413.6 413.8 415.9 417.8 419.6 421.5 423.8 428.1 428.5 429 427.5 425.6 423.2 419.5 415.6 408.5 401.2 396.9 396.1 397.6 400.4 404.5 407 409.7 412.2 414 412.7 408.7 402.4 392.4 383.9 374.9 368.8 365.3 360 352.6 345.8 333.4 316.9 307.2 297.3 295.4 293.7 292.1 291.7 292.5 292.7 293.7 296 299.2 301.8 301.8 300.4 297.9 296 293.9 291.2 286.9 280.4 273.2 264.2 256.9 252.5 247.7 242.1 240.8 242.8 242.8 239.2 231.9 223.5 219.3 214.5 208.3 202.6 191.3
409.1 411 411.3 411.9 413.5 415.2 417 418.9 420.8 422.8 423.9 423.8 422.6 420.8 418.9 416 412.9 406.6 401.3 397.3 395.7 396.7 400.6 404.2 406.7 409.4 412.1 413.5 413.1 409.8 404.2 396 387 379.1 372.9 369.8 364.7 358.1 351.1 339.2 323.1 308.1 299.5 295.7 294.3 293.3 293.4 293.9 293.7 294.5 295.4 298.1 301.2 303.2 303 301.6 299.7 297.4 294.6 291 285.4 276.1 264.9 257.3 252.9 249.9 249.1 249.9 249 246.9 241.3 235.4 226 218.4 213.2 206.4 198.7 192.2
407.1 408.8 409.6 409.9 411.1 413.1 414.9 416.8 418.3 418.9 419.1 418.6 417.8 415.9 414 411.9 409.6 404 400.2 396.8 394.4 396.1 400.1 403.5 405.9 408.4 410.9 413 413.3 410.4 405.3 397.6 389.1 383 378 374.4 369.9 363.8 356.6 348.1 331.5 312.5 303.1 296.8 295 294.3 294.3 294.6 294.8 295.3 295.7 297.1 300.2 303.3 304 303.4 301.9 299.5 296.4 292.6 287.7 276.6 266.1 257.9 255.7 256.1 256.6 254.6 250.9 247.4 242.2 235.6 228 216.3 212.3 207.9 204.4 197.9
405.5 406.8 407.2 408 408.9 411.1 413.7 416 416.4 415.5 413.1 412.6 411.8 411.2 409.2 407.6 405.3 402 398.7 395.3 393 395.2 399.1 402.5 405.3 407.6 410 412.4 413 410.6 406.2 398.8 391.1 386.6 382.7 379.2 375.1 368.6 360.9 354.2 341.7 320 307.7 297.9 297.1 295 295.9 296.3 295.7 295.3 296 298 299.5 302.7 303.9 303.9 302.4 300.3 296.3 292.7 287.3 278 265 260 260.8 262.6 260.4 257 250.7 245.7 240 233.1 226.1 218.7 214.3 213.3 215.1 207.8
403.4 404.5 405.5 406.5 407.7 409.9 415.2 417.7 417.3 413.9 408.9 407.3 406.5 404.4 403.8 402.3 401 398.9 397.3 394.1 391.5 394 397.5 400.7 404.2 406.4 409.1 411.3 411.6 409.8 406.2 400.6 393.4 389.3 385.9 382.8 378.2 373 364.9 356.6 347.8 326.8 309.2 300.7 298.4 298.1 298.5 298.8 297.1 296.3 297.1 298.2 299.5 301.6 302.1 301.8 301.3 299.9 296.2 292.1 286.4 278.4 266.4 263.7 266.3 266.7 263.4 259.3 251.4 245.3 241.2 236.7 232.2 225.9 220.7 218.9 221.4 215.5
401.4 402.3 403.8 405 406.3 411.2 416.8 419.1 419.8 416.4 409.9 403.9 401.6 400.2 398.6 397.6 396.8 396.2 394.9 391.7 390 392.3 396.1 399 402.8 405.3 408.3 409.8 409.7 407.9 404.8 400.5 395.8 391.9 388.8 385.1 380.8 375.3 368.2 359.7 351 332.1 314.1 304.5 301.2 299.7 301.4 302.3 300.3 298.4 298.7 299.2 299.6 300.4 299.5 298.9 298.7 297.6 295.6 291.8 285.6 275.8 267.4 270.7 272.7 271.1 267.1 261.8 255.6 250.4 248.8 248 242.4 234.5 226.5 224.1 224.6 219.9
