public/OST50/SX69.asc
ncols 200
nrows 200
xllcorner 260000
yllcorner 90000
cellsize 50
[rows 70 to 104 of 200, columns 0 to 77 of 200]
163.7 169.8 174.9 176.7 176.5 177.6 180.4 184 188 191 193.7 196.3 197.7 199.5 203 205.3 207.7 211.2 213.3 214.4 215.1 214.3 213.8 212.9 212.8 215.4 216.2 215.9 216 214.5 211.2 206.4 183.4 169.2 187.5 199.2 208.6 215.5 219.9 222.7 225.5 228.1 231.1 235.2 235 234.6 232.9 225 215 211.5 213.2 211.2 206.7 216.4 227.3 233.9 236.2 234.7 231.9 228.1 225.2 222.2 219 215.1 210.5 206.3 201.9 200.1 197.4 195.1 193.1 191.1 189.6 190.3 191 191.4 191.7 192
161.9 167.5 170.9 172.1 172.6 174.6 177.6 180.9 184.2 187.1 190.2 192.6 194.1 195.6 199.2 202.4 205.3 208.5 211.8 214.6 216.2 216.3 216.6 216.7 217.8 221.6 223.6 223.7 222.5 220.7 218.1 213.1 192.9 173 186.3 199.4 208.7 214.1 217.4 220.2 223.2 229.4 235.3 238.6 241.8 243.3 240.8 235.2 227.5 225.1 226.4 226.7 224.2 221.9 227.4 234.8 236.3 234.2 230.8 227.3 223.9 220.8 218 215.3 211.6 209 206 202.8 198.2 194.9 191.4 188.8 186.7 186.1 185.7 184.2 183.7 183.4
157.9 163.1 165.9 167.5 169.8 172.6 175.5 178.5 181.1 183.6 186.8 188.8 191.8 195.2 198.7 202 205.4 208.7 211.6 215.4 217.3 218.2 219 220.5 222.7 226.4 227.1 226.4 225.4 222.7 218.7 212.2 199.5 179.5 197 195.3 203 208.9 213 215.7 218.5 224.4 230 233.6 237.9 242.5 243.5 240.8 238.2 237.7 238.2 239.3 240.5 240.7 239.6 238.2 236.7 232.8 228.4 224.1 221.1 218.5 216.2 214.4 212.6 209.7 206.2 202 198.1 195 189.7 186.4 185.1 184.3 182.5 181.3 179.4 179.2
157.5 157.7 160 163.4 168.2 172.2 174.8 177.3 180 183.1 186.2 189.5 193.3 196.7 200.4 204 207.3 210.4 213.4 215.9 217.5 218.1 219.3 222.1 223.8 226.1 226.6 225.1 222.8 220.3 217 212 205.1 198.1 179.2 188 198 202.6 206.2 209.3 211.8 217.1 223.6 229.9 234.7 239.3 242.1 243.3 243.1 244.7 247.6 249.6 249.5 247.4 245.5 242.4 237 231.8 226.3 221.1 217 214.7 213.5 211.7 210.3 208.5 204.8 200.5 196.5 190.4 190.4 190.3 189.3 188.8 188 187.5 186.5 184.2
159.5 159.5 158.7 162.9 167.9 172.7 176.3 179.4 182.4 184.9 188.3 191.5 194.5 197.7 202 205.8 209.1 211.6 213.3 214.5 214.4 214.5 215.1 217.2 219.1 221.3 221 220.5 218.3 216.2 214 210.9 201 197 185.5 178 190.6 200.1 203.6 206.1 206.6 213.5 220.8 226.8 232.1 237.4 240.8 244.1 246.4 249.1 251.7 254.8 254.9 252 248 243.7 235.6 229.7 224.5 219.2 215 210.2 208.1 206.5 205.5 204.7 201.6 195.8 191.9 195.5 198.8 198.5 197.2 195.5 193 191.6 189.2 184.1
165.1 162.3 161.2 160.3 165.4 170.8 175.1 179.4 183 185.6 187.8 191.4 194.6 197.9 202.4 205.7 208.3 208.9 208.8 208.7 207.7 208.2 209.6 213.2 215.7 216.8 216.3 214.7 212.8 210.1 204.6 205.3 200.5 192.6 182 181.7 181.5 191.6 197.6 201.2 204.2 210.4 218.8 225 229.9 234.3 237.2 241.7 245.1 248.6 251.9 255.1 255.9 252.9 248.2 242.2 236 230.9 226 221.7 218.4 214 210.8 207.4 203.3 199 198 195.1 199.4 202.2 203.4 202.5 201.3 198.7 196.1 192.7 187.9 188.2
168.5 167.3 164.8 162.5 161.6 167.9 173.4 178.5 181.1 184.9 186.3 188.2 192.3 195.2 198 199.4 199.9 199.2 199.7 198.8 200 201.5 204.8 209.9 212.9 214.3 212.8 211.6 206.1 202.8 199 193.1 190.1 190.6 191.5 191 180.7 183 190.7 193.2 198.7 206.2 212.5 217.9 222.5 226.3 229.3 232.5 238.5 244.1 248 250.8 253.5 251.9 246.4 242.1 237.3 233.1 228.8 224.5 220.2 216.6 213.3 209.7 205.2 201.2 198 199.8 204.1 206.6 207.3 206.6 204.8 201 197.8 193.2 190.6 194
170.9 170.2 168.7 166.1 162.8 162.8 168.3 173.4 176.8 178.8 179.6 180.9 184.5 186.6 187.4 188.2 188.9 189.6 191.7 196 200.3 204.2 207.3 210 212.2 207.1 206.2 212.7 210.1 206.7 202.5 199.2 199 198.6 196.8 193.8 189.6 181.8 183.4 187.2 191.6 197.7 203.6 208.9 212.6 214.8 218.9 222.6 227.8 232.4 236.5 240.5 244.1 245.8 244 242.3 238.4 234.9 230.2 225.9 222.2 218.5 214.3 209.8 203.8 201 202.7 205.1 207.1 209.1 210.1 209.2 206.7 203.3 199.4 193.6 196.5 197.7
173.2 173 171.4 169.3 166.9 164.7 163.1 165.5 169.7 171.7 172 173.9 175.8 178.2 181.4 184.7 188.8 192.5 196.5 200.7 205.5 209.3 206.2 214.9 215.6 217 216.8 215.8 214.2 212.3 210 207 204.4 202.9 200.6 197.5 194.2 185 184.7 185.9 185.2 190.2 194.5 199.8 203.1 205.4 208.2 212 216.1 221.5 225.7 229.7 234.5 236.9 238.5 237.6 234.2 231.6 229.5 226.4 222.8 219.1 213.6 207.5 204.9 204.4 207.9 209.3 210.3 211 211.6 210 207.4 204.1 200 197.2 199.8 201
176.2 176 174.8 173.1 171.1 169.3 167.2 166.2 166.3 168.4 170.9 174 177.3 180.7 185 188.7 193.2 197.8 202.2 206.8 210.7 215.5 217.6 219.3 220.2 220.8 220.7 219.7 218.6 216.6 214.6 212.3 209.7 207 203.8 200.5 196.6 186.9 188 192.3 190.8 188.2 187.5 192.3 195.2 198.1 201.3 204.8 208.9 213.7 218.4 222.2 225.9 230 232.9 231.9 230.5 228.1 225.7 223.1 220 217.3 212.9 210.2 208.7 210.2 211.6 213.3 214.2 214.9 214.4 212.3 208.6 204.7 201.3 201.1 202.3 201.9
178.2 179.3 178.4 176.7 174.5 171.7 169.2 168.5 169.4 170.3 171.7 175.8 179.6 183.3 188.1 193 197 201.9 206.8 205.8 216 219.5 221.9 223.5 224.5 225.2 225 224.4 222.4 220.1 217.9 215.9 213.8 210.3 206.9 202.6 197.3 188 192 194.6 195.7 194.7 192.1 191 192 197.3 200 201.6 205.1 209 212.3 216.1 220.4 223.9 227.1 228.3 228.2 225.8 223 220.6 218.3 216 214.6 213.9 213.8 214.8 215.2 216.8 217.9 218.4 217.6 214.9 211.3 207.4 206.2 205.8 205.9 203.6
181.7 182.1 180.9 179.8 177.5 174.9 172.6 172.5 172.3 173.6 173.8 175.9 181 185.4 190.6 196.5 200.8 205.5 205.8 215.3 219.2 222.6 225.1 226.8 227.7 228 228.2 226.9 224.8 222.4 219.8 217.4 215.2 212.5 207.7 202.4 193.5 189.6 191.9 196.1 198.8 199.7 197.8 196.4 195.1 195.2 201.1 204.1 206.8 209.7 214.3 215.9 219.4 222.1 224.6 226.5 226.9 225.4 223.3 221.6 220.4 219.7 219.3 218.7 217.8 219.1 219.6 219.9 220.6 221.4 220.6 218.2 214.8 211.4 210.9 210.3 208.9 205.8
185.6 186 185.3 184.1 180.7 178.1 176.7 176.3 175.7 175.4 176.8 177.7 179.3 185.1 190.9 197.1 202.5 209.6 212.7 217.2 221.2 224.4 227.4 228.8 229.3 229 228.2 226.4 224.2 221.4 218.1 215 210.8 208 204.3 196.7 191.4 194.1 195.9 196.5 201.1 203 202.4 201.8 200.5 197.2 197.7 203 207.5 211.9 216.4 218.1 222.5 224.4 225.8 226.9 226.7 225.9 225 225.4 225.3 224.4 222.8 222.8 221.5 220.6 223.2 222.8 223 223.2 223 221.4 218.5 216.9 215.5 213.4 210.3 206.2
189.3 190.5 189.2 188.2 186.8 182.9 181.8 181.6 179.9 179.9 180.3 181.2 182.1 183 187.6 195.1 201.2 206.1 211.5 216.5 220.8 224.4 227.1 228.6 229.1 228.8 227.7 225.4 222.9 219.9 216.2 211.6 206.7 202.1 198.4 196.2 194 198 200.3 200.1 202.1 205.6 205.8 205.2 203.6 201.7 199.4 201.4 205.4 212 217.3 221.4 224.9 226.9 227.5 227.9 227.6 227.1 226.7 227.7 230.3 230.4 229.9 227.8 226.6 225.6 225.2 224.7 223.3 223.5 223.2 222 221.3 220.7 219.2 216.1 211.8 207.1
195.6 195.2 194 192.5 190.4 188.7 189.1 188.2 185.8 185.8 183.7 187 187.7 187.2 188.7 190.5 205.4 202.1 208.7 215.9 220.6 224.5 226.9 227.9 227.7 227.3 226.4 223.9 221.2 218.2 214 208.9 204.6 202.1 200.9 202.1 200.6 202.3 205.7 205.5 206.6 208.9 209.5 208.5 206.7 203.5 201.9 204.1 205.4 210.1 216.6 222 225.8 227.9 228.7 229.1 228.7 227.7 226.8 227.2 228.9 232.5 233 232 229.8 227.1 223.4 221.4 220.3 219.6 219.9 221 220.7 219.5 218.7 215.1 210.3 205.3
197 199.4 198.7 197.4 195.8 194.9 194.5 193.1 194.3 197.9 194.9 193.4 195.5 200.4 195.3 201.7 195.8 202.9 209.9 216.8 221.3 224.7 226.6 226.7 226.5 225.1 223.7 220.7 217.8 213.6 209 206.9 207 207.2 205.9 207.7 206.4 204.9 210.2 211.2 211.8 212.5 213.2 212.1 209.5 207.4 205.9 207.7 210.2 210.7 214.4 220.4 224.9 227.1 228.5 228 227.1 225.4 224.5 224.8 225.5 226.1 227.5 227.1 226.7 224 219.3 216.3 214.4 213.7 213.7 216 216.8 216.1 214.2 212.1 208.2 203.8
204.1 203.1 203.1 205 202.4 201.3 200.5 199.9 200.4 204.2 206.3 206.1 204.2 203.7 203.8 201.4 200.3 200.6 207.9 215.1 219.9 223.3 225.4 226.2 225.4 224.5 221.4 218 215.5 212.7 211.8 211.5 214.1 214.4 214.6 215.4 213.1 208.5 215.2 217.2 217.3 217.7 218 216.1 213.1 212.3 209.7 210.3 214.1 215.7 216.5 219.4 223.5 226.1 227 226.4 223.8 222.2 221.2 221.5 221.1 219.9 220.4 220.2 220 217.3 213.5 210.4 208.5 206.7 206.4 207.5 210.2 209.7 207.5 207.4 204.5 201
208.8 209.2 209.7 208.9 208.4 209.1 211.9 210.5 209.6 209 207.7 207 206.1 208.9 208.1 207.8 205.9 204.6 206.8 212.9 218.6 222.4 225 226 225.7 224.3 223.3 221.7 220.8 220 221.3 222.8 224 223.8 224.1 224 221.9 217.4 222.1 223.4 223.7 223.4 222.7 220.7 217.5 216.7 214.1 213.8 217.8 220.8 222.3 222.7 225.2 226.8 226.2 224.6 222.2 219.3 217.9 216.8 215.8 214.4 213.2 212.6 212.3 210.8 207.8 203.3 202.3 199.8 198.9 199.4 200.9 201.1 199.2 200.6 199 196.1
212.1 213.4 216.9 217.2 216.6 217.2 215.3 213.8 212.3 211.7 209.2 209 208.3 212.2 213.6 215.1 216 210.8 208.4 214.8 219.9 223.2 226.1 226.9 227.7 227.7 228.2 228.2 229.5 229.9 230.5 231.7 232.5 232 231.4 230.9 229.5 229.5 228.8 230.7 230.5 229.7 227.5 224.9 222.6 221.6 218.5 216.2 220.7 224.8 226.4 226.7 228.2 228 227.1 224.7 221.7 218.5 215.3 212.9 210.5 208.6 206.9 204.5 202.7 200.8 198.3 196.8 193.2 191.7 189.5 190.1 190.6 191.8 190.9 191.9 190.7 188.1
217 218.9 219.5 219.2 218.5 217.5 217.6 216.3 213.8 211.4 211.3 208.6 213.6 215.8 217.3 218.7 219.9 220.2 212.2 218.7 222.7 225 227.7 228.8 230.2 230.6 231.7 232.8 234.2 235.2 236.9 237.6 238.6 238.3 238 237.5 235.9 232.9 235.7 237.9 238.7 236.7 233.8 230.9 229.1 228.5 224.7 221.4 225.5 229.7 230.9 231.1 231 230.4 229 226.2 223.2 219.3 216.5 213.9 211.8 209.9 209.4 207.6 206.2 204.4 201.6 199.4 198 196.6 194.2 189.9 186.7 182.3 182.8 182.6 182 178.3
218.6 220.1 220.6 218.6 218.1 218 217.1 216.4 215.5 214.7 208.8 216.3 217.3 219.3 223 223.1 223.2 223.7 222.5 221.3 225.6 227.7 229.6 230.9 232.2 233.4 234.6 236.2 237.4 239.3 241.2 242.1 243 243.1 243.3 243.1 241.7 240.1 242.3 244.1 244.6 243.9 240.6 238.3 236.6 235.1 231.4 226.4 231.2 233.7 234.6 234.9 234.2 233 231.4 229 226 222 218.8 218.2 216.7 215.6 216.8 217.6 216.5 214.9 212.9 207.7 203.4 201.4 199.4 196.6 192.2 187.3 183.1 179.4 178.7 177
219.4 220.4 220.7 219.8 219.5 218.3 216.9 217 216.5 215.1 217.8 218.8 220.6 224.3 224.6 226 226.5 226.5 225.9 223.2 226.9 228.8 230.7 232.1 233.4 234.6 235.9 237.7 239.9 242.5 244.4 245.6 246.3 246.9 247.1 246.7 245.9 245.2 246.7 247.9 248.7 248.8 248.5 245.9 244.5 242 237.7 233.9 238.7 240.3 241.4 241.4 240.4 238.2 236 233.1 229.3 225.9 224 222.2 223.3 224.4 225.4 224.5 222.9 221.6 219.4 215.2 209.8 205.8 203.5 200.5 196.1 191.3 183.6 179.2 179.6 182.5
219.7 220.2 220.7 219.6 218.4 217.7 217.7 217.1 216.3 218 219.2 220.4 224.4 224.5 226.7 227.4 228.6 229.2 229.9 229.5 229.5 230.5 231.6 233.4 234.5 235.8 236.9 238.6 240.7 242.7 245.4 246.9 248.1 249.2 249.2 249.2 248.9 249.2 250 250.9 252.4 253.3 254.4 253.7 250.3 247.3 245 243.1 244.4 247.1 248.2 247.9 247.7 245.7 242.7 238.7 235.1 232.8 231.4 231.1 231.1 233.3 233.6 231.5 228.7 225.6 222.8 219.8 216.5 211.3 205.8 201.4 196.6 188.9 180.5 183 187.4 187.4
221.3 221.1 220.8 219.4 218 216.6 216.4 216.5 217.9 219.1 220.6 223.3 225.6 225.7 228.6 229.9 229.5 230.3 230.2 230.2 230.7 231.3 232.2 234.4 236 236.9 237.8 239.2 241 243.3 244.3 246.8 248.1 248.9 248.3 248.9 249.9 250.8 252.4 253.9 255.2 256.6 257.7 257.2 254.2 252.2 250.9 249.3 252.5 254.5 255.6 255.3 255.1 252.9 250.1 245.7 242.6 240 237.9 236.8 236.6 238.3 237.5 234 230.7 228.1 226.2 224.1 220.3 214.3 204.5 199.2 193.8 183.4 183.2 190.9 192.8 192.1
222.8 222.6 221.4 220.2 217.4 215.4 215 215.4 209.9 219.8 222.7 226.2 229.5 232.2 233.7 233.4 232.3 230.9 230.1 229.6 229.4 229.9 230.5 231.9 233.6 234.7 236 237.4 239.2 240.9 243.8 246.1 247.1 246.3 248.1 248.8 250.5 251.6 253.1 254.3 255.6 256.3 256.3 255.8 254.4 253.7 253.8 255.1 257.8 261.3 263.1 262.9 260.5 257.8 255.1 252.3 249 245.9 243 241.2 239.2 237.7 235 233.1 232.1 230 227.6 223.8 219 212.6 203.1 195.6 196.9 199.3 198.5 197 196.1 194.9
225.2 223.6 221.5 219 216 213.8 213.5 213.9 216.7 220 223.4 226.7 229.3 230.6 230.9 230 228.2 226.9 226.4 225.9 226.5 227.8 228.9 231.3 232.6 233.6 234.8 236 237.2 238.4 239.5 240.7 241.8 243.8 248.3 248 249.1 251.2 251.7 252.3 252.9 253 253.5 253.2 252.9 253.4 255.6 258.1 261 263.8 265.6 265.5 263.3 260.2 257.4 254.9 253.2 251.2 249.2 245.9 241.6 236.1 232.9 231.3 229.8 226.9 223 217.3 210.8 206.7 204.7 200 194.2 191.5 196 198.1 199.4 199.5
226.2 222.6 219.5 217.1 214.4 212.2 211.7 213.6 216 218.6 221.4 224 225.5 226.6 226.3 225 223.9 223.1 223.7 225.4 227 228.4 230 232.7 234.2 235.2 236.1 236.7 237.4 238.3 240.1 241.2 243.3 246.7 248.6 247.6 245.1 246.2 246.8 250.8 251.5 251.6 251.9 252 252.5 253.3 254.7 257.8 260.3 263 264.7 264.6 263.5 260.7 259 257.9 255.3 252.5 249.2 244.8 238.1 232.8 229 225.8 221 214.5 212.6 208.5 199.4 191.6 189.5 189.4 190.6 193.3 196.7 199.6 201.7 202
225.6 221.7 218.6 216 213 210.9 210.2 213.2 215.6 217.8 220 221.6 222.6 222.5 220.9 219.6 221.8 222.6 224.1 226.8 228.8 230.6 233 235.3 236.5 237.2 238.2 238.8 239.3 240 240.7 241.8 242.8 244.3 245.7 250.5 251.2 250 250.6 248.3 247.9 249.9 251 251 251.7 252.4 253.4 255.2 257.7 259.6 261.4 260.7 258.6 256.4 254.9 252.6 249.4 245.7 242.4 237.4 230.9 223.9 220.5 218.7 214.1 207.2 199.2 193.1 194 196.4 198.8 198.3 193.2 195.3 197.7 199.9 202.4 204.1
224.5 221.4 218.4 215.8 213.3 210.9 209.3 212.6 216.1 218.5 220 220.5 220 217.3 218.4 219 223.1 225 226.8 228.9 230.8 232.8 235.8 237.9 239.1 240 240.3 240.7 241.1 241.1 241.9 242.5 243.6 245.2 246.8 249 250.7 250.2 250.9 249.8 249.7 249.8 248.5 248.3 250.3 251.5 253.8 253 253.8 254.2 254 252.5 250.7 248.6 246.6 244.7 242.2 234.7 228.5 226.6 224.7 221 215.7 208.9 200.4 196.9 196.4 200.9 204.5 207 206.3 203.6 196.8 196.9 199.2 201.1 203.5 204.9
224.6 221.8 219.3 217.1 215 212.7 206.7 211.8 215.7 217.4 217.1 215.7 214.4 215.8 220.6 224.6 226.7 227.9 229.5 231.8 233.3 236.1 239 241.6 242.8 243 242.6 242.8 242.1 241.9 242.9 243.5 244.9 246.5 247.7 249.4 250.9 251.1 250.6 249.3 249 249 249.3 249.8 250.6 249.3 248.3 247.2 246.5 245.8 246.7 244.9 240.9 238.2 236.4 234.9 232.4 229 223.5 218.1 212.6 206.9 202.2 202.3 202 203.1 206.8 212.6 214.9 213.9 211.8 208.7 200.7 200.2 200.8 203 205.4 206.2
225.6 223.3 220.5 218.5 215.7 212.7 206 207.1 211.6 212.1 208.3 213.5 213.2 221.8 225.5 227.9 230.1 230.9 232.3 233.4 234.4 236.4 239 241.2 242.8 244.4 245 244.6 242.3 242.4 244 245.9 247 247.1 247.8 247.6 248.1 249 248.4 247.7 247.2 248 249.2 250.1 250.6 251.3 252.9 251.7 251.2 248.9 244.3 239.6 232.9 227.8 223.7 220.1 217.4 214 212.2 211.9 210.6 212 213.2 210.9 211.1 215.3 220.7 222.1 221.6 220 216.5 212.1 203.5 204.1 204.7 205.8 207.3 207.9
229 225.5 221.3 217.2 213.7 210.3 202.9 206 204.8 203.6 210.3 212.4 218.8 222.4 225.9 228.2 229.9 229.9 230.8 231.4 232.2 233.2 234.5 236.8 239.6 242.4 243.8 242.4 240.4 241.1 243.4 244.2 244.5 244.4 244.1 244.1 245.5 246 246 244.9 246 247.7 249.2 250.1 251 251.8 252.7 252.6 251.6 248.8 244.3 235.2 235.1 235.6 234.8 234 227.9 219.7 221.9 217.7 222.9 226.4 226.2 224 222.9 225.6 228.5 229.5 227.8 224.7 219.7 213.8 209 209.1 208.6 208.7 209.5 209.2
229.4 224.7 217.9 211.4 208.2 206 198.1 202.7 201.3 208.6 209.2 213.2 217.5 221.1 222.8 223.6 225.1 227.2 227.1 227.4 227.7 228.1 228.6 229.7 230.6 231.3 231.3 231.2 232.5 234.4 237.3 238.3 238.2 238.5 238.7 240.3 241.4 242.6 243 244.8 246.7 248.1 249.4 250.9 252.8 253.6 253.5 253.9 254.2 251.8 244.5 245 246.6 245.9 244.5 240.9 232 229.2 230.3 226.5 234.8 237.6 236.5 235.3 233.8 235 236.2 236.1 234.1 230.1 223.9 214.1 217 214.1 212.3 211.2 211.2 210.5
229.2 219 206.4 194.7 191.1 192.3 194.5 195.5 207 203.5 206.8 210.5 213.4 215.6 215 214.6 214.8 214.7 215.8 216.4 218 218.3 219.7 220.9 222.8 224.2 226.4 227.5 228.4 230.3 231.6 233.7 235.4 237 238.8 239.8 240.4 242.1 244.1 245.8 247.7 249.2 250.7 252.6 254.5 255.7 256.4 258.8 259.2 256.3 255 254.4 254.3 252.4 250.9 243.1 238.4 242 239.9 241 245.6 245.9 245.7 244.8 244.5 244.8 243.1 241.6 239.2 235 226.2 222.7 223.7 220.3 216 213.8 212.5 211.6
222.6 197.7 184.9 186.3 188.3 189.8 205.4 203.5 205.8 203.6 200.9 203.5 204.3 204.8 206.1 208.1 209.5 214 215.8 217.8 218.1 221.3 224 225.5 226.3 227.8 229.4 230.5 232.4 234 234.8 235.8 237.6 238.2 240.4 241.7 242.5 244.3 244.9 247 249.1 250.7 252.4 254.2 256.3 258.9 261.4 264.1 264.8 263.6 262.5 262.7 261.5 260.1 257.1 246.7 250.9 252 249.5 252.4 253.4 253.7 253.1 252.9 252.8 251.7 250.8 247.9 244 239.6 230.7 228.9 229.1 225.6 218.3 215.8 213.7 211.7
