public/OST50/SX69.asc
ncols 200
nrows 200
xllcorner 260000
yllcorner 90000
cellsize 50
[rows 35 to 69 of 200, columns 0 to 77 of 200]
117.2 123 140 149.6 157.1 163 165 164 162.2 159.1 154.4 151.4 150.7 148.2 145.7 143.1 140.7 138.2 135.5 132.9 130.6 128.7 126.6 126.9 129.1 130.8 132.1 134.1 137 138.8 140.5 141.3 140.7 140 140.7 142.1 143.7 145.5 148.5 151.5 154.2 157.4 160.1 162 166.2 170.5 172.8 173.4 175 178.7 184.4 189.7 193.1 194.1 194.4 192.4 191 188.1 185.9 183.6 181.7 179.3 177.7 176.6 175.7 174.5 173 171.8 170.6 170 170.1 170.2 169.3 168.1 165.6 162.8 158.3 154.6
117.7 121.5 139.2 148.2 155.7 161.6 164.8 164.6 163.3 161 157.2 156 153.5 150.7 147.7 144.8 141.4 138.6 135.8 133.5 131.6 129.9 128.5 127.3 127.9 129.6 131.1 132.7 134.2 134.8 136 136.7 139.1 140.6 142.6 143.7 144.8 146.2 148.2 148.8 150.8 154 158.1 161.5 166 172 173.5 177.2 180 181.3 186.5 190.5 193.2 194 193.5 192.7 191.4 189.3 187 184.7 182.1 179.7 177.8 175.6 174.7 171.6 171 168.9 167.9 165.6 165.5 165.2 164.1 162.5 161.2 157.5 155.1 156.7
114.8 121.9 136.8 145.3 151.9 157.7 162.2 164.6 165 163.6 161.9 159.4 156.4 153.2 149.5 145.6 142 138.6 135.6 133.4 132.2 130.9 129.9 129.1 128.5 129.2 130.7 132 132.9 134 135.4 138.7 141 143.1 144.7 145.6 147.5 149.2 149.5 149.7 150.7 155.2 159.1 161.8 166.6 172.6 177.3 181.7 183.3 185.9 189.5 192 193.6 194.1 194.3 192.9 192.1 190.9 189.3 187 184.2 181.4 179.9 178.7 176.8 174.4 172.6 171.3 170.2 168.6 165.5 163.4 163.3 160.6 159.3 157.6 158.4 159.9
119.4 123.9 133.1 139.4 146.1 153.2 159.1 164.3 166.3 166.7 164.5 162.7 158.4 154.5 150.4 146.5 142.4 138.3 134.6 132.7 132.1 131.4 131.2 130.9 130.4 129.6 131.2 132.5 133.4 134.6 136.3 139.1 141.7 144.2 146.9 149.1 151.4 153.2 154.1 152.8 151.6 154.9 159.6 162.3 167.6 173.3 178.5 182.8 185.4 187.9 190.8 192.7 193.8 194.4 194.4 194 193.2 192.6 191.5 189.4 186.9 185 183.9 182.5 180.1 177.8 176.3 174.4 172.9 170.8 168.1 166.5 164.7 161.2 159.7 158.9 162.4 163
121 123.5 133.2 139.5 145.6 151.8 158.5 163.7 167.7 168.6 167.4 164.5 160.2 155.7 150.5 146.4 142.3 138.4 134.9 133.2 131.8 131.6 131.8 131.8 131.9 131.4 130.9 132.9 134.9 136.1 136.6 138.2 140.5 142.9 147.5 150.7 154 156.6 157.7 156.3 154.5 154 157.2 162.7 167.3 172.8 176.5 180.6 182.9 188.6 191.7 193.4 194.1 194.9 194.8 195 194.8 194.3 193.2 191.3 189.5 188 186.9 186.2 184 182.1 180.2 177.6 175.4 173.3 171 168.6 164.4 160 162.9 164.7 165.6 165.6
120.2 123.4 136 142.3 148.3 154.7 159.7 165.7 168.3 169 167.6 163.9 158.9 154.5 149.8 145.9 142.1 138.9 135.6 133.8 132.7 132.5 132.6 132.5 132.5 132.7 131.9 133.3 136.2 138.4 138.7 138.6 139.5 142.9 146.5 150.8 154.1 158.5 160.5 160.1 158 157.8 157.7 159.1 163.5 167.7 171.7 174.4 181.4 185.1 188.8 191.2 193 194.2 195 195 194.8 194.6 193.9 192.7 191.2 190.5 189.4 188.6 187.1 185.6 182.7 180.3 177.7 174.9 171.8 167.9 161.8 165.7 168.4 169.5 169 167.5
122.6 124.2 138.9 144.7 150.1 155.8 159.1 164.4 166.9 168.3 166.9 163 158.5 153.9 149.8 145.7 143 140.8 138 134.8 133.4 133.6 133.8 133.8 133.2 133.3 133.4 132.9 136.7 139.9 141.6 141.4 141.3 141.4 144.7 149.1 153.7 159.6 163.5 164.1 163.4 161.1 161.1 161.3 164.4 167.2 169.7 171.3 174.5 179.7 184.2 186.1 189 191.4 193.4 194 194 193.5 192.7 192.1 191.5 191.7 191.4 191.5 190.4 188.9 186.6 183 179.6 176.2 171.6 166.6 163.5 169.6 172.3 173.2 172.5 170.7
123.3 125.2 139.3 144.8 149.4 154.2 158.2 161.7 165.1 167 166.6 164.3 160 155.9 153 148.8 144.5 142.5 140 137.5 135.3 134.7 134.9 135 134.4 134.6 134.8 133.7 136.3 141 143.3 144.3 144.2 144 143.7 146.3 152 158.3 163.7 165.7 165 163.5 163.2 164.9 167.9 171.6 174.7 175.9 176.8 176.3 178.6 180.1 183.8 187 189.5 191.2 192 192.1 191.8 191.1 190.6 191.9 192.6 192.9 193.1 191.8 189.2 185.8 181.6 175.7 169.9 165.4 169.5 172.7 175.7 176.8 176.2 174.2
123.9 128.3 137 141.5 145.9 150.2 153.6 157.6 161.8 165.7 167.2 165.7 163.8 160.4 156.3 151.9 147.7 143.9 141.6 139.3 137.3 136.8 136.6 136.8 137.2 138.6 137.2 135.8 135.4 140.7 144.9 147.1 147.8 147.3 146.2 146.2 149.1 155.7 159.2 162.6 165.6 165.5 166.3 167.8 170.3 173.6 177.6 179.9 181.5 181.6 181.7 182.9 183.3 185.3 186.9 189.4 191.5 191.5 191.9 190.6 189.2 190.6 191.3 191.8 192 190.6 187.3 183.8 179 173.4 168.5 169 172.7 176.4 179.3 180.3 179.7 178.6
124.2 127.3 132.1 136.7 140.8 144.5 150.6 155.8 161 165.7 168.2 169 167.9 164.8 161.1 156.5 151.7 146.4 143 140.8 139.2 138.1 138.5 140.4 141.6 140.8 141.8 138.2 135.3 140.3 146.1 149.2 151.5 152 151 149.6 148.7 151.9 156.8 160 163.3 166.8 168.4 170.1 172 174.9 179.5 181.7 185.7 186.4 186.7 187.4 187.4 187.3 187.8 190.5 192.2 192.5 192.2 190.4 188.5 186.8 186.3 186.4 186.1 184.2 180.9 178.1 173.7 169.2 169.5 173.1 175.8 179.6 181.8 183.5 183.8 182.3
125.7 127.6 131.3 136.7 141.3 148.1 153.2 158.4 162.2 166.9 169.9 171.4 171.1 168.8 165.5 162 156.9 150.5 144.8 142.8 141.1 139.7 141.6 142.9 144.3 145.9 144.6 142.7 137.5 137.8 146 150.9 154.4 155.9 155.7 154.4 153.2 152.2 153.5 155.5 160.6 166.3 170.4 172.6 174.5 176.9 181.3 182.3 187.9 189.7 190.4 191.4 191.7 191.4 191.3 193.1 194 194.1 193.2 190.7 187.9 185.4 184.9 182.6 179.7 177.5 176.7 176 174.4 172.6 173.5 176.9 179.6 182.9 185.4 186.8 187.1 186.2
125.7 128.7 133.4 136.7 139.6 145 150.7 154.7 158 162.6 168.3 172.4 173.1 173 170.2 167.1 161.5 155.8 150.4 145.5 143.4 142.3 141.4 144.9 147.9 148.7 148.3 145.6 139.8 136.9 144.3 151 155.9 158.7 159.4 159 157.5 155.3 157.3 157.7 156.9 162.3 168.8 173.9 176.7 179.8 184.6 188.7 191 192.8 194.4 195.3 195.8 195.4 195.5 196.4 196 195.4 194.1 192.1 189.7 189.1 188.6 187.1 184.5 182.6 181.5 181 178.4 174.7 176 179.7 183.3 186.7 189.6 191 191.5 191
135.5 128.9 135.3 140.6 145.7 149.4 153.5 157.4 161.5 165.6 169.8 173.1 175.2 175.8 174.5 172.3 167.7 163.4 157.8 152.4 147.4 144.7 141.4 145.8 149.1 150.9 150.1 145 142.9 138.8 139.8 148.2 154.1 158.8 162.5 163.3 162.4 160 161.3 163.3 163.3 160 164.6 170.7 176.4 181.2 185.2 189.8 194.2 196.7 197.6 198.2 198.9 198.7 198.6 198.6 196.4 196.9 195.5 193.4 191.6 191.9 192.1 191.2 188.3 185.9 185 184.9 181.6 177.4 178.4 185.3 189.7 192.9 194.8 195.9 196.3 195.7
141.9 138.9 134 143.7 149.1 153 156.9 160.8 165.1 169.4 173.1 176.5 179.4 180.6 180.7 179 176.4 172.3 167.3 161.5 155.7 146.3 143.6 149.3 151.8 153.1 152.7 150.2 146 140.8 138.9 145.1 151.6 157.2 163.4 166.4 165.4 163.9 164 166.3 168.3 165.8 163.1 167.1 173.1 179 183.2 188 192.1 195.9 198.6 200.8 201.4 201.3 201.1 200.8 199.8 198.5 196.9 195.6 194.4 194.7 195.2 195.2 193.8 190 189.2 189.4 187.3 180.2 183.3 191.7 195.6 198.4 199.8 200.7 200.9 199.8
146.1 147.4 144.8 138 149.1 154.7 158.9 163.4 167.4 172.1 176 179.8 183.7 186.1 186.7 185.6 183.4 180.4 175.6 169.8 162.4 150.7 146.6 151.5 154.4 155.6 154 154.6 151 145.5 139.7 144 151.3 157 163.8 168.7 168.8 167 167.3 169 170 168.5 166 164.4 167.3 173.1 181.3 183.5 187.2 192.3 198.3 201.2 202.8 203.5 203.7 202.7 201.8 200 198.4 197 197 197.4 198.8 198.8 197.9 196 194.8 194.8 191.4 181.2 188.1 195.7 199.8 202.8 203.9 205.1 205 203.7
149.8 151.9 152.8 151.3 143.5 152.6 158.5 163.3 168.2 171.4 176.9 181.8 186.8 190.2 191.8 191.4 189.9 186.9 182.2 175.2 166.7 154.9 149.9 155.2 155.5 159.1 158.8 158 155.1 149.3 142.7 141.5 151.1 158.8 165.1 170.3 171 170.6 170.2 171.9 172.6 172 169.3 167.5 167.4 170.2 175.2 178.9 183.8 188.9 195.7 200.9 204.5 206.8 207.4 205.4 204.3 202 200.6 199.2 199.3 201.6 202.9 203.4 203.3 202.4 201 198.5 194.1 185.9 189.3 197.2 202.2 206 207.6 209.1 209.1 208.1
152.4 155.5 157.4 158.5 158 149.2 154.3 159.4 165.3 169.8 175.5 182.4 188.2 192.2 195.2 195.7 194.9 192.2 187.1 178.9 169.7 157.1 154.7 160.9 161 163.5 163.1 162.1 159.6 155.1 147.5 141.9 147.5 155.6 163.9 170.6 173.8 174.1 174.7 175.5 176.8 177.3 175.3 172.3 169.5 171.8 174.3 179 184.3 188.8 195.6 201.1 205.8 209.6 210.9 210.4 208.6 205.8 203.6 203.3 204.1 207.3 207.5 207.5 206.7 206.5 204 201.1 195 189.7 188.6 197.6 202.9 207.7 210.4 212.8 213.5 213.1
153.7 157.9 161.8 163.7 164.4 162.1 151.7 160.4 166.5 171 176 182.4 189 194.1 198 199.5 199.2 195.9 190 180.2 168.6 150.9 159.6 165.6 166.9 166.3 167.5 166.4 163.4 157.3 150.7 144.6 142.9 152 159.5 167.7 173 175.3 176.5 177.8 179.8 181.4 180.5 177.9 174.9 182.4 177 181.4 187 192.4 196.6 202.4 207.4 211.7 214 213.8 212 209.7 208.7 209.7 211.7 212.5 213.2 213.2 212.2 210.6 206.9 203.5 197.6 196.9 188.8 197 203.7 208.6 211.3 214 214.9 214.7
154.6 160.7 165.8 168.9 169.5 168.5 158.7 162.1 168.3 173.8 178.7 184.2 190.1 195.4 199.2 200.7 200.1 196 188.4 175.8 158.1 157.2 166.8 170.7 171.7 172.2 171.9 170.6 166.5 160.5 153.2 146.9 143.6 149.2 158.6 165.7 171.7 175 176.6 179.1 181.4 183.3 183.8 181.9 179.4 178.2 177.5 180.3 185.5 191.3 195.8 200.9 206.6 211.1 216.1 217.3 215.3 213.1 214.5 216.4 218.1 218.8 218.9 218.5 217 214.7 212 208.9 203.4 201.2 195.9 196.7 204.6 207.4 211.2 212.7 212.7 211.8
156.1 163.1 169.5 172.8 174.1 172.6 167.4 163.9 171.7 177.4 181.8 186.9 192.5 196.7 199.7 200.6 198.2 192.4 182.8 168.5 157.4 166.4 174 176.8 177.3 177.6 176.5 173.6 170.2 164.7 157.6 149.6 145.5 145.6 154.6 162 167.5 171.5 175.3 180.1 183.4 186.5 187.9 188 184.3 183.6 183.2 183.6 185 186.9 190.2 194.9 200.4 206.8 213.3 217.3 218.5 216.9 219.1 221.3 223 223.4 223.4 222.4 220.6 218.1 215.2 212.4 207.6 203.2 197 198.4 203.7 207.2 210.6 211.3 209.7 207
160.5 167.8 172.6 176.5 178.2 176.7 171.1 165.7 176.4 180.6 185 189.9 194.7 198.4 200.4 200.2 195.8 189.7 178.1 158.1 166.1 176.6 181 183.4 182.6 183.5 181.9 178.6 173 166.7 159.6 151.4 148 145.5 148.8 156.7 160.7 169.1 175.3 181.6 186.6 190.1 192.6 193.6 190 192.4 192.4 192.8 193.6 195.3 196.9 200.5 202.4 206 210.5 215.7 220 221.3 223.3 226.2 227.6 227.6 227.1 225.7 223.4 220.6 217.7 213.7 207.8 204.9 205.5 205.8 206.4 209 210.9 211.6 210.5 207.7
165.8 172.5 177.5 181.3 182.6 181 174 171 179.7 184.2 188.3 192.6 196.4 199.6 200.7 199.1 195 186.9 173.7 165 174.8 184.1 187.8 190 190.5 190.1 187.5 183.4 176.8 167.5 161 154.8 149.5 146.5 148.3 153.8 161.3 168.9 176 182.2 188.7 193.7 196.6 185.5 199.1 199.1 199.3 200.4 201.5 203.1 203.3 206.1 207.9 213.8 217.8 220.9 223.1 224.8 226.2 228.5 229.4 229.8 228.7 227.5 223.9 220.7 216.7 213 212.1 211.4 211.4 210.8 211 212.7 214.6 215.4 214.8 212.7
170.1 177 182.4 186.2 186.7 184.5 178.3 173.5 180.7 186.4 189.7 193.8 197.8 201.1 201.5 199.6 194.1 186 170.8 168.9 183.3 190 193.6 195.4 196.1 194.6 190.9 186 179.2 171.8 164.8 158.1 152.3 147.7 150 149.2 154.9 164.1 172 178.8 185.8 192.2 194.6 194.2 203.6 204.7 205.9 208.1 209.4 210 210 211.5 213 217.5 222.8 225.3 227.1 228.1 229.6 230.3 230.7 230.8 230 228.5 226.3 224.1 222.1 220.1 219.5 218.3 217.6 216.9 216.9 218.3 220.1 219.6 220 218.5
173.7 181.5 186.9 189.7 190.4 187.8 182.9 176.7 180.6 186.5 190.6 194.5 197.8 200 199.5 196.7 191.3 183.9 168 175.6 188.6 194.7 199 200.7 200.6 198.2 194.8 188.6 182.1 174.2 166.4 161.8 155.6 148.8 150.9 155.8 152.1 154.3 163.4 171.7 179.6 186.8 186.4 200.4 205.7 209.5 212.3 214.6 216.2 216.9 217.5 219 220.8 222.6 226.4 228.6 230.2 230.6 231.7 231.9 232 231.5 230.8 228.9 228.2 227.2 226.1 225 224.5 224.8 225.1 224.8 224.6 225.4 225.9 225.4 225.4 224.7
178.9 185.8 190.2 193.7 193.4 191.1 187.9 184.2 181 184.2 189.4 193.3 195.5 196.4 194.8 191.2 186 176.3 172.2 180.4 189.6 197.3 202.2 205 204.5 202 198.4 192.5 184.8 179.9 175.1 169.5 160.3 150.1 152.9 159.8 161.4 156.9 155.1 164.1 173.2 181.8 189.2 197.4 204.5 208.9 213.4 216.9 219.2 221.1 222.8 224.1 225.7 228.1 230 231.2 231.8 231.9 232.6 232.7 232.3 231.5 230.2 228.4 227.9 227.1 227.4 227.4 228.1 229 230 230.4 230.6 230.5 230.5 229.9 228.5 228
181 186.8 191.1 194.8 196.2 194.9 192.6 188.8 187.9 186.4 188.4 191.4 193.6 193.2 191.1 187 177.9 176.1 184.3 190.2 195.7 200.3 205 207.8 208.3 206.1 202.4 197.7 193.1 188.5 182.9 176.8 167.2 155.6 153.8 164 168.1 167.5 161.3 157.8 165.5 187.5 183.3 192.9 199.7 204.4 208.8 212.6 217.3 222.1 225.6 227.9 229.6 230.9 232 231.7 231.7 232.1 232.7 232.6 231.5 230.2 229 227.5 226.6 225.6 225.9 226.2 227.3 229.6 231.1 232.2 232.6 232.5 231.7 231.4 230.1 229.1
179.1 185 189.8 194.4 197 197.6 196.3 194.9 193.7 192 192.9 194.2 194.1 193.2 189.3 182.2 179.1 187 192.8 197.5 202.2 206.6 209.2 212 212.9 210.8 208.6 204.4 200.7 196.8 190.7 184.3 176.2 161.5 156.7 169.9 172.9 174.1 171 166.9 181.3 164.4 175.3 184.1 189.7 194.8 199.6 205.1 213.1 219.8 223.9 226.5 229.1 229.8 230.2 231 231.3 231.8 232.2 231.6 231 229.2 227.7 226.1 224.8 224 223.1 223.6 224.9 226.5 229 230.7 232.3 232.7 232.4 231.3 230.1 228.6
175 180.7 186.2 191.9 196.7 198.7 200 199.3 198.5 197.9 197.7 197.8 197 194.7 189.1 188.1 184.6 191.9 197 202.4 207 211.4 214.4 216.7 218.3 218.1 215.2 212.8 209.2 204 197.4 189.8 180.7 164.5 159.3 172.7 179.4 180.3 178.9 175.1 187.8 164.6 165.1 172.3 177.2 182.4 188 197 205.3 213.1 218.8 222.2 223.7 223.7 225.1 226.6 228.5 230.8 231.2 230.8 230.4 228.8 226.8 224.8 222.9 220.2 218.6 220.1 220.9 223.3 226.2 228.7 230.7 231.6 231.4 230.3 228.8 226.7
172.2 179.4 185 191.1 196.9 200.5 202.5 202.9 202.9 202.6 202.6 202 200.4 196.9 193.8 192.1 190.5 189.6 196 201.2 206.1 210.8 215.9 219.5 221.7 223.1 221.4 218.1 213.9 208.8 202.1 193.2 182.8 164.7 161.2 176 183.6 186.7 185.5 187.5 175.9 171.5 168.2 166.4 168.1 172.5 178.1 185.2 193.7 202.6 210 214.2 215.4 216.4 217.2 219 221.2 225 227.6 229.6 229.6 228.4 227.3 225.2 223.5 220.9 218.5 215.4 215 217.9 222.4 225.8 228.1 229.4 229.3 228.5 227.2 225
176.6 181.7 186.8 192 196.9 201.2 204 205.5 205.1 205.3 205.6 205.1 202.7 200.9 198.4 195.9 197 194.5 196.2 201.9 206.6 212.4 217.2 220.9 224.1 223.8 221 216.8 212.4 206.7 200.2 192.3 180.2 159.1 163.2 176 185.9 190.4 191.4 190 186.4 180.8 177.5 174.6 174.9 173.9 171.9 175.4 182.2 190.5 200.1 204.4 203.1 203.7 205.3 207.6 210.8 215.3 221.8 227.4 228.8 228.7 227.2 225.5 224 223.4 220.4 217.7 212.2 213.7 218.3 221.5 224.4 226.3 227.2 227.1 226.3 224.6
178 183.1 187.4 191.3 195 199.1 202 204.3 205.5 206.3 206.3 206.2 206.2 205.2 203.1 203.8 202.4 200.9 200.3 205.7 210.6 215.3 219.1 221.7 221.7 219.3 215.4 211.4 205.3 198.8 193.7 184.4 171.2 160.3 166.1 176.7 185.4 192.1 195.3 195.9 193.4 190.5 187.3 184.6 181.8 179.8 179.8 177.4 176.3 181.1 189.8 191.5 191.6 193.6 196.1 200.1 204.9 211.1 219.7 226.1 227.9 228.3 227.2 225.7 223.7 222.1 220.1 217.3 212.1 208.9 213.1 216 218.9 222.2 224.9 226 225.6 224.3
177.6 183 185.6 188.6 193.4 197 200.7 203.3 206.1 207.8 208.1 209.2 209.8 208.8 207.2 208.6 208.6 205.4 204.4 207.4 212 216.3 220.2 220.7 218.3 213.4 208.4 201.5 194.5 187.1 181.1 173 165.5 164.6 173.3 182.9 189.8 195.9 200.8 201.6 200 198.3 196.5 194.5 192.2 187.9 185.3 183.1 182.8 181.7 182.7 186.1 190.3 196.4 204.3 210.1 212.1 215.7 221.6 225.8 227.3 227.2 226.1 224.6 222.5 220.4 217.8 215 210 204.2 207.8 210.7 213.6 216.9 220.9 222.5 222.4 221.9
171.3 177.4 182.2 186.9 191.5 195.3 196.9 199.6 202.6 204.8 207.5 210.4 210.9 210.3 209.6 211.2 211 208.7 208.8 209.4 212.6 216.1 217.4 215 212.8 207.5 200.1 191.1 185.1 182 178.3 175.8 167.1 166.6 178.4 186.7 194.8 194.4 205.8 207.9 206.9 205.6 204.1 202.8 201.6 198.1 193.5 189.8 188.4 186.9 186.9 193.5 201.7 210 216.8 220.9 221.4 219.6 224 226.9 227.2 226 224.6 222.3 220.1 217.3 214.6 211.5 207.5 200.4 201.7 203.8 206.6 211.3 215.5 217.2 217.3 217.1
168.2 174.5 181.7 186.4 187.7 188.2 190.9 194.4 198.5 202.6 205.9 208.5 210.3 209.8 209 209.4 210.5 211.5 212.4 212.5 213.7 214.1 213.6 209.5 205.5 199.3 197.2 195.8 194.8 195 193.6 187 170.4 169.4 182.3 191.5 199.1 207.2 211.6 213.6 213.5 213.1 212.7 211.6 211.5 209.9 204 199 195.1 192.8 190.6 196.6 207.1 216.2 222.5 227.5 228.7 228.1 226.7 228 227.1 224.7 222 219.4 217.1 215 211.7 208.3 206 203.5 199.5 195.8 199.7 204.4 207.6 209.3 209.8 208.9
167.8 174.1 180.4 181.9 181 183.4 185.7 187.9 192.6 196.8 199.9 202.5 203.9 205.4 205.5 207.3 209.8 212.4 214.3 214.6 214.2 213.5 211.4 208.5 206.1 207.2 208.2 207.8 207.1 206.3 203.9 195.7 174 170.8 186.3 196.8 195.2 212.7 218.6 220.3 220.9 221.1 222.6 223.7 222.5 222.1 217.2 209.8 204.1 201.1 200.4 196 205.3 217 226.1 232.3 235 233.6 230.8 228.4 225.9 223.4 218.7 214.6 212 210.2 207.1 204.8 203.3 201.9 199.3 193.8 194.5 196.7 199.3 200.3 200.9 201.2
