public/OST50/SX73.asc
ncols 200
nrows 200
xllcorner 270000
yllcorner 30000
cellsize 50
[rows 0 to 37 of 200, columns 0 to 83 of 200]
106.1 101.4 97.3 93.6 89.3 85.4 84 83 83 84.3 85.2 85.3 85.4 88.6 93.1 97.9 100.4 100.6 99 95.8 91.8 87.4 83 78 74.2 71.3 68.5 66.7 66.8 69.5 70.5 69.5 68.8 69.1 72.2 75.6 78.8 81.2 83.6 83.4 81.7 78.6 75 72 68.9 68.3 70.7 74.6 75.5 72.8 68.2 62.1 57.2 52 51.4 48 46.6 45.9 44.6 43.3 41.1 38.4 36.1 34.2 33.2 33.4 36 40.3 44.1 44.9 43.7 37.5 29.8 24.8 31.1 36.8 39.1 40.9 40.6 37.4 32.2 28.1 28 35.9
111.8 108.9 106.5 103.6 100.4 97.8 96.1 94.7 95.5 95.7 95.2 95.2 94.9 95.8 98.1 100.6 103.6 105 104.2 101.8 98.7 95.4 91.9 86.8 82.5 79.4 76.7 75.4 76.3 77.7 78.9 78.7 77.7 77.5 78.2 79.8 80.8 81.1 84.2 86.1 85.7 83.8 81.3 78.6 77.1 74.4 78.2 80.2 77.7 73.5 67.2 60.4 54.1 48.5 43.4 38.6 36.1 34.9 35.3 35.5 34.4 32.7 30 27.9 27.1 26.3 28.5 35.1 38 40.7 40.7 35.6 27.2 18.8 19.1 25.3 30.9 34 34.9 32.4 27 19.2 20.7 30.4
114.3 113.9 112.7 111.9 110.1 109.2 107.7 106.3 107.3 107.3 106.8 105.5 104.4 103.7 105.4 105 108 107.4 108.7 108.5 106.5 103.7 100 96 93.1 91 89 88.2 88.3 87.9 87.5 86.5 85.3 84.8 84.3 82.8 77.3 79.5 85.6 87.8 88.8 88.2 87.4 86.6 85.9 85.6 87.2 86.7 83.4 78.8 74.6 69.4 63.5 55.6 48.6 41.1 36.6 30.1 25.9 25.3 25.3 25.1 23.2 19.3 18.4 17.7 26.5 30.6 30.3 35 36.1 33.7 27.5 18.3 10.8 13.2 22.3 27.6 29.3 28.2 23.3 15 16.2 26.4
114.8 115.7 115.7 115.1 114.5 113.8 113.3 113.2 113.5 114.3 114.4 113.1 112.3 111 110.4 108.2 108.7 109.5 109.5 110.1 110.1 109.6 107.1 104.8 102.5 102.6 101 98.5 96.4 94.8 92.8 90.6 88.4 86.7 84.7 80.3 69.6 68.3 78.3 84.5 87.4 88.4 89.6 90.2 90.4 90.9 91.5 90.8 88.5 86.8 84.3 80.4 73 66.4 59 49.6 44.1 38.3 32.9 25.7 22.3 16.2 14.1 12.3 11.9 10.8 16.8 19.4 20.7 26.9 29.9 29.3 26.5 20.5 11.6 4 12.9 20.5 22.1 22.8 16.5 7 15.1 24.3
113.8 115.1 115.7 115.8 115 114.3 114.1 113.4 113 113.5 113.6 112.9 112.2 110.4 109.2 109.4 108.2 108.5 108.9 109.6 111.1 111.8 111 109.2 108.1 106.6 103.9 101.2 97.9 94.2 90.1 87.2 84.1 80 80.1 75.2 62.2 59.5 65.1 76.1 82.9 85.6 87.3 87.6 88.2 90.3 92.4 93.1 93.5 92.1 89.7 86.3 80.9 75.2 69 63.2 59.2 53.2 46.5 38.4 29 18.5 17.9 20 17.6 14 9.2 7.3 8.3 13.7 19.1 21.4 20.7 18.7 13.9 1.7 1.7 12.1 13.6 17.2 1.6 7.3 15.5 30.4
111.2 113.1 114.5 115.4 114.3 112.1 111 110.3 110.1 109.1 110.5 110.6 110.3 108.8 106.2 105.3 104.7 104 103.8 106.2 110.3 112 111.3 110.8 110 108.1 103.6 96.2 90.6 86.6 83 76.5 70.7 69 70.9 69.3 59.6 50.7 53 62.7 77 79.4 80.9 81.2 82.7 85.5 89 92.3 93.8 93.7 93 90.4 87.3 82.6 77.8 72.5 65.3 55 44.2 32.1 25 24 25.5 30.8 29.2 24.5 19.3 12.6 5.8 3.6 2 9.6 10.9 6.9 5.4 1.6 1.7 1.7 8.9 10.5 1.7 9.9 23.2 32.4
106.5 109.8 112.2 113 111.4 108.8 106 102.3 102.7 102.2 103.8 104.8 105.4 103.3 100.3 97.9 96.8 94.7 95.6 104.8 108.9 110.7 110.8 110.8 110 108.4 104.2 97.3 90 81.6 74.1 66.6 61.8 57.9 56.6 53.4 50 46.9 44.6 50.2 65.8 69 66 61.7 64.8 73.4 83.3 89 90.9 91.7 92.4 92.3 91.2 87.8 82.9 76.1 66.6 55.1 40.6 32.4 32.5 35.1 39.8 42.8 42.8 36.2 30.7 25.8 22.4 13.6 3.5 1.6 1.7 1.7 1.7 1.7 1.7 1.7 1.7 1.6 1.7 1.6 13.1 26.5
104.1 107.8 109.8 110.3 108.8 103.7 101.7 98.6 94.9 94.4 95 96.8 96.8 94.8 90.4 90 89.8 87.5 96.2 104.7 107.8 109 109.4 108.9 108.5 107.8 107.3 102.7 93.5 85.2 75.7 69.8 64.3 59 55.3 51.6 49 45.3 40.4 41.7 57.3 55.9 48.1 50.2 55.9 66.5 80.4 84.6 83.4 84.9 88.2 90.8 91.6 89.6 86.1 79.5 70.3 54.9 42.3 41.9 45.4 49.2 55.4 57.6 55.7 49.9 40.8 31.4 26.3 18.1 10.7 4 7.7 9.5 6.6 3.2 2.8 1.7 1.6 1.7 1.7 1.7 1.1 10
100.3 105 108.8 110.1 109.4 103.1 97.7 92.7 88.4 85.8 84.4 85.6 88 84.8 81.4 85.2 83 85.1 95.9 103 106.3 107.2 105.8 106.6 107.4 107 105.3 103.5 96.6 89.4 86.5 82.5 76.6 69.9 65.7 63 60.7 57.8 49.3 37.6 47.1 47.8 40.3 51.8 61.8 72.7 81.5 79.4 70.4 69.4 79.4 85.7 87.2 86.1 85.9 81.3 73.7 63.1 51.5 54.1 60.4 65.2 68.5 67.6 61.9 53.3 43.2 30.2 21.3 16.5 13.8 12.5 17.3 20.3 21 18.9 12.7 8.8 7 2.5 1.6 0.5 -0.3 1
98 101.7 106.2 108.9 109.3 108.3 103.6 96.3 89 84.5 81.3 78.9 78 76.3 75.6 78.1 78 82.6 93.9 100.3 103.7 104 102.4 101.9 103.3 104.1 104.7 104.3 101.1 98.2 96.1 93.4 89.9 85.2 81.4 78.3 74.7 68.1 55.7 41.6 34.5 35.6 34.1 46.3 62 74.2 78.4 74 61.9 62.3 76.2 79.9 80.7 80.2 81.9 82.6 80.8 75.6 64.5 66.2 74.7 77.4 76.8 73.3 65.5 54.1 42.4 31.7 25.9 25 25.3 26 29 31.6 32.9 31.7 25.5 19.4 14.1 7.7 2.6 0.4 -1.6 0.1
97.2 100.2 102.7 106.2 108.2 108.1 106.5 103.5 99 94.5 89.2 82.7 77.9 75 72.2 72.5 75 82.4 92 97.1 99.3 99.5 97.8 95.9 96.7 97.6 103.3 103.8 104.2 102.8 101.1 98.6 96.5 93.8 90.5 86.3 83.1 76.1 64.6 52.1 41.8 33.4 28.1 30.6 49.1 68.2 72.7 65.9 54 60.6 69.5 70.1 68.8 70.4 74 80.3 84.5 83.2 77.6 79.6 83.7 84.3 82.9 79.5 72.4 63.1 49.4 41.4 37.2 37.5 41.8 46.7 46.1 45 44.2 42.1 38.7 30.8 22.2 10.9 2.9 1.3 -1.6 -1.6
95.9 97.9 101.4 103.6 105.4 106.3 104.8 102 99 95.4 91.8 86 79.4 76 71.3 69.8 72.6 80.6 88.9 92.4 93.3 93.6 92.8 90.2 93.4 98.7 101 104.2 104.4 104 101.4 98.1 93.3 89.7 87 83.3 79.6 77.5 71.5 64 56.6 48.2 34.2 26.5 40.9 59 66.3 57.4 48 58.4 61.9 59.6 58 61 72 80.9 87.3 87.2 85.5 86.6 86.2 85.8 84.4 82.3 77.7 71.7 65.3 58.2 57 56.6 57.7 57.9 55.7 53 49.5 44.8 39.9 34.1 25 11 2.6 2.5 -1.6 -1.6
97.9 98.6 100 102.1 103.2 102.1 99.4 96.3 92.7 87.8 85.2 81.4 76.6 73.1 70.4 67.8 70.2 81.3 86.8 88.1 87.5 85.2 83.6 89.4 97.3 101.5 103.4 103.9 104.5 103.7 102.5 98.3 92.9 84.9 76.2 72.6 67.8 63.7 55.1 52.4 48.5 45.3 35.6 25.6 29.7 46 59.4 49.1 41.2 52.8 54.1 50.3 53.8 64.1 75.5 84.2 87.2 87.8 87.2 85.9 83.8 81.3 80.7 80.8 80.5 79.7 77.1 73.9 70.1 66.3 62.9 58.6 53.5 48.5 45 39.4 33.2 26.5 17.3 3.5 2.3 1.6 -1.6 -1.6
102.1 102.2 102.5 103.4 104.6 103.1 100.6 97.9 93.2 89 85.4 84.1 81.5 78.1 72.3 67.8 66.8 75.3 83 83.6 80.3 79.2 84.5 91.2 96.1 98.7 100.2 100.8 101.3 101.8 99.8 96.8 93.5 87.3 78.4 67.7 59.3 50.5 45.5 40.8 36.7 33.3 29.9 26.4 22.9 36.4 48.5 37.5 37.5 46.2 44.9 45.4 53.8 64 75.6 82.4 83.4 83.1 83.4 81.7 78.1 75.3 74.6 77.1 81.1 82.8 81.6 77.7 71.6 66.7 59.2 49.3 39.5 35 37.7 29.8 19.7 10.2 3.1 2 1.7 1.7 1.6 -1.6
104.9 105.4 105.7 105.9 106.3 106.1 104.3 101.2 99.5 97.8 94.1 91.3 88.9 85.8 78.8 69.5 65.7 67.2 77.5 78 75 81.7 86.2 90.5 92.7 93.2 94.1 95.6 99 99.4 97.6 94.5 90.8 87.4 81.9 77.2 68.6 55 53.9 52.2 46.8 44.8 43.3 39 23.5 29.2 35.1 29.7 33 37.4 41.8 49.2 57.8 68 76 78.7 75.8 75.3 77.3 75.6 71.9 66.8 66.8 72.8 78.8 82.5 81.6 77.5 71.4 61.1 51.3 38.9 29.7 24.1 21 15.2 7.9 2.9 1.6 3.2 2.6 2.4 2.5 -1.6
104.4 106.4 106.3 106.4 106.4 105.7 103.9 100.5 97.3 97.6 99.1 99.4 96.2 91.5 85.6 76.9 67 63.2 67.5 70.4 72.4 77.3 81.8 85.2 86.9 85.7 87.7 92.9 96.8 94.9 91.9 87.1 82.1 78.2 77.7 73.1 62.7 64.7 71.2 66.6 61.4 59.5 56.8 49.6 29.9 20.8 25.2 29.9 37.9 41.7 48.9 59.5 69.6 74.6 75.5 73.3 66.4 67.9 71.1 68.7 64 59.7 66 72.3 78.3 82.9 80 75.4 69 63.8 55.2 45.5 32.5 21.6 14.5 10.4 6.5 7.4 7.9 13.2 14.2 9.5 3.1 -1.6
104 105.6 106.8 106.1 105.1 102.7 100.4 96.8 93 93.2 94.8 97 98.7 96.9 90.7 80.8 69.7 64.2 62.7 65.9 68.5 73.5 77 78.4 79 82.6 90.1 97.2 97 94.3 93.2 90.1 85.6 77 72.2 69.2 70.1 79.2 79 75.1 68.4 61.7 57 50.9 37.8 19.2 25.5 39.4 45.8 50.9 58.1 65.4 69.6 72.2 71.9 69.1 61.2 57.5 62.7 58.2 54.1 61.5 71.2 77.7 83.3 84.6 81.6 75.1 72.4 61.1 49.4 40.1 29.4 23.1 19.5 15.4 12.5 12.9 16 18 16.7 8.8 2.1 -1.6
104.9 106.8 107 106 103.9 101.5 100.1 97.1 93 88.7 90.3 93.4 93.2 91.3 88.8 83.2 74.2 65.8 61 62.4 65 69.1 70.4 73.7 79.3 88.9 95.5 98.4 98.6 98.5 96.8 94.4 91 87.9 84.2 78.3 81.6 83.7 80.7 74.7 67.7 57.7 49.8 45.4 33.9 21.6 17.7 22.3 33.6 43.7 57.6 63.9 66.5 69.1 70.2 68.8 62.2 53.1 49.3 46.3 57.6 69.2 78.5 85.4 88.6 87.6 88.6 86.4 80.4 65.2 46.6 39.1 35.2 33 32.7 32.7 33.4 30.5 27.5 22.5 9.7 2.5 -1.6 -1.6
108.3 109.1 108.7 107.6 106.2 104.6 103.2 100.7 97 89.8 86.9 87.9 86.9 83.7 78.8 74.8 71.9 64.2 60.4 60.3 62.7 65 70 75.1 81.7 88.7 95.5 99.3 101.1 102.4 100.5 98.6 96.7 95 92.7 90.2 87 83.4 78.6 72 64.6 52.7 42.4 36 31.2 28.7 24.1 15.3 18.9 38.9 51.4 57.2 61.8 65.6 68.4 66.2 62 53.3 40.2 47.6 58.7 66.9 74.9 79.7 83 85.7 86.1 83.1 78.1 64.6 55.7 54 53.6 50.3 47.9 46 44.2 35.3 22.9 10.5 3.3 2.5 -1.6 -1.6
111.1 111.6 111.3 110 108.7 107.4 105.6 101.9 97.1 91.3 83.9 80.4 79.3 74.4 69.9 68.7 67.1 65.6 62.9 60 60.2 65.7 71.8 77.5 81.7 86.9 93.2 98.9 102.7 103.1 102 100.7 100.4 98.6 96.5 93.9 89.3 83.7 77.9 71.8 65.7 57.5 49.4 47.1 43.9 46.5 39 21 14.3 29.9 36.5 45.2 53.7 59.6 61.7 60.2 58 51.4 35.5 40.8 55 63.6 68.9 73.1 76.5 79.9 81.5 79.9 74.4 67.7 69.5 69.5 67.5 66.9 63.2 58.3 50.3 37.6 18.8 12.1 8.3 3.1 -1.6 -1.6
114.9 114.5 113.7 112.8 111.6 109.5 107.3 104.1 100.2 95.1 88.5 80.4 76.5 79.2 78 77.3 77.9 76.7 70.3 63.2 59.2 59 63.6 80.1 89 90.6 93 95.6 98 98.8 98.1 99.2 100.3 99.7 99 96.3 93.4 87.9 81.1 75.5 70.3 66.2 62.2 59.4 57.1 51.3 36.5 21.9 13.3 13.4 18.9 27.3 39.6 49.9 52 51.8 50.9 48.1 30.2 35.2 47 54 61.6 66.8 73.1 78.8 81.4 81 78.6 77.4 79.1 78.3 76.9 72.9 67.7 60.4 47.5 32.7 26.4 24.4 15.8 6.1 2.7 -1.6
118.9 117.7 116.7 115.7 114.5 112.6 109.8 105.9 100.5 95.2 89 86.1 82 88.3 88.5 87.1 84.5 82.4 78.5 74.5 64.7 58.6 57.7 66.8 81.5 90.6 91 91.8 92.8 93.6 93.4 96.5 99.1 102 104 104.2 104.4 100.8 91.3 84 79.4 75.9 72.3 69.3 65.1 58.7 43.1 31.4 22.6 14.7 10.4 14.2 24.4 37 39.4 39.5 39.4 32.6 26.9 36.7 40.9 50.8 56.1 66.2 74 79.6 84 85.4 83.8 85.2 85.5 82.3 80.3 75.7 67.4 59.7 41.5 38.9 37.6 37.5 36.4 22.4 -1.6 -1.6
122.3 121.2 120.8 119.2 117.9 115.5 111.4 106.4 103.2 99.7 97.1 96.3 89.6 95.5 97 95.4 93.3 89.3 86.2 83.1 73.1 63.8 57.2 58.2 65.9 81.6 85.6 86.7 87.3 87.3 89.3 94.6 98 100.9 104.5 107.5 109.5 110.1 107 99.3 93.5 89.5 82.1 78 73.9 69.5 62.8 53.3 45 30.5 12.2 8.1 13.8 27.3 21.1 18.7 21.1 25 33.8 45 51.5 58.5 61.1 65.5 74.3 80 86.9 88.9 89.6 86.9 87.4 86.6 83.3 77.6 68.8 61 52.8 51.5 50.6 44.7 35.3 21.4 -1.6 -1.6
125.2 124.3 123.4 122.4 120.8 118.3 114.5 111.3 110 108.1 105.2 101.2 96 101.6 104 103.3 99.8 95.6 92.8 87.5 81.1 73.1 65 56.3 56.2 68.6 78.6 80.6 82 80 88.5 92.9 95.6 98.5 101.1 104.1 106.6 108.3 108.9 108.2 107.6 103.6 99.2 90.2 81.7 78 74.5 67.2 57.2 46.6 26.5 11.1 7.3 11 12.8 19.4 27.4 32.8 43.5 55.6 62.8 67.7 69.6 72.5 79.3 85.4 91.5 93.8 92.6 94.3 93.1 91 86.7 81 75.9 69.6 63.5 58.3 47.7 33.5 19.8 -1.6 -1.6 -1.6
126.2 125.8 125.3 124.3 122.8 120.1 117.9 116.8 115.5 112.8 108.9 102.6 105.5 108.5 107.9 106.2 102.5 98.8 95.2 90.6 84.9 77.5 69.3 60.8 55.2 55 66.4 72.6 76.7 75.7 84.9 88.8 92.6 96 99.1 102.2 104.5 105.7 105.1 103.2 99.2 94.8 88.9 82.4 77.6 73.3 68.4 67.9 64.6 51.2 31.6 12.5 7.2 12.8 21.3 30.5 38 47.3 56.1 65 73 79.3 82.6 83.1 88.2 92.9 97.7 100.4 102 101 97.8 94 89.7 85 79 74.1 67.7 55.4 35.6 20.1 3.6 -1.6 -1.6 -1.6
126.7 126.5 126.4 125.7 124.7 122.6 121.1 120.3 118.8 116.7 112.4 110.2 114.5 115.3 112.4 108.7 104.6 101.2 97.7 92.9 87.5 80.8 72.4 65.9 58.9 52.6 52.3 61.4 68.7 70 77.5 82.9 88.3 93.1 96.6 99.3 101.9 103.3 103.3 101.6 97.3 91.2 86.1 79.2 71.1 61.1 51.7 53.6 51.8 43.6 31.5 16.6 7.4 13.8 27.3 39.6 46.2 56.3 66.5 78.1 87.5 95.3 96.5 99.4 101.7 103.4 105.7 106.7 106.5 104.8 101.4 98.7 93.4 87.3 81.3 75.3 69.1 47.3 25.9 -1.6 -1.6 -1.6 -1.6 -1.6
126.8 126.8 126.9 127 126.6 125.8 124.6 123.3 121.8 119.6 117.4 116 119.4 118.8 116.6 113 107.6 103.6 99 93.3 86.8 78.1 68.5 61.2 58.1 54.4 51.5 49.3 55.3 63.1 68.1 76.2 83.7 88 91.7 95.3 97.5 99.3 101.5 103.1 100.2 93.3 86.7 79.2 70 59.2 43 33.8 33.7 28.7 19.8 8.1 6.7 12 31.6 46 58.9 71.3 80.7 90.5 97.7 103.6 108.3 111.4 111.4 110.2 112.8 112.6 112.1 109.3 106.5 101.7 95.2 87.6 80.7 69.1 50.6 33 15.2 -1.6 -1.6 -1.6 -1.6 -1.6
126.4 126.7 126.9 127.2 127 127.1 126.8 125.7 124.8 123.3 121 120.3 122 121.7 120.7 116.9 111.7 106.1 99.7 92.9 85.6 72.6 63.9 61.8 61.3 62.9 59.8 49.7 50.3 54.1 57 68.3 78.1 82.4 86.5 89.3 91.8 94.5 97.1 100.4 101.1 98.6 93.8 82.4 71.8 61.5 43.9 30.6 23.6 16.7 15.1 12.2 7 5.8 12.4 27.1 43.1 55.6 71 84.9 95 100.8 107.3 111.5 114.1 115.1 117.1 115.8 113.2 111.2 105.9 98 86.3 79.1 71.7 57.5 34.8 16.2 -1.6 -1.6 -1.6 -1.6 -1.6 -1.6
125.4 125.5 126.2 127 127.2 127.5 127.6 127.4 127 126.1 124.5 123.7 124.1 123.9 122.4 118.7 113.4 105.8 98.4 88.5 78.6 68.8 69.7 70.2 71.9 73.1 66.4 55.2 48.1 48.2 49.5 53.3 63.5 73.8 79.3 83.2 85.8 89 93.6 96.9 97.3 95.2 90.7 83.4 72.6 59.9 41.3 36.3 31.5 27.8 25.4 19.6 10.8 5.6 4.2 13 29.5 41.8 52.3 67.6 81.8 91.2 99.4 107.6 113 114.1 114.8 112.9 109.3 104 95.7 82.7 69 60.3 50.9 35.2 -1.6 -1.6 -1.6 -1.6 -1.6 -1.6 -1.6 -1.6
124.1 124.1 124.8 125.6 126.2 126.9 127.6 127.9 127.9 127.7 127.1 126.3 125.1 123.5 121.9 118.4 112.7 106.2 96.7 83.1 74.6 74.9 78.8 83.4 82.8 80.1 74.3 61.2 53.4 50.4 47 45.4 50.8 59.3 71.1 76 79.8 83.4 88.9 94.4 97.7 94.7 90 83.9 74.7 60.6 52.3 53.4 48.9 41.8 39.1 34.1 20.3 11.7 6.4 3.6 14.6 27.9 38.1 46.8 61.4 75.7 87.3 95.5 102.3 106.6 108.8 107 102.4 95.5 80 63.8 52.9 39.2 26.6 -1.6 -1.6 -1.6 -1.6 -1.6 -1.6 -1.6 -1.6 -1.6
119.4 121.1 122.2 123.2 124.7 125.6 126.6 127.6 127.8 127.8 127.7 127 124.9 122.8 119.3 114 109.7 100.8 91 82.2 81.3 83.9 90 95.6 93.7 86.1 78.5 70.8 63 60.7 53 45.9 44.5 48.1 57.7 64.2 70.5 78.3 84.9 91.3 95.5 95.7 92 87.8 82.2 74.8 69.9 67.6 62 55.1 51.6 48.5 37 21.4 9.6 4 5.2 16.7 24.4 32.8 41.9 52.7 65 77.2 84.3 90.7 97.3 96 90.8 77.9 58.9 47.7 36.4 26.8 -1.6 -1.6 -1.6 -1.6 -1.6 -1.6 -1.6 -1.6 -1.6 1.7
111 112.9 115.6 120 122.9 123.8 125.1 126.3 127.2 127.7 127.7 127.5 126.4 123.3 117 110.4 99.8 97.5 93.4 90.8 91.5 93.2 100.1 103.8 101.9 93.3 84.7 78.9 72.9 68.3 62.8 52.7 48.1 42.8 45.9 55.9 63.6 70.2 79.7 86.5 92.1 96.1 96.3 91.9 87.6 82.7 79.6 78.3 75 69.9 65.9 63.6 52.6 36.5 16.8 6.9 3.2 3.7 10.4 18.9 29.9 38.3 46.8 58.6 69.5 78.1 84.5 84.5 78.1 58.5 43.7 33.2 26.1 17.4 -1.6 -1.6 -1.6 -1.6 -1.6 -1.6 -1.6 -1.6 0.6 9.9
109.6 101 107.8 116.6 120.1 121.3 122.7 123.7 125.4 126.6 127.4 127.5 126.9 124.5 118.8 112.7 105.4 105.9 104.1 103.4 105.7 108.8 112.5 111.2 107.5 101.2 92.5 85.6 79.7 75.6 70.3 63.3 54.9 47.7 41.4 44.7 56.4 61.6 69.2 79.2 85.9 92.4 97.8 96.5 91.2 87.5 85.2 85.5 85.6 84.6 83.5 78.3 65.9 47.7 28.8 11.7 3.8 2.3 3.2 7.7 17.9 28.1 37.7 50.5 62.7 69.5 75.8 74.2 63.5 45.6 33.4 23.3 2 0.3 -1.6 -1.6 -1.6 -1.6 -1.6 -1.6 -1.6 -1.6 1.3 16.7
98.7 95.2 102 103.8 108.3 113 117.5 120.2 122.5 124.2 125.7 127.4 127.5 125.7 122.1 116.2 113.8 115.5 114.9 114.8 115.6 117.4 117.5 114.9 110.7 104.6 98 91.7 85.6 80.6 74.9 68.4 56.2 47.1 43.2 40.5 43.2 48.9 58.9 71 77.9 84.7 91.8 95.2 93.2 91.5 91.5 92.3 91.8 90.9 91.8 88.8 77 56.9 38.9 23.3 9.4 3.3 2.1 3.5 7.8 17.8 28.9 39.9 50.3 64.4 73.1 71.7 56.9 36.4 19.8 -1.6 -1.6 -1.6 -1.6 -1.6 -1.6 -1.6 -1.6 -1.6 -1.6 -1.6 8.6 26.9
90.4 89.6 95 96.6 98.8 103.6 109.3 114.8 118.6 121.9 125 127.1 127.6 126.8 124.6 122 121.8 122.1 122.2 122.8 122.1 120.9 118.8 115.6 111.2 105.1 99 91.8 84.5 81.1 73.5 63.6 57.3 52.9 49.5 45.7 41.8 39.7 46.7 59.4 67.8 73.7 82.5 88 91.6 94.7 97 95.6 94.6 92.8 90.9 86.7 79.5 69.3 48.7 33.4 18.9 8 3.1 2 2.2 7.5 21.3 36.2 49.3 60.7 68.7 66.6 47.6 25.6 -1.6 -1.6 -1.6 -1.6 -1.6 -1.6 -1.6 -1.6 -1.6 -1.6 -1.6 1.7 14.2 30.5
82 83 88.3 91.4 94.5 98.3 103.5 109.8 116.5 120.9 124.9 127.1 127.9 127.7 127.1 126.3 126.1 126.8 127.5 127.5 126.6 124.5 120.4 115.8 109.2 102.3 96.1 91.5 86 79.5 74.2 69.6 68.1 66.5 59.4 54.7 50.5 41 36.2 40.4 45.4 54.2 68.9 81.8 87.2 90.9 93.7 94.8 94.4 93.9 93.1 91.2 83.5 76.3 62.2 48 30.6 15.5 5.5 2.3 2.4 3.4 8.4 31.3 45.2 55 62.8 58.2 35.5 -1.6 -1.6 -1.6 -1.6 -1.6 -1.6 -1.6 -1.6 -1.6 -1.6 -1.6 0.1 1.7 8.2 27.2
75.6 79.9 84.3 89.1 95.3 101.1 106.3 111.5 118.2 122.1 124.9 127.2 128.1 128.6 128.6 128.3 128.7 128.6 129.1 129 128.3 126.1 122.9 116.9 110.7 105 99.4 93.8 89 85 81.2 78.7 76.6 73.9 69.3 64.3 58.5 50.9 44.7 40.8 34.3 38 52.5 67.9 80.5 86.5 90.9 93.2 93.6 93.3 91.9 89.6 85.1 79.7 73.3 63.8 47.5 26.4 11.1 3.1 1.8 1.6 1.7 1.7 28.1 42.7 46.7 44.4 23.4 -1.6 -1.6 -1.6 -1.6 -1.6 -1.6 -1.6 -1.6 -1.6 -1.6 0.2 1.3 1.7 3.5 13.5
76.9 82.5 88.9 93.9 100.7 108.2 114.3 117.7 120.4 123.3 126 127.3 128.2 128.7 128.9 129.1 129.1 129.8 129.9 129.5 128.8 126.7 124.4 122.3 119.2 115.3 108.7 100 93.6 90.2 87.6 86.1 83.9 81.6 79.5 75.6 70.3 61 52.8 49.2 43.1 35.5 35.8 50.4 64.8 77.9 87.6 91.4 93.8 93.8 92.4 90.6 87.4 82.9 77 69.9 59.6 41 27.4 15.1 1.7 1.7 0.9 0.9 10.6 26.5 31.2 25.8 2.1 -1.6 -1.6 -1.6 -1.6 -1.6 -1.6 -1.6 -1.6 -1.6 -1.6 2.2 12.6 1.7 2.7 6.1
