public/OST50/SX73.asc
ncols 200
nrows 200
xllcorner 270000
yllcorner 30000
cellsize 50
[rows 38 to 75 of 200, columns 0 to 83 of 200]
82.2 89.5 98.3 100.9 108.1 113.4 119.1 122 124 125.3 126.8 127.4 128.2 128.6 128.7 128.9 129 129.4 128.9 129.2 128.8 128.3 127.1 125.3 123.5 120.1 116.8 111.2 101.9 95.9 93.8 91.9 90.7 89.5 89.2 86.7 80.9 72.9 64.6 58.6 53.8 43.3 35.1 35.5 50.2 65.2 77.4 85.6 90.8 94.1 94.1 92.6 89.8 85.6 80 74 66.3 55.9 43 32.6 13.8 1 -0.3 -1.6 -1.6 -1.6 -1.6 1.7 -1.6 -1.6 -1.6 -1.6 -1.6 -1.6 -1.6 -1.6 -1.6 13.2 21.7 28 31.9 20 7.1 3.6
87.4 95.5 104.3 111.8 114.8 117.6 120.7 123.6 125 126.5 126.8 127 127.2 127.6 128 128.5 128.7 128.8 128.9 128.9 128.8 128.6 128.3 127.4 126.5 125.3 123.4 121.1 117.9 112.9 108.7 101 100.2 102 101.1 96.4 90.1 82 74.2 67.1 59.2 51 40.8 29.8 33.2 52.8 60.5 67.5 78.8 90.5 96.8 95.4 92.7 87.8 81.9 78.1 69.2 61.9 51.3 41.1 28.2 1.2 -1.6 -1.6 -1.6 -1.6 -1.6 -0.5 -1.6 -1.6 -1.6 -1.6 -1.6 -1.6 -1.6 -1.6 10 24.2 36.6 46.8 49.5 37.5 21.9 7.7
96.1 105.3 112.8 115.5 118.6 121.2 122.8 123.9 124.6 125.6 125.8 125.8 125.7 126.3 126.8 127.3 127.7 127.8 127.8 127.7 128.4 128.2 128.4 128.4 128.8 127.8 127.2 126.2 124.8 123 121.3 116.8 111.3 113.5 112.7 107.1 99.4 91.3 82.8 76 66.3 56.2 46.9 37.3 26 28 36.9 51.5 64 77.4 90.4 93.9 94 91.9 85.5 77.9 71 61.7 53.7 41.8 30.2 -1.6 -1.6 -1.6 -1.6 -1.6 -1.6 -1.6 -1.6 -1.6 -1.6 -1.6 -1.6 -1.6 -1.6 -1.6 3.3 28.4 46.4 59.9 63.8 55.6 36.4 16.3
113.3 116.4 118 120.5 122.3 123.9 124.1 123.1 121.8 121.5 122.3 122.2 122.5 123.5 125.4 126 126.1 125.6 125.5 125.8 126.5 127.1 128.3 128.9 129.3 129.1 129.6 129.1 128.8 128.1 127 126.1 122.6 122.3 122.8 119.6 117.8 106.1 94.9 87 73.5 62.7 52.4 43.8 35.6 27.2 18.4 29.8 46 62.1 79.3 88.5 89.4 87.1 81.6 74.9 66.7 57.2 41.5 21.5 18.1 -1.6 -1.6 -1.6 -1.6 -1.6 -1.6 -1.6 -1.6 -1.6 -1.6 -1.6 -1.6 -1.6 -1.6 -1.6 2.8 27.1 48.4 61.1 64.1 62.6 44.3 24.1
113.4 115.5 115.9 118.3 120.3 118.8 118.8 118 116 113.1 111.7 112.2 115.2 119.5 122.2 123.4 123 121.3 119.7 119.5 122.7 124.9 127.2 128.7 129.8 130.4 130.9 131.1 131.4 130.9 130.7 130.4 130 128 128.3 127.9 126.3 124.1 119.6 109.5 90.4 73.5 58.6 51.6 45 36.2 27.6 15.6 22 43.6 63.1 81.5 86.9 82.1 73.8 63.3 50.4 38.3 23.2 15.1 -1.6 -1.6 -1.6 -1.6 -1.6 -1.6 -1.6 -1.6 -1.6 -1.6 -1.6 -1.6 -1.6 -1.6 -1.6 -1.6 15.8 32.9 50.7 58.8 62.5 62.1 53.4 35.6
99.5 108.3 109.2 107.3 107.7 106.8 96.2 95.1 96.2 98.7 99.7 100.9 106.2 113.7 116.8 118.8 119.1 116.5 115.9 116.9 119.1 122.4 125.2 127.6 129.1 130.5 131.4 132.2 132.4 132.5 132.6 132.5 131.8 131.8 131.2 130.9 130 128.6 126.7 122.3 112.2 93.3 72.7 59.1 51.7 42.7 33.6 23.3 10.9 24.9 49.1 66.6 79.3 77.1 66 47.3 29.4 19.6 12.9 -1.6 -1.6 -1.6 -1.6 -1.6 -1.6 -1.6 -1.6 -1.6 -1.6 -1.6 -1.6 -1.6 -1.6 -1.6 -1.6 -1.6 22.9 41 51 58 60.5 59.9 56.9 50.1
70.7 84.8 93.7 96.1 94.7 86.5 84.7 85.5 87 89.5 92.3 95 97.5 104.3 108.5 108.1 110.3 112.5 113.9 117 118.1 119.3 122 125.5 128.7 130.4 131.6 132.6 133.2 133.4 133.6 133.5 133.3 132.7 132.4 132.2 131.4 130.2 128.6 126 122.5 115 96.6 73.6 58.2 46.5 38.6 27.6 13.2 9.5 29.1 44.8 55.5 60.4 52.9 33.6 15 1.2 0 -1.6 -1.6 -1.6 -1.6 -1.6 -1.6 -1.6 -1.6 -1.6 -1.6 -1.6 -1.6 -1.6 -1.6 -1.6 -1.6 0.6 30.3 43.5 51.3 56.8 59.6 59.8 59.5 58.5
51.2 57.9 65.2 72.8 76.2 76.6 78.1 79.8 84.9 88 90.8 93.6 96.1 99.1 102.1 105.7 109.5 113.7 120.3 122.9 122.1 122 121.9 124.7 128.2 129.8 131.5 132.9 133.5 133.9 134 133.8 133.7 133.4 132.9 132.4 131.9 129.9 127.4 123.4 117.6 110.6 103 89.6 70.6 54.5 42.6 31 19 8.2 6.8 17.5 27 35.7 30.7 13.4 1.5 -0.3 -1.6 -1.6 -1.6 -1.6 -1.6 -1.6 -1.6 -1.6 -1.6 -1.6 -1.6 -1.6 -1.6 -1.6 -1.6 11.9 30.2 33.8 28.6 39.8 49.1 55.3 59.1 61.1 62 62.3
42.6 48.5 54.6 60.2 65.4 71.4 76.9 82.4 86.3 89.5 92.4 95.8 98.3 100.9 103.6 108.2 116.4 122.4 125.3 127.1 127.1 126.8 125.4 125 127.7 130.1 131.7 133.1 133.5 134 134.1 133.9 133.8 133.5 133 132.4 131.7 129.5 125.1 119.5 113.1 108 99.8 91.6 80.5 63 47.7 37.4 26.8 15.1 6.3 4.3 4 5.5 3.5 2.7 -1.6 -1.3 -1.6 -1.6 -1.6 -1.6 -1.6 -1.6 -1.6 -1.6 -1.6 -1.6 -1.6 -1.6 -1.6 -1.6 -1.6 14.8 33.4 41.6 43.6 46.7 51.7 58.1 61.4 63.7 65.8 66.4
42 51.1 58.6 63.7 69.5 74.9 78.9 85 90.3 93.2 97.2 99.5 101.3 104.8 110.4 118 123.2 125.7 127.8 129.2 129.8 129.8 129 127.4 127.8 130 132.1 133.3 133.6 133.9 134.1 134 133.9 133.5 133.1 132.8 130.1 129.2 124.6 120.7 124.1 121.5 113 103.6 97.7 84.6 64 45.9 36.3 27.7 17.3 9.7 4 2.8 2.6 2.9 2.2 1.3 -1.6 -1.6 -1.6 -1.6 -1.6 -1.6 -1.6 -1.6 -1.6 -1.6 -1.6 -1.6 -1.6 -1.6 0.9 14.7 33.9 43.9 47.3 51.6 56.4 61 64.6 66.7 68.9 70.6
50.5 59.5 65.1 69.5 74.7 81 87.6 98.3 110.3 113.9 111.5 113.2 113.8 115.6 114 118.2 125.1 127.6 129.2 130.4 131.1 131.4 131.3 130.6 130.7 131.4 132.6 133.3 133.6 133.9 134.2 134.1 134 133.5 133.1 132.5 130.7 126.5 124.6 126.6 127.8 126.8 124.4 122.2 117.6 105.7 87.7 62.7 48 38.2 28.8 25.2 16.8 10.8 7.2 9 15.3 25.6 30.1 26.8 13.6 -1.6 -1.6 -1.6 -1.6 -1.6 -1.6 -1.6 -1.6 -1.6 -1.6 -1.6 4.7 22.4 41.5 46.7 48.7 54.5 59.7 63.9 67.4 69.7 71.8 73.8
68.2 77.1 75.9 76.9 80.9 95.6 94.6 98.8 109 118.2 122.8 124.9 125.8 126.2 125 124 123.7 127.5 129.7 131 131.6 131.9 132.1 132.1 132 132.3 132.8 133.4 133.6 133.9 134.1 134.1 134 133.6 133.2 132.5 131 128.9 128.5 129.6 129.4 129.2 128.3 126.6 123.6 116.9 100.8 84.3 70.6 56.9 44.6 37.9 33 28.3 23.9 28.9 36 41.9 39.4 27.9 13.6 3.8 -1.6 -1.6 -1.6 -1.6 -1.6 -1.6 -1.6 -1.6 -1.6 -1.6 7.9 24.3 33.6 38 48 55.6 61.1 66.2 70.1 72.7 74.5 75.6
80.8 91.3 96.5 96.6 106.2 118.7 112.1 108.5 113 117.5 122 126.1 128.1 129.2 129.2 128.6 128.2 128.9 130 131.2 131.8 132.3 132.5 132.5 132.6 132.7 133.1 133.4 133.7 133.9 133.9 133.8 133.7 133.7 133.5 133 132.2 131.6 131.3 130.8 130.6 130 129.9 129.4 127.8 124 118.7 108.4 94.6 79.4 66.3 56.3 48.3 45.8 45.3 50.9 57.8 57.7 46.9 30 -1.6 -1.6 -1.6 -1.6 -1.6 -1.6 -1.6 -1.6 -1.6 -1.6 -1.6 -1.6 1.9 11.6 -1.6 30.3 49.4 55.5 61.3 66.7 71.5 75.4 77.5 78
93.1 109.4 117.3 121.9 124.9 126.2 125.9 125.2 124.3 123.2 123.1 126.3 129 130.4 130.9 130.8 130.5 130.5 131.2 131.5 132.1 132.6 132.7 132.5 132.4 132.8 133.4 133.6 133.7 133.8 133.6 133.5 133.4 133.3 133.3 133.2 132.8 132.8 132.4 131.8 131.1 130.4 130.4 130.2 129.4 127.9 126.2 122.9 119 106.6 91.5 80.1 71 63.5 62.3 68.1 76.9 63.1 48 31.7 -1.6 -1.6 -1.6 -1.6 -1.6 -1.6 -1.6 -1.6 -1.6 -1.6 -1.6 -1.6 -1.6 -1.6 -1.6 27.2 44.2 52.3 59.7 66.2 71.5 76.8 80 79.2
101 112.7 118.7 122.1 124.8 126.6 127.5 128.1 127.9 127.4 126.9 127.5 128.9 130.6 131.2 131.6 131.6 131.6 131.8 132.1 132.6 132.7 132.6 132.5 132.3 132.5 132.7 132.9 133 133.2 133.1 133 132.8 132.7 132.6 132.6 132.5 132.5 132.4 131.9 131.3 130.8 130.5 130.4 130.4 130.1 129.6 128 125.7 122.9 118.5 109.3 97.6 89.4 81.3 78.7 78.2 68.5 47.6 10.2 -1.6 -1.6 -1.6 -1.6 -1.6 -1.6 -1.6 -1.6 -1.6 -1.6 -1.6 -1.6 -1.6 -1.6 -1.6 16.5 29.4 40.6 53.7 63.5 71.2 74 77.1 77
104.1 113.2 117.2 120.9 123.1 125.2 127 128.8 129.4 129.7 129.5 129.9 130 130.7 131.3 131.6 131.8 132 132.3 132.5 132.6 132.5 132.3 132.2 131.8 131.3 131.7 132 132.3 132.5 132.5 132.3 131.9 131.8 131.9 132.2 132.3 132.2 131.9 131.5 131 130.2 129.7 129.6 130.2 130.4 130.4 130 129.2 127.3 124.5 121.2 116.4 108.1 99 90.7 86.9 70.4 44.7 -1.6 -1.6 -1.6 -1.6 -1.6 -1.6 -1.6 -1.6 -1.6 -1.6 -1.6 -1.6 -1.6 -1.6 -1.6 -1.6 9.1 17.4 27.3 36.3 51.9 64.5 70.2 72 71.3
102.7 108.1 115.5 120 122.4 123.9 125.8 127.7 129.2 130 130.6 131 131.2 131.3 131.3 131.4 131.5 131.9 132 132.3 132.3 132.2 132 131.4 130.6 130 129.8 130.4 131.3 131.7 131.7 131.3 130.5 129.9 130.7 131.5 131.8 131.7 131.5 130.9 130.3 129 127.7 127.7 128.6 129.8 130.2 130.2 129.6 128.6 127.1 125.3 122.9 118.8 113.8 110.7 91.9 67.1 43.4 -1.6 -1.6 -1.6 -1.6 -1.6 -1.6 -1.6 -1.6 -1.6 -1.6 -1.6 -1.6 -1.6 -1.6 -1.6 -1.6 0 -1.6 5.1 19.9 27.9 46.8 63.1 63.8 63.7
90.1 101.9 112.5 119.2 121.1 121.9 124.1 126.5 128.6 130 130.6 131.1 131.3 131.5 131.4 131.1 131.3 131.3 131.2 131.3 131.4 131.3 131.1 130.4 129.6 128.4 127.5 128.6 129.7 130.7 130.4 129.9 128.9 127.1 129.8 130.7 131.1 131 130.8 130.3 129.2 127.7 126.1 126.6 128.2 129.3 129.7 129.8 129.7 129.2 128.3 127.1 125.4 124 123.1 121.7 98.2 69.2 38.4 1 -1.6 -1.6 -1.6 -1.6 -1.6 -1.6 -1.6 -1.6 -1.6 -1.6 -1.6 -1.6 -1.6 -1.6 -1.6 -1.6 -1.6 -1.6 4.6 -1.6 27.9 48.2 53.2 49.1
67.5 80.8 88.3 104.2 111.6 117.2 122.1 125.3 127.6 129.7 130.6 131.2 131.4 131.7 131.6 131.3 130.9 130.5 130.3 129.7 129.5 129.3 129.5 129.1 128.6 127.2 125.4 125.2 127.3 128.7 128.9 127.9 126.5 123.7 127.8 129.2 130.1 130.3 129.9 129.2 127.9 125.8 123.7 125.8 127.7 128.5 128.9 129.3 129 128.7 128.4 127.5 127 126.8 126.6 125 101.6 75.1 50.4 0.5 -1.6 -1.6 -1.6 -1.6 -1.6 -1.6 -1.6 -1.6 -1.6 -1.6 -1.6 -1.6 -1.6 -1.6 -1.6 -1.6 -1.6 -1.6 1.1 -1.6 -1.6 15.1 35.9 36.1
57.4 67.9 78.4 88.6 102 114.2 120.2 124.5 127.4 129.2 130.1 130.8 131.3 131.4 131.4 131.3 130.7 130 129.1 128.1 127 126.5 126.6 126.9 126.3 125.9 124.6 122.3 124.5 126.2 126.7 126.1 123.6 120.3 124.5 127.1 128.6 129.1 129.2 128.3 126.8 123.6 121.1 125 126.7 127.5 127.8 127.8 127.6 127.7 127.9 127.6 127.9 128.4 128.7 127.2 116.7 86.2 56.4 34.6 -1.6 -1.6 -1.6 -1.6 -1.6 -1.6 -1.6 -1.6 -1.6 -1.6 -1.6 -1.6 -1.6 -1.6 -1.6 -1.6 -1.6 -1.6 -1.6 -1.6 -1.6 -1.6 -1.6 -1.6
54.7 69.1 80.2 89.9 99.9 108.6 116.8 123.4 127.1 128.9 129.4 130 130.6 130.8 130.7 130.7 130.4 129.8 128.8 127.4 125.8 124.3 122.8 123.2 122.9 122.3 121.5 118.9 121.1 123.5 124.4 123.6 121.4 117.4 119.8 124.9 126 127 127.8 127.5 126.3 123.3 119.5 121.2 124.8 126 126.1 125.6 125.4 125.9 126.2 127 128.4 129.2 129.8 129.8 124.9 98.8 65.8 43.5 -1.6 -1.6 -1.6 -1.6 -1.6 -1.6 -1.6 -1.6 -1.6 -1.6 -1.6 -1.6 -1.6 -1.6 -1.6 -1.6 -1.6 -1.6 -1.6 -1.6 -1.6 -1.6 -1.6 -1.6
44.1 72.9 88 96.2 107.8 118.3 124.4 126.5 128.1 128.5 128.9 129.4 129.6 129.8 130 130.1 130 129.6 128.7 128 126.5 124.6 122.8 121.3 119.5 118.4 117.7 116.8 117.3 120.1 120.8 120.1 117.5 113.5 111.3 115.8 121.6 123.1 124.8 126.1 124.4 121.9 116.8 116.5 121.4 123.7 123.9 122.5 122 123.4 124.5 125.8 128 129.7 130.6 130.9 130 109.8 76.8 49.2 -1.6 -1.6 -1.6 -1.6 -1.6 -1.6 -1.6 -1.6 -1.6 -1.6 -1.6 -1.6 -1.6 -1.6 -1.6 -1.6 -1.6 -1.6 -1.6 -1.6 -1.6 -1.6 -1.6 -1.6
47.1 69.9 92.5 106.8 109.8 111.7 118.3 122.9 124 124.9 126.9 128.2 128.4 128.5 128.8 129.3 129.7 129.5 128.7 128.1 127.5 126.3 124.4 122.2 120.4 118.7 117.2 116.1 114.5 114.2 114.1 113.7 112 108.8 107 106.9 109.2 115.3 119.9 121.8 120.8 117.2 111.4 113.7 118.7 121.2 121.5 119.8 118.5 120.5 123 125.7 128.2 130.2 131.1 131.3 130.5 111.3 81.8 60.2 -1.6 -1.6 -1.6 -1.6 -1.6 -1.6 -1.6 -1.6 -1.6 -1.6 -1.6 -1.6 -1.6 -1.6 -1.6 -1.6 -1.6 -1.6 -1.6 -1.6 -1.6 -1.6 -1.6 -1.6
4.3 41 64.5 70.5 91.1 95.5 102.3 101.2 98.8 110.4 112.7 120.3 122.9 125.3 126.6 128.7 129.1 129.2 128.8 128.5 128.1 127.3 126.1 124.3 122.4 120.6 119.9 118.2 115.8 112.8 110.4 108.5 106.8 104.8 104.4 103.9 103.6 104.1 109.7 113.8 114.7 110.3 106.7 114 118.2 117.4 116.6 116.4 116.1 118.8 122.6 126.7 129 130.5 131.3 131.4 130.9 126 82.3 51.6 -1.6 -1.6 -1.6 -1.6 -1.6 -1.6 -1.6 -1.6 -1.6 -1.6 -1.6 -1.6 -1.6 -1.6 -1.6 -1.6 -1.6 -1.6 -1.6 -1.6 -1.6 -1.6 -1.6 -1.6
-1.6 31.1 35.8 39.7 57.5 70.4 84.9 82.4 77 75 79 95.3 106.9 118.4 124.1 127 128.4 129 129.2 129.1 128.8 128.2 127.3 126 124.2 124.2 124.7 122.5 119.9 117.1 113.2 109.9 108.6 105.7 103.6 101.2 99.5 98.9 99.7 103.2 107.4 103.4 100.3 111.1 113.1 111.5 110.9 112.6 116.4 118.4 123.5 127.3 129.2 130.4 131.2 131.3 130.9 120.7 86.8 54.5 -1.6 -1.6 -1.6 -1.6 -1.6 -1.6 -1.6 -1.6 -1.6 -1.6 -1.6 -1.6 -1.6 -1.6 -1.6 -1.6 -1.6 -1.6 -1.6 -1.6 -1.6 -1.6 -1.6 -1.6
-1.6 -1.6 -1.6 -1.6 -1.6 -1.6 44.1 52.3 51.4 44 63.8 63.4 96.8 111.6 120.7 126.3 127.9 129.1 129.3 129.5 129.4 129 128.4 127.7 127.4 127.4 127.6 127.6 126.1 123.3 119.3 116.3 113.1 110.9 108.5 104.6 99.7 96.8 95.3 95.7 96.7 93.1 92.3 101.7 103.6 103.4 109.5 104 107 102.7 118.1 124.9 127.8 129.5 131.1 130.5 129.5 123.6 83 53.9 28.5 -1.6 -1.6 -1.6 -1.6 -1.6 -1.6 -1.6 -1.6 -1.6 -1.6 -1.6 -1.6 -1.6 -1.6 -1.6 -1.6 -1.6 -1.6 -1.6 -1.6 -1.6 -1.6 -1.6
-1.6 -1.6 -1.6 -1.6 -1.6 -1.6 48.3 -1.6 -1.6 -1.6 27.8 43.9 98.4 111.2 115.9 121.5 126.4 128.2 128.5 129.2 129.3 129.1 129.1 128.7 128.5 128.3 128.3 128 127.8 127.5 125.7 122.2 120.7 119.2 115.6 110.4 104.4 100 96.3 93.6 91.6 89.1 85.9 84.2 88 93.8 97.7 97.1 79.5 78.8 91.8 110.7 124.2 125.7 128.2 129.2 126.8 104.4 74.9 46.7 -1.6 -1.6 -1.6 -1.6 -1.6 -1.6 -1.6 -1.6 -1.6 -1.6 -1.6 -1.6 -1.6 -1.6 -1.6 -1.6 -1.6 -1.6 -1.6 -1.6 -1.6 -1.6 -1.6 -1.6
-1.6 -1.6 -1.6 -1.6 -1.6 -1.6 -1.6 -1.6 -1.6 -1.6 -1.6 66.6 88.1 87.8 95.1 110.8 120.8 113 117.5 125.7 125.9 123.6 124.8 126.9 127.6 127.5 126.1 125.2 126.8 125.3 126.5 126.7 125 117.3 118.1 114 111.6 104.8 100.3 97.4 94.7 92.5 88.9 84.2 77.3 74.2 69.7 65.1 63.6 60.9 62.8 79.4 88.2 106.5 116 122.4 126.8 105.3 70.2 45.3 -1.6 -1.6 -1.6 -1.6 -1.6 -1.6 -1.6 -1.6 -1.6 -1.6 -1.6 -1.6 -1.6 -1.6 -1.6 -1.6 -1.6 -1.6 -1.6 -1.6 -1.6 -1.6 -1.6 -1.6
-1.6 -1.6 -1.6 -1.6 -1.6 -1.6 -1.6 -1.6 -1.6 -1.6 -1.6 47.5 69.8 62.1 73 95.5 118.1 98.7 83.9 89 90.2 86.8 97.1 106.2 114.5 108.4 100.7 92.4 92.1 97.4 100.5 95.6 98.7 95.7 95.8 104.4 109.6 117.8 109 104.6 99.7 97.7 95.1 90.2 84.2 77.3 70.6 62 55.5 51.2 48 50.7 66.7 84.1 85.1 88.7 103.1 108.2 77.6 42.9 -1.6 -1.6 -1.6 -1.6 -1.6 -1.6 -1.6 -1.6 -1.6 -1.6 -1.6 -1.6 -1.6 -1.6 -1.6 -1.6 -1.6 -1.6 -1.6 -1.6 -1.6 -1.6 -1.6 -1.6
-1.6 -1.6 -1.6 -1.6 -1.6 -1.6 -1.6 -1.6 -1.6 -1.6 -1.6 34.9 38.1 38.7 48.9 66.8 93.6 72.4 66.2 63.7 57.2 57.4 60.8 65 67.2 67.5 65.6 63.2 60.5 65.9 72 66.1 68 69.4 76.3 86.2 95.6 106.2 117.6 117.8 117.3 115.5 108.7 105.9 101.6 91.1 78.5 68.2 58.4 48.5 41.3 39.1 40.2 49.4 52.7 51.1 54.2 72.5 72.8 23.5 -1.6 -1.6 -1.6 -1.6 -1.6 -1.6 -1.6 -1.6 -1.6 -1.6 -1.6 -1.6 -1.6 -1.6 -1.6 -1.6 -1.6 -1.6 -1.6 -1.6 -1.6 -1.6 -1.6 -1.6
-1.6 -1.6 -1.6 -1.6 -1.6 -1.6 -1.6 -1.6 -1.6 -1.6 -1.6 -1.6 -1.6 -1.6 -1.6 35 58.1 50.9 40.6 47.1 39.1 35.1 39.3 40.8 41 22.5 38.7 38.3 38.2 34.8 38.4 38.7 40.4 40.5 53.7 64.8 79.5 99 113.3 122.8 124 122.8 119.5 116.7 116.6 114.4 101.5 80.2 64.3 51.2 38.1 29.7 27.7 27.7 -1.6 -1.6 -1.6 -1.6 -1.6 -1.6 -1.6 -1.6 -1.6 -1.6 -1.6 -1.6 -1.6 -1.6 -1.6 -1.6 -1.6 -1.6 -1.6 -1.6 -1.6 -1.6 -1.6 -1.6 -1.6 -1.6 -1.6 -1.6 -1.6 -1.6
-1.6 -1.6 -1.6 -1.6 -1.6 -1.6 -1.6 -1.6 -1.6 -1.6 -1.6 -1.6 -1.6 -1.6 -1.6 -1.6 24 23.6 -1.6 -1.6 -1.6 -1.6 -1.6 -1.6 -1.6 -1.6 -1.6 1.2 -1.6 -1.6 -1.6 -1.6 -1.6 -1.6 8.4 42.9 72.1 98.2 118.4 125.7 126.1 125.8 124.3 124 123.2 121.7 115.7 104.2 86.2 59.9 42.2 27.5 3.9 -1.6 -1.6 -1.6 -1.6 -1.6 -1.6 -1.6 -1.6 -1.6 -1.6 -1.6 -1.6 -1.6 -1.6 -1.6 -1.6 -1.6 -1.6 -1.6 -1.6 -1.6 -1.6 -1.6 -1.6 -1.6 -1.6 -1.6 -1.6 -1.6 -1.6 -1.6
-1.6 -1.6 -1.6 -1.6 -1.6 -1.6 -1.6 -1.6 -1.6 -1.6 -1.6 -1.6 -1.6 -1.6 -1.6 -1.6 -1.6 -1.6 -1.6 -1.6 -1.6 -1.6 -1.6 -1.6 -1.6 -1.6 -1.6 -1.6 -1.6 -1.6 -1.6 -1.6 -1.6 -1.6 -1.6 35.7 68.8 95.4 117.1 125.1 127.3 127.3 126.7 126.4 125.8 124.5 120.3 112.8 96.6 75.9 51.1 29.1 16.2 -1.6 -1.6 -1.6 -1.6 -1.6 -1.6 -1.6 -1.6 -1.6 -1.6 -1.6 -1.6 -1.6 -1.6 -1.6 -1.6 -1.6 -1.6 -1.6 -1.6 -1.6 -1.6 -1.6 -1.6 -1.6 -1.6 -1.6 -1.6 -1.6 -1.6 -1.6
-1.6 -1.6 -1.6 -1.6 -1.6 -1.6 -1.6 -1.6 -1.6 -1.6 -1.6 -1.6 -1.6 -1.6 -1.6 -1.6 -1.6 -1.6 -1.6 -1.6 -1.6 -1.6 -1.6 -1.6 -1.6 -1.6 -1.6 -1.6 -1.6 -1.6 -1.6 -1.6 -1.6 -1.6 -1.6 37.2 59.4 79.1 102.3 126.8 128.4 128.4 127.9 127.4 126.9 125.7 121.7 112.8 100.8 81.5 54.6 23.1 -1.6 -1.6 -1.6 -1.6 -1.6 -1.6 -1.6 -1.6 -1.6 -1.6 -1.6 -1.6 -1.6 -1.6 -1.6 -1.6 -1.6 -1.6 -1.6 -1.6 -1.6 -1.6 -1.6 -1.6 -1.6 -1.6 -1.6 -1.6 -1.6 -1.6 -1.6 -1.6
-1.6 -1.6 -1.6 -1.6 -1.6 -1.6 -1.6 -1.6 -1.6 -1.6 -1.6 -1.6 -1.6 -1.6 -1.6 -1.6 -1.6 -1.6 -1.6 -1.6 -1.6 -1.6 -1.6 -1.6 -1.6 -1.6 -1.6 -1.6 -1.6 -1.6 -1.6 -1.6 -1.6 -1.6 -1.6 2.1 48.2 72.8 103.5 127.4 129.2 129 129 128.5 127.6 126.6 124 117.6 103.1 81.2 53.7 17.5 -1.6 -1.6 -1.6 -1.6 -1.6 -1.6 -1.6 -1.6 -1.6 -1.6 -1.6 -1.6 -1.6 -1.6 -1.6 -1.6 -1.6 -1.6 -1.6 -1.6 -1.6 -1.6 -1.6 -1.6 -1.6 -1.6 -1.6 -1.6 -1.6 -1.6 -1.6 -1.6
-1.6 -1.6 -1.6 -1.6 -1.6 -1.6 -1.6 -1.6 -1.6 -1.6 -1.6 -1.6 -1.6 -1.6 -1.6 -1.6 -1.6 -1.6 -1.6 -1.6 -1.6 -1.6 -1.6 -1.6 -1.6 -1.6 -1.6 -1.6 -1.6 -1.6 -1.6 -1.6 -1.6 -1.6 -1.6 -1.6 38.1 69.2 99.5 126.9 125.6 123.5 122.5 126.2 128.1 126.6 124.3 120.5 106.4 88.5 62 34.7 -1.6 -1.6 -1.6 -1.6 -1.6 -1.6 -1.6 -1.6 -1.6 -1.6 -1.6 -1.6 -1.6 -1.6 -1.6 -1.6 -1.6 -1.6 -1.6 -1.6 -1.6 -1.6 -1.6 -1.6 -1.6 -1.6 -1.6 -1.6 -1.6 -1.6 -1.6 -1.6
-1.6 -1.6 -1.6 -1.6 -1.6 -1.6 -1.6 -1.6 -1.6 -1.6 -1.6 -1.6 -1.6 -1.6 -1.6 -1.6 -1.6 -1.6 -1.6 -1.6 -1.6 -1.6 -1.6 -1.6 -1.6 -1.6 -1.6 -1.6 -1.6 -1.6 -1.6 -1.6 -1.6 -1.6 -1.6 -1.6 29 50.6 77.4 88.2 86.6 86.8 90.9 95.4 118.9 121.8 109.1 114.1 114.7 99.1 75.8 48.8 -1.6 -1.6 -1.6 -1.6 -1.6 -1.6 -1.6 -1.6 -1.6 -1.6 -1.6 -1.6 -1.6 -1.6 -1.6 -1.6 -1.6 -1.6 -1.6 -1.6 -1.6 -1.6 -1.6 -1.6 -1.6 -1.6 -1.6 -1.6 -1.6 -1.6 -1.6 -1.6
-1.6 -1.6 -1.6 -1.6 -1.6 -1.6 -1.6 -1.6 -1.6 -1.6 -1.6 -1.6 -1.6 -1.6 -1.6 -1.6 -1.6 -1.6 -1.6 -1.6 -1.6 -1.6 -1.6 -1.6 -1.6 -1.6 -1.6 -1.6 -1.6 -1.6 -1.6 -1.6 -1.6 -1.6 -1.6 -1.6 -1.6 30.9 44.4 55.9 54.9 53.5 61 65.7 75.1 82.7 86.9 91.8 100.1 108.8 85.9 60.8 39.3 -1.6 -1.6 -1.6 -1.6 -1.6 -1.6 -1.6 -1.6 -1.6 -1.6 -1.6 -1.6 -1.6 -1.6 -1.6 -1.6 -1.6 -1.6 -1.6 -1.6 -1.6 -1.6 -1.6 -1.6 -1.6 -1.6 -1.6 -1.6 -1.6 -1.6 -1.6
