public/OST50/SX74.asc
ncols 200
nrows 200
xllcorner 270000
yllcorner 40000
cellsize 50
[rows 0 to 37 of 200, columns 0 to 84 of 200]
107.9 110.6 109.2 105.5 100.6 98 94.5 91.9 91 90.9 91.7 90.8 88.8 84.8 77.7 57.7 48.9 55.3 64.3 73.6 80 83.9 87.2 87.3 86.2 72.3 62.7 80.2 90.9 95.2 97 99.1 100.8 102.2 103.8 106.7 111.7 115.2 118.6 121.5 123.8 123.7 123.1 121.3 118.7 114.4 108.2 97.5 89 87.8 87.5 92.5 95.6 97.6 99 96.5 90.8 83.4 75.3 65.8 57.8 47.8 33.8 25.4 22.8 21.5 24.3 43.9 62.7 80.5 93.8 97.8 98.4 95.5 93.4 93.2 95.4 97.9 101.7 105.5 108.2 109.7 110.3 109.1 105.7
101.3 104.3 106.3 105.2 98.1 92.7 87.4 80.8 78.1 78 79.9 80.8 80 76.8 72.8 61.5 47.2 53.5 64.4 73.9 77.1 77 77.2 76.6 73.6 64.8 64.1 81.2 84.8 85.5 86.6 87.7 91.1 93.9 97.9 103.3 110.1 115.9 119.4 122.8 123.7 122.6 120.1 117.6 115.3 112.2 106.8 99.2 88.1 77.3 72.5 75.4 83.9 92.1 96 95.3 90.8 83.3 74.4 64.8 53.8 46.1 42.1 34.1 22.4 21.5 27.4 50.2 68.2 80.3 83.9 86.5 88.2 86.5 83.2 83.4 87.6 90.5 97 101.4 103.2 103.9 104.2 104.9 102.4
98.4 102.6 106.3 105.2 104.4 98 89.6 83.1 76.9 71.1 68.1 66.7 65.9 62.9 61.1 54.8 47.9 51.1 64.6 72.2 74.1 72.5 70.3 66.7 63.8 59.7 60.1 66.5 71.4 74.8 77.8 81.3 84.1 90.5 97.7 105.2 112.1 118.1 121.8 123 122.5 119.9 116.6 113.7 110.9 110.1 108.3 103.4 95 84.9 73.3 64.2 68.5 83.1 92.5 93.4 90.3 85.4 76.9 65.7 53.8 44.9 41.3 37.6 22.6 21 29.1 47 58.6 59.8 62.1 67.1 70.3 70.1 70.5 72.9 73.6 76.7 86.7 90.8 94.6 96.2 98.5 101.2 98.3
98.1 102.8 107.8 109.5 112.5 109.8 102.9 93.5 83.1 75.6 69.6 64.3 60 56.7 55.3 51.1 47.1 47.1 59.5 67.8 70.2 68.7 62.9 61.6 59 56.4 57.9 61.3 66.2 69.8 74.1 79.2 85.5 95.4 104.9 112.6 119.3 122.6 123.4 122.1 119.1 114.7 110.4 104 102.3 102.7 105 103.9 100.6 93.8 81.7 66.4 57.1 70 84.3 86.5 83.1 79 70.7 58.6 47.4 39.5 32.7 28.9 21.5 20.5 25.2 35.5 37.6 38.3 43.4 46.3 51.1 54.4 57 61.6 62.9 64.7 69.7 78.1 84.7 89.5 92.2 98.5 97
101.9 107.3 113.3 116.7 118.6 116.2 110.7 102.8 96.3 88.3 79.5 73.3 67.6 64.8 62.7 58.6 50 45.8 51.4 63.4 65.4 64.4 60.9 57.1 55 54 56.8 60.6 66.2 71.3 76.8 88.2 97.6 104.9 110.6 115.5 119 121 120.8 118.3 114.6 108.8 101 91.8 89.1 94.8 98.1 99.4 99.7 96.9 90.6 71.4 52 59.9 69.6 71.4 70.3 67.1 59.7 48.2 37.1 30 24.3 21.7 20.8 20.8 22.9 28.2 32.8 37.3 40.6 42.8 45 47.7 49.8 53.6 56.5 60.8 65 70.1 76.4 85 93.5 99.9 99.5
112 116.4 121.6 121.7 122.4 120 116.9 113.4 108.9 103.7 97.3 91 84.6 79.3 72.4 65.2 54.3 46.7 46.9 57.7 60.2 58.8 56.5 55 52.2 52.7 56.6 60.8 66 74.1 83.4 91.8 97.2 102.5 107.8 111.8 115.6 117.3 116 113.4 108.3 101.9 93 85.4 82 84.3 87.4 89.5 89.3 87.3 83.2 70.8 48.3 51.9 58.3 55.5 52.6 49.9 43.4 33.4 24.4 20.6 20.1 20 20.7 20.5 22.7 31.7 38.7 43.5 45.6 48.1 50.6 53.2 55.9 58.4 61.3 64.7 65.8 71.3 77.5 86 93.9 99.8 100.7
120 123 125.8 126.5 125.3 123.1 120.4 116.8 113 108.1 102.8 96.4 90.5 85.7 80.5 73.2 58.1 46.8 45.7 50.8 51 48.8 49.4 49.9 51.3 54.1 57 62.5 66.8 72.1 77.7 83.3 89.2 94.9 100.9 105.4 111.2 114 113.5 110.3 104.3 97.9 90.1 82.4 74 73.5 73.5 75 75.4 73.5 70.1 61.7 47.5 40.8 42.3 39.2 35 31.3 25.4 20.1 20 19.7 19.4 19.4 19.9 17.7 29.9 38.6 46.5 50.8 53 55.9 59.6 62.1 65.6 68.1 71.2 76 78.6 79.1 83 88.5 95.5 101.6 102.4
123.6 126.8 128.1 127.8 125.9 123.2 120.2 116.4 112.4 107.3 101.4 91.6 86.6 82 77.3 73.2 60.4 46.2 44.5 45.6 47.3 49.3 51 52.7 55.5 56.2 58.2 59.8 65.4 70.1 74 78.2 83 89.5 95.8 101.5 107.3 110.5 109.8 107.4 102.3 95.8 87.1 78.1 70 65.4 63.8 61.2 60 57.9 54.1 46.6 38.9 33.7 30.3 28.6 24.6 23.1 21.5 20 19.4 19.5 18.8 17.7 27.8 34 40.3 48.4 55.6 59 61.9 65.8 72.1 77.6 80.6 80.4 82.1 84 84.8 85.5 86.7 94.1 98.5 103 103.6
125.6 127.4 127.8 127 124.8 122.2 118.8 114.9 109 102.8 95.4 87.2 80.2 73.4 67.2 64.6 55.3 44.1 47.7 58.3 62.1 59 57.6 59.2 61 62.7 63.4 62.9 64.2 66.7 71.7 76.1 81 83.9 93.5 99.1 104.5 107.7 107 105 100.5 91.1 82.4 73.5 64.8 60.7 57.3 54.6 51.2 47.8 43.9 41.5 41.1 39.2 38.3 37.4 36.9 31.8 21.3 19.7 19.2 19 18.9 30.5 38.3 45.9 54 63.5 70.2 73 75.6 80.3 86.4 94.8 98.5 93.4 92.3 92.4 94 96.5 97.2 100 102.1 105.6 106.1
124.1 125.6 125.5 124.5 122.8 120.4 116.6 111.5 103.1 97.4 90.1 84.5 79.1 73.2 65.1 51.1 44.6 43.5 58.7 70.2 78.2 77.5 73.8 70.8 70.5 71.3 71.7 71.4 70.6 71.1 71.8 73.2 77.6 82.8 90.7 96.9 102.1 105.6 105.2 102.4 95.1 86.6 78.5 72 67.1 63.1 62.3 58.9 56.9 56.5 56.5 55.1 54.6 52 48.9 49.1 46.8 35.6 20.8 20 19 20.5 30.9 42 54 65.2 76.5 87.1 91.5 94.2 97.8 101.1 106.9 113.1 114.9 113.9 109.3 110.7 110.2 108.3 106.8 106.8 107.8 111.3 110.7
121.2 122.2 122.4 121.5 120.3 118.5 115.5 109.9 102.7 95.8 92 88.3 85.7 82.8 69 46.7 41.6 54.4 70.5 80.8 85.5 85.5 84.7 83.5 81.7 80.1 79.2 78.7 78 77.6 77 76.1 78.2 83.3 89.5 95.4 100.5 103.9 104.2 101.4 97.3 89.8 85.2 83 78.8 75 72.1 70.2 69.1 69.9 71.1 70.7 68.4 63.1 58.5 55.9 51 37.3 20.4 19 19.4 28.5 44 60.8 75.8 88.5 98.3 103.2 105.1 106.5 109.7 112.8 114 117.9 120.9 121.6 122.3 122.6 120.9 118.4 117 117.5 119.9 119.6 114.2
117.1 118.6 117.5 118.8 117.9 116.3 114.3 110.3 105.8 102.5 101.6 99.1 96.7 91.1 68.9 45.9 41.5 55.8 71 80 83.1 84.7 86.5 87.6 86.7 87 86.7 86 84.5 83.1 82.5 82.9 83.3 86.3 90.6 96.1 101.4 103.8 103.6 103 99.9 95.1 92.9 89.9 87.2 86.2 85 83 82.1 84.4 85.9 82.8 77.8 72.9 68.9 67.6 64.6 48.1 23.2 17.2 20.4 33.6 51.1 71.8 89.7 99.3 103.8 105.6 106.1 105.9 106.6 108.9 112.6 117.3 121.4 125.7 129.6 131.3 132.7 130.7 130.6 129.9 127 122.3 114.9
113.7 115.6 115.4 115.9 114.6 113.4 112.2 110.6 108.7 106.8 105 102.3 98.1 91.2 70.2 46.8 40.1 47.2 64.7 74.9 78.4 82 85.3 88.2 91.2 93.4 95.3 97.5 98.1 94.4 89.6 88.2 88.9 90.7 94.2 98.9 103.5 104.5 103.7 101.3 98.3 95.3 94 94 93.9 93.9 92.7 89.9 89.8 93 92.9 90.3 86.5 84.5 85.6 89 87.9 66.2 41.2 17.2 18.9 32.3 50.7 70.9 89.2 98.7 100 99.8 98.8 99.3 101.1 104.9 109.8 114.7 119.6 124.3 128.5 131.5 132.7 132.4 131.7 129.9 126 119.6 111.7
110.1 112 111.8 111.8 111.4 110.6 110.3 109.7 109.1 107.7 105.8 102.9 97.7 90.1 73.2 49.7 38.6 40.1 55.6 66.9 75.5 81.4 87.6 92.7 99.1 102.1 103.9 105 105.4 106.3 106.8 103.2 97.4 96.9 99.9 103.7 104.6 104.1 102.4 100.3 96.1 90.6 90.8 91.9 93.4 94.1 95 96 97.1 99.2 98.9 96.9 94 93 95.5 96.6 95.6 80.4 55.3 26.2 16.4 25.1 45.5 65.3 83.4 89.3 90.6 91 92.8 93.3 95.4 99.7 105.2 111.2 116.7 120.8 124.6 127.8 128.5 128.7 127.7 126.4 123.2 117.3 108.6
107 108.2 107.7 107.2 106.9 106.9 107.2 107.5 107.5 106.5 104.5 101.3 96.5 87.2 73.4 55.1 41 38.7 56.3 69 77.8 86.8 94.2 101.6 107.7 111.4 113.8 114.8 115.5 116 115.1 112.2 110.2 106.6 105.2 105.5 103.9 101.9 99.9 97.8 92.6 83.8 82.5 87.2 89 91.7 93 95 97.1 99.8 101 101.1 100 99.8 101 102 100.5 88.1 63.5 38.7 17.7 19.3 36.1 55.8 71.4 77.9 80.2 83.4 85.8 86.4 88.1 95.2 102 108.1 113.5 117.4 119.8 122.5 123.6 123.2 122.7 121.5 118.5 114.2 107.4
103.8 105.1 103.9 102.9 102.3 102.8 103.7 103.9 104.2 103.1 101.2 97.5 92.1 78.9 61.5 49.2 38.2 40.4 60.4 74.9 84 91.6 98.5 104.3 108.9 113 115.4 115.9 116.3 116.7 117.1 117.4 116.1 113.5 110 105.8 103.2 98.5 94.6 91.6 87.1 79.6 76.6 76.3 78.9 82.1 86.1 88.5 92.6 95.8 98.6 99.8 100.2 99.7 100 100.8 99.7 92.8 72.1 44.5 24.3 16.3 20.4 37.4 52.4 65.9 72.6 76.9 78.6 78.2 80.5 91.2 98.6 104.7 109.4 113.3 115.8 117.6 118.1 118.3 118.3 116.5 113.9 110.2 103.6
101.6 102.7 101.5 99.7 96.8 97.6 99.5 100.2 99.6 98 95.6 91.8 84.7 67.7 52.2 38.9 35 48.5 67.3 79.1 87.5 94.2 99 103 106.6 110.1 111.9 112.8 113.6 114.7 115.6 116.6 115.7 114.6 112.8 107.8 102.9 98.8 95.9 87.7 82 76.2 71.3 69.6 68.6 68.8 69.4 73.7 81.2 89.4 93.4 95.5 95.7 95.4 95.5 96.6 95.8 93.1 82.8 63.6 44.7 26.1 15.5 18.7 32.9 46.5 60.3 69.7 71.4 68.4 77.2 88.1 95.2 100.7 105.3 109.6 112 113.4 114.5 114.5 113.9 112.9 110.4 104.7 98.9
100.3 100.4 98.5 96.3 93.2 92.2 93.8 94.5 93.4 91.3 88.6 84.4 75.9 57.3 41.6 34 44.9 58.7 72.4 83.9 89.5 93.1 95.8 98.6 101.7 103.9 105.8 106.9 108.9 110.4 111.9 112.4 112.2 111.7 110.2 107.1 103.3 101.4 98.7 97 84.5 77 71.5 68.3 64.4 63.3 62.4 63.2 67.5 79.4 85.7 87.4 88 88 87.4 89.2 90.1 89.3 85.8 75.4 57 39.3 23.6 16.5 17.9 30.2 46 61.3 59.8 64 75.8 85.4 92.1 96.2 101.9 106.3 108.7 109.6 110.8 110.6 111 110 107.5 101.8 95.2
98 98.5 97.7 94.9 90.7 87.4 86.3 87.2 86 82.9 78.2 74.5 65.2 48 34.2 34.7 52 69.7 82 87.3 89.5 90.7 91.3 91.5 94.1 96.9 99 100.4 102.9 105.6 107.3 108 108 107.5 106.3 104.8 103.4 101.4 99.5 95.1 89.2 81 74.8 71 67.8 64.1 60.3 57.9 59.2 65.2 73 76.8 77.4 77.1 78.5 80.8 83.2 83.8 82.3 77.9 71 58.3 46 25.3 15.5 18.1 30.1 41.5 54.4 67.1 76.8 84.1 89.6 96.2 101 104.1 105.7 106.4 105.7 107.6 108 107.2 104 98.5 90.7
96.4 97.5 97.9 96.9 93.5 88.6 80.9 74.4 69.7 64.9 57.1 51.7 50.4 40 32.4 39.5 59.6 74.6 80.7 83.8 85.3 85.4 85.6 86.2 87.7 89.8 92.1 94.3 97.3 100.2 102 102.7 102.3 101.2 101.1 100.9 100.3 100.6 99.8 97.5 93.6 87.4 80.5 75.2 70.4 67 63.9 59.9 55.5 54.2 58.4 62 66.8 67.9 68.5 71 75 76.3 76.1 75.2 74.7 71.5 64.3 50.8 31.2 15.6 20.5 38.1 61.5 72.3 78.9 84.9 91.1 96.9 100.9 103 103.1 102.8 103.4 103.9 104.7 104.1 101 97.2 86.8
95.6 97.9 99.4 98.9 96.2 91.6 86.1 80.3 71 62.6 57.4 52.3 43.7 35.4 30.9 47.5 62.6 70.9 76.4 78.6 79.3 79.4 79 79.7 81.9 83.5 85.9 89.8 92.2 94.1 95.4 95.9 95.9 96.5 97.1 97.7 99.3 98.8 100.3 99.4 96.8 93.8 89.7 85.2 80.5 73.9 69.3 63.5 58.5 51.9 50.3 52.9 56.4 57.8 57.2 59.3 61.5 63 62.9 65.2 67.7 67.3 64.6 56 35.5 16.3 16.1 36.7 60.9 72.2 80 85.9 93 99.3 101.8 101.6 99.8 98.2 98.4 100.2 101 101.6 99.5 96.7 86.7
95.5 98.8 100.3 99.5 96.4 91.8 86.7 81.7 76.3 74.9 71.1 64.2 54.4 34 30.3 46.1 57.1 63.3 70.8 73.3 73.3 72.1 71.6 73.2 75.2 76.1 77.3 82.2 85.6 87.8 88.8 90.2 90.9 91.7 92.6 96 98.5 100.5 102 101.8 100.2 98.1 95.5 92.4 88.3 83.6 76 67 60.3 54.8 50.8 47.3 50.2 50.2 47.5 45.5 42.8 40.8 39.4 42.9 47.1 54.7 56.8 51 34.9 17.2 17.3 37.9 61.9 73.5 80.6 88.8 97.3 100.5 101.2 99.3 96.4 92.6 94.9 97.1 98.6 98.9 97.7 95.2 88.1
96.7 100 101.6 101 97.8 93.6 89 85.9 82.6 79.3 74.6 67.7 57.4 36.6 29.6 32.5 39 47.7 58.3 64.9 65.7 64.8 63.2 65.8 67.5 68.5 69.8 73.8 77.9 80.2 80.9 82.9 84 91 95.5 98.6 100.3 102.4 103.5 103.5 102.7 100.6 98.1 95.9 92.1 87.5 81 72 63.7 58.2 53.7 48.6 45.7 44.1 46.7 51.8 53.1 49.9 44.8 36.9 28.3 31.4 42.1 39.8 25.7 14.1 23.1 45.9 64.6 78.6 87.4 94.3 97.2 98.6 98 95.4 92 90.5 92.2 94.9 95.5 95.3 94 92.1 86.9
98.1 101.9 103.5 102.8 101 97.9 93.1 88.9 84.4 79.2 73.1 66.3 57.9 42.1 32.4 27 27.2 31.8 53.2 56.4 56.8 54.4 52.9 58.1 59.6 59.1 63.3 66.8 69.7 70.6 74.4 81.4 89 94.9 98.9 101.4 102.3 103.3 103.2 103.3 101.9 100.2 99 97.2 94.5 91.1 85.4 80.3 74.2 66.6 59.8 56.6 56.7 56.6 60.6 67.4 69.1 66.4 62.9 55.2 43.5 29.2 21 22.9 16.9 17.1 39.5 54.7 72.7 84.3 89.6 93 94.5 95.2 94.2 91.5 90.8 87.3 89 91.4 91.6 91.5 89.7 87.8 84.4
99.5 103.8 105.6 104.3 102.4 99 94.8 89.6 85 79 72.5 66 59.1 51.6 45.1 38.6 30.7 25.4 32.9 46.6 46.1 40 41.1 44.8 48.9 49.7 54.4 58.5 62.2 68.7 76.2 84.7 92.2 97.3 100.1 103 103.4 103.8 102.6 102.1 100.1 98.4 98.1 97.7 96.2 94.1 91.5 89.1 85 78.4 72.1 71.2 70.8 70.4 72 71.7 70.5 69.1 66.2 61 49.9 39.6 32.8 23.2 13.7 25 47.1 65.3 78.9 85.2 88.8 91.2 92.1 93 91.8 89.2 86.3 83.9 86.3 88.5 88.8 87.3 84.6 80.2 76
99.6 103.3 105.3 104 101.9 99.1 95.2 90.3 85.3 79.4 72.2 65.9 59.7 52.1 48.3 44.8 39.4 29 23.5 38.4 35.9 33.7 37.4 40 44.3 49.9 55.8 60.9 66.7 73.8 80.6 87.9 93.3 97.6 101.4 103.8 103.7 102.6 100.5 98.9 97.1 94.5 94.3 95.4 96.2 95.4 94.1 92.6 89.9 86.8 83.5 80.2 77.8 76.3 73.9 67.7 62 58.2 56.8 52.8 41.9 32.1 22.3 15.8 14 35.5 60.9 72.1 79.4 84.4 87.5 89.9 89.8 90.1 88.4 85.8 82.5 82.1 84.5 85.4 84.6 82.1 76.2 66.8 63
100 101.4 102.7 101.9 99.7 96.5 92.6 88.5 84.1 79.1 73.7 70.2 68.5 66.5 64 60 49.9 32.9 24.5 26.1 29.3 36.1 40.9 44.3 46.9 52.8 58.5 65.8 73.6 79.1 84.9 90.5 95.9 100.1 103.4 103.7 102.6 99.6 94.3 92.1 87.2 86.1 87.5 92.8 96 96.2 95.4 93.9 91.7 88.4 84.2 80.5 76.9 73.1 67.7 59.6 51.4 44.5 40.2 38 33.2 21.4 16.1 15.1 23.7 46.8 64 73.1 79 83.5 86.7 87.9 88.4 88 86 82.8 78.8 79.9 81.8 81.8 80 73.7 62.7 54.4 45.7
97.3 98.7 100.4 99.6 96.9 93.8 90.5 86.4 82.5 78.4 76.6 75.4 74.7 73.4 71.8 68.5 63.3 43.6 25.8 23 35.4 42.4 47.9 50.6 54.5 58.4 61.7 68.1 75.4 82.7 88.1 92.6 96.5 100 102.8 102.2 100.5 96.6 91.7 88.2 83.5 78.5 82.1 90 95.2 96.4 95.7 93.9 91.1 87.4 82.8 78.2 73.3 67.4 58.6 49.6 42.8 34.2 28.6 24.2 17.9 16 15 12.8 32.5 52.2 64.5 72.4 79 82.3 84.4 85.8 85.4 84.8 83.1 79.2 74.3 77.6 78.3 77.5 74.8 64.2 50 42 45.2
93.7 96.5 97.9 97.2 95.1 91.4 86.4 84.5 82.8 81.2 80.2 79.6 79 78.8 77.4 73.8 66.4 50.7 33.8 21.5 34.2 47.1 55.1 59 63.4 67.5 71.2 72.6 76.8 82.8 87.8 93 97.4 101 102.6 102.5 100.9 97.7 94.8 90.2 85 75.9 75.7 87.8 93 94.6 94.2 91.8 88.3 84.6 80.4 75.8 71.5 65.2 57.7 53.7 48 38 26.8 18.8 16.5 14.8 14.5 19.4 33.3 52 63.9 73.2 77.6 79.5 81.1 81.6 81.6 80.8 80.1 76.6 70.2 74.9 74.8 72.4 66.6 51.6 40.3 43.9 59
90.1 92.6 94.5 92.2 90.5 87.8 80.6 75.9 82.1 81.4 82 83.8 83.9 82.8 80.9 75.1 59.1 43.4 26.1 20.6 34.7 50 60.3 65 68.7 72.1 76.7 79.9 82.4 86.3 91.1 94.9 98.8 102 103.4 103.6 101.1 98.6 96.6 92.2 84.4 71.8 69.8 84.7 89.8 91.5 90.7 88.4 84.7 80.9 77.2 73.9 70.3 66.9 62.8 58.2 51.5 37.1 18.2 15.6 15.1 14.4 12.4 22.1 37.3 52.8 64 71.8 74.7 74.9 75.4 76.2 77.2 77.1 76.8 74.1 62.9 68.9 69.9 65.9 55.1 39.8 38.3 55.3 71.1
87.6 90.4 91.8 90.6 87.6 83.1 76.3 63.1 62.3 68.7 78 81.9 82.4 81.9 80.4 71.1 50 30.9 18.5 22 37.4 54.2 63.6 68.4 72.3 76 80.2 84.2 87.7 90.8 95.3 99.4 102.8 106 107.7 105.9 102.4 100.3 95.6 89.2 83.2 67.9 67.8 79.5 85 87.1 86.7 84.9 80.9 76.5 72.9 69 65.9 63.5 62.3 60.2 55.1 41.9 17.7 14.4 14.3 14.4 19.9 27.8 41.6 55 63.5 67.3 66.6 62.8 60.2 63 70.5 72.3 73.9 72.5 58.5 61.1 65.1 56.9 42.8 36.1 46.6 64.3 79.1
85.2 87.5 90.1 89.5 84.8 77.4 69.6 57.9 51.3 52.5 60.1 70.6 73.1 73.3 71.8 59.1 41.1 20 19 31.3 48.6 59 65.4 70.3 74.7 78.8 82.8 87.4 91.9 97.3 103.7 108.1 111 111.5 109.9 106.6 102.7 98.5 92.2 85.6 80.5 68.4 57.9 65.9 78.7 81.4 81.8 80.5 76.5 71.5 63.8 58.6 55.5 55.5 55.5 55 51.9 43.5 20 13.9 13.6 14.6 20.9 32.1 43.1 52.2 52.4 52.1 47.7 41.3 38.3 41 46.6 61.1 67.9 69.8 61.4 49.4 54.9 38 33.5 39 56.5 71.9 84.9
80.8 84.1 88.3 88.9 86 79.7 70.4 60.2 50 43 41.4 54.1 59.5 61.2 60.4 48.5 23.4 16.8 23.3 38.6 51.1 61.8 66.4 69.8 74.4 79.3 84.5 88.7 93.7 99.9 106.1 110.7 112.3 111.7 108.3 104.4 99.8 95.5 89.9 83.5 79.8 72.8 55.8 54.9 67.4 73.7 76.1 74.7 70.7 65.3 58.1 44.5 40.9 39.6 41.2 42 39.3 31.7 15.3 13.4 13 21.7 29.9 39 38 32.9 32.1 30.3 28.8 28.6 29.4 31.5 34.2 41.9 55.6 60 58 40.5 32.3 32.3 39.2 44.6 56.2 71.8 86
77.5 83.7 88.3 90.1 88.7 84.6 79.2 70.8 58.9 44.6 35.4 40.5 44.8 44.2 44.7 31.5 16.1 23.1 35 41 49.6 57 63.1 67.6 72.9 78.1 83.5 88.7 93.4 99 105.7 109.7 110.9 109.5 105.8 101 96.1 90.5 85.1 80.7 77 68.2 53 48.8 60.5 67.8 68.5 67 62.6 55.2 43.3 32.3 24.8 22.3 22.3 23.1 22.8 17.5 13.3 12.2 20 27.8 33.4 30.9 26.2 18.8 18.6 19.5 20.8 22.8 24.1 24.9 27.1 29.7 35.3 41.7 39.4 31.2 31.4 35.9 40.8 46.2 64 71.5 72.5
80.5 87.5 90.6 91.2 90.6 87.4 82.3 74.7 63.6 49 34.2 29.6 35.6 29.6 22.7 15.9 16.2 29 39.6 49 58.6 65.2 70.4 75.1 78.2 82.9 87.2 91.1 95.2 100.5 105.6 109.6 109.5 108 104 98.4 90.7 86.2 81.5 77.1 74.2 66.5 53.4 41.5 56 59.1 58.2 54.3 48.3 36.6 21.5 13.8 12.5 12.1 12.7 12.7 13.5 13.7 12.8 18 16.9 15.7 15.5 16.7 17.2 18 20.2 20.1 20 21 22.1 22.3 23.3 24.8 26 27.2 28 29 32 40.4 48.4 56.1 68.8 96.8 92.5
83.2 88.8 91.4 92.7 92.1 89.8 85.1 77.4 66.3 49.9 31.9 23.1 28.9 20.3 14.8 13.9 19.8 33.2 45.6 58 70 77.5 82.9 86.1 88.3 92 94.8 98.5 101.4 104.2 107.9 110.9 110.7 107.8 101.6 95.6 89.7 82.5 74.6 69.7 67.4 62.1 51.6 33 42.7 47.6 43.2 38 31.2 13.4 8.8 10.9 10.8 9.4 11.9 12.3 12.1 10.4 15.7 14.4 16.1 16.6 19.5 25.5 25 26.1 25.8 23.3 23.5 24 25.3 25.6 26.4 26.2 27 28.3 29.8 31.1 37.8 50.1 60.8 68.6 81.6 103.4 103.9
84.2 89.4 91.1 92.3 92.1 89.9 86.3 79.6 69.4 52.6 38.9 28.1 19.1 15.2 12.6 14.4 18.6 35 49.3 64.4 75 81.6 86.9 91.3 94.7 95.9 98.3 101.8 104.6 106.7 109.1 110.9 110.4 107.1 102.4 95.5 88.3 82 70.7 61.5 59.9 57.7 45.5 28.4 32.5 35.4 31.7 25.9 16.7 10.5 10.5 10.8 11.1 13.2 12.5 12.6 13.7 23.8 16.8 22.3 31 32.5 35.9 39.3 41.2 41.7 40.3 38.5 32.1 31.9 31.7 29.9 27 28.3 29.7 30.8 32.6 36 47 59.9 72.2 87.4 90.5 101 110
84.2 87.8 88.7 89.5 89.3 88.5 86.1 81.1 73.4 64.6 57 43 24.1 14.2 11.6 14.4 18.6 29.1 46.8 63.2 74.3 81.8 87.3 92.1 95.9 97.2 99.3 102.1 104.7 107.4 108.8 109.3 109.2 106.6 101.2 95.5 88.4 80 67.3 50.3 48.2 50.8 42.2 28.5 19.6 21.7 18.4 13.4 10.3 10.1 10.9 16 24 30.8 33.4 26.8 35.2 29.4 22.2 28.5 38.2 42.1 43.1 46.9 50.4 54.5 57 56.3 49.9 41 36.7 33.5 28.7 32 35.5 36.3 37 40.9 51.8 64.9 77 92.7 102.5 109.3 115.6
