public/OST50/SX74.asc
ncols 200
nrows 200
xllcorner 270000
yllcorner 40000
cellsize 50
[rows 152 to 189 of 200, columns 85 to 169 of 200]
-1.6 -1.6 -1.6 -1.6 -1.1 -0.4 0.3 0.9 1.6 1.7 5.6 10.1 13 15.7 16.4 14.9 10.8 4.4 2.8 3.6 4.7 5.4 7 9.4 11.2 13.8 15.8 18.3 21.2 24.5 28 31.2 34.6 38.2 39.5 39.7 39.1 38 35.7 31.5 31.2 32.6 21.5 19.4 15 11.5 7.3 4.8 5.2 6 7.8 6.7 0.9 -0.2 -1.6 -1.6 0.5 1.3 2 4.7 6.6 8.5 15.9 21.8 22.1 20.7 21.4 21.8 21.3 21.4 22 22 21.8 20.3 19.6 19.4 21.4 26.5 28.9 30.2 30.7 31.8 32.9 34.9 37.1
-1.6 -1.6 -1.6 -1.6 -1.6 -0.3 0.3 1.1 1.7 11.3 13.8 16.4 18.1 19.5 19.1 16.5 13.1 5 1.1 1.4 2.9 5.1 7 9.1 11.4 13.7 16.5 20.3 23.9 27.9 31.4 34.8 38 40.6 42.6 43.6 44.1 42.8 39.9 38.3 39.4 30.5 30.5 33 32.6 23.8 18.6 11.5 6.1 1.6 1.7 1.6 0.3 -1.6 -1.6 0.5 2.2 6 7.5 9.1 13.8 21.2 30.2 32.7 33.7 33.4 33.5 30.6 28.7 27.6 29.1 29.5 29.1 26.2 24.6 23.1 25.3 32 36.2 37.3 40.2 39.8 41.1 43.1 44.5
-1.6 -1.6 -1.6 -1.6 -1.6 0.2 1.3 1.6 12.3 16.6 19.6 21.8 22.4 21.4 19 16.1 12 1.9 0.8 2 4.9 9.1 12.6 14.8 17 18.3 18.5 22 26.1 30.8 35.4 38.8 41.8 44 46 47.3 48 47 45.9 44.5 41.5 41.2 41.3 41.7 39.1 35.9 31.8 26.5 19.7 9.5 1.6 0.3 -1.6 -1.6 0.3 1.7 7 10.8 13.5 18.9 27.5 36.8 40.9 42.4 45.1 46.1 43.8 41.1 42.1 41.8 42.6 43.3 41.7 37.6 29.8 26.7 30.9 41.7 48.4 51.8 57.9 53.3 54.6 60.7 62.2
-1.6 -1.6 -1.6 -1.6 -1.6 0.7 7.6 10.6 15.2 19.1 22 24 23.4 21.5 18.1 12.8 8.1 1 0.6 1.7 9 14.2 18.3 20.6 23.6 26.6 23.8 23 27.7 32 36.6 41.1 44.7 47.4 49.4 51.1 52.3 53.1 53.9 56.2 56.8 55.2 53 51 49 45.5 40 33.2 26.7 17.3 1.3 -0.2 -1.6 1 5.5 8.6 12.5 17 20 26.5 35.3 43.5 49 52.4 54.3 55.1 54.1 54.2 55.5 55.8 55.6 54.3 51.5 42.2 31.1 31.5 42.3 53.2 59.1 65.8 70.3 67.4 69.6 73.5 71.2
-1.6 -1.6 -1.6 -1.6 -1.6 0.4 1.8 10.3 15.3 20.3 24.2 25.5 24.3 21.2 16.6 10.9 5.6 0.2 0.5 8.8 14.8 20.7 24.7 27.1 29.9 30.1 27.3 25.5 28.3 32.9 37 42.4 47.8 51.1 53.9 56.2 57.2 58 58 58.7 57.2 55.3 52.5 50.8 48.1 44.7 39.7 33.2 26.2 15.5 1.1 -1.6 -1.6 6.8 11.9 14.8 18.9 22.9 27.7 32.4 39.1 46.6 53.9 57.9 59.9 61.4 62.1 62.7 63 63 61.8 59.7 53.6 41.8 42.6 55.7 55.2 69.6 79.4 79.2 78.6 77.1 78.2 83.3 87
-1.6 -1.6 -1.6 -1.6 -1.6 0.1 1.4 8.4 15.5 22 25.1 25.7 23.6 20.7 15.7 9.4 0.6 0.4 2.2 12.2 19.5 25 29.6 33.3 35.8 34 31.1 30.3 33.7 36.3 41.4 46.9 51.9 55.2 53.9 58.2 58 55.7 53.9 52.8 51.9 50.6 48.3 45.5 43.7 40.4 36.1 30.1 23 9 -1.6 -1.6 6.3 12.3 18.5 21.5 25.4 32.2 36.9 39.7 46.2 51.6 56.5 61.9 66.3 69.9 70.2 69.9 69.8 67.8 66.5 58.4 46.8 42.2 46.6 59.4 59.7 72.8 84.1 85.9 86 84.1 82.6 85.6 88.2
-1.6 -1.6 -1.6 -1.6 -1.6 0.4 1.7 12 19 24.6 26.1 25.6 22.5 18.6 13.6 7.2 0 -0.3 1.9 14 21 26.6 31.5 35.7 38.1 37.3 35.9 36.4 38.9 40.7 43.3 45.5 48.8 51.6 52 52 51.2 49.6 48.2 47 45.9 44.2 42 38.8 36.4 33.9 30 24.4 14.9 -1.6 -1.6 1.5 10.6 16.9 22.4 26.8 32.3 39.1 43.3 49.3 56.9 61.8 64.7 67.5 72.5 75.2 75 74.6 70 65.6 64.6 65.6 55.6 50.9 53.5 60.8 69.4 72.3 85.2 87.6 86 84.9 85.7 87.5 89.4
-1.6 -1.6 -1.6 -1.6 -0.4 1.2 10.2 17.9 24.6 27.3 27.2 24.7 20.8 15.4 10 0.6 0 -0.3 9 15.1 21.7 27.3 32.6 37 40.5 42.2 41.8 41.5 41.2 41.1 41 40.7 41 41.2 41.2 41.2 41.2 40.6 40.2 39.8 39.3 37.9 35.4 32.1 28.4 25.8 23.3 18.5 2.2 0 -1.6 1.8 15.4 22 27.8 33.5 40.3 47.6 54.1 59.8 64.1 67.6 69.9 72.6 75.4 77.2 77.9 76.9 66.7 65.8 64.6 63.3 60.9 58.3 47.8 55.2 71.1 77.1 80.8 83.1 83.9 83.5 84.6 87 89.2
-1.6 -1.6 -1.6 -1.6 -0.1 1.5 12.4 20.1 26.1 27.9 26.5 23.2 19 13.1 7.5 -0.3 -0.3 -0.3 4.6 14.1 20.4 26.9 33.2 38.5 42.8 43.8 42.8 41.4 39.9 38.1 36.2 34.7 34 33.2 32.6 32.8 33.3 32.5 32 31.3 30.9 29.6 27.4 24.4 21 17.5 15.5 9.9 0.7 -1.6 -1.6 9.9 17.2 24.9 33.4 40.7 46 53.1 59.9 65.1 68.5 71.3 74.5 78.7 81.9 82.4 81.5 80.5 78.2 78.7 78.6 78.1 75.4 70.9 47.5 52.1 65.9 74.4 78.6 79.3 79 79.9 83.3 86.8 89.8
-1.6 -1.6 -1.6 -1.6 -0.2 1.1 11.4 20.4 25.5 26.4 25 21.6 17.1 11.3 5.6 0.8 -0.5 0 9.2 15.3 21.3 27.3 33.4 38.4 41.7 42.1 40.7 38.4 36 33.4 30.6 28.9 27.9 27.1 26.5 26.2 26.1 24.7 24 23.3 22.6 21.3 18.7 15.8 12.1 9.6 1.9 1.1 -1.6 -1.6 5.9 10.8 19.3 29.2 36.4 43.1 48.7 55 61.6 68 72.2 74.8 78.2 81.3 83.6 84.7 85.3 86 87.4 87.6 85.8 84.5 82.3 77.6 68.5 61.9 62.2 68.6 72.9 74.5 75.8 79 84.1 88.9 92.8
-1.6 -1.6 -1.6 -1.6 0 1.2 13.3 20.6 23.6 23.6 21.2 18.1 14 9.5 1.7 -0.4 -0.4 0.4 9.5 14.5 19.8 25 30.9 36.7 39.9 39.3 37 33.8 30.2 27.4 24.6 22.2 21.4 20.3 19.3 18.4 17.5 16.1 14.6 13.8 13.5 13.1 11.4 8.5 1.6 0.9 0.1 -1.6 -1.6 0.4 1.6 5.9 14.6 24.5 34 42 46.7 52.8 59.5 65.8 70 74.2 77.5 79.5 81.3 84.3 86 87.4 88.5 89.3 88.5 87.5 85.4 80.7 74.8 67.8 70.8 69.2 69.8 72.4 75.3 84.1 90.6 91.6 90.7
-1.6 -1.6 -1.6 -0.8 0.3 1.3 13.5 19.5 21.2 20.6 17.2 14 10.3 5.8 0.3 -0.6 -0.5 -0.1 4.7 11.2 17.5 23.9 30.4 35.8 37 35.6 32.1 28.9 25 21.4 19.1 15.5 14.2 12.7 11 9 6.6 1.6 1.4 1.5 1.5 1.4 1.3 1.1 0.6 -0.1 -1.6 -1.6 -0.1 0.8 1.7 1.7 6.7 15.1 26.5 33.4 40.4 49.7 56.7 62.2 66.7 71.2 72.7 73.7 76.9 80.5 83.8 85.9 88.1 89.3 89.8 89.6 88.2 85.8 81.2 78.3 77.6 80.5 80.8 83.1 87.9 89.5 89.9 89.6 87.2
-1.6 -1.6 -1.6 -0.4 0.7 1.6 13.7 19 20.2 18.1 13.9 9.8 6.4 1.6 -0.7 -0.7 -0.7 0.6 2.1 11.9 18.8 24.9 30.7 34.1 34.4 32.5 28 22.9 18.3 15 14.4 11.7 8.6 6.9 0.7 0.5 0.3 0 0.2 0.6 0.6 0.5 0.4 0.1 -0.4 -1.6 -1.6 -0.2 1 1.7 3.5 3.2 3.9 9.3 16.3 27.2 30.3 47.8 54.1 59.8 63.8 64.7 65.4 68.6 71.9 75 78.5 82.2 85.1 88.3 90.7 90.9 90.5 88.9 86.8 85.2 84.4 80.9 84.2 86.6 88.6 88.4 87.2 85.4 82.5
-1.6 -1.6 -1 -0.1 0.9 2.9 15.9 20.2 20.8 18.6 15.7 11.7 7.6 1.9 -0.5 -0.6 -0.3 3.5 12.1 16 19.9 27.4 31.5 33.7 33.1 30.7 25.1 18.3 10.6 7.1 10.3 8.5 2.1 -1.6 -1.6 -1.6 -1.6 -1.6 -0.8 -0.4 -0.3 -0.4 -0.6 -0.9 -1.6 -1.6 1.6 1.9 8.2 7.2 12.5 10.7 8.9 8.2 13.4 21.3 31.7 41.1 49.2 53.7 57.1 57.9 59.6 62.6 66.4 70.1 74.2 79.4 84.5 88.3 90.7 91.9 91.7 90.2 88 86.6 85.7 83.5 82.5 84 85.2 85.1 82.9 79.2 75.3
-1.6 -1.6 -0.5 0.2 1 4.5 16 20.7 21.3 19.5 17.6 14.7 10.8 2.1 -0.3 -0.6 0.8 16.9 23.2 26.3 28.3 30.4 31.5 27.9 22.8 27.2 18.7 12.1 5.6 1.2 1.4 -1.6 -1.6 -1.6 -1.6 -0.4 -0.2 -1.6 -1.6 -1.6 -1.2 -1.6 -1.6 -1.6 -1.6 1.8 6.7 12.3 17.1 18.5 18.2 18 16 12.9 13.3 19.7 27.3 34.7 40.3 44.4 46.1 47.8 52.5 57.7 62.7 69.4 75.4 82.3 86.5 88.8 90.2 91.3 90.4 88.5 86 83.4 81.5 80.2 79 79.2 79.8 79.2 75.9 70.8 67.3
-1.6 -1 -0.3 0.4 1.1 2.3 13 18.1 18.5 16.4 14 11.1 4.4 -1.6 -0.4 -0.3 14 22.6 26.8 29.8 30.8 30 22.2 29.3 17.9 13.1 8.4 1.1 -1.6 -1.6 -1.6 -1.6 -1.6 0.9 1 1.4 4.1 8.2 2 -1.6 -1.6 -1.6 0.4 1.2 1.9 11.2 15 22 24.1 24.9 25.5 27.4 28.8 26.2 19.4 17 22.1 27.9 31.2 33.6 36 42.5 53.6 59.3 64.6 70.6 77 82.3 86.9 87.3 87.6 87.7 86.7 85.5 82.9 80.5 78.2 75.6 74.6 73.9 73.8 72.5 68.5 64.9 61.8
-1.6 -0.9 -0.3 0.4 0.9 1.3 2.3 11.6 13.2 12.2 9.8 6.7 0.5 -1.6 0.2 1.9 19.3 25.8 28.9 29.9 26.8 27.4 29.2 19.4 14.9 7.6 0.6 -1.6 -1.6 -1.6 -1.6 0.9 7.8 11.5 16.5 17.5 21.3 19.3 16.6 14.3 12.5 12.2 13.1 14.9 17.2 21.1 25 28.6 31.4 32.7 34.4 35.9 36.5 36.2 33.8 29.7 26.6 24.2 26.1 30.5 34.7 42.3 48.1 55.9 63.7 72.4 78.7 82.8 84.4 83.9 83.7 83.6 83.3 82.4 79.9 77.7 75 71.6 69.6 68.3 67.5 65.9 63.5 60.9 58.1
-1.6 -0.9 -0.3 0.2 0.5 1 1.4 1.5 7.5 7.1 1.5 0.4 -1.6 -1.6 0.1 1.4 19.7 24.6 22 28.1 26.5 20.2 17.2 12.7 16.4 12.2 -1.6 -1.6 -1.6 0.1 4 11.6 13.1 19 24.5 26.3 28 26.3 23.8 22.4 22.4 23.8 25.5 25.8 26.2 27.7 29.3 32.2 34.5 35.9 36.7 37.5 38.6 39.8 40.5 40.7 39.4 36.9 37.5 39.1 41.5 44.5 51.6 59.2 66.1 72 75.5 78.1 79.1 79.4 79.2 80.5 80.3 79.5 77.4 75.2 71.2 67.5 63.5 62.9 62.2 61.1 59.9 58.2 54.7
-1.6 -1 -0.6 -0.1 0.4 0.8 1 1.2 1.1 1 0.2 -1.6 -1.6 -0.5 0.4 1.4 15.5 19.6 20.6 21.3 23.6 14.1 11.8 7.8 1.4 0.7 -1.6 -1.6 0.3 4.6 9.4 14.4 20.7 22.6 22 25.2 27.8 28.3 29.3 28.9 29.2 29.8 28.7 30.1 27.7 27.6 29.2 31.5 32.9 33.4 34.3 34.8 35.4 35.9 36.7 38.1 39.5 41.6 43.2 45.1 48.6 51.3 56.5 62.6 67.5 70.7 72.6 73.5 73.6 73.9 74.5 76.8 77.7 76.9 75.3 72.8 68.8 64.4 60.1 57.7 57.4 56.8 55.6 54.7 52.4
-1.6 -1.1 -0.7 -0.2 0.2 0.5 0.7 0.7 0.5 0.3 0 -1.6 -1.6 -0.5 0.3 1.2 10.6 14.3 15.7 14.2 11.2 7 1.1 -1.6 -1.6 -1.6 -1.6 -1.6 0.6 1.7 9.8 12.3 15.9 15.9 17.9 15.7 17.8 14.7 17.6 17.7 18.3 18.3 19.3 19.7 21.8 23.5 24.7 26.2 27.6 28 29.2 30 30.7 31.5 33.1 34.7 37.3 39.4 41.1 43.5 47 52 58.5 62.7 65.2 66.6 67.6 67.5 67.1 67.6 69 72 74.8 74.4 73.3 70.2 66.7 62.3 57.3 53.9 52.6 52.1 51.2 50.6 48.7
-1.6 -1.2 -0.8 -0.4 0 0.2 0.3 0.1 -0.1 -0.3 -0.5 -1.6 -1.6 -0.8 0 0.9 2.3 10.6 12.3 10.5 7.2 -1.6 -1.6 -1.6 -1.6 -1.6 -1.6 -1.3 -0.2 0.9 1 1.1 1.3 1.4 1.5 1.6 2.4 1.7 1.4 7.6 9.7 11.7 13.4 15.3 17.4 19 20.2 21.2 21.8 21.7 22.4 23.9 25.2 26.5 28.2 30.6 33.8 35.5 37 40.1 43.9 49.3 55.1 59 61.1 61.6 62.3 61.4 60.7 61.6 64.7 68.8 72.2 72.1 70.8 68.7 65 60.5 56.1 51.9 49.5 48.4 47 46.5 45
-1.6 -1.6 -1 -0.6 -0.4 -0.1 -0.3 -0.5 -0.7 -0.9 -1.1 -1.6 -1.4 -0.7 0.1 0.8 1.6 7.3 9 7.4 1.3 -1.6 -1.6 -1.6 -1.6 -1.6 -1.6 -1.6 -0.8 0.2 0 -0.1 0 0.2 0.4 0.2 0.3 0.2 0.6 1.1 1.5 7.7 9.2 11.2 13.5 15.3 15.9 16 15.9 16.1 16.9 18.2 19.7 21.3 23.6 26.6 29.6 30.9 33 36.7 41.3 46 50 53.9 55.3 56.8 57.1 56 54.6 56.3 60.7 66.2 69.3 70 69.1 66.6 63.2 59.2 54.8 50.8 47.8 45.7 44.1 43 41.5
-1.6 -1.6 -1.2 -0.9 -0.6 -0.7 -0.9 -1.1 -1.3 -1.5 -1.6 -1.6 -1.6 -0.7 0 0.8 1.5 6.4 7.6 5.3 -1.6 -1.6 -1.6 -1.6 -1.6 -1.6 -1.6 -1.6 -1.5 -0.6 -1 -1.6 -1.6 -1.6 -0.8 -1.6 -1.6 -1.6 -0.5 -0.4 1.6 2.6 5.1 7.3 9.9 11.5 11.4 10.4 9.7 10.2 11.6 12.8 14.7 17.1 20 22.6 25.5 27.1 30.5 34.6 39.1 42.3 46.4 49.2 50.9 48.5 50.8 50.8 49.7 53.3 60.2 66.1 68.4 68.3 67.7 64.9 60.8 56.7 53.3 50.4 47.6 46.9 44.2 41.5 40.7
-1.6 -1.6 -1.6 -1.1 -1.1 -1.3 -1.5 -1.6 -1.6 -1.6 -1.6 -1.6 -1.6 -0.4 0.3 1 1.7 6.7 7.2 1.8 -1.6 -1.6 -1.6 -1.6 -1.6 -1.6 -1.6 -1.6 -1.6 -1.6 -1.6 -0.7 -1.6 -1.6 -1.6 -1.6 -0.8 -1.6 -1.6 -1.6 0 2.2 3.3 3.7 6.3 7.2 6.8 7.7 9.4 12 12.7 12.7 13.3 14.5 18.2 19.7 22.8 25.9 29.8 33.3 36.6 37.9 42.3 44.2 46.3 45.1 45.1 45.8 48.5 53.9 60.3 65.1 68.1 68.5 68.1 64.5 61.6 57.5 54.5 54.3 53.2 51.1 47.5 44.7 43
-1.6 -1.6 -1.6 -1.4 -1.6 -1.6 -1.6 -1.6 -1.6 -1.6 -1.6 -1.6 -0.8 0.1 0.7 1.4 7.2 8.5 6.3 1 -1.6 -1.6 -1.6 -1.6 -1.6 -1.6 -1.6 -1.6 -1.6 -1.6 0.2 0.9 1 0.5 0.6 0.7 0.7 -0.1 -1.6 -1.6 1.6 3.8 3.8 4.3 4.4 5.6 7.7 10 13.3 16.4 18 19 18.3 17.2 17 18.7 21.9 25.2 28.2 30.2 32.5 34.4 36.5 38 38.6 40 42.6 47.2 53.2 57.7 63.2 67.2 70.1 71 70.3 68.4 65.4 61.9 59.4 59.5 57.5 55.2 51.4 48.4 45.9
-1.6 -1.6 -1.6 -1.6 -1.6 -1.6 -1.6 -1.6 -1.6 -1.6 -1.6 -1.6 -0.2 0.7 1.4 5.7 8.5 9 7.3 1.6 -1.6 -1.6 -1.6 -1.6 -1.6 -1.6 -1.6 1 1.5 2.9 6.4 7.1 7.2 6.2 7.1 7.8 7 5.7 10.5 10.1 9 8 6.2 6.7 7.9 10 12.1 15 16.7 21.7 24 25 25.4 24.6 22.6 20.3 20.7 23.1 24.6 26.3 27.8 30.6 32.9 35.4 38.6 41.7 44.4 51 56 61 66 70.3 71.7 73.1 72.4 70.6 68.5 65.8 64.6 62.4 60.7 58.1 54.6 51.7 48.2
-1.6 -1.6 -1.6 -1.6 -1.6 -1.6 -1.6 -1.6 -1.6 -1.6 -1.6 -1.6 0.4 1.8 7.8 10.6 13.4 14.2 11.8 5.7 -1.6 -1.6 -1.6 -1.6 0.1 1.6 9.4 10.8 9.7 9.8 10.4 11.3 11.4 11.1 12.2 13.6 13.7 14.9 15.9 15.8 14.3 11.8 8.6 9.8 12.7 16.4 19 21.7 24.2 26.9 29.3 30.7 30.5 30 28.4 26.3 25.3 25.3 27.2 28.8 30.7 31.9 35.7 39.5 42.9 46.2 50.1 54.9 59.3 63.5 69.2 72.7 74.7 75.3 75 72.7 70.7 68.9 67.8 66.6 65.8 62.1 58 54.3 50.7
-1.6 -1.6 -1.6 -1.6 -1.6 -1.6 -1.6 -1.6 -1.6 -1.6 -1.6 0 1.4 7.6 10.8 14.3 14.2 11.7 8.4 1.7 -1.6 -1.6 -1.6 -1.6 0.9 10.8 16.1 18.2 18.6 17.5 17.3 16.9 17.6 17.5 18.5 19.4 20.3 21.8 22.5 23.1 21.4 17.1 10.2 14.3 18.9 23 26.7 29.9 31.2 32.7 34.7 36.5 36.5 35.2 32.9 31.2 30.7 31.8 33 34.6 36.8 36.5 40.9 44.2 48.4 51.8 55.5 59.4 62.7 66.9 73.3 77.6 79.9 80.7 81.2 77.5 76.1 75 75 74.8 73.2 70.9 65.7 60.2 55.5
-1.6 -1.6 -1.6 -1.6 -1.6 -1.6 -1.6 -1.6 -1.6 -1.6 -1.6 1.3 6.1 8.3 9.7 10.5 7.9 1.4 1.1 0.4 -0.3 -1.6 -1.6 -1.6 1.6 13.7 18.7 22.3 24.1 25.4 27.2 27.5 27.7 27.2 26.9 27.6 29.1 30.8 31.6 29.8 25.8 19.5 13.3 20.2 25.2 29.6 33.5 37.3 39.3 40.3 42.5 45.2 45.6 45.9 43.8 39.5 38.6 39.3 41 41.8 42.7 45.2 48.2 51.6 55.5 61.5 67 69.6 71.9 76.9 82.6 85.5 87 87.7 88.1 86.8 86.1 84.9 84.7 83.9 82.5 80.9 77.9 73.7 67.7
-1.6 -1.6 -1.6 -1.6 -1.6 -1.6 -1.6 -1.6 -1.6 -1.6 -0.1 1.2 5.6 7.1 7.7 6.5 0.9 -0.1 -0.4 -1 -1.6 -1.6 -1.6 -1.6 2 11.8 17.8 23.4 27.5 30.7 33.3 35 35.5 35.3 35.2 36.5 37.2 37.8 36.5 33.1 27.4 20 20.5 26.1 31.4 36.1 41.2 46.5 49.8 51.5 53.4 55.3 56.7 58.1 58.2 54.7 51.1 53.8 56.4 58.3 58.6 61.1 63.3 67 70.4 75.7 78.1 80.9 83.5 86 88 88.7 88.2 88 88.6 86.9 87.1 87 87.5 88.7 88.9 87.5 84.3 79.9 67.7
-0.4 -1.6 -1.6 -1.6 -1.6 -1.6 -1.6 -1.6 -1.6 -1.6 -1.1 0 0.9 0.6 0.3 -1.6 -1.6 -1.6 -1.6 -1.6 -1.6 -1.6 -1.6 -1.6 2.3 17.1 22.9 27.8 31.8 34.8 37.5 40.3 42.8 44 43.2 43 42.8 41.8 39.6 34.3 27 21.9 27.8 33.8 39.3 46.1 51.6 55.5 58.9 62.2 63.4 64.3 65.5 66.6 65.6 63.5 63.1 65 66.2 68.1 70.7 74.2 76.7 78.9 80.6 84.3 86.7 87.6 88.3 88.3 86.7 85.8 84.2 83.9 82.8 81.8 82 84.2 86.8 89.8 91.7 90.1 86.5 79.5 58.6
3.1 0.7 -0.5 -1.6 -1.6 -1.6 -1.6 -1.6 -1.6 -1.6 -1.6 -1.6 -1.6 -1.6 -1.6 -1.6 -1.6 -1.6 -1.6 -1.6 -1.6 -1.6 -1.6 -1.6 10.5 18.7 24.5 29.7 33.1 36 38.5 41 44.2 46.8 47.9 48.2 47.7 46.8 44.5 38.3 28.4 31.2 40.3 45.1 48.5 54.5 59.4 63.9 66.7 68.8 69.2 70 70.2 69.7 68.8 68.3 68.1 69.5 73.3 75.1 77.7 79.7 81.2 82.9 85.3 86.5 87.3 86.9 85.8 83.7 82.3 78.8 77.5 75.8 72.3 72.3 74.6 78.2 81.9 86.3 87.7 86.1 82.4 75.5 55.7
8.7 1.3 0.1 -1.6 -1.6 -1.6 -1.6 -1.6 -1.6 -1.6 -1.6 -1.6 -1.6 -1.6 -1.6 -1.6 -1.6 -1.6 -1.6 -1.6 -1.6 -1.6 -1.6 -0.1 1 13.3 21.3 26.3 30.9 34.2 37.2 39.4 42.1 44.6 47 49.2 51.2 49.9 47.6 42.1 32.5 36.9 47.6 52.4 56.3 60.2 64.9 68.8 70.3 70.4 69.3 68.5 68 68.1 70.1 71.2 71.7 72.1 73.5 74.9 77.7 79 80.6 83.9 86.4 87.2 86.6 84.5 81 77.9 73.4 70.9 65.7 62.3 60.2 61.3 65.6 71.7 75.5 78.5 79.9 78.7 75.6 70 55.1
10.6 1.6 0.4 -0.6 -1.6 -1.6 -1.6 -1.6 -1.6 -1.6 -1.6 -1.6 -1.6 -1.6 -1.6 -1.6 -1.6 -1.6 -1.6 -1.6 -1.6 -1.6 -0.4 0.7 1.6 1.7 15.5 22.8 27.9 30.1 30.7 33.2 36.3 39.4 44.8 50.2 53.8 54.1 51.9 41.4 37 36.9 46.8 56.1 61.5 65.6 69.8 71 70 67.4 65.1 64.2 63.4 64.3 66.3 67.3 67.6 67.6 68.4 69.3 70.4 73.3 77.5 81.5 82.9 83 82 79.3 75.4 71 66 59.4 51.5 48.4 47.9 50.1 58.1 64.6 68.9 72.1 72.8 71.5 68.2 63.5 53.8
11.1 1.5 0.6 -0.3 -1.6 -1.6 -1.6 -1.6 -1.6 -1.6 -1.6 -1.6 -1.6 -1.6 -1.6 -1.6 -1.6 -1.6 1.1 5 2.1 0.9 0.6 1.7 1.7 1.6 14.4 18.5 19.8 20.7 22.3 26.4 31.1 38.5 45.3 51.9 55.5 57.3 56.4 52.9 39.9 42.5 51.2 57.7 63.4 69.7 72.9 71.4 67.3 62 58.9 57.8 57 57.5 60.4 61.6 62.4 62 62.1 62.5 63.7 67.9 72 76.7 78.3 77.9 76.3 73.9 71 67 59.1 51.4 44.6 40.6 37.2 39.4 49.2 56.9 62.7 65.3 65.9 64.3 60.5 55.8 47.4
8.5 1.5 0.7 -0.1 -0.9 -1.6 -1.6 -1.6 -1.6 -1.6 -1.6 -1.6 -1.6 -1.6 -1.6 6.4 11.7 12.9 14 14.6 14.5 12.4 7.9 1.7 1.6 1.6 8.5 9.3 9.5 13.8 21.8 29.1 36.9 43.3 49.3 55.1 59 62.2 61.8 57.6 47.1 52.3 59.9 65.3 69.6 72.9 74.5 71.8 65.4 56.4 49 47.1 45.8 49.5 53.8 55.9 55.3 55.3 55.1 55.1 53.1 56.5 65.7 72.2 73.7 72.8 71.1 69.3 66.9 64 58.8 50.8 43.5 37 30.3 30.9 38.4 48 55.1 57.9 57.5 54.4 51.3 47.3 41.2
1.7 1.7 0.9 0.1 -0.8 -1.6 -1.6 -1.6 -1.6 -1.6 -1.6 -1.6 -1.6 0.7 10.7 20.5 26 29.9 31 29.5 27.9 23.3 16 8.1 1.7 1.6 2.2 5.6 12.5 18.3 23.1 29 37.1 43.7 50.9 58.1 63.3 66.2 64.7 59.8 54.4 61.2 66.9 71 74.1 76.6 77.6 75.6 70 58.7 47.5 38.8 35.5 39.7 47.2 48.2 47.7 47.4 46.7 46.9 47.3 55.8 65.5 68.6 68.2 66.8 65.1 63.3 61.8 61.6 57.9 54.5 49.7 44.3 37.1 24.9 27.6 36.5 49.2 52 51.7 48.7 44.9 40.7 36.3
1.7 1.7 1.1 0.3 -0.6 -1.6 -1.6 -1.6 -1.6 -1.6 -1.6 -1.6 0.1 8.2 19.5 29.6 36.2 41.9 44.5 43.2 40.2 34.7 26.9 18.3 10.5 3.8 3 4.6 8.4 12.3 16 21.7 28.3 35.2 45.1 56 63 68.1 67.7 63.5 61.8 67.6 72.6 76 78.6 81.8 81.5 78.3 73.7 66 53.3 40.9 29.9 27.7 36.3 39.5 36.8 35.8 36.2 38.4 48.1 60 64.2 63.6 61 58.8 56.9 54.8 55.1 54.5 52.3 49 45.5 42.2 39.3 33.3 20.8 26.1 40.7 44.2 42.4 39 36.1 33.2 29.4
