public/OST50/SX75.asc
ncols 200
nrows 200
xllcorner 270000
yllcorner 50000
cellsize 50
[rows 144 to 179 of 200, columns 82 to 163 of 200]
134 135.4 135.4 133.6 131.2 128.2 127.7 130.3 132.3 134.7 138.6 143.6 147.2 148.7 150.2 152.6 156.8 160.7 160.3 160.5 160.4 159.2 156.9 155.1 153.4 152.1 152.3 153.4 155.3 158.7 163.1 166.9 170.2 172.1 176.1 178.2 181 185.9 188 187.9 186.7 184.2 181.7 178.8 175.8 173.2 171.6 171 173.1 171 170.3 169 168 170 171.3 171.9 168.6 164 158.4 152.6 146.9 138.4 132.3 129.7 128.1 129.3 129.9 128.8 126.3 125 125.3 125.4 128.4 134.8 144.6 152.8 159.5 163.8 167.6 170.3 171.5 172
137.3 138.4 139.4 138.4 136.9 135.7 135 139.3 140.2 141.8 147.2 149.6 151.8 153.7 156.1 158.9 159.9 162.4 164.6 166.9 168.4 167.8 166.9 166.5 164.2 162.4 162 161.5 163.5 167.8 172.1 176 178.1 179 180.1 181.3 182.6 184.4 185.7 184.4 181.9 178.6 175.3 171.7 168.8 166.6 165.1 165.8 167.1 166.4 165.6 167.3 169.3 172 174.3 173.2 168.9 162.5 153.8 146.6 141.3 135.5 134.7 135.6 136.7 136.3 134.6 132.4 130.6 128.2 128.4 127.3 128 137.6 148.3 157.2 162.3 164.4 167.2 169.4 169.7 169.6
139.5 143 144.5 144 143.5 144.7 144.2 146.6 149.2 150.7 152.5 154.3 156.9 159.1 162.9 164.7 165.8 168.2 171.5 174.7 176.4 176.6 176.9 175.6 175.2 175.4 174.8 173.9 175.4 178.5 180.7 182.4 183 183.5 183.7 183.4 183.5 182.9 182.7 180.6 176.6 172.7 169.7 166.7 163.2 159.5 158.1 157.5 158.4 160.3 163.8 167.5 173.8 178.7 177.9 175.6 170.5 159.4 151.4 145.8 141.5 140 143.7 146.2 144.3 141.4 138.6 136.6 133.7 131.9 132.2 131.8 130.8 138.6 148.5 154.9 158.2 161.2 164.7 166.5 167 166.7
144.3 147.2 147.8 147.5 147.5 148 149.2 150.4 152.6 154 155.5 157.6 160.4 162.6 164.6 167.1 169.4 171.7 173.9 176.8 179 180.1 181.9 181.6 180.9 182 181.1 180.9 180.4 181.8 182 182.3 182.3 183.1 183.3 182.8 182.6 180.2 177.7 174.7 171.2 166.9 164.2 162.2 158.3 154.8 153.2 154.9 155.9 159.1 165.6 172.8 178.4 180.5 179.9 177.7 172.9 164.2 156.1 151.5 146 147.7 151.7 154.2 152.3 148.3 144.4 141.7 137.1 136 135.7 135.6 133.4 133.8 142.5 148.9 152.6 156.9 161.2 164.1 164.9 163.7
148.5 149.1 148.5 148.1 148.1 148.5 149.5 150.6 152 153.7 154.9 158.2 160.4 162.1 164.1 166.3 168.8 171 172.8 175.2 177.3 179.1 180.2 179.8 177.7 178.9 177.2 176 175.7 175.6 175.7 177.9 178.3 179.6 180.2 180.6 180.3 177.1 173.6 170 166 161 156.4 154.8 152.3 149.5 151 153.2 156.4 160.7 167.6 173.8 178.6 181.2 181.4 179 175.9 169.4 164.6 158.2 151.9 156.4 160.5 160.7 158.3 152.8 147.4 143.3 141.1 140 139.4 139.1 138.3 136.9 138.3 143.7 148 154.3 160.3 162.8 163.1 161.3
147.9 147.7 146 144.7 145 146.3 148.1 148.6 149.6 150.4 151.4 153.4 156.7 159.1 160.9 163.5 166.6 169.2 172 174.6 177.1 178.8 178.7 175.3 175.1 172.1 170.2 168.8 167.4 167.2 168 170.4 172.1 174 175 176.6 176.2 174 171.2 164.9 160.6 156 151.3 148.5 146.4 146 149.8 153.6 157.3 163.9 169.2 174.5 178.8 182.3 183.5 182.9 180 177.1 172.9 167.5 166.7 168.3 169.4 167 163.5 158.5 151.8 147 144.4 142.9 142 141.8 141.4 140.3 140.1 145.6 149.4 154.1 159.3 162.1 161 158.3
144.9 143.5 141.4 140.8 141.5 142.7 143.6 144.9 145.3 146.7 147 148.5 151.6 156.3 160.1 162.9 165.4 169.1 173.7 177 178.9 179 176.8 171.9 170.1 167.1 166.4 165.2 164.1 164.4 164.6 165.6 167.3 169.2 171.1 172.8 172.7 170.8 167 160.8 154.5 150.7 145.9 143 143.3 147.8 153.7 156 159.1 164.1 169.6 174 178.8 182.4 184.6 185.2 185.7 183.9 181.8 178.1 178 177.4 176.9 173 168.6 161.6 154.2 151.5 148.6 146.6 146 145.1 144.8 144.5 145 146.4 150.1 155.1 160.9 163.1 161.1 157.9
139.5 138 137.8 138.3 138.8 139.8 139.7 139.3 142.8 146.2 149.1 152.2 154.2 157.3 161 163.9 167.3 172 176.1 178.9 179.1 177 174.1 171.1 166.1 162 161 160.1 160 159.9 161.4 162 163.4 165 166.3 168.3 169 167.9 164.1 157.5 150 146.7 142.5 140.6 144.8 152.3 157.8 160 162.1 165 167.9 172.3 177.1 181.7 185.3 187.4 188.6 188.4 187.5 186 184.5 183.1 181 177 172 164.2 159.3 156.2 153.5 151 148.8 148.3 148.4 148.4 148.9 150.1 153.2 158 163 164.6 163.9 161.5
134.1 134.1 133.7 133.9 135.5 136 134.8 139.7 143.6 147.1 150.8 154.9 157.8 160.1 162.5 165.8 171.5 176.8 180.6 179.7 177.3 174.3 170.4 165.9 161.4 157.9 157.1 157.1 157.1 157.4 157.6 158.3 159.2 159.5 160.8 162 163.6 163.2 161.2 155.5 148.3 143.1 139 142.4 147.6 152.8 159.1 163.3 165.7 166.8 169.3 172.2 176.9 181.8 186.4 189 190.7 190.8 189.5 190 188.8 186.9 184.4 180.1 174 169.6 165.8 161.8 158.4 156.4 154 152.9 152.5 153 153.4 153.6 156.5 160.8 165.2 167.2 166.4 164.4
130.6 130.8 132.6 130.3 130.2 130.2 134.8 139.5 143.8 147.9 153.2 159 164.3 167.1 170.7 176 180.6 182.9 182.6 180.5 177.6 172.8 166.9 160.1 156.4 153.9 152.8 153.4 153.7 153.6 153.8 154.9 154.9 156.8 157.3 158.2 158.5 157.3 155 152.1 146.8 140.2 135.3 143.3 149.3 154 160.6 165.7 167.9 168.9 171 175.5 180.7 184.3 188 190.8 192.7 193.3 193.7 192.6 191.7 189.8 187.1 183.1 178.9 175.2 172.2 167.6 164.7 162.2 159.8 158.2 157.4 157.5 158.2 159.1 162.4 166.3 169.3 170.5 169.6 167.1
126.6 126.4 126.4 124.9 126.3 129.5 134.6 139.4 144.7 151.5 159 166.1 172.4 176.9 180.5 183.2 184.2 184.3 183.5 181.3 177.5 172.3 167 160.6 153.7 151 149.1 149.8 150.4 150.1 150 150.6 151.3 152.7 154.1 155.2 154.8 152.8 149.6 145.7 141.4 136.4 134 141.7 148.2 154.6 160.7 164.8 168.6 172.5 176.8 181.1 185.1 188.5 190.8 192.8 194.5 195.6 195.8 195.3 193.7 191.7 192 187.2 183.9 182.2 180.2 177.6 175.3 173.3 170.4 168.7 167.2 164.5 164.2 167.1 170.2 172.9 174.8 174.4 172.3 169.6
122.5 122.3 120.2 119.2 124.8 129.7 134.5 140.9 148.4 156.6 164.6 171.6 177.7 181.5 183.5 184.3 184 183.6 182.3 179.5 175.7 170.7 165.4 159 153 149.5 145 144.3 147.1 146.4 146.7 147.2 148 149.4 151.1 152.7 152.9 150.4 147.1 142.8 138.2 132.6 131.8 138.2 144.7 152.8 157.8 162.4 167.8 172.2 176.7 181.1 186.3 189.8 191.7 193.6 195.2 196.1 196.3 196.3 195.8 194.6 193.1 190.9 188.8 188.1 187.2 185.9 184.2 182.2 179.9 178 175.7 172.9 171.8 173.9 176.8 178.1 177.7 176 173.1 170
116.6 115.8 118.5 121.2 125.4 130.3 136.5 144.5 153.5 160.8 168.7 174.5 178.3 181 182.2 183.1 182.6 181.1 179.2 177.3 173.5 168.9 163.1 157.3 151.6 146.9 142.5 140.1 144.4 142.6 143.2 143.9 144.8 146.7 148.9 150.7 151.4 149.5 146.6 141.4 137.9 131.6 129.7 135.1 139.1 147.4 153 159.8 165.5 170.7 175 179.3 183.7 188.1 190.3 192.3 194 195.2 196.1 196.1 195.8 195.7 195.2 194.8 193.9 193.2 192.2 191.7 190.4 188.7 186.7 183.8 181 180.2 180.1 180.1 180.9 181 178.9 176.4 173.4 169.5
110.9 112.4 116.9 121.5 126.5 133.7 141 147.4 154.7 161.3 167.9 172.6 175.3 178.5 179.4 179.5 179.1 177.8 176.2 174.1 170.4 165.5 159.7 153.8 148.4 144 140.4 136.4 140.4 140.2 140 140.6 141.2 143.6 147.4 149.5 150.4 148.5 145.8 140.8 136.1 130.6 126.6 131.5 135.8 142.1 148.9 156.5 161.9 166.9 171.7 177.1 181.7 184.7 187.4 189 190.5 192.6 194 194.2 194.3 194.9 195.5 196.3 196.8 196.8 196.2 195.4 194.5 193.5 192.4 191 188.4 185.5 184.6 184 184.2 182.9 179.7 176.3 172.5 168.3
107.9 111.9 117.2 122.4 130.5 140.4 147.8 152.9 158.5 163.8 168 171.6 174.3 175.2 175.7 175.5 174.9 173 171.8 169.9 166.8 162.3 156.2 150 145.4 141.1 138.1 133.9 134 135.1 135.8 136.7 138.9 142.6 146.2 147.6 147.5 147.3 145.5 140.9 136.3 128.8 124.5 129.9 134.9 140.3 145.7 151.9 157.7 162.8 168.6 174.9 178.1 180.1 181.4 183.7 185.9 187.8 189.7 190.4 190.9 192.5 193.6 196.2 197.8 199 199.1 198.7 198.1 197.4 196.3 195 193 191.1 189.5 188.7 187.6 185.4 181.8 177.5 173 168.8
107.2 111.4 117.4 127.5 140.6 148.9 153.8 158.3 162.1 165 168.5 170.7 171.9 172.6 173 172.6 171.9 169.8 167.1 165.5 162.3 158.6 152.7 147.1 142.9 138.2 135 132.5 130 130.4 131.3 133.1 138.3 142.4 144.5 145.7 144.2 142.9 141 139 135.5 127.5 122.8 131.2 137.2 141.6 145.4 149.5 152.6 157.5 162.7 169.3 173.5 174.3 175.2 177.1 180.1 182 183.8 185.4 186.9 188.6 191.4 193.9 197 199.2 200.4 201.1 201 200.6 199.8 198.2 196.4 195.4 193.9 192.5 190.4 187.5 183.8 179.9 175.7 171.8
106 110.6 121.7 138.3 149.1 153.7 157.6 160.1 162.6 165 167.4 169.3 169.9 170.4 170.2 169.9 168.5 165.5 162.9 161 157.9 154.8 149.8 144.6 139.9 136.1 133 130.5 127.5 128.6 129.8 132.3 137.3 140.8 142.9 143.8 142.3 139.7 135.6 132.6 129 123.9 122.3 132.4 137.4 140.8 143.8 146.6 149.8 153.2 157.8 163.2 167.1 168.5 170.2 172 174.5 176.8 178.8 181.2 183.5 186.1 189.3 192.3 195.9 198.1 200.2 201.9 203.3 202.9 202.2 201.1 199.5 198.8 196.9 195 192.3 189.5 186.1 182.7 178.7 174.6
106 112.8 129.1 144.6 151.2 154.8 157.2 159.6 161.8 163.9 165.3 166.3 167.5 168.1 167.5 166.7 164.7 161.3 158 155.4 152.6 150 147.2 143.8 139.6 134.8 130.9 127.9 125.6 126 127.8 130.4 134.6 138.1 140.6 141.3 140.3 137.5 132.5 127.3 123.1 116.9 121.8 128.5 133.2 138 140.8 143.9 147.4 150.3 153.8 158.4 162 164.6 165.6 167.5 170.3 172.6 175.4 178.8 182.4 185.4 189.5 192.6 195.8 198.6 201.4 202.8 204.1 204.6 203.8 203.2 202.3 200.9 199 196.9 194.3 191.6 188.8 185.4 181.5 177.3
106.1 119 135.2 145.5 150.7 153.6 155.9 157.6 159.5 161 162.8 164.4 165.4 165.5 165 163.2 161.1 157.6 153.5 150.1 148.8 146.6 145.1 142.7 139.1 134.1 129.4 126.1 122.9 122.3 125.3 129 133.8 137.3 139.3 139.9 139.2 136.5 131.1 125.3 120.2 116.4 120.9 125.2 129.7 134.5 138.4 141.8 145.3 148.4 151 154.1 157.2 159.4 161.9 163.6 166.7 170.6 175.3 179.5 183.8 187.9 191 193.3 198.8 201.2 202.5 204.6 205.9 206.2 206.3 205.5 204.7 203.3 200.9 198.8 196.4 193.8 191.4 187.9 184.1 180.1
109.7 124.3 137.9 145.3 149.3 151.8 153.4 154.6 155.8 157.2 159.8 161.8 163 163.3 162 159.8 156.9 153.7 147.3 144.6 143.8 142.4 142.2 139.8 137.3 133.4 128.2 121.4 120 119.9 125.3 130.9 135 137.4 138.5 139.1 138.9 136.6 133 127 119 118 122.6 126.7 130.6 134.3 137.4 140.6 143.9 146.1 148.3 151 153.1 154.4 158.8 163.3 166.6 171.2 176.1 181 185.6 189.8 193.6 198 202.7 205.4 208.4 209.7 210.5 210.2 209.6 208.4 207.3 205.9 204 201.7 199 196.4 193.1 189.6 185.7 181.7
118.9 131.2 139.6 143.9 146.3 148.5 149.5 149.6 151.8 155.3 158.9 161.8 163.5 163 159.9 156.4 152.6 148.9 145.5 140.1 138.5 138.4 138.8 137.1 134.6 130.6 123.7 117.3 116.7 118.2 128.2 132.9 135.3 136.6 137.6 138.5 138.7 137.3 133.6 127.4 117.8 118.2 123.9 128 131.1 134.1 136.7 138 139.4 142.7 145.3 147.5 149.8 154.3 158.7 163.9 167.8 172.1 177.2 182.8 189.1 194 197.8 203.1 206.9 209.6 211.8 213 213.8 213.8 212.8 211 209.8 208.3 206.8 204.9 202.2 198.7 195.4 191.7 187.7 183.7
127.8 134.4 138.7 141.5 143 143.8 144 147 152.3 157.5 160.9 163.5 164.8 163.4 159.9 155.7 151.3 145 140.8 137.7 134.6 135.1 135.4 134.3 131.5 127.3 120 114.6 113.7 122.9 129.8 133.3 134.4 135 136.4 138 138.3 136.9 132.3 123.9 115.1 117.8 123.3 127.4 131 133.7 134.2 133.6 135.6 136.2 140.4 144.7 148.4 152.3 156.5 163.3 168.7 172.2 180.7 189.2 195.6 199.8 204.1 207.7 210.3 212.1 215.3 214.6 215.1 218.1 214.2 213.1 211.8 210.3 209.1 207.4 205.1 201.9 198.4 194.3 190.6 186.6
130.2 132.8 135.7 137.6 137.7 137.1 141.9 148.4 154.3 158.9 162.1 164.1 164.7 163.2 160.1 156.1 151.1 145 138.6 134.4 131.8 131.3 131.1 129 126.3 123.5 115.2 111.3 114.4 126.1 131.9 133.2 132.5 133.1 135.4 137.7 138.5 137 129.2 120 112.8 117 121.8 125.9 127.9 128 128 129.5 131.9 136.6 140 144.1 148.6 153.3 157.5 161.9 167.4 172.5 180 189.6 197.6 202.6 207.2 209.1 210.6 212.3 213.9 214.5 214.7 214.5 213.9 213.1 211.8 210.6 209.3 208.1 206.4 204.6 202 198.9 194.8 190.6
128.3 129.8 131.4 130.4 131.9 138 144.8 150.8 155.2 158.7 161 162.7 163 161.6 159.4 156 151.1 144.9 137.1 132.3 129 126.8 124.8 120.7 117.8 114.5 110.8 108.3 122.4 130.5 132.8 131.5 129.6 131.6 134.5 136.8 138.2 138.6 132.5 118.2 111.3 114.1 117.1 118.2 120.6 122.5 125.6 128.7 130.7 136.9 141.1 145.1 151.2 155.8 158.7 163.1 167.3 172.2 178.1 186.8 195.6 200.7 206.1 207.9 209.1 210.8 211.9 212 211.8 211.9 211.8 210.8 209.5 208.7 208.2 207.5 206.2 204.7 203.1 200.1 196.9 193.1
124.1 123.7 124.4 128.9 133.6 139.4 144.7 149.2 153.4 156.6 158.9 160.7 160.9 159.9 157.9 155.4 151.3 145.6 139.4 133.7 129 124.9 122 117.5 114.4 111.4 106.7 107.8 125.1 131.2 131.7 129.5 126.1 128.5 131.7 133.2 134.8 134.4 131.2 117.9 110.9 112 115 117.5 120 121.8 125.3 129.2 134.8 139.8 144.6 149.6 155.6 160.8 164.2 165.8 168.8 172.6 177.5 184.8 193.8 199.8 203.9 204.5 205.6 205.9 206.3 206.8 206.8 206.6 206.5 206.3 205.7 205.2 205.2 205.2 204.7 203.5 202.2 200.1 197.3 194
118.3 122.2 126.5 128.6 130.3 134.7 139.8 145.6 150.8 153.6 156.8 158.3 158.6 157.8 156.2 154.2 151.4 147 141.6 136.4 131.6 129.3 128.6 127.8 125.2 120.2 112.2 103.1 110.9 127.4 127.6 124.5 119.3 119.8 124.2 126.8 128.4 127.8 125.9 114.2 110.7 113.4 118.4 122.1 124.5 125.8 127.2 128.5 134.2 139.8 146.2 152.2 157.2 159.8 163 165.9 170 173.7 177.8 182 192 197.9 201.1 201.2 201 200.8 200.3 199.8 199.7 200.1 199.8 199.7 199.8 201 201.1 200.7 200.4 200.4 200 198.5 197 194
118 121.9 123.8 124.6 124.5 126.9 132.5 142 150.4 150.9 154.4 155.5 155.3 154.4 153.6 152.7 151.1 147.8 144 139.5 136.3 135.3 135.7 134.8 132.5 126.8 115.1 104 102.8 121.4 121.3 119.1 113.3 112.7 115.2 117 118.6 120.2 115.8 107.5 113 120.6 127.5 131 132 132.5 132.8 131.2 132.4 137.8 148.7 152.9 156.7 156.3 161.7 167.3 171.5 174.8 178.7 182 186.8 194.6 196.4 196.5 195.6 194.7 193.9 192.7 192.5 192.8 192.3 192.8 194 195.4 195.8 194.9 195.5 196 196.8 196.1 194.6 192.4
115.9 118.3 118.8 117.6 115.5 118.5 128.4 139.4 145.6 149.7 151.4 151.5 150.8 150 149.5 149.7 149.1 147.9 145.2 143 141.5 141 141 140.3 138.2 132.8 121.1 105.1 99.9 115.5 116.1 113 107.8 105.7 103.8 102.3 102.3 106.8 106.3 111.2 119.8 126.9 134.2 138.6 143.8 147.4 147.6 141.9 137.9 137.3 141.1 145.7 150.3 157.5 166.8 172.6 176.7 178.2 180.5 182.4 187.3 191.2 192.3 191.9 190.2 188.3 187.1 186.6 185.4 184.5 184.6 186 186.6 189.2 189.9 190.2 190.5 191.8 192.7 193 192.3 190.2
111.4 111.8 111.1 107.3 106 115.3 128.3 136.1 141.8 145.4 147.1 146.5 145.8 145 145.1 146 147.1 147.3 146.1 144.9 144.4 144.2 144.1 143.6 141.7 136.5 122.5 102.6 98.3 108.9 108.5 104.9 101.1 99.5 105.8 108.8 112 116.1 119.9 125.3 132.1 138.5 143.1 147.5 153.1 156.9 158 156.7 152.5 149.3 148.9 151.4 155.8 166.7 174.7 179.7 183 183.7 183.3 184.8 188 188.6 188.4 187.3 184.8 182.5 181.3 179.6 178.7 177.8 177.7 178.5 179.7 180.6 182.5 183.7 185 187.1 188.5 189.4 189.2 187.5
104 103.2 101.3 95.2 103.4 116.1 126.1 132 137 139.9 141 139.8 139.2 138.3 139.1 140.5 144.8 146 145.9 145.6 144.9 144.6 144.5 143.4 139.8 132.1 114.4 99.7 96.5 100.2 99.2 97.6 101.4 110.5 117.3 122.4 128.4 133.6 138.1 141.9 147.1 153.6 158.9 163.1 166.2 168.1 169.6 169.9 169.2 167.6 167.2 169.1 172.7 175.4 181.2 185.3 188.6 190.2 190.5 189 188.2 186.7 184.9 182.2 179.4 177.1 175.5 174 172.8 172.5 172.6 173 173 173.8 175.3 177.5 179.5 181.8 184.7 185.1 185.7 183.6
94.1 91.3 88.4 90.7 104.9 115.7 122.4 127.1 130.9 133.5 134.4 133.7 132.4 131.5 132.7 138.5 143.2 144.9 144.8 144.5 144.2 144 143.6 141.9 138.7 124.3 105.8 96.2 94.9 95.5 99.5 107.6 117.8 126.1 133.4 139.4 145.6 148.9 154.6 157.6 160.6 163.7 166.6 168.4 169.7 171 173 174.4 176.1 177.3 178 180.6 182 184.1 186.3 189.2 191.8 193 193.1 191.6 188.5 184.8 180.6 176.2 173.8 171.9 170.1 168.8 167.2 166.6 167 167.3 167.5 168.1 169.8 171.9 174.4 177.6 180.2 182.4 181.3 179.2
82.8 81.6 86.1 97.8 108.1 115.1 119.2 121.6 124 126 126.1 125.5 125.1 126.6 132.8 138.2 142.2 143.8 143.4 142.9 142.7 142.5 142.2 141.7 135.9 116.4 97.5 93.6 95.9 106.5 114.7 124.2 133.8 141.9 146.4 150.5 153.8 157.2 159.1 161.3 163.3 165.3 166.6 167.5 168.8 170.4 172.5 175.2 177.8 179.7 181.3 183.2 185.5 187.6 189.7 191.5 193.5 194 193.6 192 189 183.3 178.3 172.7 168.7 166 164.9 163.2 161.5 161.2 161.5 161 161.4 161.9 163.2 165.9 169.5 173.5 177.5 178.1 177 174.1
74.7 82.8 94.1 102.7 108.8 112.6 113.5 111.9 112.3 112.9 115.2 119.8 125.3 130.4 134.7 138.8 141.7 142.2 141.9 141.2 140.9 140.8 141 139.4 129.5 108.6 91.5 97.1 108.2 118 128.8 138 145.1 148.8 151.4 153.2 154.9 156 157.3 158.5 160.3 161.8 162.9 164.1 166.1 168.1 171.1 174.3 177.2 179.6 181.2 183.5 185.9 189.1 191.4 192.5 194.2 194.5 193.9 192.4 189.6 184.5 177.5 171.9 165.9 160.9 159.6 156.6 154.6 155 155.1 155.1 155.2 155.1 156.9 159.2 164.2 169.1 172.9 173.4 172 169.5
77.9 90.6 98.4 103.5 107.2 107.5 102.3 104.2 110.8 115.1 119.8 124.4 129.2 133.6 136.9 139.6 140.9 141.1 140 138.6 137.8 139.4 140.7 139.2 128.6 104.4 91.7 102.3 116.5 129.9 137.3 143.1 146.4 148.1 148.9 150 151.2 152.2 153.2 154.5 156 157.4 159.2 160.7 162.7 166 169 172.8 175 177.6 180 181.9 184.5 187.4 190.5 192.5 193.9 194.3 193.2 192 190.1 187 181.8 174.8 167.4 160.5 154.3 150.4 148.8 148.8 148.2 148.7 148.5 147.7 147.3 152 158.9 164.2 166.7 166.4 164.5 162.6
85.5 93.2 98.3 101.7 102.4 98.5 99.5 107.3 112 116.2 121.2 126.6 132.1 135.8 138.3 139.9 140.3 139.4 137.4 134.9 134.7 138.3 139.8 139.4 131.5 106.9 90.5 104 117.4 131 136.8 140.2 142.5 143.8 144.3 144.1 144.5 145.2 147.1 148.5 150.2 151.4 152.9 156.3 160.6 164.4 167.9 170.9 172.9 174.9 176.8 179 181.7 184.8 187.4 190 191.8 191.9 191.3 190.6 189.5 187.6 184.7 180.8 172.3 161.6 155.6 149.1 143.9 143.1 141.8 142.9 142.1 141.6 142.6 147.6 154.7 159.2 160.6 159.1 157 154.2
86.5 92.1 96.3 98.5 97.8 90.6 98.5 104.8 110.1 115.1 120.8 126.9 132.7 136.3 138.5 138.9 138.1 136.4 133.2 131.2 132.9 136.7 139.5 140.5 137.3 118.2 92.9 93.3 112.7 125.5 132.4 135.3 137.1 137.3 137.7 137.4 136.5 137 138.4 138.9 142.6 148.5 153.5 157.6 161.3 164 166.8 169.2 170.7 171.9 173.6 175.4 177.9 180.9 184.1 186.7 188 188.3 188 187.6 186.8 185.5 183.5 181.3 177.5 169.9 157.9 149.8 142.5 137.8 136.9 137.4 136.9 136.5 139 144.9 151.9 156 156.3 154 150 146
