public/OST50/SX75.asc
ncols 200
nrows 200
xllcorner 270000
yllcorner 50000
cellsize 50
[rows 108 to 143 of 200, columns 0 to 81 of 200]
143.4 139.5 142.2 143.5 143.9 143.6 142 140.2 138.3 137.3 135.6 133.4 132 129.2 123.3 115.1 106.5 107.7 113.9 115.8 115.5 113.9 109.7 103.3 93.6 82.2 78.6 83.2 77.8 68.9 66.1 72 81.2 84.6 84.7 79.5 70.6 63.2 74.4 83.8 96.3 106.2 115.5 120.9 124.9 126.1 124.6 121.7 116.4 108.1 94.8 78.2 57.6 45.8 45.5 46.1 46.7 47.1 56.7 67.4 72.2 75.1 75 74.3 69.9 63.7 59.5 58 58.6 58.2 61.5 68 76 86.7 98.7 106.7 108.6 111.3 116.7 124.6 129.3 134.8
143.1 139.6 137.1 137 138.7 138.9 138 135.6 134.5 134.3 134.8 135.3 136.2 135.3 131 124.1 111.4 102.2 114.2 118.4 116.3 112.3 107.2 99.4 86.7 75.9 70.4 69.3 71.5 77.4 88 97.2 103.1 108.2 111 103.8 87.9 71 77.9 94.8 106.4 116 122.2 127.6 130 130.2 128.4 124.3 118.3 110.4 100.4 89 73.4 45.9 45.5 45.9 46.3 46.5 51 61.6 70.7 71.7 65.9 58.3 53.3 51.5 58.5 64.5 69.5 74.9 80.2 86.7 95.2 103.9 112.3 116.8 120 124.6 133.4 139.8 145.7 148.4
143.5 141 137.6 134 130.6 132.2 133 132.7 129.8 128.8 131.9 134.3 136.6 136.7 132.7 124.1 108.6 99.1 111.4 115.3 112.5 107.2 100.9 87.7 75.3 73 79.6 83.4 88.7 97 108.1 117.6 124.2 130.3 127.9 121.7 105.9 85.9 78.3 88.3 105.7 117.7 123.7 129.1 132.2 131.9 129.5 124.6 119.1 111.8 102.6 93.5 82.5 59 43.3 45.7 45.8 45.9 46 45.6 59.2 61.7 52.4 48.4 59.3 69.1 78.6 84.8 91 94.3 96.7 100.5 107.2 112.3 117.3 122 129.9 140.4 147.4 151.8 154.6 156
144 144.6 143.4 140.1 135.9 131.9 127.9 125.4 127.6 126 126.7 131.8 133.1 131.5 127.4 118.7 103.7 98.1 104.1 107.9 107.9 101.7 90.6 76.9 77 87.6 97.6 104.9 110.8 114.1 123.4 132.2 136.8 137.9 134.8 128.4 119.6 102.7 86.7 87.4 100.7 114.5 124.2 130.2 134 133.7 130.1 124.8 117.6 110.9 102.3 91.5 80.5 67.7 50.9 45.3 45.1 45.3 45 45.1 48.1 48.6 48.4 63.8 74.6 85 93.9 97.6 93.3 88.2 89.7 95.3 106.4 115 122.5 130.4 139.4 145.6 150.3 152.7 154.5 155
148.8 150.4 150.5 148 144.2 140 134.2 128.1 123.4 120.2 120 122.2 126.4 124.9 120.4 113 99.9 91.8 93.5 98.8 99.3 92.1 78.5 80.4 89.2 101.2 112.5 121.5 128.2 133 136 138.8 141.5 140.6 137.4 132.5 127.9 120.8 104.2 95.3 98.6 112 125 131.8 135.2 135.1 130.4 124.9 116.7 110 100.9 90.1 77.9 65.5 53.6 47.8 44.4 44.7 44.5 44.8 45 46.9 62.7 75.7 86.2 91.8 97.1 84.1 74.2 72.4 75 80.8 92.6 105.5 119 131.5 139.7 145 148.2 149.5 150.7 151
153.1 154 153.1 150.7 146 142.3 139 135.6 132.5 129.1 127.3 111.6 112.5 112.2 110 104.6 94.2 86.4 84.2 84.2 88.3 80.5 82.3 93.3 103 115.2 125.9 132.1 136.6 140.3 141.7 142.7 143.7 141.6 138.7 135.4 133 129 124.9 109.9 103.5 114.1 126.8 133.3 135.5 135 130.8 123.3 113.3 106.7 97.2 84.4 72 61.4 63.9 62.9 53.5 42.3 44.5 44.5 44.4 53.3 64.2 72 82 86.8 85.1 71.5 69.4 76.9 83 86.2 83.8 91.8 108.1 123.5 135.9 140.6 142.4 144.1 145.1 144.6
153.4 153 151.8 148.3 144.9 141.7 138.7 135.9 134 131.6 127.8 119.6 111 103.7 96.6 93.6 91 100.4 95.8 84.5 81.4 82.4 91.8 104.7 115.1 125.8 133.6 139 141.8 142.9 143.9 144.3 143.5 141 138.4 136.5 134.9 132.9 129.6 127.5 119 125.6 130.6 133.6 135.9 134.5 130 123 114.1 102.6 91.1 83.5 78 78.6 82.9 80.6 71.1 63.6 49.6 42.2 44 50.9 55.5 63.4 71.7 74.2 67.8 65 79.8 90.5 96.8 102.6 101.1 92.9 95.6 107.3 120.5 130.2 135.6 137.5 137.9 136.9
151.3 149.9 147.6 144.6 141.1 138.1 134.5 131.5 130.1 127.8 123.8 118.6 112.6 105.4 97.1 94.8 103.4 107.7 96.5 86.6 92 92.1 93.4 110.4 122.6 131.5 137.5 141 143 143.5 144.4 143.9 141.8 139 136.8 135.5 135.4 134.2 133.2 129.6 130 128.5 130.7 132.7 134.3 133.8 131.5 127.3 121.8 115.1 108.5 101.8 93.7 94.8 97.9 93.3 87.2 81 66.8 51.7 41.8 46.1 48.4 55.9 62 57.4 62.1 78.4 93.1 105.1 113 118.4 119.3 110 102.1 98.4 106.1 113.6 127.3 130.1 129.8 129.3
148.3 146.1 142.7 138.6 133.9 131.3 128.2 125.4 123.4 122 119 112.5 106.4 97.3 98.5 107.3 112.5 103.2 88.3 100.9 112.3 110.8 101.6 105 118 132.2 138.3 141.8 144.2 144.7 143.5 141.9 138.9 135.3 132.4 130 131.6 132.6 133 132.8 130.2 128.2 128.1 130 131.6 132.5 131.2 129.1 125.8 121.6 116.6 111.3 109.8 112.2 111.8 110.1 106.2 99.4 86 68.4 51.2 41.8 43.9 48.5 48.1 59.8 76.1 91 107.6 117 123.6 127.5 129.5 126.3 117.8 112.8 109.5 109 115.9 118.3 120.1 122.6
145.8 142.4 137.5 133.3 129.6 124.8 119 114.7 112.7 111.1 107.2 102.2 101 103.6 111 115.6 112.2 97.9 99.5 112.2 121.2 125.8 119.2 107.2 113.7 129 138.6 143.2 145.7 144.9 142.1 138.5 134.2 130.2 123.8 124.2 127.3 129.5 129.7 129.3 127.4 124.7 123.3 124.4 126.3 127.8 127.7 128.6 128.2 125.6 122.7 120.9 120.7 121.5 121.6 120.4 118.4 115.7 107.4 89.9 68.5 50.5 42.3 43.8 56.5 74 87 102 114.8 123.4 129.4 132.7 135.1 136.4 134.4 131.9 126.7 122 119.7 121.2 124.4 129.9
145.4 142.8 139.4 133.2 125.8 124.6 124.9 121.9 117.1 112.2 110.2 108.4 108.7 113 115.6 114.7 109.4 97.6 110 121.1 128.5 132.7 132.5 124.2 117.3 127.7 140.3 144.4 145.2 142.7 139 134.7 129.2 122 117.6 120 123.7 125 125.1 123.9 121.8 117.6 114.6 116.9 118.9 120.6 122.6 125.7 127 127.4 126.4 125.8 126.4 126.7 126.7 126.4 125.1 122.5 117.8 107.2 87 65.7 46.7 41.3 50.6 71.2 89.4 106.2 118.3 126.7 131.6 134.9 137.1 139.6 140.8 141.3 142.1 140.3 138.4 137.8 140.3 144.2
145.7 142.9 139.1 133.5 129.8 130 130.4 130.2 127 121.9 116.6 113 113.3 116.4 115.2 111.3 100 107.4 120 130.1 136.2 140.3 140.5 137.4 129.8 131.3 141.3 143.7 142.8 140.1 136.3 130.9 124.8 117.1 111.2 116 119 119.2 117.9 116.6 114.3 109 99.9 104.2 108.5 112.1 116.6 121.6 123.7 125 125.1 125.5 126.7 128.2 129.1 129.4 127.9 124.2 119 110.9 98.6 81.1 62.4 45.2 44.8 65.4 86.8 105.9 120.8 128.5 131.8 134.1 136.3 139.3 141.4 144.1 145.7 146.4 146.4 146.7 148.3 150.8
146.5 142.7 136.7 134.9 135.2 135.9 136.4 134.5 131 126.8 122.6 117.7 116.7 116.7 114.7 108.8 108.3 119.7 128.9 136.4 142.9 145.6 145.3 143.8 141.2 136.9 142.9 143 141.3 138 133.8 126.7 120.4 110.1 105.5 111.8 114.4 113.7 110.8 106.7 101.9 95.1 88.9 89.1 92.4 96.9 107.6 116.4 118 118.6 118.4 120.4 123.2 126.3 128.6 129.8 127.5 121.8 114.6 102.6 89.6 80 71.4 50.4 41.3 59.7 87 107.1 121.1 127.5 129.9 131.4 132.9 135.9 139.9 144.2 147.4 149.3 150.3 150.9 151.9 153.2
146.2 143.2 141.3 139.8 140.3 140.9 140.9 139.1 136 132.2 126.9 122.5 119.7 117.2 114.1 108.9 114.7 124.3 133.2 140.4 145.4 147.7 147.8 147.3 146.3 144.7 144.3 143.4 141.3 137 131.9 125.2 118.3 109.8 100.8 103 107.7 104.6 100.6 93.7 86.3 81.5 79.6 78.8 76.3 81.6 93.7 105.3 110.5 110.8 108.6 110.2 115.3 120.3 124 124.6 122.2 115.3 104.3 89.4 78.4 70.4 64.6 49.1 41.3 54.8 82.3 103.4 117.8 123.4 126.2 126.4 127.9 132.4 136.3 144.1 148.7 150.8 152.1 152.6 152.8 153.9
146.9 145.5 146.3 145.9 145.5 144.8 143.9 142.7 139.2 135.1 130.8 126.5 121.4 117.4 111.8 112.5 119.9 127.6 136.2 142.2 146.3 148.8 149.6 149.9 148.9 146.9 144.8 143.5 140.7 136 131 124.7 117.5 110.5 103.3 95.6 96.5 93.2 89.6 84.4 85.6 87.3 88.6 89 84.4 77.2 76.9 87 92.6 95.2 92.4 91.9 97.8 104.8 112.2 116.4 114.4 105.9 91.3 78.7 65.2 58.2 52.8 45.5 41.4 57.2 72 90.2 106.3 113.7 118.4 121.2 126.1 137.5 141 145.5 149.8 151.3 151.3 150.5 150.8 152.1
147.8 148.7 149.4 149.5 148.1 147.2 145.8 143.7 140.2 136.4 131.9 126.6 120.3 113.9 118.3 123.6 130.1 135.2 140.4 145.1 148.6 150.9 151.9 150.6 148.8 146.5 144.4 141.1 138 133.7 128.7 122.6 116.7 109.1 102.2 95.7 92 91.8 93.1 95.3 98.5 100.9 100.8 98.9 95.6 88 77 71.1 73.7 76.5 74 73 76.5 82.3 90.7 98.5 103.2 93.1 78.3 64.6 50.9 44.7 41.6 40.8 40.7 75.2 89.6 94.2 102.3 112.8 119.8 125.4 134.4 138.7 142.5 146.2 148.7 149.2 147.8 145.6 145 146.3
148.6 150 150.9 151.1 149.4 147.9 146.1 143.3 139.8 135.7 130.9 124.7 119.9 124.2 130.8 135.1 138 141.4 145.3 148.6 151.7 152.5 151.8 149.7 147.7 145.6 142.3 137.5 133.1 129.5 125.1 120.3 113.9 105.9 97.6 93.8 95.4 98.4 100.5 104 109.5 113.8 114.5 112.4 109.3 103 94.5 84.4 77 71.3 68.6 64.9 59.4 61.9 66.8 75.2 86.2 75 61.9 47.4 41.7 39.3 41.3 50.1 70.1 94.3 110.7 117.5 123.5 129.8 132.6 136 139.8 141.3 143 145.3 147.1 145.8 142 137.1 131.8 137.5
149.3 150.8 151.7 151.5 150.1 147.6 145.4 142.6 139.2 135.3 130 125.5 129.3 134.8 138.1 140.5 142.9 145.3 147.7 149.8 151.3 152.2 150.7 148.5 146.2 142.9 139.1 134 128.1 124.2 120.1 114.8 108.8 99.3 97.1 98.6 100.2 103.2 107.1 114.2 120.3 124.4 125.6 124.5 120.3 114.4 108.3 103.5 98.5 92.2 86.1 79.6 71.8 62 52.8 54 65.5 63.7 46.3 38.9 41.3 41.4 58.8 76 95.2 116.5 129.7 135 136.9 136 136.8 138.5 138.5 139.7 140.7 142.1 142.6 140.1 133.1 121.2 114.9 125.4
149.8 150.8 151.4 151 150.1 147.7 145.2 142.5 139.7 136 131.5 133.2 137.1 139.1 140.5 142 142.8 145 146.9 149.2 151.1 150.9 149.1 146.2 142.3 138.4 133.7 127.1 121.8 116.1 113 106.5 101.7 100.8 102.1 103.9 107 111.1 117.4 124.1 128.6 131.9 133.9 133.3 128.6 123 118.4 116.3 113.1 110.1 106.9 100.7 91.6 79.2 66.2 54.4 47.4 47.1 41.6 40.7 41.3 50.6 75.6 94.1 113.6 129.1 136.1 138.5 138 133.2 130.3 130.2 129.5 130.7 132 134.3 135.7 133.5 124 106.6 103.1 116.6
148.2 149.4 149.9 149.7 148.8 147.8 145.5 143 140.2 137.2 136.5 138.8 139.7 140.3 140.6 139.9 140.8 143.4 145.6 147.7 149.2 148.5 145.8 141.5 136.3 129.5 124.6 119.9 115.5 110.5 106.1 107 106.8 107.9 109.4 113.3 118.7 123.5 128.1 131.5 134.7 137.1 138.8 138.2 135.6 131.6 129 127.1 125.2 122.9 119 112.6 106.3 98.1 85.4 73.1 56.7 44.8 42 38.9 42.4 69.4 84.3 103.2 122.8 133.2 138.8 136.9 131.7 125 121.6 118.2 115.3 115.8 119 123 125.2 124.4 117.1 98.9 92.1 106.4
144.2 146.2 147.4 147.6 147.1 146.8 145.9 143.7 141.7 140.3 140.2 140.8 140.6 140.1 139 138.2 138 141.3 143.5 145.7 146.4 145.9 142.4 135.8 129.8 124.4 119.5 116.4 113.6 112.7 113 112.9 113 115.7 119.4 124.6 128.5 131.5 134 135.9 137.9 139.7 140.8 140.7 140.4 140.4 139.3 138.6 136.4 131.5 125.3 120.1 114.3 108.8 97.7 86.9 66.6 46.6 42 38.5 54.4 75.3 89.1 107.2 123.9 130 132.7 130.1 122.3 109.7 105.6 100.5 96.2 97.3 101.4 107.7 110.8 110 106.4 95.8 81.5 92.5
138.5 141.4 143.6 145.1 145.3 145.3 145 144.2 143.1 142.2 141.8 141.3 140.3 138.9 137.8 136.6 135.9 138.1 140.8 143.3 144.9 144.2 142.9 137.6 131.7 127.2 123.3 120.6 118.9 118.3 119 120.5 122.3 124.7 128.1 132.1 134.5 135.7 136.8 137.5 138.3 138.5 138.5 138.2 138.8 139.6 139.7 139.1 137 132.1 127.7 122.8 118.1 111.4 103.7 90.3 66.8 42.8 40.7 41 59.1 73.6 89.1 105.9 114.1 117.6 117.6 113.2 103.6 94 88 82.7 79.3 80.9 85.2 91.1 95.8 94.9 90.7 84.5 74.1 77.9
132.8 136.2 138.7 140.1 142.1 143.7 143.2 144.1 144.2 144.4 143.7 141.5 139.9 137.8 135.2 133 132.6 135.2 138.4 140.8 143.6 144.6 142.9 139.9 136 132.2 129.2 126.7 124.4 123.3 123.3 125.5 127.3 129.5 132.2 134.6 136.2 136.7 136.7 135.9 135.1 134.7 133.1 131.6 131.9 132.2 132.2 131.7 131.2 128.2 124.8 120.9 115.5 110.5 101.2 87.4 64.8 40.4 39.9 40.9 55 67.6 83.3 96.9 104.5 104.6 100.5 93.1 84.9 76.7 69.9 66 64.3 63.6 69.2 75.4 79.7 79.6 76 69.9 66 65.8
125.8 130.1 132.5 134 136.8 139.1 141.4 143.5 145.7 145.9 144.6 141.9 139.4 136.9 134.1 131 130.6 133.1 135.7 139 141.3 142.3 141.2 139.7 137.3 133 130.2 127.7 124.2 123 124.1 126.4 128.1 129.5 131.8 134.4 135.1 135.1 133.4 131.7 129.9 127.9 125.9 123.8 122.7 122 121.6 121.2 120.9 119.9 117.8 115.6 111.9 106.5 98.3 85 63.5 38.1 40.4 41.4 45.4 60.5 78.4 91.6 96.8 93 81.1 71.7 64.9 59.2 50.8 50.4 52 52.5 56.6 57.8 63.7 64.7 63.5 61.6 61.4 61.5
116.7 119.9 123.1 126.1 129.9 134.9 140.9 144.4 146.5 146.3 143.7 142 139.2 136.2 133 129.7 127.3 130.5 133.7 137 138.8 139.3 137.9 136.7 134.7 131 127.7 124.2 121 119.5 120.4 122.1 123.8 127.6 130.3 132.5 131.1 129.2 127.9 126.2 123.9 120.8 118.2 116.1 114.1 112.3 110.4 108.5 107.7 107.9 107.5 107.2 106.9 102.8 95.9 84.5 64.8 38.4 39.8 40.8 41 51.9 71.2 90.1 93.8 77.8 57.2 47.9 47.2 48.8 50.2 55.8 62.5 64 59.4 56.6 56.6 56.6 55.8 56.3 58 59.3
110.2 113.3 116.8 124.2 130.9 138.7 143.6 146.1 147.4 146.6 144.6 142.3 138.9 134.6 130.9 128 125.6 126.7 132.7 135.9 138 137.1 134 131.7 129.4 124.8 120.6 116.9 114.8 114 114.3 115.5 117.7 120.6 124.6 125.5 124.4 123 121.9 120.1 117.1 113.2 109.9 107 104.1 100.2 94.6 93.4 94 94.3 96.3 97.5 98.8 96.9 91.5 81.7 65.7 40.3 39.3 41 40 40.7 60.1 83.2 78.7 58.7 45.4 46.6 48.4 54 59.8 65.8 70 73.7 75.9 76.5 75.1 72.6 67.6 64.7 61.8 65.1
108.6 113.9 120.5 127.2 133.3 139.5 144.5 146.3 146.3 145.3 143.3 140.9 136.7 132.3 129 126.5 124 127.3 131.9 135.9 137.1 134.4 130 126.7 122.2 117.9 114.1 111.1 109.2 107.2 106.4 104.5 108.4 115.7 118.5 118 115.8 115 115 113 108.2 101 94.1 92.7 83.9 78.2 72.4 70.2 72.5 72 75.9 82.3 86.4 87.2 81.9 74.6 64.1 49.2 39.3 38.5 39.1 39.2 45.1 68.8 63.3 43.9 46.6 49.8 54.4 57.9 62.9 67.6 71.2 74.3 77.1 79.9 81.6 79.9 74.1 70 71.4 73.2
112.2 120.5 128.4 133.8 138.2 142.6 144.3 145.3 144.7 143.7 141.5 137.9 133.5 130.1 126.8 124.7 123.3 126.2 130.8 135.4 134.6 130.3 126 121.4 116.2 110.6 108.2 105.2 101.9 95.9 92 88 90.6 102.5 108.6 112 109.3 105.3 101.8 98.7 90.2 78.4 73.2 70.2 65.5 58.3 56.1 55 53.9 53.4 54 59.1 62.9 65.6 63.8 60.9 57.4 47.6 40.1 40.8 37.2 38.7 40 54 52.2 43.2 47.4 52.2 54.9 59.4 63 67.1 70.2 73.6 77.9 80.8 81.7 79.1 76.4 77.1 81.8 85
119.9 126.4 132.2 137.3 139.8 142 143.6 143.5 142.7 141.5 139.8 135.1 130.8 126.9 124.2 121.6 121 125.1 130.3 133.4 131.4 126.8 121.2 115.6 108.8 104.8 102.2 98.5 93.2 86.2 85 83.6 80.9 82.1 95.1 103.5 100.2 93.4 84.2 77.8 71.6 67.7 64.2 61.1 59.9 61.3 59.7 58 55.3 50.9 49 48.5 47.1 45.9 46.5 45.4 44.8 41.5 41.9 47.9 39.6 38 39.1 42.3 40.5 44.3 47.1 50.7 53.6 57.6 60.5 66.1 71.1 74.9 78.4 81.4 83.3 80.4 80.7 87.2 93.9 98
127.2 130.3 135 138 140.2 141 142 141.2 140.6 139.1 136.1 132.4 128.1 124.3 121.6 119.3 119.5 123.2 127.7 129.5 127 121.5 114.7 105.8 99.6 96.1 93.2 91.6 89.5 90.2 89.4 86.3 82.7 78.8 77.5 85.4 84.8 79.4 69.5 67.3 65.7 68.7 68.5 71.9 70.9 64.5 66.4 70.5 70.8 68.7 64.7 59.5 54.6 50.6 48.2 46.5 45.1 46.9 54.7 52.2 40.9 38.3 36.5 39.9 43 46.9 51 57.1 62.6 66.7 70.6 73.3 74 76.1 79.9 83.7 86.1 87.7 89.9 100 106.6 110.5
130.3 133.8 136.5 138.4 139.7 139.9 139.2 138.5 138.4 136.6 133.4 129.7 125.3 121.9 119.4 117.5 117.4 117.8 120.5 123.9 121 114.7 103.3 100.7 102.7 99.8 98.4 97 95.1 94.1 91.4 90 93.7 89.8 79.7 74 72.1 71.7 73.1 74.3 74.8 76.8 77.3 81.8 79.7 71.9 72.5 79.8 79.9 79 76.3 72 67.2 61.8 58.3 57.7 56.6 60.2 60.3 51.2 39.7 37.9 38.4 44.3 48.9 54.2 58.6 61.7 66.8 72.1 79.1 84.3 85.4 84.6 84.6 85.9 90.8 93.7 96.7 104.3 110.6 115.5
132.2 135 137 138.6 138 136.7 135.4 135.2 135.5 133.9 132.1 128.9 124.2 120.7 118.6 117.3 115.6 116.5 113.3 113.1 110.3 104.8 107.8 113.1 114.8 113 112.5 111 103.5 98.5 94.5 94.4 103.3 101.7 96 86.8 84.3 80.7 83.8 84.4 82.7 82.3 87.2 91.9 91.3 78.6 80.6 85.8 90.3 87.5 87.7 86.4 79.5 74.2 69.5 67.3 65.3 64.2 59.9 44.5 38.2 35.1 40.7 50.3 56.4 60.4 64.1 69.3 74.8 80.9 88.4 94.8 98.7 99.4 96.7 93.3 93.5 96.3 100.8 108.2 113.1 117.7
131.6 134.2 135.9 136.3 134.3 132.8 132.2 131.4 133.6 133.7 131.9 128.7 124.8 122.7 121.9 121 119.7 117.3 114.1 111 109.5 117.3 122.9 123.7 123.5 122.8 120.2 115.2 106.6 103.6 101.1 99.6 108.7 109.1 108.1 106.2 102 93.6 98.8 99.5 96.1 90.4 94.6 97.9 99.6 93.6 93.2 95.5 101.5 102.3 97.6 92.7 87.9 83.3 79.1 75.6 70.2 66.8 58.9 42.6 35.1 38.2 43.9 51.3 58.2 63.5 69.6 75.9 82.6 90.1 99 105.8 110 112.3 112.1 108.6 102.9 103.1 105.3 110.1 115.8 121.5
128.3 131.1 131.3 130.4 129 128.8 128 131.4 133.6 134.1 132.8 130.9 128 125.5 126.4 126 123.3 121.9 123.4 121.9 119.1 120.2 125.9 128.5 128.2 126.2 121 114.4 111.8 109.4 107.9 107.9 116.1 118.4 118.2 115.7 111.2 103.4 111.5 110.6 107.3 102.4 100.2 105.9 110.6 107.8 98.4 99.1 108.5 107.7 103.3 99.6 94 87.7 82.2 77.8 73.4 67.1 59.5 39.3 37.4 37.9 46.7 53.1 59.5 65.6 72.2 80.7 90.9 99.9 108.6 114.9 118.6 120.1 118.9 115.9 109.6 109.3 109.4 114.6 120.3 125.2
124.9 125.1 124.9 124.7 123.9 125.1 128.3 130.2 134.8 135.3 134.8 134 131.7 130.2 131.3 130.8 126.5 130.2 134 134.4 130.7 128.6 128.2 131 130.1 126.7 121.9 118.6 117.5 114.3 113.6 117.6 122.7 126.4 126.6 123.9 118.1 113.5 117.9 119.3 117.4 114 107.7 115 118.9 115.7 108.4 111 112.8 111.1 107.1 102.3 96.5 90.3 84.3 80.4 74.4 68.6 49.3 35.1 37.2 41.7 49 55.5 61.7 67.6 75.5 85.9 96.6 105.5 112.3 118.5 122 124 123.5 121.3 117.9 118.4 117.7 118.8 123.5 127.8
117 114.9 116.4 117.8 121 124.8 128.2 132.9 136 137.5 137.7 137.2 135.6 135.6 135.8 133.6 129.8 135.7 138.6 139 137.7 135.9 135.7 133.6 131.5 128.2 126.7 124.5 123.4 121.9 119.4 124.4 129.2 132.3 132.7 131.2 127.1 121.8 125.7 128.4 127.3 123.3 118.4 121.3 123.8 120.1 117.2 117.4 116.2 113.7 109.9 105.2 99.7 93.4 87.1 81.5 74.5 60.4 39.7 37.2 40.7 46.5 52 58.4 64.3 71 79.4 90.7 99.2 106.1 112.5 118.7 123.8 127.1 127.6 126 123.9 123.1 123.2 124.5 126.7 130.2
