public/OST50/SX75.asc
ncols 200
nrows 200
xllcorner 270000
yllcorner 50000
cellsize 50
[rows 72 to 107 of 200, columns 82 to 163 of 200]
132 125.6 121.7 115.4 115.5 113.7 112.3 110.1 107.5 104.4 99.5 93.5 88.9 83.9 79.7 77 74.2 70.5 68.8 69 70.6 72 73.9 74.7 80.8 89.6 93.8 96.6 96.5 94.1 93.2 95.4 96 95 93.1 90.9 88.9 87.4 84.1 80.2 74.6 61.3 61.8 66 70.2 70.8 74.4 76.5 74.3 71.6 67.2 61.3 56 52.1 46.8 42.6 41.9 41.7 41.2 40.6 41.4 62.6 88.9 99.7 105.5 110.9 112 110 106.4 102.3 98.9 94.3 89.2 84.7 80 76.1 72.4 68.6 65.2 60.5 56.2 52
127.8 119.8 115.3 112.3 108.5 102.9 100.8 96.8 93.6 92 89.5 85.9 81 78.3 74.3 74 74.4 76.5 77 78.3 80.9 83 85.7 84.2 84.5 92.5 100.1 104.7 106.8 105.8 103.9 102.7 101.4 99.6 98.3 95.7 92.7 90.5 87.3 81.3 69 65.4 74.5 78.8 80.2 79.9 82.4 85.4 86.4 86.3 84.7 79.2 72.2 64 58 52.8 47.9 47.3 43.7 40.9 40.7 64.1 77.8 84.4 89.7 98.5 103 103.5 102.2 100.3 97.7 93.7 88.9 83.4 77.8 72.5 69.2 67.7 65.7 62.8 60.6 58.2
130.4 126.8 125 122.8 119 114.6 111.4 108.1 102.8 97.3 89.3 85.6 79.1 76.8 82.9 87.4 87.9 86.1 86.4 88.6 92.7 96.7 98.8 99.7 97.2 99.9 106.1 111.6 113 112.2 110.7 108.2 105.4 103.1 100.7 97.5 93.1 89.4 85.5 76 67.4 80.2 84.4 89.2 89.7 90.7 92.8 95.3 97.8 96.5 95.3 90 84.7 76.5 65.3 58.4 51.6 44 42.2 41.5 42.5 50.7 65 71 74.4 78.9 86.7 93.1 94.8 93.4 93 91.5 88 82.6 76.1 70.1 62.2 62.2 62.9 60.2 58.8 46.7
137.2 135.2 133 130.4 126.9 122.6 118.5 113.6 108 101.5 96.9 91.3 79.9 87.5 99.7 106.7 106.5 103 106.8 111.8 114.4 117.7 118.7 118.5 115 114.2 117.3 118.2 118 116.1 113.6 110.2 106.2 102.5 99.8 95.8 90.9 82.2 76 70.2 80.3 89.5 96.3 99.8 99.6 100 101.2 104.4 104.8 101.9 98.3 93.4 86.9 76.8 62.1 49.4 43.3 42.4 41.3 40.7 40.1 43.1 44 50 58.6 64.6 68.6 74.4 80.4 83.7 87.1 87.9 84.9 80.7 74.5 68 59.6 52.3 55.2 50.7 46.6 41.7
138.5 136.9 134.6 131.5 127.7 123.5 118.8 113.1 106.4 101.3 96.6 89.9 80.2 92.8 110.2 116.9 117.4 116.3 119.1 122.4 124.8 127.2 128.5 127.7 125.1 123.5 123.2 122.3 120.7 117.6 114.5 110.4 104.5 101.7 92.1 86.2 82.4 81 78.8 81.9 89.5 101 106.3 107.2 106.7 106.5 106.9 108.2 107 103.9 99.4 92.7 83.8 68.7 50.4 43 42.5 46.2 46 44.9 41.6 40 39.3 39.2 39.2 43.2 50.1 56 62.2 68.9 79.6 81.9 80.3 76.9 71.3 63.4 55.3 44.8 40.7 36 33.3 32.9
138.1 136.5 134.2 130.9 126.9 122.4 116.8 110 99.2 92.6 92 93.7 84.1 92.1 110 120.1 123.4 123.1 125.6 128.6 131 133.2 134.5 133.5 131.5 128.7 126.9 124.7 121.8 118.1 114.3 109.9 109.6 106.2 101.7 92.5 92.3 91.7 89 91.7 99.6 103.6 108.6 110.3 110.4 110.4 109.7 108.9 107 104.9 100.3 93.7 79.4 58.7 43.8 45.1 52.3 61.6 62.7 56.2 48.7 43.9 39 38.4 38.6 38.2 38.7 38.9 46.2 56.6 68.5 74.1 74.2 71 65.7 56.8 47.8 37.4 34.5 34.4 34.6 33.9
135.7 134 131.9 128.8 124.3 118.6 113 103 105.7 106.6 105.6 102.7 91.3 89.7 108 120.4 125 128.1 131.3 132.8 133.9 135.7 136.9 136.1 133.8 131.5 128.5 125.1 122.5 117.3 114.7 114.5 110.9 108.4 103.2 97.2 100 98.8 97.8 99.5 102.8 105.4 107.5 108.8 109.7 109.9 109.4 108.2 105.9 102.2 98.6 91.6 71.6 51.4 44.2 58.5 66.5 77.4 79.7 77.3 67.4 57.9 50.1 43.4 40.4 37.9 37.8 38 38.4 45.5 54.4 60.8 65.3 63.5 57.8 48 38.3 35.2 35.3 35.5 35.7 36.8
133 132.3 130.2 126.2 121.5 117.9 116.6 113.9 112 110.4 108.6 105 96.3 89.6 103.2 120.4 126.3 130.2 132.9 134.1 135 136.6 137.4 136.5 133.3 131.4 129.1 125.8 123.2 120.1 117.6 114.9 112.4 109.1 106.6 106.3 105.9 105 104.6 105.4 107 105.9 105.7 106.7 107.6 107.6 107.4 105.8 102.3 98.1 92.7 83.1 63.7 46.6 49.8 66.9 74.6 82.3 87 84.7 83.4 80.9 72.2 65.9 59.8 53 43.6 37.8 37.1 37.7 40.6 44.5 46.9 48.4 45.2 35.9 35.4 35.6 37.1 39.7 49.5 55.5
131.5 131.4 130.9 129.4 127 124.1 120 115.6 110.6 107.8 107.4 103.8 95.5 92.6 104.5 120.7 125.7 129.2 131.8 133.1 134 134.3 134.1 133.7 132.8 131.9 130.5 127.7 125.4 123.2 122.2 120.5 118.7 116.9 114.8 113.3 111.9 110.2 108.9 107.6 105 102.5 102.1 101.7 103.4 103.7 102.8 100.4 96.7 91.3 84.8 73 57.7 45.5 51.9 70.3 77.3 83.2 88.1 89.3 90.2 90.8 88.2 84.5 79 69.2 58.1 48.6 43.3 39 37 40.5 36.5 36.2 36.1 35.5 36 38.2 42.9 53.6 63.2 66.3
130.1 131.3 131.6 130.5 128.7 124.1 119.9 118.8 114.7 108.2 101.9 97.6 96.9 99.4 106.9 118.9 122.9 126 129 129.2 130.7 131.7 132.6 133.5 133.2 132.3 130.9 128.4 126 125.3 124.6 123.2 121.6 119.7 118 115.2 111.7 109.2 106.3 104.5 101.8 99.3 96.1 95 97.3 97.2 95.7 92.8 89.6 83.6 75.9 65.1 51.5 45.4 56.5 73.3 81.1 84.7 88.4 91 93.6 95.2 93.5 90.8 86.2 79.8 73.4 66.7 61.3 55.1 45.7 39.4 38.2 37.8 37 37.1 41.5 47.5 57 67.6 71 73.3
129.9 131.5 132.3 132 129.9 126.5 126.1 123.6 119.4 113.8 108.6 106.8 106 107.1 111.2 116.9 119.7 122.1 123.4 125.6 128.1 129.3 130.5 132.1 132 130.7 128.7 126.1 123.3 122.1 122.4 122.6 120.7 119.4 117.1 112.2 109.8 108.8 99.7 99.7 97.3 94.3 88.9 83.7 89 88.4 86 83.4 79.8 74.1 65.3 54.6 46.5 47.1 52.9 73.9 81.9 84.8 86.7 89 93.1 96.3 96.2 95 92.1 87.9 83.6 80.7 78.3 75.5 69.7 59.9 46.6 39.1 42.9 45.6 55.2 65.8 74.5 77 78.2 77.8
128.7 130.6 131.4 132.3 132 131.5 130 127.6 124.1 119.9 115 113.5 112.6 112.7 113.4 115.6 115.9 116.8 117.5 122.1 124.5 126.1 128.4 128.8 128.6 127.1 124 120.5 117.2 115.5 116 117.1 115.8 113.7 106.4 107.5 107 100.6 103.9 93.8 90.6 86.9 80.7 74.4 77.7 77 72.8 68.8 65.2 49.8 51.5 47.7 50.1 57.3 48.4 61.7 76.3 80.3 83.2 87 91.3 95.3 97.5 97.5 96.1 93.4 89.5 85.4 81.8 75.2 64.6 52.4 45.5 46.4 51.8 59.6 71.6 80.1 82.9 83.3 82.5 80
127.1 128.9 130.9 132.6 133.4 134 133.6 131.4 127.9 124.1 120.6 118.8 117 116.4 114.6 112.4 110.6 109.8 111.5 116.4 118.9 124.5 125.5 124.7 124.5 122.4 118.5 113.2 107.8 106.5 106.3 105.6 106 104.4 102.6 102.3 97.1 92.9 89.6 82.2 77.7 73.4 68.5 62.9 63.5 61.5 58.5 54.3 53.4 50 48.3 55.8 68.2 70.9 58.7 53.7 69.5 75.3 83.8 88.9 93 96.4 98.9 99 97.4 94.4 89.7 84.9 77.9 65.8 51.8 53.8 57.5 57.8 58.3 69.7 82.2 86.8 86.6 85 82.4 79.7
124.3 127.3 131 132.8 134.5 135 135 133.1 130.4 126.2 124 121.6 118.7 116.6 112.8 107 104.5 104.8 105.4 106.7 115.8 120.6 120.7 118.5 118.6 116.2 112.5 105.7 92.7 92 87.2 84.3 83.5 85 88.2 89.5 86 80.9 74 66.9 61.4 57.9 54.6 53.8 52.3 51.5 50.9 50.7 51.7 58 65.1 75.4 84.3 79.8 67.8 56.9 61.1 75.4 83.5 91.1 95.9 98.8 100.8 100.3 97.2 93.2 87.4 80.1 68.6 57.5 63.1 69.9 72 69 64.3 76.7 86.9 88.9 87.7 85.5 82.3 78.5
123.6 128.7 132.3 134.5 136.9 136.9 134.6 133 128.8 125.1 122.7 120.7 117.9 113.9 108.6 103.4 97.1 97.3 97.9 97.9 108 113.1 112.9 109 110.1 109.4 106.1 99.2 83.8 74.7 68.7 63.3 63.4 63.8 66.8 73 70.6 66.7 59.5 55.4 57.6 60.6 60 59.6 61.9 64.7 65.1 53.7 64.9 80.2 88.7 90 87.5 82.1 74 66.2 55.5 71.1 82.2 94.1 97.5 99.4 100.4 99.4 95 89.5 81.9 72.9 62.4 66.8 74 76.4 81.6 76.3 70.5 82.9 88.9 89 87.4 85.2 81.7 77.1
125.1 129.8 133.1 135.3 135.7 135.1 132.8 130.8 125.6 121.5 117 112.7 108.6 104.3 98.9 93.6 91.3 90.6 91.5 92.3 97.8 103.3 104 100.1 102.2 101.3 96.9 86 72 67.5 78.1 80.3 78.7 72.6 64.9 58.8 58.1 57.1 60.7 68.7 74.7 78.1 78.4 78.2 80.9 82.1 73.3 54.4 68.7 86.3 93.6 92.4 88.4 83.9 78.2 67.6 54.1 64.1 81.8 88.5 95.8 98.4 98.3 96.6 92 85.6 77.9 70.4 65.6 72.8 79.7 85.1 83.5 79.6 76.7 84.8 87.8 87.7 86.3 83.2 79.4 74.7
126.2 130.3 133 135 135 132.9 130.6 126.1 119.9 113.3 105.9 98.3 92.8 91.2 87.3 86.1 84 84.5 85.4 85 87.4 89.8 91.3 87.5 92 89.6 79.5 69.4 74.5 88.1 96.4 96.6 92.9 83 66.8 58.8 61.4 70.8 80.5 88.3 94.2 95.6 94.1 92.5 91.8 90.1 80 60.4 65.9 82.9 91.2 91.2 88.4 85 80.4 74.4 62.1 57.5 73.8 87.4 94.4 97.6 97.7 94.8 90.4 86.4 81.2 74.1 70.2 78.6 84.1 86.9 86.1 83.7 81.6 84.5 86.6 86.8 84.8 81.5 77.4 73.2
129.3 131.5 133.7 134.1 133.4 130.1 125.9 120.6 110.1 103.2 105.7 102.8 95.7 97.5 95.6 91.7 87.9 85.5 81.7 80.1 79.5 78.2 76.8 76.3 75.5 72.4 75.4 82.7 92.5 102.3 102 99.2 92.4 75.3 60.8 66.2 78.9 90.2 95.2 100.1 102.5 101.4 98 95.2 92.9 89.6 83.4 66.9 63.2 78.1 88.1 91.2 89.7 87.5 84.9 80.9 70.9 60.8 64.6 82.1 92.7 97.4 98 96.2 92.6 87.9 81.9 75.4 73 80.8 85 87.7 88.5 87.9 85.5 87.2 87.2 86.2 83.9 80.2 76.2 70.8
131.7 133.4 134.3 134 132.5 129 122 115.6 108.3 115.7 116.7 111.6 100 109.8 109.7 104.7 98.2 93.3 91.8 90.5 89.3 88.8 88 86.9 86.7 89.5 93.7 98.1 101.9 103.7 101.6 97.9 88.3 67.9 61 78.8 92.5 98.3 101.6 103.9 103.1 100.7 96.4 93.4 88.1 85.7 80.3 70.5 63.2 78.9 88.6 92.6 93.1 91.3 88.8 85 78.7 68.3 58.9 78.5 91.9 97.7 98.4 96.9 93.3 88.1 80.7 76.4 72 80 84.8 88.9 90.7 89.9 87.8 87.7 85.9 81.8 80.8 77.7 73.1 70.7
133.8 135.3 136 135.5 133.9 131.5 126.8 123.6 123.4 123.1 121 113 110.5 118.1 119.1 116.6 113.1 108.2 106.1 105.8 105.6 103.5 102.8 101.9 102.2 103.6 105.2 105 105.1 103.8 101.2 95.8 81.5 62.2 69.4 88.4 98.9 103.5 105.5 105.4 103.2 99.3 94.6 89.6 83.8 81 76 68.4 67 80.4 88.8 92.7 94.6 93.8 91.7 88.5 83.2 73.9 63.6 69.3 85.3 93.2 96 95.9 93.2 87.9 85.1 81.9 80.1 82.1 87.4 91.1 93 91.6 90 89.3 87.5 85.6 82.9 80.1 77.3 73.8
136.8 138 138.9 138.3 137 134.4 132.9 131.7 131.4 129.8 127.3 113.6 119 125.1 128 128.7 128.5 127.5 126.5 126.1 125.5 124.3 122.8 121.8 121.8 120.3 117.1 114.9 112 108.1 102.9 95.2 79.5 62.9 74.8 92.5 102.2 107.1 108.5 107.5 104.1 98.9 93.2 86.8 77.5 73.9 70.5 68.4 71.2 81.2 86.3 91.7 94.1 94.7 93.8 91 85.2 76.8 67.7 64.2 80.5 89.9 95.6 98.9 98.8 97.4 92.8 88.4 85.1 85.6 89.5 92 93.5 93.8 93.5 92.3 90.2 87.3 84.5 82.1 78.8 73.7
140.7 141.6 141.6 141.3 140.3 138.8 137.3 137.4 137.8 136.8 135.1 126 129.5 136 138.2 139.3 139.9 137 133.3 132.8 132.2 131 129.2 127.7 126.9 125.5 122.5 118.9 114.4 109.3 102.3 89.5 76.2 65 77.7 95.3 104.1 107.7 110.1 109.5 106.3 100.4 93.2 86.7 80.2 74 75.9 74 70.9 75.8 83.9 89.9 93.9 96.5 96.5 94.7 88.9 80.8 68.1 66 86.4 96.1 102.8 105.8 106.1 103.9 98.5 93.4 91.8 92.3 94.1 96.1 97.9 98.3 97.1 94.7 91.6 87.8 84.7 81.6 76.6 70.7
143.4 143.8 144.1 143.7 142.8 142.5 141.3 142.6 142.9 142.6 141 135.2 141.1 143.8 145.3 147.2 146.9 143.4 138 133.4 130.9 129.3 127 126.2 124.7 122.1 120.2 117.8 113.3 106.4 91.7 75.1 68.3 65.6 68.7 84.8 99 105.8 110 111 108.7 103.8 96.9 90.9 84.4 83.7 82.6 80.2 76.1 77.3 82.4 89.4 96 100.2 100.2 98.5 93.4 86.4 71 69.5 88.3 102.7 109.4 109.5 109.8 107.4 104.9 101.3 98.2 98.1 98.2 98.3 98.3 97.7 96.8 93.3 89.2 85.5 82.9 78.4 72.1 65.6
143.9 144.3 144.5 144.2 143.6 143.4 144.3 145.6 146.3 146.2 144.8 144.3 147.5 149.3 150.4 151.1 149.6 146.5 141.2 133.1 127 122.6 120.8 119.7 117.8 115.5 112.7 108.5 102.1 90.1 75.7 74.4 79.3 78.2 68.3 71.8 88.4 103.3 109.5 111.6 110.5 107.3 102.5 97.2 93.6 94.3 93.5 88 84 87.3 91 94.7 100.1 102.8 102.9 100.7 97 91 76.3 68.1 84.7 104.2 109.7 110.1 110 111.2 110 106.7 103.6 102.3 100 98.1 95.4 94.9 92.6 88.5 84 79.9 76.2 70.6 70.5 73.4
143.1 142.9 142.6 142.1 142.3 143.7 145.9 147.2 148.7 149.2 149.5 149.2 151 151.9 153 152.8 151.5 147.2 141.9 133.7 124.3 116.1 110.5 106.9 103.4 99.3 96.7 92.8 85.6 84.8 89.3 93.3 95 91.2 81 68.3 78.1 96.2 106.7 110.8 111.2 109.2 105.9 103.5 102.5 102.7 101.2 95.1 95.6 100 101.2 103 105.9 107.2 106.2 103.7 100.3 95.8 83.7 69.3 78.1 97.4 107.1 108.7 111.2 113.7 113.3 111.6 108.7 105.7 102.9 98.7 94.4 89.7 85.5 83.1 80.5 74.9 77.2 76.8 80.3 80.5
140.4 139.4 138.1 138.4 141 143.8 146.3 148.7 150.2 152.1 151.9 152.6 153.8 154.1 154.2 153.1 151.2 147.7 142.7 135.9 124.2 118.7 114.5 110.5 106 101 89.6 95.4 99.4 104 107.5 106.7 105 97.8 92.2 79 72 86.4 101.9 110.1 111.6 110.3 108.8 109.6 110 109.3 108 102.4 106.3 111 112.3 112.2 112.3 111.9 110.3 107.3 103.6 99 92.6 76.9 71.4 88 99.3 106.7 113.4 116.4 116.4 115.4 112.4 106.4 105.8 101.3 97.4 94 90.7 89.5 88.4 86.8 85.1 84 85.5 84.7
137.1 135.5 132.8 136.9 140.7 144.2 147.1 148.9 150.5 151.8 153.2 153.9 154.6 155.1 154.6 153.1 150.5 146.9 142.2 136.2 129.3 124.1 119.5 113.8 105.1 93.8 103.4 112.1 117.1 117.8 116 112.3 106.3 97.8 90.2 81.7 73 76 92.2 105.4 109 110.2 112.5 113.4 114.1 113.8 112.8 111.6 116.6 119.2 119 118.8 117.5 115.5 113.5 110.6 105.9 100.7 93.9 82.5 74.1 90.1 99.9 107.6 116.6 119.4 119.4 117.8 114.3 111.9 107.9 104.2 101.7 99.6 97.9 97 96.4 94.7 93 91.4 90.7 90
131.9 127.4 130.5 136.2 140.6 144.1 146.4 147.9 149.4 150.3 152.4 154.1 155.9 155.5 154.4 152.4 149.8 145.8 141.1 135.9 130.4 124.5 118.7 109.2 98 106.7 116.8 122.9 124.1 121.1 117.6 111.8 104 93.2 82.7 80.9 83.5 75.1 81.4 94.1 106.3 112.5 116.3 118.2 118.7 119.2 119.4 120.2 123.9 125.6 124.6 123.3 121.2 118 114.6 110.8 106.5 101.3 95.2 84.2 74.2 91.7 102.4 113.5 120.6 122.3 122 118.9 115.3 110.7 109.2 107.7 106.9 105.8 105.5 105.9 104.9 102.5 100.7 99.1 98.3 97.1
127.1 118.9 129.1 133.1 136.6 140.3 141.3 142.3 144.5 146.6 150 152.4 154.7 155.1 153.7 151.4 148.6 144 138.2 132.7 127.6 122.6 107.9 103.7 111.5 121.6 127.3 128.6 126.6 122 115.6 107.1 95.5 84.9 86.2 95.7 99.2 89.3 79.2 82.7 98.8 115 121 123 123.8 124.6 125.8 127.6 129.1 129.4 127.9 125.5 122.9 119.5 114.8 110.8 106.5 101.7 96.4 86.2 74.1 87.2 101.3 111.3 118.8 120 119.6 117.4 114.8 113.3 112 112.6 113.1 112.4 113.8 113.8 111.1 108.9 108.4 107.7 104.4 100.6
120.2 113.9 122.1 125.4 127.5 130.4 132.4 135.5 139.8 142.8 146.3 151.4 154.2 154.8 153.1 150.6 147 142 135.9 129.1 118 110.8 110.2 116.1 127.2 132.1 132.2 129.7 125.6 119.4 109.8 97.4 86.8 92.7 103.2 110.5 113.5 107.7 93 79.7 94.1 113.3 124.1 127.1 128.1 129.3 130.4 131.2 131.9 131.6 129.5 126.7 122.9 118.5 113 108.2 105.1 102 97.8 91 77.7 84.5 97.7 108.6 114.8 115.7 115 113.2 113.1 111.3 113.2 115.9 116.9 115.6 115.6 114.3 112.6 112 109.9 107.1 103.4 99.7
107.5 107.7 112.9 118.2 123.4 128.1 133.3 138.1 142 146.5 150.7 154.4 155.5 155.3 152.5 149.2 144.9 140.5 136.3 126.1 116 120.8 125 128.2 135.9 137.5 134.7 130.3 123.9 113.3 100.3 94.1 99.9 107.9 117.4 120.1 121.3 119.6 106.2 85.9 90.7 110.4 125.7 129.8 131.4 132.2 133.3 133.8 133.5 132.8 130.5 127.6 123.6 118.7 113.4 106.9 98.5 97.7 95.9 88.9 78.9 81.9 94.8 108.1 112.1 112.1 111 109.8 107.6 109.8 111.3 112.9 113.4 112.5 111.7 110.3 108.3 106.5 104.3 101 97.4 95
104.7 115.3 122.3 126.7 131.3 134.7 138.1 141.2 144.3 149.3 153.5 156.5 157.4 156.5 153.7 149.6 143.2 136 131.4 123.1 132.3 136.1 140.1 140.6 142.3 140.8 135.2 129.9 122.4 105.5 101.5 107.1 114.2 122.3 125.3 126.4 127.2 125 114.9 93.9 87.4 103.4 121 132.1 133.2 133.7 134.7 135 134.7 133.4 131.3 128.9 124.6 119.7 114.2 109.2 102.5 94.1 88.8 85 88.3 89.4 90.1 103.6 107.8 108.4 107.9 106.8 106.2 104.7 106 108.3 109.2 108.1 107.3 106.2 104.3 101.1 97.5 94.1 91.6 88.4
116.7 122.6 124.6 127.1 129.1 131.9 134.4 137.2 141.9 148.2 153.9 157.4 159.7 158.3 156.2 152.3 148.1 144.3 141.6 132.1 141.5 145.4 148 146.8 146 143 137.7 129.2 116.8 104.6 114.2 124.6 129.7 131.9 131.4 130.6 129.1 126.6 121.3 104.9 91.7 96.4 116 130.3 132.6 134.3 135.2 135.8 135.7 134.5 132.8 129.9 125.7 121.5 116.9 112.5 103.6 90.8 90.2 96.9 101.4 98.7 93.3 100.5 107.2 109.1 108.2 106 103.1 99.8 101.2 103.1 104.2 104 104.2 103.6 101.2 98.3 93.7 87.9 84.2 79.8
107 111.7 113.5 115.7 119 122.3 125.5 131.7 138.7 147.5 155 160.1 162.6 162.1 159.5 157.7 155 155.3 153.2 142.1 151.1 155.3 155.3 153 150.5 145.3 138.6 127.4 113.7 114.2 125 133.8 138.4 138.3 135.6 132.8 127.6 122.8 119.4 116.1 105.9 92.3 109.8 125 130.6 133.9 135.6 136.4 135.8 134.9 133.3 130.7 127.2 123.7 118 108.8 93.7 95.1 103.1 110.1 112.6 106.4 101.4 107 109.9 110.2 108.5 105.2 101.8 97.7 95.6 96.7 97.8 98.6 100.6 100.3 98.7 96.7 93 89.8 89.2 86.7
105.4 106.9 111.3 114.4 119.5 125.8 134.6 140.6 145.8 152.2 157.7 161.7 163.9 164.4 163.8 162.1 161.9 162.3 160.7 152.3 155.7 159.8 160.4 156 152.9 147.3 137.8 124.3 120.7 128.8 140.3 145.5 146 144 139.9 134.8 127.6 120.2 114.6 110.7 112 94.9 105.7 121.1 128.9 133.3 135.9 136.6 136.1 134.7 132.7 130.3 127.4 122.5 114.6 98.2 96.1 107.8 116.2 118.1 116.2 109.9 108.3 110.8 112 111.4 108.3 104.1 100.9 98.3 94.5 90.5 90.4 93.5 96.3 98.4 96.9 95.1 93.3 92.3 91.6 88.7
122.7 124.7 128.4 132 135.9 138.8 143.1 146.6 152.1 156.7 160.1 163 164.7 165.8 166.6 167.5 168.1 168.4 167.7 162.8 160.1 162.7 162.6 158.6 152.2 144.3 132.7 132.5 138.4 145.1 149.5 151.6 150.5 147.8 144.1 138.9 131.6 122.5 116.7 109.9 103 99.4 103.7 119.4 128.6 133.8 135.6 136.1 135.4 133.7 131.6 129.1 125.2 119.3 107.9 93.6 106.5 117.6 121.7 121.4 118.7 114.9 114.8 116 115.9 114.1 111.2 107.6 105 102 98.4 94.1 87.2 89 94.7 96.9 95.4 93.8 92.2 91.2 89 85.3
