public/OST50/SX76.asc
ncols 200
nrows 200
xllcorner 270000
yllcorner 60000
cellsize 50
[rows 37 to 73 of 200, columns 83 to 165 of 200]
76.6 76.6 76.1 77.1 79.4 79.4 74.8 65.9 53.4 43.8 45.5 49.7 62.6 72.7 77.9 83.6 93.2 103.6 117.1 133.4 149.5 161.6 168 176.3 178.8 177.3 176.4 174.4 169.7 163.6 157 150.1 143.5 136.1 128.3 120.4 115.3 110.8 110.2 118.1 126.5 127.9 127.4 125.2 121.1 117.4 111.6 113.7 114.8 114.1 111.8 110.9 109.4 108.1 105.2 98.4 91.3 84.3 78 71.6 65.4 60 60.3 69.4 73.5 73.9 70 65.6 60.3 54.6 68.2 78.6 74.7 64.8 52.1 54.6 68.8 83.5 94.9 102.7 108.8 111.4 112
70.7 73.5 77 79.9 81.8 82.3 78.3 70.1 59.8 43.8 44.4 48.4 55.7 65.8 72.7 78.6 86.7 97.4 112.9 124.3 134.5 146 156.5 166.5 171.9 171.3 172.5 172.1 167 160.8 154.9 148.6 142.3 134.7 127.3 119 113.4 109.4 107.2 113.8 123.6 125.5 125.9 123.6 120.9 118.9 117.7 119.1 120.6 120.4 120.5 121.9 121.9 123.3 119.7 112.7 102.9 92 83.5 77 71 64.5 58.6 61.8 69.5 70.9 68.2 63.8 57.7 53.1 70 78.9 77.3 69.2 54.9 51.2 58.9 71.2 83 91.1 97.1 100.9 102.7
67 78 80.6 81.3 82.7 81.2 77.7 71.5 62.3 49.2 43.8 45.7 50 58.9 68 76.5 86.9 94.6 104.5 114.7 118.8 127.3 141.4 154.5 161.6 163.7 165.5 168.7 165.1 159.3 152.5 145.2 138.5 132.4 125.1 118 111.6 108 105.6 110.3 118.7 121.7 124.4 120.3 119.2 118.3 118.7 120.6 123.2 124.8 127.8 132.3 135.9 135.8 128.4 119.3 108.7 95.8 86.5 80.3 73.2 68 61.9 56.7 59.5 64.3 65 61.8 55.9 52.5 70.4 78.8 80.1 74.7 61.5 51.3 50.7 61.4 73.3 82.2 88.4 92.9 95.3
63.3 73 78.8 80.3 80.1 78.8 74.5 68.3 61.5 54.1 43 44.1 47.5 55.2 63 79.7 87 91.7 95.1 100.2 105.6 114.1 124.8 139.1 149.4 155 160.6 163.1 163.1 157.4 150.1 142.7 135.7 130.4 125.2 119.1 111.4 106.3 103.7 106.9 113 117 119.3 118.3 116.5 115.8 117.7 120.5 123.7 127.2 132.2 138.5 143.1 142.2 133.8 121.9 109.3 96.7 86.8 78.6 72.9 68.1 61.8 57.1 54.7 54 58.5 59.8 53.8 51.8 69.5 79.7 79.9 76 69 56.5 49.3 49.6 61.6 72.3 80.1 84.8 87
60.7 68.4 73.5 75.6 75.4 74.1 71.7 67.4 60.9 53.8 42.8 42.8 46.4 51.9 67.9 76.4 81.5 86.6 88.4 89.8 95.2 102.4 111.5 125 137.6 146.3 156 158.8 158.3 153.5 146.9 139.1 131.7 127.1 123.3 118.3 111.8 105.7 101.7 103.8 107.9 112.1 114.4 114 112.9 113 114.9 118.6 122.3 127 132.8 141.3 146.2 145.2 137.5 123 106.4 91.9 81.7 73.1 67.1 63.6 62.3 60.8 60.1 57.5 52.6 52.7 52.1 56.8 76.5 82.3 81.6 77.5 72.8 65.2 56.9 47.8 51.3 62.9 72 76.7 78.5
59.4 64.9 68.8 69.4 69.1 68.8 67.1 64.2 60.3 53.9 41.3 42.3 44.4 45.9 61.4 73 77.6 81.4 81.1 80.8 85.2 91.4 100 113.5 127.6 138 149.9 156.3 154.8 150.2 143.7 134.8 123.1 121.1 119.4 116.2 110.4 103.9 100.6 102.2 104 105.9 108.1 109.9 112.1 115.9 118.1 117.9 120.8 125.4 131 140.4 145.1 143.3 136.7 117.8 100.5 86.4 79 73.6 69.4 72.5 71 69.3 67.8 66.1 61.7 53.9 50.1 60.3 77.4 84 82.8 78.5 73.1 67.8 59.5 50.6 46.6 55.5 64.7 69.4 71.5
50.7 62.5 64 64.2 63.1 62 61.5 60.7 57.6 53.6 42.2 41.8 42.8 44.9 54.2 64.6 71.8 74.8 72 72.3 77.3 86.3 94.9 108.1 122.2 134.1 146.4 153.8 153.8 148.5 141.1 131 121.1 113.6 115.1 112.1 105.4 99.6 99.9 102 105.6 111.7 113.1 113.6 116.6 119.9 122.1 121.8 121.8 123.9 128.5 135.9 141.5 138.3 126.8 110.4 96.9 86.8 80.7 81.4 85.7 86.6 85.1 81.8 80 78.7 73 63.2 50.9 50.8 69.6 83.1 82 79.1 74.2 68.3 60.9 51.8 46.5 49.3 57.6 62.3 64.8
50.5 64.3 63.5 61.7 60.2 57.5 56.2 56.5 55.1 52.9 46.2 41.4 41.6 43.5 49 56.3 61.4 60.2 61.6 67.5 75.7 83.9 91.8 103.6 115.9 132.2 144.3 150.2 152.6 147.8 139.1 127.8 115.3 107.6 109.6 104.1 97.7 99.1 100.9 103.9 106.5 112.2 114.2 117.4 120.6 123 125.4 125.2 126.6 127.6 129.3 132 136.5 132.7 120 104.2 92.4 88.4 94.4 101 106.4 106 102.3 98 95.5 90.3 83.2 72.3 58.7 49 62.3 78.5 79.8 79.5 72.1 66.4 59.6 51.5 46.4 46.8 54 60.7 63.3
37.2 66.6 63.5 61.1 60.6 57.9 55.6 53.2 52.6 51.2 49.1 41.9 40.8 47.9 46.9 47.4 51 54.9 59.3 69.2 78.8 87.4 97.2 105 112.7 129.3 143.9 148.9 149.6 144.9 136.6 124.7 110.1 100.6 99.1 95.3 98.1 100.6 102.4 104.5 107.8 109.8 113.7 118 122.3 126 128.3 130 131.2 131.1 131.7 134 134.7 127 110.1 97.4 97.7 104 113.5 122.6 126.1 124.4 120.1 113.9 109.8 101.7 91.9 81.1 67.3 51.3 50.3 68.1 74.9 74 68.4 63.6 58.2 51.1 46.3 44.5 53 58.8 58.5
34 63.7 61.9 59.7 57.6 57.2 55.5 53.7 51.4 49.8 47 42.4 41.6 39.5 43.6 47.4 53.2 58.3 64.9 73.5 85.5 97.4 110.1 117.7 118.9 130 143.5 146 144.4 141.1 133.1 121.2 105.3 95.1 93.8 97.4 100.4 102.6 104.6 107 109.9 113 114.7 119.8 125.6 132.3 137 139.2 141.2 141.2 139.5 137.7 135.2 121.4 103.7 109.6 116.2 125.8 134.2 142 142.5 136.8 131.3 126.5 121.4 111.7 101.3 89 75.3 59.1 47.4 55.3 67.4 67.9 63.5 59.7 56.7 52.9 48.7 43.9 47.9 52.2 51.6
30.8 50.7 56.5 56.7 56.9 56.9 56.4 56.1 54.7 51.5 48.7 46.7 44 39.4 42.8 51.8 56.2 61.9 69.3 81.3 96.3 112.6 124.4 129.8 129.2 132.3 140.5 142.9 140.1 135 126.9 113.7 98.8 92.2 95.6 99.5 102.5 105.6 108.5 111.7 114.6 116.7 118.7 121.3 131.1 139.2 143.9 146.1 147.3 147.6 145.9 141.7 133.5 119.6 123.1 130.5 138.7 146.2 151.4 154 148.7 142.6 137.8 133.3 127.7 119.5 109.6 98 83.9 68.2 53.7 46.8 56.5 61.7 58.4 55.6 53.8 52.2 48.2 44.2 43.7 45.1 49.4
34 36.1 55.8 55.9 55.8 56.3 58.7 59.2 58 55.7 52.4 49.3 45.5 39.7 42 54 59.1 64 72.7 86 102.7 121.3 133.8 139.5 139.1 135.9 135.7 135.3 133.3 128.5 120.9 105.3 92.3 92.4 97.6 101.7 105.5 110 115.1 121.8 124.6 123.3 124.4 138.4 135.4 142.1 147.3 149.1 150.2 150.6 149.4 145.7 136.5 137.8 143.4 148.3 152.5 158.3 164.1 158.4 151.2 145.3 141.2 136.2 129.8 122.6 113.3 102.6 92 78.2 63.5 51.2 45.1 52 52.3 49.5 50.4 49.7 46.8 44.1 42.2 45 50.7
33.9 31.5 50.8 50.6 52.1 58.3 60.8 61.5 60.6 58.8 55.9 51.7 46.1 39.1 41.5 59.1 66.1 72.2 78.7 91.9 108.6 127.6 139.5 145.8 143.4 136.7 129.7 125.2 123.2 120.9 112.2 97.7 89.6 93.4 98.2 102.7 108.8 116.4 126.6 135.4 138.6 135.1 133.3 142.9 135.5 142.2 146.3 149.5 151.7 152.9 152.5 150.9 150.8 152.9 156.3 158.5 160.3 164 164.8 158 151.1 145.2 141.9 135.8 129.9 122.7 114.1 105.4 95.8 85.3 73 61.6 51.4 45.2 44.3 43.3 43.7 45.3 45.4 44.7 41.8 41.7 46.4
34.3 31.1 36.1 50.3 56.1 60.5 63.9 66.6 63.1 60.8 57.5 51.9 45.8 37.6 41.2 63 71.4 78.1 85.5 98.8 115.3 132 143.5 149.7 145.4 137.7 126.6 114 108.7 107.7 102.3 90.4 89.7 93.8 98.5 104.8 113.6 125.8 137.8 145.5 148.3 145.1 140.8 139.2 136.5 145.7 148.9 151.8 154.1 155.8 156.5 156.7 160 163.2 166.3 168 167.3 166.5 161.5 155.9 150 144.7 139.4 133.9 127.8 121.1 113.5 105.7 97.9 89.4 80.8 73.8 64.1 51.2 44.3 42.4 41.7 41.6 44.2 46.6 41.8 40.7 44.8
34.8 33.9 34.1 55.1 58.9 62.8 67.5 73.1 63.8 61.3 58.1 52.6 44.2 37.3 48.4 63 71.5 78.1 88 100.6 117.9 134.7 145.1 151.1 146.2 138.1 130.1 118.8 105.6 96.6 92.9 87.7 90.3 93.9 99.9 107.3 120.1 135.1 144.7 151.9 154.2 149.9 145.8 142.9 148.8 149.4 152.8 155.4 157 158.9 160.1 161.5 164.9 169.4 170 169.4 166.1 163.6 159.6 154 148.4 141.9 136 130.1 124.2 117.6 111.4 104.6 98.5 91.3 85.2 79.3 68.3 57.9 50 44.8 42.7 41.7 41.2 43.3 40.5 40 45.5
35 33.9 32.1 54.3 59.3 65 69.4 68.4 62.2 60.1 57.5 50.1 41.1 38.7 51 59.9 68 77.7 89 103.3 119.6 132.4 141.1 145.3 143.1 135 127.2 117 106.1 93.7 88.9 86.7 89.4 93.4 101.4 112.3 125.6 140.3 146.2 152 154 150.8 150.9 150.2 150.3 152.7 155.6 158.2 159.8 161.2 162.3 163.3 165.5 166.9 166.4 164.6 162.7 161.3 158.1 153.6 146.8 139 131.3 124.9 118.8 113.2 107.2 102 96.5 91.3 85.3 77 67.3 59.5 53.6 48.5 43.6 42.1 39.8 39.6 39.9 40.4 44.9
35.1 34.1 29.8 50.1 58.4 63.1 65.9 63.2 58.9 57.8 54.4 43.3 37.6 38.9 52.6 60.1 69.8 80.7 93.7 109.2 121.7 130.8 135.9 136.3 133.9 127.8 119.2 107.5 95.1 87.7 85 88.9 90.6 94 103.6 115.1 128 139.3 145.1 148.3 149.5 149.1 150.8 134.6 152.2 153.5 157.5 160 161.2 162.9 163.9 164 163.8 163.5 162 160.4 159.4 159 156.1 152.4 145.9 137 128.9 120.4 113.3 108.1 103.1 98.5 94.1 90.4 83.4 74.6 66.7 60.3 55.3 50.8 45.6 42.5 42.4 40.2 39.2 39.6 44.3
33.1 33.8 29.8 48.6 55.8 59.1 61.5 59.4 54.6 54.3 48.6 39.1 36.6 41.3 53.4 62.7 74.6 89.5 105.2 117.1 126.8 132.2 132.6 128.1 124.4 118.3 108 95.2 87 84 87.2 89.8 92.6 94.9 100.5 113.3 126.2 136.3 141 143.3 144.9 145.9 140.6 131.5 153.4 154.5 157.7 160.3 162 163.5 163.4 161.1 160.5 160.8 158.6 155.1 154.4 154 150.8 146.2 141.2 132.6 125.9 118.5 109 103.3 99.2 94.5 90.4 85.4 78.8 71.3 64.6 58 54.7 51.5 46.4 48 45.2 41 38.8 38.9 42.7
32.8 33.3 38.6 48.3 52 56.2 57.8 56.3 50.5 48.9 41.6 36.1 36.6 55.9 56.3 68.4 82.2 98 112.1 125.5 133 135.4 131.4 118.9 109.6 106.7 96 85 83.1 84.8 89 93.4 96.8 98.8 99.7 107.4 117.6 127.6 134.5 137.6 145.2 146.6 136.6 152.6 152.5 154.4 157.4 159.7 161.9 163.5 161.3 157.7 155.2 151.9 145.5 145.5 151.6 150.8 143.9 137.9 131.4 122.8 115.8 108.4 102.4 96.7 92.4 88.4 83.1 76.6 71.3 66 61.5 56 50.8 47.2 49 49.6 47.3 43.9 39.4 38.3 39
34.4 28.3 44.7 47.7 49.4 53.9 55.7 54.8 51.2 41.8 37.8 35.6 41.2 46.2 44.9 77.7 86 100.5 114.9 127 133.3 137.6 132.4 115.7 99.9 90.4 84.1 80.9 84.1 89.6 95.8 100.3 100.7 102.8 104 107.2 116.1 124.3 136.5 140.5 140 147.7 153.6 147.4 149.6 153.2 156.5 158.6 160.6 162.5 159.9 155.8 150.7 139.9 138.6 149.4 151.2 147.8 141.2 134.7 125.5 116.3 108.5 99.9 93.5 87.4 83.7 80.7 75.3 69.8 65.6 60.9 57.1 55.1 52.3 49.9 49.1 49.2 48 45.7 41.9 37.6 37.7
34.6 30.7 40.6 44.2 48.1 50.2 52.6 50.6 47.2 38.6 35.5 35.1 48 50.9 82 90.3 96.1 104.1 116.4 124 130.6 132.8 127.7 109.3 90.5 84.3 80 80.7 87.4 93.9 101.3 106.5 110.2 111.9 109.4 110.4 120.5 129.8 133.3 134.7 136.7 139.4 142.4 145.4 148.5 152.3 155 156.5 158.7 160.4 158.9 154.8 148.6 135.5 127.6 140.6 145.8 144.5 140.6 136.3 130.3 123.8 117.6 108.1 95.2 85.5 79.9 75.5 70.5 67 63.5 60.6 57.6 54.5 52 49.6 47.6 46.6 46.1 45.1 42.4 38.4 36.7
34.2 31.7 36.2 40.5 45.4 45.4 47.6 44.2 39.9 36.1 34.6 36.4 58.9 81.1 94.2 102.1 105.5 112 121 122 123.1 124.2 120.7 104 83.4 80.3 80.8 87.7 95.3 102.8 105.5 109.4 114.4 117.7 118.2 115.3 120.8 128.1 130.6 133.1 134.6 137 140.1 144.3 147.8 151.5 153.6 154.7 156.1 157.4 156.2 152.8 146.2 131.5 121.1 128.1 136.9 139 138.5 137.4 133.8 129 119.5 111 102.4 94.1 87.2 83.2 79.4 74.8 70.7 65 59.2 55.7 53.2 49.8 46.6 44.6 43.4 42.5 40.6 38.1 36.7
35.3 28.2 32.7 32.5 34.9 43.2 43.3 40.2 36.5 33.3 33.8 45.2 62.3 86.2 101 110.4 115.5 119.2 120.2 116 113.8 114.6 112.6 95.1 80.5 77.2 82.9 93.4 103.1 108.4 109.9 112.2 115.7 119.1 121.6 122.3 122.3 127.3 130.8 134.7 138 138.7 141.3 144.8 147.7 150.5 152 152.6 152.6 154.1 153.8 148.2 140.7 130.3 113.8 116.2 124 128.5 128.7 129 125.9 121.4 115.1 108.8 101.7 96.1 92.3 88.8 82.2 75.5 69.6 63.9 58.9 55.9 52.5 49.1 46.2 44 42.5 41.3 39.8 37.9 36.5
35.9 30.8 32 32.8 32.2 33 37.3 37 33.5 33.8 33.3 49.6 70.2 91.8 104.2 114.5 119.2 120.1 115.9 109.9 102.3 103.5 103.9 88.1 78 77.5 85.5 96.2 104.7 111.4 113.3 114.2 116.9 119.8 123.2 126.7 129.9 132.6 135.6 140.6 141.8 141.2 142.8 145.5 148.5 150.6 151 149.2 148 151.2 147.7 141.1 132.1 122.2 113.2 108.4 114 119.7 120 119.1 116.9 113.6 109.6 105.2 99.9 96.6 93.8 87.2 80.3 73.3 66.7 61.6 58 54.5 50.9 47.3 44.3 44 41.6 40.5 39.2 37.9 35.8
39.6 37 28.2 32.2 32.2 31.3 33.2 32.7 31.8 35.4 35 55.3 74.9 93 104.9 117.5 124.4 126.1 121.9 114.4 104.8 91.9 93.2 82 75.4 78 84.3 96.8 103.8 110.9 113.1 113.4 115.7 118.7 123.7 127.8 132.1 136.1 141.1 144.4 144.3 142 143.3 145.5 148.1 150.5 150.3 146.5 138.3 141.1 137.9 132.3 122.1 113.6 110.5 107.1 101.3 109.5 113.4 112.7 110.6 107 103.8 100.3 95.1 93.6 91.5 85.1 78.6 71.7 65.5 60.5 57.1 52.9 49.4 46.5 44.4 44 44 39.1 37.7 36.9 34.9
39.1 35.2 31.2 31.2 31.4 30.5 31.5 31.7 33.8 34.2 37.7 58.1 75.6 91.6 107 119 126.6 131.5 128.5 120.6 107.6 94.1 84.1 79.5 75 74.9 79.8 91.1 100.6 106.1 108.2 109.1 112.8 117 122.5 127.8 132.8 138.8 144.6 147.3 143.6 139.6 140.6 143.9 147.4 149.9 149 145.3 138.3 131.1 126.6 122.2 120.5 122.9 120.5 114.2 108 99.4 104.1 108.5 107.1 103.6 97.9 93.4 89.1 87 87 82 76.5 71 64.8 60.4 56.2 51.8 47.4 44.8 43.7 40.4 39.4 38.7 37.4 36.1 35.1
47.1 43.4 37.1 27.7 30.2 31.2 31.9 31.1 40.7 33.8 41.6 58.3 75.2 91.5 106.4 119.9 127.3 131.4 132.1 126.8 119.3 107.7 95.2 90.1 78.6 73.3 76.8 83 92.8 99.8 102.2 103.5 107.1 113.5 119.9 125.5 132.2 139.5 144.1 145 138.9 132.3 135.4 140.4 146.2 149.8 149.9 148.8 144.7 138.6 133.9 131 129.3 126.7 122.6 117.6 111.9 105.1 96.4 107.1 107.4 104 98.2 88.3 80.5 74.7 75.8 74.9 71.2 67.2 62.9 59 54.6 50.3 46.8 44.7 42.8 41.7 41 40.2 38.7 36.4 34.8
41.7 34.2 35.3 37 27.6 30.8 34.3 30.9 35.6 34.6 39.3 55.1 72.6 88.8 104.2 118.2 127.3 132.9 134.8 131.3 125.6 117.9 107.6 102.7 90.6 71.9 73.3 77.1 84.8 90.9 94 94.1 97.3 105.4 114.2 121.2 127.7 133.2 137.7 137.8 130.1 122.3 127.7 136.8 144.8 150.3 151.8 150.3 149 144 139.3 135.9 132.7 129.5 124.9 116 103.7 93.2 100.2 111.9 112.6 109.5 104.1 95.2 88 79.7 71.9 66.4 63.5 60.4 59.2 56.6 53 49.1 47.2 45.2 43.9 42.8 41.7 40.4 39.3 38.1 35.1
36.1 33.5 31.8 59.2 38.8 27.7 29.8 31.8 34.4 35.6 41.8 48.1 66.6 85.5 102.3 116.5 128.3 135.3 137.4 133 128.7 124.2 119.9 113.4 101.5 79.9 70.7 71.1 75 78.1 80.4 81.7 85.3 92.1 100.4 111.1 119.2 124.8 126.8 124.3 117.4 112.9 121.4 133.6 144.9 149.9 151.9 151.1 150.5 146.3 141.9 137.5 132.9 129.3 122.2 108.2 93.6 88.5 106.2 120.8 119.2 116 109.1 100.6 90.4 82.9 75.5 69.2 64.5 62 59.2 54.5 51.9 49.9 48.1 46.1 43.8 43 41.6 40.2 38.3 36.1 34.2
36.5 36.8 37.1 72 49.1 33.6 30.2 30.5 35.8 32.9 39 44.1 59.2 80 98.8 113 126.9 133.3 134.6 131 129.2 127.2 125.1 121.1 114.1 94.8 75 68.9 67.9 68.9 70.9 70.2 72.4 76.7 84.7 94.6 102.5 109.4 112.6 111.9 107 100.6 115 134.4 142.9 147.7 149.7 148.5 147.9 145.1 141 136 129.8 123.2 115.7 101.2 82.9 89.3 105.8 117.8 116.7 113.3 108 99.2 90.2 83.4 77.6 73 71.5 69.7 64.7 58 53 50.7 48.2 45.8 42.5 42.1 40.9 39.4 37 35.8 34.5
70.4 80 79.6 72.2 48.2 36 30.5 30 27.5 30.1 31.1 33.9 52.1 73 93.3 108.2 120 126.9 127 125.9 126.9 127.6 127.2 124.4 117.5 106.2 91 78.3 72.1 66.7 65.6 65.1 64.7 64.2 70.6 77.9 84.7 91.9 97.4 99.4 95.4 95.8 112.6 132 139.9 144.5 146.7 144 141.4 137.7 133.8 128.6 123.2 116.7 109.2 97.6 79.1 87.7 100.1 107 106.7 104 99.4 93.6 87.6 83 79.3 76.2 74.2 70.9 65.6 58.5 53.7 51.2 48.4 45.6 42.5 41.8 39.9 38.2 36.2 35.4 34.6
82.5 82.4 81.5 66.4 61.4 46.4 38.1 30.3 34.6 26.3 30 32.9 36.2 65 86.7 100.8 110.2 115.7 115.8 116.3 121.6 126.2 129.6 127 119.4 111.4 103.2 95.4 83.8 74 71.5 69.9 71.7 68.1 61.6 62.6 67.9 77.1 84.8 88.2 95.1 99.6 114.1 129.8 136.2 141.2 145.3 141.5 136.2 131.3 126.8 122.1 116.4 109.8 101.7 92.8 77.7 81.6 93.9 98.5 99.1 96.8 92.8 88.5 84 81.8 78.8 75.8 73.3 68.5 63.3 57.9 54 51.6 48.7 46.3 42.2 39.9 38.4 36.9 36.1 35.4 34.6
84.6 84 81.4 74.1 65.6 49.3 41.8 36 37.9 32.3 28.1 32.3 39.1 55.7 75.5 90.6 99.1 98.6 96.9 106.3 119 128.1 133.3 128.6 120.9 113.6 107.7 101.4 91.8 79 84.4 88.4 87.8 73.8 63.2 59.5 57.8 63 74.1 84.3 91 99.9 115.4 125 131.7 137.7 142.8 140.4 134.8 126.5 119.3 113.2 107 99.3 90.1 82.7 76.7 74.1 85.7 94.1 94.6 92.7 88.5 84.8 82.5 80.1 77.2 72.6 69.5 65.5 60.7 55.2 51.6 51.6 48.6 45.3 40.2 39 38.2 37 36.1 35 34
86.2 84.7 82.6 56.7 64.2 52.1 44.3 37.4 38.7 32.8 32.6 25.8 40.1 48.4 61.5 79.8 85.3 82.6 94.7 110.2 123.2 130.9 132.3 127.7 120.7 114.6 109.2 102 93.9 94.5 96.2 97.4 89.2 76 65.4 61 57.8 55.5 63.7 67.4 82.2 97.5 110.9 120.8 128 133.6 139.9 139.5 136.5 128.7 121.1 112.9 104.8 97.5 94.5 92.2 84.8 70.9 70.8 78.5 83.8 87.6 85.6 82.3 80.3 78.3 75.3 70.3 65.6 62.3 58.7 55.3 51.6 50.5 47.5 44.9 40.7 40 38.6 36.4 35.5 34.5 33.8
87 86.2 82.8 78.6 61.4 55.5 45 39.3 38.8 32.4 33.7 25.5 36 44.6 50.3 62 69.2 83.4 98.6 112.1 122.9 130.2 129.8 124.4 117.7 112.6 108.7 104.8 102.4 104.8 104.6 96.2 85.1 74.9 65.7 61.2 58 54.6 58.5 67.6 80.7 95.5 109.1 118.1 123.7 128.7 134.9 137.2 134.2 129.6 123.5 119 114.6 108.6 104.3 101 94.3 81.7 71 65.1 66.8 73 79.7 78.7 77.3 75.6 73.6 69.8 65.3 60.7 57 54.2 51.4 49.5 46.5 44 42.2 41.5 40.8 38.8 36.8 35.8 34.1
82 82.1 81.9 79.3 72.8 60.3 46.4 39.5 34.1 33.3 33.4 28.5 31.8 39.7 47 55.5 70.2 86.3 100.8 112.1 120.3 124.5 123 118.1 112.7 108.3 105.5 104.6 107.6 110.3 104.8 93.8 81.7 72.6 67.8 62.9 58.3 54 55.8 65.5 79.7 95.9 107.9 114.7 119.6 124.4 130.2 134.7 133.1 129.1 123.8 119 114.4 110.6 108 108.3 103 94.8 80.5 68.2 61.5 61.3 68.3 72.5 71.8 73.6 72 68.8 64.4 60.4 55.8 52.7 50.7 48.4 46.4 45.4 44.9 45.1 44.2 42.8 40.8 39.1 36.8
74.1 74.3 75.2 75.7 71.7 61.1 50.2 40.8 33.8 32.7 32.7 28.7 29.4 36.7 44.2 56.4 72.2 88.4 99.5 109.6 116 116.6 114.2 110.5 105.5 100.6 99.6 102.2 108.5 109.1 101 91.2 82.7 80.1 77.8 71.9 63.6 53.1 53.1 58.7 74.4 91.5 103.2 109.6 114.6 120.5 128.7 131.8 130.1 126.4 121.3 117.4 113.1 108.6 104.4 102 97.2 90.9 83.4 72 61.3 57.4 59.1 64.6 66.7 69.9 69.2 66.8 61.5 60 56.2 53.1 51.3 50 49.4 49 48.2 48.5 47.5 46.4 44.5 42.1 39.3
