public/OST50/SX76.asc
ncols 200
nrows 200
xllcorner 270000
yllcorner 60000
cellsize 50
[rows 0 to 36 of 200, columns 0 to 82 of 200]
219.8 195.5 179.9 168.2 158.1 164.8 169.7 176.2 180.1 176.9 172.7 166.6 159.9 150.7 141.1 144 149.4 148.5 151.2 156.9 162.9 166.3 178.4 196.1 203.8 210.5 210.4 209.4 206.5 205.3 204.9 205.4 206.8 208.3 209.5 211.2 211.4 211.4 210.3 208.2 207.4 207.6 204.9 201.4 197.7 193.5 189.8 186.2 182.9 179.3 175 168.7 156.9 144.7 133.5 118.7 108.3 102.2 98 95.2 92.8 89.7 83.2 76.9 71 66 61.4 57.5 52.5 49.3 50.5 57.6 61.1 67.2 71.7 72.6 73 73.6 74.5 75.2 76.1 76.8 77.5
228.8 205.6 181.8 168.4 171.2 177.5 182.2 188.1 189.2 185.2 179.5 173.7 167.3 158 154.7 158.2 162.2 163.5 166.4 168.1 177.6 181.8 185.6 195 204.5 211.2 214.6 213.8 214 211.4 209.1 208.3 208.2 208.9 210.3 210.8 211 210.9 210 208.2 207 207.4 206.3 204 200.2 195.6 192.7 188.4 184 179.6 175.4 167.5 156.6 145.7 133.6 118.8 107 100.8 97.1 94.3 92.1 88.3 82.9 78.5 75.9 71.6 64.3 56 53.5 49.3 50.3 58.4 59.9 62.3 66.6 70.8 70.5 71.7 71.8 73.3 74.6 75.3 76.1
228.9 206.6 184.1 180.5 184.8 189.1 191.8 195.3 193.3 189.9 185.5 180 173.6 166.9 167.3 170.2 172.1 176.6 181.4 183.5 190.6 194 197.1 203 209.8 215.5 218.9 219.1 217.6 215.3 212.2 209.6 207.8 206.7 207.7 207.8 208.7 209.3 209 206.9 203.5 201.4 200.8 200.1 197 195.3 191.6 187.1 182.8 178.1 172.1 162.5 151 138.7 125.8 115.5 106.8 99.7 95.9 93 88.9 83.5 80.6 78.1 76.4 73.9 69.1 55.9 50.4 49.3 47.2 55.7 57.3 59.4 63.5 67.8 67.6 68.4 70 71.5 73 73.7 74.8
232.8 212.9 196.2 194.3 196.1 197.3 198.3 198.6 197.5 194.8 190.2 184.8 180.6 177.1 177.8 180.5 184.6 188.5 192.1 194.7 199.3 203.3 207.8 211 215.7 219.3 222.3 222.2 220 216.8 213.7 209.4 205.8 203.1 201.8 202.3 203.8 207 207.5 204.8 201.2 195.5 192.7 192.2 190.4 189.7 185.7 181.5 177.7 175 168.3 156.6 143.4 131.1 121.8 113.6 107.1 98.6 94.1 90.5 84.5 77 71.3 69.5 67.5 61.6 55.7 50.9 50.1 49.9 46.9 51.9 54.8 57.9 61.5 63.8 64.1 65.9 68.2 71.1 72 72.9 74
233.9 220.9 206.6 202.1 203 202.5 202.5 201.6 200.4 198.1 193.8 188.6 186.2 184.7 185.4 188 191.7 195.4 199.3 201.2 205.3 210.1 213.7 216.8 220.3 223.8 225.1 224.7 222 218.9 214.8 210.3 205.6 200.3 194.7 190.9 195.2 200.8 202.9 201.1 198.1 192.4 184.5 180.9 182.4 181.7 179.3 175.2 170.7 168.6 164.1 152.5 140.1 128.1 120 112.8 104.5 96.6 90.5 86.6 80.4 73.7 69.6 64.2 61 69.2 70.9 71.8 49 48.9 46.2 52.1 53.8 56.5 59 60.4 61.8 66.5 69.2 70.5 71.1 71.9 72.8
235.7 226.9 216.5 211.2 208.4 206.2 204.9 203.5 201.7 197.9 194.7 191.2 189.8 189.2 190.2 192.2 195.5 198.1 201.3 204.1 210 213.5 216.8 219.9 224.9 228.2 229.7 229.4 227.6 221.8 217.3 212.8 208.6 202.6 195.2 186.3 182.5 190.4 195.2 195.9 195 191.5 184.9 177.4 172.2 171.3 171.2 168.9 165.9 161 156.6 147.9 138.2 129.6 121.3 112.3 105.3 97.8 89.4 82.3 77.8 78.4 79.1 75.1 72.5 74.1 75 69.6 48.4 48.4 46 51.7 53 55 56.9 59.4 62.6 66.4 68.3 68.4 69.2 70.4 71.4
236.3 229.9 222.7 216.6 212.1 209.1 206.4 203.2 200.6 197.3 194.4 191 189.8 189.6 190.2 193.3 196.6 199.4 201 202.8 208.6 214.2 218 222.6 226.6 230.6 232.3 233.3 232.1 228.9 223.7 218 213.1 205.6 197.4 186.7 173.7 178.9 187.5 191 192.9 191.5 186.3 179.2 171.7 165 161.4 162.3 162 158.9 153.8 148.7 141 131.6 123.3 117.2 110.7 104.1 99.5 95.4 93.6 91.9 85.1 80.2 78.1 75.4 71.6 64.1 47.6 48.3 49.8 50.8 52.2 54.4 56.6 57.9 60.5 64.3 65.8 65.2 66.1 67.4 68.6
236 229.3 224.1 219.2 214.1 209.7 205.6 203.3 199.6 196.1 192.7 188.6 188.1 186.9 187.4 190.1 192.5 194.9 196.5 198.9 204.7 213 217 222.6 225.2 231.4 233 233.9 232.3 229.4 225.7 220.9 216 208.5 197.8 189.4 172.1 166.7 178.3 186.1 190.5 191.3 187.1 180.8 174.3 166.8 159.1 154.8 156.9 158.6 157 153.1 147.2 136.7 128.2 122.6 118.3 111.3 107.3 103.1 99.3 96.5 95 84.2 80.9 76.5 70 62.3 47.7 45.6 49.1 50.1 51.7 53.9 55.8 57.6 59.2 61.6 62.4 62.6 64.6 66.5 68.1
233.3 228.4 224.4 220.6 216 210.9 206.2 203.5 199.8 196 190.7 185.5 182.8 180.9 182.8 184.9 185.9 187 189.1 192 200.3 207.4 211.7 220.1 222.7 224.4 228.7 230.5 229.4 226.7 222.8 217.8 213 206.6 197.3 190 174 159.3 168.7 181.2 187.2 188.5 186.2 180.6 174.8 168.3 160.8 153.8 149.4 155.8 156.8 154.9 150.7 144.5 136.8 131.6 124.8 119 114.2 108.3 103.5 101.9 100.4 91.2 83.1 78.2 72.6 58.6 48 48.7 49 49.6 51.3 53.2 54.9 56.4 58 61.1 65.1 66.8 66.9 68.6 70.1
229 225.7 222.1 218.2 215 210.8 206.7 203.7 200.1 195.9 189.7 182.6 178.3 173.7 176 176.5 178.5 179.3 181.3 184.3 191 199.5 204 213.8 219.4 221 223.4 224.4 225.1 223.7 220.4 215 209.1 203.4 195 185.8 167.9 154.1 160.7 175.8 184 186.9 183.6 178.4 173.6 167.7 161.7 154.7 148.3 148.1 151.7 153.1 153.3 149.8 144.6 140 131.7 124.4 118.5 113.3 108.2 104.5 102.2 98 85.2 77.3 68.8 54 47.1 48.5 48.7 49.5 51.3 52.8 54.4 56.4 58.1 62.2 66.7 68.7 69.6 70.5 71.3
224.1 221.5 219 215.8 212.9 209.3 206 202.9 200 196.3 190.2 183.1 178 172.3 170 168.4 169.7 170.8 173.8 177.2 182.3 189.5 195.3 205 213.4 217.6 217.9 216.6 215.8 215.8 215.3 211.1 206.6 199.8 190.8 178.2 160 149.8 155.8 170.9 181 185.6 183.2 178.5 174.1 168.4 163.7 158.3 153.9 145.8 138.8 141.1 147.5 151.1 148 144.2 139.5 130.7 124.7 119.6 114.4 109 105.4 99.7 89.6 74.4 58.4 49.7 45.8 48 48.4 49.4 50.7 52.5 54.4 56.8 58.8 62 67.2 69.5 70.3 71.7 72.4
219 215.6 213.5 211.6 208.4 206 202.8 200 197.9 195.7 191.5 185.1 179.6 175.1 169.2 162.8 161.4 164.3 167.5 172.6 176.1 180.8 190.1 198.6 203.5 209.1 211.5 210.7 209.4 206.9 204.8 203.1 198.9 193.9 187.7 175.9 161.1 146.2 150.8 165.7 175.9 182.8 184.6 180.3 176.4 173 169.2 163.2 157.6 152.9 146.9 134.2 135.9 146.4 147 143.6 143 135 128.9 124.2 120.4 117 112.6 101.5 92.1 75.5 50.9 46.8 46.6 47.5 48.4 49.1 50.1 52.6 54.9 56.9 59 63.3 68.8 70.8 72.5 73.8 74.2
212.2 208.6 206.5 202.7 200.3 200.5 198 195.8 194.5 193 191.8 188.4 183.5 178.6 172.7 164.3 156.4 158.1 162.4 166.6 170.9 177.8 185.6 194.3 200.4 203 206.2 205 204 202.3 199.4 196.2 192.7 188.6 182.4 174.3 158.2 143.2 144.5 157 168.5 176.4 179.8 180.2 178.3 175.2 171.2 165.4 159.2 151.6 146.2 139.4 126.1 133.3 137.6 138.2 133.8 128 126.6 125.7 124.9 122.1 116.9 103.4 95.4 77 51.5 44.9 47.4 47.4 47.9 48.5 49.8 52.9 55.5 57.7 60.7 67.1 70.5 73 75 75.9 77.2
204.1 198.2 197.1 195.7 195.1 194.7 193 191.1 190.7 190.2 189.4 189.2 186.5 181.8 175.3 166.9 155.7 152.2 157.8 162.8 168.5 175.2 181.7 189.8 196.9 199.2 200.9 199.1 197.4 195.4 193.2 190.6 186.5 181.6 175.2 167.1 152.9 139.1 138.8 149.3 159.9 168.4 174.4 179.1 179.6 176.3 171.3 166.1 160.2 154.4 145.6 136 131.7 120.9 121 119.1 113.9 109.1 110.2 110.8 114.8 115.3 110.7 100.6 93.5 76.9 54.5 46.6 47.1 47.2 47.6 48.2 50.8 53.8 56.3 59.2 64 68.4 72 75.5 78.7 80.5 81.1
190.4 186 185.7 185.9 185.8 184.9 183.5 184.7 185.4 185.4 185.9 186 184.1 180.7 175.2 167.3 153.1 149.5 153.7 159.2 166.4 173.4 179.2 185.4 190.9 194.8 194.3 193.4 191.8 189 185.4 181.5 177.5 172.3 166.8 159.3 147.4 135.5 134.3 141.9 152.2 162.8 174.2 179.5 180 176.5 170.9 165.3 159.8 155 148.2 144.3 142.3 134 126.5 121.7 117.9 113.3 104.5 92.1 93.8 97.2 95.8 93.3 89.1 75.6 58.8 44.9 46.3 46.4 47.2 48.1 51.5 54.6 57.6 63.1 70.1 76.4 81.3 85 86.7 86.1 84.7
181 176.5 174.8 173.6 172.3 173 173 174.8 175.9 178.7 181.4 181.5 181.1 179.3 174.4 164.6 150.8 146.1 149.2 156.7 165.2 172.3 177.7 181.1 185 187.3 187.8 187 185.9 183.6 178.9 173.5 167.6 160.6 155.3 148.8 139.7 132.1 130.7 138.6 150.6 160.5 172.9 180.1 179.8 175.6 171.4 166.4 160.7 156.6 154.1 152.9 150.7 146.6 140.7 136.3 132.5 126.9 118 104.8 93 82.2 83 85.8 82.8 74.5 62 44.4 46.2 46.3 48.2 50.5 53.1 56.4 64.2 74.1 80.7 88.4 94.9 97.4 96.1 93.2 91.9
173.5 169.1 166.8 165 162 161.7 161.6 162.3 163.9 170.2 175.4 178.4 179.1 177.4 173.4 162.8 150.4 141.2 141.8 153 161.7 169.4 174.9 177 178.7 179.6 180.7 181.1 180.8 179.7 176.3 170.4 162.9 154.5 146.3 139 134.3 128.4 126.5 138.6 150.6 161.3 173.5 179.4 178 175.2 172.3 168.6 164.5 161.6 159 158.1 155.4 152.1 148.8 145.5 140.7 134.7 126.9 116.5 106.3 94.9 84.3 75.5 73.3 70.6 64.9 49.3 45.5 46.9 49.1 52.2 56.2 62.6 71.6 79.7 88.8 96.9 105.2 105.5 103.8 102 100.3
166.3 163 160.3 157.4 154 152.3 150.8 151.2 156.4 163.8 169.3 173.5 177 177.7 175 167.6 155.2 141.5 138.2 149.2 157.8 165.3 170.9 173.2 174 173.9 174.3 176.3 178.3 178.8 177.3 173.8 167.7 160.8 153.4 145 137.1 129.5 122.9 136 150.2 163.4 174.6 179.2 177.9 174.8 172.6 169.8 166.8 163.8 160.9 158.9 156.1 154.1 151.9 148.3 143.9 138.8 132.7 123 113.5 105.4 95.2 82.6 73 63.6 54.3 47.6 43.9 46.4 49.5 53.4 57.9 65.4 73.6 82.8 91.2 101.1 110.3 111.9 110.9 110.4 108.8
160.2 157 154.5 150.5 147.4 145.4 144.9 145.9 148.8 156.4 163.5 169.3 173.5 174.8 174.4 169.6 158.9 148.4 132.4 144.5 154 161.4 167.4 169.7 168.5 167.2 168.6 172.9 176.9 180.2 179.4 179.5 176.5 170.6 162.8 154 144 132.8 119.2 131.9 149.7 164.4 172.1 176.8 177.6 174.2 171.9 169.4 166.8 162.9 158.4 156.3 154.7 153.2 151.3 147.1 142.2 135.7 129.7 122.5 113.4 106.2 96.9 83.2 72.7 66.6 61.1 51.9 42.4 46.8 49.9 54.5 67.1 81.8 85.7 83.6 91.5 102.4 113.8 117.5 118 118.2 116.9
153.7 151.6 149.2 145.4 141.9 140.3 139.6 140.8 142.7 149.7 157.9 163.7 168.4 170.8 171 168.1 160.9 148.3 131 137.5 148.7 158 163.6 165.3 162.7 160.6 166.2 172 177.1 181.5 185.4 186.7 185.2 180.4 173.7 164.4 151.1 135.8 119.1 128.9 148.8 162.3 168.3 172.2 174.8 173.3 170.4 167.3 163.6 158.2 153.8 151.9 151.4 151.2 150.1 146.8 141.7 133.1 122.6 115.6 104.5 93.3 86.7 80.7 70.5 64.5 55.8 47.9 42.2 47.2 50 58.8 76.5 88.9 97.3 102.5 102 109.5 116.5 121 123.4 124.3 123.4
148.2 146.2 144.2 141.2 138.2 134.9 133.7 135.3 137.5 142.8 152.9 158.9 161.7 164.3 164.9 163.4 159 149.9 132.7 130.6 141.3 152.4 159.1 160.8 156.8 155.5 162.4 169.1 175.5 181.3 184.5 187.2 186.8 182.7 177.2 169.6 156 138.4 118.6 126.3 142.9 157.7 163.4 166.7 170.6 171.9 169.6 165.5 160.3 154.1 148.3 144.4 144.6 144.8 145.9 145.5 143.3 137.6 131.4 124.6 115.4 104 92.4 81 70.4 66 58.8 48.2 41.9 47.4 50 63.8 83.3 97.9 107.6 113.1 115.7 116.9 122.9 125.6 127.4 129.3 128.2
142.4 142.2 140.3 137.1 134.9 131.7 127.2 128.1 134.9 138.4 144.9 153.6 156.9 157.7 157.8 157.2 152.8 144.5 131.5 126.2 138.3 148.4 154.6 155.8 150.9 147.1 154 162.4 170.6 175.9 179.8 182.3 181.6 179.4 174.4 167.6 155.1 137.2 117.6 122.4 134.6 149.1 157 161.3 166.4 171.4 171.5 166.4 160.4 153 144.1 136 136.6 135.2 136.9 138 137.9 135.9 131.5 124.4 114.5 102 89.3 76.8 68.2 65.2 57.8 47.8 43 47.2 50.1 70 88.7 107.1 117.9 122.5 122.6 122.6 125.2 127.8 129.1 129.6 126.6
138.7 136.8 135.6 132.8 130.6 128.4 123.8 124.3 130.6 133.7 136.7 142.9 148.2 148.5 149.5 148.7 144.1 134.2 124.1 125.6 139.3 147.5 151.9 152.2 146.3 140.9 147.3 155.1 162.7 168.7 172.8 174.7 174.9 172.7 168.5 161.8 146.5 129.3 113.7 117.8 128.8 140.5 150 156.7 164.7 172 173.5 169 164.5 157.9 147.9 134.1 123.4 121.4 122.5 124.4 126.7 125.6 122.4 116.7 109.4 94.9 83.4 71.1 64.8 61.7 55.9 46.2 43.9 46.1 52.5 75.5 93.9 114 125.7 127.2 127 125.3 125.4 125.8 125.5 124 120.2
130.5 129.6 127 126.7 124.7 122.3 120.8 117.3 121.8 124.8 128.4 131.9 135.3 138.2 137.6 138.4 132.3 118.9 119.8 130.6 141.3 147 150.2 148.5 142 134.4 141.1 148.6 156.1 162.6 166.3 167.6 167 165.4 162.2 155.6 141.4 124.3 109.7 113.3 123.8 133.9 145 155.1 164.7 172.4 174 170.6 167.8 163.3 156.4 143.3 127.9 115.6 107.8 110.8 112.7 112 109.7 104.8 96.3 85.7 75.2 65 60.7 58 52.6 42 45.5 45.4 59.8 79.3 97.2 114.6 124.9 125.9 125.2 123.7 123.1 121.5 120.2 117.8 113.4
125.5 124.7 122.3 121.4 119.8 117.1 115.9 114.9 112.3 113.6 117.8 121.4 123 127.2 128.3 127.9 122.5 114.2 121.8 133.9 141.6 145.2 146.6 144.1 136.9 128.5 135.7 143.2 150.7 156.8 159.5 160.7 160.6 159.5 157.1 151.6 141.7 126 108.3 110.1 119.4 129.8 142.5 155.1 164.2 171.3 171.9 171 168.4 166.3 164.3 156.4 141.2 125.6 113.3 98.7 95.2 94.9 92.1 85.7 79.7 74.3 67.1 59.5 56 53.9 49.4 41.6 44.6 45.2 67.6 84.8 99.2 109.1 118.7 121 120.9 119.4 117.4 115.6 111.9 109.6 106.3
128 125.5 124.3 122.8 119.7 118.5 116.1 114.5 112.8 111.2 110.1 109.4 108.5 110.8 115.5 117.6 110.2 111.9 125 133.9 138.8 141.4 142.6 140.5 134.7 123.4 130.7 137.5 145.2 150.6 152.8 153.6 153.5 153.2 152.3 149.2 142.7 130.6 112.1 105.4 115.1 125.8 140.4 153.3 159.9 166.6 168 166.2 165.2 165.8 164.4 158.8 150.5 139.6 123.7 111.2 96.2 85.5 86 80.5 73.8 61.9 59.6 53.9 51.5 49.5 44.7 43.7 43.3 53.2 73.6 89.8 101.6 108 113.7 116.4 116.1 114.4 111.7 107.2 102.5 101 99.4
145.4 141.3 136.4 132.3 128.8 126.6 124.4 119.8 112.5 111.5 109.8 108.5 106.6 106.1 104.8 106.4 106.3 110.8 119.4 126.7 133 137.6 138.1 136.9 131.7 118.4 125.4 129.6 136.5 143 144.8 145.2 145.6 147.9 148.2 146.5 142.2 134.2 118.5 100.6 108.6 121.3 136.5 147.7 154.7 158.1 156.8 156.4 159.6 163.2 163.1 157.8 149 138.1 123.2 106.8 98.6 101.8 98.6 90.9 80.5 66.8 53.8 49.2 45.2 43.8 41 43.4 47.1 66.4 78.2 88.9 99.3 104.4 107.6 110.1 110.8 109.1 103.8 99.2 93 91.9 92.2
159.4 153.4 147.8 143.8 140.1 136.4 133.8 127.9 123.4 119 114.5 110.3 105.9 104.6 103.6 102.8 103.5 106.5 111 116.8 123 129.6 131.6 131.9 129.3 117.5 116.5 123.2 128.2 134.4 135 133.3 136.5 140.5 142.9 142.8 140.1 134.7 120.9 103.7 100.7 115.8 129.7 140.6 145.8 145.7 145 149.3 155.1 160.3 162.7 157.9 148 133.5 118.6 117.9 116.9 112.5 99 83.1 66.8 55.7 47.5 43.2 41.6 41.1 57.8 57.6 61.8 70.3 78.9 84.8 92.5 97.1 100.9 102.9 104.3 102.7 95.6 91.4 85.7 84.3 85.2
166.5 162 156.6 151.9 148.1 144.1 139.9 136.1 131.9 126.6 121 114 108.7 106.7 104.5 102.4 101.1 100.6 99.9 102.9 107.7 114.3 119 121.1 121.9 118 104.8 115.4 119.1 122.9 123.4 122.2 126.4 131.3 135 136.7 135.4 132.1 122.2 108.9 96.3 110.2 123.1 132.1 134.8 135.9 138.9 146 155 162.3 165.6 161.2 152.3 137.4 135.1 133.8 130.1 121.3 93.1 73.6 55.9 45.5 41.7 41 47.9 58.8 61.6 62.6 65.8 69.4 74 79.8 84.9 89.4 93.5 97.4 97.1 96 92.2 81.5 80.1 75.9 83.2
169 165 160.5 155.9 150.4 145.8 142 137.8 133.4 128.6 123.4 118.1 112.7 113 111 108.4 106.5 101.2 98.7 97.2 97.1 97.9 101.3 105.5 108.9 109.8 103.4 106.6 108.8 110.4 111.5 110 113.5 118.6 122.4 125.3 126.3 127.1 123.8 111.5 94.6 102.1 114.1 121.1 125.1 127.9 134.6 148.8 160.1 166.5 168.4 166.5 158.4 149.1 146.5 146.5 141 122.8 92.5 69.7 47.4 41.4 43.9 46 53 60.7 62.2 63 64.5 67.2 69.4 72.4 76.9 80.8 84.9 88.7 88.8 87.5 85 75.7 73.5 75.1 81.9
170.4 166.4 160.6 157.5 152.8 147.7 141.7 136.9 130.9 127.6 124.9 122.3 121.2 120.6 119 115.4 111.1 106.3 101.2 100.1 97.3 94.5 94.2 93.4 93.9 95.6 96.8 96.6 97.1 95.3 95.5 97.1 98.6 101.1 105.8 109.1 114.4 121.1 123.7 118.1 102 93.2 101.7 108.8 114.2 124.5 139.7 152.6 163.5 171.6 175 171.4 165.6 160.7 161.2 157.1 144.1 117.3 90.5 65.9 41.4 42.1 44.4 45.2 51.5 59.6 61.5 62.3 63.1 64.4 66.2 67.8 70.2 72.9 75.5 78.3 79.7 78.1 75.9 69.1 70.7 79 81.6
170.7 166 162.9 159.3 154.8 150.7 145.7 140.5 134.9 131.9 128.1 128.2 127.8 127 124.3 120.6 116.9 112.5 108.3 104.7 102.5 98.8 95.1 92.7 91.3 90.9 89.9 89.2 87.9 86.7 86.1 85.4 84.2 83.6 85.1 91.7 99.5 110.6 118.7 119 106.1 88 91.7 106.4 119.5 134.7 147.8 160.1 168 173.7 175.8 173.3 168.3 163.8 160.2 155.8 140.7 111 87 65.7 42.5 41.5 44.4 44.6 46.6 57.5 60.4 61.4 62 62.3 63 63.9 65.3 66.7 68.3 70.8 70.1 63.6 61 67.4 76.9 81.4 83.5
169.9 166.5 163.2 159.8 156.1 152.3 147 142.7 139.3 136.7 135.1 134.5 133.9 132.3 130.1 127.3 122.8 118.1 113.9 110.9 108 104.5 102.9 100.1 98.6 97.6 97.3 97.9 95.8 97.6 98.1 97.2 93.6 87.3 82.5 81.8 81.7 93.1 103.9 110 102.2 85.1 94.4 113.7 128.4 142.9 155.6 164.1 168.5 171.8 172.7 169.2 166.4 162.6 157.1 148.6 130.3 103.8 79.8 62.3 44.7 40.9 43.2 43.8 43.2 51.4 58.1 60.6 60.9 61.3 61.1 61.5 59.4 61.6 62.9 61.8 58 54.1 66.8 71.2 77.3 83.3 82.2
166.5 162.8 159.9 157 153.8 150 146 142.4 139.4 138.2 138.4 138.1 137.8 136.7 135.3 132.8 128.7 124.1 117.4 115.9 111.5 108.5 108.8 108.4 106.8 107.7 108.9 110.7 111.3 111 111.8 116.3 114.9 107.3 97.6 89.2 82.1 79.4 84 95.2 92.9 81.7 94.8 114 131.3 144.1 153.7 161.7 165.8 166.9 165.4 161.6 159.1 154.8 148.9 139 119.9 95.6 74.7 61.1 43.1 40.9 41.8 42.3 42.2 43.5 53.7 57.1 58.9 59.9 60.1 60 58.9 55.3 55.5 56.1 51 63.2 65.2 68.4 71.8 77.9 80.9
160.2 157.4 154.9 152.6 149.8 146.2 142.9 139.3 137.7 137.6 138 138.8 138.1 137.5 137.1 135.7 133.4 129.5 125.1 120.1 116.2 113.7 113.8 113.9 114.7 117.2 120.1 123.6 127.8 129.1 129.1 131.8 132.9 124.8 113.4 102 94 85.8 78.6 78.3 83.9 80.1 92.7 110.8 124.1 133.7 142.9 154 159.5 161 157.6 152.6 148.3 143.9 137.9 128.3 110.5 89.7 70.1 60.6 53.1 38.2 40.8 41.3 41.5 40.2 46.1 52.1 54.2 56.6 58.8 58.8 58.4 56.2 51.6 46.4 55.1 58.3 61.1 63.9 67.6 74.4 80.1
142.2 143.8 148.3 145.7 142.7 139.8 136.8 133.4 132.5 133.3 134.3 135.8 135.5 135 135.6 135.5 134.2 131.1 128.2 124.2 120.8 118.4 118.3 118.9 119.5 123.1 127.5 132 137.4 140.6 142.3 143.4 142.2 137.5 128.8 116.5 105.4 95.7 87.1 77.7 76.3 77 84.3 96.2 105.1 114.8 127.6 142.1 152 154.2 148.3 140.6 136 131.6 127.1 118.8 103 83 68.4 60.4 55.3 47.4 38.2 40.9 40.5 39.6 41.8 48.5 49.3 51.2 55 56.4 56.3 56 52.6 44 51.3 53.7 56.2 59 64 71 79
140.7 137.3 135.1 134.6 133.1 131.6 129.4 124.9 125.5 126.1 126.8 127.1 127.3 128.1 130 131.4 131.4 129.3 128.1 125.3 122.3 120.9 121.3 121.6 122.1 124.8 129.4 134.7 140.2 143.7 146.5 149.2 148.4 143.3 137.9 130.3 120.4 109.5 98 88.3 76.3 75.1 74.3 73.1 79.6 95.7 112.5 127.5 141.5 145.6 139.5 129.4 122.1 120 117 110.9 100.6 86.9 76 66.8 60 52.9 44.2 37 40.7 39.7 39.7 41.6 46.4 46.5 47.7 48.4 49.1 50.4 48.6 40.9 47 50.2 51.5 57.6 62.9 68.6 75.3
