public/OST50/SX84.asc
ncols 200
nrows 200
xllcorner 280000
yllcorner 40000
cellsize 50
[rows 38 to 75 of 200, columns 0 to 85 of 200]
130.6 126 122.3 117 112.8 106.3 105.6 105.3 103.3 102 100.1 101.2 103.3 103.7 104 103.4 100.7 95.7 84.1 73.6 81.2 96.8 99.9 99.4 94.9 89.4 83.5 87.7 88.3 86.6 83 79.4 75.8 69.4 48.5 44.7 53.6 58.8 65.2 64.9 64.7 65.7 69.1 71.9 79.1 90.2 98.5 104.8 109.4 112.3 114.1 115.2 115.5 116.6 117.6 119.2 120.5 120 118.4 115 111 105.3 96.8 98.3 104.6 110.6 116.7 121.9 127.4 132.2 135 136.3 135.7 134.5 130.9 127.4 123.8 120.3 117 112.6 116.8 123.7 128.8 132.1 134.1 134.6
128.4 124.4 122 119.5 117.5 115.1 110.9 105.3 99.7 95.2 92.2 88.8 86.5 93.7 97.1 97.8 96.1 92.6 86.9 72.4 77 91.3 94.8 94.8 89.6 84.1 76.3 78.5 78.7 77.8 76.3 74.9 72.2 67 45.9 44 57.8 71 77.6 80.1 80.5 78.3 79.4 85.1 90.1 96.7 102.3 106.2 108.8 109.7 110 110.3 110.8 111.9 112.9 114.8 117 119.1 118.7 116.7 113.2 107.9 98.3 94.9 103.6 112.4 119.6 124.7 129.4 133.4 136.1 137.8 137.3 135.5 134.2 130.7 127.1 123.5 120.9 119.9 123.1 129 133.3 135.5 137.4 136.9
130.3 135.3 135.2 133.2 131.6 129.2 125.4 119.3 111.4 104.9 101 96.9 91.7 87.3 81.4 83.7 84.1 81.8 81 75.9 76.6 87.7 87.2 85.9 82.9 78.4 65.8 66.1 60.2 56.7 54.9 56.1 54.5 51.3 42 41.3 49 54.8 67.2 83.2 92 92.4 93.8 96.1 98.9 102 104.2 106.4 106.7 106.6 105.8 104.2 105.2 107.1 108.3 110.5 112.9 115.7 118.2 117.8 115.6 111.2 104.7 92.4 101.1 113.8 120.6 125.2 129.9 133.6 136.7 138.8 138.9 137.9 137 134.2 131.4 129.2 127.9 127.8 128.4 133.3 136.6 138.7 138.6 136.2
138.6 142.7 146.2 145.7 145.1 144 140.4 136 129.6 123.6 114.5 106.2 99.4 96.3 91.9 81.2 78.3 76.7 74.4 70.7 74.7 79.4 72.9 68.3 65.8 63.8 56.1 52.3 51.8 53.8 50.7 46.6 45 44.4 49.5 43.5 37.5 46.3 55.6 74.8 93.9 98 100 101.3 103 103.7 103.6 103.3 102 99.6 97.6 94.8 98.4 100.7 102.4 106.1 109.9 113.9 116.7 117.8 117.8 115.3 109.4 95.3 97.9 112.6 118.5 123.5 129.5 134.2 137.5 138.9 139.8 140.7 139.8 138.9 137.7 135.8 134.5 134.9 135.8 138.9 140.2 138.9 136.4 133.6
146.5 148.4 150.4 150.9 150.2 148.9 145.8 140.7 135.9 130.7 124.2 113.5 99.8 92.6 87.1 85.4 90 89.4 81.2 75.2 68.7 65.6 63.2 61.8 60 55.5 54.8 62.9 67.1 65.3 63.7 62.2 62.2 62.7 65.3 63.3 49.7 39.6 51.9 67.6 89.7 97.9 100.8 102 102.2 101.3 100 97.3 93 90.3 86.5 90.1 94.3 94.5 95.2 98.7 105.3 111.2 114.5 116.8 117.6 116.5 109.6 95.4 100.1 107.9 115.5 123.2 129.2 134.3 137.1 139.2 140.4 142.1 142.7 141.8 141 141.9 140 140.6 141 142.3 140.7 137.2 133.8 130.6
152.7 153.3 154.8 154.4 153.1 149.9 144.9 139.2 133.9 128.7 120.5 107.8 97.3 94 95.1 97 95.9 90.6 87.7 89.2 84.7 80.1 78.4 78.3 74.6 62.9 65.1 78.1 79.4 77.8 77.3 75.3 75.8 75.2 77.3 74.8 64.5 40.6 48.4 62.7 84.3 95.9 98.8 99.8 98.8 96.5 93.2 86.6 78.4 76.6 81.4 88.2 88.6 87.8 82.7 92 100.2 106.7 111.1 114.7 116.9 115.8 110 86.2 85.2 101.4 112.9 122 128.9 133 135.7 139 141.3 142.9 143.8 144.2 143.2 144 144.4 143.8 143.6 141.8 139.8 136 131.5 127.3
156.5 157.2 157.8 157.1 154.1 149.8 143.7 137.5 128.7 120 112.3 108.7 105.7 106.4 107.7 107.2 102.7 88.9 99.9 103 99.4 96.1 91 81.8 69.4 66.9 80.3 89.6 89.4 87.2 85.4 85.8 85.4 85.3 84.7 82 72.2 46.6 44.7 58.3 79.4 92.5 95.1 94.9 93.2 90 85.1 71.1 59.6 61 66.8 70.4 72.9 72.4 71.8 83.7 92.8 101.5 108.3 112.1 115.4 115.3 110.1 87.6 75.5 92.8 108.4 119.8 125.9 131.1 134.6 138 140.4 142 143.3 144.3 145.1 145.5 144.4 143.9 142.7 140.5 138 133.6 128.8 125.3
158.4 159.7 160.1 159.1 156.6 152.9 148.8 144.5 137 128 124.5 120.1 116.3 114.6 113.1 110.4 103.3 93.6 109.2 110.6 107.1 101.6 84.9 78.6 81.9 86.4 94.7 100.8 102.3 100.1 99 97.1 94.9 94.1 91.1 86.5 77.6 52.5 42 56 72.7 84.7 87.2 86.8 85.2 81 74.4 48.3 41.7 40 40 40.8 43.2 41.7 46.2 65.7 82.6 95.6 104.1 109.4 111.8 110.3 103.1 85.8 71.4 86.8 104.8 116 122.6 127.8 132.3 135.3 137.6 140.2 142.2 143.2 144.1 144 143.6 142.8 141.2 138.6 135.6 131.7 128.6 126.1
158.1 160.1 160.7 160.6 158.7 156.5 153.6 149.5 145.3 139.9 136.1 131 126.6 122.1 118.2 111.3 102.1 96.5 112 112.2 105.5 91 88.3 94.6 98.3 102.7 107.8 111.9 113.3 112.2 109.5 106.3 103.9 100.6 96.7 88.7 82 54.7 38.2 51.4 60.8 66.2 66.5 64.6 60.6 53.4 42.4 31.1 24.1 20.7 18.1 18 15.9 18.6 27.7 42.8 67.6 87.5 97.7 103.2 104 99.3 85.3 73.9 68.3 85.5 102.6 111.1 118.9 124.3 128.1 131.8 134.7 137.5 139.5 140.6 141.3 141.7 141.6 140.4 138.7 136.9 134.4 131.6 128.1 124.9
157 160.2 161.6 161.8 160.3 158.4 155.7 151.7 148.8 145 142.7 138.5 132 126.8 119.6 109.2 100.4 99.5 107.9 107.4 99.7 92.5 101.2 105.8 111.1 114.5 118.5 119.8 119.7 118.1 116.6 112.9 108.4 102.5 97.2 88.6 75.1 58.1 39.2 42.5 48.8 49.5 48 44.9 35.4 26.3 21.6 18.4 19 16.9 18 17 14 12.4 14.1 29.3 54.2 78.3 89.8 94.7 95 84.5 69 62.6 74.2 89.7 100.2 106.9 113.5 118.3 122.2 125.9 129.8 133.1 135.8 137 138.1 138.5 138.7 137.8 135.9 133.8 131.3 128.7 126.5 124.5
160 162 163.1 162.7 161.3 159.1 156.2 153 149.1 145.2 144.1 139.2 133 124.5 115.2 106.3 104.2 104.5 106.5 105.7 96.1 101.1 109.3 112.9 116.7 120.4 123 123.9 122.9 121.7 118.9 115.6 110.6 104.7 93.1 78 72.9 66 45.1 36 31.7 33.7 31.2 28 28.5 27.2 29.2 32.3 34 35.8 33.3 29.9 27.6 25.1 11.2 21 42.7 63.8 79.8 86.1 86.6 70.3 57.2 68.4 81.8 90.1 95.3 99.7 105.3 110.3 111.7 119.8 124.7 128.3 130.5 132.2 134 135.2 135 135 132.1 130 127.7 125.2 122.9 121.2
159.5 161.4 162.4 162.2 160.5 158.6 155.9 152.4 147.8 141.3 138.3 133.9 126.3 118.3 113.3 112.8 114.1 116.1 113.4 110.5 105.3 98.8 106.8 112.8 117.9 123 125.4 125.7 123.9 121.9 118.4 115 111.1 101.9 87.4 76.7 86.5 88.1 68.9 52.5 44.5 39.4 39.6 44 46.5 46.9 47.4 48.4 50.4 53.6 50.5 44.2 39.1 31.4 13.5 15.3 35.1 56.9 73.7 77.8 72.1 54.9 54.2 71.1 78.7 83.4 87.7 91.3 95.5 98.8 100.7 112 118.7 122.2 123.4 125.3 129.6 131.4 132.2 132.1 128.7 126.2 123.3 120.3 118 116.5
158.5 160.3 161.3 161 159.6 157.6 154.5 150.6 144.7 142.4 136.2 130.6 126.7 124.6 125.7 127.2 127.8 127.7 123.8 119.4 112.5 105.2 105.8 109.9 117.9 124.6 127.3 126 123.7 119.8 115 110.6 105.5 98.2 82.7 86.7 99.5 100.2 89.9 73 63.1 59.9 62.1 64.2 65.3 65.1 74.7 67.3 66 64.7 61.4 57.7 47.2 29.6 13.6 14.8 37.3 58.1 70.4 72.7 60.4 44.5 56 66.2 72 75.9 76 80.3 83.2 84 95.5 102.9 108.6 113.1 115.9 121.9 127.2 130.2 130.8 130.3 126.8 122.6 118.2 114 110.3 107.3
156.9 158.9 160 159.8 158.5 156.1 153.8 152.2 149.1 146.1 142.9 140.7 139.1 138.1 138 139.4 140 134.7 129.9 122.6 113.2 109.4 111.9 111.9 116.7 122.7 126.3 125.4 121.8 116.2 107.4 100.5 95.1 88.9 90.3 99.9 108.7 110.1 106.4 98.9 89.2 83.8 84.5 85.2 83.9 80.9 80.3 79.9 80.2 76.5 70.1 61 43.7 23.4 6.2 15.8 39.1 56.8 68.2 70 49.5 39.4 52.5 60.4 62.1 58.6 62.5 68.6 73.9 81 89.5 97.9 105.6 112.6 118.8 124.4 129 132 131.9 130.7 127.2 123.6 121.1 116.9 112 105.9
156.2 157.8 158.5 158.9 158 156.8 155.5 154 152.1 150.4 149 147.1 146.4 146.7 147.5 147.1 143.9 139.5 132.7 124.1 120.4 118.2 118.8 119.4 120.9 124.5 127.9 128.3 125.5 120 113.5 108.6 104.9 103.4 105.8 112 119 120.6 119.5 116.5 111.5 106.3 103.8 100.5 96.2 94 92 88.4 85 79.9 75.9 62.7 41 14.4 7.1 12.3 32.9 50.7 65.9 68.8 47.5 34.1 44 45.4 48.8 59 71.8 82.6 88.5 87.3 94.7 104.8 112 117.9 123.3 127.8 131.6 133.7 132.8 131.6 129.1 126.5 123 118.7 114.3 107.9
155.9 156.9 157.5 158 157.8 157.5 156.3 154.8 153.8 152.6 150.9 148.7 148.4 149.4 150.4 149 145.9 140.6 133.9 130.5 129.8 124.9 125.6 126.1 127.7 130 132.4 134.1 133.4 130.5 127.2 122.8 120.6 120.6 122.9 125.1 128.4 128.1 127.3 124.7 120.9 116.7 112 106.9 103.5 101.4 98.6 95.9 89.9 81.7 69.5 51.2 32.5 7.7 6.3 10.9 27.4 48.8 64.1 61.3 44.5 30.9 33 41.8 55.9 70.7 82.4 92.4 98.3 100.8 103.1 109.4 117.1 122.6 127.5 131.4 133.3 134.4 133.3 132.3 129.8 126.8 123.7 119.8 115.7 111.2
156.1 156.7 156.3 156.7 156.5 155.7 154.9 153.3 152 150.1 147.8 147.9 149 149.2 149.5 148.2 145.5 140.9 138.6 137 132.9 132.3 131.7 132.3 134.6 135.8 137 137.5 136.7 135.7 133.5 133.1 132.4 133 133.8 134.5 133.8 132.3 130.4 128.5 125.2 122.8 119.7 115.8 111.7 107.5 103.1 100.2 91.5 84.3 73.2 51.4 30.5 6.9 5.7 8.6 28.8 51.2 54.7 42 32.3 26.9 39.8 54.5 68.1 81.6 93.1 101.8 107.6 111.1 113.5 115.9 121.7 127.1 131.3 133.3 135.1 135.1 134.2 132.8 130 127 123.7 119.9 115.8 111.2
156.2 156.2 155.8 154.8 153.8 152.7 151.5 149.5 147.3 144.8 143.3 144.1 145.2 146.7 147.3 147.1 144.9 143.7 142.1 139.5 136.9 135.5 135.8 137.1 137.9 139.1 139.6 138.8 137.7 136.5 135.6 135.2 135.9 136 136 137.1 135.7 134.1 133.2 132.5 129.9 126.9 123.6 120.3 116.6 113 107.7 101.4 94.2 85.5 71.3 47.3 26.1 5.9 5.4 6.5 33.2 47.4 34.7 22 23.3 33.6 49 65.1 80.6 93 104.8 112.8 117.5 121.4 123.8 125.3 126.5 130.9 134.6 136.4 136.9 136.3 135.3 133.1 130.3 126.7 122.9 118.9 114.7 111.5
157.9 155.6 154.5 152.9 150.5 149.2 147.4 145.3 143.2 138.9 137.5 139.1 141.3 143.5 144.5 144.6 143.6 141.9 140.7 138.5 137.5 136.9 138.3 139.4 139.6 139.6 140.4 139 137.3 135.7 132.2 130.5 131.8 133 135 136.7 138.2 137 135.3 133.9 131.6 129 127.3 124.4 121.2 118.3 112.5 105.2 95.5 81.7 61.3 40.4 20.3 5.6 5.2 13.5 36.3 29.4 17.9 20.3 31.5 44.2 59.9 76.3 91.1 105.3 116.9 123.5 127.8 130.3 130.8 131.4 131.3 132.8 135.7 137.4 137.9 137.3 135.3 133.1 129.8 126.1 121.5 116.8 114 111.1
154 154.2 152.6 150.6 147.3 144.7 143 140.5 137.3 132.7 127.8 132.6 137.1 140.2 141.3 141 140.4 139.5 138 137.2 137.6 136.8 137.4 138.9 139.7 139.5 139.2 138.4 136.9 134.9 130.6 125.6 124 126.6 130 133.5 135.3 136 135.6 133.5 132 131.7 130.8 127.4 124.4 121.9 117.6 109.3 96.7 75.7 55.1 36.4 21.6 6.2 5.1 20.6 17.3 12.2 16.1 30.9 43.7 57.9 72.7 87.5 102.9 117.1 126.5 131.6 135.5 137.6 137.8 136.6 136.1 135.4 137.7 139.3 138.6 137.5 135 132.6 129.2 125.4 120.7 114 108.8 107.5
151.9 152.3 150.3 148.2 145.2 141.9 138.4 135 130.9 125.9 119.8 126.8 132.4 135.7 136.9 136.6 136 134.5 133.6 133 134.9 135.7 136.3 137 137.6 138.1 138.1 137.6 136.5 134.9 132.4 129.2 121.5 113.9 117.2 120.4 126.1 130.7 131.5 129.8 126.3 124.4 124.1 124 124.6 125.8 120 111.4 99.8 77.7 54.1 36.4 19.5 5.3 5.3 11.6 6.6 17.4 29.5 44.2 57.8 72 86.8 101.5 115.2 125.1 131 136.6 140.1 142.1 142.8 142.2 140.5 139.6 139.9 140.3 139.8 137.6 134.8 131.6 128.9 125.5 120.5 115.3 106 99.1
149.4 149.6 148 145.9 143.1 139.8 136.6 132.6 128.8 125.2 117.9 120.2 128.1 131.1 132.1 131.9 131 129.2 128.7 129.2 130.6 131.4 132.3 133.6 134.2 135.2 136.2 136.2 135.4 134.7 133.3 130.8 125.1 116 106 104 105.8 110.2 113.4 116.2 114.8 112.7 113 115.1 116.2 114.8 111.7 105.8 96.9 80 54.6 33.5 14.1 6.2 5 4.6 19.7 32.7 46.1 59.2 72.9 86.6 100.1 112.8 121.7 128.2 133.7 138.4 142.1 145 145.7 145.8 144.7 143.7 142.6 140.8 139.2 136.9 134 130.6 126.4 123.3 118.6 114.2 106.5 99.1
147 146.9 145.8 143.6 141 137.7 134.5 131.1 127.6 124.9 118.1 112.8 121.5 125.9 127.3 127.6 126.4 125.2 124.3 124.5 125.4 126.1 128.3 130 131.3 132.3 133.7 134 133.6 132.9 132.3 131 128.9 124.8 115.6 105.2 97.1 91.6 92.8 94.2 93.7 89 89.7 92.9 97.7 97.7 96.8 92.8 83.5 73.3 54.6 32.8 9.8 4.9 4.8 7.5 27.5 42.9 57.4 72 85.7 98.5 108.7 116.6 123.9 130.1 135 139.5 142.9 145.1 146.2 146.6 146 144.9 142.9 140.8 138.9 135.6 132.1 128.8 123.6 121.1 116.7 113.3 106.9 100.9
144.2 143.9 142.6 140.4 137.7 134.4 130.9 127.7 124.7 121.6 118 108.1 117 121.2 123 123 121.9 119.5 118.2 119 120.1 121.3 124 125.9 128 129.4 130.9 131.8 131.8 131.2 130.6 129.8 128.5 126.6 123.1 118.9 108 96.5 83.6 73.8 67.6 63.4 64.2 67.4 72 74.5 74.6 73.3 66.8 62.4 54.1 29.7 4.2 4.4 4.8 4.8 28.3 46.8 64.4 79.9 92.4 100 106.4 114.6 122.8 130.2 135.4 139.5 143 145.2 146.4 146.8 146.4 144.9 143.1 141.1 138.6 134.6 130.6 126.3 120 117.9 111.4 107.5 102.3 96.3
141.2 140.8 139.4 136.6 133.4 129.8 126.5 123 119.7 116.5 114.1 105 113.7 117.1 118.4 118.2 116.6 114.4 111.8 112.9 114.5 116.9 119.6 121.7 123.5 126.2 128.8 130.4 130.5 129.7 129 127.4 125.2 122.8 120.3 117.3 112.7 111.1 101.3 89.9 81.6 70.6 57.4 47.8 48.6 49.2 49.9 47.9 44.2 42.2 39.2 25.3 5 5 5 5.1 25.2 47.4 65.5 79.3 81.7 89.6 99.5 110.8 121.6 129.7 135.1 139.5 142.8 144.9 146 146.6 145.9 144.7 142.8 139.8 137.5 132.8 129.4 125.1 121.1 113.3 107.6 98.5 88.6 84
138.3 137.7 135.6 132.7 128.7 125.2 120.6 117.5 113.4 110 108.4 103.2 106.9 112.8 114.1 113.5 111.7 108.6 106.2 108.7 113.8 115.8 118.6 122.8 126.2 128.7 130.1 130 129.9 128.4 126.2 123.2 120.5 117.9 115.5 113.1 109.8 109.1 110.7 108.1 99.8 89.7 73.7 57.4 45.5 37.3 29.9 25.7 22.5 17.7 15.4 13.4 4.8 4.8 4.7 4.6 21.3 43.8 63.2 66.6 76.2 90.1 102.3 113.7 122.9 130 135.6 139.4 142.3 143.9 145 145.1 144.2 143.1 140.5 137.8 134.4 130.7 127.7 123.1 118.4 114.4 108.3 102.1 91.1 78.6
136.3 134.6 131.9 128.5 123.9 120.7 118.2 115.4 112.6 110.2 107.9 102.9 100.8 108.7 110.5 109.6 106.3 102.5 107.2 113.1 116.9 120.7 123.7 126.3 129.1 130.8 131.4 131.1 130.8 129.1 126.7 124 120.9 118.1 114.6 112.1 107.2 104.8 105.6 107.6 106.5 102.1 93.1 78.7 63.5 52.3 43.8 35.3 28.9 22.5 16 10.7 4.7 4.8 4.9 4.8 16.3 32.8 41.9 59.7 75.3 90.3 104.3 115 123.4 130.8 135.7 139.1 141.2 142.4 143.2 142.7 141.7 140.4 137.6 135 131.8 128.3 125.2 122 117.8 112.3 109 105.1 98.5 90.7
135 133.6 130 126.8 125.3 124.5 123.2 120.5 118.2 115.3 111.8 107.2 99.2 100.4 105.3 104.2 100.1 104.7 110.5 116.3 120.1 123.2 126.3 128.4 130.5 132.5 132.8 132.4 132.3 131 129.7 127.7 124.9 122.6 119.8 117 112.8 106.5 99.9 102.7 105.6 105.8 102.5 96.9 86.7 76.1 65.1 54.6 46.5 36 28.5 23.6 4.7 4.7 4.8 4.8 4.9 23.7 42 56 70.8 85 98.6 111 121.9 129.7 134.8 137.4 139.4 140.6 140.8 140.1 139 137.6 134.3 131.9 129 125.4 122.6 119.5 116.1 111.7 107.9 104 100.9 96.1
135 134.1 132.9 131.1 129.3 128.3 126.8 124.6 120.7 117.1 113.1 108.9 102.5 96.3 94.1 95.9 103.2 109.5 114.6 118.3 121 123.9 126.6 129.3 131.8 133.7 135.1 135.4 134.6 133.7 132.5 130.7 128.8 126.6 124 120.9 116.5 110.4 99.1 97.4 104.7 107.5 108.3 106.2 100.6 93.9 83.4 71.6 58.2 48.3 37 28.8 7 4.8 4.9 4.8 4.6 20.7 33.2 47.1 61.2 73 86.2 101.7 116.8 125.6 131.3 135 137.3 138.3 138.1 137.4 136 134.2 130.9 128 125.1 121.6 119.1 116.1 113.4 109.9 105.5 101.1 95.8 99.8
137.1 137.1 136.2 135.4 133.7 132.1 129.9 127.2 123 119.1 115.1 110.1 105.5 100.2 93.2 93.2 106.8 111.4 114.1 116.6 119.8 122.8 126 129.4 132.1 134.5 135.7 136.4 135.4 135.2 133.6 132.4 130.3 128.3 126.7 123.4 119.4 112.8 98 94.6 104 109.5 111.9 111 107.3 101.6 94.5 83.9 72.2 60.6 49.5 37.7 18.8 4.9 4.9 4.8 4.7 8.1 19.1 34.5 51.2 64.6 76.9 90.6 106.8 120.4 127.9 132.2 134.8 135.8 135.2 134.1 132.2 130.3 127.4 124.5 120.8 116.8 113.5 110.3 108.7 104.4 99.3 90.4 75 80.5
137.9 138.9 138.9 137.3 136.2 134.2 131.8 129.1 124.9 120.3 116.4 110.8 107.9 102.5 99.2 89.2 103.3 108 110.4 113.5 118.3 122.4 126.1 129.5 132 133.9 135.6 135.8 135.6 135.1 133.6 131.7 129.6 127.3 125.9 123.8 120.2 113.7 95.2 92.6 104.8 111 112.7 113.3 110.6 106.2 99.9 94.8 85 74.6 61.1 46.7 27 4.7 4.7 4.4 4.2 12.9 22 31.2 43.1 58.4 70.1 83.2 98.1 114.8 124.6 129.3 132 132.5 132.1 130.8 128.8 126.7 123.9 120.5 116.8 112.7 107.1 99.1 101.9 95.9 86.1 72.6 48.6 46.7
138.1 139.2 139.7 139.3 137.6 135.5 132.9 129.5 125.1 120.2 114.6 110.2 107.1 103.8 99.2 90.5 89.3 95.5 104.3 112.2 118.1 122.2 125.9 129 131.4 132.7 133.9 134.5 134.1 133.2 131.8 130 128.2 126.2 124 121.3 117.8 112.8 95.3 91.2 103.9 107.6 110.2 111.3 111.7 109.9 105.5 99.5 93.5 86.2 76.3 59.3 35.5 13.7 4.8 4.8 4.6 18.8 33.2 44 54.7 64.3 72.2 82.3 95.1 112.1 121.6 126.7 129 129.1 128.8 127.4 125.3 122.1 119 116 112.8 108.6 104.5 85.9 95.2 84.6 69.5 53.6 23.9 4.2
137.7 139.1 139.8 139.4 137.7 135.4 132.5 129.5 125.2 120.2 114.2 108.8 104.9 101.2 95.8 91.5 86.6 85.5 98.6 111.7 117.2 121.8 125 127.9 129.9 131.2 132.3 132.4 131.6 130.8 129.2 127.4 125 121.8 120 117.5 114.4 110.3 96.6 83.8 90.4 98.6 103.8 107.9 109.2 110.1 106.8 102.2 97.5 91.4 82.7 69.8 46.9 21.7 4.9 4.7 4.5 22.3 40 54.4 68.2 77.8 84.3 91.3 102.7 113.5 120.8 124.4 126.1 126.3 125.1 123.3 121.6 117.5 114.4 111 106.7 102.2 96.5 83.4 69.3 66.2 49.6 31.4 4 -1.4
137.2 138.5 138.9 138.5 137 134.9 132.2 129.1 125.2 121.3 116.5 111.3 108.3 106.3 103.6 100.3 92.8 84.6 86.8 105.8 114.3 119.7 123.5 126.5 128.2 129.8 131.1 130.2 129.2 128.2 126.3 123.6 120.9 116 114.4 111.4 108.3 105.1 99.7 84.2 79.6 85.4 95.3 103.1 107.5 109.1 106.7 102.9 98.5 91.4 82.5 70.4 53.5 30.2 6.9 4.6 4.5 25.4 45 63.8 79.6 88.6 94.9 102.4 109.9 115.7 119.9 122.6 123.7 123.5 122.2 120.3 117.8 113.7 109.4 104.9 98.8 92.3 82 67.1 51.3 44.2 26.7 3.1 -1.4 -1.4
136.1 137 137.4 137.3 136.1 134.3 131.7 129.1 126.2 123.2 119.5 115.6 112.8 110.4 107.4 104.2 98.8 89.4 82 95.7 109.3 115.8 120.9 124.3 127 128.6 129.4 128.6 127.6 125.7 122.7 119.5 115.7 110.2 105.7 103.6 101.8 98.6 93.7 85.9 74.6 74 84.6 97.6 104.1 106.8 105.5 102.2 97.1 88.9 79.7 66.9 49.5 29 6.9 4.6 5.3 31.2 53.8 71.7 86.9 99.4 105.2 108.9 113.5 116.5 119.3 121.4 121.7 121.1 119.7 117.7 114.2 109.7 104.2 99.1 89.9 73.2 57.1 46.6 36.8 18.1 3.6 -1.4 -1.4 -1.4
134.2 135 134.4 134.5 134.1 133 130.9 129.1 127.1 124.2 121.3 119.1 115.5 112.3 108.5 104.4 99.6 92.7 79.1 89.8 102.1 112.3 118.1 122.1 124.9 126.9 127.5 127.4 126 124.1 121.4 117.6 113.2 109.5 106.9 102.9 98.7 94.3 86.2 83.1 78.8 69.8 78.7 95.6 103.8 104 102.6 100.4 95.4 87.3 76.1 57.7 37.1 17.1 4.7 4.5 10.2 38.2 63.4 81.2 97.1 106.2 110.1 112.6 115.1 117.4 119.1 120 119.9 118.9 117.1 114.3 110.6 105.2 96.1 89.9 77.1 53.8 40.1 22.5 4.9 2.8 -1.4 -1.4 -1.4 -1.4
131.5 132.3 132 131.2 131.8 131 130.1 128.7 127.1 125.1 122.7 120.1 117.3 112.8 108 102.8 97.1 90.6 82.7 84.3 93.2 106.4 114.4 119.4 123 125.4 126.4 126.2 125.6 123.9 121.9 118.9 116.6 113.9 112.7 111.3 109.5 106.1 101.6 96.5 85.2 69.3 73.4 90.7 99.6 100.5 99.7 100.1 95.1 87.4 76.2 52 25.3 4.7 4.7 4.4 13.8 44.4 71.4 90.5 103.8 109.5 113.1 114.7 116.2 117.7 118.2 118.1 117.6 115.9 114 111.3 107.1 100.5 89.7 70.9 57 41.6 4.9 5.6 5.8 -1.4 -1.4 -1.4 -1.4 -1.4
127.6 129.1 129.2 128.6 129.5 129 128.5 127.4 126.3 125.2 123.8 121.6 118.7 114.6 110.4 104.6 101.8 100.8 93.2 76 80 95.3 109.9 116.7 120.6 123.7 125.2 125.5 125.1 124 122.5 120.9 119.6 118.1 116.4 115.6 114.5 111.3 108.3 102.5 88.8 67.9 67.2 81.2 92.1 96.5 98.7 99.6 97 91.4 81.1 57.2 26.2 4.8 4.6 4.3 16.8 46.9 75.3 94.4 103.6 109.8 113 114.2 114.6 115.4 115.1 115.2 114.2 112.2 110.2 107.7 102 93.9 82.5 63 43.1 11.8 4.2 4.1 -1.4 -1.4 -1.4 -1.4 -1.4 -1.4
