public/OST50/SX84.asc
ncols 200
nrows 200
xllcorner 280000
yllcorner 40000
cellsize 50
[rows 0 to 37 of 200, columns 0 to 85 of 200]
74.1 74.4 72.9 72.9 71.7 65.6 61.4 66.9 70.9 75.4 81.8 90.3 95.4 96.6 97.1 94.8 90.3 84.8 77.7 71 66 61.4 65.4 74.7 83.6 91.2 97.2 102.6 106 106.1 105.7 104.5 101 96.8 88.1 92.1 100.6 104.8 108.3 109.1 111.4 113.8 117.8 125.2 134.2 141.3 147.7 151.1 153.3 152.7 151.8 150 147.6 145.2 141.7 140.4 138.7 136.1 130.2 125 118.4 110.1 99.4 89.4 94.4 99.3 108.5 118.9 127.7 135.4 142.2 146 147.9 149.3 148.1 146.5 144.4 139.5 135.4 138.2 141.5 142.4 140.2 137.8 132.4 128.9
62.3 61 60.1 59.9 58.9 59 58.4 58.8 60.6 61.3 65.6 72.1 80.3 88.1 89.9 90 88.3 83.3 76 68.3 62.1 63.2 73.9 82.6 89.8 96.3 100.7 103.3 104.8 104 102.9 101 97.5 90.8 85.4 93.6 96.8 99.5 102 104.1 105.2 111.4 120.7 128.8 136.8 144.1 149.2 151.5 153 153 152.2 151.1 149.6 148.5 146.2 145.3 143.5 140.7 137.1 133.4 128.1 121.1 108.4 96 89.4 105.9 119.4 128.5 137 141.7 144.9 146.6 147.1 146.4 145 142.7 140 135.8 133 136.3 139.9 140.6 138.4 135.3 129.9 122.3
64.7 64.1 64.5 64.5 62.6 61.9 60.3 59.3 57.6 56.3 56.3 56.7 61.3 70.7 78.1 84.6 85.5 81.4 74.2 65.4 60.8 70.1 80.9 88.1 94.3 98.3 100 100.6 100.6 99.9 97.6 94.4 89.3 82.8 86.7 91 94.8 97.2 99.6 103.2 109.2 118.2 126.6 134.3 141.4 146.6 149.6 151.2 151.5 151.1 151.1 150.9 150.6 149.8 148.6 147.3 145.3 142.6 139.4 135.9 131.4 125.8 112.9 97.6 91 114.5 125.8 132.1 137.1 140.6 142.4 143.2 143.6 142.4 140.1 137.5 134.6 132.3 129.9 135.1 138.1 138.8 138.4 134.1 129.9 124.5
80.7 78.6 76.7 76.3 74.9 72.1 69.5 67.1 64.8 63.1 60.4 57 54.2 55.4 64.2 76.1 82.9 80.6 73.1 61.2 63.1 75.4 83.7 90.5 94.5 96.3 95.4 94.3 93 90.3 86.2 82.9 79.3 86.8 96.9 103.6 108.3 111.7 112.5 115.4 118.7 126 133 139.6 144.2 147.8 149.4 149.7 149.1 148.3 148 149.3 149.6 149.6 149.1 147.2 145.1 142.3 139.1 135.1 130.9 124.7 109.8 92.4 94.6 110.6 122.8 129.6 133.6 136.2 137.8 138.8 138.5 137.1 134.8 132.5 129.4 126 128.1 133.4 136.6 138.3 138.6 135.2 131.3 127.3
93.7 92 89.7 90.3 89.4 87.3 84.4 82.6 80.8 80 75.6 69 61.7 55.2 54.3 66.4 77.7 78.4 71 59.7 67.5 80.4 87.1 91.9 92.1 89.7 85 81.8 78.6 75.7 78.3 82.5 90.8 100.7 109.2 114.9 121 125.4 127 128.5 129 132.3 137.5 141.7 145.8 147.4 147.3 146.2 143.5 141.7 143.6 146.3 147.6 148.4 147.7 146.3 144 140.5 137.1 132.9 127.8 121.1 105.6 88.1 93.3 108.9 116.6 122.7 127.2 130.6 132.2 133.5 134.1 132.3 129.4 125.8 122.7 120.8 126.6 129.2 135 138.6 139.3 137.5 134.8 132.7
101.6 101 101 103.1 103.4 102.7 102.1 101.2 99.7 97.5 93 83.7 73.5 65.2 54.8 55.5 68.9 71.3 64.2 58.7 73.9 83.7 89.1 89.4 87.1 77.9 71 72.6 76.4 85.1 94 102.5 108.6 114.6 120.3 124.3 127.8 130.1 132.3 133.5 135.1 137.2 139.8 142.3 143.6 144.3 143.7 141.6 134.5 133.2 138.5 142 144.6 145.6 145.5 144.3 142.1 138.7 135 129.9 123.9 116 100.8 86.8 88.8 100 104.3 115.7 119.7 124.5 127.5 130.3 130.5 126.4 125 119.8 116.6 119.9 125.8 131.3 136.3 139.5 140.2 140.3 139.6 139.3
101.7 105.4 108.4 111.2 112.8 113.8 113.9 113 109.7 105.3 98.6 90.2 78.1 66.5 56.2 53 60.6 60.8 57.6 64.8 78.4 86.2 88.5 86.4 75.3 66.9 71.6 84.6 94.3 102.8 109.8 116.1 121 124.1 126.3 128.6 130.2 130.9 133.4 135.2 136.4 138.9 139.9 140.2 140.1 140 139.4 136.6 129.6 126.7 133.3 137.6 139.9 141.2 141.4 141.6 139.7 136.6 132.1 124.8 117.4 106.4 95.2 86.9 84.2 88.3 97.2 106 114.1 120.5 125.6 127.6 127.2 122.5 120.1 114.4 114.8 122.3 127.3 132.9 138.1 140.8 142.7 143.6 144.4 146.2
100.2 108.1 113.8 117.8 119.8 120.5 120.3 118.3 114.2 109 101.9 92.8 79.1 64.6 57.3 53.3 54 57.7 65.7 76.9 85.3 88.7 86.2 75.6 65.7 74.4 87.5 98.2 107 113.6 119.1 123.3 125.5 127 127.4 128.2 130.5 131.8 133.3 134.9 136.3 137.7 138.1 137.4 136 135.1 133.5 130.8 125.2 117.8 126.4 131.2 134 135.8 137.1 137.3 136.8 133.7 128.4 120.7 111.4 101.7 99.1 97.2 87.2 82.8 90.8 104.5 115.7 121.9 124.8 125.9 124.1 119.1 116.7 110.2 114.8 122.9 128.7 133.8 139.7 144.2 146.8 147.9 147.9 148.1
105.7 112.8 119.3 123.5 125.6 124.9 122.4 119.8 114.9 109.5 102.3 92.8 77.5 57.5 54 59.5 72 75.6 80.6 85.4 88.7 87.2 78.1 63.4 71.8 85.8 96.4 106 113 117.9 122.5 124.7 125.5 125.2 125 127.1 128.9 129.6 130.8 132 133.4 134.5 134.6 133.4 131.5 129.6 126.4 123.4 119.5 107.3 118.5 123.3 126.3 128.2 130.4 133 132.8 131.1 128 121.8 114.1 109.8 108.4 104.6 92 81.2 88.3 104.5 116.4 121.3 123.2 123.5 122.5 118.9 114.7 108.6 117.2 123.8 129.9 134.9 141.7 147.6 149.6 149.9 148.7 147
116.6 121.8 126.1 128.9 127.5 125.5 121.5 116.5 111 104.5 95.9 89.3 72 55.3 52.6 70.2 83.6 86.7 87.9 87.8 85.2 83 71 62.6 78.8 90.9 101 109.5 116.1 120.1 122.6 123.2 122.5 120.9 121.3 124.8 125.9 126.4 127.4 127.9 128.6 129.7 129.8 128.3 126 122.7 118.7 114.4 111.1 102.7 108 112.8 117.7 121.3 124.5 128.2 130.2 129.8 128 124.3 120.9 117.5 114.1 106.5 93 80.5 88.6 105.6 115.7 119 120.9 120.6 119 115.7 109.1 110.2 120 126.8 131.1 138.7 145.7 149.3 149.3 148.1 146.2 141.9
126 130.2 132.5 131.4 128.2 122.1 116.2 108.8 102.3 96 90.5 84.8 69.8 52.6 52.4 74.1 84.5 85.1 82.2 79.1 74.4 73.5 64.4 62.4 80.5 94.5 105.1 112.1 117.3 119.6 119.6 118.6 115.7 112.4 117.7 121.7 122.5 121.8 121.8 121.9 122.8 123.7 123.2 122.2 119.4 114 108.4 103.5 101.3 97 100.9 105.5 110.2 115 118.7 124.6 128 130.3 130.5 129.1 127.1 124.4 118.4 107.1 92.6 78.7 89.9 106.7 113.9 116.4 116.8 116.3 114 108.6 105.2 114.2 122.5 128.1 133.5 140.3 146 148.2 147.1 144.5 141.6 135.6
131.5 134.2 133.4 130.1 124.4 116.9 105.7 95.2 89.1 84.8 84.5 83.1 75.6 53.1 52.4 69.6 78.8 77.8 70.5 61.8 58.6 57.2 61.7 72.3 86.2 100.6 108.2 113.1 115.8 116.5 115 112.9 105.5 108.5 115.3 117.3 117.5 115 114.6 113.7 115.9 116.3 116 114.4 111.7 107.9 101 94.1 92.8 92.2 97.4 101.8 106.8 111.7 117.4 122.8 127.8 131.4 133.7 134.6 134.6 131.1 122.5 110.6 94.5 78.7 87.3 98.6 106.5 111.5 111.6 109.2 106.4 100.3 108.7 118.1 124.5 129.2 134.1 139.7 144.1 145.4 144.6 141.9 138.1 129.6
135.2 135.8 132.7 128.5 120.3 109.3 97.9 91.9 85.3 75.3 71.2 74.3 72 54.9 51.7 58.4 64.8 64.1 56.2 58 65.2 71.8 76.6 85.4 98 105.4 109.4 112.3 113.3 113.5 112.2 107.5 94.7 105.3 109.5 110.5 109.4 106.5 105.3 103.9 107 108.4 107.9 105.9 103.6 100.2 95.2 90 87.6 93.2 99 102.6 106.4 110 115.7 122.1 127.7 133.1 135.2 136.9 135.7 132.5 125.1 113.6 97.8 81.3 77.6 83.3 89.6 101.9 105.2 99.7 93.7 105.4 116.3 122.7 125.4 129 133.7 138.4 141.2 142 141.1 138.3 133.5 126
137.5 136.8 133.5 127.7 117.8 111.6 106.7 99.6 92.6 85.4 77.5 68.4 62.3 59.7 52.2 50.9 51.7 51.8 58.5 72.9 83.2 88.4 92.2 97.8 102.8 106.5 108.4 109.9 110.6 109.2 107.4 103.2 88.5 96.4 101 101.8 99 96.3 92.9 93.8 98.5 100 98.3 96.7 95.7 92.9 89.7 84.4 87.4 91.6 95.1 99.9 105 111.4 119.2 125.1 130.3 134 137 137.6 135.4 132.7 125.6 117.3 105.2 91.8 80.3 73.6 74.5 85.9 97.9 89.3 100.7 114.7 120.1 121.8 123.3 125.6 128.8 133.9 136.9 137.8 137.1 134.3 129.6 121.9
138.6 137.9 134.5 129.4 125.9 121.7 114.6 106.2 100 95.1 88.5 79.7 75.7 71.8 64.8 55.4 50.5 50.5 61.1 77.2 88.3 94 97.5 100.4 101.8 103.9 105.3 106.2 106.4 104.7 101.1 97.5 85.5 81.6 89.3 90 87.2 85.7 82.5 87 90.1 91.5 90.8 88.8 87.8 86.4 83.3 80.5 84.9 90.4 96.9 100.9 107.4 115.4 122 128 132.9 136.1 137.9 137.3 135.2 132 125.7 120.1 112.3 103.6 92.1 80 74.2 72.2 80.7 88.2 97.1 109.6 115.9 116.8 117.1 112.3 119.7 127.9 131.7 133 132.8 129.9 126.7 119.5
139.9 138.7 136.9 134.6 132.1 128.3 123.5 115 109.9 104.5 101 95.7 91.7 87.6 81.3 72 59.6 50.8 52.4 64.5 75.8 88.9 93.8 96.9 98.3 99.4 100 100.8 100.3 97.7 94 89.1 79.1 72.5 80 79.3 79.2 77.5 77 80.1 81.3 81.3 80.4 78.3 76 76 78.3 82.7 90.1 97.6 103 107.6 113.7 118.5 124 130 135.1 137.9 139.7 140.4 137.5 133.7 128.4 125.1 121.6 115.2 106.6 94.7 82.3 74 70.3 80.5 90.1 100.2 105.2 108.9 105.6 97.7 109.4 121.4 126.5 128 129 128.1 125.5 119.7
137.7 138.4 137.7 136.9 135.8 132.2 128.4 123.9 119.1 114.6 110.4 106.4 102.5 98.6 94.2 87.5 76.7 63.5 54 52.9 61.7 77.7 85.9 89 89.7 90.2 90.8 92 91.2 89.6 85.6 80.5 73.4 63.2 68.5 68.7 69.8 69.6 70.1 71.5 70.2 69.6 72.1 77.7 82.3 86 87.7 89.4 97.1 103.9 109.1 114 118.3 122.9 127.6 133.1 137.3 140.1 142 143 142 139.8 137.5 135.6 133.1 127.9 120.7 109.7 96.6 84.1 72.6 68.2 73.3 83.5 86.7 90.8 88.1 87.5 104.4 116.3 121.4 124.5 125.9 125.1 123 118.4
133.2 134.8 135.7 135.5 134.9 133.5 131.2 127.8 123.2 118.1 113 108.2 104 100.1 94.9 89 82.1 73 63 52.6 51.6 61.2 65.9 69.6 71.9 73.6 77.4 80.5 82.7 81.6 77.5 70 62.5 57.2 57.4 59.3 59.8 64.3 63.9 67.9 72.6 77.8 83.8 89.4 94.5 98.6 100.6 101.6 103.1 108.7 113.6 118.2 122.5 126.5 132.1 136 139.9 141.8 145.3 147.5 147.9 147.4 146.9 146.7 145.4 141.7 133.2 121.9 109.3 95.9 82.4 72.3 67 63.1 66.3 69.8 71 82.8 101.8 112.3 117.3 120.6 121.9 121.1 119 115
125.3 127.6 129.4 131 132.1 132.3 130.9 127.9 123 117 109.9 103.8 96.7 91 84.6 79.4 76.8 72.4 65.3 55.5 48.6 48.5 50.5 53.3 56.2 57.7 61.6 67.6 74.1 73.5 67.6 57.2 54.1 60.3 66.5 70.7 73.4 76 79.2 82.8 87 92.4 98.1 104.1 105.8 106.8 107 108.3 111.1 114.5 118.8 123.5 127.9 132.1 136 139 142.1 145.9 150.4 153.4 154.1 154.9 155.7 156.2 153.7 150.2 143.2 133.4 122 108.4 95.5 84.2 75.8 69 63.6 59 57.2 74.7 94.5 108 113.6 116 116.8 116.2 114.1 108.9
115.6 119.4 122 124.9 127.7 129.7 129.2 126.8 121.1 110.5 100.8 91.1 84.4 78 72.3 68.9 65.3 60.9 59.4 58.5 54.2 48 47.3 48.3 48.5 49 50.8 53.1 62 64 56.6 54 61.5 68.4 75 82.2 88 92.6 95.9 97.3 100 103.2 105.3 106.8 107.1 108 110.8 113.2 116.4 119.9 123.6 127.6 131.8 136 139.5 143.7 148.5 153.3 156.6 159.1 159.8 160.7 160.8 159.6 157.7 154.1 148.2 140 128.9 117.8 106.4 97.5 89.3 80.3 71.8 66.2 56.5 66.1 86.1 102.6 108.5 110.5 110.5 109.8 108.3 103.1
106.4 109.2 113.1 117.9 122.8 127.3 128.6 126.9 121.1 114.2 104.1 96.7 88.9 82.5 77.5 73.2 70.9 70.1 70.3 66 59.5 54.5 49 46.1 47 47.5 47.3 47 50.7 54 50.9 60.2 68 77.6 88.2 93.1 97.1 99 99.8 101.1 102.2 102.7 103 104.4 106.1 107.3 110.2 114.8 119.1 122.8 127.1 131.3 135.8 140.7 145.2 150 154.9 158.4 160.2 161.3 161.8 161.9 161.2 160.3 158.4 155.1 150.2 143.4 134.9 126.7 117.3 110.2 102.7 92.8 81.9 72.1 59.6 58.9 77.9 95.3 101.9 103.2 103.6 102.8 100.9 97.5
100.9 104.6 110.3 114.5 121.2 125.4 127.6 127.1 125.1 119.7 114.2 108.4 99 93.4 88.7 86.2 82.9 82.9 79.4 72.3 66.2 58.4 56 52.9 49.4 45.8 46.5 46.3 46.5 50 59.3 69.3 78.9 87.6 91.8 95 97.3 97.6 97.9 97.9 98.4 98.9 99.6 100.4 102.6 105.1 110.4 115.5 121.3 126.7 131.5 135.9 140.1 145.1 150.2 154.9 158 159.7 159.7 160.2 159.4 159.8 159.6 158.8 157.4 153.9 149.1 143.8 136.6 129.7 122.5 114.4 104.9 94.3 87.3 78.2 65.5 50.9 70.9 89.3 94.9 95.8 95.7 95.5 93 89.6
101.9 105.2 108.1 113.9 119 123.7 127.6 128.2 126.8 124.1 119 113 108.3 104.2 101 100.2 97.6 94.8 91.2 85 77.4 73.4 68.2 64.6 57.4 53.2 50.8 51 45.8 52.3 67 77.8 83.7 86 89 91.7 93 93 93 93.4 93.2 92 91.5 94.3 101.6 105.7 111.8 118 124.1 130 135.8 140.5 144.6 149.9 154.8 157.5 158.1 158.3 157.1 155.7 155.5 156.4 157.1 156.2 154.9 151.9 147.2 142 135.8 128.4 122 114.1 107.4 102.8 92.2 83.3 70.2 53.3 62.6 83 85 83 85.3 85.9 84 81.5
106.9 108.7 109.2 112.6 118.5 122.9 127.4 129.1 129.2 127.5 124.1 120.2 117.9 115.1 113.1 112 109 106.5 102.2 95.1 89.1 83.2 78.6 72.5 61.5 64.8 61.4 56.2 48.7 46.8 64.6 73.3 76.2 80.4 84.1 86.4 87.1 87 86.3 84.4 82.5 85.4 92.7 99.7 104 110.8 116.4 122.7 130.2 135.9 140.5 144.5 149.2 153.4 156.2 156.1 154.5 151.8 150.8 149.7 151.1 152.5 153 153.5 152.5 149.7 145 140.3 133.7 128.8 124.4 120.5 114.8 106.6 93.1 83.6 73.9 55.8 53.2 72.6 64.8 63.7 67.8 72.3 69 66.7
116.6 116.1 116.7 117.8 119.7 122.4 125.2 127.2 128.2 128.2 127 125.7 125.1 122.8 120.7 117.7 114.4 110.4 104.9 99.6 92.3 86.2 77.6 69.8 73 77.3 76.4 69.1 59.6 48 47.8 57 63.4 73.9 78.3 78.1 75 74 72.5 74 81.6 92.2 99.6 108 114.3 120.1 125.8 131.9 136.7 140.7 143.5 147.4 150.5 151.8 151.5 148.1 143.3 142.6 142.8 143.6 146.6 148.5 149 149.5 149.9 147.9 144.5 141 136.5 132.3 128 122.8 114.7 104.2 90.2 81.1 72.9 63.5 49 51.5 52.7 52 54 52.1 49 47
128.9 127.1 125.5 123.3 121.7 121.9 122.7 122.7 124.2 125.3 123.8 122.8 123.5 123 121.6 118.8 115.3 110.5 102.7 96.1 92 85.8 82 79.9 81.8 82.6 79.5 74.2 66.8 56 45.5 45.6 53.4 60.2 67.4 64.3 60 62.9 72.7 81.4 90 100.1 111.5 116.7 121.6 128.1 132.7 137.1 139.9 141.8 143.9 145.4 145.7 144.1 139.7 135.1 134.9 135.6 135.6 137.8 142 145 146.6 147.7 147.2 145.4 143.1 140 137.1 133.2 128.6 121.2 111.5 97.4 83.7 73.8 64 60.2 54.4 49.7 49.1 47.8 46.9 45.7 44.1 42.8
135.8 134.1 131.4 127.5 123.6 121.7 119.5 117 116.3 116.8 117.3 117.7 118.4 119.4 119 117.8 114.2 109.7 104.4 99.2 94.7 91.8 89.2 87.6 88.3 87.7 84.3 80.2 74.3 67.3 59.1 47.5 42.9 49.5 52.6 52.5 63.1 74.3 82.4 91.1 102.7 112.5 119.9 123.8 128.7 133.3 135.8 137.6 138.5 138 136.9 133.7 130.4 130.5 128.7 128 128.3 128.8 129.1 134 138.4 141.2 143.6 144.1 143.5 141.9 140.4 137.7 135.3 131.5 125.8 117.1 104.9 87.5 78.2 73.2 71.2 70.7 69.2 62.2 55.5 54.9 57.6 56.8 50.7 46.7
140.3 138.2 135 131.9 127.6 123.5 120 116.3 113.6 110.7 109.8 110 111.1 114.4 115.8 116.4 115.4 112.5 108.3 103.4 101 98.9 96.9 94.5 95.6 94.3 91.9 89.1 86.9 82.6 75.5 63.9 49.2 43.7 44.6 59.5 72.6 84.4 93.4 105.1 114.3 119.6 123.6 127 130 132.1 133.1 132.8 130.1 129.4 126.1 123.7 123.1 122.8 122.3 122 121.9 122.5 125.5 130.6 134.6 137.6 138.8 138.8 138.7 137.5 136.4 135.3 133.1 128.8 121.3 111.4 98.5 86.1 81.9 78.9 78.2 78.6 77.7 73.7 72 69.3 65.8 62.8 53.6 50.6
142.8 140.7 137.2 133.6 130.1 127.2 124 119.9 116.2 112.4 109.4 105.8 104 106.7 109.9 113 115.6 114.8 111.5 109 106.8 105 104.6 102.7 102.9 103.6 104.3 103 99.7 95.6 87.1 77.3 65.8 50.5 42.1 58.8 74.6 90.1 103.4 111.4 117.7 122.1 123.7 124.4 124.2 124.9 124 121.6 121.5 120.8 120 118.1 117.7 116.9 116.3 116.3 120.5 125.2 128.8 131 131.6 132.3 132.6 132.6 131.7 131.9 131.8 131.6 129.9 125.4 117.5 107.9 98.4 93.8 89.9 87.7 86.6 85.8 83.6 81.1 76.5 73.5 68.1 59.6 54.1 55.5
143.2 140.6 136.8 133.8 131.2 128.2 125.7 123.3 121 119.2 115.8 110.6 106.1 100.6 99 104.9 111.8 113.9 114 112.3 112.3 111.8 112 112.7 113.2 113.9 113.7 114.2 112 106.4 99 91.1 77.4 59.9 46 55.6 73.6 88.4 101.6 111.5 116.7 120 121.2 119.2 117.5 116.4 116.6 115.7 115.4 114.9 113.5 111.9 110.6 110.3 111.7 118.5 125.2 129 130.5 129.6 129 127.7 126.9 125.5 124.6 125.1 128 129.6 127.9 123.4 118.6 110.5 106.6 104.5 101.3 97.7 95.8 92.1 86.6 80.9 74.2 68.9 64.2 61.9 64.3 65.6
139.9 135.1 131.3 130 128.5 126.8 127.4 126.2 124.6 122.6 119.8 115.7 110.6 105.4 98.6 97.8 109.7 114.2 115.9 117.3 118.1 118.6 119.6 121.6 123.1 123.8 123 120.2 116.5 111.2 104.3 94.9 78.9 59.5 46.6 52.9 70.7 83.8 94.8 106.8 113.1 116.7 116.8 115.1 113.2 110.7 110.9 110.5 109.7 106.4 106.1 104.2 105.6 109.2 115.7 123 128.1 129.7 129.8 128.7 126.3 123.7 121.6 119.9 120.8 123.5 126.8 128.1 128.5 126 121.7 116.9 114.3 112.5 107.4 103.2 98.1 94.2 88.8 78.9 75 68.9 68.5 74.1 77.4 78
136.6 132 128.1 124.8 122.5 120 123.9 126.4 126.1 124.7 122.6 118.9 115.2 111 101.9 92.8 107.4 116.5 119.8 122.7 123.7 124.3 125.5 125.4 126.2 126.1 123.8 120 114.8 108 100.1 89.6 72.5 54.8 44.7 51.4 68.9 81.5 95.8 105.2 110.4 112.7 112.5 110.4 106.7 104.6 105.1 105.3 104.2 102.1 96.6 100.3 109.1 116 122 125.8 128.8 130.5 130.6 129.9 126.4 122.3 118.3 116.4 119.8 124.3 127 127.9 128.6 127.7 125 121.5 119.1 116 111.2 105 99.7 93.1 86.3 86.3 81.6 72.5 80.4 87.4 88.9 87.8
137 134.8 131.2 126.7 122.7 117.2 114.8 120.3 123 122.5 121.7 119.5 116.6 111.6 100.7 90.6 100.6 110.7 117.5 121.7 125.7 127.6 127.4 127 125.9 124.5 121.5 116.6 110.5 102.9 92.4 76.5 63.3 51.1 42.4 51.1 67 81.6 94.8 102.5 106.6 108.4 107.9 104.7 100.9 96.6 98 98.1 96.4 93.1 97.2 107.8 117.2 122.2 125.9 128.5 131.2 131.8 130.7 127.9 124.5 120.2 115.9 113.4 118.5 122.6 126 127.7 128.5 127.7 125.6 125.2 122.5 118.6 111.5 104.2 98.4 91.6 93.5 97.1 90 79.7 91.5 95.3 95.4 94.9
139.2 136.7 135.2 133.4 129.3 122 113.5 109.5 113.2 116.3 115.8 114.6 111.1 107.1 99.1 88.8 89.2 96.5 104.7 115.4 122.2 126 126.2 124.8 122.3 120.6 117.3 111.7 105.7 99.1 90.6 78.7 65 49.4 40.4 50 64.1 78.2 91.6 97.7 101.4 103.1 103.3 99 94.8 89 87.7 86.6 89.2 95.8 106.6 115.6 122 126.3 129.1 131.1 132 131.1 129.2 125.7 122 117.9 112.9 109.7 116.4 121.3 124.3 125.8 127 128.2 128.1 126.2 123.4 119 112 104.7 99.8 96.3 100.2 99.3 91.7 86.3 96.9 99.9 101.9 103.3
141.8 138.6 136.6 133.6 129.5 123.7 118.1 114 108.8 103.4 103.9 102.3 99 93.2 90.1 87.4 84.2 86.8 93 102.7 115 121.1 122.4 119.4 115.5 113.7 111.2 106 102.2 96.1 86.9 77.1 64.7 52.1 39.7 47.2 59.8 74 86.5 92.9 96 97.7 97.3 93.7 89.6 82.7 83.1 89.4 97.8 103.4 110.4 118.9 124.7 128.3 130 130.6 130 128.9 126.8 123.4 119.7 114.9 107.7 108 115.2 118 120.9 122.6 125.2 127.6 128.6 127.1 123.5 119.4 114.5 109.4 104.5 102.8 102.4 99.9 90.5 94.6 101.8 106.7 108.9 110.6
143 137.9 134.5 131.4 129.1 126.9 123.6 122 117.1 112.3 108.4 106.4 104.7 104.1 103.8 101.4 91.1 82.4 82.1 91.5 103.3 113.1 116.8 114.3 109.9 107.2 104.9 102.1 98.7 92 80.9 70.3 62.3 57.2 44.3 44.3 61.6 76.1 83.9 87.7 88.9 90.7 90.9 89.1 84.8 79 84.6 95.2 99.2 105.5 112.7 120 124.5 127.2 128.2 128.3 127.5 126.1 124.2 120.7 116 111.2 104.3 105.9 111 114.2 117.7 121.6 124.5 127.2 128.9 128.4 126.8 124.4 119.6 115.9 111.6 109.9 107.9 103.7 94.9 101.9 109.6 113.2 114.1 115.5
142.7 137.2 134.7 132.2 129.9 128 126.8 124.3 120.1 117.7 116.8 117.1 116.2 113.7 111.5 108.1 101.5 87.8 78.6 81.5 98 108.2 110.1 108.3 105.5 102.4 99.3 99.2 95.9 90.8 82.8 76.6 70.6 63.5 51.9 42 58.9 70.4 75 80.2 82.4 85.3 85.9 83 78 79.8 88.7 96.2 102 108.1 114.4 118.9 122.8 124.7 125.7 125.7 124.6 122.9 121.1 117.8 114.3 110.2 102.2 103 109 112.6 115.8 120.3 124.7 128.9 130.9 131.4 130.9 128.8 125 120.9 117.6 114.9 112.6 106.8 101.5 109.8 115.6 118.5 120.2 121.9
139.5 136.3 133.3 129.4 125.3 122.5 121.4 120.1 117 114.1 113.3 114.1 114.1 112.4 109.9 106.9 102.1 92.2 79.4 77.9 93 102.8 104.4 103.4 100.5 96.3 92.4 94.6 93.7 90.5 85.4 79.4 73.5 66.1 51.5 43.1 52.2 54.9 58.9 63.6 72.7 79.2 80 76.2 76.1 86 94 100 106.4 111.8 115.8 118.8 120.1 121.1 122.1 122.5 122.5 121.2 118.5 116.2 111.3 108.1 100.4 101 106.5 110.6 116.1 121.2 125.9 130.6 133.2 133.7 133.4 132 128.1 124.4 121.1 117.7 115.8 107.3 109.1 116.7 121.1 124.9 128.7 130.2
