public/OST50/SX96.asc
ncols 200
nrows 200
xllcorner 290000
yllcorner 60000
cellsize 50
[rows 76 to 113 of 200, columns 0 to 83 of 200]
51.9 55.8 60.4 64.8 71.6 73.6 76 81.3 80 78.3 75.7 73.4 70.1 69.1 67.7 67.2 66.1 65.7 71.6 84.7 88.5 89.8 89.1 85.3 77.8 58.5 53.6 58.8 65.1 73.1 88.8 92.9 96.3 98.3 100 98.3 95.8 92.6 91.8 93.2 93.3 90.5 92.7 92.5 91.2 88.8 80.8 87.4 93.6 94.6 57 39.9 26.9 -1.4 -1.4 -1.4 -1.4 -1.4 -1.4 -1.4 -1.4 -1.4 -1.4 -1.4 -1.4 -1.4 -1.4 -1.4 -1.4 -1.4 -1.4 -1.4 -1.4 -1.4 -1.4 -1.4 -1.4 -1.4 -1.4 -1.4 -1.4 -1.4 -1.4 -1.4
51.9 54.6 55.2 63.3 66.2 75 74.4 71.2 72.8 70.2 69.6 68.7 71.5 70.6 70 69.8 68.6 65.6 64.3 81.9 84.8 84.4 81.1 77.9 72.9 58.6 53.1 56.8 62.8 70.9 79.7 85.2 90.4 94.3 99.3 100.1 99.7 98.8 98.4 95.8 95.4 94.6 95.2 94.6 91.5 83 73.3 81.9 92.2 97.2 63.1 37.2 17.1 -1.4 -1.4 -1.4 -1.4 -1.4 -1.4 -1.4 -1.4 -1.4 -1.4 -1.4 -1.4 -1.4 -1.4 -1.4 -1.4 -1.4 -1.4 -1.4 -1.4 -1.4 -1.4 -1.4 -1.4 -1.4 -1.4 -1.4 -1.4 -1.4 -1.4 -1.4
50.2 52.3 55.2 61 65.7 64.6 65.5 65.5 64.8 63.7 66.5 71.5 74.3 73.9 73.4 72.4 72.4 68.2 64.5 63.7 74.3 74.2 73.2 72.6 66.4 55.9 52.9 57.2 60.8 67.1 76.8 83.3 87.5 92 96.8 101 102.1 101.8 101.4 99.5 97.8 97.7 96.3 94.3 89.8 79.6 66.8 69.7 79.2 90.6 71.8 53 17 -1.4 -1.4 -1.4 -1.4 -1.4 -1.4 -1.4 -1.4 -1.4 -1.4 -1.4 -1.4 -1.4 -1.4 -1.4 -1.4 -1.4 -1.4 -1.4 -1.4 -1.4 -1.4 -1.4 -1.4 -1.4 -1.4 -1.4 -1.4 -1.4 -1.4 -1.4
51.4 52.2 53.9 56.9 59.2 59.7 61.6 58.7 57.9 63.2 67.6 72.3 73.9 74.9 76.2 77.6 78 80 76.4 68.1 61.6 59.4 63.1 65.9 62.9 51.8 51.7 53.8 61 69.5 78.4 84.3 88.2 92.3 97 101.4 103.5 103.8 103.2 102.4 99.5 96.7 93.5 91.7 86.8 77.2 69.2 55.2 59.5 70.7 66.9 43.4 -1.4 -1.4 -1.4 -1.4 -1.4 -1.4 -1.4 -1.4 -1.4 -1.4 -1.4 -1.4 -1.4 -1.4 -1.4 -1.4 -1.4 -1.4 -1.4 -1.4 -1.4 -1.4 -1.4 -1.4 -1.4 -1.4 -1.4 -1.4 -1.4 -1.4 -1.4 -1.4
53.5 51.9 52 54.6 56.4 55.8 56.6 54 58.1 63.4 69.2 71.7 72.5 74.5 77.4 80 83.2 84.8 84.4 80.4 73.9 68.8 58.8 56.1 52.6 51.2 51.5 55.2 61.8 70.9 84.6 88.2 91.2 92.9 97 100 102.6 103.3 101.7 100.9 97.7 92.5 90.2 87.5 78.9 72.4 71.7 58.6 47.8 51.6 57.2 21.8 -1.4 -1.4 -1.4 -1.4 -1.4 -1.4 -1.4 -1.4 -1.4 -1.4 -1.4 -1.4 -1.4 -1.4 -1.4 -1.4 -1.4 -1.4 -1.4 -1.4 -1.4 -1.4 -1.4 -1.4 -1.4 -1.4 -1.4 -1.4 -1.4 -1.4 -1.4 -1.4
57.1 54.1 51.4 53 55.6 56.3 50.4 53.3 57.5 62.5 68.1 68.9 70.5 73.8 76.9 79.6 82.4 89.3 91.5 85.6 74.6 69.5 67.1 53 49.4 52.7 52.1 55 58.4 67.1 81.6 84.9 87.6 86.8 90.7 92.7 101.1 100.9 100.2 98.2 96.6 93.6 89.8 85.5 75.9 83 85.7 69.8 53.7 40.9 42.9 14.4 -1.4 -1.4 -1.4 -1.4 -1.4 -1.4 -1.4 -1.4 -1.4 -1.4 -1.4 -1.4 -1.4 -1.4 -1.4 -1.4 -1.4 -1.4 -1.4 -1.4 -1.4 -1.4 -1.4 -1.4 -1.4 -1.4 -1.4 -1.4 -1.4 -1.4 -1.4 -1.4
60.8 55.4 51.1 49.4 48.7 48.8 50.7 51.8 55.3 60.1 63.5 65.1 69.5 73.2 76.4 80.2 87.9 92.2 94.3 93.6 77.1 62.1 48.6 48.8 49.8 54.4 61.4 61.1 63.8 63.7 67.9 78.5 83.8 82.1 81.5 86.5 94.5 97.5 98.4 97.4 96.2 95.1 91.2 89.2 90.9 91.5 90.8 83.8 62.8 43.5 33.5 6.9 -1.4 -1.4 -1.4 -1.4 -1.4 -1.4 -1.4 -1.4 -1.4 -1.4 -1.4 -1.4 -1.4 -1.4 -1.4 -1.4 -1.4 -1.4 -1.4 -1.4 -1.4 -1.4 -1.4 -1.4 -1.4 -1.4 -1.4 -1.4 -1.4 -1.4 -1.4 -1.4
62.4 56.6 49.2 48.1 47.3 48.4 50.4 51.9 53.8 58.8 61.9 65.8 69.6 72.8 75.4 88.3 93.7 93.8 94.3 93.9 82.2 49.1 47.5 49.3 64.1 68 69.5 68.9 72.8 72.5 70.1 70.5 72.3 74.5 76.3 82.4 88.9 94 97 96.1 95.4 94.7 94.1 93.8 93.4 93 90.6 83 60.6 48.8 39 6.3 -1.4 -1.4 -1.4 -1.4 -1.4 -1.4 -1.4 -1.4 -1.4 -1.4 -1.4 -1.4 -1.4 -1.4 -1.4 -1.4 -1.4 -1.4 -1.4 -1.4 -1.4 -1.4 -1.4 -1.4 -1.4 -1.4 -1.4 -1.4 -1.4 -1.4 -1.4 -1.4
60.2 57.2 48.3 47.7 47.6 50 51.2 52.7 54.6 60 63.4 66.5 69.1 72.6 82.8 91.2 92.3 93.1 93.5 92.5 81.7 47.5 47.1 67.4 87.6 86.3 83 75.5 78 78.6 81.7 77.2 74 75.7 78.4 82.9 84.1 92.1 93.7 94.9 95 94.1 94 94.1 93.8 92.9 90.4 84 63.6 50.1 40.8 14.9 -1.4 -1.4 -1.4 -1.4 -1.4 -1.4 -1.4 -1.4 -1.4 -1.4 -1.4 -1.4 -1.4 -1.4 -1.4 -1.4 -1.4 -1.4 -1.4 -1.4 -1.4 -1.4 -1.4 -1.4 -1.4 -1.4 -1.4 -1.4 -1.4 -1.4 -1.4 -1.4
53.4 51.9 46.8 45.3 46.9 51 52.3 54.7 54.7 64.5 64.5 66.2 67.5 72.4 81.5 87.3 91.1 92.1 93.1 92 85.7 66.6 46.6 70.9 95.8 96.6 97.3 95.9 86.3 83 83.1 84.7 87 83.4 81.2 84.8 86.8 90.2 92 93.1 93 93.3 93.5 93.5 93.7 93.5 91.8 88.8 78.6 58.4 41.4 26.6 10.5 -1.4 -1.4 -1.4 -1.4 -1.4 -1.4 -1.4 -1.4 -1.4 -1.4 -1.4 -1.4 -1.4 -1.4 -1.4 -1.4 -1.4 -1.4 -1.4 -1.4 -1.4 -1.4 -1.4 -1.4 -1.4 -1.4 -1.4 -1.4 -1.4 -1.4 -1.4
50.4 49.1 45.6 45.2 47.7 50.1 52.7 58 64.7 66.5 66.3 66.8 66.7 67.9 73.4 83.6 88.4 91.6 92.8 91.5 85.7 48.6 45.4 72.4 94.9 95.6 95.4 94.2 90 81.4 82 84.6 86.2 87.2 84.4 85.1 89.3 91.2 92 91.9 91.6 91.4 92.2 93.2 94.4 95 94.9 94 92.4 73 54.9 41.4 24.3 8.7 -1.4 -1.4 -1.4 -1.4 -1.4 -1.4 -1.4 -1.4 -1.4 -1.4 -1.4 -1.4 -1.4 -1.4 -1.4 -1.4 -1.4 -1.4 -1.4 -1.4 -1.4 -1.4 -1.4 -1.4 -1.4 -1.4 -1.4 -1.4 -1.4 -1.4
49.9 47.6 44.7 44.4 46.1 49.9 53.1 57.6 65.3 66.4 67.1 67.3 65.6 64.9 66.1 74.2 84.7 89.1 91.7 90.5 74 49.3 48.1 82.8 93.9 92.7 92.6 91.1 84.8 78.1 79 80.7 86.3 86.7 87.8 88.6 91.5 91.6 91.6 91.1 91 90.6 91.2 93.8 96.6 97.6 97.5 96.7 94.6 91.2 82.2 60 47.3 28.6 5.4 -1.4 -1.4 -1.4 -1.4 -1.4 -1.4 -1.4 -1.4 -1.4 -1.4 -1.4 -1.4 -1.4 -1.4 -1.4 -1.4 -1.4 -1.4 -1.4 -1.4 -1.4 -1.4 -1.4 -1.4 -1.4 -1.4 -1.4 -1.4 -1.4
50.3 49 44.1 42.8 47.5 50.2 54 58.4 64.2 64.7 64.8 65.2 63.3 60.8 62.3 64.9 76.8 86.1 89.4 89 43.4 43.1 74.8 91.2 91.4 90.8 89.5 86.4 75 72.9 76.1 80 83.8 85.9 90 91.4 91.8 91.7 91 90.6 89.9 89.9 91 95.8 98.7 98.4 97.9 96.7 96.4 92.1 88.9 87.1 84.1 59.1 29.5 -1.4 -1.4 -1.4 -1.4 -1.4 -1.4 -1.4 -1.4 -1.4 -1.4 -1.4 -1.4 -1.4 -1.4 -1.4 -1.4 -1.4 -1.4 -1.4 -1.4 -1.4 -1.4 -1.4 -1.4 -1.4 -1.4 -1.4 -1.4 -1.4
49.6 47.4 40.4 43.3 46.7 51.5 54.4 61.6 62.9 60.9 61.4 62.1 61.1 57.8 57.6 57.4 70 78.8 84.1 71 42.5 44.6 50.6 88 83.4 76.8 70.9 68.6 67.4 72.6 76.8 80.6 84.5 88.3 89.7 90.7 90.5 90 90 89.5 89.3 89.5 90.3 93.6 94.9 95.1 95 94.3 93.3 91.2 89 87.5 86.2 83.6 68.2 38.7 -1.4 -1.4 -1.4 -1.4 -1.4 -0.5 -1.4 -1.4 -1.4 -1.4 -1.4 -1.4 -1.4 -1.4 -1.4 -1.4 -1.4 -1.4 -1.4 -1.4 -1.4 -1.4 -1.4 -1.4 -1.4 -1.4 -1.4 -1.4
51.6 47.2 39 42.8 47 53.7 61.1 62.4 61.3 59.4 58.4 57.3 58.1 57.5 57.3 57 59.3 69.1 63.8 43.6 40.6 55.2 86.3 77.7 73.5 63.6 60.3 59.8 65.1 72.5 77.2 81.2 84.3 87.1 88.7 88.9 87.9 88.1 88.5 89.6 89.6 89 88.7 89.5 90.4 90.9 91.4 91.2 90.8 89.3 87.4 86.1 85 84.1 83.8 83.1 58.2 21.6 -1.4 -1.4 1.1 4.7 -1.4 -1.4 -1.4 -1.4 -1.4 -1.4 -1.4 -1.4 -1.4 -1.4 -1.4 -1.4 -1.4 -1.4 -1.4 -1.4 -1.4 -1.4 -1.4 -1.4 -1.4 -1.4
53.5 48.3 38 42 44.4 51.9 58.8 62.7 61.7 58.9 57.5 56.9 57.4 56.6 56.6 56.3 53.5 47.2 44.2 39.2 54.6 72.2 66.9 62.9 60.8 56.9 55.1 56.6 64.5 72 78 81.6 83.7 85.4 85.6 85.5 85.9 86.7 88 89.1 88.6 87.8 87.3 86.9 86.6 86.6 87.4 87 86.4 85.6 84.8 84.5 83.5 82.8 83.1 83.4 81.5 47.8 20.7 5.7 10 19.9 32.5 40.4 32 -1.4 -1.4 -1.4 -1.4 -1.4 -1.4 -1.4 -1.4 -1.4 -1.4 -1.4 -1.4 -1.4 -1.4 -1.4 -1.4 -1.4 -1.4 -1.4
48.2 45.4 37.4 42.2 46.8 53.4 62.1 68.5 67.2 62.1 60.1 60 58.4 58.4 55.8 52.4 51.3 55.6 54 37.9 48.3 51.5 50 50.5 50.1 48.9 52.8 60.8 66.1 72.2 78.1 81 82.3 82.7 82.7 83.9 84.9 86.1 88.4 88.9 88.4 87.4 86.5 86.1 85.8 84.3 83.6 83.6 83.5 82.7 82.6 82.6 82 82.3 82.1 82 71.2 48.8 40.3 31.8 29 36.8 43.2 51.9 55.4 43.1 -1.4 -1.4 -1.4 -1.4 -1.4 -1.4 -1.4 -1.4 -1.4 -1.4 -1.4 -1.4 -1.4 -1.4 -1.4 -1.4 -1.4 -1.4
55.7 48.1 36.9 41.7 53.4 58.5 65.6 71.2 70.4 68 64.8 63 60 57.4 55 53.4 53.7 62.9 56.3 37.9 38.3 43 42.8 43.3 48.9 54.1 60.3 63.2 68.9 73 76.7 78.9 79.9 80 81.9 83 84.2 86.7 89.2 89 89.1 88.4 87.6 86.7 85.8 84.7 83.7 83.1 82.4 81.9 81.7 81.6 80.7 81.5 82.5 80.8 72.5 61.1 52.7 49 51.1 48.4 51.6 57.8 71.9 54.5 16.3 -1.4 -1.4 -1.4 -1.4 -1.4 -1.4 -1.4 -1.4 -1.4 -1.4 -1.4 -1.4 -1.4 -1.4 -1.4 -1.4 -1.4
60.9 51.8 38 40.1 57.4 65.2 69.5 72.4 74.7 75.1 71.5 67.7 64.5 59.6 56.9 55.1 56.7 61.8 58.8 39.4 35.8 39.2 38.8 41 49.4 57.4 62.7 64.7 68 72.5 76 76.7 78.2 79.8 81.8 83.1 84.9 86.7 89 89.8 89.9 89.7 88.7 87.7 86.8 85.8 84.8 83.9 83.4 83.4 83.4 82.9 81.7 79.7 80 81.2 83.9 83.7 83.6 78.2 74.8 73.7 77.7 81.9 82.3 79.7 67.2 50 -1.4 -1.4 -1.4 -1.4 -1.4 -1.4 -1.4 -1.4 -1.4 -1.4 -1.4 -1.4 -1.4 -1.4 -1.4 -1.4
65.3 59.7 40 39.8 56.5 71.6 75.8 71.5 75.2 78 77.5 75.1 72 64.7 60.3 56.7 59 61.8 60.3 42.3 33.8 35.2 37.6 43.4 52 57.8 59.7 62.8 67.2 72.6 75.6 78 79.4 80.7 82.1 83.9 85.6 87.2 88.9 89.7 90.2 90.7 90.2 88.7 87.8 86.8 85.8 85.5 86.4 86.9 88.4 88.5 87.2 83 78.7 77.4 77.8 80.2 83.3 83.3 81.1 77.2 79.8 85.4 85.8 83.8 83 80.3 66 65.3 60 -1.4 -1.4 -1.4 -1.4 -1.4 -1.4 -1.4 -1.4 -1.4 -1.4 -1.4 -1.4 -1.4
68.5 61.9 42.2 38.8 54.9 71.3 70.5 67.6 69.9 73.8 75.5 75.7 74.3 69.4 63.5 60 60 68.3 65.8 44.2 34 33.1 37.1 48.8 53.1 56.4 57.5 62.1 67.3 72 76.6 79.1 80.9 82.2 83.5 85 86.6 88.2 89.5 89.9 90.3 91.6 93.5 90.4 88.8 88.3 87.9 88 89 95 98 97.6 92.7 87.9 84.6 80.4 75.1 74.4 79.4 82.8 82.4 77 78.1 84.3 86 85.3 84.7 84.4 83.6 81.6 72 49.7 7.1 -1.4 -1.4 -1.4 -1.4 -1.4 -1.4 -1.4 -1.4 -1.4 -1.4 -1.4
64.9 60.2 42 32.8 51.7 66.6 69.7 66.4 61.5 65.4 70 73.5 73.8 72.2 65.5 60.8 59.8 64.7 65.9 42.1 35.8 31.7 33.6 50.2 62.8 55.9 54.7 60.2 65.6 71 76.4 79.7 81.9 83.7 85.1 85.9 87.4 89.3 90.3 90.6 90.2 90.6 92.9 90.8 89.2 89 88.8 90.2 93.9 99.1 103.9 106.2 106 100.6 96.9 88.2 83 77.9 73.4 75.5 72.6 77.2 75.8 84.2 85.6 84.4 83.9 83.8 83.7 82.1 79.5 76.3 15.3 10.1 -1.4 -1.4 -1.4 -1.4 -1.4 -1.4 -1.4 -1.4 -1.4 -1.4
63.8 63.5 46.6 32.9 43.1 59.7 75.4 62.2 55.5 58.7 64.2 71.3 71.9 70.2 67.2 60.8 56.8 58.5 65.5 42.7 37 31.3 30.5 32.2 54.7 50.6 50.7 59.3 64.4 69.7 74.8 78.6 81.8 83.7 85.3 86.2 87.1 88.8 89.3 88.9 88.7 89.6 90.8 90.7 90 90.2 90.7 93.8 96.4 102.6 108.8 113.4 111.9 108.2 103.9 96 92.1 85.3 80.2 70.8 71 74 68.7 68.1 85.4 84.2 83.3 83.2 81.9 80.2 78.5 78.3 27.5 13 9.3 6.6 -1.4 -1.4 -1.4 -1.4 -1.4 -1.4 -1.4 -1.4
63.9 67.2 54.2 35.5 33.7 47.6 64.1 57.2 48.1 49.4 59.4 68.7 67.6 68.9 67.1 62 55.7 53.4 58.5 43.2 37.7 31.3 30.8 31.1 38.8 41.8 51.6 60 64.1 69 73.3 77.5 80.5 82.3 83.5 84.8 85.9 87.1 87.5 86.9 86.6 88 89.7 90.2 90.7 91.9 92.8 95.5 99.3 104.8 111.7 115.4 115.2 111.5 106 100 93.7 88.3 82.1 77 68.5 68.2 67 66.8 67.4 84.3 82.5 81 80 78.4 76.1 69.4 59.3 39.3 10.9 1.4 -1.4 -1.4 -1.4 -1.4 -1.4 -1.4 -1.4 -1.4
59.3 69.3 63.1 41.5 31.5 33.9 48.2 52.2 45 41.9 44.4 64.2 64.4 65.9 66.7 62.3 55 48.5 48.7 49.7 39 33.4 30.4 31.8 35.5 40.1 49.8 56.8 62.9 66.2 71.4 75.3 77.5 78.6 80.5 81.9 83.4 85.3 85.6 84.9 84.6 86.7 88.6 90.2 91.3 93.6 95.6 95.9 100.3 106 111.8 115.8 116.3 113.5 107.7 101.7 97.6 93.7 87.7 76.2 70.4 66.3 65.6 65.5 67.1 83.8 80.1 80.1 78.3 64.7 34.7 -1.4 -1.4 -1.4 -1.4 -1.4 -1.4 -1.4 -1.4 -1.4 -1.4 -1.4 -1.4 -1.4
57.4 67.5 68.7 49.4 33.7 30.5 33.6 42.9 37 36.5 39.7 51.1 62.7 59.8 57.5 61.7 53.7 47.2 42.8 48.2 38.4 31.5 32 34.4 39.7 42.8 48.4 54.8 60.3 64.6 69.5 72.2 74 74.2 76.2 77.9 79.6 81.8 82.3 80.5 83.4 87.4 89.3 90.8 91.5 93 93.9 95.8 99.5 105.5 112.6 114.4 117.2 116.1 111.3 106.2 103.2 98.9 94.4 84 74.7 65.5 64.2 65.6 67.1 68.9 78.5 79.6 74.3 34.6 14.8 -1.4 -1.4 -1.4 -1.4 -1.4 -1.4 -1.4 -1.4 -1.4 -1.4 -1.4 -1.4 -1.4
52.9 64.7 72.3 58.3 43.2 30.2 29.3 31 31.1 31.9 34.5 43.3 56.6 57.6 55.4 54.7 51.2 46.6 38.6 36.3 34.6 31.4 33.4 43.1 47.4 53 58.2 59.8 61 62.7 64.8 69.1 70.2 70.3 71.2 72.8 75.2 76.2 74.6 78.5 84.2 90 90.2 90.3 90.5 90.3 91.9 94.2 98.6 104.2 111.7 114.5 118 117.9 115.2 111.9 108.1 102 98.9 92.5 86.8 70.9 63.5 62.6 66.7 70.4 78.2 79.8 60.6 29.2 -1.4 -1.4 -1.4 -1.4 -1.4 -1.4 -1.4 -1.4 -1.4 -1.4 -1.4 -1.4 -1.4 -1.4
54.7 65.5 73.1 66 51.8 35.1 29.8 29.7 26.9 27.6 29.6 36.4 49.4 53.6 51.2 50.5 49.1 43.6 36.4 31.8 30.3 31.8 46.7 50.8 55.4 61.3 66.8 64.5 63 62.1 62.1 64.7 64.7 63.5 63.4 64.9 67.8 70.5 75 80.3 86.6 88.1 88.8 87.9 87.1 86.9 88.3 90.7 96.4 103.3 110 116.1 119.8 120.7 120.2 116.8 112.5 107.4 102.4 98.7 91.7 79.4 68.2 62.1 58.7 59.4 61.8 77.4 60.5 20.3 -1.4 -1.4 -1.4 -1.4 -1.4 -1.4 -1.4 -1.4 -1.4 -1.4 -1.4 -1.4 -1.4 -1.4
57.4 68.8 70.8 67.4 59 45 31.1 29.7 28.3 23.3 25.6 30.2 38.7 45.5 47.8 46.3 45.3 40.5 34.1 28 29.4 34.1 55.6 55.6 62.4 68.3 68.9 66.4 62.8 60 59.4 58.1 56.6 54.6 56.6 61.8 68 71.6 74.8 77.1 80.3 82.9 85.4 85.3 83.1 82.7 84.2 87.8 94.4 102.8 109.2 115.3 121.6 124.5 124.3 121.7 117.1 112.4 108.2 101.6 94.8 84 76.8 66.2 61.3 56.9 60 72.5 61.3 16.6 -1.4 -1.4 -1.4 -1.4 -1.4 -1.4 -1.4 -1.4 -1.4 -1.4 -1.4 -1.4 -1.4 -1.4
59.3 68.7 68 63.6 57.2 49.1 38.3 24.5 24.9 19.8 21.7 25.4 32.3 41.9 44.6 43.7 40.9 38.6 30.5 25 29.1 46.2 53.6 50.8 59.8 70.7 69.3 67.1 60.8 58.3 56.1 53.5 50.4 50.3 54.9 60.7 65.9 69.6 69.9 70.9 71.3 76.4 79.4 77.9 72.5 78.3 78.3 87.3 95.3 100 108 116.3 122.8 127 128 124.3 120.2 115.8 110.5 102.5 95 83.5 76.7 68.3 62.8 55.7 57.3 69.7 66.9 35.7 10.4 -1.4 -1.4 -1.4 -1.4 -1.4 -1.4 -1.4 -1.4 -1.4 -1.4 -1.4 -1.4 -1.4
59.5 67.8 65.8 56.7 51.1 44.2 37.3 31.4 27.4 18.3 19.7 21.7 28.6 35.8 42.2 40.6 39 35.9 32 25.3 28.9 44.3 45.1 45.3 56.4 68.6 67.1 62.5 56.6 56.7 57 51.9 46.3 45.2 51.3 55.7 57.4 60.9 59.5 60.8 63.3 67.1 66.6 65.6 65.8 68.1 76.3 86.8 95 100.7 107 116 123 129.2 129.2 126.4 121.9 116.6 109.4 100 89.9 79 69.8 64 60.9 52.8 50.2 62.5 63.7 48.5 26.5 -1.4 -1.4 -1.4 -1.4 -1.4 -1.4 -1.4 -1.4 -1.4 -1.4 -1.4 -1.4 -1.4
62.3 67.7 65.6 57.1 43.3 35.8 29.6 27 24.8 18.2 17.3 19.4 25.4 31.6 36.4 38.7 39.1 36.9 37.2 27.1 27.9 30.1 38.9 39.6 51.3 60.1 57.3 51.6 53.1 56.7 59.1 55.7 46.2 41.2 47 51.5 53.9 53 50.9 51.3 54.9 58.4 59.8 59.9 61 67.8 77.1 86.3 92.8 98.5 105.4 113.8 124.3 131 131.5 126.5 121 114.3 108.1 96.7 87 83.9 77.3 65.6 56.2 52 49 49 51.9 44.8 18.6 -1.4 -1.4 -1.4 -1.4 -1.4 -1.4 -1.4 -1.4 -1.4 -1.4 -1.4 -1.4 -1.4
66.8 67.6 65.8 58.1 46.9 35 28.7 24.2 21.2 16.7 16.7 19.7 25.1 29.8 34.3 36.6 38.2 40.2 39.8 35 27.9 29.6 29.5 28.6 31 41.4 43.1 43.9 55.2 59.1 60.4 57.8 51.1 43.4 41.6 48.1 44.7 45.7 43.2 46.3 48.1 52.7 54.3 54.1 57.8 64.8 72.9 81 86.5 94.1 101.4 112.2 123.2 130.6 130.3 125.1 119.4 113.8 106.7 99.8 95.1 87.1 78.7 63.9 55.8 61 58.7 50.1 42.2 27.9 29.4 33.5 22.3 -1.4 -1.4 -1.4 -1.4 -1.4 -1.4 -1.4 -1.4 -1.4 -1.4 -1.4
64.6 66.3 61.7 56.7 47.7 36.5 29.7 24.5 20.4 16 16.8 21.5 27.3 34.4 36.4 37.4 39.2 41.4 43.3 41.7 36.5 30.3 29.6 28.3 27.4 26.5 27.6 43.5 51.7 56.5 60 58.6 52.9 44.4 36.1 40.6 39.2 39.4 42.6 44.9 46.3 48 50.2 53.4 56.9 60.9 63.4 68.4 77.2 88.9 98.7 109.3 123.2 128.9 126.1 122.2 117 111.2 105.3 100.1 95 88 78.6 64.4 63.8 79.3 78.8 74.6 50.3 43.3 47 52.5 48.8 26.8 22 -1.4 -1.4 14.5 -1.4 -1.4 -1.4 -1.4 -1.4 -1.4
41.9 45.5 48.9 51.4 46.3 38 31.8 25.9 18.7 14.6 16.1 24.8 31.4 36.4 38.1 36.2 37.9 40.9 45.6 46.2 44.4 42.2 34.4 30.4 29.3 25.8 25.2 26.9 46.9 54 55.5 53.7 52 42.7 33.8 36.7 38.4 43.2 49.3 51.1 53 52.7 57.5 63.1 66.4 69.4 73.3 75.1 77.8 88.4 100.1 111.5 124.1 132 127.1 120.2 110.4 103.6 100 93.2 88.8 84.4 73.5 65.5 70.7 78.4 78.4 76.1 58.9 48.4 50.1 64.2 78.1 58.3 42 32.3 25.8 22 17 -1.4 -1.4 -1.4 -1.4 -1.4
24.8 28.4 32 38.4 43.9 38.9 32.3 25.9 17.7 14.3 15.3 25.1 30.9 33.1 34 31.6 34.6 37.3 39.1 59.2 48.2 45.2 42.4 38.5 33.4 26 24.6 26.2 37.7 50.9 52.3 49.3 46.7 34.5 31.9 34.7 41 51.7 56 60.4 60.2 62.5 70.4 76.7 81.2 83.2 85.1 89 86.1 90.8 102.9 117 130.9 132.7 126.6 119.7 108.6 98.2 88.9 84.3 80.9 76.3 72 71.7 76.2 77.2 76.3 74.9 62.1 49.1 49.8 61.8 75.5 80.1 64.2 50.6 40.1 32.4 24.5 19.4 -1.4 -1.4 -1.4 -1.4
23.1 21 21.8 26.1 33.3 38.9 33.3 26.6 18.2 13.4 14.5 21.4 23.8 27.8 28.1 28.1 31.8 33 35.7 41.2 50.9 45.6 42.1 38.2 33.4 29.9 23.3 19 28.3 47.1 49.2 45.8 41.3 29.5 29.5 35.4 45.9 52.5 58.4 63.7 67 77 84.9 91.7 97.9 97.8 96.6 96.5 99.3 95.2 108.2 124.7 135.6 132.5 126.5 118 112.5 105.4 97.4 90.3 81.3 79.8 78.2 78.6 76.8 74.7 73.6 73.1 68.6 50.3 48.6 54.8 68.6 77.7 77.6 70.4 56.4 47 37.6 33.3 31.5 28.1 28.1 34.5
30.2 24.1 19.4 17.8 24.2 36.3 32.8 23.9 17.8 12.7 11.9 16.2 18.9 25.6 28.7 30.9 29.8 30.5 31.9 35.3 41.3 51.8 40.8 36 32.4 28.9 24 19.2 26.3 40.3 44 41.1 31.9 26.2 35.5 48.3 53 60.1 66.5 71.9 81.6 88.6 97.3 105.1 111.8 117.4 118.4 119.9 117.6 112.3 121.6 131.7 130.9 127.1 122.1 116.9 113.1 106.2 101.6 98.2 92.9 89.3 85.2 80.7 77.3 72.4 69.9 70.6 70.9 61.9 47 48.4 62.7 74.3 75.4 71.3 63.2 53.7 47 48.1 49.4 49.2 53.7 59.8
