public/OST50/SX96.asc
ncols 200
nrows 200
xllcorner 290000
yllcorner 60000
cellsize 50
[rows 114 to 151 of 200, columns 0 to 83 of 200]
40.5 33.9 24.2 18.4 16.4 22.3 28.9 21.7 17.6 12 11.7 13.3 21.9 27.1 30.3 31.3 28.1 26.6 27.1 29.9 33.4 36.7 38.5 35.7 32.1 29.5 25.2 22.3 26.4 47.8 40.3 32.6 23.7 24.3 51.8 61.7 68.2 71.7 76 82.9 88.1 96.1 102.1 109.4 116.7 123.3 126 124.6 124.2 124 125.8 126.4 126.3 119.5 114.8 109.3 104.7 100.7 97 95.9 92 88.2 83.9 79.3 74 68.1 65.9 62 57 56.6 43.7 46.1 58.4 72.4 70.4 67.4 61.6 56.1 52.7 57.5 63.6 70.2 74.5 74.3
40.9 37.5 26.8 20.8 16.2 14.3 19 20.2 17.7 14.1 11.1 12.5 21.6 25.3 28.7 29.1 27 25.1 23.2 24 26.6 29.7 31 34.6 33.7 34.4 33.8 16.9 19.4 32.9 36 20.1 19.8 22.3 52.4 65.7 73.8 79.6 80.9 84 89.4 94.5 100.9 108.2 113.4 116.8 120 122 121.9 120.9 120.9 120.9 118.4 112.6 99.5 95.4 94.2 92.8 90.6 89.2 86.6 83.5 81.6 76.8 72.5 65.3 59.9 56.9 55.3 46.6 41.5 43.7 57.4 69.1 67.4 65.1 58.7 56.2 56.6 63.6 70.4 79.2 83.6 83.7
35.7 30.8 28.1 26.6 20 14.4 11.9 13.3 13.8 11.7 10.8 10.7 16.9 22.6 26.9 30.8 26.4 23.8 21.4 22.1 22.5 26.2 27.6 29.2 34.6 36.3 38 15.6 14.3 17.9 18 16.6 17.1 28.3 69.3 66.8 73.3 80.2 80 80.9 84.9 90.6 96.5 103.4 107.6 111.5 114 114.7 114.8 116.5 117.2 114.7 111.5 105.3 89.9 85.3 84.2 84.5 84.3 82.6 80.6 78.2 75.6 73.2 70.2 64.3 60.7 62.2 73 50.1 39.1 39.3 53.1 67.5 62.5 55.4 54.2 55.6 60.1 67.3 74.6 83 90.7 86.5
45 41.1 39.7 37.2 30 19.1 13.5 11.3 11.5 10.1 9.5 9.8 14.8 21.2 27.9 28.7 28.1 21.8 20 19.5 18.9 20 24.6 25.3 31 34.7 35.1 26.1 15 13.4 15 14.3 15.1 32.9 53.8 61.7 57.5 69 75.8 74.4 77.5 84.6 91.1 96.6 100.9 105.7 107.4 108.6 107.9 107.3 108.5 108 102.6 96.1 85.1 78.8 79.6 79.6 79.1 78.2 76.1 74 72.1 69.8 67 63.3 65.8 73.8 72.6 49.9 37.9 37.3 43.4 46.1 50 49.8 49.2 52.2 58.5 66.9 77.2 83.6 88.3 90.5
57.5 53.6 49 43.6 36.3 27.1 16.1 11.8 11.5 8.7 8.4 9.3 13 22.5 27 27.8 24.7 20 19 15.3 14.2 15.6 19.1 21.5 25.2 31.9 36.3 31.9 27.2 13.9 11.6 11.9 14.1 25.7 31.3 38.7 53.8 57.3 60.2 65.3 74.3 81.2 88.1 90.7 94.2 96.7 98.5 99.8 98.8 97.3 98.5 92.6 92.2 86.1 75.4 73.3 75.7 77.6 75.5 74.2 73.1 71.9 70.8 68.9 67.9 69.7 72.1 72.6 70.5 53.3 38.5 34.1 34.1 38.3 44.7 48.1 45.1 48.3 55.6 63.8 73.2 75.8 76.9 81.1
62.2 55.6 47.7 41.9 35.3 27.1 20.9 14.1 10.3 8.9 8.5 8.4 11.7 20 26.9 24.3 19.6 19 16.8 13.1 11.4 11.2 15.8 20.1 25 33.4 38.4 38.2 29.9 23.7 11.3 10.9 11 13.3 17.2 28.5 40.5 49.2 55.8 67.4 76.6 83.4 84.1 84.1 85.4 86.4 89.8 89.2 89.5 87.1 88.1 86.8 80 73.9 67.2 68 81.1 76.3 74.5 72.4 71.8 71.8 72 72.9 73.4 74.3 73.8 71.9 68.2 57.5 50.6 34.9 31.3 29 34.7 40.4 42.5 49.2 54.1 60.1 66.5 66.3 67.3 64.4
62.3 57.2 49.9 44.6 39.7 29.1 26.7 16.3 10 7.7 8 8.5 9.2 17.5 21.5 20.7 19.3 13.8 13.9 11.6 9.5 10.2 12.9 18.3 24.7 36 44 47.9 33.5 28.7 22.6 11.6 10.9 9.9 12.1 34.1 40 47.2 62.9 76 80.5 80.2 80 79.3 78.1 80.5 82.3 80.8 76 74.7 75.7 75.4 70.6 65.7 60 64.3 70.6 72.9 71.4 69.5 69.4 70.4 73.8 74.9 80 84.8 85.6 87.7 78.8 70.4 60.7 47.8 37 29.1 27.8 27.7 37.6 48.7 50.4 57.5 61 59.3 61.8 54.7
62.4 58 52.5 49 43.1 34.6 29 19 11.3 8 6.2 6.6 8.5 14.9 16.7 15.3 14.7 12.8 10.5 9.3 8 9.2 11 15.2 23.9 39.3 51.7 56.2 50.3 36.7 28.1 22.1 19.9 11.9 10.2 27.5 51.1 62.9 71.9 75.7 78.5 77.3 74.8 71.9 70.4 72.2 72.2 70.6 65.6 64.3 66.4 67.4 65 60.7 56.1 56.5 61.3 63.7 65.7 64.9 67.4 70.7 75 80.2 86.7 95.6 100 99.2 95.6 89.3 76.4 65.5 56.8 48.8 25.8 24.6 29.2 35.5 39 44.2 49 54.4 56.2 53.7
58.6 55.6 53.2 49.1 45.7 39.9 31.8 23.3 13.8 7.9 5.8 5.9 6.6 10.3 12.3 10.6 12 8.9 6.2 6.2 7 8.5 11.6 14.9 19.9 37.8 51.6 57.4 60.5 59.2 38.5 31.9 30.5 24.7 8.7 12.6 50.3 62.3 69.5 72.6 74.5 74 69.8 62.6 64 64.7 65.1 62.4 58.3 53.1 56.7 57.6 57.7 55.7 51.4 51.8 56.2 56 59.6 63.7 69.6 72.8 77.7 86.3 97.3 105.3 108.7 107.5 104.7 101.1 87.8 73.6 59.4 44.2 29.8 24.1 26.2 31.6 37.1 44.6 52 58.7 62.6 65.9
51.7 51.4 50.5 46.8 42.8 37.6 31.6 26.8 19.2 11.5 5.3 4.9 5.4 7.6 9.1 9.3 6.4 4.4 4.5 5.5 6.7 7 10 14.1 18.1 32.1 48.8 58.1 63.6 64.7 64.3 41.4 37.4 24 6.9 26.2 49.8 58.4 66 69 70.9 68.2 65 59.1 57.4 59.3 58 56.8 50.2 47 49 52.2 52.3 49.2 46.1 48.3 53.3 60.5 64.5 72.6 73.3 79 85.1 97 104.5 110 113.5 110.5 107.3 102 80.1 59 41 29.7 22.3 24.5 32 41.6 49.8 57.8 62.8 66.9 72.4 78.2
40.7 41.3 35.1 40.8 36.6 31 28.6 25.1 23 10.9 6.3 4.4 3.8 5.7 7 6.5 4.6 5.6 7.8 7.9 7.9 7 7 11.3 14.7 18.8 44.7 56.6 62.9 66.7 68.2 63.4 45 20.9 6.5 13.5 46 49.7 52 62.3 64.2 62.9 57.5 54.1 49 53.1 53.1 49.8 43.7 41 43.9 40.6 42.8 41.2 43.7 52.2 58.2 64.5 73.2 78 80.9 89.8 98.4 107.1 109.2 111.3 110.8 109.2 105.2 98.9 82.6 61.8 40.8 25.4 23.1 28.7 40.2 53.5 60.7 66.7 71.6 76.5 83.6 90.1
36.5 34.1 31.8 28.8 27.3 23.1 22.6 15.7 15.7 16.1 6.8 4.5 3.7 5.1 4.4 4.2 6.5 7.9 8.1 8.4 7 6 6.6 8.3 4.9 4.1 19.3 49.5 60.2 64.4 67.5 67.8 45.3 24.4 7.2 13.5 34.9 29.4 41.3 51 52.9 52.9 53.4 49.7 45 40.6 42.1 42.5 38.8 40.6 45.7 39.3 35.1 45 53.8 62.3 68.4 77.4 81 91.5 97.9 107.6 111.9 113.5 111.4 109.6 105.9 101.7 98.3 91.6 80.9 59.9 38.5 20.2 23.3 36.1 51.8 63.5 71.1 79.6 85.6 92.7 100.5 102.7
42.6 38.3 35.5 31.1 23.2 21.6 18.7 16.9 16.5 16.4 8 5.4 3.3 3.3 6.7 5.6 6.5 6.8 7 5.4 4.5 4.1 1.8 0.7 0.4 0.8 3.4 34.4 47.5 57.5 62.1 65.9 65 42.2 8.3 7.2 9.8 23.8 45.7 45.5 49.6 53.4 52 41.4 38.3 37.1 33.8 30.4 30.1 29.5 35.5 32.3 42.6 50.8 60.2 68.6 75.4 85 97.5 107.7 114.4 116.8 117.4 114.9 109.6 103.2 97.7 88.8 80.5 81.5 75.2 52.8 29.1 20.6 29.2 45.5 63.2 78.4 90.7 97.1 99.5 99.5 102 106.1
48.9 44 42.2 37.3 28.5 31.5 30.2 29.2 25.4 20.4 8.7 4 3 2.8 4.4 4.1 3.4 3.6 3.6 3.5 4.3 0.7 -1.4 -1.4 -1.4 -1.4 -1.4 4.6 31.5 42.3 49.4 59.3 59.6 49.9 24.9 4.8 6 19.4 25.4 39.3 46 46.6 36.9 32.2 33.2 31.5 26.6 26.2 25.8 25.4 26.7 32.8 41.8 53.4 63.8 72.7 90.7 97.4 106.9 114.7 119 121.5 119.9 116.5 110.3 96.4 81.9 72.7 59.2 54.4 53.1 37.8 19.3 20.9 36.7 58.4 77.9 93.7 102.4 104.4 99.8 98.9 100.3 102.8
56 52.1 47.7 42.7 33.6 34.8 31 28.1 23.2 20.8 9.1 6.7 2.9 2.7 3 3.2 3.4 3.5 3.8 1.2 0.2 -1.4 -1.4 -1.4 -1.4 -1.4 -1.4 -1.4 4.5 17.3 31.5 40.3 41.9 39.1 19.3 4 4.3 3.6 18.8 22.2 26.5 23 24.1 29.1 27.3 23.8 22.2 20.6 23.5 25.7 35.7 41.4 56.6 66.6 78.3 84.7 96.4 104.1 110.3 113.7 118.1 122 121.1 117.5 112.5 107.3 94.3 77.8 64.8 46.2 35 22.6 18.1 25.3 46.4 69.2 88.6 99.4 103.4 103.1 97.5 94.2 94.1 96.7
57 52.2 48.2 42.7 36.3 31.4 25.8 21.4 19.6 14.7 9.1 8.6 3.2 2.8 2.2 3.3 3.3 2.4 -1.4 -1.4 -1.4 -1.4 -1.4 -1.4 -1.4 -1.4 -1.4 -1.4 -1.4 3.3 4.5 4.5 4.9 5.2 4.7 3.3 3.5 3.7 4.2 10.8 8.2 13.1 14.9 16.7 17.3 16.4 17.8 21.8 29.1 42.8 54.6 62.1 73.7 85.1 87.9 96.2 100.3 104.6 109 110.8 113.6 115.5 117.8 117.6 117.5 112.6 104.8 94.5 75.5 48.8 29.4 18.5 17.8 31.9 57.4 78.1 90.1 98.1 101.4 98.7 92.8 89.2 86.8 88.1
56.4 54.3 50.3 45.5 39.6 36 32.1 25.9 19.2 16.1 9.4 9.2 3.7 3.8 3.6 3.1 -1.4 -1.4 -1.4 -1.4 -1.4 -1.4 -1.4 -1.4 -1.4 -1.4 -1.4 -1.4 -1.4 -1.4 -1.4 4.5 4.4 4.5 3.2 2.5 -1.4 -1.4 2.4 4.4 5.5 9.1 12.1 13.6 15 29.8 29.6 30.3 32.8 48.1 62.3 69.9 76.9 84.7 91.5 95.8 99.5 100.9 103 102.1 103.5 107.6 113.9 116.1 116.7 110.4 102.9 94.3 76.3 44.9 24.9 16.4 20.5 39.4 62.7 79 90.6 95.7 97.3 93.2 87 80.4 78.9 80.9
56.2 53.5 49.8 46.7 46 42.3 36.6 31 25.1 21.4 15.7 9.2 8 5.3 4.2 -1.4 -1.4 -1.4 -1.4 -1.4 -1.4 -1.4 -1.4 -1.4 -1.4 -1.4 -1.4 -1.4 -1.4 -1.4 -1.4 -1.4 -1.4 3.8 2 -1.4 -1.4 -1.4 -1.4 7.1 14.8 15.2 18.2 17.6 21.9 31.5 42.6 46.3 42.2 43.8 60.2 70.2 77.4 83.8 87.7 89.4 91.9 93.9 94.6 92.2 90.4 102.4 107.2 109.5 107.3 101.7 95.6 81.1 65.8 39.6 22.8 12 22.2 45.5 63.6 78.8 86.9 90.3 90.8 85.4 79.1 73.7 68.8 69.9
48.7 47.5 45.8 44.5 47.2 43.7 35.5 33.2 29.9 25.3 19.1 7.8 10.8 9 1.6 -0.3 -1.4 -1.4 -1.4 -1.4 -1.4 -1.4 -1.4 -1.4 -1.4 -1.4 -1.4 -1.4 -1.4 -1.4 -1.4 -1.4 -1.4 -1.4 -1.4 -1.4 -1.4 -1.4 -1.4 16.1 19.3 24.3 27.7 30.1 29.9 32.2 37.1 43.5 50.3 53 60 70.5 76.4 79.4 81.9 82 82.6 83.3 81.2 71.7 78.9 93.5 96.3 94.3 84.5 80.9 72.8 59.5 45.4 33 20.1 9.3 22.9 46.9 58.5 69.7 78.3 83 86.4 78.4 70.4 64.7 60.9 55.3
42.7 42.1 40.7 38.9 38.3 38.3 34.1 32.8 30.2 26.6 21.5 7.8 15.3 9.9 -1.4 -1.4 -1.4 -1.4 -1.4 -1.4 -1.4 -1.4 -1.4 -1.4 -1.4 -1.4 -1.4 -1.4 -1.4 -1.4 -1.4 -1.4 -1.4 -1.4 -1.4 -1.4 -1.4 -1.4 6.6 31.2 43.5 51.7 47.3 40 41.8 41.2 39.9 43.5 49.2 52.9 57.9 60.7 68.1 71.2 70.2 70.4 73.1 70.9 71 65.1 69.8 86.8 88.6 81.6 62.2 50.6 39.2 29 19.9 18.7 10.5 6.9 23.4 43.4 46.8 53.1 60.6 71.7 71.9 59 59.3 54.4 53.5 48
27.1 31.6 30.8 28.9 30.1 29.3 28.7 28.6 27.7 26.3 23.6 13.5 15.3 7.8 -1.4 -1.4 -1.4 -1.4 -1.4 -1.4 -1.4 -1.4 -1.4 -1.4 -1.4 -1.4 -1.4 -1.4 -1.4 -1.4 -1.4 -1.4 -1.4 -1.4 -1.4 -1.4 -1.4 -1.4 21.7 36.2 53.6 65.1 68.2 51.8 52 51 51.2 48.1 49.8 52.2 53.9 55.1 56.5 58.7 59.2 58.2 58.6 59.6 59.8 57.6 58.3 74 74.3 58.5 40 18.9 -1.4 -1.4 0.5 -1.4 -1.4 -1.4 -1.4 31.3 38.5 35.9 45.5 51.9 44.8 43.2 41.5 43.9 43.7 42.7
13 16.3 17.7 18.7 17.9 21.2 23 23.9 22.5 22.6 20.5 17.6 13.7 10.4 3.7 0.7 -1.4 -1.4 -1.4 -1.4 -1.4 -1.4 -1.4 -1.4 -1.4 -1.4 -1.4 -1.4 -1.4 -1.4 -1.4 -1.4 -1.4 -1.4 -1.4 -1.4 -1.4 4.4 27.6 41.9 57 66.3 68.2 68.4 59.6 57 57.2 54.2 51.4 49.7 49.6 45.8 45 44.3 41.5 46.9 48.3 46.2 43.3 41.7 45.7 55.1 49.1 43.1 17.7 -1.4 -1.4 -1.4 -1.4 -1.4 -1.4 -1.4 -1.4 -1.4 6.2 11.1 26.3 17.8 5.8 12 13.6 28.5 35.1 36
18.2 13.6 9.5 9.6 11 11.7 13.9 16.2 17 18.6 17.9 15 11.6 12.8 12.9 0.5 -1.4 -1.4 -1.4 -1.4 -1.4 -1.4 -1.4 -1.4 -1.4 -1.4 -1.4 -1.4 -1.4 -1.4 -1.4 -1.4 -1.4 -1.4 -1.4 -1.4 -1.4 9.5 24.6 36.7 47.3 51.2 56.8 57.9 64.1 60.1 58.2 55.5 52.2 49.2 46.5 45 41 36.9 32.6 29.2 33.6 35.5 34.8 32.8 40.3 37.2 25.6 14.3 0.4 -1.4 -1.4 -1.4 -1.4 -1.4 -1.4 -1.4 -1.4 -1.4 -1.4 -1.4 -1.4 -1.4 -1.4 -1.4 -1.4 -1.4 17.3 28.7
33.5 22.3 15.1 12 9.8 7.7 7 8.6 9.4 10.7 11.6 10.1 1 0.3 -1.4 -1.4 -1.4 -1.4 -1.4 -1.4 -1.4 -1.4 -1.4 -1.4 -1.4 -1.4 -1.4 -1.4 -1.4 -1.4 -1.4 -1.4 -1.4 -1.4 -1.4 -1.4 -1.4 10.3 11.8 20.4 24.7 32.8 36.9 48.9 55.8 59 57.6 56.3 54.3 52.6 51.9 52.4 51.1 44.9 36.5 30.5 25.6 23.1 23.4 23 22.9 10.8 -1.4 -1.4 -1.4 -1.4 -1.4 -1.4 -1.4 -1.4 -1.4 -1.4 -1.4 -1.4 -1.4 -1.4 -1.4 -1.4 -1.4 -1.4 -1.4 -1.4 -1.4 -1.4
45.6 34.4 25.6 22.4 18.2 11.1 6.6 5.1 8.6 6.1 -1.4 -1.4 -1.4 -1.4 -1.4 -1.4 -1.4 -1.4 -1.4 -1.4 -1.4 -1.4 -1.4 -1.4 -1.4 -1.4 -1.4 -1.4 -1.4 -1.4 -1.4 -1.4 -1.4 -1.4 -1.4 -1.4 -1.4 -1.4 -1.4 -1.4 19.5 24.8 28.7 32.4 45 53.5 56.3 58.1 56.9 56.9 56.1 56.2 52.9 51.9 46.6 37.7 27 22 19.1 18 -1.4 -1.4 -1.4 -1.4 -1.4 -1.4 -1.4 -1.4 -1.4 -1.4 -1.4 -1.4 -1.4 -1.4 -1.4 -1.4 -1.4 -1.4 -1.4 -1.4 -1.4 -1.4 -1.4 -1.4
49 43.8 38.5 32.8 27 20.6 10.9 5.7 4.7 5.4 -1.4 -1.4 -1.4 -1.4 -1.4 -1.4 -1.4 -1.4 -1.4 -1.4 -1.4 -1.4 -1.4 -1.4 -1.4 -1.4 -1.4 -1.4 -1.4 -1.4 -1.4 -1.4 -1.4 -1.4 -1.4 -1.4 -1.4 -1.4 -1.4 -1.4 -1.4 20 26.4 31.9 38.8 48 53.4 58.9 60.3 61.9 66.6 67.3 71.8 53 47.7 42.9 36.3 29.6 17.1 -1.4 -1.4 -1.4 -1.4 -1.4 -1.4 -1.4 -1.4 -1.4 -1.4 -1.4 -1.4 -1.4 -1.4 -1.4 -1.4 -1.4 -1.4 -1.4 -1.4 -1.4 -1.4 -1.4 -1.4 -1.4
45 41.5 37.9 33.4 29.6 25 18.4 9.4 -1.4 -1.4 -1.4 -1.4 -1.4 -1.4 -1.4 -1.4 -1.4 -1.4 -1.4 -1.4 -1.4 -1.4 -1.4 -1.4 -1.4 -1.4 -1.4 -1.4 -1.4 -1.4 -1.4 -1.4 -1.4 -1.4 -1.4 -1.4 -1.4 -1.4 -1.4 -1.4 -1.4 -1.4 25.2 36.2 43.2 49.6 54.3 64.6 64.6 64.7 68.4 69 68.4 61.5 51.3 46.4 42.5 21.4 1.4 -1.4 -1.4 -1.4 -1.4 -1.4 -1.4 -1.4 -1.4 -1.4 -1.4 -1.4 -1.4 -1.4 -1.4 -1.4 -1.4 -1.4 -1.4 -1.4 -1.4 -1.4 -1.4 -1.4 -1.4 -1.4
34.8 30 28.4 29.8 28 24.5 17.3 11 -1.4 -1.4 -1.4 -1.4 -1.4 -1.4 -1.4 -1.4 -1.4 -1.4 -1.4 -1.4 -1.4 -1.4 -1.4 -1.4 -1.4 -1.4 -1.4 -1.4 -1.4 -1.4 -1.4 -1.4 -1.4 -1.4 -1.4 -1.4 -1.4 -1.4 -1.4 -1.4 -1.4 -1.4 -1.4 28.3 43.8 47.3 55.1 62.8 66.1 68.8 72.1 72.5 69.3 63 58.7 56.2 29.7 5.1 -1.4 -1.4 -1.4 -1.4 -1.4 -1.4 -1.4 -1.4 -1.4 -1.4 -1.4 -1.4 -1.4 -1.4 -1.4 -1.4 -1.4 -1.4 -1.4 -1.4 -1.4 -1.4 -1.4 -1.4 -1.4 -1.4
37.3 30.3 22.7 19.3 21.1 17.4 12 9.7 0 -1.4 -1.4 -1.4 -1.4 -1.4 -1.4 -1.4 -1.4 -1.4 -1.4 -1.4 -1.4 -1.4 -1.4 -1.4 -1.4 -1.4 -1.4 -1.4 -1.4 -1.4 -1.4 -1.4 -1.4 -1.4 -1.4 -1.4 -1.4 -1.4 -1.4 -1.4 -1.4 -1.4 -1.4 21.5 37.6 39.6 45.5 53.4 62 66.3 69.9 72 72.1 41.6 36.2 55.6 31.2 -1.4 -1.4 -1.4 -1.4 -1.4 -1.4 -1.4 -1.4 -1.4 -1.4 -1.4 -1.4 -1.4 -1.4 -1.4 -1.4 -1.4 -1.4 -1.4 -1.4 -1.4 -1.4 -1.4 -1.4 -1.4 -1.4 -1.4
38.1 31.5 23.9 17.6 14.1 11.6 10 7.6 -1.4 -1.4 -1.4 -1.4 -1.4 -1.4 -1.4 -1.4 -1.4 -1.4 -1.4 -1.4 -1.4 -1.4 -1.4 -1.4 -1.4 -1.4 -1.4 -1.4 -1.4 -1.4 -1.4 -1.4 -1.4 -1.4 -1.4 -1.4 -1.4 -1.4 -1.4 -1.4 -1.4 -1.4 -1.4 -1.4 41.7 42.3 52.2 51.3 56.6 63.6 67.7 70.6 57.7 -1.4 -1.4 -1.4 -1.4 -1.4 -1.4 -1.4 -1.4 -1.4 -1.4 -1.4 -1.4 -1.4 -1.4 -1.4 -1.4 -1.4 -1.4 -1.4 -1.4 -1.4 -1.4 -1.4 -1.4 -1.4 -1.4 -1.4 -1.4 -1.4 -1.4 -1.4
32.1 26.9 20.5 15.2 13.3 11.3 7.8 6.6 0.4 -1.4 -1.4 -1.4 -1.4 -1.4 -1.4 -1.4 -1.4 -1.4 -1.4 -1.4 -1.4 -1.4 -1.4 -1.4 -1.4 -1.4 -1.4 -1.4 -1.4 -1.4 -1.4 -1.4 -1.4 -1.4 -1.4 -1.4 -1.4 -1.4 -1.4 -1.4 -1.4 -1.4 -1.4 -1.4 -1.4 -1.4 40.3 53.8 58.6 61.4 65.8 69.6 42.6 -1.4 -1.4 -1.4 -1.4 -1.4 -1.4 -1.4 -1.4 -1.4 -1.4 -1.4 -1.4 -1.4 -1.4 -1.4 -1.4 -1.4 -1.4 -1.4 -1.4 -1.4 -1.4 -1.4 -1.4 -1.4 -1.4 -1.4 -1.4 -1.4 -1.4 -1.4
26.4 22.5 19.9 15.5 14.1 10.9 10.8 8.6 1.3 0.3 -1.4 -1.4 -1.4 -1.4 -1.4 -1.4 -1.4 -1.4 -1.4 -1.4 -1.4 -1.4 -1.4 -1.4 -1.4 -1.4 -1.4 -1.4 -1.4 -1.4 -1.4 -1.4 -1.4 -1.4 -1.4 -1.4 -1.4 -1.4 -1.4 -1.4 -1.4 -1.4 -1.4 -1.4 -1.4 -1.4 -1.4 -1.4 -1.4 44.3 53.2 47 -1.4 -1.4 -1.4 -1.4 -1.4 -1.4 -1.4 -1.4 -1.4 -1.4 -1.4 -1.4 -1.4 -1.4 -1.4 -1.4 -1.4 -1.4 -1.4 -1.4 -1.4 -1.4 -1.4 -1.4 -1.4 -1.4 -1.4 -1.4 -1.4 -1.4 -1.4 -1.4
36 31.8 23.6 17.7 15.2 14.5 13.1 12.4 12.3 5.8 -1.4 -1.4 -1.4 -1.4 -1.4 -1.4 -1.4 -1.4 -1.4 -1.4 -1.4 -1.4 -1.4 -1.4 -1.4 -1.4 -1.4 -1.4 -1.4 -1.4 -1.4 -1.4 -1.4 -1.4 -1.4 -1.4 -1.4 -1.4 -1.4 -1.4 -1.4 -1.4 -1.4 -1.4 -1.4 -1.4 -1.4 -1.4 -1.4 15 23.7 0.5 -1.4 -1.4 -1.4 -1.4 -1.4 -1.4 -1.4 -1.4 -1.4 -1.4 -1.4 -1.4 -1.4 -1.4 -1.4 -1.4 -1.4 -1.4 -1.4 -1.4 -1.4 -1.4 -1.4 -1.4 -1.4 -1.4 -1.4 -1.4 -1.4 -1.4 -1.4 -1.4
40.7 28.7 23.4 19 18 17.8 16.7 15.3 -1.4 -1.4 -1.4 -1.4 -1.4 -1.4 -1.4 -1.4 -1.4 -1.4 -1.4 -1.4 -1.4 -1.4 -1.4 -1.4 -1.4 -1.4 -1.4 -1.4 -1.4 -1.4 -1.4 -1.4 -1.4 -1.4 -1.4 -1.4 -1.4 -1.4 -1.4 -1.4 -1.4 -1.4 -1.4 -1.4 -1.4 -1.4 -1.4 -1.4 -1.4 -1.4 -1.4 -1.4 -1.4 -1.4 -1.4 -1.4 -1.4 -1.4 -1.4 -1.4 -1.4 -1.4 -1.4 -1.4 -1.4 -1.4 -1.4 -1.4 -1.4 -1.4 -1.4 -1.4 -1.4 -1.4 -1.4 -1.4 -1.4 -1.4 -1.4 -1.4 -1.4 -1.4 -1.4 -1.4
29.4 19.9 24.7 23.1 21.8 20.3 19.3 18.6 -1.4 -1.4 -1.4 -1.4 -1.4 -1.4 -1.4 -1.4 -1.4 -1.4 -1.4 -1.4 -1.4 -1.4 -1.4 -1.4 -1.4 -1.4 -1.4 -1.4 -1.4 -1.4 -1.4 -1.4 -1.4 -1.4 -1.4 -1.4 -1.4 -1.4 -1.4 -1.4 -1.4 -1.4 -1.4 -1.4 -1.4 -1.4 -1.4 -1.4 -1.4 -1.4 -1.4 -1.4 -1.4 -1.4 -1.4 -1.4 -1.4 -1.4 -1.4 -1.4 -1.4 -1.4 -1.4 -1.4 -1.4 -1.4 -1.4 -1.4 -1.4 -1.4 -1.4 -1.4 -1.4 -1.4 -1.4 -1.4 -1.4 -1.4 -1.4 -1.4 -1.4 -1.4 -1.4 -1.4
23.4 1.4 -1.4 14.8 23.6 21.1 18.9 -1.4 -1.4 -1.4 -1.4 -1.4 -1.4 -1.4 -1.4 -1.4 -1.4 -1.4 -1.4 -1.4 -1.4 -1.4 -1.4 -1.4 -1.4 -1.4 -1.4 -1.4 -1.4 -1.4 -1.4 -1.4 -1.4 -1.4 -1.4 -1.4 -1.4 -1.4 -1.4 -1.4 -1.4 -1.4 -1.4 -1.4 -1.4 -1.4 -1.4 -1.4 -1.4 -1.4 -1.4 -1.4 -1.4 -1.4 -1.4 -1.4 -1.4 -1.4 -1.4 -1.4 -1.4 -1.4 -1.4 -1.4 -1.4 -1.4 -1.4 -1.4 -1.4 -1.4 -1.4 -1.4 -1.4 -1.4 -1.4 -1.4 -1.4 -1.4 -1.4 -1.4 -1.4 -1.4 -1.4 -1.4
0.9 -1 -1.4 -1.4 -1.4 -1.4 -1.2 -1.4 -1.4 -1.4 -1.4 -1.4 -1.4 -1.4 -1.4 -1.4 -1.4 -1.4 -1.4 -1.4 -1.4 -1.4 -1.4 -1.4 -1.4 -1.4 -1.4 -1.4 -1.4 -1.4 -1.4 -1.4 -1.4 -1.4 -1.4 -1.4 -1.4 -1.4 -1.4 -1.4 -1.4 -1.4 -1.4 -1.4 -1.4 -1.4 -1.4 -1.4 -1.4 -1.4 -1.4 -1.4 -1.4 -1.4 -1.4 -1.4 -1.4 -1.4 -1.4 -1.4 -1.4 -1.4 -1.4 -1.4 -1.4 -1.4 -1.4 -1.4 -1.4 -1.4 -1.4 -1.4 -1.4 -1.4 -1.4 -1.4 -1.4 -1.4 -1.4 -1.4 -1.4 -1.4 -1.4 -1.4
-1.4 -1.4 -1.4 -1.4 -1.4 -1.4 -1.4 -1.4 -1.4 -1.4 -1.4 -1.4 -1.4 -1.4 -1.4 -1.4 -1.4 -1.4 -1.4 -1.4 -1.4 -1.4 -1.4 -1.4 -1.4 -1.4 -1.4 -1.4 -1.4 -1.4 -1.4 -1.4 -1.4 -1.4 -1.4 -1.4 -1.4 -1.4 -1.4 -1.4 -1.4 -1.4 -1.4 -1.4 -1.4 -1.4 -1.4 -1.4 -1.4 -1.4 -1.4 -1.4 -1.4 -1.4 -1.4 -1.4 -1.4 -1.4 -1.4 -1.4 -1.4 -1.4 -1.4 -1.4 -1.4 -1.4 -1.4 -1.4 -1.4 -1.4 -1.4 -1.4 -1.4 -1.4 -1.4 -1.4 -1.4 -1.4 -1.4 -1.4 -1.4 -1.4 -1.4 -1.4
