public/OST50/SY28.asc
ncols 200
nrows 200
xllcorner 320000
yllcorner 80000
cellsize 50
[rows 0 to 37 of 200, columns 0 to 83 of 200]
129.7 120.9 102.6 87.7 78.4 77.4 82.3 92.3 109.4 126.4 134.4 138.6 142.1 144.1 145.5 146.2 146.7 146.6 146 145.3 144.2 143.6 143 141.2 139.5 137.6 134.3 131.7 128.5 124.1 119 114.5 109.6 102.2 97.8 96 89.2 81.7 80.9 91 99.4 105.8 112.4 118.9 122.1 121.3 117.6 109.7 103.2 111.3 114.7 115.8 116 115 114 112.5 109.9 105.3 99.1 93.4 87.2 78.3 66.1 55.7 42.7 36.3 45.8 63.2 69.4 68.1 64.7 59.5 55.6 55.4 54.8 53.1 48.6 44.4 40.9 37.6 32.8 30.3 29.4 26.8
133.7 128.8 113.5 94.1 81.4 74.5 74.6 86.5 103.8 122.9 131.8 138 141.3 143.6 145.1 146 146.7 146.4 145.8 145.2 144.6 143.9 143.3 142.4 140.7 138.9 137 134.3 131.7 128.7 125.3 120.7 115.3 108.2 102 97.7 90.8 85 78.2 80.1 88.5 95.7 102 107.8 114 117.6 115.4 106.5 96.5 102.5 110 113.4 114.1 114.2 113.5 112.8 110 107.2 103.7 98.3 92.3 82.3 70.3 58.3 43.6 34.5 46.1 58.6 65.9 64.3 60.8 57.6 51.6 50.1 48.5 46.1 43.7 40.6 37.9 34.6 31.6 26.1 26.6 26.4
136.2 132.5 123.8 101.6 85.1 75.3 68.8 80.2 98.6 118.4 130.8 137.1 140.8 143 144.5 145.7 146.3 146.3 145.7 145.1 144.5 143.6 142.9 141.9 141 139.3 137.5 135.6 133.2 130.7 127.9 124.5 120 113.2 107.2 101.5 96.3 90.9 83 73.9 77.5 84.5 91.2 96.5 101.9 108.3 110.7 104 92.8 87.3 101.7 108.6 111.9 112.1 111.9 111.8 110 107.4 105.4 101.3 94.8 85.4 72.5 59.8 45.5 33.8 44.4 53.5 62.3 63 61 57.2 51.6 46 42.2 40 38.3 34.9 32.4 30.3 26.9 21.9 24.3 25
137.9 133.7 126.7 104 87.7 75.1 65.7 75 95.7 117.3 130.3 136.3 140.4 142.3 144.1 145.2 145.9 145.9 145.5 144.9 144.2 143 141.8 140.7 140.3 139.4 137.9 136 134.1 131.6 129 126.2 122.3 117.6 112.9 108.1 102.6 97 90.1 79.5 69.8 70.4 78.8 85 90.9 96.9 101.3 100.4 91.3 82.7 82.3 98.5 106.7 109.9 109.8 110.4 109.1 107.5 105.3 101.7 95.1 86.8 73.8 59.6 47.5 33.2 41.4 51 57.4 58.6 57.5 55.3 52 47 40.7 36.4 33.2 30.3 27.7 26.1 10.3 21.6 14 6.1
137.3 131.1 118.8 100.4 86.2 74.4 64.6 72.1 94 116.5 129.6 135.5 140 141.9 143.7 144.7 145.4 145.6 145.2 144.7 143.6 141.9 139.9 139.3 139 138.8 137.6 136.3 134.4 132.4 130 127.5 124.5 120.8 116.9 112.3 107.1 102.1 95.2 86.6 75.3 67.6 64 70.8 78.1 85.6 91.9 94.5 89.8 79.7 72.7 71.8 89.4 101.3 105 107.1 106.9 105.8 104.8 101.7 95.3 86.9 73.1 59.3 49 35.3 36.6 45.4 51 50.4 48 48.9 47.4 43.9 33.2 32.2 15 5.3 3 2.2 1.3 -1.2 -1.2 -1.2
134.2 123.4 109.2 93.8 83.1 72.3 61.6 72.5 92.9 115.1 128.8 135.6 139.3 141.1 143 144.1 144.8 145.1 144.8 144.3 142.7 140.7 138 136.5 137.9 138.3 137.3 136 134.3 132.4 130.1 127.7 125.3 122.5 118.8 114.2 108.8 103.6 97 88.9 81.7 73.4 67.7 61 62.7 71.3 78.2 85.7 86.5 78.1 69.1 70.1 78.9 92.9 93.9 98.5 100.7 101.4 101.8 100.6 95.3 87.3 74 60.4 50.1 39.3 31.7 35.8 37.6 37.6 38.9 38.7 37.7 19.8 8.8 1.9 -1.2 -1.2 -1.2 -1.2 -1.2 -1.2 -1.2 -1.2
126.7 114.1 99.7 86.4 77.5 66.8 61.5 76.4 98 117.6 129.2 135.1 138.4 140.3 142.2 143.2 143.7 144.2 144.2 143.2 141.3 138.3 135.5 133.7 136 129.7 126.8 135.3 133.5 131.9 129.5 127.8 124.3 121.9 118.3 113.4 108.1 102.7 96.8 90.5 83.9 78.1 73.1 67.1 57.9 55.7 65 73.6 79 75.2 65.1 65.6 74.3 80.3 81.5 87.2 90.2 92.3 94.2 96.1 94.5 87.9 76.5 64 53.1 43.5 33.7 30.2 29.4 29.7 31.1 28.1 5.2 -1.2 -1.2 -1.2 -1.2 -1.2 -1.2 -1.2 -1.2 -1.2 -1.2 -1.2
118.6 104.5 91.8 79.3 69.3 59.9 61.8 81.8 103 120.6 129.8 134.4 137.3 139.5 141.3 142 142.5 143 143.5 142 139.2 135.4 131.6 129.3 132.5 127.7 122.5 127.1 119.5 113.3 107.3 102.7 99.4 92.6 114.1 110.3 105 99.2 91.8 85.9 81.5 76.9 72.5 70 63.9 52.1 54.7 64 68.9 68.5 61.1 57.3 63.7 66.9 68.4 73.2 76.2 80.4 84.3 88.6 91.6 88.3 79.6 68.6 59.4 51.2 42.1 34.7 32.1 30.3 19.6 2.2 -1.2 -1.2 -1.2 -1.2 -1.2 -1.2 -1.2 -1.2 -1.2 -1.2 -1.2 -1.2
107.5 96.3 85 73.2 63.5 54.1 64.3 86.1 105.9 121.7 129.4 133.3 135.7 138.3 140.4 141.4 142.1 142.8 143 141.2 138 133.8 128.1 127.4 129.3 127.3 125.1 110 107.5 104.1 99.5 96.9 88.3 92.5 93.7 104.8 98.8 90.7 83.5 79.7 76.2 72.4 68.4 65.2 60.3 50.3 47.2 52.4 59 59.3 57.2 52 51.3 53.1 54.5 55.9 57.4 63.6 71.1 77.7 84.8 87.6 83.1 74.4 67.6 62.1 54.9 49.6 50.4 27.1 -1.2 -1.2 -1.2 -1.2 -1.2 -1.2 -1.2 -1.2 -1.2 -1.2 -1.2 -1.2 -1.2 -1.2
100.9 89.9 78.2 68.1 58.7 52.6 69.9 90.6 110 123.4 128.2 130.1 132.9 136.6 139.1 140.9 142.3 142.7 142.3 140.6 137 133 126.6 119.7 126.4 122.9 123.2 107.9 106.6 95.3 98.1 105.8 98.1 101.6 101.6 95.5 87.8 79 74.2 70.8 68.1 64.4 62.1 57.8 54.5 54.2 52.3 46.7 43.7 44.9 50.5 49.8 46.6 42.5 43.5 43.2 44.1 48.8 54.9 63.9 75.5 82.8 83.1 78 72.8 69.1 65.3 61.9 60.9 21.4 -1.2 -1.2 -1.2 -1.2 -1.2 -1.2 -1.2 -1.2 -1.2 -1.2 -1.2 -1.2 -1.2 -1.2
96 82.9 71.3 65.3 55.4 53.4 70.3 90.9 113.1 122.9 124.5 125.8 130.3 135.2 138.3 140.1 142 142.4 141.6 139.6 136.1 132.6 126 118.4 112.1 115.8 110.4 106.7 99.2 97.1 98.2 100.5 100.3 95.6 90.2 83.8 77.9 75.7 77.6 78 76.1 76.1 75.2 73.5 70.9 68.8 64.9 59.8 51.8 42.1 39.7 37.3 35.8 34.7 33.4 31.8 31.4 33.9 42.9 53.6 65 74 78 76.2 73.5 71.7 71.6 70.9 69.8 27.8 0.4 -1.2 -1.2 -1.2 -1.2 -1.2 -1.2 -1.2 -1.2 -1.2 -1.2 -1.2 -1.2 -1.2
91.3 76.9 67.4 63.3 52.9 53.7 67.6 88.1 110.5 118.2 115.3 121.2 128.6 133.8 137.5 139.8 141.5 142 141.2 139.5 136.4 132.8 126.3 118.7 112.8 109.3 105.8 102.8 99.6 97.1 94 92 88.4 86.6 84.7 84.3 85.5 88.2 91.3 91.4 90.1 89.5 88.3 87.1 83.5 81 75.3 69.4 62.8 55.8 50.1 48.7 44.8 43.2 41.9 38.8 30.4 27.5 31.8 45.7 56.5 64.4 68 68.4 69.3 70.8 73.1 76.2 78 17.9 0 -1.2 -1.2 -1.2 -1.2 -1.2 -1.2 -1.2 -1.2 -1.2 -1.2 -1.2 -1.2 -1.2
87.8 73.2 64.7 58.2 50 52.4 63.3 80.6 102.2 111.6 104.1 118.9 127.4 133 137.2 139.7 141.2 141.8 140.9 139.2 136.3 132.4 125.8 120.7 118.3 114.3 110.5 104.5 105 104 99.8 100.5 106.6 100.4 98.9 98.7 101.1 102.4 103.8 103.3 101.7 99.9 97.9 96.6 95.7 91.4 88.4 78.9 71.2 65.6 61.6 55.6 52.5 51 47.7 41.2 31.8 26 26.2 37.2 50.5 63.5 64.4 60.9 63.1 66.5 72.2 76.7 36.2 7.1 -1.2 -1.2 -1.2 -1.2 -1.2 -1.2 -1.2 -1.2 -1.2 -1.2 -1.2 -1.2 -1.2 -1.2
87.7 74.3 63.6 53.8 46.6 50.8 58.5 74.5 84.5 90.6 98.2 117.2 127.3 133.8 137.7 140 141 141.7 140.7 139.1 136.3 132.4 125.1 125.6 129 127.3 126.3 123.1 117 115.8 113.9 108.4 110.4 112.9 110.6 111.1 112.5 112.9 114.8 114.1 112.3 111.1 108.8 105.7 102.8 100.2 95 90.7 78 71.5 66.5 60.7 54.7 49.3 44.6 37 29 25.3 23.8 31.4 45.1 57.3 66.8 64.4 58.5 62.2 69.3 54.1 8.5 -1.2 -1.2 -1.2 -1.2 -1.2 -1.2 -1.2 -1.2 -1.2 -1.2 -1.2 -1.2 -1.2 -1.2 -1.2
91.8 79.2 67.7 57 48.4 47.3 50.5 61.7 68 80.1 96.3 116.1 128.2 134.9 138.4 140.5 141.3 141.5 140.6 138.7 136.4 131.9 127.3 131.8 136.8 136 133.9 131.4 122.3 121.1 119.1 108.8 111.2 119.5 122 122.7 123.5 122.6 121.4 119.8 117.7 115.6 113.3 109.9 106.7 102 96.7 89.8 80.1 72.2 65.4 57.7 50.2 42.5 34.8 31.1 27.8 24.5 23.1 24.6 39.1 52.6 64.2 67.3 59.9 56.6 66.2 4.1 -1.2 -1.2 -1.2 -1.2 -1.2 -1.2 -1.2 -1.2 -1.2 -1.2 -1.2 -1.2 -1.2 -1.2 -1.2 -1.2
93 84 73.9 61.8 52.6 45 44.4 48.9 60.7 78.7 96.5 115.5 128.8 136 139.1 140.9 141.7 141.8 141.1 139.5 137.1 133.8 130.8 134.1 139 140.8 139.1 137.2 133.6 133.5 132.1 130 131.6 131.2 129.7 128.8 126.7 124.3 121.5 119.7 117.6 115.2 112 108.5 104.4 98 91.5 83.6 76.8 69.1 60.4 51.5 44.2 37.6 38.4 37.1 31.6 27 23.2 20.7 29.9 45.5 56.4 63.6 61.2 53.8 53 -1.2 -1.2 -1.2 -1.2 -1.2 -1.2 -1.2 -1.2 -1.2 -1.2 -1.2 -1.2 -1.2 -1.2 -1.2 -1.2 -1.2
94.7 86.5 77.9 67.1 56.1 47.4 39.3 42.1 58.3 78.4 97.7 114.6 128.4 136.1 139.9 141.2 142.2 142 141.6 140.3 138.6 136.2 134.6 136.6 139.4 141.2 140.7 140.2 139.5 139.1 137.3 137.2 135.3 133.4 131.3 128.9 126.5 124.1 121.1 118.6 115.2 111.9 107.5 102.8 97.4 91 85.2 77.7 71.5 63.9 54.8 46.3 43.4 47.3 49.1 47.1 38.7 30.5 25.4 20.2 22.2 33.9 44.3 47.6 49.5 49.4 -1.2 -1.2 -1.2 -1.2 -1.2 -1.2 -1.2 -1.2 -1.2 -1.2 -1.2 -1.2 -1.2 -1.2 -1.2 -1.2 -1.2 -1.2
96.4 88.1 80.2 71.2 58.8 48.5 40 37.4 54 73.4 90.7 114.4 124.3 123.9 140.2 141.4 142.3 142.7 142.4 141.6 140 138.7 138.2 138.8 140.7 141.3 141.7 141.5 140.8 140.1 139 137.4 135.3 133 130.5 128.2 125.6 122.5 119.2 115.4 111.2 106.3 100.8 95.2 89.8 83.9 77.8 71.5 64.7 57 48.6 49.1 54.3 59.6 62 59.3 47.5 35.6 28.1 21.1 9 6.4 5.2 4.7 2.9 -1.2 -1.2 -1.2 -1.2 -1.2 -1.2 -1.2 -1.2 -1.2 -1.2 -1.2 -1.2 -1.2 -1.2 -1.2 -1.2 -1.2 -1.2 -1.2
98.2 89.9 81.6 72 58.6 46.8 37.1 34.5 50.7 69.9 85.3 107.7 116.6 123.1 139.7 141.8 142.3 142.8 143.2 142.5 141.7 141 140.8 140.5 140.8 141.5 142.1 142 141.2 140.1 138.6 136.7 134.5 132.3 129.1 126 122.9 119.4 115.4 110.5 104.7 98.1 92.2 87.1 82.3 75.4 69.2 62.5 56.1 52 56.1 61.5 67.2 71 69.4 64 55.1 43.2 32.5 24.6 -1.2 -1.2 -1.2 -1.2 -1.2 -1.2 -1.2 -1.2 -1.2 -1.2 -1.2 -1.2 -1.2 -1.2 -1.2 -1.2 -1.2 -1.2 -1.2 -1.2 -1.2 -1.2 -1.2 -1.2
99.9 91.9 83.7 71.5 56.2 43 33.7 32.2 46.6 63.4 76.7 91.1 109.5 126.1 139.2 141.9 142.4 142.9 143.4 143.5 142.7 142.2 142.1 141.8 141.8 142.1 142.6 142 141.3 139.8 138.1 135.9 133 130.1 126.6 122.7 119.3 114.9 109.6 102.6 94.8 87.5 83.4 74.3 69 64.7 60.7 59.1 61.6 66.2 70.6 74.9 78.2 79 74.2 66.2 58.3 47.2 40.2 -1.2 -1.2 -1.2 -1.2 -1.2 -1.2 -1.2 -1.2 -1.2 -1.2 -1.2 -1.2 -1.2 -1.2 -1.2 -1.2 -1.2 -1.2 -1.2 -1.2 -1.2 -1.2 -1.2 -1.2 -1.2
101.5 94.2 86.5 71.3 51.8 39.9 31.7 30.9 43.2 56.8 69.4 84.6 108.4 125.9 138.4 142 142.5 143 143.5 143.9 143.7 143.4 143.3 143.2 143 143.2 142.8 142 141.3 139.3 137.1 133.9 130.8 126.4 122.2 118.1 113.3 108 100.5 92.9 84.9 78.7 72.2 69.2 68.2 68.2 70 73.5 77.4 80.4 83.7 86.3 87.2 83 74.1 66.7 59 49.9 3.1 -1.2 -1.2 -1.2 -1.2 -1.2 -1.2 -1.2 -1.2 -1.2 -1.2 -1.2 -1.2 -1.2 -1.2 -1.2 -1.2 -1.2 -1.2 -1.2 -1.2 -1.2 -1.2 -1.2 -1.2 -1.2
98.9 94 79.8 60.2 49.1 37.8 29.8 30.1 40.7 55 70.5 89.4 108.6 124.6 138.3 142.2 142.7 143.2 143.7 144.1 144.2 144.2 144.2 144.2 144.2 143.9 143.3 142.6 141.4 139.1 136.3 133.1 128 121.2 114.2 109 103.8 98.5 89.6 81.8 78.8 77.9 80 81.4 82.2 83.1 85.3 88 91.4 94.4 96.5 95.1 89.8 82.1 72.8 65.6 58.1 50.1 22.7 -1.2 -1.2 -1.2 -1.2 -1.2 -1.2 -1.2 -1.2 -1.2 -1.2 -1.2 -1.2 -1.2 -1.2 -1.2 -1.2 -1.2 -1.2 -1.2 -1.2 -1.2 -1.2 -1.2 -1.2 -1.2
90.3 87.1 70 55.7 45.1 35.4 27.5 29.3 40.1 55.8 73.2 91.7 110.5 125.8 137.3 142 142.6 143.2 143.8 144.3 144.5 144.6 144.5 144.5 144.6 144.4 143.8 143.2 141.6 138.9 136.2 133.1 128.2 120.4 109.9 102.1 96.7 93.1 90.4 87.7 87.4 89.6 91.5 93.4 95.3 96.7 97.9 100.4 105 105.8 101.6 95.3 87.8 79.6 70.9 63.9 56.5 48.7 37.8 -1.2 -1.2 -1.2 -1.2 -1.2 -1.2 -1.2 -1.2 -1.2 -1.2 -1.2 -1.2 -1.2 -1.2 -1.2 -1.2 -1.2 -1.2 -1.2 -1.2 -1.2 -1.2 -1.2 -1.2 -1.2
76.7 73.5 60.9 49.6 40.4 30.9 24.5 29.2 39.8 53.5 69.9 90.9 111.9 122.4 133.4 140.6 142.5 143 143.5 144.1 144.7 144.9 144.9 145 145.1 144.7 144.2 143.4 141.9 139.3 136.4 133.2 127.3 120.9 114.6 109.6 106.8 104.5 101.7 98.2 98 101.1 104.7 107.3 109.9 111 112.4 112.4 111.3 107.2 100.5 91.6 83.8 76.6 69 62.3 54.9 47 2.4 -1.2 -1.2 -1.2 -1.2 -1.2 -1.2 -1.2 -1.2 -1.2 -1.2 -1.2 -1.2 -1.2 -1.2 -1.2 -1.2 -1.2 -1.2 -1.2 -1.2 -1.2 -1.2 -1.2 -1.2 -1.2
61.8 60.3 52.3 41.8 33.7 27.5 21.8 28.6 39 52.1 69.7 90.4 111.4 115.8 127.3 135.4 140.8 142.4 143.2 143.7 144.1 144.7 145.5 145.5 145.4 145 144.6 143.5 142.1 139.9 137.1 134.8 130.6 127.1 123.3 120.4 117.9 116.2 114.1 110.9 110.1 112.8 115.4 117.2 118 118.1 116.7 114.9 111.1 105 97.8 87.2 78.4 73 67.3 60.2 52.5 45 -1.2 -1.2 -1.2 -1.2 -1.2 -1.2 -1.2 -1.2 -1.2 -1.2 -1.2 -1.2 -1.2 -1.2 -1.2 -1.2 -1.2 -1.2 -1.2 -1.2 -1.2 -1.2 -1.2 -1.2 -1.2 -1.2
47.1 47.7 42 33.4 27.1 23.2 20.9 28.2 38.2 50.7 66.8 84.3 103.7 113.6 120.7 128.1 136.4 140.4 141.5 142.5 143.1 143.9 144.7 145.3 145.4 145.2 144.9 143.8 142.6 140.5 138.5 136.2 133.9 130.8 128.5 126.2 124.2 123.1 121.4 119.1 118.1 118.8 119.6 120.3 119.9 119.5 117.1 114.1 108.8 102.3 93.1 81.9 72.8 68 62.6 56.7 49.7 42.8 -1.2 -1.2 -1.2 -1.2 -1.2 -1.2 -1.2 -1.2 -1.2 -1.2 -1.2 -1.2 -1.2 -1.2 -1.2 -1.2 -1.2 -1.2 -1.2 -1.2 -1.2 -1.2 -1.2 -1.2 -1.2 -1.2
32.5 32.3 29.2 24.3 21.3 18.7 19.2 25.3 34.6 47.2 60.3 74.1 90 103.6 113.2 120.5 128.8 136.3 139.6 141.5 142.3 143 143.8 144.6 144.8 144.9 145 144.6 143.5 141.9 140.2 138 135.7 133.6 131.9 130.3 128.6 127.1 125.4 123.9 123.1 123.2 122.7 122 121.2 119.4 116.3 112.3 105.8 96.9 87.6 76.2 67.3 60.2 54.7 50.4 45.2 39.6 -1.2 -1.2 -1.2 -1.2 -1.2 -1.2 -1.2 -1.2 -1.2 -1.2 -1.2 -1.2 -1.2 -1.2 -1.2 -1.2 -1.2 -1.2 -1.2 -1.2 -1.2 -1.2 -1.2 -1.2 -1.2 -1.2
22.6 21.3 19.9 18.3 17.1 16.7 17 20.4 28 39.5 50.6 62.1 75.4 88.2 102.2 113.1 119.8 126.3 133.5 138.1 141 142.2 143 143.8 144.2 144.3 144.6 144.9 144 142.9 141.2 139.8 138.1 136 134.2 132.8 131.6 130.2 128.5 127.4 126.3 125.5 124.9 123.5 121.6 119.7 116.5 111.4 103.6 92.4 81.5 71 61.6 55.8 50.7 45.9 41.7 38.1 -1.2 -1.2 -1.2 -1.2 -1.2 -1.2 -1.2 -1.2 -1.2 -1.2 -1.2 -1.2 -1.2 -1.2 -1.2 -1.2 -1.2 -1.2 -1.2 -1.2 -1.2 -1.2 -1.2 -1.2 -1.2 -1.2
23.9 22.2 20.9 19.8 18.2 16.2 15.1 15.4 20.2 30.4 39.4 49.5 61.7 72.9 83.8 99.3 109.4 115.4 123 131.7 137.2 139.7 141.4 142.6 143.6 143.9 144.1 144.4 144.1 143.1 142 140.7 139.3 138 136.6 135 133.4 131.9 130.6 129.7 128.7 127.9 126 124 122.1 120.2 117 111.7 104.4 95.9 80.1 68.8 64.9 62.4 57.5 51.9 46.5 -1.2 -1.2 -1.2 -1.2 -1.2 -1.2 -1.2 -1.2 -1.2 -1.2 -1.2 -1.2 -1.2 -1.2 -1.2 -1.2 -1.2 -1.2 -1.2 -1.2 -1.2 -1.2 -1.2 -1.2 -1.2 -1.2 -1.2
34.4 31.3 31.2 28.4 25.3 21.1 16.6 14.3 15.4 21.9 30.5 37.8 47.5 58.2 68.3 79.4 90.1 99.9 110.8 119.8 128.4 135.4 139.3 140.5 141.9 142.9 143.1 143.4 143.5 142.5 141.7 141 139.8 138.5 137.4 136.4 135.2 133.7 132.6 131.6 130.1 128.3 126.5 124.6 122.7 120.8 117.4 112.5 105.1 92.4 79.7 77.5 76.6 72.9 65.2 58.5 53.8 -1.2 -1.2 -1.2 -1.2 -1.2 -1.2 -1.2 -1.2 -1.2 -1.2 -1.2 -1.2 -1.2 -1.2 -1.2 -1.2 -1.2 -1.2 -1.2 -1.2 -1.2 -1.2 -1.2 -1.2 -1.2 -1.2 -1.2
46.2 44.5 46 41.8 34.5 28.9 24.1 16.9 13.4 16.2 22.8 30 36.7 44.9 54.9 65.4 74.7 83.3 93.5 102.5 115.4 128.4 136.4 138.5 139.9 141.3 142.1 142.4 142.8 142.2 141.5 140.8 140.1 139 137.9 137 136 134.9 133.5 131.9 130.3 128.5 126.8 125 123.2 120.9 117.5 112.6 102.8 89.7 89 90.4 86.5 79.1 70.1 63.8 59.7 20.8 -1.2 -1.2 -1.2 -1.2 -1.2 -1.2 -1.2 -1.2 -1.2 -1.2 -1.2 -1.2 -1.2 -1.2 -1.2 -1.2 -1.2 -1.2 -1.2 -1.2 -1.2 -1.2 -1.2 -1.2 -1.2 -1.2
61.2 59.2 58.6 51.7 43.5 38.3 33.1 25.3 17 11.3 15.7 22.6 29.1 35.2 43.4 53.5 61.6 69.1 75 86.5 105.3 120.3 132 136.2 137.9 139.3 140.7 141.2 141.3 140.9 140.4 140 139.5 139 138.3 137.2 136.1 134.9 133.5 132.1 130.4 128.6 126.8 125 123 120.8 117.5 112.2 101.1 96.5 99.3 95.9 89.7 80.7 71.7 66.2 -1.2 -1.2 -1.2 -1.2 -1.2 -1.2 -1.2 -1.2 -1.2 -1.2 -1.2 -1.2 -1.2 -1.2 -1.2 -1.2 -1.2 -1.2 -1.2 -1.2 -1.2 -1.2 -1.2 -1.2 -1.2 -1.2 -1.2 -1.2
79.9 77.5 74.4 66.8 58.5 53.6 43.5 33.5 25.5 16.8 11.6 15.7 22.1 27.6 32.8 41.1 48.8 55.4 64.4 78.2 96.5 113.5 125.3 132.8 136 137.4 138.9 139.8 139.7 139 138.4 138 137.7 137.2 137.1 136.6 135.7 134.7 133.5 131.7 130.2 128.4 126.6 124.7 122.8 120.7 117.8 113.6 105.2 103.9 103.7 97.8 90.2 79.4 70.3 1.8 -1.2 -1.2 -1.2 -1.2 -1.2 -1.2 -1.2 -1.2 -1.2 -1.2 -1.2 -1.2 -1.2 -1.2 -1.2 -1.2 -1.2 -1.2 -1.2 -1.2 -1.2 -1.2 -1.2 -1.2 -1.2 -1.2 -1.2 -1.2
100.7 96.5 91.7 85.4 78.6 70.5 58.4 47.9 38.2 27.9 15.2 10.3 12.4 18.9 25.1 31.6 37.6 45.5 57.9 71.2 85.8 104.4 116.7 127.8 132.9 135.4 137 138 137.7 137 136.4 135.9 135.8 135.5 134.9 134.7 134.5 133.5 132.6 131.2 129.7 128.3 126.5 124.2 122.5 120.8 118.6 115.3 110.2 107.1 104.5 97.5 88.6 77.5 67.6 -1.2 -1.2 -1.2 -1.2 -1.2 -1.2 -1.2 -1.2 -1.2 -1.2 -1.2 -1.2 -1.2 -1.2 -1.2 -1.2 -1.2 -1.2 -1.2 -1.2 -1.2 -1.2 -1.2 -1.2 -1.2 -1.2 -1.2 -1.2 -1.2
114.5 113.1 108.2 99.9 90.8 81.5 72.5 63.5 52.4 38 25.1 13.5 9.5 11 17.6 24.6 30.3 38.3 50.2 62.2 75.4 91.3 106.9 118.8 128.4 133.1 135.1 136.1 136.7 135.4 134.4 133.8 133.6 133 132.6 132.4 132.3 132.1 131.3 130.3 128.9 127.5 125.9 123.6 121.9 120.7 119.1 116.5 111.3 107.6 103.4 96.6 86.7 75.4 65.8 -1.2 -1.2 -1.2 -1.2 -1.2 -1.2 -1.2 -1.2 -1.2 -1.2 -1.2 -1.2 -1.2 -1.2 -1.2 -1.2 -1.2 -1.2 -1.2 -1.2 -1.2 -1.2 -1.2 -1.2 -1.2 -1.2 -1.2 -1.2 -1.2
121.6 122.6 119.6 109.4 101.4 96.4 87.1 76.2 64.5 47.6 33.5 21.5 13 7.5 10 17.4 23.4 31.8 40.4 52.1 64 77.1 91.9 108.2 118.9 131 129.7 134.8 135.7 134.4 133 131.5 130.2 129.5 130.3 130.1 129.9 129.8 129.9 128.9 127.7 126.3 124.5 122.1 121.4 120.5 119.3 116.3 111 106 101.6 94.9 85 71.7 61.3 -1.2 -1.2 -1.2 -1.2 -1.2 -1.2 -1.2 -1.2 -1.2 -1.2 -1.2 -1.2 -1.2 -1.2 -1.2 -1.2 -1.2 -1.2 -1.2 -1.2 -1.2 -1.2 -1.2 -1.2 -1.2 -1.2 -1.2 -1.2 -1.2
86.5 86.7 90.8 83.7 76.3 67.9 66.4 57 48.9 47.4 39.7 28.4 19.3 10.4 6.1 10.5 17.9 25.5 34 43.2 53.7 50.6 59.5 64 65.2 70.7 82.7 109.5 130.2 132.9 131.6 129.6 126 125.4 126.6 127.6 127.6 127.4 128 127.3 126.5 125 123.1 120.7 120 120 118.6 115.9 108.4 103.8 99.5 92.5 79.8 67.5 57.5 -1.2 -1.2 -1.2 -1.2 -1.2 -1.2 -1.2 -1.2 -1.2 -1.2 -1.2 -1.2 -1.2 -1.2 -1.2 -1.2 -1.2 -1.2 -1.2 -1.2 -1.2 -1.2 -1.2 -1.2 -1.2 -1.2 -1.2 -1.2 -1.2
64.3 57.6 49.3 40.3 25.4 22.2 17 10.4 8.8 8.2 8.2 7.4 7.5 8.6 5.8 5.2 5.1 14.2 23.6 28.7 26.5 25.5 35.5 35.7 40.2 49.9 61.2 61.4 64 58.3 60.3 58.8 62.6 85.7 111 106.5 123.1 122.8 124.5 122.8 125.2 120 121.7 118.3 116.9 117.7 117.2 114.1 105.8 101.3 96.3 88.1 79.3 70.9 61.4 -1.2 -1.2 -1.2 -1.2 -1.2 -1.2 -1.2 -1.2 -1.2 -1.2 -1.2 -1.2 -1.2 -1.2 -1.2 -1.2 -1.2 -1.2 -1.2 -1.2 -1.2 -1.2 -1.2 -1.2 -1.2 -1.2 -1.2 -1.2 -1.2
