public/OST50/SZ68.asc
ncols 200
nrows 200
xllcorner 460000
yllcorner 80000
cellsize 50
[rows 76 to 113 of 200, columns 0 to 84 of 200]
23.6 22 20.3 18.9 18.2 16.1 9.9 6.3 3.5 2 0.6 1.9 1.6 0.9 0.4 0.5 0.3 3.8 10.5 14.8 18.8 23.6 27.5 29.4 26.7 23.2 20 16.8 13.6 10.4 8.6 9.4 10.2 12.7 20.4 28.8 35.5 42.1 49.5 56.3 62.6 68.9 75.6 82.3 87.8 93.5 95.1 95.3 91.3 88.2 85.3 80.2 75.9 70.5 63.6 57 51.4 46 40.6 38.6 35.8 33.4 36.6 36.9 37.3 34.7 30.4 28.5 29 28.9 30.3 30.6 31.3 30.5 28.7 26.9 26 25.8 24.4 24.5 4.9 0.6 -1.2 -1.2 -1.2
20.9 20.4 18.8 17.6 16.9 15 10.6 6.4 3.7 1.6 1.4 1.7 1.3 0.9 0.6 0.5 0.7 4.9 11.6 18 23.9 27.5 30.9 32.8 29.3 25.6 21.2 17.3 13.8 10.2 9.3 13.3 14.3 12.7 13.2 16.8 22.4 28.6 35 43 52.2 61.7 69.2 76.8 84.8 91.7 98.3 105.2 100.9 96.4 93.8 89.5 85 79.8 73.5 64.3 54.2 48.3 43.8 39.1 37.7 39.9 42.8 42.4 39.6 35.9 30.7 31.8 32.2 31.4 31.6 31.9 32.1 30.4 28.4 26.4 24.6 23.3 21.5 8.6 0.9 -1.2 -1.2 -1.2 -1.2
19.7 17.5 16.5 15 14 12.9 8.4 5.8 3.1 1.2 1.6 1.5 1.3 1.1 0.9 0.4 0.6 3.5 8.4 16.1 23.7 28.8 30.8 29.7 28.5 27.2 23.7 21.3 16.8 11.8 19.2 18.5 20.8 20.7 19.4 17.8 18.1 20 22.7 28.9 37.4 45.5 55.9 67.7 78.4 87.6 96 105.4 99.2 105.2 99.9 96.4 92.6 87.7 81.4 73.2 62.8 52.9 46.9 44.2 43.9 47.1 46 43.1 40.2 37.5 33.5 34.7 36.1 34.3 33.9 33.9 33.9 32.1 30.8 28.2 25.8 24.1 14.3 1.2 -0.1 -1.2 -1.2 -1.2 -1.2
19 17.1 14 12.4 10.9 9.4 5.7 4 2 2 1.3 1.2 1.3 1.2 1.2 0.3 0.3 0.8 3.8 11.4 17.1 20.6 22.3 22.2 21.9 22.5 21.8 19.8 16.8 13.6 18.6 33.7 36.9 37.2 34.3 28.8 26.2 25.9 25.9 26.6 29.4 32.9 41.7 52.5 70.5 80.4 90.1 95.5 102.5 93.5 103.1 101.1 98.7 94.3 89.2 83.2 75 65 54 49.7 49.8 50.6 49.3 47.4 44.7 40.5 36.3 39.2 39.8 38.6 37.7 37.2 36.5 36.5 35.4 32.6 28.9 25.9 1.6 0.5 -1.2 -1.2 -1.2 -1.2 -1.2
17.9 16.1 13 10.8 9.1 6.8 4.6 2.2 1.5 1.8 1.3 1.5 1 1.5 0.3 0.2 0.2 0.8 2.2 6.3 10.8 13 14.5 15 14.8 16.1 17.3 19.9 19.4 17.1 15.8 20.1 28.7 33.8 37.1 43.1 46.2 41.9 38.6 35.3 33.8 35.7 36.6 41.9 53.3 72.2 81.8 89.1 95.8 99 101.7 102.7 102.1 99.7 95.4 90.1 83.6 77.3 67.6 57.3 56 56.3 54.8 52.6 48.5 42.5 38.1 40.7 43.3 43 42.1 41 40.4 40.9 40.2 35.8 31.3 16.7 1.3 0 -1.2 -1.2 -1.2 -1.2 -1.2
16.5 14.3 11.6 9.8 8.2 6 4 1.8 1.7 1.8 1 1 1.3 0.3 0.3 0.2 0.5 0.8 2.3 3.4 6.8 8.3 9.2 9.9 10.7 12.8 15.8 19.4 22.6 21.7 18.3 17.5 21.7 26.4 28.7 32.8 38.6 45.8 51.4 53.3 52.4 47.3 42.5 43.5 46.3 52.8 70.7 81.4 88.8 93.1 97.8 100.7 102.2 101.8 99 93.9 90.5 84.5 77.1 72.2 68.3 63.9 60.1 55.9 50.9 45.7 42.3 44.4 45.4 46.8 46.6 45.7 45 45.7 42.4 36.1 29.2 1.3 0.9 -0.4 -1.2 -1.2 -1.2 -1.2 -1.2
14 12.3 10.3 8.3 6.4 4.9 2.8 1.5 1.4 1.5 1.2 0.7 0.2 0.3 0.3 0.3 0.3 1 2 2.4 3.5 4.9 5.9 7.9 9.9 11.6 14.5 18.3 21.6 23 22.1 19.4 19.7 22.1 26.9 32.4 36.8 40.9 43.3 46.8 51 55.2 59 57 52.5 52.9 59.6 72.5 81.3 86.6 91.9 95.9 99.3 101.3 101.3 98.4 95.8 91.4 86.1 84.3 81 76.4 68.6 58.6 53.6 49.3 48.5 49.9 49.8 50.7 50.7 49.8 48.9 47.6 41.7 27.6 15.6 1.3 0.8 -0.4 -1.2 -1.2 -1.2 -1.2 -1.2
10.5 9.1 7.5 5.5 4.6 3.1 1.5 1 1 0.8 0.3 0.4 0.2 0.2 0.3 0.3 0.3 0.6 0.9 1.5 2.4 5.6 8.1 10.2 12.1 13.5 14 16.7 20 24 24.9 22.2 22.7 23.1 25.8 30.1 33.2 35.3 37.6 40.2 43.8 48.3 52.9 58.1 65.5 65 63.2 68.6 71.7 76.8 82.4 88.9 93.9 98.5 100.2 100.2 99 96.1 94.3 91.8 88.6 85.5 81.2 64 61.8 60.1 56.7 54.4 55.3 55.2 54.7 53.5 51.1 47.3 43.4 39.3 22.9 1.2 0.7 -0.4 -1.2 -1.2 -1.2 -1.2 -1.2
6.8 5.5 3.9 3 2.9 1.6 1.3 0.9 0.4 0.2 0.2 0.3 0.2 0.3 0.5 0.5 0.5 0.4 0.4 0.8 1.9 5.5 8.9 12.2 14.5 16.1 16.6 18.6 19.7 23.7 25.2 23.6 22.2 22 23.7 26.3 28.4 30.2 32.4 35 39.2 42.8 47.1 51.4 56.2 61.7 66.8 68.8 67.7 61.1 70.4 80.1 86.2 92 96.4 98 98.7 98.4 97.7 96 95 93.3 90.5 87.1 84.4 78.3 73.6 69.2 66.2 63.9 59.8 58 55.4 51.7 47.6 43.8 27.1 7.3 1.1 0.1 -1.2 -1.2 -1.2 -1.2 -1.2
3.5 2.9 1.8 1.2 0.9 1.1 0.9 0.5 0.2 0.2 0.2 0.2 0.4 0.4 0.7 0.8 0.7 0.4 0.7 0.7 0.9 3.4 6.8 12.4 16 17.9 19.4 20.8 22.2 24.3 26.6 24.8 22.9 22.3 22.2 23.6 24.8 26.1 28.3 31.2 34.6 38.2 41.7 44.9 48.8 53.1 57.6 59.5 59.5 55.8 61.5 69.5 76.8 84.2 89.1 92.2 94.8 96 97.4 98.5 98.1 97 97.1 95 93.6 92.8 89.9 87 84.6 81.3 77.7 74.2 71.3 69.3 66.3 61.1 58.1 44.4 24.6 1.6 -1.2 -1.2 -1.2 -1.2 -1.2
2.3 1.8 0.8 1 0.7 1 0.9 0.5 0.2 0.2 0.3 0.3 0.4 0.3 0.8 1 0.9 0.3 0.8 0.9 1.4 1.9 3.1 7 12.4 16.7 19.8 21.4 22.9 25.4 27.5 25.4 24.4 24.6 25.4 25.9 25.5 25.9 26.8 27.7 30.6 33.6 37 39.6 42.3 46.2 49.4 50.7 50.5 49.6 53.9 61 65.9 74.1 79.3 84.9 87.6 90.1 92.6 95.7 97.8 99.4 99.3 99.3 98.5 98.1 96.7 94.8 93.2 90.9 88.9 87.2 83.3 81 77.8 74.6 71.3 66.6 62.3 58.5 1.1 -1.2 -1.2 -1.2 -1.2
1.3 1.5 1.1 1 1.4 0.7 0.2 0.2 0.1 0.2 0.4 0.5 0.5 0.5 0.3 1 1 0.3 1.3 3.5 4.1 4.6 4.7 4.4 5.9 10.1 16.7 20.5 20.3 23.9 26.3 25.4 25.9 27.7 29.7 30.8 30.4 30.1 29.9 29.9 29.8 31.3 33.8 35.1 37.1 39.6 42 43.9 44.3 45.6 49.1 54 59.8 64.6 70 72.9 78.6 81.7 85.1 89.4 92.6 94.6 96.5 98.2 97.8 98 97.1 97.4 96.3 94.9 92.1 90.3 88.5 86.4 82.9 79.7 76.6 73.2 69.6 1.2 -1.2 -1.2 -1.2 -1.2 -1.2
1.7 1.6 0.5 1.1 0.7 0.6 0.4 0.2 0.1 0 0 0.4 0.3 0.3 0.6 2.2 3.9 5.2 6.2 6.9 7.7 8.2 8.3 8.3 8.2 7.7 12 17.2 20 20.7 22.4 23.7 24.7 28.3 31.5 33 33.3 33.8 34 33.9 33.5 33.4 33.2 34.2 34.5 36.1 37.5 39.8 41.7 43.6 47 51.5 53.8 56.9 59 61.8 65.3 70 75.8 79.2 83.4 86.4 89 91 92.4 92.8 93.1 93.1 92.4 92 90.8 89.1 85.2 85 81.5 79 75.6 71.6 43.8 -1.2 -1.2 -1.2 -1.2 -1.2 -1.2
1.6 1.6 0.6 0.6 0.7 0.7 0.8 0.6 0.4 0.2 0.1 0.1 0 0 0.9 3 3.9 5.1 7.1 9.1 10.2 11.3 12.1 12.2 11.7 11 9.7 12.1 14.9 16.4 18.5 21 24.2 27.7 30.8 32.7 33.9 34.6 35.7 36.7 37 36.8 37.6 37.9 38.1 37.5 37.5 39.4 41.2 43.8 47.6 48.8 48.4 38.3 23.3 26.6 36.7 27.7 32 37.5 45.9 49.1 58.5 67.2 79 81.1 84.2 85.4 85.5 85.5 84.6 83.5 81.6 79 76.2 73.6 70 1.1 -1.2 -1.2 -1.2 -1.2 -1.2 -1.2 -1.2
1.5 1.2 2.6 0.6 0.7 0.8 1 1 0.6 0.4 0.3 0.1 0 0 0.7 1.8 2.5 4.9 7.1 9 10.8 12.6 14.9 15.7 15.3 15.2 14.1 14.1 14.5 17.4 17.2 19.6 23.1 26.7 29.5 31.4 32.2 33.1 34.2 36 37.9 38.9 38.7 41.2 41.7 40.8 40.6 40.9 42.5 44.3 45 44.9 9.4 1.2 0.8 0.5 -1.2 -1.2 -1.2 -1.2 1 1.3 4.6 9 27.7 36.7 41.7 47.6 68 67.8 68.6 76.2 73.3 71.3 68.9 65.4 14.2 -1.2 -1.2 -1.2 -1.2 -1.2 -1.2 -1.2 -1.2
2 1.2 1 1 1.7 3.9 3.7 4 2.9 0.2 0.8 0.3 0.3 0.4 0.4 0.5 1.6 3.5 5.5 6.7 7.9 10.3 12.6 15.6 19.4 19.6 19 17.3 19.3 20.9 21.4 20.1 23 25.9 27.8 28.6 29 29.5 30.6 32.7 27.2 19.5 14.1 20.7 38.2 43.9 42.8 30.6 18.5 1.2 0.6 -1.2 -1.2 -1.2 -1.2 -1.2 -1.2 -1.2 -1.2 -1.2 -1.2 -1.2 -1.2 -1.2 -1.2 -1.2 0.9 0.7 0.9 -1.2 -1.2 -1.2 -1.2 -1.2 -1.2 -1.2 -1.2 -1.2 -1.2 -1.2 -1.2 -1.2 -1.2 -1.2 -1.2
1.5 3.9 1.6 1.6 2.4 1.8 2.1 10.9 11 4.6 0.4 0.3 0.3 0.3 0.4 0.3 0.3 1.2 3.7 4.8 6 8.2 10.5 13.2 18.1 20.3 21.7 23.7 23 23.5 23.8 23.8 23.9 25.3 26.4 26.3 25.9 26.3 27 27.5 17.2 11.5 11.1 5.8 2.6 1.3 0.7 -1.2 -1.2 -1.2 -1.2 -1.2 -1.2 -1.2 -1.2 -1.2 -1.2 -1.2 -1.2 -1.2 -1.2 -1.2 -1.2 -1.2 -1.2 -1.2 -1.2 -1.2 -1.2 -1.2 -1.2 -1.2 -1.2 -1.2 -1.2 -1.2 -1.2 -1.2 -1.2 -1.2 -1.2 -1.2 -1.2 -1.2 -1.2
2.7 1.3 1.5 1.9 2.2 1.7 1.9 7.1 12.7 9.5 0.2 0.3 0.3 0.3 0.5 0.3 0.3 0.4 1.9 2.9 4 5.8 8.5 10.6 14 17.4 17.6 21.2 25 27.1 26.9 26.9 26.8 26 24.7 24.4 23.2 22.8 13 7.6 2.5 1.5 0.9 0.3 -1.2 -1.2 -1.2 -1.2 -1.2 -1.2 -1.2 -1.2 -1.2 -1.2 -1.2 -1.2 -1.2 -1.2 -1.2 -1.2 -1.2 -1.2 -1.2 -1.2 -1.2 -1.2 -1.2 -1.2 -1.2 -1.2 -1.2 -1.2 -1.2 -1.2 -1.2 -1.2 -1.2 -1.2 -1.2 -1.2 -1.2 -1.2 -1.2 -1.2 -1.2
1.8 1.1 0.6 1.7 2.1 1.7 1.5 2.3 10.9 9.3 2.9 0.3 0.3 0.3 0.9 0.3 0.3 0.7 1.2 2.3 2.9 4.2 6.1 7.8 10.8 12.9 15.1 19 23.7 25.7 30.9 30.3 29.3 27.2 17.2 12.1 6 0.9 1.3 0.6 -1.2 -1.2 -1.2 -1.2 -1.2 -1.2 -1.2 -1.2 -1.2 -1.2 -1.2 -1.2 -1.2 -1.2 -1.2 -1.2 -1.2 -1.2 -1.2 -1.2 -1.2 -1.2 -1.2 -1.2 -1.2 -1.2 -1.2 -1.2 -1.2 -1.2 -1.2 -1.2 -1.2 -1.2 -1.2 -1.2 -1.2 -1.2 -1.2 -1.2 -1.2 -1.2 -1.2 -1.2 -1.2
1.1 1.5 1.5 0.1 1.7 2.1 2 2.1 4.7 5.1 5.2 0.4 0.3 0.4 0.3 0.3 0.4 0.4 0.7 1.5 1.8 2.9 4.6 6.4 8.4 10.3 12.7 15 18.5 22.7 25.9 26.2 25.7 12.2 2 1.3 -1.2 -1.2 -1.2 -1.2 -1.2 -1.2 -1.2 -1.2 -1.2 -1.2 -1.2 -1.2 -1.2 -1.2 -1.2 -1.2 -1.2 -1.2 -1.2 -1.2 -1.2 -1.2 -1.2 -1.2 -1.2 -1.2 -1.2 -1.2 -1.2 -1.2 -1.2 -1.2 -1.2 -1.2 -1.2 -1.2 -1.2 -1.2 -1.2 -1.2 -1.2 -1.2 -1.2 -1.2 -1.2 -1.2 -1.2 -1.2 -1.2
0.7 1.6 1.6 1.7 2.4 4 4.1 4.3 4.3 4.9 4.7 3.7 0.8 0.4 0.3 0.3 1.2 0.9 0.4 0.4 1.1 2.6 3.5 5.3 7.3 8.7 10.7 12.3 14.3 18 16.8 7.3 1.3 1 -1.2 -1.2 -1.2 -1.2 -1.2 -1.2 -1.2 -1.2 -1.2 -1.2 -1.2 -1.2 -1.2 -1.2 -1.2 -1.2 -1.2 -1.2 -1.2 -1.2 -1.2 -1.2 -1.2 -1.2 -1.2 -1.2 -1.2 -1.2 -1.2 -1.2 -1.2 -1.2 -1.2 -1.2 -1.2 -1.2 -1.2 -1.2 -1.2 -1.2 -1.2 -1.2 -1.2 -1.2 -1.2 -1.2 -1.2 -1.2 -1.2 -1.2 -1.2
1 1.6 1.7 1.6 3.3 3.7 3.9 4.3 4 2.3 3 2.7 0.5 0.2 0.9 1.2 2.1 2 1.7 1.5 2.4 3.1 3.8 4.5 5.9 7.6 8.5 10 6.8 2 1.4 0.4 -1.2 -1.2 -1.2 -1.2 -1.2 -1.2 -1.2 -1.2 -1.2 -1.2 -1.2 -1.2 -1.2 -1.2 -1.2 -1.2 -1.2 -1.2 -1.2 -1.2 -1.2 -1.2 -1.2 -1.2 -1.2 -1.2 -1.2 -1.2 -1.2 -1.2 -1.2 -1.2 -1.2 -1.2 -1.2 -1.2 -1.2 -1.2 -1.2 -1.2 -1.2 -1.2 -1.2 -1.2 -1.2 -1.2 -1.2 -1.2 -1.2 -1.2 -1.2 -1.2 -1.2
2.2 1.8 1.8 1.8 1.7 1.3 1.8 1.7 1.5 1.5 1.4 1.5 1.6 0.7 1.5 2.3 2.5 2.4 2.3 3.5 3.9 3.4 4.2 4.5 5.2 6.4 3.6 1.7 0.9 -1.2 -1.2 -1.2 -1.2 -1.2 -1.2 -1.2 -1.2 -1.2 -1.2 -1.2 -1.2 -1.2 -1.2 -1.2 -1.2 -1.2 -1.2 -1.2 -1.2 -1.2 -1.2 -1.2 -1.2 -1.2 -1.2 -1.2 -1.2 -1.2 -1.2 -1.2 -1.2 -1.2 -1.2 -1.2 -1.2 -1.2 -1.2 -1.2 -1.2 -1.2 -1.2 -1.2 -1.2 -1.2 -1.2 -1.2 -1.2 -1.2 -1.2 -1.2 -1.2 -1.2 -1.2 -1.2 -1.2
2.2 2 1.6 1.9 1.7 1.6 1.7 1.6 1.3 1.4 1.4 1.5 1.6 2.5 2.7 3.3 3.5 3.1 3.1 4.1 4.1 3.8 4.2 4.5 5.1 1.7 1 0.2 -1.2 -1.2 -1.2 -1.2 -1.2 -1.2 -1.2 -1.2 -1.2 -1.2 -1.2 -1.2 -1.2 -1.2 -1.2 -1.2 -1.2 -1.2 -1.2 -1.2 -1.2 -1.2 -1.2 -1.2 -1.2 -1.2 -1.2 -1.2 -1.2 -1.2 -1.2 -1.2 -1.2 -1.2 -1.2 -1.2 -1.2 -1.2 -1.2 -1.2 -1.2 -1.2 -1.2 -1.2 -1.2 -1.2 -1.2 -1.2 -1.2 -1.2 -1.2 -1.2 -1.2 -1.2 -1.2 -1.2 -1.2
2.2 1.7 2 2 2 1.6 1.7 1.6 1.3 1.4 1.4 1.5 1.7 2.6 3.7 5 5.3 5.2 4.8 4.8 5.3 4.4 4.5 1.7 1 0.1 -1.2 -1.2 -1.2 -1.2 -1.2 -1.2 -1.2 -1.2 -1.2 -1.2 -1.2 -1.2 -1.2 -1.2 -1.2 -1.2 -1.2 -1.2 -1.2 -1.2 -1.2 -1.2 -1.2 -1.2 -1.2 -1.2 -1.2 -1.2 -1.2 -1.2 -1.2 -1.2 -1.2 -1.2 -1.2 -1.2 -1.2 -1.2 -1.2 -1.2 -1.2 -1.2 -1.2 -1.2 -1.2 -1.2 -1.2 -1.2 -1.2 -1.2 -1.2 -1.2 -1.2 -1.2 -1.2 -1.2 -1.2 -1.2 -1.2
3.4 2.3 2.4 2.5 2 1.5 1.4 1.7 1.4 1.4 1.5 1.6 1.9 2.9 4.1 5.4 6 6.2 6.2 6.3 4.1 3 0.8 0 -1.2 -1.2 -1.2 -1.2 -1.2 -1.2 -1.2 -1.2 -1.2 -1.2 -1.2 -1.2 -1.2 -1.2 -1.2 -1.2 -1.2 -1.2 -1.2 -1.2 -1.2 -1.2 -1.2 -1.2 -1.2 -1.2 -1.2 -1.2 -1.2 -1.2 -1.2 -1.2 -1.2 -1.2 -1.2 -1.2 -1.2 -1.2 -1.2 -1.2 -1.2 -1.2 -1.2 -1.2 -1.2 -1.2 -1.2 -1.2 -1.2 -1.2 -1.2 -1.2 -1.2 -1.2 -1.2 -1.2 -1.2 -1.2 -1.2 -1.2 -1.2
6 3.6 2.9 2.4 1.9 1.4 1 1 0.9 1.6 2.1 2.3 2 3.1 3.9 4.8 6 6.6 6.7 6.9 1 0 -0.7 -1.2 -1.2 -1.2 -1.2 -1.2 -1.2 -1.2 -1.2 -1.2 -1.2 -1.2 -1.2 -1.2 -1.2 -1.2 -1.2 -1.2 -1.2 -1.2 -1.2 -1.2 -1.2 -1.2 -1.2 -1.2 -1.2 -1.2 -1.2 -1.2 -1.2 -1.2 -1.2 -1.2 -1.2 -1.2 -1.2 -1.2 -1.2 -1.2 -1.2 -1.2 -1.2 -1.2 -1.2 -1.2 -1.2 -1.2 -1.2 -1.2 -1.2 -1.2 -1.2 -1.2 -1.2 -1.2 -1.2 -1.2 -1.2 -1.2 -1.2 -1.2 -1.2
6.8 4.6 2.8 2.3 1.8 1.3 0.9 1.3 1 0.7 1.5 0.8 2.2 2.5 3.3 4.2 5.3 6.4 2.9 0.4 -1.2 -1.2 -1.2 -1.2 -1.2 -1.2 -1.2 -1.2 -1.2 -1.2 -1.2 -1.2 -1.2 -1.2 -1.2 -1.2 -1.2 -1.2 -1.2 -1.2 -1.2 -1.2 -1.2 -1.2 -1.2 -1.2 -1.2 -1.2 -1.2 -1.2 -1.2 -1.2 -1.2 -1.2 -1.2 -1.2 -1.2 -1.2 -1.2 -1.2 -1.2 -1.2 -1.2 -1.2 -1.2 -1.2 -1.2 -1.2 -1.2 -1.2 -1.2 -1.2 -1.2 -1.2 -1.2 -1.2 -1.2 -1.2 -1.2 -1.2 -1.2 -1.2 -1.2 -1.2 -1.2
7.5 5.1 3 2.3 1.8 1.3 0.9 1.2 1 1 0.8 0.8 0.8 2.5 2.6 3.8 4.5 0.6 -1.2 -1.2 -1.2 -1.2 -1.2 -1.2 -1.2 -1.2 -1.2 -1.2 -1.2 -1.2 -1.2 -1.2 -1.2 -1.2 -1.2 -1.2 -1.2 -1.2 -1.2 -1.2 -1.2 -1.2 -1.2 -1.2 -1.2 -1.2 -1.2 -1.2 -1.2 -1.2 -1.2 -1.2 -1.2 -1.2 -1.2 -1.2 -1.2 -1.2 -1.2 -1.2 -1.2 -1.2 -1.2 -1.2 -1.2 -1.2 -1.2 -1.2 -1.2 -1.2 -1.2 -1.2 -1.2 -1.2 -1.2 -1.2 -1.2 -1.2 -1.2 -1.2 -1.2 -1.2 -1.2 -1.2 -1.2
8 5.6 3.5 2.3 1.8 1.4 1 1 1 1.5 2.1 0.8 0.8 1.2 3.7 1 -0.1 -1.2 -1.2 -1.2 -1.2 -1.2 -1.2 -1.2 -1.2 -1.2 -1.2 -1.2 -1.2 -1.2 -1.2 -1.2 -1.2 -1.2 -1.2 -1.2 -1.2 -1.2 -1.2 -1.2 -1.2 -1.2 -1.2 -1.2 -1.2 -1.2 -1.2 -1.2 -1.2 -1.2 -1.2 -1.2 -1.2 -1.2 -1.2 -1.2 -1.2 -1.2 -1.2 -1.2 -1.2 -1.2 -1.2 -1.2 -1.2 -1.2 -1.2 -1.2 -1.2 -1.2 -1.2 -1.2 -1.2 -1.2 -1.2 -1.2 -1.2 -1.2 -1.2 -1.2 -1.2 -1.2 -1.2 -1.2 -1.2
8.8 6 4.2 2.2 1.9 1.8 1.4 1.4 1.9 1.9 2.2 0.8 1.1 4.2 0.4 -1.2 -1.2 -1.2 -1.2 -1.2 -1.2 -1.2 -1.2 -1.2 -1.2 -1.2 -1.2 -1.2 -1.2 -1.2 -1.2 -1.2 -1.2 -1.2 -1.2 -1.2 -1.2 -1.2 -1.2 -1.2 -1.2 -1.2 -1.2 -1.2 -1.2 -1.2 -1.2 -1.2 -1.2 -1.2 -1.2 -1.2 -1.2 -1.2 -1.2 -1.2 -1.2 -1.2 -1.2 -1.2 -1.2 -1.2 -1.2 -1.2 -1.2 -1.2 -1.2 -1.2 -1.2 -1.2 -1.2 -1.2 -1.2 -1.2 -1.2 -1.2 -1.2 -1.2 -1.2 -1.2 -1.2 -1.2 -1.2 -1.2 -1.2
9.3 6.3 3.8 2.3 1.9 2 2 2.1 2.2 2.3 2.3 3.4 1.1 -1.2 -1.2 -1.2 -1.2 -1.2 -1.2 -1.2 -1.2 -1.2 -1.2 -1.2 -1.2 -1.2 -1.2 -1.2 -1.2 -1.2 -1.2 -1.2 -1.2 -1.2 -1.2 -1.2 -1.2 -1.2 -1.2 -1.2 -1.2 -1.2 -1.2 -1.2 -1.2 -1.2 -1.2 -1.2 -1.2 -1.2 -1.2 -1.2 -1.2 -1.2 -1.2 -1.2 -1.2 -1.2 -1.2 -1.2 -1.2 -1.2 -1.2 -1.2 -1.2 -1.2 -1.2 -1.2 -1.2 -1.2 -1.2 -1.2 -1.2 -1.2 -1.2 -1.2 -1.2 -1.2 -1.2 -1.2 -1.2 -1.2 -1.2 -1.2 -1.2
10 6.4 4.4 2.6 2.5 2.4 2.1 2.1 2.2 2.4 4.8 0.9 -1.2 -1.2 -1.2 -1.2 -1.2 -1.2 -1.2 -1.2 -1.2 -1.2 -1.2 -1.2 -1.2 -1.2 -1.2 -1.2 -1.2 -1.2 -1.2 -1.2 -1.2 -1.2 -1.2 -1.2 -1.2 -1.2 -1.2 -1.2 -1.2 -1.2 -1.2 -1.2 -1.2 -1.2 -1.2 -1.2 -1.2 -1.2 -1.2 -1.2 -1.2 -1.2 -1.2 -1.2 -1.2 -1.2 -1.2 -1.2 -1.2 -1.2 -1.2 -1.2 -1.2 -1.2 -1.2 -1.2 -1.2 -1.2 -1.2 -1.2 -1.2 -1.2 -1.2 -1.2 -1.2 -1.2 -1.2 -1.2 -1.2 -1.2 -1.2 -1.2 -1.2
10.6 7.7 5.2 4.8 5.2 5.3 4.8 3.9 4.5 1.6 0.4 -1.2 -1.2 -1.2 -1.2 -1.2 -1.2 -1.2 -1.2 -1.2 -1.2 -1.2 -1.2 -1.2 -1.2 -1.2 -1.2 -1.2 -1.2 -1.2 -1.2 -1.2 -1.2 -1.2 -1.2 -1.2 -1.2 -1.2 -1.2 -1.2 -1.2 -1.2 -1.2 -1.2 -1.2 -1.2 -1.2 -1.2 -1.2 -1.2 -1.2 -1.2 -1.2 -1.2 -1.2 -1.2 -1.2 -1.2 -1.2 -1.2 -1.2 -1.2 -1.2 -1.2 -1.2 -1.2 -1.2 -1.2 -1.2 -1.2 -1.2 -1.2 -1.2 -1.2 -1.2 -1.2 -1.2 -1.2 -1.2 -1.2 -1.2 -1.2 -1.2 -1.2 -1.2
10.5 8 6.7 6.5 7.1 6.9 6.2 4.5 1 -1.2 -1.2 -1.2 -1.2 -1.2 -1.2 -1.2 -1.2 -1.2 -1.2 -1.2 -1.2 -1.2 -1.2 -1.2 -1.2 -1.2 -1.2 -1.2 -1.2 -1.2 -1.2 -1.2 -1.2 -1.2 -1.2 -1.2 -1.2 -1.2 -1.2 -1.2 -1.2 -1.2 -1.2 -1.2 -1.2 -1.2 -1.2 -1.2 -1.2 -1.2 -1.2 -1.2 -1.2 -1.2 -1.2 -1.2 -1.2 -1.2 -1.2 -1.2 -1.2 -1.2 -1.2 -1.2 -1.2 -1.2 -1.2 -1.2 -1.2 -1.2 -1.2 -1.2 -1.2 -1.2 -1.2 -1.2 -1.2 -1.2 -1.2 -1.2 -1.2 -1.2 -1.2 -1.2 -1.2
10.6 9.1 7.8 7.1 7.5 7 1.8 0.7 -1.2 -1.2 -1.2 -1.2 -1.2 -1.2 -1.2 -1.2 -1.2 -1.2 -1.2 -1.2 -1.2 -1.2 -1.2 -1.2 -1.2 -1.2 -1.2 -1.2 -1.2 -1.2 -1.2 -1.2 -1.2 -1.2 -1.2 -1.2 -1.2 -1.2 -1.2 -1.2 -1.2 -1.2 -1.2 -1.2 -1.2 -1.2 -1.2 -1.2 -1.2 -1.2 -1.2 -1.2 -1.2 -1.2 -1.2 -1.2 -1.2 -1.2 -1.2 -1.2 -1.2 -1.2 -1.2 -1.2 -1.2 -1.2 -1.2 -1.2 -1.2 -1.2 -1.2 -1.2 -1.2 -1.2 -1.2 -1.2 -1.2 -1.2 -1.2 -1.2 -1.2 -1.2 -1.2 -1.2 -1.2
10.9 9.6 8.4 6.6 6.2 3 0.7 -1.2 -1.2 -1.2 -1.2 -1.2 -1.2 -1.2 -1.2 -1.2 -1.2 -1.2 -1.2 -1.2 -1.2 -1.2 -1.2 -1.2 -1.2 -1.2 -1.2 -1.2 -1.2 -1.2 -1.2 -1.2 -1.2 -1.2 -1.2 -1.2 -1.2 -1.2 -1.2 -1.2 -1.2 -1.2 -1.2 -1.2 -1.2 -1.2 -1.2 -1.2 -1.2 -1.2 -1.2 -1.2 -1.2 -1.2 -1.2 -1.2 -1.2 -1.2 -1.2 -1.2 -1.2 -1.2 -1.2 -1.2 -1.2 -1.2 -1.2 -1.2 -1.2 -1.2 -1.2 -1.2 -1.2 -1.2 -1.2 -1.2 -1.2 -1.2 -1.2 -1.2 -1.2 -1.2 -1.2 -1.2 -1.2
10.6 9.7 7.5 3.6 1.4 -1.2 -1.2 -1.2 -1.2 -1.2 -1.2 -1.2 -1.2 -1.2 -1.2 -1.2 -1.2 -1.2 -1.2 -1.2 -1.2 -1.2 -1.2 -1.2 -1.2 -1.2 -1.2 -1.2 -1.2 -1.2 -1.2 -1.2 -1.2 -1.2 -1.2 -1.2 -1.2 -1.2 -1.2 -1.2 -1.2 -1.2 -1.2 -1.2 -1.2 -1.2 -1.2 -1.2 -1.2 -1.2 -1.2 -1.2 -1.2 -1.2 -1.2 -1.2 -1.2 -1.2 -1.2 -1.2 -1.2 -1.2 -1.2 -1.2 -1.2 -1.2 -1.2 -1.2 -1.2 -1.2 -1.2 -1.2 -1.2 -1.2 -1.2 -1.2 -1.2 -1.2 -1.2 -1.2 -1.2 -1.2 -1.2 -1.2 -1.2
