public/OST50/SZ68.asc
ncols 200
nrows 200
xllcorner 460000
yllcorner 80000
cellsize 50
[rows 0 to 37 of 200, columns 0 to 84 of 200]
24.9 28.5 32.1 35.6 38.4 41 43.4 46.8 49.1 51.8 54.6 54.9 54.5 53.2 51.6 48.7 46.1 43.6 41.6 39.3 36.2 33.2 29.7 31.9 33.5 35.2 36.5 38 38.9 40.1 40.2 40.2 38.5 36.6 33.6 29.2 26.6 30 32.2 33 31.4 28.8 28.3 26.4 24 26.7 30.9 35.5 38.7 41.6 43.4 44.5 46.1 46.9 47.6 48.1 48.8 48.8 48.5 48.1 47.3 46.4 45.4 44.2 43.1 41.9 40 38.3 37.3 35.8 31.4 20 14.6 9.6 5.4 4.9 0.3 -1.2 -1.2 -1.2 -1.2 -1.2 -1.2 -1.2 -1.2
24.7 28.1 31.5 34.6 37.3 40 42.5 46.1 49 51.5 53.5 54 53.9 52.7 51.2 48.7 46.4 44.2 41.7 38.6 35.8 32.6 33.5 34.8 36.2 38 39 40.5 41.9 42.5 42.7 42.1 40 35.5 31.5 29.2 30.6 33.4 35.8 35.2 33.8 32.6 31.7 29.1 26.3 28.2 31.8 35.8 39.2 42.1 43.9 45.2 46.5 47.3 48.2 48.7 48.3 47.9 47.6 47.1 46.3 45.4 44.2 42.6 40.7 38.7 38.2 37 37.1 35.2 34.6 31.6 30.6 27.8 7.2 1.3 0.1 -0.6 -1.2 -1.2 -1.2 -1.2 -1.2 -1.2 -1.2
24.1 27.4 30.9 33.6 36.2 38.9 41.8 45.1 48.1 51.3 53.4 53.7 52.8 52 50.4 48.6 46.2 43 40.1 37.2 34.6 34.7 36.6 37.9 39.2 40.5 41.3 43.3 43.9 44.6 44.7 43 39.1 34.1 32.8 34.5 36 36.5 38.1 37.8 37.1 36.1 34.3 31.8 28.3 28.4 31.6 35.2 39.3 42.1 44 45.4 46.8 47.8 48.4 47.9 47.4 46.9 46.5 46.1 45.1 43.5 41.9 39.9 37.6 35.2 36.1 36 35.8 34.6 34.7 32.4 30.6 23.8 6.6 1.3 0.5 -0.2 -1 -1.2 -1.2 -1.2 -1.2 -1.2 -1.2
24.2 27.5 29.9 32.1 34.9 37.8 41.1 44.3 47.6 50.4 53 52.6 52.4 51.1 49.4 47.7 45.8 42.7 39.8 37.4 35.6 38.6 39.8 40.8 41.8 42.7 43.4 44.4 45.1 46.1 45.6 43.2 38.1 37.3 38.8 40.3 40.8 39.5 40.1 40.4 39.5 38.3 36.2 32.6 30 30.7 33.3 35.7 39.1 42.2 44.1 45.2 46.2 47.3 48 47.2 46.6 46.1 45.5 45.1 43.6 41.9 39.8 37.2 34.2 31.2 31.2 32 33.4 33.5 33.4 32.3 29.4 29.1 8.8 2 0.6 -0.1 -0.9 -1.2 -1.2 -1.2 -1.2 -1.2 -1.2
23.6 26 28.4 30.5 33.2 36.1 39 42.4 45.8 48.7 51.3 52 51.1 50.2 48.5 47 45.6 42.6 40.4 38.2 38 40.4 41.9 42.9 43.8 44.6 45.4 46.3 47.3 47.4 46.7 42.1 41.5 42.3 43.1 43.4 43.8 42.9 42.8 41.8 40.6 39.3 36.6 32.9 30.8 33.9 36.7 38.9 41.9 43.7 44.6 44.8 45.5 46.5 47.6 47 46.1 45.5 45 43.5 40.8 38.7 35.9 33.6 31.4 26.6 26 27 29.2 30.1 29.5 28 25.3 24.5 14.7 2.7 0.7 -0.1 -0.8 -1.2 -1.2 -1.2 -1.2 -1.2 -1.2
22.8 24.5 27 28.9 31.4 33.8 35.8 38.8 42.1 46.1 49 50.3 49.9 49.3 48 46.8 45.3 42.5 40.6 38.9 40.3 42.2 43.9 44.9 45.7 46.5 47.3 48.3 48.8 48.5 46.1 43.9 46.2 46.3 45.8 45.2 45.1 44.8 43.8 42.9 40.9 38.9 35.2 33.5 34.5 36.4 39.7 41.7 43.5 44.6 45.3 45.5 45.8 46 46.8 47.8 45.9 45 45.2 42.1 37.8 35.1 32.1 28.9 27.1 24.2 21.8 22 24.1 25.9 26 23.9 20.4 19.6 19.5 3.7 0.6 -0.1 -1.2 -1.2 -1.2 -1.2 -1.2 -1.2 -1.2
22 23.5 25.5 27.4 29.7 31.3 33 35.4 38.4 42.7 46.5 49.3 49.6 49.1 47.8 46.6 45 42.5 41.1 40.5 42.3 44 45.8 46.9 47.7 48.4 49.3 50 49.7 49.4 47.1 47.9 48.1 47.8 47.4 47 46.6 45.8 44.6 42.5 40 37.4 36.8 37.3 38.7 40 41.7 43.6 44.5 45.3 46 46.2 46.5 46.7 47 47.2 46.8 45.6 43.7 40.5 35.9 31.7 29 25.9 22.4 19.9 17.7 18.1 18.3 20.5 21.4 18.6 16 14.7 17 4.8 0.4 -0.6 -1.2 -1.2 -1.2 -1.2 -1.2 -1.2 -1.2
21.2 22.9 24.2 25.9 27.7 29.5 31 32.9 35.5 38.4 43.5 47 48.3 48.4 47.5 45.4 44.3 42.9 42 42.4 44 45.8 47.5 48.8 49.6 50.4 51.2 51.1 51 49.9 50.5 50 49.3 48.9 48.4 47.8 46.8 45.8 44.6 42.4 40.2 39.5 39.3 39.7 40.7 42 43.1 44.3 45.2 46 46.7 46.9 47.2 47.5 47.6 47.8 47.2 46 44.2 41.4 37.6 33.3 29.6 24.9 20.6 16.7 14.6 13.5 13.8 15.5 16.5 14.2 11.8 10.6 11.6 1.3 0.1 -1.2 -1.2 -1.2 -1.2 -1.2 -1.2 -1.2 -1.2
20.7 22.1 23.1 24.3 26.2 27.7 29.2 30.5 32.5 35.1 39.3 42.7 45.9 46.8 45.5 43.6 42.9 41.8 41.8 43.6 45.3 47.3 49.2 50.5 51.7 52.3 52.4 52.4 52.4 51.9 51.4 50.9 50.2 49.7 48.7 47.7 46.6 45.6 44.5 43.3 41.9 41.3 41.2 41.2 41.5 42.4 43.4 44.5 45.5 46.5 47.3 47.5 47.7 47.9 48 48 47.2 45.6 43.9 41 37.7 34.7 29.7 25 20.6 16.6 13.7 11.5 9.9 10.7 10.5 10.2 8.4 7.2 9.1 0.9 -0.1 -1.2 -1.2 -1.2 -1.2 -1.2 -1.2 -1.2 -1.2
20.5 21.1 21.8 22.7 24.4 25.8 27.1 28.5 29.8 31.8 35.1 38 40.1 42.2 43.4 42.2 41.6 40.9 41.4 43.8 46.6 48.1 50 52 53.1 53.4 53.6 53.6 53.4 52.7 52.1 51.3 50.4 49.6 48.6 47.5 46.5 45.5 44.5 43.8 42.6 42.5 42.6 42.4 42.5 42.6 43.7 44.5 45.3 45.9 46.6 47.4 47.9 48.2 48.4 48 46.9 45.2 43.4 40.7 38 34.8 30.3 25.9 21.3 16.8 14 11.2 8.4 6.7 5.7 5 5.6 4.9 4.9 0.7 -0.2 -1.2 -1.2 -1.2 -1.2 -1.2 -1.2 -1.2 -1.2
19.7 20.3 20.8 21.2 22.5 23.8 25.1 26.4 27.7 29.1 31.6 33.2 35.6 37.4 39.5 40.7 40.1 39.5 38.5 42.6 45.9 48.1 50.5 53.6 54.1 54.4 54.6 54.6 54 53.2 52 51.1 50.1 49.3 48.3 47.2 46.2 45.2 44.3 43.5 43.1 42.8 42.9 42.8 42.9 43.1 43.5 43.8 44.4 44.9 45.7 46.6 47.7 47.8 47.9 47.7 46.5 44.8 42.5 40.8 38.6 35.3 31.7 26.9 21.8 17 13.7 10.9 8.8 7.3 6 3.9 2.9 3.3 1.2 0.3 -0.5 -1.2 -1.2 -1.2 -1.2 -1.2 -1.2 -1.2 -1.2
19.9 20.5 21.1 21.7 22.7 24 25.2 26.4 27.4 28.3 29.6 31.1 32.6 34.5 36.5 38.7 38.4 36.2 35 38.2 42.2 47.2 51.2 53.9 54.7 55.1 55.1 55.1 54.3 53.4 51.8 50.2 49.2 47.8 46.3 45.3 44.2 43.4 42.6 42 42.5 42.4 42.2 42.1 42.2 41.9 41.7 42.3 42.1 43.3 45.2 46.4 47.4 47.3 47.3 46.9 45.7 44.4 42.7 40.9 38.9 36.3 33 27.5 21.9 18.2 15.2 12.5 11.2 9.5 4.6 1.9 2.2 3.3 1 0.2 -0.6 -1.2 -1.2 -1.2 -1.2 -1.2 -1.2 -1.2 -1.2
20 20.9 21.6 22.2 23 24.2 25.5 26.4 27.4 28.5 30 31.7 33.3 35 36.8 37.6 36.8 33.2 30.6 34 40 46.4 51.2 53.7 55.1 55.7 55.4 55.4 54.2 52.3 50.3 47.6 46.6 46 44.5 43.3 42.3 41.6 40.8 41.3 41.9 41.6 41.1 41 40.7 39 39.7 38.6 39.3 42.2 44.9 46.1 47 46.9 46.9 46.1 44.9 43.7 42.1 40.5 39 36.4 33.9 29.1 25.1 21.7 18.1 15.9 13 4.4 1.8 2.4 2.5 3.3 1.1 0.3 -0.6 -1.2 -1.2 -1.2 -1.2 -1.2 -1.2 -1.2 -1.2
20 21.6 22.1 22.6 23.2 24.5 25.5 26.5 27.6 29 30.6 32.2 33.9 35.6 36.5 36 33.9 30.1 27.4 31 38.1 45.2 49.2 50.8 52.9 55.4 55 54.1 52.9 50.9 47.9 43.9 43.2 44 42.7 41.4 40.4 39.8 39.9 40.5 41 40.5 40 39.5 37.9 36.9 36.3 34.8 36.6 41.1 44.4 45.8 46.6 46.8 46.1 44.9 43.9 42.9 41.4 39.8 38.1 36.2 33.8 31.7 28.7 25.3 22.3 16.2 8.2 1.5 2.1 2.9 2.7 3.3 1.2 0.4 -0.4 -1.2 -1.2 -1.2 -1.2 -1.2 -1.2 -1.2 -1.2
20.8 22.4 22.7 23.1 23.6 24.6 25.9 27.5 29 30.1 31.2 32.9 34.5 35.6 35.3 33.2 30.3 26.9 24.7 28.7 35.4 40.9 43.4 45.5 49.4 53.2 53.4 52.7 50.6 47.9 44.2 41.5 39.3 41.3 40.9 39.5 38.6 38.3 38.5 39.2 39.7 39.4 38.9 36.7 35 34.1 32.9 31.1 35.8 40 43 45.5 45.9 45.3 45 43.7 42.6 41.4 40.2 38.9 37.3 35.3 33.3 31.1 28.3 24.6 16.6 10.5 4.3 1.3 1.7 2.1 2.8 4.4 3.6 0.6 -0.3 -1.2 -1.2 -1.2 -1.2 -1.2 -1.2 -1.2 -1.2
21.4 22.6 23 23.5 23.9 25.5 27 28.6 29.5 31 32.2 32.9 34 34.1 33.1 31.6 29.8 25.5 22.4 26.4 30.7 35.4 37.2 40.6 45.1 50 50.4 50.7 48.8 45.1 40.5 36.9 36.1 36.8 37.3 37 36.5 36.5 36.9 37.9 38.4 38 36.9 33.7 32.2 31.8 29.2 30 34.7 37.5 41.1 43.4 44 43.6 43.4 42.1 41 39.8 38.4 37.1 35.2 33.4 31.2 27.8 23.3 17.4 11.7 6.2 2.1 1.3 1.3 1.3 2.3 3.6 4.5 0.8 0 -1.2 -1.2 -1.2 -1.2 -1.2 -1.2 -1.2 -1.2
21.5 20.6 23.2 23.7 24 25.9 27.8 28.5 29.1 30.1 31.6 32.4 32.9 32.3 31.9 31.4 29 24.7 20.7 22.5 26.4 29.8 32.7 37.7 42.2 46.6 47.3 47.5 47.2 44.5 40.3 34.6 32.6 32.7 32.2 32.4 32.9 33.7 34.2 35 36.1 35.8 34.6 32.1 29.3 29.1 27.2 26.7 31.1 35.6 39.3 41.4 42.1 42 41.3 40.1 39 37.7 36.4 35 33.4 31.3 27.9 24.7 17.8 13.3 8.3 2.5 1.3 1.3 1.4 2.1 2.4 2.5 3.3 1 0.2 -0.7 -1.2 -1.2 -1.2 -1.2 -1.2 -1.2 -1.2
22.1 22.6 23.5 23.8 24.4 26.2 27.4 28.2 28.8 29.3 30.4 30.9 31 30.7 29.8 29.2 27.1 23.3 19 18.7 22.3 24.7 30 34.9 39.4 43.4 44.1 44.3 43.9 42.7 39.5 35.7 31.7 29.2 27.4 27.3 27.3 28.4 29.8 33.1 34.1 33.1 31.8 30.1 26.4 25.3 23.8 25 30.6 35.1 37.9 39.7 39.8 39.7 38.8 38 36.9 35.5 34.2 33 31.3 28.9 23.9 17.8 13.3 9.1 4 1.3 1.3 1.3 1.4 1.5 2.1 3.3 5 1.1 0.4 -0.4 -1.2 -1.2 -1.2 -1.2 -1.2 -1.2 -1.2
23.1 24.1 24.5 24 24.5 25.7 26.9 27.8 28.2 28.5 28.3 28.8 28.8 28.1 27.2 26.4 24.1 21.9 18.2 15.5 17.8 21.6 26.9 32.1 36.5 41 41.9 41.7 41 40.1 37.2 33.5 29.9 27.1 25 24.3 23.4 24.2 27.8 30.4 31.6 30.4 29.1 27.6 23.8 21.3 19.8 23.9 29.7 33.7 36.2 37.2 37.6 37.1 36.2 35.4 34.9 33.3 31.9 30.7 29.2 25.4 19.4 13.1 8.4 3.5 1.1 1.1 1.3 1.9 2 1.6 1.7 3.4 5.5 1.3 0.5 -0.3 -1.2 -1.2 -1.2 -1.2 -1.2 -1.2 -1
23.4 23.7 21.4 24.5 25.2 25.6 26.5 26.9 27.1 26.6 25.5 25.8 25.7 25.5 24.6 23.1 20.9 18.7 16.5 13.7 14 18.1 23.4 28.8 33.7 38.4 39.7 38.8 38.5 37.9 34.6 30.7 27.7 24.9 23.1 22.1 20.6 22 25 27.9 29 28.1 26.7 24.3 21.2 18.6 18.1 23.1 28 32.3 33.2 34 34.8 34 33.5 32.9 32.4 31.4 29.7 29 26.8 22.2 16.8 10.2 3.9 1.2 0.6 0 0 2.1 2.3 2 2.4 3.1 4.5 3.3 0.8 0.1 -0.7 -1.2 -1.2 -1.2 -1.2 -0.8 -0.5
24.1 24.5 24.7 25.7 26 26 26 25.9 24.9 24.7 23.3 22.5 22 21.7 21 19.1 17 14.9 12.7 11.1 12.2 15.6 20.2 25.3 30.7 35.3 36.9 36.6 36.7 35.8 31.9 28.1 25 23 21.1 19.6 18.2 19.6 22.4 25.2 26.2 25.7 23.7 20.9 18.3 16.2 17.1 22.3 27.1 30.1 31.4 32.1 31.9 30 31.1 30.5 30 28.2 27.8 25.7 23.9 19.3 14 7.1 1.3 1.3 1.1 0.1 -0.9 -1.2 0.8 2.3 2.3 2.2 3.8 3.2 1 0.2 -0.6 -1.2 -1.2 -1 -0.7 -0.3 0
24.7 25.3 25.5 24.4 25.2 25.4 24.9 24.2 23 22 20.2 19.9 18.7 16.9 15.9 15.4 13.7 11.3 9.5 9.5 11.2 14.2 18.3 22.5 27.5 31.4 33.9 33.3 32.3 32.9 30 26.7 23.1 21.3 19.5 17.4 16.7 17.3 20 22.3 23.3 22.9 21 18.5 15.2 13.8 17.5 22.4 25.9 28.4 29.8 29.9 29.3 27.4 27.1 28.1 27.2 26.1 24.5 22.2 20.5 17.2 10.9 4.8 0.6 1.3 1.3 1.3 1.2 -1.2 -1.2 0.9 2.2 1.9 3.3 3.8 1.1 0.3 -0.6 -1.2 -1.2 -1.2 -0.2 0.2 0.5
25 25.6 25.3 22.4 24.1 24.7 23.7 21.4 19.9 18.8 17.3 16.2 14.7 13.2 12.5 11.2 9.8 8.4 7.7 8.2 10.3 13.4 16.4 19.9 24.1 27.9 30.2 29.8 28.2 29.5 29.1 26.5 23.1 19.9 17.6 15.3 14.3 15.4 17.4 19.2 19.7 19.3 17 14.8 12.1 13.6 17.6 21.3 24.3 26.5 26.4 26.3 26.4 24.8 23.6 25.1 24.7 23.7 22.3 20.4 18 15.8 8.3 1.3 0 0 1.1 1.3 1.3 -0.3 -1.2 0.8 2.5 2.2 2.1 2.9 2.9 0.6 -0.3 -1.2 -1.2 -0.2 0.8 0.7 1
25.3 25.3 24.7 24.1 23 22.8 20.1 19.4 17.5 15.5 14.4 13.3 11.1 9.8 8.8 7.2 7.1 6.7 6.8 7.5 10.1 12.4 13.9 16.7 20.4 24 25.6 25.6 24.3 24.8 25 23.7 21.5 18.2 15.7 13.5 12 13.4 14.6 15.4 15.8 15.5 14 11.8 10.3 13 16.7 20.2 22.2 23.8 24 24 23.8 22.5 20 22.2 21.9 20.9 19.3 18.2 15.8 13.8 7.2 0.6 -1.2 -0.2 1.3 1.3 1.3 -1.2 -1.2 -1.2 1.7 2 2 3.1 2.2 1 0.2 -1.2 -1.2 0.4 3.2 2.9 2.4
25.3 24.4 23.4 22.9 20.5 19 17.6 16.4 14.3 12.6 11.6 10.1 8.6 7.4 6.4 5.9 5.8 5.5 6 6.9 8.3 9.6 11.2 13.5 17.1 19.2 20.6 20.9 20 20 20.5 20.8 18.8 16.4 13.8 12.2 10.6 10.5 11.2 11.8 11.6 11.4 9.9 8.6 9.5 12.1 15.6 18.1 19.6 21.1 21.6 21.7 21 19.9 16.6 19 18.9 17.6 15.9 15.6 13.2 11 4.9 -0.1 -1.2 1.3 1.3 1.2 0.7 -1.2 -1.2 -1.2 -1.2 -1.2 1.9 2.6 2.9 1.3 0.2 -1.2 -1.2 1.5 3.1 2.7 3.3
25.1 24.2 23.1 21.1 19.5 18.1 15.4 13.5 11.2 9.9 9.2 8.2 7.1 6.1 5.5 5 4.6 4.4 5 5.6 6.5 7.8 9.2 11.6 13.1 14.7 16.1 17 16.5 16.6 16.9 17.1 15.5 13.9 12.5 11.1 9.5 8.9 9.6 9.1 8.8 8.7 7.6 6.6 7.5 10.6 13.5 15.6 17.1 18.5 18.3 18.6 18.1 17.1 13.7 15.1 15.7 14.1 13 10.4 8.7 8 2.6 -1.2 2.2 -0.1 -1.2 -1.2 -1.2 -1.2 -1.2 -1.2 -1.2 -1.2 -1.2 1.3 1.1 0.5 -0.4 -1.2 -1.2 0.8 4.5 3.1 3.2
25.9 24.4 22.4 21 19 18.2 15.4 13 10.6 8.4 7.4 6.7 5.8 5.2 4.6 4.1 3.8 3.4 3.7 4.1 4.7 6 7.3 8.3 9.8 11.3 12.4 13.5 13.1 13 13.1 13.2 12.1 11.5 11.1 9.9 8.5 7.3 7.1 6.9 6.6 6.6 5.5 4.9 6 8.5 10.7 12.6 13.9 15.1 14.6 14.9 14.5 14 11.3 10.2 11.8 10.2 6.4 3.9 3.1 4 3 -1.2 -1.2 -1.2 -1.2 -1.2 -1.2 -1.2 -1.2 -1.2 -1.2 -1.2 -1.2 -0.9 -0.5 -0.8 -1.2 -1.2 -1.2 -1.2 0.6 1.3 2.6
25.7 24.4 23.3 22.4 20.2 18.4 15.9 13.3 10.8 8.3 7.3 6.1 5.1 4.3 3.7 3.3 2.9 2.6 2.4 2.7 3.2 4.3 5.5 6.3 7 8.2 9.1 10.2 10.6 10.5 10.5 10.5 9.8 9.3 9.5 8.6 7 6.5 6.6 6.1 5.3 4.8 4.4 4 4 5.7 7.7 8.4 10.4 11.2 11.1 11.2 10.2 8.9 7.2 4.8 5.9 4.2 2.5 2 2.3 -1.2 -1.2 -1.2 -1.2 -1.2 -1.2 -1.2 -1.1 -1.2 -1.2 -1.2 -1.2 -1.2 -1.2 -1.2 -1.2 -1.2 -1.2 -1.2 -1.2 -1.2 -1.2 1.5 2.7
24.3 23.2 20.9 18.9 18.5 17.1 15.5 12.7 10.3 8.3 7 5.8 4.8 4 3.3 2.6 2.4 2.8 2.2 1.7 1.5 3 4.2 4.6 5.6 6.2 6.9 7.4 8 8.7 9.3 8 6.9 7.3 7.7 6.7 5.3 4.9 5.8 5.5 4.8 5 4 2.5 2.6 3.9 5 6.1 7 7.6 7.9 7.7 5.1 3 2.2 1.7 0.9 0 0.8 1.4 2.4 -1.2 -1.2 -1.2 -1.2 -1.2 -0.3 -0.2 -0.2 -1.2 -1.2 -1.2 -1.2 -1.2 -1.2 -1.2 -1.2 -1.2 -1.2 -1.2 -1.2 -1.2 -1.2 2.1 2.6
22.5 20.6 18.8 16.7 15 14.1 15.1 11.2 8.3 8.5 8.1 6.3 5.4 4.7 4 3.6 3.2 2.6 2.1 1.5 1.2 1.9 3.1 3.5 3.7 4.2 4.8 5.4 6.2 7.2 7.1 5.8 4.7 5.1 5.1 4.1 2.2 4.8 6 6.4 5.8 5.1 3.4 2 1.2 2.2 2.9 2.9 3.9 4.2 4.6 3.4 1.1 0 0 0 0 0 0 0.2 1 1.3 2 2.4 2 1.3 0.9 0.7 0.5 1.2 -1.2 -1.2 -1.2 -1.2 -1.2 -1.2 -1.2 -1.2 -1.2 -1.2 -1.2 -1.2 2.8 2.5 2.9
20.8 20.5 19.6 18.6 17.6 15.6 11.9 15.8 11.7 11.5 9.2 7.2 6 5.3 4.3 3.4 3 2.2 1.6 1.1 1.1 1.5 2 2.6 2.6 2.8 3.2 3.7 4.6 5.7 5.7 4.8 3.5 2.6 0.9 0.8 3.1 5.6 6.4 6.5 5.6 4.4 3.3 2.3 1.4 1.4 1.4 1.4 1.4 1.3 0.9 0 0 0 0 0 0 0 0.6 0.2 0.3 0.5 0.5 1.9 2.3 1 1.3 2.2 1.7 1.3 0.5 0 -0.2 -0.5 -1.2 -1.2 -1.2 -1.2 -1.2 -1.2 -1.2 -1.2 2.9 0.4 4.2
22.3 22.7 21.9 21 20 18.2 15.8 14.1 14.7 12.8 10.3 8.3 6.6 5.6 4.5 3.4 2.6 1.6 1.5 0.9 0.9 1 1.2 1.5 1.5 1.3 1.7 2.7 3.1 3.8 3.8 3.7 2.5 0.6 0.4 2.2 4 4.6 5.2 5.5 4.9 3.8 3 2.3 1.4 0.7 1 0 0 0 0 0 0 0 0 0 0 0 0.1 0.1 0.2 0.3 0.4 0.5 1.2 1 1.3 1 0.8 0.7 2 1 0.5 0.1 -0.1 -0.3 -0.2 -1.2 -1.2 -1.2 1.9 2.9 3.2 -0.6 5.8
27 25.3 22.8 22.9 22.3 21.1 19.7 17 15.8 14.7 11.5 9.2 6.7 5.5 4.7 2.8 1.7 1.4 0.8 0.8 0.9 0.7 0.8 0.8 0.8 0.8 0.7 1.8 1.8 1.9 1.8 1.7 1.5 0.4 0.5 2.2 3.2 3.8 3.9 4 4.2 3.3 2.7 2.2 0 0 0 0 0 0 0 0 0 0 0 0 0 0 0.1 0.2 0.3 0.4 0.6 0.8 0.9 1 0.9 0.8 0.7 0.5 0.1 2 1.2 0.8 0.6 0.7 0.7 0.8 1.3 1.4 1.2 0.6 -0.6 0.2 8.6
30.5 27.9 24.8 23.3 23.9 25.1 24.4 22.4 20 13.8 14.9 10 6.7 5.7 5.2 3.1 1.4 1.1 1.7 1.2 1.1 0.9 0.5 0.7 0.7 0.9 1.3 1.5 1.3 1.3 1.3 0.9 0.3 0.3 0.3 1.5 2.3 2.3 2.4 2.4 2.7 2.8 2 0 0 0 0 0 0 0 0 0 0 0 0 0 0.1 0.1 0.2 0.3 0.4 0.5 0.6 0.6 0.7 0.8 0.8 0.7 0.7 0.7 -0.1 1.2 1.8 1.5 1.3 1.3 1.3 1.3 1.3 3.7 4 -0.6 -0.6 3 11.8
34.3 30.5 26.4 24.4 26.5 29.7 29.9 27.5 23.9 19.7 14.1 11.8 8.4 8.4 6.1 3.9 2.7 4 1.7 1 0.7 0.7 2.4 0.5 0.4 0.4 0.3 0.7 0.8 0.9 0.5 0.8 0.5 0.4 0.4 0.8 0.7 0.8 0.8 1.1 1.1 1.5 0 0 0 0 0 0 0 0 0 0 0 0 0 0 0 0 0.1 0.1 0.2 0.3 0.4 0.5 0.6 0.7 0.7 0.6 0.6 0.2 -0.1 -0.1 0.9 1.7 1.3 1.3 1.3 2.3 4.3 2.5 -0.6 -0.1 1.9 5.2 14.3
39.5 34.2 28.7 27.4 31 35 35.3 31.6 27.3 21.7 17.3 12.8 9.1 8.2 5.7 5.2 4.6 2.6 2.4 0.4 0.3 0.8 0.6 0.4 0.4 0.4 0.4 0.5 0.8 0.5 0.5 0.7 0.4 0.4 0.4 0.3 0.7 0.8 0.9 0.9 0.9 0.9 0 0 0 0 0 0 0 0 0 0 0 0 0 0 0 0 0 0 0.1 0.2 0.2 0.3 0.4 0.5 0.6 0.6 0.5 0.3 -0.1 -0.1 -0.1 -0.1 -0.1 1.6 1.1 0.2 -0.6 -0.6 -0.1 0.7 2.5 8.1 14
43.3 37.4 32 30.8 35.1 40.7 42.4 35.1 28.7 23.1 18.3 14.3 9.4 8.2 6.8 4.9 5.1 1.4 1.4 1.1 0.5 1.2 0.9 0.2 0.4 0.4 0.4 0.4 0.4 0.2 0.3 2.1 1.7 0.1 0.2 0.1 0.7 0.7 0.7 0.7 0.3 0 0 0 0 0 0 0 0 0 0 0 0 0 0 0 0 0 0 0 0 0 0.1 0.2 0.3 0.3 0.4 0.5 0.4 0.4 -0.1 -0.1 -0.1 -0.1 -0.1 -0.6 -0.6 -0.6 -0.6 -0.3 0.6 1.7 4.1 9.7 15.4
46 42.1 37 34.4 39.7 46.6 43.3 38 30.8 23.9 18.7 14.4 10.9 7.7 6 4.7 4.3 0.2 2.3 2.7 3 2.8 1.1 0.5 0.6 0.4 0.4 0.4 0.4 0.2 0.3 1 0.3 0.1 0.1 0.1 0.7 0.7 0.5 0.3 0.2 0.1 0 0 0 0 0 0 0 0 0 0 0 0 0 0 0 0 0 0 0 0 -0.1 0 0.1 0.2 0.3 0.4 0.3 0.3 -0.1 -0.1 -0.1 -0.1 -0.5 -0.6 -0.6 -0.6 -0.4 0.2 0.9 2.4 6.5 11.5 17.5
