public/OST50/SZ69.asc
ncols 200
nrows 200
xllcorner 460000
yllcorner 90000
cellsize 50
[rows 152 to 189 of 200, columns 0 to 83 of 200]
2.1 3.1 6.9 12 15.4 17.4 16.3 13.7 11.6 7.5 6.1 6.6 5.2 2.6 1.4 1.4 1.3 1.3 1.2 1.1 1.1 1 1 1 1 1 1 1 1 0.9 0.8 0.6 0.4 0.2 -0.1 -0.3 -0.5 -0.8 -1 -1.4 -1.4 -1.4 -1.4 -1.4 -1.4 -1.4 -1.4 -1.4 -1.4 -1.4 -1.4 -1.4 -1.4 -1.4 -1.4 -1.4 -1.4 -1.4 -1.4 -1.4 -1.4 -1.4 -1.4 -1.4 -1.4 -1.4 -1.4 -1.4 -1.4 -1.4 -1.4 -1.4 -1.4 -1.4 -1.4 -1.4 -1.4 -1.4 -1.4 -1.4 -1.4 -1.4 -1.4 -1.4
3 4.3 8.7 13.6 17.1 19 19.7 16.1 11.8 9.1 8.8 9.1 9.3 7.3 4.9 2.2 1.6 1.4 1.3 1.3 1.2 1.2 1.2 1.2 1.2 1.2 1.2 1.2 1.2 1.1 1 0.9 0.7 0.4 0.2 0 -0.2 -0.5 -0.7 -0.9 -1 -1.4 -1.4 -1.4 -1.4 -1.4 -1.4 -1.4 -1.4 -1.4 -1.4 -1.4 -1.4 -1.4 -1.4 -1.4 -1.4 -1.4 -1.4 -1.4 -1.4 -1.4 -1.4 -1.4 -1.4 -1.4 -1.4 -1.4 -1.4 -1.4 -1.4 -1.4 -1.4 -1.4 -1.4 -1.4 -1.4 -1.4 -1.4 -1.4 -1.4 -1.4 -1.4 -1.4
3.9 7.9 11.6 15.4 18.3 21.5 21.9 21.5 17.1 13.4 12.9 14.1 14.7 11.5 8.7 7.3 4.7 2.4 1.8 1.4 1.4 1.4 1.4 1.3 1.4 1.4 1.4 1.7 1.5 1.4 1.3 1.1 0.9 0.7 0.5 0.3 0 -0.2 -0.4 -0.5 -0.7 -1 -1.4 -1.4 -1.4 -1.4 -1.4 -1.4 -1.4 -1.4 -1.4 -1.4 -1.4 -1.4 -1.4 -1.4 -1.4 -1.4 -1.4 -1.4 -1.4 -1.4 -1.4 -1.4 -1.4 -1.4 -1.4 -1.4 -1.4 -1.4 -1.4 -1.4 -1.4 -1.4 -1.4 -1.4 -1.4 -1.4 -1.4 -1.4 -1.4 -1.4 -1.4 -1.4
5.1 10.4 14.5 17.8 20.1 23.8 25 26 22.2 19.8 18.1 19.5 20.2 18.9 17.4 15.7 12.7 10.5 7.6 5 2.4 2.7 2.2 2.2 1.8 4.5 6.2 8.2 8.4 7.9 1.4 1.4 1.2 1 0.8 0.5 0.3 0.1 0 -0.1 -0.4 -0.7 -1 -1.4 -1.4 -1.4 -1.4 -1.4 -1.4 -1.4 -1.4 -1.4 -1.4 -1.4 -1.4 -1.4 -1.4 -1.4 -1.4 -1.4 -1.4 -1.4 -1.4 -1.4 -1.4 -1.4 -1.4 -1.4 -1.4 -1.4 -1.4 -1.4 -1.4 -1.4 -1.4 -1.4 -1.4 -1.4 -1.4 -1.4 -1.4 -1.4 -1.4 -1.4
8.2 14.1 18.7 20.8 21.8 25.8 29.3 29.3 27.1 25 23.6 23.8 23.8 23.6 24 23.9 23.1 19.8 14.6 11.1 9.6 8.4 8.4 6.7 6.3 6.3 7.3 5.2 6.7 6 5.6 2.3 1.9 1.3 1 0.8 0.6 0.5 0.3 0.2 0 -0.3 -0.6 -0.9 -1.4 -1.4 -1.4 -1.4 -1.4 -1.4 -1.4 -1.4 -1.4 -1.4 -1.4 -1.4 -1.4 -1.4 -1.4 -1.4 -1.4 -1.4 -1.4 -1.4 -1.4 -1.4 -1.4 -1.4 -1.4 -1.4 -1.4 -1.4 -1.4 -1.4 -1.4 -1.4 -1.4 -1.4 -1.4 -1.4 -1.4 -1.4 -1.4 -1.4
11.1 17.1 21.1 24 26.4 29.7 33 33.5 32.5 27.4 28.2 29.4 29 28.1 28.9 29.4 28.7 26.6 21.5 16 15.2 13.7 13.6 11.9 11.6 9.7 9.5 10.3 7.5 6.6 4.4 5.5 1.9 2.3 1.4 1.2 1 0.8 0.7 0.6 0.3 0 -0.3 -0.5 -0.8 -1.4 -1.4 -1.4 -1.4 -1.4 -1.4 -1.4 -1.4 -1.4 -1.4 -1.4 -1.4 -1.4 -1.4 -1.4 -1.4 -1.4 -1.4 -1.4 -1.4 -1.4 -1.4 -1.4 -1.4 -1.4 -1.4 -1.4 -1.4 -1.4 -1.4 -1.4 -1.4 -1.4 -1.4 -1.4 -1.4 -1.4 -1.4 -1.4
15.7 19.9 23 26.4 29.9 32.9 35.4 35.5 34.1 29.8 32.3 33.4 33.7 32.8 33.4 33.4 32.3 30.4 25.9 22.7 20.1 19.5 18 17.8 17.3 15.8 15 12.9 9.5 5.6 3.8 3.2 2.5 1.8 2.3 1.8 1.3 1.1 1.1 0.9 0.7 0.4 0.2 -0.1 -0.4 -0.6 -0.7 -1 -1.4 -1.4 -1.4 -1.4 -1.4 -1.4 -1.4 -1.4 -1.4 -1.4 -1.4 -1.4 -1.4 -1.4 -1.4 -1.4 -1.4 -1.4 -1.4 -1.4 -1.4 -1.4 -1.4 -1.4 -1.4 -1.4 -1.4 -1.4 -1.4 -1.4 -1.4 -1.4 -1.4 -1.4 -1.4 -1.4
19.6 22.1 25.1 29.2 33.4 36.7 38.3 37.6 36 33.3 35.9 36.3 35.9 36.6 36.7 36.6 35.3 33.3 30.7 29 28.3 26.1 25 24.2 23.1 22.3 20.3 17.8 11.3 6 3.4 2 1.4 1.2 1.3 2.1 2.3 2.4 1.5 1.3 1 0.8 0.6 0.3 0 -0.2 -0.2 -0.5 -0.9 -1.4 -1.4 -1.4 -1.4 -1.4 -1.4 -1.4 -1.4 -1.4 -1.4 -1.4 -1.4 -1.4 -1.4 -1.4 -1.4 -1.4 -1.4 -1.4 -1.4 -1.4 -1.4 -1.4 -1.4 -1.4 -1.4 -1.4 -1.4 -1.4 -1.4 -1.4 -1.4 -1.4 -1.4 -1.4
22.3 25 28 32.3 37.3 39.8 40.8 40.4 37 37.4 40 39.9 39 39.8 39.6 39.1 38.7 36 34.4 32.8 32.8 31.8 31 28.7 26.9 25.3 22.2 17.8 11.6 6.3 3.1 2.1 1.7 1.1 1.7 2.1 2.7 2.6 2.7 1.7 1.4 1.2 1 0.8 0.5 0.3 0.3 0.1 -0.4 -1.4 -1.4 -1.4 -1.4 -1.4 -1.4 -1.4 -1.4 -1.4 -1.4 -1.4 -1.4 -1.4 -1.4 -1.4 -1.4 -1.4 -1.4 -1.4 -1.4 -1.4 -1.4 -1.4 -1.4 -1.4 -1.4 -1.4 -1.4 -1.4 -1.4 -1.4 -1.4 -1.4 -1.4 -1.4
25.1 28.4 31.9 36 39.7 41.3 42 41.5 39 40.6 42.7 42.9 42.5 42.5 41.8 41.3 40.8 39.3 38.2 36.8 36.1 35.1 34 31.7 29.6 26.2 21.2 16 11.4 6.2 3.2 2.2 1.8 2.2 4.4 6.2 6.2 3.9 2.3 2 1.7 2 1.5 1.2 0.9 0.9 0.9 0.5 0.1 -0.3 -0.6 -0.9 -1.4 -1.4 -1.4 -1.4 -1.4 -1.4 -1.4 -1.4 -1.4 -1.4 -1.4 -1.4 -1.4 -1.4 -1.4 -1.4 -1.4 -1.4 -1.4 -1.4 -1.4 -1.4 -1.4 -1.4 -1.4 -1.4 -1.4 -1.4 -1.4 -1.4 -1.4 -1.4
27.9 32.4 36.2 38.6 41.2 43 42.9 42.8 42.4 42.5 44.2 44.8 44.3 44.2 43.6 42.8 42.1 41.7 40.4 39.1 38 36.7 33.2 32.1 28.3 24.2 19 13.2 9.9 6.3 3.4 2.8 2.3 5.2 8.3 10.6 9.9 6.3 3.9 2.9 2.3 2 1.6 1.6 1.4 1.4 1.4 1.1 0.7 0.4 0.1 -0.2 -0.5 -0.7 -1.4 -1.4 -1.4 -1.4 -1.4 -1.4 -1.4 -1.4 -1.4 -1.4 -1.4 -1.4 -1.4 -1.4 -1.4 -1.4 -1.4 -1.4 -1.4 -1.4 -1.4 -1.4 -1.4 -1.4 -1.4 -1.4 -1.4 -1.4 -1.4 -1.4
29.9 34.5 39.2 41.1 42.5 44.1 44.3 44.4 44.3 45.1 45.6 45.7 45.7 45.8 45 44.2 43.3 42.1 41.3 39.8 38.3 35.8 33.2 29.7 26.2 20.7 16.1 11.2 8.1 6.1 3.6 3.3 3.7 7 12.2 14.3 12.9 11.7 8.4 7.4 4.8 1.9 1.6 0.7 0.9 2.4 1.5 1.3 1.4 1.1 0.8 0.5 0.2 0.1 -0.2 -1.4 -1.4 -1.4 -1.4 -1.4 -1.4 -1.4 -1.4 -1.4 -1.4 -1.4 -1.4 -1.4 -1.4 -1.4 -1.4 -1.4 -1.4 -1.4 -1.4 -1.4 -1.4 -1.4 -1.4 -1.4 -1.4 -1.4 -1.4 -1.4
31.4 37 41 43.3 44.2 45.2 46.2 46.3 46.2 46.3 47.1 46.8 46.5 46.1 45.3 44.5 43.6 42.1 41.4 39.7 37.8 35.6 32.5 28.6 24.1 19.1 14.7 11.5 8.5 5.6 3.4 4.7 6.6 9.8 14.8 17.2 14.7 13.6 12.9 10.8 7 3.5 1.9 1.9 1 1.6 0.8 0.9 2 1.5 1.9 1.2 0.9 0.9 0.7 0.6 0.3 -1.4 -1.4 -1.4 -1.4 -1.4 -1.4 -1.4 -1.4 -1.4 -1.4 -1.4 -1.4 -1.4 -1.4 -1.4 -1.4 -1.4 -1.4 -1.4 -1.4 -1.4 -1.4 -1.4 -1.4 -1.4 -1.4 -1.4
34.4 38.9 42.8 44.8 45.8 46.7 47.3 47.4 47.3 46.9 47.4 47.1 46.8 46 45.2 44.3 43.3 42 41.1 39.2 37.3 34.8 32.3 29.1 24.7 20.7 17.4 14.7 7.5 4.6 5.7 8.6 10.6 13.1 17.2 19.3 19.8 17.6 16.9 13.3 9.6 5.1 2.2 1.3 0.8 1.6 1.5 0.8 1.1 2 1.6 1.4 1.9 2.3 2.5 3.7 4.2 2.4 -1.4 -1.4 -1.4 -1.4 -1.4 -1.4 -1.4 -1.4 -1.4 -1.4 -1.4 -1.4 -1.4 -1.4 -1.4 -1.4 -1.4 -1.4 -1.4 -1.4 -1.4 -1.4 -1.4 -1.4 -1.4 -1.4
39.8 42.6 44.5 46.1 47.2 47.8 48.3 48.4 47.9 47.5 47.6 47.2 46.9 46.1 45 43.9 42.7 41.1 39.5 38.3 36.6 33.5 31.5 28.3 23.8 18.6 15.6 10.9 6.1 4.8 10 13.6 15.6 16.9 19.3 21.3 21.7 20.2 17.9 13.4 8.8 5.3 2.2 0.9 0.7 0.7 1.4 0.9 0.7 1.9 1 1.7 2.7 3.6 4.6 5.8 6.5 5.4 4.6 -1.4 -1.4 -1.4 -1.4 -1.4 -1.4 -1.4 -1.4 -1.4 -1.4 -1.4 -1.4 -1.4 -1.4 -1.4 -1.4 -1.4 -1.4 -1.4 -1.4 -1.4 -1.4 -1.4 -1.4 -1.4
42.9 44.7 45.8 47.3 47.9 48.5 48.7 48.6 48.4 48.1 47.7 47.4 47 46.1 44 42.3 41.3 39.3 37.4 35.8 34 32.2 28.9 27.6 23.6 19.3 14.6 8.7 5.4 9.6 14.6 18.2 20 21.5 22 23.5 23 20.7 17.8 13.6 9.2 4.7 3.1 0.8 0.7 0.9 0.7 0.7 0.7 1.4 1.2 1.9 3.5 5.1 6.2 7.5 8.7 7.7 6.9 4 -1.4 -1.4 -1.4 -1.4 -1.4 -1.4 -1.4 -1.4 -1.4 -1.4 -1.4 -1.4 -1.4 -1.4 -1.4 -1.4 -1.4 -1.4 -1.4 -1.4 -1.4 -1.4 -1.4 -1.4
45.2 46.2 47.2 48 48.7 48.6 48.6 48.6 48.1 47.6 47.2 46.6 45.8 44.4 42.8 41.3 38.9 36.7 34.7 32.9 31.2 29.8 28 26.8 23 18.1 12.8 8 8.7 13.1 16.8 20.8 23.5 25.3 26.2 26.1 24.1 21.1 17.7 13.6 9.3 4.9 3.2 1.4 0.9 0.9 0.8 0.9 0.7 1.5 2.2 2.6 4 5.7 7.3 9.1 10.1 9.7 9.4 7.2 -1.4 -1.4 -1.4 -1.4 -1.4 -1.4 -1.4 -1.4 -1.4 -1.4 -1.4 -1.4 -1.4 -1.4 -1.4 -1.4 -1.4 -1.4 -1.4 -1.4 -1.4 -1.4 -1.4 -1.4
46.4 47.4 48 48.7 49.3 49.2 48.5 47.7 47.3 47 45.8 44.9 43.9 42.6 41.2 40.2 37.8 35.2 33.2 30.9 28.4 27 23.9 23.6 20.4 16.7 11.4 8.3 13.4 17.7 19.5 22.6 26.5 28.6 28.5 27.8 24.9 21.3 17.5 12.3 7.2 3.6 2.8 1.1 0.8 0.9 1.2 1.2 1.5 3.1 4.6 6.3 7.7 8.7 9.5 10.8 12.3 12.5 11.7 10.5 6.6 -1.4 -1.4 -1.4 -1.4 -1.4 -1.4 -1.4 -1.4 -1.4 -1.4 -1.4 -1.4 -1.4 -1.4 -1.4 -1.4 -1.4 -1.4 -1.4 -1.4 -1.4 -1.4 -1.4
47 48 48.6 49.3 49.2 49 47.7 46.9 46.4 45.9 43.6 42.5 41.6 40.1 38.5 37.4 35.1 33.8 31.6 29.3 27.1 23.8 22.4 20.4 17.2 15.6 10.3 11.6 16.1 20.2 24.7 27 29.2 31.1 30.1 28.3 25.2 21.7 17.7 13.2 9 5.5 2.2 2 1.5 0.9 1.4 1.8 2.6 5.6 9.5 11.1 13.1 13 13.6 15.4 16.4 16.9 15.6 13.9 10.2 0.5 -1.4 -1.4 -1.4 -1.4 -1.4 -1.4 -1.4 -1.4 -1.4 -1.4 -1.4 -1.4 -1.4 -1.4 -1.4 -1.4 -1.4 -1.4 -1.4 -1.4 -1.4 -1.4
47.2 48.4 49.1 49 48.9 48.8 47.5 46.2 45.4 43 40.8 39.4 38.3 36.7 35.4 34.1 32.6 31.4 30 27.7 25.5 22.6 19.3 17.3 13.8 10.3 13.6 16.8 20.6 23.4 27.6 30.2 31.8 32.5 30.8 28.5 25.4 21.8 18.2 14.6 10.8 6.9 3.4 2.2 1.8 1.3 1.4 2.1 2.7 7 11.5 15.5 17.6 17.4 20.3 22.7 24.1 21.9 20 16.3 9 1 -1.4 -1.4 -1.4 -1.4 -1.4 -1.4 -1.4 -1.4 -1.4 -1.4 -1.4 -1.4 -1.4 -1.4 -1.4 -1.4 -1.4 -1.4 -1.4 -1.4 -1.4 -1.4
47.3 48.4 48.9 48.8 48.6 48.5 47.4 45.9 43.7 40.6 38.1 36.4 34.9 33.3 32 31.3 30.1 28.9 27.7 26.2 23.9 21.1 19.1 14.7 11.5 14.7 19 21.3 24.6 27.5 30.2 32.8 33.7 32.7 30.9 28.3 24.6 21 17.4 13.7 9.9 6.7 3.3 2.2 1.3 0.8 1.5 1.7 2.4 5.9 10.3 14.3 15.5 17.6 22.4 26.2 28.1 25.3 21.1 15.5 10.1 1.2 -1.4 -1.4 -1.4 -1.4 -1.4 -1.4 -1.4 -1.4 -1.4 -1.4 -1.4 -1.4 -1.4 -1.4 -1.4 -1.4 -1.4 -1.4 -1.4 -1.4 -1.4 -1.4
46.8 47.9 48.6 48.8 48.8 48.4 47.1 45.3 42.9 40.1 36.6 33.8 31.5 29.9 29.2 28.7 27.6 26.4 25.2 24 22.6 20 18.1 13.9 15.6 19.4 22.8 25.4 27.9 31 34 35.1 34.5 32.6 31 28.1 24 20.2 16.7 12.8 9 5.4 2.6 1.4 1 1.1 1.5 1.9 2.2 4 6.9 10.1 12.6 16 21.5 25.5 27.8 24.5 18.9 14.2 9.7 1.3 -1.4 -1.4 -1.4 -1.4 -1.4 -1.4 -1.4 -1.4 -1.4 -1.4 -1.4 -1.4 -1.4 -1.4 -1.4 -1.4 -1.4 -1.4 -1.4 -1.4 -1.4 -1.4
46.2 47.4 48.1 48.5 48.7 48 46.7 44.8 42.6 39.8 36 32.9 30.8 28.4 26.7 26.2 25.1 23.9 22.9 21.9 20.3 19.3 16.9 13.1 18.2 21.6 24.2 27.4 30.6 33.9 35.9 36.1 34.5 32.9 30.9 27.6 23.3 19.5 15.7 11.9 8.2 4.3 2.4 1.6 2.4 4 6 4.8 3.2 4.9 7.7 11.5 14.9 18.7 22.7 27.9 28.5 23.5 18.9 16 10.3 3.8 -1.4 -1.4 -1.4 -1.4 -1.4 -1.4 -1.4 -1.4 -1.4 -1.4 -1.4 -1.4 -1.4 -1.4 -1.4 -1.4 -1.4 -1.4 -1.4 -1.4 -1.4 -1.4
45.3 46.8 47.5 48 48.1 47.5 46.3 44.1 41.9 38.8 36.6 34.2 31.4 28.6 26.2 24.1 22.8 21.7 20.7 19.5 17.9 17.1 14.7 15.8 17.8 21.7 25 28.8 33 36 36.9 36 34.3 31.5 28.3 26.8 22.7 18.6 15 11.4 7.8 3.6 2.3 2.2 3.8 9.3 11.5 9.1 6.8 8.1 11 15.6 21.4 26.2 28.7 32.6 33.4 29.4 26.1 22.4 12.6 4 -1.4 -1.4 -1.4 -1.4 -1.4 -1.4 -1.4 -1.4 -1.4 -1.4 -1.4 -1.4 -1.4 -1.4 -1.4 -1.4 -1.4 -1.4 -1.4 -1.4 -1.4 -1.4
43.9 45.4 46.5 47.1 47.5 47 46.3 44.6 42.1 40 37.8 34.5 31.6 28.8 26.4 25.2 23.7 21.6 19.2 18.8 19.2 19.9 20.5 19.9 19 22.1 25.4 29.8 34.3 36.7 37.4 36.3 33.6 30.7 27.1 23.7 20.4 15.7 14.8 11 7.2 3 2.6 5.3 8.1 13.5 16.3 15.2 12.9 11.9 13.6 19.3 26.1 31.9 35.4 37.8 37 34.6 31.4 28 15.7 8.5 2.9 -1.4 -1.4 -1.4 -1.4 -1.4 -1.4 -1.4 -1.4 -1.4 -1.4 -1.4 -1.4 -1.4 -1.4 -1.4 -1.4 -1.4 -1.4 -1.4 -1.4 -1.4
42.3 44 45.3 45.8 46.6 46.8 46.2 45.3 43 41.2 38.5 34.9 31.9 29.7 28.1 27.1 24.9 22.1 20.4 20.9 22.8 24.9 25.5 24.3 22.5 23.8 26.4 31.1 35.6 37.3 37.4 35.5 32.8 29.6 25.9 22.3 19.1 16 11.8 8.9 4.9 3.6 4.8 9.6 13.7 17.5 20.1 21.3 19.6 18.4 18.2 23 29.3 34.2 38.4 39.1 38.5 37 34.8 31.1 20.2 9.4 4.7 -1.4 -1.4 -1.4 -1.4 -1.4 -1.4 -1.4 -1.4 -1.4 -1.4 -1.4 -1.4 -1.4 -1.4 -1.4 -1.4 -1.4 -1.4 -1.4 -1.4 -1.4
40.7 42.6 44 44.9 46 46.4 46.1 45.3 44 41.7 39.2 35.5 32.3 30.9 30.6 29.4 27 24.6 22.8 22.4 25.6 29.1 30.5 28.5 26.4 25.3 28.4 33 36.9 38 37.2 34.6 32 28.2 24.5 20.9 17.7 14.6 10.2 7.1 4.4 2.9 9.2 14 18 21.1 24 25.8 25.8 25.1 23.8 26.8 31.6 37.6 39.4 39.4 38.4 37.4 35.7 32.6 27.6 13.4 6.9 -1.4 -1.4 -1.4 -1.4 -1.4 -1.4 -1.4 -1.4 -1.4 -1.4 -1.4 -1.4 -1.4 -1.4 -1.4 -1.4 -1.4 -1.4 -1.4 -1.4 -1.4
38.1 40.2 42.2 44.3 45.5 46 45.7 45.4 44.2 42.3 39.7 36.5 34.5 34.2 33.6 31.8 29.5 27.2 24.7 23.6 27.7 32.8 33.7 32.7 30.6 30.3 30.5 34.2 37.5 38.1 36.7 33.9 30.8 27 23.2 19.6 16.4 13.5 6.9 4.7 4 6.5 12.3 16.4 20.4 23.7 26.8 28.8 30 30.7 30.2 31.5 36.7 38.7 40 39.5 38.1 35.8 33 30.9 27 16 7.1 1.1 -1.4 -1.4 -1.4 -1.4 -1.4 -1.4 -1.4 -1.4 -1.4 -1.4 -1.4 -1.4 -1.4 -1.4 -1.4 -1.4 -1.4 -1.4 -1.4 -1.4
35.5 37.8 40.2 42.5 44.9 46 46.2 45.6 44.9 42.8 40.8 38.3 37.4 36.7 35.8 33.9 31.5 28.4 25.6 26 29.1 34.7 36.3 36.1 35.3 34.6 34.2 35.9 38.3 38.3 36 33.1 29.5 25.8 22 18.3 15.2 12.1 6.7 5.1 4.3 7.3 13.5 18.1 21.6 25.2 28.7 31.5 34.2 34.9 35.4 37.2 38.7 40.4 40.7 39.2 36.3 32.5 28.7 26.1 22.8 18.9 7.7 2.2 -1.4 -1.4 -1.4 -1.4 -1.4 -1.4 -1.4 -1.4 -1.4 -1.4 -1.4 -1.4 -1.4 -1.4 -1.4 -1.4 -1.4 -1.4 -1.4 -1.4
34.2 37.1 40.6 43 45 46.4 46.4 45.9 45.4 44.8 43.5 40 38.9 37 35.4 34.3 31.4 28.4 26.2 28.9 32 36.8 38.4 38.9 38.7 38.6 38.2 39.3 38.9 38.2 34.6 31.9 28 24.4 20.9 17.2 14.6 11.7 9.9 8.4 4.5 6.4 12.5 18.4 21.9 24.7 28.9 31.7 35.6 36.9 38.6 39.8 40.5 41.2 40.6 37.6 33.6 28.9 24.9 21.7 18.4 15.5 8.8 3.9 -1.4 -1.4 -1.4 -1.4 -1.4 -1.4 -1.4 -1.4 -1.4 -1.4 -1.4 -1.4 -1.4 -1.4 -1.4 -1.4 -1.4 -1.4 -1.4 -1.4
34.5 37.6 40.7 43.3 44.8 46.1 47 46.4 45.9 45.3 44.5 43.3 39.2 35.9 34 31.7 29.8 27.3 28.5 31.6 35.5 38.7 40.3 41 41.4 41.3 41 40.4 39.9 37.9 34.6 30.7 26.7 22.9 19.8 18.1 16.1 14.9 13.9 10.8 6.5 5.5 9.8 15.7 18.6 22.2 26 31.5 35.9 38.3 39.4 40.3 41 41.2 40.2 37.2 33.9 29.3 25 19.7 15.2 12.6 8.5 3 0.5 -1.4 -1.4 -1.4 -1.4 -1.4 -1.4 -1.4 -1.4 -1.4 -1.4 -1.4 -1.4 -1.4 -1.4 -1.4 -1.4 -1.4 -1.4 -1.4
34.6 36.3 39 42.1 44.1 46.2 47 47.4 46.9 45.9 45.4 44.3 40.2 35.8 33 30.5 28.9 27.5 30.7 34.1 38.5 40.5 42 42.4 42.6 42.8 42.6 41.9 41 38.5 35.1 30.8 26.4 22.6 19.9 18.2 16.7 15.7 14.5 13.5 10.4 5.7 6.9 11.6 17.6 23.3 27.7 30.8 36 38.6 40.4 40.8 41.2 41.1 39.7 37.2 34.4 29.8 25.3 20.6 14.4 10.7 10.3 7.1 2 -1.4 -1.4 -1.4 -1.4 -1.4 -1.4 -1.4 -1.4 -1.4 -1.4 -1.4 -1.4 -1.4 -1.4 -1.4 -1.4 -1.4 -1.4 -1.4
32.6 34.6 36.9 39.9 44 46.1 47.1 47.8 47 46.1 45.7 44.4 40.6 35.9 32.3 29.8 28.7 30.5 33.9 37.6 40 42.2 43.1 43.6 43.7 43.8 43.2 42.4 41.2 38.6 34.8 30.5 25.8 22.4 19.8 17.7 16 15.9 14.6 13.4 11.4 5.6 9.1 15.3 19.9 23.7 28.3 33.8 36.6 39 41.2 41.3 41.5 41 39.3 36.1 32.6 28.2 23.5 17.7 13.6 14.1 15.4 12.3 4.6 1.3 -1.4 -1.4 -1.4 -1.4 -1.4 -1.4 -1.4 -1.4 -1.4 -1.4 -1.4 -1.4 -1.4 -1.4 -1.4 -1.4 -1.4 -1.4
29.7 33.1 37.6 40.7 43.6 46 47.2 47.5 46.8 46.7 45.4 44.2 40.4 35.7 32.2 30.2 30.3 33.9 37.6 39.8 41.2 43.4 44.3 44.6 44.5 44.4 43.6 42.4 41 38.1 34.3 30.1 25.3 21.6 19.2 17.1 15 14.5 14.1 12.9 9.2 5.7 11.9 17.4 20.6 25.1 29.6 33.6 37.2 39.7 41.4 42 42.1 40.6 38.5 35.2 31.4 26.8 21.2 16.1 17.4 20.1 20.6 22.5 9.8 4.8 2.5 0.9 0.7 -1.4 -1.4 -1.4 -1.4 -1.4 -1.4 -1.4 -1.4 -1.4 -1.4 -1.4 -1.4 -1.4 -1.4 -1.4
29.4 32.9 36.8 40.8 43.4 45.7 47.2 47.8 47.5 46.8 45.9 44.1 39 35.2 33.4 31.8 33.3 37 40.3 42 43.3 44.7 45.4 45 44.2 44.3 43.3 41.7 39.8 37.3 33.9 29.7 25.8 21.8 19.1 16.7 14.3 13.5 12 13.2 6.5 7.6 14.6 18.2 20.9 24.1 27.8 33.4 37.6 40 41.5 42.2 41.7 40 37.3 33.9 30 26.3 20 16.8 22.1 26 27 28.1 18.5 15.6 12.9 8 1 -1.4 -1.4 -1.4 -1.4 -1.4 -1.4 -1.4 -1.4 -1.4 -1.4 -1.4 -1.4 -1.4 -1.4 -1.4
29.1 33.1 37.8 40.4 42.8 45.2 46.9 48.1 47.7 46.8 46 44.5 39.5 41.9 40.4 34.3 35.3 40 42.5 44.6 45.1 45.5 45.8 45.3 44.6 43.8 42.2 40.1 37.9 35.3 32.3 29.4 25.3 21.5 18.4 15.2 12.8 11.1 11.7 8.9 6.1 12.7 15.3 17 19.7 22.5 26.4 31.9 36.6 40.5 41.5 42.1 41.6 39.6 36.5 32.4 28.7 24.3 19.3 20.5 25.5 29.6 31.4 31.4 30.4 27.9 23.5 11.8 1.2 -1.4 -1.4 -1.4 -1.4 -1.4 -1.4 -1.4 -1.4 -1.4 -1.4 -1.4 -1.4 -1.4 -1.4 -1.4
29.5 34.1 36.9 39.9 42.3 44.7 46.6 48 48 47.3 46.6 43.6 44.2 45.7 44.5 43.3 39.2 42.9 44.4 45.2 45.6 45.9 45.3 44.5 43.5 42.4 40 38.4 35.7 32.5 29.8 26.7 23.2 19.8 16.4 13.6 10 7.9 7.5 8.3 7.5 11.6 14.3 15.8 18.2 21 25.3 31.1 35.8 39.1 40.8 41.6 40.9 38.2 35.1 30.9 26.7 22.8 21 24.8 28.8 32.4 34.6 34.3 31.5 28.3 22.5 16.5 1.9 -1.4 -1.4 -1.4 -1.4 -1.4 -1.4 -1.4 -1.4 -1.4 -1.4 -1.4 -1.4 -1.4 -1.4 -1.4
30.1 32.9 35.4 38.7 41.5 44.3 46.2 47.8 48.4 48.2 48 48 48.2 48.4 45.8 46.1 44.5 44.5 46 46.2 46.1 45.5 44.7 43.7 42.4 40.5 38.5 36.5 34.1 30.6 26.4 23.3 19.7 17.4 14 10.4 10 13.3 12.7 9.8 10.2 11.9 13.4 16 19.1 22.3 25.7 30.4 35.3 39.6 41.6 41.3 40.1 36.8 33.4 29.4 25.3 22.7 26.1 30.1 33.1 35.2 37.7 35.1 28.9 23 17.7 11.1 3.8 -1.4 -1.4 -1.4 -1.4 -1.4 -1.4 -1.4 -1.4 -1.4 -1.4 -1.4 -1.4 -1.4 -1.4 -1.4
