public/OST50/TQ00.asc
ncols 200
nrows 200
xllcorner 500000
yllcorner 100000
cellsize 50
[rows 41 to 81 of 200, columns 92 to 183 of 200]
47.9 46.4 44.9 41.7 36.5 35.8 39.6 39.4 37.9 35 32 31.6 39 50.8 62.1 67.8 69.2 70.9 72.3 73 73.9 74.8 75.4 75.5 75.6 75.6 75.7 72.2 70.2 73.4 76.7 78.7 80.4 81.5 82.2 82.4 82.5 81.4 79.8 76.4 73.6 73.5 77.5 82.1 85.4 86.5 87.2 87.5 86.8 86.9 88.5 90 90.8 91.3 91.4 91.3 91.4 91.7 92.1 92.4 92.7 93 93.7 94.4 95.1 95.6 96.1 96.5 96.7 96.7 95.9 93 88.6 74 61.6 52.4 47.4 43.1 43 46.6 51.2 52.5 52.4 50.4 50 51.7 54.7 57.7 59.5 61.1 61.3 61.4
41.3 40.5 39.6 38 31.7 33.4 35.8 33.7 31.1 28.8 32.2 40.3 50.1 62.4 65.5 67 68.6 70.1 70.9 71.5 72.4 73.3 73.9 74 74.2 74.2 73.5 69.7 69.9 72.8 76 77.3 78.6 79.9 80.2 80.4 80.6 79.5 78.1 74.6 70.6 72.1 77 81.4 83.6 84.8 85.4 84.6 83.7 83 84.4 86.8 88.1 88.7 88.7 88.7 88.8 89.1 89.5 89.9 90.2 90.9 91.6 92.3 93 93.8 94.6 95.5 95.8 96.5 95.5 93.1 90.5 79.2 66.9 55.6 48.5 44.6 41.8 44 47 48.6 47.9 47.7 49.4 52.2 54.8 56.6 56.9 58.1 58.2 58.2
33.2 33 33 32.3 26.5 28.1 27.7 26.2 27.6 35.2 44.1 52.9 63.2 65.4 65.3 66.7 68.1 68.9 69.4 70 70.9 71.4 72.1 72.2 72.4 72.2 70.9 67.5 69.2 72.8 74.7 76 77.4 77.9 78.1 78.4 78.6 77.9 76.2 72.2 67.2 71.5 76.7 79.9 82 83.1 83 81.3 80.1 79.5 81.4 83.8 85.3 86.1 86.1 86.2 85.9 86.5 86.9 87.3 87.9 88.6 89.3 90.1 91.2 92.3 93.1 94 94.8 95.5 94.5 93 90.5 84 72.4 60.2 50.6 45.4 41.8 41.6 43.4 45.1 45.8 46 49.6 52.7 54.3 54.8 55 55 55 55
24 24.4 24 23.6 23.1 24.3 28.1 33.4 40.3 48.3 56.6 62.9 64.1 64.8 65.1 66.4 67.3 67.4 67.8 68.6 69.1 69.5 69.9 70.4 70.6 70.2 68.5 64.7 67.9 71.3 73.4 74.7 75.8 76 76.1 76.3 76.5 76 74.3 69.7 66.4 71.5 75.4 78.3 80.5 81.5 80.4 78.6 76.8 76.2 78.7 81.4 82.9 83.7 83.3 83 82.9 83.6 84.4 84.9 85.5 86.4 87.4 88.4 89.4 90.6 91.7 92.6 93.5 94 93.4 92.8 90.6 87.9 78.9 66.6 55.2 47.7 43.3 41.2 41.1 42.5 43.5 44.1 48.2 50.6 52.1 52.3 52.1 52 51.8 51.8
19.8 22.8 25.8 28.7 32.3 37.6 42.2 49.1 56.2 58.7 59.8 61.5 63.3 64.2 64.9 65.6 65.8 65.9 66.2 66.9 67.3 67.7 68.1 68.5 68.6 68.2 66.4 62.4 66.5 69.8 72.1 73.4 73.9 74 74.2 74.3 74.5 74.1 72.4 68 64.3 70 73.8 76.3 77.8 78.2 77.4 76 73.5 74.3 76.7 78.9 80.4 80.7 80.1 79.8 79.9 80.7 81.5 82.3 83.2 84.5 85.6 86.6 87.7 88.8 90 91.1 92 92.5 92.3 92.1 91.2 89.6 86.1 75.8 64 53 46.6 42.1 41.3 40.8 41.2 42.4 44.5 46.4 48.3 49.2 49 49 48.7 48.6
34.5 38 43.2 47.9 50.5 54.2 56.2 57.2 58.1 58.3 58.6 60.2 61.9 63 63.7 64.1 64.3 64.3 64.7 65.2 65.5 66 66.4 66.9 67.1 66.6 64.5 60.7 65.1 68.3 70.5 71.8 71.9 72.1 72.3 72.4 72.4 72.1 70.7 66.6 63 68 71.8 73.3 74.1 74.5 73.9 72.7 70.1 71 74.9 76.5 77.5 77.8 76.5 75.9 76.4 77.4 78.2 79.5 81.9 82.7 83.9 85.4 86.4 87.5 88.7 89.7 90.5 90.9 91.4 91.4 90.8 90.4 89.3 85 74.1 61.8 52.6 47.6 44.5 41.9 39.5 39.6 40.8 42.6 44.2 45.5 46 46.2 45.7 45.4
47.3 53.3 54.7 55.9 56.4 57.4 57.3 57.3 56.5 57.2 57.9 59 60.6 61.5 62.1 62.4 62.6 62.8 63.1 63.5 64 64.4 64.9 65.3 65.4 65.2 63 58.3 63.8 66.9 68.8 69.9 70.4 70.4 70.4 70.3 70.2 70.1 68.9 65.5 61.2 65.4 68.7 70 70.6 70.4 70.1 69.1 66.1 69.5 72.4 73.8 73.6 73.1 71.9 71.9 73.4 76.3 77.3 78.7 80.4 82 82.9 84.5 85.4 86.4 87.3 88.1 88.6 89.1 89.6 90 90.4 90.8 90.4 88.2 81.7 74.8 64.1 55.4 49.3 43.8 40.7 39.4 39.5 40.8 41.5 42.7 43.2 43.8 43.1 42.6
54.3 55.3 55.6 56 56.5 56.4 56.3 55.8 55.1 56 56.9 57.7 59 59.7 60.2 60.8 61 61.3 61.6 62 62.4 62.9 63.3 63.6 63.7 63.4 62 56.9 61.7 65.2 67.2 68 68.7 68.8 68.5 68.3 68.1 68 67.2 64.1 58.3 62 65.2 66.5 66.9 66.4 66.1 64.9 63.4 66 68.5 68.4 68.4 69.1 71.9 74.4 76.5 77.8 78.7 80 80.9 81.5 82.4 83.5 84.3 85 85.8 86.3 86.8 87.2 87.7 88.2 88.6 89.1 89.9 89.9 87.9 84.1 78.4 67.3 59 52.2 46.2 42.4 38.9 38.7 39 39.8 40.6 41.3 40.6 40
53.3 53.7 53.8 54 54.1 53.9 53.6 53.3 53.5 54.4 55.3 56.2 57.2 57.8 58.3 58.8 59.6 59.9 60.2 60.6 60.9 61.4 61.8 62 61.9 61.7 59.9 55.7 60 63.6 65.6 66.5 67.1 67 66.7 66.4 66.2 66.1 65.7 62.7 57.1 58.2 61.5 63.3 62.8 61.3 60.4 59.8 60 61.4 63.8 65.7 68.8 72.5 73.9 75.9 76.7 78 79.1 79.8 80.3 80.9 81.8 82.4 83.1 83.6 84.1 84.5 85 85.5 85.8 86.2 86.6 87.2 88.1 89.3 89.2 89.2 85.9 79.8 72.5 64.4 59.9 54.5 48.2 42.6 38.7 37.9 38.2 38.9 38.8 37.7
51 50.9 50.9 51.2 51.6 51.4 51.1 50.8 51.5 52.4 53.4 54.5 55.5 55.9 56.4 57 57.7 58.5 58.8 59.2 59.5 59.9 60.2 60.6 60.9 60.7 58.2 54.3 57.4 61.9 63.9 64.7 65.2 65.2 64.9 64.8 65 65.2 64 61.6 56.3 54.4 58.2 58.3 56.9 55.1 56.8 58.7 61.7 65 67.9 70.1 73 74.1 75 75.7 76.4 76.9 77.4 78.4 79.3 80.2 80.6 80.9 81.4 81.8 82.1 82.5 82.8 83.1 83.4 83.8 84.3 85.2 86.2 87.3 88.7 89.9 89.7 87.1 84.9 81.4 75.8 68.6 59.3 49.2 42.6 37.7 36.5 36.5 37.2 36.7
48 48.2 48.2 48.4 49 48.9 48.9 49.1 49.5 50.5 51.6 52.7 53.7 54.1 54.5 55.3 56.3 56.9 57.1 57.5 57.8 58.3 59.1 60.2 61.1 59.3 56.7 53.3 54.7 59.9 61.5 62.3 63.1 63.4 63.3 63.5 63.9 64.4 63.3 60.5 55.5 52.4 53.2 53 53.1 55.3 60.3 64.2 67.9 70.5 72.1 72.7 73 73.3 74 74.4 74.7 75.1 75.7 76.7 77.5 78 78.4 78.7 79.1 79.5 79.7 80.1 80.4 80.7 81.1 81.4 82.4 83.3 84.4 85.7 87 88.3 89.1 89.1 89.1 86.2 81.9 73.9 63.1 53.3 46.5 41.9 37.7 36 35.7 37.6
45.5 45.6 45.9 46.3 46.6 46.8 46.9 47.1 47.6 48.5 49.8 50.9 52 52.6 53.4 54.1 55.1 55.3 55.5 55.8 56.3 57.1 57.9 59 59.4 57.7 55 51.5 53.6 58.7 60.5 61 61.5 62.1 62.6 63.4 63.7 63.1 61.5 59.1 55.1 51.2 50.4 50.8 54.9 60.6 66.2 68.4 69.6 70.8 71.9 71.9 71.9 72 72.4 72.7 73.1 73.4 74 74.8 75.3 75.7 76.1 76.5 76.7 77.1 77.4 77.7 78 78.3 78.7 79.5 80.5 81.6 82.8 84.1 85.4 86.6 87.3 88.6 89.4 88.3 83.8 75.1 63 52.5 48.3 43.6 39.7 36.6 35.3 38.5
43.5 43.6 43.8 44.1 44.4 44.6 44.7 44.9 45.8 46.7 47.5 48.4 49.7 51.2 52.1 52.9 53.4 53.7 53.9 54.2 55 55.8 56.6 57.7 57.2 55.6 53 49.5 52.7 57 59 59.9 60.5 61.5 62.5 63.3 63.1 61.7 59.4 56.8 52.3 49.4 49.3 53 59.7 64.7 67.3 68.2 68.5 69.8 70.1 70.1 69.9 70.1 70.5 70.9 71.3 71.7 72.1 72.5 73 73.4 73.8 74.2 74 74.7 75 75.3 75.6 75.9 76.7 77.6 78.8 80 81.3 82.5 83.8 84.7 86.1 87.5 88.8 88.2 84.4 76 63.3 52.6 48.1 44 40.4 36.9 35.2 38.8
41.5 41.7 41.9 42.1 42.3 42.5 43 43.6 43.8 44.7 45.6 46.6 48 49.3 50.4 51.2 51.5 52.4 52.9 53.1 53.9 54.6 55.3 56.1 55.2 53.7 49.3 48.6 53.3 56.2 58.2 59.1 59.9 61.1 62.2 62.1 61.6 59.9 56.5 53.2 48.8 47.3 51.4 58 63.1 65.2 65.9 66.7 67.4 68 68.3 68.2 68.1 68.1 68.6 69 69.4 69.8 70.1 70.3 70.7 71.2 71.6 71.6 71.2 71.8 72.6 72.9 73.2 73.8 74.9 76.1 77.3 78.5 79.7 81 82.2 83.6 84.9 86.2 87.6 87.5 84.1 77.1 64.9 54.3 47.4 43.1 39.4 36.2 35.3 38.6
39.6 39.8 40 40.2 40.4 41.1 41.7 42.2 42.5 42.8 43.6 45 46.2 47.5 48.7 49.4 50.2 51.1 51.9 52.3 53.1 53.8 54.2 54.3 53.1 50.8 47.5 50 54.5 56.6 58 59.2 59.6 60.5 60.9 60.6 60.1 58.3 54.6 49.4 47 47.7 54.3 59.8 63.3 63.7 64.3 65 65.5 66 66.4 66.4 66.3 66.2 66.7 67.1 67.5 67.9 68.2 68.2 68.5 68.9 69.2 68.9 68.5 69.1 69.8 70.5 71 72.1 73.4 74.6 75.8 77 78.2 79.4 80.7 82 83.3 84.6 85.9 86.4 84 78.2 67.6 56 47.3 42.1 38.4 35.4 35.5 39.1
37.7 37.9 38.2 38.4 38.6 39.4 40.2 40.8 41 41.1 42 43.3 44.6 46 47.2 48 48.8 49.6 50.5 51.5 52.2 52.9 52.9 52.3 50.6 47.5 48.2 52.2 56.1 57.5 58.1 58.8 59 59.2 59.5 59.3 58.7 56.7 52.7 47.1 45.4 50.1 56 60.2 62.2 62.4 62.5 62.9 63.4 63.9 64.4 64.5 64.4 64.3 64.7 65.2 65.6 66 66.1 66.2 66.4 66.6 66.5 66.1 65.7 66.4 67.3 68.1 69.4 70.7 71.9 73.1 74.3 75.5 76.7 77.9 79.1 80.4 81.7 83 84.2 84.6 82.9 78.8 70.9 59.1 48.3 42.4 38.1 34.6 35.9 39.3
35.8 36.1 36.5 36.6 36.8 37.6 38.7 39 39.1 39.5 41 42.2 43.5 44.9 45.6 46.4 47.2 48.5 49.8 51.2 51.3 51.5 51 49.9 47.4 44.5 50.9 54.1 55.9 56.9 57 57.2 57.2 57.2 57.8 57.7 57.3 54.3 50 44.6 44.6 51.7 56.8 59.4 60.1 60.6 60.6 60.9 61.4 61.9 62.3 62.6 62.5 62.4 62.8 63.2 63.7 64.1 64.1 63.9 63.6 63.9 63.5 63.1 63.1 64.2 65.4 66.6 68 69.2 70.4 71.6 72.8 74 75.1 76.3 77.6 78.7 79.7 80.7 81.7 81.6 80.5 78.4 72.1 62.4 52.1 41.7 36 34.3 36 39.2
34.1 34.5 35 34.8 35 36.1 36.9 37.2 37.5 38.3 40 41.2 42.4 43.6 44.1 44.9 46.4 47.8 49.1 49.9 50.2 49.9 49.3 48 45.3 46.5 51.9 53.9 54.6 55.3 55.2 55.1 55.2 55.3 55.9 56.5 56.2 54.3 48.8 43 44.1 51.5 55.6 57.7 58.3 58.8 58.8 58.9 59.4 59.8 60.2 60.6 60.6 60.4 60.8 61.3 61.8 62.1 62.2 61.9 61.4 60.5 60.1 60.6 61.7 63.1 64.2 65.3 66.4 67.7 68.9 70.1 71.2 72.4 73.6 74.8 75.6 76.3 77.2 78.2 79.1 78.6 79.1 77.7 72.5 65.6 56.1 44 36 33.4 35.6 38.7
32.3 32.9 33.3 33 33.3 34.1 34.9 35.5 35.9 37.2 38.8 40.4 41.4 42 42.5 43.8 45.2 46.6 47.7 48.4 48.8 48.3 47.6 46 43 47.1 51 52.6 53.3 53.1 52.9 52.7 53 53.6 54.7 55.7 55.2 53.3 47.5 41.9 42.8 50 54.2 56.1 56.7 56.7 56.8 56.9 57.4 57.8 58.2 58.6 58.7 58.5 59 59.4 59.9 60.1 60.2 59.3 57.9 56.8 57.4 58.9 60.3 61.8 62.9 64 65 66 67.2 68.4 69.7 70.9 72.1 73.3 74 74.7 75.3 76 76.6 77.3 77.9 76.2 72.8 67.4 58.9 47 36.3 33.7 34.8 37.6
30.5 31.2 31.4 31.5 31.6 32.3 32.8 33.4 34.5 36.1 37.6 38.9 39.8 40.3 41 42.3 43.7 45.1 46.1 46.7 47.2 47.3 46.2 43.7 40.1 45.8 49.1 50.9 51.3 51 50.8 50.9 51.6 52.3 53.6 54.2 53.9 52.6 47.1 40.9 40.8 47.9 52.6 54.3 54.7 54.5 54.6 55 55.6 56 56.5 56.9 56.9 56.6 57.1 57.5 58 58.2 58 57.1 54.9 52.3 55.1 57.4 59.2 60.3 61.2 62.3 63.4 64 65 66.2 67.4 68.6 69.9 71.1 71.8 72.4 73 73.5 73.9 74.6 74.9 74.1 70.7 67.2 60.2 49.3 38.4 33.6 33.6 36.4
28.7 29.4 29.5 29.6 29.7 30.2 30.7 31.4 33.2 34.8 36.3 37.5 38.1 38.5 39.6 40.8 42.2 43.6 44.5 45 45.6 44.9 44.4 42.1 38.5 43.2 47.3 48.9 49.2 48.9 48.7 49.3 50.2 50.9 52.1 52.2 52.1 50.6 45.7 41.4 40.4 45.9 51 52.4 52.5 52.3 52.6 53 53.5 54.3 54.7 55 54.9 54.7 55.2 55.3 56.5 57 56.7 55.9 53.2 51.6 54 56.6 57.7 58.7 59.6 60.6 61.5 62.1 62.8 64 65.2 66.4 67.7 68.8 69.3 69.9 70.4 70.8 71.2 71.8 72.1 71.8 68.9 65.9 60.3 53.2 42 34.9 32.5 34.7
26.8 27.4 27.8 27.4 27.9 28.4 28.9 30.1 31.8 33.5 34.8 35.8 36.3 36.9 38.2 39.4 40.7 42.1 42.8 43.4 43.8 43.1 42.5 40.4 37.5 40.7 45.3 46.7 47.2 46.9 46.9 47.7 48.5 49.4 50.4 50.4 50.1 48.4 45 40.1 39.8 45.1 48.7 50.3 50.2 50 50.6 51 51.5 52.2 52.9 52.9 52.8 52.6 52.3 53.6 55.2 55.9 55.5 54.6 51.1 51.6 54 55.3 56.3 57.2 58.2 58.9 59.4 60 60.7 61.8 62.9 64 65.2 66.3 66.9 67.4 67.8 68.2 68.6 69.1 69.2 69.2 66.8 63.3 59.4 54.1 44.9 35.9 32.1 32.3
24.9 25.5 25.9 25.7 26 26.5 27.6 29.3 30.6 31.6 32.7 33.9 34.6 35.5 36.8 38.1 39.3 40.6 41.2 41.8 42.1 41.4 40.6 38.9 36.8 38.8 42.6 44.3 44.7 44.4 44.4 45.1 46.1 47.3 47.9 48.1 47.7 45.7 42.9 38.5 39.3 45.6 47.4 48 47.7 47.5 47.8 48.7 49.5 50.1 50.9 51.5 51.3 50.5 50.6 52.3 53.9 54.8 54.5 52.5 48.4 51.5 53.2 54.3 54.9 55.7 56.1 56.6 57.1 57.6 58.7 59.5 60.7 61.7 62.7 63.8 64.3 64.7 65.1 65.5 65.9 66.3 66.5 66.4 64.2 61.4 57.2 53.2 47.2 39.1 33.2 31.1
23.1 23.6 24.1 24 24.4 25.1 26.6 27.6 28.7 29.7 30.7 31.9 32.9 34.1 35.3 36.6 37.9 39.2 39.6 40.3 40.4 39.7 39 37.5 36 36.3 39.6 41.5 42.2 41.9 42 42.7 43.8 44.7 45.4 45.5 45.4 43.3 39.8 36.5 39.3 45 45.7 45.9 45.4 45.1 45.1 46 47.3 48.3 49.1 49.6 49.2 48.6 49.2 50.9 52.5 53.6 52.6 50.1 46.5 49.7 51.4 52.5 52.8 53.2 53.7 54.1 54.6 55.7 56.9 57.6 58.5 59.5 60.4 61 61.4 61.8 62.2 62.6 63 63.4 64 63.7 61.7 59.6 55.7 51.8 46.4 40.8 35.7 31.1
21.2 21.9 22.3 22.3 22.8 23.8 24.8 25.8 26.8 27.8 28.8 29.9 31.3 32.6 33.9 35.3 36.6 37.9 38.3 38.5 38.6 38.2 37.6 36.3 34.8 34.8 36.9 38.6 39.6 39.4 39.6 40.5 41.4 42.4 42.9 43 42.6 40.4 36.6 34.4 39.8 43.2 44.2 43.8 43.3 42.8 42.9 44 45.7 46.6 47.1 47.7 47.4 46.6 47.8 49.4 51 51.2 50.3 47.7 44.7 47.5 49 50.3 50.4 50.7 51.1 51.5 52.2 53.6 55 55.7 56.2 56.8 57.4 58.1 58.3 58.6 59 59.5 59.9 60.4 61.1 60.7 59 57.3 53.7 49.9 45.6 41.2 37.1 32.2
19.7 20.1 20.4 20.4 21.8 23.1 23.9 24.6 25.5 26.4 27.4 29.2 30.8 32.1 33.2 34.3 35.4 36.6 36.5 36.5 36.5 36.4 35.8 34.6 33.3 33.5 34.3 35.7 36.9 36.9 37.2 38.2 39.1 40 40.4 40.4 39.5 36.6 32.9 35.6 39.3 42.1 42.9 42.1 41.1 40.6 41.3 42.6 43.8 44.7 45.2 45.7 45.5 45.2 46.4 47.9 49.5 49.5 49.2 46.9 43 43.8 45.9 47.4 48 48.2 48.5 48.9 50.1 51.4 52.8 53.2 53.4 53.9 54.5 55.1 55.6 55.5 55.9 56.3 56.7 57.4 58.1 58.1 56.6 55 51.6 47.9 43.5 39.9 36.4 32.5
18.3 18.6 18.8 19.4 20.9 22.1 23.1 23.9 24.6 25.4 26.5 28.3 30.3 31.6 32.7 33.8 34.6 34.8 34.6 34.5 34.5 34.6 34 32.8 31.9 31.6 32.3 32.9 34.2 34.3 35 35.9 36.8 37.6 37.8 37.6 36.4 33.6 33.9 36.6 39.4 41.3 41.6 40.5 39.2 38.8 39.8 41 42.1 42.7 43.3 43.8 43.8 43.6 44.5 46 47.5 48.5 48 46.3 43 40.6 41 44.1 44.9 45.7 46.1 46.5 47.7 49.1 50.3 50.5 50.7 51.1 51.6 52.2 52.8 52.6 52.8 53.2 53.7 54.4 55.1 55.6 54.3 52.3 50.1 46 42 38.5 34.9 31.5
17.2 17.4 17.7 18.6 19.4 20 21.7 22.9 23.7 25.1 26.8 28.5 30 31 32 32.6 33.1 33 32.9 32.7 32.6 32.5 32.3 31.1 30.7 30.3 30.4 31.1 31.7 32.3 33 33.9 34.8 35.3 35.6 34.7 32.8 32.1 34.5 37.2 39.5 40.7 40.2 38.8 37.4 36.9 38 39.1 40 40.5 41.1 41.7 41.9 41.9 41.9 43.5 45.2 45.8 46.4 45.5 42.2 39.2 39.1 41 42.2 43.4 44.2 44.9 45.8 47 47.4 47.7 47.9 48.4 48.8 49.3 49.9 49.8 49.6 50.1 50.7 51.3 52 52.5 52.1 50.8 48.9 44.5 40.1 36.2 33 30.5
16.5 16.7 17.2 18.3 19.3 20.3 21.4 22.5 23.8 25.5 27.1 28.7 29.4 30.2 30.6 31.1 31.5 31.2 31.2 31 30.9 30.7 30.5 29.9 29.4 29 29 29.3 29.8 30.3 31 32 33.1 33.5 33.5 32.4 30.3 32.6 35.2 37.7 39.3 40 39 37.5 35.5 35.1 36.2 37.3 37.8 38.4 38.9 39.1 39.3 39.6 40 40.9 42.3 43.3 44.3 43.7 41.2 38.9 37.9 38.5 40.4 41.2 42 42.9 43.7 44 44.4 44.8 45.2 45.6 46.1 46.5 47 47.1 46.8 47.1 47.7 48.4 49 49.5 49.5 48.6 46.9 43 38.4 34.3 31.5 29.7
15.9 17 18.1 19.2 20.2 21.2 22.3 23.3 24.6 25.9 27.3 28.1 28.4 28.7 29.1 29.6 30 29.5 29.4 29.3 29.1 29 28.8 28.5 28.1 27.7 28 28.2 28.4 28.9 29.5 30.4 31.3 31.6 31.4 30 30.8 32.8 35.4 37 38.9 38.6 37.5 35.5 33.5 33.5 34.5 35.3 35.7 36.2 36.3 36.5 36.7 37 37.4 38 39.3 40.4 41.5 41.4 40.2 37.9 35.7 36.9 38.8 39 39.8 40.6 41.1 41.4 41.8 42.2 42.5 42.9 43.3 43.8 44.2 44.5 44.3 44.1 44.8 45.5 46 46.8 46.7 46.2 44.6 40.9 35.7 31.1 29.1 29.6
16.6 17.7 18.7 19.8 21.1 22.1 23.1 24.2 24.9 25.3 25.9 26.4 26.7 27.3 27.6 28 28.3 27.7 27.6 27.5 27.4 27.2 27.1 26.9 26.6 26.6 26.8 26.9 27.1 27.7 28.3 29 29.6 30 29.5 29 31.4 33.1 34.9 35.5 36.9 36.6 35 33.2 31.3 31.8 32.7 33.1 33.5 33.6 33.7 33.9 34.2 34.4 34.8 35.4 36.6 37.7 38.5 38.9 38.1 36.5 34.6 34.7 36.5 37 37.4 38.2 38.6 38.9 39.2 39.6 39.9 40.2 40.6 41 41.8 42.1 41.9 41.6 41.9 42.6 43.4 44.1 44.1 43.6 42.1 38.1 32.8 28.9 28.8 30
16.1 17.3 18.4 19.6 20.9 22.2 23.1 23.4 23.4 23.4 23.4 23.8 23.8 24.1 25.1 26.2 26.5 25.9 25.8 25.8 25.6 25.5 25.2 25 25 25.4 25.6 25.7 25.9 26.5 27.1 27.9 28.4 28.8 29 28.8 31 32.6 33.3 34 34.3 33.6 31.8 29.9 29.8 30 30.5 30.9 31.3 31.2 31.1 31.4 31.6 31.8 32.4 33.2 34.4 35.6 36.3 36.4 36.1 35.2 33.7 33.2 34.7 35.1 35.4 35.7 36.1 36.4 36.6 37 37.3 37.7 37.9 38.3 39.5 40.2 40.3 39.4 39 39.7 40.7 41.4 41.5 41 39.1 35.3 31.7 28 28 31
15.6 16.7 17.9 18.4 19.6 20.9 21.1 21.5 21.5 21.5 21.5 21.7 22 22.5 23.4 24.6 25 24.8 23.9 23.3 23.4 23.5 23.4 23.2 23.8 24.3 24.4 24.6 25.2 25.8 26.3 27 27.3 27.5 27.9 28 29.1 30.5 31 31.5 31.7 30.6 28.7 28 28.1 28.2 28.6 29 29.3 29.3 29 29.1 29.3 29.6 30.3 31.4 32.4 33.5 34.2 34.5 34.2 33.8 32.8 31.7 32.6 33.1 33.4 33.6 34 34.2 34.5 34.5 34.8 35.3 36.3 36.6 38.6 40.2 39.4 37.4 36.9 36.9 37.8 38.7 38.8 38 36.4 33.7 30.5 26.8 27.1 33.7
15 16.2 16.7 17 18.3 18.6 18.8 19.6 19.6 19.6 19.8 20 20.3 20.9 22.5 23.6 24.2 24.1 23.1 22 21.5 21.6 21.7 22.1 22.7 23.1 23.3 23.7 24.5 25.1 25.5 26.1 26.4 26.5 26.7 27.2 27.2 28.4 28.9 29.1 28.9 27.7 26.7 26.2 26.2 26.3 26.7 27 27.2 27.4 27.1 26.9 27.1 27.5 28.7 29.7 30.7 31.6 32.3 32.7 32.5 32.1 31.1 30.5 30.4 31.1 31.3 31.6 32.2 32.3 32.5 33.6 34.5 35.7 37 39.3 40.3 41.2 39.5 36.8 35.1 34.6 34.8 36.2 36.3 35.6 34.4 31.3 28.3 26 28.2 34.4
14.5 14.9 15.3 15.7 16.2 16.5 16.9 17.3 17.7 17.8 18.1 18.4 19.2 20.1 22.8 24.1 24.5 24.2 22.7 21 20.2 20.2 20.7 21.1 21.5 22 22.2 23 23.8 24.3 24.7 25.3 25.5 25.6 25.9 26.4 26.7 26.3 26.6 26.3 26.1 25.5 24.8 24.5 24.5 24.4 24.7 24.9 25.1 25.3 25.2 24.8 25 25.8 27.1 28.1 29.1 30.1 30.5 31 30.8 30.4 29.8 29.3 28.7 29 29.2 29.6 30.4 31.2 32.7 35.6 38.5 40.1 41 42.4 42.6 41.7 39.2 36 34.3 33.3 33.2 33.7 34.3 33.6 31.9 28.8 26.2 25.9 30 34.3
15.3 14.4 15 15.6 15.7 15.9 16.3 16.9 17.5 18 18.9 19.8 19.7 20.8 23.1 24.6 25 24.7 22.6 21 19.4 19.6 19.6 20 20.4 20.8 21.5 22.3 23.1 23.5 23.9 24.4 24.5 24.5 25.1 25.6 25.7 25.3 24.4 24.1 23.9 23.3 22.7 22.5 22.5 22.6 22.8 22.9 23 23.2 23.3 23 23.4 24.5 25.6 26.6 27.6 28.2 28.6 29 29 28.8 28.6 28.1 27.9 28.4 29.8 30.4 31.9 33.8 38 41.5 45.6 46.5 46.3 45.2 43.5 41.5 38.1 35.5 33.4 32.5 32.4 32.5 32.8 32.3 30.8 27.7 25.3 27.6 31.4 32.8
17 17.3 17.7 18.1 18.3 18.7 18.9 19.1 20.2 22.7 24.2 24.6 23.8 23.2 23.2 24.8 25.6 25.3 23 20.9 19 18.5 18.4 18.9 19.3 20.2 20.9 21.7 22.3 22.7 23.1 23.5 23.5 23.7 24.4 24.6 24.6 23.9 23.1 22.2 21.7 21.1 20.7 20.6 20.4 21.1 21.2 21.3 21.3 21.4 21.5 21.8 22.3 23.1 24.2 25.1 26.1 26.4 26.6 26.8 27 27.1 27.2 27.2 27.8 29.8 32 33.1 34.7 38.2 44.8 48.8 49.5 49.6 49.5 46.2 43.5 40.1 36.5 34.3 32.5 31.8 31.7 31.7 31.8 31.3 29.6 26.9 25.2 28.5 31.1 32.1
18.9 19.6 20.2 20.8 21.1 21.5 22.1 22.8 23.9 27 27.7 27.8 26.2 24.4 23.9 25.2 25.7 24.9 22.6 20.5 18.6 17.5 17.3 18 18.8 19.7 20.4 21.1 21.5 21.8 22.2 22.4 22.4 22.9 23.5 23.6 23.4 22.6 21.7 20.8 20 19 18.9 19 19.1 19.7 19.9 19.9 20 20.1 20.3 20.8 21.3 21.8 22.7 23.7 24.4 24.6 24.9 25.1 25.4 25.8 26 26.7 28.1 29.8 32.7 36.4 38 42.3 46.8 48.2 47.9 47.4 46.6 44.7 41.6 38.4 35.1 33.4 31.7 31.1 31.2 31.4 31.5 30.4 28 25.4 24.7 28.9 30.9 32.3
19.1 20.4 21.6 22.4 23 23.9 24.4 24.6 24.6 26.9 27.5 27.6 26.9 24.7 24.4 24 24.8 23.3 21.5 19.8 18.1 16.8 16.6 17.5 18.3 19.1 19.8 20.4 20.7 21 21.4 21.3 21.5 22.1 22.6 22.6 22.5 21.6 20.8 19.8 18.8 18 17.7 17.8 18 18.4 18.5 18.6 18.7 18.7 19.1 19.8 20.3 20.8 21.3 22.2 22.7 23.1 24 25.1 25.4 25.8 26.6 27.8 28.5 29.8 33.5 39.6 42.3 43.4 45.4 46.6 45.9 44.9 43.9 42.3 39.3 35.7 33.9 32.3 31.3 30.8 30.8 30.9 31.1 29.9 27.5 24.3 25.8 29.3 31.3 33
19.1 20.3 21.4 22.6 23.5 23.4 23.3 23.2 23.4 24.3 25.8 26.6 27.2 24.7 23.8 23.2 22.5 21.9 20.7 19 17.4 15.9 15.8 16.8 17.7 18.5 19.1 19.7 19.9 20.2 20.4 20.2 20.7 21.3 21.6 21.6 21.6 20.6 19.6 18.6 17.6 17.1 16.7 16.7 17 17.3 17.3 17.4 17.6 17.6 18.6 19.7 20.8 21.1 21.5 21.9 22.7 22.9 23.9 25.6 27.7 29.9 30.3 30.5 31.9 33.8 33.6 38.1 41.1 43.8 46.1 45.9 44.4 43 41.1 39.2 36.1 34.3 32.8 31.8 30.8 30.6 30.5 30.5 30.2 29.2 26.1 24.7 27.1 30 32.1 34.3
18.2 19.2 20.3 21.3 21.9 21.8 21.8 21.7 22.2 23 23.9 24.8 24.8 23.6 22.5 21.9 21 20.1 19.2 18.2 16.4 14.5 14.5 15.6 16.8 17.7 18.3 18.8 18.9 18.9 18.9 19 19.9 20.5 20.6 20.5 20.5 19.6 18.7 17.8 16.9 16.4 16.1 15.9 16 16.3 16.3 17.1 18 19 20.2 21.2 22.1 23 24 24.4 24.7 25.3 25.9 28.3 31.6 35.4 35.8 36.3 38.2 40.3 37 37.4 41.6 45.6 47.3 45.9 43.5 41.4 38.8 36.8 34.8 33.6 32.4 31.3 30.5 30.3 30.1 29.9 29.3 27.3 24.6 24.5 27.6 30.5 32.5 36.1
