public/OST50/TQ01.asc
ncols 200
nrows 200
xllcorner 500000
yllcorner 110000
cellsize 50
[rows 0 to 39 of 200, columns 90 to 179 of 200]
43.2 43.2 42.6 42.5 42 42.9 43.9 46 46.7 46.6 47.2 49.5 51.3 52.2 53.3 53.1 51.9 49.5 45.5 45.5 43.4 44.3 43.2 43 41.5 39.7 36.5 34.9 37.9 40.3 43.1 45.6 47.8 49.9 51.8 54.4 57 59.6 61.9 64.2 66.8 68.4 70.2 71.4 72.4 71.1 73.2 80.2 82.3 87.3 89.3 91.1 92.6 90.2 91.9 88.4 83.2 76.2 71.8 65.5 58 57.5 57.9 55.8 53.8 58.6 66.2 66.1 59.8 54.3 50.4 47.7 44.8 45.3 44.8 45.1 43.1 43 42.1 41.2 39.6 38 37.7 38.7 40 40.8 41.3 42.5 44.3 46.3
40.9 40.8 40.4 38.4 36.6 39.4 43.8 44.4 44.7 44.5 46.7 48.9 50.5 51.7 52.1 52 50.6 48.8 42 41.5 40.4 41 42.4 42 40.4 38.6 33.4 34.9 37.3 40 43.3 45.5 47.1 49 51.2 53.5 56 58.5 60.9 62.6 62.8 63.4 66.8 67.1 63.4 64.7 68.7 74.4 78.3 83.7 89.2 91.5 91.6 88.9 81.7 77.7 76 68 59.6 56.9 54.5 52.9 53.4 54.1 52 54.8 62.1 61.5 57.5 53.2 49.8 46.6 47.1 49.9 50.5 49.4 46.5 45.5 44 42.2 40.5 40 40.1 40.6 41.6 43 43.6 44.8 46.7 49.5
38 37.8 37 35.2 34.5 38.4 42.5 42.5 42.4 43.1 45.6 47.2 49.2 50.7 50.8 50.5 49.8 47.7 44.1 42.2 38.2 37.5 39.5 39.3 38 36.3 32.3 35.6 39.1 42.5 44.2 45.9 47 49.1 50.8 52.5 54.2 54.2 55.6 55.8 58.6 58.1 58.6 58.4 61.7 64.9 66.8 70.7 74.3 80.5 88.1 91.8 91.1 85.7 74.6 67.1 65.8 61.6 61 60.5 57.4 54 51 51.6 49.5 53 57.9 60.3 56.7 52.3 49.6 48.8 50.2 55.3 58.4 57.2 54.4 51.9 48.4 44.9 43.5 42.8 42.7 43.1 44.6 46.4 47.2 48.7 50.4 54.2
35.8 34.8 33.7 31.9 34.3 39.6 40.6 40.5 40.4 41 43.5 45.8 47.8 49.6 49.7 49.2 48.6 46.7 43.1 41.5 38.4 35.6 34.7 35 33.9 33.1 32.2 33.6 36.3 39.7 43.1 45.6 46.5 47.5 48.3 49 48 47.7 48.2 51.2 54.4 56.2 60.4 64.6 70.5 77.1 78.9 79.4 84.6 88.6 91.6 92.5 92.1 86.5 80 76.6 73.4 70.9 69.1 65.7 61.7 57.1 53.2 49.8 48.8 56.7 63.7 63.7 57.9 52.9 51.7 51.5 53.4 61.1 68.2 64.9 62.4 60 56.2 53.5 50.6 49.4 46.7 46.9 48.7 50 52.3 54.2 56.3 60.3
33.2 32.3 30.8 29.9 34.9 38.6 38.7 38.6 38.5 40.1 42.4 44.9 47.1 48.4 49.1 48.7 47.2 45.2 42.8 41.4 37.1 34.9 33.1 32.4 31.6 30.9 33.3 35.4 36 37.5 38.6 41 44.2 43.8 43.9 44.5 45.6 52.2 56.8 59.3 62.9 65.1 70.2 75.4 79.6 83.4 86.1 87.7 89.8 91.6 92.2 92.4 92.1 90.2 85.9 83.3 79.4 75.5 71.1 66.4 61.7 56.3 51.9 47.7 51.5 61.1 65.9 64.2 58.3 52.8 52.9 54.6 57.7 67.6 70.8 70.9 70 67.9 64.4 60.9 59.4 57.9 55.4 53.4 55 56.9 61.2 64.4 65.7 68.4
30.8 28.9 27.5 32 35.8 37.3 37 36.8 37.3 39.6 42.5 44.7 46.4 48.1 49 47.5 45.5 44.3 42.3 38.1 36.5 34.7 32.8 30.9 30.6 32.2 35.8 38.5 40 41.8 40.9 39.1 39.3 40.8 44.2 47.4 51.2 53.3 57.9 62.8 68.1 71.3 76.1 79.8 82.4 84.9 87 88 89.5 90.2 90.4 90.5 90.5 88.9 87.2 84.4 80.6 76.7 71.5 66.3 61.4 54.6 48.6 48.2 55.3 62.7 63.6 63.4 58.7 52.8 52.9 56.5 62 67.9 68.5 68.8 68.3 68.1 68.3 67.9 68 66.5 65 64.5 66.1 70.1 71.9 72.4 72.5 74.2
28 25.9 29.3 33.8 35.5 35.7 35.4 35.4 37.2 39.9 42.4 44.5 46.9 47.9 47.7 45.8 44.8 41.4 38.9 36.5 34.4 33.5 32.2 30.2 30.7 33.1 38.3 42.8 44.5 46.4 47 45 43.5 42.8 46.5 51.7 58.1 60.2 59.8 66.6 71.9 76.3 78.6 80.9 82.9 84.8 85.5 86.3 87.8 88.4 88 87.8 87.3 86.7 85.3 83.6 80.9 77.1 71.4 64.5 57.3 50.3 45.9 49.5 57.9 59.6 60.4 60.6 58.2 51.2 52.5 56.4 62.8 66.2 67 67.4 66.6 66.2 66.7 66.5 66.6 66.6 66.7 67.7 68.9 70.3 71.3 72 72.4 72.9
24.4 26.6 31.3 33.2 33.7 34 33.9 34.9 37.2 39.2 41.2 42.7 45.2 46.7 46.4 45.9 43.5 40.9 37 34.1 32 31.3 30.4 28.9 30.8 35.3 40.5 45.9 50.3 53 55.7 53.6 52.2 49.7 52.8 56.3 64.9 65.8 67.3 72.8 75.2 77.4 79.1 80.4 81.5 83.8 84.2 84.8 85.6 85.4 85.1 85 85 83.6 83.9 81.8 80.4 77.4 73.3 67.9 60.3 48.5 43.9 51.6 56.9 58.5 58.1 56.2 55.2 53 54.2 57.5 60.3 65.4 66.5 66 65.4 64.5 64.8 64.9 64.9 64.7 65.5 67 68.3 69.9 70.7 71.3 72 72.3
25.2 29.2 31 31.4 31.8 32.2 32.2 34.3 36.3 38.3 40.2 41.4 43.4 44.1 44.2 43.2 42.3 39.6 35.1 32.5 30.1 28.3 27.7 30 34.2 39.9 46 50.5 55.3 57.1 59.5 59.6 59.1 62.7 64.1 66.1 68.6 70.9 72.5 74.4 75.9 76.7 77.9 79.1 79.9 81 81.8 82.4 81.8 82.1 82.3 82.4 82.5 81.2 81.2 79.6 76.5 75.7 73.7 69.7 64.5 53.6 45 47.6 55.1 56.5 55.2 51.4 54 56 61 61.6 62.4 66.4 65.7 65 64.5 63.2 62.8 63.3 63.7 63.1 65.1 67.2 68.9 69.2 70 70.7 71.3 71.5
29 29.8 30.2 30.7 30.3 30.4 31.3 33.6 35.7 37.7 38.9 40.3 41.8 42.1 41.7 41 39.1 37.4 33.2 29.8 27.7 28.2 30.4 35.7 41.4 47 52 55.5 58 60.4 61.6 62.5 64.3 66.1 68.1 69.4 71 72.6 74.1 74.1 74.1 74.4 75.7 76.6 77.5 79.1 79.1 79.4 79.7 79.1 78.7 79 80.1 79.4 78.8 76.6 73.6 73.1 72.4 69.5 66.4 57.8 49.6 42 49.2 53.8 52.6 50.8 55.2 58.1 60 60.5 61.1 65 65.7 64.2 62.6 58.8 57.5 58 63.1 64.9 66.7 68.7 69.2 69.1 69.6 70.2 71.4 71.2
29.3 29.9 29.8 30 29.1 29.8 31.2 32.1 34.6 36.1 36.7 38.5 39.2 39.7 39.1 37 36.2 34.7 31.8 26.9 29.6 34.4 38.9 43.5 49.1 52.7 55.1 56.9 58.6 60.5 62.1 63.4 66.1 67.8 68.9 70.1 71.6 73.4 73.3 71.6 71.3 72.2 73.5 73.4 75.6 76.8 76.7 76.9 77.5 76.9 77.1 76.5 78.4 77.7 76.3 74.1 69.1 70.7 70.9 69.1 66.7 60.8 52 43.9 41.6 49.6 50.2 47.5 49.5 54.2 54.1 55.4 60.5 64.8 65.6 63.8 61 56.3 53.7 59.8 64.2 67.1 68 69.3 69.8 69.1 69.7 69 69.8 69.3
28.5 29.4 29.7 28.5 27.4 30.1 31.1 32 33 34.5 35 36 35.5 35.9 34.3 33 31.7 27.5 26.9 33.6 38.5 42.2 46 46.9 49.7 52.1 53.6 54.7 56.3 57.6 59.5 62.8 64.9 66.1 67 68.6 69.8 71.2 71.8 70.1 68.6 70.5 70.7 71.8 72.8 73.7 74.4 74.5 74.1 73.8 73.8 75.5 75.6 74.9 74 72.3 66.9 67.1 69.1 67.3 65.2 62.2 55.4 48.6 40.3 42.2 45.8 44.9 45.2 48.9 53.4 59.8 65.1 65.6 64.9 63.3 59.5 52.2 51.9 62.3 64.5 66.1 65.9 67.2 67.5 66 66.3 66.2 66.4 66.4
26.7 28.2 27.2 26.2 27.7 30.5 31.1 31.9 32.2 32.8 33.1 33 32.5 31.4 30.1 24.4 25.3 29.3 34.4 40.7 42.2 44 45.1 45.9 47.3 48.4 50 51.4 52 53.6 56.4 58.6 61.8 62.5 64 65.4 65.8 66.5 67.5 67.3 66.2 66.8 68 69.2 70.4 71.2 71.7 71.1 71.2 70.6 70.5 73.2 72.2 72.5 71.1 69.3 63.8 63.8 66.2 65.4 63.7 61.9 59.1 53.1 43.7 39.6 42.3 38.2 49 56.6 60.9 63.7 63.7 64.2 63.2 61.9 58.9 49.7 50.6 60 62 63.1 63.9 63.8 64.1 62.6 62.2 61.9 62.9 62.8
23.6 22.2 23.8 24.5 27.8 29.1 30.1 30.4 30.3 29.7 29.5 28.6 28 23.2 27.5 27.8 31.5 36 37.3 38.6 40 41.5 42.2 42.9 44.8 45.1 46.4 48.2 49.8 51.4 53.7 55.5 57.9 59.6 60.4 60.4 61.9 62.7 63.5 64 62.7 64 65.2 66.7 67.8 68.2 68.7 68.4 67.8 67.8 68.1 70.5 70.6 70.2 69.2 67.1 62.6 59.7 62.8 63.1 62 61.3 58.6 56 50.6 39.3 41.5 46 56.2 60.6 62.3 63.3 62.8 62.3 61 59.6 57.9 50.1 50.4 56.8 57.7 59.8 60.9 60.7 60.5 59.6 59.1 58.9 59.9 59.4
20.1 18.8 21.6 24.4 26 26.4 26.7 27.2 26.6 25.9 25.3 22.3 26.1 21.3 28.2 31.8 33.9 35.3 36.2 37.2 37.7 39.1 39.3 40.3 41.9 41.8 43.9 45.4 47.5 48.6 49.6 51.1 53.2 54.8 55.3 56.3 57.3 58 58.8 59.5 59.8 61.2 62.6 64.1 65 65.3 65.6 64.9 64.3 64 65.8 67.7 67.2 66.7 66 64.7 61.2 56.8 59.3 60.3 59.4 58.2 56.9 54.5 52.4 43.8 41.3 46.9 57.5 59.1 60.2 60.8 60.6 60.2 59.3 57.6 55.2 50.2 48.1 53 55 56.7 57.8 57 55.8 54.9 54.8 54.8 56.7 56.1
17.6 18.5 20.9 22.6 23.4 23.2 23 23.1 23 22.6 21.4 21.9 23.1 24.3 27.3 29.9 31.1 32.3 33 33.9 35.5 36.3 36.1 37.1 37.9 39.7 41.9 44 46.1 46.9 46.7 48 49.5 50.9 51.4 52.3 52.9 53.5 54.3 54.8 55.8 57.7 59.4 60.5 61 61.8 62.3 62.3 61.8 61 63.5 63.8 64 63.4 62.3 61.5 58.8 53.1 55.8 57.3 56.8 55.4 54 52.7 51 46.4 43.6 46.9 56.3 57.2 57.1 57 57.4 57.3 56.7 55.4 53.4 46.7 48.2 51.3 51.6 53.1 53.9 53.1 51.9 51.7 51.9 53.1 52.7 52.5
16.2 17.1 18.6 19.2 19.9 20.1 20.2 20.6 20.1 21.2 20.7 20 21.7 23.7 25.7 27.3 28.5 29.3 30.4 31.1 31.9 33 33.3 35.2 36.6 38.9 41.3 43.3 44.6 45.2 44.8 45 45.4 45.8 47.6 49.2 48.9 49.9 50.3 50.5 52 53.8 55.8 57 57.2 57.7 58.4 58.6 58 57.6 59.5 59.6 59.2 59.6 59.2 58.4 56.5 50.6 52.1 54.8 54 52.9 52 48.9 46.9 43.9 40.7 45.8 53.4 54.3 53.9 53.4 53.7 54.2 54.1 53 51 45 47.2 47.8 48.4 49.1 48.8 48.5 48.4 48 47.5 49.2 48.7 47.8
15.4 16.3 16.9 17.7 18.2 18.3 18.5 19.3 19 19.7 19.5 19.6 21.2 22.5 23.8 25.5 26.6 25.9 27.8 28.3 30.2 30.9 31.8 33.8 35.7 38.5 41 42.3 43.6 43.4 42.6 42.1 41.7 41.7 42.6 44.9 45 46.7 47 47.5 48.6 50.2 52.2 53.5 53.8 54.6 54.8 54.6 54.6 54.4 55.7 55.8 55.2 55.1 54.8 54.4 53.3 49 48.2 52.3 51.4 50.1 48.2 45.8 41.7 42.1 41.4 48.2 50.6 51.6 51.3 50.8 50.4 51 50.9 50.1 47.9 41.5 45.7 45.3 45.9 44.9 43.5 43.8 44.1 43.9 43.9 46 47.5 51.7
14.8 15.2 15.7 16.5 16.7 17.7 18.4 18 18.1 18.1 19 19.1 20.4 21.9 23.1 23.5 24.3 25.2 25.4 27.3 28.9 30.1 31.9 32.9 34.9 37.3 39.1 39.4 40.3 40.3 40.4 39.6 38.6 38.3 38.4 39.9 41.3 42 42.6 43.2 45.5 48.1 49 49.9 50.4 51.2 51.7 50.7 50.6 50.4 51.7 51.9 51.3 50.4 50.4 49.5 49.2 46.7 43.2 49.4 49.4 48.6 45.7 40 38.4 39.7 45.3 47.3 48.9 49.1 48.6 48.1 47.3 47.6 47.9 46.9 45.7 40.1 44.6 44.5 43.6 41 39.5 39.6 40.2 41.8 45.8 49.9 52.3 56.1
14.8 14.8 14.9 15.7 16.2 17.3 17.8 17.8 17.5 18.6 18.3 19.2 20.2 20.9 22 22.5 23.2 24.7 24.5 27 27.8 29.8 30.3 31.3 33.2 34.5 35.9 35.2 35.6 35.5 36 35.9 35.4 35.4 35.5 36.6 38.5 39 38.8 39.8 42.1 44.2 46.2 47.7 48.1 48.7 48.2 47.6 47.4 47.8 48.1 47.8 46.7 46.2 46.2 45.8 45.4 42.9 40.9 44.7 45.1 44.7 43 36 33.5 40.4 44.3 45.8 46.1 45.9 46 44.5 44.6 44.4 44.7 44 42.3 38.7 42.7 43.2 40.1 38.2 37.8 39.8 41.5 43.2 48.5 52.9 55.1 58
14.9 15.4 15.2 16.3 16.6 16.5 16.6 17.2 18.3 18.6 19.1 20.5 20.9 21.6 22.1 22.8 22.9 24.1 25.3 26.7 27.9 28.4 29.3 31.3 33 33.6 33.9 32.8 32.1 31.6 31.4 32.1 31.8 32 32.4 33.4 35.1 35.1 35.2 36.8 39.2 41 43 43.9 45 45.4 44.9 44.7 45.1 43.6 44 44.2 43.3 43 43.3 42.3 42.1 40.3 38.1 41.2 40.9 40.3 37.8 31.3 37.1 40.4 42.1 42.5 42.8 42.7 42.5 41.8 41.3 41.9 41.8 41.2 40.9 36.5 38.8 39.5 37.1 39.2 40.9 43.9 48 47.7 48.2 51.7 55.7 59
15.9 16.5 17 17.3 17.4 17.9 17.9 18.7 19.3 19.9 20.2 21.3 22 23.3 23.8 24.1 24.1 24.4 25.7 27.1 28.6 29.6 30.6 31.9 34 34.1 34.9 32.7 31.1 30.3 28.7 27.9 28.4 28.7 29.4 31 31.9 31.2 30.7 34.6 37.1 38.5 40.3 41.7 42.5 42.5 42.2 42 41.8 40.6 40.1 40.5 39.9 39.9 40.2 38.3 37.7 36.8 35.4 37.3 37.4 36.5 32.1 28.4 36.8 38.4 38.9 38.9 39.6 39.8 39.6 38.9 39 39.2 38.9 39.2 38.3 35.7 38.1 37 37 43.6 46.7 49.1 52.9 53.7 53.1 53.4 54.6 57.9
15.5 20.8 21.7 21 21.3 21.3 20.1 21.5 21.3 21.5 22.2 23.3 24.1 24.8 25.9 26.3 27.1 27.6 29 29.5 31.4 32.9 34.8 36.8 36.7 37.6 38.3 37.3 34.1 29.8 26.5 25.3 25.3 25.8 26.4 27.2 29.1 29.2 30.1 32.8 34.7 36.9 38.8 39.5 39.9 40.2 40.1 39.6 38.1 37.2 36.6 36.9 36.4 36.5 36.6 35.6 34.6 33.8 33.5 33.8 33.9 33.6 28.3 29.3 34.2 35.7 35.7 35.6 36.5 36.8 37.1 37.1 36.3 36.6 36.8 37 36 33.4 36 33.8 38.7 45.8 50.4 52.1 54.4 55.8 57.2 57.8 58.6 59.5
24.3 25.5 25.6 25.4 25.7 24.3 23.6 24.2 23.1 23.8 23.6 25.3 27.2 28.7 30.1 29.3 31.2 31.7 33 34.5 35.9 38.1 41.7 42.6 42.9 45.5 45.5 44.9 38.6 34.1 29.6 24.8 23.1 23.4 24.4 24.2 26 27 29.3 32.2 34 35.4 36.9 37.8 38.3 38.8 38.1 37.2 35.9 34.5 33.9 33.2 33.1 32.6 32.3 31.9 31.4 30.5 30 29.6 31.2 30 26.9 27 31.7 32.3 32.3 32.1 32.2 32.6 33.5 34 33.8 35.3 34.9 34.8 33.9 32.7 33.5 33.4 40.5 46.3 50.8 52.9 54.8 56.6 58.3 58.9 60.2 61.2
24.6 26.4 27.8 29.3 28.9 25.2 26.3 25.5 25 25.2 25.6 27.3 29.2 30.5 29.7 31.4 32.6 32.5 33.8 33.8 34.6 35.5 37.5 39.2 40.3 43.1 46.6 45.1 46.6 42.4 33.4 27.1 22.7 20.3 21.3 22 23.2 25 27.8 30.1 31.6 32.8 34.1 35.4 37.7 36.8 36.4 35.5 34.2 32.9 31.5 30.4 30 30.1 30.1 29.6 28.7 28.4 28.1 27 30.1 29.3 26.9 22.5 29.1 29.4 29.2 29.8 29.9 30.4 31.1 31.5 31.5 32.3 31.9 32.5 31.8 31.3 30.9 34.6 39.4 43.6 48.1 51.9 54.2 56.8 58.5 60.1 61.2 62
23 26.2 28.2 29.3 27.7 26.5 25.8 25.9 24.9 24.2 25.8 27.4 27.8 28.7 27.8 30.5 32 30.5 31.8 31.9 31 33 34.6 37.4 36.9 37.9 40 41.5 42.9 42.2 37.7 28.6 23 19.8 20.4 22.1 24.1 24.8 26.4 27.8 29.3 30.8 32.5 35.1 36.5 35.3 36.6 35.2 33.7 31.4 29.9 28.6 27.9 28 28.1 27.3 26.1 26.2 26.7 27.6 28.2 28.6 26.5 20.9 27 27.6 27.1 27.7 27.4 28.1 28.5 29 29.2 30.3 28.8 31.2 30.2 29.2 30 33.7 37.7 41.9 45.9 49.5 53.6 55.9 57.6 59.2 60.1 60
18.4 16.7 16 17.6 20.4 20.6 21.3 19.8 18.9 19.5 20.1 19.8 21.4 21.6 22.4 23.2 24.5 23.9 26.1 25.1 25.9 27.2 29.4 33.2 32.9 33.4 33.7 36.8 39.1 39.7 35.1 30.4 23.5 19.1 20.4 25.1 27.2 32.1 34.3 34.5 34.3 34.6 35.5 37.5 35.7 35.7 39.2 39.4 35.3 31.5 28.4 27.4 26.3 26.8 25.7 24.9 24.4 24.6 25.5 25.5 26.3 26.8 25.3 20.5 24.9 25.8 25.6 25.5 25.7 26.1 25.7 25.8 26.8 26.3 26.4 26.6 27.9 28.2 30.7 33.9 37.9 41.5 45.1 47.9 52.4 53.6 55.4 56.4 57.1 58
11.8 11.1 10.6 10.7 13 13 11.4 11.2 11.7 12.6 12.7 12.2 12.6 12.9 13.2 14.3 15.4 16.2 17 17.7 18.5 20.7 21.6 24 25.6 25.4 26.8 28.8 29.7 33 33.1 30.9 27.7 19.4 20.6 28.4 33.2 37.2 41.5 43.5 42.2 41.2 39.3 39.5 40.5 41.7 42 42.5 35.8 31.6 30.1 28.3 26.1 25.6 24.3 23.5 23.2 23.6 23.8 25 25.4 25.6 24.7 21.7 22.5 24.8 24 24.4 24 24.1 23.5 23.2 23.7 23.6 24.5 25.4 26.4 28.8 31.9 35.2 38.4 41.9 44.5 46.1 49.1 50.7 52.9 54.2 54.9 55.7
6.6 5.9 6.1 5.7 5.3 6 5.1 5 6.5 7 7.5 7.2 8.3 8.6 8.5 11.6 14.7 15.5 13.9 13.1 13.7 16.4 17.4 19.1 19.4 19.4 21.1 22.7 23.8 24.9 27.4 28.9 26.6 20.3 19.3 27.4 30.8 35.3 37.9 40 41.2 40.4 41.1 42.4 43.1 44.7 43.5 40.8 35.8 35 31.8 29.2 26.4 25.1 23.3 22.5 22 22.2 23.7 24.1 24.5 24.4 23.8 22.3 17.9 23.3 22.8 23.1 22.8 22.2 21.7 21 22.5 24.2 25.3 26.8 28.1 30.7 33.5 36.9 39.2 41.2 43.7 44.5 46.2 48.4 50 52.1 53 52.9
4.4 4.8 3.6 4.5 -1.7 -1.7 -1.7 -1.7 -1.7 -1.7 -1.7 4.7 4 4.5 7.6 9.3 11 10.9 11.9 10.6 9.4 11 12.7 15.5 15.6 15.7 16.6 18.1 19.7 19.8 19.7 24.5 21.2 17.7 17.3 24.6 25.9 29.4 32.5 35 36.3 36.7 37 40 42 41.6 41.3 41 38.5 36.8 34.4 30.6 27.2 24.3 22.2 21.1 20.4 20.8 21.7 23.2 23.4 23.1 22.8 21.8 17.8 19.8 22 22.2 21.7 20.7 18.8 22.1 24.7 26.6 28.3 30.7 31.7 34.1 36.3 38 39.9 41.3 42.8 43.5 44.7 46.1 47.6 49.5 50.5 49.8
2.2 2.2 2.1 -1.7 -1.7 -1.7 -1.7 -1.7 -1.7 -1.7 -1.7 -1.7 -1.7 3.5 3.6 4.3 5.2 7 7.5 7 5.9 5.7 7.9 10.3 10.3 11.9 14 15.8 16.8 16.8 16.5 16.7 19 14.8 15.6 20.2 22.6 23.7 26.8 29.6 31.9 32.7 33.6 37.5 39.5 39.5 39 38.6 38.2 36.6 34.3 30.2 26.2 23.3 21.2 20.2 19.5 19.8 20.6 22 22.5 22.4 22.2 21.5 19.9 17.5 20.7 20.6 21.1 19.4 20.8 23.6 26.2 28.7 30.6 32.4 34.3 35.8 37.1 38.7 40 41.1 41.6 42.1 43 43.7 45.1 46.7 46.7 45.8
2.6 3.8 2.5 2.9 2.4 2.6 2.3 2.5 2.1 2 2.5 3 -1.7 -1.7 3.3 1.9 2.5 2.8 2.8 3.3 2.9 3.3 3 5 6.4 8.8 12 13.8 13.5 13.7 13.5 14.2 13.4 13.1 14.7 16.2 16.7 18.3 21 23 27.4 27.8 29.1 31.6 34 35.3 36.5 36.3 36 34.8 33.3 30 25.9 22 20.2 19.4 18.4 19 20.2 22.2 22.4 21.9 21.8 21 19.4 17.9 17.7 18.9 19.1 19.2 21.7 24.3 26.8 28.5 30.7 32.5 34.3 35.9 37.5 38.8 39.8 40 40.3 40.8 41.1 42.2 43.8 45 46.1 45.6
3.2 2.6 2.4 2.2 2.1 2.3 2.3 2.1 2 2.5 2.2 2.5 2.6 -1.7 3.3 3.2 2.2 2.4 2.6 2.3 2 2.6 2.2 2.4 3.1 4.9 9.3 11.1 11 10.7 11.1 11.4 11.1 11.5 12.4 14.3 15.5 15.7 16 18.2 21.5 23.8 25 26.2 28.3 30.6 32.4 34.2 33.8 31.9 31.2 29.2 25.3 21.9 19.7 18.3 17.8 18.5 20 21.3 22.6 22 21.6 20.2 19.3 17.8 16.3 17.4 19.3 20.3 21.6 24.2 25.9 27.7 30.2 31.5 32.9 34.8 36.3 37.7 39 38.7 38.6 39.5 40 40.6 42.3 43.2 43.9 44
3.2 2.1 2.1 2.4 2.6 2.8 2 2.1 2.2 2.6 2.1 2.5 2.9 -1.7 -1.7 2.5 2.8 2.8 2.6 2.6 2.5 2.2 1.8 2.2 2.4 2.5 3.8 6.6 7.9 9.1 10.4 11.2 10.7 9.7 10.5 11.1 11.6 13.4 14.8 12.8 15.9 18.8 20.7 22.5 24.6 25.8 28.4 30.4 31.3 30.2 28.5 28.3 24.6 20.6 18.5 18.2 18 19.2 20.6 20.9 22.4 22.4 21.2 19.3 18.4 17.3 14.8 18.7 19.7 20.8 22 23.3 24.6 25.9 27.7 29.2 31.3 33.4 35.1 36.4 37.3 37.9 37.2 37.6 38.8 39.5 40.4 40.7 39.8 40.7
-1.7 -1.7 2.3 2.5 2 2.8 2.1 2.4 2.4 2.1 2 2.3 -1.7 -1.7 -1.7 3 2.9 2.7 2.6 2.5 2.4 2.3 1.9 1.8 2.1 2.2 2 2.4 3.8 8.6 9.7 9.6 8.7 7.5 9.8 8 7.5 11.1 11.9 11.8 11.7 13.3 17.3 19.5 21.4 23.6 25.8 28.3 28.8 28.6 26.8 25.4 23.5 19.1 18.4 18.2 18.9 20.2 21.8 22.8 22.9 21.7 20.8 19.9 16.2 14.6 16.1 19.3 19.7 20.1 21.3 22 22.9 24.1 25.6 27.3 29.3 31.4 33 34 35 35.4 34.3 34.2 35.4 32.8 33.7 35.6 38 39.2
-1.7 -1.7 -1.7 2.2 2.2 2.2 2.1 2.2 2.2 2.2 2.2 -1.7 -1.7 -1.7 -1.7 -1.7 2.8 2.7 2.5 2.4 2.1 1.9 1.6 2.4 1.9 1.9 1.9 1.9 1.9 3.7 7.3 7.9 6.2 7.4 6.9 6.7 5.5 9.5 7.9 6.7 8.7 11.5 13.9 16.1 17.8 20.4 23.1 24.4 26.2 25.5 23.8 23.5 21.5 18.8 18.4 19.3 21.1 22.2 23.1 24.4 24.1 21.9 20.2 18.4 17.3 13.5 16.7 18.4 18.6 19.3 20 20.6 21.3 22.5 23.5 25.4 27.2 29.3 30.5 31.5 31.9 32.3 31.3 32.8 33.6 34.3 36.3 40.3 41.7 43
2.3 1.9 4.4 3.1 3.6 3.5 2.7 2.5 2.6 1.9 2.4 2.5 -1.7 -1.7 -1.7 -1.7 2.8 2.7 2.4 2.1 1.8 1.5 2 2.8 2.1 1.7 2.2 1.8 2 2 2 2.6 3.8 4.6 4.8 5.1 5.9 6.7 5.5 5.1 6.9 8.7 11.1 14 16 18.1 19.7 21.2 22.7 22.9 20.9 20.4 18.7 18.6 19.9 23.6 29.4 30.4 30.6 28 26.9 23.4 20.1 17.6 16.1 13.7 17 17.6 17.6 18.4 18.9 19.5 20.1 20.8 21.7 23.1 25 26.1 27.6 27.8 26.1 28.6 30.3 33.1 35.8 38.2 40 42.3 43.6 44.3
3 4.3 4.9 4.8 4.6 3.3 3.3 3.4 3.6 3.3 2.4 2.2 2.2 3 -1.7 -1.7 2.9 2.7 2.5 2.3 2 -1.7 2.4 3.2 3.9 -1.7 2.3 1.9 1.9 2 2.2 -1.7 -1.7 2.7 3 3.6 -1.7 -1.7 5.1 5 4.8 5.6 8.6 11.7 13.5 15.6 17 18.6 20 20 18.6 18.5 18.2 19.4 23.4 27.8 30.7 33.4 32.2 31.8 32.5 26.9 21.8 18.2 14.2 13 16.8 17.3 17.5 17.7 17.8 18.4 19 18.6 20.2 21.4 22.4 22.6 24.3 22.9 27 29.6 31.3 33.8 35.2 37.6 39.6 41.3 42.9 44.4
3.8 5.1 5.2 5.3 5.2 3.5 3.2 3 3.1 3.1 3.3 3.4 2.9 3.9 -1.7 -1.7 2.9 2.8 2.9 2.6 -1.7 -1.7 1.8 1.9 2 -1.7 -1.7 1.9 1.8 2.1 2.8 -1.7 5.1 7 6.1 6.5 -1.7 -1.7 3.6 4.3 4.2 4.2 5.8 8.7 11.4 13.4 14.9 15.9 17.4 17.8 16.8 18.9 18.8 21.7 25 28.7 31 32.2 33.3 33.7 34.9 29.4 22.8 18.7 13.9 12.4 15.6 16.5 16.7 16.8 16.9 16.5 16.7 17.2 17.9 18.9 19.7 21 22.1 23.5 28.2 31 33.3 34.7 35.9 37.8 39.3 41.4 42.6 44.1
4.2 3.9 5 5.2 5.2 3.6 3.2 2.9 2.8 2.8 2.9 3.3 3.3 2.9 3.5 -1.7 -1.7 -1.7 2.8 -1.7 -1.7 2.3 1.7 1.8 2 2.3 -1.7 2.2 2.3 2.7 -1.7 7.2 7.7 7.2 7.7 7.8 7.3 6.7 7.2 2.9 3.7 3.4 4.8 6.1 9.1 12.5 12.4 13.2 13.7 14.4 15.2 16.7 18.8 21.6 24.8 27.3 30.1 31.5 31.6 31.7 32.6 29.8 24.3 19.4 14.9 11.8 14.2 15 15.3 15.3 15.1 14.1 15.8 16.1 17.6 18.6 19.9 21.1 21 24.8 27.3 30.8 32.4 34.8 36.9 38 39.4 41.2 42.6 43.9
