public/OST50/TQ01.asc
ncols 200
nrows 200
xllcorner 500000
yllcorner 110000
cellsize 50
[rows 160 to 199 of 200, columns 0 to 89 of 200]
140.9 143.1 145.4 147.8 148.1 145.8 141.6 136.5 131.2 124.8 120.1 116.3 112.3 108.5 105.4 103.7 104 100.7 96.8 92.5 89.6 86.1 81.6 75.2 67.8 60.5 53.1 46.2 39.4 32.3 25.4 18.5 11.7 5.6 3.1 1.9 2 1.9 2 2.1 2.2 2.2 2.2 2.2 2.3 2.2 2.1 2.1 -1.7 -1.7 -1.7 2.8 6.8 3.2 3.8 6 8 10.1 11.2 18.7 31.3 42 52.7 62.7 71.5 79 84.9 89.2 90.4 89.4 87.8 83.9 79.8 74.3 62.3 43.5 43.1 57.4 70.1 80.3 87.1 92.1 94 93.5 88.7 70 61.7 73.9 87.6 102
135.3 137.6 141.7 143.9 145.4 143.6 139.5 134.7 129.4 123.5 117.7 113.6 109.7 106.6 104.4 104 102.5 97.9 93.6 89.5 85.5 81.8 78 72.6 66 59.3 52.4 46.2 39.9 33 26 18.9 12.8 7.7 4.6 3 2.2 1.8 1.9 1.9 2 2.1 2.1 2.1 2.2 2.1 2 2.1 2.4 2.1 -1.7 3.2 7.1 4.4 5.8 9.6 12 12.8 19.1 34.4 44.5 54.9 64 72.1 79.2 85 88.9 90.9 90.1 87.8 84.5 81.2 75.5 69 60.1 46.1 39.2 54.8 67.4 77 82.8 87 88.7 86.9 72.2 58.5 68.9 82.9 96.9 110
129.7 133.6 137.7 140.6 142.7 140.3 137 131.8 126.7 119.8 113.6 109.7 105.9 103.5 101.1 99.1 96.5 92.6 87.5 83.2 79.4 75.2 71.1 66.3 60.6 55.5 49.4 44.1 38.8 32.8 26.1 19.7 15 10.1 7.1 5.4 2.9 1.9 2 1.9 1.8 2.1 2 2 2 2 1.9 2.1 2.3 -1.7 -1.7 3.9 8.3 5.6 9.4 13.9 13.8 14.2 32.5 50.1 59.3 67.2 73.2 79.6 84.4 88.4 89.5 89.8 87.1 83.7 80.5 75.4 70.2 64.4 57.4 44.1 38.5 52.8 65.2 73.5 80 82.5 83.4 77.7 58.7 60.7 76.8 93.2 104 111.3
125.5 129.8 134.5 138 140.4 137.8 134.5 129.2 122.9 115.9 109.9 103.3 99.7 97.5 95.5 93.4 90.3 86.2 81.5 76.6 72.4 67.5 63.4 57.7 50.3 44.6 40.6 38.1 35.4 32 27.1 20.6 16 11.9 9.1 6.5 3.9 2.9 3.7 3.5 3.2 2.2 1.9 2 1.9 1.9 1.9 2.1 -1.7 -1.7 -1.7 3.9 9.8 10.1 11.7 18.9 18.9 29.5 53.6 65.3 69.6 74.6 80.2 84 86.8 87.6 86.1 85.5 83.2 79.5 73.8 69 63.8 56.2 47.3 38.3 36 47.5 59.7 69 75.4 77.7 76.4 64.9 52.8 67.7 85.2 96.3 103.5 109.7
122.6 126.8 131.8 136.3 138.6 136.9 132.5 126.6 121 112.4 103.7 95.9 91.2 89.8 88.7 86.9 83.6 79.1 74.4 70 63.1 54.3 46.8 40.6 34 29.9 27.6 27.9 31 31.1 27 21.5 16.7 12.6 9.7 6.1 3.8 4.5 6.5 7.6 6.6 4.6 2.7 2.1 2.4 2.2 2.5 3.4 -1.7 -1.7 -1.7 3.8 10.8 11.3 25.1 49.7 47.3 57.7 68.8 73.2 76.9 80.2 83.9 84.9 85.1 83.8 82.2 80 78.1 71.5 67 61.6 53.6 44.5 35.2 31.5 31.5 34.9 44.2 59.1 69.3 72.4 70 51.7 57 74.3 86.9 94 99.4 105.2
119.7 125 130.8 135.2 137.3 135.4 130.4 125 116.3 108.1 99.2 89.9 82.6 81.3 81.6 79.7 76.1 73.5 67.4 57.7 49.1 41.1 34.8 32.3 31.2 29.5 26.6 23.4 23.5 28.1 26 21.8 17 13 8.9 5.1 4.2 7.3 10.7 11.3 10.4 8.1 4.7 2.3 2.1 3.5 -1.7 -1.7 -1.7 1.6 2.1 5.4 10.8 15.3 38.2 62.1 68.4 72.4 75.6 78.5 80.7 82.1 81.1 81.2 81 79.1 77 73.7 68.5 64.1 59.6 50.9 40.5 31.6 30.5 32.8 35 33.3 34.7 43.6 56.9 66.2 57.8 47.4 62.6 75.7 81.5 86 88.8 96.3
117.6 123.6 129.9 134.5 135.9 133.8 128.7 123.2 113.7 104.2 95.4 85.8 78.1 72.6 72.1 71.9 69.3 64.5 57.3 48.2 40.8 37 38 39.3 39.4 35.3 29.3 23.3 19.7 22.8 24.5 21.6 16.8 12.4 8.1 5.8 7.2 11.3 14.1 14.8 13.2 10.9 7 4.2 1.6 -1.7 -1.7 -1.7 1.7 1.6 1.7 4.8 9.8 27.6 47.2 67 72 75.1 77.2 78.7 79.4 79.5 78.5 77.3 75.3 73.4 68.2 64.2 60.3 55.5 47.9 39.2 30.5 29.7 39.8 43.3 43.4 43.6 37 36.4 45.7 52.4 45.7 50 58 60.4 62.6 67.2 74.4 79.1
119.5 125.2 130.7 134.5 135.5 132.1 127.6 120.6 111.6 101.8 92.4 82.8 75.4 68.8 63.1 62.1 61.5 56.9 49.1 43.1 43.7 48.1 50.5 50.6 45.1 38.2 30.8 24.4 19 17.6 21.4 20.3 16.3 11.7 7.7 6.4 11.7 15.2 16.9 16.7 15 12.4 8.6 5.2 2.4 -1.7 -1.7 1.8 1.7 1.6 1.5 2.9 9.7 23.1 44.2 65.3 70.3 72.5 74.2 75 75.1 74.4 73.1 71 69.1 63.9 60 55.9 50.2 42.8 35.2 28.4 28 40.7 52.3 54.9 56.5 58.7 50.7 39.7 37.8 40.9 40.7 42.7 44.2 48 50.1 52.3 56.2 60.6
121.8 127.4 132.7 135 135.1 131.5 126.4 118.9 109.9 100.4 90.9 81.5 74.4 67.9 61 55.5 52.4 49.1 47.1 52.7 58 61.8 60.7 55.3 49.3 42.3 34.2 27.3 20.5 16.1 16.2 17.6 14.8 10.1 7.7 10.3 16.6 18.2 17.9 16.9 15.2 11.6 8.5 4.9 -1.7 -1.7 1.7 1.7 1.7 1.6 1.5 2.9 9.6 19.8 39.5 60.7 65.9 67.2 69.2 69.8 69.6 68.8 67.8 64 59.7 55.6 49.1 42.1 35.8 31.2 26.3 29.4 42.4 53.8 64.5 70.1 74.6 72.9 65.4 51.1 40 38.6 40.9 47.4 53.7 58.5 61.5 63.1 63.4 62.4
123.8 129.5 134 136.2 135.4 131.9 126 117.7 108.2 99 88.6 81.1 73.8 66.6 59.7 54.6 53.8 56.4 61.9 66.8 70.6 70 66.7 61.6 54.8 47.4 38.8 30.8 23.5 17.9 14.3 12.7 11.6 9.6 11.5 17.6 20 20.9 18.8 16.7 13 9.8 6.4 4.2 -1.7 -1.7 1.5 1.5 1.6 1.6 1.9 2.9 9.6 27.8 45.8 57 60.1 61.9 63.4 63.7 63.6 61.8 59.8 56.1 52 42.3 34.5 30.3 22.6 23.5 33.2 42.4 54.9 69.3 80.5 85.6 88.5 87.7 80.3 68.6 57.3 51.6 54.2 60.3 65.3 71.1 75.1 77.8 78 77.3
125.3 130.4 134.5 136.7 135.6 131.9 126.4 117.7 108.7 98.6 88.4 79 71.8 66.2 65.5 65.8 67.4 71.2 75.7 77.7 77.6 75.3 71.2 66.2 60.2 53.1 44.6 35.5 28.7 24.7 20.9 16.8 14.5 16.5 21.5 22 22.7 20.4 18.5 14.7 10.4 7.6 4.4 -1.7 -1.7 1.6 1.6 1.7 1.7 1.7 2.7 2.5 10.5 33.2 45.5 50.4 52.9 54.9 56.9 57.2 56.9 55.3 52.3 47.3 36.7 26.5 20 21 28.3 39.6 48.6 56.4 66.1 80.2 86.8 91.4 94 93.5 91.9 86.3 77.1 71.3 71.8 76.1 82.9 88.9 93.2 94.8 94.7 93.2
125.9 130.4 133.8 135.1 135 132.1 127.6 119.4 109.8 99.8 90.6 85 80.8 78 77.5 78.4 79.4 81.5 83.7 83.8 82.3 79.8 75.6 70.7 65.5 59 52.2 45.5 40.9 38.5 35.3 30.7 26.2 26.3 28.5 26.2 23.3 17.7 15.3 10.4 7.6 4.5 2.8 -1.7 -1.7 1.7 1.8 1.8 1.9 1.9 2.1 2.1 11.5 33.5 39.9 44.2 46.2 48.2 50.2 51.4 51.2 49.3 45.1 37.8 22.8 19 26.2 34.8 42.6 52.1 61.4 70.8 79.6 86.1 91.3 94.5 96.5 97 95.8 94.9 92.2 90.4 90.9 92.1 94.8 97.9 100.4 101.9 103.8 105.4
124.4 127.9 131.5 132.8 133.1 131.9 127.7 121.6 113.7 106 98.3 93.9 90.4 88.4 87.4 87.3 87.3 87.4 87.6 86.9 85.3 82.9 79.4 75 70.1 65.7 60.5 56.3 53.4 50.5 47 42 34.9 33.3 29.8 24.4 20.1 15 9 5.7 3.9 -1.7 -1.7 -1.7 1.7 1.6 1.7 1.8 1.9 2 1.9 2.6 12.4 29.7 34 37.7 39.7 42.7 44.7 46.5 45.6 43.5 39 27.2 17.6 26.8 38.9 48.7 56.7 64.8 73.5 79.5 84.8 90 92.9 95.1 97 97.6 97.7 97.5 96.5 95.7 96.2 97.6 99.6 101 102.6 104 106.7 108.9
121.2 124.7 127.9 130.7 131.6 130.6 128.2 123.1 117.6 110.6 104 99 95.3 92.9 91.4 90.6 89.9 89.1 88.1 87.1 85.7 83.4 81.1 78.2 74.6 70.9 67.2 63.8 60.3 56.7 51.6 44.6 38.3 33.6 27.3 21 15.8 10.8 3.5 3.4 -1.7 -1.7 -1.7 2.2 1.7 1.5 1.6 1.7 1.9 1.7 1.9 2.3 13.5 26.5 29.8 32 34 37.4 39.8 41.5 40.2 37.9 31.5 17.5 20.7 35.4 47.7 56.5 64.7 71 77.5 83.2 86.9 91.2 93.2 94.9 95.8 95.9 95.8 96.6 95.6 96 96.4 97.2 98.3 100.3 101.9 103.4 106.8 109.1
118.7 120.9 124 127.2 130 130.5 129 124.8 119.4 113.2 106.2 100.4 96 93.4 91.1 90 88.4 87.2 85.9 84.7 83.3 82.1 79.9 78.1 75.9 72.9 69.6 65.5 61.1 56.3 50.3 42 34.8 27.7 20.1 15.3 4.5 -1.7 -1.7 -1.7 -1.7 2.1 2 2.2 2.5 1.5 1.6 1.8 1.9 1.9 1.9 2.1 14.4 24 25.9 27.4 29.8 33 35.8 37.1 36.1 33 24.5 15.8 23.4 37.9 49.8 59.4 67.6 73.3 79.1 84.2 87.9 90.7 92.1 92.7 93.3 93.3 93.4 93.9 93.7 93.7 93.8 94.7 95.7 96.9 98.5 101.8 105.8 108.4
114.7 117.5 120.3 124 127.3 128.8 128.2 124.7 119.8 114.1 107.4 101.3 95.5 90.1 86.8 87 85.6 83.8 82 80.8 79.2 77.9 77 76.4 74.2 71.4 67.4 62.7 57 51.6 43.7 36 27.2 17.4 7.4 -1.7 -1.7 -1.7 -1.7 2.7 2.4 1.9 2 2 2.3 2.2 1.9 1.9 2 2.1 2.5 2.6 14.1 22.2 23.1 23.4 26.1 29.2 32.2 32.6 31.9 27.6 18.6 14.3 24.4 36.4 50.3 61 69.2 75 80.2 84.6 87.8 89.5 89.9 90.4 90.1 89.4 89.3 89.2 89.4 89.8 90.6 90.7 90.9 92.7 95.3 99.4 103.8 106.9
110.2 113.4 116.7 120.8 124.9 126.5 126.5 123.4 118.6 113.5 107.2 98.9 90.7 85.3 82.4 81.3 79.6 77.9 75.9 74.8 72.9 72.2 71.7 71.2 69.9 67.1 63.2 57.4 51.6 44.6 33.5 19.4 7.7 -1.7 -1.7 -1.7 1.9 2.2 2.2 2.2 2.1 1.8 1.8 2 2.1 1.9 1.7 1.9 2 2 2 4.1 14.6 20.9 17.7 18.9 22.5 25.4 27.5 28.4 27.4 23.2 14.4 14.1 28.7 41.9 54.7 63.9 71 76.3 80.3 82.9 85.8 86.4 86.4 86.4 85.3 84.7 84.6 84.7 84.1 84.6 85 85.5 85.8 87.9 92.3 97 101.6 105.2
105 109.2 112.7 117.8 122.3 124.4 124.1 121.3 116.4 110.6 103.1 94.7 87 80 76 74.4 72.8 71 68.9 67.4 66 65.7 66.1 65.9 64.5 61.4 56.8 36 20.1 20.7 13.4 -1.7 -1.7 -1.7 2 2 1.8 1.6 1.7 1.7 1.7 1.8 1.8 1.8 1.9 2.4 1.9 2.2 2.1 1.9 1.8 9.8 14.7 16.4 12.2 9.9 10.5 12.3 15.6 17.4 18.4 14.9 11.6 23.1 38.9 52.4 61.2 66.8 72.8 76.2 79.7 81.9 83.7 84 83.6 82.1 80.8 80.4 78.3 78.4 79.2 78.7 79.8 80.9 80.5 83.9 89.1 95 100.3 103.2
102.4 106.5 110.5 115 119.3 122.6 121.3 118.3 113.3 106.7 98.6 90.6 82.7 74.9 68.5 67.1 65.5 63.8 61.6 59.9 58.1 58.1 58.4 58.7 58.6 32.6 16.7 15.1 11.6 -1.7 -1.7 -1.7 2 2 2 2 2 1.7 1.5 1.5 1.7 1.8 1.8 1.8 1.9 2.2 2.2 2.1 1.9 1.7 5.5 15.2 12.8 8.7 5.3 5.9 5.7 6.3 7.2 8.4 8.7 10 19.6 36 52.4 59.2 64.5 69.4 73.2 75.9 78.5 80.2 79.5 79.6 79.1 77.5 76.2 74.5 73.9 74.2 73.9 74 73.7 74 74 80.1 87.7 93.6 98.5 102.1
100.1 104.1 108.2 112.9 117.4 119 118.6 114.8 109.6 102.2 93.7 85.7 77.8 70.3 61.8 57.9 57.2 55.3 53.2 51.2 48.9 48.7 50.1 51.4 50.3 15.9 15.5 -1.7 -1.7 -1.7 2.1 2 1.8 1.8 2 2 2 1.9 1.6 1.5 1.7 1.8 1.8 1.8 1.9 2.4 2.5 1.7 1.6 4.6 13.7 13.3 8.8 3.4 6.3 16.9 20.2 20.2 19.6 20.2 24 28.3 36.8 52.3 58.6 63.1 66.5 69.2 72.6 75.5 76.4 76.8 76.6 75.8 74.6 73.1 71.6 70 68.6 68.1 69 68.3 68.5 68.1 69.9 76.9 86.1 92 97.8 100.7
98.9 102.3 105.9 110.7 114.7 116.6 115.8 111.3 105.6 99.4 89.7 78.8 70.9 63.3 56.4 50.9 45.2 40.6 34.7 32.5 30 30.6 33.6 38.5 36.6 15.6 15.1 -1.7 -1.7 2.2 2 1.9 1.7 1.6 1.8 1.9 1.9 1.8 1.6 1.5 2.2 1.7 1.7 1.8 1.8 3.1 2.8 2.3 2.4 10.1 12.4 10.6 4.7 2.8 17.4 34.2 39.1 39.4 38.2 41.2 47.5 48 54.5 58.4 61.2 64.1 67 69.7 71.8 72.7 73.6 74.2 73.2 72.1 70.3 67.8 65.7 63.9 63.1 63.3 63 63.2 63.2 62.2 65.6 76.4 84.5 91.1 96.3 99.5
98.9 102.4 105.8 108.9 113.6 115.3 114.2 107.3 102.7 99.3 86.5 78.7 62.7 55.8 48.8 41.5 34.9 30.2 25.1 20.5 17.2 12.5 11.9 18.1 21.4 11.1 -1.7 -1.7 2.1 2.1 2.1 2 2 1.9 1.5 1.6 2.1 1.8 2.2 2.7 3.7 5.3 6.8 6.9 5.2 3.4 2 3.4 3.2 6 8 6.6 3.1 6 25.9 38.1 44.1 46.8 48.5 49.9 52 54.5 56.6 59.1 61.4 64.2 65.7 67.8 68.9 70.6 71.1 71.2 70.1 68.6 65.9 63.2 61 59 57.4 57.9 58.1 58 57.3 57.7 66 76.9 85.4 90.4 95.3 98.1
99.1 102.6 106.1 109.8 113.1 114.8 110.6 103.6 96.6 98.3 90.6 79.8 65 57.1 51.2 47.5 43.9 40.9 38.1 34.3 29.6 23.6 15.5 6.7 4.7 3 -1.7 -1.7 2 2.1 2.1 2.1 2.1 2.1 1.9 1.7 1.5 2.1 2.9 5.4 7.6 9.7 11.9 12.5 13.1 10.5 5.6 3.5 2.5 2.9 4.1 3.1 3.8 13.2 33.6 39.6 44.4 47.2 48.8 50.4 51.8 53.6 55.9 57.8 58.9 61.1 62.9 64.6 66.2 67.5 68.1 67.8 66.3 65 61.7 59.1 56.3 54 51.4 52 52.6 52.6 51.9 54.5 67.5 77.8 85.4 90.5 94.9 97.1
99.2 102.9 106.4 109.9 112.3 112.5 109.3 102.8 97.6 98.6 94.4 81.6 75.7 67.6 58.2 53.8 50.3 46.3 42.1 36.9 31.6 26.1 19.7 12.5 4.6 -1.7 -1.7 2.2 2.1 2.1 2.2 2.1 2.1 2.1 1.8 1.7 1.7 3.4 4.9 8.3 10.2 12 13.6 14.9 15.3 16.3 14.6 9.7 4.3 3.7 3.4 4.4 15.2 26.2 34 38.1 40.5 42.5 43.8 45.6 47.4 49.6 51.3 53.1 55 57.3 59.3 61 62.7 64.1 64.9 64.4 63.1 60.8 58.2 55.7 52.3 48.8 45.7 46.5 46.5 46.6 48.2 55.7 69.8 79.1 85.8 90.9 94.4 95.5
99.4 103 106.2 109.8 113.1 112.6 110.6 107.1 104 100.2 95.5 86.5 77.1 67.4 57.4 50.6 47.4 43.7 39.5 34.2 27.9 22.4 15.9 6.8 3.2 -1.7 -1.7 1.9 2.1 2.2 2.2 2.2 2.2 2.2 1.6 1.6 2.3 4.4 6.9 8.9 10.6 11.2 12.7 14.5 16.4 17.9 20 21.3 20.9 18.3 18.5 19.4 26.3 27.6 28.2 28.9 29.1 29.5 30.4 31.9 35.1 38.7 42.5 46.4 48.6 51.2 54 56.9 59.3 61.5 62.1 61.1 59.8 57.5 55.1 51.9 48.4 44.2 40.4 39.8 40.2 42 48.5 60 71.4 80.2 86.2 90.8 93.5 94.5
98.8 102.6 106.3 109.8 111.9 113.2 112.6 110.4 109 105.1 95 86.6 77.3 67.5 56.7 47.2 42.4 38.4 32.8 26.3 20.7 14.2 9.5 6.2 4.4 4.6 -1.7 -1.7 2 2.2 2.2 2.1 1.9 2.1 1.7 1.9 3.1 4.2 6.4 7.3 8.2 8.5 11.1 13.3 14.7 15.9 18.1 20.2 21.9 22 20.4 20.2 8.8 18.1 17.2 16 15.9 15.9 14.8 15.7 17.2 22 25.6 30.5 38.8 43.8 47.8 52.3 55.3 57.6 58.2 57.8 56.6 54.3 52.1 49 44.5 39.9 34.4 33.5 39.6 45 51.6 63.8 73.4 81.1 86.4 90 92.1 93
97 101.1 105.2 109.1 111.5 113.8 115.4 114.7 111.2 106.5 96.6 87 77.6 67.7 56.1 45.6 37.7 31.9 24.5 20.4 16.8 13.5 10.5 7.7 5.1 5.5 -1.7 -1.7 2 2.1 2 1.9 2.2 2 1.9 1.9 2 3.5 4.1 4.8 5.2 6 7.3 8.8 10.7 11.8 13 15 15.9 15.4 14.4 12.8 5.1 8.8 7.2 6.3 5.2 4.9 5.2 6 5.5 5.2 8 11.6 18.7 31.4 40.4 46.9 51.7 53.6 54.3 54 52.7 51.4 50 45.9 41.8 36.5 29.8 36 41.3 45.7 55 66.5 75.3 81.7 86.3 89.2 90.3 90.5
96.8 100 103.3 107.5 110.8 114.8 118.3 118 115.4 108.8 98.8 89.3 77.9 65.2 53.3 43.6 36.3 32.4 26 22.2 18.2 14.6 11.8 9 6.2 4.2 4 -1.7 2 2 1.8 1.7 1.7 2.1 1.9 1.7 2 2.1 3.1 2.8 3.7 5.3 4.7 5.5 6.5 7.6 8.8 9.7 9.5 8.5 7.6 5.6 4.3 4.5 3.3 3.4 3.2 2.6 2.3 2.4 2.5 2.5 2.2 2.2 2.1 6.6 13.9 19.1 27.6 37.1 50.4 50.2 49.2 47.9 46.3 44.6 40 32.9 27.1 34.8 39.6 45.6 58.6 68.7 76.9 82.4 85.8 87.9 88.6 87.3
96.8 99.6 102 106.5 110.7 115 119.2 122.2 117.5 111.8 102.1 87.6 72.3 60.1 50 43.9 43.2 37.2 27.6 23.8 19.7 15.8 12.8 9.8 6.9 4 3.6 -1.7 -1.7 2.3 2 1.7 1.6 1.4 1.9 1.7 1.9 1.8 1.9 2.5 3.4 3.3 2.9 3.7 3.7 4.2 4.6 4.9 4.2 3.1 2.7 2.3 2.4 3.4 2.3 2.4 2.2 1.9 1.9 1.8 1.8 1.9 2.2 2.1 1.6 1.7 2.1 2.2 2.2 9.9 24.6 38.7 45.5 44.4 43.4 41.7 37.9 29.4 24.7 31.8 38.1 48.4 61.4 70.5 77.4 82.4 85.6 86.4 86.8 84.5
96.3 99.5 105.5 111.3 114.2 117.2 121.8 125.7 122.7 116.2 103.1 85.9 70.1 60 56 54.3 49.4 42 32.2 25.3 21.5 17.3 13.4 10.3 7.2 4.7 4.5 -1.7 -1.7 2 1.9 1.8 1.7 1.7 1.4 1.8 1.7 2 1.6 2.1 2.6 2 2 2 2.7 3.1 2.9 3.4 2.8 3.2 2.5 2.7 2.5 3 2.8 2.3 1.9 1.8 1.8 1.7 1.7 1.8 2.4 1.9 1.4 1.4 1.8 2.7 2.7 1.5 2.7 15 34.8 40.3 39.5 38.8 35.9 29.4 20.1 29.4 37.6 52.3 63.6 71.2 78.5 81.8 84 84.6 83.5 81.1
96.7 104.9 114.8 120.7 123.6 126.5 129.3 130.8 128 121.4 109.5 94.2 82.9 72.3 67.2 66.1 57 46.9 36.8 27 23.4 19.1 14.6 11.8 9.4 7.3 6.1 4.5 -1.7 -1.7 2 2 1.9 1.9 1.9 1.9 1.8 2 1.6 1.8 1.9 2.1 2.2 1.9 1.8 1.9 2.5 2.1 2.3 2.2 2.1 1.9 1.9 3.1 2.5 2.2 1.9 1.8 1.7 1.7 1.8 2.3 2.1 1.7 1.5 1.5 1.6 2.9 1.7 1.6 1.4 1.9 14.7 35.6 35.2 35 33.6 26.2 17.4 28.1 39 55.3 65.2 73.2 77.6 81.6 83 82.3 80.1 77.8
105.2 114.4 123.9 130 132.9 135.8 135.2 134.6 131.9 125.2 117.7 106.2 95.4 83.7 72 68.6 58 50.7 41.6 31.5 25.2 21 17.4 15.2 13.6 11.8 9.5 7.1 5.3 -1.7 -1.7 2 1.9 1.4 1.8 1.9 1.9 1.9 1.5 1.7 1.9 1.9 2.1 1.9 1.7 2.6 2.4 2 1.9 1.8 1.7 1.9 1.9 1.7 2.7 2.5 2 1.7 1.7 1.8 1.9 2 1.9 1.9 1.6 1.7 1.7 1.2 1.4 1.4 1.3 1.5 2.6 19.7 30.1 31.7 30.4 22.7 14 27.4 42.3 57.6 66.8 73.4 78 80.5 80.8 79 77 74
113.1 123.8 133 139.4 140.2 139.6 139 138.4 135.2 128.8 122.7 113.6 104 92.8 79.9 71 59.1 48.1 42.5 35.4 27 23.9 22.1 21.1 19.4 17.9 16.5 14.4 11.3 -1.7 -1.7 -1.7 1.7 1.8 1.8 1.9 1.9 1.9 1.5 1.7 1.8 1.7 1.7 1.9 1.7 2 2.3 1.9 1.8 1.7 1.7 2 1.9 2.2 3 2.2 1.8 2.1 1.7 1.9 1.9 1.8 1.8 2.1 2 1.6 1.3 1.1 1.1 1.2 1.3 1.3 2.2 9.3 25.4 27.3 25.2 15.3 13.6 30 47.2 60.5 68.6 74.3 77.3 79.1 78.5 76.2 73.5 70
117 128 139 145 143.8 143.6 143 141.8 138.4 132.3 126.1 118 109.1 99.9 89.3 77.4 62.3 47.4 41.8 36.5 32 32.1 32.6 31.7 29.3 27 24.7 20.8 16.7 11.1 -1.7 -1.7 -1.7 1.8 1.8 1.8 1.9 1.8 1.3 1.2 1.5 1.9 1.7 1.7 1.8 1.8 2.1 1.9 1.8 1.7 1.6 2.1 1.8 2 1.7 2.9 1.9 2.1 2.1 2 2.1 2 1.9 2.2 1.2 1.6 1.4 1.2 1.2 1.3 1.3 1.2 1.6 2.8 6.3 10.7 10.3 7.2 19.6 36.8 53.6 62.9 69.6 74.2 76.4 76.9 75.8 72.7 69.8 66.4
120.9 131.9 141.5 146.5 147.3 147.2 145.5 142.5 138.7 133.1 127.7 122.1 113.5 107.2 98.2 86.7 70.9 52.6 48 45.1 44 44.7 44.8 41 37.2 34.7 32.2 27 22 16.6 11.2 -1.7 -1.7 1.8 1.8 1.9 1.8 1.6 1.3 1.3 1.3 1.6 2 2.3 2.2 2.2 2 1.9 1.7 1.6 1.5 1.8 1.9 1.8 1.6 2.9 1.7 1.8 2 2.3 2.3 2.2 1.9 2.4 2 1.8 1.5 1.3 1.3 1.3 1.3 1.2 1.2 1 1.6 1.8 6.3 19.9 34.9 49.9 58.5 65.1 70.6 73.7 74.8 74.9 73.4 70 66.4 63.3
127.7 136 141.9 144.9 145.6 144.8 142.8 140.5 136.3 132.9 129.6 124.8 120.5 114.9 106.2 90.6 76.4 60.6 58.5 57.7 57.9 57 55.6 50.6 46.4 42.7 38.9 32.6 27.5 22.2 16.8 10.9 -1.7 -1.7 1.8 1.8 1.8 1.5 1.4 1.4 1.4 1.5 1.7 1.8 1.8 1.8 1.8 2.5 1.7 1.6 1.9 1.8 1.8 2.2 2.5 1.9 4.1 1.6 1.7 1.9 2 2 1.8 2 2.3 2 1.8 1.3 1.4 1.4 1.4 1.4 1.5 1.3 5.7 18.8 27.6 39 49.6 55.1 61.4 67.2 70.5 72.7 73.6 72.5 69.4 66.3 63.2 59.3
137.7 137.4 138.5 140.5 141.9 141.4 139.4 137.3 133.9 130.7 128.1 126.3 124.3 121.7 116.5 102.3 86.6 74.9 71.2 70.3 71.1 70.3 66.6 61.2 56.6 50.8 48.1 41.7 34.1 28.5 22.6 14.9 7.3 -1.7 -1.7 -1.7 1.7 1.6 1.5 1.5 1.5 1.6 1.7 1.7 1.7 1.7 1.6 1.5 1.5 1.6 3.3 -1.7 -1.7 -1.5 -1.7 -1.7 2 2.4 1.6 1.9 2.1 1.7 1.8 1.7 2.4 2.1 1.8 1.4 1 1.5 1.5 1.3 1.3 1.8 19.2 35 40.6 46 51.4 56.6 61.8 67 69 70.9 71.3 69.9 66.8 63.8 60.3 55.9
134.9 132.7 133.3 135.5 138.7 138.3 136.9 135.3 130.8 126 123.9 124.7 126.3 126.7 124.6 117.7 106.5 98 91.2 89.7 88 86.3 78.4 68.2 60.9 55.2 49.5 42.9 35.6 27.5 20.6 13.9 8.1 7.6 -1.7 -1.7 -1.7 -1.7 1.6 1.6 1.6 1.7 1.7 1.8 1.8 1.8 1.6 1.5 1.5 1.5 -1.7 -1.7 -1.7 3.1 -1.7 -1.7 -1.7 4.1 2.8 3.1 2.5 2.2 1.9 1.7 1.6 2.3 2.1 1.4 1.6 1.6 1.3 1.5 1.4 7.4 29.7 36.3 41.5 46.4 51.5 56.6 60.6 64.7 67.2 68.8 69 67.1 64.3 61.3 57.3 52.8
131.8 128.9 127.6 131 135.4 136.6 135.7 133.5 129.1 122.6 117.2 120.1 125.1 129.8 130.1 128 124.8 118.3 112.4 107.1 107 99.9 89 77.8 66.2 56.4 46.9 38.9 31.5 25.3 17.4 10.6 14.4 15.1 15.7 16.4 -1.7 -1.7 -1.7 -1.7 1.7 1.8 1.8 1.8 2 1.8 1.5 1.5 1.5 -1.7 -1.7 -1.7 6.4 5.1 2.9 2.6 -1.7 2.3 2.7 1.8 1.9 1.9 1.7 1.6 1.6 1.8 2.2 1.5 1.8 1.9 1.9 1.7 1.3 20.9 32 36.3 40.9 45.5 49.9 54.5 58.4 62.7 64.9 66.2 67 65 61.8 58.7 54.6 50.2
129.6 126.2 121.5 126.5 131.5 134.5 134.8 133 127.8 120.7 110.6 115.6 123.3 131.5 132.6 134.6 134.2 130.7 126.6 122.9 117.3 109.6 98.8 89.1 75.9 61.8 53 45 37.5 30.3 21 16.2 26.3 24.4 24 24.8 23.8 22.9 -1.7 -1.7 2.2 3.3 2.4 2.1 2.1 1.8 2.3 3.6 -1.7 -1.7 -1.7 10.6 8.3 6.2 2.9 1.8 -1.7 -1.7 4.1 1.7 1.7 1.8 1.9 2 2 2 1.8 1.1 1.9 2.3 2.5 1.6 14.5 29.5 31.9 35.8 39.9 43.9 48.3 52.1 55.4 58.4 61.8 62.4 63 63.3 60.5 57.4 52.2 47.3
