public/OST50/TQ53.asc
ncols 200
nrows 200
xllcorner 550000
yllcorner 130000
cellsize 50
[rows 148 to 184 of 200, columns 0 to 83 of 200]
78.1 79.2 81.9 85.2 88.6 92 94.1 96.4 98.9 103.4 108 112.3 115.8 121.3 127.5 131.4 133 135.3 136.5 138.1 139.9 141.3 143.6 145.8 148.1 150.4 152.5 152.5 151.6 150.6 148.4 146 142.4 138.7 136.2 132.7 128.6 123.5 118.3 113 109.2 105.8 102.3 100 102.3 105.2 108.7 112.8 115.8 113.8 110.5 105.2 100 97.5 99.6 104.6 107.2 104.6 100.3 95.6 95.8 105.7 110.8 112.6 113.9 116.2 125.2 130.9 134.8 136 132.8 132.9 130.3 128.2 126.5 123.6 119.5 116.2 113.7 110.8 113.1 113.8 112.7 112.7
81.7 82.6 85.1 85.9 87.5 89.9 94.2 98.3 101.3 106.2 110 112.1 114.1 118 122.7 127.9 132.5 136.8 138.8 140.7 143.1 143.3 143.4 145.6 147.9 150.2 151.9 152.6 151.5 149.8 147.8 144.5 140.8 137.2 133.7 130.4 125.4 120.2 115.2 111.2 109 107 105.6 105.6 107.2 109 112.6 116.5 116.4 112.6 108.9 104.3 101 104.2 110.1 111.1 109.2 105.3 100.3 98.5 98.9 104.9 113.8 116.3 118.1 122.6 129.7 133.2 133.2 131.3 127 123.5 122.2 120.5 119.1 116.6 113.2 110.3 107.4 106.1 107.5 107.8 106.4 105.4
84.9 88 90.6 92 91.4 93.8 98.1 101.2 105 109.3 113.6 116.4 117.5 120.7 125.2 129.8 135.7 139.6 140.9 143.9 146.3 146.6 145.8 146.1 148.1 150.4 152.1 152.3 150.9 149 146.6 143 139.6 135.9 131.8 127.1 122.1 117.7 115 113.1 111.7 110.7 110.5 111 112.6 113.6 116.1 118.7 116 112.7 108.8 104.7 105.1 112.5 116.2 114.6 112 106 103.2 103.4 101.5 104 112 119.7 123.1 127.9 132.1 133 131 128.3 124 116.9 113.6 113.6 112 108.8 105.5 103.4 101.7 99.3 99 98.7 97.9 97.2
92.6 97.8 100.1 99.3 94.6 95 98.4 102.5 108 112.4 116.9 121.2 124.5 127.7 131.4 135.1 139 143.2 144.8 147.8 149.6 150.4 149.8 148.8 149.1 150.6 152.4 151.8 150.8 147.9 145.1 142.1 139.8 136.2 132.5 128.5 124.8 121.6 119.7 117.6 116.1 115.1 115.8 115.8 116.3 117.2 118.9 119.8 116.5 113.3 109.3 106 109 113.4 116.5 117.4 113.3 107.5 107.4 107 104.2 105.1 111.7 120.8 126.8 131.5 132.6 131.4 129.4 125.8 122 115.4 111.3 109.8 107.7 104.6 102.6 101.9 99.2 97.3 96.7 95.7 93.8 91.7
100 105.4 105.7 104.3 98.9 96.3 97.7 102.1 109 115.3 118.6 125.9 130 133.7 136.6 141.5 144 146 147.9 151.2 153.1 154.6 154 152.8 151.8 152.4 153.4 151.8 150.6 147.4 144.7 142.3 140.4 137.6 135 132.5 129.4 126.8 124.7 122.4 120.5 119.5 119.7 120 120.4 120.8 121.1 121.3 117.7 113.8 109.8 110.3 113.4 115.5 118 119.6 114.5 111.4 110.6 108.6 107.3 109.7 113.4 118.9 125.2 130.9 132.6 130.3 127.4 123.6 118.9 115.9 116.1 114.9 112.6 109.6 107.9 106.2 102.4 100.5 99.4 97.9 96.8 96.5
105.7 110.7 110.7 109.7 104.6 100.5 99.3 102.9 109.4 116.4 122.2 128.1 134 138.3 141.1 144.4 147.4 149.6 151 153.4 156.6 158.4 158 156.9 155.8 155.1 155.7 153.5 151.5 148.5 146.6 144.8 142.7 140.6 138.5 136.6 133.3 131 129.5 127.3 125.7 124.7 124 123.3 123.5 123.9 124 122.9 119.3 114.9 112 115.5 118 119.3 120.9 121.6 116.4 113.4 112.9 110.6 111.7 115.3 119.4 123.3 128.1 133.2 132 129.5 125.8 122.6 119.8 118.8 120.6 119 116.6 114.4 111.4 107 106.4 106.2 106.3 104.5 103.7 102
111.1 115.5 117.5 116.1 113.4 106.5 103.1 103.2 109.2 116 123.1 128.7 135.8 140.7 144 146.6 149.6 152.7 154.5 155.8 159.4 161.3 162.1 161 159.9 158.6 157.8 156.7 153.4 151.2 150.5 149.3 147.8 145.5 143.6 141.7 138.5 135.7 134 132.1 131 130 128.8 125.7 126.6 126.9 127.3 125.9 122.6 118.2 118.2 120.3 122.4 123.7 124 123.6 121.2 116.1 114.4 114.7 117.4 121.4 124.8 128 130.7 132.9 131.2 129.4 126.1 123.3 122.7 123.2 123.5 121.6 119.2 116.2 112.6 111.4 111.7 111.3 110.6 110.2 109.3 107.2
117.4 121 122.9 122.2 119.1 113.7 107.7 104.6 108.1 115.4 123.2 128.7 135.5 140.1 143.5 146.5 149.1 152.4 155.8 158.2 161.2 163.9 165.5 165 163.7 162.4 160.8 159.5 158.3 156.3 155.3 154.5 152.6 150.6 148.7 146.8 143.3 140.8 138.7 137.3 136.3 135.3 133.1 130.7 130.8 131.5 131.4 128.8 125.3 122.3 124.7 127.2 127.6 127.3 127.1 126.6 123.2 118.8 117.8 120 124.7 126.8 129.5 132.1 135 133.3 131.7 129.5 127.4 126.9 126.9 126.9 125.7 123.5 121.3 116.9 117.1 116.8 116.4 115.6 114.7 114.4 113.1 110.8
123.6 127.1 128.5 128 124.7 118.7 113.2 107 107 113.8 121.5 126.9 132.9 138.6 141.6 143.8 147 150.5 154.3 158.4 162.3 165.2 168.2 169.1 168 166.5 164.7 163.6 162.3 161.5 160.2 159.2 157.7 155.7 153.8 151.5 148.1 145.6 143.6 142.4 141.1 139.9 138 136.1 135.6 135.8 134.7 131.9 128.6 128.5 130.4 131.9 132.1 131.8 131.1 129.8 125.8 122.8 122.8 126.3 129.9 132 134.1 136.2 137.2 136.1 134 133.1 133 130.8 130.5 129.6 128 125.8 122.2 120.5 121.4 122 121 119.5 118.7 117.7 116.3 113.7
129.4 133 133.7 132.1 129 124.3 119.1 113 106.9 111.4 119 123.5 128.9 132.6 136.7 140.6 144.3 148.6 153.2 157.9 162.4 165.6 169 170.7 171.4 170.1 168.9 167.7 166.3 165.1 164.7 163.1 161.8 160 158.3 155.8 152.8 150.1 148.1 146.8 145.4 144.1 142.2 140.8 140 139 138.1 135.1 131.8 132.8 134.6 135.7 136 135.2 134.7 133.4 130.1 129.4 129.9 131.7 134.4 136.2 137.3 139.9 139.5 138.7 134.7 137.4 136.9 135.6 133.5 132.4 130.2 127 122.9 124.5 126.6 126.8 125.7 124.2 121.8 119.8 115.9 111.4
133.8 136.8 136.3 134.8 132.6 129.2 124.6 118.5 110.7 109.5 113.1 115.8 121 125.4 130.9 136.2 141 146.4 151.4 156.5 161 164.5 168.1 170.8 171.9 171.3 171.2 170.9 169.8 168.5 167.6 166.9 165.4 163.6 161.9 159.5 156.6 154 152.2 150.9 149.7 148.3 146.5 144.9 143.4 142.8 141.3 137.5 136 137.7 138.2 139.3 139.3 139.1 138.9 137 132.4 134 136.4 136 138.1 140.2 141.8 142.6 141.9 138.6 136.4 140.3 140 139 136.2 134.2 130.9 127.1 126.3 128.3 129.5 130.1 128.8 126.7 123.8 121 116.7 112.5
136.8 138.5 138.4 137.6 136 133.5 130.2 123.8 118.1 112.1 111 110.8 112.6 114.1 121.1 128.7 136.9 143.9 149.5 154.4 158.5 161.7 165.2 167.9 169.7 171.6 172.6 173.6 173 172.5 171.2 170.3 169.1 167.2 165.5 163.2 160.4 158.2 156.4 154.9 153.7 152.2 150.5 148.8 146.8 146.4 144.3 140.3 139.3 141.1 141.8 142.5 142.2 142.9 143.1 141.1 135.8 138.6 141.4 140.2 142 144 143.6 145.8 144.1 140.5 139.6 142.2 142 141 138.3 135.4 131.2 129.6 130.4 131.1 131.4 130.9 129.9 127.3 124.5 121.8 118.2 118.2
139.7 141.4 141.4 140.2 138.8 137.6 134.3 129.7 126.3 122.4 119.5 117.7 114.2 118.5 118.6 119.6 129.3 140.9 147.4 151.7 155.3 158.7 161.9 164.4 167.1 169.2 172.4 174 175.8 175.7 174.9 173.8 172.9 171 169.1 167 164.2 162.5 160.7 158.9 157.6 155.9 154.1 151.9 149.7 149.5 146.7 143.3 140.6 144.1 146.7 147.1 145.5 145.8 147.7 145.6 142.4 144.8 146.3 147.2 145.8 146.5 146.9 147.6 145.8 143.7 143.6 143.4 143.6 143.2 140.6 137.8 133.8 134.2 134.1 133.8 132.9 131.5 129.5 127.1 124.2 121.7 122.8 124.6
142.6 144.2 143.8 142.7 141.1 139.3 137.7 135.8 133.1 130.1 126.5 124.5 121.8 126.5 127.5 125.4 125.3 135.8 143.9 147.7 151 154.4 157.8 160.7 163.9 167.3 170.8 173.7 176.2 177.9 178.5 177.3 176.5 174.8 172.9 170.6 169 168.2 166 164.3 162.6 160.6 158.4 155.5 152.9 152 149.6 147.4 145.5 148.9 153.5 152.5 151.6 152.4 151.8 149 149 150.2 150 148.8 148.4 150 150.8 150.9 151.1 150.3 146.1 145.1 144.9 143.8 140.5 138.6 138.6 138.2 137.4 136.6 134.6 132.5 129.9 126.5 124.1 125.4 127.5 129.3
144.5 146.1 146.4 145.8 144.1 142.7 141.7 139.6 137.6 135.5 132.7 129.6 128.1 129.7 131.9 131.5 130.3 131.7 139.3 143.6 146.7 149.5 152.9 158.6 163.4 167.7 171.1 174.3 176.4 179.1 179.8 179.9 179.6 178.4 176.8 174.8 174 173.4 171.9 170.2 168.3 165.4 162.4 159.5 156.6 155.5 154.8 152.8 150.6 155.3 159.2 159.3 159.1 157.3 155.8 154 153.5 152.4 151.1 151.7 151.6 153.3 153 151.9 151.6 151.3 150 147.9 146.1 145.6 145.1 143.6 142.8 141.7 140.4 138.5 136.3 133.3 130.3 127.8 128.2 129.7 131.8 133.8
147.6 147.5 148.1 148.3 148.1 147 145.7 143.3 141.4 139.6 136.6 134.4 134.3 134.8 136.5 135.9 135.8 135.5 137.5 140.8 143.7 146.9 150.4 158.8 163.8 168.4 172.4 175.4 176.9 179.7 181.9 182.4 182.1 181.9 180.7 179.7 179.2 178.6 177.3 175.7 173 169.8 166.8 163.6 161.4 159.4 158.4 156.7 157.2 161.3 162.6 162.3 161 158.6 157 156.2 156.2 156.1 152.6 153.1 154.2 156.9 156.5 156.3 156.6 155.1 151 148.6 147 145.5 146.9 146.8 145.3 144 142.6 140.5 137.6 134.8 131.9 131.7 132 133.1 135.1 137.6
148.2 149.5 151 152 152.1 151.4 150.3 148.5 145.1 143.3 139.9 139.1 140 140.4 142.3 142.3 139.5 140.7 141.6 143.4 146.2 150 151.9 158.2 164.6 169.2 173.4 177.5 179.2 181 183.8 184.8 185.1 185 184.5 183.9 184.1 183.4 182.3 180.2 177.4 174.2 171 167.7 164.7 162.6 163.4 164.2 164.1 164.6 164.9 163.4 161.9 159.5 156.7 156.7 157.7 155.2 152.8 152.8 155.2 158 159.1 158.7 157 156.7 157.1 151.9 151.5 149.4 150.3 150.4 148.4 146.3 144.5 142.2 138.8 136.6 135.8 135.8 136 136.5 138.4 139.2
149.8 152.8 154.9 156.7 157.1 155.6 154 152.2 149.8 147.2 143 144 145.1 147.1 148.7 148 145.3 146 147.3 149.1 152.6 157.3 157.2 159.1 165.2 169.7 174.2 179.2 181.3 183.2 185.5 187.5 188.4 188.2 188 187.6 187 187 186.1 183.6 181.1 177.7 174.4 171.4 168.5 165.9 165.4 165.7 166.4 166.5 165.6 163.9 162.1 159.9 157.6 157.7 157.9 157.6 156.8 157.3 159.2 160.2 160.8 160.4 158 158.2 157.5 152.9 152.2 152.5 153.9 153.7 151.9 149.4 146.5 143.7 141.2 140.9 140.1 140 140.2 140.4 141 140.7
153.2 156.8 158.8 160.4 161.1 158.4 156.6 154.9 153.1 150.3 147.6 148.1 150.2 153.2 154.8 154.1 151.5 151.4 153.1 155.2 160.9 165.5 165.3 163.9 165.8 170.3 174.6 179.8 184 186.4 187.8 189.9 190.8 191.7 192.1 191.9 191.3 191.5 187.2 186.8 187.2 181.4 177.2 173.6 171.2 168.7 167.7 166.9 166.8 166.1 165 163.2 161.5 159.3 157.5 156.9 156.6 157.8 158.5 159.5 160.1 161.5 162.1 161.4 159.3 158.4 156.2 155.1 154.7 155.3 157.2 156.4 154.8 152.3 149.3 147.2 145.9 145.5 145.1 144.8 145 145.1 145.1 142.9
149.6 156.8 159.3 160.9 163.2 163.4 158.1 157 156 155.1 153.5 155.9 157.5 159.9 160.6 160 157.3 156.6 159.3 163.9 169.8 172.4 172.3 170.5 169.3 171.8 176.1 181.1 186.2 189.8 191.5 193 193.9 195.3 196.3 195.8 194.7 194.1 193.1 187.6 187.4 183.3 179.5 175.8 173.5 170.8 169.4 167.5 165.3 164.8 164.2 162.6 161 158.3 157.2 155.2 155.1 155.9 157.8 159.7 161.1 162.6 163.6 162.4 161.2 160 158.8 157.8 157.8 158.9 159.9 159 157.4 155 152.1 150.1 149.3 148.9 148.6 148.5 148.5 148.2 146.6 143.8
141.9 153.4 159.6 161.2 160.9 161 160.1 158.7 158.1 158.4 161.3 165.7 166.4 165.7 166.4 165.4 162 162.1 166.6 171.8 174.9 180.1 178.3 176.9 175.3 177 178.7 183.6 187.9 192.2 195.4 196.4 197.8 199 199.2 196.4 195.6 194.8 191.7 187.6 187.4 184.1 181.4 177.8 174.7 171.5 169.7 167.7 163.4 161.2 162.7 161.8 160.4 159 156.4 153.2 152.2 152.6 153.9 157.1 159.6 164.2 164.3 163.6 163.7 162.6 162 161.1 161.3 161.5 162.6 161.6 159.5 157.1 154.7 153.5 152.8 152.5 152.1 151.7 151.6 149.3 146.2 142.2
135.8 147.6 156.8 162.3 163.2 160.1 160.3 160.3 161.4 163 167 170.5 173.3 174.6 173 170.2 166.7 167.9 170.4 175.9 181.1 183.7 183.4 182.4 181.6 183.1 184.3 185.7 189.9 195 198.9 199.5 201.9 201.8 202 200.4 196.5 195.5 191.5 187.9 187.5 184.7 181.4 178.1 175.2 171.7 169 166.6 162.5 159.2 160.5 160.9 159.5 157.1 153.8 152.2 152.4 150.2 150.7 153.6 157.8 162.5 163.6 164.8 165.1 165 164.9 164.4 164 164.2 164.2 162.8 161.2 159 156.8 156.4 155.7 155.4 155 154.3 152.7 149.8 146.5 141.2
131.3 141.9 153.3 158.2 160.1 159.7 160.2 162 164.9 168.1 171.8 175.1 178.3 178.9 177 173.3 171.4 171.9 174.3 181.2 185.2 188.2 188.2 187.3 187.2 189 190.1 190.2 193.3 197.7 202 203.9 204.7 204.6 203.3 201.2 198 194.2 191.3 189.8 186.2 183.3 179.6 176.3 173.8 171.6 168.3 164.9 161.4 159.3 159.7 158.3 156.7 155.6 155.5 155.2 155.2 151.6 148.3 148.6 154.6 159.9 164.1 165.3 166.1 166.2 166.9 167.5 166.9 166.4 165.6 164.2 162.4 160.9 160.1 159.5 158.8 157.7 157 155.5 153.3 150.3 146.9 141.9
129 138.2 149.4 154.9 156.3 158.7 159.4 161.7 165.1 168.7 173.1 177.8 181.3 181.2 179.3 177.2 175.4 176.2 178.4 184.8 190.5 193.7 194.6 193 192.8 194 194.7 194.9 196.3 199.2 204.6 206.5 206.6 205.8 203.3 200.9 198.2 194.5 192 188.3 185.8 183.1 178.8 174.4 171.4 169.5 166.6 162.9 160.2 158.6 156.9 155.6 156.1 157.9 160.1 160 158.4 153 147.8 146.8 153.2 158.7 163.1 166.9 168.4 168.4 169.2 170.3 170 169.4 167.9 166.2 164.7 164.1 163.5 162 160.5 159.2 157.4 155.7 153.5 150.5 147 141.9
127 134.1 141.5 147.3 151 153.6 156.3 160.1 164.3 168.2 173.2 178.3 183.6 183.5 182.2 181 179.5 179.9 182.6 188.5 194.1 198.4 199.5 198.7 198.8 200.1 199.9 200.5 201.1 202.1 206.1 207.9 206.6 205.3 201.7 198.6 195.4 191.4 189.2 186.5 184.3 179.7 176.6 173.2 170.3 167.8 165.4 163.8 161 158.1 157.1 159.1 159.4 160.5 162.1 161.6 159.7 154.5 148 146.7 151.8 157.6 162.5 166.5 169.5 170.5 172 173.1 172.8 171.9 169.9 168.4 167 165.6 163.8 162 160.4 158.7 157 155 152.8 149.8 145.3 140.7
126.2 131.3 136.4 141.6 145.6 146.7 151.3 157.7 163.1 166.7 171.5 177.2 182.7 185.1 185.3 184.7 184.4 184.4 187.3 191.8 197.8 203.6 205.3 203.8 202.9 203.5 203.8 204.8 205.4 205.2 206.5 207.1 205.4 202.5 198.8 195.5 192.1 188.1 186.4 183.4 180.4 178.2 175.4 172.3 169.5 166.8 164.8 163 159.7 158.7 160.7 163.1 164.5 163.9 163.6 162.2 159.4 154.1 149 146 148.9 156 160.6 164.7 168.6 171.6 173.5 175.2 174.6 173.4 171.7 169.8 167.4 164.8 162.5 160.4 158.4 156.6 155 153.3 150.9 147.7 143.7 139.9
125.1 129.3 134 136.6 141.5 145.3 150 156.6 161.7 165.6 168 173.8 179.9 184.4 187.8 188.4 188.4 189.1 193.6 199.4 204.9 208 208.6 207.7 207.3 207.9 207.4 209.6 209.1 207.6 207.1 206.3 203.1 199.6 196.2 193.2 190 186.3 183 179.4 176.5 174.9 172.5 170.2 167.3 164.4 162.6 161.4 160.1 161 164 167.7 170 168.2 165.5 163.9 160.4 154.2 149.8 146.2 146.9 152.7 158.8 162.9 166.8 170.5 173.1 175.8 175.9 174.4 172 169.3 166.4 163.8 160.7 158.6 156.5 154.4 152.6 150.9 148.1 145.7 142.5 139.2
127.4 130.8 134.6 138.4 143.8 149.2 153.4 157.5 161.9 165.1 167 171.9 177.6 184.5 188.8 190.5 191.7 193.8 197.8 204.8 209.7 211.8 212.3 211.2 211.3 211.9 213.3 213.6 212.6 209.8 207.9 205.5 203.2 199.6 195.2 191.2 187.2 183.1 179.3 175.9 173.4 171.4 169.3 167 165.5 164.1 163 162.7 162.6 163.3 166.2 171.5 173.4 171.9 167.4 164.6 161.4 155.2 150.7 146.1 145.5 150.1 156.1 161.2 165.2 168.9 172.4 175.3 175.8 175.3 173.8 170.5 165.9 161.9 158.7 156.5 154.4 152.1 150.2 148.6 146 143.6 140.8 137.7
131.2 132.8 137.3 142.6 148.4 154.1 158.3 162 164.5 166.4 168.7 171.9 175.7 182.1 188.6 192.3 194.8 197.3 202.6 208.7 213.5 215.9 215.4 214.7 215.5 215.7 215.9 215.5 213.3 210.6 206.8 204.2 202.1 199 194.5 190.3 186.6 183.2 181.1 179.2 175.3 171.5 169.1 167.8 167.1 167.3 167.1 166.4 166.3 167.1 169.5 175 174.4 173.1 169.4 165.4 163.5 155.4 150.7 146 144.1 147.3 152.2 157.6 163.2 167.8 171.7 175.4 176.2 176 174.4 170.6 164.8 160.6 156.9 154.4 152.2 149.8 147.7 145.7 143.5 141.3 139.1 136.1
135.4 135.9 141.5 145.8 151 158 163.1 165.8 167.3 169.1 171.1 173.3 176.4 180.1 185.8 191.8 197.2 200.8 206.4 212.3 217.6 219.6 217.8 217.6 218.9 219.2 218.8 218.1 215.7 210.2 208.7 206.3 203.3 200.1 196.1 192.6 189 185.5 184 181.9 178.2 174.1 172.3 171.6 171 171.3 172 171.1 171.1 173.7 177.3 176.5 175.5 174.4 170.3 165.9 163.5 155.8 151.3 146.7 142.7 145 148.8 154.7 161.8 167 171.2 175.3 176.8 176.6 174.6 170.4 164.2 159.8 155.9 153 150.4 147.6 145.2 142.8 140.2 138.1 135.9 134
137.7 139.9 143.7 147.5 152.7 161 167.3 169.8 170.8 172.3 174.3 177.4 180.7 185.5 188 192.9 198.9 205 210.4 215.8 220.7 221.7 221.7 222.1 222.6 223.4 222.2 220.5 209.8 209.9 211 209.5 206.2 202.9 198.8 194.8 191.7 187.9 185.3 183.7 178.9 176.1 175.8 175.7 175.1 175.6 176.5 178.1 179.1 179.8 179.2 178 176.5 174.8 171.5 166.3 162 157 153 148.2 142.8 143.1 147.2 153.6 161.1 166.2 170.6 175.1 177.3 176.8 175 169.8 164 159.7 155.9 152.6 149.8 146.8 143.7 140.2 137.3 134.8 132.6 129.4
141.4 143.1 146.1 150 154.6 164.2 170.4 173.7 174.7 175.3 178.6 182.9 187.5 191.7 194.7 198 201.4 207.8 214.2 219.4 223.5 224.6 224.8 225.1 226 226.2 225.1 222.5 219.4 216.3 214.7 211.7 208.3 203.2 200 196.8 194 190.5 186.6 182.8 178.7 179.3 181.3 180.2 178.8 181 183.1 182.5 181.5 181.2 180.3 179.4 178.3 175.9 171.5 167.5 162.3 157.8 153.5 149.6 144.5 142 147.2 153.8 160.4 165.8 170.6 175 178 177.7 175 169.9 164 160.3 156.7 152.9 149.5 146.2 143.1 139.3 135.1 131.8 129.4 125.7
143.4 145.6 148.7 153.8 160.2 168.1 173.7 177.8 178.3 180.5 184.6 189.5 195.7 198.5 202.3 205.7 208.5 211 217.6 222.5 226.4 227.8 228.2 228.8 229.4 229.2 227.7 225 222.2 219.6 216 212.4 209.3 205.3 200.8 196.9 193.5 190.5 187.1 182.4 182.6 184.7 185.8 183 182.8 185.7 187.7 186.4 182.9 182.3 181.5 180.6 180.1 177.7 173.9 168.7 163.5 158.8 154.8 151.1 146.2 141.2 147.2 154.2 160.2 165.3 169.9 174.7 178.8 178.8 175.4 170.1 165 161.3 157.7 153.2 150 147 144.3 141 137.2 133.5 130.1 125.1
145.6 148.1 152 158.1 165.1 171.9 177.3 181.1 183 186.3 190.6 196.5 201.2 203.9 208.9 212.3 214.5 218.9 223.4 226.6 229.4 231 232.2 232.6 233 231.6 229.7 228.2 224.6 220.9 216.9 212.5 209.3 206 201.3 196.6 192 189.6 187.1 185 185.7 188.4 187.6 187.1 189.1 190 190.3 189.7 187.5 183.5 182.6 182 181.9 178.5 174.3 169 164.4 160.2 157.3 152.9 147.1 141.3 145.3 153.6 159.7 164.2 168.8 173.5 177.2 179.1 175.6 170.2 165.8 161.7 158.1 154.9 151.5 149.2 146.6 143.4 139.7 135.9 130.8 124.3
148.5 152 156.5 162.1 168.6 174.7 179.7 183 185.2 189 195.1 201.4 205.2 209.6 215 218.7 223.2 225.9 228.3 230.9 232.8 234.1 235.1 235.8 235.6 233.8 232 229.3 225.7 221.9 217.6 213 208.4 203.8 199.2 195.7 192.3 190.1 189.4 189.9 191.1 192.1 191.1 191.8 194.1 195.2 193.3 192.4 188.5 185.9 183.4 183.2 181.4 178.2 173.6 169.5 166.2 162.3 159.2 155.4 148.7 142.3 143 151.1 158.4 163.2 167.7 171.6 175 177.5 174.6 169.8 166.1 162.1 158.6 155.9 153.3 151.4 148.2 144.7 141.2 137.1 131.3 124
153.7 156.5 160.8 165.3 170.7 176.1 180.6 184.4 187.8 192 198.8 204.9 207.3 213.4 218.5 225.1 228.3 230.6 233.1 234.9 235.8 236.8 237 237.7 236.5 234.7 232.6 229.9 226.6 222.6 217.9 213.8 207.7 203.4 199.3 196.9 194.5 193.7 193.6 193.9 194.5 195.4 194.9 197.3 196.6 195.1 193.2 192.9 189.3 186.5 183.6 181 178.4 176 171.7 169.8 166.9 163.4 159.9 157 150 143.1 140.7 147.5 156.6 162.5 166.6 170.3 173.4 175.2 173.5 169.9 166.1 162.4 159 156.5 154.1 151.9 148.4 145.1 141.5 136.9 130.8 124.2
157.5 160 164.1 168.3 171.9 176.4 180.8 184.2 188.3 193.1 200.4 206.1 210.1 215.2 222.4 228.8 231.5 234.4 236.5 237.5 238.1 238.6 239.4 239.1 237.2 235.6 233.1 230.5 227.3 223 218.5 214.1 208.6 204.9 201.9 199.7 198.8 198.9 199.7 198.6 197.1 197.9 198.6 198.8 198.5 196.8 193.1 191.6 189.3 186.5 183.5 180.3 176 172.9 170.3 168.6 166 163.5 160.7 157.1 151 143.7 137.6 143 153.8 161.7 166 169.3 172.6 173.8 172.5 168.8 165.6 162.1 159.3 156.9 154.5 151.8 148.7 145.5 141.2 136.5 129.5 123.7
