public/OST50/TQ53.asc
ncols 200
nrows 200
xllcorner 550000
yllcorner 130000
cellsize 50
[rows 74 to 110 of 200, columns 0 to 83 of 200]
50.6 51.8 54.4 55.7 55.7 54.7 55.2 56.3 57.2 56.5 57.9 61.6 68.6 73.6 78.1 81.8 84 87 89.7 92.7 93.1 94.2 93.6 92.4 91.1 90.2 88.8 85.2 82.3 80.3 78.4 76.3 73.4 71.4 67.7 65 58 48.8 56.7 58.1 51.6 53.7 54.1 51.9 49.7 48.1 46.8 46.8 46.3 45 44.4 44.8 46.7 49.2 50.5 51.9 50.8 47.5 45.7 45.9 47.2 45.4 46.7 46.5 46.3 47.5 48.8 52.1 57.2 65.9 73.4 77.8 79.1 79.1 78.9 78.2 78.4 79.7 81.3 82.1 82.8 83 82.9 82.6
53.7 54.3 58.6 61.1 61.1 60.5 60.9 62.9 62.5 61.8 62.2 66.5 73.6 78 83.2 86.2 88 90.5 93 96.1 95.1 96.9 96.3 95.1 94 93.1 91.3 89.3 86.7 84.2 81.4 79.2 76.9 73.6 69.8 62.8 53.4 54.9 60.8 60.5 53.5 55.9 56.7 54.6 53 51.3 50 50.1 49.5 47.4 46.6 48.6 52.1 54.5 56.2 55.5 52.9 47.3 45.8 48.1 48 46.1 46.7 46.7 47.3 47.9 49 51.7 55.3 63.6 71.2 77.9 80.5 80.8 80.7 80.6 80.6 81.8 83.4 84.2 84.9 85.6 85.6 84.9
57.7 57.1 61.1 65.3 68.1 68.9 67.9 68.5 70.3 69.3 70.5 74.9 80.1 83.9 88 89.9 91.5 94 96.4 98.5 98.1 99.9 99.3 98 96.9 95.4 93.8 91.4 88.9 86.8 84.3 81 78.1 74.7 69.7 59.4 54.5 59.8 63.5 62.2 54.1 58.6 60.2 58.7 55.9 55.5 53 53.2 53.3 52 52.1 53.4 57.9 58.8 57.8 55.5 51.9 46.4 49.4 50.8 46.6 46.5 46.7 47.3 49.2 49.6 49.9 51.1 54.6 62 69.2 77 81.9 82.3 83.1 83.3 83.3 83.6 85 85.8 85.8 85.6 85.4 84.7
62 61.5 65.5 69.4 72.7 74.2 73.7 75.5 77 76.4 78.9 81.4 85.6 89.4 91.9 93.8 95.5 96.8 99.3 100.9 100.7 101.9 101.4 100.8 99.2 97.6 95.2 93.1 90.9 88.3 85.4 83.9 80.5 76.3 66.7 56.8 61.1 68.9 67.2 63.6 54.2 62.4 63.6 61.8 60 58.3 56.3 57 58.6 57.7 58.8 61.5 61.2 60.1 58.1 54.5 48.1 46.7 49.2 50.1 46.6 46.5 46.7 48.5 51 51.1 51.1 51.8 54 60.3 67 73.6 79.7 83.1 85 86 86.1 86.1 86.2 85.9 85.5 85.3 83.5 82.2
66.4 66.7 69.8 73.2 75.8 77.7 78.7 80.3 82.6 82.4 84.1 86.7 90 92.7 94.6 97.1 98.6 99.2 101.4 102.9 103.2 102.4 103.3 102.7 101.4 98.4 95.6 93.5 91.5 88.7 85.6 83.2 80.5 71.4 61 61.3 70.2 72.7 69.6 62.6 59.4 66.6 65.9 65.3 63.3 61 60.2 62.6 64.4 64.4 65.5 64.3 62.7 60.2 56.9 51.5 45.9 53.3 56.1 51.2 46.7 46.6 47 50 53.5 53.8 54.3 54.4 54.9 59.3 65.1 70.5 75.8 80.7 86.1 88.4 88.1 87.5 86.5 86.1 85.2 83.8 81.4 79.1
69.5 71.6 73.7 76.6 78.8 81 82.6 84.4 86.3 87.5 88.8 91.3 93.9 96 98.2 100.2 101.4 102 103.7 104.8 105.5 105.2 104.5 103.4 101.5 99.4 96.9 94.1 91.2 88.4 84.4 78.2 73.3 65 63.7 71.5 76 74.7 72.1 62.5 64.8 69.9 69.4 68.2 66.5 64.6 64.2 67.3 69.2 69.6 68.2 66.2 63.9 60.8 55.9 47.6 52.7 58.8 58.4 48.1 46.8 46.8 47.8 51.8 55.9 56.8 57.3 57.6 57 60.5 65 68.9 73.3 78.4 83.4 88.2 89.5 88.7 86.5 85.1 82.8 80.5 78.3 76.1
71.9 74.9 76.9 79.2 81.9 84.1 86.7 88.7 90.5 92 93.6 95.5 97.2 99 101.1 102.7 104 104.9 105.9 106.7 106.9 106.3 105.1 103.9 102.2 100 97.5 94.5 90.6 87.4 82 73.3 68.9 68.8 75.7 81.6 79.6 76.7 71.9 64.4 70 73.2 72.9 71.6 70 67.8 67.3 71.4 73.8 73.5 71 68.4 65 62.1 52.8 49.7 57.4 63.5 59.4 49.1 46.9 47 47.2 52.8 58.3 59.6 60.4 60.9 59.9 62.5 66.2 69.3 71.7 75.5 79.1 84 86.3 85.6 83.6 81.2 79.1 77 75.3 73.8
72.5 76.2 79.5 81.8 84.4 86.7 89.7 92.7 94.7 96.2 98 99.1 100.5 102 103.5 104.9 106.2 107 107.6 108.3 107.8 106.9 105.9 105.3 103.5 101.3 98.6 94.5 89.7 82.3 77.3 74.5 75.1 78.2 84.6 84.9 82.6 79.1 74.4 65.6 75.4 77.6 76.7 75.2 73.9 71.4 71.7 75.4 77.2 75.5 72.9 70.2 66 58.7 47.3 54.4 62.2 65 59 51.8 46.1 47.3 47.4 51.4 59.6 61.6 62.7 63.6 63.3 64.8 67.3 69.9 71.3 74.3 76.6 79.2 81.1 80.6 79.2 78.1 76.7 75.2 73.5 72.2
72 76.3 80 83.2 85.6 88.3 91.6 95.4 98.7 100.3 101.5 102.3 103.1 103.8 105.3 106.8 108.1 108.7 109.2 109.1 108.8 108 107.3 106.8 105.4 103.3 100.2 96.9 91.9 83.3 80.3 81.2 83.6 86.4 88.5 87.1 84 80.9 74.6 71.6 79.6 81.5 80.6 79.1 77.6 75.9 76.1 79.6 79.2 77.3 74.2 68.4 60 50.2 52.6 59.5 65.9 66.5 62.4 54.3 48.1 47.5 47.4 48.8 58.9 62.8 64.6 65.6 66 67.3 69.1 70.1 71.3 72.3 74.4 76.8 78.2 77.6 77.3 76.6 75.5 73.6 72.2 71
70.5 75 79.4 82.1 85.3 89.3 93.1 97.1 100.7 103 104.2 104.2 104.7 105.6 107 108.5 109.4 110 110.6 110.2 109.8 109.3 108.7 108.3 107.2 105 102.4 99 92.7 87.7 88.9 90.9 90.9 90.5 90.9 89.4 86.3 83.4 74.1 78.2 83.2 85.1 84.3 82.8 81.1 79.2 80.6 82.7 81.2 76.6 72 61.6 51.2 51.3 57.3 64.7 69.7 69 65.2 56.7 49 47.4 47.4 48.1 56.7 64.1 66.3 67.2 68 69.5 71.4 73.1 72.6 71.5 72.3 74.6 76 75.9 75.9 75.3 74.4 72.8 71 69.3
68.8 73.1 76.9 79.4 84.5 89.7 93.9 98.1 101.4 103.6 105.3 106.2 106.5 107.3 108.6 109.8 110.6 111.3 111.7 111.3 110.9 110.5 110 109.3 108.6 106.5 104.1 100.8 95.6 95.3 95.7 95.5 95.2 94.9 93.7 91.7 89.5 84.6 79.3 84.3 87.4 88.4 88 86.5 84.2 82.8 84.8 84.1 80.6 74.2 64.2 53.7 51.3 56.6 62.5 71.5 72.5 70.4 65.9 57.5 49.6 47.6 47.6 47.9 54.4 65.4 67.9 68.8 69.8 71.8 73.7 75.2 74.7 73.7 73.7 74.6 74.7 74.6 74.7 74.5 73.5 71.9 69.9 65.8
67.4 69.5 72 77.4 83.8 89.9 94.2 98.3 101.4 104 105.8 107.2 107.7 108.8 110.1 111.1 111.8 112.4 112.6 112.2 111.8 111.4 111 110.3 109.6 108.1 105.6 103.1 100.3 100.1 100 99.4 98.7 97.4 96 94 92.1 83.1 85.7 89.4 90.8 91.6 91.4 89.9 86.4 85.2 85.9 83 78.4 68 56 51.6 57 62.4 71.1 75.3 72.5 70.8 66.4 58.3 51.1 47.4 47.8 48.1 55 67.6 69.5 70.5 71.7 74.3 76 77 76.7 76 75.3 74.8 74.7 74.4 74.2 73.7 72.4 70.5 67.2 62.2
62.6 63.3 69.3 76.2 82.8 89.2 94 98.4 101.3 104.2 106.1 107.7 108.7 109.8 111.1 111.7 112.2 112.6 113 112.7 112.3 111.9 111.6 111.3 110.7 109.4 107.1 104.9 103.6 103.7 103.8 102.7 101.1 99.7 98.3 96.4 92.9 88.9 91 92.7 93.7 93.9 93.9 92.2 90.2 87.4 84.9 80.4 71 59 51.4 57.3 63.3 70 77.8 76.4 72.1 72.2 67.2 56.5 48.5 49.3 48 48.5 57.6 69.7 71 72.3 73.8 76.5 78.5 79 78.2 77.4 76.7 76.1 75.4 74.9 74.2 72.5 69.8 67.7 63.6 62.9
55.4 61.1 68.2 75.2 81.8 88.4 93.6 98.5 101.4 104.2 106.2 107.7 109 110.4 111.2 111.7 112.2 112.7 113.3 113.2 112.8 112.4 112.1 111.9 111.6 110.5 108.6 107.4 106.7 106.9 106.2 104.6 103.1 101.6 100.1 97.4 92.7 93.6 94.7 95.4 96.3 96 95.4 93.7 90.6 87.5 83 74.3 62.6 52.3 58 63.4 69.1 76.5 78.1 72.7 68.1 63.8 56.8 49.3 47.6 49.4 47.9 49.7 60.9 71.9 72.9 73.9 76.1 78.8 80.5 80.4 79.6 78.7 78.1 77.5 76.8 75.7 73.4 70.9 66.4 63 60.3 64.4
53.8 59.7 67.4 74.3 80.9 88.1 93.9 98.6 102 104.5 106.1 107.7 108.9 110.1 111.1 111.6 112.2 112.9 113.5 113.6 113.3 112.9 112.6 112.4 112.2 111.3 110.6 110 109.4 108.7 107.9 106.1 104.5 103 101.1 96.6 96 97 98.3 98.8 98.6 97.8 95.8 93.6 90 85.4 80.3 69.8 56.2 57.4 64.7 69.9 75.5 79.6 75.9 71.8 67 57.7 48.8 47.9 47.6 49.5 49.3 53.9 66.2 73.3 74.2 75.4 78.7 81.4 81.5 81.1 80.6 79.8 79.5 78.3 76.9 75.4 71.6 68.4 63.8 57.8 65.4 70.6
50.6 58.5 66.3 73.6 80.9 88 94.1 98.6 102.3 104.7 106.3 107.4 108.4 109.4 110.4 111.4 112.2 113.1 113.7 113.8 113.7 113.5 113.2 113 112.8 112 111.5 111.4 110.6 109.9 109.3 107.6 105.8 103.7 100.7 100.7 100.3 100.7 101.4 101.5 100.5 98.2 95.3 91.9 87 82.2 75.2 64.3 55.7 64.5 70.6 75.8 80.3 77.3 74.1 69.9 62.4 53.2 48.3 47.9 47.6 48.2 51.4 57.8 69.8 74.5 75 76.8 79.6 82 82.4 81.8 81.3 80.5 79.4 77.7 75.2 71.9 68.3 63.8 57.2 64.9 70.3 76.5
48.8 56 65 73.3 80.6 88.1 94.1 99 102.7 104.8 105.4 106.4 107.5 108.5 109.4 110.2 111.3 111.9 112.4 112.7 112.9 113.6 113.6 113.5 113.3 112.9 112.4 112.2 111.8 111.1 110.3 108.6 106.8 104.6 104.5 103.9 103.4 103.6 103.6 103.1 100.8 97.8 94.7 88.9 81.9 75.4 66.2 54.2 63.5 72.5 79 81.1 78.3 74.6 71.3 66.4 57.8 51.6 48.4 47.9 47.6 48.7 52.4 61.8 70.9 75.2 75.8 77.4 79.1 80.7 80.8 80.7 81.4 80.5 77.5 73.9 73.2 70.2 64.6 57.7 61.7 69.2 74 78.8
48.9 56.6 64.7 72.6 80.5 88.5 94.3 99.5 103.3 103.5 104.2 105.3 106.3 107.4 108.2 108.9 109.8 110.5 111.1 111.3 111.6 112.2 113.1 113.4 113.5 113.5 113.2 112.9 112.6 112.1 111.2 109.5 107.8 106.7 107 106.3 105.6 105.4 104.8 103.2 100.3 96.8 91.5 85.4 78.3 67.4 56.2 60.3 70.3 80.5 82.6 79.7 76.8 73.9 70 65.2 54.8 49.3 48.1 48 47.4 49.2 50.5 61.5 67.3 70.8 74.9 76.9 77.9 78.2 78.2 78.1 79.6 79.2 76.7 71.6 68.9 67.8 59.9 58.5 67 71.2 76.5 81.2
50.3 59.6 65.9 73.5 82.3 88.9 94.2 98.3 99.8 100 100.9 103.5 104.6 105.8 106.9 107.7 108.4 109.1 109.7 110 110.3 110.8 111.4 112.2 113.5 113.7 113.5 113.2 112.9 112.4 112 110.6 108.6 109.7 108.9 108.3 107.5 106.3 104.4 102.4 98.1 93.6 87.6 80.8 70.6 58.9 62.7 70.8 78.6 83.4 82.4 80.3 77.7 74.8 71.8 68.1 60.1 51.7 48.5 47.9 48 48.6 48.9 53 56.4 61.3 68.6 74.7 74.8 74.4 74.9 75.9 77.2 76.9 74.8 70.7 63.7 61.7 55.1 65.2 70.9 74.2 77.7 82
54.1 60.2 65.6 73.3 81.2 87.9 91.8 95.4 96.4 93.7 95.5 99.9 102.9 104.1 105.3 106.2 106.7 107.3 107.7 108.1 108.5 109.1 109.7 110.9 112.6 113.3 113.4 113 112.8 112.5 112.2 111.2 110.8 110.6 110.7 109.9 108.6 106.6 103.9 100 95.4 90.1 84.2 77.6 63.9 63 69.3 77.8 82.7 84.2 83.1 81.2 78.6 76 73.5 68.6 60.9 53.3 50.5 48.9 46.3 48.6 49.1 49.5 49.8 52.7 58.7 64.2 66.9 67.5 69.1 73 75.8 74.8 72.6 67.3 60.5 54.1 58.8 69.4 75.5 76.8 79.1 81.9
54.8 58.3 63.1 69.4 76.4 82.9 87.2 91 93 89.1 91.1 96 100.6 102 102.7 103.7 104.8 105.4 105.7 106 106.5 107.5 108.5 109.6 111.7 113 113.4 112.9 112.6 112.7 112.8 112.5 112.4 112.4 112.3 110.7 108.9 105.7 102 97.6 92.2 86.6 81.1 73.1 64.5 71.2 77.5 83 85.2 85.9 85.1 82.3 79.3 76.5 72.5 66.4 59.2 55.8 52.6 51 49.4 48.9 48.6 49.4 49.5 49.7 50.9 52.6 55.6 58.5 64.1 69.8 73.5 71.9 66.5 60.2 54 58.2 62.5 74.1 78.7 80.7 81.6 82.8
54.6 56.2 59.6 63.1 68.8 75.8 82.3 85.5 87 84.6 89.5 94.9 97.3 99.2 99.9 101 102.3 103.4 103.6 103.9 104.9 106 107.3 108.8 110.7 112.5 113.4 113.1 113.2 113.9 114.2 114.4 113.9 113.8 112.4 110.3 107.7 104.1 99.6 94.8 89.4 84 76.7 63.5 72.2 78.5 82.5 85.3 87.1 88.5 88.4 85.7 81.5 78 74.7 67.6 66.2 65.7 57.3 54.8 53.3 51.9 50.2 49.2 50 50.2 50.2 49.9 49.2 50.5 54.6 61.9 66.4 65.3 60.4 53.7 56.6 62.3 70.8 79 82 83.5 85 86.3
68.7 61.2 59.4 59 60.1 66.2 73.7 78.7 78.5 77.7 87.2 91.1 94.1 95.8 97.1 98.8 100.4 100.9 101.2 101.7 103.2 104.3 106.1 107.9 109.5 110.7 112.3 113.5 113.8 114.5 114.8 114.3 114 112.3 110.8 108.5 105.7 101.3 96.5 91.7 86.6 80.6 69.2 70.6 77.1 82 85.1 88 89.9 92.4 94.6 92.6 87.8 82.5 84 72.7 73 72.8 63.3 60.8 61.3 59.5 58 53.8 49.5 49.9 50.1 50.1 50.3 50.3 50.4 55.8 58.8 59.1 53.7 55.1 61.1 69.9 79.7 82.3 84.3 85 85.9 87.8
74.3 75.2 74.9 63.1 59.6 60.4 63.2 69 69.7 77.2 84.6 87.4 90.7 91.9 92.8 96.2 97.3 97.8 97.4 97.9 100 103 104.8 106.2 107.6 109 111.3 112.7 113.5 113.9 114.4 114.1 113.3 110.7 108 105.6 101.9 97.8 93.8 88.9 83.7 75.6 67.5 74.4 80.3 85 88.3 91.1 93.7 96.3 99.2 96.7 93.3 90.1 82.1 84.4 76.6 76.9 70.1 69.9 68.3 66.8 62.6 55.8 52.6 51.2 50.2 50.2 50.2 50.2 50.3 51.1 52 51.4 55 61.5 69.4 76.1 80.7 84.1 85.8 85.6 87 89
77.6 79.3 78.2 76.4 71.7 62 61.6 61.4 62.3 73.6 78.4 84.2 86.7 85.5 89.1 92.2 93 94.2 93.3 95.4 98.4 101.2 103 104.4 105.8 107.9 109.9 111.7 113.6 113 114.1 113.8 110.9 107.8 104.9 101.5 98.3 95.4 91.3 86.5 81.2 67.7 70.6 77 82.3 87.3 91.4 94.2 96.7 99.3 99.8 97.4 95.1 92 89.5 88.2 85.7 83.9 79.8 75.9 73.6 68.4 61.1 56.9 58.9 61.2 54.4 50.4 51 50.3 50 49.5 50.7 57.3 64.6 72.2 77.1 80.1 82 83.5 83.4 85.5 87.8 90.1
75.4 79.9 80 79 70.8 68 68.5 66.9 61.7 64.7 77.5 80 81.6 80.1 85.5 87.5 89.1 89.9 89 93.4 96.4 99 101 102.3 103.7 106 108.6 110.1 110.1 112.8 112.3 110.4 108.2 105.1 102.1 98.4 94.8 91.9 87.4 84.2 79 67.8 70.9 79.8 85.6 90.6 93.9 97.3 99.4 100.1 99.7 98.5 96.4 93.8 90.3 87.9 84.8 81.8 78.7 77.9 74.8 66.7 61.7 62.7 66.5 69.6 65.9 54.7 50.6 51 50 50.5 51.1 61.6 68.5 75.7 78.2 80.1 81.5 82.5 83.5 85 87.3 89.9
74.8 78.9 81.2 79.3 74.2 76.8 77.9 74.2 68.3 63.8 65.5 73.2 75.1 76.8 79.5 81.7 83.7 84 87.8 91 93.9 96.5 98 99.3 101.7 104.9 107 107.4 110.6 110.5 108.9 106.6 104 102.1 99.2 95.9 91.8 87.6 83.1 80 75.2 65.5 66.2 77.1 88.3 93.4 97.5 99.9 100.6 99.9 99.5 98 96.2 93.6 90.6 88.5 85.3 80.8 74.8 72.8 70.5 66.2 67.9 69.3 73.5 77.6 76 68.3 57.2 51.3 50.9 51.8 52.3 56.5 65.2 72.9 75.8 78 78 79.3 81.1 82.6 85.1 87.9
74 77.9 82.9 82.9 82.1 83.4 83.3 80.9 75.8 70.2 64.7 66.4 69.1 72.5 74.8 76.4 78.2 82.4 85.2 86.4 89.7 92.1 93.2 96.2 99.4 102.9 105.2 105.4 106.9 106.9 104.8 102.8 100.9 98.8 96 92.4 88 83.6 78.9 75.5 70.5 62.1 64.5 73.1 80.8 87.3 94.4 99.5 100.2 99.9 99.3 97.2 94.5 91.8 88.7 85.4 80.6 75.7 73.8 70.6 70.8 71.1 73.4 75.4 76.2 78.4 75.6 71.3 61 53.7 51.5 53.8 51.5 51.4 56.8 64.1 68.7 71.5 73.2 74.6 76.2 78.3 80.4 84.2
74.2 78.9 84.6 86.1 85.9 87 88 87.1 83.2 77.3 72.7 69.1 66.4 67.8 71 72.6 77.5 81.1 83.2 80.6 83.4 87.1 89 91.7 95.9 100 103.2 102.6 104.5 103.8 100.6 98.6 97.1 95.6 92.7 88.9 84.6 80.5 77 72.2 65.4 64.8 71.6 76.4 81.3 88.1 95.1 99.9 100.8 100.9 99.4 97.5 95.2 92 88.9 85.7 83.3 81 78.2 76.2 75.1 76.5 77.9 79.3 79.8 79.3 76.5 71.4 64.7 57.2 53.1 53.7 53.8 53.8 50.9 55.8 62.5 66.1 68.4 70.3 72.7 75.3 77.9 80.1
77.4 82.6 87.5 89 89.6 90.2 91.5 91.3 88.4 83 79.5 76.3 73.9 71 71 71.5 75.7 78.3 78.9 82.9 84.4 85 87.7 90.5 93.8 96.7 98.7 101.3 101.9 101.5 97.6 93.9 94.2 92.1 89 85.5 81.1 77.4 74.5 70.3 64.2 71.6 79.5 83.2 82.8 89.3 96.2 100.6 101.7 101.9 100.8 99.2 97.2 94.1 91 88.5 86.4 83.9 81.3 80 79.5 80.3 81.6 81.7 81.4 80.6 78.5 74.8 69.7 63.4 56.3 53.5 53.9 53.7 51.3 52.4 55.1 60.3 63.2 66.6 69.8 73.1 75 75
81.1 86.1 90.2 92.3 93.1 93.1 94.6 94.5 92.8 89.6 86.1 82.6 79.4 77.4 76.8 76.9 77 77.2 79.2 81 81.7 83.2 85.3 88.1 90.8 93.2 95.6 98.9 99.3 98.7 97.8 94.1 91.7 88 84 80.6 77.5 74.2 71.8 67.2 69.5 75.9 82.8 86.8 88.3 91.7 97.5 101 102.7 103.5 103.4 102.5 100.4 97.2 94.2 91.7 90 87 85.1 83.9 82.8 84 84.2 83.8 82.5 81 79.5 76.7 73.2 68.2 59.2 57.9 55.5 53.4 53.7 53.8 50.9 55 59.2 64.2 67.4 69.5 68.7 67
85.1 89.3 92.1 94 94.8 95.7 97.1 97.2 96.3 94.7 91.7 88.5 85.3 83.7 83.2 83 83.2 82 81.6 80.8 81.3 82.2 83.8 85.5 88.7 91.6 93.4 95.9 96.4 96.2 95.8 93.6 88.6 82.6 78 75.1 72.6 69.9 66.4 70 75.6 78.4 81.5 87.6 90.9 95.5 100.3 103.3 104.5 105.3 106.2 106.9 105.1 102.3 99.6 96.5 94.1 91.3 88.9 87.2 85.3 85.3 85.7 83.1 81.7 80.5 79.9 77.9 74.9 71.5 66.7 63.5 60.7 57 53.2 53.8 52.2 52.8 54.6 59.9 62.9 64.7 62.7 65.2
84.3 88.1 92.4 94.6 96.2 97.9 99.1 99.9 99.8 98.6 96.5 94.1 90.4 89.9 90.9 92 91.1 89.8 87.6 85.2 83.9 83.7 84.5 86 88.7 92 92.4 94.4 95.5 94.9 93.1 90.4 83.2 76.3 71.8 70.1 68.8 68 70 75.3 79.8 81.2 81.6 88.8 92.8 96.2 99.8 103.2 106.3 107.8 109.3 109.9 109.5 107.2 104.2 98.6 96.6 94 91.2 88.8 86.9 85.3 81.9 81.5 79.1 77.6 76.5 74.9 73.6 71.6 68.8 64.1 60 56.3 54 52.1 51.6 51.6 52.2 53.9 55.1 58.8 57.6 65.5
84.7 89.4 93.6 95.8 98.2 100.7 102.2 103 103 102.3 100.7 98.5 95.4 96.3 97 98.1 98.3 97.7 96.7 92.9 88.4 87.2 87.4 88.2 89 90.2 90.7 93 95.8 95 92.1 86.4 77.6 70.9 68.8 70.4 70.3 68.3 72.5 75.3 79.6 83.2 84.4 90 94.2 96.8 99.9 103.6 107.4 110.2 112.2 112.8 111.4 110 107.3 101.8 98 94.4 91.7 88.9 86.1 83.4 80.5 78.2 76.3 75 73.4 72.6 72.7 70.4 67.7 62.8 59.6 58 55.1 54.1 52.8 52.2 52.3 52.4 52.6 54.6 54 54.5
85.4 91 94.3 97.4 100.2 103 106.1 107.4 107.4 107 105.9 103.8 100.4 101.2 102.3 102.5 102.7 102.9 101.9 100.1 98.4 96.3 93.2 92.1 91.9 91.9 92.7 94.9 98.3 96.1 92.1 84.7 74.8 75.5 76.9 75.3 70 70.6 74.5 77.2 81.4 84.9 84.9 89.6 94.6 98.5 101.9 105.5 108.4 111.3 113.9 114.4 112.5 110.6 107.9 104.1 98.8 95.4 91.2 87.7 84 80.8 76 74.2 73.6 72.5 71.2 69.8 69.2 67.2 65.3 63.9 63 62.8 61.4 59.5 56.7 52.7 52.7 52.6 53.2 52.5 53.8 54.4
84.8 90.6 95.8 98.8 101.1 105.3 106.5 107.4 107.6 108.1 107.8 107 105.4 105.2 104.6 104.5 105.5 105.6 104 103 102.5 102.8 101.4 99.2 98.3 98 98.3 99.7 100.5 98.8 94.2 83.8 74.5 82.2 85.6 78.7 72.8 75.6 77 80 84.5 88.7 88.3 90.5 96.2 101.5 105.6 109 111.1 113.2 114.6 115.1 113 110.5 107.1 103.1 98.7 93.6 89.1 85.2 81.4 78.2 74.7 73 72.2 71.7 71.3 70.7 69.9 68.9 67.7 67.6 67.3 67.1 66.3 63 57.9 52.7 53 56.2 56.8 53.5 53.2 53.1
83.8 90.1 95.4 97.7 99.6 101.7 104.5 105.5 106.8 107.4 107.9 107.3 106.9 106.6 106.2 105.4 106.3 106 105.8 106 105.4 105.9 106.4 105.5 104.3 103.7 103.3 102.7 101.3 97.4 88.6 80.7 77.5 88 91.1 82.7 78.3 82.8 86.2 88.6 92.8 93.5 93.5 96 102.3 106.1 109.3 111.3 113 113.7 113.7 113.4 111.1 108.8 105.4 101.4 96.3 91.8 86.8 82.3 76.8 76.6 73.9 73.1 73.2 73.8 73.4 72.4 72 71.6 70.6 70.4 69.8 68.9 67.5 63.4 58 55.5 56.3 60.4 62 59.2 56 54.7
