public/OST50/TQ55.asc
ncols 200
nrows 200
xllcorner 550000
yllcorner 150000
cellsize 50
[rows 35 to 69 of 200, columns 0 to 77 of 200]
108.8 107.5 105.6 102.2 105.2 100.7 99.2 97.6 96 95 94 92.9 91.5 90.5 89.4 89.4 89.4 88.1 87.7 89.3 94.1 98.9 103.1 105 106.5 105.6 105.1 104.3 102.5 88.6 99.1 97.7 95.4 93.6 91.4 89.4 88 85.7 83 81.2 78 75.9 74 74.5 74.5 73.1 69.9 65.4 62.4 62.1 61.9 61.5 61.9 62.5 63 63.4 68.4 69.7 64.9 65.6 67.8 68.1 68.7 68.8 68.8 70.1 69.5 67.2 65.3 64.9 65.5 66.1 66.7 68.3 68.6 69.7 70.8 71.9
106.7 104.6 102.8 102 104.1 100.1 98 96.6 95.5 94.6 93.6 92.6 91.7 90.9 89.7 89.6 88.9 87.4 86.8 87.9 91 94.9 99.1 102.7 104.4 103.8 103.2 102.3 101.1 88 98 96.8 95.6 93.3 91 89.3 87.6 85.2 81.8 80.8 78.3 79.4 77.9 75.6 70.7 67.7 65.9 63.9 62.6 62.4 62.2 62 62 62.3 62.8 63.2 66.4 70.9 66.4 67.9 69.4 70 70.2 70.4 70.6 70.5 70.2 68.4 65.7 65.1 65.4 65.9 66.2 66.6 68.2 69.1 70.2 71.1
103.6 102.8 102.2 101.1 99.8 103.5 97.5 96.6 95.4 94.3 93.4 92.7 91.8 91.1 90.5 90 87.5 85.7 85.6 86.3 89.5 92.8 96 97.5 98.3 99.9 101 99.6 97.8 90.8 96.2 95.1 93.7 91.9 90.3 88.6 86.9 84.7 81 83.7 81.9 77.5 73.9 71.2 69.7 67.3 65.8 63.8 62.8 62.6 62.4 62.4 62.4 62.3 62.6 63.4 64.7 70.4 67.9 69.1 70 70.6 70.8 71.1 71.7 70.5 70.8 69.2 66.3 65.5 65.8 66 66.2 66.5 67.6 68.5 69.6 70
103.1 102.8 101.7 100.4 99.2 98.3 98.2 96.6 95.4 94.6 94 93.4 92.4 91.3 90.9 90.1 87.8 86 85 84.8 87.4 89.5 91.5 94.6 94.9 96.4 97.9 96.3 94.5 92 93.6 92.7 92.1 91.2 89.6 87.8 88.4 87.3 78.5 80.4 78.6 76.4 73.7 71.2 69.6 66.9 65.4 63.8 63.1 62.9 62.8 62.7 62.7 62.6 62.3 63.4 64.9 69.9 69.3 70 70.2 71 71.3 71.8 72.1 71.7 71.1 69.5 68.8 66.2 66.3 66.4 66.5 66.7 67.1 67.9 68.7 68.8
102.7 101.7 100.9 99.5 98.4 97.8 98.3 97.2 95.8 94.9 94.3 94 92.9 91.8 91.1 90.2 88.6 86.8 85.6 84.7 84.1 84.2 86.5 89.1 89.8 91.1 94 94.1 92.1 90.1 90.5 90.3 89.9 89.8 91.5 90.4 86.7 83.2 80.1 80 78.3 76.3 73.6 71.4 69.5 66.5 64.9 63.7 63.3 63.2 63.1 63 62.9 62.7 62.3 62.8 64.7 68.7 69.4 69.9 70.5 71.2 71.9 71.4 70.9 72.3 71.5 69.9 67.7 68.6 66.6 66.6 66.9 67.1 67.2 67.3 67.7 68.1
102.1 101.2 100.1 99.4 98.2 97.6 97.2 97.5 97.2 96 95.2 94.8 93.7 92.5 91.7 90.5 89 87.8 86.6 85.4 84.6 83.4 83.8 84.2 84.7 86.4 90.4 91.4 90.1 87.6 88.1 92 92.2 90.9 86.5 85.7 84.6 83.1 80.6 79.2 77.7 75.6 73.4 71.4 69.4 66.4 64.5 63.8 63.6 63.5 63.4 63.3 63.2 62.7 62.7 62.3 64.4 66.8 69 70.1 70.7 71 71.1 70.8 70.6 72 71.3 70.3 68.3 66.4 67.6 69.4 67.5 67.4 67.6 67.5 67.7 68.2
101.1 100.6 99.8 99.1 98.3 96.9 95.5 97.2 97.2 96.7 96.4 95.6 94.4 93.1 92.6 91.2 89.7 88.5 87.4 86.4 85.2 83.6 82.9 83.7 82.9 84.1 86.7 87.6 90.8 92.6 92.7 89.3 85.5 85.4 85.4 84.8 84.1 82.2 79.6 78.3 76.8 74.7 72.6 71 69.4 66.6 64.3 64 63.9 63.8 63.7 63.6 63.3 63.4 63 62.3 63.8 66.3 68.2 70.5 70.5 70.5 70.6 70.5 70.6 71.8 71.1 70.2 72.1 73.7 73.5 74.1 74.3 72.7 70 69.2 69.9 70.5
97.9 100.1 99.4 97.8 95.6 94.1 93.4 96.6 96.7 96 95.6 94.9 94.4 93.6 92.8 91.8 90.4 89.1 87.9 86.6 85.5 84.3 83.3 82.9 84.4 87.8 90.8 91.5 90.8 85.8 82.6 82.6 83.2 83.3 83.6 83.7 83.1 81.1 79.8 77.9 76 73.9 71.8 70.1 68.4 66.7 65 64.2 64.1 64.1 63.9 63.9 64 64.1 63.4 62.7 63 65.6 67.1 69.6 70.3 70.4 70.8 70.6 70.6 71.3 71.2 77.3 78.8 79 78.6 78.3 78.8 76.8 73.2 72.4 69.5 69.5
96.4 96.6 96.5 94.4 91.8 90.8 91.5 95.5 94.3 94.2 94.3 93.4 93 92.6 91.9 91.7 90.9 89.6 88.3 87.2 86.2 84.6 84.5 86.8 88.6 89.6 87.5 85.1 81.6 81.8 80.3 80.8 81.6 81.7 81.8 81.9 82 80.6 79.4 77.9 75.1 73.2 71.1 69.2 67.5 66 64.6 64.4 64.3 64.2 64.4 64.5 64.6 64.4 63.8 63 62.3 64.4 66 67.4 69.1 69.7 71 70.6 70.5 70 76.7 80.9 82.7 82.5 81.9 81.6 80.7 79 76.4 73.5 70.5 70.7
96.3 92.6 90.4 88.6 88.1 86.8 88 90.5 90.2 89.4 89 91.8 91.8 91.5 90.9 91.3 90.7 89.9 89.1 88.3 86.5 85.2 86.2 86.9 83.4 82.1 80.4 79.1 79.2 81.1 78.7 79.1 79.9 80.2 80.3 80.4 80.7 79.3 78.3 76.8 74.3 72.7 70.9 69 67 65.7 64.7 64.6 64.4 64.3 64.6 64.9 65.1 68.6 67.5 63.8 62.5 63.2 64.9 65.7 66.4 66.1 69.5 70.1 70.4 71 78.8 81.4 83.8 84.6 84.8 79.3 65.5 69.7 78.5 72.1 71.5 72.6
93.1 89 85.6 86.7 86.1 84.1 83.4 84.4 84.7 86 85.1 86.6 90.7 90.3 90.5 90.5 90.2 89.8 89.4 82.6 83.7 86.1 85.5 84.1 82.6 80.4 79.2 78.2 77.8 79.5 77.6 77.4 78.2 78.7 78.8 78.8 79.5 78.3 77.1 75.6 73.7 71.9 70.5 68.8 67 65.7 64.5 64.6 64.5 64.6 65 65.3 68.1 68.7 68.8 68.8 66.8 63 64.4 65.6 66.1 65.9 70 70.3 70.1 68.7 74.6 78.7 81.3 81.8 82.8 69.3 65.7 66.4 77.9 73.7 73.3 74
88.8 85.6 83.8 83.5 83 82 80.8 79.7 79 80.8 81.6 80.8 84.8 87 85.3 86.1 87.7 80.1 82.6 88.4 86.9 85.5 84.3 83.1 81.7 80.4 79 78.1 77.4 80.9 77.1 76.9 76.6 77.2 77.3 77.6 78.3 77.5 76.5 74.8 72.7 70.9 69.5 68 66.9 65.5 64.3 64.5 64.6 64.9 65.3 65.6 68.8 69 68.9 68.8 68.7 65.3 64.4 65.1 65.6 70.2 70.6 70.3 69.9 69.2 69.2 69.6 75.2 80.4 73 70.9 71.1 72.5 76.8 75.2 74.5 75.1
84.8 83 81.7 80.6 79.6 79.9 79.2 78.2 77.6 78.4 79.2 78 80.8 81.9 80.6 79.3 80.2 86.8 88 87.8 86.8 85.5 85.3 83 81.7 80.4 79 77.8 76.5 82.5 76.7 76.4 76.2 75.9 75.7 75.8 76.1 76.4 75.7 74.3 71.8 69.9 68.5 67.1 65.8 64.8 64.2 64.3 64.5 64.6 65.2 66.5 69.1 69.1 69.1 69.1 69 68.5 64.1 64.7 65.2 70.3 70.7 70.1 69.8 71.8 70.1 69.4 70.1 70.6 71.5 76.9 70 80.8 78.2 75.1 76.9 76.6
82.6 81.3 80 79.7 79.4 78.9 78.1 77.3 76.8 76.9 77.5 76.7 74.3 78.6 79.1 81.5 86.5 87.9 87.4 87 86.5 85.9 84.9 82.8 81.6 80.4 78.9 77.4 75.9 83.6 76.3 76 75.6 74.5 74.1 74 74.1 74.2 74.3 72.7 70.7 69 67.6 66.3 64.6 64.1 64.2 64.3 64.4 64.6 64.7 65.8 69.3 69.4 69.4 69.4 69.4 69.2 64.5 64.5 64.9 67.2 70.7 69.9 70.1 71.2 67.8 67.7 68 70.6 72.6 74.8 77.5 77.7 79.2 80 80 80
81.1 80 79.2 78.6 78.1 77.6 77 76.6 76.1 75.9 75.9 78 77.5 74.7 77 79.1 82.7 86.9 87.2 86.7 86.1 85 83.8 82.7 81.6 80.4 78.9 77.5 80.1 83.8 75.8 75.4 74.2 73.1 72.7 72.7 72.8 72.8 72.4 71 70.3 68.1 66.9 66 64.6 64.3 64.4 64.5 64.6 64.7 64.8 64.8 69.5 69.5 69.6 69.7 69.7 66.7 65.2 64.6 65.1 67 69.1 69.7 70.7 68.7 67.7 67.7 67.7 68.9 71.4 74.1 75.1 74.8 70.3 73.1 78.9 83.1
79.6 79 78.4 77.8 77.3 77 76.2 75.8 75.4 77.4 77.2 74.9 74 73.2 75 77.1 80.1 84 87 86.3 85.7 84.8 83.7 82.9 82 80.6 79.1 77.8 83.7 83.4 74.5 74.1 72.9 71.7 71.3 71.3 71.3 71.3 70.9 70.4 70.4 67.9 66.2 65.6 64.9 64.4 64.5 64.6 64.7 64.7 64.8 64.8 64.7 67.7 69.6 69.7 68.8 66.4 66.1 65.4 65.4 66.5 67.7 68.7 71.4 67.7 67.7 67.7 68.6 71.2 71.6 69.4 74.6 66.8 67.3 69.9 72.4 74.2
79.4 78.7 78 77.7 77.2 76.6 75.7 77.6 77.2 74.6 75 74.5 73.8 73.4 73.8 75.1 77.7 81.1 85.1 86 85.3 84.6 83.7 82.8 81.8 80.8 79.8 79.6 83.4 82.4 73.8 73.4 72.8 73 73.2 71.7 70 69.3 69.2 69.3 69.3 68 66.1 65.5 64.9 64.5 64.5 64.6 64.7 64.7 64.8 64.8 64.5 64.6 67.7 68.7 67.9 67.4 67.2 67.3 66.6 66.1 68.3 69 70.9 67.7 67.7 67.7 71.1 71.3 71.6 69.7 75.3 64.8 64.8 64.8 64.8 64.8
79.2 78.7 78 77.6 77.3 76.8 78.4 75.2 74.8 74.8 74.9 74.4 74 73.6 73.5 74.5 75.8 79.2 82.6 85.8 85.1 84 83.5 82.6 81.7 80.7 80.2 79.7 83.5 79.4 74.5 74.3 73.9 72.9 72.9 71.9 69.8 68.4 68.1 68.2 68.2 67.8 65.9 65.5 64.9 64.3 64.5 64.6 64.7 64.8 64.8 64.6 64.4 64.1 65.2 66.5 66.9 68.1 68.8 68.9 68.1 66.8 67.2 68.8 69.9 70.4 70.6 70.8 70.5 70.9 71.2 76.1 74.1 64.8 64.8 64.8 64.8 64.8
78.9 78.7 77.3 76.1 79.6 76.8 76.1 75.4 75.1 75.4 75.4 75 74.5 73.9 73.2 73.7 74.5 77.5 80.9 84.4 84.3 83.5 83.6 82.6 81.5 80.8 80.4 80.1 79.3 76.2 74.3 73.9 73.5 72.9 71.7 70.8 68.8 67.8 67.5 67.2 67.1 67 65.7 65.6 65.1 64.6 64.5 64.7 64.7 64.8 64.6 64.4 64.4 65 66.1 66.5 67.9 69.1 70 70.4 69.7 68.8 66.7 68.9 70.8 71 71.5 71 71.1 69.3 68.8 76.2 74.8 64.8 64.8 64.8 64.8 64.8
76.2 76.1 80.2 79.7 77.9 77.1 76.5 76.6 77 77.3 75.9 75.3 74.6 73.9 73.2 73.1 73.8 75.7 79.1 82.2 83.1 83.1 83.2 82.3 81.2 80.9 80.6 80.3 78.4 75.2 74.3 73.6 72.9 72.2 70.8 69.7 68.1 67.3 66.9 66.6 66.3 66 65.6 65.6 65.4 64.8 65 64.7 64.8 64.7 64.7 64.8 65 66 66.6 67 68.2 69.2 70.7 71.3 71.8 70.5 68.9 69.1 67.3 67.4 72.1 71 69.6 69.3 68.8 76 79.2 64.8 64.8 64.8 64.8 64.8
79.7 82.2 79.7 79.4 79.1 78.8 78.8 79.2 79.4 77.9 75.9 75.3 74.6 73.9 73.2 72.5 73.2 74.8 77.3 79.5 81.5 82.7 82.2 81.5 80.9 80.7 80.6 80.1 77.5 75.6 75.4 73.5 71.4 71.1 69.8 68.3 67.5 66.7 66.2 66 65.7 65.6 65.6 65.4 65.3 65.3 65.3 65.3 65.3 65.1 65.1 65.2 65.7 65.8 67 67.2 68.1 69.9 71.4 72.1 72.8 72.3 69.4 69.4 69.7 68.1 67.9 70.2 68.6 69.1 72.8 80.1 81.3 64.8 64.8 64.8 64.8 64.8
80.8 79.6 79.3 78.9 80.5 81.7 81.7 81.8 81.2 78.4 76 75.3 74.6 73.9 73.2 72.5 72.5 74.1 75.6 78.2 80.5 82 81.6 81.1 80.6 80.4 80.3 79.3 77.9 77.4 74.9 74.2 70.9 70.4 66.5 65.9 65.9 65.9 65.9 65.9 65.6 65.6 65.3 65.3 65.3 65.3 65.3 65.3 65.3 65.3 65.3 65.3 65 66.1 67.3 67.9 70.4 71.4 72.2 73.2 74 72.5 68.5 68.6 72.1 70 68.4 67.6 68.3 72.9 79.3 79.5 80.4 69.8 64.8 64.8 64.8 64.8
79.6 79.1 78.8 80.1 81.8 82.9 82.7 82.2 81.8 78.9 76 75.3 74.6 73.9 73.2 72.5 71.9 74.3 74.4 77.2 80.2 80.9 81 80.6 80.2 79.9 80.1 79.1 81.5 76.3 74.6 72.8 70.9 70.2 66.4 65.9 65.9 65.9 65.9 65.6 65.2 65.3 65.3 65.3 65.3 65.3 65.3 65.3 65.3 65.3 65.3 65.3 65.3 67 68.3 69.1 71.4 72.2 73.1 74 74.7 68.7 70.8 68.5 73.6 71.7 69.8 68.6 68.2 70.7 76.9 70.3 70.6 70.2 67.4 67 66.8 66.8
79 78.6 79.7 80.7 81.6 82.4 82.4 81.9 81.2 79.7 77.4 75.3 74.7 74 73.2 72.5 71.7 73.9 74 74.6 78.4 79.4 79.5 79.6 79.7 78.9 78.6 78.1 82.8 77.4 75.3 71.9 71 70.1 66.4 66.4 66 65.9 65.5 64.8 65.3 65.3 65.3 65.3 65.3 65.3 65.3 65.3 65.3 65.3 65.3 65.3 65.3 65.6 69.2 69.9 72.1 72.8 73.5 73.3 72.1 69.3 69 69.1 74.2 72.7 71.1 69.7 69 71.2 76 70.1 70.6 71.5 73.8 75.9 75.9 76.6
78.4 78.5 79.2 80.1 80.9 81.3 81 80.6 79.6 78 76.4 75.2 74.4 73.7 73.1 72.3 71.5 74 73.8 73.6 76.3 77.6 77.7 77.9 78 77.6 77.2 76.9 83 77.4 75.1 72.5 71.1 68.6 66.4 66.4 66.3 65.6 65.3 65.3 65.3 65.3 65.3 65.3 65.3 65.3 65.3 65.3 65.3 65.3 65.3 65.3 65.3 65.3 65.3 69.5 70.9 71.8 72.9 73 70 69.6 69.3 69.6 74.9 73.9 72.2 71.5 70.9 68.9 72.9 74.7 79.3 84.5 88.9 92.4 94.8 96.6
77.7 77.8 78.8 79.3 79.7 79.8 79.6 79.4 77.9 76.3 75.5 74.8 74 73 72.3 71.6 71 72.3 73 72.2 73.8 75.1 75.6 75.8 76.1 75.9 75.6 75.3 81.3 76.9 75.2 72.6 71.6 67.2 66.4 67.4 66 65.3 65.3 65.3 65.3 65.3 65.3 65.3 65.3 65.3 65.3 65.1 65 65.2 65.3 65.3 65.3 65.3 65.3 69.4 70.4 71.4 71.9 70.9 70.5 70.2 69.9 70.3 75.4 74.8 73.4 72.4 71.5 71.6 73.1 80 81.5 80.4 90.1 92.8 94.7 97
77.4 78.3 79 78.4 78.7 78.8 78.5 77.8 76.6 75.9 75.2 74.4 73.6 72.6 71.6 70.9 70.6 70.9 71.1 71 71.7 73 73.7 73.9 74.2 74.5 74.8 75 77.4 76.5 74.9 73.1 71.9 66.6 66.7 67.1 65.4 65.3 65.3 65.3 65.3 65.3 65.3 65.3 65.3 65.3 65.8 66.3 65.9 65.2 65.3 65.3 65.3 65.3 65.3 65.7 68.6 70.8 71.2 71.5 71.8 72.2 71.5 70.9 75.5 75.7 74.9 74.3 72.9 72 76.5 79.5 79.8 80.3 87.3 90.4 93.5 95.9
77.5 77.8 77.6 77.3 78.2 78.4 77.7 76.9 76.2 75.5 74.8 74 73.2 72.4 71.1 70.3 70.4 70.6 70.6 70.5 70.3 71.1 71.9 72.2 72.6 72.3 72.8 73.8 76.1 76 74.2 72.5 71.2 67.8 66.5 66.5 65.6 65.3 65.3 65.3 65.3 65.3 65.3 65.3 65.3 66.3 66.5 67 65.3 65.3 65.1 65.3 65.3 65.3 65.3 65.3 65.4 68 71.6 72.4 71.7 72.1 70.5 71.6 76.7 77.2 76.9 76 74.4 72.7 72.9 79.2 79.6 80.1 81.8 85.3 88.8 90.9
76.4 76.5 76.2 76.3 77.1 77.9 77.1 76.4 75.8 75.1 74.4 73.6 72.7 71.2 70.3 70.3 70.3 70.3 70.3 70.3 70.2 70.3 70.3 70.6 70.9 70.8 71.4 72.5 75 74.8 73.5 71 68.2 66.5 66.5 66.5 67.1 65.2 65.3 65.3 64.8 65.3 65.3 65.3 66.4 67.5 68.1 67.9 68 68 67.5 67.2 65.3 65.3 65.3 65.3 65.3 67 69.7 74.1 71.6 71.6 71.8 72.6 77.8 78.8 78.6 78 76.7 75.4 74.4 78.9 79.5 80.1 80.7 81.5 82.8 85.4
76.6 76.3 75.8 75.5 76.4 77.6 76.8 76 75.2 74.7 71.8 70.3 70.3 70.3 70.3 70.3 70.3 70.3 70.3 70.6 70.1 70.1 70.1 70.2 70.3 70.3 70.6 71.1 72.9 72.4 70.3 69 67.7 66.5 66.5 66.5 66.8 65.1 65.3 65.8 67.4 67.4 65.3 67.4 68.9 70.2 70.3 68.2 68.2 68.4 67.6 72 70.1 67.8 65.3 65.3 65.8 69.1 71.2 72.9 75.2 73.4 74.9 78.2 80.7 81 80.8 80.4 78.8 77.5 75.5 78.7 80.6 81.5 82.2 83.2 83.9 85.2
76.3 75.9 75.5 75.2 76.2 77.1 76.6 75.8 73 70.5 70.3 70.3 70.3 70.3 70.3 70.3 70.3 70.3 71.4 71.4 70.8 70.4 70.4 70.8 70.3 70.2 70.1 69.9 71.2 70 68.9 67.9 67 66.5 66.5 66.5 66.5 68.5 69.8 69.7 69.6 69.9 70.1 69.7 71.6 73.3 69.8 72.2 71.1 68.5 77.7 74.8 71.9 70 72.2 70.6 70.1 72.3 72.5 72.8 78.4 76 78.5 82.7 84.1 83.6 83.7 83.4 81.7 80.1 77.3 77.3 80.5 83.3 84.9 85.8 87.4 88.2
71.4 70.3 70.3 70.3 77.1 77 75.1 71.3 70.3 70.3 70.3 70.3 70.3 70.3 70.3 70.3 70.3 70.8 72 71.9 71.6 71.5 71.3 71.2 70.6 70.2 70 69.9 70.8 69.6 69.2 68.2 67.2 66.5 66.5 66.5 66.5 69.2 71.3 71.7 71 71.5 71.3 71.7 74 75.3 75.2 76.1 76 75.3 74.7 74 72.5 70.7 72 73.7 74.5 73.8 74 76.5 78.4 79.4 83.6 86.5 87.4 87.7 87.7 87.4 84.7 87.9 79.3 78.6 80.5 84.3 88.8 92 91.6 91.1
70.3 70.3 70.3 70.3 70.3 70.3 70.3 70.3 70.3 70.3 70.3 70.3 70.3 70.3 70.3 70.3 70.3 72.2 72.4 72.2 72.1 71.8 71.6 71.3 70.8 70.4 70.3 70.3 79.1 69.7 69.5 69.6 69.7 66.5 66.5 66.5 66.5 66.5 71 73.2 72.6 72.5 72.5 73.2 74.4 75.5 75.5 76.2 76.2 75.2 74.6 74.1 72.8 72.2 72.1 73.7 75.2 77.1 77.6 77.8 79.3 80.2 92.6 90.9 90.4 93 94.3 94.1 93.3 91.9 84.5 80.1 81.4 86.3 92 96.7 95.5 95.3
70.3 70.3 70.3 70.3 70.3 70.3 70.3 70.3 70.3 70.3 70.3 70.3 70.3 70.3 70.3 70.3 72.9 73.3 73.2 73.1 72.8 71.9 71.7 71.3 70.9 70.9 70.9 71.2 83.1 69.9 70 69.3 69.4 66.9 66.5 66.5 66.5 66.5 66.5 71.8 73 72.9 72.9 72.7 73.9 75.6 75.9 76.3 76.6 75.9 75.3 74.4 74.1 74.4 75.8 75.3 77 78.3 79.8 81 80 81.7 84.5 91.1 92.1 93.6 93.9 94.2 92.2 90.1 85.3 81.2 83.2 84.9 91.3 95.6 94.9 95.8
70.3 70.3 70.3 70.3 70.3 70.3 70.3 70.3 70.6 70.4 70.6 70.7 71.1 72.6 73.3 71.6 72.9 74.3 74.2 74.2 74.2 74.3 73.6 72.7 71.8 71.5 72.5 72.8 85.6 71.3 71.2 71.1 70.8 70.1 69.9 70.3 70.4 66.5 66.5 66.5 73.3 74 73.5 73.2 73.7 76.9 76.6 76.7 77.7 77.6 77.6 75.8 77.4 77.6 76.1 77 79 80.1 83 86.5 81.1 82.7 85.2 87.7 90.8 92 92.4 91.2 89.3 87.1 84.7 82.7 83.6 85.1 88.2 91.1 93.2 95.8
