public/OST50/TQ55.asc
ncols 200
nrows 200
xllcorner 550000
yllcorner 150000
cellsize 50
[rows 0 to 34 of 200, columns 78 to 155 of 200]
158.4 175.4 186.8 196.7 203.4 203.4 202.9 202.4 203.1 204.1 204.6 205 206 207.2 206.7 204.7 202.8 202.3 199.5 196.3 202.3 207.2 208.7 210.6 212 213.5 214.2 214.2 214.1 214.8 212.7 210.5 205 203.9 204.6 208.3 209.8 210.5 209.6 208.2 206.6 202.4 199 200.5 201.3 202.1 203.7 203.8 203.4 203.3 202.8 202.3 202.1 201.8 201 199.9 198.7 197.9 197.5 197.3 194.8 192 186.6 190.5 196.1 200.8 204.7 207.9 210.3 212.2 213.8 215.1 216.4 217.7 219.2 220.8 222.2 223.3
151.6 169 183 192.9 201.4 202.8 202.7 202.2 203.4 204.7 205.1 205.6 206.4 207.5 206.5 204.4 202.6 201.1 199 197.4 202.3 206.9 208.1 209.7 211.1 212.7 214.3 214.8 214.9 215 215.3 212.9 209.8 209.8 210.1 212.5 212.3 211.6 211.1 209.5 208.2 205 205.9 204.6 204.3 205 205.8 205.9 205.3 204.7 204 203.3 203.2 203.1 201.8 199.7 197.7 196.8 198.2 198.6 197.6 195.8 191.7 189.5 193.7 198.1 201.9 205.6 209.3 210.8 212.1 213.2 214.3 215.7 216.8 218.4 220.1 220.8
160.7 175.7 189.2 197.4 199 201.7 201.7 201 201.1 203.1 204.3 203.6 205.6 206.8 206.4 204.6 203.8 202.5 202 199.6 201.7 206.1 207.3 208.7 210.4 212.3 214.1 214.9 215.4 215.5 216.1 215.8 214.1 214.3 215.7 214.3 213.4 212.7 212.6 211.5 209.8 208.8 208.5 208.9 208.1 208 208 207.3 206.6 205.8 205.1 204.5 204.1 203.3 200.7 198.1 192.9 192.8 196.6 198.5 198.7 196.9 196 192.2 193.1 194.2 198.6 203.6 208.2 209.4 210.6 211.5 212.3 213.1 214.6 215.9 217.3 218.2
174.7 185.9 193.5 195.8 196.3 195.5 193.6 192.9 194 193.8 196.2 198.7 202.6 204.2 205.4 205.6 205.1 204.2 205 201.8 201.8 205.3 206.8 208.1 210 211.9 213.7 214.6 215.5 216.1 216.9 217.7 217.1 216.8 216.6 215.7 214.6 214.2 214.1 213.6 211.9 210.8 210.7 211.2 211.2 210.1 209.3 208.7 208 207 205.7 204.8 204.2 202.3 198.7 194.5 185.7 186.9 193.9 196.5 198.6 197.2 196.6 195.9 193.8 195.2 197.4 202.6 205.7 207.4 208.1 208.8 207.7 209.7 212.6 213.7 214.6 215.1
186.7 191.2 192.3 192.1 188.7 186.1 181.7 179.6 176.5 179.4 183.5 187.1 193.5 201 203.4 204.1 204.2 205.2 205.2 204.6 204.3 204.1 206.1 208.2 209.8 211.4 213.3 214.4 215.7 217.6 219.2 219.2 218.7 218.4 217.6 216.7 215.8 215.6 215.5 215.5 214.2 212.8 212.8 212.8 212.2 211.3 210.6 209.4 207.8 207.4 205.9 204.7 202.5 200.5 196.1 188.6 175.7 177 186.3 192.1 196.7 197.7 197.1 196.4 195.3 195.8 196.9 201.2 203.3 204.2 203.7 201.2 199.6 206.7 209 210.1 210.7 210.8
189.3 191.9 191.2 183.5 180.4 176.5 169.7 163.1 159.7 161.9 166.8 172.2 178.5 192 200.9 203.2 205.2 205.7 205.6 205.6 205.9 206 207.7 208.1 209.7 211.3 212.8 215.1 216.7 218.4 219.6 219.8 219.9 219.3 218.5 217.6 216.9 216.5 216.2 216.2 215.1 213.6 213.2 212.7 212.1 211.2 210.8 208.7 207.4 205.7 204.1 202.7 200.1 196.4 190.2 179.5 165.1 167.3 179.9 185.9 191.2 193.6 196.5 196.7 196.5 196.7 197.1 198.9 200.1 200.6 196.5 191.1 196.2 204.4 206.2 206.9 207.3 204.9
187.4 186.8 180 175.4 169.3 162.5 153 145 144.2 145 149.7 157.6 171.3 186.5 197.5 202.3 206.1 206 206.1 207.4 207.9 208 208.9 208.9 209.3 210.7 211.7 213.8 215.8 217.4 218.6 219.7 219.9 219.6 218.7 217.8 216.7 216.3 216.2 216.5 215.2 213.5 212.8 212 211 209.9 208.9 207.9 205.5 203.2 200.1 197.4 195.2 191 183.8 173.3 156.4 159.4 173.3 179 183.9 187.7 191.3 194.6 196.1 196.4 196 195.8 197 195.9 188.5 184.3 194.6 201.1 199.6 200.7 203.2 199.4
178.7 174.7 169.6 164 155.8 149.3 142.1 141.8 139.2 139.2 142.7 154.1 168 181.1 192.2 201.3 205.4 206.6 207.8 208.2 208.9 208.9 209.4 209.4 209.4 209.3 210.1 211.3 213.3 215.5 216.5 217.5 218.2 218.6 218.3 217.8 216.7 216 216 214.5 213.7 212.5 210.7 209.6 208.2 206.1 204.3 202 198.3 195.8 193.1 191.1 186.4 181.7 176.3 167.5 152.3 155 164.7 169.6 175.3 180.4 184.7 188.4 191.3 192.9 192 191.9 194 189.7 178 179.7 192.2 195.6 190.5 191.9 196.2 191.4
165.5 161 155.5 152.9 148.1 144.9 140.2 130.6 128.1 131.4 140.3 151.2 162.2 176.9 188 198.7 203.7 203.7 204.1 204.7 206.9 207 206.8 207.3 205.5 202.9 201.1 203.3 204.4 206.2 211.7 213.9 214.7 215.1 216.4 215.9 215.4 213.2 211.6 207.8 206.7 201.6 199.1 201.4 198.9 197.7 195 192.7 189.2 187.8 186.8 182.1 177.1 172 166.8 158.3 149.1 147.7 155.5 161.9 167.8 172.7 177 180.7 183.6 184.7 187.7 187.7 188.8 182.8 171.2 175.9 184.6 186.6 181.5 184.1 187.5 182.6
150.8 147.2 144.8 143 139.7 137.3 131.7 124.7 124.5 126.8 138 149.4 160.7 173.6 184.5 194.4 201.5 202.1 200.3 202.3 204.9 205 204.2 201.5 197.6 192.4 189.9 192.6 195.4 196.8 201.1 206.5 210.4 211.6 214.5 214 213.5 211.6 207 200.9 195 188.8 186.8 188.6 187.7 185.9 183.5 182.1 180.8 179.9 177.6 171.5 167.3 162.9 158.3 153.4 146.6 142.4 148.4 154.3 160.4 165.3 168 172.8 176.3 174.9 179.7 183 182 177 166.9 168.3 173.5 175.7 172.8 175.6 177.3 173.6
139.1 137.6 136.5 135.1 132.6 130.8 127 117.1 117.1 129 138.5 146.8 158.4 170 180.9 188.9 197 199.6 195 199.3 203.4 202.2 198.4 191.4 188.8 182.9 176.6 181.3 184.1 186.6 188.7 194.7 204.9 208.7 212.4 212.3 211.6 209.4 205.7 193.9 181.9 174.3 171.4 174.7 175.8 174.2 172.3 170.2 168.4 166.3 163.7 161.5 158.8 155.4 151.7 149.7 143.4 138.6 140.8 146.7 152.7 156.8 159 164.2 168.2 165.8 171.7 176.8 175.8 170.2 162.2 160.2 165.8 165.1 164.2 166.3 167.2 164.6
131.2 131.3 130.2 129.3 127.3 125.3 122.8 117.1 117.1 125.6 136.5 143 152.2 163.6 173.8 181.8 187.9 189.1 183.3 187.5 189.7 189.4 184.6 179.3 173 168.7 165.2 166.1 169 168.9 174.9 179.5 190.2 202.1 206.3 210.4 209.8 208.2 206.2 199.6 180 164.1 156.8 160.6 164.9 164.2 160.5 157.5 156.2 154.7 154.2 152.6 150.1 147.4 148.1 146.5 141.6 136.9 134.7 141 144.2 147.2 150 153.9 156.9 159.4 165.9 166.5 165.2 161.2 155.6 153.1 155.2 158 157.6 159.2 159.1 157.8
123.2 123.9 124.3 124.1 122.5 120.4 118.4 117.1 117.1 119.9 129 137.3 145.3 154.2 163.9 171.9 178.7 175.3 165.9 169.4 161.4 175.1 170.7 165.9 159.5 154.8 152.6 152.1 154.2 156.5 158.4 162.4 177.5 190.2 200.4 205.6 207.8 205.9 204.1 198.9 182.2 162.1 149.6 151.2 154.4 153.4 150.7 147.9 145.6 144.7 144.1 143.1 142.1 140.7 140.4 139.9 137.6 134.8 132.7 132.7 136.3 138.9 142.3 146 148.3 152.7 155.8 156.8 155.6 153.1 150.8 147.6 149.2 151.3 153.3 154.9 155.1 153.1
115.4 118.1 120.1 120 119.1 117.3 114.7 112.8 112.9 115.3 121.9 130.1 135 144.3 153.2 159 167 165.3 150.9 160.6 155.3 161.4 156.4 151.1 146.6 142.8 141.3 141.3 142 144.1 147.5 154.2 166.1 178.2 190 200.7 204.8 203.2 200.8 193.4 181.4 167.1 146.7 142.6 144.6 145.3 141.7 138.3 135.2 135.2 134.4 134.6 134.4 133.9 134.3 135.1 133.2 131.4 130.1 128.6 130.5 133.3 136.5 138.8 141.1 143.4 144.7 145.8 145.7 144.2 143.8 143.2 145 147.3 149.4 151.3 151.3 149.4
110.8 113.7 115.9 116.2 114.8 113.4 111.1 109.5 107.6 110.2 114.2 122.2 125.5 134.5 140.1 145.6 152.7 151.2 143.6 152.8 151.1 147.1 142.3 140.7 137.9 134.1 133.6 134.1 134.9 135.6 141.5 148.6 155 167.2 184.9 195 199.5 195.3 189.1 183.6 177.8 170.3 148.6 136.7 135.5 136.4 134.5 132.3 130.2 129 129.1 129.4 129.6 129.9 130 130.2 128.9 127.4 126.2 126.4 127.4 129.6 133 135.6 137.4 138.6 139.7 139.5 139.5 139.6 139.9 139.8 141.4 143.3 145.4 147.6 147.7 145.8
108.4 111.2 112.3 111.8 110.4 109.1 107.7 106.1 105.3 107.5 110 112.5 119 125.7 131.1 134.4 139 137.3 138.1 141.3 144.1 136.7 134.2 133.9 130.2 128.5 127.6 128 128.9 131.1 135.6 143.3 149.5 168.6 183.5 190.7 189.7 183.2 176.9 170.6 165.4 160.9 152.4 139 131.5 129.8 128.1 126.9 125.9 124.7 124.9 125.5 126 126.3 125.2 125.2 124.8 124.1 124.4 124.8 125.3 127.8 130.4 132.4 133.6 134.9 134.9 134.9 135 135.4 135.9 136.4 138 140.1 142.4 144.1 144.1 142.2
106.4 109 109.3 109.2 108 106.7 105.3 103.8 103.1 104.1 105.5 109.6 114 118.9 121.8 127.9 130.7 130.2 129.8 131.4 130.8 129 128.2 127.1 125.2 123.9 123.5 123.9 125.2 128.5 135.2 145.5 155.6 169 176.3 176.6 174.6 170.4 164.9 158.1 153.7 149.4 145 135.2 129.3 125.9 123.7 123.1 121.9 121 121.7 122.3 122.7 122.3 120.8 120.8 121.2 122.2 122.5 122.9 123.9 126.1 128.4 129.6 129.8 131.2 130.3 130.7 131.3 132 132.6 133.2 135.5 137.9 139.7 140.7 140.5 138.8
104.3 106.2 106.8 106.2 105.4 104.3 103 101.6 100.9 101.5 104.1 107.1 110.4 114.4 117 119.1 120.8 121.8 122.9 122.9 123.2 123.9 124.2 123.1 121.4 120.6 120 121 123.4 134.2 142.3 150.9 156.8 160.5 161.5 161.6 158.5 156.2 151.7 146.2 142.3 138.3 134.4 129.7 125.3 122.5 121 119.6 118.9 118.5 118.8 119.5 119.8 118.9 117.9 118.1 118.6 120.3 120.6 121.1 122.5 124.7 126 126.7 126.9 126.9 127 127.5 128.1 128.6 129 129.6 133.1 135.5 137.4 138.2 137.3 136.1
101.1 103.6 104.2 103.7 102.9 102 100.8 99.5 98.9 99.9 102.6 105.9 109.9 111.5 113 114.2 116 117.1 118.2 118.3 119.1 119.6 120.1 119.1 118.1 117.2 116.5 118.1 121.2 129.6 141.5 145.9 147 147.9 148.1 148.1 146.2 143.4 139.2 134.7 133.8 131.7 127.8 124.3 122.1 119.7 118.1 117 116.3 116 116.1 116.7 116.9 116.3 116.2 116.6 117.6 118.2 118.8 119.4 120.8 122 123.2 123.8 123.9 124 124.1 124.7 125.3 126 126.3 128.6 130.9 133.1 134.7 135.6 134.2 132.8
96.7 99.8 101.3 101.1 100.9 100 98.7 97.5 96.8 97.9 100.7 103.4 106.7 107.7 108.9 110 111.6 113 113.8 114.4 115.1 115.7 116.1 115.8 114.9 114 113.4 115.5 119.1 125.5 133.1 136.3 136.9 137.3 137 136.1 134.6 132.2 130.5 128.7 127.5 126.6 123.6 121.4 119.6 117.4 115.9 114.9 113.9 113.6 113.6 113.8 114 114.2 114.8 115.2 116.6 116.9 117.2 117.5 118.4 119.6 120.8 121.2 121 121 121.3 122 122.6 123.3 124.6 126.9 129.1 131.2 132.9 131.8 130.8 129.6
94.4 98.1 99.6 99.4 98.8 97.9 96.7 95.5 95.3 96.1 98.1 101.4 103.1 103.8 104.9 106.6 107.5 109.2 110.3 110.9 112.4 113.8 114.3 113.1 112.2 111.6 111.3 112.3 115.3 118.5 122.2 125.1 125.8 126.1 125.4 124.9 124.6 124.1 124.8 123.7 122.8 121.9 120.5 118.6 116.7 114.9 113.7 112.9 112.1 111.5 111 111.4 111.4 111.9 112.7 114.1 115.5 115.6 115.8 116.1 116.4 117.6 118.7 119.3 119.3 119.2 119.3 120 120.6 121.2 122.7 125 127.2 129.3 129.9 129.1 128.2 127
93.6 95.6 97.1 97.3 96.5 95.6 94.6 93.8 94.3 94.7 95.4 98.3 99.5 100.7 102.4 103.7 104.7 105.7 106.7 108.2 109.6 111.1 111.9 110.5 109.6 109.3 109.1 110.1 110 110.6 113.8 116.3 117.4 118.3 117.9 117.7 118.7 119.9 120.8 120.3 119.5 118.7 117.8 116 114.2 112.8 111.8 111.1 110.3 109.7 109.1 109.3 110.6 111.6 112.7 113.7 114.7 114.7 114.8 114.9 115 115.6 116.6 117.4 117.4 117.4 117.5 118.1 118.7 119.3 121 123.2 125.4 126.4 126.8 126.7 126.1 124.7
93.6 94.9 94.6 94.8 94.3 93.3 92.3 91.9 92.5 93.2 93.9 94.9 96.5 98.2 99.9 100.9 101.9 102.8 104.5 106.2 108 109.3 109.4 108 107.3 106.9 106.6 106.4 106.4 105.4 107 108.8 110.2 111.7 112.2 113.3 114.5 115.7 118 117.4 116.6 115.7 114.7 113.6 112.2 110.8 109.9 109.3 108.5 107.9 107.4 108.5 110.3 111.4 112.5 113.2 113.8 113.8 113.9 113.7 113.2 113.7 114.5 115.4 115.5 115.7 116.7 116.8 117.4 117.9 120 121.3 122.5 123.5 124.2 124 123.9 123.4
92.6 94.2 93.5 92.9 92.3 91.2 90 90 90.4 91.2 92.3 93.2 94.5 95.9 97.2 98 99 100.4 102.7 104.9 106.3 106.4 106.5 106.1 105.3 104.9 104.6 104.3 103.7 103.4 104.8 105.3 106.7 106.4 108.1 109.4 110.5 112.2 114 115.4 114.5 113.4 112.4 111.3 110.1 108.8 107.7 107.3 106.8 106.3 106.2 108.4 110 109.7 110.4 112.3 113 112.9 113 112.2 111.3 111.9 112.6 113.5 113.7 114.9 116.1 116.2 116.2 117.2 117.3 118.4 119.6 121.1 123.6 123.3 123.2 121.4
91.9 92.9 92.4 91.9 91.1 90.1 89.2 88.5 88.7 89.8 90.8 91.8 92.8 94.2 95.3 96.1 96.8 99 101.1 103.5 104.2 104.1 104 103.8 103.3 102.8 102.3 101.7 101.1 101.3 101.7 101.6 101.3 101.1 103.6 105.4 107.2 109.1 111 112.1 111.7 110.8 109.9 108.9 107.8 106.8 106 105.4 105 104.6 105.5 108.2 109.3 108.4 109.3 111.7 111.8 111.8 111.8 110.7 109.6 110.1 110.9 111.7 112.6 113.7 114.8 114.6 114.2 114.4 115 116 117.1 119.2 122.3 122.8 122.1 120.1
91.1 91.7 91.3 90.8 89.9 88.8 88.4 87.9 87.2 88 89.1 90.2 91.2 92.4 93.4 94.4 96.5 99.2 101.1 102.5 103.5 103.3 103 102.6 101.9 100.5 99.8 99.2 98.6 98.3 97.9 97.7 97.9 99.3 101.2 102.6 104.5 106.1 107.1 108.2 108.7 108.1 107.5 107 105.8 104.8 104.2 103.9 103.3 102.7 105.1 108.5 109 107.3 108.1 110.3 110.5 110.7 110.2 109.2 109.3 109.3 109.6 110.5 111.1 111.7 112.5 112.5 112.4 112.8 113.1 114 114.8 118.1 121.2 122.3 120.6 118.3
90.2 90.5 91 89.6 88.4 87.2 86.6 86.2 85.9 86.3 87.4 88.5 89.6 90.8 91.9 93.2 95.8 99.2 100.5 101.3 101.4 100.9 100.3 101.4 101 99.8 99 98.4 97.5 96.5 95.2 94.5 96.6 97.8 99.3 100.1 101.5 103.1 104.6 106 106.8 106.2 105.7 105.2 103.8 102.8 102.3 102.3 101.9 102.3 105.4 107.2 107 104.7 106.9 109 109.2 109.2 109.1 108.2 108 108.3 109.1 109.8 110 110.4 110.2 110.5 110.8 111.1 111.4 112.2 113.8 116.7 118.5 119.4 119 118.3
88.9 89.1 90.3 89 86.9 85.7 84.8 84.5 84.3 84.8 85.9 87.3 88.8 89.8 90.7 92.7 94.9 96.7 97.5 96.2 96.3 98.2 100.3 100.5 100.2 99.3 98.4 97.5 96.7 95.1 93.8 93.2 95.8 97.1 98.2 99.4 100 101.2 102.5 103.6 104.8 104.4 104.1 103.4 101.8 100.7 100.4 100.4 100.2 101.5 102.8 104.1 103 103.9 106.4 108.3 108.7 108.4 108.1 107.3 106.8 107.5 108 108.4 109.1 109.6 108.8 108.5 108.9 109.3 109.8 109.9 112.2 114.5 115.6 116.3 116.5 118.1
87.7 87.8 87.9 87.3 85.4 84.1 83.1 82.7 83 83.9 85.6 86.9 88.2 88.8 89.6 90.5 91.9 92.1 92.5 91.8 94.2 97.3 99.3 99.4 99.3 98.3 96.8 96.8 95.7 93.8 93 92.4 94.6 96.3 97.5 98.5 99 98.9 99.9 101.1 102.6 102.8 102.5 101.6 100 98.7 98.5 98.3 98.8 99.6 100.7 100.9 101.6 104.2 106.3 107.7 107.9 107.5 107.1 106.2 105.7 105.8 106 106.2 106.5 106.7 106.5 106 107 107.7 108.4 108.7 110.6 112.8 112.5 114.2 116.9 119.7
85.9 86 86.1 85 84 82.6 81.3 81.3 81.9 84 86.4 87.4 87.9 88.4 88.8 89.2 88.4 88.5 86.3 88.1 90.2 95.2 97.7 98.3 97.9 97.1 95.1 94.8 94.6 92.9 91.8 91.5 93.5 95.5 96.6 97 96.7 96.7 97.2 99 101.1 101.5 101.1 99.8 98.2 96.7 96.9 97.6 98.3 98.3 98.9 99.6 101.7 104.6 107.3 108.4 108.3 107.8 107 105 104.8 104.8 105 105.2 105.3 105 104.4 104.3 105.5 106.1 106.9 108 109.4 110.9 112.4 115.1 117.9 120.1
84 83.9 84 83.6 82.6 81.4 80 80.1 81.8 84 86.1 86.9 89.1 89.6 89.5 89 87.9 86.7 85.1 87.1 91.4 95.6 96.8 96.9 95.9 94.9 93.8 92.7 91.7 90.8 90.8 90.5 92.2 93.8 94.6 94.9 95.2 94.9 96.5 98.5 100.5 99.4 98.2 97.8 95.7 95.4 96.7 97.2 97.6 97.8 99.6 101.4 103 104.9 109.2 109.3 110.1 108.2 106.3 104.1 103.9 103.8 103.9 104.1 104.1 103.9 104 104 104.2 105.3 106.3 107.5 109.2 111.8 114.3 115.7 117.3 119.4
78.2 80.5 81.7 81.3 81 80 79.5 79.8 81.8 83.8 85.2 86.2 89.7 89.9 89.6 89.1 88.1 87.2 86.6 88.6 91.6 95 95.5 94.5 93.6 92.5 91.4 90.4 89.4 89.1 89.3 89.4 91.1 92.8 92.8 92.9 92.6 95.6 97.2 98.9 98 97.9 97.3 96.5 95 94.6 96.9 97.4 100.3 100.7 101.5 103.2 104.8 107 110 111 111.1 108.6 105.9 103.7 102.9 102.9 102.8 102.3 102 102.6 103 103.2 103.7 104.9 106 108.2 111.4 113.6 114.7 115 116.5 118.4
69.4 71.6 74.1 76.4 78.7 79 78.6 79.2 81 82.9 84.3 85.3 88.9 88.7 88.4 88.4 88.1 87 86.4 88.1 90.4 92.8 92.9 92.2 91.3 90.2 89.1 88 87.5 87.5 87.7 88.6 90.3 91.6 91.2 91 92.7 95.8 97.4 96.7 95.9 96.4 96.5 95.5 94.4 93.4 97.2 99.3 101.9 102.8 103.6 104.8 106.4 109.4 111.5 111 111.1 108.4 105.4 103.6 101.7 101.4 100.3 99.9 100.2 100.9 101.3 101.7 102.7 105.1 107.5 110.1 112.8 114.1 114.4 114.7 115.6 117.6
72.5 71.1 70.2 70.5 70.8 72.6 75.2 78.6 80.2 81.9 83.5 84.2 86.4 86.4 86 86.2 86.1 85.7 86 87.1 88.7 89.4 89.5 89.7 88.9 87.8 86.7 86 85.9 86 86.4 88 89.6 90.3 90.6 91.8 93.9 95.7 95.1 94.5 93.9 95.8 95.5 94.2 93 94.8 99.6 101.2 103.2 104.5 105.7 106.8 108.7 111.8 112.6 111.6 109.9 106.8 105.6 103.7 101.6 99.2 99 98.7 99.1 99.3 99.7 100.6 101.6 104.8 107.8 110.8 113 113.5 114 114.4 114.8 116.2
74.1 74.3 74.7 74.9 73.8 72.2 71.1 71.7 73.4 76.4 79.3 81.9 83.5 83.4 83.6 84.2 84.8 84.6 84.9 85.6 86.5 86.1 87 87.9 87 85.9 84.7 84.3 84.2 84.8 85.8 87.4 88.6 88.1 89.8 92 94.2 94.5 94.4 93.7 93.6 94.2 94.2 93.1 92.9 95.2 99.3 101.9 104.2 105.5 106.9 108.1 109.6 111.6 111.8 111.7 109.5 106.7 106.3 104.6 102.6 100.7 99.2 98.1 98.5 98.9 99.4 100.2 101.3 102.8 106.3 110 111.9 112.8 113.3 113.8 113.8 114.4
