public/OST50/TR06.asc
ncols 200
nrows 200
xllcorner 600000
yllcorner 160000
cellsize 50
[rows 42 to 83 of 200, columns 0 to 93 of 200]
0.3 0.6 0.8 1 1.3 0.9 2.2 2.1 0.9 0.9 0.9 2.4 2.4 2.5 2.5 2.4 0.9 2.3 1.4 2.5 2.5 2.5 2.5 2.5 2.5 2.5 2.5 2.4 2.4 1.8 2.4 2.4 1.3 2.6 2.7 2.7 2.8 2.6 2.4 3 2.4 2.7 2.9 3.1 3.3 3.4 3.6 4.5 4.2 4.3 4.7 4.8 4.9 4.8 4.3 4 4.9 5.8 6.6 6.8 7.3 7.4 7.7 7.7 7.4 6.9 6.4 5.9 5.3 4.4 3.2 2.3 2.8 2.8 2.7 2.7 3.5 2.5 2.6 2.6 2.7 2.8 1.7 1.9 2.2 2.4 2.6 2.4 2.2 1 2.9 3.4 3.6 3.8
0.3 0.6 0.9 1.1 1.4 0.8 1.6 1.8 1.9 1.1 2 2.4 2.4 2.4 2.4 2 2.3 2.4 2.6 2.7 2.5 2.5 2.5 2.5 2.5 2.5 2.5 2.4 2.4 2.5 2.6 2.6 2.3 2.3 3.4 3.4 3.5 3.4 2.5 3.3 0.7 2.8 2.3 3.4 4.2 4.9 5.5 6.1 5.8 5.9 6.1 6.1 5.8 5.4 5.1 5.2 5.9 6.4 6.9 6.6 6.6 6.9 7.3 7.2 6.9 6.3 5.7 5.2 4.5 3.7 3.2 2.9 4.5 5.1 2.3 4.5 2.7 2.1 2.4 2.5 2.6 2.7 1.7 1.7 2.4 2.5 2.5 2.5 1.1 2.9 3.2 3.4 3.5 3.6
0.3 0.6 0.9 1.1 1.4 0.9 0.8 1.7 2.6 2.4 2.4 0.8 2.3 2.2 0.9 2.2 2.2 2.4 2.4 2.6 2.6 2.4 2.5 2.5 2.6 2.5 2.5 2.5 2.5 2.7 2.8 2.5 2.1 2.6 3.6 3.7 3.7 3.5 3.2 2.8 3 4.3 5.1 5.9 6.4 6.9 7.3 7.3 7.6 7.7 7.3 6.8 6.5 6.2 5.8 5.9 6.4 6.6 6.6 6.4 6.1 6.9 7.1 6.7 6.4 5.8 5.2 4.5 3 2.6 2.8 2.5 2.8 2.8 2.2 1.7 2.9 2.4 1.4 2.7 2.7 2.7 1.8 1.7 2.1 2.3 2.4 2.4 4.6 3 3.1 2.9 3.2 3.4
0.3 0.7 1 1.3 1.3 2.1 2.1 2.3 2.6 2.5 2.4 0.8 0.9 1.9 2.2 2.1 2.1 2.3 2.5 2.6 2.5 2.4 2.4 2.4 2.6 2.6 2.5 2.4 2.4 2.8 2.9 2.4 2.3 3 3.6 4 4.4 4.7 5.2 5.5 6.2 7.4 7.7 8.3 8.7 8.7 8.6 8.4 9.4 8.9 8.3 7.7 7.1 6.2 5.9 5.5 5.8 6.1 6.2 5.8 5.8 6.8 6.9 6.7 6.1 5.5 4.9 4 2.6 4.5 6.2 1.6 2.5 2.1 2.3 2.2 1.9 1.4 2.7 2.5 2.6 2.8 1.8 1.7 2.3 1.7 2.4 2.9 2.8 2.8 2.9 2.8 2.6 2.8
1 1 1.3 0.9 2.3 2.5 2.5 2.5 2.4 2.5 2.5 2.6 2.4 2.2 1 2.1 2.2 2.4 2.6 2.5 2.5 2.4 2.5 2.3 2.4 2.5 2.4 2.5 2.8 3.3 3.6 3.7 4 4.9 5.8 6.8 7.9 8.4 8.2 8.9 9.6 10.3 10.7 10.4 10.3 9.8 9.7 9.6 9.8 9.1 8.3 7.5 6.9 6.7 6.5 5.7 5.4 5.7 6 5.2 5.5 6.8 6.9 6.7 6.1 5.6 4.1 2.7 2.7 2.8 2.6 2.6 2.7 2.4 2.4 2.5 1.4 2.7 1.4 1.9 2.5 2.1 1.7 3 2.2 2.5 2.9 2.8 2.7 2.6 2.7 2.6 2.4 2.3
1.6 2 0.8 1.8 2.5 2.4 2.5 2.5 2.4 2.5 2.5 2.6 2.2 2.3 0.8 2.2 2.3 2.5 2.5 2.6 2.4 2.5 2.5 2.4 2.6 2.6 2.6 2.6 3.4 5.1 6.1 6.5 7.6 9 10.4 12 12.9 12.5 11.9 12.2 12.7 12.8 12.4 11.7 11.2 10.8 10.5 10.1 9.4 8.9 8.6 8.2 8.1 7.3 6.6 5.8 5.1 5.4 5.1 5.3 5.5 6.4 6.9 6.9 6.3 5.3 4.3 3.4 2.7 2.7 2.7 1.9 2.4 2.6 2.4 2.4 2.4 2.7 2.3 2.2 2.2 3 2 2.1 3.6 2.9 2.7 2.7 2.6 2.5 2.5 2.4 2.2 2.3
1.7 1.5 2.1 2.3 2.5 2.4 2.4 2.4 2.3 2.4 2.5 2.6 2.1 2 2.2 0.9 2.4 2.5 2.6 2.5 2.5 2.6 2.5 2.6 2.8 2.9 2.9 3.2 5.1 6.7 8.8 12.4 14 15 16.2 17.1 17.3 16.6 15.7 14.9 14.8 14.1 13.3 12.4 11.7 11 10.9 10.7 9.8 9.8 9.7 9.1 8.5 7.7 7 6.2 5.5 5 5.1 5.3 5.5 5.8 6.2 6.8 5.8 4.9 3.9 3.3 2.6 2.7 1.9 1.9 2.5 2.4 2.6 2.3 2.3 2.2 1.4 1.4 2.7 3.3 2.3 3 2.8 2.6 2.5 2.5 2.4 2.4 2.3 2.2 2.3 2.3
1.9 1.8 1.9 1.8 1.8 2.4 2.4 2.3 2.3 2.4 2.5 2.6 2.5 2.2 1.9 2.4 2.6 3 2.6 2.5 2.6 2.7 2.7 2.9 3.1 3.2 3.4 4.7 6.4 9 13 18.5 19.5 19.6 20.3 20.6 20.1 19 17.9 17.2 15.7 14.9 13.9 13.2 12.6 12.1 12.2 12 11.2 10.5 10.2 9.6 8.9 8.1 7.4 6.6 5.7 4.6 4.5 5 5.2 5.8 6.4 6.2 5.4 4.3 3.3 3.7 2.6 2.8 2.8 1.9 2.6 2.6 2.6 2.4 2.4 2.4 3 2.7 2.4 3 3 2.8 2.6 2.4 2.3 2.3 2.3 2.2 2.3 2.3 2.1 1.8
2.6 2.5 2.7 2.3 1.8 1.5 2.4 2.4 2.3 2.4 2.5 2.5 2.5 2.5 2.3 2.4 2.6 2.6 2.5 2.7 2.3 2.6 2.8 3.1 3.4 3.6 4.9 6.3 7.8 11.5 17.1 21.7 23 23.2 23.3 22.8 22 21 20.1 18.6 16.3 15.3 14.9 14.1 13.5 13.4 13.4 13.4 12.4 11.1 10.6 10.1 9.3 8.5 7.7 6.9 5.8 4.8 4 4.5 5.2 6.5 6.3 6 4.9 3.9 2.9 2.6 1.6 2.8 3 3 2.7 2.8 2.8 2.7 2.5 2.5 2.7 2.9 2.7 2.5 2.5 2.9 2.8 2.5 2.3 2.3 2.3 2.3 2.2 1.8 1.5 1.2
2.4 2.3 2.2 2.2 2.1 2.1 2.4 2.6 2.4 2.4 2.6 2.5 2.5 2.5 2.5 2.7 2.7 2.7 2.6 2.3 2.8 2.8 2.8 2.9 3.3 4.4 6.3 7.9 10.8 15.8 20.6 23.8 24.8 25.4 24.7 24.3 23.8 22.5 20.7 18.9 17.1 16.8 15.6 15.9 15.2 14.8 15.1 14.3 13.2 11.8 11.1 10.5 9.6 8.6 8.1 7.5 6.5 5.4 4 3.8 5.4 6.4 6.1 5.1 4.2 3.1 3 2.8 4.8 2.9 3 2.9 2.8 2.8 2.6 3 2 1.6 1.4 1.4 2.1 1.5 3.9 3 2.8 2.5 2.3 2.3 2.3 2 1.7 1.3 0.9 0.6
2.3 2.3 2.2 2.2 2.2 2.3 2.2 2.3 2.3 2.2 2.3 2.5 2.5 2.5 1.2 2.8 2.9 2.9 2.7 2.5 2.7 2.8 2.6 3.2 3.7 5.2 7.2 9.1 14 20 24.2 25.1 25.1 24.8 24.8 25.2 24.4 23.4 21.6 20.1 18.6 17.6 17 17.2 17.3 16.9 16.1 15.1 13.9 12.3 11.3 10.5 9.6 8.6 8.7 8 7.1 5.6 4.2 4 4.5 5.2 5 4.2 3.4 2.8 3.1 3.6 4.2 1.6 2.9 2.8 2.9 2.9 2.8 2.4 3 2.5 2.9 2.5 2.3 2.8 2.8 2.7 2.7 2.5 2.2 2.2 2.1 1.9 1.5 1.1 0.7 0.3
2.3 2.2 2.2 2.2 2.2 2.2 2.2 1.3 1 2.3 2.2 2.6 2.5 2.5 2.7 2.8 2.9 2.9 2.7 2.4 2.4 3.1 3.1 3.1 4 5.7 7.7 11.1 16.6 22.3 25.4 25 24.5 24.4 24.4 24.4 24.7 24.2 22.9 21.4 20.1 19.3 18.6 18.8 18.8 18.1 16.9 15.5 14.3 12.3 10.9 10.1 9.6 9.3 9.2 8.4 7.4 5.8 4.2 3.5 3.4 4 3.9 3.2 3.2 3 2.9 2.4 2.6 2.4 2.7 2.9 2.7 2.4 3.3 2 2.9 2.4 2.9 2.7 1.9 2.6 2.8 2.6 2.4 2.3 2.2 2 1.8 1.6 1.4 1 0.6 0.2
2.3 2.2 2.1 2.2 2.2 2.2 2.3 2.4 2.5 2.4 2.2 1.3 2.6 2.5 2.7 2.7 2.8 2.7 2.5 2.6 2.6 1.8 2.8 3.7 4.6 6.2 8.6 12.1 18.3 23.8 25 24.4 23.6 23.1 23.2 23.8 24.6 24.5 23.5 22.3 21.5 21 20.5 20.5 20.3 19 17.6 16.1 14.6 12.4 11.4 11.1 10.4 10.1 9.5 8.5 7.4 6.1 4.3 3.6 3.7 3.5 3.2 2.9 3.3 3.1 1.9 3.2 2.7 2.7 2.6 2.5 3 2.9 2.1 2.8 2.5 2 2.8 3.4 3.6 3.1 2.8 2.5 2.3 2.1 2 1.8 1.6 1.4 1.2 1 0.5 0.1
2.2 2.2 2.1 2.1 2.2 2.2 2.3 2.5 2.6 2.6 2.5 2.3 2.8 2.7 3.2 2.6 2.6 2.6 2.8 2.9 2.7 3.2 3.2 4.2 5.2 7 9.3 13.4 19.6 23.6 24.2 23.4 22.3 21.6 21.4 22.2 23.6 24 23.8 23.1 22.3 22.1 22.3 22.1 21.3 19.6 17.4 15.6 14.1 12.8 14.1 14.3 10.4 10.5 9.5 8.6 7.5 5.7 4.1 2.5 3.3 3.5 3.4 2.7 3.4 1.9 2.8 2.1 2.8 2.2 2.6 2.7 1.9 3 2.8 2.8 2.5 2.9 3.1 3.2 3.1 2.9 2.6 2.3 2.1 1.9 1.7 1.5 1.4 1.2 1 0.8 0.5 0
2.2 2.1 2.1 2.1 2.1 2.1 2.4 2.5 2.5 2.3 2.7 2.8 2.3 2.3 3.6 2.9 2.6 2.7 3 3 2.7 3.3 3.8 5.4 6.9 8.4 10.9 15.3 20.7 23.7 24.1 23.3 22.1 21.1 20.7 21.2 22.3 23.1 23.7 23.7 23.2 23.1 22.9 22.6 21.8 19.7 17.5 15.4 14 13.3 12.4 11.6 11.4 10.5 9.5 8.5 7.1 5.7 4.1 3.7 3.4 3.4 3.5 2.9 2.7 2.5 2.5 2.4 1.9 2.4 1.9 2.5 2.6 2.6 1.9 2.6 2.5 2.8 2.8 2.8 2.8 2.6 2.4 2.1 1.9 1.7 1.5 1.3 1.1 1 0.8 0.6 0.4 0
2.2 2.1 2.1 2.1 2.1 2.3 2.4 2.6 2.5 2.3 2.4 2.5 2.5 2.5 2.6 3.5 2.5 2.6 2.5 2.6 2.6 3.8 4.7 6.7 9.3 11.6 14.1 18.3 22.7 24.5 24.7 24 22.3 21.2 20.7 20.4 21.4 21.9 22.6 22.9 22.7 23.1 23.1 22.6 21 18.6 16.3 14.4 13.3 12.7 12.5 12 11.3 10.4 9.5 8 6.5 5.2 3.8 3.1 2.8 2.4 3.3 3.3 2.7 2.7 2.6 2.7 2.5 1.9 2.6 2.4 2.4 2.4 2.4 1.9 3.7 2.6 2.6 2.5 2.5 2.3 2.2 1.9 1.7 1.5 1.3 1.1 0.9 0.7 0.5 0.4 0.2 -0.1
2.2 2 2 2 2 2.3 2.5 2.7 2.4 2.2 2.1 3.3 2.7 2.2 2.6 2.7 2 3.9 2.6 2.5 2.5 3.3 6 9.3 13.5 17.3 19.6 22.2 24.7 25.5 25.2 24.7 23 21.7 21.4 20.9 20.4 20.9 21.4 21.4 21.2 21.8 22.3 21.8 19.6 17.3 15.1 13.8 12.8 11.9 12.3 11.8 11.1 10.4 8.9 7.4 5.9 4.5 3.3 3.1 2.9 3.3 3.1 3.1 2.5 2.5 2.6 2.8 2.8 2.8 2.6 2.5 2.5 2.5 2.8 2.7 2.9 2.5 2.4 2.3 2.2 2.1 2 1.7 1.5 1.3 1.1 0.9 0.7 0.5 0.3 0.1 -0.1 -0.2
1.7 2.1 2 1.9 2.2 2.4 2.6 2.6 2.4 2.2 2.4 2.8 2.2 2.2 2.4 2.5 2.4 4 2.8 2.5 2.5 3 6.7 10.5 17.4 21.5 23.5 25 25.7 26 25.6 25.1 23.8 23 22.3 21.8 21 20.2 19.7 19.9 19.9 20.4 21 20.7 18.5 16.3 14.9 13.5 11.9 11.6 11.8 11.5 11 10.2 8.8 6.8 5.3 3.9 3.7 4.1 3.8 3.6 3 3.1 2.9 2.5 2.7 2.7 2.8 2.7 2.6 2.6 2.7 2.7 3 3.2 2.8 2.5 2.3 2.3 2.2 1.9 1.7 1.5 1.3 1.1 0.9 0.7 0.5 0.3 0.1 -0.1 -0.3 -0.5
1.6 2.3 2.2 2.3 2.2 2.2 2.3 2.6 2.3 2.4 2.4 2.3 2.2 2.3 2.4 2.5 2.4 3 2.8 2.7 3.2 4 6.2 10.3 16.5 22.1 24.4 25.5 25.9 26 25.4 24.8 24.4 23.7 23.3 22.4 21.3 20.4 19.5 18.3 18.6 19.2 19.5 19.4 17.6 16.1 14.7 13.3 11.8 11.5 11.5 11.5 11.2 10 8.7 7.2 5.2 3.3 4.1 4.8 4.6 3.8 3 3.2 2.9 2.8 2.7 3 2.9 2.7 2.7 2.7 2 3.1 3.2 3 2.6 2.3 2.3 2.2 2 1.7 1.5 1.3 1.1 0.9 0.7 0.5 0.3 0.1 -0.1 -0.3 -0.5 -0.7
1.7 2.1 2.1 2.3 2.3 2.3 2.2 2.7 2.6 2.9 2.3 2.3 2.3 2.3 2.4 2.6 2.9 2.8 2.9 1.1 3 4 5.8 9.4 14.1 19.5 23.8 25 24.7 25.3 24.9 24.4 24.4 23.9 23.3 22.8 21.7 20.7 18.8 17.6 17.4 18 17.7 17.9 16.9 15.3 13.7 12.1 10.5 11.2 11.3 12.1 11 9.8 8.3 6.3 3.4 4.4 5.3 5.4 4.6 3.9 3.7 3 2.1 2.7 2.7 3.1 2.9 2.9 2.8 2.7 2.8 2.5 3.1 2.7 2.4 2.3 2.2 2 1.8 1.5 1.3 1 0.9 0.7 0.5 0.3 0.1 -0.1 -0.3 -0.5 -0.7 -0.9
1.6 2 2 2.2 2.2 2.2 2 2.5 2.5 2.7 3 2.5 2.5 2.4 2.5 2.5 2.9 2.9 3.3 2.9 3.3 4.3 5.7 7.7 10.9 15.9 20.8 23.7 24.1 24.7 24.5 23.9 23.3 23.5 23.3 23.2 21.9 19.5 18.2 17 16.2 16.4 15.9 16.3 15.2 13.9 12.3 10.7 9.8 10.5 11.2 10.7 10.1 8.8 6.9 4.6 5.5 6.4 6.2 5.7 4.8 3.9 2.2 2.8 2.7 2.5 2.6 3.1 3 2.8 2.8 2.8 2 4 3 2.6 2.3 2.3 2 1.8 1.5 1.3 1.1 0.8 0.6 0.4 0.3 0 -0.2 -0.4 -0.5 -0.7 -0.9 -1.1
2.7 2.5 2.7 2.2 2.2 2.2 2.1 2.4 2.3 2.7 2.9 2.8 2.9 1.5 1.5 2.7 2.8 3.2 3.6 4.1 3.9 5 5.9 7.3 9.3 13.5 18.6 22.8 23.7 24 24.1 23.3 22.3 22.5 22.5 21.6 20.6 19.3 17.9 16.5 15.2 14.4 14.2 14.4 13.2 12.1 10.7 9.3 8.4 8.2 8.1 8.3 8.1 6.9 6.4 6.8 7.1 7.2 6.6 5.8 5.3 4.5 2.5 2.8 2.6 2.7 2.5 2 3.2 2.8 2.8 2.8 3.3 2.9 2.8 2.5 2.3 2.2 1.9 1.6 1.3 1.1 0.9 0.6 0.4 0.2 0 -0.2 -0.4 -0.6 -0.8 -0.9 -1.1 -1.3
3.2 3.1 3 3.1 3.2 3.4 2.2 2.2 2.4 2.6 2.7 2.8 2.8 2.7 2.7 2.9 3.3 4 4 5.5 6.5 7.5 7.4 9.4 13.2 17.4 21.4 23.6 24 24 23.3 22.5 21.7 21.7 21.3 20.9 19.8 18.6 17.5 16.1 14.7 13.6 12.8 12.5 11.2 10.2 10.1 9.9 9.4 9 7.8 7.3 7.2 7.3 8.4 8.2 8.1 7.6 6.9 6.1 5 4.3 4 2.8 2.6 2.8 2.4 3 3.3 3.2 3.1 3.2 3 2.8 2.5 2.3 2.3 2.1 1.7 1.4 1.1 0.9 0.7 0.4 0.2 0 -0.2 -0.4 -0.6 -0.8 -1 -1.2 -1.4 -1.5
2.6 3.3 3.3 2.7 2.8 3 1 2 2.3 2.6 2.7 2.7 2.7 2.5 2.6 2.8 3 4.2 5.6 7.5 9.4 10.3 12.2 14.7 18.5 22 23.6 24.4 24.5 24 23.2 22.3 21.4 20.7 20.3 20 18.8 17.8 16.8 15.7 14.3 13.1 12.3 12.2 11.9 11.6 11.5 11.3 10.9 10.5 9.8 9.6 9.4 9.2 9.2 9 8.5 7.8 7.2 6.3 5 4.2 2.1 3 1.8 3.9 2.9 3.1 2.8 2.8 3.2 4.1 2.8 2.6 2.4 2.3 2.3 2 1.6 1.2 0.9 0.7 0.4 0.2 0 -0.3 -0.5 -0.7 -0.8 -1 -1.2 -1.4 -1.6 -1.8
2.2 2.6 2.7 2.5 2.4 2.9 3.1 4.2 2.6 1.8 2.7 2.7 2.5 2.4 2.6 2.8 3 3.7 7.5 10.1 13.7 16.6 18.5 20 22.8 24.7 24.9 25 25 23.9 22.9 22.1 21.2 20.3 19.2 19.1 18 16.9 15.9 14.9 13.8 12.9 13.1 13.3 13.4 13.2 13 12.7 12.3 12 11.6 11 10.5 10 9.7 9.4 8.5 7.6 6.7 6 5.1 4 2.8 2.8 2.6 3 6.2 1.9 2.5 2.9 3.1 2.9 2.6 2.4 2.3 2.3 2.2 1.8 1.4 1 0.7 0.4 0.2 0 -0.2 -0.5 -0.7 -0.9 -1.1 -1.3 -1.4 -1.8 -1.8 -1.8
1.9 2.1 2.3 2.3 2.3 2.3 2.6 3 3.1 5.6 2.8 2.7 2.4 2.2 2.5 2.7 3 3 6.7 12 16.9 20.8 23.3 24.8 25.5 25.8 25.9 25.8 25 23.8 22.7 22 21.1 20.1 18.7 18.3 17.1 16.2 15.2 14.4 14 13.9 14.1 14.3 14.5 14.2 14 14 13.6 13.2 12.5 11.8 11 10.6 10.3 9.3 8 7 6.1 5.3 4.9 4.2 2.8 2.5 2.5 2.2 2.7 3 1.8 3.2 2.9 2.6 2.4 2.2 2.3 2.3 1.9 1.7 1.3 0.9 0.5 0.2 0 -0.2 -0.5 -0.7 -0.9 -1.1 -1.3 -1.5 -1.8 -1.8 -1.8 -1.8
1.5 1.7 2.1 2.3 2.3 2.3 2.3 3 3.3 3.2 3 5.6 2.8 2.6 2.6 2.7 3.1 2.5 5 11.6 18.4 22.2 24.7 25.8 26.2 26.7 26.5 26 25.1 24.2 22.6 21.6 21 19.8 18.4 17.7 17 16.3 15.5 15.1 15.5 15.2 15 15.3 15.6 14.7 14.7 14.7 14.7 13.6 13.4 12.6 11.7 11.1 10.3 9.2 8.1 6.8 5.5 4.7 4 3.4 2.8 2.4 2.4 2.7 2.7 2.5 1.8 4.4 2.7 2.4 2.3 2.3 2.3 1.9 1.4 1.2 1.1 0.8 0.4 0 -0.3 -0.5 -0.7 -1 -1.1 -1.4 -1.6 -1.8 -1.8 -1.8 -1.8 -1.8
1.1 1.3 1.9 2.3 2.2 2.3 2.9 2.2 3.3 3.4 3.5 3.3 3.2 5.5 2.7 2.8 2.6 2.3 4.4 10.7 17.3 21.4 25.3 24.4 27.6 27.3 25.1 25.9 25 24.1 22.5 21.4 20.8 19.7 18.3 17.8 17.3 16.6 16.3 16.7 16.9 16.6 16.3 16.4 17 16 15.5 15.4 15.4 14.7 14.2 13.3 12.4 11.4 10.3 9.2 8.1 6.9 5.4 3.8 3.5 3.2 2.8 2.7 2.6 2.5 2.7 2.5 3 2.6 2.4 2.3 2.3 2.3 1.9 1.4 0.9 0.7 0.6 0.4 0.2 -0.1 -0.5 -0.8 -1 -1.2 -1.4 -1.8 -1.8 -1.8 -1.8 -1.8 -1.8 -1.8
0.8 0.9 1.6 2.3 2.2 2.8 3 2.9 2.4 2.7 3 3 2.9 3.5 3.3 5.1 2.8 2.5 3.3 9.3 18.3 21.8 25.2 24.4 27.3 26.9 25.9 25.6 24.5 23.6 22.6 21.4 20.5 19.5 18.4 17.7 17.3 17.3 17.9 18.3 18.3 18 17.8 17.5 17.8 17.1 16.4 16.3 16.2 15.5 14.7 13.7 12.7 11.5 10.4 9.3 8 6.3 4.8 4.5 3.7 2.2 2.4 2.7 2.6 2.5 2.6 2.6 2.4 2.3 2.3 2.3 2.3 1.7 1.3 0.9 0.4 0.2 0 -0.1 -0.3 -0.5 -0.7 -1 -1.3 -1.5 -1.8 -1.8 -1.8 -1.8 -1.8 -1.8 -1.8 -1.8
0.4 0.7 1.4 2.1 2.2 2.3 2.9 2.8 2.5 2.6 2.3 2.4 3.1 3.4 3.3 3.3 3.4 4.9 1.7 9.9 17.2 22.1 24.4 24.4 26.9 26.4 26 25.3 24.6 23.7 22.7 21.6 20.6 19.5 18.4 18.2 18.4 18.1 18.8 19.4 19.1 19 18.8 18.7 18.3 17.9 17.5 17.2 16.5 15.8 14.8 13.6 12.5 11.6 10.4 9.1 7.6 6.1 5.2 4.6 4.1 3.2 2.8 2.6 2.5 2.4 1.9 2.4 2.2 2.3 2.3 2.2 1.7 1.1 0.6 0.3 0 -0.5 -0.6 -0.6 -0.7 -0.9 -1.1 -1.3 -1.6 -1.8 -1.8 -1.8 -1.8 -1.8 -1.8 -1.8 -1.8 -1.8
0 0.4 1.1 1.9 2.2 2.3 2.2 2.9 3 3.2 2.8 2.3 3.4 3.3 3.1 3.2 3.3 3.3 3.5 8.7 15.7 22.3 24.4 24.4 26.7 26.3 25.7 25 24.4 23.7 23 22 21 20 19.6 19.4 19.5 19 19.6 19.4 19 18.9 19 18.9 18.7 18.4 18 17.4 16.8 15.5 14.3 13.4 12.3 11.3 10 8.7 7.8 6.7 5.7 4.7 3.7 3.7 5.2 2.4 2.4 1.8 4.9 2.3 2.2 2.3 1.9 1.3 0.8 0.4 -0.1 -0.4 -0.7 -1 -1.2 -1.2 -1.3 -1.4 -1.8 -1.8 -1.8 -1.8 -1.8 -1.8 -1.8 -1.8 -1.8 -1.8 -1.8 -1.8
-0.3 0.2 0.9 1.6 2.2 2.3 2.3 3.1 3.3 3.5 2.5 2.8 3.2 3.4 2.8 3.1 3.2 3.3 3.5 8.3 16.1 23.5 24.4 24.4 26.7 26.3 25.7 25 24.4 23.5 23 22.4 21.3 20.4 19.6 19.8 19.9 20 20.1 19.5 18.9 18.8 18.8 18.8 18.7 18.6 17.9 17.3 16.3 15 13.9 13 12.3 11.4 10.4 9.5 8.7 7.6 6.5 5.5 4.5 4.3 2.9 2.5 1.8 3.9 2 1.9 1.8 1.5 1 0.4 -0.1 -0.5 -0.8 -1.1 -1.8 -1.8 -1.8 -1.8 -1.8 -1.8 -1.8 -1.8 -1.8 -1.8 -1.8 -1.8 -1.8 -1.8 -1.8 -1.8 -1.8 -1.8
-0.7 -0.1 0.7 1.4 2.1 2.7 2.3 2.3 2.3 2.3 2.6 3 3.1 3.2 2.3 3.1 3.3 3.4 3.5 9.4 16.6 23.5 24.4 24.4 26.7 26.4 25.7 25.1 24.1 23.5 23 21.9 21.1 20.7 20.5 20.5 21.5 19.6 20.2 19.5 18.9 18.8 18.7 18.7 16.9 17.9 16.8 15.9 15.1 14.2 13.6 12.9 12.2 12.1 11.1 10.4 9.6 8.4 7.3 6.2 5.2 3.6 2.7 1.8 3.7 1.9 1.3 1 0.8 0.6 0.1 -0.6 -1 -1.8 -1.8 -1.8 -1.8 -1.8 -1.8 -1.8 -1.8 -1.8 -1.8 -1.8 -1.8 -1.8 -1.8 -1.8 -1.8 -1.8 -1.8 -1.8 -1.8 -1.8
-1 -0.3 0.4 1 1.7 2.3 2.3 2.3 2.4 2.3 2.3 2.7 3.4 2.3 2.6 2.8 2.9 2.9 3.3 8.5 17.2 25.8 24.4 24.4 26.6 26.4 25.8 24.8 23.9 23.4 22 20.6 20.3 20.1 19.7 20.7 20.9 20.8 19.2 18.7 18.9 18.7 18.7 18.6 18.1 17.6 15.9 14.8 13.8 13.2 13 12.9 12 12.5 11.8 11.2 10.4 9.3 8.1 7.1 6 4.8 2.7 4.9 1.9 1.3 0.7 0.2 -0.1 -0.3 -0.9 -1.8 -1.8 -1.8 -1.8 -1.8 -1.8 -1.8 -1.8 -1.8 -1.8 -1.8 -1.8 -1.8 -1.8 -1.8 -1.8 -1.8 -1.8 -1.8 -1.8 -1.8 -1.8 -1.8
-1.3 -0.6 -0.4 0.2 0.8 1.7 2.3 2.2 2.3 2.1 2.3 2.3 2.8 2.8 3.2 2.6 2.3 2.6 3.3 4.5 12.5 23.1 27.8 26.6 26.8 26.4 25.8 24.7 23.7 22.1 20.5 19.3 18.5 18.2 18.7 18.6 18.5 18.3 17.2 17.4 18.8 18.6 19.1 18.8 17.9 16.8 14.6 13.2 12.4 12.2 12.4 12.7 12.6 12.7 12.5 11.7 11 10.3 9.2 7.6 6.7 2.6 2.5 2 1.4 0.7 0.1 -0.4 -0.9 -1.8 -1.8 -1.8 -1.8 -1.8 -1.8 -1.8 -1.8 -1.8 -1.8 -1.8 -1.8 -1.8 -1.8 -1.8 -1.8 -1.8 -1.8 -1.8 -1.8 -1.8 -1.8 -1.8 -1.8 -1.8
-1.8 -1.8 -1.8 -0.9 -0.3 0.5 1.4 1.8 1.3 1 1.5 2.2 2.8 3 3.2 2.7 3.3 3.3 3.5 3.3 8.1 16.6 24.8 27.4 26.9 26.4 25.7 24 22.2 20.6 19.1 17.9 16.6 16.4 16.6 16.4 15.7 15.5 15.1 15.8 17.1 18 18.6 18.5 17.4 15.5 13.4 11.7 11.1 11.2 12.2 12.6 12.6 12.4 12.1 11.6 10.8 9.7 8.3 6.5 2.6 2.1 1.7 1.3 0.9 0.2 -0.4 -1 -1.8 -1.8 -1.8 -1.8 -1.8 -1.8 -1.8 -1.8 -1.8 -1.8 -1.8 -1.8 -1.8 -1.8 -1.8 -1.8 -1.8 -1.8 -1.8 -1.8 -1.8 -1.8 -1.8 -1.8 -1.8 -1.8
-1.8 -1.8 -1.8 -1.8 -1.8 -1.8 -0.5 0.2 -0.2 0 0.6 1.3 2.4 3.1 3.2 3.3 3.3 3.5 3.5 3.5 3.4 8 15.6 24.8 26.8 26.1 24.6 22.7 20.7 19.1 17.6 16.4 14.4 14.7 14.5 14.1 13.7 13.2 12.8 14.2 15.4 17.2 18 17.7 16 14 12.2 10.4 9.9 9.9 11 11.3 11.7 11.5 10.5 10.5 10.4 9.1 7.9 2.6 1.8 1.4 1 0.7 0.2 -0.2 -0.9 -1.8 -1.8 -1.8 -1.8 -1.8 -1.8 -1.8 -1.8 -1.8 -1.8 -1.8 -1.8 -1.8 -1.8 -1.8 -1.8 -1.8 -1.8 -1.8 -1.8 -1.8 -1.8 -1.8 -1.8 -1.8 -1.8 -1.8
-1.8 -1.8 -1.8 -1.8 -1.8 -1.8 -1.8 -1.8 -1.8 -1 -0.4 0.2 1 1.9 3.2 3.1 3.3 3.4 3.4 3.5 3.3 3.6 8.8 13.3 16.5 21.1 23.5 21.4 19.4 17.6 16.2 14.7 12.3 12.7 12.3 12 11 11.5 10.9 12.1 14.1 16.1 16.4 16.1 14.5 12.6 10.8 9.1 8.3 8.2 8.7 9 9.6 9.8 8.9 8.5 8.5 7.3 2 1.6 1.2 0.7 0.3 -0.1 -0.4 -0.8 -1.8 -1.8 -1.8 -1.8 -1.8 -1.8 -1.8 -1.8 -1.8 -1.8 -1.8 -1.8 -1.8 -1.8 -1.8 -1.8 -1.8 -1.8 -1.8 -1.8 -1.8 -1.8 -1.8 -1.8 -1.8 -1.8 -1.8 -1.8
-1.8 -1.8 -1.8 -1.8 -1.8 -1.8 -1.8 -1.8 -1.8 -1.8 -1.8 -1.8 -0.5 0.3 1 1.8 3.1 3.2 3.3 3.3 2.9 3.1 2.9 6.3 8.3 12.4 14.4 18.7 17.2 15.6 14.1 12.6 10.8 10.9 10.6 9.9 9 7.9 7.8 9 9.5 9.5 8.6 8.2 8 7.9 6.8 6.7 5.4 5.2 5.1 5.5 6 6.6 4 3.8 2.5 1.9 1.4 0.9 0.5 0.1 -0.4 -0.8 -1.1 -1.8 -1.8 -1.8 -1.8 -1.8 -1.8 -1.8 -1.8 -1.8 -1.8 -1.8 -1.8 -1.8 -1.8 -1.8 -1.8 -1.8 -1.8 -1.8 -1.8 -1.8 -1.8 -1.8 -1.8 -1.8 -1.8 -1.8 -1.8 -1.8
-1.8 -1.8 -1.8 -1.8 -1.8 -1.8 -1.8 -1.8 -1.8 -1.8 -1.8 -1.8 -1.8 -1.8 -0.4 0.3 0.9 1.6 2.9 3.3 2.6 3.1 3 3.3 3.4 5.7 7.7 10.7 13.3 12.9 11.4 9.2 5.6 5.2 6.4 5 4 4.1 5.1 5.1 3.8 3 3.4 3.6 3.5 3.1 3.2 3.4 3.7 3.4 3.2 3.1 3.2 4.1 2.4 2 1.5 1.1 0.7 0.2 -0.2 -0.6 -1.1 -1.8 -1.8 -1.8 -1.8 -1.8 -1.8 -1.8 -1.8 -1.8 -1.8 -1.8 -1.8 -1.8 -1.8 -1.8 -1.8 -1.8 -1.8 -1.8 -1.8 -1.8 -1.8 -1.8 -1.8 -1.8 -1.8 -1.8 -1.8 -1.8 -1.8 -1.8
-1.8 -1.8 -1.8 -1.8 -1.8 -1.8 -1.8 -1.8 -1.8 -1.8 -1.8 -1.8 -1.8 -1.8 -1.8 -1.8 -1.8 -0.1 0.7 1.3 2.1 2.9 2.6 2.4 2.6 2.9 3 3.6 3.4 3.7 4.2 3.9 3.9 3.2 3.5 2.9 3.6 3.4 3.4 3.2 3.1 3 2.9 2.6 2.7 3.3 3.3 3 3 2.8 2.6 2.5 2.4 2.1 1.6 1.1 0.7 0.2 -0.1 -0.5 -0.9 -1.8 -1.8 -1.8 -1.8 -1.8 -1.8 -1.8 -1.8 -1.8 -1.8 -1.8 -1.8 -1.8 -1.8 -1.8 -1.8 -1.8 -1.8 -1.8 -1.8 -1.8 -1.8 -1.8 -1.8 -1.8 -1.8 -1.8 -1.8 -1.8 -1.8 -1.8 -1.8 -1.6
-1.8 -1.8 -1.8 -1.8 -1.8 -1.8 -1.8 -1.8 -1.8 -1.8 -1.8 -1.8 -1.8 -1.8 -1.8 -1.8 -1.8 -1.8 -1.8 -1.8 0.4 1.3 1.9 2.9 2.3 2.6 3 3.1 2.8 3.1 3.3 3.5 3.6 3.5 3.8 2.7 3.8 3.4 3.4 3.1 3.1 3.1 3 2.7 2.7 2.9 3.2 2.7 2.4 2.3 2.2 2.1 1.6 1.1 0.7 0.2 -0.1 -0.6 -1 -1.8 -1.8 -1.8 -1.8 -1.8 -1.8 -1.8 -1.8 -1.8 -1.8 -1.8 -1.8 -1.8 -1.8 -1.8 -1.8 -1.8 -1.8 -1.8 -1.8 -1.8 -1.8 -1.8 -1.8 -1.8 -1.8 -1.8 -1.8 -1.8 -1.8 -1.8 -1.8 -1.8 -1.6 -1.4
