public/OST50/TR06.asc
ncols 200
nrows 200
xllcorner 600000
yllcorner 160000
cellsize 50
[rows 0 to 41 of 200, columns 0 to 93 of 200]
14.7 11.8 12.4 9.9 9.4 9.2 9.3 9.2 9.3 9.8 10.4 11.3 12.7 13.6 13.8 14.1 14.3 14 13.8 14.2 14 13.7 13.4 13.1 12.8 12.5 12 12.6 12.7 12.9 12.6 12.4 12.2 11.9 12 12.1 13 13.8 14.5 15 15.2 15.2 15.2 15 14.8 13.8 12.5 11.4 10.2 8.8 7.7 6.8 6 5.2 4.4 5.2 5.6 6 7.1 7.3 7.9 8.5 8.4 8.2 8.7 10.2 11.8 13.6 15.7 17.4 18.8 19.4 18.6 16.8 16.7 15 13.1 11.6 10.1 8.6 7.8 7.2 6.4 6.1 5.5 3.1 2.1 2 1.8 1.6 1.5 1.3 1.1 1
12.1 10.6 9.2 8.8 8.1 5.9 7.5 8 8.4 9.1 9.7 10.4 11.8 12.5 12.9 13.3 13.8 14.4 14.8 15.1 15.3 15 14.7 14.4 14.1 14.3 14.1 14.4 14.4 14.3 14.1 14.1 13.8 13.4 13.1 13.1 12.9 13.4 13.5 14 14.7 14.9 15 14.8 14.3 13.3 12.3 11.3 10.1 8.7 7.4 6.5 5.7 5 4.2 4.2 4.6 5 5.4 6 6.1 6.2 6.4 6.8 7.3 8.5 9.5 10.7 12.4 13.9 15.4 16.4 17.2 12.9 14.9 14.2 12.5 11.2 9.7 8.2 7.7 7.2 6.7 6.1 5.4 4.8 2.7 2.1 1.9 1.8 1.6 1.5 1.3 1.1
10.5 8.9 7.2 8.6 8.3 4.5 5.9 7.7 7.5 8.7 9.7 10.6 11.3 12.4 12.9 13.6 14.5 15.4 15.7 16.1 16.5 16.4 16.1 15.8 16 16.3 16.6 16.5 16.7 16.7 16.3 15.7 15.4 15 14 13.3 13.1 12.3 12.5 13.4 14.1 14.3 14.6 14.6 14.1 13.2 12.2 11.3 9.9 8.5 7 6.2 5.4 4.6 3.9 2.6 3.9 4.3 4.3 4.4 4.7 4.9 5.2 5.6 6.1 6.5 7.3 8.5 9.6 10.7 12 12.6 11 10.8 11.9 12.1 11.9 10.8 9.3 7.9 7.4 6.8 6.8 6.2 5.6 5 4.5 2.8 2.1 2 1.8 1.6 1.5 1.3
8.7 7.2 6.1 5.8 4.1 3.7 6 7.5 8.1 9.1 10.1 11.1 12 12.7 13.9 15 16 16.9 17 17.2 17.4 17.8 17.6 17.7 17.8 18.6 18.5 18.2 18.4 18.7 18.8 18.5 17.5 16.4 15.1 13.7 12.9 11.9 11.3 12.2 13 13.4 13.8 13.9 13.7 12.9 12 10.7 9.2 7.7 6.5 5.7 5 4.5 4 2.9 3.5 3.5 3.5 3.4 3.5 3.7 4.1 4.6 5.1 5.6 5.7 6.7 7.5 8.1 8.8 9.4 9.9 9.7 10.3 10.5 10.7 9.4 8.2 7.2 6.8 6.2 6.6 6.3 5.7 5 4.4 4.3 2.9 2.1 2 1.8 1.6 1.5
7 6 5.3 4.1 3.6 5.4 6.7 7.7 8.7 9.6 10.6 11.6 12.8 14.1 15.4 16.7 17.7 18.5 18.7 18.8 19 19.1 18.6 19.3 19.6 19.8 19.9 19.9 19.9 20.1 20.1 19.5 18 17 15.9 14.5 13.1 11.9 10.6 11.4 12.5 12.9 13.1 13.1 13 12.1 10.9 9.7 8.4 7.3 6.1 5.1 4.7 4.4 3.9 3.4 2.6 2.7 2.9 3.1 3.1 3.1 3.1 3.7 4.3 4.5 4.7 4.9 5.6 6.4 7.1 7.1 7.2 7.6 8.5 8.5 8.8 7.4 7 6.2 5.9 5.7 6.2 6.4 5.8 5.1 4.6 4.2 3.9 2.9 2.1 1.9 1.8 1.6
5.3 4.7 3.8 3.1 4 5.9 6.5 7.5 8.7 10 11.1 12.2 13.9 15.7 17.6 18.7 19.5 20.1 20.1 19.7 19 18.9 19.3 19.3 19.7 20.3 20.6 20.7 20.6 20.8 21.1 20.3 18.7 17.1 16.2 14.9 13.3 11.7 10.1 9.7 11.1 12.1 12.2 12 11.5 10.6 9.4 8.5 7.8 6.7 5.6 4.8 4.4 4.1 3.7 3.5 2.8 2.5 2.8 2.9 2.7 2.9 2.5 3.1 3.3 3.6 4 4.1 4.3 4.8 5.6 5.8 5.9 6.1 6.7 6.8 6.6 6.1 5.7 5.1 4.8 4.8 5 5.8 6.1 5.7 5.1 4.4 3.5 3.5 2.2 2.1 1.9 1.7
4.9 3.8 2.1 2 4.6 5.4 6 7.1 8.4 10.3 11.6 13.3 15.5 17.8 19.9 20.9 21 21.2 21.1 20.5 20 19.5 19.1 19.3 19.6 20 20.2 20.3 20.6 21.4 21.3 20.1 18.3 17.1 16.2 14.5 12.9 11.3 9.7 8.5 9 10 11 10.6 9.9 9.1 7.9 7.4 6.8 5.9 4.8 4.3 4 3.8 3.4 2.4 2.5 2.1 2.6 2 2.4 2.1 2.3 2.4 2.7 3 3.3 3.4 3.5 3.7 4 4.4 4.8 5 5.1 5.1 5.3 4.8 4.4 4.2 4.1 4.4 4.6 5.4 6.1 5.1 4.6 4.1 3.2 3.4 6.1 2.1 1.9 1.7
4 4.4 4.5 3.1 4.4 4.9 5.5 6.6 7.8 10.1 12.4 14.7 17.3 19.8 21.2 21.6 21.9 22 21.9 21.4 20.7 19.8 19.1 19 19 19.2 19.4 20.3 20.9 21.1 21 19.7 18.1 17.6 15.9 14.2 12.5 10.8 9.2 7.6 7.4 8.1 9.5 9 8.3 7.5 6.7 6.2 5.7 5 4.2 3.8 3.5 3.2 3 2.2 2.2 2.4 2.8 2.6 0.9 2 1.9 1.9 2.1 2.4 2.6 2.7 2.8 2.9 3.1 3.2 3.7 3.9 3.9 3.8 4 3.7 3.4 3.5 3.6 3.4 4.2 5.3 5.8 4.7 4.3 3.9 3.6 3.5 3.6 2.2 2 1.8
3.1 3.4 3.1 3.2 3.3 3.8 4.9 6 7.2 9.5 12.5 15.7 18.4 20.6 20.9 21.3 21.9 21.3 21.5 21.4 20.7 19.2 17.4 15.8 16 16.2 17.1 19.8 20.7 20.7 20 17.8 18.3 17 15.3 13.4 11.5 10.1 8.5 7.1 6.2 6.7 7.1 6.7 6.4 6.1 5.6 5.1 4.6 4.1 3.7 3.3 3.1 2.7 2.9 2.1 2.6 2.7 2.9 2.7 2.1 2 1.9 1.8 1.6 1.7 1.8 2 2.2 2.3 2.5 2.6 2.9 3 3.2 3.2 3.2 3 3 2.9 3.2 2.9 3.7 5 5.6 5 4.4 3.9 2.5 3.2 3.5 2.2 2.1 1.9
3.2 3.1 3 3 3 3.4 4.2 5.4 6.6 9.4 12.7 15.6 18 19.3 19.4 18.9 18.5 17.9 17.8 18.2 17.5 16 14.3 13 12.9 13.1 15.5 17.7 18.7 18.6 17.9 16.4 16.3 15.9 14 12.1 10.3 9.1 7.5 6.2 5.1 5.5 5.9 5.6 5.3 4.9 4.5 4.1 3.7 3.4 3 3.2 2.9 2.6 2.7 2.8 2.7 2.7 2.8 2.1 1.8 2 1.9 1.8 1.7 1.7 1.7 1.9 2 2.2 2.3 2.3 2.4 2.5 2.6 2.6 2.6 2.6 2.5 2.4 2.1 2.6 3.5 4.8 5.5 5.2 4.6 4 3.5 3.3 3.4 6 2.1 2
3.2 3 3 2.9 2.9 3 3.6 4.7 5.9 8.3 10.8 13.4 15.3 16.5 16.5 15.5 15.1 14.6 14.1 14.3 13.4 12.4 10.9 10.5 10 10.8 12.4 14.3 15.4 15.2 14.6 13.5 13.4 13.5 12.7 10.8 9.2 8 6.6 5.3 4.2 4.3 4.8 4.6 4.3 3.7 3.6 3.8 3.3 3 2.6 3.1 3 2.7 3 2.9 2.8 2.5 2.1 2.4 2.6 2.1 2 1.9 1.8 1.8 1.8 1.8 1.9 2.1 2.3 2.2 2.1 2.1 2.3 2.4 2.6 2.3 2.2 2.7 2.6 2.4 3.4 4.7 5.7 5.5 4.9 4.2 3.9 2.5 2.8 3.6 2.2 2.1
3.3 3.1 2.9 2.9 2.9 2.9 2.8 3.8 4.7 6.3 8.4 10.6 11.4 12.6 12.5 12.2 11.7 11.3 10.8 10.5 10 9 8.8 8.5 8.2 8.8 10.2 11.1 11.8 11.8 11.4 10.7 10.9 10.6 10 9 7.5 6.5 5.5 4.6 3.8 3.4 3.7 3.3 3.1 3.3 3.6 3.4 3.2 3 2.8 0.7 0.7 2.9 2.9 3 2.7 1.9 2 2.1 2.4 2.4 2.1 2 1.9 1.9 1.9 2 2 2 2 2.1 2 1.8 2.1 2.6 2.2 1.9 1 1.6 2.6 2.5 3.2 4.5 5.1 4.9 4.4 4 3.5 3.3 3.2 3.4 6.3 2.1
3.5 3.2 2.8 2.8 2.8 2.8 2.9 1.8 3.6 4.8 5.7 7.2 8 8.9 9.1 9.1 8.9 8.7 8.5 8.1 7.5 7.5 7.2 6.8 6.7 7.1 7.9 8.8 9.1 9.1 8.6 8.2 7.9 7.5 6.8 6 5.7 4.4 3.9 3.2 2.8 2.7 3 2.8 2.9 3.1 3.3 3.2 3 2.8 2.5 2.3 2 2.3 0.7 3 1.7 2 2.2 2.2 2.3 2.4 2.5 2.1 2 2 2.1 2.1 2.1 2.1 2.3 2.2 2.2 2.1 2 2.3 2.5 2.5 1 2.5 2.6 2.5 3 4.4 4.8 4.7 4 3.5 3 2.9 3.1 3.2 3.2 2.6
3.3 3.1 2.9 2.8 3 3.2 3.3 3.4 1.5 3.8 4.5 5.1 6.1 7.1 7 7 6.8 6.4 6.2 6 6 6 5.8 5.3 5.2 5.6 6.2 6.2 6.2 6.5 6.2 5.8 5.1 4.4 4.1 3.9 3.8 3.4 2.9 2.9 2.7 2.5 2.6 2.5 2.7 2.9 3 3 2.7 2.5 2.2 2.2 2.2 2.1 1.9 2 1.7 2.4 2.4 2.5 2.5 2.4 2.6 2.7 2.1 2.2 2.2 2.1 2.1 2.3 2.4 2.5 2.5 2.4 2.4 2.1 2.1 2.2 2.4 2.8 2.4 2.4 3 4.2 5 4.9 3.9 3.1 2.7 2.8 3 3.1 3.3 3.6
2.1 3 3.2 2.9 2.8 3 3.2 3.2 2.5 2.5 3.4 3.8 4.5 5 5 4.8 4.7 4.8 4.7 4.6 4.5 4.5 4.3 4.2 4.2 4.2 4.5 4.4 4.2 4.4 4.2 3.9 3.9 3.9 3.4 3.3 3.1 2.9 2.9 2.8 2.7 2.6 2.4 2.2 2.6 2.6 2.7 2.7 2.5 2.2 2.3 2.3 2.2 2.1 2 1.9 2.4 2.7 2.7 2.5 2.4 2.6 2.8 3 2.7 2.2 2.2 2.2 2.3 2.3 0.9 2.6 2.8 2.8 2.7 2.4 2 1.8 2.2 2.7 2.7 2.3 2.7 4.1 4.6 4.6 3.6 2.7 2.6 2.7 2.8 3 3 3.4
2.7 2.8 3.4 3.1 2.7 2.9 3 2.5 2.8 1.8 2.2 2.5 2.8 3 3.3 3.6 3.7 3.6 3.5 3.3 3.3 3.2 3.3 3.2 3.3 3.2 3.2 3.4 3 2.8 2.7 3 3.4 3.3 3.2 3.1 2.9 2.8 2.9 2.8 2.8 2.6 2.4 2.5 2.3 2.3 2.4 2.4 2.3 2.4 2.5 2.4 2.4 2.2 2.3 2.3 2.3 2.8 2.8 2.9 2.8 3 3.3 3.3 2.9 2.5 2.4 2 1.6 1.4 1.6 1.6 2.1 2.1 2.6 2.5 0.7 2.5 2.1 2.5 2.6 2.6 2.7 2.1 3.7 3.7 3.3 2.5 2.5 2.5 2.7 2.8 2.7 2.7
2.6 2.3 3.3 3 2.6 2.8 2.8 3.2 3.5 3.1 2.9 2.8 2.6 2.9 3 2.9 2.8 2.2 2.2 2.3 2.5 2.6 2.7 2.9 2.4 2.7 2.9 3 2.6 2.4 2.7 3 3.3 3 3.1 2.9 2.7 2.7 2.8 2.8 2.7 2.7 2.5 2.7 2.4 2.3 2.3 2.3 2.3 2.4 2.6 2.7 2.4 2.2 2.2 0.7 2.5 3 3 3.1 3.1 3.2 3.6 3.1 2.6 2.2 1.5 1.1 2.1 1.1 1.2 1.1 2.3 1.4 1.4 1.3 1.9 2.6 2.2 2.2 2.4 2.6 2.6 2.9 3.5 3 2.6 2.3 2.3 2.4 2.4 3.1 2.7 2.8
2.2 2.2 2.4 2.8 2.5 2.2 2.3 1.9 2.2 2.3 2.6 2 2.6 2.6 2.4 2.3 2.3 2 2 2 2.2 2.2 2.1 2.2 2.1 2.4 2.8 2.6 2.4 2.3 2.5 2.8 3.1 2.8 2.9 2.7 2.6 2.6 2.7 2.7 2.7 2.7 2.6 1.2 2.6 1.7 2.4 2.3 2.3 2.4 2.7 2.9 2.8 2.4 2.2 2.5 2.7 3.1 3.2 3.2 3.3 3.3 3.1 2.7 1.6 1.8 2.1 2.2 2 0.7 0.5 2 2 2 1.8 1 2.3 2.6 2.6 2.6 2.7 2.6 2.7 2.6 3.2 2.8 2.5 2.2 2.3 2.4 1.1 2.8 2.6 2.5
1.7 2 2.4 2.2 2.2 2.2 2.1 1.9 2.7 2.9 2.7 2.4 2.5 2.5 2.3 2.3 0.9 1.8 1.8 1.7 2.1 1.8 1.6 1.7 1.8 2.1 2.6 2.3 2.2 2.1 2.4 2.7 2.8 2.8 2.8 2.5 2.5 2.5 2.6 2.7 2.6 2.6 2 2.6 2.7 2.7 2.3 2.4 2.4 2.4 2.5 2.8 2.9 2.2 2.3 2.5 3 3.2 3.2 3 2.9 2.9 2.3 1.7 1.1 2.2 0.5 2 2.2 2.4 0.5 1.1 0.5 0.6 2.2 1.1 1.2 2.2 2.2 2.5 2.7 2.8 2.7 2.7 2.9 2.6 2.3 2.8 3.2 2.8 2.5 2.9 2.7 2.8
1.4 2.2 2.2 1.6 2.2 2.1 2 2.1 2.1 2.8 2.5 2.2 2 2.1 1.9 1.7 0.9 0.9 0.8 0.9 1.9 1 1.9 1.9 1.7 1.9 1.6 1.8 1.9 2 2.2 2.4 2.5 2.7 2.6 2.4 2.4 2.4 2.5 2.6 2.6 2.7 2.6 2.5 2.5 2.6 2.7 2.5 2.5 2.5 2.6 2.6 2.7 2.1 2.1 2 2 2.7 2.4 2.5 2.7 2.5 2.1 1.8 2.2 1.8 2 2.2 2.4 2.3 2.4 2.3 0.5 2.6 2.1 2.4 1.9 1.4 1.8 2.3 2.7 2.6 2.6 2.6 2.6 2.4 2.6 3 3.1 2.9 2.7 3 2.9 3.1
2.7 2.2 2.1 2 2.1 2 1.6 2.1 2.3 1.5 2.4 2.2 0.8 0.9 0.8 0.9 1.4 1.6 1.6 1.4 2.4 2.6 2.7 2.7 2.3 2.3 2.2 1.8 1.4 1.8 2 2.4 2.7 2.7 2.7 2.5 2.8 2.7 2.6 2.6 2.7 2.7 2.6 2.5 2.4 2.4 2.5 2.4 2.6 2.6 2.6 2.5 2.2 2.1 2.1 2 2 2.3 2.2 2.3 2.3 2.1 1.8 1.1 0.5 2.1 2.1 2.3 2.3 2.4 2.4 2.5 2.5 2.5 2.3 2.1 1.9 2.1 1.4 2.1 2.5 2.6 2.8 2.7 2.5 2.4 2.8 3.2 3 2.8 2.7 2.9 3 3.1
2.1 2.2 2.1 2 2.2 2.2 2.1 2 2.3 0.8 0.9 0.9 0.9 0.9 0.9 1.6 1.5 2.4 2.2 2.1 2.2 2.6 2.3 2.7 2.7 2.6 2.7 2.6 2 1.4 1.8 2.8 2.8 2.8 2.5 2.4 2.7 2.6 1.6 2.6 2.7 2.7 2.7 2.6 2.4 2.3 2.3 2.4 2.5 2.4 2.2 2.3 2.3 2.2 2.2 2.1 2 2.3 2.3 2.4 2.3 2.2 1.1 2.4 3 2.4 2.3 2.3 2.4 2.4 2.5 2.5 2.6 2.6 3 2.4 2.3 1.8 1.1 2.6 2.5 2.4 2.4 0.8 2.3 2.7 3.1 3.1 3 2.8 2.7 2.3 2.9 3.1
1.1 1.3 1.5 1.9 0.9 2.1 1.9 0.9 0.8 0.8 0.8 0.9 1.3 2.8 2.6 2.6 1.9 2 2.6 2.1 2.3 2.2 2.2 2.5 2.5 2.5 2.6 2.6 2.8 2.3 1.6 2 2.9 2.6 2.3 2.3 2.3 2.4 2.6 2.7 2.8 2.8 2.8 2.7 2.6 2.5 2.4 2.5 2.6 2.4 2.3 2.2 2.3 2.3 2.2 2.2 2.1 2.3 2.3 2.5 2.3 2.4 2.3 2.6 2.4 1.8 2.3 2.3 2.4 2.4 2.5 2.6 2.5 2.2 2.2 2.1 0.5 3.1 2.1 2.3 2.4 2.3 2.3 2.1 2.3 2.7 3 3 2.9 2.8 2.7 2.6 2.9 3.1
1.3 1.5 1.7 1.8 2 1.9 1.3 0.8 0.9 1.7 0.8 1.2 2.4 2.5 2.5 2.5 2.5 2 2 2.2 2.2 2.4 2.2 2.3 2.4 2.4 2.4 2.3 2.6 3.3 2.3 1.5 1.7 1.9 2 2 2.2 2.3 2.5 2.8 2.8 2.8 2.8 2.8 2.8 2.7 2.6 1 2.6 2.3 2.1 2.1 2.2 2.3 2.3 2.3 2.2 2.3 2.4 2.5 1.7 1.5 2.8 2.3 2.2 2.3 2.3 2.4 2.4 2.5 2.5 2.6 2.4 2.1 1.8 2.2 3.2 2.6 2.3 3.6 2.2 2.3 2.4 2 2.4 2.8 2.9 2.8 2.8 2.7 2.7 2.6 2.9 3
1.3 1.5 1.7 1.9 2.1 1.7 0.8 1.2 1.7 1.8 1.5 2.7 2.4 2.4 2.4 2.4 2.5 2.5 2.4 2.3 2.4 2.4 2.4 2.1 2.2 2.1 2.1 2 2.2 2.5 2.2 2 1.8 0.9 1.6 1.9 1.8 2.1 2.6 2.9 2.8 2.8 2.8 2.9 2.7 1.2 2.6 2.6 2.6 2.6 1.9 2 2.1 2.2 2.3 2.4 2.3 2.3 2.5 2.1 1.6 2.4 2.4 2.3 2.6 2.4 1.6 2.4 2.4 2.5 2.6 2.6 2.3 2.3 3 3 3.6 3.2 2.3 2.2 2.9 2.3 0.6 2 2.5 2.8 2.7 2.7 2.6 2.6 2.6 2.6 2.9 2.9
1.8 1.7 1.8 2 2 0.8 1.6 1.6 2.3 2.5 2.3 2.4 2.4 2.4 2.4 2.5 2.5 2.5 2.4 2.4 2.4 2.5 2.4 2.1 2.1 2.3 2.5 2.7 2.8 2.8 2.8 2.9 2.4 1.7 1 1.5 2 2.6 2.9 2.9 2.8 2.8 2.8 2.7 2.7 2.7 2.7 2.8 2.8 2.7 2.4 1.9 2 2.1 2.2 2.3 2.4 2.3 2.2 1.5 1.1 2.8 2.3 2.5 3.9 3.3 0.9 2.7 2.6 2.5 2.5 4 3.1 2.7 2.8 2.8 3.4 3.1 3.1 2.2 2.1 2.2 1.1 2.4 2.6 2.7 2.8 2.8 2.8 2.8 2.8 2.8 1.9 2.8
2.3 2.2 2.1 2 0.9 1.2 1.9 1.8 2.2 2.3 1.5 2.4 2.4 2.4 2.4 2.5 2.5 2.5 2.5 2.4 2.5 2.5 2.3 2 1.9 2.1 2.3 2.5 2.5 2.5 2.4 2.6 2.6 2.2 1.5 1.7 1.7 2.9 3 2.7 2.5 2.7 2.8 1.9 2.9 2.8 2.9 2.8 2.8 2.8 3 2.6 2 2.1 2.2 2.3 2.4 2.3 1.7 1.3 2.1 2.2 3.1 4.3 5.2 4 2.7 3 2.5 3.6 3.2 3.1 2.9 2.6 2.7 2.9 2.8 1.4 2 2.6 2.2 2 1.5 2.3 2.5 2.6 2.6 2.7 2.7 2.8 2.8 2.9 2.9 3
2.4 2.3 2.3 2.2 0.9 1.7 2.3 2.3 2.3 2.2 0.9 2.4 2.4 2.4 2.4 2.5 2.5 2.5 2.5 2.5 2.5 2.3 2.1 1.9 1.8 1.9 2 2.1 2.1 2.2 2.1 2.1 1.6 2.7 2.2 2 1.6 1.6 2.6 2.3 2.4 2.6 2.9 2.8 2.8 2.9 2.8 2.8 2.8 2.8 3 3.1 1.1 2.2 2.1 2.2 2.1 1.9 1.1 1.1 2.8 2.9 5.6 6.7 5.7 4.6 4.4 3.3 3.4 3.2 3.3 3.1 2.9 2.6 2.7 2.7 2.7 2.8 2.5 2.5 2.4 2.2 1.9 2.2 2.4 2.5 2.5 2.5 2.6 2.6 2.8 2.9 3 2.9
2.3 2.4 2.3 0.8 0.9 1.9 2.4 2.3 2.3 2.2 1.6 2.4 2.4 2.4 2.4 2.4 2.4 2.4 2.3 2.4 2.3 2.1 2 1.8 1.7 0.9 2.4 2.4 2.4 2.5 2.5 2.6 2.5 2.4 2.3 2.2 2 1.5 2.1 2.2 2.4 2.8 2.9 2.8 2.7 2.8 2.8 2.8 2.8 2.8 2.9 2.9 2.3 2.5 2.1 1.9 1.6 1.4 2.1 2.5 2.7 4.3 6.1 7 5.8 5 4.2 2.4 3.4 3.1 3.4 3.2 3 2.8 2.9 2.8 2.7 2.8 2.9 2.6 2.4 2.2 2.1 2.3 2.3 2.3 2.4 2.5 2.6 2.7 2.8 2.9 3 2.8
1.9 2.3 2.1 0.8 1.4 2.5 2.5 2.4 2.4 2.3 2.3 2.4 2.3 2.3 2.3 2.3 2.4 2.3 1.5 2.5 2.5 2.6 2.6 2.6 2.5 2.4 2.4 2.3 2.4 2.5 2.5 2.6 2.5 2.4 2.3 2.2 2.3 1.9 0.9 2.2 2.5 2.9 2.8 2.7 2.1 2.8 2.8 2.8 2.8 2.8 2.9 2.5 2.2 2.3 2.5 1.7 1.2 1.1 2.4 2.5 3.1 4.8 6.5 6.9 5.8 5.7 5.3 4.8 2.3 3.1 3.5 3.4 3.1 2.7 2.9 2.5 2.4 2.5 2.8 3 1.4 2.2 2 3.2 2.3 2.3 2.4 2.5 2.6 2.7 2.8 2.9 2.9 3
1.4 2.2 2.1 0.9 2.1 2.4 2.5 2.6 2.6 2.5 2.4 2.4 2.3 2.3 2.3 2.3 2.2 2.2 2.7 2.6 2.4 2.5 2.5 2.5 2.4 2.4 2.3 2.2 2.3 2.4 2.4 2.5 2.5 2.4 2.2 2.3 2.5 2.1 1.7 1.4 2.2 2.9 2.8 2.8 2.8 2.7 2.7 2.8 2.8 2.8 2.8 2.4 2.2 2.1 2.1 2 1.8 2.3 2.6 2.5 3.2 5 6.7 7.3 6.8 6.3 5.8 5.3 4.1 3.3 3.6 2.9 2.8 2.7 2.6 2.3 2.2 2.3 2.3 2.4 1.3 2.1 2 1.9 2.6 2.7 2.6 2.5 2.5 2.7 2.8 2.8 2.7 2.8
0.9 1.6 0.8 1.5 2.7 2.4 2.4 2.5 2.5 2.6 2.7 2.3 2.3 2.4 2.3 2.4 2.4 2.3 2.4 2.4 2.3 2.3 2.5 2.4 2.4 2.3 2.3 2.1 2.2 2.4 2.4 2.4 2.4 2.3 2.2 2.3 2.3 2.5 2 0.9 1.7 1.9 2.3 2.6 2.4 2.2 2.3 2.5 2.6 2.7 2.7 2.4 2.1 1.9 1.9 2.1 1.4 2.6 2.7 2.5 3.2 5 6.9 7.6 7.4 6.9 6.4 5.9 4.9 1.8 3 2.9 2.7 2.6 2.6 2.4 2.4 2.2 2.2 2.2 2.3 2.3 2 2 2.4 2.5 2.7 2.8 2.8 2.7 2.7 2.6 2.6 2.6
0.6 1.8 0.9 2.1 2.4 2.4 2.3 2.4 2.4 2.5 2.4 2.2 2.4 2.3 2.3 2.3 2.7 2.7 0.5 2.2 2.1 2.2 2.4 2.3 2.3 2.3 2.2 2.1 2.1 2.3 2.3 2.4 2.4 2.3 2.4 2.3 2.3 2.3 2.3 1.6 1.6 0.9 2 2.4 2.2 2.1 2.1 2.3 2.4 2.5 2 2 1.7 1.8 2.2 2.2 2.2 2.1 2.6 2.6 3.5 5.4 7.4 8.2 8.2 7.5 7 6.1 5.1 2.9 3 2.9 2.8 2.7 2.1 2.5 2.5 2.4 2.3 2.1 2.2 2.6 1.8 2.1 1.5 2.2 2.3 2.6 2.6 2.4 2.5 2.5 2.5 2.5
1.5 1.1 1.7 2.6 2.4 2.4 2.3 2.3 2.3 2.3 2.4 2.3 2.3 2.1 2.2 2.3 2.5 2.9 1.6 2.2 2.3 2.3 2.3 2.3 2.2 2.2 2.2 2 2 2.2 2.3 2.3 2.4 2.2 2.4 2.3 2.3 2.1 2.1 2 1.6 1.5 0.9 2 2.1 2 2 2.1 2.2 2 1.6 1.7 2 2.5 2 2.2 2.5 2.1 2.5 3.1 5.3 6.6 7.3 8.4 8.4 8 7.4 6.4 5.5 3.9 3.4 2.8 2.7 2.7 2.4 2.6 2.6 2.5 2.4 2.3 2.5 3.2 1.9 1.3 1.9 2.4 2.3 2.5 2.5 2.4 2.4 2.4 2.5 2.5
1.7 0.9 1.5 1.1 2.6 2.2 1.9 1.8 1.7 1.8 1.1 2.3 2.1 2.1 2.2 2.2 2.3 2.7 1.6 2.3 2.2 2.2 2.1 2.1 2.1 2.2 2.2 2 1.9 2.1 2.3 2.1 2.3 2.6 2.3 2.3 2.5 2.7 2.7 2.1 1.9 1.8 0.9 1.8 1.8 1.9 1.9 2 1.4 1.8 1.6 2.1 0.5 2.7 1.9 1.7 2.4 2.5 2.8 4.7 7.1 7.6 8.2 8.6 8.4 8.3 7.6 6.5 5.4 4.4 3.9 2.9 2.9 2.9 2.9 2.5 2.5 2.6 2.6 2.6 1.6 2.9 2.7 2.1 1.2 2.5 2.4 2.7 2.5 2.3 2.3 2.3 2.4 2.4
1.5 2.2 1.3 0.9 2.6 2.4 2.1 2 1.9 1.9 1.9 1.1 1.9 2.1 2.2 2.2 2.2 2.4 2.2 2.3 2.3 2.1 2 1.9 2 2 0.5 1.9 1.9 2 1.7 1.8 1.6 1.8 2.1 2.9 2.9 2.8 2.6 2.6 2.7 2.1 2.2 2.1 1.3 1.7 1.8 1.8 1.9 2 2.7 2.9 2.8 2.6 2.3 1.7 2.3 2.7 2.5 4.7 7.5 7.9 7.9 8.1 8.8 8.5 7.7 6.6 5.5 4.6 1.2 3.2 2.8 2.9 2.9 2.5 2.5 2.5 1.4 2.4 2.5 2.3 2.4 2.3 1.6 2.3 2.6 2.9 2.6 2.2 2.2 2.3 2.3 2.4
1.2 2 0.9 2.3 2.8 2.5 2.3 2.1 2.1 2.1 2.2 2.2 1.8 2 2.2 2.2 2.2 2.1 2.6 1.6 1.8 2 1.8 0.6 2 2.7 2.2 1.7 1.8 2.5 1.7 1.7 1.7 1.8 2.1 3 3.1 3.1 2.5 2.5 2.4 2.5 2.7 2.5 2.2 2.3 2.4 2.6 2.5 2.6 2.9 2.8 2.7 2.6 2.4 2.1 2.2 2.6 1.4 4.2 7.1 8 8 7.9 8.9 8.5 7.9 6.8 6.1 5.1 3.4 2.9 2.7 1.6 2.8 2.6 2.8 3 1.5 2.3 2.7 2 2.1 2 1.9 2.6 2.7 2.5 2.2 2.2 2.4 2.5 2.6 2.7
2 2.1 0.8 1.7 1.1 2.7 2.4 2.3 2.4 2.4 2.5 2.4 2.3 2 2.2 2.2 2.4 2.7 2.5 2.6 2.6 1.6 2 2 2.5 2.7 2.2 2 2.2 2.4 1.9 2 1.9 1.9 2 3 3 3.1 2.6 2.6 2.6 2.5 2.5 2.7 2.8 2.8 2.8 2.7 2.6 2.6 2.9 2.8 2.7 2.5 2.4 2.5 2.3 2.6 2.5 3.8 6.3 8.1 8.1 8.3 9 8.5 8 7.1 6.2 5.2 3.6 3.1 2.6 2.5 2.6 1.4 1.4 1.4 2.4 2.4 2.5 2.7 1.9 1.9 1.8 1.9 2.5 2.3 2.3 2.3 2.4 2.7 2.9 3
1.8 2 2.2 0.8 2.1 2.8 2.6 2.6 2.6 2.5 2.4 2.3 2.3 2.4 2.3 2.2 2.5 2.5 2.5 2.7 2.7 2.6 2.5 2.5 2.6 2.7 2.2 2.3 2.5 2.5 2 2.3 2.2 2.1 2.9 3.1 3.1 3 2.2 2.9 2.7 2.8 2.6 2.8 2.9 2.6 2.7 2.7 2.8 2.7 2.8 2.7 2.6 2.5 2.5 2.6 2.5 2.6 2.3 3.9 6.2 8.1 8.7 9 9 8.4 7.8 7.1 6.3 5.3 4.2 3.2 2.6 2.8 2.8 2.7 2.8 2.3 2.4 2.5 2.6 2.7 2.1 1.9 1.7 2.3 2.4 2.4 2.4 2.5 2.5 2.8 3.1 1.8
1.4 1.5 1.7 1.9 1.3 2.2 2.7 2.6 2.5 2.4 2.3 2.2 2.6 2.4 2.3 2.2 2.2 2.6 1.3 2.7 2.6 2.5 2.5 2.4 2.4 2.6 2.4 2.5 2.5 2.5 2.1 2.4 2.4 2.3 3.2 3.2 3.2 3.1 3.1 1 2.5 2.5 2.6 2.8 3.2 3.2 1.7 2.7 2.8 2.8 2.8 2.7 2.6 2.6 2.5 2.7 2.6 2.6 3.1 4.7 6.3 8.1 8.6 9 8.9 8.3 7.7 7 6.2 5.4 4.4 3 2.9 3.1 3.1 2.9 2.8 1.4 2.4 2.5 2.6 2.7 2 1.7 1.5 2.4 2.5 2.5 2.6 2.6 2.7 2.9 1.5 2.9
0.9 1.1 1.2 1.5 1 1.7 1.7 2.4 2.3 2.2 2.1 2.5 2.5 2.6 2.7 2.4 2.1 1 2.4 2.7 2.6 2.5 2.5 2.5 2.4 2.4 1.6 2.5 2.5 2.4 2.2 2.4 2.4 1 3.1 3.2 3.3 3.1 2.6 2.8 2.4 2.5 2.7 2.9 3.4 3.5 3.4 2.8 2.8 2.8 3 3.1 3 2.8 2.5 3.2 3.5 3.3 4.4 5.6 6.9 8.1 8.3 8.6 8.4 8 7.5 6.9 6.1 5.3 4.2 2.6 3.2 2.8 3 2.1 2.2 2.4 2.5 2.5 2.5 2.6 1.9 1.8 1.6 2.4 2.3 2.4 2.6 2.7 2.8 1.3 2.8 3.5
0.4 0.6 0.9 1.2 1.4 1.5 2.4 2.7 2.3 2.3 2.3 2.4 2.5 2.5 2.5 2.7 2.8 2.8 2.5 2.6 2.5 2.5 2.5 2.5 2.4 2.5 2.4 2.4 2.5 2.3 2.1 2.3 2.5 2.3 2.7 2.9 2.2 2.7 2.9 2.5 2.4 2.6 2.8 3 3.5 3.4 3.4 3.5 3 3 3.2 3.5 3.6 3.7 2.5 3.3 4.1 4.5 5.5 6.7 7.3 7.9 7.9 8.1 8 7.5 7.1 6.6 5.8 5.1 2.5 2.6 3 2.8 2.7 2.9 1.4 2.4 2.5 2.6 2.8 2.9 1.8 1.7 1.1 2.5 2.4 2.2 2.4 2.7 1.3 2.9 3.6 3.7
